# QBopomofo: 教育部重編國語辭典 詞條（freq=1 fallback）
#
# 資料來源：https://github.com/g0v/moedict-data
# 原始字典：教育部《重編國語辭典（修訂本）》
# 原始授權：CC BY-ND 3.0 TW（依教育部解釋，本檔僅取詞條 headword + 注音，不含釋義）
# 萃取方式：tools/extract_moedict.py（與既有 tsi.csv/word.csv/phrases.csv 去重後）
#
# 條目數：89321

㑿,1,ㄓㄠˋ
㓦,1,ㄅㄛˋ
㔩,1,ㄜˋ
㕷,1,ㄆㄚ
㕷,1,ㄆㄧㄚ
㖪,1,ㄩˋ
㘔,1,ㄙㄞ
㘔,1,ㄙㄞˊ
㛂,1,ㄋㄨㄛˇ
㞞,1,ㄙㄨㄥˊ
㟏,1,ㄏㄢ
㥄,1,ㄌㄧㄥˊ
㫃,1,ㄧㄢˇ
㬊,1,ㄏㄨㄢˇ
㭘,1,ㄒㄧㄚˊ
㲪,1,ㄉㄥ
㲯,1,ㄌㄢˊ
㲲,1,ㄉㄧㄝˊ
㵝,1,ㄧˋ
㵞,1,ㄔㄡˊ
㶁,1,ㄍㄨㄛˊ
㶟,1,ㄌㄟˇ
㶟,1,ㄌㄟˊ
㸌,1,ㄏㄨㄛˋ
㸙,1,ㄓㄜ
㹜,1,ㄧㄣˊ
䀇,1,ㄍㄨˇ
䀠,1,ㄐㄩˋ
䀢,1,ㄕㄨㄣˋ
䆿,1,ㄧˋ
䈰,1,ㄕㄠ
䈾,1,ㄕㄠ
䍡,1,ㄌㄨˋ
䍦,1,ㄌㄧˊ
䍪,1,ㄨㄚˋ
䏿,1,ㄑㄧˇ
䖵,1,ㄎㄨㄣ
䘿,1,ㄐㄩㄝˊ
䟫,1,ㄔㄥˊ
䨲,1,ㄋㄡˊ
䫄,1,ㄔㄨㄚˋ
䫏,1,ㄑㄧ
䰀,1,ㄨㄛˇ
䰐,1,ㄌㄢˊ
䰖,1,ㄗㄢˇ
䰖,1,ㄗㄨㄢˇ
䰰,1,ㄖㄨˊ
並,1,ㄅㄤˋ
乣,1,ㄉㄧㄡ
亞,1,ㄧㄚ
亠,1,ㄊㄡˊ
佚,1,ㄉㄧㄝˊ
侗,1,ㄉㄨㄥˋ
侻,1,ㄊㄨㄟˋ
個,1,ㄍㄜˇ
倘,1,ㄔㄤˊ
倭,1,ㄨㄛˇ
偪,1,ㄈㄨˊ
傉,1,ㄋㄨˋ
傌,1,ㄇㄚˇ
僮,1,ㄓㄨㄤˋ
冣,1,ㄗㄨㄟˋ
冫,1,ㄅㄧㄥ
剗,1,ㄔㄢˋ
劁,1,ㄑㄧㄠˋ
劐,1,ㄏㄨㄛ
勑,1,ㄌㄞˋ
勹,1,ㄅㄠ
勺,1,ㄓㄨㄛˊ
匸,1,ㄒㄧˋ
卂,1,ㄒㄩㄣˋ
同,1,ㄊㄨㄥˋ
吡,1,ㄅㄧˇ
吡,1,ㄆㄧˇ
呔,1,ㄊㄞ˙
咇,1,ㄅㄧˇ
咵,1,ㄎㄨㄚˇ
哏,1,ㄏㄣ
哪,1,ㄋㄨㄛˊ
唫,1,ㄧㄣˊ
啪,1,ㄆㄧㄚ
喋,1,ㄓㄚˊ
喌,1,ㄓㄨˋ
喦,1,ㄋㄧㄝˋ
喦,1,ㄐㄧˊ
嗯,1,ㄣ˙
嘑,1,ㄏㄨˋ
嘚,1,ㄉㄜ
噍,1,ㄐㄧㄠ
噍,1,ㄐㄧㄠˋ
嚗,1,ㄅㄛ
嚱,1,ㄒㄧ
圻,1,ㄧㄣˊ
坄,1,ㄧˋ
坶,1,ㄇㄨˇ
垌,1,ㄉㄨㄥˋ
垌,1,ㄊㄨㄥˊ
夊,1,ㄘㄨㄟ
妸,1,ㄜˇ
媮,1,ㄩˊ
它,1,ㄊㄨㄛˊ
尰,1,ㄓㄨㄥˇ
屘,1,ㄇㄢ
巜,1,ㄍㄨㄞˋ
帣,1,ㄐㄩㄢˇ
幅,1,ㄅㄧ
幢,1,ㄓㄨㄤˋ
平,1,ㄆㄧㄢˊ
庬,1,ㄇㄥˇ
廑,1,ㄑㄧㄣˊ
弸,1,ㄆㄥˊ
彉,1,ㄎㄨㄛˋ
彡,1,ㄕㄢ
彴,1,ㄅㄛˊ
怫,1,ㄅㄟˋ
悗,1,ㄇㄣˇ
惛,1,ㄇㄣˋ
愖,1,ㄉㄢ
愣,1,ㄌㄥ
慺,1,ㄌㄩˇ
憪,1,ㄒㄧㄢˋ
懭,1,ㄎㄨㄤˇ
抌,1,ㄉㄢˇ
拍,1,ㄅㄛˊ
拍,1,ㄆㄚ
挲,1,ㄕㄚ˙
捔,1,ㄓㄨㄛˊ
揊,1,ㄅㄧˋ
揖,1,ㄐㄧˊ
搋,1,ㄔㄨㄞ
搫,1,ㄆㄛˊ
摎,1,ㄐㄧㄡ
摘,1,ㄊㄧˋ
摵,1,ㄕㄜˋ
撧,1,ㄐㄩㄝ
攞,1,ㄌㄨㄛ
施,1,ㄧˊ
朓,1,ㄊㄧㄠˇ
杕,1,ㄉㄨㄛˋ
杘,1,ㄔ
柈,1,ㄆㄢˋ
柷,1,ㄔㄨˋ
桯,1,ㄧㄥˊ
梲,1,ㄊㄨㄛ
楅,1,ㄈㄨˊ
標,1,ㄆㄧㄠˇ
橦,1,ㄔㄨㄥ
檽,1,ㄋㄡˋ
歂,1,ㄔㄨㄢˇ
歋,1,ㄧㄝˊ
殹,1,ㄧ
殺,1,ㄕㄚˋ
氬,1,ㄧㄚˇ
浬,1,ㄌㄧˊ
涒,1,ㄐㄩㄣ
涷,1,ㄉㄨㄥˋ
溚,1,ㄉㄚˊ
滺,1,ㄧㄡ
漯,1,ㄌㄨㄛˋ
潀,1,ㄓㄨㄥ
潬,1,ㄊㄢ
澣,1,ㄨㄢˇ
澩,1,ㄒㄧㄠˋ
烕,1,ㄒㄩㄝˋ
焿,1,ㄍㄥ
燉,1,ㄉㄨㄣ
燥,1,ㄙㄠˋ
爁,1,ㄌㄢˇ
犍,1,ㄑㄧㄢˊ
犿,1,ㄈㄢ
猍,1,ㄌㄞˊ
猵,1,ㄆㄧㄢˋ
猼,1,ㄆㄠˊ
獏,1,ㄇㄨˊ
玭,1,ㄆㄧㄢˊ
瓓,1,ㄌㄢˊ
瓟,1,ㄅㄛˊ
瓽,1,ㄉㄤˇ
甔,1,ㄉㄢˋ
甸,1,ㄊㄧㄢˊ
甾,1,ㄗㄞ
痒,1,ㄧㄤˊ
痾,1,ㄎㄜ
瘻,1,ㄌㄡˋ
瘻,1,ㄌㄩˊ
盟,1,ㄇㄥˋ
眯,1,ㄇㄧ
眲,1,ㄋㄜˋ
睄,1,ㄑㄧㄠˊ
瞑,1,ㄇㄧㄢˊ
瞘,1,ㄎㄡ
矕,1,ㄇㄢˊ
矜,1,ㄑㄧㄣˊ
砈,1,ㄜˋ
礴,1,ㄅㄛˊ
禼,1,ㄒㄧㄝˋ
秸,1,ㄐㄧㄝ
箄,1,ㄅㄟ
篣,1,ㄆㄥˊ
篸,1,ㄗㄢ
篸,1,ㄗㄢˋ
篸,1,ㄘㄣ
篽,1,ㄩˋ
簪,1,ㄗㄣ
紑,1,ㄈㄡ
綝,1,ㄌㄧㄣˊ
緫,1,ㄗㄨㄥ
縰,1,ㄕˇ
繆,1,ㄌㄧㄠˊ
繜,1,ㄗㄨㄣˇ
罱,1,ㄌㄢˇ
羥,1,ㄎㄥ
羧,1,ㄙㄨㄛ
翢,1,ㄉㄠˋ
翢,1,ㄓㄡ
耤,1,ㄐㄧㄝˋ
耵,1,ㄉㄧㄥˇ
胕,1,ㄈㄨˊ
胵,1,ㄔ
脟,1,ㄌㄨㄢˇ
脫,1,ㄊㄨㄟˋ
腼,1,ㄇㄧㄢˇ
膦,1,ㄌㄧㄣˊ
膪,1,ㄔㄨㄞˋ
膹,1,ㄈㄟˋ
臷,1,ㄓˋ
舚,1,ㄊㄧㄢˋ
茆,1,ㄇㄠˊ
茇,1,ㄅㄟˋ
茷,1,ㄆㄟˋ
萁,1,ㄐㄧ
萯,1,ㄅㄟˋ
萷,1,ㄕㄠ
萷,1,ㄕㄨㄛˋ
蔘,1,ㄙㄢ
蔪,1,ㄐㄧㄢ
蔪,1,ㄕㄢ
蔫,1,ㄋㄧㄢ
蔽,1,ㄈㄨˊ
薶,1,ㄨㄛ
蝳,1,ㄉㄞˋ
蝹,1,ㄠˇ
螹,1,ㄑㄧㄢˊ
衃,1,ㄈㄡˊ
衩,1,ㄔㄚˇ
褶,1,ㄒㄩㄝˊ
襀,1,ㄐㄧ
襬,1,ㄅㄟ
襾,1,ㄒㄧㄚˋ
覕,1,ㄆㄧㄝ
謈,1,ㄆㄛˋ
謯,1,ㄐㄧㄝ
貏,1,ㄅㄟˋ
貗,1,ㄌㄩˊ
賁,1,ㄈㄣˋ
趠,1,ㄓㄨㄛˊ
趵,1,ㄅㄛ
趷,1,ㄎㄜ
跇,1,ㄔˋ
跕,1,ㄊㄧㄝ
跢,1,ㄉㄨㄛˋ
踖,1,ㄑㄩㄝˋ
踶,1,ㄓˋ
蹔,1,ㄗㄢˋ
轐,1,ㄅㄨˊ
遬,1,ㄙㄨˋ
那,1,ㄋㄚ
郇,1,ㄏㄨㄢˊ
鄳,1,ㄇㄥˇ
鄳,1,ㄇㄧㄥˇ
釃,1,ㄙ
釤,1,ㄕㄢ
鈀,1,ㄅㄚ
鈒,1,ㄙㄜˋ
鈚,1,ㄆㄧ
鉳,1,ㄅㄟˇ
鉷,1,ㄏㄨㄥˊ
鋼,1,ㄍㄤˋ
錒,1,ㄚ
鍑,1,ㄈㄨˊ
鏑,1,ㄉㄧ
鐒,1,ㄌㄠˊ
鐦,1,ㄎㄞ
鐭,1,ㄠˋ
鑲,1,ㄖㄤˊ
鑹,1,ㄘㄨㄢˋ
閬,1,ㄌㄤˊ
阤,1,ㄓˋ
阤,1,ㄧˇ
霸,1,ㄆㄛˋ
鞘,1,ㄕㄠ
鞞,1,ㄅㄟ
鞴,1,ㄅㄟˋ
頄,1,ㄎㄨㄟˊ
頮,1,ㄏㄨㄟˋ
頸,1,ㄍㄥˇ
顢,1,ㄇㄢ
颩,1,ㄉㄧㄡ
颩,1,ㄘㄨㄛ
餜,1,ㄍㄨㄛˇ
馲,1,ㄌㄨㄛˋ
骲,1,ㄅㄛˊ
髟,1,ㄕㄢ
髳,1,ㄇㄥˊ
髿,1,ㄙㄨㄛ
鬌,1,ㄉㄨㄛˋ
魬,1,ㄅㄢˋ
魭,1,ㄨㄢˇ
鮎,1,ㄋㄧㄢˊ
鰵,1,ㄇㄧㄣˇ
麮,1,ㄑㄩˇ
𠁥,1,ㄍㄨㄞˇ
𠂢,1,ㄆㄞˋ
𠑹,1,ㄍㄨˇ
𠦬,1,ㄍㄨㄞ
𠷎,1,ㄔㄡˊ
𠿺,1,ㄗㄤˋ
𢙈,1,ㄑㄧㄣˋ
𣖾,1,ㄅㄟˋ
𣘨,1,ㄜˇ
𣘨,1,ㄜˊ
𣙷,1,ㄇㄤˇ
𣝓,1,ㄧㄢˇ
𣶐,1,ㄆㄠˋ
𤺺,1,ㄉㄢˋ
𥝌,1,ㄐㄧ
𦌊,1,ㄙㄨˋ
𦥑,1,ㄐㄩˊ
𧑗,1,ㄋㄧㄥˊ
𧮫,1,ㄐㄩㄝˊ
𨇯,1,ㄕㄨㄤ
𨝸,1,ㄊㄢˊ
𩱚,1,ㄅㄛˊ
𩱚,1,ㄆㄨ
𪏆,1,ㄊㄨㄣ
凵,1,ㄑㄩ
󺟑,1,ㄎㄞˇ
󺟑,1,ㄎㄞˋ
󺰲,1,ㄙˋ
󺰳,1,ㄨˇ
󺰴,1,ㄌㄧㄡˋ
㑳擾,1,ㄓㄡˋ ㄖㄠˇ
㓦劃,1,ㄅㄛˋ ㄏㄨㄚˋ
㔩葉,1,ㄜˋ ㄧㄝˋ
㕷啦,1,ㄆㄚ ㄌㄚ
㕷噠,1,ㄆㄚ ㄉㄚˊ
㟏岈,1,ㄏㄢ ㄒㄧㄚ
㥄遽,1,ㄌㄧㄥˊ ㄐㄩˋ
㥏墨,1,ㄊㄧㄢˇ ㄇㄛˋ
㩳身,1,ㄙㄨㄥˇ ㄕㄣ
㲯毿,1,ㄌㄢˊ ㄙㄢ
㶁㶁,1,ㄍㄨㄛˊ ㄍㄨㄛˊ
㶟水,1,ㄌㄟˇ ㄕㄨㄟˇ
䀇子,1,ㄍㄨˇ ㄗ˙
䈰箕,1,ㄕㄠ ㄐㄧ
䈾箕,1,ㄕㄠ ㄐㄧ
䍡𦌊,1,ㄌㄨˋ ㄙㄨˋ
䍪羯,1,ㄨㄚˋ ㄐㄧㄝˊ
䒷蔞,1,ㄍㄨㄚ ㄌㄡˊ
䫄外,1,ㄔㄨㄚˋ ㄨㄞˋ
䰀鬌,1,ㄨㄛˇ ㄉㄨㄛˇ
䰐鬖,1,ㄌㄢˊ ㄙㄢ
䰰䰰,1,ㄖㄨˊ ㄖㄨˊ
一丁,1,ㄧ ㄉㄧㄥ
一上,1,ㄧ ㄕㄤˋ
一了,1,ㄧ ㄌㄧㄠˇ
一二,1,ㄧ ㄦˋ
一交,1,ㄧ ㄐㄧㄠ
一令,1,ㄧ ㄌㄧㄥˊ
一令,1,ㄧ ㄌㄧㄥˋ
一剗,1,ㄧ ㄔㄢˋ
一力,1,ㄧ ㄌㄧˋ
一坨,1,ㄧ ㄊㄨㄛˊ
一垛,1,ㄧ ㄉㄨㄛˋ
一塵,1,ㄧ ㄔㄣˊ
一姓,1,ㄧ ㄒㄧㄥˋ
一宿,1,ㄧ ㄙㄨˋ
一射,1,ㄧ ㄕㄜˋ
一就,1,ㄧ ㄐㄧㄡˋ
一廛,1,ㄧ ㄔㄢˊ
一弓,1,ㄧ ㄍㄨㄥ
一弔,1,ㄧ ㄉㄧㄠˋ
一彎,1,ㄧ ㄨㄢ
一彪,1,ㄧ ㄅㄧㄠ
一徑,1,ㄧ ㄐㄧㄥˋ
一從,1,ㄧ ㄘㄨㄥˊ
一德,1,ㄧ ㄉㄜˊ
一忽,1,ㄧ ㄏㄨ
一怔,1,ㄧ ㄌㄥˋ
一性,1,ㄧ ㄒㄧㄥˋ
一息,1,ㄧ ㄒㄧˊ
一應,1,ㄧ ㄧㄥ
一扠,1,ㄧ ㄓㄚˇ
一投,1,ㄧ ㄊㄡˊ
一折,1,ㄧ ㄓㄜˊ
一拋,1,ㄧ ㄆㄠ
一捻,1,ㄧ ㄋㄧㄢˇ
一揆,1,ㄧ ㄎㄨㄟˊ
一搭,1,ㄧ ㄉㄚ
一撇,1,ㄧ ㄆㄧㄝˇ
一操,1,ㄧ ㄘㄠ
一斑,1,ㄧ ㄅㄢ
一昨,1,ㄧ ㄗㄨㄛˊ
一晌,1,ㄧ ㄕㄤˇ
一曲,1,ㄧ ㄑㄩ
一替,1,ㄧ ㄊㄧˋ
一望,1,ㄧ ㄨㄤˋ
一歇,1,ㄧ ㄒㄧㄝ
一汪,1,ㄧ ㄨㄤ
一泓,1,ㄧ ㄏㄨㄥˊ
一湯,1,ㄧ ㄊㄤ
一溜,1,ㄧ ㄌㄧㄡˋ
一漚,1,ㄧ ㄡˋ
一灘,1,ㄧ ㄊㄢ
一炬,1,ㄧ ㄐㄩˋ
一目,1,ㄧ ㄇㄨˋ
一眾,1,ㄧ ㄓㄨㄥˋ
一稔,1,ㄧ ㄖㄣˇ
一積,1,ㄧ ㄐㄧ
一竟,1,ㄧ ㄐㄧㄥˋ
一笏,1,ㄧ ㄏㄨˋ
一答,1,ㄧ ㄉㄚˊ
一箭,1,ㄧ ㄐㄧㄢˋ
一粲,1,ㄧ ㄘㄢˋ
一脈,1,ㄧ ㄇㄞˋ
一臘,1,ㄧ ㄌㄚˋ
一芹,1,ㄧ ㄑㄧㄣˊ
一落,1,ㄧ ㄌㄨㄛˋ
一著,1,ㄧ ㄓㄠ
一著,1,ㄧ ㄓㄨㄛˊ
一葦,1,ㄧ ㄨㄟˇ
一藝,1,ㄧ ㄧˋ
一行,1,ㄧ ㄏㄤˊ
一行,1,ㄧ ㄒㄧㄥˋ
一角,1,ㄧ ㄐㄩㄝˊ
一說,1,ㄧ ㄕㄨㄛ
一謎,1,ㄧ ㄇㄧˊ
一跤,1,ㄧ ㄐㄧㄠ
一蹴,1,ㄧ ㄘㄨˋ
一軌,1,ㄧ ㄍㄨㄟˇ
一轍,1,ㄧ ㄔㄜˋ
一迷,1,ㄧ ㄇㄧˊ
一遞,1,ㄧ ㄉㄧˋ
一間,1,ㄧ ㄐㄧㄢˋ
一陌,1,ㄧ ㄇㄛˋ
一順,1,ㄧ ㄕㄨㄣˋ
一領,1,ㄧ ㄌㄧㄥˇ
一餉,1,ㄧ ㄒㄧㄤˇ
一髮,1,ㄧ ㄈㄚˇ
一鬨,1,ㄧ ㄏㄨㄥˋ
一鶚,1,ㄧ ㄜˋ
丁倒,1,ㄉㄧㄥ ㄉㄠˇ
丁八,1,ㄉㄧㄥ ㄅㄚ
丁匠,1,ㄉㄧㄥ ㄐㄧㄤˋ
丁口,1,ㄉㄧㄥ ㄎㄡˇ
丁單,1,ㄉㄧㄥ ㄉㄢ
丁壩,1,ㄉㄧㄥ ㄅㄚˋ
丁夜,1,ㄉㄧㄥ ㄧㄝˋ
丁女,1,ㄉㄧㄥ ㄋㄩˇ
丁寧,1,ㄉㄧㄥ ㄋㄧㄥˊ
丁差,1,ㄉㄧㄥ ㄔㄞ
丁年,1,ㄉㄧㄥ ㄋㄧㄢˊ
丁彊,1,ㄉㄧㄥ ㄑㄧㄤˊ
丁役,1,ㄉㄧㄥ ㄧˋ
丁東,1,ㄉㄧㄥ ㄉㄨㄥ
丁泠,1,ㄉㄧㄥ ㄌㄧㄥˊ
丁產,1,ㄉㄧㄥ ㄔㄢˇ
丁當,1,ㄉㄧㄥ ㄉㄤˋ
丁祭,1,ㄉㄧㄥ ㄐㄧˋ
丁稅,1,ㄉㄧㄥ ㄕㄨㄟˋ
丁老,1,ㄉㄧㄥ ㄌㄠˇ
丁董,1,ㄉㄧㄥ ㄉㄨㄥˇ
丁賦,1,ㄉㄧㄥ ㄈㄨˋ
丁銀,1,ㄉㄧㄥ ㄧㄣˊ
丁零,1,ㄉㄧㄥ ㄌㄧㄥˊ
丁靈,1,ㄉㄧㄥ ㄌㄧㄥˊ
七佛,1,ㄑㄧ ㄈㄛˊ
七八,1,ㄑㄧ ㄅㄚ
七哀,1,ㄑㄧ ㄞ
七單,1,ㄑㄧ ㄉㄢ
七始,1,ㄑㄧ ㄕˇ
七孔,1,ㄑㄧ ㄎㄨㄥˇ
七廟,1,ㄑㄧ ㄇㄧㄠˋ
七方,1,ㄑㄧ ㄈㄤ
七曜,1,ㄑㄧ ㄧㄠˋ
七煞,1,ㄑㄧ ㄕㄚˋ
七略,1,ㄑㄧ ㄌㄩㄝˋ
七發,1,ㄑㄧ ㄈㄚ
七絲,1,ㄑㄧ ㄙ
七緯,1,ㄑㄧ ㄨㄟˇ
七觀,1,ㄑㄧ ㄍㄨㄢ
七香,1,ㄑㄧ ㄒㄧㄤ
七體,1,ㄑㄧ ㄊㄧˇ
七魄,1,ㄑㄧ ㄆㄛˋ
万俟,1,ㄇㄛˋ ㄑㄧˊ
丈丈,1,ㄓㄤˋ ㄓㄤˋ
丈人,1,ㄓㄤˋ ㄖㄣ˙
丈室,1,ㄓㄤˋ ㄕˋ
三乘,1,ㄙㄢ ㄕㄥˋ
三事,1,ㄙㄢ ㄕˋ
三二,1,ㄙㄢ ㄦˋ
三五,1,ㄙㄢ ㄨˇ
三俎,1,ㄙㄢ ㄗㄨˇ
三倉,1,ㄙㄢ ㄘㄤ
三停,1,ㄙㄢ ㄊㄧㄥˊ
三傳,1,ㄙㄢ ㄓㄨㄢˋ
三僑,1,ㄙㄢ ㄑㄧㄠˊ
三儀,1,ㄙㄢ ㄧˊ
三兩,1,ㄙㄢ ㄌㄧㄤˇ
三六,1,ㄙㄢ ㄌㄧㄡˋ
三典,1,ㄙㄢ ㄉㄧㄢˇ
三冬,1,ㄙㄢ ㄉㄨㄥ
三到,1,ㄙㄢ ㄉㄠˋ
三副,1,ㄙㄢ ㄈㄨˋ
三北,1,ㄙㄢ ㄅㄟˇ
三卿,1,ㄙㄢ ㄑㄧㄥ
三厭,1,ㄙㄢ ㄧㄢˋ
三友,1,ㄙㄢ ㄧㄡˇ
三反,1,ㄙㄢ ㄈㄢˇ
三史,1,ㄙㄢ ㄕˇ
三司,1,ㄙㄢ ㄙ
三命,1,ㄙㄢ ㄇㄧㄥˋ
三垣,1,ㄙㄢ ㄩㄢˊ
三塗,1,ㄙㄢ ㄊㄨˊ
三境,1,ㄙㄢ ㄐㄧㄥˋ
三墳,1,ㄙㄢ ㄈㄣˊ
三夏,1,ㄙㄢ ㄒㄧㄚˋ
三婆,1,ㄙㄢ ㄆㄛˊ
三孤,1,ㄙㄢ ㄍㄨ
三官,1,ㄙㄢ ㄍㄨㄢ
三宮,1,ㄙㄢ ㄍㄨㄥ
三家,1,ㄙㄢ ㄐㄧㄚ
三密,1,ㄙㄢ ㄇㄧˋ
三尸,1,ㄙㄢ ㄕ
三山,1,ㄙㄢ ㄕㄢ
三川,1,ㄙㄢ ㄔㄨㄢ
三巡,1,ㄙㄢ ㄒㄩㄣˊ
三巴,1,ㄙㄢ ㄅㄚ
三幡,1,ㄙㄢ ㄈㄢ
三彭,1,ㄙㄢ ㄆㄥˊ
三徑,1,ㄙㄢ ㄐㄧㄥˋ
三復,1,ㄙㄢˋ ㄈㄨˋ
三德,1,ㄙㄢ ㄉㄜˊ
三恪,1,ㄙㄢ ㄎㄜˋ
三戒,1,ㄙㄢ ㄐㄧㄝˋ
三推,1,ㄙㄢ ㄊㄨㄟ
三揖,1,ㄙㄢ ㄧ
三教,1,ㄙㄢ ㄐㄧㄠˋ
三明,1,ㄙㄢ ㄇㄧㄥˊ
三春,1,ㄙㄢ ㄔㄨㄣ
三晡,1,ㄙㄢ ㄅㄨ
三木,1,ㄙㄢ ㄇㄨˋ
三桓,1,ㄙㄢ ㄏㄨㄢˊ
三楚,1,ㄙㄢ ㄔㄨˇ
三業,1,ㄙㄢ ㄧㄝˋ
三槐,1,ㄙㄢ ㄏㄨㄞˊ
三樂,1,ㄙㄢ ㄌㄜˋ
三樂,1,ㄙㄢ ㄧㄠˋ
三機,1,ㄙㄢ ㄐㄧ
三歎,1,ㄙㄢ ㄊㄢˋ
三正,1,ㄙㄢ ㄓㄥ
三歸,1,ㄙㄢ ㄍㄨㄟ
三毒,1,ㄙㄢ ㄉㄨˊ
三江,1,ㄙㄢ ㄐㄧㄤ
三河,1,ㄙㄢ ㄏㄜˊ
三泉,1,ㄙㄢ ㄑㄩㄢˊ
三海,1,ㄙㄢ ㄏㄞˇ
三消,1,ㄙㄢ ㄒㄧㄠ
三清,1,ㄙㄢ ㄑㄧㄥ
三準,1,ㄙㄢ ㄓㄨㄣˇ
三獻,1,ㄙㄢ ㄒㄧㄢˋ
三玄,1,ㄙㄢ ㄒㄩㄢˊ
三王,1,ㄙㄢ ㄨㄤˊ
三甲,1,ㄙㄢ ㄐㄧㄚˇ
三界,1,ㄙㄢ ㄐㄧㄝˋ
三略,1,ㄙㄢ ㄌㄩㄝˋ
三病,1,ㄙㄢ ㄅㄧㄥˋ
三皈,1,ㄙㄢ ㄍㄨㄟ
三益,1,ㄙㄢ ㄧˋ
三監,1,ㄙㄢ ㄐㄧㄢ
三省,1,ㄙㄢ ㄒㄧㄥˇ
三省,1,ㄙㄢ ㄕㄥˇ
三眠,1,ㄙㄢ ㄇㄧㄢˊ
三神,1,ㄙㄢ ㄕㄣˊ
三秀,1,ㄙㄢ ㄒㄧㄡˋ
三秦,1,ㄙㄢ ㄑㄧㄣˊ
三窟,1,ㄙㄢ ㄎㄨ
三端,1,ㄙㄢ ㄉㄨㄢ
三竿,1,ㄙㄢ ㄍㄢ
三笑,1,ㄙㄢ ㄒㄧㄠˋ
三精,1,ㄙㄢ ㄐㄧㄥ
三絕,1,ㄙㄢ ㄐㄩㄝˊ
三考,1,ㄙㄢ ㄎㄠˇ
三聖,1,ㄙㄢ ㄕㄥˋ
三自,1,ㄙㄢ ㄗˋ
三臺,1,ㄙㄢ ㄊㄞˊ
三舍,1,ㄙㄢ ㄕㄜˋ
三苗,1,ㄙㄢ ㄇㄧㄠˊ
三英,1,ㄙㄢ ㄧㄥ
三茅,1,ㄙㄢ ㄇㄠˊ
三荊,1,ㄙㄢ ㄐㄧㄥ
三落,1,ㄙㄢ ㄌㄨㄛˋ
三藩,1,ㄙㄢ ㄈㄢˊ
三蘇,1,ㄙㄢ ㄙㄨ
三行,1,ㄙㄢ ㄒㄧㄥˋ
三衙,1,ㄙㄢ ㄧㄚˊ
三表,1,ㄙㄢ ㄅㄧㄠˇ
三西,1,ㄙㄢ ㄒㄧ
三親,1,ㄙㄢ ㄑㄧㄣ
三觀,1,ㄙㄢ ㄍㄨㄢ
三變,1,ㄙㄢ ㄅㄧㄢˋ
三讓,1,ㄙㄢ ㄖㄤˋ
三資,1,ㄙㄢ ㄗ
三赦,1,ㄙㄢ ㄕㄜˋ
三身,1,ㄙㄢ ㄕㄣ
三輔,1,ㄙㄢ ㄈㄨˇ
三辟,1,ㄙㄢ ㄆㄧˋ
三辰,1,ㄙㄢ ㄔㄣˊ
三農,1,ㄙㄢ ㄋㄨㄥˊ
三遷,1,ㄙㄢ ㄑㄧㄢ
三酉,1,ㄙㄢ ㄧㄡˇ
三酒,1,ㄙㄢ ㄐㄧㄡˇ
三釜,1,ㄙㄢ ㄈㄨˇ
三鑑,1,ㄙㄢ ㄐㄧㄢˋ
三防,1,ㄙㄢ ㄈㄤˊ
三陰,1,ㄙㄢ ㄧㄣ
三靈,1,ㄙㄢ ㄌㄧㄥˊ
三韓,1,ㄙㄢ ㄏㄢˊ
三餘,1,ㄙㄢ ㄩˊ
三館,1,ㄙㄢ ㄍㄨㄢˇ
三驅,1,ㄙㄢ ㄑㄩ
三黨,1,ㄙㄢ ㄉㄤˇ
三鼓,1,ㄙㄢ ㄍㄨˇ
上丁,1,ㄕㄤˋ ㄉㄧㄥ
上九,1,ㄕㄤˋ ㄐㄧㄡˇ
上仙,1,ㄕㄤˋ ㄒㄧㄢ
上來,1,ㄕㄤˋ ㄌㄞ˙
上僂,1,ㄕㄤˋ ㄌㄡˊ
上公,1,ㄕㄤˋ ㄍㄨㄥ
上分,1,ㄕㄤˋ ㄈㄣ˙
上則,1,ㄕㄤˋ ㄗㄜˊ
上剎,1,ㄕㄤˋ ㄔㄚˋ
上勁,1,ㄕㄤˋ ㄐㄧㄣˋ
上卿,1,ㄕㄤˋ ㄑㄧㄥ
上去,1,ㄕㄤˋ ㄑㄩ˙
上命,1,ㄕㄤˋ ㄇㄧㄥˋ
上壽,1,ㄕㄤˋ ㄕㄡˋ
上套,1,ㄕㄤˋ ㄊㄠˋ
上妝,1,ㄕㄤˋ ㄓㄨㄤ
上家,1,ㄕㄤˋ ㄐㄧㄚ
上宿,1,ㄕㄤˋ ㄙㄨˋ
上尊,1,ㄕㄤˋ ㄗㄨㄣ
上屋,1,ㄕㄤˋ ㄨ
上峰,1,ㄕㄤˋ ㄈㄥ
上巳,1,ㄕㄤˋ ㄙˋ
上席,1,ㄕㄤˋ ㄒㄧˊ
上帳,1,ㄕㄤˋ ㄓㄤˋ
上庠,1,ㄕㄤˋ ㄒㄧㄤˊ
上彩,1,ㄕㄤˋ ㄘㄞˇ
上愚,1,ㄕㄤˋ ㄩˊ
上戶,1,ㄕㄤˋ ㄏㄨˋ
上捐,1,ㄕㄤˋ ㄐㄩㄢ
上晝,1,ㄕㄤˋ ㄓㄡˋ
上會,1,ㄕㄤˋ ㄏㄨㄟˋ
上服,1,ㄕㄤˋ ㄈㄨˊ
上梁,1,ㄕㄤˋ ㄌㄧㄤˊ
上梓,1,ㄕㄤˋ ㄗˇ
上梢,1,ㄕㄤˋ ㄕㄠ
上樁,1,ㄕㄤˋ ㄓㄨㄤ
上樣,1,ㄕㄤˋ ㄧㄤˋ
上檯,1,ㄕㄤˋ ㄊㄞˊ
上江,1,ㄕㄤˋ ㄐㄧㄤ
上活,1,ㄕㄤˋ ㄏㄨㄛˊ
上浣,1,ㄕㄤˋ ㄏㄨㄢˇ
上浮,1,ㄕㄤˋ ㄈㄨˊ
上湯,1,ㄕㄤˋ ㄊㄤ
上灶,1,ㄕㄤˋ ㄗㄠˋ
上焦,1,ㄕㄤˋ ㄐㄧㄠ
上界,1,ㄕㄤˋ ㄐㄧㄝˋ
上畫,1,ㄕㄤˋ ㄏㄨㄚˋ
上皇,1,ㄕㄤˋ ㄏㄨㄤˊ
上祭,1,ㄕㄤˋ ㄐㄧˋ
上稅,1,ㄕㄤˋ ㄕㄨㄟˋ
上紙,1,ㄕㄤˋ ㄓˇ
上綁,1,ㄕㄤˋ ㄅㄤˇ
上聖,1,ㄕㄤˋ ㄕㄥˋ
上聞,1,ㄕㄤˋ ㄨㄣˊ
上腰,1,ㄕㄤˋ ㄧㄠ
上臉,1,ㄕㄤˋ ㄌㄧㄢˇ
上臕,1,ㄕㄤˋ ㄅㄧㄠ
上舍,1,ㄕㄤˋ ㄕㄜˋ
上色,1,ㄕㄤˋ ㄕㄞˇ
上苑,1,ㄕㄤˋ ㄩㄢˋ
上草,1,ㄕㄤˋ ㄘㄠˇ
上落,1,ㄕㄤˋ ㄌㄨㄛˋ
上蓋,1,ㄕㄤˋ ㄍㄞˋ
上行,1,ㄕㄤˋ ㄏㄤˊ
上表,1,ㄕㄤˋ ㄅㄧㄠˇ
上覆,1,ㄕㄤˋ ㄈㄨˋ
上詳,1,ㄕㄤˋ ㄒㄧㄤˊ
上謁,1,ㄕㄤˋ ㄧㄝˋ
上貨,1,ㄕㄤˋ ㄏㄨㄛˋ
上足,1,ㄕㄤˋ ㄗㄨˊ
上輩,1,ㄕㄤˋ ㄅㄟˋ
上邊,1,ㄕㄤˋ ㄅㄧㄢ˙
上都,1,ㄕㄤˋ ㄉㄨ
上醫,1,ㄕㄤˋ ㄧ
上閂,1,ㄕㄤˋ ㄕㄨㄢ
上面,1,ㄕㄤˋ ㄇㄧㄢ˙
上鞋,1,ㄕㄤˋ ㄒㄧㄝˊ
上鬟,1,ㄕㄤˋ ㄏㄨㄢˊ
下世,1,ㄒㄧㄚˋ ㄕˋ
下九,1,ㄒㄧㄚˋ ㄐㄧㄡˇ
下交,1,ㄒㄧㄚˋ ㄐㄧㄠ
下伏,1,ㄒㄧㄚˋ ㄈㄨˊ
下作,1,ㄒㄧㄚˋ ㄗㄨㄛ˙
下來,1,ㄒㄧㄚˋ ㄌㄞ˙
下停,1,ㄒㄧㄚˋ ㄊㄧㄥˊ
下僚,1,ㄒㄧㄚˋ ㄌㄧㄠˊ
下利,1,ㄒㄧㄚˋ ㄌㄧˋ
下剩,1,ㄒㄧㄚˋ ㄕㄥˋ
下劑,1,ㄒㄧㄚˋ ㄐㄧˋ
下劣,1,ㄒㄧㄚˋ ㄌㄧㄝˋ
下勁,1,ㄒㄧㄚˋ ㄐㄧㄣˋ
下去,1,ㄒㄧㄚˋ ㄑㄩ˙
下吏,1,ㄒㄧㄚˋ ㄌㄧˋ
下咽,1,ㄒㄧㄚˋ ㄧㄢˋ
下哨,1,ㄒㄧㄚˋ ㄕㄠˋ
下國,1,ㄒㄧㄚˋ ㄍㄨㄛˊ
下場,1,ㄒㄧㄚˋ ㄔㄤ˙
下塵,1,ㄒㄧㄚˋ ㄔㄣˊ
下壽,1,ㄒㄧㄚˋ ㄕㄡˋ
下夜,1,ㄒㄧㄚˋ ㄧㄝˋ
下妻,1,ㄒㄧㄚˋ ㄑㄧ
下妾,1,ㄒㄧㄚˋ ㄑㄧㄝˋ
下存,1,ㄒㄧㄚˋ ㄘㄨㄣˊ
下室,1,ㄒㄧㄚˋ ㄕˋ
下家,1,ㄒㄧㄚˋ ㄐㄧㄚ
下崽,1,ㄒㄧㄚˋ ㄗㄞˇ
下巴,1,ㄒㄧㄚˋ ㄅㄚ˙
下席,1,ㄒㄧㄚˋ ㄒㄧˊ
下帷,1,ㄒㄧㄚˋ ㄨㄟˊ
下幣,1,ㄒㄧㄚˋ ㄅㄧˋ
下平,1,ㄒㄧㄚˋ ㄆㄧㄥˊ
下店,1,ㄒㄧㄚˋ ㄉㄧㄢˋ
下彩,1,ㄒㄧㄚˋ ㄘㄞˇ
下得,1,ㄒㄧㄚˋ ㄉㄜ˙
下心,1,ㄒㄧㄚˋ ㄒㄧㄣ
下意,1,ㄒㄧㄚˋ ㄧˋ
下截,1,ㄒㄧㄚˋ ㄐㄧㄝˊ
下戶,1,ㄒㄧㄚˋ ㄏㄨˋ
下才,1,ㄒㄧㄚˋ ㄘㄞˊ
下操,1,ㄒㄧㄚˋ ㄘㄠ
下斷,1,ㄒㄧㄚˋ ㄉㄨㄢˋ
下旨,1,ㄒㄧㄚˋ ㄓˇ
下晚,1,ㄒㄧㄚˋ ㄨㄢˇ
下晝,1,ㄒㄧㄚˋ ㄓㄡˋ
下書,1,ㄒㄧㄚˋ ㄕㄨ
下服,1,ㄒㄧㄚˋ ㄈㄨˊ
下梢,1,ㄒㄧㄚˋ ㄕㄠ
下椗,1,ㄒㄧㄚˋ ㄉㄧㄥˋ
下欠,1,ㄒㄧㄚˋ ㄑㄧㄢˋ
下武,1,ㄒㄧㄚˋ ㄨˇ
下民,1,ㄒㄧㄚˋ ㄇㄧㄣˊ
下水,1,ㄒㄧㄚˋ ㄕㄨㄟ˙
下泉,1,ㄒㄧㄚˋ ㄑㄩㄢˊ
下浣,1,ㄒㄧㄚˋ ㄏㄨㄢˇ
下浮,1,ㄒㄧㄚˋ ㄈㄨˊ
下消,1,ㄒㄧㄚˋ ㄒㄧㄠ
下澣,1,ㄒㄧㄚˋ ㄏㄨㄢˇ
下澤,1,ㄒㄧㄚˋ ㄗㄜˊ
下火,1,ㄒㄧㄚˋ ㄏㄨㄛˇ
下焦,1,ㄒㄧㄚˋ ㄐㄧㄠ
下狀,1,ㄒㄧㄚˋ ㄓㄨㄤˋ
下狠,1,ㄒㄧㄚˋ ㄏㄣˇ
下番,1,ㄒㄧㄚˋ ㄈㄢ
下的,1,ㄒㄧㄚˋ ㄉㄜ˙
下皮,1,ㄒㄧㄚˋ ㄆㄧˊ
下石,1,ㄒㄧㄚˋ ㄕˊ
下碇,1,ㄒㄧㄚˋ ㄉㄧㄥˋ
下磐,1,ㄒㄧㄚˋ ㄆㄢˊ
下神,1,ㄒㄧㄚˋ ㄕㄣˊ
下程,1,ㄒㄧㄚˋ ㄔㄥˊ
下節,1,ㄒㄧㄚˋ ㄐㄧㄝˊ
下紅,1,ㄒㄧㄚˋ ㄏㄨㄥˊ
下腰,1,ㄒㄧㄚˋ ㄧㄠ
下臣,1,ㄒㄧㄚˋ ㄔㄣˊ
下茶,1,ㄒㄧㄚˋ ㄔㄚˊ
下處,1,ㄒㄧㄚˋ ㄔㄨ˙
下裝,1,ㄒㄧㄚˋ ㄓㄨㄤ
下裡,1,ㄒㄧㄚˋ ㄌㄧˇ
下語,1,ㄒㄧㄚˋ ㄩˇ
下貧,1,ㄒㄧㄚˋ ㄆㄧㄣˊ
下足,1,ㄒㄧㄚˋ ㄗㄨˊ
下路,1,ㄒㄧㄚˋ ㄌㄨˋ
下邑,1,ㄒㄧㄚˋ ㄧˋ
下都,1,ㄒㄧㄚˋ ㄉㄨ
下鄰,1,ㄒㄧㄚˋ ㄌㄧㄣˊ
下采,1,ㄒㄧㄚˋ ㄘㄞˇ
下里,1,ㄒㄧㄚˋ ㄌㄧˇ
下陳,1,ㄒㄧㄚˋ ㄔㄣˊ
下隸,1,ㄒㄧㄚˋ ㄌㄧˋ
下頦,1,ㄒㄧㄚˋ ㄏㄞˊ
下頭,1,ㄒㄧㄚˋ ㄊㄡ˙
下顧,1,ㄒㄧㄚˋ ㄍㄨˋ
下黷,1,ㄒㄧㄚˋ ㄉㄨˊ
不上,1,ㄅㄨˋ ㄕㄤˋ
不下,1,ㄅㄨˋ ㄒㄧㄚˋ
不世,1,ㄅㄨˋ ㄕˋ
不中,1,ㄅㄨˋ ㄓㄨㄥ
不中,1,ㄅㄨˋ ㄓㄨㄥˋ
不乖,1,ㄅㄨˋ ㄍㄨㄞ
不亂,1,ㄅㄨˋ ㄌㄨㄢˋ
不事,1,ㄅㄨˋ ㄕˋ
不二,1,ㄅㄨˋ ㄦˋ
不亦,1,ㄅㄨˋ ㄧˋ
不亭,1,ㄅㄨˋ ㄊㄧㄥˊ
不亮,1,ㄅㄨˋ ㄌㄧㄤˋ
不什,1,ㄅㄨˋ ㄕㄜˊ
不仕,1,ㄅㄨˋ ㄕˋ
不令,1,ㄅㄨˋ ㄌㄧㄥˋ
不任,1,ㄅㄨˋ ㄖㄣˋ
不伏,1,ㄅㄨˋ ㄈㄨˊ
不似,1,ㄅㄨˋ ㄙˋ
不但,1,ㄅㄨˋ ㄉㄢˋ
不住,1,ㄅㄨˋ ㄓㄨˋ
不佑,1,ㄅㄨˋ ㄧㄡˋ
不作,1,ㄅㄨˋ ㄗㄨㄛˋ
不佞,1,ㄅㄨˋ ㄋㄧㄥˋ
不侈,1,ㄅㄨˋ ㄔˇ
不供,1,ㄅㄨˋ ㄍㄨㄥˋ
不便,1,ㄅㄨˋ ㄅㄧㄢˋ
不保,1,ㄅㄨˋ ㄅㄠˇ
不信,1,ㄅㄨˋ ㄒㄧㄣˋ
不候,1,ㄅㄨˋ ㄏㄡˋ
不借,1,ㄅㄨˋ ㄐㄧㄝˋ
不倦,1,ㄅㄨˋ ㄐㄩㄢˋ
不倫,1,ㄅㄨˋ ㄌㄨㄣˊ
不假,1,ㄅㄨˋ ㄐㄧㄚˇ
不偶,1,ㄅㄨˋ ㄡˇ
不備,1,ㄅㄨˋ ㄅㄟˋ
不傳,1,ㄅㄨˋ ㄔㄨㄢˊ
不像,1,ㄅㄨˋ ㄒㄧㄤˋ
不允,1,ㄅㄨˋ ㄩㄣˇ
不入,1,ㄅㄨˋ ㄖㄨˋ
不具,1,ㄅㄨˋ ㄐㄩˋ
不再,1,ㄅㄨˋ ㄗㄞˋ
不凋,1,ㄅㄨˋ ㄉㄧㄠ
不分,1,ㄅㄨˋ ㄈㄣˋ
不刊,1,ㄅㄨˋ ㄎㄢ
不利,1,ㄅㄨˋ ㄌㄧˋ
不到,1,ㄅㄨˋ ㄉㄠˋ
不則,1,ㄅㄨˋ ㄗㄜˊ
不剌,1,ㄅㄨˋ ㄌㄚˋ
不力,1,ㄅㄨˋ ㄌㄧˋ
不勝,1,ㄅㄨˋ ㄕㄥˋ
不勞,1,ㄅㄨˋ ㄌㄠˊ
不勻,1,ㄅㄨˋ ㄩㄣˊ
不勾,1,ㄅㄨˋ ㄍㄡˋ
不匡,1,ㄅㄨˋ ㄎㄨㄤ
不匱,1,ㄅㄨˋ ㄎㄨㄟˋ
不協,1,ㄅㄨˋ ㄒㄧㄝˊ
不厭,1,ㄅㄨˋ ㄧㄢˋ
不去,1,ㄅㄨˋ ㄑㄩˋ
不反,1,ㄅㄨˋ ㄈㄢˇ
不取,1,ㄅㄨˋ ㄑㄩˇ
不受,1,ㄅㄨˋ ㄕㄡˋ
不古,1,ㄅㄨˋ ㄍㄨˇ
不叫,1,ㄅㄨˋ ㄐㄧㄠˋ
不吉,1,ㄅㄨˋ ㄐㄧˊ
不吝,1,ㄅㄨˋ ㄌㄧㄣˋ
不問,1,ㄅㄨˋ ㄨㄣˋ
不啻,1,ㄅㄨˋ ㄔˋ
不善,1,ㄅㄨˋ ㄕㄢˋ
不喜,1,ㄅㄨˋ ㄒㄧˇ
不器,1,ㄅㄨˋ ㄑㄧˋ
不因,1,ㄅㄨˋ ㄧㄣ
不固,1,ㄅㄨˋ ㄍㄨˋ
不在,1,ㄅㄨˋ ㄗㄞˋ
不堅,1,ㄅㄨˋ ㄐㄧㄢ
不墜,1,ㄅㄨˋ ㄓㄨㄟˋ
不外,1,ㄅㄨˋ ㄨㄞˋ
不夜,1,ㄅㄨˋ ㄧㄝˋ
不夠,1,ㄅㄨˋ ㄍㄡˋ
不大,1,ㄅㄨˋ ㄉㄚˋ
不夷,1,ㄅㄨˋ ㄧˊ
不奈,1,ㄅㄨˋ ㄋㄞˋ
不好,1,ㄅㄨˋ ㄏㄠˋ
不妙,1,ㄅㄨˋ ㄇㄧㄠˋ
不嫌,1,ㄅㄨˋ ㄒㄧㄢˊ
不嬴,1,ㄅㄨˋ ㄧㄥˊ
不孕,1,ㄅㄨˋ ㄩㄣˋ
不字,1,ㄅㄨˋ ㄗˋ
不存,1,ㄅㄨˋ ㄘㄨㄣˊ
不孝,1,ㄅㄨˋ ㄒㄧㄠˋ
不定,1,ㄅㄨˋ ㄉㄧㄥˋ
不宣,1,ㄅㄨˋ ㄒㄩㄢ
不密,1,ㄅㄨˋ ㄇㄧˋ
不寐,1,ㄅㄨˋ ㄇㄟˋ
不審,1,ㄅㄨˋ ㄕㄣˇ
不專,1,ㄅㄨˋ ㄓㄨㄢ
不對,1,ㄅㄨˋ ㄉㄨㄟˋ
不尚,1,ㄅㄨˋ ㄕㄤˋ
不就,1,ㄅㄨˋ ㄐㄧㄡˋ
不居,1,ㄅㄨˋ ㄐㄩ
不屑,1,ㄅㄨˋ ㄒㄧㄝˋ
不展,1,ㄅㄨˋ ㄓㄢˇ
不屬,1,ㄅㄨˋ ㄕㄨˇ
不師,1,ㄅㄨˋ ㄕ
不干,1,ㄅㄨˋ ㄍㄢ
不幸,1,ㄅㄨˋ ㄒㄧㄥˋ
不幹,1,ㄅㄨˋ ㄍㄢˋ
不度,1,ㄅㄨˋ ㄉㄨˋ
不庭,1,ㄅㄨˋ ㄊㄧㄥˊ
不廢,1,ㄅㄨˋ ㄈㄟˋ
不弔,1,ㄅㄨˋ ㄉㄧㄠˋ
不弟,1,ㄅㄨˋ ㄊㄧˋ
不弱,1,ㄅㄨˋ ㄖㄨㄛˋ
不強,1,ㄅㄨˋ ㄑㄧㄤˊ
不彀,1,ㄅㄨˋ ㄍㄡˋ
不形,1,ㄅㄨˋ ㄒㄧㄥˊ
不彩,1,ㄅㄨˋ ㄘㄞˇ
不待,1,ㄅㄨˋ ㄉㄞˋ
不律,1,ㄅㄨˋ ㄌㄩˋ
不復,1,ㄅㄨˋ ㄈㄨˋ
不德,1,ㄅㄨˋ ㄉㄜˊ
不必,1,ㄅㄨˋ ㄅㄧˋ
不忒,1,ㄅㄨˋ ㄊㄜˋ
不忠,1,ㄅㄨˋ ㄓㄨㄥ
不快,1,ㄅㄨˋ ㄎㄨㄞˋ
不忿,1,ㄅㄨˋ ㄈㄣˋ
不怕,1,ㄅㄨˋ ㄆㄚˋ
不思,1,ㄅㄨˋ ㄙ
不怡,1,ㄅㄨˋ ㄧˊ
不怨,1,ㄅㄨˋ ㄩㄢˋ
不恤,1,ㄅㄨˋ ㄒㄩˋ
不恨,1,ㄅㄨˋ ㄏㄣˋ
不恭,1,ㄅㄨˋ ㄍㄨㄥ
不悅,1,ㄅㄨˋ ㄩㄝˋ
不悔,1,ㄅㄨˋ ㄏㄨㄟˇ
不悟,1,ㄅㄨˋ ㄨˋ
不患,1,ㄅㄨˋ ㄏㄨㄢˋ
不悶,1,ㄅㄨˋ ㄇㄣˋ
不情,1,ㄅㄨˋ ㄑㄧㄥˊ
不惑,1,ㄅㄨˋ ㄏㄨㄛˋ
不惠,1,ㄅㄨˋ ㄏㄨㄟˋ
不愆,1,ㄅㄨˋ ㄑㄧㄢ
不意,1,ㄅㄨˋ ㄧˋ
不慎,1,ㄅㄨˋ ㄕㄣˋ
不慕,1,ㄅㄨˋ ㄇㄨˋ
不慣,1,ㄅㄨˋ ㄍㄨㄢˋ
不慧,1,ㄅㄨˋ ㄏㄨㄟˋ
不憂,1,ㄅㄨˋ ㄧㄡ
不憚,1,ㄅㄨˋ ㄉㄢˋ
不憤,1,ㄅㄨˋ ㄈㄣˋ
不懈,1,ㄅㄨˋ ㄒㄧㄝˋ
不應,1,ㄅㄨˋ ㄧㄥˋ
不懌,1,ㄅㄨˋ ㄧˋ
不戒,1,ㄅㄨˋ ㄐㄧㄝˋ
不招,1,ㄅㄨˋ ㄓㄠ
不振,1,ㄅㄨˋ ㄓㄣˋ
不捨,1,ㄅㄨˋ ㄕㄜˇ
不採,1,ㄅㄨˋ ㄘㄞˇ
不接,1,ㄅㄨˋ ㄐㄧㄝ
不揀,1,ㄅㄨˋ ㄐㄧㄢˇ
不揚,1,ㄅㄨˋ ㄧㄤˊ
不揣,1,ㄅㄨˋ ㄔㄨㄞˇ
不摔,1,ㄅㄨˋ ㄕㄨㄞ
不撓,1,ㄅㄨˋ ㄋㄠˊ
不擅,1,ㄅㄨˋ ㄕㄢˋ
不擬,1,ㄅㄨˋ ㄋㄧˇ
不擾,1,ㄅㄨˋ ㄖㄠˇ
不效,1,ㄅㄨˋ ㄒㄧㄠˋ
不整,1,ㄅㄨˋ ㄓㄥˇ
不數,1,ㄅㄨˋ ㄕㄨˇ
不料,1,ㄅㄨˋ ㄌㄧㄠˋ
不斷,1,ㄅㄨˋ ㄉㄨㄢˋ
不方,1,ㄅㄨˋ ㄈㄤ
不日,1,ㄅㄨˋ ㄖˋ
不昌,1,ㄅㄨˋ ㄔㄤ
不易,1,ㄅㄨˋ ㄧˋ
不是,1,ㄅㄨˋ ㄕˋ
不是,1,ㄅㄨˋ ㄕ˙
不智,1,ㄅㄨˋ ㄓˋ
不暢,1,ㄅㄨˋ ㄔㄤˋ
不書,1,ㄅㄨˋ ㄕㄨ
不有,1,ㄅㄨˋ ㄧㄡˇ
不朝,1,ㄅㄨˋ ㄔㄠˊ
不棄,1,ㄅㄨˋ ㄑㄧˋ
不極,1,ㄅㄨˋ ㄐㄧˊ
不樂,1,ㄅㄨˋ ㄌㄜˋ
不次,1,ㄅㄨˋ ㄘˋ
不歇,1,ㄅㄨˋ ㄒㄧㄝ
不正,1,ㄅㄨˋ ㄓㄥˋ
不歸,1,ㄅㄨˋ ㄍㄨㄟ
不殊,1,ㄅㄨˋ ㄕㄨ
不殫,1,ㄅㄨˋ ㄉㄢ
不殺,1,ㄅㄨˋ ㄕㄞˋ
不決,1,ㄅㄨˋ ㄐㄩㄝˊ
不治,1,ㄅㄨˋ ㄓˋ
不沾,1,ㄅㄨˋ ㄓㄢ
不泯,1,ㄅㄨˋ ㄇㄧㄣˇ
不流,1,ㄅㄨˋ ㄌㄧㄡˊ
不浮,1,ㄅㄨˋ ㄈㄨˊ
不淫,1,ㄅㄨˋ ㄧㄣˊ
不深,1,ㄅㄨˋ ㄕㄣ
不減,1,ㄅㄨˋ ㄐㄧㄢˇ
不測,1,ㄅㄨˋ ㄘㄜˋ
不滅,1,ㄅㄨˋ ㄇㄧㄝˋ
不滯,1,ㄅㄨˋ ㄓˋ
不漸,1,ㄅㄨˋ ㄐㄧㄢˋ
不潤,1,ㄅㄨˋ ㄖㄨㄣˋ
不濟,1,ㄅㄨˋ ㄐㄧˋ
不為,1,ㄅㄨˋ ㄨㄟˋ
不熟,1,ㄅㄨˋ ㄕㄨˊ
不營,1,ㄅㄨˋ ㄧㄥˊ
不爾,1,ㄅㄨˋ ㄦˇ
不牢,1,ㄅㄨˋ ㄌㄠˊ
不特,1,ㄅㄨˋ ㄊㄜˋ
不犯,1,ㄅㄨˋ ㄈㄢˋ
不猶,1,ㄅㄨˋ ㄧㄡˊ
不獲,1,ㄅㄨˋ ㄏㄨㄛˋ
不甚,1,ㄅㄨˋ ㄕㄣˋ
不用,1,ㄅㄨˋ ㄩㄥˋ
不異,1,ㄅㄨˋ ㄧˋ
不當,1,ㄅㄨˋ ㄉㄤ
不當,1,ㄅㄨˋ ㄉㄤˋ
不疑,1,ㄅㄨˋ ㄧˊ
不的,1,ㄅㄨˋ ㄉㄧˊ
不盈,1,ㄅㄨˋ ㄧㄥˊ
不盡,1,ㄅㄨˋ ㄐㄧㄣˋ
不直,1,ㄅㄨˋ ㄓˊ
不省,1,ㄅㄨˋ ㄒㄧㄥˇ
不睦,1,ㄅㄨˋ ㄇㄨˋ
不睹,1,ㄅㄨˋ ㄉㄨˇ
不瞑,1,ㄅㄨˋ ㄇㄧㄥˊ
不矜,1,ㄅㄨˋ ㄐㄧㄣ
不確,1,ㄅㄨˋ ㄑㄩㄝˋ
不祀,1,ㄅㄨˋ ㄙˋ
不祧,1,ㄅㄨˋ ㄊㄧㄠ
不祿,1,ㄅㄨˋ ㄌㄨˋ
不禮,1,ㄅㄨˋ ㄌㄧˇ
不稱,1,ㄅㄨˋ ㄔㄥ
不稱,1,ㄅㄨˋ ㄔㄥˋ
不穀,1,ㄅㄨˋ ㄍㄨˇ
不究,1,ㄅㄨˋ ㄐㄧㄡˋ
不空,1,ㄅㄨˋ ㄎㄨㄥ
不立,1,ㄅㄨˋ ㄌㄧˋ
不竭,1,ㄅㄨˋ ㄐㄧㄝˊ
不端,1,ㄅㄨˋ ㄉㄨㄢ
不競,1,ㄅㄨˋ ㄐㄧㄥˋ
不第,1,ㄅㄨˋ ㄉㄧˋ
不算,1,ㄅㄨˋ ㄙㄨㄢˋ
不索,1,ㄅㄨˋ ㄙㄨㄛˇ
不終,1,ㄅㄨˋ ㄓㄨㄥ
不給,1,ㄅㄨˋ ㄐㄧˇ
不緊,1,ㄅㄨˋ ㄐㄧㄣˇ
不繆,1,ㄅㄨˋ ㄇㄧㄡˋ
不繼,1,ㄅㄨˋ ㄐㄧˋ
不置,1,ㄅㄨˋ ㄓˋ
不罰,1,ㄅㄨˋ ㄈㄚˊ
不美,1,ㄅㄨˋ ㄇㄟˇ
不群,1,ㄅㄨˋ ㄑㄩㄣˊ
不義,1,ㄅㄨˋ ㄧˋ
不習,1,ㄅㄨˋ ㄒㄧˊ
不翦,1,ㄅㄨˋ ㄐㄧㄢˇ
不聊,1,ㄅㄨˋ ㄌㄧㄠˊ
不職,1,ㄅㄨˋ ㄓˊ
不肖,1,ㄅㄨˋ ㄒㄧㄠˋ
不脩,1,ㄅㄨˋ ㄒㄧㄡ
不腆,1,ㄅㄨˋ ㄊㄧㄢˇ
不臊,1,ㄅㄨˋ ㄙㄠˋ
不臣,1,ㄅㄨˋ ㄔㄣˊ
不臧,1,ㄅㄨˋ ㄗㄤ
不致,1,ㄅㄨˋ ㄓˋ
不臻,1,ㄅㄨˋ ㄓㄣ
不苟,1,ㄅㄨˋ ㄍㄡˇ
不若,1,ㄅㄨˋ ㄖㄨㄛˋ
不落,1,ㄅㄨˋ ㄌㄨㄛˋ
不著,1,ㄅㄨˋ ㄓㄨㄛˊ
不處,1,ㄅㄨˋ ㄔㄨˇ
不虧,1,ㄅㄨˋ ㄎㄨㄟ
不表,1,ㄅㄨˋ ㄅㄧㄠˇ
不衰,1,ㄅㄨˋ ㄕㄨㄞ
不衷,1,ㄅㄨˋ ㄓㄨㄥ
不要,1,ㄅㄨˋ ㄧㄠˋ
不見,1,ㄅㄨˋ ㄐㄧㄢˋ
不觚,1,ㄅㄨˋ ㄍㄨ
不計,1,ㄅㄨˋ ㄐㄧˋ
不訾,1,ㄅㄨˋ ㄗ
不訾,1,ㄅㄨˋ ㄗˇ
不認,1,ㄅㄨˋ ㄖㄣˋ
不語,1,ㄅㄨˋ ㄩˇ
不誣,1,ㄅㄨˋ ㄨˊ
不論,1,ㄅㄨˋ ㄌㄨㄣˋ
不諧,1,ㄅㄨˋ ㄒㄧㄝˊ
不諱,1,ㄅㄨˋ ㄏㄨㄟˋ
不諳,1,ㄅㄨˋ ㄢ
不謀,1,ㄅㄨˋ ㄇㄡˊ
不謂,1,ㄅㄨˋ ㄨㄟˋ
不識,1,ㄅㄨˋ ㄕˋ
不變,1,ㄅㄨˋ ㄅㄧㄢˋ
不讓,1,ㄅㄨˋ ㄖㄤˋ
不豫,1,ㄅㄨˋ ㄩˋ
不負,1,ㄅㄨˋ ㄈㄨˋ
不貳,1,ㄅㄨˋ ㄦˋ
不費,1,ㄅㄨˋ ㄈㄟˋ
不賴,1,ㄅㄨˋ ㄌㄞˋ
不贅,1,ㄅㄨˋ ㄓㄨㄟˋ
不赴,1,ㄅㄨˋ ㄈㄨˋ
不趣,1,ㄅㄨˋ ㄑㄩˋ
不輟,1,ㄅㄨˋ ㄔㄨㄛˋ
不輯,1,ㄅㄨˋ ㄐㄧˊ
不辜,1,ㄅㄨˋ ㄍㄨ
不辰,1,ㄅㄨˋ ㄔㄣˊ
不辱,1,ㄅㄨˋ ㄖㄨˋ
不返,1,ㄅㄨˋ ㄈㄢˇ
不退,1,ㄅㄨˋ ㄊㄨㄟˋ
不逞,1,ㄅㄨˋ ㄔㄥˇ
不造,1,ㄅㄨˋ ㄗㄠˋ
不逮,1,ㄅㄨˋ ㄉㄞˋ
不遂,1,ㄅㄨˋ ㄙㄨㄟˋ
不遇,1,ㄅㄨˋ ㄩˋ
不過,1,ㄅㄨˋ ㄍㄨㄛˋ
不遑,1,ㄅㄨˋ ㄏㄨㄤˊ
不道,1,ㄅㄨˋ ㄉㄠˋ
不達,1,ㄅㄨˋ ㄉㄚˊ
不違,1,ㄅㄨˋ ㄨㄟˊ
不遜,1,ㄅㄨˋ ㄒㄩㄣˋ
不遠,1,ㄅㄨˋ ㄩㄢˇ
不適,1,ㄅㄨˋ ㄕˋ
不遵,1,ㄅㄨˋ ㄗㄨㄣ
不遷,1,ㄅㄨˋ ㄑㄧㄢ
不遺,1,ㄅㄨˋ ㄧˊ
不避,1,ㄅㄨˋ ㄅㄧˋ
不還,1,ㄅㄨˋ ㄏㄨㄢˊ
不配,1,ㄅㄨˋ ㄆㄟˋ
不醒,1,ㄅㄨˋ ㄒㄧㄥˇ
不采,1,ㄅㄨˋ ㄘㄞˇ
不釋,1,ㄅㄨˋ ㄕˋ
不重,1,ㄅㄨˋ ㄓㄨㄥˋ
不量,1,ㄅㄨˋ ㄌㄧㄤˊ
不銷,1,ㄅㄨˋ ㄒㄧㄠ
不錯,1,ㄅㄨˋ ㄘㄨㄛˋ
不開,1,ㄅㄨˋ ㄎㄞ
不閑,1,ㄅㄨˋ ㄒㄧㄢˊ
不防,1,ㄅㄨˋ ㄈㄤˊ
不阻,1,ㄅㄨˋ ㄗㄨˇ
不阿,1,ㄅㄨˋ ㄜ
不限,1,ㄅㄨˋ ㄒㄧㄢˋ
不隳,1,ㄅㄨˋ ㄏㄨㄟ
不雜,1,ㄅㄨˋ ㄗㄚˊ
不離,1,ㄅㄨˋ ㄌㄧˊ
不露,1,ㄅㄨˋ ㄌㄨˋ
不靖,1,ㄅㄨˋ ㄐㄧㄥˋ
不韙,1,ㄅㄨˋ ㄨㄟˇ
不順,1,ㄅㄨˋ ㄕㄨㄣˋ
不題,1,ㄅㄨˋ ㄊㄧˊ
不類,1,ㄅㄨˋ ㄌㄟˋ
不顧,1,ㄅㄨˋ ㄍㄨˋ
不颺,1,ㄅㄨˋ ㄧㄤˊ
不食,1,ㄅㄨˋ ㄕˊ
不饒,1,ㄅㄨˋ ㄖㄠˊ
不驗,1,ㄅㄨˋ ㄧㄢˋ
丐食,1,ㄍㄞˋ ㄕˊ
丑三,1,ㄔㄡˇ ㄙㄢ
且住,1,ㄑㄧㄝˇ ㄓㄨˋ
且則,1,ㄑㄧㄝˇ ㄗㄜˊ
且夫,1,ㄑㄧㄝˇ ㄈㄨˊ
且如,1,ㄑㄧㄝˇ ㄖㄨˊ
且是,1,ㄑㄧㄝˇ ㄕˋ
且月,1,ㄐㄩ ㄩㄝˋ
且自,1,ㄑㄧㄝˇ ㄗˋ
且要,1,ㄑㄧㄝˇ ㄧㄠˋ
且見,1,ㄑㄧㄝˇ ㄐㄧㄢˋ
且道,1,ㄑㄧㄝˇ ㄉㄠˋ
丕丕,1,ㄆㄧ ㄆㄧ
丕基,1,ㄆㄧ ㄐㄧ
丕平,1,ㄆㄧ ㄆㄧㄥˊ
丕烈,1,ㄆㄧ ㄌㄧㄝˋ
丕績,1,ㄆㄧ ㄐㄧ
丕靈,1,ㄆㄧ ㄌㄧㄥˊ
世侄,1,ㄕˋ ㄓˊ
丙夜,1,ㄅㄧㄥˇ ㄧㄝˋ
丙舍,1,ㄅㄧㄥˇ ㄕㄜˋ
丙部,1,ㄅㄧㄥˇ ㄅㄨˋ
丙魏,1,ㄅㄧㄥˇ ㄨㄟˋ
丟丟,1,ㄉㄧㄡ ㄉㄧㄡ
丟命,1,ㄉㄧㄡ ㄇㄧㄥˋ
丟士,1,ㄉㄧㄡ ㄕˋ
丟官,1,ㄉㄧㄡ ㄍㄨㄢ
丟抹,1,ㄉㄧㄡ ㄇㄛˇ
丟拐,1,ㄉㄧㄡ ㄍㄨㄞˇ
丟搭,1,ㄉㄧㄡ ㄉㄚ
丟撇,1,ㄉㄧㄡ ㄆㄧㄝˇ
丟溜,1,ㄉㄧㄡ ㄌㄧㄡ
丟生,1,ㄉㄧㄡ ㄕㄥ
丟醜,1,ㄉㄧㄡ ㄔㄡˇ
丟靈,1,ㄉㄧㄡ ㄌㄧㄥˊ
並世,1,ㄅㄧㄥˋ ㄕˋ
並作,1,ㄅㄧㄥˋ ㄗㄨㄛˋ
並坐,1,ㄅㄧㄥˋ ㄗㄨㄛˋ
並壽,1,ㄅㄧㄥˋ ㄕㄡˋ
並時,1,ㄅㄧㄥˋ ㄕˊ
並然,1,ㄅㄧㄥˋ ㄖㄢˊ
並禽,1,ㄅㄧㄥˋ ㄑㄧㄣˊ
並稱,1,ㄅㄧㄥˋ ㄔㄥ
並興,1,ㄅㄧㄥˋ ㄒㄧㄥ
並起,1,ㄅㄧㄥˋ ㄑㄧˇ
並跡,1,ㄅㄧㄥˋ ㄐㄧ
並軌,1,ㄅㄧㄥˋ ㄍㄨㄟˇ
並輳,1,ㄅㄧㄥˋ ㄘㄡˋ
並轂,1,ㄅㄧㄥˋ ㄍㄨˇ
並轡,1,ㄅㄧㄥˋ ㄆㄟˋ
並鄰,1,ㄅㄧㄥˋ ㄌㄧㄣˊ
並頭,1,ㄅㄧㄥˋ ㄊㄡˊ
並馬,1,ㄅㄧㄥˋ ㄇㄚˇ
並馳,1,ㄅㄧㄥˋ ㄔˊ
並駕,1,ㄅㄧㄥˋ ㄐㄧㄚˋ
並騖,1,ㄅㄧㄥˋ ㄨˋ
並驅,1,ㄅㄧㄥˋ ㄑㄩ
丫叉,1,ㄧㄚ ㄔㄚ
丫髻,1,ㄧㄚ ㄐㄧˋ
丫鬟,1,ㄧㄚ ㄏㄨㄢ˙
中丞,1,ㄓㄨㄥ ㄔㄥˊ
中九,1,ㄓㄨㄥ ㄐㄧㄡˇ
中京,1,ㄓㄨㄥ ㄐㄧㄥ
中伏,1,ㄓㄨㄥ ㄈㄨˊ
中伏,1,ㄓㄨㄥˋ ㄈㄨˊ
中休,1,ㄓㄨㄥ ㄒㄧㄡ
中使,1,ㄓㄨㄥˋ ㄕˇ
中允,1,ㄓㄨㄥ ㄩㄣˇ
中典,1,ㄓㄨㄥ ㄉㄧㄢˇ
中吃,1,ㄓㄨㄥˋ ㄔ
中呂,1,ㄓㄨㄥ ㄌㄩˇ
中地,1,ㄓㄨㄥ ㄉㄧˋ
中圻,1,ㄓㄨㄥ ㄑㄧˊ
中堂,1,ㄓㄨㄥ ㄊㄤˊ
中堂,1,ㄓㄨㄥ ㄊㄤ˙
中塗,1,ㄓㄨㄥ ㄊㄨˊ
中壼,1,ㄓㄨㄥ ㄎㄨㄣˇ
中壽,1,ㄓㄨㄥ ㄕㄡˋ
中夏,1,ㄓㄨㄥ ㄒㄧㄚˋ
中夜,1,ㄓㄨㄥ ㄧㄝˋ
中姿,1,ㄓㄨㄥ ㄗ
中孚,1,ㄓㄨㄥ ㄈㄨˊ
中官,1,ㄓㄨㄥ ㄍㄨㄢ
中宮,1,ㄓㄨㄥ ㄍㄨㄥ
中宵,1,ㄓㄨㄥ ㄒㄧㄠ
中宿,1,ㄓㄨㄥ ㄙㄨˋ
中寒,1,ㄓㄨㄥˋ ㄏㄢˊ
中川,1,ㄓㄨㄥ ㄔㄨㄢ
中廚,1,ㄓㄨㄥ ㄔㄨˊ
中式,1,ㄓㄨㄥˋ ㄕˋ
中形,1,ㄓㄨㄥ ㄒㄧㄥˊ
中惡,1,ㄓㄨㄥˋ ㄜˋ
中戶,1,ㄓㄨㄥ ㄏㄨˋ
中才,1,ㄓㄨㄥ ㄘㄞˊ
中旨,1,ㄓㄨㄥ ㄓˇ
中旨,1,ㄓㄨㄥˋ ㄓˇ
中星,1,ㄓㄨㄥ ㄒㄧㄥ
中書,1,ㄓㄨㄥ ㄕㄨ
中服,1,ㄓㄨㄥ ㄈㄨˊ
中林,1,ㄓㄨㄥ ㄌㄧㄣˊ
中標,1,ㄓㄨㄥˋ ㄅㄧㄠ
中檔,1,ㄓㄨㄥ ㄉㄤˇ
中殤,1,ㄓㄨㄥ ㄕㄤ
中浣,1,ㄓㄨㄥ ㄨㄢˇ
中海,1,ㄓㄨㄥ ㄏㄞˇ
中涓,1,ㄓㄨㄥ ㄐㄩㄢ
中滿,1,ㄓㄨㄥ ㄇㄢˇ
中澣,1,ㄓㄨㄥ ㄏㄨㄢˇ
中火,1,ㄓㄨㄥ ㄏㄨㄛˇ
中焦,1,ㄓㄨㄥ ㄐㄧㄠ
中牢,1,ㄓㄨㄥ ㄌㄠˊ
中男,1,ㄓㄨㄥ ㄋㄢˊ
中痰,1,ㄓㄨㄥˋ ㄊㄢˊ
中的,1,ㄓㄨㄥˋ ㄉㄧˋ
中竅,1,ㄓㄨㄥˋ ㄑㄧㄠˋ
中箭,1,ㄓㄨㄥˋ ㄐㄧㄢˋ
中節,1,ㄓㄨㄥˋ ㄐㄧㄝˊ
中縫,1,ㄓㄨㄥ ㄈㄥˋ
中胡,1,ㄓㄨㄥ ㄏㄨˊ
中腸,1,ㄓㄨㄥ ㄔㄤˊ
中舉,1,ㄓㄨㄥˋ ㄐㄩˇ
中船,1,ㄓㄨㄥ ㄔㄨㄢˊ
中藏,1,ㄓㄨㄥ ㄗㄤˋ
中行,1,ㄓㄨㄥ ㄒㄧㄥˋ
中衣,1,ㄓㄨㄥ ㄧ
中衰,1,ㄓㄨㄥ ㄕㄨㄞ
中裙,1,ㄓㄨㄥ ㄑㄩㄣˊ
中褲,1,ㄓㄨㄥ ㄎㄨˋ
中見,1,ㄓㄨㄥ ㄐㄧㄢˋ
中觀,1,ㄓㄨㄥ ㄍㄨㄢ
中計,1,ㄓㄨㄥ ㄐㄧˋ
中詞,1,ㄓㄨㄥ ㄘˊ
中誠,1,ㄓㄨㄥ ㄔㄥˊ
中調,1,ㄓㄨㄥ ㄉㄧㄠˋ
中證,1,ㄓㄨㄥ ㄓㄥˋ
中費,1,ㄓㄨㄥ ㄈㄟˋ
中身,1,ㄓㄨㄥ ㄕㄣ
中逵,1,ㄓㄨㄥ ㄎㄨㄟˊ
中都,1,ㄓㄨㄥ ㄉㄨ
中酒,1,ㄓㄨㄥ ㄐㄧㄡˇ
中酒,1,ㄓㄨㄥˋ ㄐㄧㄡˇ
中野,1,ㄓㄨㄥ ㄧㄝˇ
中門,1,ㄓㄨㄥ ㄇㄣˊ
中闈,1,ㄓㄨㄥ ㄨㄟˊ
中隱,1,ㄓㄨㄥ ㄧㄣˇ
中雨,1,ㄓㄨㄥ ㄩˇ
中雲,1,ㄓㄨㄥ ㄩㄣˊ
中霤,1,ㄓㄨㄥ ㄌㄧㄡˋ
中音,1,ㄓㄨㄥˋ ㄧㄣ
中饋,1,ㄓㄨㄥ ㄎㄨㄟˋ
中駟,1,ㄓㄨㄥ ㄙˋ
丰儀,1,ㄈㄥ ㄧˊ
丰度,1,ㄈㄥ ㄉㄨˋ
丰情,1,ㄈㄥ ㄑㄧㄥˊ
丰神,1,ㄈㄥ ㄕㄣˊ
丰茸,1,ㄈㄥ ㄖㄨㄥˇ
串同,1,ㄔㄨㄢˋ ㄊㄨㄥˊ
串味,1,ㄔㄨㄢˋ ㄨㄟˋ
串哄,1,ㄔㄨㄢˋ ㄏㄨㄥ
串場,1,ㄔㄨㄢˋ ㄔㄤˊ
串子,1,ㄔㄨㄢˋ ㄗ˙
串定,1,ㄔㄨㄢˋ ㄉㄧㄥˋ
串客,1,ㄔㄨㄢˋ ㄎㄜˋ
串座,1,ㄔㄨㄢˋ ㄗㄨㄛˋ
串戲,1,ㄔㄨㄢˋ ㄒㄧˋ
串打,1,ㄔㄨㄢˋ ㄉㄚˇ
串換,1,ㄔㄨㄢˋ ㄏㄨㄢˋ
串杖,1,ㄔㄨㄢˋ ㄓㄤˋ
串氣,1,ㄔㄨㄢˋ ㄑㄧˋ
串游,1,ㄔㄨㄢˋ ㄧㄡˊ
串燒,1,ㄔㄨㄢˋ ㄕㄠ
串疽,1,ㄔㄨㄢˋ ㄐㄩ
串票,1,ㄔㄨㄢˋ ㄆㄧㄠˋ
串花,1,ㄔㄨㄢˋ ㄏㄨㄚ
串講,1,ㄔㄨㄢˋ ㄐㄧㄤˇ
串道,1,ㄔㄨㄢˋ ㄉㄠˋ
串鼓,1,ㄔㄨㄢˋ ㄍㄨˇ
丸劑,1,ㄨㄢˊ ㄐㄧˋ
丸泥,1,ㄨㄢˊ ㄋㄧˊ
丸熊,1,ㄨㄢˊ ㄒㄩㄥˊ
丹丘,1,ㄉㄢ ㄑㄧㄡ
丹佛,1,ㄉㄢ ㄈㄛˊ
丹參,1,ㄉㄢ ㄕㄣ
丹墀,1,ㄉㄢ ㄔˊ
丹客,1,ㄉㄢ ㄎㄜˋ
丹干,1,ㄉㄢ ㄍㄢ
丹房,1,ㄉㄢ ㄈㄤˊ
丹方,1,ㄉㄢ ㄈㄤ
丹旐,1,ㄉㄢ ㄓㄠˋ
丹曦,1,ㄉㄢ ㄒㄧ
丹書,1,ㄉㄢ ㄕㄨ
丹朱,1,ㄉㄢ ㄓㄨ
丹款,1,ㄉㄢ ㄎㄨㄢˇ
丹氣,1,ㄉㄢ ㄑㄧˋ
丹溜,1,ㄉㄢ ㄌㄧㄡ
丹灶,1,ㄉㄢ ㄗㄠˋ
丹甑,1,ㄉㄢ ㄗㄥˋ
丹皮,1,ㄉㄢ ㄆㄧˊ
丹禁,1,ㄉㄢ ㄐㄧㄣˋ
丹穴,1,ㄉㄢ ㄒㄩㄝˋ
丹筆,1,ㄉㄢ ㄅㄧˇ
丹經,1,ㄉㄢ ㄐㄧㄥ
丹脣,1,ㄉㄢ ㄔㄨㄣˊ
丹臺,1,ㄉㄢ ㄊㄞˊ
丹荑,1,ㄉㄢ ㄧˊ
丹葩,1,ㄉㄢ ㄆㄚ
丹衷,1,ㄉㄢ ㄓㄨㄥ
丹訣,1,ㄉㄢ ㄐㄩㄝˊ
丹誠,1,ㄉㄢ ㄔㄥˊ
丹輪,1,ㄉㄢ ㄌㄨㄣˊ
丹鉛,1,ㄉㄢ ㄑㄧㄢ
丹闕,1,ㄉㄢ ㄑㄩㄝˋ
丹陛,1,ㄉㄢ ㄅㄧˋ
丹雘,1,ㄉㄢ ㄏㄨㄛˋ
丹霄,1,ㄉㄢ ㄒㄧㄠ
丹霞,1,ㄉㄢ ㄒㄧㄚˊ
丹頭,1,ㄉㄢ ㄊㄡˊ
丹魄,1,ㄉㄢ ㄆㄛˋ
丹鳥,1,ㄉㄢ ㄋㄧㄠˇ
丹黃,1,ㄉㄢ ㄏㄨㄤˊ
丹鼎,1,ㄉㄢ ㄉㄧㄥˇ
主上,1,ㄓㄨˇ ㄕㄤˋ
主依,1,ㄓㄨˇ ㄧ
主傅,1,ㄓㄨˇ ㄈㄨˋ
主器,1,ㄓㄨˇ ㄑㄧˋ
主坐,1,ㄓㄨˇ ㄗㄨㄛˋ
主家,1,ㄓㄨˇ ㄐㄧㄚ
主幣,1,ㄓㄨˇ ㄅㄧˋ
主座,1,ㄓㄨˇ ㄗㄨㄛˋ
主掌,1,ㄓㄨˇ ㄓㄤˇ
主控,1,ㄓㄨˇ ㄎㄨㄥˋ
主播,1,ㄓㄨˇ ㄅㄛˋ
主日,1,ㄓㄨˇ ㄖˋ
主星,1,ㄓㄨˇ ㄒㄧㄥ
主法,1,ㄓㄨˇ ㄈㄚˇ
主父,1,ㄓㄨˇ ㄈㄨˋ
主盟,1,ㄓㄨˇ ㄇㄥˊ
主簿,1,ㄓㄨˇ ㄅㄨˋ
主罰,1,ㄓㄨˇ ㄈㄚˊ
主翁,1,ㄓㄨˇ ㄨㄥ
主腰,1,ㄓㄨˇ ㄧㄠ
主臣,1,ㄓㄨˇ ㄔㄣˊ
主議,1,ㄓㄨˇ ㄧˋ
主辯,1,ㄓㄨˇ ㄅㄧㄢˋ
主隊,1,ㄓㄨˇ ㄉㄨㄟˋ
主靜,1,ㄓㄨˇ ㄐㄧㄥˋ
主麻,1,ㄓㄨˇ ㄇㄚˊ
乂安,1,ㄧˋ ㄢ
乃今,1,ㄋㄞˇ ㄐㄧㄣ
乃可,1,ㄋㄞˇ ㄎㄜˇ
乃始,1,ㄋㄞˇ ㄕˇ
乃爾,1,ㄋㄞˇ ㄦˇ
乃眷,1,ㄋㄞˇ ㄐㄩㄢˋ
乃者,1,ㄋㄞˇ ㄓㄜˇ
乃若,1,ㄋㄞˇ ㄖㄨㄛˋ
久之,1,ㄐㄧㄡˇ ㄓ
久坐,1,ㄐㄧㄡˇ ㄗㄨㄛˋ
久客,1,ㄐㄧㄡˇ ㄎㄜˋ
久居,1,ㄐㄧㄡˇ ㄐㄩ
久待,1,ㄐㄧㄡˇ ㄉㄞˋ
久戀,1,ㄐㄧㄡˇ ㄌㄧㄢˋ
久矣,1,ㄐㄧㄡˇ ㄧˇ
久立,1,ㄐㄧㄡˇ ㄌㄧˋ
久要,1,ㄐㄧㄡˇ ㄧㄠ
久視,1,ㄐㄧㄡˇ ㄕˋ
久錮,1,ㄐㄧㄡˇ ㄍㄨˋ
久闊,1,ㄐㄧㄡˇ ㄎㄨㄛˋ
久音,1,ㄐㄧㄡˇ ㄧㄣ
么二,1,ㄧㄠ ㄦˋ
么喝,1,ㄧㄠ ㄏㄜ˙
么女,1,ㄧㄠ ㄋㄩˇ
么師,1,ㄧㄠ ㄕ
么末,1,ㄧㄠ ㄇㄛˋ
么篇,1,ㄧㄠ ㄆㄧㄢ
么絃,1,ㄧㄠ ㄒㄧㄢˊ
么麼,1,ㄧㄠ ㄇㄛˊ
之江,1,ㄓ ㄐㄧㄤ
乍來,1,ㄓㄚˋ ㄌㄞˊ
乍到,1,ㄓㄚˋ ㄉㄠˋ
乍可,1,ㄓㄚˋ ㄎㄜˇ
乍熟,1,ㄓㄚˋ ㄕㄨˊ
乍生,1,ㄓㄚˋ ㄕㄥ
乏人,1,ㄈㄚˊ ㄖㄣˊ
乏倦,1,ㄈㄚˊ ㄐㄩㄢˋ
乏困,1,ㄈㄚˊ ㄎㄨㄣˋ
乏地,1,ㄈㄚˊ ㄉㄧˋ
乏手,1,ㄈㄚˊ ㄕㄡˇ
乏月,1,ㄈㄚˊ ㄩㄝˋ
乏桶,1,ㄈㄚˊ ㄊㄨㄥˇ
乏煤,1,ㄈㄚˊ ㄇㄟˊ
乏用,1,ㄈㄚˊ ㄩㄥˋ
乏貨,1,ㄈㄚˊ ㄏㄨㄛˋ
乏趣,1,ㄈㄚˊ ㄑㄩˋ
乏頓,1,ㄈㄚˊ ㄉㄨㄣˋ
乖乖,1,ㄍㄨㄞ ㄍㄨㄞ˙
乖人,1,ㄍㄨㄞ ㄖㄣˊ
乖分,1,ㄍㄨㄞ ㄈㄣ
乖別,1,ㄍㄨㄞ ㄅㄧㄝˊ
乖劣,1,ㄍㄨㄞ ㄌㄧㄝˋ
乖嘴,1,ㄍㄨㄞ ㄗㄨㄟˇ
乖子,1,ㄍㄨㄞ ㄗ˙
乖忤,1,ㄍㄨㄞ ㄨˇ
乖慵,1,ㄍㄨㄞ ㄩㄥ
乖滑,1,ㄍㄨㄞ ㄏㄨㄚˊ
乖爭,1,ㄍㄨㄞ ㄓㄥ
乖眼,1,ㄍㄨㄞ ㄧㄢˇ
乖衰,1,ㄍㄨㄞ ㄕㄨㄞ
乖角,1,ㄍㄨㄞ ㄐㄧㄠˇ
乖訛,1,ㄍㄨㄞ ㄜˊ
乖誤,1,ㄍㄨㄞ ㄨˋ
乖調,1,ㄍㄨㄞ ㄉㄧㄠˋ
乖蹇,1,ㄍㄨㄞ ㄐㄧㄢˇ
乖迕,1,ㄍㄨㄞ ㄨˋ
乖間,1,ㄍㄨㄞ ㄐㄧㄢˋ
乖阻,1,ㄍㄨㄞ ㄗㄨˇ
乖離,1,ㄍㄨㄞ ㄌㄧˊ
乘亂,1,ㄔㄥˊ ㄌㄨㄢˋ
乘傳,1,ㄔㄥˊ ㄓㄨㄢˋ
乘化,1,ㄔㄥˊ ㄏㄨㄚˋ
乘危,1,ㄔㄥˊ ㄨㄟˊ
乘夜,1,ㄔㄥˊ ㄧㄝˋ
乘時,1,ㄔㄥˊ ㄕˊ
乘月,1,ㄔㄥˊ ㄩㄝˋ
乘桴,1,ㄔㄥˊ ㄈㄨˊ
乘槎,1,ㄔㄥˊ ㄔㄚˊ
乘流,1,ㄔㄥˊ ㄌㄧㄡˊ
乘田,1,ㄔㄥˊ ㄊㄧㄢˊ
乘空,1,ㄔㄥˊ ㄎㄨㄥ
乘肩,1,ㄔㄥˊ ㄐㄧㄢ
乘軒,1,ㄔㄥˊ ㄒㄩㄢ
乘輿,1,ㄔㄥˊ ㄩˊ
乘酒,1,ㄔㄥˊ ㄐㄧㄡˇ
乘雲,1,ㄔㄥˊ ㄩㄣˊ
乘馬,1,ㄕㄥˋ ㄇㄚˇ
乘鶴,1,ㄔㄥˊ ㄏㄜˋ
乘黃,1,ㄔㄥˊ ㄏㄨㄤˊ
乘龍,1,ㄔㄥˊ ㄌㄨㄥˊ
乙覽,1,ㄧˇ ㄌㄢˇ
乜斜,1,ㄇㄧㄝ ㄒㄧㄝ˙
九佐,1,ㄐㄧㄡˇ ㄗㄨㄛˇ
九冬,1,ㄐㄧㄡˇ ㄉㄨㄥ
九刑,1,ㄐㄧㄡˇ ㄒㄧㄥˊ
九功,1,ㄐㄧㄡˇ ㄍㄨㄥ
九勢,1,ㄐㄧㄡˇ ㄕˋ
九原,1,ㄐㄧㄡˇ ㄩㄢˊ
九合,1,ㄐㄧㄡˇ ㄏㄜˊ
九命,1,ㄐㄧㄡˇ ㄇㄧㄥˋ
九土,1,ㄐㄧㄡˇ ㄊㄨˇ
九地,1,ㄐㄧㄡˇ ㄉㄧˋ
九垓,1,ㄐㄧㄡˇ ㄍㄞ
九夏,1,ㄐㄧㄡˇ ㄒㄧㄚˋ
九姻,1,ㄐㄧㄡˇ ㄧㄣ
九嬪,1,ㄐㄧㄡˇ ㄆㄧㄣˊ
九幽,1,ㄐㄧㄡˇ ㄧㄡ
九思,1,ㄐㄧㄡˇ ㄙ
九懷,1,ㄐㄧㄡˇ ㄏㄨㄞˊ
九數,1,ㄐㄧㄡˇ ㄕㄨˋ
九方,1,ㄐㄧㄡˇ ㄈㄤ
九旒,1,ㄐㄧㄡˇ ㄌㄧㄡˊ
九春,1,ㄐㄧㄡˇ ㄔㄨㄣ
九曜,1,ㄐㄧㄡˇ ㄧㄠˋ
九有,1,ㄐㄧㄡˇ ㄧㄡˇ
九服,1,ㄐㄧㄡˇ ㄈㄨˊ
九歎,1,ㄐㄧㄡˇ ㄊㄢˋ
九歸,1,ㄐㄧㄡˇ ㄍㄨㄟ
九淵,1,ㄐㄧㄡˇ ㄩㄢ
九烏,1,ㄐㄧㄡˇ ㄨ
九牧,1,ㄐㄧㄡˇ ㄇㄨˋ
九疇,1,ㄐㄧㄡˇ ㄔㄡˊ
九眷,1,ㄐㄧㄡˇ ㄐㄩㄢˋ
九禮,1,ㄐㄧㄡˇ ㄌㄧˇ
九秋,1,ㄐㄧㄡˇ ㄑㄧㄡ
九穀,1,ㄐㄧㄡˇ ㄍㄨˇ
九罭,1,ㄐㄧㄡˇ ㄩˋ
九聲,1,ㄐㄧㄡˇ ㄕㄥ
九芎,1,ㄐㄧㄡˇ ㄑㄩㄥ
九花,1,ㄐㄧㄡˇ ㄏㄨㄚ
九華,1,ㄐㄧㄡˇ ㄏㄨㄚ
九華,1,ㄐㄧㄡˇ ㄏㄨㄚˊ
九衢,1,ㄐㄧㄡˇ ㄑㄩˊ
九親,1,ㄐㄧㄡˇ ㄑㄧㄣ
九譯,1,ㄐㄧㄡˇ ㄧˋ
九賓,1,ㄐㄧㄡˇ ㄅㄧㄣ
九辯,1,ㄐㄧㄡˇ ㄅㄧㄢˋ
九野,1,ㄐㄧㄡˇ ㄧㄝˇ
九針,1,ㄐㄧㄡˇ ㄓㄣ
九錫,1,ㄐㄧㄡˇ ㄒㄧˊ
九門,1,ㄐㄧㄡˇ ㄇㄣˊ
九閽,1,ㄐㄧㄡˇ ㄏㄨㄣ
九鼎,1,ㄐㄧㄡˇ ㄉㄧㄥˇ
乞人,1,ㄑㄧˇ ㄖㄣˊ
乞伏,1,ㄑㄧˇ ㄈㄨˊ
乞休,1,ㄑㄧˇ ㄒㄧㄡ
乞假,1,ㄑㄧˇ ㄐㄧㄚˇ
乞假,1,ㄑㄧˇ ㄐㄧㄚˋ
乞免,1,ㄑㄧˇ ㄇㄧㄢˇ
乞化,1,ㄑㄧˇ ㄏㄨㄚˋ
乞婆,1,ㄑㄧˇ ㄆㄛˊ
乞師,1,ㄑㄧˇ ㄕ
乞懇,1,ㄑㄧˇ ㄎㄣˇ
乞期,1,ㄑㄧˇ ㄑㄧˊ
乞活,1,ㄑㄧˇ ㄏㄨㄛˊ
乞火,1,ㄑㄧˇ ㄏㄨㄛˇ
乞盟,1,ㄑㄧˇ ㄇㄥˊ
乞請,1,ㄑㄧˇ ㄑㄧㄥˇ
乞身,1,ㄑㄧˇ ㄕㄣ
乞鄰,1,ㄑㄧˇ ㄌㄧㄣˊ
乞閒,1,ㄑㄧˇ ㄒㄧㄢˊ
乞鞠,1,ㄑㄧˇ ㄐㄩˊ
乞頭,1,ㄑㄧˇ ㄊㄡˊ
乞養,1,ㄑㄧˇ ㄧㄤˇ
乞養,1,ㄑㄧˇ ㄧㄤˋ
乞骸,1,ㄑㄧˇ ㄏㄞˊ
也可,1,ㄧㄝˇ ㄎㄜˇ
也曾,1,ㄧㄝˇ ㄘㄥˊ
也波,1,ㄧㄝˇ ㄅㄛ
也行,1,ㄧㄝˇ ㄒㄧㄥˊ
也須,1,ㄧㄝˇ ㄒㄩ
乣軍,1,ㄉㄧㄡ ㄐㄩㄣ
乩仙,1,ㄐㄧ ㄒㄧㄢ
乩壇,1,ㄐㄧ ㄊㄢˊ
乩筆,1,ㄐㄧ ㄅㄧˇ
乳口,1,ㄖㄨˇ ㄎㄡˇ
乳哺,1,ㄖㄨˇ ㄅㄨˇ
乳果,1,ㄖㄨˇ ㄍㄨㄛˇ
乳樹,1,ㄖㄨˇ ㄕㄨˋ
乳泉,1,ㄖㄨˇ ㄑㄩㄢˊ
乳瓣,1,ㄖㄨˇ ㄅㄢˋ
乳罩,1,ㄖㄨˇ ㄓㄠˋ
乳腐,1,ㄖㄨˇ ㄈㄨˇ
乳食,1,ㄖㄨˇ ㄕˊ
乾乾,1,ㄑㄧㄢˊ ㄑㄧㄢˊ
乾元,1,ㄑㄧㄢˊ ㄩㄢˊ
乾和,1,ㄍㄢ ㄏㄜˊ
乾和,1,ㄑㄧㄢˊ ㄏㄜˊ
乾咽,1,ㄍㄢ ㄧㄝˋ
乾哭,1,ㄍㄢ ㄎㄨ
乾喬,1,ㄍㄢ ㄑㄧㄠˊ
乾噦,1,ㄍㄢ ㄩㄝ
乾圖,1,ㄑㄧㄢˊ ㄊㄨˊ
乾塢,1,ㄍㄢ ㄨˋ
乾宅,1,ㄑㄧㄢˊ ㄓㄞˊ
乾巴,1,ㄍㄢ ㄅㄚ˙
乾急,1,ㄍㄢ ㄐㄧˊ
乾折,1,ㄍㄢ ㄓㄜˊ
乾擦,1,ㄍㄢ ㄘㄚ
乾料,1,ㄍㄢ ㄌㄧㄠˋ
乾斷,1,ㄑㄧㄢˊ ㄉㄨㄢˋ
乾旦,1,ㄑㄧㄢˊ ㄉㄢˋ
乾暖,1,ㄍㄢ ㄋㄨㄢˇ
乾曜,1,ㄑㄧㄢˊ ㄧㄠˋ
乾梅,1,ㄍㄢ ㄇㄟˊ
乾死,1,ㄍㄢ ㄙˇ
乾沒,1,ㄍㄢ ㄇㄛˋ
乾溼,1,ㄍㄢ ㄕ
乾熬,1,ㄍㄢ ㄠˊ
乾產,1,ㄍㄢ ㄔㄢˇ
乾疥,1,ㄍㄢ ㄐㄧㄝˋ
乾稿,1,ㄍㄢ ㄍㄠˇ
乾紅,1,ㄑㄧㄢˊ ㄏㄨㄥˊ
乾結,1,ㄍㄢ ㄐㄧㄝˊ
乾綱,1,ㄑㄧㄢˊ ㄍㄤ
乾罷,1,ㄍㄢ ㄅㄚˋ
乾耗,1,ㄍㄢ ㄏㄠˋ
乾肥,1,ㄍㄢ ㄈㄟˊ
乾花,1,ㄍㄢ ㄏㄨㄚ
乾芻,1,ㄍㄢ ㄔㄨˊ
乾苔,1,ㄍㄢ ㄊㄞˊ
乾落,1,ㄍㄢ ㄌㄠˋ
乾著,1,ㄍㄢ ㄓㄜ˙
乾薑,1,ㄍㄢ ㄐㄧㄤ
乾虔,1,ㄍㄢ ㄑㄧㄢˊ
乾號,1,ㄍㄢ ㄏㄠˊ
乾象,1,ㄑㄧㄢˊ ㄒㄧㄤˋ
乾貨,1,ㄍㄢ ㄏㄨㄛˋ
乾造,1,ㄑㄧㄢˊ ㄗㄠˋ
乾逼,1,ㄍㄢ ㄅㄧ
乾道,1,ㄑㄧㄢˊ ㄉㄠˋ
乾量,1,ㄍㄢ ㄌㄧㄤˋ
乾陵,1,ㄑㄧㄢˊ ㄌㄧㄥˊ
乾顙,1,ㄍㄢ ㄙㄤˇ
乾颱,1,ㄍㄢ ㄊㄞˊ
乾館,1,ㄍㄢ ㄍㄨㄢˇ
乾餱,1,ㄍㄢ ㄏㄡˊ
亂俗,1,ㄌㄨㄢˋ ㄙㄨˊ
亂刀,1,ㄌㄨㄢˋ ㄉㄠ
亂啼,1,ㄌㄨㄢˋ ㄊㄧˊ
亂塚,1,ㄌㄨㄢˋ ㄓㄨㄥˇ
亂婚,1,ㄌㄨㄢˋ ㄏㄨㄣ
亂廝,1,ㄌㄨㄢˋ ㄙ
亂彈,1,ㄌㄨㄢˋ ㄊㄢˊ
亂戰,1,ㄌㄨㄢˋ ㄓㄢˋ
亂抖,1,ㄌㄨㄢˋ ㄉㄡˇ
亂撞,1,ㄌㄨㄢˋ ㄓㄨㄤˋ
亂攛,1,ㄌㄨㄢˋ ㄘㄨㄢ
亂旋,1,ㄌㄨㄢˋ ㄒㄩㄢˊ
亂機,1,ㄌㄨㄢˋ ㄐㄧ
亂石,1,ㄌㄨㄢˋ ㄕˊ
亂竄,1,ㄌㄨㄢˋ ㄘㄨㄢˋ
亂箭,1,ㄌㄨㄢˋ ㄐㄧㄢˋ
亂紀,1,ㄌㄨㄢˋ ㄐㄧˋ
亂聲,1,ㄌㄨㄢˋ ㄕㄥ
亂蓋,1,ㄌㄨㄢˋ ㄍㄞˋ
亂言,1,ㄌㄨㄢˋ ㄧㄢˊ
亂跳,1,ㄌㄨㄢˋ ㄊㄧㄠˋ
亂逆,1,ㄌㄨㄢˋ ㄋㄧˋ
亂道,1,ㄌㄨㄢˋ ㄉㄠˋ
亂階,1,ㄌㄨㄢˋ ㄐㄧㄝ
亂雜,1,ㄌㄨㄢˋ ㄗㄚˊ
亂頭,1,ㄌㄨㄢˋ ㄊㄡˊ
亂顫,1,ㄌㄨㄢˋ ㄔㄢˋ
亂首,1,ㄌㄨㄢˋ ㄕㄡˇ
亂鬧,1,ㄌㄨㄢˋ ㄋㄠˋ
亂麻,1,ㄌㄨㄢˋ ㄇㄚˊ
了亮,1,ㄌㄧㄠˇ ㄌㄧㄤ˙
了劣,1,ㄌㄧㄠˇ ㄌㄧㄝˋ
了局,1,ㄌㄧㄠˇ ㄐㄩˊ
了帳,1,ㄌㄧㄠˇ ㄓㄤˋ
了手,1,ㄌㄧㄠˇ ㄕㄡˇ
了收,1,ㄌㄧㄠˇ ㄕㄡ
了決,1,ㄌㄧㄠˇ ㄐㄩㄝˊ
了清,1,ㄌㄧㄠˇ ㄑㄧㄥ
了畢,1,ㄌㄧㄠˇ ㄅㄧˋ
了納,1,ㄌㄧㄠˇ ㄋㄚˋ
了落,1,ㄌㄧㄠˇ ㄌㄨㄛˋ
了訖,1,ㄌㄧㄠˇ ㄑㄧˋ
了話,1,ㄌㄧㄠˇ ㄏㄨㄚˋ
了語,1,ㄌㄧㄠˇ ㄩˇ
了賬,1,ㄌㄧㄠˇ ㄓㄤˋ
了鳥,1,ㄌㄧㄠˇ ㄉㄧㄠˇ
予假,1,ㄩˇ ㄐㄧㄚˋ
予告,1,ㄩˇ ㄍㄠˋ
事因,1,ㄕˋ ㄧㄣ
事奉,1,ㄕˋ ㄈㄥˋ
事從,1,ㄕˋ ㄘㄨㄥˊ
事急,1,ㄕˋ ㄐㄧˊ
事產,1,ㄕˋ ㄔㄢˇ
事畜,1,ㄕˋ ㄒㄩˋ
事節,1,ㄕˋ ㄐㄧㄝˊ
事績,1,ㄕˋ ㄐㄧ
事頭,1,ㄕˋ ㄊㄡ˙
事類,1,ㄕˋ ㄌㄟˋ
二乎,1,ㄦˋ ㄏㄨ
二乘,1,ㄦˋ ㄕㄥˋ
二京,1,ㄦˋ ㄐㄧㄥ
二仲,1,ㄦˋ ㄓㄨㄥˋ
二伏,1,ㄦˋ ㄈㄨˊ
二伯,1,ㄦˋ ㄅㄚˋ
二停,1,ㄦˋ ㄊㄧㄥˊ
二傳,1,ㄦˋ ㄓㄨㄢˋ
二儀,1,ㄦˋ ㄧˊ
二則,1,ㄦˋ ㄗㄜˊ
二南,1,ㄦˋ ㄋㄢˊ
二周,1,ㄦˋ ㄓㄡ
二喬,1,ㄦˋ ㄑㄧㄠˊ
二四,1,ㄦˋ ㄙˋ
二妙,1,ㄦˋ ㄇㄧㄠˋ
二姓,1,ㄦˋ ㄒㄧㄥˋ
二姚,1,ㄦˋ ㄧㄠˊ
二娘,1,ㄦˋ ㄋㄧㄤˊ
二婚,1,ㄦˋ ㄏㄨㄣ
二府,1,ㄦˋ ㄈㄨˇ
二座,1,ㄦˋ ㄗㄨㄛˋ
二志,1,ㄦˋ ㄓˋ
二惑,1,ㄦˋ ㄏㄨㄛˋ
二意,1,ㄦˋ ㄧˋ
二愣,1,ㄦˋ ㄌㄥ˙
二房,1,ㄦˋ ㄈㄤˊ
二根,1,ㄦˋ ㄍㄣ
二櫃,1,ㄦˋ ㄍㄨㄟˋ
二毛,1,ㄦˋ ㄇㄠˊ
二氣,1,ㄦˋ ㄑㄧˋ
二漢,1,ㄦˋ ㄏㄢˋ
二煎,1,ㄦˋ ㄐㄧㄢ
二煤,1,ㄦˋ ㄇㄟˊ
二王,1,ㄦˋ ㄨㄤˊ
二皇,1,ㄦˋ ㄏㄨㄤˊ
二祖,1,ㄦˋ ㄗㄨˇ
二禮,1,ㄦˋ ㄌㄧˇ
二程,1,ㄦˋ ㄔㄥˊ
二空,1,ㄦˋ ㄎㄨㄥ
二篆,1,ㄦˋ ㄓㄨㄢˋ
二絃,1,ㄦˋ ㄒㄧㄢˊ
二聖,1,ㄦˋ ㄕㄥˋ
二致,1,ㄦˋ ㄓˋ
二藍,1,ㄦˋ ㄌㄢˊ
二蘇,1,ㄦˋ ㄙㄨ
二親,1,ㄦˋ ㄑㄧㄣ
二諾,1,ㄦˋ ㄋㄨㄛˋ
二謝,1,ㄦˋ ㄒㄧㄝˋ
二豎,1,ㄦˋ ㄕㄨˋ
二足,1,ㄦˋ ㄗㄨˊ
二陵,1,ㄦˋ ㄌㄧㄥˊ
二陸,1,ㄦˋ ㄌㄨˋ
二障,1,ㄦˋ ㄓㄤˋ
二雅,1,ㄦˋ ㄧㄚˇ
二難,1,ㄦˋ ㄋㄢˊ
于嗟,1,ㄒㄩ ㄐㄧㄝ
于徐,1,ㄩˊ ㄒㄩˊ
于斌,1,ㄩˊ ㄅㄧㄣ
于時,1,ㄩˊ ㄕˊ
于謙,1,ㄩˊ ㄑㄧㄢ
于闐,1,ㄩˊ ㄊㄧㄢˊ
云乎,1,ㄩㄣˊ ㄏㄨ
云為,1,ㄩㄣˊ ㄨㄟˊ
云然,1,ㄩㄣˊ ㄖㄢˊ
互勉,1,ㄏㄨˋ ㄇㄧㄢˇ
互定,1,ㄏㄨˋ ㄉㄧㄥˋ
互物,1,ㄏㄨˋ ㄨˋ
互訓,1,ㄏㄨˋ ㄒㄩㄣˋ
互讓,1,ㄏㄨˋ ㄖㄤˋ
互鄉,1,ㄏㄨˋ ㄒㄧㄤ
五七,1,ㄨˇ ㄑㄧ
五伯,1,ㄨˇ ㄅㄚˋ
五兵,1,ㄨˇ ㄅㄧㄥ
五典,1,ㄨˇ ㄉㄧㄢˇ
五功,1,ㄨˇ ㄍㄨㄥ
五加,1,ㄨˇ ㄐㄧㄚ
五古,1,ㄨˇ ㄍㄨˇ
五品,1,ㄨˇ ㄆㄧㄣˇ
五城,1,ㄨˇ ㄔㄥˊ
五奴,1,ㄨˇ ㄋㄨˊ
五宗,1,ㄨˇ ㄗㄨㄥ
五岳,1,ㄨˇ ㄩㄝˋ
五帶,1,ㄨˇ ㄉㄞˋ
五德,1,ㄨˇ ㄉㄜˊ
五教,1,ㄨˇ ㄐㄧㄠˋ
五族,1,ㄨˇ ㄗㄨˊ
五明,1,ㄨˇ ㄇㄧㄥˊ
五木,1,ㄨˇ ㄇㄨˋ
五材,1,ㄨˇ ㄘㄞˊ
五涼,1,ㄨˇ ㄌㄧㄤˊ
五湖,1,ㄨˇ ㄏㄨˊ
五牲,1,ㄨˇ ㄕㄥ
五畜,1,ㄨˇ ㄔㄨˋ
五百,1,ㄨˇ ㄅㄛˊ
五禮,1,ㄨˇ ㄌㄧˇ
五絕,1,ㄨˇ ㄐㄩㄝˊ
五育,1,ㄨˇ ㄩˋ
五臣,1,ㄨˇ ㄔㄣˊ
五花,1,ㄨˇ ㄏㄨㄚ
五葷,1,ㄨˇ ㄏㄨㄣ
五蟲,1,ㄨˇ ㄔㄨㄥˊ
五裂,1,ㄨˇ ㄌㄧㄝˋ
五貢,1,ㄨˇ ㄍㄨㄥˋ
五費,1,ㄨˇ ㄈㄟˋ
五車,1,ㄨˇ ㄐㄩ
五辟,1,ㄨˇ ㄅㄧˋ
五過,1,ㄨˇ ㄍㄨㄛˋ
五采,1,ㄨˇ ㄘㄞˇ
五陵,1,ㄨˇ ㄌㄧㄥˊ
五鬼,1,ㄨˇ ㄍㄨㄟˇ
五魁,1,ㄨˇ ㄎㄨㄟˊ
五鳳,1,ㄨˇ ㄈㄥˋ
井地,1,ㄐㄧㄥˇ ㄉㄧˋ
井宿,1,ㄐㄧㄥˇ ㄒㄧㄡˋ
井幹,1,ㄐㄧㄥˇ ㄏㄢˊ
井榦,1,ㄐㄧㄥˇ ㄏㄢˊ
井稅,1,ㄐㄧㄥˇ ㄕㄨㄟˋ
井穴,1,ㄐㄧㄥˇ ㄒㄩㄝˊ
井繩,1,ㄐㄧㄥˇ ㄕㄥˊ
井臺,1,ㄐㄧㄥˇ ㄊㄞˊ
井逕,1,ㄐㄧㄥˇ ㄐㄧㄥˋ
井闌,1,ㄐㄧㄥˇ ㄌㄢˊ
井養,1,ㄐㄧㄥˇ ㄧㄤˇ
井鮒,1,ㄐㄧㄥˇ ㄈㄨˋ
些個,1,ㄒㄧㄝ ㄍㄜ˙
些須,1,ㄒㄧㄝ ㄒㄩ
亞丁,1,ㄧㄚˋ ㄉㄧㄥ
亞元,1,ㄧㄚˋ ㄩㄢˊ
亞匹,1,ㄧㄚˇ ㄆㄧˇ
亞卿,1,ㄧㄚˋ ㄑㄧㄥ
亞東,1,ㄧㄚˋ ㄉㄨㄥ
亞歲,1,ㄧㄚˋ ㄙㄨㄟˋ
亞洲,1,ㄧㄚˋ ㄓㄡ
亞父,1,ㄧㄚˋ ㄈㄨˋ
亞獻,1,ㄧㄚˋ ㄒㄧㄢˋ
亞當,1,ㄧㄚˋ ㄉㄤ
亞膠,1,ㄧㄚˋ ㄐㄧㄠ
亞裔,1,ㄧㄚˋ ㄧˋ
亞運,1,ㄧㄚˋ ㄩㄣˋ
亞麻,1,ㄧㄚˋ ㄇㄚˊ
亟亟,1,ㄐㄧˊ ㄐㄧˊ
亟思,1,ㄐㄧˊ ㄙ
亡人,1,ㄨㄤˊ ㄖㄣˊ
亡化,1,ㄨㄤˊ ㄏㄨㄚˋ
亡羊,1,ㄨㄤˊ ㄧㄤˊ
亢宗,1,ㄎㄤˋ ㄗㄨㄥ
亢禮,1,ㄎㄤˋ ㄌㄧˇ
亢身,1,ㄎㄤˋ ㄕㄣ
亢陽,1,ㄎㄤˋ ㄧㄤˊ
交代,1,ㄐㄧㄠ ㄉㄞ˙
交作,1,ㄐㄧㄠ ㄗㄨㄛˋ
交兵,1,ㄐㄧㄠ ㄅㄧㄥ
交分,1,ㄐㄧㄠ ㄈㄣˋ
交匝,1,ㄐㄧㄠ ㄗㄚ
交午,1,ㄐㄧㄠ ㄨˇ
交厚,1,ㄐㄧㄠ ㄏㄡˋ
交口,1,ㄐㄧㄠ ㄎㄡˇ
交嘴,1,ㄐㄧㄠ ㄗㄨㄟˇ
交困,1,ㄐㄧㄠ ㄎㄨㄣˋ
交契,1,ㄐㄧㄠ ㄑㄧˋ
交子,1,ㄐㄧㄠ ㄗ˙
交年,1,ㄐㄧㄠ ㄋㄧㄢˊ
交床,1,ㄐㄧㄠ ㄔㄨㄤˊ
交引,1,ㄐㄧㄠ ㄧㄣˇ
交怨,1,ㄐㄧㄠ ㄩㄢˋ
交態,1,ㄐㄧㄠ ㄊㄞˋ
交持,1,ㄐㄧㄠ ㄔˊ
交映,1,ㄐㄧㄠ ㄧㄥˋ
交杯,1,ㄐㄧㄠ ㄅㄟ
交橫,1,ㄐㄧㄠ ㄏㄥˊ
交泰,1,ㄐㄧㄠ ㄊㄞˋ
交派,1,ㄐㄧㄠ ㄆㄞˋ
交火,1,ㄐㄧㄠ ㄏㄨㄛˇ
交煎,1,ㄐㄧㄠ ㄐㄧㄢ
交爭,1,ㄐㄧㄠ ㄓㄥ
交疏,1,ㄐㄧㄠ ㄕㄨ
交發,1,ㄐㄧㄠ ㄈㄚ
交盤,1,ㄐㄧㄠ ㄆㄢˊ
交睫,1,ㄐㄧㄠ ㄐㄧㄝˊ
交禮,1,ㄐㄧㄠ ㄌㄧˇ
交租,1,ㄐㄧㄠ ㄗㄨ
交積,1,ㄐㄧㄠ ㄐㄧ
交綏,1,ㄐㄧㄠ ㄙㄨㄟ
交群,1,ㄐㄧㄠ ㄑㄩㄣˊ
交耳,1,ㄐㄧㄠ ㄦˇ
交臂,1,ㄐㄧㄠ ㄅㄧˋ
交衢,1,ㄐㄧㄠ ㄑㄩˊ
交衽,1,ㄐㄧㄠ ㄖㄣˋ
交語,1,ㄐㄧㄠ ㄩˇ
交謁,1,ㄐㄧㄠ ㄧㄝˋ
交謫,1,ㄐㄧㄠ ㄓㄜˊ
交質,1,ㄐㄧㄠ ㄓˋ
交輝,1,ㄐㄧㄠ ㄏㄨㄟ
交辦,1,ㄐㄧㄠ ㄅㄢˋ
交迫,1,ㄐㄧㄠ ㄆㄛˋ
交遊,1,ㄐㄧㄠ ㄧㄡˊ
交關,1,ㄐㄧㄠ ㄍㄨㄢ
交面,1,ㄐㄧㄠ ㄇㄧㄢˋ
交領,1,ㄐㄧㄠ ㄌㄧㄥˇ
交頸,1,ㄐㄧㄠ ㄐㄧㄥˇ
交馳,1,ㄐㄧㄠ ㄔˊ
交鬨,1,ㄐㄧㄠ ㄏㄨㄥˋ
亥市,1,ㄏㄞˋ ㄕˋ
亥時,1,ㄏㄞˋ ㄕˊ
亥豕,1,ㄏㄞˋ ㄕˇ
亨衢,1,ㄏㄥ ㄑㄩˊ
享堂,1,ㄒㄧㄤˇ ㄊㄤˊ
享宴,1,ㄒㄧㄤˇ ㄧㄢˋ
享御,1,ㄒㄧㄤˇ ㄩˋ
享殿,1,ㄒㄧㄤˇ ㄉㄧㄢˋ
京京,1,ㄐㄧㄥ ㄐㄧㄥ
京倉,1,ㄐㄧㄥ ㄘㄤ
京債,1,ㄐㄧㄥ ㄓㄞˋ
京兆,1,ㄐㄧㄥ ㄓㄠˋ
京堂,1,ㄐㄧㄥ ㄊㄤˊ
京報,1,ㄐㄧㄥ ㄅㄠˋ
京官,1,ㄐㄧㄥ ㄍㄨㄢ
京室,1,ㄐㄧㄥ ㄕˋ
京察,1,ㄐㄧㄥ ㄔㄚˊ
京尹,1,ㄐㄧㄥ ㄧㄣˇ
京族,1,ㄐㄧㄥ ㄗㄨˊ
京江,1,ㄐㄧㄥ ㄐㄧㄤ
京洛,1,ㄐㄧㄥ ㄌㄨㄛˋ
京派,1,ㄐㄧㄥ ㄆㄞˋ
京白,1,ㄐㄧㄥ ㄅㄞˊ
京縣,1,ㄐㄧㄥ ㄒㄧㄢˋ
京繡,1,ㄐㄧㄥ ㄒㄧㄡˋ
京觀,1,ㄐㄧㄥ ㄍㄨㄢˋ
京語,1,ㄐㄧㄥ ㄩˇ
京邑,1,ㄐㄧㄥ ㄧˋ
京闕,1,ㄐㄧㄥ ㄑㄩㄝˋ
亭場,1,ㄊㄧㄥˊ ㄔㄤˊ
亭彩,1,ㄊㄧㄥˊ ㄘㄞˇ
亭榭,1,ㄊㄧㄥˊ ㄒㄧㄝˋ
亭毒,1,ㄊㄧㄥˊ ㄉㄨˊ
亭皋,1,ㄊㄧㄥˊ ㄍㄠ
亭臺,1,ㄊㄧㄥˊ ㄊㄞˊ
亭障,1,ㄊㄧㄥˊ ㄓㄤˋ
亮像,1,ㄌㄧㄤˋ ㄒㄧㄤˋ
亮子,1,ㄌㄧㄤˋ ㄗ˙
亮富,1,ㄌㄧㄤˋ ㄈㄨˋ
亮察,1,ㄌㄧㄤˋ ㄔㄚˊ
亮槅,1,ㄌㄧㄤˋ ㄍㄜˊ
亮漆,1,ㄌㄧㄤˋ ㄑㄧ
亮直,1,ㄌㄧㄤˋ ㄓˊ
亮紗,1,ㄌㄧㄤˋ ㄕㄚ
亮藍,1,ㄌㄧㄤˋ ㄌㄢˊ
亮醜,1,ㄌㄧㄤˋ ㄔㄡˇ
亮鐘,1,ㄌㄧㄤˋ ㄓㄨㄥ
亮陰,1,ㄌㄧㄤˊ ㄢ
人保,1,ㄖㄣˊ ㄅㄠˇ
人境,1,ㄖㄣˊ ㄐㄧㄥˋ
人天,1,ㄖㄣˊ ㄊㄧㄢ
人夫,1,ㄖㄣˊ ㄈㄨ
人孔,1,ㄖㄣˊ ㄎㄨㄥˇ
人家,1,ㄖㄣˊ ㄐㄧㄚ˙
人彘,1,ㄖㄣˊ ㄓˋ
人從,1,ㄖㄣˊ ㄘㄨㄥˊ
人性,1,ㄖㄣˊ ㄒㄧㄥ˙
人戶,1,ㄖㄣˊ ㄏㄨˋ
人柳,1,ㄖㄣˊ ㄌㄧㄡˇ
人梯,1,ㄖㄣˊ ㄊㄧ
人樣,1,ㄖㄣˊ ㄧㄤ˙
人熊,1,ㄖㄣˊ ㄒㄩㄥˊ
人爵,1,ㄖㄣˊ ㄐㄩㄝˊ
人父,1,ㄖㄣˊ ㄈㄨˋ
人牧,1,ㄖㄣˊ ㄇㄨˋ
人畜,1,ㄖㄣˊ ㄔㄨˋ
人皇,1,ㄖㄣˊ ㄏㄨㄤˊ
人神,1,ㄖㄣˊ ㄕㄣˊ
人立,1,ㄖㄣˊ ㄌㄧˋ
人籟,1,ㄖㄣˊ ㄌㄞˋ
人紀,1,ㄖㄣˊ ㄐㄧˋ
人蛇,1,ㄖㄣˊ ㄕㄜˊ
人謀,1,ㄖㄣˊ ㄇㄡˊ
人鏈,1,ㄖㄣˊ ㄌㄧㄢˋ
人鏡,1,ㄖㄣˊ ㄐㄧㄥˋ
人鑑,1,ㄖㄣˊ ㄐㄧㄢˋ
什一,1,ㄕˊ ㄧ
什伯,1,ㄕˊ ㄅㄛˊ
什器,1,ㄕˊ ㄑㄧˋ
什百,1,ㄕˊ ㄅㄞˇ
什襲,1,ㄕˊ ㄒㄧˊ
什面,1,ㄕˊ ㄇㄧㄢˋ
仁丹,1,ㄖㄣˊ ㄉㄢ
仁宇,1,ㄖㄣˊ ㄩˇ
仁尊,1,ㄖㄣˊ ㄗㄨㄣ
仁恕,1,ㄖㄣˊ ㄕㄨˋ
仁惠,1,ㄖㄣˊ ㄏㄨㄟˋ
仁洽,1,ㄖㄣˊ ㄑㄧㄚˋ
仁澤,1,ㄖㄣˊ ㄗㄜˊ
仁王,1,ㄖㄣˊ ㄨㄤˊ
仁瑞,1,ㄖㄣˊ ㄖㄨㄟˋ
仁義,1,ㄖㄣˊ ㄧ˙
仁聲,1,ㄖㄣˊ ㄕㄥ
仁風,1,ㄖㄣˊ ㄈㄥ
仂語,1,ㄌㄜˋ ㄩˇ
仄媚,1,ㄗㄜˋ ㄇㄟˋ
仄日,1,ㄗㄜˋ ㄖˋ
仄目,1,ㄗㄜˋ ㄇㄨˋ
仄聞,1,ㄗㄜˋ ㄨㄣˊ
仄行,1,ㄗㄜˋ ㄒㄧㄥˊ
仆地,1,ㄆㄨ ㄉㄜ˙
仆然,1,ㄆㄨ ㄖㄢˊ
仇仇,1,ㄑㄧㄡˊ ㄑㄧㄡˊ
仇偶,1,ㄑㄧㄡˊ ㄡˇ
仇英,1,ㄑㄧㄡˊ ㄧㄥ
仇香,1,ㄔㄡˊ ㄒㄧㄤ
今上,1,ㄐㄧㄣ ㄕㄤˋ
今來,1,ㄐㄧㄣ ㄌㄞˊ
今茲,1,ㄐㄧㄣ ㄗ
今草,1,ㄐㄧㄣ ㄘㄠˇ
今譯,1,ㄐㄧㄣ ㄧˋ
今隸,1,ㄐㄧㄣ ㄌㄧˋ
今雨,1,ㄐㄧㄣ ㄩˇ
今音,1,ㄐㄧㄣ ㄧㄣ
今韻,1,ㄐㄧㄣ ㄩㄣˋ
介丘,1,ㄐㄧㄝˋ ㄑㄧㄡ
介介,1,ㄐㄧㄝˋ ㄐㄧㄝˋ
介圭,1,ㄐㄧㄝˋ ㄍㄨㄟ
介士,1,ㄐㄧㄝˋ ㄕˋ
介夫,1,ㄐㄧㄝˋ ㄈㄨ
介居,1,ㄐㄧㄝˋ ㄐㄩ
介山,1,ㄐㄧㄝˋ ㄕㄢ
介幘,1,ㄐㄧㄝˋ ㄗㄜˊ
介弟,1,ㄐㄧㄝˋ ㄉㄧˋ
介懷,1,ㄐㄧㄝˋ ㄏㄨㄞˊ
介母,1,ㄐㄧㄝˋ ㄇㄨˇ
介然,1,ㄐㄧㄝˋ ㄖㄢˊ
介特,1,ㄐㄧㄝˋ ㄊㄜˋ
介石,1,ㄐㄧㄝˋ ㄕˊ
介福,1,ㄐㄧㄝˋ ㄈㄨˊ
介立,1,ㄐㄧㄝˋ ㄌㄧˋ
介音,1,ㄐㄧㄝˋ ㄧㄣ
仍仍,1,ㄖㄥˊ ㄖㄥˊ
仍孫,1,ㄖㄥˊ ㄙㄨㄣ
仍復,1,ㄖㄥˊ ㄈㄨˋ
仔肩,1,ㄗ ㄐㄧㄢ
仔麼,1,ㄗㄞˇ ㄇㄜ˙
仕版,1,ㄕˋ ㄅㄢˇ
他事,1,ㄊㄚ ㄕˋ
他動,1,ㄊㄚ ㄉㄨㄥˋ
他姓,1,ㄊㄚ ㄒㄧㄥˋ
他家,1,ㄊㄚ ㄐㄧㄚ
他年,1,ㄊㄚ ㄋㄧㄢˊ
他心,1,ㄊㄚ ㄒㄧㄣ
他志,1,ㄊㄚ ㄓˋ
他懣,1,ㄊㄚ ㄇㄣˋ
他故,1,ㄊㄚ ㄍㄨˋ
他時,1,ㄊㄚ ㄕˊ
他生,1,ㄊㄚ ㄕㄥ
他端,1,ㄊㄚ ㄉㄨㄢ
他辰,1,ㄊㄚ ㄔㄣˊ
他遷,1,ㄊㄚ ㄑㄧㄢ
仗劍,1,ㄓㄤˋ ㄐㄧㄢˋ
仗托,1,ㄓㄤˋ ㄊㄨㄛ
仗衛,1,ㄓㄤˋ ㄨㄟˋ
仗賴,1,ㄓㄤˋ ㄌㄞˋ
付丙,1,ㄈㄨˋ ㄅㄧㄥˇ
付合,1,ㄈㄨˋ ㄏㄜˊ
付排,1,ㄈㄨˋ ㄆㄞˊ
付方,1,ㄈㄨˋ ㄈㄤ
付畀,1,ㄈㄨˋ ㄅㄧˋ
付耳,1,ㄈㄨˋ ㄦˇ
付能,1,ㄈㄨˋ ㄋㄥˊ
仙仗,1,ㄒㄧㄢ ㄓㄤˋ
仙公,1,ㄒㄧㄢ ㄍㄨㄥ
仙域,1,ㄒㄧㄢ ㄩˋ
仙壇,1,ㄒㄧㄢ ㄊㄢˊ
仙姿,1,ㄒㄧㄢ ㄗ
仙官,1,ㄒㄧㄢ ㄍㄨㄢ
仙客,1,ㄒㄧㄢ ㄎㄜˋ
仙居,1,ㄒㄧㄢ ㄐㄩ
仙才,1,ㄒㄧㄢ ㄘㄞˊ
仙方,1,ㄒㄧㄢ ㄈㄤ
仙曹,1,ㄒㄧㄢ ㄘㄠˊ
仙木,1,ㄒㄧㄢ ㄇㄨˋ
仙果,1,ㄒㄧㄢ ㄍㄨㄛˇ
仙樹,1,ㄒㄧㄢ ㄕㄨˋ
仙機,1,ㄒㄧㄢ ㄐㄧ
仙氣,1,ㄒㄧㄢ ㄑㄧˋ
仙洞,1,ㄒㄧㄢ ㄉㄨㄥˋ
仙海,1,ㄒㄧㄢ ㄏㄞˇ
仙源,1,ㄒㄧㄢ ㄩㄢˊ
仙班,1,ㄒㄧㄢ ㄅㄢ
仙真,1,ㄒㄧㄢ ㄓㄣ
仙筆,1,ㄒㄧㄢ ㄅㄧˇ
仙籍,1,ㄒㄧㄢ ㄐㄧˊ
仙經,1,ㄒㄧㄢ ㄐㄧㄥ
仙茅,1,ㄒㄧㄢ ㄇㄠˊ
仙遊,1,ㄒㄧㄢ ㄧㄡˊ
仙郎,1,ㄒㄧㄢ ㄌㄤˊ
仙顏,1,ㄒㄧㄢ ㄧㄢˊ
仙館,1,ㄒㄧㄢ ㄍㄨㄢˇ
仙骨,1,ㄒㄧㄢ ㄍㄨˇ
仙鼠,1,ㄒㄧㄢ ㄕㄨˇ
仟仟,1,ㄑㄧㄢ ㄑㄧㄢ
仟伯,1,ㄑㄧㄢ ㄅㄛˊ
仡仡,1,ㄧˋ ㄧˋ
仡栗,1,ㄧˋ ㄌㄧˋ
代付,1,ㄉㄞˋ ㄈㄨˋ
代哭,1,ㄉㄞˋ ㄎㄨ
代官,1,ㄉㄞˋ ㄍㄨㄢ
代手,1,ㄉㄞˋ ㄕㄡˇ
代東,1,ㄉㄞˋ ㄉㄨㄥ
代板,1,ㄉㄞˋ ㄅㄢˇ
代留,1,ㄉㄞˋ ㄌㄧㄡˊ
代脈,1,ㄉㄞˋ ㄇㄞˋ
代興,1,ㄉㄞˋ ㄒㄧㄥ
代茶,1,ㄉㄞˋ ㄔㄚˊ
代見,1,ㄉㄞˋ ㄐㄧㄢˋ
代語,1,ㄉㄞˋ ㄩˇ
代起,1,ㄉㄞˋ ㄑㄧˇ
代邀,1,ㄉㄞˋ ㄧㄠ
代郵,1,ㄉㄞˋ ㄧㄡˊ
代面,1,ㄉㄞˋ ㄇㄧㄢˋ
代飯,1,ㄉㄞˋ ㄈㄢˋ
代馬,1,ㄉㄞˋ ㄇㄚˇ
令公,1,ㄌㄧㄥˋ ㄍㄨㄥ
令典,1,ㄌㄧㄥˋ ㄉㄧㄢˇ
令史,1,ㄌㄧㄥˋ ㄕˇ
令君,1,ㄌㄧㄥˋ ㄐㄩㄣ
令嗣,1,ㄌㄧㄥˋ ㄙˋ
令器,1,ㄌㄧㄥˋ ㄑㄧˋ
令士,1,ㄌㄧㄥˋ ㄕˋ
令妻,1,ㄌㄧㄥˋ ㄑㄧ
令婿,1,ㄌㄧㄥˋ ㄒㄩˋ
令媛,1,ㄌㄧㄥˋ ㄩㄢˋ
令子,1,ㄌㄧㄥˋ ㄗˇ
令官,1,ㄌㄧㄥˋ ㄍㄨㄢ
令尹,1,ㄌㄧㄥˋ ㄧㄣˇ
令德,1,ㄌㄧㄥˋ ㄉㄜˊ
令慈,1,ㄌㄧㄥˋ ㄘˊ
令日,1,ㄌㄧㄥˋ ㄖˋ
令旨,1,ㄌㄧㄥˋ ㄓˇ
令月,1,ㄌㄧㄥˋ ㄩㄝˋ
令母,1,ㄌㄧㄥˋ ㄇㄨˇ
令狐,1,ㄌㄧㄥˋ ㄏㄨˊ
令甲,1,ㄌㄧㄥˋ ㄐㄧㄚˇ
令終,1,ㄌㄧㄥˋ ㄓㄨㄥ
令翠,1,ㄌㄧㄥˋ ㄘㄨㄟˋ
令聞,1,ㄌㄧㄥˋ ㄨㄣˊ
令舅,1,ㄌㄧㄥˋ ㄐㄧㄡˋ
令色,1,ㄌㄧㄥˋ ㄙㄜˋ
令辰,1,ㄌㄧㄥˋ ㄔㄣˊ
令閣,1,ㄌㄧㄥˋ ㄍㄜˊ
令閫,1,ㄌㄧㄥˋ ㄎㄨㄣˇ
以定,1,ㄧˇ ㄉㄧㄥˋ
以時,1,ㄧˇ ㄕˊ
以脫,1,ㄧˇ ㄊㄨㄛ
以還,1,ㄧˇ ㄏㄨㄢˊ
仰屋,1,ㄧㄤˇ ㄨ
仰息,1,ㄧㄤˇ ㄒㄧˊ
仰承,1,ㄧㄤˇ ㄔㄥˊ
仰攀,1,ㄧㄤˇ ㄆㄢ
仰求,1,ㄧㄤˇ ㄑㄧㄡˊ
仰泳,1,ㄧㄤˇ ㄩㄥˇ
仰爬,1,ㄧㄤˇ ㄆㄚˊ
仰秣,1,ㄧㄤˇ ㄇㄛˋ
仰給,1,ㄧㄤˇ ㄐㄧˇ
仰翻,1,ㄧㄤˇ ㄈㄢ
仰藥,1,ㄧㄤˇ ㄧㄠˋ
仰視,1,ㄧㄤˇ ㄕˋ
仰觀,1,ㄧㄤˇ ㄍㄨㄢ
仰食,1,ㄧㄤˇ ㄕˊ
仲子,1,ㄓㄨㄥˋ ㄗˇ
仲家,1,ㄓㄨㄥˋ ㄐㄧㄚ
仲弓,1,ㄓㄨㄥˋ ㄍㄨㄥ
仲父,1,ㄓㄨㄥˋ ㄈㄨˇ
仲由,1,ㄓㄨㄥˋ ㄧㄡˊ
仲虺,1,ㄓㄨㄥˋ ㄏㄨㄟˇ
仲雍,1,ㄓㄨㄥˋ ㄩㄥ
仳倠,1,ㄆㄧˇ ㄏㄨㄟ
件件,1,ㄐㄧㄢˋ ㄐㄧㄢˋ
件工,1,ㄐㄧㄢˋ ㄍㄨㄥ
件色,1,ㄐㄧㄢˋ ㄙㄜˋ
任人,1,ㄖㄣˊ ㄖㄣˊ
任使,1,ㄖㄣˋ ㄕˇ
任公,1,ㄖㄣˊ ㄍㄨㄥ
任囂,1,ㄖㄣˊ ㄒㄧㄠ
任士,1,ㄖㄣˋ ㄕˋ
任天,1,ㄖㄣˋ ㄊㄧㄢ
任情,1,ㄖㄣˋ ㄑㄧㄥˊ
任所,1,ㄖㄣˋ ㄙㄨㄛˇ
任昉,1,ㄖㄣˊ ㄈㄤˇ
任氣,1,ㄖㄣˋ ㄑㄧˋ
任脈,1,ㄖㄣˋ ㄇㄞˋ
任達,1,ㄖㄣˋ ㄉㄚˊ
仿圈,1,ㄈㄤˇ ㄑㄩㄢ
仿擬,1,ㄈㄤˇ ㄋㄧˇ
仿紙,1,ㄈㄤˇ ㄓˇ
仿行,1,ㄈㄤˇ ㄒㄧㄥˊ
仿諷,1,ㄈㄤˇ ㄈㄥˋ
仿辦,1,ㄈㄤˇ ㄅㄢˋ
企佇,1,ㄑㄧˋ ㄓㄨˋ
企及,1,ㄑㄧˋ ㄐㄧˊ
企羨,1,ㄑㄧˋ ㄒㄧㄢˋ
企踵,1,ㄑㄧˋ ㄓㄨㄥˇ
伈伈,1,ㄒㄧㄣˇ ㄒㄧㄣˇ
伉俠,1,ㄎㄤˋ ㄒㄧㄚˊ
伉健,1,ㄎㄤˋ ㄐㄧㄢˋ
伊優,1,ㄧ ㄧㄡ
伊吾,1,ㄧ ㄨˊ
伊呂,1,ㄧ ㄌㄩˇ
伊周,1,ㄧ ㄓㄡ
伊川,1,ㄧ ㄔㄨㄢ
伊昔,1,ㄧ ㄒㄧˊ
伊水,1,ㄧ ㄕㄨㄟˇ
伊洛,1,ㄧ ㄌㄨㄛˋ
伊犁,1,ㄧ ㄌㄧˊ
伊蘭,1,ㄧ ㄌㄢˊ
伊蚊,1,ㄧ ㄨㄣˊ
伊鬱,1,ㄧ ㄩˋ
伍伯,1,ㄨˇ ㄅㄛˊ
伍員,1,ㄨˇ ㄩㄣˊ
伍長,1,ㄨˇ ㄓㄤˇ
伎伎,1,ㄐㄧˋ ㄐㄧˋ
伎坊,1,ㄐㄧˋ ㄈㄤ
伎癢,1,ㄐㄧˋ ㄧㄤˇ
伎館,1,ㄐㄧˋ ㄍㄨㄢˇ
伏乞,1,ㄈㄨˊ ㄑㄧˇ
伏事,1,ㄈㄨˊ ㄕˋ
伏伺,1,ㄈㄨˊ ㄙˋ
伏低,1,ㄈㄨˊ ㄉㄧ
伏侍,1,ㄈㄨˊ ㄕˋ
伏几,1,ㄈㄨˊ ㄐㄧ
伏劍,1,ㄈㄨˊ ㄐㄧㄢˋ
伏勝,1,ㄈㄨˊ ㄕㄥ
伏卵,1,ㄈㄨˊ ㄌㄨㄢˇ
伏善,1,ㄈㄨˊ ㄕㄢˋ
伏威,1,ㄈㄨˊ ㄨㄟ
伏尸,1,ㄈㄨˊ ㄕ
伏席,1,ㄈㄨˊ ㄒㄧˊ
伏惟,1,ㄈㄨˊ ㄨㄟˊ
伏想,1,ㄈㄨˊ ㄒㄧㄤˇ
伏手,1,ㄈㄨˊ ㄕㄡˇ
伏日,1,ㄈㄨˊ ㄖˋ
伏旱,1,ㄈㄨˊ ㄏㄢˋ
伏暑,1,ㄈㄨˊ ㄕㄨˇ
伏望,1,ㄈㄨˊ ㄨㄤˋ
伏枕,1,ㄈㄨˊ ㄓㄣˇ
伏櫪,1,ㄈㄨˊ ㄌㄧˋ
伏死,1,ㄈㄨˊ ㄙˇ
伏氣,1,ㄈㄨˊ ㄑㄧˋ
伏水,1,ㄈㄨˊ ㄕㄨㄟˇ
伏汛,1,ㄈㄨˊ ㄒㄩㄣˋ
伏波,1,ㄈㄨˊ ㄅㄛ
伏犧,1,ㄈㄨˊ ㄒㄧ
伏狀,1,ㄈㄨˊ ㄓㄨㄤˋ
伏獵,1,ㄈㄨˊ ㄌㄧㄝˋ
伏甲,1,ㄈㄨˊ ㄐㄧㄚˇ
伏眾,1,ㄈㄨˊ ㄓㄨㄥˋ
伏礁,1,ㄈㄨˊ ㄐㄧㄠ
伏祈,1,ㄈㄨˊ ㄑㄧˊ
伏禮,1,ㄈㄨˊ ㄌㄧˇ
伏竄,1,ㄈㄨˊ ㄘㄨㄢˋ
伏翼,1,ㄈㄨˊ ㄧˋ
伏聞,1,ㄈㄨˊ ㄨㄣˊ
伏肉,1,ㄈㄨˊ ㄖㄡˋ
伏臘,1,ㄈㄨˊ ㄌㄚˋ
伏莽,1,ㄈㄨˊ ㄇㄤˇ
伏落,1,ㄈㄨˊ ㄌㄨㄛˋ
伏行,1,ㄈㄨˊ ㄒㄧㄥˊ
伏見,1,ㄈㄨˊ ㄐㄧㄢˋ
伏謁,1,ㄈㄨˊ ㄧㄝˋ
伏讀,1,ㄈㄨˊ ㄉㄨˊ
伏路,1,ㄈㄨˊ ㄌㄨˋ
伏軍,1,ㄈㄨˊ ㄐㄩㄣ
伏軾,1,ㄈㄨˊ ㄕˋ
伏輸,1,ㄈㄨˊ ㄕㄨ
伏辯,1,ㄈㄨˊ ㄅㄧㄢˋ
伏雌,1,ㄈㄨˊ ㄘ
伏雞,1,ㄈㄨˊ ㄐㄧ
伏願,1,ㄈㄨˊ ㄩㄢˋ
伐交,1,ㄈㄚ ㄐㄧㄠ
伐兵,1,ㄈㄚ ㄅㄧㄥ
伐冰,1,ㄈㄚ ㄅㄧㄥ
伐喪,1,ㄈㄚ ㄙㄤ
伐性,1,ㄈㄚ ㄒㄧㄥˋ
伐柯,1,ㄈㄚ ㄎㄜ
伐檀,1,ㄈㄚ ㄊㄢˊ
伐生,1,ㄈㄚ ㄕㄥ
伐罪,1,ㄈㄚ ㄗㄨㄟˋ
伐薪,1,ㄈㄚ ㄒㄧㄣ
伐藝,1,ㄈㄚ ㄧˋ
伐謀,1,ㄈㄚ ㄇㄡˊ
伐鼓,1,ㄈㄚ ㄍㄨˇ
休休,1,ㄒㄧㄡ ㄒㄧㄡ
休命,1,ㄒㄧㄡ ㄇㄧㄥˋ
休咎,1,ㄒㄧㄡ ㄐㄧㄡˋ
休妻,1,ㄒㄧㄡ ㄑㄧ
休嫌,1,ㄒㄧㄡ ㄒㄧㄢˊ
休屠,1,ㄒㄧㄡ ㄊㄨˊ
休屠,1,ㄒㄧㄡˇ ㄔㄨˊ
休徵,1,ㄒㄧㄡ ㄓㄥ
休提,1,ㄒㄧㄡ ㄊㄧˊ
休明,1,ㄒㄧㄡ ㄇㄧㄥˊ
休暇,1,ㄒㄧㄡ ㄒㄧㄚˋ
休歇,1,ㄒㄧㄡ ㄒㄧㄝ
休沐,1,ㄒㄧㄡ ㄇㄨˋ
休烈,1,ㄒㄧㄡ ㄌㄧㄝˋ
休管,1,ㄒㄧㄡ ㄍㄨㄢˇ
休職,1,ㄒㄧㄡ ㄓˊ
休致,1,ㄒㄧㄡ ㄓˋ
休診,1,ㄒㄧㄡ ㄓㄣˇ
休離,1,ㄒㄧㄡ ㄌㄧˊ
伕役,1,ㄈㄨ ㄧˋ
伙食,1,ㄏㄨㄛˇ ㄕ˙
伯余,1,ㄅㄛˊ ㄩˊ
伯兄,1,ㄅㄛˊ ㄒㄩㄥ
伯克,1,ㄅㄛˊ ㄎㄜˋ
伯兮,1,ㄅㄛˊ ㄒㄧ
伯力,1,ㄅㄛˊ ㄌㄧˋ
伯叔,1,ㄅㄛˊ ㄕㄨˊ
伯嚭,1,ㄅㄛˊ ㄆㄧˇ
伯圖,1,ㄅㄚˋ ㄊㄨˊ
伯夷,1,ㄅㄛˊ ㄧˊ
伯姊,1,ㄅㄛˊ ㄗˇ
伯姬,1,ㄅㄛˊ ㄐㄧ
伯娘,1,ㄅㄛˊ ㄋㄧㄤˊ
伯子,1,ㄅㄞˇ ㄗ˙
伯封,1,ㄅㄛˊ ㄈㄥ
伯強,1,ㄅㄛˊ ㄑㄧㄤˊ
伯彞,1,ㄅㄛˊ ㄧˊ
伯斯,1,ㄅㄛˊ ㄙ
伯服,1,ㄅㄛˊ ㄈㄨˊ
伯業,1,ㄅㄚˋ ㄧㄝˋ
伯氏,1,ㄅㄛˊ ㄕˋ
伯牙,1,ㄅㄛˊ ㄧㄚˊ
伯益,1,ㄅㄛˊ ㄧˋ
伯禹,1,ㄅㄛˊ ㄩˇ
伯納,1,ㄅㄛˊ ㄋㄚˋ
伯羅,1,ㄅㄛˊ ㄌㄨㄛˊ
伯舅,1,ㄅㄛˊ ㄐㄧㄡˋ
伯蘭,1,ㄅㄛˊ ㄌㄢˊ
伯陵,1,ㄅㄛˊ ㄌㄧㄥˊ
伯陽,1,ㄅㄛˊ ㄧㄤˊ
伯雷,1,ㄅㄛˊ ㄌㄟˊ
伯靈,1,ㄅㄛˊ ㄌㄧㄥˊ
伯魚,1,ㄅㄛˊ ㄩˊ
估中,1,ㄍㄨ ㄓㄨㄥˋ
估倒,1,ㄍㄨ ㄉㄠˇ
估倧,1,ㄍㄨ ㄗㄨㄥ
估喝,1,ㄍㄨ ㄏㄜˋ
估客,1,ㄍㄨ ㄎㄜˋ
估摸,1,ㄍㄨ ㄇㄛ˙
估稅,1,ㄍㄨ ㄕㄨㄟˋ
伴同,1,ㄅㄢˋ ㄊㄨㄥˊ
伴哥,1,ㄅㄢˋ ㄍㄜ
伴夥,1,ㄅㄢˋ ㄏㄨㄛˇ
伴奐,1,ㄅㄢˋ ㄏㄨㄢˋ
伴姑,1,ㄅㄢˋ ㄍㄨ
伴宿,1,ㄅㄢˋ ㄙㄨˋ
伴星,1,ㄅㄢˋ ㄒㄧㄥ
伴材,1,ㄅㄢˋ ㄘㄞˊ
伴當,1,ㄅㄢˋ ㄉㄤ
伴等,1,ㄅㄢˋ ㄉㄥˇ
伶便,1,ㄌㄧㄥˊ ㄅㄧㄢˋ
伶俜,1,ㄌㄧㄥˊ ㄆㄧㄥ
伶倫,1,ㄌㄧㄥˊ ㄌㄨㄣˊ
伶優,1,ㄌㄧㄥˊ ㄧㄡ
伶透,1,ㄌㄧㄥˊ ㄊㄡ˙
伸剖,1,ㄕㄣ ㄆㄡˇ
伸志,1,ㄕㄣ ㄓˋ
伸眉,1,ㄕㄣ ㄇㄟˊ
伺便,1,ㄙˋ ㄅㄧㄢˋ
伺候,1,ㄘˋ ㄏㄡ˙
伺探,1,ㄙˋ ㄊㄢˋ
似的,1,ㄙˋ ㄉㄜ˙
似續,1,ㄙˋ ㄒㄩˋ
伽伽,1,ㄑㄧㄝˊ ㄑㄧㄝˊ
伽馬,1,ㄐㄧㄚ ㄇㄚˇ
伾伾,1,ㄆㄧ ㄆㄧ
佁然,1,ㄞˇ ㄖㄢˊ
佃作,1,ㄊㄧㄢˊ ㄗㄨㄛˋ
佃契,1,ㄉㄧㄢˋ ㄑㄧˋ
佃獵,1,ㄊㄧㄢˊ ㄌㄧㄝˋ
但云,1,ㄉㄢˋ ㄩㄣˊ
但使,1,ㄉㄢˋ ㄕˇ
但得,1,ㄉㄢˋ ㄉㄜˊ
但是,1,ㄉㄢˋ ㄕ˙
但曲,1,ㄉㄢˋ ㄑㄩˇ
但歌,1,ㄉㄢˋ ㄍㄜ
但民,1,ㄉㄢˋ ㄇㄧㄣˊ
但澤,1,ㄉㄢˋ ㄗㄜˊ
但聞,1,ㄉㄢˋ ㄨㄣˊ
佇眙,1,ㄓㄨˋ ㄔˋ
佈劃,1,ㄅㄨˋ ㄏㄨㄚˋ
佈擺,1,ㄅㄨˋ ㄅㄞˇ
佈散,1,ㄅㄨˋ ㄙㄢˋ
佈菜,1,ㄅㄨˋ ㄘㄞˋ
佈讓,1,ㄅㄨˋ ㄖㄤˋ
佉沙,1,ㄑㄩ ㄕㄚ
佌佌,1,ㄘˇ ㄘˇ
位分,1,ㄨㄟˋ ㄈㄣ˙
位階,1,ㄨㄟˋ ㄐㄧㄝ
低亞,1,ㄉㄧ ㄧㄚˋ
低利,1,ㄉㄧ ㄌㄧˋ
低吟,1,ㄉㄧ ㄧㄣˊ
低啞,1,ㄉㄧ ㄧㄚˇ
低嚷,1,ㄉㄧ ㄖㄤˇ
低度,1,ㄉㄧ ㄉㄨˋ
低徊,1,ㄉㄧ ㄏㄨㄟˊ
低心,1,ㄉㄧ ㄒㄧㄣ
低昂,1,ㄉㄧ ㄤˊ
低智,1,ㄉㄧ ㄓˋ
低淺,1,ㄉㄧ ㄑㄧㄢˇ
低溼,1,ㄉㄧ ㄕ
低薪,1,ㄉㄧ ㄒㄧㄣ
低謳,1,ㄉㄧ ㄡ
低谷,1,ㄉㄧ ㄍㄨˇ
低迴,1,ㄉㄧ ㄏㄨㄟˊ
低進,1,ㄉㄧ ㄐㄧㄣˋ
低靡,1,ㄉㄧ ㄇㄧˇ
低額,1,ㄉㄧ ㄜˊ
低顏,1,ㄉㄧ ㄧㄢˊ
低鬟,1,ㄉㄧ ㄏㄨㄢˊ
住坐,1,ㄓㄨˋ ㄗㄨㄛˋ
住客,1,ㄓㄨˋ ㄎㄜˋ
住紮,1,ㄓㄨˋ ㄓㄚˊ
住腳,1,ㄓㄨˋ ㄐㄧㄠˇ
住閒,1,ㄓㄨˋ ㄒㄧㄢˊ
佐命,1,ㄗㄨㄛˇ ㄇㄧㄥˋ
佐政,1,ㄗㄨㄛˇ ㄓㄥˋ
佐書,1,ㄗㄨㄛˇ ㄕㄨ
佐治,1,ㄗㄨㄛˇ ㄓˋ
佐膳,1,ㄗㄨㄛˇ ㄕㄢˋ
佔畢,1,ㄓㄢ ㄅㄧˋ
何之,1,ㄏㄜˊ ㄓ
何休,1,ㄏㄜˊ ㄒㄧㄡ
何似,1,ㄏㄜˊ ㄙˋ
何但,1,ㄏㄜˊ ㄉㄢˋ
何傷,1,ㄏㄜˊ ㄕㄤ
何則,1,ㄏㄜˊ ㄗㄜˊ
何哉,1,ㄏㄜˊ ㄗㄞ
何啻,1,ㄏㄜˊ ㄔˋ
何居,1,ㄏㄜˊ ㄐㄩ
何常,1,ㄏㄜˊ ㄔㄤˊ
何得,1,ㄏㄜˊ ㄉㄜˊ
何從,1,ㄏㄜˊ ㄘㄨㄥˊ
何意,1,ㄏㄜˊ ㄧˋ
何敢,1,ㄏㄜˊ ㄍㄢˇ
何有,1,ㄏㄜˊ ㄧㄡˇ
何期,1,ㄏㄜˊ ㄑㄧˊ
何極,1,ㄏㄜˊ ㄐㄧˊ
何消,1,ㄏㄜˊ ㄒㄧㄠ
何焯,1,ㄏㄜˊ ㄓㄨㄛˊ
何物,1,ㄏㄜˊ ㄨˋ
何由,1,ㄏㄜˊ ㄧㄡˊ
何當,1,ㄏㄜˊ ㄉㄤ
何與,1,ㄏㄜˊ ㄩˋ
何許,1,ㄏㄜˊ ㄒㄩˇ
何賈,1,ㄏㄜˊ ㄐㄧㄚˇ
何進,1,ㄏㄜˊ ㄐㄧㄣˋ
何遜,1,ㄏㄜˊ ㄒㄩㄣˋ
何關,1,ㄏㄜˊ ㄍㄨㄢ
何預,1,ㄏㄜˊ ㄩˋ
何鼓,1,ㄏㄜˊ ㄍㄨˇ
佗佗,1,ㄊㄨㄛˊ ㄊㄨㄛˊ
余余,1,ㄒㄩˊ ㄒㄩˊ
余月,1,ㄩˊ ㄩㄝˋ
余車,1,ㄩˊ ㄐㄩ
佚事,1,ㄧˋ ㄕˋ
佚女,1,ㄧˋ ㄋㄩˇ
佚樂,1,ㄧˋ ㄌㄜˋ
佚蕩,1,ㄧˋ ㄉㄤˋ
佚遊,1,ㄧˋ ㄧㄡˊ
佛七,1,ㄈㄛˊ ㄑㄧ
佛剎,1,ㄈㄛˊ ㄔㄚˋ
佛印,1,ㄈㄛˊ ㄧㄣˋ
佛因,1,ㄈㄛˊ ㄧㄣ
佛圖,1,ㄈㄛˊ ㄊㄨˊ
佛地,1,ㄈㄛˊ ㄉㄧˋ
佛場,1,ㄈㄛˊ ㄔㄤˊ
佛妝,1,ㄈㄛˊ ㄓㄨㄤ
佛子,1,ㄈㄛˊ ㄗˇ
佛帕,1,ㄈㄛˊ ㄆㄚˋ
佛戾,1,ㄈㄛˊ ㄌㄧˋ
佛手,1,ㄈㄛˊ ㄕㄡˇ
佛日,1,ㄈㄛˊ ㄖˋ
佛曲,1,ㄈㄛˊ ㄑㄩˇ
佛會,1,ㄈㄛˊ ㄏㄨㄟˋ
佛果,1,ㄈㄛˊ ㄍㄨㄛˇ
佛桑,1,ㄈㄛˊ ㄙㄤ
佛海,1,ㄈㄛˊ ㄏㄞˇ
佛燈,1,ㄈㄛˊ ㄉㄥ
佛爺,1,ㄈㄛˊ ㄧㄝ˙
佛珠,1,ㄈㄛˊ ㄓㄨ
佛科,1,ㄈㄛˊ ㄎㄜ
佛粥,1,ㄈㄛˊ ㄓㄡ
佛肸,1,ㄅㄧˋ ㄒㄧˋ
佛貍,1,ㄅㄧˋ ㄌㄧˊ
佛青,1,ㄈㄛˊ ㄑㄧㄥ
佛馱,1,ㄈㄛˊ ㄊㄨㄛˊ
作仗,1,ㄗㄨㄛˋ ㄓㄤˋ
作件,1,ㄗㄨㄛˋ ㄐㄧㄢˋ
作伐,1,ㄗㄨㄛˋ ㄈㄚ
作俑,1,ㄗㄨㄛˋ ㄩㄥˇ
作倖,1,ㄗㄨㄛˋ ㄒㄧㄥˋ
作做,1,ㄗㄨㄛˋ ㄗㄨㄛˋ
作別,1,ㄗㄨㄛˋ ㄅㄧㄝˊ
作反,1,ㄗㄨㄛˋ ㄈㄢˇ
作喧,1,ㄗㄨㄛˋ ㄒㄩㄢ
作喬,1,ㄗㄨㄛˋ ㄑㄧㄠˊ
作坊,1,ㄗㄨㄛ ㄈㄤ˙
作場,1,ㄗㄨㄛˋ ㄔㄤˊ
作塌,1,ㄗㄨㄛˋ ㄊㄚ
作外,1,ㄗㄨㄛˋ ㄨㄞˋ
作媒,1,ㄗㄨㄛˋ ㄇㄟˊ
作幕,1,ㄗㄨㄛˋ ㄇㄨˋ
作念,1,ㄗㄨㄛˋ ㄋㄧㄢˋ
作急,1,ㄗㄨㄛˋ ㄐㄧˊ
作情,1,ㄗㄨㄛˋ ㄑㄧㄥ˙
作意,1,ㄗㄨㄛˋ ㄧˋ
作房,1,ㄗㄨㄛˋ ㄈㄤˊ
作手,1,ㄗㄨㄛˋ ㄕㄡˇ
作排,1,ㄗㄨㄛˋ ㄆㄞˊ
作摩,1,ㄗㄨㄛˊ ㄇㄛ˙
作數,1,ㄗㄨㄛˋ ㄕㄨˋ
作染,1,ㄗㄨㄛˋ ㄖㄢˇ
作樂,1,ㄗㄨㄛˋ ㄌㄜˋ
作歹,1,ㄗㄨㄛˋ ㄉㄞˇ
作死,1,ㄗㄨㄛ ㄙˇ
作畦,1,ㄗㄨㄛˋ ㄒㄧ
作疑,1,ㄗㄨㄛˋ ㄧˊ
作盃,1,ㄗㄨㄛˋ ㄅㄟ
作禮,1,ㄗㄨㄛˋ ㄌㄧˇ
作算,1,ㄗㄨㄛˋ ㄙㄨㄢˋ
作綴,1,ㄗㄨㄛˋ ㄓㄨㄟˋ
作緣,1,ㄗㄨㄛˋ ㄩㄢˊ
作繭,1,ㄗㄨㄛˋ ㄐㄧㄢˇ
作美,1,ㄗㄨㄛˋ ㄇㄟˇ
作耍,1,ㄗㄨㄛˋ ㄕㄨㄚˇ
作耗,1,ㄗㄨㄛˋ ㄏㄠˋ
作育,1,ㄗㄨㄛˋ ㄩˋ
作興,1,ㄗㄨㄛˋ ㄒㄧㄥ
作色,1,ㄗㄨㄛˋ ㄙㄜˋ
作苦,1,ㄗㄨㄛˋ ㄎㄨˇ
作荒,1,ㄗㄨㄛˋ ㄏㄨㄤ
作計,1,ㄗㄨㄛˋ ㄐㄧˋ
作諢,1,ㄗㄨㄛˋ ㄏㄨㄣˋ
作變,1,ㄗㄨㄛˋ ㄅㄧㄢˋ
作踐,1,ㄗㄨㄛˊ ㄐㄧㄢˋ
作蹋,1,ㄗㄨㄛˋ ㄊㄚˋ
作輟,1,ㄗㄨㄛˋ ㄔㄨㄛˋ
作速,1,ㄗㄨㄛˋ ㄙㄨˋ
作酸,1,ㄗㄨㄛ ㄙㄨㄢ
作酸,1,ㄗㄨㄛˋ ㄙㄨㄢ
作鋪,1,ㄗㄨㄛˋ ㄆㄨˋ
作難,1,ㄗㄨㄛˋ ㄋㄢˊ
作館,1,ㄗㄨㄛˋ ㄍㄨㄢˇ
佞史,1,ㄋㄧㄥˋ ㄕˇ
佞幸,1,ㄋㄧㄥˋ ㄒㄧㄥˋ
佞祿,1,ㄋㄧㄥˋ ㄌㄨˋ
佞臣,1,ㄋㄧㄥˋ ㄔㄣˊ
佞舌,1,ㄋㄧㄥˋ ㄕㄜˊ
佞言,1,ㄋㄧㄥˋ ㄧㄢˊ
你咱,1,ㄋㄧˇ ㄗㄢˊ
你家,1,ㄋㄧˇ ㄐㄧㄚ
你生,1,ㄋㄧˇ ㄕㄥ
佣鈿,1,ㄩㄥˋ ㄉㄧㄢˋ
佣錢,1,ㄩㄥˋ ㄑㄧㄢ˙
佤族,1,ㄨㄚˇ ㄗㄨˊ
佤語,1,ㄨㄚˇ ㄩˇ
佧佤,1,ㄎㄚˇ ㄨㄚˇ
佧喇,1,ㄎㄚˇ ㄌㄚ
佩印,1,ㄆㄟˋ ㄧㄣˋ
佩弦,1,ㄆㄟˋ ㄒㄧㄢˊ
佩恩,1,ㄆㄟˋ ㄣ
佩服,1,ㄆㄟˋ ㄈㄨ˙
佩環,1,ㄆㄟˋ ㄏㄨㄢˊ
佩蘭,1,ㄆㄟˋ ㄌㄢˊ
佩蟬,1,ㄆㄟˋ ㄔㄢˊ
佩觿,1,ㄆㄟˋ ㄒㄧ
佩韋,1,ㄆㄟˋ ㄨㄟˊ
佯佯,1,ㄧㄤˊ ㄧㄤˊ
佯攻,1,ㄧㄤˊ ㄍㄨㄥ
佯敗,1,ㄧㄤˊ ㄅㄞˋ
佳什,1,ㄐㄧㄚ ㄕˊ
佳俠,1,ㄐㄧㄚ ㄒㄧㄚˊ
佳兒,1,ㄐㄧㄚ ㄦˊ
佳兵,1,ㄐㄧㄚ ㄅㄧㄥ
佳冶,1,ㄐㄧㄚ ㄧㄝˇ
佳器,1,ㄐㄧㄚ ㄑㄧˋ
佳士,1,ㄐㄧㄚ ㄕˋ
佳婿,1,ㄐㄧㄚ ㄒㄩˋ
佳快,1,ㄐㄧㄚ ㄎㄨㄞˋ
佳本,1,ㄐㄧㄚ ㄅㄣˇ
佳氣,1,ㄐㄧㄚ ㄑㄧˋ
佳耦,1,ㄐㄧㄚ ㄡˇ
佳肴,1,ㄐㄧㄚ ㄧㄠˊ
佳致,1,ㄐㄧㄚ ㄓˋ
佳譽,1,ㄐㄧㄚ ㄩˋ
佳趣,1,ㄐㄧㄚ ㄑㄩˋ
併兼,1,ㄅㄧㄥˋ ㄐㄧㄢ
併力,1,ㄅㄧㄥˋ ㄌㄧˋ
併名,1,ㄅㄧㄥˋ ㄇㄧㄥˊ
併火,1,ㄅㄧㄥˋ ㄏㄨㄛˇ
併當,1,ㄅㄧㄥˋ ㄉㄤˋ
併疊,1,ㄅㄧㄥˋ ㄉㄧㄝˊ
併立,1,ㄅㄧㄥˋ ㄌㄧˋ
併除,1,ㄅㄧㄥˋ ㄔㄨˊ
併骨,1,ㄅㄧㄥˋ ㄍㄨˇ
佶倬,1,ㄐㄧˊ ㄓㄨㄛˊ
佷用,1,ㄏㄣˇ ㄩㄥˋ
佹佹,1,ㄍㄨㄟˇ ㄍㄨㄟˇ
佹僪,1,ㄍㄨㄟˇ ㄐㄩㄝˊ
佹詩,1,ㄍㄨㄟˇ ㄕ
佹辯,1,ㄍㄨㄟˇ ㄅㄧㄢˋ
佻㒓,1,ㄊㄧㄠ ㄊㄚˋ
佻佻,1,ㄊㄧㄠˊ ㄊㄧㄠˊ
佻巧,1,ㄊㄧㄠ ㄑㄧㄠˇ
佻脫,1,ㄊㄧㄠ ㄊㄨㄛ
佻薄,1,ㄊㄧㄠ ㄅㄛˊ
佼人,1,ㄐㄧㄠˇ ㄖㄣˊ
佼佼,1,ㄐㄧㄠˇ ㄐㄧㄠˇ
佽飛,1,ㄘˋ ㄈㄟ
使乖,1,ㄕˇ ㄍㄨㄞ
使得,1,ㄕˇ ㄉㄜ˙
使數,1,ㄕˇ ㄕㄨˋ
使星,1,ㄕˇ ㄒㄧㄥ
使費,1,ㄕˇ ㄈㄟˋ
使酒,1,ㄕˇ ㄐㄧㄡˇ
使錢,1,ㄕˇ ㄑㄧㄢˊ
使長,1,ㄕˇ ㄓㄤˇ
侁侁,1,ㄕㄣ ㄕㄣ
侃侃,1,ㄎㄢˇ ㄎㄢˇ
侃爾,1,ㄎㄢˇ ㄦˇ
來享,1,ㄌㄞˊ ㄒㄧㄤˇ
來今,1,ㄌㄞˊ ㄐㄧㄣ
來使,1,ㄌㄞˊ ㄕˇ
來來,1,ㄌㄞˊ ㄌㄞ˙
來儀,1,ㄌㄞˊ ㄧˊ
來古,1,ㄌㄞˊ ㄍㄨˇ
來哲,1,ㄌㄞˊ ㄓㄜˊ
來因,1,ㄌㄞˊ ㄧㄣ
來孫,1,ㄌㄞˊ ㄙㄨㄣ
來學,1,ㄌㄞˊ ㄒㄩㄝˊ
來往,1,ㄌㄞˊ ㄨㄤ˙
來得,1,ㄌㄞˊ ㄉㄜ˙
來情,1,ㄌㄞˊ ㄑㄧㄥˊ
來手,1,ㄌㄞˊ ㄕㄡˇ
來月,1,ㄌㄞˊ ㄩㄝˋ
來朝,1,ㄌㄞˊ ㄓㄠ
來朝,1,ㄌㄞˊ ㄔㄠˊ
來期,1,ㄌㄞˊ ㄑㄧˊ
來果,1,ㄌㄞˊ ㄍㄨㄛˇ
來歲,1,ㄌㄞˊ ㄙㄨㄟˋ
來派,1,ㄌㄞˊ ㄆㄞ˙
來潮,1,ㄌㄞˊ ㄔㄠˊ
來煞,1,ㄌㄞˊ ㄕㄚˋ
來牟,1,ㄌㄞˊ ㄇㄡˊ
來的,1,ㄌㄞˊ ㄉㄜ˙
來緣,1,ㄌㄞˊ ㄩㄢˊ
來茲,1,ㄌㄞˊ ㄗ
來葉,1,ㄌㄞˊ ㄧㄝˋ
來蘇,1,ㄌㄞˊ ㄙㄨ
來諭,1,ㄌㄞˊ ㄩˋ
來貺,1,ㄌㄞˊ ㄎㄨㄤˋ
來附,1,ㄌㄞˊ ㄈㄨˋ
來頓,1,ㄌㄞˊ ㄉㄨㄣˋ
來頭,1,ㄌㄞˊ ㄊㄡ˙
來龍,1,ㄌㄞˊ ㄌㄨㄥˊ
侈侈,1,ㄔˇ ㄔˇ
侈口,1,ㄔˇ ㄎㄡˇ
侈弇,1,ㄔˇ ㄧㄢˇ
侈糜,1,ㄔˇ ㄇㄧˊ
侈論,1,ㄔˇ ㄌㄨㄣˋ
侈離,1,ㄔˇ ㄌㄧˊ
侉子,1,ㄎㄨㄚˇ ㄗ˙
例監,1,ㄌㄧˋ ㄐㄧㄢ
例規,1,ㄌㄧˋ ㄍㄨㄟ
例貢,1,ㄌㄧˋ ㄍㄨㄥˋ
侍人,1,ㄕˋ ㄖㄣˊ
侍兒,1,ㄕˋ ㄦˊ
侍妾,1,ㄕˋ ㄑㄧㄝˋ
侍子,1,ㄕˋ ㄗˇ
侍弄,1,ㄕˋ ㄋㄨㄥˋ
侍役,1,ㄕˋ ㄧˋ
侍御,1,ㄕˋ ㄩˋ
侍生,1,ㄕˋ ㄕㄥ
侍立,1,ㄕˋ ㄌㄧˋ
侍講,1,ㄕˋ ㄐㄧㄤˇ
侍讀,1,ㄕˋ ㄉㄨˊ
侍醫,1,ㄕˋ ㄧ
侏離,1,ㄓㄨ ㄌㄧˊ
侑卮,1,ㄧㄡˋ ㄓ
侑觴,1,ㄧㄡˋ ㄕㄤ
侑食,1,ㄧㄡˋ ㄕˊ
侔德,1,ㄇㄡˊ ㄉㄜˊ
侖琴,1,ㄌㄨㄣˊ ㄑㄧㄣˊ
侗劇,1,ㄉㄨㄥˋ ㄐㄩˋ
侗族,1,ㄉㄨㄥˋ ㄗㄨˊ
侗語,1,ㄉㄨㄥˋ ㄩˇ
侘傺,1,ㄔㄚˋ ㄔˋ
供事,1,ㄍㄨㄥˋ ㄕˋ
供吐,1,ㄍㄨㄥ ㄊㄨˇ
供奠,1,ㄍㄨㄥˋ ㄉㄧㄢˋ
供客,1,ㄍㄨㄥˋ ㄎㄜˋ
供尖,1,ㄍㄨㄥˋ ㄐㄧㄢ
供床,1,ㄍㄨㄥˋ ㄔㄨㄤˊ
供張,1,ㄍㄨㄥ ㄓㄤ
供應,1,ㄍㄨㄥˋ ㄧㄥˋ
供承,1,ㄍㄨㄥ ㄔㄥˊ
供招,1,ㄍㄨㄥ ㄓㄠ
供攀,1,ㄍㄨㄥ ㄆㄢ
供果,1,ㄍㄨㄥˋ ㄍㄨㄛˇ
供獻,1,ㄍㄨㄥˋ ㄒㄧㄢˋ
供用,1,ㄍㄨㄥ ㄩㄥˋ
供碗,1,ㄍㄨㄥˋ ㄨㄢˇ
供茶,1,ㄍㄨㄥˋ ㄔㄚˊ
供過,1,ㄍㄨㄥ ㄍㄨㄛˋ
供食,1,ㄍㄨㄥ ㄕˊ
侜張,1,ㄓㄡ ㄓㄤ
依仁,1,ㄧ ㄖㄣˊ
依原,1,ㄧ ㄩㄢˊ
依實,1,ㄧ ㄕˊ
依憑,1,ㄧ ㄆㄧㄥˊ
依戴,1,ㄧ ㄉㄞˋ
依時,1,ㄧ ㄕˊ
依棲,1,ㄧ ㄑㄧ
依般,1,ㄧ ㄅㄢ
依贊,1,ㄧ ㄗㄢˋ
依違,1,ㄧ ㄨㄟˊ
依還,1,ㄧ ㄏㄨㄢˊ
依隨,1,ㄧ ㄙㄨㄟˊ
依韻,1,ㄧ ㄩㄣˋ
侮手,1,ㄨˇ ㄕㄡˇ
侯伯,1,ㄏㄡˊ ㄅㄛˊ
侯嬴,1,ㄏㄡˊ ㄧㄥˊ
侯景,1,ㄏㄡˊ ㄐㄧㄥˇ
侯服,1,ㄏㄡˊ ㄈㄨˊ
侯王,1,ㄏㄡˊ ㄨㄤˊ
侯生,1,ㄏㄡˊ ㄕㄥ
侯甸,1,ㄏㄡˊ ㄉㄧㄢˋ
侯白,1,ㄏㄡˊ ㄅㄞˊ
侯門,1,ㄏㄡˊ ㄇㄣˊ
侲子,1,ㄓㄣˋ ㄗˇ
侵事,1,ㄑㄧㄣ ㄕˋ
侵侮,1,ㄑㄧㄣ ㄨˇ
侵傍,1,ㄑㄧㄣ ㄅㄤˋ
侵削,1,ㄑㄧㄣ ㄒㄩㄝˋ
侵哄,1,ㄑㄧㄣ ㄏㄨㄥˇ
侵噬,1,ㄑㄧㄣ ㄕˋ
侵官,1,ㄑㄧㄣ ㄍㄨㄢ
侵尋,1,ㄑㄧㄣ ㄒㄩㄣˊ
侵掠,1,ㄑㄧㄣ ㄌㄩㄝˋ
侵早,1,ㄑㄧㄣ ㄗㄠˇ
侵星,1,ㄑㄧㄣ ㄒㄧㄥ
侵晨,1,ㄑㄧㄣ ㄔㄣˊ
侵暴,1,ㄑㄧㄣ ㄅㄠˋ
侵曉,1,ㄑㄧㄣ ㄒㄧㄠˇ
侵淫,1,ㄑㄧㄣ ㄧㄣˊ
侵漁,1,ㄑㄧㄣ ㄩˊ
侵瀆,1,ㄑㄧㄣ ㄉㄨˊ
侵牟,1,ㄑㄧㄣ ㄇㄡˊ
侵用,1,ㄑㄧㄣ ㄩㄥˋ
侵陵,1,ㄑㄧㄣ ㄌㄧㄥˊ
侹侹,1,ㄊㄧㄥˇ ㄊㄧㄥˇ
便不,1,ㄅㄧㄢˋ ㄅㄨˋ
便了,1,ㄅㄧㄢˋ ㄌㄧㄠˇ
便交,1,ㄅㄧㄢˋ ㄐㄧㄠ
便人,1,ㄅㄧㄢˋ ㄖㄣˊ
便休,1,ㄅㄧㄢˋ ㄒㄧㄡ
便佞,1,ㄆㄧㄢˊ ㄋㄧㄥˋ
便便,1,ㄆㄧㄢˊ ㄆㄧㄢˊ
便做,1,ㄅㄧㄢˋ ㄗㄨㄛˋ
便函,1,ㄅㄧㄢˋ ㄏㄢˊ
便器,1,ㄅㄧㄢˋ ㄑㄧˋ
便好,1,ㄅㄧㄢˋ ㄏㄠˇ
便娟,1,ㄆㄧㄢˊ ㄐㄩㄢ
便嬖,1,ㄆㄧㄢˊ ㄅㄧˋ
便嬛,1,ㄆㄧㄢˊ ㄒㄩㄢ
便安,1,ㄆㄧㄢˊ ㄢ
便官,1,ㄅㄧㄢˋ ㄍㄨㄢ
便宜,1,ㄅㄧㄢˋ ㄧˊ
便宜,1,ㄆㄧㄢˊ ㄧ˙
便宴,1,ㄅㄧㄢˋ ㄧㄢˋ
便家,1,ㄅㄧㄢˋ ㄐㄧㄚ
便就,1,ㄅㄧㄢˋ ㄐㄧㄡˋ
便席,1,ㄅㄧㄢˋ ㄒㄧˊ
便待,1,ㄅㄧㄢˋ ㄉㄞˋ
便得,1,ㄅㄧㄢˋ ㄉㄜˊ
便得,1,ㄅㄧㄢˋ ㄉㄟˇ
便房,1,ㄅㄧㄢˋ ㄈㄤˊ
便教,1,ㄅㄧㄢˋ ㄐㄧㄠˋ
便旋,1,ㄅㄧㄢˋ ㄒㄩㄢˊ
便桶,1,ㄅㄧㄢˋ ㄊㄨㄥˇ
便殿,1,ㄅㄧㄢˋ ㄉㄧㄢˋ
便毒,1,ㄅㄧㄢˋ ㄉㄨˊ
便水,1,ㄅㄧㄢˋ ㄕㄨㄟˇ
便液,1,ㄅㄧㄢˋ ㄧㄝˋ
便用,1,ㄅㄧㄢˋ ㄩㄥˋ
便當,1,ㄅㄧㄢˋ ㄉㄤ˙
便盆,1,ㄅㄧㄢˋ ㄆㄣˊ
便益,1,ㄅㄧㄢˋ ㄧˋ
便碟,1,ㄅㄧㄢˋ ㄉㄧㄝˊ
便章,1,ㄅㄧㄢˋ ㄓㄤ
便索,1,ㄅㄧㄢˋ ㄙㄨㄛˇ
便罷,1,ㄅㄧㄢˋ ㄅㄚˋ
便血,1,ㄅㄧㄢˋ ㄒㄧㄝˇ
便袋,1,ㄅㄧㄢˋ ㄉㄞˋ
便覽,1,ㄅㄧㄢˋ ㄌㄢˇ
便言,1,ㄆㄧㄢˊ ㄧㄢˊ
便走,1,ㄅㄧㄢˋ ㄗㄡˇ
便路,1,ㄅㄧㄢˋ ㄌㄨˋ
便身,1,ㄅㄧㄢˋ ㄕㄣ
便郵,1,ㄅㄧㄢˋ ㄧㄡˊ
便錢,1,ㄅㄧㄢˋ ㄑㄧㄢˊ
便面,1,ㄅㄧㄢˋ ㄇㄧㄢˋ
便須,1,ㄅㄧㄢˋ ㄒㄩ
俁俁,1,ㄩˇ ㄩˇ
係爭,1,ㄒㄧˋ ㄓㄥ
係獲,1,ㄒㄧˋ ㄏㄨㄛˋ
係累,1,ㄒㄧˋ ㄌㄟˇ
係臂,1,ㄒㄧˋ ㄅㄧˋ
係踵,1,ㄒㄧˋ ㄓㄨㄥˇ
係蹄,1,ㄒㄧˋ ㄊㄧˊ
係頸,1,ㄒㄧˋ ㄐㄧㄥˇ
促促,1,ㄘㄨˋ ㄘㄨˋ
促坐,1,ㄘㄨˋ ㄗㄨㄛˋ
促席,1,ㄘㄨˋ ㄒㄧˊ
促忙,1,ㄘㄨˋ ㄇㄤˊ
促拍,1,ㄘㄨˋ ㄆㄞ
促掐,1,ㄘㄨˋ ㄑㄧㄚ
促步,1,ㄘㄨˋ ㄅㄨˋ
促病,1,ㄘㄨˋ ㄅㄧㄥˋ
促發,1,ㄘㄨˋ ㄈㄚ
促眉,1,ㄘㄨˋ ㄇㄟˊ
促織,1,ㄘㄨˋ ㄓ
促聲,1,ㄘㄨˋ ㄕㄥ
促脈,1,ㄘㄨˋ ㄇㄞˋ
促裝,1,ㄘㄨˋ ㄓㄨㄤ
促趲,1,ㄘㄨˋ ㄗㄢˇ
促迫,1,ㄘㄨˋ ㄆㄛˋ
促音,1,ㄘㄨˋ ㄧㄣ
俄延,1,ㄜˊ ㄧㄢˊ
俄然,1,ㄜˊ ㄖㄢˊ
俄爾,1,ㄜˊ ㄦˇ
俅俅,1,ㄑㄧㄡˊ ㄑㄧㄡˊ
俇俇,1,ㄨㄤˇ ㄨㄤˇ
俇攘,1,ㄨㄤˇ ㄖㄤˇ
俊乂,1,ㄐㄩㄣˋ ㄧˋ
俊刮,1,ㄐㄩㄣˋ ㄍㄨㄚ
俊器,1,ㄐㄩㄣˋ ㄑㄧˋ
俊士,1,ㄐㄩㄣˋ ㄕˋ
俊彥,1,ㄐㄩㄣˋ ㄧㄢˋ
俊德,1,ㄐㄩㄣˋ ㄉㄜˊ
俊拔,1,ㄐㄩㄣˋ ㄅㄚˊ
俊敏,1,ㄐㄩㄣˋ ㄇㄧㄣˇ
俊民,1,ㄐㄩㄣˋ ㄇㄧㄣˊ
俊茂,1,ㄐㄩㄣˋ ㄇㄠˋ
俊遊,1,ㄐㄩㄣˋ ㄧㄡˊ
俊邁,1,ㄐㄩㄣˋ ㄇㄞˋ
俊髦,1,ㄐㄩㄣˋ ㄇㄠˊ
俊鶻,1,ㄐㄩㄣˋ ㄏㄨˊ
俎豆,1,ㄗㄨˇ ㄉㄡˋ
俏倬,1,ㄑㄧㄠˋ ㄓㄨㄛˊ
俏式,1,ㄑㄧㄠˋ ㄕˋ
俏皮,1,ㄑㄧㄠˋ ㄆㄧ˙
俏簇,1,ㄑㄧㄠˋ ㄘㄨˋ
俏語,1,ㄑㄧㄠˋ ㄩˇ
俏貨,1,ㄑㄧㄠˋ ㄏㄨㄛˋ
俏頭,1,ㄑㄧㄠˋ ㄊㄡ˙
俐亮,1,ㄌㄧˋ ㄌㄧㄤˋ
俐便,1,ㄌㄧˋ ㄅㄧㄢˋ
俐落,1,ㄌㄧˋ ㄌㄨㄛ˙
俔俔,1,ㄒㄧㄢˋ ㄒㄧㄢˋ
俔天,1,ㄑㄧㄢˋ ㄊㄧㄢ
俗儒,1,ㄙㄨˊ ㄖㄨˊ
俗吏,1,ㄙㄨˊ ㄌㄧˋ
俗客,1,ㄙㄨˊ ㄎㄜˋ
俗情,1,ㄙㄨˊ ㄑㄧㄥˊ
俗慮,1,ㄙㄨˊ ㄌㄩˋ
俗本,1,ㄙㄨˊ ㄅㄣˇ
俗氛,1,ㄙㄨˊ ㄈㄣ
俗流,1,ㄙㄨˊ ㄌㄧㄡˊ
俗界,1,ㄙㄨˊ ㄐㄧㄝˋ
俗眼,1,ㄙㄨˊ ㄧㄢˇ
俗累,1,ㄙㄨˊ ㄌㄟˋ
俗講,1,ㄙㄨˊ ㄐㄧㄤˇ
俗讀,1,ㄙㄨˊ ㄉㄨˊ
俗骨,1,ㄙㄨˊ ㄍㄨˇ
俘囚,1,ㄈㄨˊ ㄑㄧㄡˊ
俘擄,1,ㄈㄨˊ ㄌㄨˇ
俘馘,1,ㄈㄨˊ ㄍㄨㄛˊ
俚人,1,ㄌㄧˇ ㄖㄣˊ
俚儒,1,ㄌㄧˇ ㄖㄨˊ
俛仰,1,ㄈㄨˇ ㄧㄤˇ
俛首,1,ㄈㄨˇ ㄕㄡˇ
保住,1,ㄅㄠˇ ㄓㄨ˙
保保,1,ㄅㄠˇ ㄅㄠ˙
保傅,1,ㄅㄠˇ ㄈㄨˋ
保准,1,ㄅㄠˇ ㄓㄨㄣˇ
保命,1,ㄅㄠˇ ㄇㄧㄥˋ
保大,1,ㄅㄠˇ ㄉㄚˋ
保奏,1,ㄅㄠˇ ㄗㄡˋ
保媒,1,ㄅㄠˇ ㄇㄟˊ
保子,1,ㄅㄠˇ ㄗˇ
保宮,1,ㄅㄠˇ ㄍㄨㄥ
保底,1,ㄅㄠˇ ㄉㄧˇ
保息,1,ㄅㄠˇ ㄒㄧˊ
保成,1,ㄅㄠˇ ㄔㄥˊ
保抱,1,ㄅㄠˇ ㄅㄠˋ
保教,1,ㄅㄠˇ ㄐㄧㄠˋ
保本,1,ㄅㄠˇ ㄅㄣˇ
保林,1,ㄅㄠˇ ㄌㄧㄣˊ
保案,1,ㄅㄠˇ ㄢˋ
保潔,1,ㄅㄠˇ ㄐㄧㄝˊ
保狀,1,ㄅㄠˇ ㄓㄨㄤˋ
保獎,1,ㄅㄠˇ ㄐㄧㄤˇ
保生,1,ㄅㄠˇ ㄕㄥ
保真,1,ㄅㄠˇ ㄓㄣ
保票,1,ㄅㄠˇ ㄆㄧㄠˋ
保禳,1,ㄅㄠˇ ㄖㄤˊ
保義,1,ㄅㄠˇ ㄧˋ
保聚,1,ㄅㄠˇ ㄐㄩˋ
保肥,1,ㄅㄠˇ ㄈㄟˊ
保膘,1,ㄅㄠˇ ㄅㄧㄠ
保見,1,ㄅㄠˇ ㄐㄧㄢˋ
保親,1,ㄅㄠˇ ㄑㄧㄣ
保錢,1,ㄅㄠˇ ㄑㄧㄢˊ
保長,1,ㄅㄠˇ ㄔㄤˊ
保題,1,ㄅㄠˇ ㄊㄧˊ
保鮮,1,ㄅㄠˇ ㄒㄧㄢ
俞俞,1,ㄩˊ ㄩˊ
俞兒,1,ㄕㄨ ㄦˊ
俞旨,1,ㄩˊ ㄓˇ
俞樾,1,ㄩˊ ㄩㄝˋ
俞跗,1,ㄩˊ ㄈㄨ
俟俟,1,ㄙˋ ㄙˋ
俟候,1,ㄙˋ ㄏㄡˋ
俟命,1,ㄙˋ ㄇㄧㄥˋ
俟時,1,ㄙˋ ㄕˊ
俠侍,1,ㄐㄧㄚˊ ㄕˋ
俠拜,1,ㄐㄧㄚˊ ㄅㄞˋ
信人,1,ㄒㄧㄣˋ ㄖㄣˊ
信匯,1,ㄒㄧㄣˋ ㄏㄨㄟˋ
信士,1,ㄒㄧㄣˋ ㄕˋ
信子,1,ㄒㄧㄣˋ ㄗ˙
信宿,1,ㄒㄧㄣˋ ㄙㄨˋ
信底,1,ㄒㄧㄣˋ ㄉㄧˇ
信意,1,ㄒㄧㄣˋ ㄧˋ
信愛,1,ㄒㄧㄣˋ ㄞˋ
信據,1,ㄒㄧㄣˋ ㄐㄩˋ
信是,1,ㄒㄧㄣˋ ㄕˋ
信水,1,ㄒㄧㄣˋ ㄕㄨㄟˇ
信江,1,ㄒㄧㄣˋ ㄐㄧㄤ
信炮,1,ㄒㄧㄣˋ ㄆㄠˋ
信然,1,ㄒㄧㄣˋ ㄖㄢˊ
信牒,1,ㄒㄧㄣˋ ㄉㄧㄝˊ
信石,1,ㄒㄧㄣˋ ㄕˊ
信票,1,ㄒㄧㄣˋ ㄆㄧㄠˋ
信禽,1,ㄒㄧㄣˋ ㄑㄧㄣˊ
信籠,1,ㄒㄧㄣˋ ㄌㄨㄥˊ
信繩,1,ㄒㄧㄣˋ ㄕㄥˊ
信腳,1,ㄒㄧㄣˋ ㄐㄧㄠˇ
信臣,1,ㄒㄧㄣˋ ㄔㄣˊ
信行,1,ㄒㄧㄣˋ ㄒㄧㄥˋ
信衣,1,ㄒㄧㄣˋ ㄧ
信誓,1,ㄒㄧㄣˋ ㄕˋ
信道,1,ㄒㄧㄣˋ ㄉㄠˋ
信香,1,ㄒㄧㄣˋ ㄒㄧㄤ
信鼓,1,ㄒㄧㄣˋ ㄍㄨˇ
修仙,1,ㄒㄧㄡ ㄒㄧㄢ
修函,1,ㄒㄧㄡ ㄏㄢˊ
修史,1,ㄒㄧㄡ ㄕˇ
修名,1,ㄒㄧㄡ ㄇㄧㄥˊ
修和,1,ㄒㄧㄡ ㄏㄜˊ
修墓,1,ㄒㄧㄡ ㄇㄨˋ
修學,1,ㄒㄧㄡ ㄒㄩㄝˊ
修容,1,ㄒㄧㄡ ㄖㄨㄥˊ
修文,1,ㄒㄧㄡ ㄨㄣˊ
修枝,1,ㄒㄧㄡ ㄓ
修濬,1,ㄒㄧㄡ ㄐㄩㄣˋ
修版,1,ㄒㄧㄡ ㄅㄢˇ
修省,1,ㄒㄧㄡ ㄒㄧㄥˇ
修眉,1,ㄒㄧㄡ ㄇㄟˊ
修睦,1,ㄒㄧㄡ ㄇㄨˋ
修短,1,ㄒㄧㄡ ㄉㄨㄢˇ
修禊,1,ㄒㄧㄡ ㄒㄧˋ
修竹,1,ㄒㄧㄡ ㄓㄨˊ
修練,1,ㄒㄧㄡ ㄌㄧㄢˋ
修腳,1,ㄒㄧㄡ ㄐㄧㄠˇ
修蓋,1,ㄒㄧㄡ ㄍㄞˋ
修譜,1,ㄒㄧㄡ ㄆㄨˇ
修邊,1,ㄒㄧㄡ ㄅㄧㄢ
修鍊,1,ㄒㄧㄡ ㄌㄧㄢˋ
修阻,1,ㄒㄧㄡ ㄗㄨˇ
修齋,1,ㄒㄧㄡ ㄓㄞ
修齡,1,ㄒㄧㄡ ㄌㄧㄥˊ
俯察,1,ㄈㄨˇ ㄔㄚˊ
俯思,1,ㄈㄨˇ ㄙ
俯臨,1,ㄈㄨˇ ㄌㄧㄣˊ
俯觀,1,ㄈㄨˇ ㄍㄨㄢ
俱免,1,ㄐㄩˋ ㄇㄧㄢˇ
俱滅,1,ㄐㄩˋ ㄇㄧㄝˋ
俱起,1,ㄐㄩˋ ㄑㄧˇ
俳佪,1,ㄆㄞˊ ㄏㄨㄞˊ
俳倡,1,ㄆㄞˊ ㄔㄤ
俳笑,1,ㄆㄞˊ ㄒㄧㄠˋ
俳諧,1,ㄆㄞˊ ㄒㄧㄝˊ
俳謔,1,ㄆㄞˊ ㄋㄩㄝˋ
俳賦,1,ㄆㄞˊ ㄈㄨˋ
俳體,1,ㄆㄞˊ ㄊㄧˇ
俵分,1,ㄅㄧㄠˇ ㄈㄣ
俵散,1,ㄅㄧㄠˇ ㄙㄢˋ
俵濟,1,ㄅㄧㄠˇ ㄐㄧˋ
俶擾,1,ㄔㄨˋ ㄖㄠˇ
俶爾,1,ㄔㄨˋ ㄦˇ
俶裝,1,ㄔㄨˋ ㄓㄨㄤ
俸廩,1,ㄈㄥˋ ㄌㄧㄣˇ
俸滿,1,ㄈㄥˋ ㄇㄢˇ
俸米,1,ㄈㄥˋ ㄇㄧˇ
俸金,1,ㄈㄥˋ ㄐㄧㄣ
俸銀,1,ㄈㄥˋ ㄧㄣˊ
俸點,1,ㄈㄥˋ ㄉㄧㄢˇ
俺們,1,ㄢˇ ㄇㄣ˙
俺咱,1,ㄢˇ ㄗㄚˊ
俺家,1,ㄢˇ ㄐㄧㄚ
俺每,1,ㄢˇ ㄇㄟ˙
俾乂,1,ㄅㄧˋ ㄧˋ
倀倀,1,ㄔㄤ ㄔㄤ
倀鬼,1,ㄔㄤ ㄍㄨㄟˇ
倅貳,1,ㄘㄨㄟˋ ㄦˋ
倅車,1,ㄘㄨㄟˋ ㄐㄩ
倈人,1,ㄌㄞˊ ㄖㄣˊ
倈倈,1,ㄌㄞˊ ㄌㄞˊ
倈兒,1,ㄌㄞˊ ㄦˊ
倉公,1,ㄘㄤ ㄍㄨㄥ
倉容,1,ㄘㄤ ㄖㄨㄥˊ
倉庚,1,ㄘㄤ ㄍㄥ
倉庾,1,ㄘㄤ ㄩˇ
倉忙,1,ㄘㄤ ㄇㄤˊ
倉神,1,ㄘㄤ ㄕㄣˊ
倉租,1,ㄘㄤ ㄗㄨ
個事,1,ㄍㄜˋ ㄕˋ
個個,1,ㄍㄜˋ ㄍㄜˋ
個展,1,ㄍㄜˋ ㄓㄢˇ
個樣,1,ㄍㄜˋ ㄧㄤˋ
倌人,1,ㄍㄨㄢ ㄖㄣˊ
倍奉,1,ㄅㄟˋ ㄈㄥˋ
倍常,1,ㄅㄟˋ ㄔㄤˊ
倍式,1,ㄅㄟˋ ㄕˋ
倍律,1,ㄅㄟˋ ㄌㄩˋ
倍畔,1,ㄅㄟˋ ㄆㄢˋ
倍稱,1,ㄅㄟˋ ㄔㄥˋ
倍蓰,1,ㄅㄟˋ ㄒㄧˇ
倍覺,1,ㄅㄟˋ ㄐㄩㄝˊ
倍道,1,ㄅㄟˋ ㄉㄠˋ
倏爾,1,ㄕㄨˋ ㄦˇ
倏瞬,1,ㄕㄨˋ ㄕㄨㄣˋ
倒亂,1,ㄉㄠˇ ㄌㄨㄢˋ
倒仰,1,ㄉㄠˋ ㄧㄤˇ
倒倉,1,ㄉㄠˇ ㄘㄤ
倒債,1,ㄉㄠˇ ㄓㄞˋ
倒像,1,ㄉㄠˋ ㄒㄧㄤˋ
倒價,1,ㄉㄠˇ ㄐㄧㄚˋ
倒兵,1,ㄉㄠˋ ㄅㄧㄥ
倒刺,1,ㄉㄠˋ ㄘˋ
倒口,1,ㄉㄠˋ ㄎㄡˇ
倒吊,1,ㄉㄠˋ ㄉㄧㄠˋ
倒嗆,1,ㄉㄠˇ ㄑㄧㄤˋ
倒嚼,1,ㄉㄠˇ ㄐㄧㄠˋ
倒坐,1,ㄉㄠˋ ㄗㄨㄛˋ
倒大,1,ㄉㄠˋ ㄉㄚˋ
倒字,1,ㄉㄠˇ ㄗˋ
倒屣,1,ㄉㄠˋ ㄒㄧˇ
倒店,1,ㄉㄠˇ ㄉㄧㄢˋ
倒座,1,ㄉㄠˋ ㄗㄨㄛˋ
倒心,1,ㄉㄠˇ ㄒㄧㄣ
倒戈,1,ㄉㄠˋ ㄍㄜ
倒手,1,ㄉㄠˇ ㄕㄡˇ
倒把,1,ㄉㄠˇ ㄅㄚˇ
倒抹,1,ㄉㄠˇ ㄇㄛˇ
倒指,1,ㄉㄠˋ ㄓˇ
倒插,1,ㄉㄠˋ ㄔㄚ
倒攝,1,ㄉㄠˋ ㄕㄜˋ
倒文,1,ㄉㄠˋ ㄨㄣˊ
倒斛,1,ㄉㄠˋ ㄏㄨˊ
倒斷,1,ㄉㄠˇ ㄉㄨㄢˋ
倒日,1,ㄉㄠˋ ㄖˋ
倒景,1,ㄉㄠˋ ㄧㄥˇ
倒曹,1,ㄉㄠˇ ㄘㄠˊ
倒替,1,ㄉㄠˇ ㄊㄧˋ
倒板,1,ㄉㄠˇ ㄅㄢˇ
倒架,1,ㄉㄠˇ ㄐㄧㄚˋ
倒瀉,1,ㄉㄠˇ ㄒㄧㄝˋ
倒灶,1,ㄉㄠˇ ㄗㄠˋ
倒煤,1,ㄉㄠˇ ㄇㄟˊ
倒熟,1,ㄉㄠˋ ㄕㄨˊ
倒爺,1,ㄉㄠˇ ㄧㄝˊ
倒片,1,ㄉㄠˋ ㄆㄧㄢˋ
倒牌,1,ㄉㄠˇ ㄆㄞˊ
倒牙,1,ㄉㄠˇ ㄧㄚˊ
倒班,1,ㄉㄠˇ ㄅㄢ
倒篷,1,ㄉㄠˇ ㄆㄥˊ
倒繳,1,ㄉㄠˋ ㄐㄧㄠˇ
倒臺,1,ㄉㄠˇ ㄊㄞˊ
倒蛋,1,ㄉㄠˇ ㄉㄢˋ
倒裳,1,ㄉㄠˋ ㄔㄤˊ
倒褪,1,ㄉㄠˋ ㄊㄨㄣˋ
倒許,1,ㄉㄠˋ ㄒㄩˇ
倒豎,1,ㄉㄠˋ ㄕㄨˋ
倒賣,1,ㄉㄠˇ ㄇㄞˋ
倒贓,1,ㄉㄠˋ ㄗㄤ
倒身,1,ㄉㄠˇ ㄕㄣ
倒車,1,ㄉㄠˇ ㄔㄜ
倒錢,1,ㄉㄠˋ ㄑㄧㄢˊ
倒陪,1,ㄉㄠˋ ㄆㄟˊ
倒頓,1,ㄉㄠˇ ㄉㄨㄣˋ
倒馬,1,ㄉㄠˇ ㄇㄚˇ
倒騎,1,ㄉㄠˋ ㄑㄧˊ
倒騰,1,ㄉㄠˇ ㄊㄥˊ
倔巴,1,ㄐㄩㄝˋ ㄅㄚ˙
倔起,1,ㄐㄩㄝˊ ㄑㄧˇ
倖位,1,ㄒㄧㄥˋ ㄨㄟˋ
倖臣,1,ㄒㄧㄥˋ ㄔㄣˊ
倖進,1,ㄒㄧㄥˋ ㄐㄧㄣˋ
倘佯,1,ㄔㄤˊ ㄧㄤˊ
候人,1,ㄏㄡˋ ㄖㄣˊ
候問,1,ㄏㄡˋ ㄨㄣˋ
候場,1,ㄏㄡˋ ㄔㄤˊ
候旨,1,ㄏㄡˋ ㄓˇ
候溫,1,ㄏㄡˋ ㄨㄣ
候用,1,ㄏㄡˋ ㄩㄥˋ
候缺,1,ㄏㄡˋ ㄑㄩㄝ
候脈,1,ㄏㄡˋ ㄇㄞˋ
候蟲,1,ㄏㄡˋ ㄔㄨㄥˊ
候賬,1,ㄏㄡˋ ㄓㄤˋ
候館,1,ㄏㄡˋ ㄍㄨㄢˇ
候鴈,1,ㄏㄡˋ ㄧㄢˋ
倚伏,1,ㄧˇ ㄈㄨˊ
倚傍,1,ㄧˇ ㄅㄤˋ
倚勢,1,ㄧˇ ㄕˋ
倚廬,1,ㄧˇ ㄌㄨˊ
倚托,1,ㄧˇ ㄊㄨㄛ
倚杖,1,ㄧˇ ㄓㄤˋ
倚歌,1,ㄧˇ ㄍㄜ
倚瑟,1,ㄧˇ ㄙㄜˋ
倚相,1,ㄧˇ ㄒㄧㄤˋ
倚翠,1,ㄧˇ ㄘㄨㄟˋ
倚聲,1,ㄧˇ ㄕㄥ
倚薄,1,ㄧˇ ㄅㄛˊ
倚負,1,ㄧˇ ㄈㄨˋ
倚閭,1,ㄧˇ ㄌㄩˊ
倛醜,1,ㄑㄧ ㄔㄡˇ
借主,1,ㄐㄧㄝˋ ㄓㄨˇ
借代,1,ㄐㄧㄝˋ ㄉㄞˋ
借令,1,ㄐㄧㄝˋ ㄌㄧㄥˋ
借位,1,ㄐㄧㄝˋ ㄨㄟˋ
借使,1,ㄐㄧㄝˋ ㄕˇ
借典,1,ㄐㄧㄝˋ ㄉㄧㄢˇ
借券,1,ㄐㄧㄝˋ ㄑㄩㄢˋ
借勢,1,ㄐㄧㄝˋ ㄕˋ
借名,1,ㄐㄧㄝˋ ㄇㄧㄥˊ
借單,1,ㄐㄧㄝˋ ㄉㄢ
借喻,1,ㄐㄧㄝˋ ㄩˋ
借壽,1,ㄐㄧㄝˋ ㄕㄡˋ
借契,1,ㄐㄧㄝˋ ㄑㄧˋ
借妻,1,ㄐㄧㄝˋ ㄑㄧ
借字,1,ㄐㄧㄝˋ ㄗˋ
借對,1,ㄐㄧㄝˋ ㄉㄨㄟˋ
借手,1,ㄐㄧㄝˋ ㄕㄡˇ
借提,1,ㄐㄧㄝˋ ㄊㄧˊ
借箸,1,ㄐㄧㄝˋ ㄓㄨˋ
借約,1,ㄐㄧㄝˋ ㄩㄝ
倡和,1,ㄔㄤˋ ㄏㄜˋ
倡女,1,ㄔㄤ ㄋㄩˇ
倡始,1,ㄔㄤˋ ㄕˇ
倡家,1,ㄔㄤ ㄐㄧㄚ
倡寮,1,ㄔㄤ ㄌㄧㄠˊ
倡揚,1,ㄔㄤ ㄧㄤˊ
倡條,1,ㄔㄤ ㄊㄧㄠˊ
倡義,1,ㄔㄤˋ ㄧˋ
倡隨,1,ㄔㄤˋ ㄙㄨㄟˊ
倡首,1,ㄔㄤˋ ㄕㄡˇ
倢伃,1,ㄐㄧㄝˊ ㄩˊ
倣做,1,ㄈㄤˇ ㄗㄨㄛˋ
倣傚,1,ㄈㄤˇ ㄒㄧㄠˋ
倥侗,1,ㄎㄨㄥ ㄊㄨㄥˊ
倥傯,1,ㄎㄨㄥˇ ㄗㄨㄥˇ
倥臉,1,ㄎㄨㄥˇ ㄌㄧㄢˇ
倦乏,1,ㄐㄩㄢˋ ㄈㄚˊ
倦累,1,ㄐㄩㄢˋ ㄌㄟˋ
倦色,1,ㄐㄩㄢˋ ㄙㄜˋ
倦飛,1,ㄐㄩㄢˋ ㄈㄟ
倨句,1,ㄐㄩˋ ㄍㄡ
倨見,1,ㄐㄩˋ ㄐㄧㄢˋ
倩妝,1,ㄑㄧㄢˋ ㄓㄨㄤ
倫儔,1,ㄌㄨㄣˊ ㄔㄡˊ
倫匹,1,ㄌㄨㄣˊ ㄆㄧˇ
倫巴,1,ㄌㄨㄣˊ ㄅㄚ
倫序,1,ㄌㄨㄣˊ ㄒㄩˋ
倫比,1,ㄌㄨㄣˊ ㄅㄧˇ
倫類,1,ㄌㄨㄣˊ ㄌㄟˋ
倬峭,1,ㄓㄨㄛˊ ㄑㄧㄠˋ
倬立,1,ㄓㄨㄛˊ ㄌㄧˋ
倬詭,1,ㄓㄨㄛˊ ㄍㄨㄟˇ
倭刀,1,ㄨㄛ ㄉㄠ
倭子,1,ㄨㄛ ㄗ˙
倭瓜,1,ㄨㄛ ㄍㄨㄚ
倭遲,1,ㄨㄟ ㄔˊ
倮蟲,1,ㄌㄨㄛˇ ㄔㄨㄥˊ
倮黑,1,ㄌㄨㄛˇ ㄏㄟ
值宿,1,ㄓˊ ㄙㄨˋ
值年,1,ㄓˊ ㄋㄧㄢˊ
值更,1,ㄓˊ ㄍㄥ
值月,1,ㄓˊ ㄩㄝˋ
值遇,1,ㄓˊ ㄩˋ
偃仆,1,ㄧㄢˇ ㄆㄨ
偃仰,1,ㄧㄢˇ ㄧㄤˇ
偃佒,1,ㄧㄢˇ ㄧㄤ
偃松,1,ㄧㄢˇ ㄙㄨㄥ
偃草,1,ㄧㄢˇ ㄘㄠˇ
偃衍,1,ㄧㄢˇ ㄧㄢˇ
偃蹇,1,ㄧㄢˇ ㄐㄧㄢˇ
偃鼠,1,ㄧㄢˇ ㄕㄨˇ
假似,1,ㄐㄧㄚˇ ㄙˋ
假力,1,ㄐㄧㄚˇ ㄌㄧˋ
假女,1,ㄐㄧㄚˇ ㄋㄩˇ
假子,1,ㄐㄧㄚˇ ㄗˇ
假寓,1,ㄐㄧㄚˇ ㄩˋ
假寵,1,ㄐㄧㄚˇ ㄔㄨㄥˇ
假對,1,ㄐㄧㄚˇ ㄉㄨㄟˋ
假座,1,ㄐㄧㄚˇ ㄗㄨㄛˋ
假息,1,ㄐㄧㄚˇ ㄒㄧˊ
假捏,1,ㄐㄧㄚˇ ㄋㄧㄝ
假榻,1,ㄐㄧㄚˇ ㄊㄚˋ
假樂,1,ㄐㄧㄚˋ ㄌㄜˋ
假父,1,ㄐㄧㄚˇ ㄈㄨˋ
假稱,1,ㄐㄧㄚˇ ㄔㄥ
假節,1,ㄐㄧㄚˇ ㄐㄧㄝˊ
假聲,1,ㄐㄧㄚˇ ㄕㄥ
假葉,1,ㄐㄧㄚˇ ㄧㄝˋ
假貨,1,ㄐㄧㄚˇ ㄏㄨㄛˋ
假鈔,1,ㄐㄧㄚˇ ㄔㄠ
假食,1,ㄐㄧㄚˇ ㄕˊ
假館,1,ㄐㄧㄚˇ ㄍㄨㄢˇ
假饒,1,ㄐㄧㄚˇ ㄖㄠˊ
偈偈,1,ㄐㄧㄝˊ ㄐㄧㄝˊ
偈子,1,ㄐㄧˋ ㄗ˙
偈言,1,ㄐㄧˋ ㄧㄢˊ
偈頌,1,ㄐㄧˋ ㄙㄨㄥˋ
偉器,1,ㄨㄟˇ ㄑㄧˋ
偉岸,1,ㄨㄟˇ ㄢˋ
偉懋,1,ㄨㄟˇ ㄇㄠˋ
偉服,1,ㄨㄟˇ ㄈㄨˊ
偉麗,1,ㄨㄟˇ ㄌㄧˋ
偌多,1,ㄖㄨㄛˋ ㄉㄨㄛ
偌時,1,ㄖㄨㄛˋ ㄕˊ
偎傍,1,ㄨㄟ ㄅㄤˋ
偎儂,1,ㄨㄟ ㄋㄨㄥˊ
偎留,1,ㄨㄟ ㄌㄧㄡˊ
偎隨,1,ㄨㄟ ㄙㄨㄟˊ
偏倍,1,ㄆㄧㄢ ㄅㄟˋ
偏倖,1,ㄆㄧㄢ ㄒㄧㄥˋ
偏出,1,ㄆㄧㄢ ㄔㄨ
偏反,1,ㄆㄧㄢ ㄈㄢˇ
偏墜,1,ㄆㄧㄢ ㄓㄨㄟˋ
偏宕,1,ㄆㄧㄢ ㄉㄤˋ
偏將,1,ㄆㄧㄢ ㄐㄧㄤˋ
偏師,1,ㄆㄧㄢ ㄕ
偏待,1,ㄆㄧㄢ ㄉㄞˋ
偏懷,1,ㄆㄧㄢ ㄏㄨㄞˊ
偏手,1,ㄆㄧㄢ ㄕㄡˇ
偏才,1,ㄆㄧㄢ ㄘㄞˊ
偏拉,1,ㄆㄧㄢ ㄌㄚ
偏提,1,ㄆㄧㄢ ㄊㄧˊ
偏格,1,ㄆㄧㄢ ㄍㄜˊ
偏棲,1,ㄆㄧㄢ ㄑㄧ
偏殿,1,ㄆㄧㄢ ㄉㄧㄢˋ
偏濫,1,ㄆㄧㄢ ㄌㄢˋ
偏狹,1,ㄆㄧㄢ ㄒㄧㄚˊ
偏生,1,ㄆㄧㄢ ㄕㄥ
偏畸,1,ㄆㄧㄢ ㄐㄧ
偏疼,1,ㄆㄧㄢ ㄊㄥˊ
偏癱,1,ㄆㄧㄢ ㄊㄢ
偏盃,1,ㄆㄧㄢ ㄅㄟ
偏盲,1,ㄆㄧㄢ ㄇㄤˊ
偏知,1,ㄆㄧㄢ ㄓ
偏背,1,ㄆㄧㄢ ㄅㄟˋ
偏裨,1,ㄆㄧㄢ ㄆㄧˊ
偏言,1,ㄆㄧㄢ ㄧㄢˊ
偏誤,1,ㄆㄧㄢ ㄨˋ
偏諱,1,ㄆㄧㄢ ㄏㄨㄟˋ
偏錢,1,ㄆㄧㄢ ㄑㄧㄢˊ
偏閃,1,ㄆㄧㄢ ㄕㄢˇ
偏阿,1,ㄆㄧㄢ ㄜ
偏陪,1,ㄆㄧㄢ ㄆㄟˊ
偏險,1,ㄆㄧㄢ ㄒㄧㄢˇ
偏頗,1,ㄆㄧㄢ ㄆㄛ
偏題,1,ㄆㄧㄢ ㄊㄧˊ
偕偕,1,ㄒㄧㄝˊ ㄒㄧㄝˊ
做七,1,ㄗㄨㄛˋ ㄑㄧ
做下,1,ㄗㄨㄛˋ ㄒㄧㄚˋ
做作,1,ㄗㄨㄛˋ ㄗㄨㄛ˙
做光,1,ㄗㄨㄛˋ ㄍㄨㄤ
做夢,1,ㄗㄨㄛˋ ㄇㄥˋ
做孝,1,ㄗㄨㄛˋ ㄒㄧㄠˋ
做小,1,ㄗㄨㄛˋ ㄒㄧㄠˇ
做得,1,ㄗㄨㄛˋ ㄉㄜ˙
做手,1,ㄗㄨㄛˋ ㄕㄡˇ
做掉,1,ㄗㄨㄛˋ ㄉㄧㄠˋ
做朝,1,ㄗㄨㄛˋ ㄓㄠ
做格,1,ㄗㄨㄛˋ ㄍㄜˊ
做樁,1,ㄗㄨㄛˋ ㄓㄨㄤ
做死,1,ㄗㄨㄛˋ ㄙˇ
做派,1,ㄗㄨㄛˋ ㄆㄞ˙
做牌,1,ㄗㄨㄛˋ ㄆㄞˊ
做甚,1,ㄗㄨㄛˋ ㄕㄣˊ
做生,1,ㄗㄨㄛˋ ㄕㄥ
做眼,1,ㄗㄨㄛˋ ㄧㄢˇ
做節,1,ㄗㄨㄛˋ ㄐㄧㄝˊ
做線,1,ㄗㄨㄛˋ ㄒㄧㄢˋ
做翻,1,ㄗㄨㄛˋ ㄈㄢ
做胚,1,ㄗㄨㄛˋ ㄆㄟ
做腔,1,ㄗㄨㄛˋ ㄑㄧㄤ
做腳,1,ㄗㄨㄛˋ ㄐㄧㄠˇ
做臉,1,ㄗㄨㄛˋ ㄌㄧㄢˇ
做處,1,ㄗㄨㄛˋ ㄔㄨ˙
做親,1,ㄗㄨㄛˋ ㄑㄧㄣ
做頭,1,ㄗㄨㄛˋ ㄊㄡˊ
停俸,1,ㄊㄧㄥˊ ㄈㄥˋ
停停,1,ㄊㄧㄥˊ ㄊㄧㄥ˙
停分,1,ㄊㄧㄥˊ ㄈㄣ
停喪,1,ㄊㄧㄥˊ ㄙㄤ
停床,1,ㄊㄧㄥˊ ㄔㄨㄤˊ
停役,1,ㄊㄧㄥˊ ㄧˋ
停待,1,ㄊㄧㄥˊ ㄉㄞˋ
停杯,1,ㄊㄧㄥˊ ㄅㄟ
停柩,1,ㄊㄧㄥˊ ㄐㄧㄡˋ
停潦,1,ㄊㄧㄥˊ ㄌㄠˋ
停版,1,ㄊㄧㄥˊ ㄅㄢˇ
停睇,1,ㄊㄧㄥˊ ㄉㄧˋ
停罷,1,ㄊㄧㄥˊ ㄅㄚˋ
停表,1,ㄊㄧㄥˊ ㄅㄧㄠˇ
停訊,1,ㄊㄧㄥˊ ㄒㄩㄣˋ
停閑,1,ㄊㄧㄥˊ ㄒㄧㄢˊ
停雲,1,ㄊㄧㄥˊ ㄩㄣˊ
停頭,1,ㄊㄧㄥˊ ㄊㄡˊ
停驂,1,ㄊㄧㄥˊ ㄘㄢ
偠紹,1,ㄧㄠˇ ㄕㄠˋ
偢問,1,ㄔㄡˇ ㄨㄣˋ
偢采,1,ㄔㄡˇ ㄘㄞˇ
健仰,1,ㄐㄧㄢˋ ㄧㄤˇ
健力,1,ㄐㄧㄢˋ ㄌㄧˋ
健吏,1,ㄐㄧㄢˋ ㄌㄧˋ
健婦,1,ㄐㄧㄢˋ ㄈㄨˋ
健檢,1,ㄐㄧㄢˋ ㄐㄧㄢˇ
健水,1,ㄐㄧㄢˋ ㄕㄨㄟˇ
健浪,1,ㄐㄧㄢˋ ㄌㄤˋ
健碩,1,ㄐㄧㄢˋ ㄕㄨㄛˋ
健筆,1,ㄐㄧㄢˋ ㄅㄧˇ
健羨,1,ㄐㄧㄢˋ ㄒㄧㄢˋ
健胃,1,ㄐㄧㄢˋ ㄨㄟˋ
健胸,1,ㄐㄧㄢˋ ㄒㄩㄥ
健舞,1,ㄐㄧㄢˋ ㄨˇ
健訟,1,ㄐㄧㄢˋ ㄙㄨㄥˋ
健起,1,ㄐㄧㄢˋ ㄑㄧˇ
偪仂,1,ㄅㄧ ㄌㄜˋ
偪仄,1,ㄅㄧ ㄗㄜˋ
偪側,1,ㄅㄧ ㄘㄜˋ
偪臣,1,ㄅㄧ ㄔㄣˊ
偪陽,1,ㄈㄨˊ ㄧㄤˊ
偲偲,1,ㄙ ㄙ
側偃,1,ㄘㄜˋ ㄧㄢˇ
側匿,1,ㄘㄜˋ ㄋㄧˋ
側媚,1,ㄘㄜˋ ㄇㄟˋ
側席,1,ㄘㄜˋ ㄒㄧˊ
側帽,1,ㄘㄜˋ ㄇㄠˋ
側影,1,ㄘㄜˋ ㄧㄥˇ
側微,1,ㄘㄜˋ ㄨㄟˊ
側擊,1,ㄘㄜˋ ㄐㄧˊ
側柏,1,ㄘㄜˋ ㄅㄛˊ
側歪,1,ㄘㄜˋ ㄨㄞ
側泳,1,ㄘㄜˋ ㄩㄥˇ
側滑,1,ㄘㄜˋ ㄏㄨㄚˊ
側眼,1,ㄘㄜˋ ㄧㄢˇ
側聽,1,ㄘㄜˋ ㄊㄧㄥ
側脈,1,ㄘㄜˋ ㄇㄞˋ
側言,1,ㄘㄜˋ ㄧㄢˊ
側記,1,ㄘㄜˋ ㄐㄧˋ
側豔,1,ㄘㄜˋ ㄧㄢˋ
側足,1,ㄘㄜˋ ㄗㄨˊ
側鋒,1,ㄘㄜˋ ㄈㄥ
側錄,1,ㄘㄜˋ ㄌㄨˋ
側陋,1,ㄘㄜˋ ㄌㄡˋ
側離,1,ㄘㄜˋ ㄌㄧˊ
側首,1,ㄘㄜˋ ㄕㄡˇ
側麗,1,ㄘㄜˋ ㄌㄧˋ
偵伺,1,ㄓㄣ ㄙˋ
偵望,1,ㄓㄣ ㄨㄤˋ
偶人,1,ㄡˇ ㄖㄣˊ
偶作,1,ㄡˇ ㄗㄨㄛˋ
偶影,1,ㄡˇ ㄧㄥˇ
偶得,1,ㄡˇ ㄉㄜˊ
偶成,1,ㄡˇ ㄔㄥˊ
偶或,1,ㄡˇ ㄏㄨㄛˋ
偶戲,1,ㄡˇ ㄒㄧˋ
偶拾,1,ㄡˇ ㄕˊ
偶方,1,ㄡˇ ㄈㄤ
偶族,1,ㄡˇ ㄗㄨˊ
偶書,1,ㄡˇ ㄕㄨ
偶視,1,ㄡˇ ㄕˋ
偶鰭,1,ㄡˇ ㄑㄧˊ
偷吃,1,ㄊㄡ ㄔ
偷嘴,1,ㄊㄡ ㄗㄨㄟˇ
偷墮,1,ㄊㄡ ㄉㄨㄛˋ
偷巧,1,ㄊㄡ ㄑㄧㄠˇ
偷春,1,ㄊㄡ ㄔㄨㄣ
偷期,1,ㄊㄡ ㄑㄧˊ
偷榮,1,ㄊㄡ ㄖㄨㄥˊ
偷活,1,ㄊㄡ ㄏㄨㄛˊ
偷漏,1,ㄊㄡ ㄌㄡˋ
偷漢,1,ㄊㄡ ㄏㄢˋ
偷眼,1,ㄊㄡ ㄧㄢˇ
偷睛,1,ㄊㄡ ㄐㄧㄥ
偷聲,1,ㄊㄡ ㄕㄥ
偷薄,1,ㄊㄡ ㄅㄛˊ
偷覷,1,ㄊㄡ ㄑㄩˋ
偷食,1,ㄊㄡ ㄕˊ
偷香,1,ㄊㄡ ㄒㄧㄤ
偽品,1,ㄨㄟˋ ㄆㄧㄣˇ
偽國,1,ㄨㄟˋ ㄍㄨㄛˊ
傀偉,1,ㄍㄨㄟ ㄨㄟˇ
傀然,1,ㄍㄨㄟ ㄖㄢˊ
傅巖,1,ㄈㄨˋ ㄧㄢˊ
傅彩,1,ㄈㄨˋ ㄘㄞˇ
傅母,1,ㄈㄨˋ ㄇㄨˇ
傅父,1,ㄈㄨˋ ㄈㄨˋ
傅粉,1,ㄈㄨˋ ㄈㄣˇ
傅說,1,ㄈㄨˋ ㄩㄝˋ
傅近,1,ㄈㄨˋ ㄐㄧㄣˋ
傍人,1,ㄆㄤˊ ㄖㄣˊ
傍今,1,ㄅㄤ ㄐㄧㄣ
傍妻,1,ㄆㄤˊ ㄑㄧ
傍尊,1,ㄆㄤˊ ㄗㄨㄣ
傍排,1,ㄆㄤˊ ㄆㄞˊ
傍晌,1,ㄅㄤ ㄕㄤˇ
傍牌,1,ㄆㄤˊ ㄆㄞˊ
傍生,1,ㄆㄤˊ ㄕㄥ
傍薄,1,ㄆㄤˊ ㄅㄛˊ
傍觀,1,ㄆㄤˊ ㄍㄨㄢ
傍通,1,ㄆㄤˊ ㄊㄨㄥ
傍門,1,ㄆㄤˊ ㄇㄣˊ
傒倖,1,ㄒㄧ ㄒㄧㄥˋ
傒落,1,ㄒㄧ ㄌㄨㄛˋ
傔卒,1,ㄑㄧㄢˋ ㄗㄨˊ
傔從,1,ㄑㄧㄢˋ ㄗㄨㄥˋ
傖儜,1,ㄘㄤ ㄋㄥˊ
傖儜,1,ㄘㄤ ㄋㄧㄥˊ
備位,1,ㄅㄟˋ ㄨㄟˋ
備妥,1,ㄅㄟˋ ㄊㄨㄛˇ
備家,1,ㄅㄟˋ ㄐㄧㄚ
備役,1,ㄅㄟˋ ㄧˋ
備悉,1,ㄅㄟˋ ㄒㄧ
備禦,1,ㄅㄟˋ ㄩˋ
備細,1,ㄅㄟˋ ㄒㄧˋ
備補,1,ㄅㄟˋ ㄅㄨˇ
備言,1,ㄅㄟˋ ㄧㄢˊ
備辦,1,ㄅㄟˋ ㄅㄢˋ
備陳,1,ㄅㄟˋ ㄔㄣˊ
備馬,1,ㄅㄟˋ ㄇㄚˇ
傜人,1,ㄧㄠˊ ㄖㄣˊ
傜役,1,ㄧㄠˊ ㄧˋ
傜族,1,ㄧㄠˊ ㄗㄨˊ
傜語,1,ㄧㄠˊ ㄩˇ
傜賦,1,ㄧㄠˊ ㄈㄨˋ
傞傞,1,ㄙㄨㄛ ㄙㄨㄛ
催併,1,ㄘㄨㄟ ㄅㄧㄥˋ
催命,1,ㄘㄨㄟ ㄇㄧㄥˋ
催奶,1,ㄘㄨㄟ ㄋㄞˇ
催批,1,ㄘㄨㄟ ㄆㄧ
催熟,1,ㄘㄨㄟ ㄕㄨˊ
催督,1,ㄘㄨㄟ ㄉㄨ
催科,1,ㄘㄨㄟ ㄎㄜ
催請,1,ㄘㄨㄟ ㄑㄧㄥˇ
催趲,1,ㄘㄨㄟ ㄗㄢˇ
催辦,1,ㄘㄨㄟ ㄅㄢˋ
催迫,1,ㄘㄨㄟ ㄆㄛˋ
催青,1,ㄘㄨㄟ ㄑㄧㄥ
催魂,1,ㄘㄨㄟ ㄏㄨㄣˊ
傭作,1,ㄩㄥ ㄗㄨㄛ
傭保,1,ㄩㄥ ㄅㄠˇ
傭給,1,ㄩㄥ ㄐㄧˇ
傭耕,1,ㄩㄥ ㄍㄥ
傲囋,1,ㄠˋ ㄗㄢˋ
傲岸,1,ㄠˋ ㄢˋ
傲很,1,ㄠˋ ㄏㄣˇ
傲悖,1,ㄠˋ ㄅㄟˋ
傲狠,1,ㄠˋ ㄏㄣˇ
傲睨,1,ㄠˋ ㄋㄧˋ
傲虐,1,ㄠˋ ㄋㄩㄝˋ
傲逸,1,ㄠˋ ㄧˋ
傲達,1,ㄠˋ ㄉㄚˊ
傲霜,1,ㄠˋ ㄕㄨㄤ
傳乘,1,ㄓㄨㄢˋ ㄔㄥˊ
傳乘,1,ㄓㄨㄢˋ ㄕㄥˋ
傳呼,1,ㄔㄨㄢˊ ㄏㄨ
傳宣,1,ㄔㄨㄢˊ ㄒㄩㄢ
傳寫,1,ㄔㄨㄢˊ ㄒㄧㄝˇ
傳心,1,ㄔㄨㄢˊ ㄒㄧㄣ
傳戒,1,ㄔㄨㄢˊ ㄐㄧㄝˋ
傳抄,1,ㄔㄨㄢˊ ㄔㄠ
傳板,1,ㄔㄨㄢˊ ㄅㄢˇ
傳柑,1,ㄔㄨㄢˊ ㄍㄢ
傳桶,1,ㄔㄨㄢˊ ㄊㄨㄥˇ
傳檄,1,ㄔㄨㄢˊ ㄒㄧˊ
傳法,1,ㄔㄨㄢˊ ㄈㄚˇ
傳流,1,ㄔㄨㄢˊ ㄌㄧㄡˊ
傳燈,1,ㄔㄨㄢˊ ㄉㄥ
傳疑,1,ㄔㄨㄢˊ ㄧˊ
傳發,1,ㄔㄨㄢˊ ㄈㄚ
傳看,1,ㄔㄨㄢˊ ㄎㄢˋ
傳示,1,ㄔㄨㄢˊ ㄕˋ
傳種,1,ㄔㄨㄢˊ ㄓㄨㄥˇ
傳答,1,ㄔㄨㄢˊ ㄉㄚˊ
傳箭,1,ㄔㄨㄢˊ ㄐㄧㄢˋ
傳粉,1,ㄔㄨㄢˊ ㄈㄣˇ
傳紅,1,ㄔㄨㄢˊ ㄏㄨㄥˊ
傳經,1,ㄔㄨㄢˊ ㄐㄧㄥ
傳臚,1,ㄔㄨㄢˊ ㄌㄨˊ
傳舍,1,ㄓㄨㄢˋ ㄕㄜˋ
傳見,1,ㄔㄨㄢˊ ㄐㄧㄢˋ
傳觀,1,ㄔㄨㄢˊ ㄍㄨㄢ
傳語,1,ㄔㄨㄢˊ ㄩˇ
傳諷,1,ㄔㄨㄢˊ ㄈㄥˋ
傳賢,1,ㄔㄨㄢˊ ㄒㄧㄢˊ
傳贊,1,ㄓㄨㄢˋ ㄗㄢˋ
傳踏,1,ㄓㄨㄢˋ ㄊㄚˋ
傳車,1,ㄓㄨㄢˋ ㄐㄩ
傳述,1,ㄔㄨㄢˊ ㄕㄨˋ
傳重,1,ㄔㄨㄢˊ ㄓㄨㄥˋ
傳鈔,1,ㄔㄨㄢˊ ㄔㄠ
傳驛,1,ㄓㄨㄢˋ ㄧˋ
傳鼓,1,ㄔㄨㄢˊ ㄍㄨˇ
傴傴,1,ㄩˇ ㄩˇ
傴兜,1,ㄩˇ ㄉㄡ
傴拊,1,ㄩˇ ㄈㄨˇ
債利,1,ㄓㄞˋ ㄌㄧˋ
債樁,1,ㄓㄞˋ ㄓㄨㄤ
傷俘,1,ㄕㄤ ㄈㄨˊ
傷單,1,ㄕㄤ ㄉㄢ
傷嗟,1,ㄕㄤ ㄐㄧㄝ
傷屈,1,ㄕㄤ ㄑㄩ
傷悼,1,ㄕㄤ ㄉㄠˋ
傷情,1,ㄕㄤ ㄑㄧㄥˊ
傷損,1,ㄕㄤ ㄙㄨㄣˇ
傷氣,1,ㄕㄤ ㄑㄧˋ
傷生,1,ㄕㄤ ㄕㄥ
傷痍,1,ㄕㄤ ㄧˊ
傷耗,1,ㄕㄤ ㄏㄠ˙
傷藥,1,ㄕㄤ ㄧㄠˋ
傷號,1,ㄕㄤ ㄏㄠˋ
傷逝,1,ㄕㄤ ㄕˋ
傷酒,1,ㄕㄤ ㄐㄧㄡˇ
傷食,1,ㄕㄤ ㄕˊ
傻樂,1,ㄕㄚˇ ㄌㄜˋ
傻角,1,ㄕㄚˇ ㄐㄧㄠˇ
傾世,1,ㄑㄧㄥ ㄕˋ
傾亡,1,ㄑㄧㄥ ㄨㄤˊ
傾側,1,ㄑㄧㄥ ㄘㄜˋ
傾囊,1,ㄑㄧㄥ ㄋㄤˊ
傾國,1,ㄑㄧㄥ ㄍㄨㄛˊ
傾圮,1,ㄑㄧㄥ ㄆㄧˇ
傾城,1,ㄑㄧㄥ ㄔㄥˊ
傾奪,1,ㄑㄧㄥ ㄉㄨㄛˊ
傾宮,1,ㄑㄧㄥ ㄍㄨㄥ
傾家,1,ㄎㄥ ㄐㄧㄚ
傾崩,1,ㄑㄧㄥ ㄅㄥ
傾巢,1,ㄑㄧㄥ ㄔㄠˊ
傾想,1,ㄑㄧㄥ ㄒㄧㄤˇ
傾洩,1,ㄑㄧㄥ ㄒㄧㄝˋ
傾襟,1,ㄑㄧㄥ ㄐㄧㄣ
傾送,1,ㄑㄧㄥ ㄙㄨㄥˋ
僂人,1,ㄌㄡˊ ㄖㄣˊ
僂儸,1,ㄌㄡˊ ㄌㄨㄛˊ
僂指,1,ㄌㄡˊ ㄓˇ
僂行,1,ㄌㄡˊ ㄒㄧㄥˊ
僅夠,1,ㄐㄧㄣˇ ㄍㄡˋ
僆子,1,ㄌㄧㄢˋ ㄗˇ
僇人,1,ㄌㄨˋ ㄖㄣˊ
僉事,1,ㄑㄧㄢ ㄕˋ
僉同,1,ㄑㄧㄢ ㄊㄨㄥˊ
僉押,1,ㄑㄧㄢ ㄧㄚ
僉望,1,ㄑㄧㄢ ㄨㄤˋ
僉謀,1,ㄑㄧㄢ ㄇㄡˊ
僉議,1,ㄑㄧㄢ ㄧˋ
僊僊,1,ㄒㄧㄢ ㄒㄧㄢ
像心,1,ㄒㄧㄤˋ ㄒㄧㄣ
像意,1,ㄒㄧㄤˋ ㄧˋ
像態,1,ㄒㄧㄤˋ ㄊㄞˋ
像生,1,ㄒㄧㄤˋ ㄕㄥ
像章,1,ㄒㄧㄤˋ ㄓㄤ
像胎,1,ㄒㄧㄤˋ ㄊㄞ
像貌,1,ㄒㄧㄤˋ ㄇㄠˋ
像贊,1,ㄒㄧㄤˋ ㄗㄢˋ
僑人,1,ㄑㄧㄠˊ ㄖㄣˊ
僑商,1,ㄑㄧㄠˊ ㄕㄤ
僑報,1,ㄑㄧㄠˊ ㄅㄠˋ
僑札,1,ㄑㄧㄠˊ ㄓㄚˊ
僑社,1,ㄑㄧㄠˊ ㄕㄜˋ
僑置,1,ㄑㄧㄠˊ ㄓˋ
僑軍,1,ㄑㄧㄠˊ ㄐㄩㄣ
僑領,1,ㄑㄧㄠˊ ㄌㄧㄥˇ
僕使,1,ㄆㄨˊ ㄕˇ
僕僕,1,ㄆㄨˊ ㄆㄨˊ
僕吏,1,ㄆㄨˊ ㄌㄧˋ
僕夫,1,ㄆㄨˊ ㄈㄨ
僕姑,1,ㄆㄨˊ ㄍㄨ
僕射,1,ㄆㄨˊ ㄧㄝˋ
僕憎,1,ㄆㄨˊ ㄗㄥ
僕歐,1,ㄆㄨˊ ㄡ
僕程,1,ㄆㄨˊ ㄔㄥˊ
僚佐,1,ㄌㄧㄠˊ ㄗㄨㄛˇ
僚機,1,ㄌㄧㄠˊ ㄐㄧ
僛僛,1,ㄑㄧ ㄑㄧ
僝僽,1,ㄔㄢˊ ㄓㄡˋ
僥傒,1,ㄐㄧㄠˇ ㄒㄧ
僥競,1,ㄐㄧㄠˇ ㄐㄧㄥˋ
僦居,1,ㄐㄧㄡˋ ㄐㄩ
僦屋,1,ㄐㄧㄡˋ ㄨ
僦舍,1,ㄐㄧㄡˋ ㄕㄜˋ
僧伽,1,ㄙㄥ ㄑㄧㄝˊ
僧官,1,ㄙㄥ ㄍㄨㄢ
僧房,1,ㄙㄥ ㄈㄤˊ
僧殘,1,ㄙㄥ ㄘㄢˊ
僧祇,1,ㄙㄥ ㄑㄧˊ
僧祐,1,ㄙㄥ ㄧㄡˋ
僧綱,1,ㄙㄥ ㄍㄤ
僧肇,1,ㄙㄥ ㄓㄠˋ
僧行,1,ㄙㄥ ㄏㄤˊ
僧衣,1,ㄙㄥ ㄧ
僧道,1,ㄙㄥ ㄉㄠˋ
僨事,1,ㄈㄣˋ ㄕˋ
僨張,1,ㄈㄣˋ ㄓㄤ
僨興,1,ㄈㄣˋ ㄒㄧㄥ
僨驕,1,ㄈㄣˋ ㄐㄧㄠ
僩然,1,ㄒㄧㄢˋ ㄖㄢˊ
僬僥,1,ㄐㄧㄠ ㄧㄠˊ
僬僬,1,ㄐㄧㄠ ㄐㄧㄠ
僭坐,1,ㄐㄧㄢˋ ㄗㄨㄛˋ
僭妄,1,ㄐㄧㄢˋ ㄨㄤˋ
僭盜,1,ㄐㄧㄢˋ ㄉㄠˋ
僭稱,1,ㄐㄧㄢˋ ㄔㄥ
僭竊,1,ㄐㄧㄢˋ ㄑㄧㄝˋ
僮僮,1,ㄊㄨㄥˊ ㄊㄨㄥˊ
僮婢,1,ㄊㄨㄥˊ ㄅㄧˋ
僮御,1,ㄊㄨㄥˊ ㄩˋ
僮族,1,ㄓㄨㄤˋ ㄗㄨˊ
僰人,1,ㄅㄛˊ ㄖㄣˊ
僱傭,1,ㄍㄨˋ ㄩㄥ
僱役,1,ㄍㄨˋ ㄧˋ
僱船,1,ㄍㄨˋ ㄔㄨㄢˊ
僱請,1,ㄍㄨˋ ㄑㄧㄥˇ
僱車,1,ㄍㄨˋ ㄔㄜ
僵事,1,ㄐㄧㄤ ㄕˋ
僵仆,1,ㄐㄧㄤ ㄆㄨ
僵冷,1,ㄐㄧㄤ ㄌㄥˇ
僶勉,1,ㄇㄧㄣˇ ㄇㄧㄢˇ
價比,1,ㄐㄧㄚˋ ㄅㄧˇ
價錢,1,ㄐㄧㄚˋ ㄑㄧㄢ˙
僻事,1,ㄆㄧˋ ㄕˋ
僻儒,1,ㄆㄧˋ ㄖㄨˊ
僻典,1,ㄆㄧˋ ㄉㄧㄢˇ
僻地,1,ㄆㄧˋ ㄉㄧˋ
僻淨,1,ㄆㄧˋ ㄐㄧㄥˋ
僻然,1,ㄆㄧˋ ㄖㄢˊ
僻處,1,ㄆㄧˋ ㄔㄨˋ
僻見,1,ㄆㄧˋ ㄐㄧㄢˋ
僻路,1,ㄆㄧˋ ㄌㄨˋ
儀形,1,ㄧˊ ㄒㄧㄥˊ
儀從,1,ㄧˊ ㄗㄨㄥˋ
儀曹,1,ㄧˊ ㄘㄠˊ
儀檢,1,ㄧˊ ㄐㄧㄢˇ
儀注,1,ㄧˊ ㄓㄨˋ
儀狄,1,ㄧˊ ㄉㄧˊ
儀範,1,ㄧˊ ㄈㄢˋ
儀賓,1,ㄧˊ ㄅㄧㄣ
儀門,1,ㄧˊ ㄇㄣˊ
儂人,1,ㄋㄨㄥˊ ㄖㄣˊ
儂家,1,ㄋㄨㄥˊ ㄐㄧㄚ
儃佪,1,ㄔㄢˊ ㄏㄨㄟˊ
儃儃,1,ㄊㄢˇ ㄊㄢˇ
億兆,1,ㄧˋ ㄓㄠˋ
儆惕,1,ㄐㄧㄥˇ ㄊㄧˋ
儆戒,1,ㄐㄧㄥˇ ㄐㄧㄝˋ
儇子,1,ㄒㄩㄢ ㄗˇ
儇薄,1,ㄒㄩㄢ ㄅㄛˊ
儈佞,1,ㄎㄨㄞˋ ㄋㄧㄥˋ
儉嗇,1,ㄐㄧㄢˇ ㄙㄜˋ
儉月,1,ㄐㄧㄢˇ ㄩㄝˋ
儉素,1,ㄐㄧㄢˇ ㄙㄨˋ
儉腹,1,ㄐㄧㄢˇ ㄈㄨˋ
儉色,1,ㄐㄧㄢˇ ㄙㄜˋ
儉薄,1,ㄐㄧㄢˇ ㄅㄛˊ
儉觳,1,ㄐㄧㄢˇ ㄏㄨˊ
儋石,1,ㄉㄢ ㄉㄢˋ
儋縣,1,ㄉㄢ ㄒㄧㄢˋ
儌倖,1,ㄐㄧㄠˇ ㄒㄧㄥˋ
儒冠,1,ㄖㄨˊ ㄍㄨㄢ
儒士,1,ㄖㄨˊ ㄕˋ
儒宗,1,ㄖㄨˊ ㄗㄨㄥ
儒巾,1,ㄖㄨˊ ㄐㄧㄣ
儒業,1,ㄖㄨˊ ㄧㄝˋ
儒醫,1,ㄖㄨˊ ㄧ
儒風,1,ㄖㄨˊ ㄈㄥ
儓儗,1,ㄊㄞˊ ㄋㄧˇ
儔儷,1,ㄔㄡˊ ㄌㄧˋ
儕倫,1,ㄔㄞˊ ㄌㄨㄣˊ
儕居,1,ㄔㄞˊ ㄐㄩ
儗儗,1,ㄋㄧˇ ㄋㄧˇ
儘夠,1,ㄐㄧㄣˇ ㄍㄡˋ
儘子,1,ㄐㄧㄣˇ ㄗ˙
儘性,1,ㄐㄧㄣˇ ㄒㄧㄥˋ
儘想,1,ㄐㄧㄣˇ ㄒㄧㄤˇ
儘教,1,ㄐㄧㄣˇ ㄐㄧㄠˋ
儘數,1,ㄐㄧㄣˇ ㄕㄨˋ
儘自,1,ㄐㄧㄣˇ ㄗˋ
儘興,1,ㄐㄧㄣˇ ㄒㄧㄥˋ
儘著,1,ㄐㄧㄣˇ ㄓㄜ˙
儘讓,1,ㄐㄧㄣˇ ㄖㄤˋ
儚儚,1,ㄇㄥˊ ㄇㄥˊ
償補,1,ㄔㄤˊ ㄅㄨˇ
償責,1,ㄔㄤˊ ㄓㄞˋ
償責,1,ㄔㄤˊ ㄗㄜˊ
儤宿,1,ㄅㄠˋ ㄙㄨˋ
儤直,1,ㄅㄠˋ ㄓˊ
儦儦,1,ㄅㄧㄠ ㄅㄧㄠ
優假,1,ㄧㄡ ㄐㄧㄚˇ
優優,1,ㄧㄡ ㄧㄡ
優化,1,ㄧㄡ ㄏㄨㄚˋ
優孟,1,ㄧㄡ ㄇㄥˋ
優容,1,ㄧㄡ ㄖㄨㄥˊ
優弧,1,ㄧㄡ ㄏㄨˊ
優恤,1,ㄧㄡ ㄒㄩˋ
優旃,1,ㄧㄡ ㄓㄢ
優格,1,ㄧㄡ ㄍㄜˊ
優樂,1,ㄧㄡ ㄌㄜˋ
優比,1,ㄧㄡ ㄅㄧˇ
優洽,1,ㄧㄡ ㄒㄧㄚˊ
優游,1,ㄧㄡ ㄧㄡˊ
優獎,1,ㄧㄡ ㄐㄧㄤˇ
優禮,1,ㄧㄡ ㄌㄧˇ
優笑,1,ㄧㄡ ㄒㄧㄠˋ
優處,1,ㄧㄡ ㄔㄨˋ
優角,1,ㄧㄡ ㄐㄧㄠˇ
優詔,1,ㄧㄡ ㄓㄠˋ
優貢,1,ㄧㄡ ㄍㄨㄥˋ
優長,1,ㄧㄡ ㄔㄤˊ
儭錢,1,ㄔㄣˋ ㄑㄧㄢˊ
儱侗,1,ㄌㄨㄥˇ ㄊㄨㄥˊ
儲幣,1,ㄔㄨˊ ㄅㄧˋ
儲胥,1,ㄔㄨˊ ㄒㄩ
儲運,1,ㄔㄨˊ ㄩㄣˋ
儲齡,1,ㄔㄨˊ ㄌㄧㄥˊ
儳言,1,ㄔㄢˋ ㄧㄢˊ
儳道,1,ㄔㄢˋ ㄉㄠˋ
儵儵,1,ㄕㄨˋ ㄕㄨˋ
儵怳,1,ㄕㄨˋ ㄏㄨㄤˇ
儷采,1,ㄌㄧˋ ㄘㄞˇ
儷鑒,1,ㄌㄧˋ ㄐㄧㄢˋ
儸儸,1,ㄌㄨㄛˊ ㄌㄨㄛˊ
儺神,1,ㄋㄨㄛˊ ㄕㄣˊ
儺舞,1,ㄋㄨㄛˊ ㄨˇ
儻來,1,ㄊㄤˇ ㄌㄞˊ
儻儻,1,ㄊㄤˇ ㄊㄤˇ
儻然,1,ㄊㄤˇ ㄖㄢˊ
儻若,1,ㄊㄤˇ ㄖㄨㄛˋ
儻蕩,1,ㄊㄤˇ ㄉㄤˋ
兀傲,1,ㄨˋ ㄠˋ
兀兀,1,ㄨˋ ㄨˋ
兀剌,1,ㄨˋ ㄌㄚˋ
兀坐,1,ㄨˋ ㄗㄨㄛˋ
兀子,1,ㄨˋ ㄗ˙
兀是,1,ㄨˋ ㄕˋ
兀朮,1,ㄨˋ ㄓㄨˊ
兀的,1,ㄨˋ ㄉㄧˋ
兀立,1,ㄨˋ ㄌㄧˋ
兀者,1,ㄨˋ ㄓㄜˇ
兀臬,1,ㄨˋ ㄋㄧㄝˋ
兀良,1,ㄨˋ ㄌㄧㄤˊ
兀誰,1,ㄨˋ ㄕㄟˊ
兀那,1,ㄨˋ ㄋㄚˋ
兀鷲,1,ㄨˋ ㄐㄧㄡˋ
允婚,1,ㄩㄣˇ ㄏㄨㄣ
允從,1,ㄩㄣˇ ㄘㄨㄥˊ
允承,1,ㄩㄣˇ ㄔㄥˊ
允洽,1,ㄩㄣˇ ㄒㄧㄚˊ
元元,1,ㄩㄢˊ ㄩㄢˊ
元功,1,ㄩㄢˊ ㄍㄨㄥ
元勛,1,ㄩㄢˊ ㄒㄩㄣ
元化,1,ㄩㄢˊ ㄏㄨㄚˋ
元后,1,ㄩㄢˊ ㄏㄡˋ
元君,1,ㄩㄢˊ ㄐㄩㄣ
元命,1,ㄩㄢˊ ㄇㄧㄥˋ
元和,1,ㄩㄢˊ ㄏㄜˊ
元因,1,ㄩㄢˊ ㄧㄣ
元士,1,ㄩㄢˊ ㄕˋ
元夜,1,ㄩㄢˊ ㄧㄝˋ
元妃,1,ㄩㄢˊ ㄈㄟ
元宰,1,ㄩㄢˊ ㄗㄞˇ
元會,1,ㄩㄢˊ ㄏㄨㄟˋ
元服,1,ㄩㄢˊ ㄈㄨˊ
元燈,1,ㄩㄢˊ ㄉㄥ
元白,1,ㄩㄢˊ ㄅㄞˊ
元稹,1,ㄩㄢˊ ㄓㄣˇ
元精,1,ㄩㄢˊ ㄐㄧㄥ
元結,1,ㄩㄢˊ ㄐㄧㄝˊ
元緒,1,ㄩㄢˊ ㄒㄩˋ
元聖,1,ㄩㄢˊ ㄕㄥˋ
元辰,1,ㄩㄢˊ ㄔㄣˊ
元麥,1,ㄩㄢˊ ㄇㄞˋ
兄弟,1,ㄒㄩㄥ ㄉㄧ˙
充庭,1,ㄔㄨㄥ ㄊㄧㄥˊ
充暢,1,ㄔㄨㄥ ㄔㄤˋ
充溢,1,ㄔㄨㄥ ㄧˋ
充然,1,ㄔㄨㄥ ㄖㄢˊ
充牣,1,ㄔㄨㄥ ㄖㄣˋ
充發,1,ㄔㄨㄥ ㄈㄚ
充磁,1,ㄔㄨㄥ ㄘˊ
充羨,1,ㄔㄨㄥ ㄒㄧㄢˋ
充耳,1,ㄔㄨㄥ ㄦˇ
充腴,1,ㄔㄨㄥ ㄩˊ
充詘,1,ㄔㄨㄥ ㄑㄩ
充身,1,ㄔㄨㄥ ㄕㄣ
充閭,1,ㄔㄨㄥ ㄌㄩˊ
兆亂,1,ㄓㄠˋ ㄌㄨㄢˋ
兆候,1,ㄓㄠˋ ㄏㄡˋ
兆域,1,ㄓㄠˋ ㄩˋ
兆基,1,ㄓㄠˋ ㄐㄧ
兆朕,1,ㄓㄠˋ ㄓㄣˋ
兆頭,1,ㄓㄠˋ ㄊㄡ˙
兇懼,1,ㄒㄩㄥ ㄐㄩˋ
先主,1,ㄒㄧㄢ ㄓㄨˇ
先儒,1,ㄒㄧㄢ ㄖㄨˊ
先務,1,ㄒㄧㄢ ㄨˋ
先卿,1,ㄒㄧㄢ ㄑㄧㄥ
先古,1,ㄒㄧㄢ ㄍㄨˇ
先塋,1,ㄒㄧㄢ ㄧㄥˊ
先妾,1,ㄒㄧㄢ ㄑㄧㄝˋ
先室,1,ㄒㄧㄢ ㄕˋ
先容,1,ㄒㄧㄢ ㄖㄨㄥˊ
先年,1,ㄒㄧㄢ ㄋㄧㄢˊ
先後,1,ㄒㄧㄢˋ ㄏㄡˋ
先德,1,ㄒㄧㄢ ㄉㄜˊ
先施,1,ㄒㄧㄢ ㄕ
先時,1,ㄒㄧㄢ ㄕˊ
先正,1,ㄒㄧㄢ ㄓㄥˋ
先澤,1,ㄒㄧㄢ ㄗㄜˊ
先疇,1,ㄒㄧㄢ ㄔㄡˊ
先登,1,ㄒㄧㄢ ㄉㄥ
先祀,1,ㄒㄧㄢ ㄙˋ
先策,1,ㄒㄧㄢ ㄘㄜˋ
先緒,1,ㄒㄧㄢ ㄒㄩˋ
先聖,1,ㄒㄧㄢ ㄕㄥˋ
先臣,1,ㄒㄧㄢ ㄔㄣˊ
先荊,1,ㄒㄧㄢ ㄐㄧㄥ
先蠶,1,ㄒㄧㄢ ㄘㄢˊ
先識,1,ㄒㄧㄢ ㄕˋ
先路,1,ㄒㄧㄢ ㄌㄨˋ
先農,1,ㄒㄧㄢ ㄋㄨㄥˊ
先零,1,ㄒㄧㄢ ㄌㄧㄢˊ
先零,1,ㄒㄧㄢ ㄌㄧㄥˊ
先鞭,1,ㄒㄧㄢ ㄅㄧㄢ
光價,1,ㄍㄨㄤ ㄐㄧㄚˋ
光儀,1,ㄍㄨㄤ ㄧˊ
光啟,1,ㄍㄨㄤ ㄑㄧˇ
光國,1,ㄍㄨㄤ ㄍㄨㄛˊ
光塵,1,ㄍㄨㄤ ㄔㄣˊ
光壓,1,ㄍㄨㄤ ㄧㄚ
光宅,1,ㄍㄨㄤ ㄓㄜˋ
光害,1,ㄍㄨㄤ ㄏㄞˋ
光寵,1,ㄍㄨㄤ ㄔㄨㄥˇ
光差,1,ㄍㄨㄤ ㄔㄚ
光巴,1,ㄍㄨㄤ ㄅㄚ˙
光心,1,ㄍㄨㄤ ㄒㄧㄣ
光攝,1,ㄍㄨㄤ ㄕㄜˋ
光斑,1,ㄍㄨㄤ ㄅㄢ
光昌,1,ㄍㄨㄤ ㄔㄤ
光昭,1,ㄍㄨㄤ ㄓㄠ
光景,1,ㄍㄨㄤ ㄐㄧㄥ˙
光暈,1,ㄍㄨㄤ ㄩㄣˋ
光柵,1,ㄍㄨㄤ ㄓㄚˋ
光棍,1,ㄍㄨㄤ ㄍㄨㄣ˙
光洋,1,ㄍㄨㄤ ㄧㄤˊ
光溜,1,ㄍㄨㄤ ㄌㄧㄡ˙
光烈,1,ㄍㄨㄤ ㄌㄧㄝˋ
光熙,1,ㄍㄨㄤ ㄒㄧ
光燄,1,ㄍㄨㄤ ㄧㄢˋ
光燙,1,ㄍㄨㄤ ㄊㄤˋ
光球,1,ㄍㄨㄤ ㄑㄧㄡˊ
光療,1,ㄍㄨㄤ ㄌㄧㄠˊ
光私,1,ㄍㄨㄤ ㄙ
光老,1,ㄍㄨㄤ ㄌㄠˇ
光臉,1,ㄍㄨㄤ ㄌㄧㄢˇ
光苔,1,ㄍㄨㄤ ㄊㄞˊ
光藻,1,ㄍㄨㄤ ㄗㄠˇ
光蛋,1,ㄍㄨㄤ ㄉㄢˋ
光裕,1,ㄍㄨㄤ ㄩˋ
光覺,1,ㄍㄨㄤ ㄐㄩㄝˊ
光豔,1,ㄍㄨㄤ ㄧㄢˋ
光赤,1,ㄍㄨㄤ ㄔˋ
光趟,1,ㄍㄨㄤ ㄊㄤˋ
光闌,1,ㄍㄨㄤ ㄌㄢˊ
光降,1,ㄍㄨㄤ ㄐㄧㄤˋ
光靈,1,ㄍㄨㄤ ㄌㄧㄥˊ
光風,1,ㄍㄨㄤ ㄈㄥ
光駕,1,ㄍㄨㄤ ㄐㄧㄚˋ
光麗,1,ㄍㄨㄤ ㄌㄧˋ
光麵,1,ㄍㄨㄤ ㄇㄧㄢˋ
克定,1,ㄎㄜˋ ㄉㄧㄥˋ
克家,1,ㄎㄜˋ ㄐㄧㄚ
克寧,1,ㄎㄜˋ ㄋㄧㄥˊ
克捷,1,ㄎㄜˋ ㄐㄧㄝˊ
克日,1,ㄎㄜˋ ㄖˋ
克明,1,ㄎㄜˋ ㄇㄧㄥˊ
克柔,1,ㄎㄜˋ ㄖㄡˊ
克汗,1,ㄎㄜˋ ㄏㄢˊ
克諧,1,ㄎㄜˋ ㄒㄧㄝˊ
克讓,1,ㄎㄜˋ ㄖㄤˋ
兌子,1,ㄉㄨㄟˋ ㄗ˙
兌條,1,ㄉㄨㄟˋ ㄊㄧㄠˊ
兌用,1,ㄉㄨㄟˋ ㄩㄥˋ
兌轉,1,ㄉㄨㄟˋ ㄓㄨㄢˇ
兌運,1,ㄉㄨㄟˋ ㄩㄣˋ
兌頭,1,ㄉㄨㄟˋ ㄊㄡ˙
免丁,1,ㄇㄧㄢˇ ㄉㄧㄥ
免乳,1,ㄇㄧㄢˇ ㄖㄨˇ
免冠,1,ㄇㄧㄢˇ ㄍㄨㄢ
免卻,1,ㄇㄧㄢˇ ㄑㄩㄝˋ
免參,1,ㄇㄧㄢˇ ㄘㄢ
免喪,1,ㄇㄧㄢˇ ㄙㄤ
免官,1,ㄇㄧㄢˇ ㄍㄨㄢ
免帖,1,ㄇㄧㄢˇ ㄊㄧㄝˇ
免席,1,ㄇㄧㄢˇ ㄒㄧˊ
免訴,1,ㄇㄧㄢˇ ㄙㄨˋ
免身,1,ㄇㄧㄢˇ ㄕㄣ
免黜,1,ㄇㄧㄢˇ ㄔㄨˋ
兒兒,1,ㄦˊ ㄦˊ
兒啼,1,ㄦˊ ㄊㄧˊ
兒夫,1,ㄦˊ ㄈㄨ
兒嬉,1,ㄦˊ ㄒㄧ
兒家,1,ㄦˊ ㄐㄧㄚ
兒寬,1,ㄋㄧˊ ㄎㄨㄢ
兒息,1,ㄦˊ ㄒㄧˊ
兒拜,1,ㄦˊ ㄅㄞˋ
兒曹,1,ㄦˊ ㄘㄠˊ
兒母,1,ㄦˊ ㄇㄨˇ
兒語,1,ㄦˊ ㄩˇ
兒郎,1,ㄦˊ ㄌㄤˊ
兒齒,1,ㄦˊ ㄔˇ
兔園,1,ㄊㄨˋ ㄩㄢˊ
兔爰,1,ㄊㄨˋ ㄩㄢˊ
兔絲,1,ㄊㄨˋ ㄙ
兔缺,1,ㄊㄨˋ ㄑㄩㄝ
兔罝,1,ㄊㄨˋ ㄐㄩ
兔跳,1,ㄊㄨˋ ㄊㄧㄠˋ
兔躍,1,ㄊㄨˋ ㄩㄝˋ
兔魄,1,ㄊㄨˋ ㄆㄛˋ
兕中,1,ㄙˋ ㄓㄨㄥ
兕觥,1,ㄙˋ ㄍㄨㄥ
党項,1,ㄉㄤˇ ㄒㄧㄤˋ
兜嘴,1,ㄉㄡ ㄗㄨㄟˇ
兜底,1,ㄉㄡ ㄉㄜ˙
兜底,1,ㄉㄡ ㄉㄧˇ
兜抄,1,ㄉㄡ ㄔㄠ
兜拖,1,ㄉㄡ ㄊㄨㄛ
兜搭,1,ㄉㄡ ㄉㄚ
兜的,1,ㄉㄡ ㄉㄜ˙
兜答,1,ㄉㄡ ㄉㄚ
兜籠,1,ㄉㄡ ㄌㄨㄥˇ
兜紗,1,ㄉㄡ ㄕㄚ
兜羅,1,ㄉㄡ ㄌㄨㄛˊ
兜翻,1,ㄉㄡ ㄈㄢ
兜肚,1,ㄉㄡ ㄉㄨ˙
兜胸,1,ㄉㄡ ㄒㄩㄥ
兜膝,1,ㄉㄡ ㄒㄧ
兜臉,1,ㄉㄡ ㄌㄧㄢˇ
兜襠,1,ㄉㄡ ㄉㄤ
兜轎,1,ㄉㄡ ㄐㄧㄠˋ
兜銷,1,ㄉㄡ ㄒㄧㄠ
兜鍪,1,ㄉㄡ ㄇㄡˊ
兜頭,1,ㄉㄡ ㄊㄡˊ
兢兢,1,ㄐㄧㄥ ㄐㄧㄥ
入人,1,ㄖㄨˋ ㄖㄣˊ
入伏,1,ㄖㄨˋ ㄈㄨˊ
入來,1,ㄖㄨˋ ㄌㄞˊ
入地,1,ㄖㄨˋ ㄉㄧˋ
入壟,1,ㄖㄨˋ ㄌㄨㄥˇ
入宅,1,ㄖㄨˋ ㄓㄞˊ
入官,1,ㄖㄨˋ ㄍㄨㄢ
入宮,1,ㄖㄨˋ ㄍㄨㄥ
入山,1,ㄖㄨˋ ㄕㄢ
入己,1,ㄖㄨˋ ㄐㄧˇ
入庠,1,ㄖㄨˋ ㄒㄧㄤˊ
入彀,1,ㄖㄨˋ ㄍㄡˋ
入戲,1,ㄖㄨˋ ㄒㄧˋ
入扣,1,ㄖㄨˋ ㄎㄡˋ
入月,1,ㄖㄨˋ ㄩㄝˋ
入朝,1,ㄖㄨˋ ㄔㄠˊ
入泮,1,ㄖㄨˋ ㄆㄢˋ
入理,1,ㄖㄨˋ ㄌㄧˇ
入監,1,ㄖㄨˋ ㄐㄧㄢ
入監,1,ㄖㄨˋ ㄐㄧㄢˋ
入破,1,ㄖㄨˋ ㄆㄛˋ
入秋,1,ㄖㄨˋ ㄑㄧㄡ
入簾,1,ㄖㄨˋ ㄌㄧㄢˊ
入網,1,ㄖㄨˋ ㄨㄤˇ
入緒,1,ㄖㄨˋ ㄒㄩˋ
入繼,1,ㄖㄨˋ ㄐㄧˋ
入罪,1,ㄖㄨˋ ㄗㄨㄟˋ
入肩,1,ㄖㄨˋ ㄐㄧㄢ
入腳,1,ㄖㄨˋ ㄐㄧㄠˇ
入臣,1,ㄖㄨˋ ㄔㄣˊ
入舍,1,ㄖㄨˋ ㄕㄜˋ
入藥,1,ㄖㄨˋ ㄧㄠˋ
入覲,1,ㄖㄨˋ ㄐㄧㄣˇ
入話,1,ㄖㄨˋ ㄏㄨㄚˋ
入關,1,ㄖㄨˋ ㄍㄨㄢ
入靜,1,ㄖㄨˋ ㄐㄧㄥˋ
入頭,1,ㄖㄨˋ ㄊㄡˊ
內丹,1,ㄋㄟˋ ㄉㄢ
內事,1,ㄋㄟˋ ㄕˋ
內使,1,ㄋㄟˋ ㄕˇ
內傅,1,ㄋㄟˋ ㄈㄨˋ
內備,1,ㄋㄟˋ ㄅㄟˋ
內傳,1,ㄋㄟˋ ㄓㄨㄢˋ
內典,1,ㄋㄟˋ ㄉㄧㄢˇ
內參,1,ㄋㄟˋ ㄘㄢ
內命,1,ㄋㄟˋ ㄇㄧㄥˋ
內囊,1,ㄋㄟˋ ㄋㄤˊ
內城,1,ㄋㄟˋ ㄔㄥˊ
內堂,1,ㄋㄟˋ ㄊㄤˊ
內壼,1,ㄋㄟˋ ㄎㄨㄣˇ
內女,1,ㄋㄟˋ ㄋㄩˇ
內妹,1,ㄋㄟˋ ㄇㄟˋ
內姊,1,ㄋㄟˋ ㄐㄧㄝˇ
內姓,1,ㄋㄟˋ ㄒㄧㄥˋ
內娣,1,ㄋㄟˋ ㄉㄧˋ
內嫂,1,ㄋㄟˋ ㄙㄠˇ
內嬖,1,ㄋㄟˋ ㄅㄧˋ
內官,1,ㄋㄟˋ ㄍㄨㄢ
內家,1,ㄋㄟˋ ㄐㄧㄚ
內寒,1,ㄋㄟˋ ㄏㄢˊ
內寢,1,ㄋㄟˋ ㄑㄧㄣˇ
內寵,1,ㄋㄟˋ ㄔㄨㄥˇ
內帑,1,ㄋㄟˋ ㄊㄤˇ
內庫,1,ㄋㄟˋ ㄎㄨˋ
內德,1,ㄋㄟˋ ㄉㄜˊ
內慧,1,ㄋㄟˋ ㄏㄨㄟˋ
內懷,1,ㄋㄟˋ ㄏㄨㄞˊ
內戚,1,ㄋㄟˋ ㄑㄧ
內才,1,ㄋㄟˋ ㄘㄞˊ
內撫,1,ㄋㄟˋ ㄈㄨˇ
內教,1,ㄋㄟˋ ㄐㄧㄠˋ
內斂,1,ㄋㄟˋ ㄌㄧㄢˋ
內朝,1,ㄋㄟˋ ㄔㄠˊ
內標,1,ㄋㄟˋ ㄅㄧㄠ
內毒,1,ㄋㄟˋ ㄉㄨˊ
內治,1,ㄋㄟˋ ㄓˋ
內澇,1,ㄋㄟˋ ㄌㄠˋ
內煩,1,ㄋㄟˋ ㄈㄢˊ
內爭,1,ㄋㄟˋ ㄓㄥ
內監,1,ㄋㄟˋ ㄐㄧㄢ
內監,1,ㄋㄟˋ ㄐㄧㄢˋ
內相,1,ㄋㄟˋ ㄒㄧㄤˋ
內省,1,ㄋㄟˋ ㄕㄥˇ
內知,1,ㄋㄟˋ ㄓ
內縴,1,ㄋㄟˋ ㄑㄧㄢˋ
內美,1,ㄋㄟˋ ㄇㄟˇ
內職,1,ㄋㄟˋ ㄓˊ
內膜,1,ㄋㄟˋ ㄇㄛˋ
內臣,1,ㄋㄟˋ ㄔㄣˊ
內臺,1,ㄋㄟˋ ㄊㄞˊ
內舉,1,ㄋㄟˋ ㄐㄩˇ
內艱,1,ㄋㄟˋ ㄐㄧㄢ
內苑,1,ㄋㄟˋ ㄩㄢˋ
內荏,1,ㄋㄟˋ ㄖㄣˇ
內蘊,1,ㄋㄟˋ ㄩㄣˋ
內行,1,ㄋㄟˋ ㄒㄧㄥˋ
內規,1,ㄋㄟˋ ㄍㄨㄟ
內訓,1,ㄋㄟˋ ㄒㄩㄣˋ
內詳,1,ㄋㄟˋ ㄒㄧㄤˊ
內諱,1,ㄋㄟˋ ㄏㄨㄟˋ
內資,1,ㄋㄟˋ ㄗ
內賓,1,ㄋㄟˋ ㄅㄧㄣ
內輔,1,ㄋㄟˋ ㄈㄨˇ
內造,1,ㄋㄟˋ ㄗㄠˋ
內逼,1,ㄋㄟˋ ㄅㄧ
內遷,1,ㄋㄟˋ ㄑㄧㄢ
內間,1,ㄋㄟˋ ㄐㄧㄢ
內間,1,ㄋㄟˋ ㄐㄧㄢˋ
內附,1,ㄋㄟˋ ㄈㄨˋ
內障,1,ㄋㄟˋ ㄓㄤˋ
內集,1,ㄋㄟˋ ㄐㄧˊ
內難,1,ㄋㄟˋ ㄋㄢˋ
內顧,1,ㄋㄟˋ ㄍㄨˋ
全分,1,ㄑㄩㄢˊ ㄈㄣˋ
全取,1,ㄑㄩㄢˊ ㄑㄩˇ
全屍,1,ㄑㄩㄢˊ ㄕ
全帖,1,ㄑㄩㄢˊ ㄊㄧㄝˇ
全席,1,ㄑㄩㄢˊ ㄒㄧˊ
全德,1,ㄑㄩㄢˊ ㄉㄜˊ
全性,1,ㄑㄩㄢˊ ㄒㄧㄥˋ
全愈,1,ㄑㄩㄢˊ ㄩˋ
全本,1,ㄑㄩㄢˊ ㄅㄣˇ
全活,1,ㄑㄩㄢˊ ㄏㄨㄛˊ
全清,1,ㄑㄩㄢˊ ㄑㄧㄥ
全牛,1,ㄑㄩㄢˊ ㄋㄧㄡˊ
全祿,1,ㄑㄩㄢˊ ㄌㄨˋ
全福,1,ㄑㄩㄢˊ ㄈㄨˊ
全節,1,ㄑㄩㄢˊ ㄐㄧㄝˊ
全綵,1,ㄑㄩㄢˊ ㄘㄞˇ
全般,1,ㄑㄩㄢˊ ㄅㄢ
全豹,1,ㄑㄩㄢˊ ㄅㄠˋ
全軀,1,ㄑㄩㄢˊ ㄑㄩ
全銜,1,ㄑㄩㄢˊ ㄒㄧㄢˊ
全錄,1,ㄑㄩㄢˊ ㄌㄨˋ
全阻,1,ㄑㄩㄢˊ ㄗㄨˇ
兩丱,1,ㄌㄧㄤˇ ㄍㄨㄢˋ
兩京,1,ㄌㄧㄤˇ ㄐㄧㄥ
兩勢,1,ㄌㄧㄤˇ ㄕˋ
兩坐,1,ㄌㄧㄤˇ ㄗㄨㄛˋ
兩宋,1,ㄌㄧㄤˇ ㄙㄨㄥˋ
兩廂,1,ㄌㄧㄤˇ ㄒㄧㄤ
兩心,1,ㄌㄧㄤˇ ㄒㄧㄣ
兩意,1,ㄌㄧㄤˇ ㄧˋ
兩抵,1,ㄌㄧㄤˇ ㄉㄧˇ
兩接,1,ㄌㄧㄤˇ ㄐㄧㄝ
兩曜,1,ㄌㄧㄤˇ ㄧㄠˋ
兩榜,1,ㄌㄧㄤˇ ㄅㄤˇ
兩歧,1,ㄌㄧㄤˇ ㄑㄧˊ
兩犀,1,ㄌㄧㄤˇ ㄒㄧ
兩老,1,ㄌㄧㄤˇ ㄌㄠˇ
兩袒,1,ㄌㄧㄤˇ ㄊㄢˇ
兩言,1,ㄌㄧㄤˇ ㄧㄢˊ
兩越,1,ㄌㄧㄤˇ ㄩㄝˋ
兩都,1,ㄌㄧㄤˇ ㄉㄨ
八不,1,ㄅㄚ ㄅㄨˋ
八代,1,ㄅㄚ ㄉㄞˋ
八伯,1,ㄅㄚ ㄅㄛˊ
八俊,1,ㄅㄚ ㄐㄩㄣˋ
八儒,1,ㄅㄚ ㄖㄨˊ
八元,1,ㄅㄚ ㄩㄢˊ
八公,1,ㄅㄚ ㄍㄨㄥ
八刀,1,ㄅㄚ ㄉㄠ
八刑,1,ㄅㄚ ㄒㄧㄥˊ
八及,1,ㄅㄚ ㄐㄧˊ
八垓,1,ㄅㄚ ㄍㄞ
八垠,1,ㄅㄚ ㄧㄣˊ
八埏,1,ㄅㄚ ㄧㄢˊ
八宗,1,ㄅㄚ ㄗㄨㄥ
八專,1,ㄅㄚ ㄓㄨㄢ
八岔,1,ㄅㄚ ㄔㄚˋ
八幡,1,ㄅㄚ ㄈㄢ
八幽,1,ㄅㄚ ㄧㄡ
八座,1,ㄅㄚ ㄗㄨㄛˋ
八廚,1,ㄅㄚ ㄔㄨˊ
八愷,1,ㄅㄚ ㄎㄞˇ
八政,1,ㄅㄚ ㄓㄥˋ
八更,1,ㄅㄚ ㄍㄥ
八書,1,ㄅㄚ ㄕㄨ
八材,1,ㄅㄚ ㄘㄞˊ
八柱,1,ㄅㄚ ㄓㄨˋ
八極,1,ㄅㄚ ㄐㄧˊ
八法,1,ㄅㄚ ㄈㄚˇ
八洞,1,ㄅㄚ ㄉㄨㄥˋ
八病,1,ㄅㄚ ㄅㄧㄥˋ
八相,1,ㄅㄚ ㄒㄧㄤˋ
八石,1,ㄅㄚ ㄕˊ
八神,1,ㄅㄚ ㄕㄣˊ
八紘,1,ㄅㄚ ㄏㄨㄥˊ
八索,1,ㄅㄚ ㄙㄨㄛˇ
八維,1,ㄅㄚ ㄨㄟˊ
八綱,1,ㄅㄚ ㄍㄤ
八老,1,ㄅㄚ ㄌㄠˇ
八莫,1,ㄅㄚ ㄇㄛˋ
八蜡,1,ㄅㄚ ㄓㄚˋ
八行,1,ㄅㄚ ㄏㄤˊ
八表,1,ㄅㄚ ㄅㄧㄠˇ
八裔,1,ㄅㄚ ㄧˋ
八議,1,ㄅㄚ ㄧˋ
八辟,1,ㄅㄚ ㄅㄧˋ
八遐,1,ㄅㄚ ㄒㄧㄚˊ
八達,1,ㄅㄚ ㄉㄚˊ
八郎,1,ㄅㄚ ㄌㄤˊ
八都,1,ㄅㄚ ㄉㄨ
八陣,1,ㄅㄚ ㄓㄣˋ
八難,1,ㄅㄚ ㄋㄢˊ
八顧,1,ㄅㄚ ㄍㄨˋ
八駿,1,ㄅㄚ ㄐㄩㄣˋ
八體,1,ㄅㄚ ㄊㄧˇ
八龍,1,ㄅㄚ ㄌㄨㄥˊ
公中,1,ㄍㄨㄥ ㄓㄨㄥ
公了,1,ㄍㄨㄥ ㄌㄧㄠˇ
公伯,1,ㄍㄨㄥ ㄅㄛˊ
公例,1,ㄍㄨㄥ ㄌㄧˋ
公便,1,ㄍㄨㄥ ㄅㄧㄢˋ
公冶,1,ㄍㄨㄥ ㄧㄝˇ
公判,1,ㄍㄨㄥ ㄆㄢˋ
公利,1,ㄍㄨㄥ ㄌㄧˋ
公則,1,ㄍㄨㄥ ㄗㄜˊ
公勺,1,ㄍㄨㄥ ㄕㄨㄛˋ
公合,1,ㄍㄨㄥ ㄍㄜˇ
公同,1,ㄍㄨㄥ ㄊㄨㄥˊ
公名,1,ㄍㄨㄥ ㄇㄧㄥˊ
公吏,1,ㄍㄨㄥ ㄌㄧˋ
公呈,1,ㄍㄨㄥ ㄔㄥˊ
公啟,1,ㄍㄨㄥ ㄑㄧˇ
公善,1,ㄍㄨㄥ ㄕㄢˋ
公士,1,ㄍㄨㄥ ㄕˋ
公姑,1,ㄍㄨㄥ ㄍㄨ
公姥,1,ㄍㄨㄥ ㄌㄠˇ
公室,1,ㄍㄨㄥ ㄕˋ
公宮,1,ㄍㄨㄥ ㄍㄨㄥ
公家,1,ㄍㄨㄥ ㄐㄧㄚ˙
公差,1,ㄍㄨㄥ ㄔㄚ
公府,1,ㄍㄨㄥ ㄈㄨˇ
公座,1,ㄍㄨㄥ ㄗㄨㄛˋ
公庭,1,ㄍㄨㄥ ㄊㄧㄥˊ
公廨,1,ㄍㄨㄥ ㄒㄧㄝˋ
公弦,1,ㄍㄨㄥ ㄒㄧㄢˊ
公忙,1,ㄍㄨㄥ ㄇㄤˊ
公忠,1,ㄍㄨㄥ ㄓㄨㄥ
公忽,1,ㄍㄨㄥ ㄏㄨ
公憑,1,ㄍㄨㄥ ㄆㄧㄥˊ
公戶,1,ㄍㄨㄥ ㄏㄨˋ
公撮,1,ㄍㄨㄥ ㄘㄨㄛ
公擔,1,ㄍㄨㄥ ㄉㄢˋ
公據,1,ㄍㄨㄥ ㄐㄩˋ
公攤,1,ㄍㄨㄥ ㄊㄢ
公明,1,ㄍㄨㄥ ㄇㄧㄥˊ
公普,1,ㄍㄨㄥ ㄆㄨˇ
公服,1,ㄍㄨㄥ ㄈㄨˊ
公朝,1,ㄍㄨㄥ ㄔㄠˊ
公根,1,ㄍㄨㄥ ㄍㄣ
公毉,1,ㄍㄨㄥ ㄧ
公爺,1,ㄍㄨㄥ ㄧㄝ˙
公瑾,1,ㄍㄨㄥ ㄐㄧㄣˇ
公田,1,ㄍㄨㄥ ㄊㄧㄢˊ
公相,1,ㄍㄨㄥ ㄒㄧㄤˋ
公祖,1,ㄍㄨㄥ ㄗㄨˇ
公空,1,ㄍㄨㄥ ㄎㄨㄥ
公絲,1,ㄍㄨㄥ ㄙ
公罪,1,ㄍㄨㄥ ㄗㄨㄟˋ
公船,1,ㄍㄨㄥ ㄔㄨㄢˊ
公衡,1,ㄍㄨㄥ ㄏㄥˊ
公請,1,ㄍㄨㄥ ㄑㄧㄥˇ
公諱,1,ㄍㄨㄥ ㄏㄨㄟˋ
公諸,1,ㄍㄨㄥ ㄓㄨ
公財,1,ㄍㄨㄥ ㄘㄞˊ
公車,1,ㄍㄨㄥ ㄐㄩ
公輔,1,ㄍㄨㄥ ㄈㄨˇ
公轉,1,ㄍㄨㄥ ㄓㄨㄢˋ
公送,1,ㄍㄨㄥ ㄙㄨㄥˋ
公道,1,ㄍㄨㄥ ㄉㄠ˙
公郎,1,ㄍㄨㄥ ㄌㄤˊ
公鐓,1,ㄍㄨㄥ ㄉㄨㄣ
六丁,1,ㄌㄧㄡˋ ㄉㄧㄥ
六么,1,ㄌㄧㄡˋ ㄧㄠ
六兒,1,ㄌㄧㄡˋ ㄦˊ
六典,1,ㄌㄧㄡˋ ㄉㄧㄢˇ
六出,1,ㄌㄧㄡˋ ㄔㄨ
六博,1,ㄌㄧㄡˋ ㄅㄛˊ
六卿,1,ㄌㄧㄡˋ ㄑㄧㄥ
六呂,1,ㄌㄧㄡˋ ㄌㄩˇ
六味,1,ㄌㄧㄡˋ ㄨㄟˋ
六堂,1,ㄌㄧㄡˋ ㄊㄤˊ
六如,1,ㄌㄧㄡˋ ㄖㄨˊ
六官,1,ㄌㄧㄡˋ ㄍㄨㄢ
六宮,1,ㄌㄧㄡˋ ㄍㄨㄥ
六帖,1,ㄌㄧㄡˋ ㄊㄧㄝˋ
六彩,1,ㄌㄧㄡˋ ㄘㄞˇ
六律,1,ㄌㄧㄡˋ ㄌㄩˋ
六情,1,ㄌㄧㄡˋ ㄑㄧㄥˊ
六指,1,ㄌㄧㄡˋ ㄓˇ
六料,1,ㄌㄧㄡˋ ㄌㄧㄠˋ
六柄,1,ㄌㄧㄡˋ ㄅㄧㄥˋ
六極,1,ㄌㄧㄡˋ ㄐㄧˊ
六樂,1,ㄌㄧㄡˋ ㄩㄝˋ
六氣,1,ㄌㄧㄡˋ ㄑㄧˋ
六淫,1,ㄌㄧㄡˋ ㄧㄣˊ
六爻,1,ㄌㄧㄡˋ ㄧㄠˊ
六瑞,1,ㄌㄧㄡˋ ㄖㄨㄟˋ
六祖,1,ㄌㄧㄡˋ ㄗㄨˇ
六神,1,ㄌㄧㄡˋ ㄕㄣˊ
六籍,1,ㄌㄧㄡˋ ㄐㄧˊ
六緯,1,ㄌㄧㄡˋ ㄨㄟˇ
六義,1,ㄌㄧㄡˋ ㄧˋ
六翮,1,ㄌㄧㄡˋ ㄏㄜˊ
六脈,1,ㄌㄧㄡˋ ㄇㄞˋ
六花,1,ㄌㄧㄡˋ ㄏㄨㄚ
六莖,1,ㄌㄧㄡˋ ㄐㄧㄥ
六虛,1,ㄌㄧㄡˋ ㄒㄩ
六衝,1,ㄌㄧㄡˋ ㄔㄨㄥ
六觀,1,ㄌㄧㄡˋ ㄍㄨㄢ
六詔,1,ㄌㄧㄡˋ ㄓㄠˋ
六識,1,ㄌㄧㄡˋ ㄕˋ
六賊,1,ㄌㄧㄡˋ ㄗㄟˊ
六趣,1,ㄌㄧㄡˋ ㄑㄩˋ
六院,1,ㄌㄧㄡˋ ㄩㄢˋ
六陳,1,ㄌㄧㄡˋ ㄔㄣˊ
六驥,1,ㄌㄧㄡˋ ㄐㄧˋ
六體,1,ㄌㄧㄡˋ ㄊㄧˇ
六龍,1,ㄌㄧㄡˋ ㄌㄨㄥˊ
共分,1,ㄍㄨㄥˋ ㄈㄣ
共寢,1,ㄍㄨㄥˋ ㄑㄧㄣˇ
共居,1,ㄍㄨㄥˋ ㄐㄩ
共工,1,ㄍㄨㄥ ㄍㄨㄥ
共度,1,ㄍㄨㄥˋ ㄉㄨˋ
共患,1,ㄍㄨㄥˋ ㄏㄨㄢˋ
共枕,1,ㄍㄨㄥˋ ㄓㄣˇ
共業,1,ㄍㄨㄥˋ ㄧㄝˋ
共歲,1,ㄍㄨㄥˋ ㄙㄨㄟˋ
共洩,1,ㄍㄨㄥˋ ㄒㄧㄝˋ
共營,1,ㄍㄨㄥˋ ㄧㄥˊ
共知,1,ㄍㄨㄥˋ ㄓ
共總,1,ㄍㄨㄥˋ ㄗㄨㄥˇ
共衾,1,ㄍㄨㄥˋ ㄑㄧㄣ
共語,1,ㄍㄨㄥˋ ㄩˇ
共談,1,ㄍㄨㄥˋ ㄊㄢˊ
共論,1,ㄍㄨㄥˋ ㄌㄨㄣˋ
共閱,1,ㄍㄨㄥˋ ㄩㄝˋ
兵亂,1,ㄅㄧㄥ ㄌㄨㄢˋ
兵交,1,ㄅㄧㄥ ㄐㄧㄠ
兵仗,1,ㄅㄧㄥ ㄓㄤˋ
兵勇,1,ㄅㄧㄥ ㄩㄥˇ
兵勢,1,ㄅㄧㄥ ㄕˋ
兵厄,1,ㄅㄧㄥ ㄜˋ
兵威,1,ㄅㄧㄥ ㄨㄟ
兵強,1,ㄅㄧㄥ ㄑㄧㄤˊ
兵快,1,ㄅㄧㄥ ㄎㄨㄞˋ
兵戈,1,ㄅㄧㄥ ㄍㄜ
兵戎,1,ㄅㄧㄥ ㄖㄨㄥˊ
兵杖,1,ㄅㄧㄥ ㄓㄤˋ
兵柄,1,ㄅㄧㄥ ㄅㄧㄥˇ
兵械,1,ㄅㄧㄥ ㄒㄧㄝˋ
兵機,1,ㄅㄧㄥ ㄐㄧ
兵火,1,ㄅㄧㄥ ㄏㄨㄛˇ
兵牌,1,ㄅㄧㄥ ㄆㄞˊ
兵端,1,ㄅㄧㄥ ㄉㄨㄢ
兵荒,1,ㄅㄧㄥ ㄏㄨㄤ
兵蟻,1,ㄅㄧㄥ ㄧˇ
兵要,1,ㄅㄧㄥ ㄧㄠˋ
兵解,1,ㄅㄧㄥ ㄐㄧㄝˇ
兵諫,1,ㄅㄧㄥ ㄐㄧㄢˋ
兵費,1,ㄅㄧㄥ ㄈㄟˋ
兵險,1,ㄅㄧㄥ ㄒㄧㄢˇ
兵難,1,ㄅㄧㄥ ㄋㄢˋ
兵革,1,ㄅㄧㄥ ㄍㄜˊ
兵額,1,ㄅㄧㄥ ㄜˊ
其今,1,ㄑㄧˊ ㄐㄧㄣ
其程,1,ㄑㄧˊ ㄔㄥˊ
其高,1,ㄑㄧˊ ㄍㄠ
具保,1,ㄐㄩˋ ㄅㄠˇ
具壽,1,ㄐㄩˋ ㄕㄡˋ
具官,1,ㄐㄩˋ ㄍㄨㄢ
具慶,1,ㄐㄩˋ ㄑㄧㄥˋ
具戒,1,ㄐㄩˋ ㄐㄧㄝˋ
具然,1,ㄐㄩˋ ㄖㄢˊ
具爾,1,ㄐㄩˋ ㄦˇ
具狀,1,ㄐㄩˋ ㄓㄨㄤˋ
具獄,1,ㄐㄩˋ ㄩˋ
具眼,1,ㄐㄩˋ ㄧㄢˇ
具瞻,1,ㄐㄩˋ ㄓㄢ
具臣,1,ㄐㄩˋ ㄔㄣˊ
具舉,1,ㄐㄩˋ ㄐㄩˇ
具草,1,ㄐㄩˋ ㄘㄠˇ
具陳,1,ㄐㄩˋ ㄔㄣˊ
具領,1,ㄐㄩˋ ㄌㄧㄥˇ
典借,1,ㄉㄧㄢˇ ㄐㄧㄝˋ
典儀,1,ㄉㄧㄢˇ ㄧˊ
典兵,1,ㄉㄧㄢˇ ㄅㄧㄥ
典刑,1,ㄉㄧㄢˇ ㄒㄧㄥˊ
典制,1,ㄉㄧㄢˇ ㄓˋ
典墳,1,ㄉㄧㄢˇ ㄈㄣˊ
典奧,1,ㄉㄧㄢˇ ㄠˋ
典學,1,ㄉㄧㄢˇ ㄒㄩㄝˊ
典守,1,ㄉㄧㄢˇ ㄕㄡˇ
典常,1,ㄉㄧㄢˇ ㄔㄤˊ
典座,1,ㄉㄧㄢˇ ㄗㄨㄛˋ
典據,1,ㄉㄧㄢˇ ㄐㄩˋ
典沒,1,ㄉㄧㄢˇ ㄇㄛˋ
典獄,1,ㄉㄧㄢˇ ㄩˋ
典策,1,ㄉㄧㄢˇ ㄘㄜˋ
典要,1,ㄉㄧㄢˇ ㄧㄠˋ
典謨,1,ㄉㄧㄢˇ ㄇㄛˊ
典貼,1,ㄉㄧㄢˇ ㄊㄧㄝ
典質,1,ㄉㄧㄢˇ ㄓˋ
典身,1,ㄉㄧㄢˇ ㄕㄣ
典鋪,1,ㄉㄧㄢˇ ㄆㄨˋ
典鬻,1,ㄉㄧㄢˇ ㄩˋ
兼人,1,ㄐㄧㄢ ㄖㄣˊ
兼倍,1,ㄐㄧㄢ ㄅㄟˋ
兼味,1,ㄐㄧㄢ ㄨㄟˋ
兼掌,1,ㄐㄧㄢ ㄓㄤˇ
兼毫,1,ㄐㄧㄢ ㄏㄠˊ
兼濟,1,ㄐㄧㄢ ㄐㄧˋ
兼用,1,ㄐㄧㄢ ㄩㄥˋ
兼署,1,ㄐㄧㄢ ㄕㄨˋ
兼聽,1,ㄐㄧㄢ ㄊㄧㄥ
兼金,1,ㄐㄧㄢ ㄐㄧㄣ
冀北,1,ㄐㄧˋ ㄅㄟˇ
冀圖,1,ㄐㄧˋ ㄊㄨˊ
冀州,1,ㄐㄧˋ ㄓㄡ
冀求,1,ㄐㄧˋ ㄑㄧㄡˊ
冉有,1,ㄖㄢˇ ㄧㄡˇ
冉求,1,ㄖㄢˇ ㄑㄧㄡˊ
冉魏,1,ㄖㄢˇ ㄨㄟˋ
冊命,1,ㄘㄜˋ ㄇㄧㄥˋ
冊府,1,ㄘㄜˋ ㄈㄨˇ
冊書,1,ㄘㄜˋ ㄕㄨ
冊正,1,ㄘㄜˋ ㄓㄥˋ
冊籍,1,ㄘㄜˋ ㄐㄧˊ
再不,1,ㄗㄞˋ ㄅㄨ˙
再世,1,ㄗㄞˋ ㄕˋ
再四,1,ㄗㄞˋ ㄙˋ
再犯,1,ㄗㄞˋ ㄈㄢˋ
冏然,1,ㄐㄩㄥˇ ㄖㄢˊ
冒失,1,ㄇㄠˋ ㄕ˙
冒姓,1,ㄇㄠˋ ㄒㄧㄥˋ
冒富,1,ㄇㄠˋ ㄈㄨˋ
冒尖,1,ㄇㄠˋ ㄐㄧㄢ
冒撞,1,ㄇㄠˋ ㄓㄨㄤˋ
冒濫,1,ㄇㄠˋ ㄌㄢˋ
冒禮,1,ㄇㄠˋ ㄌㄧˇ
冒突,1,ㄇㄠˋ ㄊㄨˊ
冒籍,1,ㄇㄠˋ ㄐㄧˊ
冒被,1,ㄇㄠˋ ㄅㄟˋ
冒認,1,ㄇㄠˋ ㄖㄣˋ
冒頓,1,ㄇㄛˋ ㄉㄨˊ
冒頭,1,ㄇㄠˋ ㄊㄡˊ
冒風,1,ㄇㄠˋ ㄈㄥ
冒餉,1,ㄇㄠˋ ㄒㄧㄤˇ
冕旒,1,ㄇㄧㄢˇ ㄌㄧㄡˊ
冕服,1,ㄇㄧㄢˇ ㄈㄨˊ
冗兵,1,ㄖㄨㄥˇ ㄅㄧㄥ
冗冗,1,ㄖㄨㄥˇ ㄖㄨㄥˇ
冗官,1,ㄖㄨㄥˇ ㄍㄨㄢ
冗忙,1,ㄖㄨㄥˇ ㄇㄤˊ
冗散,1,ㄖㄨㄥˇ ㄙㄢˇ
冗繁,1,ㄖㄨㄥˇ ㄈㄢˊ
冗賦,1,ㄖㄨㄥˇ ㄈㄨˋ
冗長,1,ㄖㄨㄥˇ ㄓㄤˋ
冗食,1,ㄖㄨㄥˇ ㄕˊ
冘冘,1,ㄧㄣˊ ㄧㄣˊ
冘豫,1,ㄧㄡˊ ㄩˋ
冠子,1,ㄍㄨㄢ ㄗ˙
冠子,1,ㄍㄨㄢˋ ㄗˇ
冠履,1,ㄍㄨㄢ ㄌㄩˇ
冠帔,1,ㄍㄨㄢ ㄆㄟˋ
冠帶,1,ㄍㄨㄢ ㄉㄞˋ
冠族,1,ㄍㄨㄢ ㄗㄨˊ
冠服,1,ㄍㄨㄢ ㄈㄨˊ
冠禮,1,ㄍㄨㄢˋ ㄌㄧˇ
冠者,1,ㄍㄨㄢˋ ㄓㄜˇ
冠芽,1,ㄍㄨㄢ ㄧㄚˊ
冢嗣,1,ㄓㄨㄥˇ ㄙˋ
冢土,1,ㄓㄨㄥˇ ㄊㄨˇ
冢墓,1,ㄓㄨㄥˇ ㄇㄨˋ
冢婦,1,ㄓㄨㄥˇ ㄈㄨˋ
冢子,1,ㄓㄨㄥˇ ㄗˇ
冢宰,1,ㄓㄨㄥˇ ㄗㄞˇ
冢息,1,ㄓㄨㄥˇ ㄒㄧˊ
冢藏,1,ㄓㄨㄥˇ ㄗㄤˋ
冤人,1,ㄩㄢ ㄖㄣˊ
冤兜,1,ㄩㄢ ㄉㄡ
冤抑,1,ㄩㄢ ㄧˋ
冤桶,1,ㄩㄢ ㄊㄨㄥˇ
冤業,1,ㄩㄢ ㄧㄝˋ
冤禽,1,ㄩㄢ ㄑㄧㄣˊ
冤苦,1,ㄩㄢ ㄎㄨˇ
冤頭,1,ㄩㄢ ㄊㄡˊ
冥佑,1,ㄇㄧㄥˊ ㄧㄡˋ
冥具,1,ㄇㄧㄥˊ ㄐㄩˋ
冥司,1,ㄇㄧㄥˊ ㄙ
冥契,1,ㄇㄧㄥˊ ㄑㄧˋ
冥奧,1,ㄇㄧㄥˊ ㄠˋ
冥寂,1,ㄇㄧㄥˊ ㄐㄧˊ
冥寶,1,ㄇㄧㄥˊ ㄅㄠˇ
冥搜,1,ㄇㄧㄥˊ ㄙㄡ
冥數,1,ㄇㄧㄥˊ ㄕㄨˋ
冥會,1,ㄇㄧㄥˊ ㄏㄨㄟˋ
冥河,1,ㄇㄧㄥˊ ㄏㄜˊ
冥漠,1,ㄇㄧㄥˊ ㄇㄛˋ
冥濛,1,ㄇㄧㄥˊ ㄇㄥˊ
冥童,1,ㄇㄧㄥˊ ㄊㄨㄥˊ
冥籍,1,ㄇㄧㄥˊ ㄐㄧˊ
冥茫,1,ㄇㄧㄥˊ ㄇㄤˊ
冥蒙,1,ㄇㄧㄥˊ ㄇㄥˊ
冥行,1,ㄇㄧㄥˊ ㄒㄧㄥˊ
冥資,1,ㄇㄧㄥˊ ㄗ
冥途,1,ㄇㄧㄥˊ ㄊㄨˊ
冥鈔,1,ㄇㄧㄥˊ ㄔㄠ
冥靈,1,ㄇㄧㄥˊ ㄌㄧㄥˊ
冥鴻,1,ㄇㄧㄥˊ ㄏㄨㄥˊ
冥默,1,ㄇㄧㄥˊ ㄇㄛˋ
冪䍦,1,ㄇㄧˋ ㄌㄧˊ
冪冪,1,ㄇㄧˋ ㄇㄧˋ
冬事,1,ㄉㄨㄥ ㄕˋ
冬儲,1,ㄉㄨㄥ ㄔㄨˊ
冬凌,1,ㄉㄨㄥ ㄌㄧㄥˊ
冬初,1,ㄉㄨㄥ ㄔㄨ
冬心,1,ㄉㄨㄥ ㄒㄧㄣ
冬月,1,ㄉㄨㄥ ㄩㄝˋ
冬灌,1,ㄉㄨㄥ ㄍㄨㄢˋ
冬狩,1,ㄉㄨㄥ ㄕㄡˋ
冬賑,1,ㄉㄨㄥ ㄓㄣˋ
冰原,1,ㄅㄧㄥ ㄩㄢˊ
冰壺,1,ㄅㄧㄥ ㄏㄨˊ
冰天,1,ㄅㄧㄥ ㄊㄧㄢ
冰夷,1,ㄅㄧㄥ ㄧˊ
冰室,1,ㄅㄧㄥ ㄕˋ
冰屋,1,ㄅㄧㄥ ㄨ
冰岩,1,ㄅㄧㄥ ㄧㄢˊ
冰峰,1,ㄅㄧㄥ ㄈㄥ
冰帽,1,ㄅㄧㄥ ㄇㄠˋ
冰心,1,ㄅㄧㄥ ㄒㄧㄣ
冰戲,1,ㄅㄧㄥ ㄒㄧˋ
冰排,1,ㄅㄧㄥ ㄆㄞˊ
冰斗,1,ㄅㄧㄥ ㄉㄡˇ
冰月,1,ㄅㄧㄥ ㄩㄝˋ
冰桶,1,ㄅㄧㄥ ㄊㄨㄥˇ
冰棍,1,ㄅㄧㄥ ㄍㄨㄣˋ
冰橇,1,ㄅㄧㄥ ㄑㄧㄠ
冰檗,1,ㄅㄧㄥ ㄅㄛˋ
冰泮,1,ㄅㄧㄥ ㄆㄢˋ
冰洋,1,ㄅㄧㄥ ㄧㄤˊ
冰消,1,ㄅㄧㄥ ㄒㄧㄠ
冰淵,1,ㄅㄧㄥ ㄩㄢ
冰清,1,ㄅㄧㄥ ㄑㄧㄥ
冰爪,1,ㄅㄧㄥ ㄓㄨㄚˇ
冰玉,1,ㄅㄧㄥ ㄩˋ
冰瓶,1,ㄅㄧㄥ ㄆㄧㄥˊ
冰盤,1,ㄅㄧㄥ ㄆㄢˊ
冰磚,1,ㄅㄧㄥ ㄓㄨㄢ
冰磧,1,ㄅㄧㄥ ㄑㄧˋ
冰窨,1,ㄅㄧㄥ ㄧㄣˋ
冰簟,1,ㄅㄧㄥ ㄉㄧㄢˋ
冰紈,1,ㄅㄧㄥ ㄨㄢˊ
冰絃,1,ㄅㄧㄥ ㄒㄧㄢˊ
冰綃,1,ㄅㄧㄥ ㄒㄧㄠ
冰翁,1,ㄅㄧㄥ ㄨㄥ
冰臉,1,ㄅㄧㄥ ㄌㄧㄢˇ
冰舞,1,ㄅㄧㄥ ㄨˇ
冰花,1,ㄅㄧㄥ ㄏㄨㄚ
冰藏,1,ㄅㄧㄥ ㄘㄤˊ
冰蘗,1,ㄅㄧㄥ ㄅㄛˋ
冰蝕,1,ㄅㄧㄥ ㄕˊ
冰蠶,1,ㄅㄧㄥ ㄘㄢˊ
冰衿,1,ㄅㄧㄥ ㄐㄧㄣ
冰銜,1,ㄅㄧㄥ ㄒㄧㄢˊ
冰錐,1,ㄅㄧㄥ ㄓㄨㄟ
冰錨,1,ㄅㄧㄥ ㄇㄠˊ
冰鏡,1,ㄅㄧㄥ ㄐㄧㄥˋ
冰鑒,1,ㄅㄧㄥ ㄐㄧㄢˋ
冰鑹,1,ㄅㄧㄥ ㄘㄨㄢ
冰魂,1,ㄅㄧㄥ ㄏㄨㄣˊ
冱寒,1,ㄏㄨˋ ㄏㄢˊ
冶坊,1,ㄧㄝˇ ㄈㄤ
冶容,1,ㄧㄝˇ ㄖㄨㄥˊ
冶父,1,ㄧㄝˇ ㄈㄨˇ
冶蕩,1,ㄧㄝˇ ㄉㄤˋ
冷丁,1,ㄌㄥˇ ㄉㄧㄥ
冷債,1,ㄌㄥˇ ㄓㄞˋ
冷冽,1,ㄌㄥˇ ㄌㄧㄝˋ
冷勁,1,ㄌㄥˇ ㄐㄧㄣˋ
冷子,1,ㄌㄥˇ ㄗ˙
冷字,1,ㄌㄥˇ ㄗˋ
冷官,1,ㄌㄥˇ ㄍㄨㄢ
冷害,1,ㄌㄥˇ ㄏㄞˋ
冷局,1,ㄌㄥˇ ㄐㄩˊ
冷峭,1,ㄌㄥˇ ㄑㄧㄠˋ
冷布,1,ㄌㄥˇ ㄅㄨˋ
冷床,1,ㄌㄥˇ ㄔㄨㄤˊ
冷度,1,ㄌㄥˇ ㄉㄨˋ
冷徑,1,ㄌㄥˇ ㄐㄧㄥˋ
冷心,1,ㄌㄥˇ ㄒㄧㄣ
冷戰,1,ㄌㄥˇ ㄓㄢ˙
冷房,1,ㄌㄥˇ ㄈㄤˊ
冷攤,1,ㄌㄥˇ ㄊㄢ
冷業,1,ㄌㄥˇ ㄧㄝˋ
冷浴,1,ㄌㄥˇ ㄩˋ
冷淘,1,ㄌㄥˇ ㄊㄠˊ
冷灶,1,ㄌㄥˇ ㄗㄠˋ
冷炙,1,ㄌㄥˇ ㄓˋ
冷焊,1,ㄌㄥˇ ㄏㄢˋ
冷焰,1,ㄌㄥˇ ㄧㄢˋ
冷然,1,ㄌㄥˇ ㄖㄢˊ
冷燙,1,ㄌㄥˇ ㄊㄤˋ
冷療,1,ㄌㄥˇ ㄌㄧㄠˊ
冷破,1,ㄌㄥˇ ㄆㄛˋ
冷硬,1,ㄌㄥˇ ㄧㄥˋ
冷碟,1,ㄌㄥˇ ㄉㄧㄝˊ
冷禁,1,ㄌㄥˇ ㄐㄧㄣˋ
冷節,1,ㄌㄥˇ ㄐㄧㄝˊ
冷背,1,ㄌㄥˇ ㄅㄟˋ
冷能,1,ㄌㄥˇ ㄋㄥˊ
冷腸,1,ㄌㄥˇ ㄔㄤˊ
冷葷,1,ㄌㄥˇ ㄏㄨㄣ
冷視,1,ㄌㄥˇ ㄕˋ
冷覺,1,ㄌㄥˇ ㄐㄩㄝˊ
冷言,1,ㄌㄥˇ ㄧㄢˊ
冷語,1,ㄌㄥˇ ㄩˇ
冷貨,1,ㄌㄥˇ ㄏㄨㄛˋ
冷遇,1,ㄌㄥˇ ㄩˋ
冷金,1,ㄌㄥˇ ㄐㄧㄣ
冷鋪,1,ㄌㄥˇ ㄆㄨˋ
冷霧,1,ㄌㄥˇ ㄨˋ
冷項,1,ㄌㄥˇ ㄒㄧㄤˋ
冷顫,1,ㄌㄥˇ ㄓㄢˋ
冷飯,1,ㄌㄥˇ ㄈㄢˋ
冷麵,1,ㄌㄥˇ ㄇㄧㄢˋ
冽冽,1,ㄌㄧㄝˋ ㄌㄧㄝˋ
冽清,1,ㄌㄧㄝˋ ㄑㄧㄥ
冽霜,1,ㄌㄧㄝˋ ㄕㄨㄤ
准伏,1,ㄓㄨㄣˇ ㄈㄨˊ
准信,1,ㄓㄨㄣˇ ㄒㄧㄣˋ
准奏,1,ㄓㄨㄣˇ ㄗㄡˋ
准定,1,ㄓㄨㄣˇ ㄉㄧㄥˋ
准尉,1,ㄓㄨㄣˇ ㄨㄟˋ
准式,1,ㄓㄨㄣˇ ㄕˋ
准折,1,ㄓㄨㄣˇ ㄓㄜˊ
准擬,1,ㄓㄨㄣˇ ㄋㄧˇ
准此,1,ㄓㄨㄣˇ ㄘˇ
准算,1,ㄓㄨㄣˇ ㄙㄨㄢˋ
凋亡,1,ㄉㄧㄠ ㄨㄤˊ
凋兵,1,ㄉㄧㄠ ㄅㄧㄥ
凋厥,1,ㄉㄧㄠ ㄐㄩㄝˊ
凋弊,1,ㄉㄧㄠ ㄅㄧˋ
凋換,1,ㄉㄧㄠ ㄏㄨㄢˋ
凋敗,1,ㄉㄧㄠ ㄅㄞˋ
凋疏,1,ㄉㄧㄠ ㄕㄨ
凌凌,1,ㄌㄧㄥˊ ㄌㄧㄥˊ
凌夷,1,ㄌㄧㄥˊ ㄧˊ
凌持,1,ㄌㄧㄥˊ ㄔˊ
凌日,1,ㄌㄧㄥˊ ㄖˋ
凌暴,1,ㄌㄧㄥˊ ㄅㄠˋ
凌替,1,ㄌㄧㄥˊ ㄊㄧˋ
凌汛,1,ㄌㄧㄥˊ ㄒㄩㄣˋ
凌災,1,ㄌㄧㄥˊ ㄗㄞ
凌眼,1,ㄌㄧㄥˊ ㄧㄢˇ
凌籍,1,ㄌㄧㄥˊ ㄐㄧˊ
凌藉,1,ㄌㄧㄥˊ ㄐㄧˊ
凌虛,1,ㄌㄧㄥˊ ㄒㄩ
凌躐,1,ㄌㄧㄥˊ ㄌㄧㄝˋ
凌轢,1,ㄌㄧㄥˊ ㄌㄧˋ
凌辱,1,ㄌㄧㄥˊ ㄖㄨˋ
凌迸,1,ㄌㄧㄥˊ ㄅㄥˋ
凌逼,1,ㄌㄧㄥˊ ㄅㄧ
凌錐,1,ㄌㄧㄥˊ ㄓㄨㄟ
凌陰,1,ㄌㄧㄥˊ ㄧㄣ
凌風,1,ㄌㄧㄥˊ ㄈㄥ
凍寒,1,ㄉㄨㄥˋ ㄏㄢˊ
凍斃,1,ㄉㄨㄥˋ ㄅㄧˋ
凍省,1,ㄉㄨㄥˋ ㄕㄥˇ
凍石,1,ㄉㄨㄥˋ ㄕˊ
凜慄,1,ㄌㄧㄣˇ ㄌㄧˋ
凝佇,1,ㄋㄧㄥˊ ㄓㄨˋ
凝冱,1,ㄋㄧㄥˊ ㄏㄨˋ
凝凍,1,ㄋㄧㄥˊ ㄉㄨㄥˋ
凝凝,1,ㄋㄧㄥˊ ㄋㄧㄥˊ
凝咽,1,ㄋㄧㄥˊ ㄧㄝˋ
凝妝,1,ㄋㄧㄥˊ ㄓㄨㄤ
凝態,1,ㄋㄧㄥˊ ㄊㄞˋ
凝慮,1,ㄋㄧㄥˊ ㄌㄩˋ
凝然,1,ㄋㄧㄥˊ ㄖㄢˊ
凝目,1,ㄋㄧㄥˊ ㄇㄨˋ
凝眄,1,ㄋㄧㄥˊ ㄇㄧㄢˇ
凝睇,1,ㄋㄧㄥˊ ㄉㄧˋ
凝網,1,ㄋㄧㄥˊ ㄨㄤˇ
凝練,1,ㄋㄧㄥˊ ㄌㄧㄢˋ
凝聽,1,ㄋㄧㄥˊ ㄊㄧㄥ
凝鍊,1,ㄋㄧㄥˊ ㄌㄧㄢˋ
凝雨,1,ㄋㄧㄥˊ ㄩˇ
凝霜,1,ㄋㄧㄥˊ ㄕㄨㄤ
凝霰,1,ㄋㄧㄥˊ ㄒㄧㄢˋ
凝香,1,ㄋㄧㄥˊ ㄒㄧㄤ
几几,1,ㄐㄧˇ ㄐㄧˇ
几席,1,ㄐㄧˇ ㄒㄧˊ
几杖,1,ㄐㄧˇ ㄓㄤˋ
几案,1,ㄐㄧˇ ㄢˋ
几筵,1,ㄐㄧˇ ㄧㄢˊ
凡作,1,ㄈㄢˊ ㄗㄨㄛˋ
凡品,1,ㄈㄢˊ ㄆㄧㄣˇ
凡庸,1,ㄈㄢˊ ㄩㄥ
凡愚,1,ㄈㄢˊ ㄩˊ
凡才,1,ㄈㄢˊ ㄘㄞˊ
凡材,1,ㄈㄢˊ ㄘㄞˊ
凡火,1,ㄈㄢˊ ㄏㄨㄛˇ
凡目,1,ㄈㄢˊ ㄇㄨˋ
凡眼,1,ㄈㄢˊ ㄧㄢˇ
凡知,1,ㄈㄢˊ ㄓˋ
凡童,1,ㄈㄢˊ ㄊㄨㄥˊ
凡語,1,ㄈㄢˊ ㄩˇ
凡近,1,ㄈㄢˊ ㄐㄧㄣˋ
凡間,1,ㄈㄢˊ ㄐㄧㄢ
凡骨,1,ㄈㄢˊ ㄍㄨˇ
凱復,1,ㄎㄞˇ ㄈㄨˋ
凱樂,1,ㄎㄞˇ ㄩㄝˋ
凱澤,1,ㄎㄞˇ ㄗㄜˊ
凱瑟,1,ㄎㄞˇ ㄙㄜˋ
凱風,1,ㄎㄞˇ ㄈㄥ
凶人,1,ㄒㄩㄥ ㄖㄣˊ
凶俠,1,ㄒㄩㄥ ㄒㄧㄚˊ
凶信,1,ㄒㄩㄥ ㄒㄧㄣˋ
凶儀,1,ㄒㄩㄥ ㄧˊ
凶地,1,ㄒㄩㄥ ㄉㄧˋ
凶德,1,ㄒㄩㄥ ㄉㄜˊ
凶怪,1,ㄒㄩㄥ ㄍㄨㄞˋ
凶日,1,ㄒㄩㄥ ㄖˋ
凶服,1,ㄒㄩㄥ ㄈㄨˊ
凶案,1,ㄒㄩㄥ ㄢˋ
凶死,1,ㄒㄩㄥ ㄙˇ
凶毆,1,ㄒㄩㄥ ㄡ
凶焰,1,ㄒㄩㄥ ㄧㄢˋ
凶煞,1,ㄒㄩㄥ ㄕㄚˋ
凶燄,1,ㄒㄩㄥ ㄧㄢˋ
凶神,1,ㄒㄩㄥ ㄕㄣˊ
凶禮,1,ㄒㄩㄥ ㄌㄧˇ
凶肆,1,ㄒㄩㄥ ㄙˋ
凶荒,1,ㄒㄩㄥ ㄏㄨㄤ
凶虐,1,ㄒㄩㄥ ㄋㄩㄝˋ
凶訊,1,ㄒㄩㄥ ㄒㄩㄣˋ
凶豎,1,ㄒㄩㄥ ㄕㄨˋ
凶身,1,ㄒㄩㄥ ㄕㄣ
凶逆,1,ㄒㄩㄥ ㄋㄧˋ
凶門,1,ㄒㄩㄥ ㄇㄣˊ
凶黨,1,ㄒㄩㄥ ㄉㄤˇ
凸岸,1,ㄊㄨˊ ㄢˋ
凸額,1,ㄊㄨˊ ㄜˊ
凹狀,1,ㄠ ㄓㄨㄤˋ
出乘,1,ㄔㄨ ㄔㄥˊ
出使,1,ㄔㄨ ㄕˇ
出倒,1,ㄔㄨ ㄉㄠˇ
出喪,1,ㄔㄨ ㄙㄤ
出堂,1,ㄔㄨ ㄊㄤˊ
出妻,1,ㄔㄨ ㄑㄧ
出姓,1,ㄔㄨ ㄒㄧㄥˋ
出婦,1,ㄔㄨ ㄈㄨˋ
出官,1,ㄔㄨ ㄍㄨㄢ
出定,1,ㄔㄨ ㄉㄧㄥˋ
出宰,1,ㄔㄨ ㄗㄞˇ
出尖,1,ㄔㄨ ㄐㄧㄢ
出幼,1,ㄔㄨ ㄧㄡˋ
出店,1,ㄔㄨ ㄉㄧㄢˋ
出彩,1,ㄔㄨ ㄘㄞˇ
出心,1,ㄔㄨ ㄒㄧㄣ
出息,1,ㄔㄨ ㄒㄧ˙
出戶,1,ㄔㄨ ㄏㄨˋ
出挑,1,ㄔㄨ ㄊㄧㄠ˙
出教,1,ㄔㄨ ㄐㄧㄠˋ
出斬,1,ㄔㄨ ㄓㄢˇ
出景,1,ㄔㄨ ㄐㄧㄥˇ
出月,1,ㄔㄨ ㄩㄝˋ
出材,1,ㄔㄨ ㄘㄞˊ
出格,1,ㄔㄨ ㄍㄜˊ
出梅,1,ㄔㄨ ㄇㄟˊ
出榜,1,ㄔㄨ ㄅㄤˇ
出橐,1,ㄔㄨ ㄊㄨㄛˊ
出殃,1,ㄔㄨ ㄧㄤ
出注,1,ㄔㄨ ㄓㄨˋ
出浴,1,ㄔㄨ ㄩˋ
出涕,1,ㄔㄨ ㄊㄧˋ
出溜,1,ㄔㄨ ㄌㄧㄡ˙
出火,1,ㄔㄨ ㄏㄨㄛˇ
出熱,1,ㄔㄨ ㄖㄜˋ
出的,1,ㄔㄨ ㄉㄜ˙
出監,1,ㄔㄨ ㄐㄧㄢ
出盤,1,ㄔㄨ ㄆㄢˊ
出笏,1,ㄔㄨ ㄏㄨˋ
出籍,1,ㄔㄨ ㄐㄧˊ
出粗,1,ㄔㄨ ㄘㄨ
出糧,1,ㄔㄨ ㄌㄧㄤˊ
出糶,1,ㄔㄨ ㄊㄧㄠˋ
出結,1,ㄔㄨ ㄐㄧㄝˊ
出繼,1,ㄔㄨ ㄐㄧˋ
出群,1,ㄔㄨ ㄑㄩㄣˊ
出臺,1,ㄔㄨ ㄊㄞˊ
出處,1,ㄔㄨ ㄔㄨˇ
出號,1,ㄔㄨ ㄏㄠˋ
出蟄,1,ㄔㄨ ㄓˊ
出記,1,ㄔㄨ ㄐㄧˋ
出訴,1,ㄔㄨ ㄙㄨˋ
出豁,1,ㄔㄨ ㄏㄨㄛˋ
出贅,1,ㄔㄨ ㄓㄨㄟˋ
出跳,1,ㄔㄨ ㄊㄧㄠ˙
出迎,1,ㄔㄨ ㄧㄥˊ
出金,1,ㄔㄨ ㄐㄧㄣ
出頂,1,ㄔㄨ ㄉㄧㄥˇ
出項,1,ㄔㄨ ㄒㄧㄤˋ
出飯,1,ㄔㄨ ㄈㄢˋ
出首,1,ㄔㄨ ㄕㄡˇ
出齊,1,ㄔㄨ ㄑㄧˊ
函丈,1,ㄏㄢˊ ㄓㄤˋ
函人,1,ㄏㄢˊ ㄖㄣˊ
函夏,1,ㄏㄢˊ ㄒㄧㄚˋ
函弘,1,ㄏㄢˊ ㄏㄨㄥˊ
函牘,1,ㄏㄢˊ ㄉㄨˊ
函請,1,ㄏㄢˊ ㄑㄧㄥˇ
函道,1,ㄏㄢˊ ㄉㄠˋ
函館,1,ㄏㄢˊ ㄍㄨㄢˇ
刀仗,1,ㄉㄠ ㄓㄤˋ
刀圭,1,ㄉㄠ ㄍㄨㄟ
刀尺,1,ㄉㄠ ㄔˇ
刀布,1,ㄉㄠ ㄅㄨˋ
刀幣,1,ㄉㄠ ㄅㄧˋ
刀札,1,ㄉㄠ ㄓㄚˊ
刀板,1,ㄉㄠ ㄅㄢˇ
刀環,1,ㄉㄠ ㄏㄨㄢˊ
刀螂,1,ㄉㄠ ㄌㄤˊ
刀鋸,1,ㄉㄠ ㄐㄩˋ
刀錐,1,ㄉㄠ ㄓㄨㄟ
刀頭,1,ㄉㄠ ㄊㄡˊ
刁刁,1,ㄉㄧㄠ ㄉㄧㄠ
刁厥,1,ㄉㄧㄠ ㄐㄩㄝˊ
刁嘴,1,ㄉㄧㄠ ㄗㄨㄟˇ
刁姦,1,ㄉㄧㄠ ㄐㄧㄢ
刁徒,1,ㄉㄧㄠ ㄊㄨˊ
刁惡,1,ㄉㄧㄠ ㄜˋ
刁拐,1,ㄉㄧㄠ ㄍㄨㄞˇ
刁搔,1,ㄉㄧㄠ ㄙㄠ
刁棍,1,ㄉㄧㄠ ㄍㄨㄣˋ
刁決,1,ㄉㄧㄠ ㄐㄩㄝˊ
刁狡,1,ㄉㄧㄠ ㄐㄧㄠˇ
刁皮,1,ㄉㄧㄠ ㄆㄧˊ
刁蕭,1,ㄉㄧㄠ ㄒㄧㄠ
刁虐,1,ㄉㄧㄠ ㄋㄩㄝˋ
刁訟,1,ㄉㄧㄠ ㄙㄨㄥˋ
刁詐,1,ㄉㄧㄠ ㄓㄚˋ
刁話,1,ㄉㄧㄠ ㄏㄨㄚˋ
刁蹬,1,ㄉㄧㄠ ㄉㄥˋ
刁頓,1,ㄉㄧㄠ ㄉㄨㄣˋ
刁風,1,ㄉㄧㄠ ㄈㄥ
刁騷,1,ㄉㄧㄠ ㄙㄠ
分上,1,ㄈㄣˋ ㄕㄤˋ
分例,1,ㄈㄣ ㄌㄧˋ
分俵,1,ㄈㄣ ㄅㄧㄠˇ
分兵,1,ㄈㄣ ㄅㄧㄥ
分則,1,ㄈㄣ ㄗㄜˊ
分剖,1,ㄈㄣ ㄆㄡˇ
分劈,1,ㄈㄣ ㄆㄧ
分務,1,ㄈㄣ ㄨˋ
分包,1,ㄈㄣ ㄅㄠ
分北,1,ㄈㄣ ㄅㄟˇ
分另,1,ㄈㄣ ㄌㄧㄥˋ
分司,1,ㄈㄣ ㄙ
分命,1,ㄈㄣ ㄇㄧㄥˋ
分單,1,ㄈㄣ ㄉㄢ
分器,1,ㄈㄣ ㄑㄧˋ
分土,1,ㄈㄣ ㄊㄨˇ
分夥,1,ㄈㄣ ㄏㄨㄛˇ
分子,1,ㄈㄣˋ ㄗ˙
分定,1,ㄈㄣ ㄉㄧㄥˋ
分定,1,ㄈㄣˋ ㄉㄧㄥˋ
分尼,1,ㄈㄣ ㄋㄧˊ
分崩,1,ㄈㄣ ㄅㄥ
分巡,1,ㄈㄣ ㄒㄩㄣˊ
分張,1,ㄈㄣ ㄓㄤ
分形,1,ㄈㄣ ㄒㄧㄥˊ
分投,1,ㄈㄣ ㄊㄡˊ
分掌,1,ㄈㄣ ㄓㄤˇ
分撥,1,ㄈㄣ ㄅㄛ
分擺,1,ㄈㄣ ㄅㄞˇ
分攜,1,ㄈㄣ ㄒㄧ
分教,1,ㄈㄣ ㄐㄧㄠˋ
分曹,1,ㄈㄣ ㄘㄠˊ
分校,1,ㄈㄣ ㄒㄧㄠˋ
分桃,1,ㄈㄣ ㄊㄠˊ
分櫱,1,ㄈㄣ ㄋㄧㄝˋ
分歲,1,ㄈㄣ ㄙㄨㄟˋ
分洪,1,ㄈㄣ ㄏㄨㄥˊ
分潤,1,ㄈㄣ ㄖㄨㄣˋ
分炊,1,ㄈㄣ ㄔㄨㄟ
分爭,1,ㄈㄣ ㄓㄥ
分獻,1,ㄈㄣ ㄒㄧㄢˋ
分理,1,ㄈㄣ ㄌㄧˇ
分甘,1,ㄈㄣ ㄍㄢ
分畦,1,ㄈㄣ ㄑㄧˊ
分疏,1,ㄈㄣ ㄕㄨ
分痛,1,ㄈㄣ ㄊㄨㄥˋ
分破,1,ㄈㄣ ㄆㄛˋ
分秧,1,ㄈㄣ ㄧㄤ
分細,1,ㄈㄣ ㄒㄧˋ
分緣,1,ㄈㄣˋ ㄩㄢˊ
分義,1,ㄈㄣˋ ㄧˋ
分職,1,ㄈㄣ ㄓˊ
分肥,1,ㄈㄣ ㄈㄟˊ
分背,1,ㄈㄣ ㄅㄟˋ
分茅,1,ㄈㄣ ㄇㄠˊ
分茶,1,ㄈㄣ ㄔㄚˊ
分荊,1,ㄈㄣ ㄐㄧㄥ
分落,1,ㄈㄣ ㄌㄨㄛˋ
分藩,1,ㄈㄣ ㄈㄢˊ
分袂,1,ㄈㄣ ㄇㄟˋ
分襟,1,ㄈㄣ ㄐㄧㄣ
分規,1,ㄈㄣ ㄍㄨㄟ
分訴,1,ㄈㄣ ㄙㄨˋ
分論,1,ㄈㄣ ㄌㄨㄣˋ
分證,1,ㄈㄣ ㄓㄥˋ
分豁,1,ㄈㄣ ㄏㄨㄛˋ
分資,1,ㄈㄣˋ ㄗ
分金,1,ㄈㄣ ㄐㄧㄣ
分關,1,ㄈㄣ ㄍㄨㄢ
分限,1,ㄈㄣ ㄒㄧㄢˋ
分限,1,ㄈㄣˋ ㄒㄧㄢˋ
分陰,1,ㄈㄣ ㄧㄣ
分際,1,ㄈㄣˋ ㄐㄧˋ
分隸,1,ㄈㄣ ㄌㄧˋ
分音,1,ㄈㄣ ㄧㄣ
分韻,1,ㄈㄣ ㄩㄣˋ
分題,1,ㄈㄣ ㄊㄧˊ
分顏,1,ㄈㄣ ㄧㄢˊ
分龍,1,ㄈㄣ ㄌㄨㄥˊ
切口,1,ㄑㄧㄝˋ ㄎㄡˇ
切囑,1,ㄑㄧㄝˋ ㄓㄨˇ
切圓,1,ㄑㄧㄝˋ ㄩㄢˊ
切對,1,ㄑㄧㄝˋ ㄉㄨㄟˋ
切峻,1,ㄑㄧㄝˋ ㄐㄩㄣˋ
切己,1,ㄑㄧㄝˋ ㄐㄧˇ
切心,1,ㄑㄧㄝˋ ㄒㄧㄣ
切意,1,ㄑㄧㄝˋ ㄧˋ
切愛,1,ㄑㄧㄝˋ ㄞˋ
切末,1,ㄑㄧㄝˋ ㄇㄛˋ
切球,1,ㄑㄧㄝ ㄑㄧㄡˊ
切盼,1,ㄑㄧㄝˋ ㄆㄢˋ
切肩,1,ㄑㄧㄝˋ ㄐㄧㄢ
切脈,1,ㄑㄧㄝˋ ㄇㄞˋ
切腳,1,ㄑㄧㄝˋ ㄐㄧㄠˇ
切至,1,ㄑㄧㄝˋ ㄓˋ
切角,1,ㄑㄧㄝˋ ㄐㄧㄠˇ
切診,1,ㄑㄧㄝˋ ㄓㄣˇ
切諫,1,ㄑㄧㄝˋ ㄐㄧㄢˋ
切責,1,ㄑㄧㄝˋ ㄗㄜˊ
切近,1,ㄑㄧㄝˋ ㄐㄧㄣˋ
切鄰,1,ㄑㄧㄝˋ ㄌㄧㄣˊ
切雲,1,ㄑㄧㄝˋ ㄩㄣˊ
切面,1,ㄑㄧㄝˋ ㄇㄧㄢˋ
切音,1,ㄑㄧㄝˋ ㄧㄣ
切韻,1,ㄑㄧㄝˋ ㄩㄣˋ
切骨,1,ㄑㄧㄝˋ ㄍㄨˇ
切點,1,ㄑㄧㄝˋ ㄉㄧㄢˇ
刈鉤,1,ㄧˋ ㄍㄡ
刈香,1,ㄧˋ ㄒㄧㄤ
刊例,1,ㄎㄢ ㄌㄧˋ
刊刻,1,ㄎㄢ ㄎㄜˋ
刊定,1,ㄎㄢ ㄉㄧㄥˋ
刊期,1,ㄎㄢ ㄑㄧˊ
刊板,1,ㄎㄢ ㄅㄢˇ
刊石,1,ㄎㄢ ㄕˊ
刊落,1,ㄎㄢ ㄌㄨㄛˋ
刊薙,1,ㄎㄢ ㄊㄧˋ
刑于,1,ㄒㄧㄥˊ ㄩˊ
刑人,1,ㄒㄧㄥˊ ㄖㄣˊ
刑剋,1,ㄒㄧㄥˊ ㄎㄜˋ
刑問,1,ㄒㄧㄥˊ ㄨㄣˋ
刑器,1,ㄒㄧㄥˊ ㄑㄧˋ
刑官,1,ㄒㄧㄥˊ ㄍㄨㄢ
刑席,1,ㄒㄧㄥˊ ㄒㄧˊ
刑憲,1,ㄒㄧㄥˊ ㄒㄧㄢˋ
刑戮,1,ㄒㄧㄥˊ ㄌㄨˋ
刑政,1,ㄒㄧㄥˊ ㄓㄥˋ
刑杖,1,ㄒㄧㄥˊ ㄓㄤˋ
刑清,1,ㄒㄧㄥˊ ㄑㄧㄥ
刑網,1,ㄒㄧㄥˊ ㄨㄤˇ
刑臣,1,ㄒㄧㄥˊ ㄔㄣˊ
刑賞,1,ㄒㄧㄥˊ ㄕㄤˇ
刑辟,1,ㄒㄧㄥˊ ㄆㄧˋ
刑錯,1,ㄒㄧㄥˊ ㄘㄨㄛˋ
刑餘,1,ㄒㄧㄥˊ ㄩˊ
刑鼎,1,ㄒㄧㄥˊ ㄉㄧㄥˇ
刓團,1,ㄨㄢˊ ㄊㄨㄢˊ
刖刑,1,ㄩㄝˋ ㄒㄧㄥˊ
刖足,1,ㄩㄝˋ ㄗㄨˊ
列仙,1,ㄌㄧㄝˋ ㄒㄧㄢ
列侯,1,ㄌㄧㄝˋ ㄏㄡˊ
列冊,1,ㄌㄧㄝˋ ㄘㄜˋ
列列,1,ㄌㄧㄝˋ ㄌㄧㄝˋ
列名,1,ㄌㄧㄝˋ ㄇㄧㄥˊ
列土,1,ㄌㄧㄝˋ ㄊㄨˇ
列坐,1,ㄌㄧㄝˋ ㄗㄨㄛˋ
列士,1,ㄌㄧㄝˋ ㄕˋ
列女,1,ㄌㄧㄝˋ ㄋㄩˇ
列宿,1,ㄌㄧㄝˋ ㄒㄧㄡˋ
列布,1,ㄌㄧㄝˋ ㄅㄨˋ
列日,1,ㄌㄧㄝˋ ㄖˋ
列當,1,ㄌㄧㄝˋ ㄉㄤ
列眉,1,ㄌㄧㄝˋ ㄇㄟˊ
列缺,1,ㄌㄧㄝˋ ㄑㄩㄝ
列翅,1,ㄌㄧㄝˋ ㄔˋ
列聖,1,ㄌㄧㄝˋ ㄕㄥˋ
列肆,1,ㄌㄧㄝˋ ㄙˋ
列觀,1,ㄌㄧㄝˋ ㄍㄨㄢˋ
列述,1,ㄌㄧㄝˋ ㄕㄨˋ
列陣,1,ㄌㄧㄝˋ ㄓㄣˋ
列鼎,1,ㄌㄧㄝˋ ㄉㄧㄥˇ
初七,1,ㄔㄨ ㄑㄧ
初伏,1,ㄔㄨ ㄈㄨˊ
初吉,1,ㄔㄨ ㄐㄧˊ
初喪,1,ㄔㄨ ㄙㄤ
初妻,1,ㄔㄨ ㄑㄧ
初婚,1,ㄔㄨ ㄏㄨㄣ
初小,1,ㄔㄨ ㄒㄧㄠˇ
初弦,1,ㄔㄨ ㄒㄧㄢˊ
初心,1,ㄔㄨ ㄒㄧㄣ
初志,1,ㄔㄨ ㄓˋ
初意,1,ㄔㄨ ㄧˋ
初戰,1,ㄔㄨ ㄓㄢˋ
初文,1,ㄔㄨ ㄨㄣˊ
初日,1,ㄔㄨ ㄖˋ
初月,1,ㄔㄨ ㄩㄝˋ
初服,1,ㄔㄨ ㄈㄨˊ
初歲,1,ㄔㄨ ㄙㄨㄟˋ
初民,1,ㄔㄨ ㄇㄧㄣˊ
初發,1,ㄔㄨ ㄈㄚ
初眠,1,ㄔㄨ ㄇㄧㄢˊ
初祖,1,ㄔㄨ ㄗㄨˇ
初立,1,ㄔㄨ ㄌㄧˋ
初篁,1,ㄔㄨ ㄏㄨㄤˊ
初虧,1,ㄔㄨ ㄎㄨㄟ
初衣,1,ㄔㄨ ㄧ
初間,1,ㄔㄨ ㄐㄧㄢ
初陽,1,ㄔㄨ ㄧㄤˊ
初雪,1,ㄔㄨ ㄒㄩㄝˇ
初霜,1,ㄔㄨ ㄕㄨㄤ
初頭,1,ㄔㄨ ㄊㄡˊ
判事,1,ㄆㄢˋ ㄕˋ
判司,1,ㄆㄢˋ ㄙ
判押,1,ㄆㄢˋ ㄧㄚˊ
判教,1,ㄆㄢˋ ㄐㄧㄠˋ
判斛,1,ㄆㄢˋ ㄏㄨˊ
判書,1,ㄆㄢˋ ㄕㄨ
判正,1,ㄆㄢˋ ㄓㄥˋ
判死,1,ㄆㄢˋ ㄙˇ
判渙,1,ㄆㄢˋ ㄏㄨㄢˋ
判衙,1,ㄆㄢˋ ㄧㄚˊ
判詞,1,ㄆㄢˋ ㄘˊ
判語,1,ㄆㄢˋ ㄩˇ
別勁,1,ㄅㄧㄝˊ ㄐㄧㄣˋ
別墨,1,ㄅㄧㄝˊ ㄇㄛˋ
別子,1,ㄅㄧㄝˊ ㄗˇ
別子,1,ㄅㄧㄝˊ ㄗ˙
別將,1,ㄅㄧㄝˊ ㄐㄧㄤˋ
別情,1,ㄅㄧㄝˊ ㄑㄧㄥˊ
別意,1,ㄅㄧㄝˊ ㄧˋ
別房,1,ㄅㄧㄝˊ ㄈㄤˊ
別手,1,ㄅㄧㄝˊ ㄕㄡˇ
別材,1,ㄅㄧㄝˊ ㄘㄞˊ
別樣,1,ㄅㄧㄝˊ ㄧㄤˋ
別歲,1,ㄅㄧㄝˊ ㄙㄨㄟˋ
別殿,1,ㄅㄧㄝˊ ㄉㄧㄢˋ
別法,1,ㄅㄧㄝˊ ㄈㄚˇ
別異,1,ㄅㄧㄝˊ ㄧˋ
別白,1,ㄅㄧㄝˊ ㄅㄞˊ
別第,1,ㄅㄧㄝˊ ㄉㄧˋ
別筵,1,ㄅㄧㄝˊ ㄧㄢˊ
別義,1,ㄅㄧㄝˊ ㄧˋ
別腳,1,ㄅㄧㄝˊ ㄐㄧㄠˇ
別裁,1,ㄅㄧㄝˊ ㄘㄞˊ
別解,1,ㄅㄧㄝˊ ㄐㄧㄝˇ
別話,1,ㄅㄧㄝˊ ㄏㄨㄚˋ
別調,1,ㄅㄧㄝˊ ㄉㄧㄠˋ
別論,1,ㄅㄧㄝˊ ㄌㄨㄣˋ
別變,1,ㄅㄧㄝˊ ㄅㄧㄢˋ
別賦,1,ㄅㄧㄝˊ ㄈㄨˋ
別趣,1,ㄅㄧㄝˊ ㄑㄩˋ
別院,1,ㄅㄧㄝˊ ㄩㄢˋ
別駕,1,ㄅㄧㄝˊ ㄐㄧㄚˋ
別鶴,1,ㄅㄧㄝˊ ㄏㄜˋ
刨蹴,1,ㄆㄠˊ ㄘㄨˋ
利亮,1,ㄌㄧˋ ㄌㄧㄤˋ
利刀,1,ㄌㄧˋ ㄉㄠ
利子,1,ㄌㄧˋ ㄗ˙
利害,1,ㄌㄧˋ ㄏㄞ˙
利尿,1,ㄌㄧˋ ㄋㄧㄠˋ
利巴,1,ㄌㄧˋ ㄅㄚ
利快,1,ㄌㄧˋ ㄎㄨㄞˋ
利樂,1,ㄌㄧˋ ㄌㄜˋ
利物,1,ㄌㄧˋ ㄨˋ
利稅,1,ㄌㄧˋ ㄕㄨㄟˋ
利落,1,ㄌㄧˋ ㄌㄨㄛ˙
利藪,1,ㄌㄧˋ ㄙㄡˇ
利路,1,ㄌㄧˋ ㄌㄨˋ
利辭,1,ㄌㄧˋ ㄘˊ
刪拾,1,ㄕㄢ ㄕˊ
刪潤,1,ㄕㄢ ㄖㄨㄣˋ
刪省,1,ㄕㄢ ㄕㄥˇ
刮上,1,ㄍㄨㄚ ㄕㄤˋ
刮刮,1,ㄍㄨㄚ ㄍㄨㄚ
刮削,1,ㄍㄨㄚ ㄒㄩㄝˋ
刮剌,1,ㄍㄨㄚ ㄌㄚ˙
刮喇,1,ㄍㄨㄚ ㄌㄚ
刮子,1,ㄍㄨㄚ ㄗ˙
刮拉,1,ㄍㄨㄚ ㄌㄚ
刮摩,1,ㄍㄨㄚ ㄇㄛˊ
刮毒,1,ㄍㄨㄚ ㄉㄨˊ
刮涎,1,ㄍㄨㄚ ㄒㄧㄢˊ
刮著,1,ㄍㄨㄚ ㄓㄠˊ
刮補,1,ㄍㄨㄚ ㄅㄨˇ
刮言,1,ㄍㄨㄚ ㄧㄢˊ
刮躁,1,ㄍㄨㄚ ㄗㄠˋ
刮頭,1,ㄍㄨㄚ ㄊㄡˊ
到差,1,ㄉㄠˋ ㄔㄞ
到得,1,ㄉㄠˋ ㄉㄜˊ
到敢,1,ㄉㄠˋ ㄍㄢˇ
到省,1,ㄉㄠˋ ㄕㄥˇ
到眼,1,ㄉㄠˋ ㄧㄢˇ
刳剔,1,ㄎㄨ ㄊㄧ
刳剝,1,ㄎㄨ ㄅㄛ
刳木,1,ㄎㄨ ㄇㄨˋ
制中,1,ㄓˋ ㄓㄨㄥ
制勘,1,ㄓˋ ㄎㄢ
制命,1,ㄓˋ ㄇㄧㄥˋ
制導,1,ㄓˋ ㄉㄠˇ
制書,1,ㄓˋ ㄕㄨ
制梃,1,ㄓˋ ㄊㄧㄥˇ
制海,1,ㄓˋ ㄏㄞˇ
制禮,1,ㄓˋ ㄌㄧˇ
制科,1,ㄓˋ ㄎㄜ
制空,1,ㄓˋ ㄎㄨㄥ
制策,1,ㄓˋ ㄘㄜˋ
制義,1,ㄓˋ ㄧˋ
制臺,1,ㄓˋ ㄊㄞˊ
制舉,1,ㄓˋ ㄐㄩˇ
制藝,1,ㄓˋ ㄧˋ
制誥,1,ㄓˋ ㄍㄠˋ
制變,1,ㄓˋ ㄅㄧㄢˋ
制軍,1,ㄓˋ ㄐㄩㄣ
制限,1,ㄓˋ ㄒㄧㄢˋ
刷印,1,ㄕㄨㄚ ㄧㄣˋ
刷卷,1,ㄕㄨㄚ ㄐㄩㄢˋ
刷恥,1,ㄕㄨㄚ ㄔˇ
刷扮,1,ㄕㄨㄚ ㄅㄢˋ
刷拉,1,ㄕㄨㄚ ㄌㄚ
刷括,1,ㄕㄨㄚ ㄍㄨㄚ
刷照,1,ㄕㄨㄚ ㄓㄠˋ
刷白,1,ㄕㄨㄚˋ ㄅㄞˊ
刷選,1,ㄕㄨㄚˋ ㄒㄩㄢˇ
券帖,1,ㄑㄩㄢˋ ㄊㄧㄝˇ
券書,1,ㄑㄩㄢˋ ㄕㄨ
券破,1,ㄑㄩㄢˋ ㄆㄛˋ
刺促,1,ㄘˋ ㄘㄨˋ
刺參,1,ㄘˋ ㄕㄣ
刺口,1,ㄘˋ ㄎㄡˇ
刺天,1,ㄘˋ ㄊㄧㄢ
刺干,1,ㄘˋ ㄍㄢ
刺心,1,ㄘˋ ㄒㄧㄣ
刺撓,1,ㄘˋ ㄋㄠˊ
刺斜,1,ㄘˋ ㄒㄧㄝˊ
刺柏,1,ㄘˋ ㄅㄛˊ
刺柑,1,ㄘˋ ㄍㄢ
刺楸,1,ㄘˋ ㄑㄧㄡ
刺毛,1,ㄘˋ ㄇㄠˊ
刺溜,1,ㄘˋ ㄌㄧㄡ
刺瓜,1,ㄘˋ ㄍㄨㄚ
刺絲,1,ㄘˋ ㄙ
刺腦,1,ㄘˋ ㄋㄠˇ
刺船,1,ㄘˋ ㄔㄨㄢˊ
刺草,1,ㄘˋ ㄘㄠˇ
刺謁,1,ㄘˋ ㄧㄝˋ
刺蹙,1,ㄘˋ ㄘㄨˋ
刺齒,1,ㄘˋ ㄔˇ
刻刻,1,ㄎㄜˋ ㄎㄜˋ
刻削,1,ㄎㄜˋ ㄒㄩㄝˋ
刻剝,1,ㄎㄜˋ ㄅㄛ
刻劃,1,ㄎㄜˋ ㄏㄨㄚˋ
刻印,1,ㄎㄜˋ ㄧㄣˋ
刻可,1,ㄎㄜˋ ㄎㄜˇ
刻峭,1,ㄎㄜˋ ㄑㄧㄠˋ
刻工,1,ㄎㄜˋ ㄍㄨㄥ
刻度,1,ㄎㄜˋ ㄉㄨˋ
刻日,1,ㄎㄜˋ ㄖˋ
刻書,1,ㄎㄜˋ ㄕㄨ
刻期,1,ㄎㄜˋ ㄑㄧˊ
刻深,1,ㄎㄜˋ ㄕㄣ
刻漏,1,ㄎㄜˋ ㄌㄡˋ
刻畫,1,ㄎㄜˋ ㄏㄨㄚˋ
刻痕,1,ㄎㄜˋ ㄏㄣˊ
刻石,1,ㄎㄜˋ ㄕˊ
刻符,1,ㄎㄜˋ ㄈㄨˊ
刻絲,1,ㄎㄜˋ ㄙ
刻著,1,ㄎㄜˋ ㄓㄨˋ
刻責,1,ㄎㄜˋ ㄗㄜˊ
刻轢,1,ㄎㄜˋ ㄌㄧˋ
刻鏤,1,ㄎㄜˋ ㄌㄡˋ
刻鵠,1,ㄎㄜˋ ㄏㄨˊ
剃工,1,ㄊㄧˋ ㄍㄨㄥ
則不,1,ㄗㄜˊ ㄅㄨˋ
則例,1,ㄗㄜˊ ㄌㄧˋ
則個,1,ㄗㄜˊ ㄍㄜˋ
則天,1,ㄗㄜˊ ㄊㄧㄢ
則度,1,ㄗㄜˊ ㄉㄨˋ
則故,1,ㄗㄜˊ ㄍㄨˋ
則波,1,ㄗㄜˊ ㄅㄛ
則甚,1,ㄗㄜˊ ㄕㄣˋ
則索,1,ㄗㄜˊ ㄙㄨㄛˇ
則聲,1,ㄗㄜˊ ㄕㄥ
則麼,1,ㄗㄜˊ ㄇㄜ˙
剉折,1,ㄘㄨㄛˋ ㄓㄜˊ
削地,1,ㄒㄩㄝˋ ㄉㄧˋ
削壁,1,ㄒㄩㄝˋ ㄅㄧˋ
削奪,1,ㄒㄩㄝˋ ㄉㄨㄛˊ
削正,1,ㄒㄩㄝˋ ㄓㄥˋ
削牘,1,ㄒㄩㄝˋ ㄉㄨˊ
削球,1,ㄒㄩㄝˋ ㄑㄧㄡˊ
削瘦,1,ㄒㄧㄠ ㄕㄡˋ
削肩,1,ㄒㄩㄝˋ ㄐㄧㄢ
削色,1,ㄒㄩㄝˋ ㄙㄜˋ
削草,1,ㄒㄩㄝˋ ㄘㄠˇ
削蔥,1,ㄒㄩㄝˋ ㄘㄨㄥ
削跡,1,ㄒㄩㄝˋ ㄐㄧ
削麵,1,ㄒㄧㄠ ㄇㄧㄢˋ
剋剝,1,ㄎㄜˋ ㄅㄛ
剋化,1,ㄎㄜˋ ㄏㄨㄚˋ
剋嗇,1,ㄎㄜˋ ㄙㄜˋ
剋夫,1,ㄎㄜˋ ㄈㄨ
剋意,1,ㄎㄜˋ ㄧˋ
剋扣,1,ㄎㄜˋ ㄎㄡˋ
剋日,1,ㄎㄜˋ ㄖˋ
剋期,1,ㄎㄜˋ ㄑㄧˊ
剋核,1,ㄎㄜˋ ㄏㄜˊ
剋落,1,ㄎㄜˋ ㄌㄨㄛˋ
剌剌,1,ㄌㄚˋ ㄌㄚˋ
剌子,1,ㄌㄚˋ ㄗ˙
剌戾,1,ㄌㄚˋ ㄌㄧˋ
剌謬,1,ㄌㄚˋ ㄇㄧㄡˋ
前事,1,ㄑㄧㄢˊ ㄕˋ
前修,1,ㄑㄧㄢˊ ㄒㄧㄡ
前功,1,ㄑㄧㄢˊ ㄍㄨㄥ
前卻,1,ㄑㄧㄢˊ ㄑㄩㄝˋ
前和,1,ㄑㄧㄢˊ ㄏㄜˊ
前回,1,ㄑㄧㄢˊ ㄏㄨㄟˊ
前失,1,ㄑㄧㄢˊ ㄕ
前失,1,ㄑㄧㄢˊ ㄕ˙
前席,1,ㄑㄧㄢˊ ㄒㄧˊ
前徽,1,ㄑㄧㄢˊ ㄏㄨㄟ
前志,1,ㄑㄧㄢˊ ㄓˋ
前手,1,ㄑㄧㄢˊ ㄕㄡˇ
前晌,1,ㄑㄧㄢˊ ㄕㄤˇ
前月,1,ㄑㄧㄢˊ ㄩㄝˋ
前朝,1,ㄑㄧㄢˊ ㄔㄠˊ
前業,1,ㄑㄧㄢˊ ㄧㄝˋ
前此,1,ㄑㄧㄢˊ ㄘˇ
前母,1,ㄑㄧㄢˊ ㄇㄨˇ
前涼,1,ㄑㄧㄢˊ ㄌㄧㄤˊ
前烈,1,ㄑㄧㄢˊ ㄌㄧㄝˋ
前番,1,ㄑㄧㄢˊ ㄈㄢ
前知,1,ㄑㄧㄢˊ ㄓ
前矩,1,ㄑㄧㄢˊ ㄐㄩˇ
前箸,1,ㄑㄧㄢˊ ㄓㄨˋ
前綴,1,ㄑㄧㄢˊ ㄓㄨㄟˋ
前緒,1,ㄑㄧㄢˊ ㄒㄩˋ
前翅,1,ㄑㄧㄢˊ ㄔˋ
前膛,1,ㄑㄧㄢˊ ㄊㄤˊ
前襟,1,ㄑㄧㄢˊ ㄐㄧㄣ
前設,1,ㄑㄧㄢˊ ㄕㄜˋ
前賢,1,ㄑㄧㄢˊ ㄒㄧㄢˊ
前趙,1,ㄑㄧㄢˊ ㄓㄠˋ
前載,1,ㄑㄧㄢˊ ㄗㄞˋ
前銜,1,ㄑㄧㄢˊ ㄒㄧㄢˊ
前頭,1,ㄑㄧㄢˊ ㄊㄡ˙
前馬,1,ㄑㄧㄢˊ ㄇㄚˇ
剔子,1,ㄊㄧ ㄗ˙
剔帚,1,ㄊㄧ ㄓㄡˇ
剔抉,1,ㄊㄧ ㄐㄩㄝˊ
剔撥,1,ㄊㄧ ㄅㄛ
剔犀,1,ㄊㄧ ㄒㄧ
剔紅,1,ㄊㄧ ㄏㄨㄥˊ
剔豎,1,ㄊㄧ ㄕㄨˋ
剔騰,1,ㄊㄧ ㄊㄥˊ
剖分,1,ㄆㄡˇ ㄈㄣ
剖判,1,ㄆㄡˇ ㄆㄢˋ
剖別,1,ㄆㄡˇ ㄅㄧㄝˊ
剖剮,1,ㄆㄡˇ ㄍㄨㄚˇ
剖割,1,ㄆㄡˇ ㄍㄜ
剖心,1,ㄆㄡˇ ㄒㄧㄣ
剖斷,1,ㄆㄡˇ ㄉㄨㄢˋ
剖明,1,ㄆㄡˇ ㄇㄧㄥˊ
剖符,1,ㄆㄡˇ ㄈㄨˊ
剖視,1,ㄆㄡˇ ㄕˋ
剖豁,1,ㄆㄡˇ ㄏㄨㄛˋ
剖路,1,ㄆㄡˇ ㄌㄨˋ
剖釋,1,ㄆㄡˇ ㄕˋ
剗刷,1,ㄔㄢˇ ㄕㄨㄚ
剗削,1,ㄔㄢˇ ㄒㄩㄝˋ
剗卻,1,ㄔㄢˇ ㄑㄩㄝˋ
剗地,1,ㄔㄢˇ ㄉㄧˋ
剗新,1,ㄔㄢˇ ㄒㄧㄣ
剗滅,1,ㄔㄢˇ ㄇㄧㄝˋ
剗著,1,ㄔㄢˇ ㄓㄠˊ
剗襪,1,ㄔㄢˇ ㄨㄚˋ
剗跡,1,ㄔㄢˇ ㄐㄧ
剗除,1,ㄔㄢˇ ㄔㄨˊ
剗革,1,ㄔㄢˇ ㄍㄜˊ
剗馬,1,ㄔㄢˇ ㄇㄚˇ
剚刃,1,ㄗˋ ㄖㄣˋ
剛克,1,ㄍㄤ ㄎㄜˋ
剛切,1,ㄍㄤ ㄑㄧㄝˋ
剛口,1,ㄍㄤ ㄎㄡ˙
剛子,1,ㄍㄤ ㄗ˙
剛性,1,ㄍㄤ ㄒㄧㄥ˙
剛戾,1,ㄍㄤ ㄌㄧˋ
剛日,1,ㄍㄤ ㄖˋ
剛棱,1,ㄍㄤ ㄌㄥˊ
剛石,1,ㄍㄤ ㄕˊ
剛腸,1,ㄍㄤ ㄔㄤˊ
剛道,1,ㄍㄤ ㄉㄠˋ
剛風,1,ㄍㄤ ㄈㄥ
剝剝,1,ㄅㄛ ㄅㄛ
剝啄,1,ㄅㄛ ㄓㄨㄛˊ
剝挽,1,ㄅㄛ ㄨㄢˇ
剝盡,1,ㄅㄛ ㄐㄧㄣˋ
剝脫,1,ㄅㄛ ㄊㄨㄛ
剝膚,1,ㄅㄛ ㄈㄨ
剝船,1,ㄅㄛ ㄔㄨㄢˊ
剞劂,1,ㄐㄧ ㄐㄩㄝˊ
剡剡,1,ㄧㄢˇ ㄧㄢˇ
剡溪,1,ㄕㄢˋ ㄒㄧ
剡牘,1,ㄕㄢˋ ㄉㄨˊ
剨然,1,ㄏㄨㄛˋ ㄖㄢˊ
剩下,1,ㄕㄥˋ ㄒㄧㄚ˙
剪伐,1,ㄐㄧㄢˇ ㄈㄚ
剪床,1,ㄐㄧㄢˇ ㄔㄨㄤˊ
剪徑,1,ㄐㄧㄢˇ ㄐㄧㄥˋ
剪手,1,ㄐㄧㄢˇ ㄕㄡˇ
剪拂,1,ㄐㄧㄢˇ ㄈㄨˊ
剪撲,1,ㄐㄧㄢˇ ㄆㄨ
剪枝,1,ㄐㄧㄢˇ ㄓ
剪直,1,ㄐㄧㄢˇ ㄓˊ
剪筒,1,ㄐㄧㄢˇ ㄊㄨㄥˇ
剪絕,1,ㄐㄧㄢˇ ㄐㄩㄝˊ
剪綹,1,ㄐㄧㄢˇ ㄌㄧㄡˇ
剪頭,1,ㄐㄧㄢˇ ㄊㄡˊ
剮刑,1,ㄍㄨㄚˇ ㄒㄧㄥˊ
副冊,1,ㄈㄨˋ ㄘㄜˋ
副啟,1,ㄈㄨˋ ㄑㄧˇ
副室,1,ㄈㄨˋ ㄕˋ
副曲,1,ㄈㄨˋ ㄑㄩˇ
副末,1,ㄈㄨˋ ㄇㄛˋ
副東,1,ㄈㄨˋ ㄉㄨㄥ
副榜,1,ㄈㄨˋ ㄅㄤˇ
副淨,1,ㄈㄨˋ ㄐㄧㄥˋ
副笄,1,ㄈㄨˋ ㄐㄧ
副署,1,ㄈㄨˋ ㄕㄨˋ
副能,1,ㄈㄨˋ ㄋㄥˊ
副虹,1,ㄈㄨˋ ㄏㄨㄥˊ
副角,1,ㄈㄨˋ ㄐㄩㄝˊ
副貢,1,ㄈㄨˋ ㄍㄨㄥˋ
副貳,1,ㄈㄨˋ ㄦˋ
副車,1,ㄈㄨˋ ㄐㄩ
副靖,1,ㄈㄨˋ ㄐㄧㄥˋ
割刀,1,ㄍㄜ ㄉㄠ
割切,1,ㄍㄜ ㄑㄧㄝ
割剝,1,ㄍㄜ ㄅㄛ
割勢,1,ㄍㄜ ㄕˋ
割恩,1,ㄍㄜ ㄣ
割情,1,ㄍㄜ ㄑㄧㄥˊ
割烹,1,ㄍㄜ ㄆㄥ
割燒,1,ㄍㄜ ㄕㄠ
割磣,1,ㄍㄜ ㄔㄣˇ
割綹,1,ㄍㄜ ㄌㄧㄡˇ
割股,1,ㄍㄜ ㄍㄨˇ
割膠,1,ㄍㄜ ㄐㄧㄠ
割衿,1,ㄍㄜ ㄐㄧㄣ
割襟,1,ㄍㄜ ㄐㄧㄣ
割蹬,1,ㄍㄜ ㄉㄥˋ
割陰,1,ㄍㄜ ㄧㄣ
割雞,1,ㄍㄜ ㄐㄧ
創匯,1,ㄔㄨㄤˋ ㄏㄨㄟˋ
創夷,1,ㄔㄨㄤ ㄧˊ
創收,1,ㄔㄨㄤˋ ㄕㄡ
創獲,1,ㄔㄨㄤˋ ㄏㄨㄛˋ
創稿,1,ㄔㄨㄤˋ ㄍㄠˇ
創議,1,ㄔㄨㄤˋ ㄧˋ
創面,1,ㄔㄨㄤ ㄇㄧㄢˋ
剷刈,1,ㄔㄢˇ ㄧˋ
剷頭,1,ㄔㄢˇ ㄊㄡˊ
剸行,1,ㄓㄨㄢ ㄒㄧㄥˊ
剺面,1,ㄌㄧˊ ㄇㄧㄢˋ
剽剝,1,ㄆㄧㄠˋ ㄅㄛ
剽匪,1,ㄆㄧㄠˋ ㄈㄟˇ
剽取,1,ㄆㄧㄠˋ ㄑㄩˇ
剽姚,1,ㄆㄧㄠˋ ㄧㄠˊ
剽疾,1,ㄆㄧㄠˋ ㄐㄧˊ
剽襲,1,ㄆㄧㄠˋ ㄒㄧˊ
剽賊,1,ㄆㄧㄠˋ ㄗㄟˊ
剽輕,1,ㄆㄧㄠˋ ㄑㄧㄥ
剽首,1,ㄆㄧㄠˋ ㄕㄡˇ
剿斷,1,ㄐㄧㄠˇ ㄉㄨㄢˋ
剿殺,1,ㄐㄧㄠˇ ㄕㄚ
劃拉,1,ㄏㄨㄚˊ ㄌㄚ˙
劃然,1,ㄏㄨㄚˊ ㄖㄢˊ
劃策,1,ㄏㄨㄚˋ ㄘㄜˋ
劄付,1,ㄓㄚˊ ㄈㄨˋ
劄子,1,ㄓㄚˊ ㄗ˙
劇地,1,ㄐㄩˋ ㄉㄧˋ
劇坊,1,ㄐㄩˋ ㄈㄤ
劇幕,1,ㄐㄩˋ ㄇㄨˋ
劇曲,1,ㄐㄩˋ ㄑㄩˇ
劇月,1,ㄐㄩˋ ㄩㄝˋ
劇盜,1,ㄐㄩˋ ㄉㄠˋ
劇職,1,ㄐㄩˋ ㄓˊ
劇藥,1,ㄐㄩˋ ㄧㄠˋ
劇詩,1,ㄐㄩˋ ㄕ
劇談,1,ㄐㄩˋ ㄊㄢˊ
劇論,1,ㄐㄩˋ ㄌㄨㄣˋ
劇飲,1,ㄐㄩˋ ㄧㄣˇ
劈劃,1,ㄆㄧ ㄏㄨㄚˋ
劈叉,1,ㄆㄧˇ ㄔㄚ
劈口,1,ㄆㄧ ㄎㄡˇ
劈山,1,ㄆㄧ ㄕㄢ
劈拉,1,ㄆㄧˇ ㄌㄚ˙
劈擊,1,ㄆㄧ ㄐㄧˊ
劈柴,1,ㄆㄧˇ ㄔㄞ˙
劈然,1,ㄆㄧ ㄖㄢˊ
劈理,1,ㄆㄧ ㄌㄧˇ
劈空,1,ㄆㄧ ㄎㄨㄥ
劈胸,1,ㄆㄧ ㄒㄩㄥ
劈臉,1,ㄆㄧ ㄌㄧㄢˇ
劈著,1,ㄆㄧ ㄓㄠˊ
劈蘭,1,ㄆㄧ ㄌㄢˊ
劉伶,1,ㄌㄧㄡˊ ㄌㄧㄥˊ
劉基,1,ㄌㄧㄡˊ ㄐㄧ
劉峻,1,ㄌㄧㄡˊ ㄐㄩㄣˋ
劉復,1,ㄌㄧㄡˊ ㄈㄨˋ
劉徹,1,ㄌㄧㄡˊ ㄔㄜˋ
劉曜,1,ㄌㄧㄡˊ ㄧㄠˋ
劉楨,1,ㄌㄧㄡˊ ㄓㄣ
劉歆,1,ㄌㄧㄡˊ ㄒㄧㄣ
劉炫,1,ㄌㄧㄡˊ ㄒㄩㄢˋ
劉熙,1,ㄌㄧㄡˊ ㄒㄧ
劉瑾,1,ㄌㄧㄡˊ ㄐㄧㄣˇ
劉禪,1,ㄌㄧㄡˊ ㄔㄢˊ
劉豫,1,ㄌㄧㄡˊ ㄩˋ
劉隱,1,ㄌㄧㄡˊ ㄧㄣˇ
劉鶚,1,ㄌㄧㄡˊ ㄜˋ
劍仙,1,ㄐㄧㄢˋ ㄒㄧㄢ
劍刃,1,ㄐㄧㄢˋ ㄖㄣˋ
劍化,1,ㄐㄧㄢˋ ㄏㄨㄚˋ
劍南,1,ㄐㄧㄢˋ ㄋㄢˊ
劍器,1,ㄐㄧㄢˋ ㄑㄧˋ
劍士,1,ㄐㄧㄢˋ ㄕˋ
劍外,1,ㄐㄧㄢˋ ㄨㄞˋ
劍履,1,ㄐㄧㄢˋ ㄌㄩˇ
劍山,1,ㄐㄧㄢˋ ㄕㄢ
劍池,1,ㄐㄧㄢˋ ㄔˊ
劍河,1,ㄐㄧㄢˋ ㄏㄜˊ
劍羚,1,ㄐㄧㄢˋ ㄌㄧㄥˊ
劍舞,1,ㄐㄧㄢˋ ㄨˇ
劍閣,1,ㄐㄧㄢˋ ㄍㄜˊ
劘滅,1,ㄇㄛˊ ㄇㄧㄝˋ
力作,1,ㄌㄧˋ ㄗㄨㄛˋ
力克,1,ㄌㄧˋ ㄎㄜˋ
力勝,1,ㄌㄧˋ ㄕㄥˋ
力巴,1,ㄌㄧˋ ㄅㄚ˙
力弱,1,ㄌㄧˋ ㄖㄨㄛˋ
力強,1,ㄌㄧˋ ㄑㄧㄤˊ
力征,1,ㄌㄧˋ ㄓㄥ
力戒,1,ㄌㄧˋ ㄐㄧㄝˋ
力把,1,ㄌㄧˋ ㄅㄚ˙
力拚,1,ㄌㄧˋ ㄆㄢˋ
力持,1,ㄌㄧˋ ㄔˊ
力挫,1,ㄌㄧˋ ㄘㄨㄛˋ
力政,1,ㄌㄧˋ ㄓㄥˋ
力氣,1,ㄌㄧˋ ㄑㄧ˙
力田,1,ㄌㄧˋ ㄊㄧㄢˊ
力畜,1,ㄌㄧˋ ㄔㄨˋ
力盛,1,ㄌㄧˋ ㄕㄥˋ
力竭,1,ㄌㄧˋ ㄐㄧㄝˊ
力臣,1,ㄌㄧˋ ㄔㄣˊ
力衰,1,ㄌㄧˋ ㄕㄨㄞ
力請,1,ㄌㄧˋ ㄑㄧㄥˇ
力邀,1,ㄌㄧˋ ㄧㄠ
力量,1,ㄌㄧˋ ㄌㄧㄤ˙
力錢,1,ㄌㄧˋ ㄑㄧㄢ˙
功事,1,ㄍㄨㄥ ㄕˋ
功人,1,ㄍㄨㄥ ㄖㄣˊ
功位,1,ㄍㄨㄥ ㄨㄟˋ
功夫,1,ㄍㄨㄥ ㄈㄨ˙
功布,1,ㄍㄨㄥ ㄅㄨˋ
功庸,1,ㄍㄨㄥ ㄩㄥ
功成,1,ㄍㄨㄥ ㄔㄥˊ
功曹,1,ㄍㄨㄥ ㄘㄠˊ
功果,1,ㄍㄨㄥ ㄍㄨㄛˇ
功架,1,ㄍㄨㄥ ㄐㄧㄚˋ
功沽,1,ㄍㄨㄥ ㄍㄨ
功深,1,ㄍㄨㄥ ㄕㄣ
功烈,1,ㄍㄨㄥ ㄌㄧㄝˋ
功牌,1,ㄍㄨㄥ ㄆㄞˊ
功狗,1,ㄍㄨㄥ ㄍㄡˇ
功緻,1,ㄍㄨㄥ ㄓˋ
功罪,1,ㄍㄨㄥ ㄗㄨㄟˋ
功致,1,ㄍㄨㄥ ㄓˋ
功首,1,ㄍㄨㄥ ㄕㄡˇ
功高,1,ㄍㄨㄥ ㄍㄠ
加一,1,ㄐㄧㄚ ㄧ
加俸,1,ㄐㄧㄚ ㄈㄥˋ
加冠,1,ㄐㄧㄚ ㄍㄨㄢ
加刑,1,ㄐㄧㄚ ㄒㄧㄥˊ
加功,1,ㄐㄧㄚ ㄍㄨㄥ
加勁,1,ㄐㄧㄚ ㄐㄧㄣˋ
加哩,1,ㄐㄧㄚ ㄌㄧˇ
加息,1,ㄐㄧㄚ ㄒㄧˊ
加意,1,ㄐㄧㄚ ㄧˋ
加撚,1,ㄐㄧㄚ ㄋㄧㄢˇ
加笄,1,ㄐㄧㄚ ㄐㄧ
加簽,1,ㄐㄧㄚ ㄑㄧㄢ
加級,1,ㄐㄧㄚ ㄐㄧˊ
加花,1,ㄐㄧㄚ ㄏㄨㄚ
加銜,1,ㄐㄧㄚ ㄒㄧㄢˊ
劣匠,1,ㄌㄧㄝˋ ㄐㄧㄤˋ
劣怯,1,ㄌㄧㄝˋ ㄑㄩㄝˋ
劣憋,1,ㄌㄧㄝˋ ㄅㄧㄝ
劣把,1,ㄌㄧㄝˋ ㄅㄚ˙
劣敗,1,ㄌㄧㄝˋ ㄅㄞˋ
劣株,1,ㄌㄧㄝˋ ㄓㄨ
劣比,1,ㄌㄧㄝˋ ㄅㄧˇ
劣相,1,ㄌㄧㄝˋ ㄒㄧㄤˋ
劣筆,1,ㄌㄧㄝˋ ㄅㄧˇ
劣缺,1,ㄌㄧㄝˋ ㄑㄩㄝ
劣藥,1,ㄌㄧㄝˋ ㄧㄠˋ
劣行,1,ㄌㄧㄝˋ ㄒㄧㄥˋ
劣角,1,ㄌㄧㄝˋ ㄐㄧㄠˇ
劣貨,1,ㄌㄧㄝˋ ㄏㄨㄛˋ
劣蹶,1,ㄌㄧㄝˋ ㄐㄩㄝˊ
助勢,1,ㄓㄨˋ ㄕˋ
助奏,1,ㄓㄨˋ ㄗㄡˋ
助惡,1,ㄓㄨˋ ㄜˋ
助講,1,ㄓㄨˋ ㄐㄧㄤˇ
助賑,1,ㄓㄨˋ ㄓㄣˋ
努傷,1,ㄋㄨˇ ㄕㄤ
努著,1,ㄋㄨˇ ㄓㄠˊ
努著,1,ㄋㄨˇ ㄓㄨㄛ˙
劫制,1,ㄐㄧㄝˊ ㄓˋ
劫劫,1,ㄐㄧㄝˊ ㄐㄧㄝˊ
劫囚,1,ㄐㄧㄝˊ ㄑㄧㄡˊ
劫婚,1,ㄐㄧㄝˊ ㄏㄨㄣ
劫殺,1,ㄐㄧㄝˊ ㄕㄚ
劫灰,1,ㄐㄧㄝˊ ㄏㄨㄟ
劫略,1,ㄐㄧㄝˊ ㄌㄩㄝˋ
劫盟,1,ㄐㄧㄝˊ ㄇㄥˊ
劫財,1,ㄐㄧㄝˊ ㄘㄞˊ
劫運,1,ㄐㄧㄝˊ ㄩㄣˋ
劫餘,1,ㄐㄧㄝˊ ㄩˊ
劬劬,1,ㄑㄩˊ ㄑㄩˊ
劭令,1,ㄕㄠˋ ㄌㄧㄥˋ
劻勷,1,ㄎㄨㄤ ㄖㄤˊ
劼毖,1,ㄐㄧㄝˊ ㄅㄧˋ
劾奏,1,ㄏㄜˊ ㄗㄡˋ
劾繫,1,ㄏㄜˊ ㄒㄧˋ
勁兵,1,ㄐㄧㄥˋ ㄅㄧㄥ
勁士,1,ㄐㄧㄥˋ ㄕˋ
勁弩,1,ㄐㄧㄥˋ ㄋㄨˇ
勁拔,1,ㄐㄧㄥˋ ㄅㄚˊ
勁捷,1,ㄐㄧㄥˋ ㄐㄧㄝˊ
勁秋,1,ㄐㄧㄥˋ ㄑㄧㄡ
勁節,1,ㄐㄧㄥˋ ㄐㄧㄝˊ
勁翮,1,ㄐㄧㄥˋ ㄏㄜˊ
勁草,1,ㄐㄧㄥˋ ㄘㄠˇ
勃如,1,ㄅㄛˊ ㄖㄨˊ
勃姆,1,ㄅㄛˊ ㄇㄨˇ
勃律,1,ㄅㄛˊ ㄌㄩˋ
勃滃,1,ㄅㄛˊ ㄨㄥˇ
勃窣,1,ㄅㄛˊ ㄙㄨˋ
勃騰,1,ㄅㄛˊ ㄊㄥˊ
勃鬱,1,ㄅㄛˊ ㄩˋ
勇健,1,ㄩㄥˇ ㄐㄧㄢˋ
勇決,1,ㄩㄥˇ ㄐㄩㄝˊ
勇烈,1,ㄩㄥˇ ㄌㄧㄝˋ
勇略,1,ㄩㄥˇ ㄌㄩㄝˋ
勉思,1,ㄇㄧㄢˇ ㄙ
勉生,1,ㄇㄧㄢˇ ㄕㄥ
勍敵,1,ㄑㄧㄥˊ ㄉㄧˊ
勒交,1,ㄌㄜˋ ㄐㄧㄠ
勒休,1,ㄌㄜˋ ㄒㄧㄡ
勒借,1,ㄌㄜˋ ㄐㄧㄝˋ
勒停,1,ㄌㄜˋ ㄊㄧㄥˊ
勒口,1,ㄌㄜˋ ㄎㄡˇ
勒子,1,ㄌㄟ ㄗ˙
勒尤,1,ㄌㄜˋ ㄧㄡˊ
勒戒,1,ㄌㄜˋ ㄐㄧㄝˋ
勒抑,1,ㄌㄜˋ ㄧˋ
勒掯,1,ㄌㄜˋ ㄎㄣˋ
勒斃,1,ㄌㄟ ㄅㄧˋ
勒派,1,ㄌㄜˋ ㄆㄞˋ
勒狀,1,ㄌㄜˋ ㄓㄨㄤˋ
勒石,1,ㄌㄜˋ ㄕˊ
勒碑,1,ㄌㄜˋ ㄅㄟ
勒詐,1,ㄌㄜˋ ㄓㄚˋ
勒迫,1,ㄌㄜˋ ㄆㄛˋ
勒逼,1,ㄌㄜˋ ㄅㄧ
勒銘,1,ㄌㄜˋ ㄇㄧㄥˊ
勒銜,1,ㄌㄜˋ ㄒㄧㄢˊ
勒開,1,ㄌㄜˋ ㄎㄞ
勒限,1,ㄌㄜˋ ㄒㄧㄢˋ
動事,1,ㄉㄨㄥˋ ㄕˋ
動使,1,ㄉㄨㄥˋ ㄕˇ
動勁,1,ㄉㄨㄥˋ ㄐㄧㄣˋ
動勞,1,ㄉㄨㄥˋ ㄌㄠˊ
動勢,1,ㄉㄨㄥˋ ㄕˋ
動問,1,ㄉㄨㄥˋ ㄨㄣˋ
動嘴,1,ㄉㄨㄥˋ ㄗㄨㄟˇ
動因,1,ㄉㄨㄥˋ ㄧㄣ
動彈,1,ㄉㄨㄥˋ ㄊㄢ˙
動息,1,ㄉㄨㄥˋ ㄒㄧˊ
動意,1,ㄉㄨㄥˋ ㄧˋ
動憚,1,ㄉㄨㄥˋ ㄉㄢˋ
動撣,1,ㄉㄨㄥˋ ㄉㄢˇ
動支,1,ㄉㄨㄥˋ ㄓ
動止,1,ㄉㄨㄥˋ ㄓˇ
動煩,1,ㄉㄨㄥˋ ㄈㄢˊ
動熱,1,ㄉㄨㄥˋ ㄖㄜˋ
動目,1,ㄉㄨㄥˋ ㄇㄨˋ
動興,1,ㄉㄨㄥˋ ㄒㄧㄥˋ
動舌,1,ㄉㄨㄥˋ ㄕㄜˊ
動轉,1,ㄉㄨㄥˋ ㄓㄨㄢˇ
動靜,1,ㄉㄨㄥˋ ㄐㄧㄥ˙
動魄,1,ㄉㄨㄥˋ ㄆㄛˋ
勗厲,1,ㄒㄩˋ ㄌㄧˋ
勗率,1,ㄒㄩˋ ㄕㄨㄞˋ
勘估,1,ㄎㄢ ㄍㄨ
勘合,1,ㄎㄢ ㄏㄜˊ
勘問,1,ㄎㄢ ㄨㄣˋ
勘婚,1,ㄎㄢ ㄏㄨㄣ
勘檢,1,ㄎㄢ ㄐㄧㄢˇ
勘正,1,ㄎㄢ ㄓㄥˋ
勘驗,1,ㄎㄢ ㄧㄢˋ
務光,1,ㄨˋ ㄍㄨㄤ
務力,1,ㄨˋ ㄌㄧˋ
務外,1,ㄨˋ ㄨㄞˋ
務期,1,ㄨˋ ㄑㄧˊ
務腳,1,ㄨˋ ㄐㄧㄠˇ
勛伐,1,ㄒㄩㄣ ㄈㄚˊ
勛位,1,ㄒㄩㄣ ㄨㄟˋ
勛刀,1,ㄒㄩㄣ ㄉㄠ
勛勞,1,ㄒㄩㄣ ㄌㄠˊ
勛官,1,ㄒㄩㄣ ㄍㄨㄢ
勛業,1,ㄒㄩㄣ ㄧㄝˋ
勛爵,1,ㄒㄩㄣ ㄐㄩㄝˊ
勛級,1,ㄒㄩㄣ ㄐㄧˊ
勛績,1,ㄒㄩㄣ ㄐㄧ
勛臣,1,ㄒㄩㄣ ㄔㄣˊ
勛舊,1,ㄒㄩㄣ ㄐㄧㄡˋ
勛蔭,1,ㄒㄩㄣ ㄧㄣˋ
勛貴,1,ㄒㄩㄣ ㄍㄨㄟˋ
勛附,1,ㄒㄩㄣ ㄈㄨˋ
勝事,1,ㄕㄥˋ ㄕˋ
勝境,1,ㄕㄥˋ ㄐㄧㄥˋ
勝局,1,ㄕㄥˋ ㄐㄩˊ
勝常,1,ㄕㄥˋ ㄔㄤˊ
勝朝,1,ㄕㄥˋ ㄔㄠˊ
勝概,1,ㄕㄥˋ ㄍㄞˋ
勝流,1,ㄕㄥˋ ㄌㄧㄡˊ
勝衣,1,ㄕㄥ ㄧ
勝遊,1,ㄕㄥˋ ㄧㄡˊ
勞來,1,ㄌㄠˋ ㄌㄞˊ
勞倦,1,ㄌㄠˊ ㄐㄩㄢˋ
勞傷,1,ㄌㄠˊ ㄕㄤ
勞動,1,ㄌㄠˊ ㄉㄨㄥ˙
勞勞,1,ㄌㄠˊ ㄌㄠˊ
勞嘈,1,ㄌㄠˊ ㄘㄠˊ
勞困,1,ㄌㄠˊ ㄎㄨㄣˋ
勞師,1,ㄌㄠˋ ㄕ
勞怯,1,ㄌㄠˊ ㄑㄩㄝˋ
勞成,1,ㄌㄠˊ ㄔㄥˊ
勞承,1,ㄌㄠˊ ㄔㄥˊ
勞攘,1,ㄌㄠˊ ㄖㄤˇ
勞步,1,ㄌㄠˊ ㄅㄨˋ
勞民,1,ㄌㄠˋ ㄇㄧㄣˊ
勞生,1,ㄌㄠˊ ㄕㄥ
勞發,1,ㄌㄠˊ ㄈㄚ
勞籠,1,ㄌㄠˊ ㄌㄨㄥˊ
勞結,1,ㄌㄠˊ ㄐㄧㄝˊ
勞苦,1,ㄌㄠˋ ㄎㄨˇ
勞落,1,ㄌㄠˊ ㄌㄨㄛˋ
勞費,1,ㄌㄠˊ ㄈㄟˋ
勞農,1,ㄌㄠˊ ㄋㄨㄥˊ
勞農,1,ㄌㄠˋ ㄋㄨㄥˊ
勞金,1,ㄌㄠˊ ㄐㄧㄣ
募債,1,ㄇㄨˋ ㄓㄞˋ
募化,1,ㄇㄨˋ ㄏㄨㄚˋ
募士,1,ㄇㄨˋ ㄕˋ
募役,1,ㄇㄨˋ ㄧˋ
募格,1,ㄇㄨˋ ㄍㄜˊ
募緣,1,ㄇㄨˋ ㄩㄢˊ
募股,1,ㄇㄨˋ ㄍㄨˇ
勢交,1,ㄕˋ ㄐㄧㄠ
勢任,1,ㄕˋ ㄖㄣˋ
勢利,1,ㄕˋ ㄌㄧ˙
勢劍,1,ㄕˋ ㄐㄧㄢˋ
勢家,1,ㄕˋ ㄐㄧㄚ
勢族,1,ㄕˋ ㄗㄨˊ
勢沙,1,ㄕˋ ㄕㄚ
勢況,1,ㄕˋ ㄎㄨㄤˋ
勢焰,1,ㄕˋ ㄧㄢˋ
勢煞,1,ㄕˋ ㄕㄚˋ
勢要,1,ㄕˋ ㄧㄠˋ
勢豪,1,ㄕˋ ㄏㄠˊ
勤兒,1,ㄑㄧㄣˊ ㄦˊ
勤恤,1,ㄑㄧㄣˊ ㄒㄩˋ
勤慎,1,ㄑㄧㄣˊ ㄕㄣˋ
勤政,1,ㄑㄧㄣˊ ㄓㄥˋ
勤敏,1,ㄑㄧㄣˊ ㄇㄧㄣˇ
勤行,1,ㄑㄧㄣˊ ㄏㄤˊ
勤行,1,ㄑㄧㄣˊ ㄒㄧㄥˊ
勦兒,1,ㄐㄧㄠˇ ㄦˊ
勦滅,1,ㄐㄧㄠˇ ㄇㄧㄝˋ
勦竊,1,ㄔㄠ ㄑㄧㄝˋ
勦襲,1,ㄔㄠ ㄒㄧˊ
勦說,1,ㄔㄠ ㄕㄨㄛ
勦除,1,ㄐㄧㄠˇ ㄔㄨˊ
勵節,1,ㄌㄧˋ ㄐㄧㄝˊ
勵翼,1,ㄌㄧˋ ㄧˋ
勸世,1,ㄑㄩㄢˋ ㄕˋ
勸學,1,ㄑㄩㄢˋ ㄒㄩㄝˊ
勸杯,1,ㄑㄩㄢˋ ㄅㄟ
勸盤,1,ㄑㄩㄢˋ ㄆㄢˊ
勸誡,1,ㄑㄩㄢˋ ㄐㄧㄝˋ
勸酬,1,ㄑㄩㄢˋ ㄔㄡˊ
勸降,1,ㄑㄩㄢˋ ㄒㄧㄤˊ
勸駕,1,ㄑㄩㄢˋ ㄐㄧㄚˋ
勻停,1,ㄩㄣˊ ㄊㄧㄥ˙
勻兌,1,ㄩㄣˊ ㄉㄨㄟ˙
勻實,1,ㄩㄣˊ ㄕ˙
勻淨,1,ㄩㄣˊ ㄐㄧㄥ˙
勻溜,1,ㄩㄣˊ ㄌㄧㄡ˙
勻稱,1,ㄩㄣˊ ㄔㄥˋ
勻臉,1,ㄩㄣˊ ㄌㄧㄢˇ
勻面,1,ㄩㄣˊ ㄇㄧㄢˋ
勾串,1,ㄍㄡ ㄔㄨㄢˋ
勾乙,1,ㄍㄡ ㄧˇ
勾使,1,ㄍㄡ ㄕˇ
勾喚,1,ㄍㄡ ㄏㄨㄢˋ
勾尺,1,ㄍㄡ ㄔˇ
勾帳,1,ㄍㄡ ㄓㄤˋ
勾幹,1,ㄍㄡ ㄍㄢˋ
勾情,1,ㄍㄡ ㄑㄧㄥˊ
勾批,1,ㄍㄡ ㄆㄧ
勾抹,1,ㄍㄡ ㄇㄛˇ
勾拽,1,ㄍㄡ ㄓㄨㄞˋ
勾捉,1,ㄍㄡ ㄓㄨㄛ
勾提,1,ㄍㄡ ㄊㄧˊ
勾搭,1,ㄍㄡ ㄉㄚ˙
勾摹,1,ㄍㄡ ㄇㄛˊ
勾擾,1,ㄍㄡ ㄖㄠˇ
勾攝,1,ㄍㄡ ㄕㄜˋ
勾斷,1,ㄍㄡ ㄉㄨㄢˋ
勾決,1,ㄍㄡ ㄐㄩㄝˊ
勾牽,1,ㄍㄡ ㄑㄧㄢ
勾當,1,ㄍㄡˋ ㄉㄤ
勾當,1,ㄍㄡˋ ㄉㄤ˙
勾眉,1,ㄍㄡ ㄇㄟˊ
勾稽,1,ㄍㄡ ㄐㄧ
勾管,1,ㄍㄡ ㄍㄨㄢˇ
勾臉,1,ㄍㄡ ㄌㄧㄢˇ
勾萌,1,ㄍㄡ ㄇㄥˊ
勾軍,1,ㄍㄡ ㄐㄩㄣ
勾追,1,ㄍㄡ ㄓㄨㄟ
勾連,1,ㄍㄡ ㄌㄧㄢˊ
勾闌,1,ㄍㄡ ㄌㄢˊ
勾頭,1,ㄍㄡ ㄊㄡˊ
勿勿,1,ㄨˋ ㄨˋ
勿罔,1,ㄨˋ ㄨㄤˇ
勿藥,1,ㄨˋ ㄧㄠˋ
包伙,1,ㄅㄠ ㄏㄨㄛˇ
包占,1,ㄅㄠ ㄓㄢˋ
包取,1,ㄅㄠ ㄑㄩˇ
包單,1,ㄅㄠ ㄉㄢ
包囊,1,ㄅㄠ ㄋㄤˊ
包妓,1,ㄅㄠ ㄐㄧˋ
包姆,1,ㄅㄠ ㄇㄨˇ
包孕,1,ㄅㄠ ㄩㄣˋ
包客,1,ㄅㄠ ㄎㄜˋ
包山,1,ㄅㄠ ㄕㄢ
包彈,1,ㄅㄠ ㄊㄢˊ
包探,1,ㄅㄠ ㄊㄢˋ
包月,1,ㄅㄠ ㄩㄝˋ
包檔,1,ㄅㄠ ㄉㄤˇ
包漿,1,ㄅㄠ ㄐㄧㄤ
包牙,1,ㄅㄠ ㄧㄚˊ
包用,1,ㄅㄠ ㄩㄥˋ
包籠,1,ㄅㄠ ㄌㄨㄥˊ
包米,1,ㄅㄠ ㄇㄧˇ
包膜,1,ㄅㄠ ㄇㄛˋ
包舉,1,ㄅㄠ ㄐㄩˇ
包茅,1,ㄅㄠ ㄇㄠˊ
包荒,1,ㄅㄠ ㄏㄨㄤ
包莊,1,ㄅㄠ ㄓㄨㄤ
包莖,1,ㄅㄠ ㄐㄧㄥ
包融,1,ㄅㄠ ㄖㄨㄥˊ
包衣,1,ㄅㄠ ㄧ
包賠,1,ㄅㄠ ㄆㄟˊ
包通,1,ㄅㄠ ㄊㄨㄥ
包金,1,ㄅㄠ ㄐㄧㄣ
包銀,1,ㄅㄠ ㄧㄣˊ
包髻,1,ㄅㄠ ㄐㄧˋ
匆猝,1,ㄘㄨㄥ ㄘㄨˋ
匈匈,1,ㄒㄩㄥ ㄒㄩㄥ
匏尊,1,ㄆㄠˊ ㄗㄨㄣ
匏樽,1,ㄆㄠˊ ㄗㄨㄣ
匏爵,1,ㄆㄠˊ ㄐㄩㄝˊ
匏瓜,1,ㄆㄠˊ ㄍㄨㄚ
匏繫,1,ㄆㄠˊ ㄒㄧˋ
匕箸,1,ㄅㄧˇ ㄓㄨˋ
匕鬯,1,ㄅㄧˇ ㄔㄤˋ
化世,1,ㄏㄨㄚˋ ㄕˋ
化俗,1,ㄏㄨㄚˋ ㄙㄨˊ
化分,1,ㄏㄨㄚˋ ㄈㄣ
化去,1,ㄏㄨㄚˋ ㄑㄩˋ
化子,1,ㄏㄨㄚ ㄗ˙
化度,1,ㄏㄨㄚˋ ㄉㄨˋ
化形,1,ㄏㄨㄚˋ ㄒㄧㄥˊ
化民,1,ㄏㄨㄚˋ ㄇㄧㄣˊ
化紙,1,ㄏㄨㄚˋ ㄓˇ
化蝶,1,ㄏㄨㄚˋ ㄉㄧㄝˊ
化誨,1,ㄏㄨㄚˋ ㄏㄨㄟˋ
化鶴,1,ㄏㄨㄚˋ ㄏㄜˋ
化齋,1,ㄏㄨㄚˋ ㄓㄞ
北人,1,ㄅㄟˇ ㄖㄣˊ
北冥,1,ㄅㄟˇ ㄇㄧㄥˊ
北劇,1,ㄅㄟˇ ㄐㄩˋ
北口,1,ㄅㄟˇ ㄎㄡˇ
北史,1,ㄅㄟˇ ㄕˇ
北土,1,ㄅㄟˇ ㄊㄨˇ
北圻,1,ㄅㄟˇ ㄑㄧˊ
北垂,1,ㄅㄟˇ ㄔㄨㄟˊ
北堂,1,ㄅㄟˇ ㄊㄤˊ
北學,1,ㄅㄟˇ ㄒㄩㄝˊ
北宗,1,ㄅㄟˇ ㄗㄨㄥ
北宮,1,ㄅㄟˇ ㄍㄨㄥ
北島,1,ㄅㄟˇ ㄉㄠˇ
北嶺,1,ㄅㄟˇ ㄌㄧㄥˇ
北嶽,1,ㄅㄟˇ ㄩㄝˋ
北府,1,ㄅㄟˇ ㄈㄨˇ
北庭,1,ㄅㄟˇ ㄊㄧㄥˊ
北征,1,ㄅㄟˇ ㄓㄥ
北拳,1,ㄅㄟˇ ㄑㄩㄢˊ
北望,1,ㄅㄟˇ ㄨㄤˋ
北林,1,ㄅㄟˇ ㄌㄧㄣˊ
北歌,1,ㄅㄟˇ ㄍㄜ
北河,1,ㄅㄟˇ ㄏㄜˊ
北漢,1,ㄅㄟˇ ㄏㄢˋ
北漸,1,ㄅㄟˇ ㄐㄧㄢˋ
北燕,1,ㄅㄟˇ ㄧㄢ
北狄,1,ㄅㄟˇ ㄉㄧˊ
北省,1,ㄅㄟˇ ㄕㄥˇ
北碑,1,ㄅㄟˇ ㄅㄟ
北碚,1,ㄅㄟˇ ㄅㄟˋ
北票,1,ㄅㄟˇ ㄆㄧㄠˋ
北聲,1,ㄅㄟˇ ㄕㄥ
北芒,1,ㄅㄟˇ ㄇㄤˊ
北角,1,ㄅㄟˇ ㄐㄧㄠˇ
北討,1,ㄅㄟˇ ㄊㄠˇ
北貨,1,ㄅㄟˇ ㄏㄨㄛˋ
北辰,1,ㄅㄟˇ ㄔㄣˊ
北邙,1,ㄅㄟˇ ㄇㄤˊ
北鄙,1,ㄅㄟˇ ㄅㄧˇ
北里,1,ㄅㄟˇ ㄌㄧˇ
北闕,1,ㄅㄟˇ ㄑㄩㄝˋ
北音,1,ㄅㄟˇ ㄧㄣ
北食,1,ㄅㄟˇ ㄕˊ
北首,1,ㄅㄟˇ ㄕㄡˇ
匙鑰,1,ㄕ˙ ㄧㄠˋ
匝匝,1,ㄗㄚ ㄗㄚ
匝月,1,ㄗㄚ ㄩㄝˋ
匠伯,1,ㄐㄧㄤˋ ㄅㄛˊ
匠作,1,ㄐㄧㄤˋ ㄗㄨㄛˋ
匠師,1,ㄐㄧㄤˋ ㄕ
匠意,1,ㄐㄧㄤˋ ㄧˋ
匠成,1,ㄐㄧㄤˋ ㄔㄥˊ
匠戶,1,ㄐㄧㄤˋ ㄏㄨˋ
匠氏,1,ㄐㄧㄤˋ ㄕˋ
匠石,1,ㄐㄧㄤˋ ㄕˊ
匡合,1,ㄎㄨㄤ ㄏㄜˊ
匡坐,1,ㄎㄨㄤ ㄗㄨㄛˋ
匡床,1,ㄎㄨㄤ ㄔㄨㄤˊ
匡扶,1,ㄎㄨㄤ ㄈㄨˊ
匡持,1,ㄎㄨㄤ ㄔˊ
匡時,1,ㄎㄨㄤ ㄕˊ
匡當,1,ㄎㄨㄤ ㄉㄤ
匡算,1,ㄎㄨㄤ ㄙㄨㄢˋ
匡衡,1,ㄎㄨㄤ ㄏㄥˊ
匡謬,1,ㄎㄨㄤ ㄇㄧㄡˋ
匣床,1,ㄒㄧㄚˊ ㄔㄨㄤˊ
匪唯,1,ㄈㄟˇ ㄨㄟˊ
匪彞,1,ㄈㄟˇ ㄧˊ
匪惟,1,ㄈㄟˇ ㄨㄟˊ
匪日,1,ㄈㄟˇ ㄖˋ
匪爵,1,ㄈㄟˇ ㄐㄩㄝˊ
匪犯,1,ㄈㄟˇ ㄈㄢˋ
匪石,1,ㄈㄟˇ ㄕˊ
匪穴,1,ㄈㄟˇ ㄒㄩㄝˋ
匪賊,1,ㄈㄟˇ ㄗㄟˊ
匪躬,1,ㄈㄟˇ ㄍㄨㄥ
匪難,1,ㄈㄟˇ ㄋㄢˊ
匪風,1,ㄈㄟˇ ㄈㄥ
匭函,1,ㄍㄨㄟˇ ㄏㄢˊ
匭院,1,ㄍㄨㄟˇ ㄩㄢˋ
匯付,1,ㄏㄨㄟˋ ㄈㄨˋ
匯信,1,ㄏㄨㄟˋ ㄒㄧㄣˋ
匯展,1,ㄏㄨㄟˋ ㄓㄢˇ
匯銀,1,ㄏㄨㄟˋ ㄧㄣˊ
匱盟,1,ㄎㄨㄟˋ ㄇㄥˊ
匱缺,1,ㄎㄨㄟˋ ㄑㄩㄝ
匹亞,1,ㄆㄧˇ ㄧㄚˋ
匹似,1,ㄆㄧˇ ㄙˋ
匹偶,1,ㄆㄧˇ ㄡˇ
匹儔,1,ㄆㄧˇ ㄔㄡˊ
匹如,1,ㄆㄧˇ ㄖㄨˊ
匹婦,1,ㄆㄧˇ ㄈㄨˋ
匹撲,1,ㄆㄧ ㄆㄨ
匹然,1,ㄆㄧ ㄖㄢˊ
匹然,1,ㄆㄧˇ ㄖㄢˊ
匹禽,1,ㄆㄧˇ ㄑㄧㄣˊ
匹面,1,ㄆㄧ ㄇㄧㄢˋ
匹頭,1,ㄆㄧ ㄊㄡˊ
匹頭,1,ㄆㄧˇ ㄊㄡ˙
匼匝,1,ㄢˇ ㄗㄚ
匽廁,1,ㄧㄢˇ ㄘˋ
匽豬,1,ㄧㄢˇ ㄓㄨ
匾扎,1,ㄅㄧㄢˇ ㄓㄚˊ
匾擔,1,ㄅㄧㄢˇ ㄉㄢ˙
匾短,1,ㄅㄧㄢˇ ㄉㄨㄢˇ
匾窄,1,ㄅㄧㄢˇ ㄓㄞˇ
匾聯,1,ㄅㄧㄢˇ ㄌㄧㄢˊ
匾食,1,ㄅㄧㄢˇ ㄕ˙
匿伏,1,ㄋㄧˋ ㄈㄨˊ
匿功,1,ㄋㄧˋ ㄍㄨㄥ
匿喪,1,ㄋㄧˋ ㄙㄤ
匿報,1,ㄋㄧˋ ㄅㄠˋ
匿居,1,ㄋㄧˋ ㄐㄩ
匿年,1,ㄋㄧˋ ㄋㄧㄢˊ
匿怨,1,ㄋㄧˋ ㄩㄢˋ
匿拐,1,ㄋㄧˋ ㄍㄨㄞˇ
匿案,1,ㄋㄧˋ ㄢˋ
匿竄,1,ㄋㄧˋ ㄘㄨㄢˋ
匿笑,1,ㄋㄧˋ ㄒㄧㄠˋ
區夏,1,ㄑㄩ ㄒㄧㄚˋ
區宇,1,ㄑㄩ ㄩˇ
區田,1,ㄑㄩ ㄊㄧㄢˊ
區脫,1,ㄡ ㄊㄨㄛ
區落,1,ㄑㄩ ㄌㄨㄛˋ
區蓋,1,ㄡ ㄍㄞˋ
區處,1,ㄑㄩ ㄔㄨˇ
十劑,1,ㄕˊ ㄐㄧˋ
十力,1,ㄕˊ ㄌㄧˋ
十哲,1,ㄕˊ ㄓㄜˊ
十地,1,ㄕˊ ㄉㄧˋ
十宗,1,ㄕˊ ㄗㄨㄥ
十干,1,ㄕˊ ㄍㄢ
十族,1,ㄕˊ ㄗㄨˊ
十番,1,ㄕˊ ㄈㄢ
十翼,1,ㄕˊ ㄧˋ
十錦,1,ㄕˊ ㄐㄧㄣˇ
千乘,1,ㄑㄧㄢ ㄕㄥˋ
千乞,1,ㄑㄧㄢ ㄑㄧˇ
千仞,1,ㄑㄧㄢ ㄖㄣˋ
千夫,1,ㄑㄧㄢ ㄈㄨ
千尋,1,ㄑㄧㄢ ㄒㄩㄣˊ
千嶂,1,ㄑㄧㄢ ㄓㄤˋ
千牛,1,ㄑㄧㄢ ㄋㄧㄡˊ
千石,1,ㄑㄧㄢ ㄉㄢˋ
千章,1,ㄑㄧㄢ ㄓㄤ
千總,1,ㄑㄧㄢ ㄗㄨㄥˇ
千般,1,ㄑㄧㄢ ㄅㄢ
千葉,1,ㄑㄧㄢ ㄧㄝˋ
千鈞,1,ㄑㄧㄢ ㄐㄩㄣ
千門,1,ㄑㄧㄢ ㄇㄣˊ
升坐,1,ㄕㄥ ㄗㄨㄛˋ
升帳,1,ㄕㄥ ㄓㄤˋ
升引,1,ㄕㄥ ㄧㄣˇ
升斗,1,ㄕㄥ ㄉㄡˇ
升沉,1,ㄕㄥ ㄔㄣˊ
升科,1,ㄕㄥ ㄎㄜ
升遐,1,ㄕㄥ ㄒㄧㄚˊ
午宴,1,ㄨˇ ㄧㄢˋ
午正,1,ㄨˇ ㄓㄥˋ
午炮,1,ㄨˇ ㄆㄠˋ
午牌,1,ㄨˇ ㄆㄞˊ
午錯,1,ㄨˇ ㄘㄨㄛˋ
卉服,1,ㄏㄨㄟˋ ㄈㄨˊ
卉木,1,ㄏㄨㄟˋ ㄇㄨˋ
卉翕,1,ㄏㄨㄟˋ ㄒㄧˋ
卉裳,1,ㄏㄨㄟˋ ㄔㄤˊ
半亞,1,ㄅㄢˋ ㄧㄚˋ
半偏,1,ㄅㄢˋ ㄆㄧㄢ
半刻,1,ㄅㄢˋ ㄎㄜˋ
半垓,1,ㄅㄢˋ ㄍㄞ
半夏,1,ㄅㄢˋ ㄒㄧㄚˋ
半弓,1,ㄅㄢˋ ㄍㄨㄥ
半影,1,ㄅㄢˋ ㄧㄥˇ
半恰,1,ㄅㄢˋ ㄑㄧㄚˋ
半扎,1,ㄅㄢˋ ㄓㄚˊ
半折,1,ㄅㄢˋ ㄓㄜˊ
半拆,1,ㄅㄢˋ ㄔㄞ
半指,1,ㄅㄢˋ ㄓˇ
半掐,1,ㄅㄢˋ ㄑㄧㄚ
半早,1,ㄅㄢˋ ㄗㄠˇ
半星,1,ㄅㄢˋ ㄒㄧㄥ
半會,1,ㄅㄢˋ ㄏㄨㄟˇ
半歇,1,ㄅㄢˋ ㄒㄧㄝ
半禮,1,ㄅㄢˋ ㄌㄧˇ
半窄,1,ㄅㄢˋ ㄓㄞˇ
半籌,1,ㄅㄢˋ ㄔㄡˊ
半紀,1,ㄅㄢˋ ㄐㄧˋ
半綹,1,ㄅㄢˋ ㄌㄧㄡˇ
半舊,1,ㄅㄢˋ ㄐㄧㄡˋ
半舍,1,ㄅㄢˋ ㄕㄜˋ
半菽,1,ㄅㄢˋ ㄕㄨˊ
半薪,1,ㄅㄢˋ ㄒㄧㄣ
半規,1,ㄅㄢˋ ㄍㄨㄟ
半豹,1,ㄅㄢˋ ㄅㄠˋ
半酣,1,ㄅㄢˋ ㄏㄢ
半醉,1,ㄅㄢˋ ㄗㄨㄟˋ
半鑑,1,ㄅㄢˋ ㄐㄧㄢˋ
半霎,1,ㄅㄢˋ ㄕㄚˋ
卑人,1,ㄅㄟ ㄖㄣˊ
卑位,1,ㄅㄟ ㄨㄟˋ
卑侮,1,ㄅㄟ ㄨˇ
卑卑,1,ㄅㄟ ㄅㄟ
卑宮,1,ㄅㄟ ㄍㄨㄥ
卑末,1,ㄅㄟ ㄇㄛˋ
卑汙,1,ㄅㄟ ㄨ
卑溼,1,ㄅㄟ ㄕ
卑薄,1,ㄅㄟ ㄅㄛˊ
卑見,1,ㄅㄟ ㄐㄧㄢˋ
卑論,1,ㄅㄟ ㄌㄨㄣˋ
卑謹,1,ㄅㄟ ㄐㄧㄣˇ
卑讓,1,ㄅㄟ ㄖㄤˋ
卑身,1,ㄅㄟ ㄕㄣ
卑高,1,ㄅㄟ ㄍㄠ
卒中,1,ㄘㄨˋ ㄓㄨㄥˋ
卒乍,1,ㄘㄨˋ ㄓㄚˋ
卒乘,1,ㄗㄨˊ ㄕㄥˋ
卒伍,1,ㄗㄨˊ ㄨˇ
卒倒,1,ㄘㄨˋ ㄉㄠˇ
卒卒,1,ㄘㄨˋ ㄘㄨˋ
卒哭,1,ㄗㄨˊ ㄎㄨ
卒年,1,ㄗㄨˊ ㄋㄧㄢˊ
卒歲,1,ㄗㄨˊ ㄙㄨㄟˋ
卒然,1,ㄘㄨˋ ㄖㄢˊ
卓午,1,ㄓㄨㄛˊ ㄨˇ
卓卓,1,ㄓㄨㄛˊ ㄓㄨㄛˊ
卓望,1,ㄓㄨㄛˊ ㄨㄤˋ
卓殊,1,ㄓㄨㄛˊ ㄕㄨ
卓爾,1,ㄓㄨㄛˊ ㄦˇ
卓特,1,ㄓㄨㄛˊ ㄊㄜˋ
卓犖,1,ㄓㄨㄛˊ ㄌㄨㄛˋ
卓異,1,ㄓㄨㄛˊ ㄧˋ
卓茂,1,ㄓㄨㄛˊ ㄇㄠˋ
卓裁,1,ㄓㄨㄛˊ ㄘㄞˊ
卓詭,1,ㄓㄨㄛˊ ㄍㄨㄟˇ
卓躒,1,ㄓㄨㄛˊ ㄌㄨㄛˋ
卓鷙,1,ㄓㄨㄛˊ ㄓˋ
協心,1,ㄒㄧㄝˊ ㄒㄧㄣ
協服,1,ㄒㄧㄝˊ ㄈㄨˊ
協緝,1,ㄒㄧㄝˊ ㄑㄧˋ
協謀,1,ㄒㄧㄝˊ ㄇㄡˊ
協韻,1,ㄒㄧㄝˊ ㄩㄣˋ
協風,1,ㄒㄧㄝˊ ㄈㄥ
南元,1,ㄋㄢˊ ㄩㄢˊ
南內,1,ㄋㄢˊ ㄋㄟˋ
南冠,1,ㄋㄢˊ ㄍㄨㄢ
南司,1,ㄋㄢˊ ㄙ
南味,1,ㄋㄢˊ ㄨㄟˋ
南垂,1,ㄋㄢˊ ㄔㄨㄟˊ
南夷,1,ㄋㄢˊ ㄧˊ
南威,1,ㄋㄢˊ ㄨㄟ
南學,1,ㄋㄢˊ ㄒㄩㄝˊ
南宗,1,ㄋㄢˊ ㄗㄨㄥ
南巡,1,ㄋㄢˊ ㄒㄩㄣˊ
南帖,1,ㄋㄢˊ ㄊㄧㄝˋ
南式,1,ㄋㄢˊ ㄕˋ
南拳,1,ㄋㄢˊ ㄑㄩㄢˊ
南旺,1,ㄋㄢˊ ㄨㄤˋ
南服,1,ㄋㄢˊ ㄈㄨˊ
南柯,1,ㄋㄢˊ ㄎㄜ
南楚,1,ㄋㄢˊ ㄔㄨˇ
南樂,1,ㄋㄢˊ ㄩㄝˋ
南浦,1,ㄋㄢˊ ㄆㄨˇ
南渡,1,ㄋㄢˊ ㄉㄨˋ
南牢,1,ㄋㄢˊ ㄌㄠˊ
南牧,1,ㄋㄢˊ ㄇㄨˋ
南琛,1,ㄋㄢˊ ㄔㄣ
南畝,1,ㄋㄢˊ ㄇㄨˇ
南省,1,ㄋㄢˊ ㄕㄥˇ
南碑,1,ㄋㄢˊ ㄅㄟ
南竹,1,ㄋㄢˊ ㄓㄨˊ
南箋,1,ㄋㄢˊ ㄐㄧㄢ
南箕,1,ㄋㄢˊ ㄐㄧ
南糖,1,ㄋㄢˊ ㄊㄤˊ
南紀,1,ㄋㄢˊ ㄐㄧˋ
南絃,1,ㄋㄢˊ ㄒㄧㄢˊ
南腿,1,ㄋㄢˊ ㄊㄨㄟˇ
南苑,1,ㄋㄢˊ ㄩㄢˋ
南薰,1,ㄋㄢˊ ㄒㄩㄣ
南貨,1,ㄋㄢˊ ㄏㄨㄛˋ
南郊,1,ㄋㄢˊ ㄐㄧㄠ
南郭,1,ㄋㄢˊ ㄍㄨㄛ
南都,1,ㄋㄢˊ ㄉㄨ
南酒,1,ㄋㄢˊ ㄐㄧㄡˇ
南金,1,ㄋㄢˊ ㄐㄧㄣ
南闈,1,ㄋㄢˊ ㄨㄟˊ
南阮,1,ㄋㄢˊ ㄖㄨㄢˇ
南離,1,ㄋㄢˊ ㄌㄧˊ
南音,1,ㄋㄢˊ ㄧㄣ
南頓,1,ㄋㄢˊ ㄉㄨㄣˋ
南饌,1,ㄋㄢˊ ㄓㄨㄢˋ
博古,1,ㄅㄛˊ ㄍㄨˇ
博奧,1,ㄅㄛˊ ㄠˋ
博局,1,ㄅㄛˊ ㄐㄩˊ
博巴,1,ㄅㄛˊ ㄅㄚ
博徒,1,ㄅㄛˊ ㄊㄨˊ
博戲,1,ㄅㄛˊ ㄒㄧˋ
博換,1,ㄅㄛˊ ㄏㄨㄢˋ
博易,1,ㄅㄛˊ ㄧˋ
博洽,1,ㄅㄛˊ ㄑㄧㄚˋ
博浪,1,ㄅㄛˊ ㄌㄤˋ
博磨,1,ㄅㄛˊ ㄇㄛˊ
博興,1,ㄅㄛˊ ㄒㄧㄥ
博識,1,ㄅㄛˊ ㄕˋ
博貫,1,ㄅㄛˊ ㄍㄨㄢˋ
卜人,1,ㄅㄨˇ ㄖㄣˊ
卜兒,1,ㄅㄨˇ ㄦˊ
卜吉,1,ㄅㄨˇ ㄐㄧˊ
卜商,1,ㄅㄨˇ ㄕㄤ
卜婿,1,ㄅㄨˇ ㄒㄩˋ
卜宅,1,ㄅㄨˇ ㄓㄜˋ
卜年,1,ㄅㄨˇ ㄋㄧㄢˊ
卜度,1,ㄅㄨˇ ㄉㄨㄛˋ
卜式,1,ㄅㄨˇ ㄕˋ
卜征,1,ㄅㄨˇ ㄓㄥ
卜日,1,ㄅㄨˇ ㄖˋ
卜易,1,ㄅㄨˇ ㄧˋ
卜珓,1,ㄅㄨˇ ㄐㄧㄠˋ
卜祝,1,ㄅㄨˇ ㄓㄨˋ
卜築,1,ㄅㄨˇ ㄓㄨˊ
卜老,1,ㄅㄨˇ ㄌㄠˇ
卜者,1,ㄅㄨˇ ㄓㄜˇ
卜課,1,ㄅㄨˇ ㄎㄜˋ
卜鄰,1,ㄅㄨˇ ㄌㄧㄣˊ
卞和,1,ㄅㄧㄢˋ ㄏㄜˊ
卞急,1,ㄅㄧㄢˋ ㄐㄧˊ
卞莊,1,ㄅㄧㄢˋ ㄓㄨㄤ
占上,1,ㄓㄢˋ ㄕㄤˋ
占人,1,ㄓㄢ ㄖㄣˊ
占候,1,ㄓㄢ ㄏㄡˋ
占卦,1,ㄓㄢ ㄍㄨㄚˋ
占夢,1,ㄓㄢ ㄇㄥˋ
占射,1,ㄓㄢ ㄕㄜˋ
占強,1,ㄓㄢˋ ㄑㄧㄤˊ
占房,1,ㄓㄢˋ ㄈㄤˊ
占拜,1,ㄓㄢ ㄅㄞˋ
占斷,1,ㄓㄢ ㄉㄨㄢˋ
占親,1,ㄓㄢ ㄑㄧㄣ
占課,1,ㄓㄢ ㄎㄜˋ
占身,1,ㄓㄢ ㄕㄣ
占驗,1,ㄓㄢ ㄧㄢˋ
占鳳,1,ㄓㄢ ㄈㄥˋ
卡倫,1,ㄎㄚˇ ㄌㄨㄣˊ
卡子,1,ㄑㄧㄚˇ ㄗ˙
卡死,1,ㄎㄚˇ ㄙˇ
卡繆,1,ㄎㄚˇ ㄇㄧㄡˋ
卡計,1,ㄎㄚˇ ㄐㄧˋ
卡農,1,ㄎㄚˇ ㄋㄨㄥˊ
卡鉗,1,ㄎㄚˇ ㄑㄧㄢˊ
卦姑,1,ㄍㄨㄚˋ ㄍㄨ
卦影,1,ㄍㄨㄚˋ ㄧㄥˇ
卦禮,1,ㄍㄨㄚˋ ㄌㄧˇ
卦變,1,ㄍㄨㄚˋ ㄅㄧㄢˋ
卦辭,1,ㄍㄨㄚˋ ㄘˊ
卬卬,1,ㄤˊ ㄤˊ
卬燥,1,ㄤˊ ㄗㄠˋ
卮言,1,ㄓ ㄧㄢˊ
卮酒,1,ㄓ ㄐㄧㄡˇ
卯上,1,ㄇㄠˇ ㄕㄤ˙
卯榫,1,ㄇㄠˇ ㄙㄨㄣˇ
卯正,1,ㄇㄠˇ ㄓㄥˋ
卯眼,1,ㄇㄠˇ ㄧㄢˇ
卯睡,1,ㄇㄠˇ ㄕㄨㄟˋ
卯簿,1,ㄇㄠˇ ㄅㄨˋ
卯酉,1,ㄇㄠˇ ㄧㄡˇ
卯酒,1,ㄇㄠˇ ㄐㄧㄡˇ
卯飯,1,ㄇㄠˇ ㄈㄢˋ
卯飲,1,ㄇㄠˇ ㄧㄣˇ
印串,1,ㄧㄣˋ ㄔㄨㄢˋ
印可,1,ㄧㄣˋ ㄎㄜˇ
印合,1,ㄧㄣˋ ㄏㄜˊ
印囊,1,ㄧㄣˋ ㄋㄤˊ
印床,1,ㄧㄣˋ ㄔㄨㄤˊ
印文,1,ㄧㄣˋ ㄨㄣˊ
印曹,1,ㄧㄣˋ ㄘㄠˊ
印材,1,ㄧㄣˋ ㄘㄞˊ
印檢,1,ㄧㄣˋ ㄐㄧㄢˇ
印次,1,ㄧㄣˋ ㄘˋ
印池,1,ㄧㄣˋ ㄔˊ
印油,1,ㄧㄣˋ ㄧㄡˊ
印相,1,ㄧㄣˋ ㄒㄧㄤˋ
印石,1,ㄧㄣˋ ㄕˊ
印窠,1,ㄧㄣˋ ㄎㄜ
印結,1,ㄧㄣˋ ㄐㄧㄝˊ
印綬,1,ㄧㄣˋ ㄕㄡˋ
印臺,1,ㄧㄣˋ ㄊㄞˊ
印色,1,ㄧㄣˋ ㄙㄜˋ
印規,1,ㄧㄣˋ ㄍㄨㄟ
印譜,1,ㄧㄣˋ ㄆㄨˇ
印鈕,1,ㄧㄣˋ ㄋㄧㄡˇ
印鋪,1,ㄧㄣˋ ㄆㄨˋ
印香,1,ㄧㄣˋ ㄒㄧㄤ
印魚,1,ㄧㄣˋ ㄩˊ
危坐,1,ㄨㄟˊ ㄗㄨㄛˋ
危屋,1,ㄨㄟˊ ㄨ
危弱,1,ㄨㄟˊ ㄖㄨㄛˋ
危情,1,ㄨㄟˊ ㄑㄧㄥˊ
危惙,1,ㄨㄟˊ ㄔㄨㄛˋ
危房,1,ㄨㄟˊ ㄈㄤˊ
危檣,1,ㄨㄟˊ ㄑㄧㄤˊ
危竿,1,ㄨㄟˊ ㄍㄢ
危行,1,ㄨㄟˊ ㄒㄧㄥˋ
危邦,1,ㄨㄟˊ ㄅㄤ
即世,1,ㄐㄧˊ ㄕˋ
即事,1,ㄐㄧˊ ㄕˋ
即即,1,ㄐㄧˊ ㄐㄧˊ
即吉,1,ㄐㄧˊ ㄐㄧˊ
即戎,1,ㄐㄧˊ ㄖㄨㄥˊ
即政,1,ㄐㄧˊ ㄓㄥˋ
即溜,1,ㄐㄧˊ ㄌㄧㄡ˙
即漸,1,ㄐㄧˊ ㄐㄧㄢˋ
即目,1,ㄐㄧˊ ㄇㄨˋ
即真,1,ㄐㄧˊ ㄓㄣ
卵囊,1,ㄌㄨㄢˇ ㄋㄤˊ
卵孔,1,ㄌㄨㄢˇ ㄎㄨㄥˇ
卵核,1,ㄌㄨㄢˇ ㄏㄜˊ
卵育,1,ㄌㄨㄢˇ ㄩˋ
卵袋,1,ㄌㄨㄢˇ ㄉㄞˋ
卷卷,1,ㄐㄩㄢˇ ㄐㄩㄢˇ
卷卷,1,ㄑㄩㄢˊ ㄑㄩㄢˊ
卷婁,1,ㄑㄩㄢˊ ㄌㄡˊ
卷幘,1,ㄐㄩㄢˇ ㄗㄜˊ
卷懷,1,ㄐㄩㄢˇ ㄏㄨㄞˊ
卷柏,1,ㄐㄩㄢˇ ㄅㄛˊ
卷棚,1,ㄐㄩㄢˇ ㄆㄥˊ
卷甲,1,ㄐㄩㄢˇ ㄐㄧㄚˇ
卷紙,1,ㄐㄩㄢˋ ㄓˇ
卷耳,1,ㄐㄩㄢˇ ㄦˇ
卷舌,1,ㄐㄩㄢˇ ㄕㄜˊ
卷舒,1,ㄐㄩㄢˇ ㄕㄨ
卷阿,1,ㄑㄩㄢˊ ㄜ
卸甲,1,ㄒㄧㄝˋ ㄐㄧㄚˇ
卸肩,1,ㄒㄧㄝˋ ㄐㄧㄢ
卸臉,1,ㄒㄧㄝˋ ㄌㄧㄢˇ
卸頂,1,ㄒㄧㄝˋ ㄉㄧㄥˇ
卸頭,1,ㄒㄧㄝˋ ㄊㄡˊ
卹典,1,ㄒㄩˋ ㄉㄧㄢˇ
卹荒,1,ㄒㄩˋ ㄏㄨㄤ
卻少,1,ㄑㄩㄝˋ ㄕㄠˋ
卻待,1,ㄑㄩㄝˋ ㄉㄞˋ
卻後,1,ㄑㄩㄝˋ ㄏㄡˋ
卻扇,1,ㄑㄩㄝˋ ㄕㄢˋ
卻月,1,ㄑㄩㄝˋ ㄩㄝˋ
卻略,1,ㄑㄩㄝˋ ㄌㄩㄝˋ
卻病,1,ㄑㄩㄝˋ ㄅㄧㄥˋ
卻立,1,ㄑㄩㄝˋ ㄌㄧˋ
卻纔,1,ㄑㄩㄝˋ ㄘㄞˊ
卻老,1,ㄑㄩㄝˋ ㄌㄠˇ
卻行,1,ㄑㄩㄝˋ ㄒㄧㄥˊ
卿公,1,ㄑㄧㄥ ㄍㄨㄥ
卿子,1,ㄑㄧㄥ ㄗˇ
卿家,1,ㄑㄧㄥ ㄐㄧㄚ
卿雲,1,ㄑㄧㄥ ㄩㄣˊ
厄會,1,ㄜˋ ㄏㄨㄟˋ
厄臺,1,ㄜˋ ㄊㄞˊ
厄難,1,ㄜˋ ㄋㄢˋ
厏厊,1,ㄓㄚˇ ㄧㄚˇ
厓山,1,ㄧㄞˊ ㄕㄢ
厓谷,1,ㄧㄞˊ ㄍㄨˇ
厚交,1,ㄏㄡˋ ㄐㄧㄠ
厚味,1,ㄏㄡˋ ㄨㄟˋ
厚實,1,ㄏㄡˋ ㄕ˙
厚情,1,ㄏㄡˋ ㄑㄧㄥˊ
厚擾,1,ㄏㄡˋ ㄖㄠˇ
厚朴,1,ㄏㄡˋ ㄆㄛˋ
厚秩,1,ㄏㄡˋ ㄓˋ
厚糈,1,ㄏㄡˋ ㄒㄩˇ
厚誣,1,ㄏㄡˋ ㄨ
厚貺,1,ㄏㄡˋ ㄎㄨㄤˋ
厚載,1,ㄏㄡˋ ㄗㄞˋ
厚遇,1,ㄏㄡˋ ㄩˋ
厚酬,1,ㄏㄡˋ ㄔㄡˊ
厜㕒,1,ㄔㄨㄟˊ ㄨㄟˊ
厝基,1,ㄘㄨㄛˋ ㄐㄧ
厝身,1,ㄘㄨㄛˋ ㄕㄣ
厝邊,1,ㄘㄨㄛˋ ㄅㄧㄢ
原廟,1,ㄩㄢˊ ㄇㄧㄠˋ
原心,1,ㄩㄢˊ ㄒㄧㄣ
原憲,1,ㄩㄢˊ ㄒㄧㄢˋ
原擬,1,ㄩㄢˊ ㄋㄧˇ
原板,1,ㄩㄢˊ ㄅㄢˇ
原水,1,ㄩㄢˊ ㄕㄨㄟˇ
原犯,1,ㄩㄢˊ ㄈㄢˋ
原田,1,ㄩㄢˊ ㄊㄧㄢˊ
原畫,1,ㄩㄢˊ ㄏㄨㄚˋ
原舊,1,ㄩㄢˊ ㄐㄧㄡˋ
原訴,1,ㄩㄢˊ ㄙㄨˋ
原說,1,ㄩㄢˊ ㄕㄨㄛ
原起,1,ㄩㄢˊ ㄑㄧˇ
原道,1,ㄩㄢˊ ㄉㄠˋ
原配,1,ㄩㄢˊ ㄆㄟˋ
原隰,1,ㄩㄢˊ ㄒㄧˊ
原頭,1,ㄩㄢˊ ㄊㄡˊ
厥初,1,ㄐㄩㄝˊ ㄔㄨ
厥弛,1,ㄐㄩㄝˊ ㄕˇ
厥後,1,ㄐㄩㄝˊ ㄏㄡˋ
厥角,1,ㄐㄩㄝˊ ㄐㄩㄝˊ
厭事,1,ㄧㄢˋ ㄕˋ
厭兵,1,ㄧㄢˋ ㄅㄧㄥ
厭服,1,ㄧㄢˋ ㄈㄨˊ
厭毒,1,ㄧㄢˋ ㄉㄨˊ
厭氣,1,ㄧㄢˋ ㄑㄧ˙
厭煩,1,ㄧㄢˋ ㄈㄢ˙
厭物,1,ㄧㄢˋ ㄨˋ
厭苦,1,ㄧㄢˋ ㄎㄨˇ
厭薄,1,ㄧㄢˋ ㄅㄛˊ
厭賤,1,ㄧㄢˋ ㄐㄧㄢˋ
厭足,1,ㄧㄢˋ ㄗㄨˊ
厭鈍,1,ㄧㄢˋ ㄉㄨㄣˋ
厭飫,1,ㄧㄢ ㄩˋ
厭飫,1,ㄧㄢˋ ㄩˋ
厲兵,1,ㄌㄧˋ ㄅㄧㄥ
厲吼,1,ㄌㄧˋ ㄏㄡˇ
厲民,1,ㄌㄧˋ ㄇㄧㄣˊ
厲疾,1,ㄌㄧˋ ㄐㄧˊ
厲神,1,ㄌㄧˋ ㄕㄣˊ
厲禁,1,ㄌㄧˋ ㄐㄧㄣˋ
厲節,1,ㄌㄧˋ ㄐㄧㄝˊ
厲精,1,ㄌㄧˋ ㄐㄧㄥ
厲風,1,ㄌㄧˋ ㄈㄥ
厲鶚,1,ㄌㄧˋ ㄜˋ
厹矛,1,ㄑㄧㄡˊ ㄇㄠˊ
去來,1,ㄑㄩˋ ㄌㄞˊ
去國,1,ㄑㄩˋ ㄍㄨㄛˊ
去年,1,ㄑㄩˋ ㄋㄧㄢ˙
去後,1,ㄑㄩˋ ㄏㄡˋ
去得,1,ㄑㄩˋ ㄉㄜ˙
去日,1,ㄑㄩˋ ㄖˋ
去鄉,1,ㄑㄩˋ ㄒㄧㄤ
參伍,1,ㄘㄢ ㄨˇ
參假,1,ㄘㄢ ㄐㄧㄚˋ
參劾,1,ㄘㄢ ㄏㄜˊ
參堂,1,ㄘㄢ ㄊㄤˊ
參場,1,ㄘㄢ ㄔㄤˊ
參孫,1,ㄘㄢ ㄙㄨㄣ
參度,1,ㄘㄢ ㄉㄨㄛˋ
參悟,1,ㄘㄢ ㄨˋ
參朝,1,ㄘㄢ ㄔㄠˊ
參本,1,ㄘㄢ ㄅㄣˇ
參校,1,ㄘㄢ ㄐㄧㄠˋ
參湯,1,ㄕㄣ ㄊㄤ
參破,1,ㄘㄢ ㄆㄛˋ
參綜,1,ㄘㄢ ㄗㄨㄥˋ
參訂,1,ㄘㄢ ㄉㄧㄥˋ
參請,1,ㄘㄢ ㄑㄧㄥˇ
參譚,1,ㄘㄢ ㄊㄢˊ
參辰,1,ㄕㄣ ㄔㄣˊ
參雜,1,ㄘㄢ ㄗㄚˊ
參靈,1,ㄘㄢ ㄌㄧㄥˊ
參革,1,ㄘㄢ ㄍㄜˊ
參頭,1,ㄘㄢ ㄊㄡˊ
參驗,1,ㄘㄢ ㄧㄢˋ
又名,1,ㄧㄡˋ ㄇㄧㄥˊ
又早,1,ㄧㄡˋ ㄗㄠˇ
又讀,1,ㄧㄡˋ ㄉㄨˊ
叉劈,1,ㄔㄚˇ ㄆㄧ˙
叉口,1,ㄔㄚ ㄎㄡˇ
叉嘴,1,ㄔㄚ ㄗㄨㄟˇ
叉棍,1,ㄔㄚ ㄍㄨㄣˋ
叉牙,1,ㄔㄚ ㄧㄚˊ
叉竿,1,ㄔㄚ ㄍㄢ
叉色,1,ㄔㄚ ㄙㄜˋ
叉門,1,ㄔㄚˇ ㄇㄣˊ
叉魚,1,ㄔㄚ ㄩˊ
及今,1,ㄐㄧˊ ㄐㄧㄣ
及冠,1,ㄐㄧˊ ㄍㄨㄢˋ
及瓜,1,ㄐㄧˊ ㄍㄨㄚ
及笄,1,ㄐㄧˊ ㄐㄧ
及鋒,1,ㄐㄧˊ ㄈㄥ
及門,1,ㄐㄧˊ ㄇㄣˊ
及齡,1,ㄐㄧˊ ㄌㄧㄥˊ
友于,1,ㄧㄡˇ ㄩˊ
友婿,1,ㄧㄡˇ ㄒㄩˋ
反亂,1,ㄈㄢˇ ㄌㄨㄢˋ
反切,1,ㄈㄢˇ ㄑㄧㄝˋ
反反,1,ㄈㄢˋ ㄈㄢˋ
反叛,1,ㄈㄢˇ ㄆㄢ˙
反古,1,ㄈㄢˇ ㄍㄨˇ
反吸,1,ㄈㄢˇ ㄒㄧ
反命,1,ㄈㄢˇ ㄇㄧㄥˋ
反坫,1,ㄈㄢˇ ㄉㄧㄢˋ
反壓,1,ㄈㄢˇ ㄧㄚ
反戈,1,ㄈㄢˇ ㄍㄜ
反握,1,ㄈㄢˇ ㄨㄛˋ
反教,1,ㄈㄢˇ ㄐㄧㄠˋ
反旆,1,ㄈㄢˇ ㄆㄟˋ
反景,1,ㄈㄢˇ ㄧㄥˇ
反服,1,ㄈㄢˇ ㄈㄨˊ
反樸,1,ㄈㄢˇ ㄆㄨˊ
反汗,1,ㄈㄢˇ ㄏㄢˋ
反王,1,ㄈㄢˇ ㄨㄤˊ
反璞,1,ㄈㄢˇ ㄆㄨˊ
反璧,1,ㄈㄢˇ ㄅㄧˋ
反紐,1,ㄈㄢˇ ㄋㄧㄡˇ
反背,1,ㄈㄢˇ ㄅㄟˋ
反脣,1,ㄈㄢˇ ㄔㄨㄣˊ
反臉,1,ㄈㄢˇ ㄌㄧㄢˇ
反臣,1,ㄈㄢˇ ㄔㄣˊ
反舌,1,ㄈㄢˇ ㄕㄜˊ
反衍,1,ㄈㄢˇ ㄧㄢˇ
反訓,1,ㄈㄢˇ ㄒㄩㄣˋ
反語,1,ㄈㄢˇ ㄩˇ
反賊,1,ㄈㄢˇ ㄗㄟˊ
反路,1,ㄈㄢˇ ㄌㄨˋ
反躬,1,ㄈㄢˇ ㄍㄨㄥ
反逆,1,ㄈㄢˇ ㄋㄧˋ
反顏,1,ㄈㄢˇ ㄧㄢˊ
反風,1,ㄈㄢˇ ㄈㄥ
反骨,1,ㄈㄢˇ ㄍㄨˇ
叔世,1,ㄕㄨˊ ㄕˋ
叔子,1,ㄕㄨˊ ㄗ˙
叔季,1,ㄕㄨˊ ㄐㄧˋ
叔孫,1,ㄕㄨˊ ㄙㄨㄣ
叔齊,1,ㄕㄨˊ ㄑㄧˊ
取便,1,ㄑㄩˇ ㄅㄧㄢˋ
取償,1,ㄑㄩˇ ㄔㄤˊ
取利,1,ㄑㄩˇ ㄌㄧˋ
取友,1,ㄑㄩˇ ㄧㄡˇ
取和,1,ㄑㄩˇ ㄏㄜˊ
取咎,1,ㄑㄩˇ ㄐㄧㄡˋ
取問,1,ㄑㄩˇ ㄨㄣˋ
取喜,1,ㄑㄩˇ ㄒㄧˇ
取士,1,ㄑㄩˇ ㄕˋ
取媚,1,ㄑㄩˇ ㄇㄟˋ
取容,1,ㄑㄩˇ ㄖㄨㄥˊ
取應,1,ㄑㄩˇ ㄧㄥˋ
取才,1,ㄑㄩˇ ㄘㄞˊ
取擾,1,ㄑㄩˇ ㄖㄠˇ
取次,1,ㄑㄩˇ ㄘˋ
取水,1,ㄑㄩˇ ㄕㄨㄟˇ
取盈,1,ㄑㄩˇ ㄧㄥˊ
取藥,1,ㄑㄩˇ ㄧㄠˋ
取解,1,ㄑㄩˇ ㄐㄧㄝˇ
取討,1,ㄑㄩˇ ㄊㄠˇ
取譬,1,ㄑㄩˇ ㄆㄧˋ
取責,1,ㄑㄩˇ ㄗㄜˊ
取速,1,ㄑㄩˇ ㄙㄨˋ
取選,1,ㄑㄩˇ ㄒㄩㄢˇ
受事,1,ㄕㄡˋ ㄕˋ
受代,1,ㄕㄡˋ ㄉㄞˋ
受僱,1,ㄕㄡˋ ㄍㄨˋ
受冤,1,ㄕㄡˋ ㄩㄢ
受創,1,ㄕㄡˋ ㄔㄨㄤ
受器,1,ㄕㄡˋ ㄑㄧˋ
受封,1,ㄕㄡˋ ㄈㄥ
受性,1,ㄕㄡˋ ㄒㄧㄥˋ
受暑,1,ㄕㄡˋ ㄕㄨˇ
受爵,1,ㄕㄡˋ ㄐㄩㄝˊ
受生,1,ㄕㄡˋ ㄕㄥ
受用,1,ㄕㄡˋ ㄩㄥ˙
受癟,1,ㄕㄡˋ ㄅㄧㄝˇ
受知,1,ㄕㄡˋ ㄓ
受禪,1,ㄕㄡˋ ㄕㄢˋ
受窘,1,ㄕㄡˋ ㄐㄩㄥˇ
受累,1,ㄕㄡˋ ㄌㄟˇ
受終,1,ㄕㄡˋ ㄓㄨㄥ
受縛,1,ㄕㄡˋ ㄈㄨˊ
受茶,1,ㄕㄡˋ ㄔㄚˊ
受虐,1,ㄕㄡˋ ㄋㄩㄝˋ
受訪,1,ㄕㄡˋ ㄈㄤˇ
受誅,1,ㄕㄡˋ ㄓㄨ
受賂,1,ㄕㄡˋ ㄌㄨˋ
受賞,1,ㄕㄡˋ ㄕㄤˇ
受閱,1,ㄕㄡˋ ㄩㄝˋ
叛渙,1,ㄆㄢˋ ㄏㄨㄢˋ
叟兵,1,ㄙㄡ ㄅㄧㄥ
叟叟,1,ㄙㄡ ㄙㄡ
叢冢,1,ㄘㄨㄥˊ ㄓㄨㄥˇ
叢刻,1,ㄘㄨㄥˊ ㄎㄜˋ
叢帖,1,ㄘㄨㄥˊ ㄊㄧㄝˋ
叢棘,1,ㄘㄨㄥˊ ㄐㄧˊ
叢灌,1,ㄘㄨㄥˊ ㄍㄨㄢˋ
叢祠,1,ㄘㄨㄥˊ ㄘˊ
叢箐,1,ㄘㄨㄥˊ ㄐㄧㄥ
叢篠,1,ㄘㄨㄥˊ ㄒㄧㄠˇ
叢葬,1,ㄘㄨㄥˊ ㄗㄤˋ
叢薄,1,ㄘㄨㄥˊ ㄅㄛˊ
叢辰,1,ㄘㄨㄥˊ ㄔㄣˊ
叢雜,1,ㄘㄨㄥˊ ㄗㄚˊ
口仇,1,ㄎㄡˇ ㄔㄡˊ
口具,1,ㄎㄡˇ ㄐㄩˋ
口分,1,ㄎㄡˇ ㄈㄣ
口勁,1,ㄎㄡˇ ㄐㄧㄣˋ
口北,1,ㄎㄡˇ ㄅㄟˇ
口占,1,ㄎㄡˇ ㄓㄢˋ
口嘴,1,ㄎㄡˇ ㄗㄨㄟˇ
口噤,1,ㄎㄡˇ ㄐㄧㄣˋ
口宣,1,ㄎㄡˇ ㄒㄩㄢ
口屈,1,ㄎㄡˇ ㄑㄩ
口強,1,ㄎㄡˇ ㄑㄧㄤˊ
口彩,1,ㄎㄡˇ ㄘㄞˇ
口快,1,ㄎㄡˇ ㄎㄨㄞˋ
口敕,1,ㄎㄡˇ ㄔˋ
口條,1,ㄎㄡˇ ㄊㄧㄠˊ
口棧,1,ㄎㄡˇ ㄓㄢˋ
口沉,1,ㄎㄡˇ ㄔㄣˊ
口滑,1,ㄎㄡˇ ㄏㄨㄚˊ
口澤,1,ㄎㄡˇ ㄗㄜˊ
口炎,1,ㄎㄡˇ ㄧㄢˊ
口瘡,1,ㄎㄡˇ ㄔㄨㄤ
口皮,1,ㄎㄡˇ ㄆㄧˊ
口硬,1,ㄎㄡˇ ㄧㄥˋ
口磣,1,ㄎㄡˇ ㄔㄣˇ
口稱,1,ㄎㄡˇ ㄔㄥ
口笛,1,ㄎㄡˇ ㄉㄧˊ
口答,1,ㄎㄡˇ ㄉㄚˊ
口籍,1,ㄎㄡˇ ㄐㄧˊ
口糜,1,ㄎㄡˇ ㄇㄧˊ
口給,1,ㄎㄡˇ ㄐㄧˇ
口緊,1,ㄎㄡˇ ㄐㄧㄣˇ
口義,1,ㄎㄡˇ ㄧˋ
口能,1,ㄎㄡˇ ㄋㄥˊ
口脂,1,ㄎㄡˇ ㄓ
口蘑,1,ㄎㄡˇ ㄇㄛˊ
口號,1,ㄎㄡˇ ㄏㄠˊ
口角,1,ㄎㄡˇ ㄐㄩㄝˊ
口訥,1,ㄎㄡˇ ㄋㄜˋ
口許,1,ㄎㄡˇ ㄒㄩˇ
口詔,1,ㄎㄡˇ ㄓㄠˋ
口詞,1,ㄎㄡˇ ㄘˊ
口賦,1,ㄎㄡˇ ㄈㄨˋ
口輕,1,ㄎㄡˇ ㄑㄧㄥ
口辯,1,ㄎㄡˇ ㄅㄧㄢˋ
口過,1,ㄎㄡˇ ㄍㄨㄛˋ
口重,1,ㄎㄡˇ ㄓㄨㄥˋ
口鈍,1,ㄎㄡˇ ㄉㄨㄣˋ
口錢,1,ㄎㄡˇ ㄑㄧㄢˊ
口靜,1,ㄎㄡˇ ㄐㄧㄥˋ
口順,1,ㄎㄡˇ ㄕㄨㄣˋ
口頭,1,ㄎㄡˇ ㄊㄡ˙
口願,1,ㄎㄡˇ ㄩㄢˋ
口食,1,ㄎㄡˇ ㄕˊ
口饞,1,ㄎㄡˇ ㄔㄢˊ
口馬,1,ㄎㄡˇ ㄇㄚˇ
古作,1,ㄍㄨˇ ㄗㄨㄛˋ
古例,1,ㄍㄨˇ ㄌㄧˋ
古制,1,ㄍㄨˇ ㄓˋ
古奧,1,ㄍㄨˇ ㄠˋ
古始,1,ㄍㄨˇ ㄕˇ
古學,1,ㄍㄨˇ ㄒㄩㄝˊ
古寫,1,ㄍㄨˇ ㄒㄧㄝˇ
古式,1,ㄍㄨˇ ㄕˋ
古德,1,ㄍㄨˇ ㄉㄜˊ
古憋,1,ㄍㄨˇ ㄅㄧㄝ
古拙,1,ㄍㄨˇ ㄓㄨㄛˊ
古方,1,ㄍㄨˇ ㄈㄤ
古昔,1,ㄍㄨˇ ㄒㄧˊ
古晉,1,ㄍㄨˇ ㄐㄧㄣˋ
古柯,1,ㄍㄨˇ ㄎㄜ
古槧,1,ㄍㄨˇ ㄑㄧㄢˋ
古樂,1,ㄍㄨˇ ㄩㄝˋ
古渡,1,ㄍㄨˇ ㄉㄨˋ
古玉,1,ㄍㄨˇ ㄩˋ
古瓷,1,ㄍㄨˇ ㄘˊ
古磚,1,ㄍㄨˇ ㄓㄨㄢ
古籀,1,ㄍㄨˇ ㄓㄡˋ
古者,1,ㄍㄨˇ ㄓㄜˇ
古賢,1,ㄍㄨˇ ㄒㄧㄢˊ
古賦,1,ㄍㄨˇ ㄈㄨˋ
古遊,1,ㄍㄨˇ ㄧㄡˊ
古邈,1,ㄍㄨˇ ㄇㄧㄠˇ
古鄰,1,ㄍㄨˇ ㄌㄧㄣˊ
古門,1,ㄍㄨˇ ㄇㄣˊ
古陸,1,ㄍㄨˇ ㄌㄨˋ
古隸,1,ㄍㄨˇ ㄌㄧˋ
古音,1,ㄍㄨˇ ㄧㄣ
句卒,1,ㄍㄡ ㄗㄨˊ
句吳,1,ㄍㄡ ㄨˊ
句度,1,ㄐㄩˋ ㄉㄨˋ
句廉,1,ㄍㄡ ㄌㄧㄢˊ
句戟,1,ㄍㄡ ㄐㄧˇ
句斷,1,ㄐㄩˋ ㄉㄨㄢˋ
句格,1,ㄐㄩˋ ㄍㄜˊ
句無,1,ㄍㄡ ㄨˊ
句脈,1,ㄐㄩˋ ㄇㄞˋ
句芒,1,ㄍㄡ ㄇㄤˊ
句驪,1,ㄍㄡ ㄌㄧˊ
另娶,1,ㄌㄧㄥˋ ㄑㄩˇ
另式,1,ㄌㄧㄥˋ ㄕˋ
另般,1,ㄌㄧㄥˋ ㄅㄢ
叨任,1,ㄊㄠ ㄖㄣˋ
叨叨,1,ㄉㄠ ㄉㄠ˙
叨名,1,ㄊㄠ ㄇㄧㄥˊ
叨咕,1,ㄉㄠ ㄍㄨ˙
叨嘮,1,ㄉㄠ ㄌㄠ˙
叨念,1,ㄉㄠ ㄋㄧㄢˋ
叨攬,1,ㄊㄠ ㄌㄢˇ
叨教,1,ㄊㄠ ㄐㄧㄠˋ
叨沓,1,ㄊㄠ ㄊㄚˋ
叨濫,1,ㄊㄠ ㄌㄢˋ
叨登,1,ㄉㄠ ㄉㄥ˙
叨竊,1,ㄊㄠ ㄑㄧㄝˋ
叨被,1,ㄊㄠ ㄅㄟˋ
叨貼,1,ㄊㄠ ㄊㄧㄝ
叨賴,1,ㄊㄠ ㄌㄞˋ
叨蹬,1,ㄉㄠ ㄉㄥ˙
叨陪,1,ㄊㄠ ㄆㄟˊ
叨餂,1,ㄊㄠ ㄊㄧㄢˇ
叩叩,1,ㄎㄡˋ ㄎㄡˋ
叩閽,1,ㄎㄡˋ ㄏㄨㄣ
叩馬,1,ㄎㄡˋ ㄇㄚˇ
只今,1,ㄓˇ ㄐㄧㄣ
只待,1,ㄓˇ ㄉㄞˋ
只教,1,ㄓˇ ㄐㄧㄠˋ
只甚,1,ㄓˇ ㄕㄣˊ
只索,1,ㄓˇ ㄙㄨㄛˇ
只道,1,ㄓˇ ㄉㄠˋ
叫吃,1,ㄐㄧㄠˋ ㄔ
叫名,1,ㄐㄧㄠˋ ㄇㄧㄥˊ
叫吼,1,ㄐㄧㄠˋ ㄏㄡˇ
叫子,1,ㄐㄧㄠˋ ㄗ˙
叫局,1,ㄐㄧㄠˋ ㄐㄩˊ
叫板,1,ㄐㄧㄠˋ ㄅㄢˇ
叫絕,1,ㄐㄧㄠˋ ㄐㄩㄝˊ
叫聒,1,ㄐㄧㄠˋ ㄍㄨㄚ
叫菜,1,ㄐㄧㄠˋ ㄘㄞˋ
叫街,1,ㄐㄧㄠˋ ㄐㄧㄝ
叫頭,1,ㄐㄧㄠˋ ㄊㄡ˙
叫驢,1,ㄐㄧㄠˋ ㄌㄩˊ
召南,1,ㄕㄠˋ ㄋㄢˊ
召夢,1,ㄓㄠˋ ㄇㄥˋ
召幸,1,ㄓㄠˋ ㄒㄧㄥˋ
召旻,1,ㄓㄠˋ ㄇㄧㄣˊ
召棠,1,ㄕㄠˋ ㄊㄤˊ
召禍,1,ㄓㄠˋ ㄏㄨㄛˋ
召試,1,ㄓㄠˋ ㄕˋ
叮問,1,ㄉㄧㄥ ㄨㄣˋ
叮噹,1,ㄉㄧㄥ ㄉㄤ˙
可事,1,ㄎㄜˇ ㄕˋ
可任,1,ㄎㄜˇ ㄖㄣˋ
可但,1,ㄎㄜˇ ㄉㄢˋ
可便,1,ㄎㄜˇ ㄅㄧㄢˋ
可兒,1,ㄎㄜˇ ㄦˊ
可冀,1,ㄎㄜˇ ㄐㄧˋ
可則,1,ㄎㄜˇ ㄗㄜˊ
可堪,1,ㄎㄜˇ ㄎㄢ
可奈,1,ㄎㄜˇ ㄋㄞˋ
可嫌,1,ㄎㄜˇ ㄒㄧㄢˊ
可待,1,ㄎㄜˇ ㄉㄞˋ
可心,1,ㄎㄜˇ ㄒㄧㄣ
可念,1,ㄎㄜˇ ㄋㄧㄢˋ
可怪,1,ㄎㄜˇ ㄍㄨㄞˋ
可恃,1,ㄎㄜˇ ㄕˋ
可意,1,ㄎㄜˇ ㄧˋ
可感,1,ㄎㄜˇ ㄍㄢˇ
可敦,1,ㄎㄜˋ ㄉㄨㄣ
可早,1,ㄎㄜˇ ㄗㄠˇ
可曾,1,ㄎㄜˇ ㄗㄥ
可欲,1,ㄎㄜˇ ㄩˋ
可欽,1,ㄎㄜˇ ㄑㄧㄣ
可氣,1,ㄎㄜˇ ㄑㄧˋ
可煞,1,ㄎㄜˇ ㄕㄚˋ
可矜,1,ㄎㄜˇ ㄐㄧㄣ
可磣,1,ㄎㄜˇ ㄔㄣˇ
可罪,1,ㄎㄜˇ ㄗㄨㄟˋ
可著,1,ㄎㄜˇ ㄓㄜ˙
可覷,1,ㄎㄜˇ ㄑㄩˋ
可言,1,ㄎㄜˇ ㄧㄢˊ
可議,1,ㄎㄜˇ ㄧˋ
可賀,1,ㄎㄜˇ ㄏㄜˋ
可身,1,ㄎㄜˇ ㄕㄣ
可週,1,ㄎㄜˇ ㄓㄡ
可離,1,ㄎㄜˇ ㄌㄧˊ
可駭,1,ㄎㄜˇ ㄏㄞˋ
可體,1,ㄎㄜˇ ㄊㄧˇ
叱叱,1,ㄔˋ ㄔˋ
叱名,1,ㄔˋ ㄇㄧㄥˊ
叱呵,1,ㄔˋ ㄏㄜ
叱嗟,1,ㄔˋ ㄐㄧㄝ
叱罵,1,ㄔˋ ㄇㄚˋ
叱退,1,ㄔˋ ㄊㄨㄟˋ
叱馭,1,ㄔˋ ㄩˋ
史乘,1,ㄕˇ ㄕㄥˋ
史游,1,ㄕˇ ㄧㄡˊ
史筆,1,ㄕˇ ㄅㄧˇ
史籀,1,ㄕˇ ㄓㄡˋ
史遷,1,ㄕˇ ㄑㄧㄢ
史部,1,ㄕˇ ㄅㄨˋ
史鑑,1,ㄕˇ ㄐㄧㄢˋ
史魚,1,ㄕˇ ㄩˊ
史鰌,1,ㄕˇ ㄑㄧㄡ
右丞,1,ㄧㄡˋ ㄔㄥˊ
右列,1,ㄧㄡˋ ㄌㄧㄝˋ
右利,1,ㄧㄡˋ ㄌㄧˋ
右史,1,ㄧㄡˋ ㄕˇ
右地,1,ㄧㄡˋ ㄉㄧˋ
右姓,1,ㄧㄡˋ ㄒㄧㄥˋ
右學,1,ㄧㄡˋ ㄒㄩㄝˊ
右師,1,ㄧㄡˋ ㄕ
右廣,1,ㄧㄡˋ ㄍㄨㄤˇ
右戚,1,ㄧㄡˋ ㄑㄧ
右文,1,ㄧㄡˋ ㄨㄣˊ
右族,1,ㄧㄡˋ ㄗㄨˊ
右武,1,ㄧㄡˋ ㄨˇ
右相,1,ㄧㄡˋ ㄒㄧㄤˋ
右職,1,ㄧㄡˋ ㄓˊ
右行,1,ㄧㄡˋ ㄏㄤˊ
右輔,1,ㄧㄡˋ ㄈㄨˇ
叵信,1,ㄆㄛˇ ㄒㄧㄣˋ
叵奈,1,ㄆㄛˇ ㄋㄞˋ
叵羅,1,ㄆㄛˇ ㄌㄨㄛˊ
叵耐,1,ㄆㄛˇ ㄋㄞˋ
司事,1,ㄙ ㄕˋ
司倉,1,ㄙ ㄘㄤ
司公,1,ㄙ ㄍㄨㄥ
司城,1,ㄙ ㄔㄥˊ
司士,1,ㄙ ㄕˋ
司成,1,ㄙ ㄔㄥˊ
司戶,1,ㄙ ㄏㄨˋ
司房,1,ㄙ ㄈㄤˊ
司晨,1,ㄙ ㄔㄣˊ
司更,1,ㄙ ㄍㄥ
司會,1,ㄙ ㄏㄨㄟˋ
司牧,1,ㄙ ㄇㄨˋ
司理,1,ㄙ ㄌㄧˇ
司直,1,ㄙ ㄓˊ
司禮,1,ㄙ ㄌㄧˇ
司農,1,ㄙ ㄋㄨㄥˊ
司隸,1,ㄙ ㄌㄧˋ
吁俞,1,ㄒㄩ ㄩˊ
吁咈,1,ㄒㄩ ㄈㄨˊ
吁嗟,1,ㄒㄩ ㄐㄧㄝ
吁噓,1,ㄒㄩ ㄒㄩ
吃交,1,ㄔ ㄐㄧㄠ
吃受,1,ㄔ ㄕㄡˋ
吃口,1,ㄔ ㄎㄡˇ
吃味,1,ㄔ ㄨㄟˋ
吃喜,1,ㄔ ㄒㄧˇ
吃嘴,1,ㄔ ㄗㄨㄟˇ
吃土,1,ㄔ ㄊㄨˇ
吃子,1,ㄐㄧˊ ㄗ˙
吃得,1,ㄔ ㄉㄜ˙
吃心,1,ㄔ ㄒㄧㄣ
吃惱,1,ㄔ ㄋㄠˇ
吃教,1,ㄔ ㄐㄧㄠˋ
吃案,1,ㄔ ㄢˋ
吃棒,1,ㄔ ㄅㄤˋ
吃煙,1,ㄔ ㄧㄢ
吃牌,1,ㄔ ㄆㄞˊ
吃碰,1,ㄔ ㄆㄥˋ
吃私,1,ㄔ ㄙ
吃紅,1,ㄔ ㄏㄨㄥˊ
吃罪,1,ㄔ ㄗㄨㄟˋ
吃請,1,ㄔ ㄑㄧㄥˇ
吃透,1,ㄔ ㄊㄡˋ
吃酒,1,ㄔ ㄐㄧㄡˇ
吃食,1,ㄔ ㄕ˙
各相,1,ㄍㄜˋ ㄒㄧㄤ
各眾,1,ㄍㄜˋ ㄓㄨㄥˋ
吆呼,1,ㄧㄠ ㄏㄨ
吆喝,1,ㄧㄠ ㄏㄜ˙
合下,1,ㄏㄜˊ ㄒㄧㄚˋ
合傳,1,ㄏㄜˊ ㄓㄨㄢˋ
合刃,1,ㄏㄜˊ ㄖㄣˋ
合券,1,ㄏㄜˊ ㄑㄩㄢˋ
合刻,1,ㄏㄜˊ ㄎㄜ
合同,1,ㄏㄜˊ ㄊㄨㄥ˙
合子,1,ㄏㄜˊ ㄗ˙
合宅,1,ㄏㄜˊ ㄓㄞˊ
合局,1,ㄏㄜˊ ㄐㄩˊ
合巹,1,ㄏㄜˊ ㄐㄧㄣˇ
合弦,1,ㄏㄜˊ ㄒㄧㄢˊ
合後,1,ㄏㄜˊ ㄏㄡˋ
合從,1,ㄏㄜˊ ㄗㄨㄥ
合戰,1,ㄏㄜˊ ㄓㄢˋ
合手,1,ㄏㄜˊ ㄕㄡˇ
合折,1,ㄏㄜˊ ㄓㄜˊ
合撲,1,ㄏㄜˊ ㄆㄨ
合擊,1,ㄏㄜˊ ㄐㄧˊ
合族,1,ㄏㄜˊ ㄗㄨˊ
合昏,1,ㄏㄜˊ ㄏㄨㄣ
合是,1,ㄏㄜˊ ㄕˋ
合朔,1,ㄏㄜˊ ㄕㄨㄛˋ
合本,1,ㄏㄜˊ ㄅㄣˇ
合機,1,ㄏㄜˊ ㄐㄧ
合款,1,ㄏㄜˊ ㄎㄨㄢˇ
合殺,1,ㄏㄜˊ ㄕㄚ
合氣,1,ㄏㄜˊ ㄑㄧˋ
合沓,1,ㄏㄜˊ ㄊㄚˋ
合注,1,ㄏㄜˊ ㄓㄨˋ
合準,1,ㄏㄜˊ ㄓㄨㄣˇ
合溜,1,ㄏㄜˊ ㄌㄧㄡ
合火,1,ㄏㄜˊ ㄏㄨㄛˇ
合獨,1,ㄏㄜˊ ㄉㄨˊ
合球,1,ㄏㄜˊ ㄑㄧㄡˊ
合生,1,ㄏㄜˊ ㄕㄥ
合當,1,ㄏㄜˊ ㄉㄤ
合窆,1,ㄏㄜˊ ㄅㄧㄢˇ
合符,1,ㄏㄜˊ ㄈㄨˊ
合纖,1,ㄏㄜˊ ㄒㄧㄢ
合苦,1,ㄏㄜˊ ㄎㄨˇ
合葉,1,ㄏㄜˊ ㄧㄝˋ
合該,1,ㄏㄜˊ ㄍㄞ
合變,1,ㄏㄜˊ ㄅㄧㄢˋ
合谷,1,ㄏㄜˊ ㄍㄨˇ
合造,1,ㄏㄜˊ ㄗㄠˋ
合遝,1,ㄏㄜˊ ㄊㄚˋ
合醵,1,ㄏㄜˊ ㄐㄩˋ
合鏡,1,ㄏㄜˊ ㄐㄧㄥˋ
合面,1,ㄏㄜˊ ㄇㄧㄢˋ
合頭,1,ㄏㄜˊ ㄊㄡˊ
合髻,1,ㄏㄜˊ ㄐㄧˋ
合龍,1,ㄏㄜˊ ㄌㄨㄥˊ
吉丁,1,ㄐㄧˊ ㄉㄧㄥ
吉劇,1,ㄐㄧˊ ㄐㄩˋ
吉占,1,ㄐㄧˊ ㄓㄢ
吉問,1,ㄐㄧˊ ㄨㄣˋ
吉器,1,ㄐㄧˊ ㄑㄧˋ
吉地,1,ㄐㄧˊ ㄉㄧˋ
吉士,1,ㄐㄧˊ ㄕˋ
吉夕,1,ㄐㄧˊ ㄒㄧˋ
吉屋,1,ㄐㄧˊ ㄨ
吉帖,1,ㄐㄧˊ ㄊㄧㄝˇ
吉席,1,ㄐㄧˊ ㄒㄧˊ
吉旦,1,ㄐㄧˊ ㄉㄢˋ
吉時,1,ㄐㄧˊ ㄕˊ
吉月,1,ㄐㄧˊ ㄩㄝˋ
吉朋,1,ㄐㄧˊ ㄆㄥˊ
吉服,1,ㄐㄧˊ ㄈㄨˊ
吉禮,1,ㄐㄧˊ ㄌㄧˇ
吉蔑,1,ㄐㄧˊ ㄇㄧㄝˋ
吉藏,1,ㄐㄧˊ ㄗㄤˋ
吉言,1,ㄐㄧˊ ㄧㄢˊ
吉辛,1,ㄐㄧˊ ㄒㄧㄣ
吉金,1,ㄐㄧˊ ㄐㄧㄣ
吉鹽,1,ㄐㄧˊ ㄧㄢˊ
吊伐,1,ㄉㄧㄠˋ ㄈㄚ
吊名,1,ㄉㄧㄠˋ ㄇㄧㄥˊ
吊嘴,1,ㄉㄧㄠˋ ㄗㄨㄟˇ
吊場,1,ㄉㄧㄠˋ ㄔㄤˊ
吊扇,1,ㄉㄧㄠˋ ㄕㄢˋ
吊扣,1,ㄉㄧㄠˋ ㄎㄡˋ
吊樓,1,ㄉㄧㄠˋ ㄌㄡˊ
吊毛,1,ㄉㄧㄠˋ ㄇㄠˊ
吊水,1,ㄉㄧㄠˋ ㄕㄨㄟˇ
吊稍,1,ㄉㄧㄠˋ ㄕㄠ
吊窗,1,ㄉㄧㄠˋ ㄔㄨㄤ
吊線,1,ㄉㄧㄠˋ ㄒㄧㄢˋ
吊腳,1,ㄉㄧㄠˋ ㄐㄧㄠˇ
吊鋪,1,ㄉㄧㄠˋ ㄆㄨˋ
同仇,1,ㄊㄨㄥˊ ㄔㄡˊ
同光,1,ㄊㄨㄥˊ ㄍㄨㄤ
同列,1,ㄊㄨㄥˊ ㄌㄧㄝˋ
同參,1,ㄊㄨㄥˊ ㄘㄢ
同命,1,ㄊㄨㄥˊ ㄇㄧㄥˋ
同喜,1,ㄊㄨㄥˊ ㄒㄧˇ
同塵,1,ㄊㄨㄥˊ ㄔㄣˊ
同夢,1,ㄊㄨㄥˊ ㄇㄥˋ
同室,1,ㄊㄨㄥˊ ㄕˋ
同寅,1,ㄊㄨㄥˊ ㄧㄣˊ
同席,1,ㄊㄨㄥˊ ㄒㄧˊ
同庚,1,ㄊㄨㄥˊ ㄍㄥ
同座,1,ㄊㄨㄥˊ ㄗㄨㄛˋ
同德,1,ㄊㄨㄥˊ ㄉㄜˊ
同慶,1,ㄊㄨㄥˊ ㄑㄧㄥˋ
同斜,1,ㄊㄨㄥˊ ㄒㄧㄝˊ
同方,1,ㄊㄨㄥˊ ㄈㄤ
同族,1,ㄊㄨㄥˊ ㄗㄨˊ
同根,1,ㄊㄨㄥˊ ㄍㄣ
同榜,1,ㄊㄨㄥˊ ㄅㄤˇ
同榻,1,ㄊㄨㄥˊ ㄊㄚˋ
同歡,1,ㄊㄨㄥˊ ㄏㄨㄢ
同歲,1,ㄊㄨㄥˊ ㄙㄨㄟˋ
同爨,1,ㄊㄨㄥˊ ㄘㄨㄢˋ
同甲,1,ㄊㄨㄥˊ ㄐㄧㄚˇ
同異,1,ㄊㄨㄥˊ ㄧˋ
同硯,1,ㄊㄨㄥˊ ㄧㄢˋ
同穴,1,ㄊㄨㄥˊ ㄒㄩㄝˋ
同罪,1,ㄊㄨㄥˊ ㄗㄨㄟˋ
同致,1,ㄊㄨㄥˊ ㄓˋ
同襟,1,ㄊㄨㄥˊ ㄐㄧㄣ
同調,1,ㄊㄨㄥˊ ㄉㄧㄠˋ
同譜,1,ㄊㄨㄥˊ ㄆㄨˇ
同軌,1,ㄊㄨㄥˊ ㄍㄨㄟˇ
同願,1,ㄊㄨㄥˊ ㄩㄢˋ
名世,1,ㄇㄧㄥˊ ㄕˋ
名件,1,ㄇㄧㄥˊ ㄐㄧㄢˋ
名優,1,ㄇㄧㄥˊ ㄧㄡ
名刺,1,ㄇㄧㄥˊ ㄘˋ
名勢,1,ㄇㄧㄥˊ ㄕˋ
名原,1,ㄇㄧㄥˊ ㄩㄢˊ
名場,1,ㄇㄧㄥˊ ㄔㄤˊ
名壇,1,ㄇㄧㄥˊ ㄊㄢˊ
名姝,1,ㄇㄧㄥˊ ㄕㄨ
名媛,1,ㄇㄧㄥˊ ㄩㄢˋ
名宦,1,ㄇㄧㄥˊ ㄏㄨㄢˋ
名宿,1,ㄇㄧㄥˊ ㄙㄨˋ
名工,1,ㄇㄧㄥˊ ㄍㄨㄥ
名捕,1,ㄇㄧㄥˊ ㄅㄨˇ
名族,1,ㄇㄧㄥˊ ㄗㄨˊ
名榜,1,ㄇㄧㄥˊ ㄅㄤˇ
名法,1,ㄇㄧㄥˊ ㄈㄚˇ
名爵,1,ㄇㄧㄥˊ ㄐㄩㄝˊ
名物,1,ㄇㄧㄥˊ ㄨˋ
名特,1,ㄇㄧㄥˊ ㄊㄜˋ
名狀,1,ㄇㄧㄥˊ ㄓㄨㄤˋ
名王,1,ㄇㄧㄥˊ ㄨㄤˊ
名相,1,ㄇㄧㄥˊ ㄒㄧㄤˋ
名種,1,ㄇㄧㄥˊ ㄓㄨㄥˇ
名第,1,ㄇㄧㄥˊ ㄉㄧˋ
名籍,1,ㄇㄧㄥˊ ㄐㄧˊ
名紙,1,ㄇㄧㄥˊ ㄓˇ
名素,1,ㄇㄧㄥˊ ㄙㄨˋ
名網,1,ㄇㄧㄥˊ ㄨㄤˇ
名聞,1,ㄇㄧㄥˊ ㄨㄣˋ
名腳,1,ㄇㄧㄥˊ ㄐㄧㄠˇ
名臣,1,ㄇㄧㄥˊ ㄔㄣˊ
名角,1,ㄇㄧㄥˊ ㄐㄩㄝˊ
名論,1,ㄇㄧㄥˊ ㄌㄨㄣˋ
名貫,1,ㄇㄧㄥˊ ㄍㄨㄢˋ
名賢,1,ㄇㄧㄥˊ ㄒㄧㄢˊ
名蹟,1,ㄇㄧㄥˊ ㄐㄧ
名輩,1,ㄇㄧㄥˊ ㄅㄟˋ
名辯,1,ㄇㄧㄥˊ ㄅㄧㄢˋ
名都,1,ㄇㄧㄥˊ ㄉㄨ
名銜,1,ㄇㄧㄥˊ ㄒㄧㄢˊ
名錄,1,ㄇㄧㄥˊ ㄌㄨˋ
名閥,1,ㄇㄧㄥˊ ㄈㄚˊ
名閨,1,ㄇㄧㄥˊ ㄍㄨㄟ
名降,1,ㄇㄧㄥˊ ㄐㄧㄤˋ
名項,1,ㄇㄧㄥˊ ㄒㄧㄤˋ
名頭,1,ㄇㄧㄥˊ ㄊㄡˊ
名顯,1,ㄇㄧㄥˊ ㄒㄧㄢˇ
名體,1,ㄇㄧㄥˊ ㄊㄧˇ
后冠,1,ㄏㄡˋ ㄍㄨㄢ
后帝,1,ㄏㄡˋ ㄉㄧˋ
后王,1,ㄏㄡˋ ㄨㄤˊ
后皇,1,ㄏㄡˋ ㄏㄨㄤˊ
后辛,1,ㄏㄡˋ ㄒㄧㄣ
后辟,1,ㄏㄡˋ ㄅㄧˋ
吏員,1,ㄌㄧˋ ㄩㄢˊ
吏士,1,ㄌㄧˋ ㄕˋ
吏民,1,ㄌㄧˋ ㄇㄧㄣˊ
吏目,1,ㄌㄧˋ ㄇㄨˋ
吏胥,1,ㄌㄧˋ ㄒㄩ
吏議,1,ㄌㄧˋ ㄧˋ
吏讀,1,ㄌㄧˋ ㄉㄨˊ
吏道,1,ㄌㄧˋ ㄉㄠˋ
吐劑,1,ㄊㄨˋ ㄐㄧˋ
吐勢,1,ㄊㄨˇ ㄕˋ
吐口,1,ㄊㄨˇ ㄎㄡˇ
吐哺,1,ㄊㄨˇ ㄅㄨˇ
吐字,1,ㄊㄨˇ ㄗˋ
吐屬,1,ㄊㄨˇ ㄓㄨˇ
吐握,1,ㄊㄨˇ ㄨㄛˋ
吐曜,1,ㄊㄨˇ ㄧㄠˋ
吐根,1,ㄊㄨˇ ㄍㄣ
吐棄,1,ㄊㄨˇ ㄑㄧˋ
吐沫,1,ㄊㄨˋ ㄇㄛ˙
吐溜,1,ㄊㄨˇ ㄌㄧㄡ
吐火,1,ㄊㄨˇ ㄏㄨㄛˇ
吐穗,1,ㄊㄨˇ ㄙㄨㄟˋ
吐納,1,ㄊㄨˇ ㄋㄚˋ
吐膽,1,ㄊㄨˇ ㄉㄢˇ
吐良,1,ㄊㄨˇ ㄌㄧㄤˊ
吐芳,1,ㄊㄨˇ ㄈㄤ
吐賀,1,ㄊㄨˇ ㄏㄜˋ
吐輝,1,ㄊㄨˇ ㄏㄨㄟ
吐退,1,ㄊㄨˋ ㄊㄨㄟˋ
吐逆,1,ㄊㄨˋ ㄋㄧˋ
向使,1,ㄒㄧㄤˋ ㄕˇ
向化,1,ㄒㄧㄤˋ ㄏㄨㄚˋ
向午,1,ㄒㄧㄤˋ ㄨˇ
向寵,1,ㄒㄧㄤˋ ㄔㄨㄥˇ
向年,1,ㄒㄧㄤˋ ㄋㄧㄢˊ
向時,1,ㄒㄧㄤˋ ㄕˊ
向暮,1,ㄒㄧㄤˋ ㄇㄨˋ
向曉,1,ㄒㄧㄤˋ ㄒㄧㄠˇ
向榮,1,ㄒㄧㄤˋ ㄖㄨㄥˊ
向當,1,ㄒㄧㄤˋ ㄉㄤ
向盤,1,ㄒㄧㄤˋ ㄆㄢˊ
向秀,1,ㄒㄧㄤˋ ㄒㄧㄡˋ
向非,1,ㄒㄧㄤˋ ㄈㄟ
向順,1,ㄒㄧㄤˋ ㄕㄨㄣˋ
向風,1,ㄒㄧㄤˋ ㄈㄥ
吒叉,1,ㄓㄚˋ ㄔㄚ
吒吒,1,ㄓㄚˋ ㄓㄚˋ
吒異,1,ㄓㄚˋ ㄧˋ
吒食,1,ㄓㄚˋ ㄕˊ
君人,1,ㄐㄩㄣ ㄖㄣˊ
君侯,1,ㄐㄩㄣ ㄏㄡˊ
君山,1,ㄐㄩㄣ ㄕㄢ
君平,1,ㄐㄩㄣ ㄆㄧㄥˊ
君恩,1,ㄐㄩㄣ ㄣ
君火,1,ㄐㄩㄣ ㄏㄨㄛˇ
君父,1,ㄐㄩㄣ ㄈㄨˋ
君臣,1,ㄐㄩㄣ ㄔㄣˊ
君親,1,ㄐㄩㄣ ㄑㄧㄣ
君長,1,ㄐㄩㄣ ㄓㄤˇ
吝情,1,ㄌㄧㄣˋ ㄑㄧㄥˊ
吝色,1,ㄌㄧㄣˋ ㄙㄜˋ
吞剝,1,ㄊㄨㄣ ㄅㄛ
吞劍,1,ㄊㄨㄣ ㄐㄧㄢˋ
吞吃,1,ㄊㄨㄣ ㄔ
吞氣,1,ㄊㄨㄣ ㄑㄧˋ
吞炭,1,ㄊㄨㄣ ㄊㄢˋ
吞煙,1,ㄊㄨㄣ ㄧㄢ
吞牛,1,ㄊㄨㄣ ㄋㄧㄡˊ
吞舌,1,ㄊㄨㄣ ㄕㄜˊ
吞舟,1,ㄊㄨㄣ ㄓㄡ
吞金,1,ㄊㄨㄣ ㄐㄧㄣ
吟嘯,1,ㄧㄣˊ ㄒㄧㄠˋ
吟壇,1,ㄧㄣˊ ㄊㄢˊ
吟猱,1,ㄧㄣˊ ㄋㄠˊ
吟社,1,ㄧㄣˊ ㄕㄜˋ
吟籟,1,ㄧㄣˊ ㄌㄞˋ
吟蛩,1,ㄧㄣˊ ㄑㄩㄥˊ
吠堯,1,ㄈㄟˋ ㄧㄠˊ
吠日,1,ㄈㄟˋ ㄖˋ
吠舍,1,ㄈㄟˋ ㄕㄜˋ
吡吡,1,ㄅㄧˋ ㄅㄧˋ
吡啶,1,ㄅㄧˇ ㄉㄧㄥˋ
吡啶,1,ㄅㄧˋ ㄉㄧㄥˋ
否剝,1,ㄆㄧˇ ㄅㄛ
否否,1,ㄈㄡˇ ㄈㄡˇ
否德,1,ㄆㄧˇ ㄉㄜˊ
否泰,1,ㄆㄧˇ ㄊㄞˋ
否滯,1,ㄆㄧˇ ㄓˋ
否隔,1,ㄆㄧˇ ㄍㄜˊ
吧吧,1,ㄅㄚ ㄅㄚ
吧唧,1,ㄅㄚ ㄐㄧ˙
吧嗒,1,ㄅㄚ ㄉㄚ
吧檯,1,ㄅㄚ ㄊㄞˊ
含光,1,ㄏㄢˊ ㄍㄨㄤ
含味,1,ㄏㄢˊ ㄨㄟˋ
含嚬,1,ㄏㄢˊ ㄆㄧㄣˊ
含囈,1,ㄏㄢˊ ㄧˋ
含垢,1,ㄏㄢˊ ㄍㄡˋ
含宥,1,ㄏㄢˊ ㄧㄡˋ
含弘,1,ㄏㄢˊ ㄏㄨㄥˊ
含息,1,ㄏㄢˊ ㄒㄧˊ
含悲,1,ㄏㄢˊ ㄅㄟ
含括,1,ㄏㄢˊ ㄍㄨㄚ
含殮,1,ㄏㄢˊ ㄌㄧㄢˋ
含毫,1,ㄏㄢˊ ㄏㄠˊ
含涕,1,ㄏㄢˊ ㄊㄧˋ
含渾,1,ㄏㄢˊ ㄏㄨㄣˊ
含玉,1,ㄏㄢˊ ㄩˋ
含生,1,ㄏㄢˊ ㄕㄥ
含秀,1,ㄏㄢˊ ㄒㄧㄡˋ
含章,1,ㄏㄢˊ ㄓㄤ
含臉,1,ㄏㄢˊ ㄌㄧㄢˇ
含英,1,ㄏㄢˊ ㄧㄥ
含荼,1,ㄏㄢˊ ㄊㄨˊ
含葩,1,ㄏㄢˊ ㄆㄚ
含貝,1,ㄏㄢˊ ㄅㄟˋ
含霜,1,ㄏㄢˊ ㄕㄨㄤ
含飯,1,ㄏㄢˊ ㄈㄢˋ
听听,1,ㄧㄣˇ ㄧㄣˇ
吭哧,1,ㄎㄥ ㄔ
吮疽,1,ㄕㄨㄣˇ ㄐㄩ
吱聲,1,ㄓ ㄕㄥ
吳儂,1,ㄨˊ ㄋㄨㄥˊ
吳剛,1,ㄨˊ ㄍㄤ
吳均,1,ㄨˊ ㄐㄩㄣ
吳子,1,ㄨˊ ㄗˇ
吳棫,1,ㄨˊ ㄩˋ
吳派,1,ㄨˊ ㄆㄞˋ
吳澄,1,ㄨˊ ㄔㄥˊ
吳語,1,ㄨˊ ㄩˇ
吳質,1,ㄨˊ ㄓˊ
吳都,1,ㄨˊ ㄉㄨ
吳鉤,1,ㄨˊ ㄍㄡ
吳鹽,1,ㄨˊ ㄧㄢˊ
吵喜,1,ㄔㄠˇ ㄒㄧˇ
吵嘈,1,ㄔㄠˇ ㄘㄠˊ
吵房,1,ㄔㄠˇ ㄈㄤˊ
吶吶,1,ㄋㄚˋ ㄋㄚˋ
吷氣,1,ㄒㄩㄝˋ ㄑㄧˋ
吸器,1,ㄒㄧ ㄑㄧˋ
吸納,1,ㄒㄧ ㄋㄚˋ
吸膠,1,ㄒㄧ ㄐㄧㄠ
吸芽,1,ㄒㄧ ㄧㄚˊ
吹呼,1,ㄔㄨㄟ ㄏㄨ˙
吹啦,1,ㄔㄨㄟ ㄌㄚ˙
吹手,1,ㄔㄨㄟ ㄕㄡˇ
吹指,1,ㄔㄨㄟ ㄓˇ
吹擂,1,ㄔㄨㄟ ㄌㄟˊ
吹毛,1,ㄔㄨㄟ ㄇㄠˊ
吹燈,1,ㄔㄨㄟ ㄉㄥ
吹竹,1,ㄔㄨㄟ ㄓㄨˊ
吹筒,1,ㄔㄨㄟ ㄊㄨㄥˇ
吹糖,1,ㄔㄨㄟ ㄊㄤˊ
吹網,1,ㄔㄨㄟ ㄨㄤˇ
吹脣,1,ㄔㄨㄟ ㄔㄨㄣˊ
吹腔,1,ㄔㄨㄟ ㄑㄧㄤ
吹臺,1,ㄔㄨㄟ ㄊㄞˊ
吹葭,1,ㄔㄨㄟ ㄐㄧㄚ
吹釉,1,ㄔㄨㄟ ㄧㄡˋ
吹銃,1,ㄔㄨㄟ ㄔㄨㄥˋ
吹雲,1,ㄔㄨㄟ ㄩㄣˊ
吼怒,1,ㄏㄡˇ ㄋㄨˋ
吼猴,1,ㄏㄡˇ ㄏㄡˊ
吼猿,1,ㄏㄡˇ ㄩㄢˊ
吼鶴,1,ㄏㄡˇ ㄏㄜˋ
吾伊,1,ㄨˊ ㄧ
吾吾,1,ㄩˊ ㄩˊ
吾徒,1,ㄨˊ ㄊㄨˊ
吾當,1,ㄨˊ ㄉㄤ
呀呷,1,ㄒㄧㄚ ㄒㄧㄚˊ
呀然,1,ㄒㄧㄚ ㄖㄢˊ
呀豁,1,ㄒㄧㄚ ㄏㄨㄛˋ
呂光,1,ㄌㄩˇ ㄍㄨㄤ
呂劇,1,ㄌㄩˇ ㄐㄩˋ
呂尚,1,ㄌㄩˇ ㄕㄤˋ
呂忱,1,ㄌㄩˇ ㄔㄣˊ
呂望,1,ㄌㄩˇ ㄨㄤˋ
呂相,1,ㄌㄩˇ ㄒㄧㄤˋ
呂祖,1,ㄌㄩˇ ㄗㄨˇ
呂蒙,1,ㄌㄩˇ ㄇㄥˊ
呂覽,1,ㄌㄩˇ ㄌㄢˇ
呂靜,1,ㄌㄩˇ ㄐㄧㄥˋ
呆僗,1,ㄉㄞ ㄌㄠˊ
呆坐,1,ㄉㄞ ㄗㄨㄛˋ
呆掙,1,ㄉㄞ ㄓㄥ
呆漢,1,ㄉㄞ ㄏㄢˋ
呆瓜,1,ㄉㄞ ㄍㄨㄚ
呆立,1,ㄉㄞ ㄌㄧˋ
呆貨,1,ㄉㄞ ㄏㄨㄛˋ
呆鳥,1,ㄉㄞ ㄋㄧㄠˇ
呈准,1,ㄔㄥˊ ㄓㄨㄣˇ
呈子,1,ㄔㄥˊ ㄗ˙
呈形,1,ㄔㄥˊ ㄒㄧㄥˊ
呈政,1,ㄔㄥˊ ㄓㄥˋ
呈明,1,ㄔㄥˊ ㄇㄧㄥˊ
呈正,1,ㄔㄥˊ ㄓㄥˋ
呈答,1,ㄔㄥˊ ㄉㄚˊ
告么,1,ㄍㄠˋ ㄧㄠ
告人,1,ㄍㄠˋ ㄖㄣˊ
告便,1,ㄍㄠˋ ㄅㄧㄢˋ
告借,1,ㄍㄠˋ ㄐㄧㄝˋ
告冤,1,ㄍㄠˋ ㄩㄢ
告劄,1,ㄍㄠˋ ㄓㄚˊ
告勞,1,ㄍㄠˋ ㄌㄠˊ
告口,1,ㄍㄠˋ ㄎㄡˇ
告喪,1,ㄍㄠˋ ㄙㄤ
告喻,1,ㄍㄠˋ ㄩˋ
告坐,1,ㄍㄠˋ ㄗㄨㄛˋ
告報,1,ㄍㄠˋ ㄅㄠˋ
告天,1,ㄍㄠˋ ㄊㄧㄢ
告子,1,ㄍㄠˋ ㄗˇ
告官,1,ㄍㄠˋ ㄍㄨㄢ
告幫,1,ㄍㄠˋ ㄅㄤ
告廟,1,ㄍㄠˋ ㄇㄧㄠˋ
告戒,1,ㄍㄠˋ ㄐㄧㄝˋ
告敕,1,ㄍㄠˋ ㄔˋ
告理,1,ㄍㄠˋ ㄌㄧˇ
告示,1,ㄍㄠˋ ㄕ˙
告稟,1,ㄍㄠˋ ㄅㄧㄥˇ
告窆,1,ㄍㄠˋ ㄅㄧㄢˇ
告竣,1,ㄍㄠˋ ㄐㄩㄣˋ
告竭,1,ㄍㄠˋ ㄐㄧㄝˊ
告絕,1,ㄍㄠˋ ㄐㄩㄝˊ
告舌,1,ㄍㄠˋ ㄕㄜˊ
告茶,1,ㄍㄠˋ ㄔㄚˊ
告解,1,ㄍㄠˋ ㄐㄧㄝˇ
告訐,1,ㄍㄠˋ ㄐㄧㄝˊ
告託,1,ㄍㄠˋ ㄊㄨㄛ
告訴,1,ㄍㄠˋ ㄙㄨ˙
告語,1,ㄍㄠˋ ㄩˇ
告誦,1,ㄍㄠˋ ㄙㄨㄥ˙
告身,1,ㄍㄠˋ ㄕㄣ
告送,1,ㄍㄠˋ ㄙㄨㄥ˙
告饗,1,ㄍㄠˋ ㄒㄧㄤˇ
呎磅,1,ㄔˇ ㄅㄤˋ
呝呝,1,ㄜˋ ㄜˋ
呢料,1,ㄋㄧˊ ㄌㄧㄠˋ
呢衣,1,ㄋㄧˊ ㄧ
呥呥,1,ㄖㄢˊ ㄖㄢˊ
呦呦,1,ㄧㄡ ㄧㄡ
周事,1,ㄓㄡ ㄕˋ
周倉,1,ㄓㄡ ㄘㄤ
周備,1,ㄓㄡ ㄅㄟˋ
周內,1,ㄓㄡ ㄋㄚˋ
周南,1,ㄓㄡ ㄋㄢˊ
周原,1,ㄓㄡ ㄩㄢˊ
周召,1,ㄓㄡ ㄕㄠˋ
周堂,1,ㄓㄡ ㄊㄤˊ
周官,1,ㄓㄡ ㄍㄨㄢ
周室,1,ㄓㄡ ㄕˋ
周忌,1,ㄓㄡ ㄐㄧˋ
周急,1,ㄓㄡ ㄐㄧˊ
周恤,1,ㄓㄡ ㄒㄩˋ
周方,1,ㄓㄡ ㄈㄤ
周昉,1,ㄓㄡ ㄈㄤˇ
周晬,1,ㄓㄡ ㄗㄨㄟˋ
周正,1,ㄓㄡ ㄓㄥ˙
周氏,1,ㄓㄡ ㄕˋ
周流,1,ㄓㄡ ㄌㄧㄡˊ
周浹,1,ㄓㄡ ㄐㄧㄚˊ
周給,1,ㄓㄡ ㄐㄧˇ
周置,1,ㄓㄡ ㄓˋ
周處,1,ㄓㄡ ㄔㄨˇ
周行,1,ㄓㄡ ㄏㄤˊ
周行,1,ㄓㄡ ㄒㄧㄥˊ
周衛,1,ㄓㄡ ㄨㄟˋ
周覽,1,ㄓㄡ ㄌㄢˇ
周誥,1,ㄓㄡ ㄍㄠˋ
周遍,1,ㄓㄡ ㄅㄧㄢˋ
周遮,1,ㄓㄡ ㄓㄜ
周郎,1,ㄓㄡ ㄌㄤˊ
周頌,1,ㄓㄡ ㄙㄨㄥˋ
周顒,1,ㄓㄡ ㄩㄥˊ
周顗,1,ㄓㄡ ㄧˇ
周髀,1,ㄓㄡ ㄅㄧˋ
呫呫,1,ㄔㄜˋ ㄔㄜˋ
呫嚅,1,ㄔㄜˋ ㄖㄨˊ
呫囁,1,ㄔㄜˋ ㄓㄜˊ
呰敗,1,ㄗˇ ㄅㄞˋ
呰窳,1,ㄗˇ ㄩˇ
呱呱,1,ㄨㄚ ㄨㄚ
呱噪,1,ㄍㄨㄚ ㄗㄠˋ
呲牙,1,ㄘ ㄧㄚˊ
味道,1,ㄨㄟˋ ㄉㄠ˙
呴呴,1,ㄒㄩˇ ㄒㄩˇ
呴喻,1,ㄒㄩˇ ㄩˊ
呵導,1,ㄏㄜ ㄉㄠˇ
呵手,1,ㄏㄜ ㄕㄡˇ
呵會,1,ㄏㄜ ㄏㄨㄟˋ
呵禁,1,ㄏㄜ ㄐㄧㄣˋ
呵衛,1,ㄏㄜ ㄨㄟˋ
呶呶,1,ㄋㄠˊ ㄋㄠˊ
呸呸,1,ㄆㄟ ㄆㄟ
呸搶,1,ㄆㄟ ㄑㄧㄤˇ
呼叱,1,ㄏㄨ ㄔˋ
呼哨,1,ㄏㄨ ㄕㄠˋ
呼喝,1,ㄏㄨ ㄏㄜˋ
呼噓,1,ㄏㄨ ㄒㄩ
呼噪,1,ㄏㄨ ㄗㄠˋ
呼搧,1,ㄏㄨ ㄕㄢ˙
呼盧,1,ㄏㄨ ㄌㄨˊ
呼號,1,ㄏㄨ ㄏㄠˋ
呼蚩,1,ㄏㄨ ㄔ
命世,1,ㄇㄧㄥˋ ㄕˋ
命人,1,ㄇㄧㄥˋ ㄖㄣˊ
命分,1,ㄇㄧㄥˋ ㄈㄣˋ
命婦,1,ㄇㄧㄥˋ ㄈㄨˋ
命官,1,ㄇㄧㄥˋ ㄍㄨㄢ
命快,1,ㄇㄧㄥˋ ㄎㄨㄞˋ
命意,1,ㄇㄧㄥˋ ㄧˋ
命數,1,ㄇㄧㄥˋ ㄕㄨˋ
命服,1,ㄇㄧㄥˋ ㄈㄨˊ
命毒,1,ㄇㄧㄥˋ ㄉㄨˊ
命硬,1,ㄇㄧㄥˋ ㄧㄥˋ
命神,1,ㄇㄧㄥˋ ㄕㄣˊ
命筆,1,ㄇㄧㄥˋ ㄅㄧˇ
命薄,1,ㄇㄧㄥˋ ㄅㄛˊ
命虧,1,ㄇㄧㄥˋ ㄎㄨㄟ
命蹇,1,ㄇㄧㄥˋ ㄐㄧㄢˇ
命道,1,ㄇㄧㄥˋ ㄉㄠˋ
命釘,1,ㄇㄧㄥˋ ㄉㄧㄥ
命門,1,ㄇㄧㄥˋ ㄇㄣˊ
命限,1,ㄇㄧㄥˋ ㄒㄧㄢˋ
命駕,1,ㄇㄧㄥˋ ㄐㄧㄚˋ
呿唫,1,ㄑㄩ ㄧㄣˊ
咀嚥,1,ㄐㄩˇ ㄧㄢˋ
咂摸,1,ㄗㄚ ㄇㄛ˙
咄咄,1,ㄉㄨㄛˋ ㄉㄨㄛˋ
咄唶,1,ㄉㄨㄛˋ ㄐㄧㄝˋ
咄嗟,1,ㄉㄨㄛˋ ㄐㄧㄝˋ
咆勃,1,ㄆㄠˊ ㄅㄛˊ
咆哮,1,ㄆㄠˊ ㄒㄧㄠˋ
咆烋,1,ㄆㄠˊ ㄒㄧㄠ
咇咇,1,ㄅㄧˋ ㄅㄧˋ
咋呼,1,ㄗㄜˊ ㄏㄨ
咋唶,1,ㄓㄚˋ ㄐㄧㄝˋ
和一,1,ㄏㄜˊ ㄧ
和勝,1,ㄏㄜˊ ㄕㄥˋ
和勸,1,ㄏㄜˊ ㄑㄩㄢˋ
和厚,1,ㄏㄜˊ ㄏㄡˋ
和同,1,ㄏㄜˊ ㄊㄨㄥˊ
和味,1,ㄏㄜˊ ㄨㄟˋ
和哄,1,ㄏㄜˊ ㄏㄨㄥ
和囉,1,ㄏㄜˊ ㄌㄨㄛˊ
和墨,1,ㄏㄨㄛˋ ㄇㄛˋ
和姦,1,ㄏㄜˊ ㄐㄧㄢ
和婉,1,ㄏㄜˊ ㄨㄢˇ
和弄,1,ㄏㄨㄛˋ ㄋㄨㄥˋ
和息,1,ㄏㄜˊ ㄒㄧˊ
和戎,1,ㄏㄜˊ ㄖㄨㄥˊ
和旨,1,ㄏㄜˊ ㄓˇ
和景,1,ㄏㄜˊ ㄐㄧㄥˇ
和林,1,ㄏㄜˊ ㄌㄧㄣˊ
和歌,1,ㄏㄜˊ ㄍㄜ
和氏,1,ㄏㄜˊ ㄕˋ
和熊,1,ㄏㄜˊ ㄒㄩㄥˊ
和牌,1,ㄏㄨˊ ㄆㄞˊ
和珅,1,ㄏㄜˊ ㄕㄣ
和璧,1,ㄏㄜˊ ㄅㄧˋ
和番,1,ㄏㄜˊ ㄈㄢ
和羹,1,ㄏㄜˊ ㄍㄥ
和袖,1,ㄏㄜˊ ㄒㄧㄡˋ
和誘,1,ㄏㄜˊ ㄧㄡˋ
和調,1,ㄏㄜˊ ㄊㄧㄠˊ
和音,1,ㄏㄜˊ ㄧㄣ
和韻,1,ㄏㄜˊ ㄩㄣˋ
和韻,1,ㄏㄜˋ ㄩㄣˋ
和顏,1,ㄏㄜˊ ㄧㄢˊ
和鬧,1,ㄏㄜˊ ㄋㄠˋ
和鸞,1,ㄏㄜˊ ㄌㄨㄢˊ
咍咍,1,ㄏㄞ ㄏㄞ
咍樂,1,ㄏㄞ ㄌㄜˋ
咍臺,1,ㄏㄞ ㄊㄞˊ
咎徵,1,ㄐㄧㄡˋ ㄓㄥ
咎悔,1,ㄐㄧㄡˋ ㄏㄨㄟˇ
咎戾,1,ㄐㄧㄡˋ ㄌㄧˋ
咎繇,1,ㄍㄠ ㄧㄠˊ
咎過,1,ㄐㄧㄡˋ ㄍㄨㄛˋ
咎陶,1,ㄍㄠ ㄧㄠˊ
咒愿,1,ㄓㄡˋ ㄩㄢˋ
咒水,1,ㄓㄡˋ ㄕㄨㄟˇ
咒術,1,ㄓㄡˋ ㄕㄨˋ
咒詈,1,ㄓㄡˋ ㄌㄧˋ
咒詛,1,ㄓㄡˋ ㄗㄨˇ
咒願,1,ㄓㄡˋ ㄩㄢˋ
咕叨,1,ㄍㄨ ㄉㄠ
咕唧,1,ㄍㄨ ㄐㄧ˙
咕嘟,1,ㄍㄨ ㄉㄨ˙
咕噥,1,ㄍㄨ ㄋㄨㄥ˙
咕嚕,1,ㄍㄨ ㄌㄨ˙
咕嚷,1,ㄍㄨ ㄖㄤ
咕容,1,ㄍㄨ ㄖㄨㄥ˙
咕隆,1,ㄍㄨ ㄌㄨㄥ˙
咡絲,1,ㄦˋ ㄙ
咢咢,1,ㄜˋ ㄜˋ
咧咧,1,ㄌㄧㄝ ㄌㄧㄝ˙
咧咧,1,ㄌㄧㄝˊ ㄌㄧㄝ˙
咧子,1,ㄌㄧㄝ ㄗ˙
咨呈,1,ㄗ ㄔㄥˊ
咨咨,1,ㄗ ㄗ
咨嗟,1,ㄗ ㄐㄧㄝ
咨訪,1,ㄗ ㄈㄤˇ
咨請,1,ㄗ ㄑㄧㄥˇ
咫聞,1,ㄓˇ ㄨㄣˊ
咬咬,1,ㄐㄧㄠ ㄐㄧㄠ
咬嘴,1,ㄧㄠˇ ㄗㄨㄟˇ
咬嚼,1,ㄧㄠˇ ㄐㄩㄝˊ
咬手,1,ㄧㄠˇ ㄕㄡˇ
咬春,1,ㄧㄠˇ ㄔㄨㄣ
咬破,1,ㄧㄠˇ ㄆㄛˋ
咬秋,1,ㄧㄠˇ ㄑㄧㄡ
咬群,1,ㄧㄠˇ ㄑㄩㄣˊ
咬舌,1,ㄧㄠˇ ㄕㄜˊ
咬頭,1,ㄧㄠˇ ㄊㄡ˙
咯噔,1,ㄍㄜ ㄉㄥ
咯噠,1,ㄍㄜ ㄉㄚ˙
咯噹,1,ㄍㄜ ㄉㄤ
咱每,1,ㄗㄢˊ ㄇㄟ˙
咳唾,1,ㄎㄜˊ ㄊㄨㄛˋ
咳痰,1,ㄎㄚˇ ㄊㄢˊ
咳血,1,ㄎㄚˇ ㄒㄧㄝˇ
咸和,1,ㄒㄧㄢˊ ㄏㄜˊ
咸池,1,ㄒㄧㄢˊ ㄔˊ
咻咻,1,ㄒㄧㄡ ㄒㄧㄡ
咽哺,1,ㄧㄢˋ ㄅㄨˇ
咽唾,1,ㄧㄢˋ ㄊㄨㄛˋ
咽氣,1,ㄧㄢˋ ㄑㄧˋ
咽門,1,ㄧㄢ ㄇㄣˊ
咽領,1,ㄧㄢ ㄌㄧㄥˇ
咿呦,1,ㄧ ㄧㄡ
咿咿,1,ㄧ ㄧ
咿唔,1,ㄧ ㄨˊ
咿啞,1,ㄧ ㄧㄚˇ
咿喔,1,ㄧ ㄨㄛˋ
咿嚘,1,ㄧ ㄧㄡ
咿軋,1,ㄧ ㄧㄚˋ
哀兵,1,ㄞ ㄅㄧㄥ
哀冊,1,ㄞ ㄘㄜˋ
哀厲,1,ㄞ ㄌㄧˋ
哀吟,1,ㄞ ㄧㄣˊ
哀哀,1,ㄞ ㄞ
哀啟,1,ㄞ ㄑㄧˇ
哀嚎,1,ㄞ ㄏㄠˊ
哀恫,1,ㄞ ㄊㄨㄥ
哀悽,1,ㄞ ㄑㄧ
哀愍,1,ㄞ ㄇㄧㄣˇ
哀杖,1,ㄞ ㄓㄤˋ
哀樂,1,ㄞ ㄌㄜˋ
哀歎,1,ㄞ ㄊㄢˋ
哀素,1,ㄞ ㄙㄨˋ
哀詔,1,ㄞ ㄓㄠˋ
哀誄,1,ㄞ ㄌㄟˇ
哀輓,1,ㄞ ㄨㄢˇ
哀辭,1,ㄞ ㄘˊ
哀音,1,ㄞ ㄧㄣ
品例,1,ㄆㄧㄣˇ ㄌㄧˋ
品官,1,ㄆㄧㄣˇ ㄍㄨㄢ
品度,1,ㄆㄧㄣˇ ㄉㄨㄛˋ
品庶,1,ㄆㄧㄣˇ ㄕㄨˋ
品弄,1,ㄆㄧㄣˇ ㄋㄨㄥˋ
品彙,1,ㄆㄧㄣˇ ㄏㄨㄟˋ
品從,1,ㄆㄧㄣˇ ㄘㄨㄥˊ
品月,1,ㄆㄧㄣˇ ㄩㄝˋ
品服,1,ㄆㄧㄣˇ ㄈㄨˊ
品望,1,ㄆㄧㄣˇ ㄨㄤˋ
品次,1,ㄆㄧㄣˇ ㄘˋ
品物,1,ㄆㄧㄣˇ ㄨˋ
品理,1,ㄆㄧㄣˇ ㄌㄧˇ
品相,1,ㄆㄧㄣˇ ㄒㄧㄤˋ
品秩,1,ㄆㄧㄣˇ ㄓˋ
品第,1,ㄆㄧㄣˇ ㄉㄧˋ
品節,1,ㄆㄧㄣˇ ㄐㄧㄝˊ
品簫,1,ㄆㄧㄣˇ ㄒㄧㄠ
品藻,1,ㄆㄧㄣˇ ㄗㄠˇ
品調,1,ㄆㄧㄣˇ ㄉㄧㄠˋ
品酒,1,ㄆㄧㄣˇ ㄐㄧㄡˇ
品量,1,ㄆㄧㄣˇ ㄌㄧㄤˊ
品題,1,ㄆㄧㄣˇ ㄊㄧˊ
品食,1,ㄆㄧㄣˇ ㄕˊ
哂納,1,ㄕㄣˇ ㄋㄚˋ
哄堂,1,ㄏㄨㄥ ㄊㄤˊ
哄弄,1,ㄏㄨㄥˇ ㄋㄨㄥˋ
哄搶,1,ㄏㄨㄥ ㄑㄧㄤˇ
哄然,1,ㄏㄨㄥ ㄖㄢˊ
哄賺,1,ㄏㄨㄥˇ ㄗㄨㄢˋ
哆張,1,ㄔㄜˇ ㄓㄤ
哈代,1,ㄏㄚ ㄉㄞˋ
哈伯,1,ㄏㄚ ㄅㄛˊ
哈喇,1,ㄎㄚ ㄌㄚ˙
哈喇,1,ㄏㄚ ㄌㄚ˙
哈嗤,1,ㄏㄚ ㄔ
哈巴,1,ㄏㄚˇ ㄅㄚ˙
哈帳,1,ㄏㄚ ㄓㄤˋ
哈拉,1,ㄏㄚ ㄌㄚ˙
哈搭,1,ㄏㄚ ㄉㄚ
哈草,1,ㄏㄚ ㄘㄠˇ
哈話,1,ㄏㄚ ㄏㄨㄚˋ
哈辣,1,ㄏㄚ ㄌㄚ˙
哏哏,1,ㄏㄣ ㄏㄣ
哏毒,1,ㄏㄣ ㄉㄨˊ
員司,1,ㄩㄢˊ ㄙ
員弁,1,ㄩㄢˊ ㄅㄧㄢˋ
員領,1,ㄩㄢˊ ㄌㄧㄥˇ
哤聒,1,ㄇㄤˊ ㄍㄨㄚ
哥子,1,ㄍㄜ ㄗ˙
哥窯,1,ㄍㄜ ㄧㄠˊ
哦呀,1,ㄛˊ ㄧㄚ
哦詩,1,ㄜˊ ㄕ
哧溜,1,ㄔ ㄌㄧㄡ
哨官,1,ㄕㄠˋ ㄍㄨㄢ
哨探,1,ㄕㄠˋ ㄊㄢˋ
哨站,1,ㄕㄠˋ ㄓㄢˋ
哨箭,1,ㄕㄠˋ ㄐㄧㄢˋ
哨船,1,ㄕㄠˋ ㄔㄨㄢˊ
哨馬,1,ㄕㄠˋ ㄇㄚˇ
哩嗹,1,ㄌㄧ ㄌㄧㄢˊ
哩囉,1,ㄌㄧ ㄌㄨㄛ
哪吒,1,ㄋㄨㄛˊ ㄓㄚˋ
哫訾,1,ㄗㄨˊ ㄗ
哭喊,1,ㄎㄨ ㄏㄢˇ
哭牆,1,ㄎㄨ ㄑㄧㄤˊ
哭窮,1,ㄎㄨ ㄑㄩㄥˊ
哭竹,1,ㄎㄨ ㄓㄨˊ
哭臨,1,ㄎㄨ ㄌㄧㄣˋ
哮吼,1,ㄒㄧㄠˋ ㄏㄡˇ
哮虎,1,ㄒㄧㄠ ㄏㄨˇ
哮闞,1,ㄒㄧㄠ ㄏㄢˇ
哰哰,1,ㄌㄠˊ ㄌㄠˊ
哱囉,1,ㄆㄛˋ ㄌㄨㄛˊ
哱息,1,ㄆㄛˋ ㄒㄧˊ
哲匠,1,ㄓㄜˊ ㄐㄧㄤˋ
哲夫,1,ㄓㄜˊ ㄈㄨ
哲婦,1,ㄓㄜˊ ㄈㄨˋ
哲王,1,ㄓㄜˊ ㄨㄤˊ
哺坊,1,ㄅㄨˇ ㄈㄤ
哺雞,1,ㄅㄨˇ ㄐㄧ
哺食,1,ㄅㄨˇ ㄕˊ
哺養,1,ㄅㄨˇ ㄧㄤˇ
哺鷇,1,ㄅㄨˇ ㄎㄡˋ
哼唧,1,ㄏㄥ ㄐㄧ˙
哼唷,1,ㄏㄥ ㄧㄛ
哽哽,1,ㄍㄥˇ ㄍㄥˇ
哽噎,1,ㄍㄥˇ ㄧㄝ
哽結,1,ㄍㄥˇ ㄐㄧㄝˊ
唁勞,1,ㄧㄢˋ ㄌㄠˋ
唁弔,1,ㄧㄢˋ ㄉㄧㄠˋ
唅唅,1,ㄏㄢ ㄏㄢ
唅蟬,1,ㄏㄢ ㄔㄢˊ
唆弄,1,ㄙㄨㄛ ㄋㄨㄥˋ
唆調,1,ㄙㄨㄛ ㄊㄧㄠˊ
唈僾,1,ㄧˋ ㄞˋ
唉呀,1,ㄞ ㄧㄚ
唉唷,1,ㄞ ㄧㄛ
唏唏,1,ㄒㄧ ㄒㄧ
唐堯,1,ㄊㄤˊ ㄧㄠˊ
唐塞,1,ㄊㄤˊ ㄙㄜˋ
唐夷,1,ㄊㄤˊ ㄧˊ
唐寅,1,ㄊㄤˊ ㄧㄣˊ
唐巾,1,ㄊㄤˊ ㄐㄧㄣ
唐樂,1,ㄊㄤˊ ㄩㄝˋ
唐猊,1,ㄊㄤˊ ㄋㄧˊ
唐璜,1,ㄊㄤˊ ㄏㄨㄤˊ
唐花,1,ㄊㄤˊ ㄏㄨㄚ
唐話,1,ㄊㄤˊ ㄏㄨㄚˋ
唐韻,1,ㄊㄤˊ ㄩㄣˋ
唓嗻,1,ㄔㄜ ㄓㄜ
唔篤,1,ㄨˊ ㄉㄨˇ
唧咕,1,ㄐㄧ ㄍㄨ˙
唧嗾,1,ㄐㄧˊ ㄙㄡˇ
唧嘖,1,ㄐㄧˊ ㄗㄜˊ
唧噥,1,ㄐㄧ ㄋㄨㄥ˙
唧溜,1,ㄐㄧ ㄌㄧㄡ
唪唪,1,ㄈㄥˇ ㄈㄥˇ
唫嗻,1,ㄧㄣˊ ㄓㄜˋ
售主,1,ㄕㄡˋ ㄓㄨˇ
唯唯,1,ㄨㄟˇ ㄨㄟˇ
唯我,1,ㄨㄟˊ ㄨㄛˇ
唯諾,1,ㄨㄟˇ ㄋㄨㄛˋ
唯識,1,ㄨㄟˊ ㄕˋ
唱作,1,ㄔㄤˋ ㄗㄨㄛˋ
唱叫,1,ㄔㄤˋ ㄐㄧㄠˋ
唱喏,1,ㄔㄤˋ ㄖㄜˇ
唱好,1,ㄔㄤˋ ㄏㄠˇ
唱工,1,ㄔㄤˋ ㄍㄨㄥ
唱念,1,ㄔㄤˋ ㄋㄧㄢˋ
唱揚,1,ㄔㄤˋ ㄧㄤˊ
唱曲,1,ㄔㄤˋ ㄑㄩˇ
唱書,1,ㄔㄤˋ ㄕㄨ
唱段,1,ㄔㄤˋ ㄉㄨㄢˋ
唱的,1,ㄔㄤˋ ㄉㄜ˙
唱籍,1,ㄔㄤˋ ㄐㄧˊ
唱論,1,ㄔㄤˋ ㄌㄨㄣˋ
唱賺,1,ㄔㄤˋ ㄓㄨㄢˋ
唱頭,1,ㄔㄤˋ ㄊㄡˊ
唵噆,1,ㄢˇ ㄗㄢˇ
唸白,1,ㄋㄧㄢˋ ㄅㄞˊ
唼佞,1,ㄑㄧㄝˋ ㄋㄧㄥˋ
唼喋,1,ㄕㄚˋ ㄓㄚˊ
唾壺,1,ㄊㄨㄛˋ ㄏㄨˊ
唾手,1,ㄊㄨㄛˋ ㄕㄡˇ
唾沫,1,ㄊㄨㄛˋ ㄇㄛ˙
唾盂,1,ㄊㄨㄛˋ ㄩˊ
唾酒,1,ㄊㄨㄛˋ ㄐㄧㄡˇ
唾面,1,ㄊㄨㄛˋ ㄇㄧㄢˋ
唾餘,1,ㄊㄨㄛˋ ㄩˊ
啀喍,1,ㄧㄞˊ ㄔㄞˊ
啁哳,1,ㄓㄡ ㄓㄚˊ
啁噍,1,ㄓㄡ ㄐㄧㄡ
啃青,1,ㄎㄣˇ ㄑㄧㄥ
啃食,1,ㄎㄣˇ ㄕˊ
啄啄,1,ㄓㄨㄛˊ ㄓㄨㄛˊ
啅啅,1,ㄓㄨㄛˊ ㄓㄨㄛˊ
啅噪,1,ㄓㄨㄛˊ ㄗㄠˋ
商事,1,ㄕㄤ ㄕˋ
商亭,1,ㄕㄤ ㄊㄧㄥˊ
商儈,1,ㄕㄤ ㄎㄨㄞˋ
商兌,1,ㄕㄤ ㄉㄨㄟˋ
商功,1,ㄕㄤ ㄍㄨㄥ
商女,1,ㄕㄤ ㄋㄩˇ
商戰,1,ㄕㄤ ㄓㄢˋ
商書,1,ㄕㄤ ㄕㄨ
商檢,1,ㄕㄤ ㄐㄧㄢˇ
商歌,1,ㄕㄤ ㄍㄜ
商略,1,ㄕㄤ ㄌㄩㄝˋ
商秋,1,ㄕㄤ ㄑㄧㄡ
商紂,1,ㄕㄤ ㄓㄡˋ
商股,1,ㄕㄤ ㄍㄨˇ
商蚷,1,ㄕㄤ ㄐㄩˋ
商計,1,ㄕㄤ ㄐㄧˋ
商調,1,ㄕㄤ ㄉㄧㄠˋ
商購,1,ㄕㄤ ㄍㄡˋ
商量,1,ㄕㄤ ㄌㄧㄤ˙
商頌,1,ㄕㄤ ㄙㄨㄥˋ
商風,1,ㄕㄤ ㄈㄥ
商飆,1,ㄕㄤ ㄅㄧㄠ
啊喲,1,ㄚ ㄧㄠ
啍啍,1,ㄊㄨㄣ ㄊㄨㄣ
問事,1,ㄨㄣˋ ㄕˋ
問住,1,ㄨㄣˋ ㄓㄨ˙
問名,1,ㄨㄣˋ ㄇㄧㄥˊ
問字,1,ㄨㄣˋ ㄗˋ
問官,1,ㄨㄣˋ ㄍㄨㄢ
問寢,1,ㄨㄣˋ ㄑㄧㄣˇ
問對,1,ㄨㄣˋ ㄉㄨㄟˋ
問成,1,ㄨㄣˋ ㄔㄥˊ
問斷,1,ㄨㄣˋ ㄉㄨㄢˋ
問牛,1,ㄨㄣˋ ㄋㄧㄡˊ
問理,1,ㄨㄣˋ ㄌㄧˇ
問當,1,ㄨㄣˋ ㄉㄤ
問禁,1,ㄨㄣˋ ㄐㄧㄣˋ
問結,1,ㄨㄣˋ ㄐㄧㄝˊ
問肯,1,ㄨㄣˋ ㄎㄣˇ
問診,1,ㄨㄣˋ ㄓㄣˇ
問輸,1,ㄨㄣˋ ㄕㄨ
問遣,1,ㄨㄣˋ ㄑㄧㄢˇ
問遺,1,ㄨㄣˋ ㄨㄟˋ
問難,1,ㄨㄣˋ ㄋㄢˋ
問頭,1,ㄨㄣˋ ㄊㄡˊ
啐醴,1,ㄘㄨㄟˋ ㄌㄧˇ
啐飲,1,ㄘㄨㄟˋ ㄧㄣˇ
啑喋,1,ㄕㄚˋ ㄓㄚˊ
啑血,1,ㄐㄧㄝˊ ㄒㄩㄝˋ
啖名,1,ㄉㄢˋ ㄇㄧㄥˊ
啖噬,1,ㄉㄢˋ ㄕˋ
啖蔗,1,ㄉㄢˋ ㄓㄜˋ
啖食,1,ㄉㄢˋ ㄕˊ
啗飯,1,ㄉㄢˋ ㄈㄢˋ
啜哄,1,ㄔㄨㄛˋ ㄏㄨㄥˇ
啜持,1,ㄔㄨㄛˋ ㄔˊ
啜汁,1,ㄔㄨㄛˋ ㄓ
啜茗,1,ㄔㄨㄛˋ ㄇㄧㄥˇ
啜茶,1,ㄔㄨㄛˋ ㄔㄚˊ
啜賺,1,ㄔㄨㄛˋ ㄗㄨㄢˋ
啞吒,1,ㄧㄚ ㄓㄚˋ
啞咽,1,ㄧㄚ ㄧㄝˋ
啞嗓,1,ㄧㄚˇ ㄙㄤˇ
啞巴,1,ㄧㄚˇ ㄅㄚ˙
啞戲,1,ㄧㄚˇ ㄒㄧˋ
啞板,1,ㄧㄚˇ ㄅㄢˇ
啞炮,1,ㄧㄚˇ ㄆㄠˋ
啞穴,1,ㄧㄚˇ ㄒㄩㄝˊ
啞聲,1,ㄧㄚˇ ㄕㄥ
啞酒,1,ㄧㄚˇ ㄐㄧㄡˇ
啟乞,1,ㄑㄧˇ ㄑㄧˇ
啟告,1,ㄑㄧˇ ㄍㄠˋ
啟問,1,ㄑㄧˇ ㄨㄣˋ
啟土,1,ㄑㄧˇ ㄊㄨˇ
啟報,1,ㄑㄧˇ ㄅㄠˋ
啟建,1,ㄑㄧˇ ㄐㄧㄢˋ
啟沃,1,ㄑㄧˇ ㄨㄛˋ
啟白,1,ㄑㄧˇ ㄅㄛˊ
啟碇,1,ㄑㄧˇ ㄉㄧㄥˋ
啟節,1,ㄑㄧˇ ㄐㄧㄝˊ
啟處,1,ㄑㄧˇ ㄔㄨˇ
啟蟄,1,ㄑㄧˇ ㄓˊ
啟行,1,ㄑㄧˇ ㄒㄧㄥˊ
啟請,1,ㄑㄧˇ ㄑㄧㄥˇ
啟釁,1,ㄑㄧˇ ㄒㄧㄣˋ
啟顏,1,ㄑㄧˇ ㄧㄢˊ
啡咖,1,ㄈㄟ ㄎㄚ
啪啦,1,ㄆㄚ ㄌㄚ˙
啪嗒,1,ㄆㄚ ㄉㄚ
啪嚓,1,ㄆㄚ ㄘㄚ
啷噹,1,ㄌㄤ ㄉㄤ
啼珠,1,ㄊㄧˊ ㄓㄨ
啼痕,1,ㄊㄧˊ ㄏㄣˊ
啼鵑,1,ㄊㄧˊ ㄐㄩㄢ
啽囈,1,ㄢˊ ㄧˋ
啽默,1,ㄢˊ ㄇㄛˋ
啾疾,1,ㄐㄧㄡ ㄐㄧˊ
喀喀,1,ㄎㄜˋ ㄎㄜˋ
喀血,1,ㄎㄜˋ ㄒㄧㄝˇ
喁喁,1,ㄩˊ ㄩˊ
喁喁,1,ㄩㄥˊ ㄩㄥˊ
喂眼,1,ㄨㄟˋ ㄧㄢˇ
善價,1,ㄕㄢˋ ㄐㄧㄚˋ
善導,1,ㄕㄢˋ ㄉㄠˇ
善感,1,ㄕㄢˋ ㄍㄢˇ
善政,1,ㄕㄢˋ ㄓㄥˋ
善敗,1,ㄕㄢˋ ㄅㄞˋ
善果,1,ㄕㄢˋ ㄍㄨㄛˇ
善柔,1,ㄕㄢˋ ㄖㄡˊ
善棍,1,ㄕㄢˋ ㄍㄨㄣˋ
善歲,1,ㄕㄢˋ ㄙㄨㄟˋ
善緣,1,ㄕㄢˋ ㄩㄢˊ
善行,1,ㄕㄢˋ ㄒㄧㄥˋ
善財,1,ㄕㄢˋ ㄘㄞˊ
善賈,1,ㄕㄢˋ ㄍㄨˇ
善賈,1,ㄕㄢˋ ㄐㄧㄚˋ
喇叭,1,ㄌㄚˇ ㄅㄚ˙
喇嘴,1,ㄌㄚˇ ㄗㄨㄟˇ
喈喈,1,ㄐㄧㄝ ㄐㄧㄝ
喉吻,1,ㄏㄡˊ ㄨㄣˇ
喉咽,1,ㄏㄡˊ ㄧㄢ
喉嚨,1,ㄏㄡˊ ㄌㄨㄥ˙
喉急,1,ㄏㄡˊ ㄐㄧˊ
喉痧,1,ㄏㄡˊ ㄕㄚ
喉癌,1,ㄏㄡˊ ㄧㄢˊ
喉衿,1,ㄏㄡˊ ㄐㄧㄣ
喉鏡,1,ㄏㄡˊ ㄐㄧㄥˋ
喉風,1,ㄏㄡˊ ㄈㄥ
喊人,1,ㄏㄢˇ ㄖㄣˊ
喊殺,1,ㄏㄢˇ ㄕㄚ
喊聲,1,ㄏㄢˇ ㄕㄥ
喋呷,1,ㄉㄧㄝˊ ㄒㄧㄚˊ
喋囁,1,ㄉㄧㄝˊ ㄋㄧㄝˋ
喋血,1,ㄉㄧㄝˊ ㄒㄩㄝˋ
喋語,1,ㄉㄧㄝˊ ㄩˇ
喎斜,1,ㄎㄨㄞ ㄒㄧㄝˊ
喏喏,1,ㄋㄨㄛˋ ㄋㄨㄛˋ
喑喑,1,ㄧㄣ ㄧㄣ
喑嗚,1,ㄧㄣ ㄨ
喑默,1,ㄧㄣ ㄇㄛˋ
喓喓,1,ㄧㄠ ㄧㄠ
喓喝,1,ㄧㄠ ㄏㄜ˙
喔呀,1,ㄛ ㄧㄚ
喔咿,1,ㄨㄛˋ ㄧ
喔喲,1,ㄛ ㄧㄠ
喘咳,1,ㄔㄨㄢˇ ㄎㄜˊ
喘鳴,1,ㄔㄨㄢˇ ㄇㄧㄥˊ
喙子,1,ㄏㄨㄟˋ ㄗ˙
喙息,1,ㄏㄨㄟˋ ㄒㄧˊ
喚雨,1,ㄏㄨㄢˋ ㄩˇ
喚頭,1,ㄏㄨㄢˋ ㄊㄡ˙
喜兆,1,ㄒㄧˇ ㄓㄠˋ
喜堂,1,ㄒㄧˇ ㄊㄤˊ
喜客,1,ㄒㄧˇ ㄎㄜˋ
喜得,1,ㄒㄧˇ ㄉㄜˊ
喜房,1,ㄒㄧˇ ㄈㄤˊ
喜服,1,ㄒㄧˇ ㄈㄨˊ
喜果,1,ㄒㄧˇ ㄍㄨㄛˇ
喜洽,1,ㄒㄧˇ ㄒㄧㄚˊ
喜病,1,ㄒㄧˇ ㄅㄧㄥˋ
喜神,1,ㄒㄧˇ ㄕㄣˊ
喜笑,1,ㄒㄧˇ ㄒㄧㄠˋ
喜聯,1,ㄒㄧˇ ㄌㄧㄢˊ
喜脈,1,ㄒㄧˇ ㄇㄞˋ
喜花,1,ㄒㄧˇ ㄏㄨㄚ
喜錢,1,ㄒㄧˇ ㄑㄧㄢˊ
喜雨,1,ㄒㄧˇ ㄩˇ
喜雪,1,ㄒㄧˇ ㄒㄩㄝˇ
喝參,1,ㄏㄜˋ ㄘㄢ
喝吆,1,ㄏㄜˋ ㄧㄠ
喝命,1,ㄏㄜˋ ㄇㄧㄥˋ
喝囉,1,ㄏㄜˋ ㄌㄨㄛˊ
喝掇,1,ㄏㄜˋ ㄉㄨㄛˊ
喝探,1,ㄏㄜˋ ㄊㄢˋ
喝斥,1,ㄏㄜˋ ㄔˋ
喝止,1,ㄏㄜˋ ㄓˇ
喝禮,1,ㄏㄜˋ ㄌㄧˇ
喟嘆,1,ㄎㄨㄟˋ ㄊㄢˋ
喤喤,1,ㄏㄨㄤˊ ㄏㄨㄤˊ
喧哄,1,ㄒㄩㄢ ㄏㄨㄥ
喧噪,1,ㄒㄩㄢ ㄗㄠˋ
喧豗,1,ㄒㄩㄢ ㄏㄨㄟ
喧赫,1,ㄒㄩㄢ ㄏㄜˋ
喧闐,1,ㄒㄩㄢ ㄊㄧㄢˊ
喧鬨,1,ㄒㄩㄢ ㄏㄨㄥˋ
喪亂,1,ㄙㄤ ㄌㄨㄢˋ
喪亡,1,ㄙㄤˋ ㄨㄤˊ
喪人,1,ㄙㄤˋ ㄖㄣˊ
喪元,1,ㄙㄤˋ ㄩㄢˊ
喪具,1,ㄙㄤ ㄐㄩˋ
喪冢,1,ㄙㄤ ㄓㄨㄥˇ
喪心,1,ㄙㄤˋ ㄒㄧㄣ
喪敗,1,ㄙㄤˋ ㄅㄞˋ
喪明,1,ㄙㄤˋ ㄇㄧㄥˊ
喪榜,1,ㄙㄤ ㄅㄤˇ
喪權,1,ㄙㄤˋ ㄑㄩㄢˊ
喪氣,1,ㄙㄤˋ ㄑㄧ˙
喪煞,1,ㄙㄤ ㄕㄚˋ
喪祭,1,ㄙㄤ ㄐㄧˋ
喪紀,1,ㄙㄤ ㄐㄧˋ
喪謗,1,ㄙㄤˋ ㄅㄤ˙
喪門,1,ㄙㄤ ㄇㄣˊ
喬人,1,ㄑㄧㄠˊ ㄖㄣˊ
喬吉,1,ㄑㄧㄠˊ ㄐㄧˊ
喬志,1,ㄐㄧㄠ ㄓˋ
喬志,1,ㄑㄧㄠˊ ㄓˋ
喬怯,1,ㄐㄧㄠ ㄑㄧㄝˋ
喬怯,1,ㄑㄧㄠˊ ㄑㄩㄝˋ
喬才,1,ㄑㄧㄠˊ ㄘㄞˊ
喬扦,1,ㄑㄧㄠˊ ㄑㄧㄢ
喬松,1,ㄑㄧㄠˊ ㄙㄨㄥ
喬林,1,ㄑㄧㄠˊ ㄌㄧㄣˊ
喬梓,1,ㄑㄧㄠˊ ㄗˇ
喬素,1,ㄑㄧㄠˊ ㄙㄨˋ
喬腔,1,ㄑㄧㄠˊ ㄑㄧㄤ
喬詰,1,ㄑㄧㄠˊ ㄐㄧㄝˊ
喭喭,1,ㄧㄢˋ ㄧㄢˋ
單則,1,ㄉㄢ ㄗㄜˊ
單吐,1,ㄉㄢ ㄊㄨˇ
單哨,1,ㄉㄢ ㄕㄠˋ
單家,1,ㄉㄢ ㄐㄧㄚ
單寒,1,ㄉㄢ ㄏㄢˊ
單帳,1,ㄉㄢ ㄓㄤˋ
單幫,1,ㄉㄢ ㄅㄤ
單幹,1,ㄉㄢ ㄍㄢˋ
單弦,1,ㄉㄢ ㄒㄧㄢˊ
單弱,1,ㄉㄢ ㄖㄨㄛˋ
單徑,1,ㄉㄢ ㄐㄧㄥˋ
單徠,1,ㄉㄢ ㄌㄞˊ
單戀,1,ㄉㄢ ㄌㄧㄢˋ
單扉,1,ㄉㄢ ㄈㄟ
單提,1,ㄉㄢ ㄊㄧˊ
單擋,1,ㄉㄢ ㄉㄤˇ
單斜,1,ㄉㄢ ㄒㄧㄝˊ
單板,1,ㄉㄢ ㄅㄢˇ
單步,1,ㄉㄢ ㄅㄨˋ
單牌,1,ㄉㄢ ㄆㄞˊ
單癱,1,ㄉㄢ ㄊㄢ
單眉,1,ㄉㄢ ㄇㄟˊ
單縣,1,ㄕㄢˋ ㄒㄧㄢˋ
單衾,1,ㄉㄢ ㄑㄧㄣ
單褂,1,ㄉㄢ ㄍㄨㄚˋ
單跪,1,ㄉㄢ ㄍㄨㄟˋ
單辭,1,ㄉㄢ ㄘˊ
單醪,1,ㄉㄢ ㄌㄠˊ
單鉤,1,ㄉㄢ ㄍㄡ
單間,1,ㄉㄢ ㄐㄧㄢ
單露,1,ㄉㄢ ㄌㄨˋ
單馬,1,ㄉㄢ ㄇㄚˇ
單騎,1,ㄉㄢ ㄐㄧˋ
喳呼,1,ㄔㄚ ㄏㄨ
喳喳,1,ㄓㄚ ㄓㄚ
喵喵,1,ㄇㄧㄠ ㄇㄧㄠ
喻依,1,ㄩˋ ㄧ
喻體,1,ㄩˋ ㄊㄧˇ
嗃嗃,1,ㄏㄜˋ ㄏㄜˋ
嗄程,1,ㄕㄚˋ ㄔㄥˊ
嗄飯,1,ㄕㄚˋ ㄈㄢˋ
嗆咳,1,ㄑㄧㄤˋ ㄎㄜˊ
嗆啍,1,ㄑㄧㄤ ㄊㄨㄣ
嗇刻,1,ㄙㄜˋ ㄎㄜ˙
嗇夫,1,ㄙㄜˋ ㄈㄨ
嗇細,1,ㄙㄜˋ ㄒㄧˋ
嗉袋,1,ㄙㄨˋ ㄉㄞˋ
嗊嘴,1,ㄏㄨㄥˇ ㄗㄨㄟˇ
嗌塞,1,ㄧˋ ㄙㄜˋ
嗎呢,1,ㄇㄚˇ ㄋㄜ˙
嗎呼,1,ㄇㄚˇ ㄏㄨ˙
嗐聲,1,ㄏㄞˋ ㄕㄥ
嗑嗑,1,ㄏㄜˊ ㄏㄜˊ
嗒喪,1,ㄊㄚˋ ㄙㄤˋ
嗒嗒,1,ㄊㄚˋ ㄊㄚˋ
嗒然,1,ㄊㄚˋ ㄖㄢˊ
嗓磕,1,ㄙㄤˇ ㄎㄜ
嗚咂,1,ㄨ ㄗㄚ
嗚啞,1,ㄨ ㄧㄚ
嗚噎,1,ㄨ ㄧㄝ
嗚軋,1,ㄨ ㄧㄚˋ
嗛嗛,1,ㄑㄧㄢˇ ㄑㄧㄢˇ
嗛志,1,ㄑㄧㄢ ㄓˋ
嗜慾,1,ㄕˋ ㄩˋ
嗜酒,1,ㄕˋ ㄐㄧㄡˇ
嗝症,1,ㄍㄜˊ ㄓㄥˋ
嗟乎,1,ㄐㄧㄝ ㄏㄨ
嗟吁,1,ㄐㄧㄝ ㄒㄩ
嗟呀,1,ㄐㄧㄝ ㄧㄚ
嗟嗟,1,ㄐㄧㄝ ㄐㄧㄝ
嗟夫,1,ㄐㄧㄝ ㄈㄨˊ
嗟怨,1,ㄐㄧㄝ ㄩㄢˋ
嗟悔,1,ㄐㄧㄝ ㄏㄨㄟˇ
嗟悼,1,ㄐㄧㄝ ㄉㄠˋ
嗟憤,1,ㄐㄧㄝ ㄈㄣˋ
嗟異,1,ㄐㄧㄝ ㄧˋ
嗟訝,1,ㄐㄧㄝ ㄧㄚˋ
嗟重,1,ㄐㄧㄝ ㄓㄨㄥˋ
嗢咽,1,ㄨㄚˋ ㄧㄢˋ
嗢噱,1,ㄨㄚˋ ㄐㄩㄝˊ
嗣主,1,ㄙˋ ㄓㄨˇ
嗣位,1,ㄙˋ ㄨㄟˋ
嗣君,1,ㄙˋ ㄐㄩㄣ
嗣子,1,ㄙˋ ㄗˇ
嗣徽,1,ㄙˋ ㄏㄨㄟ
嗣息,1,ㄙˋ ㄒㄧˊ
嗣服,1,ㄙˋ ㄈㄨˊ
嗣歲,1,ㄙˋ ㄙㄨㄟˋ
嗣產,1,ㄙˋ ㄔㄢˇ
嗣續,1,ㄙˋ ㄒㄩˋ
嗣適,1,ㄙˋ ㄉㄧˊ
嗣音,1,ㄙˋ ㄧㄣ
嗣響,1,ㄙˋ ㄒㄧㄤˇ
嗤嗤,1,ㄔ ㄔ
嗤詆,1,ㄔ ㄉㄧˇ
嗤鄙,1,ㄔ ㄅㄧˇ
嗤點,1,ㄔ ㄉㄧㄢˇ
嗨喲,1,ㄏㄞ ㄧㄠ
嗶剝,1,ㄅㄧˋ ㄅㄛ
嗷嘈,1,ㄠˊ ㄘㄠˊ
嗷騷,1,ㄠˊ ㄙㄠ
嗷鴻,1,ㄠˊ ㄏㄨㄥˊ
嗼寂,1,ㄇㄛˋ ㄐㄧˊ
嗾使,1,ㄙㄡˇ ㄕˇ
嘀咕,1,ㄉㄧˊ ㄍㄨ˙
嘆美,1,ㄊㄢˋ ㄇㄟˇ
嘆詞,1,ㄊㄢˋ ㄘˊ
嘈亂,1,ㄘㄠˊ ㄌㄨㄢˋ
嘈人,1,ㄘㄠˊ ㄖㄣˊ
嘈吵,1,ㄘㄠˊ ㄔㄠˇ
嘈嘈,1,ㄘㄠˊ ㄘㄠˊ
嘈聒,1,ㄘㄠˊ ㄍㄨㄚ
嘉名,1,ㄐㄧㄚ ㄇㄧㄥˊ
嘉問,1,ㄐㄧㄚ ㄨㄣˋ
嘉客,1,ㄐㄧㄚ ㄎㄜˋ
嘉平,1,ㄐㄧㄚ ㄆㄧㄥˊ
嘉戎,1,ㄐㄧㄚ ㄖㄨㄥˊ
嘉會,1,ㄐㄧㄚ ㄏㄨㄟˋ
嘉歲,1,ㄐㄧㄚ ㄙㄨㄟˋ
嘉殽,1,ㄐㄧㄚ ㄧㄠˊ
嘉澍,1,ㄐㄧㄚ ㄕㄨˋ
嘉玉,1,ㄐㄧㄚ ㄩˋ
嘉石,1,ㄐㄧㄚ ㄕˊ
嘉穀,1,ㄐㄧㄚ ㄍㄨˇ
嘉耦,1,ㄐㄧㄚ ㄡˇ
嘉肴,1,ㄐㄧㄚ ㄧㄠˊ
嘉蔬,1,ㄐㄧㄚ ㄕㄨ
嘉話,1,ㄐㄧㄚ ㄏㄨㄚˋ
嘉謨,1,ㄐㄧㄚ ㄇㄛˊ
嘉貺,1,ㄐㄧㄚ ㄎㄨㄤˋ
嘉魚,1,ㄐㄧㄚ ㄩˊ
嘍子,1,ㄌㄡˊ ㄗ˙
嘎吱,1,ㄍㄚ ㄓ
嘎巴,1,ㄍㄚ ㄅㄚ˙
嘎調,1,ㄍㄚˊ ㄉㄧㄠˋ
嘏命,1,ㄍㄨˇ ㄇㄧㄥˋ
嘐嘐,1,ㄒㄧㄠ ㄒㄧㄠ
嘑爾,1,ㄏㄨˋ ㄦˇ
嘑頭,1,ㄏㄨ ㄊㄡ˙
嘒嘒,1,ㄏㄨㄟˋ ㄏㄨㄟˋ
嘓啅,1,ㄍㄨㄛ ㄓㄨㄛ˙
嘓噥,1,ㄍㄨㄛ ㄋㄨㄥ˙
嘕嘕,1,ㄒㄧㄢ ㄒㄧㄢ
嘗嘗,1,ㄔㄤˊ ㄔㄤ˙
嘗巧,1,ㄔㄤˊ ㄑㄧㄠˇ
嘗敵,1,ㄔㄤˊ ㄉㄧˊ
嘗新,1,ㄔㄤˊ ㄒㄧㄣ
嘗膳,1,ㄔㄤˊ ㄕㄢˋ
嘗草,1,ㄔㄤˊ ㄘㄠˇ
嘗藥,1,ㄔㄤˊ ㄧㄠˋ
嘗酸,1,ㄔㄤˊ ㄙㄨㄢ
嘗鮮,1,ㄔㄤˊ ㄒㄧㄢ
嘚啵,1,ㄉㄜ ㄅㄛ˙
嘟嘴,1,ㄉㄨ ㄗㄨㄟˇ
嘟噥,1,ㄉㄨ ㄋㄨㄥ˙
嘟嚕,1,ㄉㄨ ㄌㄨ˙
嘧啶,1,ㄇㄧˋ ㄉㄧㄥˋ
嘬嘬,1,ㄔㄨㄞˋ ㄔㄨㄞˋ
嘬嚃,1,ㄔㄨㄞˋ ㄊㄚˋ
嘬炙,1,ㄔㄨㄞˋ ㄓˋ
嘮叨,1,ㄌㄠˊ ㄉㄠ˙
嘮嗑,1,ㄌㄠˊ ㄎㄜˋ
嘮嘮,1,ㄌㄠˊ ㄌㄠˊ
嘮扯,1,ㄌㄠˊ ㄔㄜˇ
嘯傲,1,ㄒㄧㄠˋ ㄠˋ
嘯歌,1,ㄒㄧㄠˋ ㄍㄜ
嘯聚,1,ㄒㄧㄠˋ ㄐㄩˋ
嘰咕,1,ㄐㄧ ㄍㄨ˙
嘲哳,1,ㄔㄠˊ ㄓㄚˊ
嘲啾,1,ㄔㄠˊ ㄐㄧㄡ
嘲弄,1,ㄔㄠˊ ㄋㄨㄥˋ
嘲惹,1,ㄔㄠˊ ㄖㄜˇ
嘲戲,1,ㄔㄠˊ ㄒㄧˋ
嘲撥,1,ㄔㄠˊ ㄅㄛ
嘲歌,1,ㄔㄠˊ ㄍㄜ
嘲詼,1,ㄔㄠˊ ㄏㄨㄟ
嘲謔,1,ㄔㄠˊ ㄋㄩㄝˋ
嘴乖,1,ㄗㄨㄟˇ ㄍㄨㄞ
嘴吶,1,ㄗㄨㄟˇ ㄋㄚˋ
嘴嚴,1,ㄗㄨㄟˇ ㄧㄢˊ
嘴子,1,ㄗㄨㄟˇ ㄗ˙
嘴尖,1,ㄗㄨㄟˇ ㄐㄧㄢ
嘴巴,1,ㄗㄨㄟˇ ㄅㄚ˙
嘴強,1,ㄗㄨㄟˇ ㄐㄧㄤˋ
嘴急,1,ㄗㄨㄟˇ ㄐㄧˊ
嘴敞,1,ㄗㄨㄟˇ ㄔㄤˇ
嘴直,1,ㄗㄨㄟˇ ㄓˊ
嘴穩,1,ㄗㄨㄟˇ ㄨㄣˇ
嘴緊,1,ㄗㄨㄟˇ ㄐㄧㄣˇ
嘴舌,1,ㄗㄨㄟˇ ㄕㄜˊ
嘴貧,1,ㄗㄨㄟˇ ㄆㄧㄣˊ
嘴頭,1,ㄗㄨㄟˇ ㄊㄡˊ
嘵咋,1,ㄒㄧㄠ ㄓㄚˋ
嘵舌,1,ㄒㄧㄠ ㄕㄜˊ
嘶喝,1,ㄙ ㄧㄝˋ
嘶噪,1,ㄙ ㄗㄠˋ
嘶聲,1,ㄙ ㄕㄥ
嘹唳,1,ㄌㄧㄠˊ ㄌㄧˋ
嘹嚦,1,ㄌㄧㄠˊ ㄌㄧˋ
嘻和,1,ㄒㄧ ㄏㄜ˙
嘽嘽,1,ㄊㄢ ㄊㄢ
嘽緩,1,ㄊㄢ ㄏㄨㄢˇ
嘿然,1,ㄇㄛˋ ㄖㄢˊ
嘿記,1,ㄇㄛˋ ㄐㄧˋ
噁心,1,ㄜˇ ㄒㄧㄣ˙
噂噂,1,ㄗㄨㄣˇ ㄗㄨㄣˇ
噂噆,1,ㄗㄨㄣˇ ㄗㄢˇ
噂沓,1,ㄗㄨㄣˇ ㄊㄚˋ
噂議,1,ㄗㄨㄣˇ ㄧˋ
噇飯,1,ㄔㄨㄤˊ ㄈㄢˋ
噌吰,1,ㄔㄥ ㄏㄨㄥˊ
噌道,1,ㄘㄥ ㄉㄠˋ
噍殺,1,ㄐㄧㄠ ㄕㄞˋ
噍類,1,ㄐㄧㄠˋ ㄌㄟˋ
噎人,1,ㄧㄝ ㄖㄣˊ
噎嘔,1,ㄧㄝ ㄡˇ
噎膈,1,ㄧㄝ ㄍㄜˊ
噎饑,1,ㄧㄝ ㄐㄧ
噏呷,1,ㄒㄧ ㄒㄧㄚˊ
噏然,1,ㄒㄧ ㄖㄢˊ
噓吸,1,ㄒㄩ ㄒㄧ
噙淚,1,ㄑㄧㄣˊ ㄌㄟˋ
噞喁,1,ㄧㄢˇ ㄩㄥˊ
噢咻,1,ㄩˇ ㄒㄩˇ
噢咿,1,ㄩˇ ㄧ
噤住,1,ㄐㄧㄣˋ ㄓㄨˋ
噤害,1,ㄐㄧㄣˋ ㄏㄞˋ
噤戰,1,ㄐㄧㄣˋ ㄓㄢˋ
噤齘,1,ㄐㄧㄣˋ ㄒㄧㄝˋ
器任,1,ㄑㄧˋ ㄖㄣˋ
器作,1,ㄑㄧˋ ㄗㄨㄛˋ
器局,1,ㄑㄧˋ ㄐㄩˊ
器質,1,ㄑㄧˋ ㄓˊ
器類,1,ㄑㄧˋ ㄌㄟˋ
噩噩,1,ㄜˋ ㄜˋ
噪脾,1,ㄗㄠˋ ㄆㄧˊ
噫嗚,1,ㄧ ㄨ
噫嘻,1,ㄧ ㄒㄧ
噫氣,1,ㄧ ㄑㄧˋ
噬膚,1,ㄕˋ ㄈㄨ
噬臍,1,ㄕˋ ㄑㄧˊ
噭咷,1,ㄐㄧㄠˋ ㄊㄠˊ
噭噪,1,ㄐㄧㄠˋ ㄗㄠˋ
噭噭,1,ㄐㄧㄠˋ ㄐㄧㄠˋ
噭應,1,ㄐㄧㄠˋ ㄧㄥˋ
噯唷,1,ㄞˋ ㄧㄛ
噯喲,1,ㄞˋ ㄧㄠ
噯氣,1,ㄞˋ ㄑㄧˋ
噰噰,1,ㄩㄥ ㄩㄥ
噲伍,1,ㄎㄨㄞˋ ㄨˇ
噲噲,1,ㄎㄨㄞˋ ㄎㄨㄞˋ
噴勃,1,ㄆㄣ ㄅㄛˊ
噴子,1,ㄆㄣ ㄗ˙
噴施,1,ㄆㄣ ㄕ
噴桶,1,ㄆㄣ ㄊㄨㄥˇ
噴燈,1,ㄆㄣ ㄉㄥ
噴牙,1,ㄆㄣ ㄧㄚˊ
噴薄,1,ㄆㄣ ㄅㄛˊ
噴門,1,ㄆㄣ ㄇㄣˊ
噴雪,1,ㄆㄣ ㄒㄩㄝˇ
噴香,1,ㄆㄣˋ ㄒㄧㄤ
噴鼻,1,ㄆㄣˋ ㄅㄧˊ
噶倫,1,ㄍㄜˊ ㄌㄨㄣˊ
噶廈,1,ㄍㄚˊ ㄒㄧㄚˋ
嚄唶,1,ㄏㄨㄛˋ ㄗㄜˋ
嚄嚄,1,ㄏㄨㄛˋ ㄏㄨㄛˋ
嚅唲,1,ㄖㄨˊ ㄦˊ
嚅囁,1,ㄖㄨˊ ㄋㄧㄝˋ
嚆矢,1,ㄏㄠ ㄕˇ
嚇呆,1,ㄒㄧㄚˋ ㄉㄞ
嚇唬,1,ㄒㄧㄚˋ ㄏㄨ˙
嚇嚇,1,ㄏㄜˋ ㄏㄜˋ
嚇昏,1,ㄒㄧㄚˋ ㄏㄨㄣ
嚇詐,1,ㄏㄜˋ ㄓㄚˋ
嚌咨,1,ㄐㄧˋ ㄗ
嚌喳,1,ㄐㄧˋ ㄔㄚ
嚌嘈,1,ㄐㄧˋ ㄘㄠˊ
嚌嚌,1,ㄐㄧˋ ㄐㄧˋ
嚎喪,1,ㄏㄠˊ ㄙㄤ˙
嚏噴,1,ㄊㄧˋ ㄈㄣ˙
嚘咿,1,ㄧㄡ ㄧ
嚘嚶,1,ㄧㄡ ㄧㄥ
嚚猾,1,ㄧㄣˊ ㄏㄨㄚˊ
嚚瘖,1,ㄧㄣˊ ㄧㄣ
嚚訟,1,ㄧㄣˊ ㄙㄨㄥˋ
嚚闇,1,ㄧㄣˊ ㄢˋ
嚜嚜,1,ㄇㄛˋ ㄇㄛˋ
嚥住,1,ㄧㄢˋ ㄓㄨˋ
嚥唾,1,ㄧㄢˋ ㄊㄨㄛˋ
嚦嚦,1,ㄌㄧˋ ㄌㄧˋ
嚨胡,1,ㄌㄨㄥˊ ㄏㄨˊ
嚬呻,1,ㄆㄧㄣˊ ㄕㄣ
嚬蹙,1,ㄆㄧㄣˊ ㄘㄨˋ
嚮慕,1,ㄒㄧㄤˋ ㄇㄨˋ
嚮明,1,ㄒㄧㄤˋ ㄇㄧㄥˊ
嚮晦,1,ㄒㄧㄤˋ ㄏㄨㄟˋ
嚲懶,1,ㄉㄨㄛˇ ㄌㄢˇ
嚲鞚,1,ㄉㄨㄛˇ ㄎㄨㄥˋ
嚴光,1,ㄧㄢˊ ㄍㄨㄤ
嚴切,1,ㄧㄢˊ ㄑㄧㄝˋ
嚴制,1,ㄧㄢˊ ㄓˋ
嚴刻,1,ㄧㄢˊ ㄎㄜˋ
嚴君,1,ㄧㄢˊ ㄐㄩㄣ
嚴妝,1,ㄧㄢˊ ㄓㄨㄤ
嚴實,1,ㄧㄢˊ ㄕ˙
嚴忌,1,ㄧㄢˊ ㄐㄧˋ
嚴惡,1,ㄧㄢˊ ㄜˋ
嚴振,1,ㄧㄢˊ ㄓㄣˋ
嚴斥,1,ㄧㄢˊ ㄔˋ
嚴更,1,ㄧㄢˊ ㄍㄥ
嚴棘,1,ㄧㄢˊ ㄐㄧˊ
嚴殺,1,ㄧㄢˊ ㄕㄚ
嚴毅,1,ㄧㄢˊ ㄧˋ
嚴緊,1,ㄧㄢˊ ㄐㄧㄣ˙
嚴羽,1,ㄧㄢˊ ㄩˇ
嚴處,1,ㄧㄢˊ ㄔㄨˇ
嚴裝,1,ㄧㄢˊ ㄓㄨㄤ
嚴親,1,ㄧㄢˊ ㄑㄧㄣ
嚴遵,1,ㄧㄢˊ ㄗㄨㄣ
嚴靚,1,ㄧㄢˊ ㄐㄧㄥˋ
嚴駕,1,ㄧㄢˊ ㄐㄧㄚˋ
嚴麗,1,ㄧㄢˊ ㄌㄧˋ
嚴鼓,1,ㄧㄢˊ ㄍㄨˇ
嚶嚀,1,ㄧㄥ ㄋㄧㄥˊ
嚷刮,1,ㄖㄤˇ ㄍㄨㄚ
嚷叫,1,ㄖㄤˇ ㄐㄧㄠˋ
嚷罵,1,ㄖㄤˇ ㄇㄚˋ
嚼子,1,ㄐㄧㄠˊ ㄗ˙
嚼旃,1,ㄐㄩㄝˊ ㄓㄢ
嚼用,1,ㄐㄧㄠˊ ㄩㄥˋ
嚼穀,1,ㄐㄧㄠˊ ㄍㄨˇ
嚼蛆,1,ㄐㄧㄠˊ ㄑㄩ
嚼蠟,1,ㄐㄩㄝˊ ㄌㄚˋ
嚼說,1,ㄐㄧㄠˊ ㄕㄨㄛ
嚼齒,1,ㄐㄧㄠˊ ㄔˇ
嚾嚾,1,ㄏㄨㄢ ㄏㄨㄢ
囀喉,1,ㄓㄨㄢˇ ㄏㄡˊ
囁嚅,1,ㄋㄧㄝˋ ㄖㄨˊ
囂俗,1,ㄒㄧㄠ ㄙㄨˊ
囂囂,1,ㄒㄧㄠ ㄒㄧㄠ
囂塵,1,ㄒㄧㄠ ㄔㄣˊ
囂滓,1,ㄒㄧㄠ ㄗˇ
囂然,1,ㄒㄧㄠ ㄖㄢˊ
囂競,1,ㄒㄧㄠ ㄐㄧㄥˋ
囂謗,1,ㄒㄧㄠ ㄅㄤˋ
囂雜,1,ㄒㄧㄠ ㄗㄚˊ
囂頭,1,ㄒㄧㄠ ㄊㄡˊ
囂風,1,ㄒㄧㄠ ㄈㄥ
囂鬧,1,ㄒㄧㄠ ㄋㄠˋ
囅然,1,ㄔㄢˇ ㄖㄢˊ
囈怔,1,ㄧˋ ㄓㄥ˙
囈掙,1,ㄧˋ ㄓㄥ
囉唕,1,ㄌㄨㄛˊ ㄗㄠˋ
囉嗦,1,ㄌㄨㄛ ㄙㄨㄛ˙
囉囌,1,ㄌㄨㄛ ㄙㄨ
囊家,1,ㄋㄤˊ ㄐㄧㄚ
囊底,1,ㄋㄤˊ ㄉㄧˇ
囊揣,1,ㄋㄤˊ ㄔㄨㄞˇ
囊撲,1,ㄋㄤˊ ㄆㄨ
囊橐,1,ㄋㄤˊ ㄊㄨㄛˊ
囊螢,1,ㄋㄤˊ ㄧㄥˊ
囊袋,1,ㄋㄤˊ ㄉㄞˋ
囊裝,1,ㄋㄤˊ ㄓㄨㄤ
囊頭,1,ㄋㄤˊ ㄊㄡˊ
囑付,1,ㄓㄨˇ ㄈㄨˋ
囚繫,1,ㄑㄧㄡˊ ㄒㄧˋ
四七,1,ㄙˋ ㄑㄧ
四京,1,ㄙˋ ㄐㄧㄥ
四伏,1,ㄙˋ ㄈㄨˊ
四依,1,ㄙˋ ㄧ
四傑,1,ㄙˋ ㄐㄧㄝˊ
四六,1,ㄙˋ ㄌㄧㄡˋ
四凶,1,ㄙˋ ㄒㄩㄥ
四勿,1,ㄙˋ ㄨˋ
四君,1,ㄙˋ ㄐㄩㄣ
四唐,1,ㄙˋ ㄊㄤˊ
四喜,1,ㄙˋ ㄒㄧˇ
四坐,1,ㄙˋ ㄗㄨㄛˋ
四垂,1,ㄙˋ ㄔㄨㄟˊ
四塞,1,ㄙˋ ㄙㄞˋ
四塵,1,ㄙˋ ㄔㄣˊ
四夷,1,ㄙˋ ㄧˊ
四始,1,ㄙˋ ㄕˇ
四姓,1,ㄙˋ ㄒㄧㄥˋ
四孟,1,ㄙˋ ㄇㄥˋ
四封,1,ㄙˋ ㄈㄥ
四岳,1,ㄙˋ ㄩㄝˋ
四嶽,1,ㄙˋ ㄩㄝˋ
四序,1,ㄙˋ ㄒㄩˋ
四廂,1,ㄙˋ ㄒㄧㄤ
四強,1,ㄙˋ ㄑㄧㄤˊ
四性,1,ㄙˋ ㄒㄧㄥˋ
四拜,1,ㄙˋ ㄅㄞˋ
四教,1,ㄙˋ ㄐㄧㄠˋ
四會,1,ㄙˋ ㄏㄨㄟˋ
四望,1,ㄙˋ ㄨㄤˋ
四末,1,ㄙˋ ㄇㄛˋ
四果,1,ㄙˋ ㄍㄨㄛˇ
四柱,1,ㄙˋ ㄓㄨˋ
四極,1,ㄙˋ ㄐㄧˊ
四毋,1,ㄙˋ ㄨˊ
四氣,1,ㄙˋ ㄑㄧˋ
四海,1,ㄙˋ ㄏㄞ˙
四瀆,1,ㄙˋ ㄉㄨˊ
四牡,1,ㄙˋ ㄇㄨˇ
四生,1,ㄙˋ ㄕㄥ
四皓,1,ㄙˋ ㄏㄠˋ
四眾,1,ㄙˋ ㄓㄨㄥˋ
四知,1,ㄙˋ ㄓ
四稱,1,ㄙˋ ㄔㄥˋ
四等,1,ㄙˋ ㄉㄥˇ
四絕,1,ㄙˋ ㄐㄩㄝˊ
四育,1,ㄙˋ ㄩˋ
四胡,1,ㄙˋ ㄏㄨˊ
四荒,1,ㄙˋ ㄏㄨㄤ
四藩,1,ㄙˋ ㄈㄢˊ
四虛,1,ㄙˋ ㄒㄩ
四表,1,ㄙˋ ㄅㄧㄠˇ
四裔,1,ㄙˋ ㄧˋ
四診,1,ㄙˋ ㄓㄣˇ
四近,1,ㄙˋ ㄐㄧㄣˋ
四運,1,ㄙˋ ㄩㄣˋ
四達,1,ㄙˋ ㄉㄚˊ
四關,1,ㄙˋ ㄍㄨㄢ
四難,1,ㄙˋ ㄋㄢˊ
四靈,1,ㄙˋ ㄌㄧㄥˊ
回九,1,ㄏㄨㄟˊ ㄐㄧㄡˇ
回佣,1,ㄏㄨㄟˊ ㄩㄥˋ
回來,1,ㄏㄨㄟˊ ㄌㄞ˙
回候,1,ㄏㄨㄟˊ ㄏㄡˋ
回去,1,ㄏㄨㄟˊ ㄑㄩ˙
回告,1,ㄏㄨㄟˊ ㄍㄠˋ
回和,1,ㄏㄨㄟˊ ㄏㄜˊ
回回,1,ㄏㄨㄟˊ ㄏㄨㄟ˙
回塘,1,ㄏㄨㄟˊ ㄊㄤˊ
回天,1,ㄏㄨㄟˊ ㄊㄧㄢ
回奉,1,ㄏㄨㄟˊ ㄈㄥˋ
回子,1,ㄏㄨㄟˊ ㄗ˙
回字,1,ㄏㄨㄟˊ ㄗˋ
回定,1,ㄏㄨㄟˊ ㄉㄧㄥˋ
回容,1,ㄏㄨㄟˊ ㄖㄨㄥˊ
回帖,1,ㄏㄨㄟˊ ㄊㄧㄝˇ
回席,1,ㄏㄨㄟˊ ㄒㄧˊ
回府,1,ㄏㄨㄟˊ ㄈㄨˇ
回忌,1,ㄏㄨㄟˊ ㄐㄧˋ
回思,1,ㄏㄨㄟˊ ㄙ
回惶,1,ㄏㄨㄟˊ ㄏㄨㄤˊ
回戲,1,ㄏㄨㄟˊ ㄒㄧˋ
回援,1,ㄏㄨㄟˊ ㄩㄢˊ
回旨,1,ㄏㄨㄟˊ ㄓˇ
回易,1,ㄏㄨㄟˊ ㄧˋ
回曆,1,ㄏㄨㄟˊ ㄌㄧˋ
回書,1,ㄏㄨㄟˊ ㄕㄨ
回朝,1,ㄏㄨㄟˊ ㄔㄠˊ
回棋,1,ㄏㄨㄟˊ ㄑㄧˊ
回椎,1,ㄏㄨㄟˊ ㄔㄨㄟˊ
回檔,1,ㄏㄨㄟˊ ㄉㄤˇ
回灘,1,ㄏㄨㄟˊ ㄊㄢ
回煞,1,ㄏㄨㄟˊ ㄕㄚˋ
回燈,1,ㄏㄨㄟˊ ㄉㄥ
回片,1,ㄏㄨㄟˊ ㄆㄧㄢˋ
回狀,1,ㄏㄨㄟˊ ㄓㄨㄤˋ
回生,1,ㄏㄨㄟˊ ㄕㄥ
回用,1,ㄏㄨㄟˊ ㄩㄥˋ
回疆,1,ㄏㄨㄟˊ ㄐㄧㄤ
回盤,1,ㄏㄨㄟˊ ㄆㄢˊ
回示,1,ㄏㄨㄟˊ ㄕˋ
回祿,1,ㄏㄨㄟˊ ㄌㄨˋ
回稟,1,ㄏㄨㄟˊ ㄅㄧㄥˇ
回籍,1,ㄏㄨㄟˊ ㄐㄧˊ
回納,1,ㄏㄨㄟˊ ㄋㄚˋ
回翔,1,ㄏㄨㄟˊ ㄒㄧㄤˊ
回背,1,ㄏㄨㄟˊ ㄅㄟˋ
回腸,1,ㄏㄨㄟˊ ㄔㄤˊ
回訪,1,ㄏㄨㄟˊ ㄈㄤˇ
回請,1,ㄏㄨㄟˊ ㄑㄧㄥˇ
回買,1,ㄏㄨㄟˊ ㄇㄞˇ
回贈,1,ㄏㄨㄟˊ ㄗㄥˋ
回遑,1,ㄏㄨㄟˊ ㄏㄨㄤˊ
回避,1,ㄏㄨㄟˊ ㄅㄧˋ
回邪,1,ㄏㄨㄟˊ ㄒㄧㄝˊ
回郵,1,ㄏㄨㄟˊ ㄧㄡˊ
回銷,1,ㄏㄨㄟˊ ㄒㄧㄠ
回鋒,1,ㄏㄨㄟˊ ㄈㄥ
回鍋,1,ㄏㄨㄟˊ ㄍㄨㄛ
回鑾,1,ㄏㄨㄟˊ ㄌㄨㄢˊ
回闌,1,ㄏㄨㄟˊ ㄌㄢˊ
回頭,1,ㄏㄨㄟˊ ㄊㄡ˙
回飆,1,ㄏㄨㄟˊ ㄅㄧㄠ
回馬,1,ㄏㄨㄟˊ ㄇㄚˇ
回鶻,1,ㄏㄨㄟˊ ㄏㄨˊ
因何,1,ㄧㄣ ㄏㄜˊ
因依,1,ㄧㄣ ㄧ
因國,1,ㄧㄣ ㄍㄨㄛˊ
因明,1,ㄧㄣ ㄇㄧㄥˊ
因習,1,ㄧㄣ ㄒㄧˊ
因頭,1,ㄧㄣ ㄊㄡˊ
囡仔,1,ㄋㄢ ㄗ˙
囤塌,1,ㄊㄨㄣˊ ㄊㄚ
囤子,1,ㄉㄨㄣˋ ㄗ˙
囤子,1,ㄊㄨㄣˊ ㄗ˙
囤聚,1,ㄊㄨㄣˊ ㄐㄩˋ
囧囧,1,ㄐㄩㄥˇ ㄐㄩㄥˇ
囮子,1,ㄧㄡˊ ㄗ˙
困人,1,ㄎㄨㄣˋ ㄖㄣˊ
困學,1,ㄎㄨㄣˋ ㄒㄩㄝˊ
困憊,1,ㄎㄨㄣˋ ㄅㄟˋ
困歇,1,ㄎㄨㄣˋ ㄒㄧㄝ
困滯,1,ㄎㄨㄣˋ ㄓˋ
困畏,1,ㄎㄨㄣˋ ㄨㄟˋ
困處,1,ㄎㄨㄣˋ ㄔㄨˇ
困覺,1,ㄎㄨㄣˋ ㄐㄧㄠˋ
困話,1,ㄎㄨㄣˋ ㄏㄨㄚˋ
困蹙,1,ㄎㄨㄣˋ ㄘㄨˋ
困躓,1,ㄎㄨㄣˋ ㄓˋ
困阻,1,ㄎㄨㄣˋ ㄗㄨˇ
困隘,1,ㄎㄨㄣˋ ㄞˋ
困難,1,ㄎㄨㄣˋ ㄋㄢ˙
困鬥,1,ㄎㄨㄣˋ ㄉㄡˋ
囷倉,1,ㄐㄩㄣ ㄘㄤ
囷囷,1,ㄐㄩㄣ ㄐㄩㄣ
囷窌,1,ㄐㄩㄣ ㄐㄧㄠˋ
囷鹿,1,ㄐㄩㄣ ㄌㄨˋ
囹圉,1,ㄌㄧㄥˊ ㄩˇ
固壽,1,ㄍㄨˋ ㄕㄡˋ
固姑,1,ㄍㄨˋ ㄍㄨ
固宜,1,ㄍㄨˋ ㄧˊ
固徵,1,ㄍㄨˋ ㄓㄥ
固接,1,ㄍㄨˋ ㄐㄧㄝ
固本,1,ㄍㄨˋ ㄅㄣˇ
固疾,1,ㄍㄨˋ ㄐㄧˊ
固知,1,ㄍㄨˋ ㄓ
固窮,1,ㄍㄨˋ ㄑㄩㄥˊ
固節,1,ㄍㄨˋ ㄐㄧㄝˊ
固習,1,ㄍㄨˋ ㄒㄧˊ
固蒂,1,ㄍㄨˋ ㄉㄧˋ
固請,1,ㄍㄨˋ ㄑㄧㄥˇ
固讓,1,ㄍㄨˋ ㄖㄤˋ
固辭,1,ㄍㄨˋ ㄘˊ
固遜,1,ㄍㄨˋ ㄒㄩㄣˋ
固非,1,ㄍㄨˋ ㄈㄟ
囿人,1,ㄧㄡˋ ㄖㄣˊ
圂腴,1,ㄏㄨㄣˋ ㄩˊ
圃事,1,ㄆㄨˇ ㄕˋ
圃師,1,ㄆㄨˇ ㄕ
圃畦,1,ㄆㄨˇ ㄒㄧ
圈口,1,ㄑㄩㄢ ㄎㄡˇ
圈子,1,ㄑㄩㄢˋ ㄗ˙
圈弄,1,ㄑㄩㄢ ㄋㄨㄥˋ
圈檻,1,ㄐㄩㄢˋ ㄐㄧㄢˋ
圈肥,1,ㄐㄩㄢˋ ㄈㄟˊ
圈馬,1,ㄐㄩㄢ ㄇㄚˇ
圉人,1,ㄩˇ ㄖㄣˊ
圉圉,1,ㄩˇ ㄩˇ
圉師,1,ㄩˇ ㄕ
圉絆,1,ㄩˇ ㄅㄢˋ
圊圂,1,ㄑㄧㄥ ㄏㄨㄣˋ
圊肥,1,ㄑㄧㄥ ㄈㄟˊ
國主,1,ㄍㄨㄛˊ ㄓㄨˇ
國使,1,ㄍㄨㄛˊ ㄕˇ
國俊,1,ㄍㄨㄛˊ ㄐㄩㄣˋ
國信,1,ㄍㄨㄛˊ ㄒㄧㄣˋ
國典,1,ㄍㄨㄛˊ ㄉㄧㄢˇ
國冠,1,ㄍㄨㄛˊ ㄍㄨㄢ
國初,1,ㄍㄨㄛˊ ㄔㄨ
國別,1,ㄍㄨㄛˊ ㄅㄧㄝˊ
國器,1,ㄍㄨㄛˊ ㄑㄧˋ
國城,1,ㄍㄨㄛˊ ㄔㄥˊ
國太,1,ㄍㄨㄛˊ ㄊㄞˋ
國子,1,ㄍㄨㄛˊ ㄗˇ
國容,1,ㄍㄨㄛˊ ㄖㄨㄥˊ
國忌,1,ㄍㄨㄛˊ ㄐㄧˋ
國恤,1,ㄍㄨㄛˊ ㄒㄩˋ
國憂,1,ㄍㄨㄛˊ ㄧㄡ
國憲,1,ㄍㄨㄛˊ ㄒㄧㄢˋ
國技,1,ㄍㄨㄛˊ ㄐㄧˋ
國族,1,ㄍㄨㄛˊ ㄗㄨˊ
國柄,1,ㄍㄨㄛˊ ㄅㄧㄥˇ
國狗,1,ㄍㄨㄛˊ ㄍㄡˇ
國瑞,1,ㄍㄨㄛˊ ㄖㄨㄟˋ
國破,1,ㄍㄨㄛˊ ㄆㄛˋ
國祚,1,ㄍㄨㄛˊ ㄗㄨㄛˋ
國紀,1,ㄍㄨㄛˊ ㄐㄧˋ
國維,1,ㄍㄨㄛˊ ㄨㄟˊ
國老,1,ㄍㄨㄛˊ ㄌㄠˇ
國能,1,ㄍㄨㄛˊ ㄋㄥˊ
國脈,1,ㄍㄨㄛˊ ㄇㄞˋ
國藥,1,ㄍㄨㄛˊ ㄧㄠˋ
國蠹,1,ㄍㄨㄛˊ ㄉㄨˋ
國論,1,ㄍㄨㄛˊ ㄌㄨㄣˋ
國諱,1,ㄍㄨㄛˊ ㄏㄨㄟˋ
國豔,1,ㄍㄨㄛˊ ㄧㄢˋ
國香,1,ㄍㄨㄛˊ ㄒㄧㄤ
圍尺,1,ㄨㄟˊ ㄔˇ
圍桌,1,ㄨㄟˊ ㄓㄨㄛ
圍獵,1,ㄨㄟˊ ㄌㄧㄝˋ
圍籬,1,ㄨㄟˊ ㄌㄧˊ
圍腰,1,ㄨㄟˊ ㄧㄠ
園令,1,ㄩㄢˊ ㄌㄧㄥˋ
園吏,1,ㄩㄢˊ ㄌㄧˋ
園囿,1,ㄩㄢˊ ㄧㄡˋ
園妾,1,ㄩㄢˊ ㄑㄧㄝˋ
園官,1,ㄩㄢˊ ㄍㄨㄢ
圓作,1,ㄩㄢˊ ㄗㄨㄛ
圓便,1,ㄩㄢˊ ㄅㄧㄢˋ
圓備,1,ㄩㄢˊ ㄅㄟˋ
圓全,1,ㄩㄢˊ ㄑㄩㄢ˙
圓和,1,ㄩㄢˊ ㄏㄜˊ
圓墳,1,ㄩㄢˊ ㄈㄣˊ
圓宰,1,ㄩㄢˊ ㄗㄞˇ
圓就,1,ㄩㄢˊ ㄐㄧㄡˋ
圓扉,1,ㄩㄢˊ ㄈㄟ
圓教,1,ㄩㄢˊ ㄐㄧㄠˋ
圓汛,1,ㄩㄢˊ ㄒㄩㄣˋ
圓活,1,ㄩㄢˊ ㄏㄨㄛˊ
圓活,1,ㄩㄢˊ ㄏㄨㄛ˙
圓測,1,ㄩㄢˊ ㄘㄜˋ
圓熟,1,ㄩㄢˊ ㄕㄨˊ
圓眼,1,ㄩㄢˊ ㄧㄢˇ
圓睜,1,ㄩㄢˊ ㄓㄥ
圓社,1,ㄩㄢˊ ㄕㄜˋ
圓籠,1,ㄩㄢˊ ㄌㄨㄥ˙
圓雕,1,ㄩㄢˊ ㄉㄧㄠ
圓靈,1,ㄩㄢˊ ㄌㄧㄥˊ
圓頭,1,ㄩㄢˊ ㄊㄡˊ
圓飯,1,ㄩㄢˊ ㄈㄢˋ
圖乙,1,ㄊㄨˊ ㄧˇ
圖南,1,ㄊㄨˊ ㄋㄢˊ
圖報,1,ㄊㄨˊ ㄅㄠˋ
圖害,1,ㄊㄨˊ ㄏㄞˋ
圖寫,1,ㄊㄨˊ ㄒㄧㄝˇ
圖工,1,ㄊㄨˊ ㄍㄨㄥ
圖度,1,ㄊㄨˊ ㄉㄨㄛˋ
圖真,1,ㄊㄨˊ ㄓㄣ
圖籙,1,ㄊㄨˊ ㄌㄨˋ
圖紋,1,ㄊㄨˊ ㄨㄣˊ
圖緯,1,ㄊㄨˊ ㄨㄟˇ
圖繪,1,ㄊㄨˊ ㄏㄨㄟˋ
圖譜,1,ㄊㄨˊ ㄆㄨˇ
圖讖,1,ㄊㄨˊ ㄔㄣˋ
圖賴,1,ㄊㄨˊ ㄌㄞˋ
圖錄,1,ㄊㄨˊ ㄌㄨˋ
團丁,1,ㄊㄨㄢˊ ㄉㄧㄥ
團主,1,ㄊㄨㄢˊ ㄓㄨˇ
團伙,1,ㄊㄨㄢˊ ㄏㄨㄛˇ
團剝,1,ㄊㄨㄢˊ ㄅㄛ
團勇,1,ㄊㄨㄢˊ ㄩㄥˇ
團匪,1,ㄊㄨㄢˊ ㄈㄟˇ
團圍,1,ㄊㄨㄢˊ ㄨㄟˊ
團圞,1,ㄊㄨㄢˊ ㄌㄨㄢˊ
團康,1,ㄊㄨㄢˊ ㄎㄤ
團弄,1,ㄊㄨㄢˊ ㄋㄨㄥˋ
團掿,1,ㄊㄨㄢˊ ㄋㄨㄛˋ
團書,1,ㄊㄨㄢˊ ㄕㄨ
團案,1,ㄊㄨㄢˊ ㄢˋ
團欒,1,ㄊㄨㄢˊ ㄌㄨㄢˊ
團牌,1,ㄊㄨㄢˊ ㄆㄞˊ
團瓢,1,ㄊㄨㄢˊ ㄆㄧㄠˊ
團礦,1,ㄊㄨㄢˊ ㄎㄨㄤˋ
團社,1,ㄊㄨㄢˊ ㄕㄜˋ
團空,1,ㄊㄨㄢˊ ㄎㄨㄥ
團粒,1,ㄊㄨㄢˊ ㄌㄧˋ
團臉,1,ㄊㄨㄢˊ ㄌㄧㄢˇ
團花,1,ㄊㄨㄢˊ ㄏㄨㄚ
團荷,1,ㄊㄨㄢˊ ㄏㄜˊ
團著,1,ㄊㄨㄢˊ ㄓㄜ˙
團藻,1,ㄊㄨㄢˊ ㄗㄠˇ
團行,1,ㄊㄨㄢˊ ㄏㄤˊ
團音,1,ㄊㄨㄢˊ ㄧㄣ
團頭,1,ㄊㄨㄢˊ ㄊㄡˊ
團龍,1,ㄊㄨㄢˊ ㄌㄨㄥˊ
圜丘,1,ㄩㄢˊ ㄑㄧㄡ
圜扉,1,ㄩㄢˊ ㄈㄟ
圜牆,1,ㄩㄢˊ ㄑㄧㄤˊ
圜鍾,1,ㄩㄢˊ ㄓㄨㄥ
土丘,1,ㄊㄨˇ ㄑㄧㄡ
土事,1,ㄊㄨˇ ㄕˋ
土作,1,ㄊㄨˇ ㄗㄨㄛ
土倫,1,ㄊㄨˇ ㄌㄨㄣˊ
土偶,1,ㄊㄨˇ ㄡˇ
土儀,1,ㄊㄨˇ ㄧˊ
土兵,1,ㄊㄨˇ ㄅㄧㄥ
土刑,1,ㄊㄨˇ ㄒㄧㄥˊ
土參,1,ㄊㄨˇ ㄕㄣ
土味,1,ㄊㄨˇ ㄨㄟˋ
土囊,1,ㄊㄨˇ ㄋㄤˊ
土堤,1,ㄊㄨˇ ㄊㄧˊ
土墼,1,ㄊㄨˇ ㄐㄧˊ
土壁,1,ㄊㄨˇ ㄅㄧˋ
土娼,1,ㄊㄨˇ ㄔㄤ
土宇,1,ㄊㄨˇ ㄩˇ
土官,1,ㄊㄨˇ ㄍㄨㄢ
土宜,1,ㄊㄨˇ ㄧˊ
土居,1,ㄊㄨˇ ㄐㄩ
土山,1,ㄊㄨˇ ㄕㄢ
土市,1,ㄊㄨˇ ㄕˋ
土平,1,ㄊㄨˇ ㄆㄧㄥˊ
土思,1,ㄊㄨˇ ㄙ
土戲,1,ㄊㄨˇ ㄒㄧˋ
土斯,1,ㄊㄨˇ ㄙ
土曜,1,ㄊㄨˇ ㄧㄠˋ
土梗,1,ㄊㄨˇ ㄍㄥˇ
土棧,1,ㄊㄨˇ ㄓㄢˋ
土榻,1,ㄊㄨˇ ㄊㄚ
土榻,1,ㄊㄨˇ ㄊㄚˋ
土橋,1,ㄊㄨˇ ㄑㄧㄠˊ
土毛,1,ㄊㄨˇ ㄇㄠˊ
土泥,1,ㄊㄨˇ ㄋㄧˊ
土灰,1,ㄊㄨˇ ㄏㄨㄟ
土灶,1,ㄊㄨˇ ㄗㄠˋ
土炕,1,ㄊㄨˇ ㄎㄤˋ
土燕,1,ㄊㄨˇ ㄧㄢˋ
土牛,1,ㄊㄨˇ ㄋㄧㄡˊ
土物,1,ㄊㄨˇ ㄨˋ
土甕,1,ㄊㄨˇ ㄨㄥˋ
土目,1,ㄊㄨˇ ㄇㄨˋ
土祇,1,ㄊㄨˇ ㄑㄧˊ
土神,1,ㄊㄨˇ ㄕㄣˊ
土稚,1,ㄊㄨˇ ㄓˋ
土空,1,ㄊㄨˇ ㄎㄨㄥ
土窯,1,ㄊㄨˇ ㄧㄠˊ
土紳,1,ㄊㄨˇ ㄕㄣ
土脈,1,ㄊㄨˇ ㄇㄞˋ
土腔,1,ㄊㄨˇ ㄑㄧㄤ
土膏,1,ㄊㄨˇ ㄍㄠ
土色,1,ㄊㄨˇ ㄙㄜˋ
土芥,1,ㄊㄨˇ ㄐㄧㄝˋ
土著,1,ㄊㄨˇ ㄓㄨㄛˊ
土藥,1,ㄊㄨˇ ㄧㄠˋ
土蜂,1,ㄊㄨˇ ㄈㄥ
土蝗,1,ㄊㄨˇ ㄏㄨㄤˊ
土蠶,1,ㄊㄨˇ ㄘㄢˊ
土行,1,ㄊㄨˇ ㄏㄤˊ
土調,1,ㄊㄨˇ ㄉㄧㄠˋ
土豚,1,ㄊㄨˇ ㄊㄨㄣˊ
土貢,1,ㄊㄨˇ ㄍㄨㄥˋ
土釵,1,ㄊㄨˇ ㄔㄞ
土銼,1,ㄊㄨˇ ㄘㄨㄛˋ
土阜,1,ㄊㄨˇ ㄈㄨˋ
土雨,1,ㄊㄨˇ ㄩˇ
土音,1,ㄊㄨˇ ㄧㄣ
土香,1,ㄊㄨˇ ㄒㄧㄤ
在任,1,ㄗㄞˋ ㄖㄣˋ
在城,1,ㄗㄞˋ ㄔㄥˊ
在官,1,ㄗㄞˋ ㄍㄨㄢ
在室,1,ㄗㄞˋ ㄕˋ
在席,1,ㄗㄞˋ ㄒㄧˊ
在日,1,ㄗㄞˋ ㄖˋ
在昔,1,ㄗㄞˋ ㄒㄧˊ
在疚,1,ㄗㄞˋ ㄐㄧㄡˋ
在苫,1,ㄗㄞˋ ㄕㄢ
在莒,1,ㄗㄞˋ ㄐㄩˇ
在陳,1,ㄗㄞˋ ㄔㄣˊ
圩堤,1,ㄩˊ ㄊㄧˊ
圩子,1,ㄩˊ ㄗ˙
圬工,1,ㄨ ㄍㄨㄥ
圬者,1,ㄨ ㄓㄜˇ
圬鏝,1,ㄨ ㄇㄢˋ
圭玉,1,ㄍㄨㄟ ㄩˋ
圭璋,1,ㄍㄨㄟ ㄓㄤ
圭璧,1,ㄍㄨㄟ ㄅㄧˋ
圭窬,1,ㄍㄨㄟ ㄩˊ
圭竇,1,ㄍㄨㄟ ㄉㄡˋ
圭蓽,1,ㄍㄨㄟ ㄅㄧˋ
圭角,1,ㄍㄨㄟ ㄐㄧㄠˇ
圭門,1,ㄍㄨㄟ ㄇㄣˊ
圮剝,1,ㄆㄧˇ ㄅㄛ
圮地,1,ㄆㄧˇ ㄉㄧˋ
圮滯,1,ㄆㄧˇ ㄓˋ
圮絕,1,ㄆㄧˇ ㄐㄩㄝˊ
圮裂,1,ㄆㄧˇ ㄌㄧㄝˋ
圯橋,1,ㄧˊ ㄑㄧㄠˊ
地丁,1,ㄉㄧˋ ㄉㄧㄥ
地上,1,ㄉㄧˋ ㄕㄤ˙
地下,1,ㄉㄧˋ ㄒㄧㄚ˙
地分,1,ㄉㄧˋ ㄈㄣˋ
地匣,1,ㄉㄧˋ ㄒㄧㄚˊ
地圈,1,ㄉㄧˋ ㄑㄩㄢ
地坪,1,ㄉㄧˋ ㄆㄧㄥˊ
地塹,1,ㄉㄧˋ ㄑㄧㄢˋ
地壘,1,ㄉㄧˋ ㄌㄟˇ
地宮,1,ㄉㄧˋ ㄍㄨㄥ
地師,1,ㄉㄧˋ ㄕ
地戶,1,ㄉㄧˋ ㄏㄨˋ
地方,1,ㄉㄧˋ ㄈㄤ˙
地望,1,ㄉㄧˋ ㄨㄤˋ
地柱,1,ㄉㄧˋ ㄓㄨˋ
地棍,1,ㄉㄧˋ ㄍㄨㄣˋ
地氈,1,ㄉㄧˋ ㄓㄢ
地溝,1,ㄉㄧˋ ㄍㄡ
地炕,1,ㄉㄧˋ ㄎㄤˋ
地煞,1,ㄉㄧˋ ㄕㄚˋ
地癖,1,ㄉㄧˋ ㄆㄧˇ
地目,1,ㄉㄧˋ ㄇㄨˋ
地祇,1,ㄉㄧˋ ㄑㄧˊ
地籟,1,ㄉㄧˋ ㄌㄞˋ
地經,1,ㄉㄧˋ ㄐㄧㄥ
地脈,1,ㄉㄧˋ ㄇㄞˋ
地脊,1,ㄉㄧˋ ㄐㄧˇ
地荒,1,ㄉㄧˋ ㄏㄨㄤ
地著,1,ㄉㄧˋ ㄓㄨㄛˊ
地藏,1,ㄉㄧˋ ㄗㄤˋ
地角,1,ㄉㄧˋ ㄐㄧㄠˇ
地變,1,ㄉㄧˋ ㄅㄧㄢˋ
地輿,1,ㄉㄧˋ ㄩˊ
地道,1,ㄉㄧˋ ㄉㄠ˙
地鄰,1,ㄉㄧˋ ㄌㄧㄣˊ
地里,1,ㄉㄧˋ ㄌㄧˇ
地鋪,1,ㄉㄧˋ ㄆㄨˋ
地陷,1,ㄉㄧˋ ㄒㄧㄢˋ
地靈,1,ㄉㄧˋ ㄌㄧㄥˊ
地黃,1,ㄉㄧˋ ㄏㄨㄤˊ
圻界,1,ㄑㄧˊ ㄐㄧㄝˋ
均之,1,ㄐㄩㄣ ㄓ
均派,1,ㄐㄩㄣ ㄆㄞˋ
均賠,1,ㄐㄩㄣ ㄆㄟˊ
均賦,1,ㄐㄩㄣ ㄈㄨˋ
均輸,1,ㄐㄩㄣ ㄕㄨ
坊佐,1,ㄈㄤ ㄗㄨㄛˇ
坊子,1,ㄈㄤ ㄗ˙
坊市,1,ㄈㄤ ㄕˋ
坊廂,1,ㄈㄤ ㄒㄧㄤ
坊曲,1,ㄈㄤ ㄑㄩ
坊本,1,ㄈㄤ ㄅㄣˇ
坊牌,1,ㄈㄤ ㄆㄞˊ
坊記,1,ㄈㄤˊ ㄐㄧˋ
坊門,1,ㄈㄤ ㄇㄣˊ
坊隅,1,ㄈㄤ ㄩˊ
坌工,1,ㄅㄣˋ ㄍㄨㄥ
坍毀,1,ㄊㄢ ㄏㄨㄟˇ
坍落,1,ㄊㄢ ㄌㄨㄛˋ
坎坎,1,ㄎㄢˇ ㄎㄢˇ
坎壈,1,ㄎㄢˇ ㄌㄢˇ
坎窞,1,ㄎㄢˇ ㄉㄢˋ
坎阱,1,ㄎㄢˇ ㄐㄧㄥˇ
坏土,1,ㄆㄟˊ ㄊㄨˇ
坐享,1,ㄗㄨㄛˋ ㄒㄧㄤˇ
坐功,1,ㄗㄨㄛˋ ㄍㄨㄥ
坐名,1,ㄗㄨㄛˋ ㄇㄧㄥˊ
坐嘯,1,ㄗㄨㄛˋ ㄒㄧㄠˋ
坐困,1,ㄗㄨㄛˋ ㄎㄨㄣˋ
坐地,1,ㄗㄨㄛˋ ㄉㄧˋ
坐坡,1,ㄗㄨㄛˋ ㄆㄛ
坐堂,1,ㄗㄨㄛˋ ㄊㄤˊ
坐夜,1,ㄗㄨㄛˋ ㄧㄝˋ
坐失,1,ㄗㄨㄛˋ ㄕ
坐婆,1,ㄗㄨㄛˋ ㄆㄛˊ
坐客,1,ㄗㄨㄛˋ ㄎㄜˋ
坐實,1,ㄗㄨㄛˋ ㄕ˙
坐帳,1,ㄗㄨㄛˋ ㄓㄤˋ
坐年,1,ㄗㄨㄛˋ ㄋㄧㄢˊ
坐廳,1,ㄗㄨㄛˋ ㄊㄧㄥ
坐忘,1,ㄗㄨㄛˋ ㄨㄤˋ
坐性,1,ㄗㄨㄛˋ ㄒㄧㄥ˙
坐斷,1,ㄗㄨㄛˋ ㄉㄨㄢˋ
坐更,1,ㄗㄨㄛˋ ㄍㄥ
坐曹,1,ㄗㄨㄛˋ ㄘㄠˊ
坐殿,1,ㄗㄨㄛˋ ㄉㄧㄢˋ
坐浴,1,ㄗㄨㄛˋ ㄩˋ
坐監,1,ㄗㄨㄛˋ ㄐㄧㄢ
坐監,1,ㄗㄨㄛˋ ㄐㄧㄢˋ
坐科,1,ㄗㄨㄛˋ ㄎㄜ
坐簿,1,ㄗㄨㄛˋ ㄅㄨˋ
坐索,1,ㄗㄨㄛˋ ㄙㄨㄛˇ
坐罪,1,ㄗㄨㄛˋ ㄗㄨㄟˋ
坐致,1,ㄗㄨㄛˋ ㄓˋ
坐草,1,ㄗㄨㄛˋ ㄘㄠˇ
坐莊,1,ㄗㄨㄛˋ ㄓㄨㄤ
坐蓐,1,ㄗㄨㄛˋ ㄖㄨˋ
坐藥,1,ㄗㄨㄛˋ ㄧㄠˋ
坐蠟,1,ㄗㄨㄛˋ ㄌㄚˋ
坐褥,1,ㄗㄨㄛˋ ㄖㄨˋ
坐賈,1,ㄗㄨㄛˋ ㄍㄨˇ
坐轎,1,ㄗㄨㄛˋ ㄐㄧㄠˋ
坐鐘,1,ㄗㄨㄛˋ ㄓㄨㄥ
坐間,1,ㄗㄨㄛˋ ㄐㄧㄢ
坐關,1,ㄗㄨㄛˋ ㄍㄨㄢ
坐隱,1,ㄗㄨㄛˋ ㄧㄣˇ
坐頭,1,ㄗㄨㄛˋ ㄊㄡ˙
坐食,1,ㄗㄨㄛˋ ㄕˊ
坐館,1,ㄗㄨㄛˋ ㄍㄨㄢˇ
坐馳,1,ㄗㄨㄛˋ ㄔˊ
坑埋,1,ㄎㄥ ㄇㄞˊ
坑塹,1,ㄎㄥ ㄑㄧㄢˋ
坑子,1,ㄎㄥ ㄗ˙
坑害,1,ㄎㄥ ㄏㄞˋ
坑廁,1,ㄎㄥ ㄘㄜˋ
坑死,1,ㄎㄥ ㄙˇ
坑蒙,1,ㄎㄥ ㄇㄥˊ
坑衡,1,ㄎㄥ ㄏㄥˊ
坑閃,1,ㄎㄥ ㄕㄢˇ
坑陷,1,ㄎㄥ ㄒㄧㄢˋ
坑騙,1,ㄎㄥ ㄆㄧㄢˋ
坡仙,1,ㄆㄛ ㄒㄧㄢ
坡撇,1,ㄆㄛ ㄆㄧㄝˇ
坤儀,1,ㄎㄨㄣ ㄧˊ
坤元,1,ㄎㄨㄣ ㄩㄢˊ
坤宮,1,ㄎㄨㄣ ㄍㄨㄥ
坤德,1,ㄎㄨㄣ ㄉㄜˊ
坤戲,1,ㄎㄨㄣ ㄒㄧˋ
坤書,1,ㄎㄨㄣ ㄕㄨ
坤極,1,ㄎㄨㄣ ㄐㄧˊ
坤範,1,ㄎㄨㄣ ㄈㄢˋ
坤維,1,ㄎㄨㄣ ㄨㄟˊ
坤角,1,ㄎㄨㄣ ㄐㄩㄝˊ
坤軸,1,ㄎㄨㄣ ㄓㄡˊ
坤靈,1,ㄎㄨㄣ ㄌㄧㄥˊ
坤鞋,1,ㄎㄨㄣ ㄒㄧㄝˊ
坦塗,1,ㄊㄢˇ ㄊㄨˊ
坦夷,1,ㄊㄢˇ ㄧˊ
坦懷,1,ㄊㄢˇ ㄏㄨㄞˊ
坦易,1,ㄊㄢˇ ㄧˋ
坦緩,1,ㄊㄢˇ ㄏㄨㄢˇ
坦迤,1,ㄊㄢˇ ㄧˇ
坦露,1,ㄊㄢˇ ㄌㄡˋ
坨子,1,ㄊㄨㄛˊ ㄗ˙
坨里,1,ㄊㄨㄛˊ ㄌㄧˇ
坪場,1,ㄆㄧㄥˊ ㄔㄤˊ
坪壩,1,ㄆㄧㄥˊ ㄅㄚˋ
坯體,1,ㄆㄟ ㄊㄧˇ
坰牧,1,ㄐㄩㄥ ㄇㄨˋ
坰野,1,ㄐㄩㄥ ㄧㄝˇ
坱圠,1,ㄧㄤˇ ㄧㄚˋ
坱莽,1,ㄧㄤˇ ㄇㄤˇ
坱鬱,1,ㄧㄤˇ ㄩˋ
坳堂,1,ㄠ ㄊㄤˊ
坵荒,1,ㄑㄧㄡ ㄏㄨㄤ
坼兆,1,ㄔㄜˋ ㄓㄠˋ
坼副,1,ㄔㄜˋ ㄆㄧˋ
坼裂,1,ㄔㄜˋ ㄌㄧㄝˋ
垂名,1,ㄔㄨㄟˊ ㄇㄧㄥˊ
垂命,1,ㄔㄨㄟˊ ㄇㄧㄥˋ
垂問,1,ㄔㄨㄟˊ ㄨㄣˋ
垂垂,1,ㄔㄨㄟˊ ㄔㄨㄟˊ
垂堂,1,ㄔㄨㄟˊ ㄊㄤˊ
垂察,1,ㄔㄨㄟˊ ㄔㄚˊ
垂憫,1,ㄔㄨㄟˊ ㄇㄧㄣˇ
垂披,1,ㄔㄨㄟˊ ㄆㄧ
垂拱,1,ㄔㄨㄟˊ ㄍㄨㄥˇ
垂掛,1,ㄔㄨㄟˊ ㄍㄨㄚˋ
垂棘,1,ㄔㄨㄟˊ ㄐㄧˊ
垂橐,1,ㄔㄨㄟˊ ㄊㄨㄛˊ
垂櫜,1,ㄔㄨㄟˊ ㄍㄠ
垂照,1,ㄔㄨㄟˊ ㄓㄠˋ
垂璧,1,ㄔㄨㄟˊ ㄅㄧˋ
垂白,1,ㄔㄨㄟˊ ㄅㄞˊ
垂盼,1,ㄔㄨㄟˊ ㄆㄢˋ
垂絕,1,ㄔㄨㄟˊ ㄐㄩㄝˊ
垂統,1,ㄔㄨㄟˊ ㄊㄨㄥˇ
垂絲,1,ㄔㄨㄟˊ ㄙ
垂綸,1,ㄔㄨㄟˊ ㄌㄨㄣˊ
垂翅,1,ㄔㄨㄟˊ ㄔˋ
垂聽,1,ㄔㄨㄟˊ ㄊㄧㄥ
垂落,1,ㄔㄨㄟˊ ㄌㄨㄛˋ
垂鑒,1,ㄔㄨㄟˊ ㄐㄧㄢˋ
垂陰,1,ㄔㄨㄟˊ ㄧㄣ
垂露,1,ㄔㄨㄟˊ ㄌㄨˋ
垂面,1,ㄔㄨㄟˊ ㄇㄧㄢˋ
垓下,1,ㄍㄞ ㄒㄧㄚˋ
垓前,1,ㄍㄞ ㄑㄧㄢˊ
垓埏,1,ㄍㄞ ㄧㄢˊ
垓心,1,ㄍㄞ ㄒㄧㄣ
垓極,1,ㄍㄞ ㄐㄧˊ
垛句,1,ㄉㄨㄛˋ ㄐㄩˋ
垛子,1,ㄉㄨㄛˇ ㄗ˙
垛字,1,ㄉㄨㄛˋ ㄗˋ
垛積,1,ㄉㄨㄛˋ ㄐㄧ
垝垣,1,ㄍㄨㄟˇ ㄩㄢˊ
垠堮,1,ㄧㄣˊ ㄜˋ
垠際,1,ㄧㄣˊ ㄐㄧˋ
垡子,1,ㄈㄚˊ ㄗ˙
垢離,1,ㄍㄡˋ ㄌㄧˊ
垢面,1,ㄍㄡˋ ㄇㄧㄢˋ
垣墉,1,ㄩㄢˊ ㄩㄥ
垣牆,1,ㄩㄢˊ ㄑㄧㄤˊ
垣衣,1,ㄩㄢˊ ㄧ
垸子,1,ㄏㄨㄢˊ ㄗ˙
埂堤,1,ㄍㄥˇ ㄊㄧˊ
埂子,1,ㄍㄥˇ ㄗ˙
埃塵,1,ㄞ ㄔㄣˊ
埃滅,1,ㄞ ㄇㄧㄝˋ
埋冤,1,ㄇㄢˊ ㄩㄢ
埋情,1,ㄇㄞˊ ㄑㄧㄥˊ
埋憂,1,ㄇㄞˊ ㄧㄡ
埋根,1,ㄇㄞˊ ㄍㄣ
埋殯,1,ㄇㄞˊ ㄅㄧㄣˋ
埋照,1,ㄇㄞˊ ㄓㄠˋ
埋玉,1,ㄇㄞˊ ㄩˋ
埋蠱,1,ㄇㄞˊ ㄍㄨˇ
埋輪,1,ㄇㄞˊ ㄌㄨㄣˊ
埋銘,1,ㄇㄞˊ ㄇㄧㄥˊ
埋香,1,ㄇㄞˊ ㄒㄧㄤ
埋骨,1,ㄇㄞˊ ㄍㄨˇ
城堞,1,ㄔㄥˊ ㄉㄧㄝˊ
城守,1,ㄔㄥˊ ㄕㄡˇ
城工,1,ㄔㄥˊ ㄍㄨㄥ
城廂,1,ㄔㄥˊ ㄒㄧㄤ
城根,1,ㄔㄥˊ ㄍㄣ
城濮,1,ㄔㄥˊ ㄆㄨˊ
城邑,1,ㄔㄥˊ ㄧˋ
城鋪,1,ㄔㄥˊ ㄆㄨˋ
城闉,1,ㄔㄥˊ ㄧㄣ
城闕,1,ㄔㄥˊ ㄑㄩㄝˋ
城隅,1,ㄔㄥˊ ㄩˊ
城雕,1,ㄔㄥˊ ㄉㄧㄠ
埏埴,1,ㄕㄢ ㄓˊ
埏隧,1,ㄧㄢˊ ㄙㄨㄟˋ
埠稅,1,ㄅㄨˋ ㄕㄨㄟˋ
埠頭,1,ㄅㄨˋ ㄊㄡ˙
埤堄,1,ㄅㄧˋ ㄋㄧˊ
埤堄,1,ㄆㄧˋ ㄋㄧˊ
埤溼,1,ㄅㄧˋ ㄕ
埤雅,1,ㄆㄧˊ ㄧㄚˇ
埭堰,1,ㄉㄞˋ ㄧㄢˋ
埳軻,1,ㄎㄢˇ ㄎㄜ
埴固,1,ㄓˊ ㄍㄨˋ
執事,1,ㄓˊ ㄕ˙
執伐,1,ㄓˊ ㄈㄚ
執告,1,ㄓˊ ㄍㄠˋ
執命,1,ㄓˊ ㄇㄧㄥˋ
執咎,1,ㄓˊ ㄐㄧㄡˋ
執喪,1,ㄓˊ ㄙㄤ
執壺,1,ㄓˊ ㄏㄨˊ
執守,1,ㄓˊ ㄕㄡˇ
執引,1,ㄓˊ ㄧㄣˇ
執役,1,ㄓˊ ㄧˋ
執徐,1,ㄓˊ ㄒㄩˊ
執性,1,ㄓˊ ㄒㄧㄥˋ
執戟,1,ㄓˊ ㄐㄧˇ
執手,1,ㄓˊ ㄕㄡˇ
執拘,1,ㄓˊ ㄐㄩ
執料,1,ㄓˊ ㄌㄧㄠˋ
執板,1,ㄓˊ ㄅㄢˇ
執柄,1,ㄓˊ ㄅㄧㄥˇ
執柯,1,ㄓˊ ㄎㄜ
執炊,1,ㄓˊ ㄔㄨㄟ
執爨,1,ㄓˊ ㄘㄨㄢˋ
執獄,1,ㄓˊ ㄩˋ
執競,1,ㄓˊ ㄐㄧㄥˋ
執籌,1,ㄓˊ ㄔㄡˊ
執結,1,ㄓˊ ㄐㄧㄝˊ
執訊,1,ㄓˊ ㄒㄩㄣˋ
執證,1,ㄓˊ ㄓㄥˋ
執贄,1,ㄓˊ ㄓˋ
培因,1,ㄆㄟˊ ㄧㄣ
培塿,1,ㄆㄡˇ ㄌㄡˇ
培壅,1,ㄆㄟˊ ㄩㄥ
培恩,1,ㄆㄟˊ ㄣ
培敦,1,ㄆㄟˊ ㄉㄨㄣ
培補,1,ㄆㄟˊ ㄅㄨˇ
培風,1,ㄆㄟˊ ㄈㄥ
基圍,1,ㄐㄧ ㄨㄟˊ
基址,1,ㄐㄧ ㄓˇ
基扃,1,ㄐㄧ ㄐㄩㄥ
基趾,1,ㄐㄧ ㄓˇ
基雉,1,ㄐㄧ ㄓˋ
埻端,1,ㄓㄨㄣˇ ㄉㄨㄢ
堀堁,1,ㄎㄨ ㄎㄜˇ
堂事,1,ㄊㄤˊ ㄕˋ
堂判,1,ㄊㄤˊ ㄆㄢˋ
堂前,1,ㄊㄤˊ ㄑㄧㄢˊ
堂印,1,ㄊㄤˊ ㄧㄣˋ
堂口,1,ㄊㄤˊ ㄎㄡˇ
堂名,1,ㄊㄤˊ ㄇㄧㄥˊ
堂姊,1,ㄊㄤˊ ㄗˇ
堂官,1,ㄊㄤˊ ㄍㄨㄢ
堂客,1,ㄊㄤˊ ㄎㄜ˙
堂尊,1,ㄊㄤˊ ㄗㄨㄣ
堂布,1,ㄊㄤˊ ㄅㄨˋ
堂帖,1,ㄊㄤˊ ㄊㄧㄝˇ
堂廡,1,ㄊㄤˊ ㄨˇ
堂房,1,ㄊㄤˊ ㄈㄤˊ
堂族,1,ㄊㄤˊ ㄗㄨˊ
堂案,1,ㄊㄤˊ ㄢˋ
堂榜,1,ㄊㄤˊ ㄅㄤˇ
堂構,1,ㄊㄤˊ ㄍㄡˋ
堂老,1,ㄊㄤˊ ㄌㄠˇ
堂菜,1,ㄊㄤˊ ㄘㄞˋ
堂萱,1,ㄊㄤˊ ㄒㄩㄢ
堂號,1,ㄊㄤˊ ㄏㄠˋ
堂諭,1,ㄊㄤˊ ㄩˋ
堂陛,1,ㄊㄤˊ ㄅㄧˋ
堂除,1,ㄊㄤˊ ㄔㄨˊ
堂食,1,ㄊㄤˊ ㄕˊ
堂饌,1,ㄊㄤˊ ㄓㄨㄢˋ
堂鼓,1,ㄊㄤˊ ㄍㄨˇ
堅勁,1,ㄐㄧㄢ ㄐㄧㄥˋ
堅執,1,ㄐㄧㄢ ㄓˊ
堅巧,1,ㄐㄧㄢ ㄑㄧㄠˇ
堅牡,1,ㄐㄧㄢ ㄇㄨˇ
堅瓠,1,ㄐㄧㄢ ㄏㄨˋ
堅白,1,ㄐㄧㄢ ㄅㄞˊ
堅緻,1,ㄐㄧㄢ ㄓˋ
堅臥,1,ㄐㄧㄢ ㄨㄛˋ
堅請,1,ㄐㄧㄢ ㄑㄧㄥˇ
堅辭,1,ㄐㄧㄢ ㄘˊ
堆垛,1,ㄉㄨㄟ ㄉㄨㄛˋ
堆子,1,ㄉㄨㄟ ㄗ˙
堆紅,1,ㄉㄨㄟ ㄏㄨㄥˊ
堆置,1,ㄉㄨㄟ ㄓˋ
堆花,1,ㄉㄨㄟ ㄏㄨㄚ
堆豗,1,ㄉㄨㄟ ㄏㄨㄟ
堆貨,1,ㄉㄨㄟ ㄏㄨㄛˋ
堆貯,1,ㄉㄨㄟ ㄓㄨˇ
堆金,1,ㄉㄨㄟ ㄐㄧㄣ
堆集,1,ㄉㄨㄟ ㄐㄧˊ
堆鴉,1,ㄉㄨㄟ ㄧㄚ
堇堇,1,ㄐㄧㄣˇ ㄐㄧㄣˇ
堋的,1,ㄆㄥˊ ㄉㄧˋ
堠吏,1,ㄏㄡˋ ㄌㄧˋ
堠程,1,ㄏㄡˋ ㄔㄥˊ
堠鼓,1,ㄏㄡˋ ㄍㄨˇ
堡塢,1,ㄅㄠˇ ㄨˋ
堡砦,1,ㄅㄠˇ ㄓㄞˋ
堡礁,1,ㄅㄠˇ ㄐㄧㄠ
堤封,1,ㄊㄧˊ ㄈㄥ
堧垣,1,ㄖㄨㄢˊ ㄩㄢˊ
堪可,1,ㄎㄢ ㄎㄜˇ
堪堪,1,ㄎㄢ ㄎㄢ
堪布,1,ㄎㄢ ㄅㄨˋ
堪慮,1,ㄎㄢ ㄌㄩˋ
堪憂,1,ㄎㄢ ㄧㄡ
堯典,1,ㄧㄠˊ ㄉㄧㄢˇ
堯堯,1,ㄧㄠˊ ㄧㄠˊ
堯天,1,ㄧㄠˊ ㄊㄧㄢ
堯封,1,ㄧㄠˊ ㄈㄥ
堯布,1,ㄧㄠˊ ㄅㄨˋ
堯年,1,ㄧㄠˊ ㄋㄧㄢˊ
堯心,1,ㄧㄠˊ ㄒㄧㄣ
堯韭,1,ㄧㄠˊ ㄐㄧㄡˇ
堯齡,1,ㄧㄠˊ ㄌㄧㄥˊ
報人,1,ㄅㄠˋ ㄖㄣˊ
報伏,1,ㄅㄠˋ ㄈㄨˊ
報修,1,ㄅㄠˋ ㄒㄧㄡ
報喏,1,ㄅㄠˋ ㄖㄜˇ
報團,1,ㄅㄠˋ ㄊㄨㄢˊ
報失,1,ㄅㄠˋ ㄕ
報子,1,ㄅㄠˋ ㄗ˙
報官,1,ㄅㄠˋ ㄍㄨㄢ
報差,1,ㄅㄠˋ ㄔㄞ
報幕,1,ㄅㄠˋ ㄇㄨˋ
報府,1,ㄅㄠˋ ㄈㄨˇ
報怨,1,ㄅㄠˋ ㄩㄢ˙
報恨,1,ㄅㄠˋ ㄏㄣˋ
報憂,1,ㄅㄠˋ ㄧㄡ
報批,1,ㄅㄠˋ ㄆㄧ
報攤,1,ㄅㄠˋ ㄊㄢ
報施,1,ㄅㄠˋ ㄕ
報本,1,ㄅㄠˋ ㄅㄣˇ
報條,1,ㄅㄠˋ ㄊㄧㄠˊ
報梢,1,ㄅㄠˋ ㄕㄠ
報歲,1,ㄅㄠˋ ㄙㄨㄟˋ
報狀,1,ㄅㄠˋ ㄓㄨㄤˋ
報知,1,ㄅㄠˋ ㄓ
報稱,1,ㄅㄠˋ ㄔㄥˋ
報童,1,ㄅㄠˋ ㄊㄨㄥˊ
報罷,1,ㄅㄠˋ ㄅㄚˋ
報聘,1,ㄅㄠˋ ㄆㄧㄣˋ
報草,1,ㄅㄠˋ ㄘㄠˇ
報謝,1,ㄅㄠˋ ㄒㄧㄝˋ
報賽,1,ㄅㄠˋ ㄙㄞˋ
報錢,1,ㄅㄠˋ ㄑㄧㄢˊ
報頭,1,ㄅㄠˋ ㄊㄡˊ
報馬,1,ㄅㄠˋ ㄇㄚˇ
報驗,1,ㄅㄠˋ ㄧㄢˋ
場內,1,ㄔㄤˊ ㄋㄟˋ
場圃,1,ㄔㄤˊ ㄆㄨˇ
場師,1,ㄔㄤˊ ㄕ
場戶,1,ㄔㄤˊ ㄏㄨˋ
場期,1,ㄔㄤˊ ㄑㄧˊ
場租,1,ㄔㄤˇ ㄗㄨ
堵人,1,ㄉㄨˇ ㄖㄣˊ
堵喪,1,ㄉㄨˇ ㄙㄤ˙
堵心,1,ㄉㄨˇ ㄒㄧㄣ
堵牆,1,ㄉㄨˇ ㄑㄧㄤˊ
堵頭,1,ㄉㄨˇ ㄊㄡˊ
堽頭,1,ㄍㄤ ㄊㄡˊ
塊然,1,ㄎㄨㄞˋ ㄖㄢˊ
塊磊,1,ㄎㄨㄞˋ ㄌㄟˇ
塊頭,1,ㄎㄨㄞˋ ㄊㄡˊ
塋地,1,ㄧㄥˊ ㄉㄧˋ
塋域,1,ㄧㄥˊ ㄩˋ
塋記,1,ㄧㄥˊ ㄐㄧˋ
塌中,1,ㄊㄚ ㄓㄨㄥ
塌伏,1,ㄊㄚ ㄈㄨˊ
塌嘴,1,ㄊㄚ ㄗㄨㄟˇ
塌實,1,ㄊㄚ ㄕ˙
塌心,1,ㄊㄚ ㄒㄧㄣ
塌架,1,ㄊㄚ ㄐㄧㄚˋ
塌然,1,ㄊㄚ ㄖㄢˊ
塌趿,1,ㄊㄚ ㄙㄚˋ
塌車,1,ㄊㄚ ㄔㄜ
塌颯,1,ㄊㄚ ㄙㄚˋ
塏塏,1,ㄎㄞˇ ㄎㄞˇ
塑鋼,1,ㄙㄨˋ ㄍㄤ
塔吊,1,ㄊㄚˇ ㄉㄧㄠˋ
塔布,1,ㄊㄚˇ ㄅㄨˋ
塔灰,1,ㄊㄚˇ ㄏㄨㄟ
塔頭,1,ㄊㄚˇ ㄊㄡˊ
塕薆,1,ㄨㄥˇ ㄞˋ
塗乙,1,ㄊㄨˊ ㄧˇ
塗刷,1,ㄊㄨˊ ㄕㄨㄚ
塗地,1,ㄊㄨˊ ㄉㄧˋ
塗層,1,ㄊㄨˊ ㄘㄥˊ
塗山,1,ㄊㄨˊ ㄕㄢ
塗潦,1,ㄊㄨˊ ㄌㄠˋ
塗澤,1,ㄊㄨˊ ㄗㄜˊ
塗炭,1,ㄊㄨˊ ㄊㄢˋ
塗金,1,ㄊㄨˊ ㄐㄧㄣ
塗附,1,ㄊㄨˊ ㄈㄨˋ
塘坳,1,ㄊㄤˊ ㄠ
塘堰,1,ㄊㄤˊ ㄧㄢˋ
塘沽,1,ㄊㄤˊ ㄍㄨ
塘鵝,1,ㄊㄤˊ ㄜˊ
塞內,1,ㄙㄞˋ ㄋㄟˋ
塞尚,1,ㄙㄜˋ ㄕㄤˋ
塞淵,1,ㄙㄜˋ ㄩㄢ
塞牙,1,ㄙㄞ ㄧㄚˊ
塞耳,1,ㄙㄜˋ ㄦˇ
塞聲,1,ㄙㄜˋ ㄕㄥ
塞職,1,ㄙㄜˋ ㄓˊ
塞話,1,ㄙㄞ ㄏㄨㄚˋ
塞門,1,ㄙㄜˋ ㄇㄣˊ
塞音,1,ㄙㄜˋ ㄧㄣ
塢壁,1,ㄨˋ ㄅㄧˋ
填倉,1,ㄊㄧㄢˊ ㄘㄤ
填命,1,ㄊㄧㄢˊ ㄇㄧㄥˋ
填咽,1,ㄊㄧㄢˊ ㄧㄝˋ
填塞,1,ㄊㄧㄢˊ ㄙㄜˋ
填書,1,ㄊㄧㄢˊ ㄕㄨ
填海,1,ㄊㄧㄢˊ ㄏㄞˇ
填漆,1,ㄊㄧㄢˊ ㄑㄧ
填然,1,ㄊㄧㄢˊ ㄖㄢˊ
填發,1,ㄊㄧㄢˊ ㄈㄚ
填篆,1,ㄊㄧㄢˊ ㄓㄨㄢˋ
填還,1,ㄊㄧㄢˊ ㄏㄨㄢˊ
填限,1,ㄊㄧㄢˊ ㄒㄧㄢˋ
填餡,1,ㄊㄧㄢˊ ㄒㄧㄢˋ
塵儀,1,ㄔㄣˊ ㄧˊ
塵剎,1,ㄔㄣˊ ㄔㄚˋ
塵劫,1,ㄔㄣˊ ㄐㄧㄝˊ
塵勞,1,ㄔㄣˊ ㄌㄠˊ
塵塵,1,ㄔㄣˊ ㄔㄣˊ
塵妄,1,ㄔㄣˊ ㄨㄤˋ
塵念,1,ㄔㄣˊ ㄋㄧㄢˋ
塵汙,1,ㄔㄣˊ ㄨ
塵爆,1,ㄔㄣˊ ㄅㄠˋ
塵界,1,ㄔㄣˊ ㄐㄧㄝˋ
塵累,1,ㄔㄣˊ ㄌㄟˇ
塵網,1,ㄔㄣˊ ㄨㄤˇ
塵芥,1,ㄔㄣˊ ㄐㄧㄝˋ
塵表,1,ㄔㄣˊ ㄅㄧㄠˇ
塵襟,1,ㄔㄣˊ ㄐㄧㄣ
塵間,1,ㄔㄣˊ ㄐㄧㄢ
塵露,1,ㄔㄣˊ ㄌㄨˋ
塹坑,1,ㄑㄧㄢˋ ㄎㄥ
塾掌,1,ㄕㄨˊ ㄓㄤˇ
境頭,1,ㄐㄧㄥˋ ㄊㄡˊ
墉城,1,ㄩㄥ ㄔㄥˊ
墊害,1,ㄉㄧㄢˋ ㄏㄞˋ
墊戲,1,ㄉㄧㄢˋ ㄒㄧˋ
墊支,1,ㄉㄧㄢˋ ㄓ
墊沒,1,ㄉㄧㄢˋ ㄇㄛˋ
墊用,1,ㄉㄧㄢˋ ㄩㄥˋ
墊發,1,ㄉㄧㄢˋ ㄈㄚ
墊股,1,ㄉㄧㄢˋ ㄍㄨˇ
墊解,1,ㄉㄧㄢˋ ㄐㄧㄝˋ
墊話,1,ㄉㄧㄢˋ ㄏㄨㄚˋ
墓券,1,ㄇㄨˋ ㄑㄩㄢˋ
墓坑,1,ㄇㄨˋ ㄎㄥ
墓田,1,ㄇㄨˋ ㄊㄧㄢˊ
墓表,1,ㄇㄨˋ ㄅㄧㄠˇ
墓記,1,ㄇㄨˋ ㄐㄧˋ
墓門,1,ㄇㄨˋ ㄇㄣˊ
墜典,1,ㄓㄨㄟˋ ㄉㄧㄢˇ
墜歡,1,ㄓㄨㄟˋ ㄏㄨㄢ
墜緒,1,ㄓㄨㄟˋ ㄒㄩˋ
墜腳,1,ㄓㄨㄟˋ ㄐㄧㄠˇ
墜蹬,1,ㄓㄨㄟˋ ㄉㄥˋ
增聘,1,ㄗㄥ ㄆㄧㄣˋ
增闢,1,ㄗㄥ ㄆㄧˋ
增韻,1,ㄗㄥ ㄩㄣˋ
墟墓,1,ㄒㄩ ㄇㄨˋ
墟市,1,ㄒㄩ ㄕˋ
墟落,1,ㄒㄩ ㄌㄨㄛˋ
墟里,1,ㄒㄩ ㄌㄧˇ
墦間,1,ㄈㄢˊ ㄐㄧㄢ
墨刑,1,ㄇㄛˋ ㄒㄧㄥˊ
墨卷,1,ㄇㄛˋ ㄐㄩㄢˋ
墨墨,1,ㄇㄛˋ ㄇㄛˋ
墨妖,1,ㄇㄛˋ ㄧㄠ
墨妙,1,ㄇㄛˋ ㄇㄧㄠˋ
墨妝,1,ㄇㄛˋ ㄓㄨㄤ
墨床,1,ㄇㄛˋ ㄔㄨㄤˊ
墨廚,1,ㄇㄛˋ ㄔㄨˊ
墨戲,1,ㄇㄛˋ ㄒㄧˋ
墨暈,1,ㄇㄛˋ ㄩㄣˋ
墨杘,1,ㄇㄛˋ ㄔ
墨油,1,ㄇㄛˋ ㄧㄡˊ
墨海,1,ㄇㄛˋ ㄏㄞˇ
墨瀋,1,ㄇㄛˋ ㄕㄣˇ
墨版,1,ㄇㄛˋ ㄅㄢˇ
墨玉,1,ㄇㄛˋ ㄩˋ
墨痕,1,ㄇㄛˋ ㄏㄣˊ
墨痴,1,ㄇㄛˋ ㄔ
墨程,1,ㄇㄛˋ ㄔㄥˊ
墨突,1,ㄇㄛˋ ㄊㄨˊ
墨絰,1,ㄇㄛˋ ㄉㄧㄝˊ
墨義,1,ㄇㄛˋ ㄧˋ
墨者,1,ㄇㄛˋ ㄓㄜˇ
墨花,1,ㄇㄛˋ ㄏㄨㄚ
墨荷,1,ㄇㄛˋ ㄏㄜˊ
墨蝶,1,ㄇㄛˋ ㄉㄧㄝˊ
墨詔,1,ㄇㄛˋ ㄓㄠˋ
墨豬,1,ㄇㄛˋ ㄓㄨ
墨選,1,ㄇㄛˋ ㄒㄩㄢˇ
墩嘴,1,ㄉㄨㄣ ㄗㄨㄟˇ
墩布,1,ㄉㄨㄣ ㄅㄨˋ
墩打,1,ㄉㄨㄣ ㄉㄚˇ
墩臺,1,ㄉㄨㄣ ㄊㄞˊ
墩鎖,1,ㄉㄨㄣ ㄙㄨㄛˇ
墮地,1,ㄉㄨㄛˋ ㄉㄧˋ
墮崖,1,ㄉㄨㄛˋ ㄧㄞˊ
墮業,1,ㄉㄨㄛˋ ㄧㄝˋ
墮淚,1,ㄉㄨㄛˋ ㄌㄟˋ
墮負,1,ㄉㄨㄛˋ ㄈㄨˋ
墮車,1,ㄉㄨㄛˋ ㄔㄜ
墮馬,1,ㄉㄨㄛˋ ㄇㄚˇ
墳園,1,ㄈㄣˊ ㄩㄢˊ
墳場,1,ㄈㄣˊ ㄔㄤˊ
墳塋,1,ㄈㄣˊ ㄧㄥˊ
墳塚,1,ㄈㄣˊ ㄓㄨㄥˇ
墳壤,1,ㄈㄣˊ ㄖㄤˇ
墳所,1,ㄈㄣˊ ㄙㄨㄛˇ
墳樹,1,ㄈㄣˊ ㄕㄨˋ
墳然,1,ㄈㄣˊ ㄖㄢˊ
墳籍,1,ㄈㄣˊ ㄐㄧˊ
墳起,1,ㄈㄣˊ ㄑㄧˇ
墳陵,1,ㄈㄣˊ ㄌㄧㄥˊ
墾田,1,ㄎㄣˇ ㄊㄧㄢˊ
墾闢,1,ㄎㄣˇ ㄆㄧˋ
壁塑,1,ㄅㄧˋ ㄙㄨˋ
壁宿,1,ㄅㄧˋ ㄒㄧㄡˋ
壁廂,1,ㄅㄧˋ ㄒㄧㄤ
壁牙,1,ㄅㄧˋ ㄧㄚˊ
壁球,1,ㄅㄧˋ ㄑㄧㄡˊ
壁經,1,ㄅㄧˋ ㄐㄧㄥ
壁聽,1,ㄅㄧˋ ㄊㄧㄥ
壁花,1,ㄅㄧˋ ㄏㄨㄚ
壁落,1,ㄅㄧˋ ㄌㄨㄛˋ
壁蝨,1,ㄅㄧˋ ㄕ
壁衣,1,ㄅㄧˋ ㄧ
壁誌,1,ㄅㄧˋ ㄓˋ
壁鉤,1,ㄅㄧˋ ㄍㄡ
壁門,1,ㄅㄧˋ ㄇㄣˊ
壁飾,1,ㄅㄧˋ ㄕˋ
壁龕,1,ㄅㄧˋ ㄎㄢ
壅土,1,ㄩㄥ ㄊㄨˇ
壅滯,1,ㄩㄥ ㄓˋ
壅蔽,1,ㄩㄥ ㄅㄧˋ
壅門,1,ㄩㄥ ㄇㄣˊ
壅閉,1,ㄩㄥ ㄅㄧˋ
壇兆,1,ㄊㄢˊ ㄓㄠˋ
壇坫,1,ㄊㄢˊ ㄉㄧㄢˋ
壇宇,1,ㄊㄢˊ ㄩˇ
壑谷,1,ㄏㄨㄛˋ ㄍㄨˇ
壓一,1,ㄧㄚ ㄧ
壓事,1,ㄧㄚ ㄕˋ
壓卵,1,ㄧㄚ ㄌㄨㄢˇ
壓卷,1,ㄧㄚ ㄐㄩㄢˋ
壓契,1,ㄧㄚ ㄑㄧˋ
壓子,1,ㄧㄚ ㄗˇ
壓尺,1,ㄧㄚ ㄔˇ
壓尾,1,ㄧㄚ ㄨㄟˇ
壓手,1,ㄧㄚ ㄕㄡˇ
壓枝,1,ㄧㄚ ㄓ
壓桌,1,ㄧㄚ ㄓㄨㄛ
壓派,1,ㄧㄚ ㄆㄞ˙
壓災,1,ㄧㄚ ㄗㄞ
壓秤,1,ㄧㄚ ㄔㄥˋ
壓腰,1,ㄧㄚ ㄧㄠ
壓蔓,1,ㄧㄚ ㄇㄢˋ
壓製,1,ㄧㄚ ㄓˋ
壓覺,1,ㄧㄚ ㄐㄩㄝˊ
壓轎,1,ㄧㄚ ㄐㄧㄠˋ
壓酒,1,ㄧㄚ ㄐㄧㄡˇ
壓青,1,ㄧㄚ ㄑㄧㄥ
壓靜,1,ㄧㄚ ㄐㄧㄥˋ
壓魅,1,ㄧㄚ ㄇㄟˋ
壕塹,1,ㄏㄠˊ ㄑㄧㄢˋ
壘包,1,ㄌㄟˇ ㄅㄠ
壘塹,1,ㄌㄟˇ ㄑㄧㄢˋ
壘壘,1,ㄌㄟˇ ㄌㄟˇ
壘砌,1,ㄌㄟˇ ㄑㄧˋ
壙久,1,ㄎㄨㄤˋ ㄐㄧㄡˇ
壙僚,1,ㄎㄨㄤˋ ㄌㄧㄠˊ
壙埌,1,ㄎㄨㄤˋ ㄌㄤˋ
壙壙,1,ㄎㄨㄤˋ ㄎㄨㄤˋ
壙遠,1,ㄎㄨㄤˋ ㄩㄢˇ
壚埴,1,ㄌㄨˊ ㄓˊ
壚邸,1,ㄌㄨˊ ㄉㄧˇ
壝埒,1,ㄨㄟˇ ㄌㄜˋ
壞嘴,1,ㄏㄨㄞˋ ㄗㄨㄟˇ
壞水,1,ㄏㄨㄞˋ ㄕㄨㄟˇ
壞腹,1,ㄏㄨㄞˋ ㄈㄨˋ
壞證,1,ㄏㄨㄞˋ ㄓㄥˋ
壞鈔,1,ㄏㄨㄞˋ ㄔㄠ
壟作,1,ㄌㄨㄥˇ ㄗㄨㄛˋ
壟墓,1,ㄌㄨㄥˇ ㄇㄨˋ
壟溝,1,ㄌㄨㄥˇ ㄍㄡ
壤地,1,ㄖㄤˇ ㄉㄧˋ
壤壤,1,ㄖㄤˇ ㄖㄤˇ
壤子,1,ㄖㄤˇ ㄗˇ
壤父,1,ㄖㄤˇ ㄈㄨˇ
壩址,1,ㄅㄚˋ ㄓˇ
壩基,1,ㄅㄚˋ ㄐㄧ
壩工,1,ㄅㄚˋ ㄍㄨㄥ
壩臺,1,ㄅㄚˋ ㄊㄞˊ
士伍,1,ㄕˋ ㄨˇ
士夫,1,ㄕˋ ㄈㄨ
士庶,1,ㄕˋ ㄕㄨˋ
士戶,1,ㄕˋ ㄏㄨˋ
士類,1,ㄕˋ ㄌㄟˋ
壬人,1,ㄖㄣˊ ㄖㄣˊ
壬公,1,ㄖㄣˊ ㄍㄨㄥ
壬林,1,ㄖㄣˊ ㄌㄧㄣˊ
壯偉,1,ㄓㄨㄤˋ ㄨㄟˇ
壯劇,1,ㄓㄨㄤˋ ㄐㄩˋ
壯圖,1,ㄓㄨㄤˋ ㄊㄨˊ
壯夫,1,ㄓㄨㄤˋ ㄈㄨ
壯工,1,ㄓㄨㄤˋ ㄍㄨㄥ
壯心,1,ㄓㄨㄤˋ ㄒㄧㄣ
壯月,1,ㄓㄨㄤˋ ㄩㄝˋ
壯氣,1,ㄓㄨㄤˋ ㄑㄧˋ
壯浪,1,ㄓㄨㄤˋ ㄌㄤˋ
壯猷,1,ㄓㄨㄤˋ ㄧㄡˊ
壯竄,1,ㄓㄨㄤˋ ㄘㄨㄢˋ
壯語,1,ㄓㄨㄤˋ ㄩˇ
壯遊,1,ㄓㄨㄤˋ ㄧㄡˊ
壯闊,1,ㄓㄨㄤˋ ㄎㄨㄛˋ
壯麵,1,ㄓㄨㄤˋ ㄇㄧㄢˋ
壯齒,1,ㄓㄨㄤˋ ㄔˇ
壹鬱,1,ㄧ ㄩˋ
壺公,1,ㄏㄨˊ ㄍㄨㄥ
壺天,1,ㄏㄨˊ ㄊㄧㄢ
壺漏,1,ㄏㄨˊ ㄌㄡˋ
壺漿,1,ㄏㄨˊ ㄐㄧㄤ
壺穴,1,ㄏㄨˊ ㄒㄩㄝˋ
壺蘆,1,ㄏㄨˊ ㄌㄨˊ
壺飧,1,ㄏㄨˊ ㄙㄨㄣ
壼奧,1,ㄎㄨㄣˇ ㄠˋ
壼政,1,ㄎㄨㄣˇ ㄓㄥˋ
壼範,1,ㄎㄨㄣˇ ㄈㄢˋ
壼闈,1,ㄎㄨㄣˇ ㄨㄟˊ
壽丹,1,ㄕㄡˋ ㄉㄢ
壽元,1,ㄕㄡˋ ㄩㄢˊ
壽器,1,ㄕㄡˋ ㄑㄧˋ
壽國,1,ㄕㄡˋ ㄍㄨㄛˊ
壽域,1,ㄕㄡˋ ㄩˋ
壽夭,1,ㄕㄡˋ ㄧㄠ
壽妝,1,ㄕㄡˋ ㄓㄨㄤ
壽序,1,ㄕㄡˋ ㄒㄩˋ
壽房,1,ㄕㄡˋ ㄈㄤˊ
壽數,1,ㄕㄡˋ ㄕㄨ˙
壽文,1,ㄕㄡˋ ㄨㄣˊ
壽斑,1,ㄕㄡˋ ㄅㄢ
壽星,1,ㄕㄡˋ ㄒㄧㄥ˙
壽木,1,ㄕㄡˋ ㄇㄨˋ
壽材,1,ㄕㄡˋ ㄘㄞˊ
壽母,1,ㄕㄡˋ ㄇㄨˇ
壽民,1,ㄕㄡˋ ㄇㄧㄣˊ
壽祿,1,ㄕㄡˋ ㄌㄨˋ
壽穴,1,ㄕㄡˋ ㄒㄩㄝˋ
壽紀,1,ㄕㄡˋ ㄐㄧˋ
壽聯,1,ㄕㄡˋ ㄌㄧㄢˊ
壽藏,1,ㄕㄡˋ ㄗㄤˋ
壽觴,1,ㄕㄡˋ ㄕㄤ
壽酒,1,ㄕㄡˋ ㄐㄧㄡˇ
壽頭,1,ㄕㄡˋ ㄊㄡˊ
夏五,1,ㄒㄧㄚˋ ㄨˇ
夏侯,1,ㄒㄧㄚˋ ㄏㄡˊ
夏啟,1,ㄒㄧㄚˋ ㄑㄧˇ
夏官,1,ㄒㄧㄚˋ ㄍㄨㄢ
夏屋,1,ㄒㄧㄚˋ ㄨ
夏庭,1,ㄒㄧㄚˋ ㄊㄧㄥˊ
夏書,1,ㄒㄧㄚˋ ㄕㄨ
夏楚,1,ㄐㄧㄚˇ ㄔㄨˇ
夏珪,1,ㄒㄧㄚˋ ㄍㄨㄟ
夏畦,1,ㄒㄧㄚˋ ㄒㄧ
夏禮,1,ㄒㄧㄚˋ ㄌㄧˇ
夏臘,1,ㄒㄧㄚˋ ㄌㄚˋ
夏苗,1,ㄒㄧㄚˋ ㄇㄧㄠˊ
夏蟲,1,ㄒㄧㄚˋ ㄔㄨㄥˊ
夏裝,1,ㄒㄧㄚˋ ㄓㄨㄤ
夏鼎,1,ㄒㄧㄚˋ ㄉㄧㄥˇ
夔牛,1,ㄎㄨㄟˊ ㄋㄧㄡˊ
夔紋,1,ㄎㄨㄟˊ ㄨㄣˊ
夔龍,1,ㄎㄨㄟˊ ㄌㄨㄥˊ
夕惕,1,ㄒㄧˋ ㄊㄧˋ
夕拜,1,ㄒㄧˋ ㄅㄞˋ
夕日,1,ㄒㄧˋ ㄖˋ
夕暉,1,ㄒㄧˋ ㄏㄨㄟ
夕暮,1,ㄒㄧˋ ㄇㄨˋ
夕曛,1,ㄒㄧˋ ㄒㄩㄣ
夕月,1,ㄒㄧˋ ㄩㄝˋ
夕煙,1,ㄒㄧˋ ㄧㄢ
外丹,1,ㄨㄞˋ ㄉㄢ
外傅,1,ㄨㄞˋ ㄈㄨˋ
外像,1,ㄨㄞˋ ㄒㄧㄤˋ
外名,1,ㄨㄞˋ ㄇㄧㄥˊ
外外,1,ㄨㄞˋ ㄨㄞ˙
外婦,1,ㄨㄞˋ ㄈㄨˋ
外宅,1,ㄨㄞˋ ㄓㄞˊ
外官,1,ㄨㄞˋ ㄍㄨㄢ
外客,1,ㄨㄞˋ ㄎㄜˋ
外引,1,ㄨㄞˋ ㄧㄣˇ
外弟,1,ㄨㄞˋ ㄉㄧˋ
外戶,1,ㄨㄞˋ ㄏㄨˋ
外手,1,ㄨㄞˋ ㄕㄡˇ
外才,1,ㄨㄞˋ ㄘㄞˊ
外技,1,ㄨㄞˋ ㄐㄧˋ
外揚,1,ㄨㄞˋ ㄧㄤˊ
外教,1,ㄨㄞˋ ㄐㄧㄠˋ
外方,1,ㄨㄞˋ ㄈㄤ
外日,1,ㄨㄞˋ ㄖˋ
外末,1,ㄨㄞˋ ㄇㄛˋ
外標,1,ㄨㄞˋ ㄅㄧㄠ
外此,1,ㄨㄞˋ ㄘˇ
外母,1,ㄨㄞˋ ㄇㄨˇ
外氏,1,ㄨㄞˋ ㄕˋ
外江,1,ㄨㄞˋ ㄐㄧㄤ
外泄,1,ㄨㄞˋ ㄒㄧㄝˋ
外淨,1,ㄨㄞˋ ㄐㄧㄥˋ
外煙,1,ㄨㄞˋ ㄧㄢ
外父,1,ㄨㄞˋ ㄈㄨˋ
外稃,1,ㄨㄞˋ ㄈㄨ
外篇,1,ㄨㄞˋ ㄆㄧㄢ
外罩,1,ㄨㄞˋ ㄓㄠˋ
外膜,1,ㄨㄞˋ ㄇㄛˋ
外舍,1,ㄨㄞˋ ㄕㄜˋ
外艱,1,ㄨㄞˋ ㄐㄧㄢ
外藩,1,ㄨㄞˋ ㄈㄢˊ
外褂,1,ㄨㄞˋ ㄍㄨㄚˋ
外話,1,ㄨㄞˋ ㄏㄨㄚˋ
外路,1,ㄨㄞˋ ㄌㄨ˙
外道,1,ㄨㄞˋ ㄉㄠ˙
外郎,1,ㄨㄞˋ ㄌㄤˊ
外鈔,1,ㄨㄞˋ ㄔㄠ
外附,1,ㄨㄞˋ ㄈㄨˋ
外集,1,ㄨㄞˋ ㄐㄧˊ
夙仇,1,ㄙㄨˋ ㄔㄡˊ
夙儒,1,ㄙㄨˋ ㄖㄨˊ
夙敵,1,ㄙㄨˋ ㄉㄧˊ
夙聞,1,ㄙㄨˋ ㄨㄣˊ
夙興,1,ㄙㄨˋ ㄒㄧㄥ
夙辦,1,ㄙㄨˋ ㄅㄢˋ
夙駕,1,ㄙㄨˋ ㄐㄧㄚˋ
多則,1,ㄉㄨㄛ ㄗㄜˊ
多口,1,ㄉㄨㄛ ㄎㄡˇ
多可,1,ㄉㄨㄛ ㄎㄜˇ
多因,1,ㄉㄨㄛ ㄧㄣ
多士,1,ㄉㄨㄛ ㄕˋ
多婪,1,ㄉㄨㄛ ㄌㄢˊ
多嫌,1,ㄉㄨㄛ ㄒㄧㄢ˙
多嬌,1,ㄉㄨㄛ ㄐㄧㄠ
多定,1,ㄉㄨㄛ ㄉㄧㄥˋ
多幸,1,ㄉㄨㄛ ㄒㄧㄥˋ
多得,1,ㄉㄨㄛ ㄉㄜˊ
多忌,1,ㄉㄨㄛ ㄐㄧˋ
多慢,1,ㄉㄨㄛ ㄇㄢˋ
多才,1,ㄉㄨㄛ ㄘㄞˊ
多承,1,ㄉㄨㄛ ㄔㄥˊ
多故,1,ㄉㄨㄛ ㄍㄨˋ
多文,1,ㄉㄨㄛ ㄨㄣˊ
多梭,1,ㄉㄨㄛ ㄙㄨㄛ
多欲,1,ㄉㄨㄛ ㄩˋ
多生,1,ㄉㄨㄛ ㄕㄥ
多糖,1,ㄉㄨㄛ ㄊㄤˊ
多累,1,ㄉㄨㄛ ㄌㄟˋ
多羅,1,ㄉㄨㄛ ㄌㄨㄛˊ
多聞,1,ㄉㄨㄛ ㄨㄣˊ
多般,1,ㄉㄨㄛ ㄅㄢ
多違,1,ㄉㄨㄛ ㄨㄟˊ
多露,1,ㄉㄨㄛ ㄌㄨˋ
夜作,1,ㄧㄝˋ ㄗㄨㄛ˙
夜分,1,ㄧㄝˋ ㄈㄣ
夜合,1,ㄧㄝˋ ㄏㄜˊ
夜嚴,1,ㄧㄝˋ ㄧㄢˊ
夜士,1,ㄧㄝˋ ㄕˋ
夜壺,1,ㄧㄝˋ ㄏㄨˊ
夜夫,1,ㄧㄝˋ ㄈㄨ
夜學,1,ㄧㄝˋ ㄒㄩㄝˊ
夜客,1,ㄧㄝˋ ㄎㄜˋ
夜室,1,ㄧㄝˋ ㄕˋ
夜春,1,ㄧㄝˋ ㄔㄨㄣ
夜氣,1,ㄧㄝˋ ㄑㄧˋ
夜活,1,ㄧㄝˋ ㄏㄨㄛˊ
夜消,1,ㄧㄝˋ ㄒㄧㄠ
夜漏,1,ㄧㄝˋ ㄌㄡˋ
夜炤,1,ㄧㄝˋ ㄓㄠˋ
夜燕,1,ㄧㄝˋ ㄧㄢˋ
夜猴,1,ㄧㄝˋ ㄏㄡˊ
夜直,1,ㄧㄝˋ ㄓˊ
夜眼,1,ㄧㄝˋ ㄧㄢˇ
夜禁,1,ㄧㄝˋ ㄐㄧㄣˋ
夜簫,1,ㄧㄝˋ ㄒㄧㄠ
夜糴,1,ㄧㄝˋ ㄉㄧˊ
夜緊,1,ㄧㄝˋ ㄐㄧㄣˇ
夜者,1,ㄧㄝˋ ㄓㄜˇ
夜臺,1,ㄧㄝˋ ㄊㄞˊ
夜蛾,1,ㄧㄝˋ ㄜˊ
夜裡,1,ㄧㄝˋ ㄌㄧ˙
夜課,1,ㄧㄝˋ ㄎㄜˋ
夜郎,1,ㄧㄝˋ ㄌㄤˊ
夜集,1,ㄧㄝˋ ㄐㄧˊ
夜鷺,1,ㄧㄝˋ ㄌㄨˋ
夠嗆,1,ㄍㄡˋ ㄑㄧㄤˋ
夢事,1,ㄇㄥˋ ㄕˋ
夢夢,1,ㄇㄥˋ ㄇㄥˋ
夢撒,1,ㄇㄥˋ ㄙㄚ
夢撒,1,ㄇㄥˋ ㄙㄚˋ
夢熊,1,ㄇㄥˋ ㄒㄩㄥˊ
夢筆,1,ㄇㄥˋ ㄅㄧˇ
夢羆,1,ㄇㄥˋ ㄆㄧˊ
夢華,1,ㄇㄥˋ ㄏㄨㄚˊ
夢蘭,1,ㄇㄥˋ ㄌㄢˊ
夢虺,1,ㄇㄥˋ ㄏㄨㄟˇ
夢蛇,1,ㄇㄥˋ ㄕㄜˊ
夢蝶,1,ㄇㄥˋ ㄉㄧㄝˊ
夢雲,1,ㄇㄥˋ ㄩㄣˊ
夢魂,1,ㄇㄥˋ ㄏㄨㄣˊ
夤夜,1,ㄧㄣˊ ㄧㄝˋ
夥夠,1,ㄏㄨㄛˇ ㄍㄡˋ
夥辦,1,ㄏㄨㄛˇ ㄅㄢˋ
大令,1,ㄉㄚˋ ㄌㄧㄥˋ
大任,1,ㄉㄚˋ ㄖㄣˋ
大仿,1,ㄉㄚˋ ㄈㄤˇ
大似,1,ㄉㄚˋ ㄙˋ
大佩,1,ㄉㄚˋ ㄆㄟˋ
大侵,1,ㄉㄚˋ ㄑㄧㄣ
大倫,1,ㄉㄚˋ ㄌㄨㄣˊ
大僚,1,ㄉㄚˋ ㄌㄧㄠˊ
大儺,1,ㄉㄚˋ ㄋㄨㄛˊ
大全,1,ㄉㄚˋ ㄑㄩㄢˊ
大冤,1,ㄉㄚˋ ㄩㄢ
大劫,1,ㄉㄚˋ ㄐㄧㄝˊ
大務,1,ㄉㄚˋ ㄨˋ
大匠,1,ㄉㄚˋ ㄐㄧㄤˋ
大厲,1,ㄉㄚˋ ㄌㄧˋ
大去,1,ㄉㄚˋ ㄑㄩˋ
大口,1,ㄉㄚˋ ㄎㄡˇ
大古,1,ㄉㄞˋ ㄍㄨˇ
大叱,1,ㄉㄚˋ ㄔˋ
大吳,1,ㄉㄚˋ ㄨˊ
大吼,1,ㄉㄚˋ ㄏㄡˇ
大呼,1,ㄉㄚˋ ㄏㄨ
大咸,1,ㄉㄚˋ ㄒㄧㄢˊ
大哭,1,ㄉㄚˋ ㄎㄨ
大喏,1,ㄉㄚˋ ㄖㄜˇ
大喝,1,ㄉㄚˋ ㄏㄜˋ
大喪,1,ㄉㄚˋ ㄙㄤ
大喬,1,ㄉㄚˋ ㄑㄧㄠˊ
大回,1,ㄉㄚˋ ㄏㄨㄟˊ
大圜,1,ㄉㄚˋ ㄩㄢˊ
大壑,1,ㄉㄚˋ ㄏㄨㄛˋ
大壞,1,ㄉㄚˋ ㄏㄨㄞˋ
大壽,1,ㄉㄚˋ ㄕㄡˋ
大夏,1,ㄉㄚˋ ㄒㄧㄚˋ
大夜,1,ㄉㄚˋ ㄧㄝˋ
大夢,1,ㄉㄚˋ ㄇㄥˋ
大奇,1,ㄉㄚˋ ㄑㄧˊ
大奸,1,ㄉㄚˋ ㄐㄧㄢ
大妙,1,ㄉㄚˋ ㄇㄧㄠˋ
大妝,1,ㄉㄚˋ ㄓㄨㄤ
大姆,1,ㄉㄚˋ ㄇㄨˇ
大婦,1,ㄉㄚˋ ㄈㄨˋ
大學,1,ㄊㄞˋ ㄒㄩㄝˊ
大宛,1,ㄉㄚˋ ㄩㄢ
大害,1,ㄉㄚˋ ㄏㄞˋ
大宴,1,ㄉㄚˋ ㄧㄢˋ
大家,1,ㄉㄚˋ ㄍㄨ
大富,1,ㄉㄚˋ ㄈㄨˋ
大寶,1,ㄉㄚˋ ㄅㄠˇ
大對,1,ㄉㄚˋ ㄉㄨㄟˋ
大尾,1,ㄉㄚˋ ㄨㄟˇ
大屈,1,ㄉㄚˋ ㄑㄩ
大屋,1,ㄉㄚˋ ㄨ
大工,1,ㄉㄚˋ ㄍㄨㄥ
大巴,1,ㄉㄚˋ ㄅㄚ
大市,1,ㄉㄚˋ ㄕˋ
大布,1,ㄉㄚˋ ㄅㄨˋ
大帳,1,ㄉㄚˋ ㄓㄤˋ
大帶,1,ㄉㄚˋ ㄉㄞˋ
大幫,1,ㄉㄚˋ ㄅㄤ
大庇,1,ㄉㄚˋ ㄅㄧˋ
大序,1,ㄉㄚˋ ㄒㄩˋ
大底,1,ㄉㄚˋ ㄉㄧˇ
大府,1,ㄉㄚˋ ㄈㄨˇ
大度,1,ㄉㄚˋ ㄉㄨˋ
大庭,1,ㄉㄚˋ ㄊㄧㄥˊ
大廝,1,ㄉㄚˋ ㄙ
大忌,1,ㄉㄚˋ ㄐㄧˋ
大快,1,ㄉㄚˋ ㄎㄨㄞˋ
大怨,1,ㄉㄚˋ ㄩㄢˋ
大恚,1,ㄉㄚˋ ㄏㄨㄟˋ
大恭,1,ㄉㄚˋ ㄍㄨㄥ
大悅,1,ㄉㄚˋ ㄩㄝˋ
大惑,1,ㄉㄚˋ ㄏㄨㄛˋ
大惡,1,ㄉㄚˋ ㄜˋ
大愈,1,ㄉㄚˋ ㄩˋ
大慟,1,ㄉㄚˋ ㄊㄨㄥˋ
大慰,1,ㄉㄚˋ ㄨㄟˋ
大憝,1,ㄉㄚˋ ㄉㄨㄟˋ
大戎,1,ㄉㄚˋ ㄖㄨㄥˊ
大戮,1,ㄉㄚˋ ㄌㄨˋ
大戴,1,ㄉㄚˋ ㄉㄞˋ
大才,1,ㄉㄚˋ ㄘㄞˊ
大招,1,ㄉㄚˋ ㄓㄠ
大拜,1,ㄉㄚˋ ㄅㄞˋ
大拿,1,ㄉㄚˋ ㄋㄚˊ
大挑,1,ㄉㄚˋ ㄊㄧㄠ
大捧,1,ㄉㄚˋ ㄆㄥˇ
大掠,1,ㄉㄚˋ ㄌㄩㄝˋ
大故,1,ㄉㄚˋ ㄍㄨˋ
大故,1,ㄉㄞˋ ㄍㄨˋ
大斂,1,ㄉㄚˋ ㄌㄧㄢˋ
大斗,1,ㄉㄚˋ ㄉㄡˇ
大斧,1,ㄉㄚˋ ㄈㄨˇ
大方,1,ㄉㄚˋ ㄈㄤ˙
大旨,1,ㄉㄚˋ ㄓˇ
大早,1,ㄉㄚˋ ㄗㄠˇ
大明,1,ㄉㄚˋ ㄇㄧㄥˊ
大昏,1,ㄉㄚˋ ㄏㄨㄣ
大是,1,ㄉㄚˋ ㄕˋ
大暮,1,ㄉㄚˋ ㄇㄨˋ
大曆,1,ㄉㄚˋ ㄌㄧˋ
大札,1,ㄉㄚˋ ㄓㄚˊ
大板,1,ㄉㄚˋ ㄅㄢˇ
大柄,1,ㄉㄚˋ ㄅㄧㄥˇ
大棋,1,ㄉㄚˋ ㄑㄧˊ
大槓,1,ㄉㄚˋ ㄍㄤˋ
大樣,1,ㄉㄚˋ ㄧㄤˋ
大欲,1,ㄉㄚˋ ㄩˋ
大正,1,ㄉㄚˋ ㄓㄥˋ
大歸,1,ㄉㄚˋ ㄍㄨㄟ
大殺,1,ㄉㄚˋ ㄕㄚ
大母,1,ㄉㄚˋ ㄇㄨˇ
大汗,1,ㄉㄚˋ ㄏㄢˋ
大沖,1,ㄉㄚˋ ㄔㄨㄥ
大浪,1,ㄉㄚˋ ㄌㄤˋ
大漆,1,ㄉㄚˋ ㄑㄧ
大烹,1,ㄉㄚˋ ㄆㄥ
大煞,1,ㄉㄚˋ ㄕㄚˋ
大熟,1,ㄉㄚˋ ㄕㄨˊ
大爵,1,ㄉㄚˋ ㄐㄩㄝˊ
大爹,1,ㄉㄚˋ ㄉㄧㄝ
大爺,1,ㄉㄚˋ ㄧㄝ˙
大猷,1,ㄉㄚˋ ㄧㄡˊ
大猾,1,ㄉㄚˋ ㄏㄨㄚˊ
大獃,1,ㄉㄚˋ ㄉㄞ
大獄,1,ㄉㄚˋ ㄩˋ
大率,1,ㄉㄚˋ ㄌㄩˋ
大男,1,ㄉㄚˋ ㄋㄢˊ
大症,1,ㄉㄚˋ ㄓㄥˋ
大痊,1,ㄉㄚˋ ㄑㄩㄢˊ
大瘡,1,ㄉㄚˋ ㄔㄨㄤ
大皇,1,ㄉㄚˋ ㄏㄨㄤˊ
大盡,1,ㄉㄚˋ ㄐㄧㄣˋ
大礙,1,ㄉㄚˋ ㄞˋ
大祀,1,ㄉㄚˋ ㄙˋ
大祥,1,ㄉㄚˋ ㄒㄧㄤˊ
大祭,1,ㄉㄚˋ ㄐㄧˋ
大福,1,ㄉㄚˋ ㄈㄨˊ
大秋,1,ㄉㄚˋ ㄑㄧㄡ
大科,1,ㄉㄚˋ ㄎㄜ
大稔,1,ㄉㄚˋ ㄖㄣˇ
大穢,1,ㄉㄚˋ ㄏㄨㄟˋ
大索,1,ㄉㄚˋ ㄙㄨㄛˇ
大綬,1,ㄉㄚˋ ㄕㄡˋ
大耋,1,ㄉㄚˋ ㄉㄧㄝˊ
大臠,1,ㄉㄚˋ ㄌㄨㄢˊ
大至,1,ㄉㄚˋ ㄓˋ
大舍,1,ㄉㄚˋ ㄕㄜˋ
大舜,1,ㄉㄚˋ ㄕㄨㄣˋ
大花,1,ㄉㄚˋ ㄏㄨㄚ
大苦,1,ㄉㄚˋ ㄎㄨˇ
大落,1,ㄉㄚˋ ㄌㄨㄛˋ
大著,1,ㄉㄚˋ ㄓㄨˋ
大蕊,1,ㄉㄚˋ ㄖㄨㄟˇ
大蜀,1,ㄉㄚˋ ㄕㄨˇ
大蜡,1,ㄉㄚˋ ㄓㄚˋ
大衝,1,ㄉㄚˋ ㄔㄨㄥ
大袖,1,ㄉㄚˋ ㄒㄧㄡˋ
大襟,1,ㄉㄚˋ ㄐㄧㄣ
大覺,1,ㄉㄚˋ ㄐㄩㄝˊ
大言,1,ㄉㄚˋ ㄧㄢˊ
大語,1,ㄉㄚˋ ㄩˇ
大課,1,ㄉㄚˋ ㄎㄜˋ
大諫,1,ㄉㄚˋ ㄐㄧㄢˋ
大賈,1,ㄉㄚˋ ㄍㄨˇ
大賓,1,ㄉㄚˋ ㄅㄧㄣ
大走,1,ㄉㄚˋ ㄗㄡˇ
大起,1,ㄉㄚˋ ㄑㄧˇ
大足,1,ㄉㄚˋ ㄗㄨˊ
大較,1,ㄉㄚˋ ㄐㄧㄠˋ
大輅,1,ㄉㄚˋ ㄌㄨˋ
大辟,1,ㄉㄚˋ ㄆㄧˋ
大農,1,ㄉㄚˋ ㄋㄨㄥˊ
大造,1,ㄉㄚˋ ㄗㄠˋ
大進,1,ㄉㄚˋ ㄐㄧㄣˋ
大運,1,ㄉㄚˋ ㄩㄣˋ
大邑,1,ㄉㄚˋ ㄧˋ
大邦,1,ㄉㄚˋ ㄅㄤ
大郎,1,ㄉㄚˋ ㄌㄤˊ
大酋,1,ㄉㄚˋ ㄑㄧㄡˊ
大酺,1,ㄉㄚˋ ㄆㄨˊ
大醉,1,ㄉㄚˋ ㄗㄨㄟˋ
大醜,1,ㄉㄚˋ ㄔㄡˇ
大采,1,ㄉㄚˋ ㄘㄞˇ
大鈞,1,ㄉㄚˋ ㄐㄩㄣ
大銜,1,ㄉㄚˋ ㄒㄧㄢˊ
大鑒,1,ㄉㄚˋ ㄐㄧㄢˋ
大鑼,1,ㄉㄚˋ ㄌㄨㄛˊ
大閱,1,ㄉㄚˋ ㄩㄝˋ
大闊,1,ㄉㄚˋ ㄎㄨㄛˋ
大阮,1,ㄉㄚˋ ㄖㄨㄢˇ
大頑,1,ㄉㄚˋ ㄨㄢˊ
大額,1,ㄉㄚˋ ㄜˊ
大顙,1,ㄉㄚˋ ㄙㄤˇ
大顛,1,ㄉㄚˋ ㄉㄧㄢ
大食,1,ㄉㄚˋ ㄕˊ
大餐,1,ㄉㄚˋ ㄘㄢ
大館,1,ㄉㄚˋ ㄍㄨㄢˇ
大饗,1,ㄉㄚˋ ㄒㄧㄤˇ
大駭,1,ㄉㄚˋ ㄏㄞˋ
大驚,1,ㄉㄚˋ ㄐㄧㄥ
大魁,1,ㄉㄚˋ ㄎㄨㄟˊ
大鯢,1,ㄉㄚˋ ㄋㄧˊ
大鵬,1,ㄉㄚˋ ㄆㄥˊ
大鹽,1,ㄉㄚˋ ㄧㄢˊ
大齊,1,ㄉㄚˋ ㄑㄧˊ
天丁,1,ㄊㄧㄢ ㄉㄧㄥ
天中,1,ㄊㄧㄢ ㄓㄨㄥ
天九,1,ㄊㄧㄢ ㄐㄧㄡˇ
天休,1,ㄊㄧㄢ ㄒㄧㄡ
天位,1,ㄊㄧㄢ ㄨㄟˋ
天作,1,ㄊㄧㄢ ㄗㄨㄛˋ
天倪,1,ㄊㄧㄢ ㄋㄧˊ
天刑,1,ㄊㄧㄢ ㄒㄧㄥˊ
天功,1,ㄊㄧㄢ ㄍㄨㄥ
天君,1,ㄊㄧㄢ ㄐㄩㄣ
天問,1,ㄊㄧㄢ ㄨㄣˋ
天啟,1,ㄊㄧㄢ ㄑㄧˇ
天喜,1,ㄊㄧㄢ ㄒㄧˇ
天報,1,ㄊㄧㄢ ㄅㄠˋ
天外,1,ㄊㄧㄢ ㄨㄞˋ
天妃,1,ㄊㄧㄢ ㄈㄟ
天威,1,ㄊㄧㄢ ㄨㄟ
天婚,1,ㄊㄧㄢ ㄏㄨㄣ
天媛,1,ㄊㄧㄢ ㄩㄢˋ
天孫,1,ㄊㄧㄢ ㄙㄨㄣ
天宇,1,ㄊㄧㄢ ㄩˇ
天官,1,ㄊㄧㄢ ㄍㄨㄢ
天定,1,ㄊㄧㄢ ㄉㄧㄥˋ
天家,1,ㄊㄧㄢ ㄐㄧㄚ
天容,1,ㄊㄧㄢ ㄖㄨㄥˊ
天將,1,ㄊㄧㄢ ㄐㄧㄤˋ
天尊,1,ㄊㄧㄢ ㄗㄨㄣ
天屬,1,ㄊㄧㄢ ㄕㄨˇ
天帝,1,ㄊㄧㄢ ㄉㄧˋ
天常,1,ㄊㄧㄢ ㄔㄤˊ
天幸,1,ㄊㄧㄢ ㄒㄧㄥˋ
天廚,1,ㄊㄧㄢ ㄔㄨˊ
天德,1,ㄊㄧㄢ ㄉㄜˊ
天心,1,ㄊㄧㄢ ㄒㄧㄣ
天怒,1,ㄊㄧㄢ ㄋㄨˋ
天恩,1,ㄊㄧㄢ ㄣ
天慶,1,ㄊㄧㄢ ㄑㄧㄥˋ
天憲,1,ㄊㄧㄢ ㄒㄧㄢˋ
天戈,1,ㄊㄧㄢ ㄍㄜ
天戒,1,ㄊㄧㄢ ㄐㄧㄝˋ
天斷,1,ㄊㄧㄢ ㄉㄨㄢˋ
天方,1,ㄊㄧㄢ ㄈㄤ
天曉,1,ㄊㄧㄢ ㄒㄧㄠˇ
天曹,1,ㄊㄧㄢ ㄘㄠˊ
天末,1,ㄊㄧㄢ ㄇㄛˋ
天條,1,ㄊㄧㄢ ㄊㄧㄠˊ
天梯,1,ㄊㄧㄢ ㄊㄧ
天樂,1,ㄊㄧㄢ ㄌㄜˋ
天樣,1,ㄊㄧㄢ ㄧㄤˋ
天步,1,ㄊㄧㄢ ㄅㄨˋ
天殘,1,ㄊㄧㄢ ㄘㄢˊ
天民,1,ㄊㄧㄢ ㄇㄧㄣˊ
天漢,1,ㄊㄧㄢ ㄏㄢˋ
天潢,1,ㄊㄧㄢ ㄏㄨㄤˊ
天澤,1,ㄊㄧㄢ ㄗㄜˊ
天火,1,ㄊㄧㄢ ㄏㄨㄛˇ
天爵,1,ㄊㄧㄢ ㄐㄩㄝˊ
天狼,1,ㄊㄧㄢ ㄌㄤˊ
天瑞,1,ㄊㄧㄢ ㄖㄨㄟˋ
天產,1,ㄊㄧㄢ ㄔㄢˇ
天疾,1,ㄊㄧㄢ ㄐㄧˊ
天瘟,1,ㄊㄧㄢ ㄨㄣ
天監,1,ㄊㄧㄢ ㄐㄧㄢ
天眷,1,ㄊㄧㄢ ㄐㄩㄢˋ
天祚,1,ㄊㄧㄢ ㄗㄨㄛˋ
天祿,1,ㄊㄧㄢ ㄌㄨˋ
天福,1,ㄊㄧㄢ ㄈㄨˊ
天秩,1,ㄊㄧㄢ ㄓˋ
天稟,1,ㄊㄧㄢ ㄅㄧㄥˇ
天穹,1,ㄊㄧㄢ ㄑㄩㄥˊ
天章,1,ㄊㄧㄢ ㄓㄤ
天符,1,ㄊㄧㄢ ㄈㄨˊ
天算,1,ㄊㄧㄢ ㄙㄨㄢˋ
天紀,1,ㄊㄧㄢ ㄐㄧˋ
天綱,1,ㄊㄧㄢ ㄍㄤ
天網,1,ㄊㄧㄢ ㄨㄤˇ
天緣,1,ㄊㄧㄢ ㄩㄢˊ
天罡,1,ㄊㄧㄢ ㄍㄤ
天罰,1,ㄊㄧㄢ ㄈㄚˊ
天老,1,ㄊㄧㄢ ㄌㄠˇ
天聽,1,ㄊㄧㄢ ㄊㄧㄥ
天膽,1,ㄊㄧㄢ ㄉㄢˇ
天臺,1,ㄊㄧㄢ ㄊㄞˊ
天荒,1,ㄊㄧㄢ ㄏㄨㄤ
天蛾,1,ㄊㄧㄢ ㄜˊ
天蠶,1,ㄊㄧㄢ ㄘㄢˊ
天行,1,ㄊㄧㄢ ㄒㄧㄥˊ
天街,1,ㄊㄧㄢ ㄐㄧㄝ
天衢,1,ㄊㄧㄢ ㄑㄩˊ
天衣,1,ㄊㄧㄢ ㄧ
天表,1,ㄊㄧㄢ ㄅㄧㄠˇ
天覆,1,ㄊㄧㄢ ㄈㄨˋ
天話,1,ㄊㄧㄢ ㄏㄨㄚˋ
天貴,1,ㄊㄧㄢ ㄍㄨㄟˋ
天貺,1,ㄊㄧㄢ ㄎㄨㄤˋ
天趣,1,ㄊㄧㄢ ㄑㄩˋ
天路,1,ㄊㄧㄢ ㄌㄨˋ
天軸,1,ㄊㄧㄢ ㄓㄡˊ
天輔,1,ㄊㄧㄢ ㄈㄨˇ
天造,1,ㄊㄧㄢ ㄗㄠˋ
天運,1,ㄊㄧㄢ ㄩㄣˋ
天道,1,ㄊㄧㄢ ㄉㄠ˙
天邑,1,ㄊㄧㄢ ㄧˋ
天都,1,ㄊㄧㄢ ㄉㄨ
天閹,1,ㄊㄧㄢ ㄧㄢ
天閽,1,ㄊㄧㄢ ㄏㄨㄣ
天闕,1,ㄊㄧㄢ ㄑㄩㄝˋ
天阻,1,ㄊㄧㄢ ㄗㄨˇ
天雞,1,ㄊㄧㄢ ㄐㄧ
天靈,1,ㄊㄧㄢ ㄌㄧㄥ˙
天韻,1,ㄊㄧㄢ ㄩㄣˋ
天顏,1,ㄊㄧㄢ ㄧㄢˊ
天飛,1,ㄊㄧㄢ ㄈㄟ
天香,1,ㄊㄧㄢ ㄒㄧㄤ
天驕,1,ㄊㄧㄢ ㄐㄧㄠ
天驥,1,ㄊㄧㄢ ㄐㄧˋ
天骨,1,ㄊㄧㄢ ㄍㄨˇ
天高,1,ㄊㄧㄢ ㄍㄠ
天麻,1,ㄊㄧㄢ ㄇㄚˊ
天黥,1,ㄊㄧㄢ ㄑㄧㄥˊ
太一,1,ㄊㄞˋ ㄧ
太上,1,ㄊㄞˋ ㄕㄤˋ
太主,1,ㄊㄞˋ ㄓㄨˇ
太僕,1,ㄊㄞˋ ㄆㄨˊ
太儀,1,ㄊㄞˋ ㄧˊ
太元,1,ㄊㄞˋ ㄩㄢˊ
太初,1,ㄊㄞˋ ㄔㄨ
太半,1,ㄊㄞˋ ㄅㄢˋ
太卜,1,ㄊㄞˋ ㄅㄨˇ
太叔,1,ㄊㄞˋ ㄕㄨˊ
太史,1,ㄊㄞˋ ㄕˇ
太嗇,1,ㄊㄞˋ ㄙㄜˋ
太太,1,ㄊㄞˋ ㄊㄞ˙
太始,1,ㄊㄞˋ ㄕˇ
太孫,1,ㄊㄞˋ ㄙㄨㄣ
太安,1,ㄊㄞˋ ㄢ
太容,1,ㄊㄞˋ ㄖㄨㄥˊ
太寧,1,ㄊㄞˋ ㄋㄧㄥˊ
太尊,1,ㄊㄞˋ ㄗㄨㄣ
太山,1,ㄊㄞˋ ㄕㄢ
太帝,1,ㄊㄞˋ ㄉㄧˋ
太延,1,ㄊㄞˋ ㄧㄢˊ
太建,1,ㄊㄞˋ ㄐㄧㄢˋ
太弟,1,ㄊㄞˋ ㄉㄧˋ
太微,1,ㄊㄞˋ ㄨㄟˊ
太昊,1,ㄊㄞˋ ㄏㄠˋ
太昌,1,ㄊㄞˋ ㄔㄤ
太母,1,ㄊㄞˋ ㄇㄨˇ
太沖,1,ㄊㄞˋ ㄔㄨㄥ
太液,1,ㄊㄞˋ ㄧㄝˋ
太清,1,ㄊㄞˋ ㄑㄧㄥ
太熙,1,ㄊㄞˋ ㄒㄧ
太猛,1,ㄊㄞˋ ㄇㄥˇ
太玄,1,ㄊㄞˋ ㄒㄩㄢˊ
太王,1,ㄊㄞˋ ㄨㄤˊ
太皞,1,ㄊㄞˋ ㄏㄠˋ
太真,1,ㄊㄞˋ ㄓㄣ
太簇,1,ㄊㄞˋ ㄘㄨˋ
太素,1,ㄊㄞˋ ㄙㄨˋ
太羹,1,ㄊㄞˋ ㄍㄥ
太翁,1,ㄊㄞˋ ㄨㄥ
太興,1,ㄊㄞˋ ㄒㄧㄥ
太謙,1,ㄊㄞˋ ㄑㄧㄢ
太輔,1,ㄊㄞˋ ㄈㄨˇ
太阿,1,ㄊㄞˋ ㄜ
太階,1,ㄊㄞˋ ㄐㄧㄝ
夫主,1,ㄈㄨ ㄓㄨˇ
夫娘,1,ㄈㄨ ㄋㄧㄤˊ
夫子,1,ㄈㄨ ㄗ˙
夫差,1,ㄈㄨˊ ㄔㄞ
夫役,1,ㄈㄨ ㄧˋ
夫男,1,ㄈㄨ ㄋㄢˊ
夫頭,1,ㄈㄨ ㄊㄡˊ
夫馬,1,ㄈㄨ ㄇㄚˇ
夫黨,1,ㄈㄨ ㄉㄤˇ
夬夬,1,ㄍㄨㄞˋ ㄍㄨㄞˋ
夭厲,1,ㄧㄠ ㄌㄧˋ
夭娜,1,ㄧㄠ ㄋㄨㄛˊ
夭昏,1,ㄧㄠˇ ㄏㄨㄣ
夭札,1,ㄧㄠˇ ㄓㄚˊ
夭枉,1,ㄧㄠˇ ㄨㄤˇ
夭殂,1,ㄧㄠˇ ㄘㄨˊ
夭殞,1,ㄧㄠˇ ㄩㄣˇ
夭殤,1,ㄧㄠ ㄕㄤ
夭疽,1,ㄧㄠ ㄐㄩ
夭矯,1,ㄧㄠ ㄐㄧㄠˇ
夭紅,1,ㄧㄠ ㄏㄨㄥˊ
夭遏,1,ㄧㄠˇ ㄜˋ
夭邪,1,ㄧㄠ ㄒㄧㄝˊ
夭閼,1,ㄧㄠˇ ㄜˋ
央中,1,ㄧㄤ ㄓㄨㄥ
央人,1,ㄧㄤ ㄖㄣˊ
央厄,1,ㄧㄤ ㄜˋ
央告,1,ㄧㄤ ㄍㄠ˙
央央,1,ㄧㄤ ㄧㄤ
央媒,1,ㄧㄤ ㄇㄟˊ
央帶,1,ㄧㄤ ㄉㄞˋ
央戧,1,ㄧㄤ ㄑㄧㄤ˙
央浼,1,ㄧㄤ ㄇㄟˇ
央煩,1,ㄧㄤ ㄈㄢˊ
央託,1,ㄧㄤ ㄊㄨㄛ
央靠,1,ㄧㄤ ㄎㄠˋ
夯力,1,ㄏㄤ ㄌㄧˋ
夯吃,1,ㄏㄤ ㄔ
夯夫,1,ㄏㄤ ㄈㄨ
夯子,1,ㄏㄤ ㄗ˙
夯市,1,ㄏㄤ ㄕˋ
夯幹,1,ㄏㄤ ㄍㄢˋ
夯漢,1,ㄏㄤ ㄏㄢˋ
夯貨,1,ㄏㄤ ㄏㄨㄛˋ
失候,1,ㄕ ㄏㄡˋ
失入,1,ㄕ ㄖㄨˋ
失出,1,ㄕ ㄔㄨ
失口,1,ㄕ ㄎㄡˇ
失單,1,ㄕ ㄉㄢ
失圖,1,ㄕ ㄊㄨˊ
失宜,1,ㄕ ㄧˊ
失容,1,ㄕ ㄖㄨㄥˊ
失密,1,ㄕ ㄇㄧˋ
失心,1,ㄕ ㄒㄧㄣ
失志,1,ㄕ ㄓˋ
失所,1,ㄕ ㄙㄨㄛˇ
失挫,1,ㄕ ㄘㄨㄛˋ
失曉,1,ㄕ ㄒㄧㄠˇ
失期,1,ㄕ ㄑㄧˊ
失本,1,ㄕ ㄅㄣˇ
失機,1,ㄕ ㄐㄧ
失權,1,ㄕ ㄑㄩㄢˊ
失歡,1,ㄕ ㄏㄨㄢ
失氣,1,ㄕ ㄑㄧˋ
失滅,1,ㄕ ㄇㄧㄝ˙
失瞻,1,ㄕ ㄓㄢ
失義,1,ㄕ ㄧˋ
失脫,1,ㄕ ㄊㄨㄛ˙
失腳,1,ㄕ ㄐㄧㄠˇ
失著,1,ㄕ ㄓㄠ
失衡,1,ㄕ ㄏㄥˊ
失語,1,ㄕ ㄩˇ
失調,1,ㄕ ㄉㄧㄠˋ
失賊,1,ㄕ ㄗㄜˊ
失路,1,ㄕ ㄌㄨˋ
失迷,1,ㄕ ㄇㄧˊ
失道,1,ㄕ ㄉㄠˋ
失錯,1,ㄕ ㄘㄨㄛˋ
失閃,1,ㄕ ㄕㄢ˙
失飪,1,ㄕ ㄖㄣˋ
失驚,1,ㄕ ㄐㄧㄥ
失鹿,1,ㄕ ㄌㄨˋ
夷世,1,ㄧˊ ㄕˋ
夷俟,1,ㄧˊ ㄙˋ
夷延,1,ㄧˊ ㄧㄢˊ
夷悅,1,ㄧˊ ㄩㄝˋ
夷惠,1,ㄧˊ ㄏㄨㄟˋ
夷愉,1,ㄧˊ ㄩˊ
夷懌,1,ㄧˊ ㄧˋ
夷戮,1,ㄧˊ ㄌㄨˋ
夷易,1,ㄧˊ ㄧˋ
夷昧,1,ㄧˊ ㄇㄟˋ
夷服,1,ㄧˊ ㄈㄨˊ
夷槃,1,ㄧˊ ㄆㄢˊ
夷歌,1,ㄧˊ ㄍㄜ
夷滅,1,ㄧˊ ㄇㄧㄝˋ
夷漫,1,ㄧˊ ㄇㄢˋ
夷狄,1,ㄧˊ ㄉㄧˊ
夷猶,1,ㄧˊ ㄧㄡˊ
夷由,1,ㄧˊ ㄧㄡˊ
夷瘳,1,ㄧˊ ㄔㄡ
夷白,1,ㄧˊ ㄅㄞˊ
夷簡,1,ㄧˊ ㄐㄧㄢˇ
夷衾,1,ㄧˊ ㄑㄧㄣ
夷陵,1,ㄧˊ ㄌㄧㄥˊ
夷險,1,ㄧˊ ㄒㄧㄢˇ
夷靡,1,ㄧˊ ㄇㄧˇ
夷齊,1,ㄧˊ ㄑㄧˊ
夸人,1,ㄎㄨㄚ ㄖㄣˊ
夸姣,1,ㄎㄨㄚ ㄐㄧㄠ
夸容,1,ㄎㄨㄚ ㄖㄨㄥˊ
夸毗,1,ㄎㄨㄚ ㄆㄧˊ
夸飾,1,ㄎㄨㄚ ㄕˋ
夸麗,1,ㄎㄨㄚ ㄌㄧˋ
夾剪,1,ㄐㄧㄚˊ ㄐㄧㄢˇ
夾和,1,ㄐㄧㄚˊ ㄏㄨㄛˋ
夾單,1,ㄐㄧㄚˊ ㄉㄢ
夾壁,1,ㄐㄧㄚˊ ㄅㄧˋ
夾室,1,ㄐㄧㄚˊ ㄕˋ
夾岸,1,ㄐㄧㄚˊ ㄢˋ
夾帳,1,ㄐㄧㄚˊ ㄓㄤˋ
夾杖,1,ㄐㄧㄚˊ ㄓㄤˋ
夾棍,1,ㄐㄧㄚˊ ㄍㄨㄣˋ
夾生,1,ㄐㄧㄚˋ ㄕㄥ˙
夾界,1,ㄐㄧㄚˊ ㄐㄧㄝˋ
夾磨,1,ㄐㄧㄚˊ ㄇㄛ˙
夾纈,1,ㄐㄧㄚˊ ㄒㄧㄝˊ
夾肝,1,ㄐㄧㄚˊ ㄍㄢ
夾腦,1,ㄐㄧㄚˊ ㄋㄠˇ
夾袍,1,ㄐㄧㄚˊ ㄆㄠˊ
夾被,1,ㄐㄧㄚˊ ㄅㄟˋ
夾襖,1,ㄐㄧㄚˊ ㄠˇ
夾路,1,ㄐㄧㄚˊ ㄌㄨˋ
夾輔,1,ㄐㄧㄚˊ ㄈㄨˇ
奄人,1,ㄧㄢ ㄖㄣˊ
奄冉,1,ㄧㄢ ㄖㄢˇ
奄宦,1,ㄧㄢ ㄏㄨㄢˋ
奄尹,1,ㄧㄢ ㄧㄣˇ
奄忽,1,ㄧㄢˇ ㄏㄨ
奄息,1,ㄧㄢˇ ㄒㄧˊ
奄欻,1,ㄧㄢˇ ㄏㄨ
奄老,1,ㄧㄢ ㄌㄠˇ
奇俊,1,ㄑㄧˊ ㄐㄩㄣˋ
奇勛,1,ㄑㄧˊ ㄒㄩㄣ
奇奧,1,ㄑㄧˊ ㄠˋ
奇字,1,ㄑㄧˊ ㄗˋ
奇崛,1,ㄑㄧˊ ㄐㄩㄝˊ
奇志,1,ㄑㄧˊ ㄓˋ
奇懷,1,ㄑㄧˊ ㄏㄨㄞˊ
奇招,1,ㄑㄧˊ ㄓㄠ
奇擎,1,ㄑㄧˊ ㄑㄧㄥˊ
奇日,1,ㄐㄧ ㄖˋ
奇樹,1,ㄑㄧˊ ㄕㄨˋ
奇珍,1,ㄑㄧˊ ㄓㄣ
奇病,1,ㄑㄧˊ ㄅㄧㄥˋ
奇童,1,ㄑㄧˊ ㄊㄨㄥˊ
奇策,1,ㄑㄧˊ ㄘㄜˋ
奇絕,1,ㄑㄧˊ ㄐㄩㄝˊ
奇缺,1,ㄑㄧˊ ㄑㄩㄝ
奇羨,1,ㄐㄧ ㄒㄧㄢˋ
奇舞,1,ㄑㄧˊ ㄨˇ
奇蒿,1,ㄑㄧˊ ㄏㄠ
奇觚,1,ㄑㄧˊ ㄍㄨ
奇說,1,ㄑㄧˊ ㄕㄨㄛ
奇譎,1,ㄑㄧˊ ㄐㄩㄝˊ
奇貨,1,ㄑㄧˊ ㄏㄨㄛˋ
奇贏,1,ㄐㄧ ㄧㄥˊ
奇門,1,ㄑㄧˊ ㄇㄣˊ
奇駭,1,ㄑㄧˊ ㄏㄞˋ
奇驗,1,ㄑㄧˊ ㄧㄢˋ
奈向,1,ㄋㄞˋ ㄒㄧㄤˋ
奈守,1,ㄋㄞˋ ㄕㄡˇ
奈煩,1,ㄋㄞˋ ㄈㄢˊ
奉事,1,ㄈㄥˋ ㄕˋ
奉使,1,ㄈㄥˋ ㄕˇ
奉別,1,ㄈㄥˋ ㄅㄧㄝˊ
奉勞,1,ㄈㄥˋ ㄌㄠˊ
奉厝,1,ㄈㄥˋ ㄘㄨㄛˋ
奉土,1,ㄈㄥˋ ㄊㄨˇ
奉委,1,ㄈㄥˋ ㄨㄟˇ
奉官,1,ㄈㄥˋ ㄍㄨㄢ
奉客,1,ㄈㄥˋ ㄎㄜˋ
奉寧,1,ㄈㄥˋ ㄋㄧㄥˊ
奉干,1,ㄈㄥˋ ㄍㄢ
奉引,1,ㄈㄥˋ ㄧㄣˇ
奉從,1,ㄈㄥˋ ㄘㄨㄥˊ
奉復,1,ㄈㄥˋ ㄈㄨˋ
奉悉,1,ㄈㄥˋ ㄒㄧ
奉懇,1,ㄈㄥˋ ㄎㄣˇ
奉拜,1,ㄈㄥˋ ㄅㄞˋ
奉持,1,ㄈㄥˋ ㄔˊ
奉擾,1,ㄈㄥˋ ㄖㄠˇ
奉時,1,ㄈㄥˋ ㄕˊ
奉書,1,ㄈㄥˋ ㄕㄨ
奉檄,1,ㄈㄥˋ ㄒㄧˊ
奉求,1,ㄈㄥˋ ㄑㄧㄡˊ
奉煩,1,ㄈㄥˋ ㄈㄢˊ
奉牋,1,ㄈㄥˋ ㄐㄧㄢ
奉璧,1,ㄈㄥˋ ㄅㄧˋ
奉祠,1,ㄈㄥˋ ㄘˊ
奉祿,1,ㄈㄥˋ ㄌㄨˋ
奉義,1,ㄈㄥˋ ㄧˋ
奉茶,1,ㄈㄥˋ ㄔㄚˊ
奉藥,1,ㄈㄥˋ ㄧㄠˋ
奉表,1,ㄈㄥˋ ㄅㄧㄠˇ
奉被,1,ㄈㄥˋ ㄆㄧ
奉見,1,ㄈㄥˋ ㄐㄧㄢˋ
奉訪,1,ㄈㄥˋ ㄈㄤˇ
奉詔,1,ㄈㄥˋ ㄓㄠˋ
奉調,1,ㄈㄥˋ ㄉㄧㄠˋ
奉請,1,ㄈㄥˋ ㄑㄧㄥˇ
奉諱,1,ㄈㄥˋ ㄏㄨㄟˋ
奉轡,1,ㄈㄥˋ ㄆㄟˋ
奉辭,1,ㄈㄥˋ ㄘˊ
奉酒,1,ㄈㄥˋ ㄐㄧㄡˇ
奉酬,1,ㄈㄥˋ ㄔㄡˊ
奉餞,1,ㄈㄥˋ ㄐㄧㄢˋ
奎章,1,ㄎㄨㄟˊ ㄓㄤ
奎蹄,1,ㄎㄨㄟˊ ㄊㄧˊ
奏削,1,ㄗㄡˋ ㄒㄩㄝˋ
奏對,1,ㄗㄡˋ ㄉㄨㄟˋ
奏草,1,ㄗㄡˋ ㄘㄠˇ
奏記,1,ㄗㄡˋ ㄐㄧˋ
奏請,1,ㄗㄡˋ ㄑㄧㄥˇ
奐奐,1,ㄏㄨㄢˋ ㄏㄨㄢˋ
奐然,1,ㄏㄨㄢˋ ㄖㄢˊ
奐衍,1,ㄏㄨㄢˋ ㄧㄢˇ
契刀,1,ㄑㄧˋ ㄉㄠ
契分,1,ㄑㄧˋ ㄈㄣˋ
契勘,1,ㄑㄧˋ ㄎㄢ
契契,1,ㄑㄧˋ ㄑㄧˋ
契尾,1,ㄑㄧˋ ㄨㄟˇ
契箭,1,ㄑㄧˋ ㄐㄧㄢˋ
契重,1,ㄑㄧˋ ㄓㄨㄥˋ
契闊,1,ㄑㄧㄝˋ ㄎㄨㄛˋ
契需,1,ㄑㄧㄝˋ ㄒㄩ
奓沙,1,ㄓㄚ ㄕㄚ˙
奓靡,1,ㄕㄜ ㄇㄧˇ
奔命,1,ㄅㄣˋ ㄇㄧㄥˋ
奔噪,1,ㄅㄣ ㄗㄠˋ
奔揚,1,ㄅㄣ ㄧㄤˊ
奔星,1,ㄅㄣ ㄒㄧㄥ
奔潰,1,ㄅㄣ ㄎㄨㄟˋ
奔瀉,1,ㄅㄣ ㄒㄧㄝˋ
奔碌,1,ㄅㄣ ㄌㄨˋ
奔突,1,ㄅㄣ ㄊㄨˊ
奔競,1,ㄅㄣ ㄐㄧㄥˋ
奔箭,1,ㄅㄣ ㄐㄧㄢˋ
奔軼,1,ㄅㄣ ㄧˋ
奔逸,1,ㄅㄣ ㄧˋ
奔靠,1,ㄅㄣ ㄎㄠˋ
奔駛,1,ㄅㄣ ㄕˇ
奕世,1,ㄧˋ ㄕˋ
奕山,1,ㄧˋ ㄕㄢ
奕訢,1,ㄧˋ ㄒㄧㄣ
套包,1,ㄊㄠˋ ㄅㄠ
套套,1,ㄊㄠˋ ㄊㄠ˙
套式,1,ㄊㄠˋ ㄕˋ
套敘,1,ㄊㄠˋ ㄒㄩˋ
套文,1,ㄊㄠˋ ㄨㄣˊ
套杯,1,ㄊㄠˋ ㄅㄟ
套犁,1,ㄊㄠˋ ㄌㄧˊ
套票,1,ㄊㄠˋ ㄆㄧㄠˋ
套種,1,ㄊㄠˋ ㄓㄨㄥˋ
套耕,1,ㄊㄠˋ ㄍㄥ
套衫,1,ㄊㄠˋ ㄕㄢ
套袋,1,ㄊㄠˋ ㄉㄞˋ
套袖,1,ㄊㄠˋ ㄒㄧㄡˋ
套褲,1,ㄊㄠˋ ㄎㄨˋ
套調,1,ㄊㄠˋ ㄉㄧㄠˋ
套購,1,ㄊㄠˋ ㄍㄡˋ
套路,1,ㄊㄠˋ ㄌㄨˋ
套項,1,ㄊㄠˋ ㄒㄧㄤˋ
套鼓,1,ㄊㄠˋ ㄍㄨˇ
奚兒,1,ㄒㄧ ㄦˊ
奚凌,1,ㄒㄧ ㄌㄧㄥˊ
奚奴,1,ㄒㄧ ㄋㄨˊ
奚琴,1,ㄒㄧ ㄑㄧㄣˊ
奚由,1,ㄒㄧ ㄧㄡˊ
奚自,1,ㄒㄧ ㄗˋ
奚若,1,ㄒㄧ ㄖㄨㄛˋ
奚隸,1,ㄒㄧ ㄌㄧˋ
奠地,1,ㄉㄧㄢˋ ㄉㄧˋ
奠安,1,ㄉㄧㄢˋ ㄢ
奠敬,1,ㄉㄧㄢˋ ㄐㄧㄥˋ
奠都,1,ㄉㄧㄢˋ ㄉㄨ
奠酹,1,ㄉㄧㄢˋ ㄌㄟˋ
奠雁,1,ㄉㄧㄢˋ ㄧㄢˋ
奢放,1,ㄕㄜ ㄈㄤˋ
奢泰,1,ㄕㄜ ㄊㄞˋ
奢遮,1,ㄕㄜ ㄓㄜ
奧主,1,ㄠˋ ㄓㄨˇ
奧區,1,ㄠˋ ㄑㄩ
奧博,1,ㄠˋ ㄅㄛˊ
奧坎,1,ㄠˋ ㄎㄢˇ
奧渫,1,ㄩˋ ㄒㄧㄝˋ
奧略,1,ㄠˋ ㄌㄩㄝˋ
奧窔,1,ㄠˋ ㄧㄠˇ
奧草,1,ㄠˋ ㄘㄠˇ
奧衍,1,ㄠˋ ㄧㄢˇ
奧賾,1,ㄠˋ ㄗㄜˊ
奧遠,1,ㄠˋ ㄩㄢˇ
奧龍,1,ㄠˋ ㄌㄨㄥˊ
奩器,1,ㄌㄧㄢˊ ㄑㄧˋ
奩幣,1,ㄌㄧㄢˊ ㄅㄧˋ
奩房,1,ㄌㄧㄢˊ ㄈㄤˊ
奩敬,1,ㄌㄧㄢˊ ㄐㄧㄥˋ
奩田,1,ㄌㄧㄢˊ ㄊㄧㄢˊ
奪人,1,ㄉㄨㄛˊ ㄖㄣˊ
奪休,1,ㄉㄨㄛˊ ㄒㄧㄡ
奪命,1,ㄉㄨㄛˊ ㄇㄧㄥˋ
奪嫡,1,ㄉㄨㄛˊ ㄉㄧˊ
奪彩,1,ㄉㄨㄛˊ ㄘㄞˇ
奪志,1,ㄉㄨㄛˊ ㄓˋ
奪情,1,ㄉㄨㄛˊ ㄑㄧㄥˊ
奪手,1,ㄉㄨㄛˊ ㄕㄡˇ
奪氣,1,ㄉㄨㄛˊ ㄑㄧˋ
奪職,1,ㄉㄨㄛˊ ㄓˊ
奪路,1,ㄉㄨㄛˊ ㄌㄨˋ
奪魄,1,ㄉㄨㄛˊ ㄆㄛˋ
奫淪,1,ㄩㄣ ㄌㄨㄣˊ
奮勵,1,ㄈㄣˋ ㄌㄧˋ
奮威,1,ㄈㄣˋ ㄨㄟ
奮擊,1,ㄈㄣˋ ㄐㄧˊ
奮激,1,ㄈㄣˋ ㄐㄧ
奮然,1,ㄈㄣˋ ㄖㄢˊ
奮矜,1,ㄈㄣˋ ㄐㄧㄣ
奮翅,1,ㄈㄣˋ ㄔˋ
奮身,1,ㄈㄣˋ ㄕㄣ
奮辭,1,ㄈㄣˋ ㄘˊ
奮飛,1,ㄈㄣˋ ㄈㄟ
女主,1,ㄋㄩˇ ㄓㄨˇ
女事,1,ㄋㄩˇ ㄕˋ
女伎,1,ㄋㄩˇ ㄐㄧˋ
女僧,1,ㄋㄩˇ ㄙㄥ
女先,1,ㄋㄩˇ ㄒㄧㄢ
女公,1,ㄋㄩˇ ㄍㄨㄥ
女冠,1,ㄋㄩˇ ㄍㄨㄢ
女功,1,ㄋㄩˇ ㄍㄨㄥ
女叔,1,ㄋㄩˇ ㄕㄨˊ
女口,1,ㄋㄩˇ ㄎㄡˇ
女史,1,ㄋㄩˇ ㄕˇ
女君,1,ㄋㄩˇ ㄐㄩㄣ
女國,1,ㄋㄩˇ ㄍㄨㄛˊ
女垣,1,ㄋㄩˇ ㄩㄢˊ
女夷,1,ㄋㄩˇ ㄧˊ
女妹,1,ㄋㄩˇ ㄇㄟˋ
女姪,1,ㄋㄩˇ ㄓˊ
女娃,1,ㄋㄩˇ ㄨㄚˊ
女娘,1,ㄋㄩˇ ㄋㄧㄤˊ
女媒,1,ㄋㄩˇ ㄇㄟˊ
女孫,1,ㄋㄩˇ ㄙㄨㄣ
女學,1,ㄋㄩˇ ㄒㄩㄝˊ
女宗,1,ㄋㄩˇ ㄗㄨㄥ
女官,1,ㄋㄩˇ ㄍㄨㄢ
女客,1,ㄋㄩˇ ㄎㄜˋ
女室,1,ㄋㄩˇ ㄕˋ
女宮,1,ㄋㄩˇ ㄍㄨㄥ
女家,1,ㄋㄩˇ ㄐㄧㄚ
女宿,1,ㄋㄩˇ ㄒㄧㄡˋ
女市,1,ㄋㄩˇ ㄕˋ
女床,1,ㄋㄩˇ ㄔㄨㄤˊ
女廚,1,ㄋㄩˇ ㄔㄨˊ
女御,1,ㄋㄩˇ ㄩˋ
女戎,1,ㄋㄩˇ ㄖㄨㄥˊ
女戶,1,ㄋㄩˇ ㄏㄨˋ
女書,1,ㄋㄩˇ ㄕㄨ
女歧,1,ㄋㄩˇ ㄑㄧˊ
女氣,1,ㄋㄩˇ ㄑㄧ˙
女牆,1,ㄋㄩˇ ㄑㄧㄤˊ
女牢,1,ㄋㄩˇ ㄌㄠˊ
女犯,1,ㄋㄩˇ ㄈㄢˋ
女監,1,ㄋㄩˇ ㄐㄧㄢ
女直,1,ㄋㄩˇ ㄓˊ
女禍,1,ㄋㄩˇ ㄏㄨㄛˋ
女科,1,ㄋㄩˇ ㄎㄜ
女紀,1,ㄋㄩˇ ㄐㄧˋ
女給,1,ㄋㄩˇ ㄐㄧˇ
女花,1,ㄋㄩˇ ㄏㄨㄚ
女英,1,ㄋㄩˇ ㄧㄥ
女角,1,ㄋㄩˇ ㄐㄩㄝˊ
女誡,1,ㄋㄩˇ ㄐㄧㄝˋ
女謁,1,ㄋㄩˇ ㄧㄝˋ
女身,1,ㄋㄩˇ ㄕㄣ
女轎,1,ㄋㄩˇ ㄐㄧㄠˋ
女酒,1,ㄋㄩˇ ㄐㄧㄡˇ
女錢,1,ㄋㄩˇ ㄑㄧㄢˊ
女閭,1,ㄋㄩˇ ㄌㄩˊ
女陰,1,ㄋㄩˇ ㄧㄣ
女隸,1,ㄋㄩˇ ㄌㄧˋ
女高,1,ㄋㄩˇ ㄍㄠ
女魃,1,ㄋㄩˇ ㄅㄚˊ
奴儕,1,ㄋㄨˊ ㄔㄞˊ
奴哥,1,ㄋㄨˊ ㄍㄜ
奴奴,1,ㄋㄨˊ ㄋㄨˊ
奴子,1,ㄋㄨˊ ㄗˇ
奴從,1,ㄋㄨˊ ㄘㄨㄥˊ
奴戮,1,ㄋㄨˊ ㄌㄨˋ
奴書,1,ㄋㄨˊ ㄕㄨ
奴材,1,ㄋㄨˊ ㄘㄞˊ
奴胎,1,ㄋㄨˊ ㄊㄞ
奴視,1,ㄋㄨˊ ㄕˋ
奴輩,1,ㄋㄨˊ ㄅㄟˋ
奶公,1,ㄋㄞˇ ㄍㄨㄥ
奶奶,1,ㄋㄞˇ ㄋㄞ˙
奶子,1,ㄋㄞˇ ㄗ˙
奶捲,1,ㄋㄞˇ ㄐㄩㄢˇ
奶毛,1,ㄋㄞˇ ㄇㄠˊ
奶皮,1,ㄋㄞˇ ㄆㄧˊ
奶積,1,ㄋㄞˇ ㄐㄧ
奶酒,1,ㄋㄞˇ ㄐㄧㄡˇ
奶酪,1,ㄋㄞˇ ㄌㄨㄛˋ
奶餅,1,ㄋㄞˇ ㄅㄧㄥˇ
奸人,1,ㄐㄧㄢ ㄖㄣˊ
奸俏,1,ㄐㄧㄢ ㄑㄧㄠˋ
奸刁,1,ㄐㄧㄢ ㄉㄧㄠ
奸夫,1,ㄐㄧㄢ ㄈㄨ
奸宄,1,ㄐㄧㄢ ㄍㄨㄟˇ
奸巧,1,ㄐㄧㄢ ㄑㄧㄠˇ
奸徒,1,ㄐㄧㄢ ㄊㄨˊ
奸慝,1,ㄐㄧㄢ ㄊㄜˋ
奸棍,1,ㄐㄧㄢ ㄍㄨㄣˋ
奸毒,1,ㄐㄧㄢ ㄉㄨˊ
奸汙,1,ㄐㄧㄢ ㄨ
奸狡,1,ㄐㄧㄢ ㄐㄧㄠˇ
奸細,1,ㄐㄧㄢ ㄒㄧ˙
奸言,1,ㄐㄧㄢ ㄧㄢˊ
奸頑,1,ㄐㄧㄢ ㄨㄢˊ
奸騙,1,ㄐㄧㄢ ㄆㄧㄢˋ
奸黠,1,ㄐㄧㄢ ㄒㄧㄚˊ
奼女,1,ㄔㄚˋ ㄋㄩˇ
好事,1,ㄏㄠˋ ㄕˋ
好些,1,ㄏㄠˇ ㄒㄧㄝ˙
好內,1,ㄏㄠˋ ㄋㄟˋ
好口,1,ㄏㄠˋ ㄎㄡˇ
好古,1,ㄏㄠˋ ㄍㄨˇ
好合,1,ㄏㄠˇ ㄏㄜˊ
好喬,1,ㄏㄠˇ ㄑㄧㄠˊ
好天,1,ㄏㄠˇ ㄊㄧㄢ
好學,1,ㄏㄠˇ ㄒㄩㄝˊ
好尚,1,ㄏㄠˋ ㄕㄤˋ
好康,1,ㄏㄠˇ ㄎㄤ
好弱,1,ㄏㄠˇ ㄖㄨㄛˋ
好情,1,ㄏㄠˇ ㄑㄧㄥˊ
好惹,1,ㄏㄠˇ ㄖㄜˇ
好愻,1,ㄏㄠˇ ㄙㄨㄣˋ
好日,1,ㄏㄠˇ ㄖˋ
好是,1,ㄏㄠˇ ㄕˋ
好氣,1,ㄏㄠˇ ㄑㄧˋ
好爵,1,ㄏㄠˇ ㄐㄩㄝˊ
好物,1,ㄏㄠˇ ㄨˋ
好獃,1,ㄏㄠˇ ㄉㄞ
好玩,1,ㄏㄠˋ ㄨㄢˋ
好癩,1,ㄏㄠˇ ㄌㄞˋ
好籤,1,ㄏㄠˇ ㄑㄧㄢ
好絕,1,ㄏㄠˇ ㄐㄩㄝˊ
好纏,1,ㄏㄠˇ ㄔㄢˊ
好義,1,ㄏㄠˋ ㄧˋ
好若,1,ㄏㄠˇ ㄖㄨㄛˋ
好處,1,ㄏㄠˇ ㄔㄨˇ
好言,1,ㄏㄠˇ ㄧㄢˊ
好謀,1,ㄏㄠˋ ㄇㄡˊ
好財,1,ㄏㄠˋ ㄘㄞˊ
好貨,1,ㄏㄠˇ ㄏㄨㄛˋ
好貨,1,ㄏㄠˋ ㄏㄨㄛˋ
好道,1,ㄏㄠˇ ㄉㄠˋ
好音,1,ㄏㄠˇ ㄧㄣ
好音,1,ㄏㄠˋ ㄧㄣ
好鬥,1,ㄏㄠˋ ㄉㄡˋ
好鳥,1,ㄏㄠˇ ㄋㄧㄠˇ
好麼,1,ㄏㄠˇ ㄇㄚ˙
如字,1,ㄖㄨˊ ㄗˋ
如寄,1,ㄖㄨˊ ㄐㄧˋ
如弟,1,ㄖㄨˊ ㄉㄧˋ
如斯,1,ㄖㄨˊ ㄙ
如柴,1,ㄖㄨˊ ㄔㄞˊ
如雷,1,ㄖㄨˊ ㄌㄟˊ
妃匹,1,ㄆㄟˋ ㄆㄧˇ
妃子,1,ㄈㄟ ㄗˇ
妃耦,1,ㄆㄟˋ ㄡˇ
妃色,1,ㄈㄟ ㄙㄜˋ
妄誕,1,ㄨㄤˋ ㄉㄢˋ
妍倡,1,ㄧㄢˊ ㄔㄤ
妍唱,1,ㄧㄢˊ ㄔㄤˋ
妍媚,1,ㄧㄢˊ ㄇㄟˋ
妍媸,1,ㄧㄢˊ ㄔ
妍暖,1,ㄧㄢˊ ㄋㄨㄢˇ
妍蒨,1,ㄧㄢˊ ㄑㄧㄢˋ
妓師,1,ㄐㄧˋ ㄕ
妓弟,1,ㄐㄧˋ ㄉㄧˋ
妖厲,1,ㄧㄠ ㄌㄧˋ
妖姬,1,ㄧㄠ ㄐㄧ
妖桃,1,ㄧㄠ ㄊㄠˊ
妖氛,1,ㄧㄠ ㄈㄣ
妖氣,1,ㄧㄠ ㄑㄧ˙
妖災,1,ㄧㄠ ㄗㄞ
妖祥,1,ㄧㄠ ㄒㄧㄤˊ
妖蠱,1,ㄧㄠ ㄍㄨˇ
妖調,1,ㄧㄠ ㄊㄧㄠˊ
妖鏡,1,ㄧㄠ ㄐㄧㄥˋ
妖魅,1,ㄧㄠ ㄇㄟˋ
妗母,1,ㄐㄧㄣˋ ㄇㄨˇ
妙品,1,ㄇㄧㄠˋ ㄆㄧㄣˇ
妙善,1,ㄇㄧㄠˋ ㄕㄢˋ
妙土,1,ㄇㄧㄠˋ ㄊㄨˇ
妙年,1,ㄇㄧㄠˋ ㄋㄧㄢˊ
妙悟,1,ㄇㄧㄠˋ ㄨˋ
妙想,1,ㄇㄧㄠˋ ㄒㄧㄤˇ
妙才,1,ㄇㄧㄠˋ ㄘㄞˊ
妙招,1,ㄇㄧㄠˋ ㄓㄠ
妙曲,1,ㄇㄧㄠˋ ㄑㄩˇ
妙果,1,ㄇㄧㄠˋ ㄍㄨㄛˇ
妙法,1,ㄇㄧㄠˋ ㄈㄚˇ
妙物,1,ㄇㄧㄠˋ ㄨˋ
妙簡,1,ㄇㄧㄠˋ ㄐㄧㄢˇ
妙聞,1,ㄇㄧㄠˋ ㄨㄣˊ
妙聲,1,ㄇㄧㄠˋ ㄕㄥ
妙道,1,ㄇㄧㄠˋ ㄉㄠˋ
妙選,1,ㄇㄧㄠˋ ㄒㄩㄢˇ
妙音,1,ㄇㄧㄠˋ ㄧㄣ
妝儇,1,ㄓㄨㄤ ㄒㄩㄢ
妝喬,1,ㄓㄨㄤ ㄑㄧㄠˊ
妝孤,1,ㄓㄨㄤ ㄍㄨ
妝新,1,ㄓㄨㄤ ㄒㄧㄣ
妝梳,1,ㄓㄨㄤ ㄕㄨ
妝樓,1,ㄓㄨㄤ ㄌㄡˊ
妝樣,1,ㄓㄨㄤ ㄧㄤˋ
妝次,1,ㄓㄨㄤ ㄘˋ
妝腔,1,ㄓㄨㄤ ㄑㄧㄤ
妝誣,1,ㄓㄨㄤ ㄨˊ
妞妞,1,ㄋㄧㄡ ㄋㄧㄡ˙
妢胡,1,ㄈㄣˊ ㄏㄨˊ
妥員,1,ㄊㄨㄛˇ ㄩㄢˊ
妥實,1,ㄊㄨㄛˇ ㄕˊ
妥當,1,ㄊㄨㄛˇ ㄉㄤ˙
妥靠,1,ㄊㄨㄛˇ ㄎㄠˋ
妨止,1,ㄈㄤˊ ㄓˇ
妨殺,1,ㄈㄤˊ ㄕㄚ
妲己,1,ㄉㄚˊ ㄐㄧˇ
妹丈,1,ㄇㄟˋ ㄓㄤˋ
妹喜,1,ㄇㄟˋ ㄒㄧˇ
妺嬉,1,ㄇㄛˋ ㄒㄧ
妻女,1,ㄑㄧ ㄋㄩˇ
妻舅,1,ㄑㄧ ㄐㄧㄡˋ
妻親,1,ㄑㄧ ㄑㄧㄣ
妻黨,1,ㄑㄧ ㄉㄤˇ
妾媵,1,ㄑㄧㄝˋ ㄧㄥˋ
姁姁,1,ㄒㄩˇ ㄒㄩˇ
姆姆,1,ㄇㄨˇ ㄇㄨˇ
姆嬸,1,ㄇㄨˇ ㄕㄣˇ
姊丈,1,ㄗˇ ㄓㄤˋ
姊夫,1,ㄗˇ ㄈㄨ
姊姊,1,ㄗˇ ㄗ˙
始創,1,ㄕˇ ㄔㄨㄤˋ
始願,1,ㄕˇ ㄩㄢˋ
姌嫋,1,ㄖㄢˇ ㄋㄧㄠˇ
姍姍,1,ㄕㄢ ㄕㄢ
姏母,1,ㄇㄢˊ ㄇㄨˇ
姐姐,1,ㄐㄧㄝˇ ㄐㄧㄝ˙
姑夫,1,ㄍㄨ ㄈㄨ˙
姑姊,1,ㄍㄨ ㄗˇ
姑姑,1,ㄍㄨ ㄍㄨ˙
姑娘,1,ㄍㄨ ㄋㄧㄤ˙
姑婿,1,ㄍㄨ ㄒㄩˋ
姑媳,1,ㄍㄨ ㄒㄧˊ
姑家,1,ㄍㄨ ㄐㄧㄚ
姑惡,1,ㄍㄨ ㄜˋ
姑洗,1,ㄍㄨ ㄒㄧㄢˇ
姑爹,1,ㄍㄨ ㄉㄧㄝ
姑爺,1,ㄍㄨ ㄧㄝ˙
姒娣,1,ㄙˋ ㄉㄧˋ
姒婦,1,ㄙˋ ㄈㄨˋ
姓族,1,ㄒㄧㄥˋ ㄗㄨˊ
姓系,1,ㄒㄧㄥˋ ㄒㄧˋ
委付,1,ㄨㄟˇ ㄈㄨˋ
委吏,1,ㄨㄟˇ ㄌㄧˋ
委命,1,ㄨㄟˇ ㄇㄧㄥˋ
委咎,1,ㄨㄟˇ ㄐㄧㄡˋ
委國,1,ㄨㄟˇ ㄍㄨㄛˊ
委宛,1,ㄨㄟˇ ㄨㄢˇ
委屈,1,ㄨㄟˇ ㄑㄩ˙
委巷,1,ㄨㄟˇ ㄒㄧㄤˋ
委果,1,ㄨㄟˇ ㄍㄨㄛˇ
委瑣,1,ㄨㄟˇ ㄙㄨㄛˇ
委的,1,ㄨㄟˇ ㄉㄜ˙
委禽,1,ㄨㄟˇ ㄑㄧㄣˊ
委積,1,ㄨㄟˇ ㄐㄧ
委結,1,ㄨㄟˇ ㄐㄧㄝˊ
委質,1,ㄨㄟˇ ㄓˋ
姘識,1,ㄆㄧㄣ ㄕˋ
姚冶,1,ㄧㄠˊ ㄧㄝˇ
姚姒,1,ㄧㄠˊ ㄙˋ
姚姚,1,ㄧㄠˊ ㄧㄠˊ
姚江,1,ㄧㄠˊ ㄐㄧㄤ
姚燧,1,ㄧㄠˊ ㄙㄨㄟˋ
姚興,1,ㄧㄠˊ ㄒㄧㄥ
姚萇,1,ㄧㄠˊ ㄔㄤˊ
姚鼐,1,ㄧㄠˊ ㄋㄞˋ
姜夔,1,ㄐㄧㄤ ㄎㄨㄟˊ
姜嫄,1,ㄐㄧㄤ ㄩㄢˊ
姜尚,1,ㄐㄧㄤ ㄕㄤˋ
姜維,1,ㄐㄧㄤ ㄨㄟˊ
姜芋,1,ㄐㄧㄤ ㄩˋ
姜被,1,ㄐㄧㄤ ㄅㄟˋ
姜黃,1,ㄐㄧㄤ ㄏㄨㄤˊ
姝姝,1,ㄕㄨ ㄕㄨ
姣媚,1,ㄐㄧㄠˇ ㄇㄟˋ
姣麗,1,ㄐㄧㄠˇ ㄌㄧˋ
姥姥,1,ㄌㄠˇ ㄌㄠ˙
姦伏,1,ㄐㄧㄢ ㄈㄨˊ
姦佞,1,ㄐㄧㄢ ㄋㄧㄥˋ
姦凶,1,ㄐㄧㄢ ㄒㄩㄥ
姦宄,1,ㄐㄧㄢ ㄍㄨㄟˇ
姦慝,1,ㄐㄧㄢ ㄊㄜˋ
姦細,1,ㄐㄧㄢ ㄒㄧˋ
姦臣,1,ㄐㄧㄢ ㄔㄣˊ
姦詐,1,ㄐㄧㄢ ㄓㄚˋ
姦通,1,ㄐㄧㄢ ㄊㄨㄥ
姦雄,1,ㄐㄧㄢ ㄒㄩㄥˊ
姦非,1,ㄐㄧㄢ ㄈㄟ
姦黨,1,ㄐㄧㄢ ㄉㄤˇ
姨兒,1,ㄧˊ ㄦˊ
姨公,1,ㄧˊ ㄍㄨㄥ
姨夫,1,ㄧˊ ㄈㄨ
姨奶,1,ㄧˊ ㄋㄞˇ
姨妹,1,ㄧˊ ㄇㄟˋ
姨姨,1,ㄧˊ ㄧˊ
姨爹,1,ㄧˊ ㄉㄧㄝ
姨甥,1,ㄧˊ ㄕㄥ
姪男,1,ㄓˊ ㄋㄢˊ
姬侍,1,ㄐㄧ ㄕˋ
姬姜,1,ㄐㄧ ㄐㄧㄤ
姬漢,1,ㄐㄧ ㄏㄢˋ
姬鼠,1,ㄐㄧ ㄕㄨˇ
姮娥,1,ㄏㄥˊ ㄜˊ
姱修,1,ㄎㄨㄚ ㄒㄧㄡ
姱名,1,ㄎㄨㄚ ㄇㄧㄥˊ
姱姿,1,ㄎㄨㄚ ㄗ
姱節,1,ㄎㄨㄚ ㄐㄧㄝˊ
姻事,1,ㄧㄣ ㄕˋ
姻伯,1,ㄧㄣ ㄅㄛˊ
姻兄,1,ㄧㄣ ㄒㄩㄥ
姻契,1,ㄧㄣ ㄑㄧˋ
姻婭,1,ㄧㄣ ㄧㄚˋ
姻媾,1,ㄧㄣ ㄍㄡˋ
姻嫂,1,ㄧㄣ ㄙㄠˇ
姻嬌,1,ㄧㄣ ㄐㄧㄠ
姻弟,1,ㄧㄣ ㄉㄧˋ
姻故,1,ㄧㄣ ㄍㄨˋ
姻末,1,ㄧㄣ ㄇㄛˋ
姻母,1,ㄧㄣ ㄇㄨˇ
姻眷,1,ㄧㄣ ㄐㄩㄢˋ
姻舊,1,ㄧㄣ ㄐㄧㄡˋ
姻通,1,ㄧㄣ ㄊㄨㄥ
姻配,1,ㄧㄣ ㄆㄟˋ
姻黨,1,ㄧㄣ ㄉㄤˇ
姽嫿,1,ㄍㄨㄟˇ ㄏㄨㄚˋ
姿媚,1,ㄗ ㄇㄟˋ
姿首,1,ㄗ ㄕㄡˇ
威服,1,ㄨㄟ ㄈㄨˊ
威澤,1,ㄨㄟ ㄗㄜˊ
威稜,1,ㄨㄟ ㄌㄥˊ
威蕤,1,ㄨㄟ ㄖㄨㄟˊ
威重,1,ㄨㄟ ㄓㄨㄥˋ
威震,1,ㄨㄟ ㄓㄣˋ
威鳳,1,ㄨㄟ ㄈㄥˋ
娃娃,1,ㄨㄚˊ ㄨㄚ˙
娑娑,1,ㄙㄨㄛ ㄙㄨㄛ
娑婆,1,ㄙㄨㄛ ㄆㄛˊ
娖娖,1,ㄔㄨㄛˋ ㄔㄨㄛˋ
娘姨,1,ㄋㄧㄤˊ ㄧˊ
娘娘,1,ㄋㄧㄤˊ ㄋㄧㄤ˙
娘婆,1,ㄋㄧㄤˊ ㄆㄛˊ
娘家,1,ㄋㄧㄤˊ ㄐㄧㄚ˙
娘的,1,ㄋㄧㄤˊ ㄉㄜ˙
娙娥,1,ㄒㄧㄥˊ ㄜˊ
娛娛,1,ㄩˊ ㄩˊ
娛老,1,ㄩˊ ㄌㄠˇ
娛親,1,ㄩˊ ㄑㄧㄣ
娜娜,1,ㄋㄨㄛˊ ㄋㄨㄛˊ
娟好,1,ㄐㄩㄢ ㄏㄠˇ
娟美,1,ㄐㄩㄢ ㄇㄟˇ
娟麗,1,ㄐㄩㄢ ㄌㄧˋ
娣姒,1,ㄉㄧˋ ㄙˋ
娣婦,1,ㄉㄧˋ ㄈㄨˋ
娥妝,1,ㄜˊ ㄓㄨㄤ
娥姣,1,ㄜˊ ㄐㄧㄠˇ
娥娥,1,ㄜˊ ㄜˊ
娥皇,1,ㄜˊ ㄏㄨㄤˊ
娥輪,1,ㄜˊ ㄌㄨㄣˊ
娩出,1,ㄇㄧㄢˇ ㄔㄨ
娩息,1,ㄇㄧㄢˇ ㄒㄧˊ
娭光,1,ㄒㄧ ㄍㄨㄤ
娼夫,1,ㄔㄤ ㄈㄨ
娼店,1,ㄔㄤ ㄉㄧㄢˋ
娼根,1,ㄔㄤ ㄍㄣ
婁妃,1,ㄌㄡˊ ㄈㄟ
婁子,1,ㄌㄡˊ ㄗ˙
婁山,1,ㄌㄡˊ ㄕㄢ
婁江,1,ㄌㄡˊ ㄐㄧㄤ
婁羅,1,ㄌㄡˊ ㄌㄨㄛˊ
婆婆,1,ㄆㄛˊ ㄆㄛ˙
婆老,1,ㄆㄛˊ ㄌㄠˇ
婉勸,1,ㄨㄢˇ ㄑㄩㄢˋ
婉商,1,ㄨㄢˇ ㄕㄤ
婉娩,1,ㄨㄢˇ ㄨㄢˇ
婉婉,1,ㄨㄢˇ ㄨㄢˇ
婉嫕,1,ㄨㄢˇ ㄧˋ
婉孌,1,ㄨㄢˇ ㄌㄩㄢˇ
婉容,1,ㄨㄢˇ ㄖㄨㄥˊ
婉縟,1,ㄨㄢˇ ㄖㄨˋ
婉詞,1,ㄨㄢˇ ㄘˊ
婐㛂,1,ㄜˇ ㄋㄨㄛˇ
婑媠,1,ㄨㄛˇ ㄊㄨㄛˇ
婕妤,1,ㄐㄧㄝˊ ㄩˊ
婚對,1,ㄏㄨㄣ ㄉㄨㄟˋ
婚閥,1,ㄏㄨㄣ ㄈㄚˊ
婞直,1,ㄒㄧㄥˋ ㄓˊ
婠妠,1,ㄨㄢ ㄋㄚˋ
婢妮,1,ㄅㄧˋ ㄋㄧˊ
婢妾,1,ㄅㄧˋ ㄑㄧㄝˋ
婢子,1,ㄅㄧˋ ㄗˇ
婥約,1,ㄔㄨㄛˋ ㄩㄝ
婦兄,1,ㄈㄨˋ ㄒㄩㄥ
婦功,1,ㄈㄨˋ ㄍㄨㄥ
婦姑,1,ㄈㄨˋ ㄍㄨ
婦子,1,ㄈㄨˋ ㄗˇ
婦學,1,ㄈㄨˋ ㄒㄩㄝˊ
婦家,1,ㄈㄨˋ ㄐㄧㄚ
婦容,1,ㄈㄨˋ ㄖㄨㄥˊ
婦寺,1,ㄈㄨˋ ㄙˋ
婦弟,1,ㄈㄨˋ ㄉㄧˋ
婦男,1,ㄈㄨˋ ㄋㄢˊ
婦言,1,ㄈㄨˋ ㄧㄢˊ
婪索,1,ㄌㄢˊ ㄙㄨㄛˇ
婪酣,1,ㄌㄢˊ ㄏㄢ
婭奼,1,ㄧㄚˋ ㄔㄚˋ
婭婿,1,ㄧㄚˋ ㄒㄩˋ
婭鬟,1,ㄧㄚˋ ㄏㄨㄢˊ
婺劇,1,ㄨˋ ㄐㄩˋ
婺女,1,ㄨˋ ㄋㄩˇ
婼羌,1,ㄖㄨㄛˋ ㄑㄧㄤ
媒人,1,ㄇㄟˊ ㄖㄣ˙
媒孽,1,ㄇㄟˊ ㄋㄧㄝˋ
媒怨,1,ㄇㄟˊ ㄩㄢˋ
媒材,1,ㄇㄟˊ ㄘㄞˊ
媒氏,1,ㄇㄟˊ ㄕˋ
媒譖,1,ㄇㄟˊ ㄗㄣˋ
媒錢,1,ㄇㄟˊ ㄑㄧㄢˊ
媒頭,1,ㄇㄟˊ ㄊㄡ˙
媕婀,1,ㄢ ㄜ
媕婀,1,ㄧㄢˇ ㄜ
媚力,1,ㄇㄟˋ ㄌㄧˋ
媚奧,1,ㄇㄟˋ ㄠˋ
媚嫵,1,ㄇㄟˋ ㄨˇ
媚子,1,ㄇㄟˋ ㄗˇ
媚景,1,ㄇㄟˋ ㄐㄧㄥˇ
媚灶,1,ㄇㄟˋ ㄗㄠˋ
媚行,1,ㄇㄟˋ ㄒㄧㄥˊ
媚諂,1,ㄇㄟˋ ㄔㄢˇ
媚諛,1,ㄇㄟˋ ㄩˊ
媚道,1,ㄇㄟˋ ㄉㄠˋ
媛女,1,ㄩㄢˋ ㄋㄩˇ
媞媞,1,ㄊㄧˊ ㄊㄧˊ
媟弄,1,ㄒㄧㄝˋ ㄋㄨㄥˋ
媟慢,1,ㄒㄧㄝˋ ㄇㄢˋ
媟汙,1,ㄒㄧㄝˋ ㄨ
媟黷,1,ㄒㄧㄝˋ ㄉㄨˊ
媢嫉,1,ㄇㄠˋ ㄐㄧˊ
媦婿,1,ㄨㄟˋ ㄒㄩˋ
媧皇,1,ㄨㄚ ㄏㄨㄤˊ
媬姆,1,ㄅㄠˇ ㄇㄨˇ
媮惰,1,ㄊㄡ ㄉㄨㄛˋ
媮食,1,ㄊㄡ ㄕˊ
媯汭,1,ㄍㄨㄟ ㄖㄨㄟˋ
媯河,1,ㄍㄨㄟ ㄏㄜˊ
媵侍,1,ㄧㄥˋ ㄕˋ
媵妾,1,ㄧㄥˋ ㄑㄧㄝˋ
媵婢,1,ㄧㄥˋ ㄅㄧˋ
媵御,1,ㄧㄥˋ ㄩˋ
媵臣,1,ㄧㄥˋ ㄔㄣˊ
媻姍,1,ㄆㄢˊ ㄕㄢ
媻珊,1,ㄆㄢˊ ㄕㄢ
媼相,1,ㄠˇ ㄒㄧㄤˋ
媼神,1,ㄠˇ ㄕㄣˊ
媽子,1,ㄇㄚ ㄗ˙
嫁奩,1,ㄐㄧㄚˋ ㄌㄧㄢˊ
嫁資,1,ㄐㄧㄚˋ ㄗ
嫂嫂,1,ㄙㄠˇ ㄙㄠ˙
嫈嫇,1,ㄧㄥ ㄇㄧㄥˊ
嫈嫈,1,ㄧㄥ ㄧㄥ
嫉賢,1,ㄐㄧˊ ㄒㄧㄢˊ
嫌怨,1,ㄒㄧㄢˊ ㄩㄢˋ
嫌惡,1,ㄒㄧㄢˊ ㄨ˙
嫌疵,1,ㄒㄧㄢˊ ㄘ
嫌鄙,1,ㄒㄧㄢˊ ㄅㄧˇ
嫏嬛,1,ㄌㄤˊ ㄏㄨㄢˊ
嫖友,1,ㄆㄧㄠˊ ㄧㄡˇ
嫖姚,1,ㄆㄧㄠ ㄧㄠˊ
嫖娼,1,ㄆㄧㄠˊ ㄔㄤ
嫖經,1,ㄆㄧㄠˊ ㄐㄧㄥ
嫗伏,1,ㄩˋ ㄈㄨˊ
嫗𡟥,1,ㄩˋ ㄑㄩˇ
嫘祖,1,ㄌㄟˊ ㄗㄨˇ
嫘縈,1,ㄌㄟˊ ㄧㄥˊ
嫚嫚,1,ㄇㄢˋ ㄇㄢˋ
嫛婗,1,ㄧ ㄋㄧˊ
嫜姑,1,ㄓㄤ ㄍㄨ
嫠節,1,ㄌㄧˊ ㄐㄧㄝˊ
嫡嗣,1,ㄉㄧˊ ㄙˋ
嫡堂,1,ㄉㄧˊ ㄊㄤˊ
嫡妻,1,ㄉㄧˊ ㄑㄧ
嫡孫,1,ㄉㄧˊ ㄙㄨㄣ
嫡庶,1,ㄉㄧˊ ㄕㄨˋ
嫩寒,1,ㄋㄣˋ ㄏㄢˊ
嫩手,1,ㄋㄣˋ ㄕㄡˇ
嫩晴,1,ㄋㄣˋ ㄑㄧㄥˊ
嫩涼,1,ㄋㄣˋ ㄌㄧㄤˊ
嫩臉,1,ㄋㄣˋ ㄌㄧㄢˇ
嫩苗,1,ㄋㄣˋ ㄇㄧㄠˊ
嫪毐,1,ㄌㄠˋ ㄞˇ
嫫母,1,ㄇㄛˊ ㄇㄨˇ
嫶妍,1,ㄑㄧㄠˊ ㄧㄢˊ
嫻淑,1,ㄒㄧㄢˊ ㄕㄨˊ
嫻熟,1,ㄒㄧㄢˊ ㄕㄨˊ
嬈嬈,1,ㄧㄠˇ ㄧㄠˇ
嬈惱,1,ㄖㄠˇ ㄋㄠˇ
嬉嬉,1,ㄒㄧ ㄒㄧ
嬉弄,1,ㄒㄧ ㄋㄨㄥˋ
嬉逐,1,ㄒㄧ ㄓㄨˊ
嬋連,1,ㄔㄢˊ ㄌㄧㄢˊ
嬌兒,1,ㄐㄧㄠ ㄦˊ
嬌冶,1,ㄐㄧㄠ ㄧㄝˇ
嬌喘,1,ㄐㄧㄠ ㄔㄨㄢˇ
嬌女,1,ㄐㄧㄠ ㄋㄩˇ
嬌奼,1,ㄐㄧㄠ ㄔㄚˋ
嬌姿,1,ㄐㄧㄠ ㄗ
嬌娘,1,ㄐㄧㄠ ㄋㄧㄤˊ
嬌娜,1,ㄐㄧㄠ ㄋㄨㄛˊ
嬌娥,1,ㄐㄧㄠ ㄜˊ
嬌嬈,1,ㄐㄧㄠ ㄖㄠˊ
嬌嬾,1,ㄐㄧㄠ ㄌㄢˇ
嬌寒,1,ㄐㄧㄠ ㄏㄢˊ
嬌寵,1,ㄐㄧㄠ ㄔㄨㄥˇ
嬌弱,1,ㄐㄧㄠ ㄖㄨㄛˋ
嬌怯,1,ㄐㄧㄠ ㄑㄩㄝˋ
嬌情,1,ㄐㄧㄠ ㄑㄧㄥˊ
嬌惰,1,ㄐㄧㄠ ㄉㄨㄛˋ
嬌慵,1,ㄐㄧㄠ ㄩㄥ
嬌波,1,ㄐㄧㄠ ㄅㄛ
嬌甜,1,ㄐㄧㄠ ㄊㄧㄢˊ
嬌痴,1,ㄐㄧㄠ ㄔ
嬌縱,1,ㄐㄧㄠ ㄗㄨㄥˋ
嬌語,1,ㄐㄧㄠ ㄩˇ
嬌逸,1,ㄐㄧㄠ ㄧˋ
嬌養,1,ㄐㄧㄠ ㄧㄤˇ
嬖人,1,ㄅㄧˋ ㄖㄣˊ
嬖佞,1,ㄅㄧˋ ㄋㄧㄥˋ
嬖倖,1,ㄅㄧˋ ㄒㄧㄥˋ
嬖女,1,ㄅㄧˋ ㄋㄩˇ
嬖妾,1,ㄅㄧˋ ㄑㄧㄝˋ
嬖臣,1,ㄅㄧˋ ㄔㄣˊ
嬗變,1,ㄕㄢˋ ㄅㄧㄢˋ
嬗遞,1,ㄕㄢˋ ㄉㄧˋ
嬙媛,1,ㄑㄧㄤˊ ㄩㄢˋ
嬝娜,1,ㄋㄧㄠˇ ㄋㄨㄛˊ
嬪婦,1,ㄆㄧㄣˊ ㄈㄨˋ
嬪嬙,1,ㄆㄧㄣˊ ㄑㄧㄤˊ
嬪御,1,ㄆㄧㄣˊ ㄩˋ
嬭公,1,ㄋㄞˇ ㄍㄨㄥ
嬭媼,1,ㄋㄞˇ ㄠˇ
嬭嬭,1,ㄋㄞˇ ㄋㄞˇ
嬭子,1,ㄋㄞˇ ㄗ˙
嬰疾,1,ㄧㄥ ㄐㄧˊ
嬰薄,1,ㄧㄥ ㄅㄛˊ
嬰鱗,1,ㄧㄥ ㄌㄧㄣˊ
嬲惱,1,ㄋㄧㄠˇ ㄋㄠˇ
嬴利,1,ㄧㄥˊ ㄌㄧˋ
嬴政,1,ㄧㄥˊ ㄓㄥˋ
嬴糧,1,ㄧㄥˊ ㄌㄧㄤˊ
嬴絀,1,ㄧㄥˊ ㄔㄨˋ
嬴餘,1,ㄧㄥˊ ㄩˊ
嬸娘,1,ㄕㄣˇ ㄋㄧㄤˊ
孀妻,1,ㄕㄨㄤ ㄑㄧ
孀母,1,ㄕㄨㄤ ㄇㄨˇ
孃孃,1,ㄋㄧㄤˊ ㄋㄧㄤˊ
孅弱,1,ㄒㄧㄢ ㄖㄨㄛˋ
孅趨,1,ㄒㄧㄢ ㄑㄩ
子口,1,ㄗˇ ㄎㄡ˙
子城,1,ㄗˇ ㄔㄥˊ
子埝,1,ㄗˇ ㄋㄧㄢˋ
子姓,1,ㄗˇ ㄒㄧㄥˋ
子婦,1,ㄗˇ ㄈㄨˋ
子嬰,1,ㄗˇ ㄧㄥ
子平,1,ㄗˇ ㄆㄧㄥˊ
子建,1,ㄗˇ ㄐㄧㄢˋ
子弦,1,ㄗˇ ㄒㄧㄢˊ
子推,1,ㄗˇ ㄊㄨㄟ
子法,1,ㄗˇ ㄈㄚˇ
子游,1,ㄗˇ ㄧㄡˊ
子犯,1,ㄗˇ ㄈㄢˋ
子皋,1,ㄗˇ ㄍㄠ
子童,1,ㄗˇ ㄊㄨㄥˊ
子細,1,ㄗˇ ㄒㄧˋ
子職,1,ㄗˇ ㄓˊ
子胤,1,ㄗˇ ㄧㄣˋ
子衣,1,ㄗˇ ㄧ
子衿,1,ㄗˇ ㄐㄧㄣ
子輿,1,ㄗˇ ㄩˊ
子都,1,ㄗˇ ㄉㄨ
子錢,1,ㄗˇ ㄑㄧㄢˊ
孑孑,1,ㄐㄧㄝˊ ㄐㄧㄝˊ
孑立,1,ㄐㄧㄝˊ ㄌㄧˋ
孑義,1,ㄐㄧㄝˊ ㄧˋ
孑身,1,ㄐㄧㄝˊ ㄕㄣ
孑遺,1,ㄐㄧㄝˊ ㄧˊ
孔伋,1,ㄎㄨㄥˇ ㄐㄧˊ
孔佛,1,ㄎㄨㄥˇ ㄈㄛˊ
孔嘉,1,ㄎㄨㄥˇ ㄐㄧㄚ
孔坡,1,ㄎㄨㄥˇ ㄆㄛ
孔多,1,ㄎㄨㄥˇ ㄉㄨㄛ
孔懷,1,ㄎㄨㄥˇ ㄏㄨㄞˊ
孔方,1,ㄎㄨㄥˇ ㄈㄤ
孔林,1,ㄎㄨㄥˇ ㄌㄧㄣˊ
孔版,1,ㄎㄨㄥˇ ㄅㄢˇ
孔甲,1,ㄎㄨㄥˇ ㄐㄧㄚˇ
孔目,1,ㄎㄨㄥˇ ㄇㄨˋ
孔竅,1,ㄎㄨㄥˇ ㄑㄧㄠˋ
孔翠,1,ㄎㄨㄥˇ ㄘㄨㄟˋ
孔雁,1,ㄎㄨㄥˇ ㄧㄢˋ
孔鮒,1,ㄎㄨㄥˇ ㄈㄨˋ
孖蟲,1,ㄗ ㄔㄨㄥˊ
字勢,1,ㄗˋ ㄕˋ
字匠,1,ㄗˋ ㄐㄧㄤˋ
字孤,1,ㄗˋ ㄍㄨ
字學,1,ㄗˋ ㄒㄩㄝˊ
字帖,1,ㄗˋ ㄊㄧㄝˋ
字林,1,ㄗˋ ㄌㄧㄣˊ
字腳,1,ㄗˋ ㄐㄧㄠˇ
字號,1,ㄗˋ ㄏㄠ˙
字說,1,ㄗˋ ㄕㄨㄛ
字諭,1,ㄗˋ ㄩˋ
字譜,1,ㄗˋ ㄆㄨˇ
字通,1,ㄗˋ ㄊㄨㄥ
字鑑,1,ㄗˋ ㄐㄧㄢˋ
字頭,1,ㄗˋ ㄊㄡˊ
存候,1,ㄘㄨㄣˊ ㄏㄡˋ
存勞,1,ㄘㄨㄣˊ ㄌㄠˋ
存問,1,ㄘㄨㄣˊ ㄨㄣˋ
存坐,1,ㄘㄨㄣˊ ㄗㄨㄛˋ
存執,1,ㄘㄨㄣˊ ㄓˊ
存存,1,ㄘㄨㄣˊ ㄘㄨㄣˊ
存孤,1,ㄘㄨㄣˊ ㄍㄨ
存宿,1,ㄘㄨㄣˊ ㄙㄨˋ
存恤,1,ㄘㄨㄣˊ ㄒㄩˋ
存慰,1,ㄘㄨㄣˊ ㄨㄟˋ
存撫,1,ㄘㄨㄣˊ ㄈㄨˇ
存案,1,ㄘㄨㄣˊ ㄢˋ
存沒,1,ㄘㄨㄣˊ ㄇㄛˋ
存濟,1,ㄘㄨㄣˊ ㄐㄧˋ
存照,1,ㄘㄨㄣˊ ㄓㄠˋ
存省,1,ㄘㄨㄣˊ ㄒㄧㄥˇ
存眷,1,ㄘㄨㄣˊ ㄐㄩㄢˋ
存神,1,ㄘㄨㄣˊ ㄕㄣˊ
存稿,1,ㄘㄨㄣˊ ㄍㄠˇ
存視,1,ㄘㄨㄣˊ ㄕˋ
存身,1,ㄘㄨㄣˊ ㄕㄣ
存錄,1,ㄘㄨㄣˊ ㄌㄨˋ
存食,1,ㄘㄨㄣˊ ㄕˊ
存養,1,ㄘㄨㄣˊ ㄧㄤˇ
孚乳,1,ㄈㄨ ㄖㄨˇ
孚佑,1,ㄈㄨˊ ㄧㄡˋ
孛婁,1,ㄅㄛˊ ㄌㄡˇ
孛婁,1,ㄅㄛˊ ㄌㄡˊ
孛孛,1,ㄅㄛˊ ㄅㄛˊ
孛相,1,ㄅㄛˊ ㄒㄧㄤˋ
孛籃,1,ㄅㄛˊ ㄌㄢˊ
孛羅,1,ㄅㄛˊ ㄌㄨㄛˊ
孛老,1,ㄅㄛˊ ㄌㄠˇ
孛蘭,1,ㄅㄛˊ ㄌㄢˊ
孜煎,1,ㄗ ㄐㄧㄢ
孝事,1,ㄒㄧㄠˋ ㄕˋ
孝友,1,ㄒㄧㄠˋ ㄧㄡˇ
孝家,1,ㄒㄧㄠˋ ㄐㄧㄚ˙
孝布,1,ㄒㄧㄠˋ ㄅㄨˋ
孝幔,1,ㄒㄧㄠˋ ㄇㄢˋ
孝慈,1,ㄒㄧㄠˋ ㄘˊ
孝滿,1,ㄒㄧㄠˋ ㄇㄢˇ
孝白,1,ㄒㄧㄠˋ ㄅㄞˊ
孝衣,1,ㄒㄧㄠˋ ㄧ
孝袍,1,ㄒㄧㄠˋ ㄆㄠˊ
孝親,1,ㄒㄧㄠˋ ㄑㄧㄣ
孝陵,1,ㄒㄧㄠˋ ㄌㄧㄥˊ
孝鳥,1,ㄒㄧㄠˋ ㄋㄧㄠˇ
孟光,1,ㄇㄥˋ ㄍㄨㄤ
孟公,1,ㄇㄥˋ ㄍㄨㄥ
孟喜,1,ㄇㄥˋ ㄒㄧˇ
孟婆,1,ㄇㄥˋ ㄆㄛˊ
孟宗,1,ㄇㄥˋ ㄗㄨㄥ
孟昶,1,ㄇㄥˋ ㄔㄤˇ
孟月,1,ㄇㄥˋ ㄩㄝˋ
孟荀,1,ㄇㄥˋ ㄒㄩㄣˊ
孟賁,1,ㄇㄥˋ ㄅㄣ
孟郊,1,ㄇㄥˋ ㄐㄧㄠ
孟陬,1,ㄇㄥˋ ㄗㄡ
孢膜,1,ㄅㄠ ㄇㄛˋ
季世,1,ㄐㄧˋ ㄕˋ
季代,1,ㄐㄧˋ ㄉㄞˋ
季候,1,ㄐㄧˋ ㄏㄡˋ
季冬,1,ㄐㄧˋ ㄉㄨㄥ
季咸,1,ㄐㄧˋ ㄒㄧㄢˊ
季夏,1,ㄐㄧˋ ㄒㄧㄚˋ
季女,1,ㄐㄧˋ ㄋㄩˇ
季子,1,ㄐㄧˋ ㄗˇ
季孟,1,ㄐㄧˋ ㄇㄥˋ
季布,1,ㄐㄧˋ ㄅㄨˋ
季年,1,ㄐㄧˋ ㄋㄧㄢˊ
季春,1,ㄐㄧˋ ㄔㄨㄣ
季月,1,ㄐㄧˋ ㄩㄝˋ
季札,1,ㄐㄧˋ ㄓㄚˊ
季母,1,ㄐㄧˋ ㄇㄨˇ
季父,1,ㄐㄧˋ ㄈㄨˋ
季秋,1,ㄐㄧˋ ㄑㄧㄡ
季路,1,ㄐㄧˋ ㄌㄨˋ
孤丁,1,ㄍㄨ ㄉㄧㄥ˙
孤介,1,ㄍㄨ ㄐㄧㄝˋ
孤光,1,ㄍㄨ ㄍㄨㄤ
孤危,1,ㄍㄨ ㄨㄟˊ
孤另,1,ㄍㄨ ㄌㄧㄥˋ
孤嗣,1,ㄍㄨ ㄙˋ
孤城,1,ㄍㄨ ㄔㄥˊ
孤堆,1,ㄍㄨ ㄉㄨㄟ
孤塗,1,ㄍㄨ ㄊㄨˊ
孤嫠,1,ㄍㄨ ㄌㄧˊ
孤孑,1,ㄍㄨ ㄐㄧㄝˊ
孤客,1,ㄍㄨ ㄎㄜˋ
孤家,1,ㄍㄨ ㄐㄧㄚ
孤山,1,ㄍㄨ ㄕㄢ
孤峭,1,ㄍㄨ ㄑㄧㄠˋ
孤帆,1,ㄍㄨ ㄈㄢˊ
孤弱,1,ㄍㄨ ㄖㄨㄛˋ
孤征,1,ㄍㄨ ㄓㄥ
孤忠,1,ㄍㄨ ㄓㄨㄥ
孤恓,1,ㄍㄨ ㄒㄧ
孤惸,1,ㄍㄨ ㄑㄩㄥˊ
孤拐,1,ㄍㄨ ㄍㄨㄞˇ
孤拔,1,ㄍㄨ ㄅㄚˊ
孤棚,1,ㄍㄨ ㄆㄥˊ
孤棲,1,ㄍㄨ ㄑㄧ
孤樁,1,ㄍㄨ ㄓㄨㄤ
孤標,1,ㄍㄨ ㄅㄧㄠ
孤淒,1,ㄍㄨ ㄑㄧ
孤特,1,ㄍㄨ ㄊㄜˋ
孤獸,1,ㄍㄨ ㄕㄡˋ
孤王,1,ㄍㄨ ㄨㄤˊ
孤生,1,ㄍㄨ ㄕㄥ
孤眠,1,ㄍㄨ ㄇㄧㄢˊ
孤窮,1,ㄍㄨ ㄑㄩㄥˊ
孤竹,1,ㄍㄨ ㄓㄨˊ
孤絕,1,ㄍㄨ ㄐㄩㄝˊ
孤膽,1,ㄍㄨ ㄉㄢˇ
孤臣,1,ㄍㄨ ㄔㄣˊ
孤舟,1,ㄍㄨ ㄓㄡ
孤芳,1,ㄍㄨ ㄈㄤ
孤蓬,1,ㄍㄨ ㄆㄥˊ
孤虛,1,ㄍㄨ ㄒㄩ
孤行,1,ㄍㄨ ㄒㄧㄥˊ
孤證,1,ㄍㄨ ㄓㄥˋ
孤負,1,ㄍㄨ ㄈㄨˋ
孤貧,1,ㄍㄨ ㄆㄧㄣˊ
孤賤,1,ㄍㄨ ㄐㄧㄢˋ
孤蹤,1,ㄍㄨ ㄗㄨㄥ
孤迥,1,ㄍㄨ ㄐㄩㄥˇ
孤遊,1,ㄍㄨ ㄧㄡˊ
孤離,1,ㄍㄨ ㄌㄧˊ
孤雲,1,ㄍㄨ ㄩㄣˊ
孤霜,1,ㄍㄨ ㄕㄨㄤ
孤露,1,ㄍㄨ ㄌㄨˋ
孤館,1,ㄍㄨ ㄍㄨㄢˇ
孤高,1,ㄍㄨ ㄍㄠ
孤鳥,1,ㄍㄨ ㄋㄧㄠˇ
孤鴈,1,ㄍㄨ ㄧㄢˋ
孤鸞,1,ㄍㄨ ㄌㄨㄢˊ
孥戮,1,ㄋㄨˊ ㄌㄨˋ
孩乳,1,ㄏㄞˊ ㄖㄨˇ
孩氣,1,ㄏㄞˊ ㄑㄧˋ
孫卿,1,ㄙㄨㄣ ㄑㄧㄥ
孫山,1,ㄙㄨㄣ ㄕㄢ
孫枝,1,ㄙㄨㄣ ㄓ
孫炎,1,ㄙㄨㄣ ㄧㄢˊ
孫絡,1,ㄙㄨㄣ ㄌㄨㄛˋ
孫綽,1,ㄙㄨㄣ ㄔㄨㄛˋ
孫郎,1,ㄙㄨㄣ ㄌㄤˊ
孬種,1,ㄋㄠ ㄓㄨㄥˇ
孰料,1,ㄕㄨˊ ㄌㄧㄠˋ
孱困,1,ㄔㄢˊ ㄎㄨㄣˋ
孱王,1,ㄔㄢˊ ㄨㄤˊ
孱瑣,1,ㄔㄢˊ ㄙㄨㄛˇ
孱羸,1,ㄔㄢˊ ㄌㄟˊ
孱軀,1,ㄔㄢˊ ㄑㄩ
孱頭,1,ㄘㄢˋ ㄊㄡ˙
孳尾,1,ㄗˋ ㄨㄟˇ
孳育,1,ㄗ ㄩˋ
孳茂,1,ㄗ ㄇㄠˋ
孳萌,1,ㄗ ㄇㄥˊ
孳衍,1,ㄗ ㄧㄢˇ
學乖,1,ㄒㄩㄝˊ ㄍㄨㄞ
學俸,1,ㄒㄩㄝˊ ㄈㄥˋ
學務,1,ㄒㄩㄝˊ ㄨˋ
學塾,1,ㄒㄩㄝˊ ㄕㄨˊ
學官,1,ㄒㄩㄝˊ ㄍㄨㄢ
學宮,1,ㄒㄩㄝˊ ㄍㄨㄥ
學廟,1,ㄒㄩㄝˊ ㄇㄧㄠˋ
學曆,1,ㄒㄩㄝˊ ㄌㄧˋ
學棍,1,ㄒㄩㄝˊ ㄍㄨㄣˋ
學樣,1,ㄒㄩㄝˊ ㄧㄤˋ
學步,1,ㄒㄩㄝˊ ㄅㄨˋ
學殖,1,ㄒㄩㄝˊ ㄓˊ
學田,1,ㄒㄩㄝˊ ㄊㄧㄢˊ
學租,1,ㄒㄩㄝˊ ㄗㄨ
學窮,1,ㄒㄩㄝˊ ㄑㄩㄥˊ
學統,1,ㄒㄩㄝˊ ㄊㄨㄥˇ
學習,1,ㄒㄩㄝˊ ㄒㄧ˙
學臺,1,ㄒㄩㄝˊ ㄊㄞˊ
學舌,1,ㄒㄩㄝˊ ㄕㄜˊ
學規,1,ㄒㄩㄝˊ ㄍㄨㄟ
學記,1,ㄒㄩㄝˊ ㄐㄧˋ
學說,1,ㄒㄩㄝˊ ㄕㄨㄛ˙
學部,1,ㄒㄩㄝˊ ㄅㄨˋ
學額,1,ㄒㄩㄝˊ ㄜˊ
孺慕,1,ㄖㄨˊ ㄇㄨˋ
孺齒,1,ㄖㄨˊ ㄔˇ
孽冤,1,ㄋㄧㄝˋ ㄩㄢ
孽子,1,ㄋㄧㄝˋ ㄗˇ
孽根,1,ㄋㄧㄝˋ ㄍㄣ
孽緣,1,ㄋㄧㄝˋ ㄩㄢˊ
孽黨,1,ㄋㄧㄝˋ ㄉㄤˇ
宁立,1,ㄓㄨˋ ㄌㄧˋ
它們,1,ㄊㄨㄛ ㄇㄣ˙
它囂,1,ㄊㄨㄛ ㄒㄧㄠ
宅兆,1,ㄓㄞˊ ㄓㄠˋ
宅券,1,ㄓㄞˊ ㄑㄩㄢˋ
宅土,1,ㄓㄞˊ ㄊㄨˇ
宅地,1,ㄓㄞˊ ㄉㄧˋ
宅基,1,ㄓㄞˊ ㄐㄧ
宅憂,1,ㄓㄞˊ ㄧㄡ
宅相,1,ㄓㄞˊ ㄒㄧㄤˋ
宅眷,1,ㄓㄞˊ ㄐㄩㄢˋ
宅經,1,ㄓㄞˊ ㄐㄧㄥ
宇下,1,ㄩˇ ㄒㄧㄚˋ
宇文,1,ㄩˇ ㄨㄣˊ
宇量,1,ㄩˇ ㄌㄧㄤˋ
守吏,1,ㄕㄡˇ ㄌㄧˋ
守常,1,ㄕㄡˇ ㄔㄤˊ
守府,1,ㄕㄡˇ ㄈㄨˇ
守把,1,ㄕㄡˇ ㄅㄚˇ
守拙,1,ㄕㄡˇ ㄓㄨㄛˊ
守更,1,ㄕㄡˇ ㄍㄥ
守業,1,ㄕㄡˇ ㄧㄝˋ
守死,1,ㄕㄡˇ ㄙˇ
守禦,1,ㄕㄡˇ ㄩˋ
守舍,1,ㄕㄡˇ ㄕㄜˋ
守藏,1,ㄕㄡˇ ㄘㄤˊ
守視,1,ㄕㄡˇ ㄕˋ
守陵,1,ㄕㄡˇ ㄌㄧㄥˊ
安上,1,ㄢ ㄕㄤ˙
安下,1,ㄢ ㄒㄧㄚˋ
安伏,1,ㄢ ㄈㄨˊ
安土,1,ㄢ ㄊㄨˇ
安在,1,ㄢ ㄗㄞˋ
安堵,1,ㄢ ㄉㄨˇ
安存,1,ㄢ ㄘㄨㄣˊ
安宅,1,ㄢ ㄓㄜˋ
安宿,1,ㄢ ㄙㄨˋ
安富,1,ㄢ ㄈㄨˋ
安寢,1,ㄢ ㄑㄧㄣˇ
安帖,1,ㄢ ㄊㄧㄝ
安席,1,ㄢ ㄒㄧˊ
安床,1,ㄢ ㄔㄨㄤˊ
安座,1,ㄢ ㄗㄨㄛˋ
安廣,1,ㄢ ㄍㄨㄤˇ
安扎,1,ㄢ ㄓㄚˊ
安敦,1,ㄢ ㄉㄨㄣ
安普,1,ㄢ ㄆㄨˇ
安業,1,ㄢ ㄧㄝˋ
安死,1,ㄢ ㄙˇ
安泊,1,ㄢ ㄅㄛˊ
安瀾,1,ㄢ ㄌㄢˊ
安營,1,ㄢ ㄧㄥˊ
安神,1,ㄢ ㄕㄣˊ
安禪,1,ㄢ ㄔㄢˊ
安童,1,ㄢ ㄊㄨㄥˊ
安聲,1,ㄢ ㄕㄥ
安胡,1,ㄢ ㄏㄨˊ
安能,1,ㄢ ㄋㄥˊ
安良,1,ㄢ ㄌㄧㄤˊ
安著,1,ㄢ ㄓㄨㄛˊ
安處,1,ㄢ ㄔㄨˇ
安足,1,ㄢ ㄗㄨˊ
安跡,1,ㄢ ㄐㄧ
安輯,1,ㄢ ㄐㄧˊ
安輿,1,ㄢ ㄩˊ
安辦,1,ㄢ ㄅㄢˋ
安邊,1,ㄢ ㄅㄧㄢ
安門,1,ㄢ ㄇㄣˊ
安陵,1,ㄢ ㄌㄧㄥˊ
安雅,1,ㄢ ㄧㄚˇ
安集,1,ㄢ ㄐㄧˊ
安難,1,ㄢ ㄋㄢˋ
安靈,1,ㄢ ㄌㄧㄥˊ
安香,1,ㄢ ㄒㄧㄤ
安骨,1,ㄢ ㄍㄨˇ
宋克,1,ㄙㄨㄥˋ ㄎㄜˋ
宋朝,1,ㄙㄨㄥˋ ㄓㄠ
宋本,1,ㄙㄨㄥˋ ㄅㄣˇ
宋板,1,ㄙㄨㄥˋ ㄅㄢˇ
宋濂,1,ㄙㄨㄥˋ ㄌㄧㄢˊ
宋牼,1,ㄙㄨㄥˋ ㄎㄥ
宋玉,1,ㄙㄨㄥˋ ㄩˋ
宋琬,1,ㄙㄨㄥˋ ㄨㄢˇ
宋璟,1,ㄙㄨㄥˋ ㄐㄧㄥˇ
宋畫,1,ㄙㄨㄥˋ ㄏㄨㄚˋ
宋祁,1,ㄙㄨㄥˋ ㄑㄧˊ
完了,1,ㄨㄢˊ ㄌㄧㄠˇ
完具,1,ㄨㄢˊ ㄐㄩˋ
完房,1,ㄨㄢˊ ㄈㄤˊ
完竣,1,ㄨㄢˊ ㄐㄩㄣˋ
完糧,1,ㄨㄢˊ ㄌㄧㄤˊ
完聚,1,ㄨㄢˊ ㄐㄩˋ
完膚,1,ㄨㄢˊ ㄈㄨ
完足,1,ㄨㄢˊ ㄗㄨˊ
完顏,1,ㄨㄢˊ ㄧㄢˊ
完飯,1,ㄨㄢˊ ㄈㄢˋ
宏器,1,ㄏㄨㄥˊ ㄑㄧˋ
宏宏,1,ㄏㄨㄥˊ ㄏㄨㄥˊ
宏志,1,ㄏㄨㄥˊ ㄓˋ
宏放,1,ㄏㄨㄥˊ ㄈㄤˋ
宏敞,1,ㄏㄨㄥˊ ㄔㄤˇ
宏綱,1,ㄏㄨㄥˊ ㄍㄤ
宏覽,1,ㄏㄨㄥˊ ㄌㄢˇ
宏辯,1,ㄏㄨㄥˊ ㄅㄧㄢˋ
宏邈,1,ㄏㄨㄥˊ ㄇㄧㄠˇ
宓妃,1,ㄈㄨˊ ㄈㄟ
宓戲,1,ㄈㄨˊ ㄒㄧˋ
宓穆,1,ㄇㄧˋ ㄇㄨˋ
宓羲,1,ㄈㄨˊ ㄒㄧ
宕子,1,ㄉㄤˋ ㄗˇ
宕帳,1,ㄉㄤˋ ㄓㄤˋ
宕戶,1,ㄉㄤˋ ㄏㄨˋ
宗人,1,ㄗㄨㄥ ㄖㄣˊ
宗仰,1,ㄗㄨㄥ ㄧㄤˇ
宗伯,1,ㄗㄨㄥ ㄅㄛˊ
宗匠,1,ㄗㄨㄥ ㄐㄧㄤˋ
宗周,1,ㄗㄨㄥ ㄓㄡ
宗器,1,ㄗㄨㄥ ㄑㄧˋ
宗國,1,ㄗㄨㄥ ㄍㄨㄛˊ
宗女,1,ㄗㄨㄥ ㄋㄩˇ
宗姬,1,ㄗㄨㄥ ㄐㄧ
宗婦,1,ㄗㄨㄥ ㄈㄨˋ
宗學,1,ㄗㄨㄥ ㄒㄩㄝˊ
宗密,1,ㄗㄨㄥ ㄇㄧˋ
宗工,1,ㄗㄨㄥ ㄍㄨㄥ
宗庶,1,ㄗㄨㄥ ㄕㄨˋ
宗彞,1,ㄗㄨㄥ ㄧˊ
宗枝,1,ㄗㄨㄥ ㄓ
宗正,1,ㄗㄨㄥ ㄓㄥˋ
宗澤,1,ㄗㄨㄥ ㄗㄜˊ
宗社,1,ㄗㄨㄥ ㄕㄜˋ
宗祀,1,ㄗㄨㄥ ㄙˋ
宗祊,1,ㄗㄨㄥ ㄅㄥ
宗祏,1,ㄗㄨㄥ ㄕˊ
宗祧,1,ㄗㄨㄥ ㄊㄧㄠ
宗老,1,ㄗㄨㄥ ㄌㄠˇ
宗職,1,ㄗㄨㄥ ㄓˊ
宗臣,1,ㄗㄨㄥ ㄔㄣˊ
宗英,1,ㄗㄨㄥ ㄧㄥ
宗風,1,ㄗㄨㄥ ㄈㄥ
官休,1,ㄍㄨㄢ ㄒㄧㄡ
官佐,1,ㄍㄨㄢ ㄗㄨㄛˇ
官作,1,ㄍㄨㄢ ㄗㄨㄛˋ
官使,1,ㄍㄨㄢ ㄕˇ
官倒,1,ㄍㄨㄢ ㄉㄠˇ
官健,1,ㄍㄨㄢ ㄐㄧㄢˋ
官准,1,ㄍㄨㄢ ㄓㄨㄣˇ
官刑,1,ㄍㄨㄢ ㄒㄧㄥˊ
官務,1,ㄍㄨㄢ ㄨˋ
官卷,1,ㄍㄨㄢ ㄐㄩㄢˋ
官司,1,ㄍㄨㄢ ㄙ˙
官告,1,ㄍㄨㄢ ㄍㄠˋ
官品,1,ㄍㄨㄢ ㄆㄧㄣˇ
官囊,1,ㄍㄨㄢ ㄋㄤˊ
官堂,1,ㄍㄨㄢ ㄊㄤˊ
官塘,1,ㄍㄨㄢ ㄊㄤˊ
官契,1,ㄍㄨㄢ ㄑㄧˋ
官奴,1,ㄍㄨㄢ ㄋㄨˊ
官妓,1,ㄍㄨㄢ ㄐㄧˋ
官婢,1,ㄍㄨㄢ ㄅㄧˋ
官媒,1,ㄍㄨㄢ ㄇㄟˊ
官學,1,ㄍㄨㄢ ㄒㄩㄝˊ
官守,1,ㄍㄨㄢ ㄕㄡˇ
官定,1,ㄍㄨㄢ ㄉㄧㄥˋ
官客,1,ㄍㄨㄢ ㄎㄜ˙
官尺,1,ㄍㄨㄢ ㄔˇ
官帖,1,ㄍㄨㄢ ㄊㄧㄝˋ
官師,1,ㄍㄨㄢ ㄕ
官常,1,ㄍㄨㄢ ㄔㄤˊ
官店,1,ㄍㄨㄢ ㄉㄧㄢˋ
官廨,1,ㄍㄨㄢ ㄒㄧㄝˋ
官息,1,ㄍㄨㄢ ㄒㄧˊ
官憲,1,ㄍㄨㄢ ㄒㄧㄢˋ
官房,1,ㄍㄨㄢ ㄈㄤˊ
官捕,1,ㄍㄨㄢ ㄅㄨˇ
官斷,1,ㄍㄨㄢ ㄉㄨㄢˋ
官星,1,ㄍㄨㄢ ㄒㄧㄥ
官曆,1,ㄍㄨㄢ ㄌㄧˋ
官本,1,ㄍㄨㄢ ㄅㄣˇ
官業,1,ㄍㄨㄢ ㄧㄝˋ
官樣,1,ㄍㄨㄢ ㄧㄤ˙
官欠,1,ㄍㄨㄢ ㄑㄧㄢˋ
官次,1,ㄍㄨㄢ ㄘˋ
官款,1,ㄍㄨㄢ ㄎㄨㄢˇ
官民,1,ㄍㄨㄢ ㄇㄧㄣˊ
官法,1,ㄍㄨㄢ ㄈㄚˇ
官燕,1,ㄍㄨㄢ ㄧㄢˋ
官牒,1,ㄍㄨㄢ ㄉㄧㄝˊ
官物,1,ㄍㄨㄢ ㄨˋ
官生,1,ㄍㄨㄢ ㄕㄥ
官產,1,ㄍㄨㄢ ㄔㄢˇ
官用,1,ㄍㄨㄢ ㄩㄥˋ
官界,1,ㄍㄨㄢ ㄐㄧㄝˋ
官租,1,ㄍㄨㄢ ㄗㄨ
官秤,1,ㄍㄨㄢ ㄔㄥˋ
官秩,1,ㄍㄨㄢ ㄓˋ
官程,1,ㄍㄨㄢ ㄔㄥˊ
官立,1,ㄍㄨㄢ ㄌㄧˋ
官章,1,ㄍㄨㄢ ㄓㄤ
官等,1,ㄍㄨㄢ ㄉㄥˇ
官箴,1,ㄍㄨㄢ ㄓㄣ
官籍,1,ㄍㄨㄢ ㄐㄧˊ
官糧,1,ㄍㄨㄢ ㄌㄧㄤˊ
官紀,1,ㄍㄨㄢ ㄐㄧˋ
官紗,1,ㄍㄨㄢ ㄕㄚ
官綠,1,ㄍㄨㄢ ㄌㄩˋ
官罷,1,ㄍㄨㄢ ㄅㄚˋ
官聲,1,ㄍㄨㄢ ㄕㄥ
官艙,1,ㄍㄨㄢ ㄘㄤ
官蔭,1,ㄍㄨㄢ ㄧㄣˋ
官街,1,ㄍㄨㄢ ㄐㄧㄝ
官衣,1,ㄍㄨㄢ ㄧ
官規,1,ㄍㄨㄢ ㄍㄨㄟ
官親,1,ㄍㄨㄢ ㄑㄧㄣ
官計,1,ㄍㄨㄢ ㄐㄧˋ
官誥,1,ㄍㄨㄢ ㄍㄠˋ
官課,1,ㄍㄨㄢ ㄎㄜˋ
官諱,1,ㄍㄨㄢ ㄏㄨㄟˋ
官謗,1,ㄍㄨㄢ ㄅㄤˋ
官費,1,ㄍㄨㄢ ㄈㄟˋ
官資,1,ㄍㄨㄢ ㄗ
官賣,1,ㄍㄨㄢ ㄇㄞˋ
官路,1,ㄍㄨㄢ ㄌㄨˋ
官身,1,ㄍㄨㄢ ㄕㄣ
官送,1,ㄍㄨㄢ ㄙㄨㄥˋ
官邪,1,ㄍㄨㄢ ㄒㄧㄝˊ
官酒,1,ㄍㄨㄢ ㄐㄧㄡˇ
官醫,1,ㄍㄨㄢ ㄧ
官閥,1,ㄍㄨㄢ ㄈㄚˊ
官防,1,ㄍㄨㄢ ㄈㄤˊ
官面,1,ㄍㄨㄢ ㄇㄧㄢˋ
官韻,1,ㄍㄨㄢ ㄩㄣˋ
官鹽,1,ㄍㄨㄢ ㄧㄢˊ
定交,1,ㄉㄧㄥˋ ㄐㄧㄠ
定分,1,ㄉㄧㄥˋ ㄈㄣˋ
定勢,1,ㄉㄧㄥˋ ㄕˋ
定命,1,ㄉㄧㄥˋ ㄇㄧㄥˋ
定器,1,ㄉㄧㄥˋ ㄑㄧˋ
定子,1,ㄉㄧㄥˋ ㄗ˙
定害,1,ㄉㄧㄥˋ ㄏㄞˋ
定庚,1,ㄉㄧㄥˋ ㄍㄥ
定應,1,ㄉㄧㄥˋ ㄧㄥˋ
定所,1,ㄉㄧㄥˋ ㄙㄨㄛˇ
定斷,1,ㄉㄧㄥˋ ㄉㄨㄢˋ
定昏,1,ㄉㄧㄥˋ ㄏㄨㄣ
定更,1,ㄉㄧㄥˋ ㄍㄥ
定格,1,ㄉㄧㄥˋ ㄍㄜˊ
定物,1,ㄉㄧㄥˋ ㄨˋ
定率,1,ㄉㄧㄥˋ ㄌㄩˋ
定瓷,1,ㄉㄧㄥˋ ㄘˊ
定疊,1,ㄉㄧㄥˋ ㄉㄧㄝˊ
定盟,1,ㄉㄧㄥˋ ㄇㄥˊ
定相,1,ㄉㄧㄥˋ ㄒㄧㄤˋ
定禮,1,ㄉㄧㄥˋ ㄌㄧˇ
定窯,1,ㄉㄧㄥˋ ㄧㄠˊ
定章,1,ㄉㄧㄥˋ ㄓㄤ
定策,1,ㄉㄧㄥˋ ㄘㄜˋ
定計,1,ㄉㄧㄥˋ ㄐㄧˋ
定說,1,ㄉㄧㄥˋ ㄕㄨㄛ
定醒,1,ㄉㄧㄥˋ ㄒㄧㄥˇ
定銀,1,ㄉㄧㄥˋ ㄧㄣˊ
定錢,1,ㄉㄧㄥˋ ㄑㄧㄢˊ
定限,1,ㄉㄧㄥˋ ㄒㄧㄢˋ
定體,1,ㄉㄧㄥˋ ㄊㄧˇ
定鼎,1,ㄉㄧㄥˋ ㄉㄧㄥˇ
宛丘,1,ㄨㄢˇ ㄑㄧㄡ
宛妙,1,ㄨㄢˇ ㄇㄧㄠˋ
宛宛,1,ㄨㄢˇ ㄨㄢˇ
宛延,1,ㄨㄢˇ ㄧㄢˊ
宜男,1,ㄧˊ ㄋㄢˊ
客中,1,ㄎㄜˋ ㄓㄨㄥ
客作,1,ㄎㄜˋ ㄗㄨㄛˋ
客塵,1,ㄎㄜˋ ㄔㄣˊ
客夜,1,ㄎㄜˋ ㄧㄝˋ
客姓,1,ㄎㄜˋ ㄒㄧㄥˋ
客子,1,ㄎㄜˋ ㄗˇ
客寄,1,ㄎㄜˋ ㄐㄧˋ
客幫,1,ㄎㄜˋ ㄅㄤ
客心,1,ㄎㄜˋ ㄒㄧㄣ
客恨,1,ㄎㄜˋ ㄏㄣˋ
客情,1,ㄎㄜˋ ㄑㄧㄥˊ
客旅,1,ㄎㄜˋ ㄌㄩˇ
客星,1,ㄎㄜˋ ㄒㄧㄥ
客次,1,ㄎㄜˋ ㄘˋ
客歲,1,ㄎㄜˋ ㄙㄨㄟˋ
客死,1,ㄎㄜˋ ㄙˇ
客氣,1,ㄎㄜˋ ㄑㄧ˙
客火,1,ㄎㄜˋ ㄏㄨㄛˇ
客票,1,ㄎㄜˋ ㄆㄧㄠˋ
客禮,1,ㄎㄜˋ ㄌㄧˇ
客籍,1,ㄎㄜˋ ㄐㄧˊ
客菜,1,ㄎㄜˋ ㄘㄞˋ
客行,1,ㄎㄜˋ ㄒㄧㄥˊ
客遊,1,ㄎㄜˋ ㄧㄡˊ
客邊,1,ㄎㄜˋ ㄅㄧㄢ
客長,1,ㄎㄜˋ ㄓㄤˇ
客館,1,ㄎㄜˋ ㄍㄨㄢˇ
宣劑,1,ㄒㄩㄢ ㄐㄧˋ
宣力,1,ㄒㄩㄢ ㄌㄧˋ
宣化,1,ㄒㄩㄢ ㄏㄨㄚˋ
宣卷,1,ㄒㄩㄢ ㄐㄩㄢˋ
宣取,1,ㄒㄩㄢ ㄑㄩˇ
宣吐,1,ㄒㄩㄢ ㄊㄨˇ
宣和,1,ㄒㄩㄢ ㄏㄜˊ
宣威,1,ㄒㄩㄢ ㄨㄟ
宣室,1,ㄒㄩㄢ ㄕˋ
宣尼,1,ㄒㄩㄢ ㄋㄧˊ
宣撫,1,ㄒㄩㄢ ㄈㄨˇ
宣敕,1,ㄒㄩㄢ ㄔˋ
宣教,1,ㄒㄩㄢ ㄐㄧㄠˋ
宣明,1,ㄒㄩㄢ ㄇㄧㄥˊ
宣流,1,ㄒㄩㄢ ㄌㄧㄡˊ
宣淫,1,ㄒㄩㄢ ㄧㄣˊ
宣父,1,ㄒㄩㄢ ㄈㄨˇ
宣牌,1,ㄒㄩㄢ ㄆㄞˊ
宣科,1,ㄒㄩㄢ ㄎㄜ
宣窯,1,ㄒㄩㄢ ㄧㄠˊ
宣筆,1,ㄒㄩㄢ ㄅㄧˇ
宣腿,1,ㄒㄩㄢ ㄊㄨㄟˇ
宣詔,1,ㄒㄩㄢ ㄓㄠˋ
宣諭,1,ㄒㄩㄢ ㄩˋ
宣贊,1,ㄒㄩㄢ ㄗㄢˋ
宣騰,1,ㄒㄩㄢ ㄊㄥˊ
宣騰,1,ㄒㄩㄢ ㄊㄥ˙
宣麻,1,ㄒㄩㄢ ㄇㄚˊ
室人,1,ㄕˋ ㄖㄣˊ
室女,1,ㄕˋ ㄋㄩˇ
室廬,1,ㄕˋ ㄌㄨˊ
宥免,1,ㄧㄡˋ ㄇㄧㄢˇ
宥密,1,ㄧㄡˋ ㄇㄧˋ
宥弼,1,ㄧㄡˋ ㄅㄧˋ
宥減,1,ㄧㄡˋ ㄐㄧㄢˇ
宥貸,1,ㄧㄡˋ ㄉㄞˋ
宦人,1,ㄏㄨㄢˋ ㄖㄣˊ
宦囊,1,ㄏㄨㄢˋ ㄋㄤˊ
宦女,1,ㄏㄨㄢˋ ㄋㄩˇ
宦學,1,ㄏㄨㄢˋ ㄒㄩㄝˊ
宦情,1,ㄏㄨㄢˋ ㄑㄧㄥˊ
宦豎,1,ㄏㄨㄢˋ ㄕㄨˋ
宦達,1,ㄏㄨㄢˋ ㄉㄚˊ
宦門,1,ㄏㄨㄢˋ ㄇㄣˊ
宮人,1,ㄍㄨㄥ ㄖㄣˊ
宮商,1,ㄍㄨㄥ ㄕㄤ
宮坊,1,ㄍㄨㄥ ㄈㄤ
宮妝,1,ㄍㄨㄥ ㄓㄨㄤ
宮妾,1,ㄍㄨㄥ ㄑㄧㄝˋ
宮娃,1,ㄍㄨㄥ ㄨㄚˊ
宮嬪,1,ㄍㄨㄥ ㄆㄧㄣˊ
宮學,1,ㄍㄨㄥ ㄒㄩㄝˊ
宮市,1,ㄍㄨㄥ ㄕˋ
宮府,1,ㄍㄨㄥ ㄈㄨˇ
宮廟,1,ㄍㄨㄥ ㄇㄧㄠˋ
宮戲,1,ㄍㄨㄥ ㄒㄧˋ
宮掖,1,ㄍㄨㄥ ㄧㄝˋ
宮教,1,ㄍㄨㄥ ㄐㄧㄠˋ
宮樣,1,ㄍㄨㄥ ㄧㄤˋ
宮漏,1,ㄍㄨㄥ ㄌㄡˋ
宮甲,1,ㄍㄨㄥ ㄐㄧㄚˇ
宮省,1,ㄍㄨㄥ ㄕㄥˇ
宮眉,1,ㄍㄨㄥ ㄇㄟˊ
宮腰,1,ㄍㄨㄥ ㄧㄠ
宮花,1,ㄍㄨㄥ ㄏㄨㄚ
宮苑,1,ㄍㄨㄥ ㄩㄢˋ
宮觀,1,ㄍㄨㄥ ㄍㄨㄢˋ
宮詞,1,ㄍㄨㄥ ㄘˊ
宮譜,1,ㄍㄨㄥ ㄆㄨˇ
宮銜,1,ㄍㄨㄥ ㄒㄧㄢˊ
宮閨,1,ㄍㄨㄥ ㄍㄨㄟ
宮闥,1,ㄍㄨㄥ ㄊㄚˋ
宮雉,1,ㄍㄨㄥ ㄓˋ
宮館,1,ㄍㄨㄥ ㄍㄨㄢˇ
宮體,1,ㄍㄨㄥ ㄊㄧˇ
宮魂,1,ㄍㄨㄥ ㄏㄨㄣˊ
宮鴉,1,ㄍㄨㄥ ㄧㄚ
宰予,1,ㄗㄞˇ ㄩˊ
宰我,1,ㄗㄞˇ ㄨㄛˇ
宰衡,1,ㄗㄞˇ ㄏㄥˊ
害乏,1,ㄏㄞˋ ㄈㄚˊ
害事,1,ㄏㄞˋ ㄕˋ
害冷,1,ㄏㄞˋ ㄌㄥˇ
害口,1,ㄏㄞˋ ㄎㄡˇ
害夏,1,ㄏㄞˋ ㄒㄧㄚˋ
害心,1,ㄏㄞˋ ㄒㄧㄣ
害慌,1,ㄏㄞˋ ㄏㄨㄤ
害民,1,ㄏㄞˋ ㄇㄧㄣˊ
害熱,1,ㄏㄞˋ ㄖㄜˋ
害獸,1,ㄏㄞˋ ㄕㄡˋ
害發,1,ㄏㄞˋ ㄈㄚ
害眼,1,ㄏㄞˋ ㄧㄢˇ
害苦,1,ㄏㄞˋ ㄎㄨˇ
害酒,1,ㄏㄞˋ ㄐㄧㄡˇ
害馬,1,ㄏㄞˋ ㄇㄚˇ
宴坐,1,ㄧㄢˋ ㄗㄨㄛˋ
宴媟,1,ㄧㄢˋ ㄒㄧㄝˋ
宴安,1,ㄧㄢˋ ㄢ
宴宴,1,ㄧㄢˋ ㄧㄢˋ
宴息,1,ㄧㄢˋ ㄒㄧˊ
宴樂,1,ㄧㄢˋ ㄌㄜˋ
宴歌,1,ㄧㄢˋ ㄍㄜ
宴游,1,ㄧㄢˋ ㄧㄡˊ
宴然,1,ㄧㄢˋ ㄖㄢˊ
宴私,1,ㄧㄢˋ ㄙ
宴見,1,ㄧㄢˋ ㄐㄧㄢˋ
宴集,1,ㄧㄢˋ ㄐㄧˊ
宴餞,1,ㄧㄢˋ ㄐㄧㄢˋ
宵人,1,ㄒㄧㄠ ㄖㄣˊ
宵分,1,ㄒㄧㄠ ㄈㄣˋ
宵征,1,ㄒㄧㄠ ㄓㄥ
宵旰,1,ㄒㄧㄠ ㄍㄢˋ
宵柝,1,ㄒㄧㄠ ㄊㄨㄛˋ
宵行,1,ㄒㄧㄠ ㄒㄧㄥˊ
宵衣,1,ㄒㄧㄠ ㄧ
宵錦,1,ㄒㄧㄠ ㄐㄧㄣˇ
宵類,1,ㄒㄧㄠ ㄌㄟˋ
家下,1,ㄐㄧㄚ ㄒㄧㄚˋ
家主,1,ㄐㄧㄚ ㄓㄨˇ
家乘,1,ㄐㄧㄚ ㄕㄥˋ
家亂,1,ㄐㄧㄚ ㄌㄨㄢˋ
家什,1,ㄐㄧㄚ ㄕˊ
家伎,1,ㄐㄧㄚ ㄐㄧˋ
家伙,1,ㄐㄧㄚ ㄏㄨㄛ˙
家來,1,ㄐㄧㄚ ㄌㄞˊ
家例,1,ㄐㄧㄚ ㄌㄧˋ
家傳,1,ㄐㄧㄚ ㄓㄨㄢˋ
家僮,1,ㄐㄧㄚ ㄊㄨㄥˊ
家公,1,ㄐㄧㄚ ㄍㄨㄥ
家去,1,ㄐㄧㄚ ㄑㄩˋ
家口,1,ㄐㄧㄚ ㄎㄡˇ
家吏,1,ㄐㄧㄚ ㄌㄧˋ
家君,1,ㄐㄧㄚ ㄐㄩㄣ
家問,1,ㄐㄧㄚ ㄨㄣˋ
家堂,1,ㄐㄧㄚ ㄊㄤˊ
家奠,1,ㄐㄧㄚ ㄉㄧㄢˋ
家妓,1,ㄐㄧㄚ ㄐㄧˋ
家姊,1,ㄐㄧㄚ ㄗˇ
家姐,1,ㄐㄧㄚ ㄐㄧㄝˇ
家嫂,1,ㄐㄧㄚ ㄙㄠˇ
家客,1,ㄐㄧㄚ ㄎㄜˋ
家寒,1,ㄐㄧㄚ ㄏㄢˊ
家將,1,ㄐㄧㄚ ㄐㄧㄤˋ
家尊,1,ㄐㄧㄚ ㄗㄨㄣ
家巷,1,ㄐㄧㄚ ㄒㄧㄤˋ
家廟,1,ㄐㄧㄚ ㄇㄧㄠˋ
家慶,1,ㄐㄧㄚ ㄑㄧㄥˋ
家懷,1,ㄐㄧㄚ ㄏㄨㄞˊ
家數,1,ㄐㄧㄚ ㄕㄨˋ
家景,1,ㄐㄧㄚ ㄐㄧㄥˇ
家樂,1,ㄐㄧㄚ ㄩㄝˋ
家活,1,ㄐㄧㄚ ㄏㄨㄛˊ
家火,1,ㄐㄧㄚ ㄏㄨㄛˇ
家烈,1,ㄐㄧㄚ ㄌㄧㄝˋ
家燕,1,ㄐㄧㄚ ㄧㄢˋ
家珍,1,ㄐㄧㄚ ㄓㄣ
家生,1,ㄐㄧㄚ ㄕㄥ
家當,1,ㄐㄧㄚ ㄉㄤ˙
家的,1,ㄐㄧㄚ ㄉㄜ˙
家相,1,ㄐㄧㄚ ㄒㄧㄤˋ
家督,1,ㄐㄧㄚ ㄉㄨ
家祚,1,ㄐㄧㄚ ㄗㄨㄛˋ
家種,1,ㄐㄧㄚ ㄓㄨㄥˋ
家童,1,ㄐㄧㄚ ㄊㄨㄥˊ
家系,1,ㄐㄧㄚ ㄒㄧˋ
家累,1,ㄐㄧㄚ ㄌㄟˋ
家給,1,ㄐㄧㄚ ㄐㄧˇ
家緣,1,ㄐㄧㄚ ㄩㄢˊ
家老,1,ㄐㄧㄚ ㄌㄠˇ
家臣,1,ㄐㄧㄚ ㄔㄣˊ
家舅,1,ㄐㄧㄚ ㄐㄧㄡˋ
家行,1,ㄐㄧㄚ ㄒㄧㄥˋ
家裡,1,ㄐㄧㄚ ㄌㄧ˙
家親,1,ㄐㄧㄚ ㄑㄧㄣ
家訪,1,ㄐㄧㄚ ㄈㄤˇ
家諱,1,ㄐㄧㄚ ㄏㄨㄟˋ
家貧,1,ㄐㄧㄚ ㄆㄧㄣˊ
家貲,1,ㄐㄧㄚ ㄗ
家資,1,ㄐㄧㄚ ㄗ
家邑,1,ㄐㄧㄚ ㄧˋ
家邦,1,ㄐㄧㄚ ㄅㄤ
家釀,1,ㄐㄧㄚ ㄋㄧㄤˋ
家間,1,ㄐㄧㄚ ㄐㄧㄢ
家頁,1,ㄐㄧㄚ ㄧㄝˋ
家食,1,ㄐㄧㄚ ㄕˊ
家鴨,1,ㄐㄧㄚ ㄧㄚ
宸垣,1,ㄔㄣˊ ㄩㄢˊ
宸妃,1,ㄔㄣˊ ㄈㄟ
宸宇,1,ㄔㄣˊ ㄩˇ
宸居,1,ㄔㄣˊ ㄐㄩ
宸斷,1,ㄔㄣˊ ㄉㄨㄢˋ
宸旒,1,ㄔㄣˊ ㄌㄧㄡˊ
宸極,1,ㄔㄣˊ ㄐㄧˊ
宸濠,1,ㄔㄣˊ ㄏㄠˊ
宸眷,1,ㄔㄣˊ ㄐㄩㄢˋ
宸筆,1,ㄔㄣˊ ㄅㄧˇ
宸算,1,ㄔㄣˊ ㄙㄨㄢˋ
宸翰,1,ㄔㄣˊ ㄏㄢˋ
宸聰,1,ㄔㄣˊ ㄘㄨㄥ
宸衷,1,ㄔㄣˊ ㄓㄨㄥ
宸襟,1,ㄔㄣˊ ㄐㄧㄣ
宸謨,1,ㄔㄣˊ ㄇㄛˊ
宸遊,1,ㄔㄣˊ ㄧㄡˊ
宸鑒,1,ㄔㄣˊ ㄐㄧㄢˋ
容乞,1,ㄖㄨㄥˊ ㄑㄧˇ
容俟,1,ㄖㄨㄥˊ ㄙˋ
容儀,1,ㄖㄨㄥˊ ㄧˊ
容冶,1,ㄖㄨㄥˊ ㄧㄝˇ
容刀,1,ㄖㄨㄥˊ ㄉㄠ
容悅,1,ㄖㄨㄥˊ ㄩㄝˋ
容成,1,ㄖㄨㄥˊ ㄔㄥˊ
容敘,1,ㄖㄨㄥˊ ㄒㄩˋ
容日,1,ㄖㄨㄥˊ ㄖˋ
容留,1,ㄖㄨㄥˊ ㄌㄧㄡˊ
容範,1,ㄖㄨㄥˊ ㄈㄢˋ
容臭,1,ㄖㄨㄥˊ ㄒㄧㄡˋ
容與,1,ㄖㄨㄥˊ ㄩˇ
容華,1,ㄖㄨㄥˊ ㄏㄨㄚˊ
容表,1,ㄖㄨㄥˊ ㄅㄧㄠˇ
容裔,1,ㄖㄨㄥˊ ㄧˋ
容觀,1,ㄖㄨㄥˊ ㄍㄨㄢ
容質,1,ㄖㄨㄥˊ ㄓˊ
容車,1,ㄖㄨㄥˊ ㄐㄩ
容輝,1,ㄖㄨㄥˊ ㄏㄨㄟ
容閎,1,ㄖㄨㄥˊ ㄏㄨㄥˊ
容隱,1,ㄖㄨㄥˊ ㄧㄣˇ
容順,1,ㄖㄨㄥˊ ㄕㄨㄣˋ
容飾,1,ㄖㄨㄥˊ ㄕˋ
宿世,1,ㄙㄨˋ ㄕˋ
宿名,1,ㄙㄨˋ ㄇㄧㄥˊ
宿善,1,ㄙㄨˋ ㄕㄢˋ
宿墨,1,ㄙㄨˋ ㄇㄛˋ
宿夕,1,ㄙㄨˋ ㄒㄧˋ
宿好,1,ㄙㄨˋ ㄏㄠˇ
宿好,1,ㄙㄨˋ ㄏㄠˋ
宿妝,1,ㄙㄨˋ ㄓㄨㄤ
宿學,1,ㄙㄨˋ ㄒㄩㄝˊ
宿宿,1,ㄙㄨˋ ㄙㄨˋ
宿將,1,ㄙㄨˋ ㄐㄧㄤˋ
宿弊,1,ㄙㄨˋ ㄅㄧˋ
宿心,1,ㄙㄨˋ ㄒㄧㄣ
宿慧,1,ㄙㄨˋ ㄏㄨㄟˋ
宿憾,1,ㄙㄨˋ ㄏㄢˋ
宿料,1,ㄙㄨˋ ㄌㄧㄠˋ
宿望,1,ㄙㄨˋ ㄨㄤˋ
宿根,1,ㄙㄨˋ ㄍㄣ
宿構,1,ㄙㄨˋ ㄍㄡˋ
宿泊,1,ㄙㄨˋ ㄅㄛˊ
宿生,1,ㄙㄨˋ ㄕㄥ
宿痾,1,ㄙㄨˋ ㄜ
宿瘤,1,ㄙㄨˋ ㄌㄧㄡˊ
宿素,1,ㄙㄨˋ ㄙㄨˋ
宿老,1,ㄙㄨˋ ㄌㄠˇ
宿草,1,ㄙㄨˋ ㄘㄠˇ
宿莽,1,ㄙㄨˋ ㄇㄤˇ
宿諾,1,ㄙㄨˋ ㄋㄨㄛˋ
宿賊,1,ㄙㄨˋ ㄗㄟˊ
宿逋,1,ㄙㄨˋ ㄅㄨ
宿遇,1,ㄙㄨˋ ㄩˋ
宿酒,1,ㄙㄨˋ ㄐㄧㄡˇ
宿酲,1,ㄙㄨˋ ㄔㄥˊ
宿雨,1,ㄙㄨˋ ㄩˇ
宿霧,1,ㄙㄨˋ ㄨˋ
宿頓,1,ㄙㄨˋ ㄉㄨㄣˋ
宿頭,1,ㄙㄨˋ ㄊㄡˊ
宿麥,1,ㄙㄨˋ ㄇㄞˋ
寂歷,1,ㄐㄧˊ ㄌㄧˋ
寄下,1,ㄐㄧˋ ㄒㄧㄚˋ
寄傲,1,ㄐㄧˋ ㄠˋ
寄名,1,ㄐㄧˋ ㄇㄧㄥˊ
寄命,1,ㄐㄧˋ ㄇㄧㄥˋ
寄怨,1,ㄐㄧˋ ㄩㄢˋ
寄意,1,ㄐㄧˋ ㄧˋ
寄押,1,ㄐㄧˋ ㄧㄚ
寄書,1,ㄐㄧˋ ㄕㄨ
寄柩,1,ㄐㄧˋ ㄐㄧㄡˋ
寄款,1,ㄐㄧˋ ㄎㄨㄢˇ
寄母,1,ㄐㄧˋ ㄇㄨˇ
寄父,1,ㄐㄧˋ ㄈㄨˋ
寄監,1,ㄐㄧˋ ㄐㄧㄢ
寄碇,1,ㄐㄧˋ ㄉㄧㄥˋ
寄聲,1,ㄐㄧˋ ㄕㄥ
寄興,1,ㄐㄧˋ ㄒㄧㄥˋ
寄跡,1,ㄐㄧˋ ㄐㄧ
寄遞,1,ㄐㄧˋ ㄉㄧˋ
寄頓,1,ㄐㄧˋ ㄉㄨㄣˋ
寅月,1,ㄧㄣˊ ㄩㄝˋ
寅清,1,ㄧㄣˊ ㄑㄧㄥ
寅畏,1,ㄧㄣˊ ㄨㄟˋ
寅臺,1,ㄧㄣˊ ㄊㄞˊ
寅誼,1,ㄧㄣˊ ㄧˋ
寅賓,1,ㄧㄣˊ ㄅㄧㄣ
密侖,1,ㄇㄧˋ ㄌㄨㄣˊ
密保,1,ㄇㄧˋ ㄅㄠˇ
密勿,1,ㄇㄧˋ ㄨˋ
密地,1,ㄇㄧˋ ㄉㄧˋ
密報,1,ㄇㄧˋ ㄅㄠˋ
密奏,1,ㄇㄧˋ ㄗㄡˋ
密寫,1,ㄇㄧˋ ㄒㄧㄝˇ
密屋,1,ㄇㄧˋ ㄨ
密幄,1,ㄇㄧˋ ㄨㄛˋ
密意,1,ㄇㄧˋ ㄧˋ
密捉,1,ㄇㄧˋ ㄓㄨㄛ
密斯,1,ㄇㄧˋ ㄙ
密昵,1,ㄇㄧˋ ㄋㄧˋ
密書,1,ㄇㄧˋ ㄕㄨ
密查,1,ㄇㄧˋ ㄔㄚˊ
密爾,1,ㄇㄧˋ ㄦˇ
密看,1,ㄇㄧˋ ㄎㄢˋ
密章,1,ㄇㄧˋ ㄓㄤ
密網,1,ㄇㄧˋ ㄨㄤˇ
密緻,1,ㄇㄧˋ ㄓˋ
密續,1,ㄇㄧˋ ㄒㄩˋ
密航,1,ㄇㄧˋ ㄏㄤˊ
密親,1,ㄇㄧˋ ㄑㄧㄣ
密詔,1,ㄇㄧˋ ㄓㄠˋ
密語,1,ㄇㄧˋ ㄩˇ
密諭,1,ㄇㄧˋ ㄩˋ
密送,1,ㄇㄧˋ ㄙㄨㄥˋ
密邇,1,ㄇㄧˋ ㄦˇ
密雨,1,ㄇㄧˋ ㄩˇ
寇亂,1,ㄎㄡˋ ㄌㄨㄢˋ
寇城,1,ㄎㄡˋ ㄔㄥˊ
寇恂,1,ㄎㄡˋ ㄒㄩㄣˊ
寇準,1,ㄎㄡˋ ㄓㄨㄣˇ
寇虜,1,ㄎㄡˋ ㄌㄨˇ
寇鈔,1,ㄎㄡˋ ㄔㄠ
富媼,1,ㄈㄨˋ ㄠˇ
富室,1,ㄈㄨˋ ㄕˋ
富年,1,ㄈㄨˋ ㄋㄧㄢˊ
富彊,1,ㄈㄨˋ ㄑㄧㄤˊ
富態,1,ㄈㄨˋ ㄊㄞ˙
富歲,1,ㄈㄨˋ ㄙㄨㄟˋ
富贍,1,ㄈㄨˋ ㄕㄢˋ
富餘,1,ㄈㄨˋ ㄩ˙
寎月,1,ㄅㄧㄥˋ ㄩㄝˋ
寒乞,1,ㄏㄢˊ ㄑㄧˇ
寒事,1,ㄏㄢˊ ㄕˋ
寒人,1,ㄏㄢˊ ㄖㄣˊ
寒俊,1,ㄏㄢˊ ㄐㄩㄣˋ
寒具,1,ㄏㄢˊ ㄐㄩˋ
寒厥,1,ㄏㄢˊ ㄐㄩㄝˊ
寒垣,1,ㄏㄢˊ ㄩㄢˊ
寒塵,1,ㄏㄢˊ ㄔㄣˊ
寒女,1,ㄏㄢˊ ㄋㄩˇ
寒官,1,ㄏㄢˊ ㄍㄨㄢ
寒家,1,ㄏㄢˊ ㄐㄧㄚ
寒峭,1,ㄏㄢˊ ㄑㄧㄠˋ
寒怯,1,ㄏㄢˊ ㄑㄩㄝˋ
寒星,1,ㄏㄢˊ ㄒㄧㄥ
寒沍,1,ㄏㄢˊ ㄏㄨˋ
寒涼,1,ㄏㄢˊ ㄌㄧㄤˊ
寒溫,1,ㄏㄢˊ ㄨㄣ
寒灰,1,ㄏㄢˊ ㄏㄨㄟ
寒燠,1,ㄏㄢˊ ㄠˋ
寒璧,1,ㄏㄢˊ ㄅㄧˋ
寒瓜,1,ㄏㄢˊ ㄍㄨㄚ
寒畯,1,ㄏㄢˊ ㄐㄩㄣˋ
寒痹,1,ㄏㄢˊ ㄅㄧˋ
寒瘧,1,ㄏㄢˊ ㄋㄩㄝˋ
寒盟,1,ㄏㄢˊ ㄇㄥˊ
寒相,1,ㄏㄢˊ ㄒㄧㄤˋ
寒砧,1,ㄏㄢˊ ㄓㄣ
寒磣,1,ㄏㄢˊ ㄔㄣ˙
寒禁,1,ㄏㄢˊ ㄐㄧㄣˋ
寒秋,1,ㄏㄢˊ ㄑㄧㄡ
寒第,1,ㄏㄢˊ ㄉㄧˋ
寒素,1,ㄏㄢˊ ㄙㄨˋ
寒羞,1,ㄏㄢˊ ㄒㄧㄡ
寒肅,1,ㄏㄢˊ ㄙㄨˋ
寒腿,1,ㄏㄢˊ ㄊㄨㄟˇ
寒荊,1,ㄏㄢˊ ㄐㄧㄥ
寒薄,1,ㄏㄢˊ ㄅㄛˊ
寒蛩,1,ㄏㄢˊ ㄑㄩㄥˊ
寒蜩,1,ㄏㄢˊ ㄊㄧㄠˊ
寒蠢,1,ㄏㄢˊ ㄔㄨㄣˇ
寒訓,1,ㄏㄢˊ ㄒㄩㄣˋ
寒證,1,ㄏㄢˊ ㄓㄥˋ
寒飆,1,ㄏㄢˊ ㄅㄧㄠ
寓形,1,ㄩˋ ㄒㄧㄥˊ
寓懷,1,ㄩˋ ㄏㄨㄞˊ
寓目,1,ㄩˋ ㄇㄨˋ
寓處,1,ㄩˋ ㄔㄨˋ
寘懷,1,ㄓˋ ㄏㄨㄞˊ
寞然,1,ㄇㄛˋ ㄖㄢˊ
察子,1,ㄔㄚˊ ㄗ˙
察察,1,ㄔㄚˊ ㄔㄚˊ
察惠,1,ㄔㄚˊ ㄏㄨㄟˋ
察照,1,ㄔㄚˊ ㄓㄠˋ
察相,1,ㄔㄚˊ ㄒㄧㄤˋ
察納,1,ㄔㄚˊ ㄋㄚˋ
察聽,1,ㄔㄚˊ ㄊㄧㄥ
察舉,1,ㄔㄚˊ ㄐㄩˇ
察警,1,ㄔㄚˊ ㄐㄧㄥˇ
寡剌,1,ㄍㄨㄚˇ ㄌㄚˋ
寡占,1,ㄍㄨㄚˇ ㄓㄢˋ
寡合,1,ㄍㄨㄚˇ ㄏㄜˊ
寡君,1,ㄍㄨㄚˇ ㄐㄩㄣ
寡夫,1,ㄍㄨㄚˇ ㄈㄨ
寡妻,1,ㄍㄨㄚˇ ㄑㄧ
寡將,1,ㄍㄨㄚˇ ㄐㄧㄤˋ
寡謀,1,ㄍㄨㄚˇ ㄇㄡˊ
寡過,1,ㄍㄨㄚˇ ㄍㄨㄛˋ
寡酒,1,ㄍㄨㄚˇ ㄐㄧㄡˇ
寡鵠,1,ㄍㄨㄚˇ ㄏㄨˊ
寡鶴,1,ㄍㄨㄚˇ ㄏㄜˋ
寢兵,1,ㄑㄧㄣˇ ㄅㄧㄥ
寢宮,1,ㄑㄧㄣˇ ㄍㄨㄥ
寢廟,1,ㄑㄧㄣˇ ㄇㄧㄠˋ
寢息,1,ㄑㄧㄣˇ ㄒㄧˊ
寢殿,1,ㄑㄧㄣˇ ㄉㄧㄢˋ
寢疾,1,ㄑㄧㄣˇ ㄐㄧˊ
寢薦,1,ㄑㄧㄣˇ ㄐㄧㄢˋ
寢處,1,ㄑㄧㄣˇ ㄔㄨˇ
寢衣,1,ㄑㄧㄣˇ ㄧ
寢車,1,ㄑㄧㄣˇ ㄔㄜ
寢門,1,ㄑㄧㄣˇ ㄇㄣˊ
寢陋,1,ㄑㄧㄣˇ ㄌㄡˋ
寢食,1,ㄑㄧㄣˇ ㄕˊ
寤夢,1,ㄨˋ ㄇㄥˋ
寤寐,1,ㄨˋ ㄇㄟˋ
寤懷,1,ㄨˋ ㄏㄨㄞˊ
寤生,1,ㄨˋ ㄕㄥ
寥天,1,ㄌㄧㄠˊ ㄊㄧㄢ
寥寂,1,ㄌㄧㄠˊ ㄐㄧˊ
寥戾,1,ㄌㄧㄠˊ ㄌㄧˋ
寥闊,1,ㄌㄧㄠˊ ㄎㄨㄛˋ
寧個,1,ㄋㄧㄥˊ ㄍㄜ˙
寧奈,1,ㄋㄧㄥˊ ㄋㄞˋ
寧家,1,ㄋㄧㄥˊ ㄐㄧㄚ
寧帖,1,ㄋㄧㄥˊ ㄊㄧㄝ
寧心,1,ㄋㄧㄥˊ ㄒㄧㄣ
寧神,1,ㄋㄧㄥˊ ㄕㄣˊ
寧綢,1,ㄋㄧㄥˊ ㄔㄡˊ
寧許,1,ㄋㄧㄥˊ ㄒㄩˇ
寧貼,1,ㄋㄧㄥˊ ㄊㄧㄝ
寧馨,1,ㄋㄧㄥˊ ㄒㄧㄥ
寨柵,1,ㄓㄞˋ ㄓㄚˋ
審度,1,ㄕㄣˇ ㄉㄨㄛˋ
審決,1,ㄕㄣˇ ㄐㄩㄝˊ
審級,1,ㄕㄣˇ ㄐㄧˊ
審細,1,ㄕㄣˇ ㄒㄧˋ
審處,1,ㄕㄣˇ ㄔㄨˇ
審覈,1,ㄕㄣˇ ㄏㄜˊ
審讀,1,ㄕㄣˇ ㄉㄨˊ
寫形,1,ㄒㄧㄝˇ ㄒㄧㄥˊ
寫憂,1,ㄒㄧㄝˇ ㄧㄡ
寫景,1,ㄒㄧㄝˇ ㄐㄧㄥˇ
寫白,1,ㄒㄧㄝˇ ㄅㄞˊ
寬住,1,ㄎㄨㄢ ㄓㄨˋ
寬假,1,ㄎㄨㄢ ㄐㄧㄚˇ
寬免,1,ㄎㄨㄢ ㄇㄧㄢˇ
寬博,1,ㄎㄨㄢ ㄅㄛˊ
寬和,1,ㄎㄨㄢ ㄏㄜˊ
寬坐,1,ㄎㄨㄢ ㄗㄨㄛˋ
寬展,1,ㄎㄨㄢ ㄓㄢˇ
寬弘,1,ㄎㄨㄢ ㄏㄨㄥˊ
寬懷,1,ㄎㄨㄢ ㄏㄨㄞˊ
寬曠,1,ㄎㄨㄢ ㄎㄨㄤˋ
寬泛,1,ㄎㄨㄢ ㄈㄢˋ
寬洪,1,ㄎㄨㄢ ㄏㄨㄥˊ
寬狹,1,ㄎㄨㄢ ㄒㄧㄚˊ
寬綽,1,ㄎㄨㄢ ㄔㄨㄛ˙
寬縱,1,ㄎㄨㄢ ㄗㄨㄥˋ
寬舒,1,ㄎㄨㄢ ㄕㄨ
寬褪,1,ㄎㄨㄢ ㄊㄨㄣˋ
寬解,1,ㄎㄨㄢ ㄐㄧㄝˇ
寬譬,1,ㄎㄨㄢ ㄆㄧˋ
寬讓,1,ㄎㄨㄢ ㄖㄤˋ
寬貸,1,ㄎㄨㄢ ㄉㄞˋ
寬轉,1,ㄎㄨㄢ ㄓㄨㄢˇ
寬餘,1,ㄎㄨㄢ ㄩˊ
寬饒,1,ㄎㄨㄢ ㄖㄠˊ
寮佐,1,ㄌㄧㄠˊ ㄗㄨㄛˇ
寮寀,1,ㄌㄧㄠˊ ㄘㄞˇ
寰內,1,ㄏㄨㄢˊ ㄋㄟˋ
寰區,1,ㄏㄨㄢˊ ㄑㄩ
寰域,1,ㄏㄨㄢˊ ㄩˋ
寵任,1,ㄔㄨㄥˇ ㄖㄣˋ
寵光,1,ㄔㄨㄥˇ ㄍㄨㄤ
寵利,1,ㄔㄨㄥˇ ㄌㄧˋ
寵召,1,ㄔㄨㄥˇ ㄓㄠˋ
寵命,1,ㄔㄨㄥˇ ㄇㄧㄥˋ
寵妾,1,ㄔㄨㄥˇ ㄑㄧㄝˋ
寵姬,1,ㄔㄨㄥˇ ㄐㄧ
寵嬖,1,ㄔㄨㄥˇ ㄅㄧˋ
寵異,1,ㄔㄨㄥˇ ㄧˋ
寵祿,1,ㄔㄨㄥˇ ㄌㄨˋ
寵秩,1,ㄔㄨㄥˇ ㄓˋ
寵綏,1,ㄔㄨㄥˇ ㄙㄨㄟ
寵貴,1,ㄔㄨㄥˇ ㄍㄨㄟˋ
寵貺,1,ㄔㄨㄥˇ ㄎㄨㄤˋ
寵遇,1,ㄔㄨㄥˇ ㄩˋ
寵錫,1,ㄔㄨㄥˇ ㄒㄧˊ
寶倌,1,ㄅㄠˇ ㄍㄨㄢ
寶函,1,ㄅㄠˇ ㄏㄢˊ
寶匳,1,ㄅㄠˇ ㄌㄧㄢˊ
寶卷,1,ㄅㄠˇ ㄐㄩㄢˋ
寶坊,1,ㄅㄠˇ ㄈㄤ
寶婺,1,ㄅㄠˇ ㄨˋ
寶子,1,ㄅㄠˇ ㄗˇ
寶字,1,ㄅㄠˇ ㄗˋ
寶帶,1,ㄅㄠˇ ㄉㄞˋ
寶幢,1,ㄅㄠˇ ㄔㄨㄤˊ
寶惜,1,ㄅㄠˇ ㄒㄧˊ
寶愛,1,ㄅㄠˇ ㄞˋ
寶應,1,ㄅㄠˇ ㄧㄥˋ
寶扇,1,ㄅㄠˇ ㄕㄢˋ
寶方,1,ㄅㄠˇ ㄈㄤ
寶星,1,ㄅㄠˇ ㄒㄧㄥ
寶曆,1,ㄅㄠˇ ㄌㄧˋ
寶書,1,ㄅㄠˇ ㄕㄨ
寶月,1,ㄅㄠˇ ㄩㄝˋ
寶玩,1,ㄅㄠˇ ㄨㄢˋ
寶璐,1,ㄅㄠˇ ㄌㄨˋ
寶瓶,1,ㄅㄠˇ ㄆㄧㄥˊ
寶相,1,ㄅㄠˇ ㄒㄧㄤˋ
寶祚,1,ㄅㄠˇ ㄗㄨㄛˋ
寶章,1,ㄅㄠˇ ㄓㄤ
寶筏,1,ㄅㄠˇ ㄈㄚˊ
寶籙,1,ㄅㄠˇ ㄌㄨˋ
寶緘,1,ㄅㄠˇ ㄐㄧㄢ
寶肆,1,ㄅㄠˇ ㄙˋ
寶舟,1,ㄅㄠˇ ㄓㄡ
寶莊,1,ㄅㄠˇ ㄓㄨㄤ
寶誌,1,ㄅㄠˇ ㄓˋ
寶貨,1,ㄅㄠˇ ㄏㄨㄛˋ
寶轎,1,ㄅㄠˇ ㄐㄧㄠˋ
寶重,1,ㄅㄠˇ ㄓㄨㄥˋ
寶釵,1,ㄅㄠˇ ㄔㄞ
寶鈔,1,ㄅㄠˇ ㄔㄠ
寶鈿,1,ㄅㄠˇ ㄉㄧㄢˋ
寶鑰,1,ㄅㄠˇ ㄧㄠˋ
寶鑷,1,ㄅㄠˇ ㄋㄧㄝˋ
寶魔,1,ㄅㄠˇ ㄇㄛˊ
寶鴨,1,ㄅㄠˇ ㄧㄚ
寶鼎,1,ㄅㄠˇ ㄉㄧㄥˇ
寸兵,1,ㄘㄨㄣˋ ㄅㄧㄥ
寸功,1,ㄘㄨㄣˋ ㄍㄨㄥ
寸口,1,ㄘㄨㄣˋ ㄎㄡˇ
寸子,1,ㄘㄨㄣˋ ㄗ˙
寸晷,1,ㄘㄨㄣˋ ㄍㄨㄟˇ
寸札,1,ㄘㄨㄣˋ ㄓㄚˊ
寸楮,1,ㄘㄨㄣˋ ㄔㄨˇ
寸田,1,ㄘㄨㄣˋ ㄊㄧㄢˊ
寸碧,1,ㄘㄨㄣˋ ㄅㄧˋ
寸祿,1,ㄘㄨㄣˋ ㄌㄨˋ
寸衷,1,ㄘㄨㄣˋ ㄓㄨㄥ
寸進,1,ㄘㄨㄣˋ ㄐㄧㄣˋ
寸鐵,1,ㄘㄨㄣˋ ㄊㄧㄝˇ
寸隙,1,ㄘㄨㄣˋ ㄒㄧˋ
寺人,1,ㄙˋ ㄖㄣˊ
寺卿,1,ㄙˋ ㄑㄧㄥ
寺庫,1,ㄙˋ ㄎㄨˋ
寺舍,1,ㄙˋ ㄕㄜˋ
尀奈,1,ㄆㄛˇ ㄋㄞˋ
尀耐,1,ㄆㄛˇ ㄋㄞˋ
封事,1,ㄈㄥ ㄕˋ
封人,1,ㄈㄥ ㄖㄣˊ
封典,1,ㄈㄥ ㄉㄧㄢˇ
封域,1,ㄈㄥ ㄩˋ
封境,1,ㄈㄥ ㄐㄧㄥˋ
封墓,1,ㄈㄥ ㄇㄨˋ
封壤,1,ㄈㄥ ㄖㄤˇ
封奏,1,ㄈㄥ ㄗㄡˋ
封姨,1,ㄈㄥ ㄧˊ
封巒,1,ㄈㄥ ㄌㄨㄢˊ
封彌,1,ㄈㄥ ㄇㄧˊ
封押,1,ㄈㄥ ㄧㄚ
封拜,1,ㄈㄥ ㄅㄞˋ
封棺,1,ㄈㄥ ㄍㄨㄢ
封樁,1,ㄈㄥ ㄓㄨㄤ
封殖,1,ㄈㄥ ㄓˊ
封河,1,ㄈㄥ ㄏㄜˊ
封爐,1,ㄈㄥ ㄌㄨˊ
封狐,1,ㄈㄥ ㄏㄨˊ
封略,1,ㄈㄥ ㄌㄩㄝˋ
封畿,1,ㄈㄥ ㄐㄧ
封筒,1,ㄈㄥ ㄊㄨㄥˇ
封網,1,ㄈㄥ ㄨㄤˇ
封翁,1,ㄈㄥ ㄨㄥ
封臺,1,ㄈㄥ ㄊㄞˊ
封船,1,ㄈㄥ ㄔㄨㄢˊ
封袋,1,ㄈㄥ ㄉㄞˋ
封裡,1,ㄈㄥ ㄌㄧˇ
封襲,1,ㄈㄥ ㄒㄧˊ
封誥,1,ㄈㄥ ㄍㄠˋ
封豕,1,ㄈㄥ ㄕˇ
封貨,1,ㄈㄥ ㄏㄨㄛˋ
封貯,1,ㄈㄥ ㄓㄨˇ
封賞,1,ㄈㄥ ㄕㄤˇ
封門,1,ㄈㄥ ㄇㄣˊ
封關,1,ㄈㄥ ㄍㄨㄢ
封頂,1,ㄈㄥ ㄉㄧㄥˇ
封題,1,ㄈㄥ ㄊㄧˊ
封齋,1,ㄈㄥ ㄓㄞ
射侯,1,ㄕㄜˋ ㄏㄡˊ
射利,1,ㄕㄜˋ ㄌㄧˋ
射工,1,ㄕㄜˋ ㄍㄨㄥ
射干,1,ㄧㄝˋ ㄍㄢˋ
射日,1,ㄕㄜˋ ㄖˋ
射柳,1,ㄕㄜˋ ㄌㄧㄡˇ
射沓,1,ㄕㄜˋ ㄊㄚˋ
射生,1,ㄕㄜˋ ㄕㄥ
射界,1,ㄕㄜˋ ㄐㄧㄝˋ
射禮,1,ㄕㄜˋ ㄌㄧˇ
射策,1,ㄕㄜˋ ㄘㄜˋ
射糧,1,ㄕㄜˋ ㄌㄧㄤˊ
射聲,1,ㄕㄜˋ ㄕㄥ
射覆,1,ㄕㄜˋ ㄈㄨˋ
射鉤,1,ㄕㄜˋ ㄍㄡ
將事,1,ㄐㄧㄤ ㄕˋ
將伯,1,ㄑㄧㄤ ㄅㄛˊ
將佐,1,ㄐㄧㄤˋ ㄗㄨㄛˇ
將傍,1,ㄐㄧㄤ ㄅㄤ
將匠,1,ㄐㄧㄤ ㄐㄧㄤˋ
將印,1,ㄐㄧㄤˋ ㄧㄣˋ
將吏,1,ㄐㄧㄤˋ ㄌㄧˋ
將命,1,ㄐㄧㄤ ㄇㄧㄥˋ
將將,1,ㄐㄧㄤ ㄐㄧㄤ
將將,1,ㄐㄧㄤˋ ㄐㄧㄤˋ
將將,1,ㄑㄧㄤ ㄑㄧㄤ
將帶,1,ㄐㄧㄤˋ ㄉㄞˋ
將弁,1,ㄐㄧㄤˋ ㄅㄧㄢˋ
將愛,1,ㄐㄧㄤ ㄞˋ
將才,1,ㄐㄧㄤ ㄘㄞˊ
將指,1,ㄐㄧㄤˋ ㄓˇ
將攝,1,ㄐㄧㄤ ㄕㄜˋ
將星,1,ㄐㄧㄤˋ ㄒㄧㄥ
將晚,1,ㄐㄧㄤ ㄨㄢˇ
將次,1,ㄐㄧㄤ ㄘˋ
將毋,1,ㄐㄧㄤ ㄨˊ
將無,1,ㄐㄧㄤ ㄨˊ
將艾,1,ㄐㄧㄤ ㄞˋ
將謂,1,ㄐㄧㄤ ㄨㄟˋ
將護,1,ㄐㄧㄤ ㄏㄨˋ
將身,1,ㄐㄧㄤ ㄕㄣ
將雛,1,ㄐㄧㄤ ㄔㄨˊ
將離,1,ㄐㄧㄤ ㄌㄧˊ
將順,1,ㄐㄧㄤ ㄕㄨㄣˋ
將食,1,ㄐㄧㄤ ㄕˊ
將養,1,ㄐㄧㄤ ㄧㄤˇ
專命,1,ㄓㄨㄢ ㄇㄧㄥˋ
專城,1,ㄓㄨㄢ ㄔㄥˊ
專寵,1,ㄓㄨㄢ ㄔㄨㄥˇ
專征,1,ㄓㄨㄢ ㄓㄥ
專戮,1,ㄓㄨㄢ ㄌㄨˋ
專房,1,ㄓㄨㄢ ㄈㄤˊ
專管,1,ㄓㄨㄢ ㄍㄨㄢˇ
專諸,1,ㄓㄨㄢ ㄓㄨ
專達,1,ㄓㄨㄢ ㄉㄚˊ
尉遲,1,ㄩˋ ㄔˊ
尊上,1,ㄗㄨㄣ ㄕㄤˋ
尊人,1,ㄗㄨㄣ ㄖㄣˊ
尊俎,1,ㄗㄨㄣ ㄗㄨˇ
尊兄,1,ㄗㄨㄣ ㄒㄩㄥ
尊公,1,ㄗㄨㄣ ㄍㄨㄥ
尊前,1,ㄗㄨㄣ ㄑㄧㄢˊ
尊君,1,ㄗㄨㄣ ㄐㄩㄣ
尊堂,1,ㄗㄨㄣ ㄊㄤˊ
尊嫜,1,ㄗㄨㄣ ㄓㄤ
尊宿,1,ㄗㄨㄣ ㄙㄨˋ
尊甫,1,ㄗㄨㄣ ㄈㄨˇ
尊相,1,ㄗㄨㄣ ㄒㄧㄤˋ
尊紀,1,ㄗㄨㄣ ㄐㄧˋ
尊老,1,ㄗㄨㄣ ㄌㄠˇ
尊鑒,1,ㄗㄨㄣ ㄐㄧㄢˋ
尊門,1,ㄗㄨㄣ ㄇㄣˊ
尊閫,1,ㄗㄨㄣ ㄎㄨㄣˇ
尊顯,1,ㄗㄨㄣ ㄒㄧㄢˇ
尋仇,1,ㄒㄩㄣˊ ㄔㄡˊ
尋取,1,ㄒㄩㄣˊ ㄑㄩˇ
尋引,1,ㄒㄩㄣˊ ㄧㄣˇ
尋摸,1,ㄒㄩㄣˊ ㄇㄛ
尋查,1,ㄒㄩㄣˊ ㄔㄚˊ
尋死,1,ㄒㄩㄣˊ ㄙˇ
尋究,1,ㄒㄩㄣˊ ㄐㄧㄡˋ
尋綽,1,ㄒㄩㄣˊ ㄔㄨㄛˋ
尋繹,1,ㄒㄩㄣˊ ㄧˋ
尋討,1,ㄒㄩㄣˊ ㄊㄠˇ
尋趁,1,ㄒㄩㄣˊ ㄔㄣˋ
尋釁,1,ㄒㄩㄣˊ ㄒㄧㄣˋ
尋錢,1,ㄒㄧㄣˊ ㄑㄧㄢˊ
尋鬧,1,ㄒㄩㄣˊ ㄋㄠˋ
對上,1,ㄉㄨㄟˋ ㄕㄤ˙
對付,1,ㄉㄨㄟˋ ㄈㄨ˙
對列,1,ㄉㄨㄟˋ ㄌㄧㄝˋ
對刺,1,ㄉㄨㄟˋ ㄘˋ
對副,1,ㄉㄨㄟˋ ㄈㄨˋ
對勘,1,ㄉㄨㄟˋ ㄎㄢ
對合,1,ㄉㄨㄟˋ ㄏㄜˊ
對吵,1,ㄉㄨㄟˋ ㄔㄠˇ
對命,1,ㄉㄨㄟˋ ㄇㄧㄥˋ
對圓,1,ㄉㄨㄟˋ ㄩㄢˊ
對坐,1,ㄉㄨㄟˋ ㄗㄨㄛˋ
對堵,1,ㄉㄨㄟˋ ㄉㄨˇ
對奕,1,ㄉㄨㄟˋ ㄧˋ
對席,1,ㄉㄨㄟˋ ㄒㄧˊ
對弈,1,ㄉㄨㄟˋ ㄧˋ
對式,1,ㄉㄨㄟˋ ㄕˋ
對扣,1,ㄉㄨㄟˋ ㄎㄡˋ
對支,1,ㄉㄨㄟˋ ㄓ
對景,1,ㄉㄨㄟˋ ㄐㄧㄥˇ
對枰,1,ㄉㄨㄟˋ ㄆㄧㄥˊ
對棋,1,ㄉㄨㄟˋ ㄑㄧˊ
對歌,1,ㄉㄨㄟˋ ㄍㄜ
對泣,1,ㄉㄨㄟˋ ㄑㄧˋ
對牌,1,ㄉㄨㄟˋ ㄆㄞˊ
對狀,1,ㄉㄨㄟˋ ㄓㄨㄤˋ
對理,1,ㄉㄨㄟˋ ㄌㄧˇ
對症,1,ㄉㄨㄟˋ ㄓㄥˋ
對稱,1,ㄉㄨㄟˋ ㄔㄥˋ
對簿,1,ㄉㄨㄟˋ ㄅㄨˋ
對耦,1,ㄉㄨㄟˋ ㄡˇ
對脫,1,ㄉㄨㄟˋ ㄊㄨㄛ
對膝,1,ㄉㄨㄟˋ ㄒㄧ
對臉,1,ㄉㄨㄟˋ ㄌㄧㄢˇ
對臨,1,ㄉㄨㄟˋ ㄌㄧㄣˊ
對街,1,ㄉㄨㄟˋ ㄐㄧㄝ
對襯,1,ㄉㄨㄟˋ ㄔㄣˋ
對視,1,ㄉㄨㄟˋ ㄕˋ
對親,1,ㄉㄨㄟˋ ㄑㄧㄣ
對訴,1,ㄉㄨㄟˋ ㄙㄨˋ
對詞,1,ㄉㄨㄟˋ ㄘˊ
對講,1,ㄉㄨㄟˋ ㄐㄧㄤˇ
對賴,1,ㄉㄨㄟˋ ㄌㄞˋ
對造,1,ㄉㄨㄟˋ ㄗㄠˋ
對還,1,ㄉㄨㄟˋ ㄏㄨㄢˊ
對針,1,ㄉㄨㄟˋ ㄓㄣ
對頭,1,ㄉㄨㄟˋ ㄊㄡ˙
對題,1,ㄉㄨㄟˋ ㄊㄧˊ
對食,1,ㄉㄨㄟˋ ㄕˊ
導傘,1,ㄉㄠˇ ㄙㄢˇ
導尿,1,ㄉㄠˇ ㄋㄧㄠˋ
導揚,1,ㄉㄠˇ ㄧㄤˊ
導標,1,ㄉㄠˇ ㄅㄧㄠ
導氣,1,ㄉㄠˇ ㄑㄧˋ
導水,1,ㄉㄠˇ ㄕㄨㄟˇ
導盲,1,ㄉㄠˇ ㄇㄤˊ
導語,1,ㄉㄠˇ ㄩˇ
導諛,1,ㄉㄠˇ ㄩˊ
導讀,1,ㄉㄠˇ ㄉㄨˊ
小乙,1,ㄒㄧㄠˇ ㄧˇ
小价,1,ㄒㄧㄠˇ ㄐㄧㄝˋ
小使,1,ㄒㄧㄠˇ ㄕˇ
小修,1,ㄒㄧㄠˇ ㄒㄧㄡ
小公,1,ㄒㄧㄠˇ ㄍㄨㄥ
小利,1,ㄒㄧㄠˇ ㄌㄧˋ
小印,1,ㄒㄧㄠˇ ㄧㄣˋ
小友,1,ㄒㄧㄠˇ ㄧㄡˇ
小史,1,ㄒㄧㄠˇ ㄕˇ
小吏,1,ㄒㄧㄠˇ ㄌㄧˋ
小君,1,ㄒㄧㄠˇ ㄐㄩㄣ
小呂,1,ㄒㄧㄠˇ ㄌㄩˇ
小喬,1,ㄒㄧㄠˇ ㄑㄧㄠˊ
小嗓,1,ㄒㄧㄠˇ ㄙㄤˇ
小坐,1,ㄒㄧㄠˇ ㄗㄨㄛˋ
小妻,1,ㄒㄧㄠˇ ㄑㄧ
小娘,1,ㄒㄧㄠˇ ㄋㄧㄤˊ
小婦,1,ㄒㄧㄠˇ ㄈㄨˋ
小官,1,ㄒㄧㄠˇ ㄍㄨㄢ
小宛,1,ㄒㄧㄠˇ ㄨㄢˇ
小寢,1,ㄒㄧㄠˇ ㄑㄧㄣˇ
小己,1,ㄒㄧㄠˇ ㄐㄧˇ
小市,1,ㄒㄧㄠˇ ㄕˋ
小帳,1,ㄒㄧㄠˇ ㄓㄤˋ
小年,1,ㄒㄧㄠˇ ㄋㄧㄢˊ
小床,1,ㄒㄧㄠˇ ㄔㄨㄤˊ
小序,1,ㄒㄧㄠˇ ㄒㄩˋ
小底,1,ㄒㄧㄠˇ ㄉㄜ˙
小庵,1,ㄒㄧㄠˇ ㄢ
小廟,1,ㄒㄧㄠˇ ㄇㄧㄠˋ
小弁,1,ㄒㄧㄠˇ ㄆㄢˊ
小式,1,ㄒㄧㄠˇ ㄕˋ
小影,1,ㄒㄧㄠˇ ㄧㄥˇ
小德,1,ㄒㄧㄠˇ ㄉㄜˊ
小恙,1,ㄒㄧㄠˇ ㄧㄤˋ
小意,1,ㄒㄧㄠˇ ㄧˋ
小戎,1,ㄒㄧㄠˇ ㄖㄨㄥˊ
小戴,1,ㄒㄧㄠˇ ㄉㄞˋ
小故,1,ㄒㄧㄠˇ ㄍㄨˋ
小斂,1,ㄒㄧㄠˇ ㄌㄧㄢˋ
小旻,1,ㄒㄧㄠˇ ㄇㄧㄣˊ
小月,1,ㄒㄧㄠˇ ㄩㄝ˙
小末,1,ㄒㄧㄠˇ ㄇㄛˋ
小李,1,ㄒㄧㄠˇ ㄌㄧˇ
小杜,1,ㄒㄧㄠˇ ㄉㄨˋ
小毖,1,ㄒㄧㄠˇ ㄅㄧˋ
小注,1,ㄒㄧㄠˇ ㄓㄨˋ
小洋,1,ㄒㄧㄠˇ ㄧㄤˊ
小淨,1,ㄒㄧㄠˇ ㄐㄧㄥˋ
小灶,1,ㄒㄧㄠˇ ㄗㄠˋ
小爺,1,ㄒㄧㄠˇ ㄧㄝˊ
小球,1,ㄒㄧㄠˇ ㄑㄧㄡˊ
小畜,1,ㄒㄧㄠˇ ㄒㄩˋ
小疾,1,ㄒㄧㄠˇ ㄐㄧˊ
小的,1,ㄒㄧㄠˇ ㄉㄜ˙
小盡,1,ㄒㄧㄠˇ ㄐㄧㄣˋ
小相,1,ㄒㄧㄠˇ ㄒㄧㄤˋ
小瞧,1,ㄒㄧㄠˇ ㄑㄧㄠˊ
小祥,1,ㄒㄧㄠˇ ㄒㄧㄤˊ
小票,1,ㄒㄧㄠˇ ㄆㄧㄠˋ
小秋,1,ㄒㄧㄠˇ ㄑㄧㄡ
小稔,1,ㄒㄧㄠˇ ㄖㄣˇ
小竊,1,ㄒㄧㄠˇ ㄑㄧㄝˋ
小立,1,ㄒㄧㄠˇ ㄌㄧˋ
小築,1,ㄒㄧㄠˇ ㄓㄨˊ
小簡,1,ㄒㄧㄠˇ ㄐㄧㄢˇ
小紅,1,ㄒㄧㄠˇ ㄍㄨㄥ
小紅,1,ㄒㄧㄠˇ ㄏㄨㄥˊ
小綹,1,ㄒㄧㄠˇ ㄌㄧㄡˇ
小老,1,ㄒㄧㄠˇ ㄌㄠˇ
小聖,1,ㄒㄧㄠˇ ㄕㄥˋ
小至,1,ㄒㄧㄠˇ ㄓˋ
小舌,1,ㄒㄧㄠˇ ㄕㄜˊ
小范,1,ㄒㄧㄠˇ ㄈㄢˋ
小薊,1,ㄒㄧㄠˇ ㄐㄧˋ
小蘇,1,ㄒㄧㄠˇ ㄙㄨ
小蜂,1,ㄒㄧㄠˇ ㄈㄥ
小蠻,1,ㄒㄧㄠˇ ㄇㄢˊ
小行,1,ㄒㄧㄠˇ ㄒㄧㄥˊ
小衣,1,ㄒㄧㄠˇ ㄧ
小袖,1,ㄒㄧㄠˇ ㄒㄧㄡˋ
小襖,1,ㄒㄧㄠˇ ㄠˇ
小見,1,ㄒㄧㄠˇ ㄐㄧㄢˋ
小視,1,ㄒㄧㄠˇ ㄕˋ
小言,1,ㄒㄧㄠˇ ㄧㄢˊ
小計,1,ㄒㄧㄠˇ ㄐㄧˋ
小試,1,ㄒㄧㄠˇ ㄕˋ
小話,1,ㄒㄧㄠˇ ㄏㄨㄚˋ
小語,1,ㄒㄧㄠˇ ㄩˇ
小謝,1,ㄒㄧㄠˇ ㄒㄧㄝˋ
小豎,1,ㄒㄧㄠˇ ㄕㄨˋ
小財,1,ㄒㄧㄠˇ ㄘㄞˊ
小貨,1,ㄒㄧㄠˇ ㄏㄨㄛˋ
小賣,1,ㄒㄧㄠˇ ㄇㄞˋ
小賤,1,ㄒㄧㄠˇ ㄐㄧㄢˋ
小轎,1,ㄒㄧㄠˇ ㄐㄧㄠˋ
小運,1,ㄒㄧㄠˇ ㄩㄣˋ
小遺,1,ㄒㄧㄠˇ ㄧˊ
小郎,1,ㄒㄧㄠˇ ㄌㄤˊ
小酒,1,ㄒㄧㄠˇ ㄐㄧㄡˇ
小鑼,1,ㄒㄧㄠˇ ㄌㄨㄛˊ
小閒,1,ㄒㄧㄠˇ ㄒㄧㄢˊ
小青,1,ㄒㄧㄠˇ ㄑㄧㄥ
小鞋,1,ㄒㄧㄠˇ ㄒㄧㄝˊ
小頑,1,ㄒㄧㄠˇ ㄨㄢˊ
小額,1,ㄒㄧㄠˇ ㄜˊ
小館,1,ㄒㄧㄠˇ ㄍㄨㄢˇ
小鬟,1,ㄒㄧㄠˇ ㄏㄨㄢˊ
小鮮,1,ㄒㄧㄠˇ ㄒㄧㄢ
少保,1,ㄕㄠˋ ㄅㄠˇ
少候,1,ㄕㄠˇ ㄏㄡˋ
少停,1,ㄕㄠˇ ㄊㄧㄥˊ
少傅,1,ㄕㄠˋ ㄈㄨˋ
少像,1,ㄕㄠˋ ㄒㄧㄤˋ
少刻,1,ㄕㄠˇ ㄎㄜˋ
少商,1,ㄕㄠˋ ㄕㄤ
少坐,1,ㄕㄠˇ ㄗㄨㄛˋ
少差,1,ㄕㄠˇ ㄔㄞˋ
少師,1,ㄕㄠˋ ㄕ
少府,1,ㄕㄠˋ ㄈㄨˇ
少康,1,ㄕㄠˋ ㄎㄤ
少待,1,ㄕㄠˇ ㄉㄞˋ
少息,1,ㄕㄠˇ ㄒㄧˊ
少憩,1,ㄕㄠˇ ㄑㄧˋ
少懈,1,ㄕㄠˇ ㄒㄧㄝˋ
少敘,1,ㄕㄠˇ ㄒㄩˋ
少日,1,ㄕㄠˇ ㄖˋ
少昊,1,ㄕㄠˋ ㄏㄠˋ
少歇,1,ㄕㄠˇ ㄒㄧㄝ
少焉,1,ㄕㄠˇ ㄧㄢ
少爺,1,ㄕㄠˋ ㄧㄝ˙
少牢,1,ㄕㄠˋ ㄌㄠˊ
少艾,1,ㄕㄠˋ ㄞˋ
尖團,1,ㄐㄧㄢ ㄊㄨㄢˊ
尖尖,1,ㄐㄧㄢ ㄐㄧㄢ
尖站,1,ㄐㄧㄢ ㄓㄢˋ
尖話,1,ㄐㄧㄢ ㄏㄨㄚˋ
尖貨,1,ㄐㄧㄢ ㄏㄨㄛˋ
尖音,1,ㄐㄧㄢ ㄧㄣ
尖餅,1,ㄐㄧㄢ ㄅㄧㄥˇ
尚友,1,ㄕㄤˋ ㄧㄡˇ
尚方,1,ㄕㄤˋ ㄈㄤ
尚然,1,ㄕㄤˋ ㄖㄢˊ
尚猶,1,ㄕㄤˋ ㄧㄡˊ
尚衣,1,ㄕㄤˋ ㄧ
尚齒,1,ㄕㄤˋ ㄔˇ
尤人,1,ㄧㄡˊ ㄖㄣˊ
尤侗,1,ㄧㄡˊ ㄊㄨㄥˊ
尤列,1,ㄧㄡˊ ㄌㄧㄝˋ
尤悔,1,ㄧㄡˊ ㄏㄨㄟˇ
尤態,1,ㄧㄡˊ ㄊㄞˋ
尤殢,1,ㄧㄡˊ ㄊㄧˋ
尤異,1,ㄧㄡˊ ㄧˋ
尤至,1,ㄧㄡˊ ㄓˋ
尤袤,1,ㄧㄡˊ ㄇㄠˋ
尤詬,1,ㄧㄡˊ ㄍㄡˋ
尤違,1,ㄧㄡˊ ㄨㄟˊ
尨然,1,ㄆㄤˊ ㄖㄢˊ
尨茸,1,ㄇㄥˊ ㄖㄨㄥˊ
尪羸,1,ㄨㄤ ㄌㄟˊ
就世,1,ㄐㄧㄡˋ ㄕˋ
就令,1,ㄐㄧㄡˋ ㄌㄧㄥˋ
就使,1,ㄐㄧㄡˋ ㄕˇ
就和,1,ㄐㄧㄡˋ ㄏㄜ˙
就戮,1,ㄐㄧㄡˋ ㄌㄨˋ
就手,1,ㄐㄧㄡˋ ㄕㄡˇ
就擒,1,ㄐㄧㄡˋ ㄑㄧㄣˊ
就枕,1,ㄐㄧㄡˋ ㄓㄣˇ
就禮,1,ㄐㄧㄡˋ ㄌㄧˇ
就衰,1,ㄐㄧㄡˋ ㄕㄨㄞ
就裡,1,ㄐㄧㄡˋ ㄌㄧˇ
就親,1,ㄐㄧㄡˋ ㄑㄧㄣ
就診,1,ㄐㄧㄡˋ ㄓㄣˇ
就逮,1,ㄐㄧㄡˋ ㄉㄞˋ
就道,1,ㄐㄧㄡˋ ㄉㄠˋ
就食,1,ㄐㄧㄡˋ ㄕˊ
就館,1,ㄐㄧㄡˋ ㄍㄨㄢˇ
尸位,1,ㄕ ㄨㄟˋ
尸利,1,ㄕ ㄌㄧˋ
尸祝,1,ㄕ ㄓㄨˋ
尸祿,1,ㄕ ㄌㄨˋ
尸解,1,ㄕ ㄐㄧㄝˇ
尸諫,1,ㄕ ㄐㄧㄢˋ
尸饔,1,ㄕ ㄩㄥ
尹喜,1,ㄧㄣˇ ㄒㄧˇ
尹文,1,ㄧㄣˇ ㄨㄣˊ
尺一,1,ㄔˇ ㄧ
尺五,1,ㄔˇ ㄨˇ
尺八,1,ㄔˇ ㄅㄚ
尺兵,1,ㄔˇ ㄅㄧㄥ
尺口,1,ㄔˇ ㄎㄡˇ
尺土,1,ㄔˇ ㄊㄨˇ
尺寸,1,ㄔˊ ㄘㄨㄣ˙
尺板,1,ㄔˇ ㄅㄢˇ
尺波,1,ㄔˇ ㄅㄛ
尺澤,1,ㄔˇ ㄗㄜˊ
尺璧,1,ㄔˇ ㄅㄧˋ
尺簡,1,ㄔˇ ㄐㄧㄢˇ
尺籍,1,ㄔˇ ㄐㄧˊ
尺脈,1,ㄔˇ ㄇㄞˋ
尺蠖,1,ㄔˇ ㄏㄨㄛˋ
尺錦,1,ㄔˇ ㄐㄧㄣˇ
尺鐵,1,ㄔˇ ㄊㄧㄝˇ
尺頭,1,ㄔˇ ㄊㄡ˙
尺骨,1,ㄔˇ ㄍㄨˇ
尻坐,1,ㄎㄠ ㄗㄨㄛˋ
尻骨,1,ㄎㄠ ㄍㄨˇ
尼僧,1,ㄋㄧˊ ㄙㄥ
尼壇,1,ㄋㄧˊ ㄊㄢˊ
尼師,1,ㄋㄧˊ ㄕ
尼父,1,ㄋㄧˊ ㄈㄨˇ
尼祿,1,ㄋㄧˊ ㄌㄨˋ
尼站,1,ㄋㄧˊ ㄓㄢˋ
尾擊,1,ㄨㄟˇ ㄐㄧˊ
尾欠,1,ㄨㄟˇ ㄑㄧㄢˋ
尾毛,1,ㄨㄟˇ ㄇㄠˊ
尾生,1,ㄨㄟˇ ㄕㄥ
尾迓,1,ㄨㄟˇ ㄧㄚˋ
尾追,1,ㄨㄟˇ ㄓㄨㄟ
尾閭,1,ㄨㄟˇ ㄌㄩˊ
尾骨,1,ㄨㄟˇ ㄍㄨˇ
尿囊,1,ㄋㄧㄠˋ ㄋㄤˊ
尿尿,1,ㄋㄧㄠˋ ㄋㄧㄠˋ
尿炕,1,ㄋㄧㄠˋ ㄎㄤˋ
尿片,1,ㄋㄧㄠˋ ㄆㄧㄢˋ
尿鱉,1,ㄋㄧㄠˋ ㄅㄧㄝ
局主,1,ㄐㄩˊ ㄓㄨˇ
局子,1,ㄐㄩˊ ㄗˇ
局子,1,ㄐㄩˊ ㄗ˙
局家,1,ㄐㄩˊ ㄐㄧㄚ
局度,1,ㄐㄩˊ ㄉㄨˋ
局戲,1,ㄐㄩˊ ㄒㄧˋ
局方,1,ㄐㄩˊ ㄈㄤ
局本,1,ㄐㄩˊ ㄅㄣˇ
局束,1,ㄐㄩˊ ㄕㄨˋ
局段,1,ㄐㄩˊ ㄉㄨㄢˋ
局票,1,ㄐㄩˊ ㄆㄧㄠˋ
局賭,1,ㄐㄩˊ ㄉㄨˇ
局量,1,ㄐㄩˊ ㄌㄧㄤˋ
屁大,1,ㄆㄧˋ ㄉㄚˋ
屁漏,1,ㄆㄧˋ ㄌㄡˋ
屁眼,1,ㄆㄧˋ ㄧㄢˇ
屁股,1,ㄆㄧˋ ㄍㄨ˙
屁話,1,ㄆㄧˋ ㄏㄨㄚˋ
居人,1,ㄐㄩ ㄖㄣˊ
居停,1,ㄐㄩ ㄊㄧㄥˊ
居址,1,ㄐㄩ ㄓˇ
居奇,1,ㄐㄩ ㄑㄧˊ
居孀,1,ㄐㄩ ㄕㄨㄤ
居居,1,ㄐㄩ ㄐㄩ
居常,1,ㄐㄩ ㄔㄤˊ
居息,1,ㄐㄩ ㄒㄧˊ
居憂,1,ㄐㄩ ㄧㄡ
居攝,1,ㄐㄩ ㄕㄜˋ
居易,1,ㄐㄩ ㄧˋ
居止,1,ㄐㄩ ㄓˇ
居正,1,ㄐㄩ ㄓㄥˋ
居第,1,ㄐㄩ ㄉㄧˋ
居諸,1,ㄐㄩ ㄓㄨ
居貞,1,ㄐㄩ ㄓㄣ
居貧,1,ㄐㄩ ㄆㄧㄣˊ
居賣,1,ㄐㄩ ㄇㄞˋ
居高,1,ㄐㄩ ㄍㄠ
屈奇,1,ㄑㄩ ㄑㄧˊ
屈宋,1,ㄑㄩ ㄙㄨㄥˋ
屈尊,1,ㄑㄩ ㄗㄨㄣ
屈平,1,ㄑㄩ ㄆㄧㄥˊ
屈座,1,ㄑㄩ ㄗㄨㄛˋ
屈心,1,ㄑㄩ ㄒㄧㄣ
屈志,1,ㄑㄩ ㄓˋ
屈戌,1,ㄑㄩ ㄒㄩ˙
屈才,1,ㄑㄩ ㄘㄞˊ
屈招,1,ㄑㄩ ㄓㄠ
屈撓,1,ㄑㄩ ㄋㄠˊ
屈枉,1,ㄑㄩ ㄨㄤ˙
屈死,1,ㄑㄩ ㄙˇ
屈沉,1,ㄑㄩ ㄔㄣˊ
屈滯,1,ㄑㄩ ㄓˋ
屈漾,1,ㄑㄩ ㄧㄤˋ
屈節,1,ㄑㄩ ㄐㄧㄝˊ
屈蟠,1,ㄑㄩ ㄆㄢˊ
屈身,1,ㄑㄩ ㄕㄣ
屈量,1,ㄑㄩ ㄌㄧㄤˋ
屋山,1,ㄨ ㄕㄢ
屋廬,1,ㄨ ㄌㄨˊ
屋社,1,ㄨ ㄕㄜˋ
屋翼,1,ㄨ ㄧˋ
屋除,1,ㄨ ㄔㄨˊ
屌毛,1,ㄉㄧㄠˇ ㄇㄠˊ
屍格,1,ㄕ ㄍㄜˊ
屍櫬,1,ㄕ ㄔㄣˋ
屍蠟,1,ㄕ ㄌㄚˋ
屍變,1,ㄕ ㄅㄧㄢˋ
屍靈,1,ㄕ ㄌㄧㄥˊ
屎棋,1,ㄕˇ ㄑㄧˊ
屎蛋,1,ㄕˇ ㄉㄢˋ
屏居,1,ㄅㄧㄥˇ ㄐㄩ
屏山,1,ㄆㄧㄥˊ ㄕㄢ
屏幃,1,ㄆㄧㄥˊ ㄨㄟˊ
屏斥,1,ㄅㄧㄥˇ ㄔˋ
屏營,1,ㄅㄧㄥ ㄧㄥˊ
屏當,1,ㄅㄧㄥˇ ㄉㄤˋ
屏翰,1,ㄆㄧㄥˊ ㄏㄢˋ
屏翳,1,ㄆㄧㄥˊ ㄧˋ
屏蓬,1,ㄆㄧㄥˊ ㄆㄥˊ
屏語,1,ㄅㄧㄥˇ ㄩˇ
屏跡,1,ㄅㄧㄥˇ ㄐㄧ
屏門,1,ㄆㄧㄥˊ ㄇㄣˊ
屏隱,1,ㄅㄧㄥˇ ㄧㄣˇ
屏黜,1,ㄅㄧㄥˇ ㄔㄨˋ
屑屑,1,ㄒㄧㄝˋ ㄒㄧㄝˋ
屑意,1,ㄒㄧㄝˋ ㄧˋ
屑涕,1,ㄒㄧㄝˋ ㄊㄧˋ
屑窣,1,ㄒㄧㄝˋ ㄙㄨˋ
展伎,1,ㄓㄢˇ ㄐㄧˋ
展卷,1,ㄓㄢˇ ㄐㄩㄢˋ
展售,1,ㄓㄢˇ ㄕㄡˋ
展季,1,ㄓㄢˇ ㄐㄧˋ
展布,1,ㄓㄢˇ ㄅㄨˋ
展才,1,ㄓㄢˇ ㄘㄞˊ
展拜,1,ㄓㄢˇ ㄅㄞˋ
展掙,1,ㄓㄢˇ ㄓㄥ
展播,1,ㄓㄢˇ ㄅㄛˋ
展放,1,ㄓㄢˇ ㄈㄤˋ
展映,1,ㄓㄢˇ ㄧㄥˋ
展樣,1,ㄓㄢˇ ㄧㄤ˙
展汙,1,ㄓㄢˇ ㄨ
展爪,1,ㄓㄢˇ ㄓㄨㄚˇ
展眉,1,ㄓㄢˇ ㄇㄟˊ
展眼,1,ㄓㄢˇ ㄧㄢˇ
展禮,1,ㄓㄢˇ ㄌㄧˇ
展禽,1,ㄓㄢˇ ㄑㄧㄣˊ
展縮,1,ㄓㄢˇ ㄙㄨㄛ
展脫,1,ㄓㄢˇ ㄊㄨㄛ
展臂,1,ㄓㄢˇ ㄅㄧˋ
展賣,1,ㄓㄢˇ ㄇㄞˋ
展賴,1,ㄓㄢˇ ㄌㄞˋ
展采,1,ㄓㄢˇ ㄘㄞˇ
展限,1,ㄓㄢˇ ㄒㄧㄢˋ
展露,1,ㄓㄢˇ ㄌㄨˋ
展顯,1,ㄓㄢˇ ㄒㄧㄢˇ
展驥,1,ㄓㄢˇ ㄐㄧˋ
屜子,1,ㄊㄧˋ ㄗ˙
屝屨,1,ㄈㄟˋ ㄐㄩˋ
屠伯,1,ㄊㄨˊ ㄅㄛˊ
屠家,1,ㄊㄨˊ ㄐㄧㄚ
屠沽,1,ㄊㄨˊ ㄍㄨ
屠燒,1,ㄊㄨˊ ㄕㄠ
屠狗,1,ㄊㄨˊ ㄍㄡˇ
屠蘇,1,ㄊㄨˊ ㄙㄨ
屢年,1,ㄌㄩˇ ㄋㄧㄢˊ
屢盟,1,ㄌㄩˇ ㄇㄥˊ
屢空,1,ㄌㄩˇ ㄎㄨㄥˋ
屣履,1,ㄒㄧˇ ㄌㄩˇ
層態,1,ㄘㄥˊ ㄊㄞˋ
層瀾,1,ㄘㄥˊ ㄌㄢˊ
層甍,1,ㄘㄥˊ ㄇㄥˊ
層臺,1,ㄘㄥˊ ㄊㄞˊ
層遞,1,ㄘㄥˊ ㄉㄧˋ
層雲,1,ㄘㄥˊ ㄩㄣˊ
履位,1,ㄌㄩˇ ㄨㄟˋ
履冰,1,ㄌㄩˇ ㄅㄧㄥ
履勘,1,ㄌㄩˇ ㄎㄢ
履尾,1,ㄌㄩˇ ㄨㄟˇ
履戴,1,ㄌㄩˇ ㄉㄞˋ
履癸,1,ㄌㄩˇ ㄍㄨㄟˇ
履端,1,ㄌㄩˇ ㄉㄨㄢ
履舄,1,ㄌㄩˇ ㄒㄧˋ
履薄,1,ㄌㄩˇ ㄅㄛˊ
履長,1,ㄌㄩˇ ㄔㄤˊ
履霜,1,ㄌㄩˇ ㄕㄨㄤ
屧廊,1,ㄒㄧㄝˋ ㄌㄤˊ
屨校,1,ㄐㄩˋ ㄐㄧㄠˋ
屩鼻,1,ㄐㄩㄝˊ ㄅㄧˊ
屬令,1,ㄓㄨˇ ㄌㄧㄥˋ
屬和,1,ㄓㄨˇ ㄏㄜˋ
屬垣,1,ㄓㄨˇ ㄩㄢˊ
屬對,1,ㄓㄨˇ ㄉㄨㄟˋ
屬屬,1,ㄓㄨˇ ㄓㄨˇ
屬意,1,ㄓㄨˇ ㄧˋ
屬文,1,ㄓㄨˇ ㄨㄣˊ
屬望,1,ㄓㄨˇ ㄨㄤˋ
屬綴,1,ㄓㄨˇ ㄓㄨㄟˋ
屬纊,1,ㄓㄨˇ ㄎㄨㄤˋ
屬者,1,ㄓㄨˇ ㄓㄜˇ
屬託,1,ㄓㄨˇ ㄊㄨㄛ
屬車,1,ㄕㄨˇ ㄔㄜ
屭屭,1,ㄒㄧˋ ㄒㄧˋ
屯剝,1,ㄓㄨㄣ ㄅㄛ
屯否,1,ㄓㄨㄣ ㄆㄧˇ
屯坎,1,ㄓㄨㄣ ㄎㄢˇ
屯官,1,ㄊㄨㄣˊ ㄍㄨㄢ
屯所,1,ㄊㄨㄣˊ ㄙㄨㄛˇ
屯落,1,ㄊㄨㄣˊ ㄌㄨㄛˋ
屯蹇,1,ㄓㄨㄣ ㄐㄧㄢˇ
屯邅,1,ㄓㄨㄣ ㄓㄢ
屯難,1,ㄓㄨㄣ ㄋㄢˋ
屯頭,1,ㄊㄨㄣˊ ㄊㄡˊ
山丹,1,ㄕㄢ ㄉㄢ
山冰,1,ㄕㄢ ㄅㄧㄥ
山凹,1,ㄕㄢ ㄨㄚ
山友,1,ㄕㄢ ㄧㄡˇ
山向,1,ㄕㄢ ㄒㄧㄤˋ
山呼,1,ㄕㄢ ㄏㄨ
山國,1,ㄕㄢ ㄍㄨㄛˊ
山塢,1,ㄕㄢ ㄨˋ
山外,1,ㄕㄢ ㄨㄞˋ
山子,1,ㄕㄢ ㄗˇ
山家,1,ㄕㄢ ㄐㄧㄚ
山庭,1,ㄕㄢ ㄊㄧㄥˊ
山斗,1,ㄕㄢ ㄉㄡˇ
山暈,1,ㄕㄢ ㄩㄣˋ
山村,1,ㄕㄢ ㄘㄨㄣ
山棚,1,ㄕㄢ ㄆㄥˊ
山樓,1,ㄕㄢ ㄌㄡˊ
山濤,1,ㄕㄢ ㄊㄠˊ
山砠,1,ㄕㄢ ㄐㄩ
山礬,1,ㄕㄢ ㄈㄢˊ
山積,1,ㄕㄢ ㄐㄧ
山窩,1,ㄕㄢ ㄨㄛ
山荊,1,ㄕㄢ ㄐㄧㄥ
山藥,1,ㄕㄢ ㄧㄠ˙
山蜂,1,ㄕㄢ ㄈㄥ
山長,1,ㄕㄢ ㄓㄤˇ
山阿,1,ㄕㄢ ㄜ
山隘,1,ㄕㄢ ㄞˋ
山險,1,ㄕㄢ ㄒㄧㄢˇ
山響,1,ㄕㄢ ㄒㄧㄤˇ
山魈,1,ㄕㄢ ㄒㄧㄠ
山魑,1,ㄕㄢ ㄔ
屴崱,1,ㄌㄧˋ ㄗㄜˋ
屹屹,1,ㄧˋ ㄧˋ
屹然,1,ㄧˋ ㄖㄢˊ
岈然,1,ㄒㄧㄚ ㄖㄢˊ
岌岌,1,ㄐㄧˊ ㄐㄧˊ
岌嶪,1,ㄐㄧˊ ㄧㄝˋ
岑參,1,ㄘㄣˊ ㄕㄣ
岑岑,1,ㄘㄣˊ ㄘㄣˊ
岑峨,1,ㄘㄣˊ ㄜˊ
岑崟,1,ㄘㄣˊ ㄧㄣˊ
岑嶺,1,ㄘㄣˊ ㄌㄧㄥˇ
岑樓,1,ㄘㄣˊ ㄌㄡˊ
岑牟,1,ㄘㄣˊ ㄇㄡˊ
岑翳,1,ㄘㄣˊ ㄧˋ
岑蔚,1,ㄘㄣˊ ㄨㄟˋ
岔換,1,ㄔㄚˋ ㄏㄨㄢ˙
岔曲,1,ㄔㄚˋ ㄑㄩˇ
岔氣,1,ㄔㄚˋ ㄑㄧˋ
岔流,1,ㄔㄚˋ ㄌㄧㄡˊ
岔眼,1,ㄔㄚˋ ㄧㄢˇ
岔錯,1,ㄔㄚˋ ㄘㄨㄛˋ
岡岑,1,ㄍㄤ ㄘㄣˊ
岣嶁,1,ㄍㄡˇ ㄌㄡˇ
岧岧,1,ㄊㄧㄠˊ ㄊㄧㄠˊ
岧嶢,1,ㄊㄧㄠˊ ㄧㄠˊ
岩圈,1,ㄧㄢˊ ㄑㄩㄢ
岩基,1,ㄧㄢˊ ㄐㄧ
岩棉,1,ㄧㄢˊ ㄇㄧㄢˊ
岩羊,1,ㄧㄢˊ ㄧㄤˊ
岩脈,1,ㄧㄢˊ ㄇㄞˋ
岪蔚,1,ㄈㄨˊ ㄨㄟˋ
岫幌,1,ㄒㄧㄡˋ ㄏㄨㄤˇ
岱宗,1,ㄉㄞˋ ㄗㄨㄥ
岱嶽,1,ㄉㄞˋ ㄩㄝˋ
岳伯,1,ㄩㄝˋ ㄅㄛˊ
岳墳,1,ㄩㄝˋ ㄈㄣˊ
岳岳,1,ㄩㄝˋ ㄩㄝˋ
岳牧,1,ㄩㄝˋ ㄇㄨˋ
岳珂,1,ㄩㄝˋ ㄎㄜ
岳雲,1,ㄩㄝˋ ㄩㄣˊ
岸幘,1,ㄢˋ ㄗㄜˊ
岸忽,1,ㄢˋ ㄏㄨ
岸標,1,ㄢˋ ㄅㄧㄠ
岸獄,1,ㄢˋ ㄩˋ
峙積,1,ㄓˋ ㄐㄧ
峨冠,1,ㄜˊ ㄍㄨㄢ
峨峨,1,ㄜˊ ㄜˊ
峨然,1,ㄜˊ ㄖㄢˊ
峨螺,1,ㄜˊ ㄌㄨㄛˊ
峨髻,1,ㄜˊ ㄐㄧˋ
峭厲,1,ㄑㄧㄠˋ ㄌㄧˋ
峭峻,1,ㄑㄧㄠˋ ㄐㄩㄣˋ
峭法,1,ㄑㄧㄠˋ ㄈㄚˇ
峭薄,1,ㄑㄧㄠˋ ㄅㄛˊ
峭覈,1,ㄑㄧㄠˋ ㄏㄜˊ
峭麗,1,ㄑㄧㄠˋ ㄌㄧˋ
峰巖,1,ㄈㄥ ㄧㄢˊ
峰林,1,ㄈㄥ ㄌㄧㄣˊ
島夷,1,ㄉㄠˇ ㄧˊ
島弧,1,ㄉㄠˇ ㄏㄨˊ
島洲,1,ㄉㄠˇ ㄓㄡ
峻切,1,ㄐㄩㄣˋ ㄑㄧㄝˋ
峻刻,1,ㄐㄩㄣˋ ㄎㄜˋ
峻原,1,ㄐㄩㄣˋ ㄩㄢˊ
峻宇,1,ㄐㄩㄣˋ ㄩˇ
峻密,1,ㄐㄩㄣˋ ㄇㄧˋ
峻崖,1,ㄐㄩㄣˋ ㄧㄞˊ
峻拒,1,ㄐㄩㄣˋ ㄐㄩˋ
峻挺,1,ㄐㄩㄣˋ ㄊㄧㄥˇ
峻極,1,ㄐㄩㄣˋ ㄐㄧˊ
峻滑,1,ㄐㄩㄣˋ ㄏㄨㄚˊ
峻爵,1,ㄐㄩㄣˋ ㄐㄩㄝˊ
峻直,1,ㄐㄩㄣˋ ㄓˊ
峻秩,1,ㄐㄩㄣˋ ㄓˋ
峻筆,1,ㄐㄩㄣˋ ㄅㄧˇ
峻論,1,ㄐㄩㄣˋ ㄌㄨㄣˋ
峻酷,1,ㄐㄩㄣˋ ㄎㄨˋ
峻阪,1,ㄐㄩㄣˋ ㄅㄢˇ
峿山,1,ㄨˊ ㄕㄢ
崇儒,1,ㄔㄨㄥˊ ㄖㄨˊ
崇墉,1,ㄔㄨㄥˊ ㄩㄥ
崇外,1,ㄔㄨㄥˊ ㄨㄞˋ
崇寧,1,ㄔㄨㄥˊ ㄋㄧㄥˊ
崇崖,1,ㄔㄨㄥˊ ㄧㄞˊ
崇朝,1,ㄔㄨㄥˊ ㄓㄠ
崇祀,1,ㄔㄨㄥˊ ㄙˋ
崇鑒,1,ㄔㄨㄥˊ ㄐㄧㄢˋ
崇阿,1,ㄔㄨㄥˊ ㄜ
崇飲,1,ㄔㄨㄥˊ ㄧㄣˇ
崎崟,1,ㄑㄧˊ ㄧㄣˊ
崑劇,1,ㄎㄨㄣ ㄐㄩˋ
崑岡,1,ㄎㄨㄣ ㄍㄤ
崑玉,1,ㄎㄨㄣ ㄩˋ
崒兀,1,ㄗㄨˊ ㄨˋ
崒嵂,1,ㄗㄨˊ ㄌㄩˋ
崔塗,1,ㄘㄨㄟ ㄊㄨˊ
崔寔,1,ㄘㄨㄟ ㄕˊ
崔崔,1,ㄘㄨㄟ ㄘㄨㄟ
崔嵬,1,ㄘㄨㄟ ㄨㄟˊ
崔杼,1,ㄘㄨㄟ ㄓㄨˋ
崔浩,1,ㄘㄨㄟ ㄏㄠˋ
崔白,1,ㄘㄨㄟ ㄅㄞˊ
崔隤,1,ㄘㄨㄟ ㄊㄨㄟˊ
崔韜,1,ㄘㄨㄟ ㄊㄠ
崔顥,1,ㄘㄨㄟ ㄏㄠˋ
崔駰,1,ㄘㄨㄟ ㄧㄣ
崖山,1,ㄧㄞˊ ㄕㄢ
崖岸,1,ㄧㄞˊ ㄢˋ
崖檢,1,ㄧㄞˊ ㄐㄧㄢˇ
崖次,1,ㄧㄞˊ ㄘˋ
崖涘,1,ㄧㄞˊ ㄙˋ
崖略,1,ㄧㄞˊ ㄌㄩㄝˋ
崖異,1,ㄧㄞˊ ㄧˋ
崖縣,1,ㄧㄞˊ ㄒㄧㄢˋ
崖邊,1,ㄧㄞˊ ㄅㄧㄢ
崚峭,1,ㄌㄥˊ ㄑㄧㄠˋ
崛崎,1,ㄐㄩㄝˊ ㄑㄧˊ
崛強,1,ㄐㄩㄝˊ ㄐㄧㄤˋ
崞山,1,ㄍㄨㄛ ㄕㄢ
崞縣,1,ㄍㄨㄛ ㄒㄧㄢˋ
崟崟,1,ㄧㄣˊ ㄧㄣˊ
崤函,1,ㄧㄠˊ ㄏㄢˊ
崤山,1,ㄧㄠˊ ㄕㄢ
崤谷,1,ㄧㄠˊ ㄍㄨˇ
崦嵫,1,ㄧㄢ ㄗ
崧高,1,ㄙㄨㄥ ㄍㄠ
崩倒,1,ㄅㄥ ㄉㄠˇ
崩摧,1,ㄅㄥ ㄘㄨㄟ
崩漏,1,ㄅㄥ ㄌㄡˋ
崩瀉,1,ㄅㄥ ㄒㄧㄝˋ
崩症,1,ㄅㄥ ㄓㄥˋ
崩角,1,ㄅㄥ ㄐㄧㄠˇ
崩逝,1,ㄅㄥ ㄕˋ
崩阤,1,ㄅㄥ ㄓˋ
崩陷,1,ㄅㄥ ㄒㄧㄢˋ
崩駕,1,ㄅㄥ ㄐㄧㄚˋ
崱屴,1,ㄗㄜˋ ㄌㄧˋ
崴嵬,1,ㄨㄟ ㄨㄟˊ
崽子,1,ㄗㄞˇ ㄗˇ
嵂崒,1,ㄌㄩˋ ㄗㄨˊ
嵇紹,1,ㄐㄧ ㄕㄠˋ
嵊縣,1,ㄕㄥˋ ㄒㄧㄢˋ
嵌巉,1,ㄑㄧㄢˋ ㄔㄢˊ
嵌巖,1,ㄑㄧㄢˋ ㄧㄢˊ
嵌畫,1,ㄑㄧㄢ ㄏㄨㄚˋ
嵌窞,1,ㄑㄧㄢ ㄉㄢˋ
嵌造,1,ㄑㄧㄢ ㄗㄠˋ
嵌金,1,ㄑㄧㄢ ㄐㄧㄣ
嵌飾,1,ㄑㄧㄢ ㄕˋ
嵎夷,1,ㄩˊ ㄧˊ
嵎嵎,1,ㄩˊ ㄩˊ
嵐氣,1,ㄌㄢˊ ㄑㄧˋ
嵒岫,1,ㄧㄢˊ ㄒㄧㄡˋ
嵒嵒,1,ㄧㄢˊ ㄧㄢˊ
嵩厚,1,ㄙㄨㄥ ㄏㄡˋ
嵩呼,1,ㄙㄨㄥ ㄏㄨ
嵩壽,1,ㄙㄨㄥ ㄕㄡˋ
嵩少,1,ㄙㄨㄥ ㄕㄠˋ
嵩峻,1,ㄙㄨㄥ ㄐㄩㄣˋ
嵩祝,1,ㄙㄨㄥ ㄓㄨˋ
嵩箕,1,ㄙㄨㄥ ㄐㄧ
嵫釐,1,ㄗ ㄌㄧˊ
嵬峨,1,ㄨㄟˊ ㄜˊ
嵬嵬,1,ㄨㄟˊ ㄨㄟˊ
嵬嶷,1,ㄨㄟˊ ㄧˊ
嵬瑣,1,ㄨㄟˊ ㄙㄨㄛˇ
嵬說,1,ㄨㄟˊ ㄕㄨㄛ
嵽嵲,1,ㄉㄧㄝˊ ㄋㄧㄝˋ
嵾嵯,1,ㄘㄣ ㄘㄨㄛˊ
嶄然,1,ㄓㄢˇ ㄖㄢˊ
嶇嶔,1,ㄑㄩ ㄑㄧㄣ
嶍峨,1,ㄒㄧˊ ㄜˊ
嶒稜,1,ㄘㄥˊ ㄌㄥˊ
嶓冢,1,ㄅㄛ ㄓㄨㄥˇ
嶔岑,1,ㄑㄧㄣ ㄘㄣˊ
嶔崎,1,ㄑㄧㄣ ㄑㄧˊ
嶔崟,1,ㄑㄧㄣ ㄧㄣˊ
嶔然,1,ㄑㄧㄣ ㄖㄢˊ
嶙嶙,1,ㄌㄧㄣˊ ㄌㄧㄣˊ
嶠嶼,1,ㄐㄧㄠˋ ㄩˇ
嶢屼,1,ㄧㄠˊ ㄨˋ
嶢崎,1,ㄧㄠˊ ㄑㄧˊ
嶢崢,1,ㄧㄠˊ ㄓㄥ
嶢嶢,1,ㄧㄠˊ ㄧㄠˊ
嶢關,1,ㄧㄠˊ ㄍㄨㄢ
嶧山,1,ㄧˋ ㄕㄢ
嶮介,1,ㄒㄧㄢˇ ㄐㄧㄝˋ
嶮峻,1,ㄒㄧㄢˇ ㄐㄩㄣˋ
嶮巇,1,ㄒㄧㄢˇ ㄒㄧ
嶮澀,1,ㄒㄧㄢˇ ㄙㄜˋ
嶰谷,1,ㄒㄧㄝˋ ㄍㄨˇ
嶷岌,1,ㄋㄧˋ ㄐㄧˊ
嶷嶷,1,ㄋㄧˋ ㄋㄧˋ
嶷然,1,ㄋㄧˋ ㄖㄢˊ
嶸嶸,1,ㄖㄨㄥˊ ㄖㄨㄥˊ
嶺表,1,ㄌㄧㄥˇ ㄅㄧㄠˇ
嶽公,1,ㄩㄝˋ ㄍㄨㄥ
嶽廟,1,ㄩㄝˋ ㄇㄧㄠˋ
嶽立,1,ㄩㄝˋ ㄌㄧˋ
嶾嶙,1,ㄧㄣˇ ㄌㄧㄣˊ
巃嵷,1,ㄌㄨㄥˊ ㄗㄨㄥ
巇嶮,1,ㄒㄧ ㄒㄧㄢˇ
巉岏,1,ㄔㄢˊ ㄨㄢˊ
巉岩,1,ㄔㄢˊ ㄧㄢˊ
巉峭,1,ㄔㄢˊ ㄑㄧㄠˋ
巉峻,1,ㄔㄢˊ ㄐㄩㄣˋ
巉崖,1,ㄔㄢˊ ㄧㄞˊ
巉巉,1,ㄔㄢˊ ㄔㄢˊ
巋然,1,ㄎㄨㄟ ㄖㄢˊ
巍科,1,ㄨㄟˊ ㄎㄜ
巔崖,1,ㄉㄧㄢ ㄧㄞˊ
巔疾,1,ㄉㄧㄢ ㄐㄧˊ
巔越,1,ㄉㄧㄢ ㄩㄝˋ
巖巉,1,ㄧㄢˊ ㄔㄢˊ
巖巖,1,ㄧㄢˊ ㄧㄢˊ
巖徼,1,ㄧㄢˊ ㄐㄧㄠˋ
巖邑,1,ㄧㄢˊ ㄧˋ
巖郎,1,ㄧㄢˊ ㄌㄤˊ
巖阻,1,ㄧㄢˊ ㄗㄨˇ
巖陛,1,ㄧㄢˊ ㄅㄧˋ
巘巘,1,ㄧㄢˇ ㄧㄢˇ
川劇,1,ㄔㄨㄢ ㄐㄩˋ
川后,1,ㄔㄨㄢ ㄏㄡˋ
川土,1,ㄔㄨㄢ ㄊㄨˇ
川崎,1,ㄔㄨㄢ ㄑㄧˊ
川柳,1,ㄔㄨㄢ ㄌㄧㄡˇ
川椒,1,ㄔㄨㄢ ㄐㄧㄠ
川澤,1,ㄔㄨㄢ ㄗㄜˊ
川瀆,1,ㄔㄨㄢ ㄉㄨˊ
川穀,1,ㄔㄨㄢ ㄍㄨˇ
川費,1,ㄔㄨㄢ ㄈㄟˋ
川連,1,ㄔㄨㄢ ㄌㄧㄢˊ
川陸,1,ㄔㄨㄢ ㄌㄨˋ
州伯,1,ㄓㄡ ㄅㄛˊ
州判,1,ㄓㄡ ㄆㄢˋ
州同,1,ㄓㄡ ㄊㄨㄥˊ
州學,1,ㄓㄡ ㄒㄩㄝˊ
州閭,1,ㄓㄡ ㄌㄩˊ
巡兵,1,ㄒㄩㄣˊ ㄅㄧㄥ
巡商,1,ㄒㄩㄣˊ ㄕㄤ
巡問,1,ㄒㄩㄣˊ ㄨㄣˋ
巡堂,1,ㄒㄩㄣˊ ㄊㄤˊ
巡守,1,ㄒㄩㄣˊ ㄕㄡˇ
巡杯,1,ㄒㄩㄣˊ ㄅㄟ
巡狩,1,ㄒㄩㄣˊ ㄕㄡˋ
巡綽,1,ㄒㄩㄣˊ ㄔㄨㄛˋ
巡訪,1,ㄒㄩㄣˊ ㄈㄤˇ
巡診,1,ㄒㄩㄣˊ ㄓㄣˇ
巡軍,1,ㄒㄩㄣˊ ㄐㄩㄣ
巡逴,1,ㄒㄩㄣˊ ㄔㄨㄛˋ
巡鋪,1,ㄒㄩㄣˊ ㄆㄨˋ
巡靖,1,ㄒㄩㄣˊ ㄐㄧㄥˋ
巡風,1,ㄒㄩㄣˊ ㄈㄥ
巢父,1,ㄔㄠˊ ㄈㄨˇ
巢礎,1,ㄔㄠˊ ㄔㄨˇ
巢窩,1,ㄔㄠˊ ㄨㄛ
巢箱,1,ㄔㄠˊ ㄒㄧㄤ
巢車,1,ㄔㄠˊ ㄔㄜ
巢鼠,1,ㄔㄠˊ ㄕㄨˇ
工倕,1,ㄍㄨㄥ ㄔㄨㄟˊ
工夫,1,ㄍㄨㄥ ㄈㄨ˙
工女,1,ㄍㄨㄥ ㄋㄩˇ
工尺,1,ㄍㄨㄥ ㄔㄜˇ
工師,1,ㄍㄨㄥ ㄕ
工徒,1,ㄍㄨㄥ ㄊㄨˊ
工拙,1,ㄍㄨㄥ ㄓㄨㄛˊ
工架,1,ㄍㄨㄥ ㄐㄧㄚˋ
工棚,1,ㄍㄨㄥ ㄆㄥˊ
工楷,1,ㄍㄨㄥ ㄎㄞˇ
工模,1,ㄍㄨㄥ ㄇㄛˊ
工正,1,ㄍㄨㄥ ㄓㄥˋ
工率,1,ㄍㄨㄥ ㄌㄩˋ
工用,1,ㄍㄨㄥ ㄩㄥˋ
工竣,1,ㄍㄨㄥ ㄐㄩㄣˋ
工緻,1,ㄍㄨㄥ ㄓˋ
工致,1,ㄍㄨㄥ ㄓˋ
工課,1,ㄍㄨㄥ ㄎㄜˋ
工賑,1,ㄍㄨㄥ ㄓㄣˋ
工關,1,ㄍㄨㄥ ㄍㄨㄢ
工食,1,ㄍㄨㄥ ㄕˊ
左丘,1,ㄗㄨㄛˇ ㄑㄧㄡ
左丞,1,ㄗㄨㄛˇ ㄔㄥˊ
左乙,1,ㄗㄨㄛˇ ㄧˇ
左使,1,ㄗㄨㄛˇ ㄕˇ
左列,1,ㄗㄨㄛˇ ㄌㄧㄝˋ
左史,1,ㄗㄨㄛˇ ㄕˇ
左契,1,ㄗㄨㄛˇ ㄑㄧˋ
左學,1,ㄗㄨㄛˇ ㄒㄩㄝˊ
左師,1,ㄗㄨㄛˇ ㄕ
左徒,1,ㄗㄨㄛˇ ㄊㄨˊ
左思,1,ㄗㄨㄛˇ ㄙ
左性,1,ㄗㄨㄛˇ ㄒㄧㄥ˙
左拉,1,ㄗㄨㄛˇ ㄌㄚ
左書,1,ㄗㄨㄛˇ ㄕㄨ
左江,1,ㄗㄨㄛˇ ㄐㄧㄤ
左湊,1,ㄗㄨㄛˇ ㄘㄡˋ
左猜,1,ㄗㄨㄛˇ ㄘㄞ
左獄,1,ㄗㄨㄛˇ ㄩˋ
左纛,1,ㄗㄨㄛˇ ㄉㄠˋ
左衽,1,ㄗㄨㄛˇ ㄖㄣˋ
左計,1,ㄗㄨㄛˇ ㄐㄧˋ
左證,1,ㄗㄨㄛˇ ㄓㄥˋ
左降,1,ㄗㄨㄛˇ ㄐㄧㄤˋ
巧丸,1,ㄑㄧㄠˇ ㄨㄢˊ
巧了,1,ㄑㄧㄠˇ ㄌㄜ˙
巧事,1,ㄑㄧㄠˇ ㄕˋ
巧作,1,ㄑㄧㄠˇ ㄗㄨㄛˋ
巧佞,1,ㄑㄧㄠˇ ㄋㄧㄥˋ
巧匠,1,ㄑㄧㄠˇ ㄐㄧㄤˋ
巧取,1,ㄑㄧㄠˇ ㄑㄩˇ
巧嘴,1,ㄑㄧㄠˇ ㄗㄨㄟˇ
巧夕,1,ㄑㄧㄠˇ ㄒㄧˋ
巧宦,1,ㄑㄧㄠˇ ㄏㄨㄢˋ
巧工,1,ㄑㄧㄠˇ ㄍㄨㄥ
巧拙,1,ㄑㄧㄠˇ ㄓㄨㄛˊ
巧故,1,ㄑㄧㄠˇ ㄍㄨˋ
巧曆,1,ㄑㄧㄠˇ ㄌㄧˋ
巧果,1,ㄑㄧㄠˇ ㄍㄨㄛˇ
巧笑,1,ㄑㄧㄠˇ ㄒㄧㄠˋ
巧舌,1,ㄑㄧㄠˇ ㄕㄜˊ
巧話,1,ㄑㄧㄠˇ ㄏㄨㄚˋ
巧說,1,ㄑㄧㄠˇ ㄕㄨㄛ
巧諛,1,ㄑㄧㄠˇ ㄩˊ
巨作,1,ㄐㄩˋ ㄗㄨㄛˋ
巨公,1,ㄐㄩˋ ㄍㄨㄥ
巨勛,1,ㄐㄩˋ ㄒㄩㄣ
巨商,1,ㄐㄩˋ ㄕㄤ
巨壑,1,ㄐㄩˋ ㄏㄨㄛˋ
巨室,1,ㄐㄩˋ ㄕˋ
巨川,1,ㄐㄩˋ ㄔㄨㄢ
巨棒,1,ㄐㄩˋ ㄅㄤˋ
巨海,1,ㄐㄩˋ ㄏㄞˇ
巨浸,1,ㄐㄩˋ ㄐㄧㄣˋ
巨港,1,ㄐㄩˋ ㄍㄤˇ
巨猾,1,ㄐㄩˋ ㄏㄨㄚˊ
巨猿,1,ㄐㄩˋ ㄩㄢˊ
巨盜,1,ㄐㄩˋ ㄉㄠˋ
巨眼,1,ㄐㄩˋ ㄧㄢˇ
巨碩,1,ㄐㄩˋ ㄕㄨㄛˋ
巨禍,1,ㄐㄩˋ ㄏㄨㄛˋ
巨萬,1,ㄐㄩˋ ㄨㄢˋ
巨蜥,1,ㄐㄩˋ ㄒㄧ
巨蠹,1,ㄐㄩˋ ㄉㄨˋ
巨觥,1,ㄐㄩˋ ㄍㄨㄥ
巨闕,1,ㄐㄩˋ ㄑㄩㄝˋ
巫咸,1,ㄨ ㄒㄧㄢˊ
巫峰,1,ㄨ ㄈㄥ
巫祝,1,ㄨ ㄓㄨˋ
巫覡,1,ㄨ ㄒㄧˊ
差事,1,ㄔㄚˋ ㄕˋ
差事,1,ㄔㄞ ㄕ˙
差人,1,ㄔㄚˋ ㄖㄣˊ
差分,1,ㄔㄚ ㄈㄣ
差勁,1,ㄔㄚˋ ㄐㄧㄣˋ
差品,1,ㄘ ㄆㄧㄣˇ
差失,1,ㄔㄚ ㄕ
差委,1,ㄔㄞ ㄨㄟˇ
差序,1,ㄘ ㄒㄩˋ
差忒,1,ㄔㄚ ㄊㄜˋ
差惡,1,ㄔㄚ ㄜˋ
差批,1,ㄔㄞ ㄆㄧ
差排,1,ㄔㄞ ㄆㄞˊ
差撥,1,ㄔㄞ ㄅㄛ
差數,1,ㄔㄚ ㄕㄨˋ
差次,1,ㄔㄚ ㄘˋ
差池,1,ㄘ ㄔˊ
差法,1,ㄔㄞ ㄈㄚˇ
差爭,1,ㄔㄚ ㄓㄥ
差發,1,ㄔㄞ ㄈㄚ
差眼,1,ㄔㄚˋ ㄧㄢˇ
差票,1,ㄔㄞ ㄆㄧㄠˋ
差等,1,ㄘ ㄉㄥˇ
差置,1,ㄔㄞ ㄓˋ
差肩,1,ㄘ ㄐㄧㄢ
差越,1,ㄔㄚ ㄩㄝˋ
差輪,1,ㄔㄞ ㄌㄨㄣˊ
差迭,1,ㄔㄚ ㄉㄧㄝˊ
差遲,1,ㄔㄚ ㄔˊ
差錢,1,ㄔㄞ ㄑㄧㄢˊ
差除,1,ㄔㄞ ㄔㄨˊ
己方,1,ㄐㄧˇ ㄈㄤ
已去,1,ㄧˇ ㄑㄩˋ
已決,1,ㄧˇ ㄐㄩㄝˊ
已甚,1,ㄧˇ ㄕㄣˋ
已矣,1,ㄧˇ ㄧˇ
巴丘,1,ㄅㄚ ㄑㄧㄡ
巴人,1,ㄅㄚ ㄖㄣˊ
巴先,1,ㄅㄚ ㄒㄧㄢ
巴利,1,ㄅㄚ ㄌㄧˋ
巴到,1,ㄅㄚ ㄉㄠˋ
巴剎,1,ㄅㄚ ㄔㄚˋ
巴力,1,ㄅㄚ ㄌㄧˋ
巴劫,1,ㄅㄚ ㄐㄧㄝ˙
巴嗤,1,ㄅㄚ ㄔ˙
巴圖,1,ㄅㄚ ㄊㄨˊ
巴子,1,ㄅㄚ ㄗ˙
巴峽,1,ㄅㄚ ㄒㄧㄚˊ
巴得,1,ㄅㄚ ㄉㄜˊ
巴想,1,ㄅㄚ ㄒㄧㄤˇ
巴拉,1,ㄅㄚ ㄌㄚ
巴拽,1,ㄅㄚ ㄓㄨㄞˋ
巴掌,1,ㄅㄚ ㄓㄤ˙
巴攀,1,ㄅㄚ ㄆㄢ
巴攔,1,ㄅㄚ ㄌㄢˊ
巴攬,1,ㄅㄚ ㄌㄢˇ
巴斗,1,ㄅㄚ ㄉㄡˇ
巴斯,1,ㄅㄚ ㄙ
巴東,1,ㄅㄚ ㄉㄨㄥ
巴柄,1,ㄅㄚ ㄅㄧㄥˇ
巴棍,1,ㄅㄚ ㄍㄨㄣˋ
巴水,1,ㄅㄚ ㄕㄨㄟˇ
巴江,1,ㄅㄚ ㄐㄧㄤ
巴河,1,ㄅㄚ ㄏㄜˊ
巴漢,1,ㄅㄚ ㄏㄢˋ
巴烏,1,ㄅㄚ ㄨ
巴爾,1,ㄅㄚ ㄦˇ
巴答,1,ㄅㄚ ㄉㄚ
巴結,1,ㄅㄚ ㄐㄧㄝ˙
巴統,1,ㄅㄚ ㄊㄨㄥˇ
巴縣,1,ㄅㄚ ㄒㄧㄢˋ
巴臂,1,ㄅㄚ ㄅㄧˋ
巴船,1,ㄅㄚ ㄔㄨㄢˊ
巴菽,1,ㄅㄚ ㄕㄨˊ
巴著,1,ㄅㄚ ㄓㄠˊ
巴蕾,1,ㄅㄚ ㄌㄟˇ
巴蛇,1,ㄅㄚ ㄕㄜˊ
巴蛾,1,ㄅㄚ ㄜˊ
巴蜀,1,ㄅㄚ ㄕㄨˇ
巴解,1,ㄅㄚ ㄐㄧㄝˇ
巴謾,1,ㄅㄚ ㄇㄢˋ
巴鏝,1,ㄅㄚ ㄇㄢˋ
巴鹽,1,ㄅㄚ ㄧㄢˊ
巴鼻,1,ㄅㄚ ㄅㄧˊ
巷伯,1,ㄒㄧㄤˋ ㄅㄛˊ
巷哭,1,ㄒㄧㄤˋ ㄎㄨ
巷弄,1,ㄒㄧㄤˋ ㄌㄨㄥˋ
巷歌,1,ㄒㄧㄤˋ ㄍㄜ
巷祭,1,ㄒㄧㄤˋ ㄐㄧˋ
巷職,1,ㄒㄧㄤˋ ㄓˊ
巹席,1,ㄐㄧㄣˇ ㄒㄧˊ
巹筵,1,ㄐㄧㄣˇ ㄧㄢˊ
巽二,1,ㄒㄩㄣˋ ㄦˋ
巽令,1,ㄒㄩㄣˋ ㄌㄧㄥˋ
巽言,1,ㄒㄩㄣˋ ㄧㄢˊ
巾冠,1,ㄐㄧㄣ ㄍㄨㄢ
巾幘,1,ㄐㄧㄣ ㄗㄜˊ
巾服,1,ㄐㄧㄣ ㄈㄨˊ
巾櫛,1,ㄐㄧㄣ ㄐㄧㄝˊ
巾舞,1,ㄐㄧㄣ ㄨˇ
巾車,1,ㄐㄧㄣ ㄐㄩ
市人,1,ㄕˋ ㄖㄣˊ
市俗,1,ㄕˋ ㄙㄨˊ
市平,1,ㄕˋ ㄆㄧㄥˊ
市廛,1,ㄕˋ ㄔㄢˊ
市招,1,ㄕˋ ㄓㄠ
市曹,1,ㄕˋ ㄘㄠˊ
市朝,1,ㄕˋ ㄔㄠˊ
市歡,1,ㄕˋ ㄏㄨㄢ
市肆,1,ㄕˋ ㄙˋ
市花,1,ㄕˋ ㄏㄨㄚ
市虎,1,ㄕˋ ㄏㄨˇ
市街,1,ㄕˋ ㄐㄧㄝ
市語,1,ㄕˋ ㄩˇ
市鑰,1,ㄕˋ ㄧㄠˋ
市隱,1,ㄕˋ ㄧㄣˇ
市食,1,ㄕˋ ㄕˊ
市駿,1,ㄕˋ ㄐㄩㄣˋ
布丹,1,ㄅㄨˋ ㄉㄢ
布列,1,ㄅㄨˋ ㄌㄧㄝˋ
布合,1,ㄅㄨˋ ㄏㄜˊ
布婚,1,ㄅㄨˋ ㄏㄨㄣ
布寧,1,ㄅㄨˋ ㄋㄧㄥˊ
布帆,1,ㄅㄨˋ ㄈㄢˊ
布帘,1,ㄅㄨˋ ㄌㄧㄢˊ
布德,1,ㄅㄨˋ ㄉㄜˊ
布慈,1,ㄅㄨˋ ㄘˊ
布憲,1,ㄅㄨˋ ㄒㄧㄢˋ
布擺,1,ㄅㄨˋ ㄅㄞˇ
布政,1,ㄅㄨˋ ㄓㄥˋ
布教,1,ㄅㄨˋ ㄐㄧㄠˋ
布散,1,ㄅㄨˋ ㄙㄢˋ
布望,1,ㄅㄨˋ ㄨㄤˋ
布樁,1,ㄅㄨˋ ㄓㄨㄤ
布氣,1,ㄅㄨˋ ㄑㄧˋ
布水,1,ㄅㄨˋ ㄕㄨㄟˇ
布濩,1,ㄅㄨˋ ㄏㄨㄛˋ
布爾,1,ㄅㄨˋ ㄦˇ
布白,1,ㄅㄨˋ ㄅㄞˊ
布算,1,ㄅㄨˋ ㄙㄨㄢˋ
布素,1,ㄅㄨˋ ㄙㄨˋ
布縵,1,ㄅㄨˋ ㄇㄢˋ
布署,1,ㄅㄨˋ ㄕㄨˋ
布耳,1,ㄅㄨˋ ㄦˇ
布臆,1,ㄅㄨˋ ㄧˋ
布色,1,ㄅㄨˋ ㄙㄜˋ
布荊,1,ㄅㄨˋ ㄐㄧㄥ
布莊,1,ㄅㄨˋ ㄓㄨㄤ
布菜,1,ㄅㄨˋ ㄘㄞˋ
布葉,1,ㄅㄨˋ ㄧㄝˋ
布薩,1,ㄅㄨˋ ㄙㄚˋ
布被,1,ㄅㄨˋ ㄅㄟˋ
布褐,1,ㄅㄨˋ ㄏㄜˊ
布覆,1,ㄅㄨˋ ㄈㄨˋ
布貨,1,ㄅㄨˋ ㄏㄨㄛˋ
布道,1,ㄅㄨˋ ㄉㄠˋ
布達,1,ㄅㄨˋ ㄉㄚˊ
布雪,1,ㄅㄨˋ ㄒㄩㄝˇ
帆幔,1,ㄈㄢˊ ㄇㄢˋ
帆影,1,ㄈㄢˊ ㄧㄥˇ
帆柱,1,ㄈㄢˊ ㄓㄨˋ
希企,1,ㄒㄧ ㄑㄧˋ
希光,1,ㄒㄧ ㄍㄨㄤ
希古,1,ㄒㄧ ㄍㄨˇ
希夷,1,ㄒㄧ ㄧˊ
希微,1,ㄒㄧ ㄨㄟˊ
希爛,1,ㄒㄧ ㄌㄢˋ
希聖,1,ㄒㄧ ㄕㄥˋ
希聲,1,ㄒㄧ ㄕㄥ
希行,1,ㄒㄧ ㄒㄧㄥˊ
希詫,1,ㄒㄧ ㄔㄚˋ
希風,1,ㄒㄧ ㄈㄥ
帑廥,1,ㄊㄤˇ ㄎㄨㄞˋ
帑項,1,ㄊㄤˇ ㄒㄧㄤˋ
帕腹,1,ㄆㄚˋ ㄈㄨˋ
帕頭,1,ㄆㄚˋ ㄊㄡˊ
帕首,1,ㄆㄚˋ ㄕㄡˇ
帖伏,1,ㄊㄧㄝ ㄈㄨˊ
帖學,1,ㄊㄧㄝˋ ㄒㄩㄝˊ
帖帖,1,ㄊㄧㄝ ㄊㄧㄝ
帖息,1,ㄊㄧㄝ ㄒㄧˊ
帖括,1,ㄊㄧㄝˋ ㄍㄨㄚ
帖然,1,ㄊㄧㄝ ㄖㄢˊ
帖耳,1,ㄊㄧㄝ ㄦˇ
帖騎,1,ㄊㄧㄝ ㄑㄧˊ
帗舞,1,ㄈㄨˊ ㄨˇ
帘幕,1,ㄌㄧㄢˊ ㄇㄨˋ
帚星,1,ㄓㄡˇ ㄒㄧㄥ
帛丸,1,ㄅㄛˊ ㄨㄢˊ
帛書,1,ㄅㄛˊ ㄕㄨ
帛畫,1,ㄅㄛˊ ㄏㄨㄚˋ
帝京,1,ㄉㄧˋ ㄐㄧㄥ
帝力,1,ㄉㄧˋ ㄌㄧˋ
帝命,1,ㄉㄧˋ ㄇㄧㄥˋ
帝嚳,1,ㄉㄧˋ ㄎㄨˋ
帝堯,1,ㄉㄧˋ ㄧㄠˊ
帝女,1,ㄉㄧˋ ㄋㄩˇ
帝妃,1,ㄉㄧˋ ㄈㄟ
帝宮,1,ㄉㄧˋ ㄍㄨㄥ
帝居,1,ㄉㄧˋ ㄐㄩ
帝師,1,ㄉㄧˋ ㄕ
帝庭,1,ㄉㄧˋ ㄊㄧㄥˊ
帝德,1,ㄉㄧˋ ㄉㄜˊ
帝星,1,ㄉㄧˋ ㄒㄧㄥ
帝皇,1,ㄉㄧˋ ㄏㄨㄤˊ
帝祚,1,ㄉㄧˋ ㄗㄨㄛˋ
帝虎,1,ㄉㄧˋ ㄏㄨˇ
帝道,1,ㄉㄧˋ ㄉㄠˋ
帝都,1,ㄉㄧˋ ㄉㄨ
帝鄉,1,ㄉㄧˋ ㄒㄧㄤ
帝閽,1,ㄉㄧˋ ㄏㄨㄣ
帝闕,1,ㄉㄧˋ ㄑㄩㄝˋ
帡幪,1,ㄆㄧㄥˊ ㄇㄥˊ
帢帽,1,ㄑㄧㄚˋ ㄇㄠˋ
帥令,1,ㄕㄨㄞˋ ㄌㄧㄥˋ
帨樽,1,ㄕㄨㄟˋ ㄗㄨㄣ
帨縭,1,ㄕㄨㄟˋ ㄌㄧˊ
帨辰,1,ㄕㄨㄟˋ ㄔㄣˊ
帩頭,1,ㄑㄧㄠˋ ㄊㄡˊ
師人,1,ㄕ ㄖㄣˊ
師伯,1,ㄕ ㄅㄛˊ
師保,1,ㄕ ㄅㄠˇ
師公,1,ㄕ ㄍㄨㄥ
師叔,1,ㄕ ㄕㄨˊ
師古,1,ㄕ ㄍㄨˇ
師娘,1,ㄕ ㄋㄧㄤˊ
師婆,1,ㄕ ㄆㄛˊ
師家,1,ㄕ ㄐㄧㄚ
師尹,1,ㄕ ㄧㄣˇ
師尼,1,ㄕ ㄋㄧˊ
師工,1,ㄕ ㄍㄨㄥ
師帥,1,ㄕ ㄕㄨㄞˋ
師師,1,ㄕ ㄕ
師心,1,ㄕ ㄒㄧㄣ
師曠,1,ㄕ ㄎㄨㄤˋ
師氏,1,ㄕ ㄕˋ
師父,1,ㄕ ㄈㄨ˙
師爺,1,ㄕ ㄧㄝ˙
師襄,1,ㄕ ㄒㄧㄤ
師訓,1,ㄕ ㄒㄩㄣˋ
席上,1,ㄒㄧˊ ㄕㄤˋ
席勝,1,ㄒㄧˊ ㄕㄥˋ
席卷,1,ㄒㄧˊ ㄐㄩㄢˇ
席坐,1,ㄒㄧˊ ㄗㄨㄛˋ
席寵,1,ㄒㄧˊ ㄔㄨㄥˇ
席屋,1,ㄒㄧˊ ㄨ
席帽,1,ㄒㄧˊ ㄇㄠˋ
席珍,1,ㄒㄧˊ ㄓㄣ
席篾,1,ㄒㄧˊ ㄇㄧㄝˋ
席面,1,ㄒㄧˊ ㄇㄧㄢ˙
帳下,1,ㄓㄤˋ ㄒㄧㄚˋ
帳紋,1,ㄓㄤˋ ㄨㄣˊ
帳飲,1,ㄓㄤˋ ㄧㄣˇ
帶俸,1,ㄉㄞˋ ㄈㄥˋ
帶取,1,ㄉㄞˋ ㄑㄩˇ
帶口,1,ㄉㄞˋ ㄎㄡˇ
帶同,1,ㄉㄞˋ ㄊㄨㄥˊ
帶圍,1,ㄉㄞˋ ㄨㄟˊ
帶徵,1,ㄉㄞˋ ㄓㄥ
帶怨,1,ㄉㄞˋ ㄩㄢˋ
帶憂,1,ㄉㄞˋ ㄧㄡ
帶手,1,ㄉㄞˋ ㄕㄡˇ
帶打,1,ㄉㄞˋ ㄉㄚˇ
帶挈,1,ㄉㄞˋ ㄑㄧㄝˋ
帶挾,1,ㄉㄞˋ ㄐㄧㄚˊ
帶教,1,ㄉㄞˋ ㄐㄧㄠ
帶月,1,ㄉㄞˋ ㄩㄝˋ
帶案,1,ㄉㄞˋ ㄢˋ
帶水,1,ㄉㄞˋ ㄕㄨㄟˇ
帶甲,1,ㄉㄞˋ ㄐㄧㄚˇ
帶眼,1,ㄉㄞˋ ㄧㄢˇ
帶礪,1,ㄉㄞˋ ㄌㄧˋ
帶神,1,ㄉㄞˋ ㄕㄣˊ
帶笏,1,ㄉㄞˋ ㄏㄨˋ
帶笑,1,ㄉㄞˋ ㄒㄧㄠˋ
帶累,1,ㄉㄞˋ ㄌㄟˇ
帶聲,1,ㄉㄞˋ ㄕㄥ
帶草,1,ㄉㄞˋ ㄘㄠˇ
帶鉤,1,ㄉㄞˋ ㄍㄡ
帶音,1,ㄉㄞˋ ㄧㄣ
帷扆,1,ㄨㄟˊ ㄧ
帷扆,1,ㄨㄟˊ ㄧˇ
帷蓋,1,ㄨㄟˊ ㄍㄞˋ
帷薄,1,ㄨㄟˊ ㄅㄛˊ
帷裳,1,ㄨㄟˊ ㄔㄤˊ
常久,1,ㄔㄤˊ ㄐㄧㄡˇ
常乳,1,ㄔㄤˊ ㄖㄨˇ
常住,1,ㄔㄤˊ ㄓㄨˋ
常侍,1,ㄔㄤˊ ㄕˋ
常便,1,ㄔㄤˊ ㄅㄧㄢˋ
常倫,1,ㄔㄤˊ ㄌㄨㄣˊ
常刑,1,ㄔㄤˊ ㄒㄧㄥˊ
常則,1,ㄔㄤˊ ㄗㄜˊ
常娥,1,ㄔㄤˊ ㄜˊ
常度,1,ㄔㄤˊ ㄉㄨˋ
常建,1,ㄔㄤˊ ㄐㄧㄢˋ
常日,1,ㄔㄤˊ ㄖˋ
常棣,1,ㄔㄤˊ ㄉㄧˋ
常模,1,ㄔㄤˊ ㄇㄛˊ
常步,1,ㄔㄤˊ ㄅㄨˋ
常武,1,ㄔㄤˊ ㄨˇ
常法,1,ㄔㄤˊ ㄈㄚˇ
常產,1,ㄔㄤˊ ㄔㄢˇ
常經,1,ㄔㄤˊ ㄐㄧㄥ
常行,1,ㄔㄤˊ ㄒㄧㄥˊ
常衡,1,ㄔㄤˊ ㄏㄥˊ
常語,1,ㄔㄤˊ ㄩˇ
常賣,1,ㄔㄤˊ ㄇㄞˋ
帽盔,1,ㄇㄠˋ ㄎㄨㄟ
帽簾,1,ㄇㄠˋ ㄌㄧㄢˊ
帽耳,1,ㄇㄠˋ ㄦˇ
帽花,1,ㄇㄠˋ ㄏㄨㄚ
幃屏,1,ㄨㄟˊ ㄆㄧㄥˊ
幃帳,1,ㄨㄟˊ ㄓㄤˋ
幃幄,1,ㄨㄟˊ ㄨㄛˋ
幃幔,1,ㄨㄟˊ ㄇㄢˋ
幅巾,1,ㄈㄨˊ ㄐㄧㄣ
幅面,1,ㄈㄨˊ ㄇㄧㄢˋ
幎目,1,ㄇㄧˋ ㄇㄨˋ
幔亭,1,ㄇㄢˋ ㄊㄧㄥˊ
幔子,1,ㄇㄢˋ ㄗ˙
幔室,1,ㄇㄢˋ ㄕˋ
幔帳,1,ㄇㄢˋ ㄓㄤˋ
幕上,1,ㄇㄨˋ ㄕㄤˋ
幕友,1,ㄇㄨˋ ㄧㄡˇ
幕員,1,ㄇㄨˋ ㄩㄢˊ
幕士,1,ㄇㄨˋ ㄕˋ
幕竿,1,ㄇㄨˋ ㄍㄢ
幕職,1,ㄇㄨˋ ㄓˊ
幕賓,1,ㄇㄨˋ ㄅㄧㄣ
幕道,1,ㄇㄨˋ ㄉㄠˋ
幗匪,1,ㄍㄨㄛˊ ㄈㄟˇ
幘巾,1,ㄗㄜˊ ㄐㄧㄣ
幛光,1,ㄓㄤˋ ㄍㄨㄤ
幝幝,1,ㄔㄢˇ ㄔㄢˇ
幡信,1,ㄈㄢ ㄒㄧㄣˋ
幡布,1,ㄈㄢ ㄅㄨˋ
幡幡,1,ㄈㄢ ㄈㄢ
幡蓋,1,ㄈㄢ ㄍㄞˋ
幢節,1,ㄔㄨㄤˊ ㄐㄧㄝˊ
幢蓋,1,ㄔㄨㄤˊ ㄍㄞˋ
幢隊,1,ㄔㄨㄤˊ ㄉㄨㄟˋ
幢麾,1,ㄔㄨㄤˊ ㄏㄨㄟ
幣物,1,ㄅㄧˋ ㄨˋ
幣貢,1,ㄅㄧˋ ㄍㄨㄥˋ
幪幪,1,ㄇㄥˇ ㄇㄥˇ
幫丁,1,ㄅㄤ ㄉㄧㄥ
幫亂,1,ㄅㄤ ㄌㄨㄢˋ
幫伙,1,ㄅㄤ ㄏㄨㄛˇ
幫住,1,ㄅㄤ ㄓㄨˋ
幫冬,1,ㄅㄤ ㄉㄨㄥ
幫別,1,ㄅㄤ ㄅㄧㄝˊ
幫匪,1,ㄅㄤ ㄈㄟˇ
幫口,1,ㄅㄤ ㄎㄡˇ
幫嘴,1,ㄅㄤ ㄗㄨㄟˇ
幫夥,1,ㄅㄤ ㄏㄨㄛˇ
幫套,1,ㄅㄤ ㄊㄠˋ
幫寸,1,ㄅㄤ ㄘㄨㄣˋ
幫帖,1,ㄅㄤ ㄊㄧㄝˇ
幫廚,1,ㄅㄤ ㄔㄨˊ
幫教,1,ㄅㄤ ㄐㄧㄠˋ
幫湊,1,ㄅㄤ ㄘㄡˋ
幫班,1,ㄅㄤ ㄅㄢ
幫興,1,ㄅㄤ ㄒㄧㄥˋ
幫貧,1,ㄅㄤ ㄆㄧㄣˊ
幰弩,1,ㄒㄧㄢˇ ㄋㄨˇ
干仕,1,ㄍㄢ ㄕˋ
干伏,1,ㄍㄢ ㄈㄨˊ
干呆,1,ㄍㄢ ㄉㄞ
干城,1,ㄍㄢ ㄔㄥˊ
干寶,1,ㄍㄢ ㄅㄠˇ
干惹,1,ㄍㄢ ㄖㄜˇ
干戚,1,ㄍㄢ ㄑㄧ
干旄,1,ㄍㄢ ㄇㄠˊ
干櫓,1,ㄍㄢ ㄌㄨˇ
干求,1,ㄍㄢ ㄑㄧㄡˊ
干澤,1,ㄍㄢ ㄗㄜˊ
干瀆,1,ㄍㄢ ㄉㄨˊ
干礙,1,ㄍㄢ ㄞˋ
干祿,1,ㄍㄢ ㄌㄨˋ
干紀,1,ㄍㄢ ㄐㄧˋ
干累,1,ㄍㄢ ㄌㄟˋ
干結,1,ㄍㄢ ㄐㄧㄝˊ
干罰,1,ㄍㄢ ㄈㄚˊ
干罷,1,ㄍㄢ ㄅㄚˋ
干羽,1,ㄍㄢ ㄩˇ
干請,1,ㄍㄢ ㄑㄧㄥˇ
干謁,1,ㄍㄢ ㄧㄝˋ
干證,1,ㄍㄢ ㄓㄥˋ
干譽,1,ㄍㄢ ㄩˋ
干連,1,ㄍㄢ ㄌㄧㄢˊ
干進,1,ㄍㄢ ㄐㄧㄣˋ
干雲,1,ㄍㄢ ㄩㄣˊ
干鳥,1,ㄍㄢ ㄋㄧㄠˇ
干黷,1,ㄍㄢ ㄉㄨˊ
平世,1,ㄆㄧㄥˊ ㄕˋ
平交,1,ㄆㄧㄥˊ ㄐㄧㄠ
平人,1,ㄆㄧㄥˊ ㄖㄣˊ
平伏,1,ㄆㄧㄥˊ ㄈㄨˊ
平伸,1,ㄆㄧㄥˊ ㄕㄣ
平作,1,ㄆㄧㄥˊ ㄗㄨㄛˋ
平列,1,ㄆㄧㄥˊ ㄌㄧㄝˋ
平半,1,ㄆㄧㄥˊ ㄅㄢˋ
平善,1,ㄆㄧㄥˊ ㄕㄢˋ
平夷,1,ㄆㄧㄥˊ ㄧˊ
平妥,1,ㄆㄧㄥˊ ㄊㄨㄛˇ
平寇,1,ㄆㄧㄥˊ ㄎㄡˋ
平寧,1,ㄆㄧㄥˊ ㄋㄧㄥˊ
平居,1,ㄆㄧㄥˊ ㄐㄩ
平屋,1,ㄆㄧㄥˊ ㄨ
平帖,1,ㄆㄧㄥˊ ㄊㄧㄝ
平康,1,ㄆㄧㄥˊ ㄎㄤ
平抬,1,ㄆㄧㄥˊ ㄊㄞˊ
平撇,1,ㄆㄧㄥˊ ㄆㄧㄝˇ
平撫,1,ㄆㄧㄥˊ ㄈㄨˇ
平文,1,ㄆㄧㄥˊ ㄨㄣˊ
平旦,1,ㄆㄧㄥˊ ㄉㄢˋ
平明,1,ㄆㄧㄥˊ ㄇㄧㄥˊ
平昔,1,ㄆㄧㄥˊ ㄒㄧˊ
平服,1,ㄆㄧㄥˊ ㄈㄨˊ
平梁,1,ㄆㄧㄥˊ ㄌㄧㄤˊ
平楚,1,ㄆㄧㄥˊ ㄔㄨˇ
平槽,1,ㄆㄧㄥˊ ㄘㄠˊ
平樂,1,ㄆㄧㄥˊ ㄌㄜˋ
平橋,1,ㄆㄧㄥˊ ㄑㄧㄠˊ
平毀,1,ㄆㄧㄥˊ ㄏㄨㄟˇ
平水,1,ㄆㄧㄥˊ ㄕㄨㄟˇ
平治,1,ㄆㄧㄥˊ ㄓˋ
平沽,1,ㄆㄧㄥˊ ㄍㄨ
平津,1,ㄆㄧㄥˊ ㄐㄧㄣ
平疇,1,ㄆㄧㄥˊ ㄔㄡˊ
平皋,1,ㄆㄧㄥˊ ㄍㄠ
平秩,1,ㄆㄧㄥˊ ㄓˋ
平章,1,ㄆㄧㄢˊ ㄓㄤ
平章,1,ㄆㄧㄥˊ ㄓㄤ
平糴,1,ㄆㄧㄥˊ ㄉㄧˊ
平糶,1,ㄆㄧㄥˊ ㄊㄧㄠˋ
平胡,1,ㄆㄧㄥˊ ㄏㄨˊ
平脈,1,ㄆㄧㄥˊ ㄇㄞˋ
平色,1,ㄆㄧㄥˊ ㄙㄜˋ
平莽,1,ㄆㄧㄥˊ ㄇㄤˇ
平蕪,1,ㄆㄧㄥˊ ㄨˊ
平衍,1,ㄆㄧㄥˊ ㄧㄢˇ
平表,1,ㄆㄧㄥˊ ㄅㄧㄠˇ
平補,1,ㄆㄧㄥˊ ㄅㄨˇ
平調,1,ㄆㄧㄥˊ ㄊㄧㄠˊ
平足,1,ㄆㄧㄥˊ ㄗㄨˊ
平蹉,1,ㄆㄧㄥˊ ㄘㄨㄛ
平通,1,ㄆㄧㄥˊ ㄊㄨㄥ
平郵,1,ㄆㄧㄥˊ ㄧㄡˊ
平量,1,ㄆㄧㄥˊ ㄌㄧㄤˊ
平金,1,ㄆㄧㄥˊ ㄐㄧㄣ
平釘,1,ㄆㄧㄥˊ ㄉㄧㄥˋ
平鉋,1,ㄆㄧㄥˊ ㄅㄠˋ
平鋪,1,ㄆㄧㄥˊ ㄆㄨ
平鎮,1,ㄆㄧㄥˊ ㄓㄣˋ
平阜,1,ㄆㄧㄥˊ ㄈㄨˋ
平陸,1,ㄆㄧㄥˊ ㄌㄨˋ
平雕,1,ㄆㄧㄥˊ ㄉㄧㄠ
平靖,1,ㄆㄧㄥˊ ㄐㄧㄥˋ
平韻,1,ㄆㄧㄥˊ ㄩㄣˋ
年下,1,ㄋㄧㄢˊ ㄒㄧㄚ˙
年伯,1,ㄋㄧㄢˊ ㄅㄛˊ
年例,1,ㄋㄧㄢˊ ㄌㄧˋ
年兄,1,ㄋㄧㄢˊ ㄒㄩㄥ
年功,1,ㄋㄧㄢˊ ㄍㄨㄥ
年勞,1,ㄋㄧㄢˊ ㄌㄠˊ
年命,1,ㄋㄧㄢˊ ㄇㄧㄥˋ
年姪,1,ㄋㄧㄢˊ ㄓˊ
年宦,1,ㄋㄧㄢˊ ㄏㄨㄢˋ
年家,1,ㄋㄧㄢˊ ㄐㄧㄚ
年幾,1,ㄋㄧㄢˊ ㄐㄧˇ
年弟,1,ㄋㄧㄢˊ ㄉㄧˋ
年忌,1,ㄋㄧㄢˊ ㄐㄧˋ
年成,1,ㄋㄧㄢˊ ㄔㄥ˙
年把,1,ㄋㄧㄢˊ ㄅㄚˇ
年晚,1,ㄋㄧㄢˊ ㄨㄢˇ
年月,1,ㄋㄧㄢˊ ㄩㄝ˙
年朽,1,ㄋㄧㄢˊ ㄒㄧㄡˇ
年歉,1,ㄋㄧㄢˊ ㄑㄧㄢˋ
年班,1,ㄋㄧㄢˊ ㄅㄢ
年甲,1,ㄋㄧㄢˊ ㄐㄧㄚˇ
年登,1,ㄋㄧㄢˊ ㄉㄥ
年祚,1,ㄋㄧㄢˊ ㄗㄨㄛˋ
年程,1,ㄋㄧㄢˊ ㄔㄥ˙
年穀,1,ㄋㄧㄢˊ ㄍㄨˇ
年臘,1,ㄋㄧㄢˊ ㄌㄚˋ
年臺,1,ㄋㄧㄢˊ ㄊㄞˊ
年誼,1,ㄋㄧㄢˊ ㄧˋ
年貌,1,ㄋㄧㄢˊ ㄇㄠˋ
年輩,1,ㄋㄧㄢˊ ㄅㄟˋ
年集,1,ㄋㄧㄢˊ ㄐㄧˊ
年饉,1,ㄋㄧㄢˊ ㄐㄧㄣˇ
并兼,1,ㄅㄧㄥˋ ㄐㄧㄢ
并刀,1,ㄅㄧㄥ ㄉㄠ
并包,1,ㄅㄧㄥˋ ㄅㄠ
并州,1,ㄅㄧㄥ ㄓㄡ
并日,1,ㄅㄧㄥˋ ㄖˋ
并網,1,ㄅㄧㄥˋ ㄨㄤˇ
并迭,1,ㄅㄧㄥˋ ㄉㄧㄝˊ
并邦,1,ㄅㄧㄥ ㄅㄤ
幸位,1,ㄒㄧㄥˋ ㄨㄟˋ
幸倡,1,ㄒㄧㄥˋ ㄔㄤ
幸得,1,ㄒㄧㄥˋ ㄉㄜˊ
幸民,1,ㄒㄧㄥˋ ㄇㄧㄣˊ
幸然,1,ㄒㄧㄥˋ ㄖㄢˊ
幸童,1,ㄒㄧㄥˋ ㄊㄨㄥˊ
幸臣,1,ㄒㄧㄥˋ ㄔㄣˊ
幸蒙,1,ㄒㄧㄥˋ ㄇㄥˊ
幸逢,1,ㄒㄧㄥˋ ㄈㄥˊ
幸進,1,ㄒㄧㄥˋ ㄐㄧㄣˋ
幹了,1,ㄍㄢˋ ㄌㄧㄠˇ
幹人,1,ㄍㄢˋ ㄖㄣˊ
幹吏,1,ㄍㄢˋ ㄌㄧˋ
幹家,1,ㄍㄢˋ ㄐㄧㄚ
幹將,1,ㄍㄢˋ ㄐㄧㄤˋ
幹渠,1,ㄍㄢˋ ㄑㄩˊ
幹濟,1,ㄍㄢˋ ㄐㄧˋ
幹略,1,ㄍㄢˋ ㄌㄩㄝˋ
幹當,1,ㄍㄢˋ ㄉㄤˋ
幹缺,1,ㄍㄢˋ ㄑㄩㄝ
幹蠱,1,ㄍㄢˋ ㄍㄨˇ
幹辦,1,ㄍㄢˋ ㄅㄢˋ
幹頭,1,ㄍㄢˋ ㄊㄡ˙
幹麼,1,ㄍㄢˋ ㄇㄚˊ
幻世,1,ㄏㄨㄢˋ ㄕˋ
幻人,1,ㄏㄨㄢˋ ㄖㄣˊ
幻光,1,ㄏㄨㄢˋ ㄍㄨㄤ
幻塵,1,ㄏㄨㄢˋ ㄔㄣˊ
幻日,1,ㄏㄨㄢˋ ㄖˋ
幻民,1,ㄏㄨㄢˋ ㄇㄧㄣˊ
幻泡,1,ㄏㄨㄢˋ ㄆㄠˋ
幻相,1,ㄏㄨㄢˋ ㄒㄧㄤˋ
幼穉,1,ㄧㄡˋ ㄓˋ
幽厲,1,ㄧㄡ ㄌㄧˋ
幽囚,1,ㄧㄡ ㄑㄧㄡˊ
幽天,1,ㄧㄡ ㄊㄧㄢ
幽婉,1,ㄧㄡ ㄨㄢˇ
幽婚,1,ㄧㄡ ㄏㄨㄣ
幽嫻,1,ㄧㄡ ㄒㄧㄢˊ
幽客,1,ㄧㄡ ㄎㄜˋ
幽宮,1,ㄧㄡ ㄍㄨㄥ
幽巖,1,ㄧㄡ ㄧㄢˊ
幽庸,1,ㄧㄡ ㄩㄥ
幽微,1,ㄧㄡ ㄨㄟˊ
幽憂,1,ㄧㄡ ㄧㄡ
幽房,1,ㄧㄡ ㄈㄤˊ
幽敞,1,ㄧㄡ ㄔㄤˇ
幽敻,1,ㄧㄡ ㄒㄩㄥˋ
幽昧,1,ㄧㄡ ㄇㄟˋ
幽期,1,ㄧㄡ ㄑㄧˊ
幽殺,1,ㄧㄡ ㄕㄞˋ
幽流,1,ㄧㄡ ㄌㄧㄡˊ
幽眇,1,ㄧㄡ ㄇㄧㄠˇ
幽真,1,ㄧㄡ ㄓㄣ
幽篁,1,ㄧㄡ ㄏㄨㄤˊ
幽絕,1,ㄧㄡ ㄐㄩㄝˊ
幽若,1,ㄧㄡ ㄖㄨㄛˋ
幽蔽,1,ㄧㄡ ㄅㄧˋ
幽襟,1,ㄧㄡ ㄐㄧㄣ
幽趣,1,ㄧㄡ ㄑㄩˋ
幽軋,1,ㄧㄡ ㄧㄚˋ
幽途,1,ㄧㄡ ㄊㄨˊ
幽都,1,ㄧㄡ ㄉㄨ
幽閉,1,ㄧㄡ ㄅㄧˋ
幽闥,1,ㄧㄡ ㄊㄚˋ
幽險,1,ㄧㄡ ㄒㄧㄢˇ
幾事,1,ㄐㄧ ㄕˋ
幾化,1,ㄐㄧˇ ㄏㄨㄚˋ
幾希,1,ㄐㄧ ㄒㄧ
幾曾,1,ㄐㄧˇ ㄘㄥˊ
幾殆,1,ㄐㄧ ㄉㄞˋ
幾眾,1,ㄐㄧˇ ㄓㄨㄥˋ
幾社,1,ㄐㄧ ㄕㄜˋ
幾般,1,ㄐㄧˇ ㄅㄢ
幾諫,1,ㄐㄧ ㄐㄧㄢˋ
幾頓,1,ㄐㄧ ㄉㄨㄣˋ
庇短,1,ㄅㄧˋ ㄉㄨㄢˇ
庇賴,1,ㄅㄧˋ ㄌㄞˋ
庇身,1,ㄅㄧˋ ㄕㄣ
庇陰,1,ㄅㄧˋ ㄧㄣˋ
庉庉,1,ㄉㄨㄣˋ ㄉㄨㄣˋ
庉庉,1,ㄊㄨㄣˊ ㄊㄨㄣˊ
床子,1,ㄔㄨㄤˊ ㄗ˙
床幃,1,ㄔㄨㄤˊ ㄨㄟˊ
床楞,1,ㄔㄨㄤˊ ㄌㄥˊ
床母,1,ㄔㄨㄤˊ ㄇㄨˇ
床笫,1,ㄔㄨㄤˊ ㄗˇ
床蝨,1,ㄔㄨㄤˊ ㄕ
序升,1,ㄒㄩˋ ㄕㄥ
序卦,1,ㄒㄩˋ ㄍㄨㄚˋ
序戰,1,ㄒㄩˋ ㄓㄢˋ
序次,1,ㄒㄩˋ ㄘˋ
序班,1,ㄒㄩˋ ㄅㄢ
序目,1,ㄒㄩˋ ㄇㄨˋ
序錄,1,ㄒㄩˋ ㄌㄨˋ
序齒,1,ㄒㄩˋ ㄔˇ
底下,1,ㄉㄧˇ ㄒㄧㄚ˙
底事,1,ㄉㄧˇ ㄕˋ
底冰,1,ㄉㄧˇ ㄅㄧㄥ
底寧,1,ㄉㄧˇ ㄋㄧㄥˊ
底工,1,ㄉㄧˇ ㄍㄨㄥ
底末,1,ㄉㄧˇ ㄇㄛˋ
底案,1,ㄉㄧˇ ㄢˋ
底極,1,ㄉㄧˇ ㄐㄧˊ
底死,1,ㄉㄧˇ ㄙˇ
底滯,1,ㄉㄧˇ ㄓˋ
底火,1,ㄉㄧˇ ㄏㄨㄛˇ
底糞,1,ㄉㄧˇ ㄈㄣˋ
底缺,1,ㄉㄧˇ ㄑㄩㄝ
底老,1,ㄉㄧˇ ㄌㄠˇ
底腳,1,ㄉㄧˇ ㄐㄧㄠˇ
底處,1,ㄉㄧˇ ㄔㄨˋ
底衣,1,ㄉㄧˇ ㄧ
底襟,1,ㄉㄧˇ ㄐㄧㄣ
庖人,1,ㄆㄠˊ ㄖㄣˊ
庖代,1,ㄆㄠˊ ㄉㄞˋ
庖子,1,ㄆㄠˊ ㄗ˙
庖宰,1,ㄆㄠˊ ㄗㄞˇ
庖犧,1,ㄆㄠˊ ㄒㄧ
庖立,1,ㄆㄠˊ ㄌㄧˋ
庖羲,1,ㄆㄠˊ ㄒㄧ
庖鼎,1,ㄆㄠˊ ㄉㄧㄥˇ
店保,1,ㄉㄧㄢˋ ㄅㄠˇ
店夥,1,ㄉㄧㄢˋ ㄏㄨㄛˇ
店子,1,ㄉㄧㄢˋ ㄗ˙
店章,1,ㄉㄧㄢˋ ㄓㄤ
店肆,1,ㄉㄧㄢˋ ㄙˋ
庚信,1,ㄍㄥ ㄒㄧㄣˋ
庚癸,1,ㄍㄥ ㄍㄨㄟˇ
庚辛,1,ㄍㄥ ㄒㄧㄣ
庚郵,1,ㄍㄥ ㄧㄡˊ
府丞,1,ㄈㄨˇ ㄔㄥˊ
府主,1,ㄈㄨˇ ㄓㄨˇ
府佐,1,ㄈㄨˇ ㄗㄨㄛˇ
府報,1,ㄈㄨˇ ㄅㄠˋ
府宅,1,ㄈㄨˇ ㄓㄜˋ
府尹,1,ㄈㄨˇ ㄧㄣˇ
府帑,1,ㄈㄨˇ ㄊㄤˇ
府幹,1,ㄈㄨˇ ㄍㄢˋ
府快,1,ㄈㄨˇ ㄎㄨㄞˋ
府會,1,ㄈㄨˇ ㄏㄨㄟˋ
府衙,1,ㄈㄨˇ ㄧㄚˊ
府邸,1,ㄈㄨˇ ㄉㄧˇ
庠生,1,ㄒㄧㄤˊ ㄕㄥ
庢沓,1,ㄓˋ ㄊㄚˋ
庢礙,1,ㄓˋ ㄞˋ
庥息,1,ㄒㄧㄡ ㄒㄧˊ
度世,1,ㄉㄨˋ ㄕˋ
度口,1,ㄉㄨˋ ㄎㄡˇ
度命,1,ㄉㄨˋ ㄇㄧㄥˋ
度器,1,ㄉㄨˋ ㄑㄧˋ
度支,1,ㄉㄨˋ ㄓ
度晬,1,ㄉㄨˋ ㄗㄨㄟˋ
度曲,1,ㄉㄨˋ ㄑㄩˇ
度歲,1,ㄉㄨˋ ㄙㄨㄟˋ
度籙,1,ㄉㄨˋ ㄌㄨˋ
度詞,1,ㄉㄨˋ ㄘˊ
度越,1,ㄉㄨˋ ㄩㄝˋ
度量,1,ㄉㄨㄛˋ ㄌㄧㄤˊ
座主,1,ㄗㄨㄛˋ ㄓㄨˇ
座前,1,ㄗㄨㄛˋ ㄑㄧㄢˊ
座子,1,ㄗㄨㄛˋ ㄗ˙
座師,1,ㄗㄨㄛˋ ㄕ
座艙,1,ㄗㄨㄛˋ ㄘㄤ
座號,1,ㄗㄨㄛˋ ㄏㄠˋ
座頭,1,ㄗㄨㄛˋ ㄊㄡ˙
庪縣,1,ㄍㄨㄟˇ ㄒㄩㄢˊ
庫兵,1,ㄎㄨˋ ㄅㄧㄥ
庫券,1,ㄎㄨˋ ㄑㄩㄢˋ
庫司,1,ㄎㄨˋ ㄙ
庫吏,1,ㄎㄨˋ ㄌㄧˋ
庫平,1,ㄎㄨˋ ㄆㄧㄥˊ
庫狄,1,ㄕㄜˋ ㄉㄧˊ
庫緞,1,ㄎㄨˋ ㄉㄨㄢˋ
庫部,1,ㄎㄨˋ ㄅㄨˋ
庭午,1,ㄊㄧㄥˊ ㄨˇ
庭墀,1,ㄊㄧㄥˊ ㄔˊ
庭宇,1,ㄊㄧㄥˊ ㄩˇ
庭府,1,ㄊㄧㄥˊ ㄈㄨˇ
庭戶,1,ㄊㄧㄥˊ ㄏㄨˋ
庭柱,1,ㄊㄧㄥˊ ㄓㄨˋ
庭燎,1,ㄊㄧㄥˊ ㄌㄧㄠˋ
庭誥,1,ㄊㄧㄥˊ ㄍㄠˋ
庭闈,1,ㄊㄧㄥˊ ㄨㄟˊ
庵寺,1,ㄢ ㄙˋ
庵觀,1,ㄢ ㄍㄨㄢˋ
庶免,1,ㄕㄨˋ ㄇㄧㄢˇ
庶出,1,ㄕㄨˋ ㄔㄨ
庶姓,1,ㄕㄨˋ ㄒㄧㄥˋ
庶婦,1,ㄕㄨˋ ㄈㄨˋ
庶孽,1,ㄕㄨˋ ㄋㄧㄝˋ
庶室,1,ㄕㄨˋ ㄕˋ
庶政,1,ㄕㄨˋ ㄓㄥˋ
庶物,1,ㄕㄨˋ ㄨˋ
庶績,1,ㄕㄨˋ ㄐㄧ
庶羞,1,ㄕㄨˋ ㄒㄧㄡ
庶邦,1,ㄕㄨˋ ㄅㄤ
庶類,1,ㄕㄨˋ ㄌㄟˋ
康回,1,ㄎㄤ ㄏㄨㄟˊ
康居,1,ㄎㄤ ㄐㄩ
康年,1,ㄎㄤ ㄋㄧㄢˊ
康梁,1,ㄎㄤ ㄌㄧㄤˊ
康泰,1,ㄎㄤ ㄊㄞˋ
康濟,1,ㄎㄤ ㄐㄧˋ
康瓠,1,ㄎㄤ ㄏㄨˊ
康衢,1,ㄎㄤ ㄑㄩˊ
康阜,1,ㄎㄤ ㄈㄨˋ
康青,1,ㄎㄤ ㄑㄧㄥ
庸保,1,ㄩㄥ ㄅㄠˇ
庸器,1,ㄩㄥ ㄑㄧˋ
庸夫,1,ㄩㄥ ㄈㄨ
庸常,1,ㄩㄥ ㄔㄤˊ
庸庸,1,ㄩㄥ ㄩㄥ
庸行,1,ㄩㄥ ㄒㄧㄥˋ
庸言,1,ㄩㄥ ㄧㄢˊ
庸詎,1,ㄩㄥ ㄐㄩˋ
庸闇,1,ㄩㄥ ㄢˋ
庸鼓,1,ㄩㄥ ㄍㄨˇ
庾亮,1,ㄩˇ ㄌㄧㄤˋ
庾信,1,ㄩˇ ㄒㄧㄣˋ
庾嶺,1,ㄩˇ ㄌㄧㄥˇ
廁身,1,ㄘˋ ㄕㄣ
廄人,1,ㄐㄧㄡˋ ㄖㄣˊ
廉使,1,ㄌㄧㄢˊ ㄕˇ
廉俸,1,ㄌㄧㄢˊ ㄈㄥˋ
廉吏,1,ㄌㄧㄢˊ ㄌㄧˋ
廉士,1,ㄌㄧㄢˊ ㄕˋ
廉政,1,ㄌㄧㄢˊ ㄓㄥˋ
廉正,1,ㄌㄧㄢˊ ㄓㄥˋ
廉泉,1,ㄌㄧㄢˊ ㄑㄩㄢˊ
廉白,1,ㄌㄧㄢˊ ㄅㄛˊ
廉纖,1,ㄌㄧㄢˊ ㄒㄧㄢ
廉訪,1,ㄌㄧㄢˊ ㄈㄤˇ
廉鍔,1,ㄌㄧㄢˊ ㄜˋ
廉頗,1,ㄌㄧㄢˊ ㄆㄛ
廊子,1,ㄌㄤˊ ㄗ˙
廊廟,1,ㄌㄤˊ ㄇㄧㄠˋ
廊廡,1,ㄌㄤˊ ㄨˇ
廊腰,1,ㄌㄤˊ ㄧㄠ
廊院,1,ㄌㄤˊ ㄩㄢˋ
廋人,1,ㄙㄡ ㄖㄣˊ
廋伏,1,ㄙㄡ ㄈㄨˊ
廋辭,1,ㄙㄡ ㄘˊ
廌史,1,ㄓˋ ㄕˇ
廑念,1,ㄐㄧㄣˇ ㄋㄧㄢˋ
廓土,1,ㄎㄨㄛˋ ㄊㄨˇ
廓填,1,ㄎㄨㄛˋ ㄊㄧㄢˊ
廓廓,1,ㄎㄨㄛˋ ㄎㄨㄛˋ
廕庇,1,ㄧㄣˋ ㄅㄧˋ
廕生,1,ㄧㄣˋ ㄕㄥ
廕監,1,ㄧㄣˋ ㄐㄧㄢˋ
廕襲,1,ㄧㄣˋ ㄒㄧˊ
廚下,1,ㄔㄨˊ ㄒㄧㄚˋ
廚人,1,ㄔㄨˊ ㄖㄣˊ
廚夫,1,ㄔㄨˊ ㄈㄨ
廛布,1,ㄔㄢˊ ㄅㄨˋ
廛肆,1,ㄔㄢˊ ㄙˋ
廛閈,1,ㄔㄢˊ ㄏㄢˋ
廝下,1,ㄙ ㄒㄧㄚˋ
廝伴,1,ㄙ ㄅㄢˋ
廝侵,1,ㄙ ㄑㄧㄣ
廝兒,1,ㄙ ㄦˊ
廝勾,1,ㄙ ㄍㄡ
廝吵,1,ㄙ ㄔㄠˇ
廝幫,1,ㄙ ㄅㄤ
廝役,1,ㄙ ㄧˋ
廝徒,1,ㄙ ㄊㄨˊ
廝抹,1,ㄙ ㄇㄛˇ
廝挺,1,ㄙ ㄊㄧㄥˇ
廝瞞,1,ㄙ ㄇㄢˊ
廝稱,1,ㄙ ㄔㄥˋ
廝纏,1,ㄙ ㄔㄢˊ
廝羅,1,ㄙ ㄌㄨㄛˊ
廝舍,1,ㄙ ㄕㄜˋ
廝落,1,ㄙ ㄌㄨㄛˋ
廝見,1,ㄙ ㄐㄧㄢˋ
廝覷,1,ㄙ ㄑㄩˋ
廝賴,1,ㄙ ㄌㄞˋ
廝趁,1,ㄙ ㄔㄣˋ
廝趕,1,ㄙ ㄍㄢˇ
廝輿,1,ㄙ ㄩˊ
廝養,1,ㄙ ㄧㄤˇ
廝鬥,1,ㄙ ㄉㄡˋ
廝鬧,1,ㄙ ㄋㄠˋ
廞塞,1,ㄑㄧㄣ ㄙㄜˋ
廟公,1,ㄇㄧㄠˋ ㄍㄨㄥ
廟廷,1,ㄇㄧㄠˋ ㄊㄧㄥˊ
廠容,1,ㄔㄤˇ ㄖㄨㄥˊ
廠衛,1,ㄔㄤˇ ㄨㄟˋ
廠衣,1,ㄔㄤˇ ㄧ
廡殿,1,ㄨˇ ㄉㄧㄢˋ
廢主,1,ㄈㄟˋ ㄓㄨˇ
廢典,1,ㄈㄟˋ ㄉㄧㄢˇ
廢員,1,ㄈㄟˋ ㄩㄢˊ
廢墜,1,ㄈㄟˋ ㄓㄨㄟˋ
廢弛,1,ㄈㄟˋ ㄕˇ
廢慢,1,ㄈㄟˋ ㄇㄢˋ
廢業,1,ㄈㄟˋ ㄧㄝˋ
廢沼,1,ㄈㄟˋ ㄓㄠˇ
廢然,1,ㄈㄟˋ ㄖㄢˊ
廢疾,1,ㄈㄟˋ ㄐㄧˊ
廢禮,1,ㄈㄟˋ ㄌㄧˇ
廢立,1,ㄈㄟˋ ㄌㄧˋ
廢約,1,ㄈㄟˋ ㄩㄝ
廢耕,1,ㄈㄟˋ ㄍㄥ
廢錮,1,ㄈㄟˋ ㄍㄨˋ
廣傳,1,ㄍㄨㄤˇ ㄔㄨㄢˊ
廣內,1,ㄍㄨㄤˇ ㄋㄟˋ
廣嗣,1,ㄍㄨㄤˇ ㄙˋ
廣坐,1,ㄍㄨㄤˇ ㄗㄨㄛˋ
廣寒,1,ㄍㄨㄤˇ ㄏㄢˊ
廣崇,1,ㄍㄨㄤˇ ㄔㄨㄥˊ
廣布,1,ㄍㄨㄤˇ ㄅㄨˋ
廣庭,1,ㄍㄨㄤˇ ㄊㄧㄥˊ
廣德,1,ㄍㄨㄤˇ ㄉㄜˊ
廣捕,1,ㄍㄨㄤˇ ㄅㄨˇ
廣捨,1,ㄍㄨㄤˇ ㄕㄜˇ
廣文,1,ㄍㄨㄤˇ ㄨㄣˊ
廣欬,1,ㄍㄨㄤˇ ㄎㄞˋ
廣武,1,ㄍㄨㄤˇ ㄨˇ
廣牧,1,ㄍㄨㄤˇ ㄇㄨˋ
廣畤,1,ㄍㄨㄤˇ ㄓˋ
廣瘡,1,ㄍㄨㄤˇ ㄔㄨㄤ
廣盛,1,ㄍㄨㄤˇ ㄕㄥˋ
廣窯,1,ㄍㄨㄤˇ ㄧㄠˊ
廣緝,1,ㄍㄨㄤˇ ㄑㄧˋ
廣繡,1,ㄍㄨㄤˇ ㄒㄧㄡˋ
廣耕,1,ㄍㄨㄤˇ ㄍㄥ
廣袤,1,ㄍㄨㄤˇ ㄇㄠˋ
廣裡,1,ㄍㄨㄤˇ ㄌㄧˇ
廣貨,1,ㄍㄨㄤˇ ㄏㄨㄛˋ
廣輪,1,ㄍㄨㄤˇ ㄌㄨㄣˊ
廣鈞,1,ㄍㄨㄤˇ ㄐㄩㄣ
廣陸,1,ㄍㄨㄤˇ ㄌㄨˋ
廣雅,1,ㄍㄨㄤˇ ㄧㄚˇ
廣韻,1,ㄍㄨㄤˇ ㄩㄣˋ
廧崒,1,ㄑㄧㄤˊ ㄗㄨˊ
廨宇,1,ㄒㄧㄝˋ ㄩˇ
廩廩,1,ㄌㄧㄣˇ ㄌㄧㄣˇ
廩生,1,ㄌㄧㄣˇ ㄕㄥ
廩秋,1,ㄌㄧㄣˇ ㄑㄧㄡ
廩稍,1,ㄌㄧㄣˇ ㄕㄠ
廩粟,1,ㄌㄧㄣˇ ㄙㄨˋ
廩食,1,ㄌㄧㄣˇ ㄕˊ
廬劇,1,ㄌㄨˊ ㄐㄩˋ
廬墓,1,ㄌㄨˊ ㄇㄨˋ
廬帳,1,ㄌㄨˊ ㄓㄤˋ
廱廱,1,ㄩㄥ ㄩㄥ
廳子,1,ㄊㄧㄥ ㄗˇ
廳聯,1,ㄊㄧㄥ ㄌㄧㄢˊ
延屬,1,ㄧㄢˊ ㄓㄨˇ
延師,1,ㄧㄢˊ ㄕ
延挨,1,ㄧㄢˊ ㄞ
延敵,1,ㄧㄢˊ ㄉㄧˊ
延款,1,ㄧㄢˊ ㄎㄨㄢˇ
延眺,1,ㄧㄢˊ ㄊㄧㄠˋ
延納,1,ㄧㄢˊ ㄋㄚˋ
延線,1,ㄧㄢˊ ㄒㄧㄢˋ
延蔓,1,ㄧㄢˊ ㄇㄢˋ
延袤,1,ㄧㄢˊ ㄇㄠˋ
延譽,1,ㄧㄢˊ ㄩˋ
延賓,1,ㄧㄢˊ ㄅㄧㄣ
延退,1,ㄧㄢˊ ㄊㄨㄟˋ
延邊,1,ㄧㄢˊ ㄅㄧㄢ
延醫,1,ㄧㄢˊ ㄧ
延釐,1,ㄧㄢˊ ㄒㄧ
延閣,1,ㄧㄢˊ ㄍㄜˊ
延陵,1,ㄧㄢˊ ㄌㄧㄥˊ
延頸,1,ㄧㄢˊ ㄐㄧㄥˇ
延首,1,ㄧㄢˊ ㄕㄡˇ
廷對,1,ㄊㄧㄥˊ ㄉㄨㄟˋ
廷掾,1,ㄊㄧㄥˊ ㄩㄢˋ
廷試,1,ㄊㄧㄥˊ ㄕˋ
廷諍,1,ㄊㄧㄥˊ ㄓㄥ
廷辱,1,ㄊㄧㄥˊ ㄖㄨˋ
廷魁,1,ㄊㄧㄥˊ ㄎㄨㄟˊ
建坊,1,ㄐㄧㄢˋ ㄈㄤ
建寅,1,ㄐㄧㄢˋ ㄧㄣˊ
建德,1,ㄐㄧㄢˋ ㄉㄜˊ
建政,1,ㄐㄧㄢˋ ㄓㄥˋ
建木,1,ㄐㄧㄢˋ ㄇㄨˋ
建極,1,ㄐㄧㄢˋ ㄐㄧˊ
建漆,1,ㄐㄧㄢˋ ㄑㄧ
建照,1,ㄐㄧㄢˋ ㄓㄠˋ
建瓴,1,ㄐㄧㄢˋ ㄌㄧㄥˊ
建白,1,ㄐㄧㄢˋ ㄅㄛˊ
建窯,1,ㄐㄧㄢˋ ㄧㄠˊ
建章,1,ㄐㄧㄢˋ ㄓㄤ
弁冕,1,ㄅㄧㄢˋ ㄇㄧㄢˇ
弁目,1,ㄅㄧㄢˋ ㄇㄨˋ
弁絰,1,ㄅㄧㄢˋ ㄉㄧㄝˊ
弁髦,1,ㄅㄧㄢˋ ㄇㄠˊ
弄丸,1,ㄋㄨㄥˋ ㄨㄢˊ
弄乖,1,ㄋㄨㄥˋ ㄍㄨㄞ
弄優,1,ㄋㄨㄥˋ ㄧㄡ
弄刀,1,ㄋㄨㄥˋ ㄉㄠ
弄喧,1,ㄋㄨㄥˋ ㄒㄩㄢ
弄嘴,1,ㄋㄨㄥˋ ㄗㄨㄟˇ
弄小,1,ㄋㄨㄥˋ ㄒㄧㄠˇ
弄局,1,ㄋㄨㄥˋ ㄐㄩˊ
弄岔,1,ㄋㄨㄥˋ ㄔㄚˋ
弄影,1,ㄋㄨㄥˋ ㄧㄥˇ
弄性,1,ㄋㄨㄥˋ ㄒㄧㄥˋ
弄文,1,ㄋㄨㄥˋ ㄨㄣˊ
弄月,1,ㄋㄨㄥˋ ㄩㄝˋ
弄水,1,ㄋㄨㄥˋ ㄕㄨㄟˇ
弄濤,1,ㄋㄨㄥˋ ㄊㄠˊ
弄獐,1,ㄋㄨㄥˋ ㄓㄤ
弄甏,1,ㄋㄨㄥˋ ㄆㄥˋ
弄破,1,ㄋㄨㄥˋ ㄆㄛˋ
弄翰,1,ㄋㄨㄥˋ ㄏㄢˋ
弄聳,1,ㄋㄨㄥˋ ㄙㄨㄥˇ
弄送,1,ㄋㄨㄥˋ ㄙㄨㄥˋ
弄錢,1,ㄋㄨㄥˋ ㄑㄧㄢˊ
弄險,1,ㄋㄨㄥˋ ㄒㄧㄢˇ
弄鬆,1,ㄋㄨㄥˋ ㄙㄨㄥ
弄鬼,1,ㄋㄨㄥˋ ㄍㄨㄟˇ
弇陋,1,ㄧㄢˇ ㄌㄡˋ
弈楸,1,ㄧˋ ㄑㄧㄡ
弈秋,1,ㄧˋ ㄑㄧㄡ
弊倖,1,ㄅㄧˋ ㄒㄧㄥˋ
弊履,1,ㄅㄧˋ ㄌㄩˇ
弋獲,1,ㄧˋ ㄏㄨㄛˋ
弋綈,1,ㄧˋ ㄊㄧˊ
弓人,1,ㄍㄨㄥ ㄖㄣˊ
弓兵,1,ㄍㄨㄥ ㄅㄧㄥ
弓冶,1,ㄍㄨㄥ ㄧㄝˇ
弓匠,1,ㄍㄨㄥ ㄐㄧㄤˋ
弓套,1,ㄍㄨㄥ ㄊㄠˋ
弓弓,1,ㄍㄨㄥ ㄍㄨㄥ
弓弩,1,ㄍㄨㄥ ㄋㄨˇ
弓招,1,ㄍㄨㄥ ㄓㄠ
弓旌,1,ㄍㄨㄥ ㄐㄧㄥ
弓極,1,ㄍㄨㄥ ㄐㄧˊ
弓步,1,ㄍㄨㄥ ㄅㄨˋ
弓琴,1,ㄍㄨㄥ ㄑㄧㄣˊ
弓蛇,1,ㄍㄨㄥ ㄕㄜˊ
弓裘,1,ㄍㄨㄥ ㄑㄧㄡˊ
弓足,1,ㄍㄨㄥ ㄗㄨˊ
弓鞋,1,ㄍㄨㄥ ㄒㄧㄝˊ
弓鞬,1,ㄍㄨㄥ ㄐㄧㄢ
弓韣,1,ㄍㄨㄥ ㄉㄨˊ
弓馬,1,ㄍㄨㄥ ㄇㄚˇ
弔取,1,ㄉㄧㄠˋ ㄑㄩˇ
弔問,1,ㄉㄧㄠˋ ㄨㄣˋ
弔喉,1,ㄉㄧㄠˋ ㄏㄡˊ
弔喭,1,ㄉㄧㄠˋ ㄧㄢˋ
弔場,1,ㄉㄧㄠˋ ㄔㄤˊ
弔奠,1,ㄉㄧㄠˋ ㄉㄧㄢˋ
弔宴,1,ㄉㄧㄠˋ ㄧㄢˋ
弔影,1,ㄉㄧㄠˋ ㄧㄥˇ
弔扣,1,ㄉㄧㄠˋ ㄎㄡˋ
弔拷,1,ㄉㄧㄠˋ ㄎㄠˇ
弔撒,1,ㄉㄧㄠˋ ㄙㄚ
弔書,1,ㄉㄧㄠˋ ㄕㄨ
弔橋,1,ㄉㄧㄠˋ ㄑㄧㄠˊ
弔民,1,ㄉㄧㄠˋ ㄇㄧㄣˊ
弔紙,1,ㄉㄧㄠˋ ㄓˇ
弔詞,1,ㄉㄧㄠˋ ㄘˊ
弔詭,1,ㄉㄧㄠˋ ㄍㄨㄟˇ
弔謊,1,ㄉㄧㄠˋ ㄏㄨㄤˇ
弔頭,1,ㄉㄧㄠˋ ㄊㄡˊ
弔頸,1,ㄉㄧㄠˋ ㄐㄧㄥˇ
弔鶴,1,ㄉㄧㄠˋ ㄏㄜˋ
引兵,1,ㄧㄣˇ ㄅㄧㄥ
引分,1,ㄧㄣˇ ㄈㄣˋ
引動,1,ㄧㄣˇ ㄉㄨㄥˋ
引吭,1,ㄧㄣˇ ㄏㄤˊ
引地,1,ㄧㄣˇ ㄉㄧˋ
引嫌,1,ㄧㄣˇ ㄒㄧㄢˊ
引對,1,ㄧㄣˇ ㄉㄨㄟˋ
引布,1,ㄧㄣˇ ㄅㄨˋ
引年,1,ㄧㄣˇ ㄋㄧㄢˊ
引得,1,ㄧㄣˇ ㄉㄜˊ
引慝,1,ㄧㄣˇ ㄊㄜˋ
引手,1,ㄧㄣˇ ㄕㄡˇ
引服,1,ㄧㄣˇ ㄈㄨˊ
引枕,1,ㄧㄣˇ ㄓㄣˇ
引柴,1,ㄧㄣˇ ㄔㄞˊ
引格,1,ㄧㄣˇ ㄍㄜˊ
引氣,1,ㄧㄣˇ ㄑㄧˋ
引決,1,ㄧㄣˇ ㄐㄩㄝˊ
引河,1,ㄧㄣˇ ㄏㄜˊ
引港,1,ㄧㄣˇ ㄍㄤˇ
引滿,1,ㄧㄣˇ ㄇㄢˇ
引產,1,ㄧㄣˇ ㄔㄢˇ
引疾,1,ㄧㄣˇ ㄐㄧˊ
引磬,1,ㄧㄣˇ ㄑㄧㄥˋ
引票,1,ㄧㄣˇ ㄆㄧㄠˋ
引稅,1,ㄧㄣˇ ㄕㄨㄟˋ
引臂,1,ㄧㄣˇ ㄅㄧˋ
引袋,1,ㄧㄣˇ ㄉㄞˋ
引課,1,ㄧㄣˇ ㄎㄜˋ
引調,1,ㄧㄣˇ ㄊㄧㄠˊ
引軍,1,ㄧㄣˇ ㄐㄩㄣ
引避,1,ㄧㄣˇ ㄅㄧˋ
引邁,1,ㄧㄣˇ ㄇㄞˋ
引重,1,ㄧㄣˇ ㄓㄨㄥˋ
引頭,1,ㄧㄣˇ ㄊㄡˊ
引首,1,ㄧㄣˇ ㄕㄡˇ
引騶,1,ㄧㄣˇ ㄗㄡ
引鬥,1,ㄧㄣˇ ㄉㄡˋ
弗庭,1,ㄈㄨˊ ㄊㄧㄥˊ
弗弗,1,ㄈㄨˊ ㄈㄨˊ
弗悟,1,ㄈㄨˊ ㄨˋ
弘一,1,ㄏㄨㄥˊ ㄧ
弘奧,1,ㄏㄨㄥˊ ㄠˋ
弘宥,1,ㄏㄨㄥˊ ㄧㄡˋ
弘忍,1,ㄏㄨㄥˊ ㄖㄣˇ
弘深,1,ㄏㄨㄥˊ ㄕㄣ
弘烈,1,ㄏㄨㄥˊ ㄌㄧㄝˋ
弘獎,1,ㄏㄨㄥˊ ㄐㄧㄤˇ
弛張,1,ㄕˇ ㄓㄤ
弛禁,1,ㄕˇ ㄐㄧㄣˋ
弟兄,1,ㄉㄧˋ ㄒㄩㄥ˙
弟郎,1,ㄉㄧˋ ㄌㄤˊ
弦吹,1,ㄒㄧㄢˊ ㄔㄨㄟ
弦子,1,ㄒㄧㄢˊ ㄗˇ
弦子,1,ㄒㄧㄢˊ ㄗ˙
弦紋,1,ㄒㄧㄢˊ ㄨㄣˊ
弦誦,1,ㄒㄧㄢˊ ㄙㄨㄥˋ
弦韋,1,ㄒㄧㄢˊ ㄨㄟˊ
弦高,1,ㄒㄧㄢˊ ㄍㄠ
弧紋,1,ㄏㄨˊ ㄨㄣˊ
弧角,1,ㄏㄨˊ ㄐㄧㄠˇ
弩弓,1,ㄋㄨˇ ㄍㄨㄥ
弩末,1,ㄋㄨˇ ㄇㄛˋ
弩機,1,ㄋㄨˇ ㄐㄧ
弩砲,1,ㄋㄨˇ ㄆㄠˋ
弩箙,1,ㄋㄨˇ ㄈㄨˊ
弭從,1,ㄇㄧˇ ㄘㄨㄥˊ
弭棹,1,ㄇㄧˇ ㄓㄠˋ
弭節,1,ㄇㄧˇ ㄐㄧㄝˊ
弭耳,1,ㄇㄧˇ ㄦˇ
弱兵,1,ㄖㄨㄛˋ ㄅㄧㄥ
弱化,1,ㄖㄨㄛˋ ㄏㄨㄚˋ
弱喪,1,ㄖㄨㄛˋ ㄙㄤˋ
弱息,1,ㄖㄨㄛˋ ㄒㄧˊ
弱智,1,ㄖㄨㄛˋ ㄓˋ
弱植,1,ㄖㄨㄛˋ ㄓˊ
弱水,1,ㄖㄨㄛˋ ㄕㄨㄟˇ
弱疾,1,ㄖㄨㄛˋ ㄐㄧˊ
弱笄,1,ㄖㄨㄛˋ ㄐㄧ
弱翰,1,ㄖㄨㄛˋ ㄏㄢˋ
弱質,1,ㄖㄨㄛˋ ㄓˊ
弱項,1,ㄖㄨㄛˋ ㄒㄧㄤˋ
弱齡,1,ㄖㄨㄛˋ ㄌㄧㄥˊ
張仙,1,ㄓㄤ ㄒㄧㄢ
張儀,1,ㄓㄤ ㄧˊ
張千,1,ㄓㄤ ㄑㄧㄢ
張協,1,ㄓㄤ ㄒㄧㄝˊ
張巡,1,ㄓㄤ ㄒㄩㄣˊ
張弛,1,ㄓㄤ ㄕˇ
張志,1,ㄓㄤ ㄓˋ
張揖,1,ㄓㄤ ㄧ
張敞,1,ㄓㄤ ㄔㄤˇ
張旭,1,ㄓㄤ ㄒㄩˋ
張果,1,ㄓㄤ ㄍㄨㄛˇ
張榜,1,ㄓㄤ ㄅㄤˇ
張機,1,ㄓㄤ ㄐㄧ
張湯,1,ㄓㄤ ㄊㄤ
張潮,1,ㄓㄤ ㄔㄠˊ
張炎,1,ㄓㄤ ㄧㄢˊ
張璪,1,ㄓㄤ ㄗㄠˇ
張籍,1,ㄓㄤ ㄐㄧˊ
張羅,1,ㄓㄤ ㄌㄨㄛ˙
張翰,1,ㄓㄤ ㄏㄢˋ
張耒,1,ㄓㄤ ㄌㄟˇ
張脈,1,ㄓㄤˋ ㄇㄞˋ
張致,1,ㄓㄤ ㄓˋ
張芝,1,ㄓㄤ ㄓ
張華,1,ㄓㄤ ㄏㄨㄚˊ
張角,1,ㄓㄤ ㄐㄩㄝˊ
張說,1,ㄓㄤ ㄩㄝˋ
張載,1,ㄓㄤ ㄗㄞˋ
張顛,1,ㄓㄤ ㄉㄧㄢ
張飲,1,ㄓㄤˋ ㄧㄣˇ
強人,1,ㄑㄧㄤˇ ㄖㄣˊ
強仕,1,ㄑㄧㄤˊ ㄕˋ
強使,1,ㄑㄧㄤˇ ㄕˇ
強加,1,ㄑㄧㄤˇ ㄐㄧㄚ
強勁,1,ㄑㄧㄤˊ ㄐㄧㄥˋ
強勉,1,ㄑㄧㄤˇ ㄇㄧㄢˇ
強勒,1,ㄑㄧㄤˇ ㄌㄜˋ
強半,1,ㄑㄧㄤˊ ㄅㄢˋ
強圉,1,ㄑㄧㄤˊ ㄩˇ
強宗,1,ㄑㄧㄤˊ ㄗㄨㄥ
強寇,1,ㄑㄧㄤˊ ㄎㄡˋ
強幹,1,ㄑㄧㄤˇ ㄍㄢˋ
強幹,1,ㄑㄧㄤˊ ㄍㄢˋ
強弩,1,ㄑㄧㄤˊ ㄋㄨˇ
強忍,1,ㄑㄧㄤˇ ㄖㄣˇ
強搶,1,ㄑㄧㄤˊ ㄑㄧㄤˇ
強攻,1,ㄑㄧㄤˇ ㄍㄨㄥ
強攻,1,ㄑㄧㄤˊ ㄍㄨㄥ
強梗,1,ㄑㄧㄤˊ ㄍㄥˇ
強死,1,ㄑㄧㄤˊ ㄙˇ
強虜,1,ㄑㄧㄤˊ ㄌㄨˇ
強行,1,ㄑㄧㄤˇ ㄒㄧㄥˊ
強記,1,ㄑㄧㄤˇ ㄐㄧˋ
強諫,1,ㄑㄧㄤˊ ㄐㄧㄢˋ
強辯,1,ㄑㄧㄤˇ ㄅㄧㄢˋ
強迫,1,ㄑㄧㄤˇ ㄆㄛˋ
強逼,1,ㄑㄧㄤˇ ㄅㄧ
強酒,1,ㄑㄧㄤˇ ㄐㄧㄡˇ
弸弓,1,ㄆㄥˊ ㄍㄨㄥ
弼亮,1,ㄅㄧˋ ㄌㄧㄤˋ
弼士,1,ㄅㄧˋ ㄕˋ
弼教,1,ㄅㄧˋ ㄐㄧㄠˋ
弼違,1,ㄅㄧˋ ㄨㄟˊ
弼針,1,ㄅㄧˋ ㄓㄣ
彀中,1,ㄍㄡˋ ㄓㄨㄥ
彀率,1,ㄍㄡˋ ㄌㄩˋ
彀者,1,ㄍㄡˋ ㄓㄜˇ
彄環,1,ㄎㄡ ㄏㄨㄢˊ
彆強,1,ㄅㄧㄝˋ ㄐㄧㄤˋ
彆扭,1,ㄅㄧㄝˋ ㄋㄧㄡ˙
彈冠,1,ㄊㄢˊ ㄍㄨㄢ
彈剝,1,ㄊㄢˊ ㄅㄛ
彈包,1,ㄊㄢˊ ㄅㄠ
彈唱,1,ㄊㄢˊ ㄔㄤˋ
彈子,1,ㄊㄢˊ ㄗ˙
彈弄,1,ㄊㄢˊ ㄌㄨㄥˋ
彈掙,1,ㄊㄢˊ ㄓㄥ
彈棋,1,ㄊㄢˊ ㄑㄧˊ
彈治,1,ㄊㄢˊ ㄓˋ
彈章,1,ㄊㄢˊ ㄓㄤ
彈詞,1,ㄊㄢˊ ㄘˊ
彈針,1,ㄊㄢˊ ㄓㄣ
彈鋏,1,ㄊㄢˊ ㄐㄧㄚˊ
彈雨,1,ㄉㄢˋ ㄩˇ
彈頭,1,ㄉㄢˋ ㄊㄡˊ
彈駁,1,ㄊㄢˊ ㄅㄛˊ
彉騎,1,ㄎㄨㄛˋ ㄐㄧˋ
彊志,1,ㄑㄧㄤˊ ㄓˋ
彊本,1,ㄑㄧㄤˊ ㄅㄣˇ
彊梁,1,ㄑㄧㄤˊ ㄌㄧㄤˊ
彊禦,1,ㄑㄧㄤˊ ㄩˋ
彌事,1,ㄇㄧˊ ㄕˋ
彌天,1,ㄇㄧˊ ㄊㄧㄢ
彌敬,1,ㄇㄧˊ ㄐㄧㄥˋ
彌時,1,ㄇㄧˊ ㄕˊ
彌望,1,ㄇㄧˊ ㄨㄤˋ
彌滿,1,ㄇㄧˊ ㄇㄢˇ
彌綸,1,ㄇㄧˊ ㄌㄨㄣˊ
彌羅,1,ㄇㄧˊ ㄌㄨㄛˊ
彎奔,1,ㄨㄢ ㄅㄣ
彎子,1,ㄨㄢ ㄗ˙
彎跧,1,ㄨㄢ ㄑㄩㄢˊ
彔彔,1,ㄌㄨˋ ㄌㄨˋ
彖傳,1,ㄊㄨㄢˋ ㄓㄨㄢˋ
彗尾,1,ㄏㄨㄟˋ ㄨㄟˇ
彘肩,1,ㄓˋ ㄐㄧㄢ
彙刊,1,ㄏㄨㄟˋ ㄎㄢ
彞倫,1,ㄧˊ ㄌㄨㄣˊ
彞劇,1,ㄧˊ ㄐㄩˋ
彞器,1,ㄧˊ ㄑㄧˋ
彞憲,1,ㄧˊ ㄒㄧㄢˋ
彞文,1,ㄧˊ ㄨㄣˊ
彞族,1,ㄧˊ ㄗㄨˊ
彞訓,1,ㄧˊ ㄒㄩㄣˋ
彞語,1,ㄧˊ ㄩˇ
形便,1,ㄒㄧㄥˊ ㄅㄧㄢˋ
形景,1,ㄒㄧㄥˊ ㄐㄧㄥˇ
形氣,1,ㄒㄧㄥˊ ㄑㄧˋ
形穢,1,ㄒㄧㄥˊ ㄏㄨㄟˋ
形符,1,ㄒㄧㄥˊ ㄈㄨˊ
形藏,1,ㄒㄧㄥˊ ㄗㄤˋ
形解,1,ㄒㄧㄥˊ ㄐㄧㄝˇ
形訓,1,ㄒㄧㄥˊ ㄒㄩㄣˋ
形魄,1,ㄒㄧㄥˊ ㄆㄛˋ
彤庭,1,ㄊㄨㄥˊ ㄊㄧㄥˊ
彤弓,1,ㄊㄨㄥˊ ㄍㄨㄥ
彤管,1,ㄊㄨㄥˊ ㄍㄨㄢˇ
彤闈,1,ㄊㄨㄥˊ ㄨㄟˊ
彤霞,1,ㄊㄨㄥˊ ㄒㄧㄚˊ
彥琮,1,ㄧㄢˋ ㄘㄨㄥˊ
彧彧,1,ㄩˋ ㄩˋ
彩印,1,ㄘㄞˇ ㄧㄣˋ
彩噴,1,ㄘㄞˇ ㄆㄣ
彩塑,1,ㄘㄞˇ ㄙㄨˋ
彩墨,1,ㄘㄞˇ ㄇㄛˋ
彩影,1,ㄘㄞˇ ㄧㄥˇ
彩擴,1,ㄘㄞˇ ㄎㄨㄛˋ
彩照,1,ㄘㄞˇ ㄓㄠˋ
彩磚,1,ㄘㄞˇ ㄓㄨㄢ
彩綢,1,ㄘㄞˇ ㄔㄡˊ
彩練,1,ㄘㄞˇ ㄌㄧㄢˋ
彩雕,1,ㄘㄞˇ ㄉㄧㄠ
彩電,1,ㄘㄞˇ ㄉㄧㄢˋ
彩鷁,1,ㄘㄞˇ ㄧˋ
彪蔚,1,ㄅㄧㄠ ㄨㄟˋ
彫刻,1,ㄉㄧㄠ ㄎㄜˋ
彫勵,1,ㄉㄧㄠ ㄌㄧˋ
彫啄,1,ㄉㄧㄠ ㄓㄨㄛˊ
彫喪,1,ㄉㄧㄠ ㄙㄤˋ
彫敝,1,ㄉㄧㄠ ㄅㄧˋ
彫牆,1,ㄉㄧㄠ ㄑㄧㄤˊ
彫瑑,1,ㄉㄧㄠ ㄓㄨㄢˋ
彫蟲,1,ㄉㄧㄠ ㄔㄨㄥˊ
彫謝,1,ㄉㄧㄠ ㄒㄧㄝˋ
彫零,1,ㄉㄧㄠ ㄌㄧㄥˊ
彫颼,1,ㄉㄧㄠ ㄙㄡ
彫騷,1,ㄉㄧㄠ ㄙㄠ
彬蔚,1,ㄅㄧㄣ ㄨㄟˋ
彭亨,1,ㄆㄥˊ ㄏㄥ
彭侯,1,ㄆㄥˊ ㄏㄡˊ
彭咸,1,ㄆㄥˊ ㄒㄧㄢˊ
彭張,1,ㄆㄥˊ ㄓㄤ
彭排,1,ㄆㄥˊ ㄆㄞˊ
彭殤,1,ㄆㄥˊ ㄕㄤ
彭湃,1,ㄆㄥˊ ㄆㄞˋ
彭澤,1,ㄆㄥˊ ㄗㄜˊ
彭縣,1,ㄆㄥˊ ㄒㄧㄢˋ
彭聃,1,ㄆㄥˊ ㄉㄢ
彭蒙,1,ㄆㄥˊ ㄇㄥˊ
彭蠡,1,ㄆㄥˊ ㄌㄧˇ
彭越,1,ㄆㄥˊ ㄩㄝˋ
彭鵬,1,ㄆㄥˊ ㄆㄥˊ
彰彰,1,ㄓㄤ ㄓㄤ
彰揚,1,ㄓㄤ ㄧㄤˊ
彰著,1,ㄓㄤ ㄓㄨˋ
彰露,1,ㄓㄤ ㄌㄨˋ
影事,1,ㄧㄥˇ ㄕˋ
影人,1,ㄧㄥˇ ㄖㄣˊ
影占,1,ㄧㄥˇ ㄓㄢˋ
影堂,1,ㄧㄥˇ ㄊㄤˊ
影塑,1,ㄧㄥˇ ㄙㄨˋ
影壁,1,ㄧㄥˇ ㄅㄧˋ
影影,1,ㄧㄥˇ ㄧㄥˇ
影戤,1,ㄧㄥˇ ㄍㄞˋ
影格,1,ㄧㄥˇ ㄍㄜˊ
影燈,1,ㄧㄥˇ ㄉㄥ
影碟,1,ㄧㄥˇ ㄉㄧㄝˊ
影神,1,ㄧㄥˇ ㄕㄣˊ
影跡,1,ㄧㄥˇ ㄐㄧ
影蹤,1,ㄧㄥˇ ㄗㄨㄥ
影身,1,ㄧㄥˇ ㄕㄣ
影附,1,ㄧㄥˇ ㄈㄨˋ
影院,1,ㄧㄥˇ ㄩㄢˋ
彳亍,1,ㄔˋ ㄔㄨˋ
彴約,1,ㄅㄛˊ ㄩㄝ
彷徉,1,ㄆㄤˊ ㄧㄤˊ
役別,1,ㄧˋ ㄅㄧㄝˊ
役夫,1,ㄧˋ ㄈㄨ
役子,1,ㄧˋ ㄗ˙
役屬,1,ㄧˋ ㄕㄨˇ
役役,1,ㄧˋ ㄧˋ
役損,1,ㄧˋ ㄙㄨㄣˇ
役物,1,ㄧˋ ㄨˋ
彼蒼,1,ㄅㄧˇ ㄘㄤ
往初,1,ㄨㄤˇ ㄔㄨ
往古,1,ㄨㄤˇ ㄍㄨˇ
往者,1,ㄨㄤˇ ㄓㄜˇ
征人,1,ㄓㄥ ㄖㄣˊ
征勦,1,ㄓㄥ ㄐㄧㄠˇ
征帆,1,ㄓㄥ ㄈㄢˊ
征彸,1,ㄓㄥ ㄓㄨㄥ
征戍,1,ㄓㄥ ㄕㄨˋ
征斂,1,ㄓㄥ ㄌㄧㄢˋ
征旆,1,ㄓㄥ ㄆㄟˋ
征程,1,ㄓㄥ ㄔㄥˊ
征衫,1,ㄓㄥ ㄕㄢ
征馬,1,ㄓㄥ ㄇㄚˇ
征駕,1,ㄓㄥ ㄐㄧㄚˋ
徂歲,1,ㄘㄨˊ ㄙㄨㄟˋ
待中,1,ㄉㄞˋ ㄓㄨㄥ
待伏,1,ㄉㄞˋ ㄈㄨˊ
待古,1,ㄉㄞˋ ㄍㄨˇ
待售,1,ㄉㄞˋ ㄕㄡˋ
待報,1,ㄉㄞˋ ㄅㄠˋ
待好,1,ㄉㄞˋ ㄏㄠˇ
待媒,1,ㄉㄞˋ ㄇㄟˊ
待字,1,ㄉㄞˋ ㄗˋ
待年,1,ㄉㄞˋ ㄋㄧㄢˊ
待慢,1,ㄉㄞˋ ㄇㄢˋ
待承,1,ㄉㄞˋ ㄔㄥˊ
待旦,1,ㄉㄞˋ ㄉㄢˋ
待時,1,ㄉㄞˋ ㄕˊ
待期,1,ㄉㄞˋ ㄑㄧˊ
待東,1,ㄉㄞˋ ㄉㄨㄥ
待漏,1,ㄉㄞˋ ㄌㄡˋ
待物,1,ㄉㄞˋ ㄨˋ
待罪,1,ㄉㄞˋ ㄗㄨㄟˋ
待考,1,ㄉㄞˋ ㄎㄠˇ
待茶,1,ㄉㄞˋ ㄔㄚˊ
待見,1,ㄉㄞˋ ㄐㄧㄢˋ
待詔,1,ㄉㄞˋ ㄓㄠˋ
待賈,1,ㄉㄞˋ ㄍㄨˇ
待質,1,ㄉㄞˋ ㄓˊ
徇務,1,ㄒㄩㄣˊ ㄨˋ
徇地,1,ㄒㄩㄣˋ ㄉㄧˋ
徇罰,1,ㄒㄩㄣˋ ㄈㄚˊ
徇義,1,ㄒㄩㄣˋ ㄧˋ
徇行,1,ㄒㄩㄣˋ ㄒㄧㄥˊ
徇通,1,ㄒㄩㄣˊ ㄊㄨㄥ
徇首,1,ㄒㄩㄣˋ ㄕㄡˇ
徇齊,1,ㄒㄩㄣˋ ㄑㄧˊ
徉徜,1,ㄧㄤˊ ㄔㄤˊ
徊徨,1,ㄏㄨㄞˊ ㄏㄨㄤˊ
徊翔,1,ㄏㄨㄞˊ ㄒㄧㄤˊ
律儀,1,ㄌㄩˋ ㄧˊ
律切,1,ㄌㄩˋ ㄑㄧㄝˋ
律動,1,ㄌㄩˋ ㄉㄨㄥˋ
律宗,1,ㄌㄩˋ ㄗㄨㄥ
律尺,1,ㄌㄩˋ ㄔˇ
律律,1,ㄌㄩˋ ㄌㄩˋ
律條,1,ㄌㄩˋ ㄊㄧㄠˊ
律科,1,ㄌㄩˋ ㄎㄜ
律藏,1,ㄌㄩˋ ㄗㄤˋ
律賦,1,ㄌㄩˋ ㄈㄨˋ
律魁,1,ㄌㄩˋ ㄎㄨㄟˊ
後人,1,ㄏㄡˋ ㄖㄣ˙
後像,1,ㄏㄡˋ ㄒㄧㄤˋ
後凋,1,ㄏㄡˋ ㄉㄧㄠ
後勁,1,ㄏㄡˋ ㄐㄧㄥˋ
後命,1,ㄏㄡˋ ㄇㄧㄥˋ
後哨,1,ㄏㄡˋ ㄕㄠˋ
後夫,1,ㄏㄡˋ ㄈㄨ
後妻,1,ㄏㄡˋ ㄑㄧ
後媽,1,ㄏㄡˋ ㄇㄚ
後嫁,1,ㄏㄡˋ ㄐㄧㄚˋ
後尾,1,ㄏㄡˋ ㄨㄟˇ
後影,1,ㄏㄡˋ ㄧㄥˇ
後心,1,ㄏㄡˋ ㄒㄧㄣ
後怕,1,ㄏㄡˋ ㄆㄚˋ
後慮,1,ㄏㄡˋ ㄌㄩˋ
後昆,1,ㄏㄡˋ ㄎㄨㄣ
後槽,1,ㄏㄡˋ ㄘㄠˊ
後父,1,ㄏㄡˋ ㄈㄨˋ
後爹,1,ㄏㄡˋ ㄉㄧㄝ
後王,1,ㄏㄡˋ ㄨㄤˊ
後程,1,ㄏㄡˋ ㄔㄥˊ
後綴,1,ㄏㄡˋ ㄓㄨㄟˋ
後腰,1,ㄏㄡˋ ㄧㄠ
後藏,1,ㄏㄡˋ ㄗㄤˋ
後蜀,1,ㄏㄡˋ ㄕㄨˇ
後襟,1,ㄏㄡˋ ㄐㄧㄣ
後覺,1,ㄏㄡˋ ㄐㄩㄝˊ
後言,1,ㄏㄡˋ ㄧㄢˊ
後話,1,ㄏㄡˋ ㄏㄨㄚˋ
後賬,1,ㄏㄡˋ ㄓㄤˋ
後邊,1,ㄏㄡˋ ㄅㄧㄢ˙
後重,1,ㄏㄡˋ ㄓㄨㄥˋ
後頭,1,ㄏㄡˋ ㄊㄡ˙
後首,1,ㄏㄡˋ ㄕㄡˇ
徐俯,1,ㄒㄩˊ ㄈㄨˇ
徐壽,1,ㄒㄩˊ ㄕㄡˋ
徐娘,1,ㄒㄩˊ ㄋㄧㄤˊ
徐幹,1,ㄒㄩˊ ㄍㄢˋ
徐浩,1,ㄒㄩˊ ㄏㄠˋ
徐渭,1,ㄒㄩˊ ㄨㄟˋ
徐熙,1,ㄒㄩˊ ㄒㄧ
徐行,1,ㄒㄩˊ ㄒㄧㄥˊ
徐鉉,1,ㄒㄩˊ ㄒㄩㄢˋ
徐鍇,1,ㄒㄩˊ ㄎㄞˇ
徐陵,1,ㄒㄩˊ ㄌㄧㄥˊ
徐風,1,ㄒㄩˊ ㄈㄥ
徑入,1,ㄐㄧㄥˋ ㄖㄨˋ
徑取,1,ㄐㄧㄥˋ ㄑㄩˇ
徑寸,1,ㄐㄧㄥˋ ㄘㄨㄣˋ
徑廷,1,ㄐㄧㄥˋ ㄊㄧㄥˊ
徑情,1,ㄐㄧㄥˋ ㄑㄧㄥˊ
徑踰,1,ㄐㄧㄥˋ ㄩˊ
徒兒,1,ㄊㄨˊ ㄦˊ
徒兵,1,ㄊㄨˊ ㄅㄧㄥ
徒搏,1,ㄊㄨˊ ㄅㄛˊ
徒杠,1,ㄊㄨˊ ㄍㄤ
徒歌,1,ㄊㄨˊ ㄍㄜ
徒行,1,ㄊㄨˊ ㄒㄧㄥˊ
徒跣,1,ㄊㄨˊ ㄒㄧㄢˇ
徒隸,1,ㄊㄨˊ ㄌㄧˋ
得了,1,ㄉㄜˊ ㄌㄧㄠˇ
得人,1,ㄉㄜˊ ㄖㄣˊ
得令,1,ㄉㄜˊ ㄌㄧㄥˋ
得似,1,ㄉㄜˊ ㄙˋ
得利,1,ㄉㄜˊ ㄌㄧˋ
得勁,1,ㄉㄜˊ ㄐㄧㄣˋ
得勿,1,ㄉㄜˊ ㄨˋ
得名,1,ㄉㄜˊ ㄇㄧㄥˊ
得命,1,ㄉㄜˊ ㄇㄧㄥˋ
得實,1,ㄉㄜˊ ㄕˊ
得差,1,ㄉㄜˊ ㄔㄞ
得年,1,ㄉㄜˊ ㄋㄧㄢˊ
得幸,1,ㄉㄜˊ ㄒㄧㄥˋ
得所,1,ㄉㄜˊ ㄙㄨㄛˇ
得果,1,ㄉㄜˊ ㄍㄨㄛˇ
得標,1,ㄉㄜˊ ㄅㄧㄠ
得民,1,ㄉㄜˊ ㄇㄧㄣˊ
得濟,1,ㄉㄜˊ ㄐㄧˋ
得無,1,ㄉㄜˊ ㄨˊ
得用,1,ㄉㄜˊ ㄩㄥˋ
得神,1,ㄉㄜˊ ㄕㄣˊ
得票,1,ㄉㄜˊ ㄆㄧㄠˋ
得空,1,ㄉㄜˊ ㄎㄨㄥˋ
得竅,1,ㄉㄜˊ ㄑㄧㄠˋ
得第,1,ㄉㄜˊ ㄉㄧˋ
得缺,1,ㄉㄜˊ ㄑㄩㄝ
得職,1,ㄉㄜˊ ㄓˊ
得臉,1,ㄉㄜˊ ㄌㄧㄢˇ
得衷,1,ㄉㄜˊ ㄓㄨㄥ
得解,1,ㄉㄜˊ ㄐㄧㄝˇ
得計,1,ㄉㄜˊ ㄐㄧˋ
得詔,1,ㄉㄜˊ ㄓㄠˋ
得運,1,ㄉㄜˊ ㄩㄣˋ
得采,1,ㄉㄜˊ ㄘㄞˇ
得閒,1,ㄉㄜˊ ㄒㄧㄢˊ
得間,1,ㄉㄜˊ ㄐㄧㄢˋ
得雄,1,ㄉㄜˊ ㄒㄩㄥˊ
得雋,1,ㄉㄜˊ ㄐㄩㄣˋ
徙倚,1,ㄒㄧˇ ㄧˇ
徙癰,1,ㄒㄧˇ ㄩㄥ
徙貫,1,ㄒㄧˇ ㄍㄨㄢˋ
徙邊,1,ㄒㄧˇ ㄅㄧㄢ
從人,1,ㄘㄨㄥˊ ㄖㄣˊ
從伯,1,ㄗㄨㄥˋ ㄅㄛˊ
從刑,1,ㄗㄨㄥˋ ㄒㄧㄥˊ
從初,1,ㄘㄨㄥˊ ㄔㄨ
從吉,1,ㄘㄨㄥˊ ㄐㄧˊ
從吏,1,ㄗㄨㄥˋ ㄌㄧˋ
從坐,1,ㄘㄨㄥˊ ㄗㄨㄛˋ
從女,1,ㄗㄨㄥˋ ㄋㄩˇ
從嫁,1,ㄘㄨㄥˊ ㄐㄧㄚˋ
從官,1,ㄗㄨㄥˋ ㄍㄨㄢ
從弟,1,ㄗㄨㄥˋ ㄉㄧˋ
從影,1,ㄘㄨㄥˊ ㄧㄥˇ
從權,1,ㄘㄨㄥˊ ㄑㄩㄢˊ
從法,1,ㄗㄨㄥˋ ㄈㄚˇ
從流,1,ㄘㄨㄥˊ ㄌㄧㄡˊ
從祀,1,ㄘㄨㄥˊ ㄙˋ
從約,1,ㄗㄨㄥ ㄩㄝ
從罰,1,ㄗㄨㄥˋ ㄈㄚˊ
從者,1,ㄗㄨㄥˋ ㄓㄜˇ
從而,1,ㄘㄨㄥˊ ㄦˊ
從衡,1,ㄗㄨㄥ ㄏㄥˊ
從諗,1,ㄘㄨㄥˊ ㄕㄣˇ
從龍,1,ㄘㄨㄥˊ ㄌㄨㄥˊ
徠孫,1,ㄌㄞˊ ㄙㄨㄣ
御世,1,ㄩˋ ㄕˋ
御人,1,ㄩˋ ㄖㄣˊ
御仗,1,ㄩˋ ㄓㄤˋ
御容,1,ㄩˋ ㄖㄨㄥˊ
御寶,1,ㄩˋ ㄅㄠˇ
御廚,1,ㄩˋ ㄔㄨˊ
御手,1,ㄩˋ ㄕㄡˇ
御札,1,ㄩˋ ㄓㄚˊ
御案,1,ㄩˋ ㄢˋ
御極,1,ㄩˋ ㄐㄧˊ
御氣,1,ㄩˋ ㄑㄧˋ
御河,1,ㄩˋ ㄏㄜˊ
御溝,1,ㄩˋ ㄍㄡ
御狀,1,ㄩˋ ㄓㄨㄤˋ
御者,1,ㄩˋ ㄓㄜˇ
御苑,1,ㄩˋ ㄩㄢˋ
御製,1,ㄩˋ ㄓˋ
御輪,1,ㄩˋ ㄌㄨㄣˊ
御道,1,ㄩˋ ㄉㄠˋ
御風,1,ㄩˋ ㄈㄥ
御饌,1,ㄩˋ ㄓㄨㄢˋ
御龍,1,ㄩˋ ㄌㄨㄥˊ
復三,1,ㄈㄨˋ ㄙㄢ
復冰,1,ㄈㄨˋ ㄅㄧㄥ
復卒,1,ㄈㄨˋ ㄗㄨˊ
復回,1,ㄈㄨˋ ㄏㄨㄟˊ
復圓,1,ㄈㄨˋ ㄩㄢˊ
復土,1,ㄈㄨˋ ㄊㄨˇ
復姓,1,ㄈㄨˋ ㄒㄧㄥˋ
復婚,1,ㄈㄨˋ ㄏㄨㄣ
復役,1,ㄈㄨˋ ㄧˋ
復思,1,ㄈㄨˋ ㄙ
復書,1,ㄈㄨˋ ㄕㄨ
復案,1,ㄈㄨˋ ㄢˋ
復禮,1,ㄈㄨˋ ㄌㄧˇ
復聖,1,ㄈㄨˋ ㄕㄥˋ
復讀,1,ㄈㄨˋ ㄉㄨˊ
復身,1,ㄈㄨˋ ㄕㄣ
復道,1,ㄈㄨˋ ㄉㄠˋ
復醒,1,ㄈㄨˋ ㄒㄧㄥˇ
復除,1,ㄈㄨˋ ㄔㄨˊ
復魄,1,ㄈㄨˋ ㄆㄛˋ
循分,1,ㄒㄩㄣˊ ㄈㄣˋ
循尚,1,ㄒㄩㄣˊ ㄕㄤˋ
循流,1,ㄒㄩㄣˊ ㄌㄧㄡˊ
循線,1,ㄒㄩㄣˊ ㄒㄧㄢˋ
循良,1,ㄒㄩㄣˊ ㄌㄧㄤˊ
循陔,1,ㄒㄩㄣˊ ㄍㄞ
循階,1,ㄒㄩㄣˊ ㄐㄧㄝ
循默,1,ㄒㄩㄣˊ ㄇㄛˋ
徭戍,1,ㄧㄠˊ ㄕㄨˋ
徭稅,1,ㄧㄠˊ ㄕㄨㄟˋ
徭賦,1,ㄧㄠˊ ㄈㄨˋ
微卷,1,ㄨㄟˊ ㄐㄩㄢˇ
微子,1,ㄨㄟˊ ㄗˇ
微忱,1,ㄨㄟˊ ㄔㄣˊ
微情,1,ㄨㄟˊ ㄑㄧㄥˊ
微文,1,ㄨㄟˊ ㄨㄣˊ
微時,1,ㄨㄟˊ ㄕˊ
微晶,1,ㄨㄟˊ ㄐㄧㄥ
微暈,1,ㄨㄟˊ ㄩㄣˋ
微曦,1,ㄨㄟˊ ㄒㄧ
微服,1,ㄨㄟˊ ㄈㄨˊ
微渺,1,ㄨㄟˊ ㄇㄧㄠˇ
微獨,1,ㄨㄟˊ ㄉㄨˊ
微纖,1,ㄨㄟˊ ㄒㄧㄢ
微脈,1,ㄨㄟˊ ㄇㄞˋ
徯倖,1,ㄒㄧ ㄒㄧㄥˋ
徯落,1,ㄒㄧ ㄌㄨㄛˋ
徵啟,1,ㄓㄥ ㄑㄧˇ
徵士,1,ㄓㄥ ㄕˋ
徵庸,1,ㄓㄥ ㄩㄥ
徵招,1,ㄓㄥ ㄓㄠ
徵發,1,ㄓㄥ ㄈㄚ
徵答,1,ㄓㄥ ㄉㄚˊ
徵辟,1,ㄓㄥ ㄅㄧˋ
徵逐,1,ㄓㄥ ㄓㄨˊ
德化,1,ㄉㄜˊ ㄏㄨㄚˋ
德厚,1,ㄉㄜˊ ㄏㄡˋ
德士,1,ㄉㄜˊ ㄕˋ
德宇,1,ㄉㄜˊ ㄩˇ
德廣,1,ㄉㄜˊ ㄍㄨㄤˇ
德操,1,ㄉㄜˊ ㄘㄠ
德目,1,ㄉㄜˊ ㄇㄨˋ
德禽,1,ㄉㄜˊ ㄑㄧㄣˊ
德色,1,ㄉㄜˊ ㄙㄜˋ
德譽,1,ㄉㄜˊ ㄩˋ
德配,1,ㄉㄜˊ ㄆㄟˋ
德門,1,ㄉㄜˊ ㄇㄣˊ
德音,1,ㄉㄜˊ ㄧㄣ
德風,1,ㄉㄜˊ ㄈㄥ
徹侯,1,ㄔㄜˋ ㄏㄡˊ
徹懸,1,ㄔㄜˋ ㄒㄩㄢˊ
徹耳,1,ㄔㄜˋ ㄦˇ
徹饌,1,ㄔㄜˋ ㄓㄨㄢˋ
徽劇,1,ㄏㄨㄟ ㄐㄩˋ
徽烈,1,ㄏㄨㄟ ㄌㄧㄝˋ
徽索,1,ㄏㄨㄟ ㄙㄨㄛˇ
徽絃,1,ㄏㄨㄟ ㄒㄧㄢˊ
徽纆,1,ㄏㄨㄟ ㄇㄛˋ
徽言,1,ㄏㄨㄟ ㄧㄢˊ
徽調,1,ㄏㄨㄟ ㄉㄧㄠˋ
徽音,1,ㄏㄨㄟ ㄧㄣ
心下,1,ㄒㄧㄣ ㄒㄧㄚˋ
心事,1,ㄒㄧㄣ ㄕ˙
心傳,1,ㄒㄧㄣ ㄔㄨㄢˊ
心傷,1,ㄒㄧㄣ ㄕㄤ
心兵,1,ㄒㄧㄣ ㄅㄧㄥ
心冷,1,ㄒㄧㄣ ㄌㄥˇ
心匠,1,ㄒㄧㄣ ㄐㄧㄤˋ
心印,1,ㄒㄧㄣ ㄧㄣˋ
心君,1,ㄒㄧㄣ ㄐㄩㄣ
心善,1,ㄒㄧㄣ ㄕㄢˋ
心喪,1,ㄒㄧㄣ ㄙㄤ
心契,1,ㄒㄧㄣ ㄑㄧˋ
心孔,1,ㄒㄧㄣ ㄎㄨㄥˇ
心實,1,ㄒㄧㄣ ㄕˊ
心尺,1,ㄒㄧㄣ ㄔˇ
心影,1,ㄒㄧㄣ ㄧㄥˇ
心思,1,ㄒㄧㄣ ㄙ˙
心怯,1,ㄒㄧㄣ ㄑㄩㄝˋ
心搏,1,ㄒㄧㄣ ㄅㄛˊ
心數,1,ㄒㄧㄣ ㄕㄨˋ
心旌,1,ㄒㄧㄣ ㄐㄧㄥ
心期,1,ㄒㄧㄣ ㄑㄧˊ
心材,1,ㄒㄧㄣ ㄘㄞˊ
心歹,1,ㄒㄧㄣ ㄉㄞˇ
心氣,1,ㄒㄧㄣ ㄑㄧˋ
心汗,1,ㄒㄧㄣ ㄏㄢˋ
心波,1,ㄒㄧㄣ ㄅㄛ
心活,1,ㄒㄧㄣ ㄏㄨㄛˊ
心淨,1,ㄒㄧㄣ ㄐㄧㄥˋ
心熱,1,ㄒㄧㄣ ㄖㄜˋ
心版,1,ㄒㄧㄣ ㄅㄢˇ
心皮,1,ㄒㄧㄣ ㄆㄧˊ
心盲,1,ㄒㄧㄣ ㄇㄤˊ
心直,1,ㄒㄧㄣ ㄓˊ
心硬,1,ㄒㄧㄣ ㄧㄥˋ
心窄,1,ㄒㄧㄣ ㄓㄞˇ
心競,1,ㄒㄧㄣ ㄐㄧㄥˋ
心紅,1,ㄒㄧㄣ ㄏㄨㄥˊ
心經,1,ㄒㄧㄣ ㄐㄧㄥ˙
心脾,1,ㄒㄧㄣ ㄆㄧˊ
心膂,1,ㄒㄧㄣ ㄌㄩˇ
心臆,1,ㄒㄧㄣ ㄧˋ
心苗,1,ㄒㄧㄣ ㄇㄧㄠˊ
心虧,1,ㄒㄧㄣ ㄎㄨㄟ
心血,1,ㄒㄧㄣ ㄒㄩㄝˋ
心衣,1,ㄒㄧㄣ ㄧ
心裡,1,ㄒㄧㄣ ㄌㄧ˙
心證,1,ㄒㄧㄣ ㄓㄥˋ
心賞,1,ㄒㄧㄣ ㄕㄤˇ
心遊,1,ㄒㄧㄣ ㄧㄡˊ
心鏡,1,ㄒㄧㄣ ㄐㄧㄥˋ
心閑,1,ㄒㄧㄣ ㄒㄧㄢˊ
心閒,1,ㄒㄧㄣ ㄒㄧㄢˊ
心靜,1,ㄒㄧㄣ ㄐㄧㄥˋ
心願,1,ㄒㄧㄣ ㄩㄢ˙
心風,1,ㄒㄧㄣ ㄈㄥ
心香,1,ㄒㄧㄣ ㄒㄧㄤ
心高,1,ㄒㄧㄣ ㄍㄠ
心齋,1,ㄒㄧㄣ ㄓㄞ
必剝,1,ㄅㄧˋ ㄅㄛ
必若,1,ㄅㄧˋ ㄖㄨㄛˋ
忌前,1,ㄐㄧˋ ㄑㄧㄢˊ
忌嘴,1,ㄐㄧˋ ㄗㄨㄟˇ
忌妻,1,ㄐㄧˋ ㄑㄧ
忌恨,1,ㄐㄧˋ ㄏㄣˋ
忌煙,1,ㄐㄧˋ ㄧㄢ
忍冬,1,ㄖㄣˇ ㄉㄨㄥ
忍垢,1,ㄖㄣˇ ㄍㄡˋ
忍術,1,ㄖㄣˇ ㄕㄨˋ
忒忒,1,ㄊㄜˋ ㄊㄜˋ
忒恁,1,ㄊㄜˋ ㄖㄣˋ
忒惡,1,ㄊㄜˋ ㄜˋ
忒楞,1,ㄊㄜˋ ㄌㄥˋ
忒殺,1,ㄊㄜˋ ㄕㄚ
忒煞,1,ㄊㄜˋ ㄕㄚˋ
忒甚,1,ㄊㄜˋ ㄕㄣˋ
忒過,1,ㄊㄜˋ ㄍㄨㄛˋ
忖測,1,ㄘㄨㄣˇ ㄘㄜˋ
志分,1,ㄓˋ ㄈㄣˋ
志堅,1,ㄓˋ ㄐㄧㄢ
志學,1,ㄓˋ ㄒㄩㄝˊ
志尚,1,ㄓˋ ㄕㄤˋ
志度,1,ㄓˋ ㄉㄨˋ
志心,1,ㄓˋ ㄒㄧㄣ
志怪,1,ㄓˋ ㄍㄨㄞˋ
志意,1,ㄓˋ ㄧˋ
志略,1,ㄓˋ ㄌㄩㄝˋ
志誠,1,ㄓˋ ㄔㄥˊ
志量,1,ㄓˋ ㄌㄧㄤˋ
忘八,1,ㄨㄤˊ ㄅㄚ˙
忘性,1,ㄨㄤˋ ㄒㄧㄥ˙
忘機,1,ㄨㄤˋ ㄐㄧ
忘言,1,ㄨㄤˋ ㄧㄢˊ
忘魂,1,ㄨㄤˋ ㄏㄨㄣˊ
忙併,1,ㄇㄤˊ ㄅㄧㄥˋ
忙劫,1,ㄇㄤˊ ㄐㄧㄝˊ
忙工,1,ㄇㄤˊ ㄍㄨㄥ
忙月,1,ㄇㄤˊ ㄩㄝˋ
忙活,1,ㄇㄤˊ ㄏㄨㄛˊ
忙熱,1,ㄇㄤˊ ㄖㄜˋ
忙逼,1,ㄇㄤˊ ㄅㄧ
忝眷,1,ㄊㄧㄢˇ ㄐㄩㄢˋ
忝私,1,ㄊㄧㄢˇ ㄙ
忝竊,1,ㄊㄧㄢˇ ㄑㄧㄝˋ
忝累,1,ㄊㄧㄢˇ ㄌㄟˋ
忞忞,1,ㄇㄧㄣˊ ㄇㄧㄣˊ
忠忱,1,ㄓㄨㄥ ㄔㄣˊ
忠悃,1,ㄓㄨㄥ ㄎㄨㄣˇ
忠愨,1,ㄓㄨㄥ ㄑㄩㄝˋ
忠敬,1,ㄓㄨㄥ ㄐㄧㄥˋ
忠果,1,ㄓㄨㄥ ㄍㄨㄛˇ
忠款,1,ㄓㄨㄥ ㄎㄨㄢˇ
忠正,1,ㄓㄨㄥ ㄓㄥˋ
忠節,1,ㄓㄨㄥ ㄐㄧㄝˊ
忠藎,1,ㄓㄨㄥ ㄐㄧㄣˋ
忠諫,1,ㄓㄨㄥ ㄐㄧㄢˋ
忠賢,1,ㄓㄨㄥ ㄒㄧㄢˊ
忠魂,1,ㄓㄨㄥ ㄏㄨㄣˊ
忠鯁,1,ㄓㄨㄥ ㄍㄥˇ
忡然,1,ㄔㄨㄥ ㄖㄢˊ
忤奴,1,ㄨˇ ㄋㄨˊ
忤慢,1,ㄨˇ ㄇㄢˋ
忤物,1,ㄨˇ ㄨˋ
忤耳,1,ㄨˇ ㄦˇ
忤視,1,ㄨˇ ㄕˋ
忨愒,1,ㄨㄢˋ ㄎㄞˋ
快克,1,ㄎㄨㄞˋ ㄎㄜˋ
快印,1,ㄎㄨㄞˋ ㄧㄣˋ
快婿,1,ㄎㄨㄞˋ ㄒㄩˋ
快性,1,ㄎㄨㄞˋ ㄒㄧㄥˋ
快書,1,ㄎㄨㄞˋ ㄕㄨ
快活,1,ㄎㄨㄞˋ ㄏㄨㄛ˙
快炮,1,ㄎㄨㄞˋ ㄆㄠˋ
快當,1,ㄎㄨㄞˋ ㄉㄤ˙
快覽,1,ㄎㄨㄞˋ ㄌㄢˇ
快貨,1,ㄎㄨㄞˋ ㄏㄨㄛˋ
忭悅,1,ㄅㄧㄢˋ ㄩㄝˋ
忭懽,1,ㄅㄧㄢˋ ㄏㄨㄢ
忭賀,1,ㄅㄧㄢˋ ㄏㄜˋ
忭躍,1,ㄅㄧㄢˋ ㄩㄝˋ
忭頌,1,ㄅㄧㄢˋ ㄙㄨㄥˋ
忮心,1,ㄓˋ ㄒㄧㄣ
忮忍,1,ㄓˋ ㄖㄣˇ
忱悃,1,ㄔㄣˊ ㄎㄨㄣˇ
忱辭,1,ㄔㄣˊ ㄘˊ
忳忳,1,ㄊㄨㄣˊ ㄊㄨㄣˊ
念力,1,ㄋㄧㄢˋ ㄌㄧˋ
念叨,1,ㄋㄧㄢˋ ㄉㄠ˙
念慮,1,ㄋㄧㄢˋ ㄌㄩˋ
念歌,1,ㄋㄧㄢˋ ㄍㄜ
念白,1,ㄋㄧㄢˋ ㄅㄞˊ
念秧,1,ㄋㄧㄢˋ ㄧㄤ
念誦,1,ㄋㄧㄢˋ ㄙㄨㄥ˙
念頭,1,ㄋㄧㄢˋ ㄊㄡ˙
忷忷,1,ㄒㄩㄥ ㄒㄩㄥ
忸捏,1,ㄋㄧㄡˇ ㄋㄧㄝ
忻喜,1,ㄒㄧㄣ ㄒㄧˇ
忻悅,1,ㄒㄧㄣ ㄩㄝˋ
忻然,1,ㄒㄧㄣ ㄖㄢˊ
忽地,1,ㄏㄨ ㄉㄧˋ
忽微,1,ㄏㄨ ㄨㄟˊ
忽的,1,ㄏㄨ ㄉㄧˋ
忽荒,1,ㄏㄨ ㄏㄨㄤ
忽雷,1,ㄏㄨ ㄌㄟˊ
忿恚,1,ㄈㄣˋ ㄏㄨㄟˋ
忿悁,1,ㄈㄣˋ ㄐㄩㄢˋ
忿懣,1,ㄈㄣˋ ㄇㄣˋ
忿懥,1,ㄈㄣˋ ㄓˋ
忿戾,1,ㄈㄣˋ ㄌㄧˋ
忿氣,1,ㄈㄣˋ ㄑㄧˋ
忿爭,1,ㄈㄣˋ ㄓㄥ
忿發,1,ㄈㄣˋ ㄈㄚ
忿詈,1,ㄈㄣˋ ㄌㄧˋ
怊悵,1,ㄔㄠ ㄔㄤˋ
怎地,1,ㄗㄣˇ ㄉㄜ˙
怎奈,1,ㄗㄣˇ ㄋㄞˋ
怎的,1,ㄗㄣˇ ㄉㄜ˙
怏然,1,ㄧㄤˋ ㄖㄢˊ
怒叱,1,ㄋㄨˋ ㄔˋ
怒子,1,ㄋㄨˋ ㄗˇ
怒張,1,ㄋㄨˋ ㄓㄤ
怒惡,1,ㄋㄨˋ ㄜˋ
怒族,1,ㄋㄨˋ ㄗㄨˊ
怒突,1,ㄋㄨˋ ㄊㄨˊ
怒蛙,1,ㄋㄨˋ ㄨㄚ
怓怓,1,ㄋㄠˊ ㄋㄠˊ
怔住,1,ㄌㄥˋ ㄓㄨˋ
怔忡,1,ㄓㄥ ㄔㄨㄥ
怔忪,1,ㄓㄥ ㄓㄨㄥ
怔怔,1,ㄌㄥˋ ㄌㄥˋ
怔營,1,ㄓㄥ ㄧㄥˊ
怕不,1,ㄆㄚˋ ㄅㄨ˙
怕怖,1,ㄆㄚˋ ㄅㄨˋ
怕懼,1,ㄆㄚˋ ㄐㄩˋ
怕敢,1,ㄆㄚˋ ㄍㄢˇ
怕是,1,ㄆㄚˋ ㄕ˙
怕道,1,ㄆㄚˋ ㄉㄠˋ
怗懘,1,ㄓㄢ ㄔˋ
怙亂,1,ㄏㄨˋ ㄌㄨㄢˋ
怙寵,1,ㄏㄨˋ ㄔㄨㄥˇ
怙終,1,ㄏㄨˋ ㄓㄨㄥ
怛傷,1,ㄉㄚˊ ㄕㄤ
怛化,1,ㄉㄚˊ ㄏㄨㄚˋ
怛吒,1,ㄉㄚˊ ㄓㄚˋ
怛怛,1,ㄉㄚˊ ㄉㄚˊ
怛然,1,ㄉㄚˊ ㄖㄢˊ
怛突,1,ㄉㄚˊ ㄊㄨˊ
思力,1,ㄙ ㄌㄧˋ
思勞,1,ㄙ ㄌㄠˊ
思婦,1,ㄙ ㄈㄨˋ
思存,1,ㄙ ㄘㄨㄣˊ
思文,1,ㄙ ㄨㄣˊ
思渴,1,ㄙ ㄎㄜˇ
思省,1,ㄙ ㄒㄧㄥˇ
思致,1,ㄙ ㄓˋ
思舊,1,ㄙ ㄐㄧㄡˋ
思鱸,1,ㄙ ㄌㄨˊ
思齊,1,ㄙ ㄑㄧˊ
思齊,1,ㄙ ㄓㄞ
怠倦,1,ㄉㄞˋ ㄐㄩㄢˋ
怠廢,1,ㄉㄞˋ ㄈㄟˋ
怠息,1,ㄉㄞˋ ㄒㄧˊ
怠玩,1,ㄉㄞˋ ㄨㄢˋ
怠緩,1,ㄉㄞˋ ㄏㄨㄢˇ
怡怡,1,ㄧˊ ㄧˊ
怡聲,1,ㄧˊ ㄕㄥ
怡色,1,ㄧˊ ㄙㄜˋ
怡顏,1,ㄧˊ ㄧㄢˊ
急且,1,ㄐㄧˊ ㄑㄧㄝˇ
急令,1,ㄐㄧˊ ㄌㄧㄥˋ
急吞,1,ㄐㄧˊ ㄊㄨㄣ
急就,1,ㄐㄧˊ ㄐㄧㄡˋ
急急,1,ㄐㄧˊ ㄐㄧˊ
急慌,1,ㄐㄧˊ ㄏㄨㄤ
急戰,1,ㄐㄧˊ ㄓㄢˋ
急手,1,ㄐㄧˊ ㄕㄡˇ
急拍,1,ㄐㄧˊ ㄆㄞ
急捷,1,ㄐㄧˊ ㄐㄧㄝˊ
急景,1,ㄐㄧˊ ㄐㄧㄥˇ
急溜,1,ㄐㄧˊ ㄌㄧㄡ
急煞,1,ㄐㄧˊ ㄕㄚ˙
急相,1,ㄐㄧˊ ㄒㄧㄤˋ
急節,1,ㄐㄧˊ ㄐㄧㄝˊ
急絃,1,ㄐㄧˊ ㄒㄧㄢˊ
急缺,1,ㄐㄧˊ ㄑㄩㄝ
急聒,1,ㄐㄧˊ ㄍㄨㄚ
急聲,1,ㄐㄧˊ ㄕㄥ
急腳,1,ㄐㄧˊ ㄐㄧㄠˇ
急裝,1,ㄐㄧˊ ㄓㄨㄤ
急要,1,ㄐㄧˊ ㄧㄠˋ
急觴,1,ㄐㄧˊ ㄕㄤ
急言,1,ㄐㄧˊ ㄧㄢˊ
急足,1,ㄐㄧˊ ㄗㄨˊ
急遍,1,ㄐㄧˊ ㄅㄧㄢˋ
性具,1,ㄒㄧㄥˋ ㄐㄩˋ
性分,1,ㄒㄧㄥˋ ㄈㄣˋ
性地,1,ㄒㄧㄥˋ ㄉㄧˋ
性情,1,ㄒㄧㄥˋ ㄑㄧㄥ˙
性根,1,ㄒㄧㄥˋ ㄍㄣ
性海,1,ㄒㄧㄥˋ ㄏㄞˇ
性發,1,ㄒㄧㄥˋ ㄈㄚ
性空,1,ㄒㄧㄥˋ ㄎㄨㄥ
性起,1,ㄒㄧㄥˋ ㄑㄧˇ
性體,1,ㄒㄧㄥˋ ㄊㄧˇ
怨仇,1,ㄩㄢˋ ㄔㄡˊ
怨咨,1,ㄩㄢˋ ㄗ
怨嘆,1,ㄩㄢˋ ㄊㄢˋ
怨家,1,ㄩㄢ ㄐㄧㄚ
怨府,1,ㄩㄢˋ ㄈㄨˇ
怨思,1,ㄩㄢˋ ㄙ
怨恨,1,ㄩㄢˋ ㄏㄣ˙
怨慕,1,ㄩㄢˋ ㄇㄨˋ
怨抑,1,ㄩㄢˋ ㄧˋ
怨暢,1,ㄩㄢˋ ㄔㄤˋ
怨望,1,ㄩㄢˋ ㄨㄤˋ
怨結,1,ㄩㄢˋ ㄐㄧㄝˊ
怨耦,1,ㄩㄢˋ ㄡˇ
怨艾,1,ㄩㄢˋ ㄧˋ
怨詈,1,ㄩㄢˋ ㄌㄧˋ
怨謗,1,ㄩㄢˋ ㄅㄤˋ
怨讟,1,ㄩㄢˋ ㄉㄨˊ
怨骨,1,ㄩㄢˋ ㄍㄨˇ
怨鼓,1,ㄩㄢˋ ㄍㄨˇ
怪底,1,ㄍㄨㄞˋ ㄉㄧˇ
怪恨,1,ㄍㄨㄞˋ ㄏㄣˋ
怪特,1,ㄍㄨㄞˋ ㄊㄜˋ
怪狀,1,ㄍㄨㄞˋ ㄓㄨㄤˋ
怪生,1,ㄍㄨㄞˋ ㄕㄥ
怪疑,1,ㄍㄨㄞˋ ㄧˊ
怪處,1,ㄍㄨㄞˋ ㄔㄨˋ
怪譎,1,ㄍㄨㄞˋ ㄐㄩㄝˊ
怪象,1,ㄍㄨㄞˋ ㄒㄧㄤˋ
怪責,1,ㄍㄨㄞˋ ㄗㄜˊ
怪道,1,ㄍㄨㄞˋ ㄉㄠˋ
怪頭,1,ㄍㄨㄞˋ ㄊㄡˊ
怫恚,1,ㄈㄟˋ ㄏㄨㄟˋ
怫然,1,ㄈㄟˋ ㄖㄢˊ
怫異,1,ㄅㄟˋ ㄧˋ
怫鬱,1,ㄈㄨˊ ㄩˋ
怭怭,1,ㄅㄧˋ ㄅㄧˋ
怯上,1,ㄑㄩㄝˋ ㄕㄤˋ
怯口,1,ㄑㄩㄝˋ ㄎㄡˇ
怯夫,1,ㄑㄩㄝˋ ㄈㄨ
怯床,1,ㄑㄩㄝˋ ㄔㄨㄤˊ
怯怯,1,ㄑㄩㄝˋ ㄑㄩㄝˋ
怯死,1,ㄑㄩㄝˋ ㄙˇ
怯生,1,ㄑㄩㄝˋ ㄕㄥ
怯症,1,ㄑㄩㄝˋ ㄓㄥˋ
怯禮,1,ㄑㄩㄝˋ ㄌㄧˇ
怯話,1,ㄑㄩㄝˋ ㄏㄨㄚˋ
怯陣,1,ㄑㄩㄝˋ ㄓㄣˋ
怲怲,1,ㄅㄧㄥˇ ㄅㄧㄥˇ
怵迫,1,ㄔㄨˋ ㄆㄛˋ
恁地,1,ㄖㄣˋ ㄉㄜ˙
恁的,1,ㄖㄣˋ ㄉㄜ˙
恁般,1,ㄖㄣˋ ㄅㄢ
恂恂,1,ㄒㄩㄣˊ ㄒㄩㄣˊ
恂慄,1,ㄒㄩㄣˊ ㄌㄧˋ
恂目,1,ㄒㄩㄣˊ ㄇㄨˋ
恂達,1,ㄒㄩㄣˊ ㄉㄚˊ
恃愛,1,ㄕˋ ㄞˋ
恆例,1,ㄏㄥˊ ㄌㄧˋ
恆士,1,ㄏㄥˊ ㄕˋ
恆山,1,ㄏㄥˊ ㄕㄢ
恆情,1,ㄏㄥˊ ㄑㄧㄥˊ
恆風,1,ㄏㄥˊ ㄈㄥ
恇怯,1,ㄎㄨㄤ ㄑㄩㄝˋ
恇懼,1,ㄎㄨㄤ ㄐㄩˋ
恇擾,1,ㄎㄨㄤ ㄖㄠˇ
恇駭,1,ㄎㄨㄤ ㄏㄞˋ
恍如,1,ㄏㄨㄤˇ ㄖㄨˊ
恍忽,1,ㄏㄨㄤˇ ㄏㄨ
恍恍,1,ㄏㄨㄤˇ ㄏㄨㄤˇ
恍惚,1,ㄏㄨㄤˇ ㄏㄨ˙
恐慮,1,ㄎㄨㄥˇ ㄌㄩˋ
恐憂,1,ㄎㄨㄥˇ ㄧㄡ
恐鳥,1,ㄎㄨㄥˇ ㄋㄧㄠˇ
恓惶,1,ㄒㄧ ㄏㄨㄤˊ
恓慘,1,ㄒㄧ ㄘㄢˇ
恕宥,1,ㄕㄨˋ ㄧㄡˋ
恚望,1,ㄏㄨㄟˋ ㄨㄤˋ
恚礙,1,ㄏㄨㄟˋ ㄞˋ
恝置,1,ㄐㄧㄚˊ ㄓˋ
恢偉,1,ㄏㄨㄟ ㄨㄟˇ
恢奇,1,ㄏㄨㄟ ㄑㄧˊ
恢廓,1,ㄏㄨㄟ ㄎㄨㄛˋ
恢張,1,ㄏㄨㄟ ㄓㄤ
恢恑,1,ㄏㄨㄟ ㄍㄨㄟˇ
恢臺,1,ㄏㄨㄟ ㄊㄞˊ
恢誕,1,ㄏㄨㄟ ㄉㄢˋ
恣虐,1,ㄗˋ ㄋㄩㄝˋ
恤事,1,ㄒㄩˋ ㄕˋ
恤刑,1,ㄒㄩˋ ㄒㄧㄥˊ
恤功,1,ㄒㄩˋ ㄍㄨㄥ
恤勞,1,ㄒㄩˋ ㄌㄠˊ
恤嫠,1,ㄒㄩˋ ㄌㄧˊ
恤恤,1,ㄒㄩˋ ㄒㄩˋ
恤然,1,ㄒㄩˋ ㄖㄢˊ
恤病,1,ㄒㄩˋ ㄅㄧㄥˋ
恤衫,1,ㄒㄩˋ ㄕㄢ
恤隱,1,ㄒㄩˋ ㄧㄣˇ
恧然,1,ㄋㄩˋ ㄖㄢˊ
恧縮,1,ㄋㄩˋ ㄙㄨㄛ
恨怒,1,ㄏㄣˋ ㄋㄨˋ
恨恨,1,ㄏㄣˋ ㄏㄣˋ
恨海,1,ㄏㄣˋ ㄏㄞˇ
恨絕,1,ㄏㄣˋ ㄐㄩㄝˊ
恨苦,1,ㄏㄣˋ ㄎㄨˇ
恨賦,1,ㄏㄣˋ ㄈㄨˋ
恩倖,1,ㄣ ㄒㄧㄥˋ
恩光,1,ㄣ ㄍㄨㄤ
恩公,1,ㄣ ㄍㄨㄥ
恩勤,1,ㄣ ㄑㄧㄣˊ
恩官,1,ㄣ ㄍㄨㄢ
恩宥,1,ㄣ ㄧㄡˋ
恩家,1,ㄣ ㄐㄧㄚ
恩幸,1,ㄣ ㄒㄧㄥˋ
恩念,1,ㄣ ㄋㄧㄢˋ
恩恤,1,ㄣ ㄒㄩˋ
恩旨,1,ㄣ ㄓˇ
恩波,1,ㄣ ㄅㄛ
恩田,1,ㄣ ㄊㄧㄢˊ
恩眄,1,ㄣ ㄇㄧㄢˇ
恩眷,1,ㄣ ㄐㄩㄢˋ
恩禮,1,ㄣ ㄌㄧˇ
恩私,1,ㄣ ㄙ
恩科,1,ㄣ ㄎㄜ
恩紀,1,ㄣ ㄐㄧˋ
恩臨,1,ㄣ ㄌㄧㄣˊ
恩臺,1,ㄣ ㄊㄞˊ
恩舊,1,ㄣ ㄐㄧㄡˋ
恩詔,1,ㄣ ㄓㄠˋ
恩貢,1,ㄣ ㄍㄨㄥˋ
恩賞,1,ㄣ ㄕㄤˇ
恩赦,1,ㄣ ㄕㄜˋ
恩遇,1,ㄣ ㄩˋ
恩門,1,ㄣ ㄇㄣˊ
恩露,1,ㄣ ㄌㄨˋ
恩餉,1,ㄣ ㄒㄧㄤˇ
恩養,1,ㄣ ㄧㄤˇ
恩魚,1,ㄣ ㄩˊ
恪固,1,ㄎㄜˋ ㄍㄨˋ
恪慎,1,ㄎㄜˋ ㄕㄣˋ
恪敏,1,ㄎㄜˋ ㄇㄧㄣˇ
恬愉,1,ㄊㄧㄢˊ ㄩˊ
恬謐,1,ㄊㄧㄢˊ ㄇㄧˋ
恬退,1,ㄊㄧㄢˊ ㄊㄨㄟˋ
恬逸,1,ㄊㄧㄢˊ ㄧˋ
恭儉,1,ㄍㄨㄥ ㄐㄧㄢˇ
恭士,1,ㄍㄨㄥ ㄕˋ
恭己,1,ㄍㄨㄥ ㄐㄧˇ
恭本,1,ㄍㄨㄥ ㄅㄣ˙
恭桶,1,ㄍㄨㄥ ㄊㄨㄥˇ
恭楷,1,ㄍㄨㄥ ㄎㄞˇ
恭維,1,ㄍㄨㄥ ㄨㄟ˙
恭職,1,ㄍㄨㄥ ㄓˊ
息交,1,ㄒㄧˊ ㄐㄧㄠ
息偃,1,ㄒㄧˊ ㄧㄢˇ
息哀,1,ㄒㄧˊ ㄞ
息喘,1,ㄒㄧˊ ㄔㄨㄢˇ
息土,1,ㄒㄧˊ ㄊㄨˇ
息壤,1,ㄒㄧˊ ㄖㄤˇ
息女,1,ㄒㄧˊ ㄋㄩˇ
息媯,1,ㄒㄧˊ ㄍㄨㄟ
息徒,1,ㄒㄧˊ ㄊㄨˊ
息心,1,ㄒㄧˊ ㄒㄧㄣ
息息,1,ㄒㄧˊ ㄒㄧˊ
息款,1,ㄒㄧˊ ㄎㄨㄢˇ
息氣,1,ㄒㄧˊ ㄑㄧˋ
息滅,1,ㄒㄧˊ ㄇㄧㄝˋ
息爭,1,ㄒㄧˊ ㄓㄥ
息男,1,ㄒㄧˊ ㄋㄢˊ
息穀,1,ㄒㄧˊ ㄍㄨˇ
息耗,1,ㄒㄧˊ ㄏㄠˋ
息肩,1,ㄒㄧˊ ㄐㄧㄢ
息胞,1,ㄒㄧˊ ㄅㄠ
息詞,1,ㄒㄧˊ ㄘˊ
息賁,1,ㄒㄧˊ ㄅㄣ
息陰,1,ㄒㄧˊ ㄧㄣ
息靜,1,ㄒㄧˊ ㄐㄧㄥˋ
息饗,1,ㄒㄧˊ ㄒㄧㄤˇ
恰則,1,ㄑㄧㄚˋ ㄗㄜˊ
恰正,1,ㄑㄧㄚˋ ㄓㄥˋ
恰纔,1,ㄑㄧㄚˋ ㄘㄞˊ
恰限,1,ㄑㄧㄚˋ ㄒㄧㄢˋ
恲恲,1,ㄆㄥ ㄆㄥ
悁忿,1,ㄐㄩㄢ ㄈㄣˋ
悁急,1,ㄐㄩㄢˋ ㄐㄧˊ
悁悁,1,ㄐㄩㄢ ㄐㄩㄢ
悁想,1,ㄐㄩㄢ ㄒㄧㄤˇ
悁邑,1,ㄐㄩㄢ ㄧˋ
悃愊,1,ㄎㄨㄣˇ ㄅㄧˋ
悄似,1,ㄑㄧㄠˇ ㄙˋ
悄愴,1,ㄑㄧㄠˇ ㄔㄨㄤˋ
悅人,1,ㄩㄝˋ ㄖㄣˊ
悅心,1,ㄩㄝˋ ㄒㄧㄣ
悅懌,1,ㄩㄝˋ ㄧˋ
悅服,1,ㄩㄝˋ ㄈㄨˊ
悅樂,1,ㄩㄝˋ ㄌㄜˋ
悅澤,1,ㄩㄝˋ ㄗㄜˊ
悅色,1,ㄩㄝˋ ㄙㄜˋ
悅豫,1,ㄩㄝˋ ㄩˋ
悉力,1,ㄒㄧ ㄌㄧˋ
悉平,1,ㄒㄧ ㄆㄧㄥˊ
悉悉,1,ㄒㄧ ㄒㄧ
悉曇,1,ㄒㄧ ㄊㄢˊ
悉率,1,ㄒㄧ ㄕㄨㄛˋ
悉率,1,ㄒㄧ ㄕㄨㄞˋ
悉知,1,ㄒㄧ ㄓ
悉窣,1,ㄒㄧ ㄙㄨˋ
悍妒,1,ㄏㄢˋ ㄉㄨˋ
悍室,1,ㄏㄢˋ ㄕˋ
悍梗,1,ㄏㄢˋ ㄍㄥˇ
悍賊,1,ㄏㄢˋ ㄗㄟˊ
悒怏,1,ㄧˋ ㄧㄤˋ
悒憤,1,ㄧˋ ㄈㄣˋ
悒鬱,1,ㄧˋ ㄩˋ
悔尤,1,ㄏㄨㄟˇ ㄧㄡˊ
悔心,1,ㄏㄨㄟˇ ㄒㄧㄣ
悔怨,1,ㄏㄨㄟˇ ㄩㄢˋ
悔愧,1,ㄏㄨㄟˇ ㄎㄨㄟˋ
悔禍,1,ㄏㄨㄟˇ ㄏㄨㄛˋ
悔艾,1,ㄏㄨㄟˇ ㄞˋ
悔親,1,ㄏㄨㄟˇ ㄑㄧㄣ
悔賴,1,ㄏㄨㄟˇ ㄌㄞˋ
悖倫,1,ㄅㄟˋ ㄌㄨㄣˊ
悖叛,1,ㄅㄟˋ ㄆㄢˋ
悖德,1,ㄅㄟˋ ㄉㄜˊ
悖悔,1,ㄅㄟˋ ㄏㄨㄟˇ
悖慢,1,ㄅㄟˋ ㄇㄢˋ
悖繆,1,ㄅㄟˋ ㄇㄧㄡˋ
悚息,1,ㄙㄨㄥˇ ㄒㄧˊ
悚悚,1,ㄙㄨㄥˇ ㄙㄨㄥˇ
悚惕,1,ㄙㄨㄥˇ ㄊㄧˋ
悚慄,1,ㄙㄨㄥˇ ㄌㄧˋ
悛容,1,ㄑㄩㄢ ㄖㄨㄥˊ
悛心,1,ㄑㄩㄢ ㄒㄧㄣ
悛悛,1,ㄑㄩㄢ ㄑㄩㄢ
悛改,1,ㄑㄩㄢ ㄍㄞˇ
悛革,1,ㄑㄩㄢ ㄍㄜˊ
悟禪,1,ㄨˋ ㄔㄢˊ
悠停,1,ㄧㄡ ㄊㄧㄥ˙
悠忽,1,ㄧㄡ ㄏㄨ
悠思,1,ㄧㄡ ㄙ
悠著,1,ㄧㄡ ㄓㄜ˙
悠蕩,1,ㄧㄡ ㄉㄤˋ
悠謬,1,ㄧㄡ ㄇㄧㄡˋ
悠邈,1,ㄧㄡ ㄇㄧㄠˇ
悠闇,1,ㄧㄡ ㄢˋ
悠陽,1,ㄧㄡ ㄧㄤˊ
悠颺,1,ㄧㄡ ㄧㄤˊ
悢悢,1,ㄌㄧㄤˋ ㄌㄧㄤˋ
患害,1,ㄏㄨㄢˋ ㄏㄞˋ
您哪,1,ㄋㄧㄣˊ ㄋㄚˇ
您納,1,ㄋㄧㄣˊ ㄋㄚ˙
您老,1,ㄋㄧㄣˊ ㄌㄠˇ
悱憤,1,ㄈㄟˇ ㄈㄣˋ
悲吒,1,ㄅㄟ ㄓㄚˋ
悲咽,1,ㄅㄟ ㄧㄝˋ
悲喜,1,ㄅㄟ ㄒㄧˇ
悲嚎,1,ㄅㄟ ㄏㄠˊ
悲寂,1,ㄅㄟ ㄐㄧˊ
悲心,1,ㄅㄟ ㄒㄧㄣ
悲思,1,ㄅㄟ ㄙ
悲感,1,ㄅㄟ ㄍㄢˇ
悲憂,1,ㄅㄟ ㄧㄡ
悲憐,1,ㄅㄟ ㄌㄧㄢˊ
悲戚,1,ㄅㄟ ㄑㄧ
悲摧,1,ㄅㄟ ㄘㄨㄟ
悲智,1,ㄅㄟ ㄓˋ
悲楚,1,ㄅㄟ ㄔㄨˇ
悲田,1,ㄅㄟ ㄊㄧㄢˊ
悲秋,1,ㄅㄟ ㄑㄧㄡ
悲笳,1,ㄅㄟ ㄐㄧㄚ
悲篥,1,ㄅㄟ ㄌㄧˋ
悲聲,1,ㄅㄟ ㄕㄥ
悲谷,1,ㄅㄟ ㄍㄨˇ
悲辛,1,ㄅㄟ ㄒㄧㄣ
悲酸,1,ㄅㄟ ㄙㄨㄢ
悲願,1,ㄅㄟ ㄩㄢˋ
悲風,1,ㄅㄟ ㄈㄥ
悴族,1,ㄘㄨㄟˋ ㄗㄨˊ
悴薄,1,ㄘㄨㄟˋ ㄅㄛˊ
悴賤,1,ㄘㄨㄟˋ ㄐㄧㄢˋ
悵怳,1,ㄔㄤˋ ㄏㄨㄤˇ
悵恨,1,ㄔㄤˋ ㄏㄣˋ
悵惋,1,ㄔㄤˋ ㄨㄢˋ
悵惜,1,ㄔㄤˋ ㄒㄧˊ
悶亂,1,ㄇㄣˋ ㄌㄨㄢˋ
悶人,1,ㄇㄣˋ ㄖㄣˊ
悶信,1,ㄇㄣˋ ㄒㄧㄣˋ
悶倦,1,ㄇㄣˋ ㄐㄩㄢˋ
悶坐,1,ㄇㄣˋ ㄗㄨㄛˋ
悶損,1,ㄇㄣˋ ㄙㄨㄣˇ
悶板,1,ㄇㄣ ㄅㄢˇ
悶棍,1,ㄇㄣˋ ㄍㄨㄣˋ
悶汗,1,ㄇㄣ ㄏㄢˋ
悶瞀,1,ㄇㄣˋ ㄇㄠˋ
悶虧,1,ㄇㄣˋ ㄎㄨㄟ
悶錶,1,ㄇㄣˋ ㄅㄧㄠˇ
悶香,1,ㄇㄣˋ ㄒㄧㄤ
悼辭,1,ㄉㄠˋ ㄘˊ
悽傷,1,ㄑㄧ ㄕㄤ
悽切,1,ㄑㄧ ㄑㄧㄝˋ
悽婉,1,ㄑㄧ ㄨㄢˇ
悽惘,1,ㄑㄧ ㄨㄤˇ
悽惶,1,ㄑㄧ ㄏㄨㄤˊ
悾悾,1,ㄎㄨㄥ ㄎㄨㄥ
悾憁,1,ㄎㄨㄥˇ ㄗㄨㄥˇ
悾款,1,ㄎㄨㄥ ㄎㄨㄢˇ
悾然,1,ㄎㄨㄥ ㄖㄢˊ
情佚,1,ㄑㄧㄥˊ ㄧˋ
情偽,1,ㄑㄧㄥˊ ㄨㄟˋ
情分,1,ㄑㄧㄥˊ ㄈㄣ˙
情切,1,ㄑㄧㄥˊ ㄑㄧㄝˋ
情味,1,ㄑㄧㄥˊ ㄨㄟˋ
情實,1,ㄑㄧㄥˊ ㄕˊ
情志,1,ㄑㄧㄥˊ ㄓˋ
情思,1,ㄑㄧㄥˊ ㄙ
情性,1,ㄑㄧㄥˊ ㄒㄧㄥˋ
情款,1,ㄑㄧㄥˊ ㄎㄨㄢˇ
情殺,1,ㄑㄧㄥˊ ㄕㄚ
情熟,1,ㄑㄧㄥˊ ㄕㄨˊ
情田,1,ㄑㄧㄥˊ ㄊㄧㄢˊ
情痴,1,ㄑㄧㄥˊ ㄔ
情知,1,ㄑㄧㄥˊ ㄓ
情種,1,ㄑㄧㄥˊ ㄓㄨㄥˇ
情腸,1,ㄑㄧㄥˊ ㄔㄤˊ
情致,1,ㄑㄧㄥˊ ㄓˋ
情語,1,ㄑㄧㄥˊ ㄩˇ
情變,1,ㄑㄧㄥˊ ㄅㄧㄢˋ
情貌,1,ㄑㄧㄥˊ ㄇㄠˋ
情賞,1,ㄑㄧㄥˊ ㄕㄤˇ
情采,1,ㄑㄧㄥˊ ㄘㄞˇ
情面,1,ㄑㄧㄥˊ ㄇㄧㄢ˙
惆惋,1,ㄔㄡˊ ㄨㄢˋ
惇大,1,ㄉㄨㄣ ㄉㄚˋ
惇敘,1,ㄉㄨㄣ ㄒㄩˋ
惋嘆,1,ㄨㄢˋ ㄊㄢˋ
惋愴,1,ㄨㄢˋ ㄔㄨㄤˋ
惏悷,1,ㄌㄧㄣˊ ㄌㄧˋ
惏慄,1,ㄌㄧㄣˊ ㄌㄧˋ
惑志,1,ㄏㄨㄛˋ ㄓˋ
惑星,1,ㄏㄨㄛˋ ㄒㄧㄥ
惑溺,1,ㄏㄨㄛˋ ㄋㄧˋ
惑突,1,ㄏㄨㄛˋ ㄊㄨˊ
惑術,1,ㄏㄨㄛˋ ㄕㄨˋ
惓惓,1,ㄑㄩㄢˊ ㄑㄩㄢˊ
惕勵,1,ㄊㄧˋ ㄌㄧˋ
惕息,1,ㄊㄧˋ ㄒㄧˊ
惕惕,1,ㄊㄧˋ ㄊㄧˋ
惕慄,1,ㄊㄧˋ ㄌㄧˋ
惘惘,1,ㄨㄤˇ ㄨㄤˇ
惙怛,1,ㄔㄨㄛˋ ㄉㄚˊ
惙惙,1,ㄔㄨㄛˋ ㄔㄨㄛˋ
惙然,1,ㄔㄨㄛˋ ㄖㄢˊ
惙頓,1,ㄔㄨㄛˋ ㄉㄨㄣˋ
惚恍,1,ㄏㄨ ㄏㄨㄤˇ
惚惚,1,ㄏㄨ ㄏㄨ
惛惛,1,ㄏㄨㄣ ㄏㄨㄣ
惛憊,1,ㄏㄨㄣ ㄅㄟˋ
惛然,1,ㄏㄨㄣ ㄖㄢˊ
惛眊,1,ㄏㄨㄣ ㄇㄠˋ
惜力,1,ㄒㄧˊ ㄌㄧˋ
惜恐,1,ㄒㄧˊ ㄎㄨㄥˇ
惜玉,1,ㄒㄧˊ ㄩˋ
惜身,1,ㄒㄧˊ ㄕㄣ
惝怳,1,ㄔㄤˇ ㄏㄨㄤˇ
惝然,1,ㄔㄤˇ ㄖㄢˊ
惠及,1,ㄏㄨㄟˋ ㄐㄧˊ
惠子,1,ㄏㄨㄟˋ ㄗˇ
惠崇,1,ㄏㄨㄟˋ ㄔㄨㄥˊ
惠帳,1,ㄏㄨㄟˋ ㄓㄤˋ
惠恤,1,ㄏㄨㄟˋ ㄒㄩˋ
惠政,1,ㄏㄨㄟˋ ㄓㄥˋ
惠棟,1,ㄏㄨㄟˋ ㄉㄨㄥˋ
惠然,1,ㄏㄨㄟˋ ㄖㄢˊ
惠綏,1,ㄏㄨㄟˋ ㄙㄨㄟ
惠聲,1,ㄏㄨㄟˋ ㄕㄥ
惠育,1,ㄏㄨㄟˋ ㄩˋ
惠贈,1,ㄏㄨㄟˋ ㄗㄥˋ
惠連,1,ㄏㄨㄟˋ ㄌㄧㄢˊ
惠鈔,1,ㄏㄨㄟˋ ㄔㄠ
惠音,1,ㄏㄨㄟˋ ㄧㄣ
惠風,1,ㄏㄨㄟˋ ㄈㄥ
惠黠,1,ㄏㄨㄟˋ ㄒㄧㄚˊ
惡地,1,ㄜˋ ㄉㄧˋ
惡嫌,1,ㄨˋ ㄒㄧㄢˊ
惡子,1,ㄜˋ ㄗˇ
惡孽,1,ㄜˋ ㄋㄧㄝˋ
惡寒,1,ㄜˋ ㄏㄢˊ
惡心,1,ㄜˇ ㄒㄧㄣ˙
惡惡,1,ㄨˋ ㄜˋ
惡憐,1,ㄜˋ ㄌㄧㄢˊ
惡曜,1,ㄜˋ ㄧㄠˋ
惡月,1,ㄜˋ ㄩㄝˋ
惡有,1,ㄨ ㄧㄡˇ
惡歲,1,ㄜˋ ㄙㄨㄟˋ
惡氣,1,ㄜˋ ㄑㄧˋ
惡法,1,ㄜˋ ㄈㄚˇ
惡濁,1,ㄜˋ ㄓㄨㄛˊ
惡煞,1,ㄜˋ ㄕㄚˋ
惡發,1,ㄜˋ ㄈㄚ
惡訊,1,ㄜˋ ㄒㄩㄣˋ
惡詫,1,ㄜˋ ㄔㄚˋ
惡識,1,ㄜˋ ㄕˋ
惡賴,1,ㄜˋ ㄌㄞˋ
惡趣,1,ㄜˋ ㄑㄩˋ
惡躁,1,ㄜˋ ㄗㄠˋ
惡逆,1,ㄜˋ ㄋㄧˋ
惡道,1,ㄜˋ ㄉㄠˋ
惡阻,1,ㄜˋ ㄗㄨˇ
惡限,1,ㄜˋ ㄒㄧㄢˋ
惡障,1,ㄜˋ ㄓㄤˋ
惡露,1,ㄜˋ ㄌㄨˋ
惡食,1,ㄜˋ ㄕˊ
惡鬥,1,ㄜˋ ㄉㄡˋ
惡黨,1,ㄜˋ ㄉㄤˇ
惰慢,1,ㄉㄨㄛˋ ㄇㄢˋ
惰民,1,ㄉㄨㄛˋ ㄇㄧㄣˊ
惱悔,1,ㄋㄠˇ ㄏㄨㄟˇ
惱懆,1,ㄋㄠˇ ㄘㄠˇ
惱犯,1,ㄋㄠˇ ㄈㄢˋ
惱聒,1,ㄋㄠˇ ㄍㄨㄚ
惲敬,1,ㄩㄣˋ ㄐㄧㄥˋ
想度,1,ㄒㄧㄤˇ ㄉㄨㄛˋ
想慕,1,ㄒㄧㄤˇ ㄇㄨˋ
想頭,1,ㄒㄧㄤˇ ㄊㄡ˙
惴耎,1,ㄓㄨㄟˋ ㄖㄨㄢˇ
惶怖,1,ㄏㄨㄤˊ ㄅㄨˋ
惶愧,1,ㄏㄨㄤˊ ㄎㄨㄟˋ
惶汗,1,ㄏㄨㄤˊ ㄏㄢˋ
惸嫠,1,ㄑㄩㄥˊ ㄌㄧˊ
惸惸,1,ㄑㄩㄥˊ ㄑㄩㄥˊ
惸獨,1,ㄑㄩㄥˊ ㄉㄨˊ
惹子,1,ㄖㄜˇ ㄗ˙
惹惱,1,ㄖㄜˇ ㄋㄠˇ
惹惹,1,ㄖㄜˇ ㄖㄜˇ
惹惹,1,ㄖㄜˇ ㄖㄜ˙
惻怛,1,ㄘㄜˋ ㄉㄚˊ
惻惻,1,ㄘㄜˋ ㄘㄜˋ
惻愴,1,ㄘㄜˋ ㄔㄨㄤˋ
惼心,1,ㄅㄧㄢˇ ㄒㄧㄣ
愀愴,1,ㄑㄧㄠˇ ㄔㄨㄤˋ
愁坐,1,ㄔㄡˊ ㄗㄨㄛˋ
愁帽,1,ㄔㄡˊ ㄇㄠˋ
愁愁,1,ㄔㄡˊ ㄔㄡˊ
愁海,1,ㄔㄡˊ ㄏㄞˇ
愁眉,1,ㄔㄡˊ ㄇㄟˊ
愁蹙,1,ㄔㄡˊ ㄘㄨˋ
愁霖,1,ㄔㄡˊ ㄌㄧㄣˊ
愆伏,1,ㄑㄧㄢ ㄈㄨˊ
愆家,1,ㄑㄧㄢ ㄐㄧㄚ
愆尤,1,ㄑㄧㄢ ㄧㄡˊ
愆序,1,ㄑㄧㄢ ㄒㄩˋ
愆德,1,ㄑㄧㄢ ㄉㄜˊ
愆忒,1,ㄑㄧㄢ ㄊㄜˋ
愆期,1,ㄑㄧㄢ ㄑㄧˊ
愆滯,1,ㄑㄧㄢ ㄓˋ
愆痾,1,ㄑㄧㄢ ㄜ
愆程,1,ㄑㄧㄢ ㄔㄥˊ
愆義,1,ㄑㄧㄢ ㄧˋ
愆陽,1,ㄑㄧㄢ ㄧㄤˊ
愆面,1,ㄑㄧㄢ ㄇㄧㄢˋ
愈愈,1,ㄩˋ ㄩˋ
愉逸,1,ㄩˊ ㄧˋ
愊億,1,ㄅㄧˋ ㄧˋ
愊憶,1,ㄅㄧˋ ㄧˋ
愊抑,1,ㄅㄧˋ ㄧˋ
愎戾,1,ㄅㄧˋ ㄌㄧˋ
愎諫,1,ㄅㄧˋ ㄐㄧㄢˋ
意匠,1,ㄧˋ ㄐㄧㄤˋ
意定,1,ㄧˋ ㄉㄧㄥˋ
意度,1,ㄧˋ ㄉㄨˋ
意度,1,ㄧˋ ㄉㄨㄛˋ
意思,1,ㄧˋ ㄙ˙
意怠,1,ㄧˋ ㄉㄞˋ
意懸,1,ㄧˋ ㄒㄩㄢˊ
意故,1,ㄧˋ ㄍㄨˋ
意智,1,ㄧˋ ㄓˋ
意林,1,ㄧˋ ㄌㄧㄣˊ
意根,1,ㄧˋ ㄍㄣ
意業,1,ㄧˋ ㄧㄝˋ
意符,1,ㄧˋ ㄈㄨˊ
意網,1,ㄧˋ ㄨㄤˇ
意緒,1,ㄧˋ ㄒㄩˋ
意而,1,ㄧˋ ㄦˊ
意臨,1,ㄧˋ ㄌㄧㄣˊ
意色,1,ㄧˋ ㄙㄜˋ
意連,1,ㄧˋ ㄌㄧㄢˊ
意遇,1,ㄧˋ ㄩˋ
意錢,1,ㄧˋ ㄑㄧㄢˊ
意頭,1,ㄧˋ ㄊㄡˊ
意馬,1,ㄧˋ ㄇㄚˇ
愒日,1,ㄎㄞˋ ㄖˋ
愓愓,1,ㄕㄤ ㄕㄤ
愔愔,1,ㄧㄣ ㄧㄣ
愕愕,1,ㄜˋ ㄜˋ
愕眙,1,ㄜˋ ㄔˋ
愚劣,1,ㄩˊ ㄌㄧㄝˋ
愚夫,1,ㄩˊ ㄈㄨ
愚夯,1,ㄩˊ ㄏㄤ
愚懦,1,ㄩˊ ㄋㄨㄛˋ
愚懵,1,ㄩˊ ㄇㄥˊ
愚戇,1,ㄩˊ ㄓㄨㄤˋ
愚氓,1,ㄩˊ ㄇㄥˊ
愚氣,1,ㄩˊ ㄑㄧˋ
愚氣,1,ㄩˊ ㄑㄧ˙
愚濫,1,ㄩˊ ㄌㄢˋ
愚痴,1,ㄩˊ ㄔ
愚蒙,1,ㄩˊ ㄇㄥˊ
愚迷,1,ㄩˊ ㄇㄧˊ
愚頑,1,ㄩˊ ㄨㄢˊ
愚騃,1,ㄩˊ ㄞˊ
愛姬,1,ㄞˋ ㄐㄧ
愛寵,1,ㄞˋ ㄔㄨㄥˇ
愛將,1,ㄞˋ ㄐㄧㄤˋ
愛小,1,ㄞˋ ㄒㄧㄠˇ
愛幸,1,ㄞˋ ㄒㄧㄥˋ
愛斯,1,ㄞˋ ㄙ
愛日,1,ㄞˋ ㄖˋ
愛染,1,ㄞˋ ㄖㄢˇ
愛樹,1,ㄞˋ ㄕㄨˋ
愛海,1,ㄞˋ ㄏㄞˇ
愛睏,1,ㄞˋ ㄎㄨㄣˋ
愜心,1,ㄑㄧㄝˋ ㄒㄧㄣ
愜懷,1,ㄑㄧㄝˋ ㄏㄨㄞˊ
愜氣,1,ㄑㄧㄝˋ ㄑㄧˋ
愜當,1,ㄑㄧㄝˋ ㄉㄤˋ
愜貼,1,ㄑㄧㄝˋ ㄊㄧㄝ
感事,1,ㄍㄢˇ ㄕˋ
感奮,1,ㄍㄢˇ ㄈㄣˋ
感導,1,ㄍㄢˇ ㄉㄠˇ
感德,1,ㄍㄢˇ ㄉㄜˊ
感愴,1,ㄍㄢˇ ㄔㄨㄤˋ
感慕,1,ㄍㄢˇ ㄇㄨˋ
感慨,1,ㄍㄢˇ ㄎㄞˇ
感憤,1,ㄍㄢˇ ㄈㄣˋ
感戴,1,ㄍㄢˇ ㄉㄞˋ
感時,1,ㄍㄢˇ ㄕˊ
感服,1,ㄍㄢˇ ㄈㄨˊ
感格,1,ㄍㄢˇ ㄍㄜˊ
感涕,1,ㄍㄢˇ ㄊㄧˋ
感物,1,ㄍㄢˇ ㄨˋ
感篆,1,ㄍㄢˇ ㄓㄨㄢˋ
感紉,1,ㄍㄢˇ ㄖㄣˋ
感興,1,ㄍㄢˇ ㄒㄧㄥˋ
感舊,1,ㄍㄢˇ ㄐㄧㄡˋ
感訓,1,ㄍㄢˇ ㄒㄩㄣˋ
感通,1,ㄍㄢˇ ㄊㄨㄥ
感遇,1,ㄍㄢˇ ㄩˋ
愣怔,1,ㄌㄥˋ ㄌㄥˋ
愣蔥,1,ㄌㄥˋ ㄘㄨㄥ
愣話,1,ㄌㄥˋ ㄏㄨㄚˋ
愧恧,1,ㄎㄨㄟˋ ㄋㄩˋ
愧服,1,ㄎㄨㄟˋ ㄈㄨˊ
愧歉,1,ㄎㄨㄟˋ ㄑㄧㄢˋ
愧汗,1,ㄎㄨㄟˋ ㄏㄢˋ
愧赧,1,ㄎㄨㄟˋ ㄋㄢˇ
愨士,1,ㄑㄩㄝˋ ㄕˋ
愬愬,1,ㄙㄨˋ ㄙㄨˋ
愮愮,1,ㄧㄠˊ ㄧㄠˊ
愴恍,1,ㄔㄨㄤˋ ㄏㄨㄤˇ
愴悢,1,ㄔㄨㄤˋ ㄌㄧㄤˋ
愴惶,1,ㄔㄨㄤˋ ㄏㄨㄤˊ
愴惻,1,ㄔㄨㄤˋ ㄘㄜˋ
愴愴,1,ㄔㄨㄤˋ ㄔㄨㄤˋ
愴慌,1,ㄔㄨㄤˋ ㄏㄨㄤ
愷樂,1,ㄎㄞˇ ㄩㄝˋ
愷歌,1,ㄎㄞˇ ㄍㄜ
慁慁,1,ㄏㄨㄣˋ ㄏㄨㄣˋ
慄冽,1,ㄌㄧˋ ㄌㄧㄝˋ
慄慄,1,ㄌㄧˋ ㄌㄧˋ
慄然,1,ㄌㄧˋ ㄖㄢˊ
慅慅,1,ㄙㄠ ㄙㄠ
慆慆,1,ㄊㄠ ㄊㄠ
慆慢,1,ㄊㄠ ㄇㄢˋ
慆淫,1,ㄊㄠ ㄧㄣˊ
慇慇,1,ㄧㄣ ㄧㄣ
慇懃,1,ㄧㄣ ㄑㄧㄣˊ
慈制,1,ㄘˊ ㄓˋ
慈命,1,ㄘˊ ㄇㄧㄥˋ
慈和,1,ㄘˊ ㄏㄜˊ
慈姑,1,ㄘˊ ㄍㄨ
慈幃,1,ㄘˊ ㄨㄟˊ
慈石,1,ㄘˊ ㄕˊ
慈竹,1,ㄘˊ ㄓㄨˊ
慈藹,1,ㄘˊ ㄞˇ
慈訓,1,ㄘˊ ㄒㄩㄣˋ
慈雲,1,ㄘˊ ㄩㄣˊ
慉結,1,ㄒㄩˋ ㄐㄧㄝˊ
慊慊,1,ㄑㄧㄢˋ ㄑㄧㄢˋ
慌急,1,ㄏㄨㄤ ㄐㄧˊ
慌悚,1,ㄏㄨㄤ ㄙㄨㄥˇ
慌神,1,ㄏㄨㄤ ㄕㄣˊ
慌腿,1,ㄏㄨㄤ ㄊㄨㄟˇ
慌速,1,ㄏㄨㄤ ㄙㄨˋ
慍羝,1,ㄩㄣˋ ㄉㄧ
慎刑,1,ㄕㄣˋ ㄒㄧㄥˊ
慎子,1,ㄕㄣˋ ㄗˇ
慎行,1,ㄕㄣˋ ㄒㄧㄥˋ
慎默,1,ㄕㄣˋ ㄇㄛˋ
慓悍,1,ㄆㄧㄠˋ ㄏㄢˋ
慕勢,1,ㄇㄨˋ ㄕˋ
慕化,1,ㄇㄨˋ ㄏㄨㄚˋ
慕古,1,ㄇㄨˋ ㄍㄨˇ
慕效,1,ㄇㄨˋ ㄒㄧㄠˋ
慕義,1,ㄇㄨˋ ㄧˋ
慕羶,1,ㄇㄨˋ ㄕㄢ
慕藺,1,ㄇㄨˋ ㄌㄧㄣˋ
慕道,1,ㄇㄨˋ ㄉㄠˋ
慕顧,1,ㄇㄨˋ ㄍㄨˋ
慘事,1,ㄘㄢˇ ㄕˋ
慘切,1,ㄘㄢˇ ㄑㄧㄝˋ
慘厲,1,ㄘㄢˇ ㄌㄧˋ
慘怛,1,ㄘㄢˇ ㄉㄚˊ
慘急,1,ㄘㄢˇ ㄐㄧˊ
慘悽,1,ㄘㄢˇ ㄑㄧ
慘惻,1,ㄘㄢˇ ㄘㄜˋ
慘愴,1,ㄘㄢˇ ㄔㄨㄤˋ
慘慄,1,ㄘㄢˇ ㄌㄧˋ
慘慘,1,ㄘㄢˇ ㄘㄢˇ
慘慼,1,ㄘㄢˇ ㄑㄧ
慘礉,1,ㄘㄢˇ ㄏㄜˊ
慘腹,1,ㄘㄢˇ ㄈㄨˋ
慚德,1,ㄘㄢˊ ㄉㄜˊ
慚怍,1,ㄘㄢˊ ㄗㄨㄛˋ
慚恧,1,ㄘㄢˊ ㄋㄩˋ
慚恨,1,ㄘㄢˊ ㄏㄣˋ
慚恩,1,ㄘㄢˊ ㄣ
慚悚,1,ㄘㄢˊ ㄙㄨㄥˇ
慚惶,1,ㄘㄢˊ ㄏㄨㄤˊ
慚感,1,ㄘㄢˊ ㄍㄢˇ
慚沮,1,ㄘㄢˊ ㄐㄩˇ
慚皺,1,ㄘㄢˊ ㄓㄡˋ
慚赧,1,ㄘㄢˊ ㄋㄢˇ
慞惶,1,ㄓㄤ ㄏㄨㄤˊ
慟絕,1,ㄊㄨㄥˋ ㄐㄩㄝˊ
慢世,1,ㄇㄢˋ ㄕˋ
慢仗,1,ㄇㄢˋ ㄓㄤˋ
慢功,1,ㄇㄢˋ ㄍㄨㄥ
慢坡,1,ㄇㄢˋ ㄆㄛ
慢帳,1,ㄇㄢˋ ㄓㄤˋ
慢張,1,ㄇㄢˋ ㄓㄤ
慢惰,1,ㄇㄢˋ ㄉㄨㄛˋ
慢散,1,ㄇㄢˋ ㄙㄢˇ
慢易,1,ㄇㄢˋ ㄧˋ
慢班,1,ㄇㄢˋ ㄅㄢ
慢聲,1,ㄇㄢˋ ㄕㄥ
慢臉,1,ㄇㄢˋ ㄌㄧㄢˇ
慢表,1,ㄇㄢˋ ㄅㄧㄠˇ
慢詞,1,ㄇㄢˋ ㄘˊ
慢調,1,ㄇㄢˋ ㄉㄧㄠˋ
慢遊,1,ㄇㄢˋ ㄧㄡˊ
慣一,1,ㄍㄨㄢˋ ㄧ
慣匪,1,ㄍㄨㄢˋ ㄈㄟˇ
慣家,1,ㄍㄨㄢˋ ㄐㄧㄚ
慣慣,1,ㄍㄨㄢˋ ㄍㄨㄢˋ
慣手,1,ㄍㄨㄢˋ ㄕㄡˇ
慣熟,1,ㄍㄨㄢˋ ㄕㄨˊ
慣甲,1,ㄍㄨㄢˋ ㄐㄧㄚˇ
慣縱,1,ㄍㄨㄢˋ ㄗㄨㄥˋ
慣落,1,ㄍㄨㄢˋ ㄌㄨㄛˋ
慥慥,1,ㄗㄠˋ ㄗㄠˋ
慧典,1,ㄏㄨㄟˋ ㄉㄧㄢˇ
慧南,1,ㄏㄨㄟˋ ㄋㄢˊ
慧寂,1,ㄏㄨㄟˋ ㄐㄧˊ
慧思,1,ㄏㄨㄟˋ ㄙ
慧悟,1,ㄏㄨㄟˋ ㄨˋ
慧文,1,ㄏㄨㄟˋ ㄨㄣˊ
慧日,1,ㄏㄨㄟˋ ㄖˋ
慧業,1,ㄏㄨㄟˋ ㄧㄝˋ
慧沼,1,ㄏㄨㄟˋ ㄓㄠˇ
慧海,1,ㄏㄨㄟˋ ㄏㄞˇ
慧火,1,ㄏㄨㄟˋ ㄏㄨㄛˇ
慧皎,1,ㄏㄨㄟˋ ㄐㄧㄠˇ
慧目,1,ㄏㄨㄟˋ ㄇㄨˋ
慧給,1,ㄏㄨㄟˋ ㄐㄧˇ
慧覺,1,ㄏㄨㄟˋ ㄐㄩㄝˊ
慨恨,1,ㄎㄞˇ ㄏㄣˋ
慨想,1,ㄎㄞˇ ㄒㄧㄤˇ
慨慨,1,ㄎㄞˇ ㄎㄞˇ
慨憤,1,ㄎㄞˇ ㄈㄣˋ
慮事,1,ㄌㄩˋ ㄕˋ
慮患,1,ㄌㄩˋ ㄏㄨㄢˋ
慮猜,1,ㄌㄩˋ ㄘㄞ
慰安,1,ㄨㄟˋ ㄢ
慱慱,1,ㄊㄨㄢˊ ㄊㄨㄢˊ
慲兜,1,ㄇㄢˊ ㄉㄡ
慳囊,1,ㄑㄧㄢ ㄋㄤˊ
慳錢,1,ㄑㄧㄢ ㄑㄧㄢˊ
慴息,1,ㄓㄜˊ ㄒㄧˊ
慵惰,1,ㄩㄥ ㄉㄨㄛˋ
慶喜,1,ㄑㄧㄥˋ ㄒㄧˇ
慶士,1,ㄑㄧㄥˋ ㄕˋ
慶忌,1,ㄑㄧㄥˋ ㄐㄧˋ
慶成,1,ㄑㄧㄥˋ ㄔㄥˊ
慶曆,1,ㄑㄧㄥˋ ㄌㄧˋ
慶父,1,ㄑㄧㄥˋ ㄈㄨˇ
慶賞,1,ㄑㄧㄥˋ ㄕㄤˇ
慶雲,1,ㄑㄧㄥˋ ㄩㄣˊ
慺慺,1,ㄌㄡˊ ㄌㄡˊ
憀亮,1,ㄌㄧㄠˊ ㄌㄧㄤˋ
憁恫,1,ㄗㄨㄥˇ ㄉㄨㄥˋ
憂尋,1,ㄧㄡ ㄒㄩㄣˊ
憂惙,1,ㄧㄡ ㄔㄨㄛˋ
憂惱,1,ㄧㄡ ㄋㄠˇ
憂憶,1,ㄧㄡ ㄧˋ
憂戚,1,ㄧㄡ ㄑㄧ
憂煎,1,ㄧㄡ ㄐㄧㄢ
憂煩,1,ㄧㄡ ㄈㄢˊ
憂色,1,ㄧㄡ ㄙㄜˋ
憂葵,1,ㄧㄡ ㄎㄨㄟˊ
憂虞,1,ㄧㄡ ㄩˊ
憂闕,1,ㄧㄡ ㄑㄩㄝ
憃愚,1,ㄔㄨㄥ ㄩˊ
憊懶,1,ㄅㄟˋ ㄌㄢˇ
憊色,1,ㄅㄟˋ ㄙㄜˋ
憊賴,1,ㄅㄟˋ ㄌㄞˋ
憋劣,1,ㄅㄧㄝ ㄌㄧㄝˋ
憋十,1,ㄅㄧㄝ ㄕˊ
憋噪,1,ㄅㄧㄝ ㄗㄠˋ
憋尿,1,ㄅㄧㄝ ㄋㄧㄠˋ
憋悶,1,ㄅㄧㄝ ㄇㄣ˙
憋懆,1,ㄅㄧㄝ ㄘㄠˇ
憋拗,1,ㄅㄧㄝ ㄋㄧㄡˋ
憐愍,1,ㄌㄧㄢˊ ㄇㄧㄣˇ
憐春,1,ㄌㄧㄢˊ ㄔㄨㄣ
憐鑒,1,ㄌㄧㄢˊ ㄐㄧㄢˋ
憐香,1,ㄌㄧㄢˊ ㄒㄧㄤ
憑倚,1,ㄆㄧㄥˊ ㄧˇ
憑准,1,ㄆㄧㄥˊ ㄓㄨㄣˇ
憑券,1,ㄆㄧㄥˊ ㄑㄩㄢˋ
憑噫,1,ㄆㄧㄥˊ ㄧ
憑心,1,ㄆㄧㄥˊ ㄒㄧㄣ
憑摺,1,ㄆㄧㄥˊ ㄓㄜˊ
憑桌,1,ㄆㄧㄥˊ ㄓㄨㄛ
憑準,1,ㄆㄧㄥˊ ㄓㄨㄣˇ
憑照,1,ㄆㄧㄥˊ ㄓㄠˋ
憑肩,1,ㄆㄧㄥˊ ㄐㄧㄢ
憑脈,1,ㄆㄧㄥˊ ㄇㄞˋ
憑虛,1,ㄆㄧㄥˊ ㄒㄩ
憑軾,1,ㄆㄧㄥˊ ㄕˋ
憑闌,1,ㄆㄧㄥˊ ㄌㄢˊ
憑陵,1,ㄆㄧㄥˊ ㄌㄧㄥˊ
憑險,1,ㄆㄧㄥˊ ㄒㄧㄢˇ
憑驗,1,ㄆㄧㄥˊ ㄧㄢˋ
憑高,1,ㄆㄧㄥˊ ㄍㄠ
憒憒,1,ㄎㄨㄟˋ ㄎㄨㄟˋ
憒眊,1,ㄎㄨㄟˋ ㄇㄠˋ
憔慮,1,ㄑㄧㄠˊ ㄌㄩˋ
憚勞,1,ㄉㄢˋ ㄌㄠˊ
憚服,1,ㄉㄢˋ ㄈㄨˊ
憚赫,1,ㄉㄢˋ ㄏㄜˋ
憤切,1,ㄈㄣˋ ㄑㄧㄝˋ
憤嫉,1,ㄈㄣˋ ㄐㄧˊ
憤心,1,ㄈㄣˋ ㄒㄧㄣ
憤恚,1,ㄈㄣˋ ㄏㄨㄟˋ
憤悱,1,ㄈㄣˋ ㄈㄟˇ
憤惋,1,ㄈㄣˋ ㄨㄢˋ
憤盈,1,ㄈㄣˋ ㄧㄥˊ
憤薄,1,ㄈㄣˋ ㄅㄛˊ
憨寢,1,ㄏㄢ ㄑㄧㄣˇ
憨皮,1,ㄏㄢ ㄆㄧˊ
憨錢,1,ㄏㄢ ㄑㄧㄢˊ
憨頑,1,ㄏㄢ ㄨㄢˊ
憩室,1,ㄑㄧˋ ㄕˋ
憫惻,1,ㄇㄧㄣˇ ㄘㄜˋ
憫然,1,ㄇㄧㄣˇ ㄖㄢˊ
憬然,1,ㄐㄧㄥˇ ㄖㄢˊ
憮然,1,ㄨˇ ㄖㄢˊ
憯悽,1,ㄘㄢˇ ㄑㄧ
憯惻,1,ㄘㄢˇ ㄘㄜˋ
憯懍,1,ㄘㄢˇ ㄌㄧㄣˇ
憲令,1,ㄒㄧㄢˋ ㄌㄧㄥˋ
憲典,1,ㄒㄧㄢˋ ㄉㄧㄢˇ
憲則,1,ㄒㄧㄢˋ ㄗㄜˊ
憲憲,1,ㄒㄧㄢˋ ㄒㄧㄢˋ
憲書,1,ㄒㄧㄢˋ ㄕㄨ
憲牌,1,ㄒㄧㄢˋ ㄆㄞˊ
憲節,1,ㄒㄧㄢˋ ㄐㄧㄝˊ
憲網,1,ㄒㄧㄢˋ ㄨㄤˇ
憲罰,1,ㄒㄧㄢˋ ㄈㄚˊ
憲臺,1,ㄒㄧㄢˋ ㄊㄞˊ
憸人,1,ㄒㄧㄢ ㄖㄣˊ
憸佞,1,ㄒㄧㄢ ㄋㄧㄥˋ
憸邪,1,ㄒㄧㄢ ㄒㄧㄝˊ
憺畏,1,ㄉㄢˋ ㄨㄟˋ
懁急,1,ㄒㄩㄢ ㄐㄧˊ
懂得,1,ㄉㄨㄥˇ ㄉㄜ˙
懂眼,1,ㄉㄨㄥˇ ㄧㄢˇ
懂行,1,ㄉㄨㄥˇ ㄏㄤˊ
懃懃,1,ㄑㄧㄣˊ ㄑㄧㄣˊ
懆懆,1,ㄘㄠˇ ㄘㄠˇ
懆暴,1,ㄘㄠˇ ㄅㄠˋ
懇到,1,ㄎㄣˇ ㄉㄠˋ
懇悃,1,ㄎㄣˇ ㄎㄨㄣˇ
懇懇,1,ㄎㄣˇ ㄎㄣˇ
懇至,1,ㄎㄣˇ ㄓˋ
懇言,1,ㄎㄣˇ ㄧㄢˊ
懇願,1,ㄎㄣˇ ㄩㄢˋ
懈意,1,ㄒㄧㄝˋ ㄧˋ
懈話,1,ㄒㄧㄝˋ ㄏㄨㄚˋ
懈鬆,1,ㄒㄧㄝˋ ㄙㄨㄥ˙
應世,1,ㄧㄥˋ ㄕˋ
應付,1,ㄧㄥ ㄈㄨˋ
應典,1,ㄧㄥˋ ㄉㄧㄢˇ
應分,1,ㄧㄥ ㄈㄣˋ
應制,1,ㄧㄥˋ ㄓˋ
應力,1,ㄧㄥˋ ㄌㄧˋ
應劭,1,ㄧㄥˋ ㄕㄠˋ
應募,1,ㄧㄥˋ ㄇㄨˋ
應卯,1,ㄧㄥˋ ㄇㄠˇ
應口,1,ㄧㄥˋ ㄎㄡˇ
應名,1,ㄧㄥˋ ㄇㄧㄥˊ
應命,1,ㄧㄥˋ ㄇㄧㄥˋ
應屆,1,ㄧㄥ ㄐㄧㄝˋ
應感,1,ㄧㄥˋ ㄍㄢˇ
應捕,1,ㄧㄥˋ ㄅㄨˇ
應昂,1,ㄧㄥˋ ㄤˊ
應物,1,ㄧㄥˋ ㄨˋ
應瑒,1,ㄧㄥˋ ㄧㄤˊ
應璩,1,ㄧㄥˋ ㄑㄩˊ
應用,1,ㄧㄥ ㄩㄥˋ
應舉,1,ㄧㄥˋ ㄐㄩˇ
應診,1,ㄧㄥˋ ㄓㄣˇ
應詔,1,ㄧㄥˋ ㄓㄠˋ
應選,1,ㄧㄥ ㄒㄩㄢˇ
應鐘,1,ㄧㄥˋ ㄓㄨㄥ
應龍,1,ㄧㄥˋ ㄌㄨㄥˊ
懊悶,1,ㄠˋ ㄇㄣˋ
懊憹,1,ㄠˋ ㄋㄠˊ
懋典,1,ㄇㄠˋ ㄉㄧㄢˇ
懋勛,1,ㄇㄠˋ ㄒㄩㄣ
懋遷,1,ㄇㄠˋ ㄑㄧㄢ
懌懷,1,ㄧˋ ㄏㄨㄞˊ
懞懂,1,ㄇㄥˊ ㄉㄨㄥˇ
懞直,1,ㄇㄥˊ ㄓˊ
懣懣,1,ㄇㄣˋ ㄇㄣˋ
懣然,1,ㄇㄣˋ ㄖㄢˊ
懤懤,1,ㄔㄡˊ ㄔㄡˊ
懦愚,1,ㄋㄨㄛˋ ㄩˊ
懦鈍,1,ㄋㄨㄛˋ ㄉㄨㄣˋ
懦響,1,ㄋㄨㄛˋ ㄒㄧㄤˇ
懪懪,1,ㄅㄛˊ ㄅㄛˊ
懮懮,1,ㄧㄡˇ ㄧㄡˇ
懰慄,1,ㄌㄧㄡˊ ㄌㄧˋ
懲勸,1,ㄔㄥˊ ㄑㄩㄢˋ
懲毖,1,ㄔㄥˊ ㄅㄧˋ
懵憒,1,ㄇㄥˊ ㄎㄨㄟˋ
懵撒,1,ㄇㄥˊ ㄙㄚ
懵藥,1,ㄇㄥˊ ㄧㄠˋ
懵騰,1,ㄇㄥˊ ㄊㄥˊ
懶凳,1,ㄌㄢˇ ㄉㄥˋ
懶婦,1,ㄌㄢˇ ㄈㄨˋ
懶待,1,ㄌㄢˇ ㄉㄞ˙
懶怠,1,ㄌㄢˇ ㄉㄞˋ
懶散,1,ㄌㄢˇ ㄙㄢˇ
懶架,1,ㄌㄢˇ ㄐㄧㄚˋ
懶猴,1,ㄌㄢˇ ㄏㄡˊ
懶病,1,ㄌㄢˇ ㄅㄧㄥˋ
懶腰,1,ㄌㄢˇ ㄧㄠ
懶蟲,1,ㄌㄢˇ ㄔㄨㄥˊ
懶髻,1,ㄌㄢˇ ㄐㄧˋ
懷刑,1,ㄏㄨㄞˊ ㄒㄧㄥˊ
懷土,1,ㄏㄨㄞˊ ㄊㄨˇ
懷奇,1,ㄏㄨㄞˊ ㄑㄧˊ
懷子,1,ㄏㄨㄞˊ ㄗˇ
懷安,1,ㄏㄨㄞˊ ㄢ
懷怨,1,ㄏㄨㄞˊ ㄩㄢˋ
懷愁,1,ㄏㄨㄞˊ ㄔㄡˊ
懷感,1,ㄏㄨㄞˊ ㄍㄢˇ
懷憂,1,ㄏㄨㄞˊ ㄧㄡ
懷戀,1,ㄏㄨㄞˊ ㄌㄧㄢˋ
懷服,1,ㄏㄨㄞˊ ㄈㄨˊ
懷橘,1,ㄏㄨㄞˊ ㄐㄩˊ
懷沙,1,ㄏㄨㄞˊ ㄕㄚ
懷生,1,ㄏㄨㄞˊ ㄕㄥ
懷空,1,ㄏㄨㄞˊ ㄎㄨㄥ
懷素,1,ㄏㄨㄞˊ ㄙㄨˋ
懷耽,1,ㄏㄨㄞˊ ㄉㄢ
懷讓,1,ㄏㄨㄞˊ ㄖㄤˋ
懷貳,1,ㄏㄨㄞˊ ㄦˋ
懷鉛,1,ㄏㄨㄞˊ ㄑㄧㄢ
懷顧,1,ㄏㄨㄞˊ ㄍㄨˋ
懸口,1,ㄒㄩㄢˊ ㄎㄡˇ
懸圃,1,ㄒㄩㄢˊ ㄆㄨˇ
懸宕,1,ㄒㄩㄢˊ ㄉㄤˋ
懸山,1,ㄒㄩㄢˊ ㄕㄢ
懸岩,1,ㄒㄩㄢˊ ㄧㄢˊ
懸峰,1,ㄒㄩㄢˊ ㄈㄥ
懸弧,1,ㄒㄩㄢˊ ㄏㄨˊ
懸心,1,ㄒㄩㄢˊ ㄒㄧㄣ
懸念,1,ㄒㄩㄢˊ ㄋㄧㄢˋ
懸想,1,ㄒㄩㄢˊ ㄒㄧㄤˇ
懸懸,1,ㄒㄩㄢˊ ㄒㄩㄢˊ
懸揣,1,ㄒㄩㄢˊ ㄔㄨㄞˇ
懸擬,1,ㄒㄩㄢˊ ㄋㄧˇ
懸斷,1,ㄒㄩㄢˊ ㄉㄨㄢˋ
懸旌,1,ㄒㄩㄢˊ ㄐㄧㄥ
懸望,1,ㄒㄩㄢˊ ㄨㄤˋ
懸果,1,ㄒㄩㄢˊ ㄍㄨㄛˇ
懸梁,1,ㄒㄩㄢˊ ㄌㄧㄤˊ
懸榻,1,ㄒㄩㄢˊ ㄊㄚˋ
懸欠,1,ㄒㄩㄢˊ ㄑㄧㄢˋ
懸決,1,ㄒㄩㄢˊ ㄐㄩㄝˊ
懸河,1,ㄒㄩㄢˊ ㄏㄜˊ
懸法,1,ㄒㄩㄢˊ ㄈㄚˇ
懸溜,1,ㄒㄩㄢˊ ㄌㄧㄡˋ
懸瀑,1,ㄒㄩㄢˊ ㄆㄨˋ
懸癰,1,ㄒㄩㄢˊ ㄩㄥ
懸絕,1,ㄒㄩㄢˊ ㄐㄩㄝˊ
懸缺,1,ㄒㄩㄢˊ ㄑㄩㄝ
懸罄,1,ㄒㄩㄢˊ ㄑㄧㄥˋ
懸膽,1,ㄒㄩㄢˊ ㄉㄢˇ
懸薄,1,ㄒㄩㄢˊ ㄅㄛˊ
懸虛,1,ㄒㄩㄢˊ ㄒㄩ
懸衡,1,ㄒㄩㄢˊ ㄏㄥˊ
懸車,1,ㄒㄩㄢˊ ㄔㄜ
懸軍,1,ㄒㄩㄢˊ ㄐㄩㄣ
懸針,1,ㄒㄩㄢˊ ㄓㄣ
懸門,1,ㄒㄩㄢˊ ㄇㄣˊ
懸頭,1,ㄒㄩㄢˊ ㄊㄡˊ
懸魚,1,ㄒㄩㄢˊ ㄩˊ
懸鶉,1,ㄒㄩㄢˊ ㄔㄨㄣˊ
懸黎,1,ㄒㄩㄢˊ ㄌㄧˊ
懺七,1,ㄔㄢˋ ㄑㄧ
懺事,1,ㄔㄢˋ ㄕˋ
懺法,1,ㄔㄢˋ ㄈㄚˇ
懺禮,1,ㄔㄢˋ ㄌㄧˇ
懼怯,1,ㄐㄩˋ ㄑㄩㄝˋ
懼然,1,ㄐㄩˋ ㄖㄢˊ
懼罪,1,ㄐㄩˋ ㄗㄨㄟˋ
懽喜,1,ㄏㄨㄢ ㄒㄧˇ
懽悰,1,ㄏㄨㄢ ㄘㄨㄥˊ
懾人,1,ㄓㄜˊ ㄖㄣˊ
懿戒,1,ㄧˋ ㄐㄧㄝˋ
懿戚,1,ㄧˋ ㄑㄧ
懿文,1,ㄧˋ ㄨㄣˊ
懿濞,1,ㄧˋ ㄆㄧˋ
懿筐,1,ㄧˋ ㄎㄨㄤ
懿行,1,ㄧˋ ㄒㄧㄥˋ
懿親,1,ㄧˋ ㄑㄧㄣ
懿言,1,ㄧˋ ㄧㄢˊ
懿鑒,1,ㄧˋ ㄐㄧㄢˋ
懿鑠,1,ㄧˋ ㄕㄨㄛˋ
戀戀,1,ㄌㄧㄢˋ ㄌㄧㄢˋ
戀戰,1,ㄌㄧㄢˋ ㄓㄢˋ
戀枕,1,ㄌㄧㄢˋ ㄓㄣˇ
戀闕,1,ㄌㄧㄢˋ ㄑㄩㄝˋ
戃慌,1,ㄊㄤˇ ㄏㄨㄤ
戄然,1,ㄐㄩㄝˊ ㄖㄢˊ
戇直,1,ㄓㄨㄤˋ ㄓˊ
戈什,1,ㄍㄜ ㄕˊ
戈比,1,ㄍㄜ ㄅㄧˇ
戌削,1,ㄒㄩ ㄒㄧㄠ
戌時,1,ㄒㄩ ㄕˊ
戌月,1,ㄒㄩ ㄩㄝˋ
戍役,1,ㄕㄨˋ ㄧˋ
戍樓,1,ㄕㄨˋ ㄌㄡˊ
戍鼓,1,ㄕㄨˋ ㄍㄨˇ
戎兵,1,ㄖㄨㄥˊ ㄅㄧㄥ
戎寄,1,ㄖㄨㄥˊ ㄐㄧˋ
戎幕,1,ㄖㄨㄥˊ ㄇㄨˋ
戎戎,1,ㄖㄨㄥˊ ㄖㄨㄥˊ
戎旃,1,ㄖㄨㄥˊ ㄓㄢ
戎索,1,ㄖㄨㄥˊ ㄙㄨㄛˇ
戎行,1,ㄖㄨㄥˊ ㄏㄤˊ
戎車,1,ㄖㄨㄥˊ ㄔㄜ
戎首,1,ㄖㄨㄥˊ ㄕㄡˇ
我將,1,ㄨㄛˇ ㄐㄧㄤ
我曹,1,ㄨㄛˇ ㄘㄠˊ
我每,1,ㄨㄛˇ ㄇㄟˇ
戒口,1,ㄐㄧㄝˋ ㄎㄡˇ
戒塗,1,ㄐㄧㄝˋ ㄊㄨˊ
戒忌,1,ㄐㄧㄝˋ ㄐㄧˋ
戒惕,1,ㄐㄧㄝˋ ㄊㄧˋ
戒敕,1,ㄐㄧㄝˋ ㄔˋ
戒方,1,ㄐㄧㄝˋ ㄈㄤ
戒旦,1,ㄐㄧㄝˋ ㄉㄢˋ
戒書,1,ㄐㄧㄝˋ ㄕㄨ
戒法,1,ㄐㄧㄝˋ ㄈㄚˇ
戒牒,1,ㄐㄧㄝˋ ㄉㄧㄝˊ
戒相,1,ㄐㄧㄝˋ ㄒㄧㄤˋ
戒石,1,ㄐㄧㄝˋ ㄕˊ
戒絕,1,ㄐㄧㄝˋ ㄐㄩㄝˊ
戒臘,1,ㄐㄧㄝˋ ㄌㄚˋ
戒葷,1,ㄐㄧㄝˋ ㄏㄨㄣ
戒行,1,ㄐㄧㄝˋ ㄒㄧㄥˊ
戒誨,1,ㄐㄧㄝˋ ㄏㄨㄟˋ
戒飭,1,ㄐㄧㄝˋ ㄔˋ
戒體,1,ㄐㄧㄝˋ ㄊㄧˇ
戕敗,1,ㄑㄧㄤˊ ㄅㄞˋ
或人,1,ㄏㄨㄛˋ ㄖㄣˊ
或則,1,ㄏㄨㄛˋ ㄗㄜˊ
或時,1,ㄏㄨㄛˋ ㄕˊ
或曰,1,ㄏㄨㄛˋ ㄩㄝ
或缺,1,ㄏㄨㄛˋ ㄑㄩㄝ
或謂,1,ㄏㄨㄛˋ ㄨㄟˋ
戚串,1,ㄑㄧ ㄔㄨㄢˋ
戚施,1,ㄑㄧ ㄕ
戚族,1,ㄑㄧ ㄗㄨˊ
戚里,1,ㄑㄧ ㄌㄧˇ
戚黨,1,ㄑㄧ ㄉㄤˇ
戛雲,1,ㄐㄧㄚˊ ㄩㄣˊ
戟手,1,ㄐㄧˇ ㄕㄡˇ
戟指,1,ㄐㄧˇ ㄓˇ
戟門,1,ㄐㄧˇ ㄇㄣˊ
戢兵,1,ㄐㄧˊ ㄅㄧㄥ
戢戢,1,ㄐㄧˊ ㄐㄧˊ
戢景,1,ㄐㄧˊ ㄧㄥˇ
戢止,1,ㄐㄧˊ ㄓˇ
戢翼,1,ㄐㄧˊ ㄧˋ
戢身,1,ㄐㄧˊ ㄕㄣ
戢鱗,1,ㄐㄧˊ ㄌㄧㄣˊ
戤典,1,ㄍㄞˋ ㄉㄧㄢˇ
戤牌,1,ㄍㄞˋ ㄆㄞˊ
戥銀,1,ㄉㄥˇ ㄧㄣˊ
戥頭,1,ㄉㄥˇ ㄊㄡˊ
戧戧,1,ㄑㄧㄤˋ ㄑㄧㄤˋ
戧柱,1,ㄑㄧㄤˋ ㄓㄨˋ
戧金,1,ㄑㄧㄤˋ ㄐㄧㄣ
戩穀,1,ㄐㄧㄢˇ ㄍㄨˇ
截截,1,ㄐㄧㄝˊ ㄐㄧㄝˊ
截收,1,ㄐㄧㄝˊ ㄕㄡ
截日,1,ㄐㄧㄝˊ ㄖˋ
截板,1,ㄐㄧㄝˊ ㄅㄢˇ
截流,1,ㄐㄧㄝˊ ㄌㄧㄡˊ
截癱,1,ㄐㄧㄝˊ ㄊㄢ
截路,1,ㄐㄧㄝˊ ㄌㄨˋ
截門,1,ㄐㄧㄝˊ ㄇㄣˊ
截髮,1,ㄐㄧㄝˊ ㄈㄚˇ
截齊,1,ㄐㄧㄝˊ ㄑㄧˊ
戮屍,1,ㄌㄨˋ ㄕ
戰兢,1,ㄓㄢˋ ㄐㄧㄥ
戰具,1,ㄓㄢˋ ㄐㄩˋ
戰守,1,ㄓㄢˋ ㄕㄡˇ
戰心,1,ㄓㄢˋ ㄒㄧㄣ
戰格,1,ㄓㄢˋ ㄍㄜˊ
戰糧,1,ㄓㄢˋ ㄌㄧㄤˊ
戰色,1,ㄓㄢˋ ㄙㄜˋ
戰表,1,ㄓㄢˋ ㄅㄧㄠˇ
戰裙,1,ㄓㄢˋ ㄑㄩㄣˊ
戲下,1,ㄏㄨㄟ ㄒㄧㄚˋ
戲具,1,ㄒㄧˋ ㄐㄩˋ
戲場,1,ㄒㄧˋ ㄔㄤˇ
戲弄,1,ㄒㄧˋ ㄋㄨㄥˋ
戲戟,1,ㄏㄨㄟ ㄐㄧˇ
戲房,1,ㄒㄧˋ ㄈㄤˊ
戲照,1,ㄒㄧˋ ㄓㄠˋ
戲目,1,ㄒㄧˋ ㄇㄨˋ
戲稱,1,ㄒㄧˋ ㄔㄥ
戲行,1,ㄒㄧˋ ㄏㄤˊ
戲衣,1,ㄒㄧˋ ㄧ
戲語,1,ㄒㄧˋ ㄩˇ
戲論,1,ㄒㄧˋ ㄌㄨㄣˋ
戲頭,1,ㄒㄧˋ ㄊㄡˊ
戲館,1,ㄒㄧˋ ㄍㄨㄢˇ
戳事,1,ㄔㄨㄛ ㄕˋ
戳燈,1,ㄔㄨㄛ ㄉㄥ
戳紗,1,ㄔㄨㄛ ㄕㄚ
戳舌,1,ㄔㄨㄛ ㄕㄜˊ
戴天,1,ㄉㄞˋ ㄊㄧㄢ
戴嵩,1,ㄉㄞˋ ㄙㄨㄥ
戴德,1,ㄉㄞˋ ㄉㄜˊ
戴星,1,ㄉㄞˋ ㄒㄧㄥ
戴白,1,ㄉㄞˋ ㄅㄞˊ
戴目,1,ㄉㄞˋ ㄇㄨˋ
戴禮,1,ㄉㄞˋ ㄌㄧˇ
戴笠,1,ㄉㄞˋ ㄌㄧˋ
戴聖,1,ㄉㄞˋ ㄕㄥˋ
戴逵,1,ㄉㄞˋ ㄎㄨㄟˊ
戶均,1,ㄏㄨˋ ㄐㄩㄣ
戶版,1,ㄏㄨˋ ㄅㄢˇ
戶牖,1,ㄏㄨˋ ㄧㄡˇ
戶說,1,ㄏㄨˋ ㄕㄨㄛ
戾天,1,ㄌㄧˋ ㄊㄧㄢ
戾止,1,ㄌㄧˋ ㄓˇ
房下,1,ㄈㄤˊ ㄒㄧㄚˋ
房分,1,ㄈㄤˊ ㄈㄣˋ
房基,1,ㄈㄤˊ ㄐㄧ
房奩,1,ㄈㄤˊ ㄌㄧㄢˊ
房宇,1,ㄈㄤˊ ㄩˇ
房官,1,ㄈㄤˊ ㄍㄨㄢ
房帖,1,ㄈㄤˊ ㄊㄧㄝˇ
房師,1,ㄈㄤˊ ㄕ
房族,1,ㄈㄤˊ ㄗㄨˊ
房書,1,ㄈㄤˊ ㄕㄨ
房櫳,1,ㄈㄤˊ ㄌㄨㄥˊ
房狀,1,ㄈㄤˊ ㄓㄨㄤˋ
房累,1,ㄈㄤˊ ㄌㄟˋ
房老,1,ㄈㄤˊ ㄌㄠˇ
房考,1,ㄈㄤˊ ㄎㄠˇ
房臥,1,ㄈㄤˊ ㄨㄛˋ
房艙,1,ㄈㄤˊ ㄘㄤ
房荒,1,ㄈㄤˊ ㄏㄨㄤ
房計,1,ㄈㄤˊ ㄐㄧˋ
房金,1,ㄈㄤˊ ㄐㄧㄣ
房闈,1,ㄈㄤˊ ㄨㄟˊ
房頭,1,ㄈㄤˊ ㄊㄡˊ
所事,1,ㄙㄨㄛˇ ㄕˋ
所伏,1,ㄙㄨㄛˇ ㄈㄨˊ
所司,1,ㄙㄨㄛˇ ㄙ
所天,1,ㄙㄨㄛˇ ㄊㄧㄢ
所欽,1,ㄙㄨㄛˇ ㄑㄧㄣ
所歡,1,ㄙㄨㄛˇ ㄏㄨㄢ
所為,1,ㄙㄨㄛˇ ㄨㄟˋ
所算,1,ㄙㄨㄛˇ ㄙㄨㄢˋ
所除,1,ㄙㄨㄛˇ ㄔㄨˊ
扁挑,1,ㄅㄧㄢˇ ㄊㄧㄠ
扁擔,1,ㄅㄧㄢˇ ㄉㄢ˙
扁桃,1,ㄅㄧㄢˇ ㄊㄠˊ
扁簪,1,ㄅㄧㄢˇ ㄗㄢ
扁蒲,1,ㄅㄧㄢˇ ㄆㄨˊ
扁食,1,ㄅㄧㄢˇ ㄕ˙
扁魚,1,ㄅㄧㄢˇ ㄩˊ
扁鼓,1,ㄅㄧㄢˇ ㄍㄨˇ
扃戶,1,ㄐㄩㄥ ㄏㄨˋ
扃扃,1,ㄐㄩㄥˇ ㄐㄩㄥˇ
扃絹,1,ㄐㄩㄥ ㄐㄩㄢˋ
扃鍵,1,ㄐㄩㄥ ㄐㄧㄢˋ
扃鐍,1,ㄐㄩㄥ ㄐㄩㄝˊ
扃門,1,ㄐㄩㄥ ㄇㄣˊ
扃關,1,ㄐㄩㄥ ㄍㄨㄢ
扆座,1,ㄧˇ ㄗㄨㄛˋ
扇對,1,ㄕㄢˋ ㄉㄨㄟˋ
扇揚,1,ㄕㄢ ㄧㄤˊ
扇牌,1,ㄕㄢˋ ㄆㄞˊ
扇誘,1,ㄕㄢ ㄧㄡˋ
扇車,1,ㄕㄢˋ ㄔㄜ
扇面,1,ㄕㄢˋ ㄇㄧㄢˋ
扇馬,1,ㄕㄢˋ ㄇㄚˇ
扈帶,1,ㄏㄨˋ ㄉㄞˋ
扈扈,1,ㄏㄨˋ ㄏㄨˋ
扈蹕,1,ㄏㄨˋ ㄅㄧˋ
扈養,1,ㄏㄨˋ ㄧㄤˇ
扈駕,1,ㄏㄨˋ ㄐㄧㄚˋ
扉畫,1,ㄈㄟ ㄏㄨㄚˋ
扊扅,1,ㄧㄢˇ ㄧˊ
手作,1,ㄕㄡˇ ㄗㄨㄛ
手刺,1,ㄕㄡˇ ㄘˋ
手匣,1,ㄕㄡˇ ㄒㄧㄚˊ
手卷,1,ㄕㄡˇ ㄐㄩㄢˇ
手帖,1,ㄕㄡˇ ㄊㄧㄝˇ
手快,1,ㄕㄡˇ ㄎㄨㄞˋ
手扶,1,ㄕㄡˇ ㄈㄨˊ
手批,1,ㄕㄡˇ ㄆㄧ
手技,1,ㄕㄡˇ ㄐㄧˋ
手拖,1,ㄕㄡˇ ㄊㄨㄛ
手榜,1,ㄕㄡˇ ㄅㄤˇ
手泐,1,ㄕㄡˇ ㄌㄜˋ
手滑,1,ㄕㄡˇ ㄏㄨㄚˊ
手澤,1,ㄕㄡˇ ㄗㄜˊ
手照,1,ㄕㄡˇ ㄓㄠˋ
手爐,1,ㄕㄡˇ ㄌㄨˊ
手爪,1,ㄕㄡˇ ㄓㄠˇ
手版,1,ㄕㄡˇ ㄅㄢˇ
手癬,1,ㄕㄡˇ ㄒㄧㄢˇ
手白,1,ㄕㄡˇ ㄅㄞˊ
手眼,1,ㄕㄡˇ ㄧㄢˇ
手策,1,ㄕㄡˇ ㄘㄜˋ
手籠,1,ㄕㄡˇ ㄌㄨㄥˊ
手翰,1,ㄕㄡˇ ㄏㄢˋ
手袋,1,ㄕㄡˇ ㄉㄞˋ
手記,1,ㄕㄡˇ ㄐㄧˋ
手車,1,ㄕㄡˇ ㄔㄜ
手面,1,ㄕㄡˇ ㄇㄧㄢˋ
手黏,1,ㄕㄡˇ ㄋㄧㄢˊ
手鼓,1,ㄕㄡˇ ㄍㄨˇ
才人,1,ㄘㄞˊ ㄖㄣˊ
才士,1,ㄘㄞˊ ㄕˋ
才始,1,ㄘㄞˊ ㄕˇ
才媛,1,ㄘㄞˊ ㄩㄢˋ
才守,1,ㄘㄞˊ ㄕㄡˇ
才悟,1,ㄘㄞˊ ㄨˋ
才料,1,ㄘㄞˊ ㄌㄧㄠˋ
才筆,1,ㄘㄞˊ ㄅㄧˇ
才色,1,ㄘㄞˊ ㄙㄜˋ
才藻,1,ㄘㄞˊ ㄗㄠˇ
才語,1,ㄘㄞˊ ㄩˇ
才調,1,ㄘㄞˊ ㄉㄧㄠˋ
才難,1,ㄘㄞˊ ㄋㄢˊ
扎乎,1,ㄓㄚ ㄏㄨ˙
扎住,1,ㄓㄚˇ ㄓㄨˋ
扎嘴,1,ㄓㄚ ㄗㄨㄟˇ
扎堆,1,ㄓㄚ ㄉㄨㄟ
扎墊,1,ㄓㄚˊ ㄉㄧㄢˋ
扎實,1,ㄓㄚ ㄕ˙
扎心,1,ㄓㄚ ㄒㄧㄣ
扎括,1,ㄓㄚˊ ㄍㄨㄚ
扎掂,1,ㄓㄚˊ ㄉㄧㄢ
扎掙,1,ㄓㄚˊ ㄓㄥ˙
扎撒,1,ㄓㄚ ㄙㄚˇ
扎槍,1,ㄓㄚ ㄑㄧㄤ
扎煞,1,ㄓㄚ ㄕㄚ˙
扎縛,1,ㄓㄚˊ ㄈㄨˊ
扎腳,1,ㄓㄚˊ ㄐㄧㄠˇ
扎花,1,ㄓㄚ ㄏㄨㄚ
扎草,1,ㄓㄚ ㄘㄠˇ
扑撻,1,ㄆㄨ ㄊㄚˋ
扒上,1,ㄆㄚˊ ㄕㄤ˙
扒城,1,ㄆㄚˊ ㄔㄥˊ
扒房,1,ㄅㄚ ㄈㄤˊ
扒拉,1,ㄅㄚ ㄌㄚ˙
扒拉,1,ㄆㄚˊ ㄌㄚ˙
扒推,1,ㄆㄚˊ ㄊㄨㄟ
扒沙,1,ㄆㄚˊ ㄕㄚ
扒犁,1,ㄆㄚˊ ㄌㄧ˙
扒糕,1,ㄆㄚˊ ㄍㄠ
扒飯,1,ㄆㄚˊ ㄈㄢˋ
扒魯,1,ㄅㄚ ㄌㄨˇ
打七,1,ㄉㄚˇ ㄑㄧ
打乖,1,ㄉㄚˇ ㄍㄨㄞ
打交,1,ㄉㄚˇ ㄐㄧㄠ
打仔,1,ㄉㄚˇ ㄗㄞˇ
打令,1,ㄉㄚˇ ㄌㄧㄥˋ
打仰,1,ㄉㄚˇ ㄧㄤˇ
打伙,1,ㄉㄚˇ ㄏㄨㄛˇ
打併,1,ㄉㄚˇ ㄅㄧㄥˋ
打供,1,ㄉㄚˇ ㄍㄨㄥˋ
打僉,1,ㄉㄚˇ ㄑㄧㄢ
打價,1,ㄉㄚˇ ㄐㄧㄚˋ
打勘,1,ㄉㄚˇ ㄎㄢ
打化,1,ㄉㄚˇ ㄏㄨㄚˋ
打千,1,ㄉㄚˇ ㄑㄧㄢ
打博,1,ㄉㄚˇ ㄅㄛˊ
打卦,1,ㄉㄚˇ ㄍㄨㄚˋ
打卯,1,ㄉㄚˇ ㄇㄠˇ
打參,1,ㄉㄚˇ ㄘㄢ
打叉,1,ㄉㄚˇ ㄔㄚ
打合,1,ㄉㄚˇ ㄏㄜˊ
打吵,1,ㄉㄚˇ ㄔㄠˇ
打和,1,ㄉㄚˇ ㄏㄨㄛˋ
打哄,1,ㄉㄚˇ ㄏㄨㄥˇ
打哨,1,ㄉㄚˇ ㄕㄠˋ
打哩,1,ㄉㄚˇ ㄌㄧ
打問,1,ㄉㄚˇ ㄨㄣˋ
打喚,1,ㄉㄚˇ ㄏㄨㄢˋ
打嗤,1,ㄉㄚˇ ㄔ
打噎,1,ㄉㄚˇ ㄧㄝ
打噤,1,ㄉㄚˇ ㄐㄧㄣˋ
打圍,1,ㄉㄚˇ ㄨㄟˊ
打團,1,ㄉㄚˇ ㄊㄨㄢˊ
打坑,1,ㄉㄚˇ ㄎㄥ
打垛,1,ㄉㄚˇ ㄉㄨㄛˇ
打外,1,ㄉㄚˇ ㄨㄞˋ
打夢,1,ㄉㄚˇ ㄇㄥˋ
打夥,1,ㄉㄚˇ ㄏㄨㄛˇ
打夯,1,ㄉㄚˇ ㄏㄤ
打套,1,ㄉㄚˇ ㄊㄠˋ
打奪,1,ㄉㄚˇ ㄉㄨㄛˊ
打寒,1,ㄉㄚˇ ㄏㄢˊ
打就,1,ㄉㄚˇ ㄐㄧㄡˋ
打尾,1,ㄉㄚˇ ㄨㄟˇ
打屁,1,ㄉㄚˇ ㄆㄧˋ
打帳,1,ㄉㄚˇ ㄓㄤˋ
打幌,1,ㄉㄚˇ ㄏㄨㄤˋ
打幡,1,ㄉㄚˇ ㄈㄢ
打平,1,ㄉㄚˇ ㄆㄧㄥˊ
打并,1,ㄉㄚˇ ㄅㄧㄥˋ
打幹,1,ㄉㄚˇ ㄍㄢˋ
打彈,1,ㄉㄚˇ ㄉㄢˋ
打恭,1,ㄉㄚˇ ㄍㄨㄥ
打悲,1,ㄉㄚˇ ㄅㄟ
打情,1,ㄉㄚˇ ㄑㄧㄥˊ
打愣,1,ㄉㄚˇ ㄌㄥˋ
打慘,1,ㄉㄚˇ ㄘㄢˇ
打截,1,ㄉㄚˇ ㄐㄧㄝˊ
打扇,1,ㄉㄚˇ ㄕㄢˋ
打扦,1,ㄉㄚˇ ㄑㄧㄢ
打抹,1,ㄉㄚˇ ㄇㄛˇ
打招,1,ㄉㄚˇ ㄓㄠ
打拴,1,ㄉㄚˇ ㄕㄨㄢ
打拷,1,ㄉㄚˇ ㄎㄠˇ
打挾,1,ㄉㄚˇ ㄐㄧㄚˊ
打捏,1,ㄉㄚˇ ㄋㄧㄝ
打捕,1,ㄉㄚˇ ㄅㄨˇ
打捱,1,ㄉㄚˇ ㄞˊ
打掙,1,ㄉㄚˇ ㄓㄥ
打換,1,ㄉㄚˇ ㄏㄨㄢˋ
打揭,1,ㄉㄚˇ ㄐㄧㄝ
打揲,1,ㄉㄚˇ ㄕㄜˊ
打摑,1,ㄉㄚˇ ㄍㄨㄛˊ
打摸,1,ㄉㄚˇ ㄇㄛ
打摺,1,ㄉㄚˇ ㄓㄜˊ
打撅,1,ㄉㄚˇ ㄐㄩㄝ
打撇,1,ㄉㄚˇ ㄆㄧㄝ
打撐,1,ㄉㄚˇ ㄔㄥ
打撲,1,ㄉㄚˇ ㄆㄨ
打攏,1,ㄉㄚˇ ㄌㄨㄥˇ
打攔,1,ㄉㄚˇ ㄌㄢˊ
打攙,1,ㄉㄚˇ ㄔㄢ
打攙,1,ㄉㄚˇ ㄔㄢˊ
打攛,1,ㄉㄚˇ ㄘㄨㄢ
打救,1,ㄉㄚˇ ㄐㄧㄡˋ
打敖,1,ㄉㄚˇ ㄠˊ
打散,1,ㄉㄚˇ ㄙㄢˇ
打數,1,ㄉㄚˇ ㄕㄨˋ
打料,1,ㄉㄚˇ ㄌㄧㄠˋ
打旋,1,ㄉㄚˇ ㄒㄩㄢˊ
打早,1,ㄉㄚˇ ㄗㄠˇ
打春,1,ㄉㄚˇ ㄔㄨㄣ
打暖,1,ㄉㄚˇ ㄋㄨㄢˇ
打枷,1,ㄉㄚˇ ㄐㄧㄚ
打桃,1,ㄉㄚˇ ㄊㄠˊ
打槳,1,ㄉㄚˇ ㄐㄧㄤˇ
打橫,1,ㄉㄚˇ ㄏㄥˊ
打殺,1,ㄉㄚˇ ㄕㄚ
打比,1,ㄉㄚˇ ㄅㄧˇ
打泡,1,ㄉㄚˇ ㄆㄠˋ
打渲,1,ㄉㄚˇ ㄒㄩㄢˋ
打渾,1,ㄉㄚˇ ㄏㄨㄣˋ
打滅,1,ㄉㄚˇ ㄇㄧㄝˋ
打灘,1,ㄉㄚˇ ㄊㄢ
打熬,1,ㄉㄚˇ ㄠˊ
打熱,1,ㄉㄚˇ ㄖㄜˋ
打爻,1,ㄉㄚˇ ㄧㄠˊ
打牲,1,ㄉㄚˇ ㄕㄥ
打狗,1,ㄉㄚˇ ㄍㄡˇ
打瓦,1,ㄉㄚˇ ㄨㄚˇ
打生,1,ㄉㄚˇ ㄕㄥ
打當,1,ㄉㄚˇ ㄉㄤ
打疾,1,ㄉㄚˇ ㄐㄧˊ
打發,1,ㄉㄚˇ ㄈㄚ˙
打看,1,ㄉㄚˇ ㄎㄢˋ
打睃,1,ㄉㄚˇ ㄐㄩㄣˋ
打睡,1,ㄉㄚˇ ㄕㄨㄟˋ
打瞳,1,ㄉㄚˇ ㄊㄨㄥˊ
打短,1,ㄉㄚˇ ㄉㄨㄢˇ
打砌,1,ㄉㄚˇ ㄑㄧˋ
打碑,1,ㄉㄚˇ ㄅㄟ
打祭,1,ㄉㄚˇ ㄐㄧˋ
打禪,1,ㄉㄚˇ ㄔㄢˊ
打稻,1,ㄉㄚˇ ㄉㄠˋ
打空,1,ㄉㄚˇ ㄎㄨㄥ
打競,1,ㄉㄚˇ ㄐㄧㄥˋ
打簇,1,ㄉㄚˇ ㄘㄨˋ
打粗,1,ㄉㄚˇ ㄘㄨ
打糧,1,ㄉㄚˇ ㄌㄧㄤˊ
打細,1,ㄉㄚˇ ㄒㄧˋ
打網,1,ㄉㄚˇ ㄨㄤˇ
打總,1,ㄉㄚˇ ㄗㄨㄥˇ
打繖,1,ㄉㄚˇ ㄙㄢˇ
打罕,1,ㄉㄚˇ ㄏㄢˇ
打羅,1,ㄉㄚˇ ㄌㄨㄛˊ
打考,1,ㄉㄚˇ ㄎㄠˇ
打背,1,ㄉㄚˇ ㄅㄟˋ
打脊,1,ㄉㄚˇ ㄐㄧˇ
打脫,1,ㄉㄚˇ ㄊㄨㄛ
打腳,1,ㄉㄚˇ ㄐㄧㄠˇ
打花,1,ㄉㄚˇ ㄏㄨㄚ
打茶,1,ㄉㄚˇ ㄔㄚˊ
打著,1,ㄉㄚˇ ㄓㄠˊ
打藥,1,ㄉㄚˇ ㄧㄠˋ
打虎,1,ㄉㄚˇ ㄏㄨˇ
打製,1,ㄉㄚˇ ㄓˋ
打要,1,ㄉㄚˇ ㄧㄠˋ
打視,1,ㄉㄚˇ ㄕˋ
打覷,1,ㄉㄚˇ ㄑㄩˋ
打詐,1,ㄉㄚˇ ㄓㄚˋ
打試,1,ㄉㄚˇ ㄕˋ
打話,1,ㄉㄚˇ ㄏㄨㄚˋ
打調,1,ㄉㄚˇ ㄊㄧㄠˊ
打諒,1,ㄉㄚˇ ㄌㄧㄤˋ
打諢,1,ㄉㄚˇ ㄏㄨㄣˋ
打謊,1,ㄉㄚˇ ㄏㄨㄤˇ
打謎,1,ㄉㄚˇ ㄇㄧˊ
打賞,1,ㄉㄚˇ ㄕㄤˇ
打趁,1,ㄉㄚˇ ㄔㄣˋ
打跌,1,ㄉㄚˇ ㄉㄧㄝˊ
打跳,1,ㄉㄚˇ ㄊㄧㄠˋ
打踅,1,ㄉㄚˇ ㄒㄩㄝˊ
打蹔,1,ㄉㄚˇ ㄓㄢˋ
打躉,1,ㄉㄚˇ ㄉㄨㄣˇ
打轎,1,ㄉㄚˇ ㄐㄧㄠˋ
打迭,1,ㄉㄚˇ ㄉㄧㄝˊ
打選,1,ㄉㄚˇ ㄒㄩㄢˇ
打醮,1,ㄉㄚˇ ㄐㄧㄠˋ
打鋪,1,ㄉㄚˇ ㄆㄨˋ
打錢,1,ㄉㄚˇ ㄑㄧㄢˊ
打鍋,1,ㄉㄚˇ ㄍㄨㄛ
打閒,1,ㄉㄚˇ ㄒㄧㄢˊ
打降,1,ㄉㄚˇ ㄐㄧㄤˋ
打馬,1,ㄉㄚˇ ㄇㄚˇ
打鬨,1,ㄉㄚˇ ㄏㄨㄥˋ
打鳴,1,ㄉㄚˇ ㄇㄧㄥˊ
打麤,1,ㄉㄚˇ ㄘㄨ
打點,1,ㄉㄚˇ ㄉㄧㄢ˙
打齁,1,ㄉㄚˇ ㄏㄡ
打齋,1,ㄉㄚˇ ㄓㄞ
打齪,1,ㄉㄚˇ ㄔㄨㄛˋ
扔崩,1,ㄖㄥ ㄅㄥ
托地,1,ㄊㄨㄛ ㄉㄧˋ
托墨,1,ㄊㄨㄛ ㄇㄛˋ
托大,1,ㄊㄨㄛ ㄉㄚˋ
托子,1,ㄊㄨㄛ ㄗ˙
托實,1,ㄊㄨㄛ ㄕˊ
托幼,1,ㄊㄨㄛ ㄧㄡˋ
托熟,1,ㄊㄨㄛ ㄕㄨˊ
托生,1,ㄊㄨㄛ ㄕㄥ
托育,1,ㄊㄨㄛ ㄩˋ
托胎,1,ㄊㄨㄛ ㄊㄞ
托腮,1,ㄊㄨㄛ ㄙㄞ
托膽,1,ㄊㄨㄛ ㄉㄢˇ
托色,1,ㄊㄨㄛ ㄙㄜˋ
托葉,1,ㄊㄨㄛ ㄧㄝˋ
托賴,1,ㄊㄨㄛ ㄌㄞˋ
托足,1,ㄊㄨㄛ ㄗㄨˊ
托領,1,ㄊㄨㄛ ㄌㄧㄥˇ
扛喪,1,ㄎㄤˊ ㄙㄤ
扛夫,1,ㄎㄤˊ ㄈㄨ
扛活,1,ㄎㄤˊ ㄏㄨㄛˊ
扛頭,1,ㄎㄤˊ ㄊㄡˊ
扛鼎,1,ㄍㄤ ㄉㄧㄥˇ
扞蔽,1,ㄏㄢˋ ㄅㄧˋ
扞衛,1,ㄏㄢˋ ㄨㄟˋ
扠手,1,ㄔㄚ ㄕㄡˇ
扠腰,1,ㄔㄚ ㄧㄠ
扣剋,1,ㄎㄡˋ ㄎㄜˋ
扣子,1,ㄎㄡˋ ㄗ˙
扣廳,1,ㄎㄡˋ ㄊㄧㄥ
扣擊,1,ㄎㄡˋ ㄐㄧˊ
扣考,1,ㄎㄡˋ ㄎㄠˇ
扣舷,1,ㄎㄡˋ ㄒㄧㄢˊ
扣邊,1,ㄎㄡˋ ㄅㄧㄢ
扣頭,1,ㄎㄡˋ ㄊㄡˊ
扣頭,1,ㄎㄡˋ ㄊㄡ˙
扣題,1,ㄎㄡˋ ㄊㄧˊ
扣馬,1,ㄎㄡˋ ㄇㄚˇ
扦子,1,ㄑㄧㄢ ㄗ˙
扦手,1,ㄑㄧㄢ ㄕㄡˇ
扦腳,1,ㄑㄧㄢ ㄐㄧㄠˇ
扭別,1,ㄋㄧㄡˇ ㄅㄧㄝˊ
扭勁,1,ㄋㄧㄡˇ ㄐㄧㄣˋ
扭搜,1,ㄋㄧㄡˇ ㄙㄡ
扭搭,1,ㄋㄧㄡˇ ㄉㄚ˙
扭腔,1,ㄋㄧㄡˇ ㄑㄧㄤ
扭虧,1,ㄋㄧㄡˇ ㄎㄨㄟ
扭項,1,ㄋㄧㄡˇ ㄒㄧㄤˋ
扮戲,1,ㄅㄢˋ ㄒㄧˋ
扯勸,1,ㄔㄜˇ ㄑㄩㄢˋ
扯呼,1,ㄔㄜˇ ㄏㄨ
扯手,1,ㄔㄜˇ ㄕㄡ˙
扯撮,1,ㄔㄜˇ ㄘㄨㄛˋ
扯曳,1,ㄔㄜˇ ㄧˋ
扯皮,1,ㄔㄜˇ ㄆㄧˊ
扯票,1,ㄔㄜˇ ㄆㄧㄠˋ
扯筋,1,ㄔㄜˇ ㄐㄧㄣ
扯縴,1,ㄔㄜˇ ㄑㄧㄢˋ
扯腿,1,ㄔㄜˇ ㄊㄨㄟˇ
扯臊,1,ㄔㄜˇ ㄙㄠˋ
扯落,1,ㄔㄜˇ ㄌㄨㄛ˙
扯頭,1,ㄔㄜˇ ㄊㄡˊ
扯麵,1,ㄔㄜˇ ㄇㄧㄢˋ
扱鞋,1,ㄒㄧ ㄒㄧㄝˊ
扳價,1,ㄅㄢ ㄐㄧㄚˋ
扳厚,1,ㄆㄢ ㄏㄡˋ
扳回,1,ㄅㄢ ㄏㄨㄟˊ
扳壺,1,ㄅㄢ ㄏㄨˊ
扳害,1,ㄅㄢ ㄏㄞˋ
扳扯,1,ㄅㄢ ㄔㄜˇ
扳指,1,ㄅㄢ ㄓˇ
扳本,1,ㄅㄢ ㄅㄣˇ
扳留,1,ㄆㄢ ㄌㄧㄡˊ
扳罾,1,ㄅㄢ ㄗㄥ
扳翻,1,ㄅㄢ ㄈㄢ
扳話,1,ㄆㄢ ㄏㄨㄚˋ
扳談,1,ㄆㄢ ㄊㄢˊ
扳障,1,ㄅㄢ ㄓㄤˋ
扶丞,1,ㄈㄨˊ ㄔㄥˊ
扶伏,1,ㄈㄨˊ ㄈㄨˊ
扶側,1,ㄈㄨˊ ㄘㄜˋ
扶同,1,ㄈㄨˊ ㄊㄨㄥˊ
扶將,1,ㄈㄨˊ ㄐㄧㄤ
扶床,1,ㄈㄨˊ ㄔㄨㄤˊ
扶引,1,ㄈㄨˊ ㄧㄣˇ
扶手,1,ㄈㄨˊ ㄕㄡ˙
扶掖,1,ㄈㄨˊ ㄧㄝˋ
扶立,1,ㄈㄨˊ ㄌㄧˋ
扶竹,1,ㄈㄨˊ ㄓㄨˊ
扶筇,1,ㄈㄨˊ ㄑㄩㄥˊ
扶策,1,ㄈㄨˊ ㄘㄜˋ
扶箕,1,ㄈㄨˊ ㄐㄧ
扶綱,1,ㄈㄨˊ ㄍㄤ
扶義,1,ㄈㄨˊ ㄧˋ
扶老,1,ㄈㄨˊ ㄌㄠˇ
扶腰,1,ㄈㄨˊ ㄧㄠ
扶輿,1,ㄈㄨˊ ㄩˊ
扶頭,1,ㄈㄨˊ ㄊㄡˊ
扶風,1,ㄈㄨˊ ㄈㄥ
扶鸞,1,ㄈㄨˊ ㄌㄨㄢˊ
批件,1,ㄆㄧ ㄐㄧㄢˋ
批價,1,ㄆㄧ ㄐㄧㄚˋ
批削,1,ㄆㄧ ㄒㄩㄝˋ
批命,1,ㄆㄧ ㄇㄧㄥˋ
批單,1,ㄆㄧ ㄉㄢ
批子,1,ㄆㄧ ㄗ˙
批尸,1,ㄆㄧ ㄕ
批抹,1,ㄆㄧ ㄇㄛˇ
批撥,1,ㄆㄧ ㄅㄛ
批書,1,ㄆㄧ ㄕㄨ
批條,1,ㄆㄧ ㄊㄧㄠˊ
批胸,1,ㄆㄧ ㄒㄩㄥ
批行,1,ㄆㄧ ㄒㄧㄥˊ
批詔,1,ㄆㄧ ㄓㄠˋ
批較,1,ㄆㄧ ㄐㄧㄠˋ
批轉,1,ㄆㄧ ㄓㄨㄢˇ
批辦,1,ㄆㄧ ㄅㄢˋ
批迴,1,ㄆㄧ ㄏㄨㄟˊ
批銷,1,ㄆㄧ ㄒㄧㄠ
批頭,1,ㄆㄧ ㄊㄡˊ
批頰,1,ㄆㄧ ㄐㄧㄚˊ
批首,1,ㄆㄧ ㄕㄡˇ
扺掌,1,ㄓˇ ㄓㄤˇ
扼制,1,ㄜˋ ㄓˋ
扼吭,1,ㄜˋ ㄏㄤˊ
扼臂,1,ㄜˋ ㄅㄧˋ
扼虎,1,ㄜˋ ㄏㄨˇ
找價,1,ㄓㄠˇ ㄐㄧㄚˋ
找尋,1,ㄓㄠˇ ㄒㄩㄣ˙
找帳,1,ㄓㄠˇ ㄓㄤˋ
找絕,1,ㄓㄠˇ ㄐㄩㄝˊ
找補,1,ㄓㄠˇ ㄅㄨ˙
找轍,1,ㄓㄠˇ ㄓㄜˊ
找頭,1,ㄓㄠˇ ㄊㄡ˙
承乏,1,ㄔㄥˊ ㄈㄚˊ
承任,1,ㄔㄥˊ ㄖㄣˋ
承修,1,ㄔㄥˊ ㄒㄧㄡ
承值,1,ㄔㄥˊ ㄓˊ
承兌,1,ㄔㄥˊ ㄉㄨㄟˋ
承務,1,ㄔㄥˊ ㄨˋ
承問,1,ㄔㄥˊ ㄨㄣˋ
承嗣,1,ㄔㄥˊ ㄙˋ
承基,1,ㄔㄥˊ ㄐㄧ
承奉,1,ㄔㄥˊ ㄈㄥˋ
承宣,1,ㄔㄥˊ ㄒㄩㄢ
承寵,1,ㄔㄥˊ ㄔㄨㄥˇ
承局,1,ㄔㄥˊ ㄐㄩˊ
承差,1,ㄔㄥˊ ㄔㄞ
承恩,1,ㄔㄥˊ ㄣ
承意,1,ㄔㄥˊ ㄧˋ
承應,1,ㄔㄥˊ ㄧㄥˋ
承教,1,ㄔㄥˊ ㄐㄧㄠˋ
承旨,1,ㄔㄥˊ ㄓˇ
承望,1,ㄔㄥˊ ㄨㄤˋ
承直,1,ㄔㄥˊ ㄓˊ
承睫,1,ㄔㄥˊ ㄐㄧㄝˊ
承祧,1,ㄔㄥˊ ㄊㄧㄠ
承籍,1,ㄔㄥˊ ㄐㄧˊ
承續,1,ㄔㄥˊ ㄒㄩˋ
承翼,1,ㄔㄥˊ ㄧˋ
承蜩,1,ㄔㄥˊ ㄊㄧㄠˊ
承行,1,ㄔㄥˊ ㄒㄧㄥˊ
承讓,1,ㄔㄥˊ ㄖㄤˋ
承購,1,ㄔㄥˊ ㄍㄡˋ
承起,1,ㄔㄥˊ ㄑㄧˇ
承轉,1,ㄔㄥˊ ㄓㄨㄢˇ
承迎,1,ㄔㄥˊ ㄧㄥˊ
承霤,1,ㄔㄥˊ ㄌㄧㄡˋ
承露,1,ㄔㄥˊ ㄌㄨˋ
承順,1,ㄔㄥˊ ㄕㄨㄣˋ
承題,1,ㄔㄥˊ ㄊㄧˊ
承顏,1,ㄔㄥˊ ㄧㄢˊ
抃悅,1,ㄅㄧㄢˋ ㄩㄝˋ
抃手,1,ㄅㄧㄢˋ ㄕㄡˇ
抃掌,1,ㄅㄧㄢˋ ㄓㄤˇ
抃笑,1,ㄅㄧㄢˋ ㄒㄧㄠˋ
抃舞,1,ㄅㄧㄢˋ ㄨˇ
抃踴,1,ㄅㄧㄢˋ ㄩㄥˇ
抄事,1,ㄔㄠ ㄕˋ
抄件,1,ㄔㄠ ㄐㄧㄢˋ
抄估,1,ㄔㄠ ㄍㄨ
抄化,1,ㄔㄠ ㄏㄨㄚˋ
抄奪,1,ㄔㄠ ㄉㄨㄛˊ
抄扎,1,ㄔㄠ ㄓㄚˊ
抄掇,1,ㄔㄠ ㄉㄨㄛˊ
抄掠,1,ㄔㄠ ㄌㄩㄝˋ
抄搶,1,ㄔㄠ ㄑㄧㄤˇ
抄撮,1,ㄔㄠ ㄘㄨㄛˋ
抄斬,1,ㄔㄠ ㄓㄢˇ
抄札,1,ㄔㄠ ㄓㄚˊ
抄殺,1,ㄔㄠ ㄕㄚ
抄球,1,ㄔㄠ ㄑㄧㄡˊ
抄用,1,ㄔㄠ ㄩㄥˋ
抄發,1,ㄔㄠ ㄈㄚ
抄白,1,ㄔㄠ ㄅㄞˊ
抄籍,1,ㄔㄠ ㄐㄧˊ
抄紙,1,ㄔㄠ ㄓˇ
抄胥,1,ㄔㄠ ㄒㄩ
抄臺,1,ㄔㄠ ㄊㄞˊ
抄賭,1,ㄔㄠ ㄉㄨˇ
抄身,1,ㄔㄠ ㄕㄣ
抄轉,1,ㄔㄠ ㄓㄨㄢˇ
抄送,1,ㄔㄠ ㄙㄨㄥˋ
抄造,1,ㄔㄠ ㄗㄠˋ
抄陳,1,ㄔㄠ ㄔㄣˊ
抉剔,1,ㄐㄩㄝˊ ㄊㄧ
抉擿,1,ㄐㄩㄝˊ ㄊㄧˋ
抉目,1,ㄐㄩㄝˊ ㄇㄨˋ
把下,1,ㄅㄚˇ ㄒㄧㄚˋ
把似,1,ㄅㄚˇ ㄙˋ
把位,1,ㄅㄚˇ ㄨㄟˋ
把作,1,ㄅㄚˇ ㄗㄨㄛˋ
把來,1,ㄅㄚˇ ㄌㄞˊ
把做,1,ㄅㄚˇ ㄗㄨㄛˋ
把勢,1,ㄅㄚˇ ㄕ˙
把卷,1,ㄅㄚˇ ㄐㄩㄢˋ
把口,1,ㄅㄚˇ ㄎㄡˇ
把場,1,ㄅㄚˇ ㄔㄤˊ
把如,1,ㄅㄚˇ ㄖㄨˊ
把子,1,ㄅㄚˋ ㄗ˙
把定,1,ㄅㄚˇ ㄉㄧㄥˋ
把弄,1,ㄅㄚˇ ㄋㄨㄥˋ
把式,1,ㄅㄚˇ ㄕ˙
把把,1,ㄅㄚˇ ㄅㄚ˙
把捉,1,ㄅㄚˇ ㄓㄨㄛ
把攬,1,ㄅㄚˇ ㄌㄢ˙
把斂,1,ㄅㄚˇ ㄌㄧㄢ˙
把斷,1,ㄅㄚˇ ㄉㄨㄢˋ
把杯,1,ㄅㄚˇ ㄅㄟ
把權,1,ㄅㄚˇ ㄑㄩㄢˊ
把滑,1,ㄅㄚˇ ㄏㄨㄚˊ
把牢,1,ㄅㄚˇ ㄌㄠˊ
把猾,1,ㄅㄚˇ ㄏㄨㄚˊ
把筆,1,ㄅㄚˇ ㄅㄧˇ
把素,1,ㄅㄚˇ ㄙㄨˋ
把細,1,ㄅㄚˇ ㄒㄧˋ
把總,1,ㄅㄚˇ ㄗㄨㄥˇ
把脈,1,ㄅㄚˇ ㄇㄞˋ
把臂,1,ㄅㄚˇ ㄅㄧˋ
把色,1,ㄅㄚˇ ㄙㄜˋ
把街,1,ㄅㄚˇ ㄐㄧㄝ
把袂,1,ㄅㄚˇ ㄇㄟˋ
把話,1,ㄅㄚˇ ㄏㄨㄚˋ
把賣,1,ㄅㄚˇ ㄇㄞˋ
把錢,1,ㄅㄚˇ ㄑㄧㄢˊ
把麻,1,ㄅㄚˇ ㄇㄚˊ
把麼,1,ㄅㄚˇ ㄇㄜ˙
把鼻,1,ㄅㄚˇ ㄅㄧˊ
把齋,1,ㄅㄚˇ ㄓㄞ
抑且,1,ㄧˋ ㄑㄧㄝˇ
抑割,1,ㄧˋ ㄍㄜ
抑勒,1,ㄧˋ ㄌㄜˋ
抑塞,1,ㄧˋ ㄙㄜˋ
抑抑,1,ㄧˋ ㄧˋ
抑損,1,ㄧˋ ㄙㄨㄣˇ
抑搔,1,ㄧˋ ㄙㄠ
抑遏,1,ㄧˋ ㄜˋ
抒寫,1,ㄕㄨ ㄒㄧㄝˇ
抒放,1,ㄕㄨ ㄈㄤˋ
抓乖,1,ㄓㄨㄚ ㄍㄨㄞ
抓周,1,ㄓㄨㄚ ㄓㄡ
抓哏,1,ㄓㄨㄚ ㄍㄣˊ
抓尋,1,ㄓㄨㄚ ㄒㄩㄣˊ
抓弄,1,ㄓㄨㄚ ㄋㄨㄥˋ
抓彩,1,ㄓㄨㄚ ㄘㄞˇ
抓撓,1,ㄓㄨㄚ ㄋㄠ˙
抓權,1,ㄓㄨㄚ ㄑㄩㄢˊ
抓膘,1,ㄓㄨㄚ ㄅㄧㄠ
抓週,1,ㄓㄨㄚ ㄓㄡ
抓髻,1,ㄓㄨㄚ ㄐㄧˋ
抓鬮,1,ㄓㄨㄚ ㄐㄧㄡ
抔土,1,ㄆㄡˊ ㄊㄨˇ
抔飲,1,ㄆㄡˊ ㄧㄣˇ
投事,1,ㄊㄡˊ ㄕˋ
投供,1,ㄊㄡˊ ㄍㄨㄥ
投分,1,ㄊㄡˊ ㄈㄣˋ
投刺,1,ㄊㄡˊ ㄘˋ
投劾,1,ㄊㄡˊ ㄏㄜˊ
投告,1,ㄊㄡˊ ㄍㄠˋ
投命,1,ㄊㄡˊ ㄇㄧㄥˋ
投地,1,ㄊㄡˊ ㄉㄧˋ
投壺,1,ㄊㄡˊ ㄏㄨˊ
投央,1,ㄊㄡˊ ㄧㄤ
投奔,1,ㄊㄡˊ ㄅㄣˋ
投子,1,ㄊㄡˊ ㄗ˙
投師,1,ㄊㄡˊ ㄕ
投心,1,ㄊㄡˊ ㄒㄧㄣ
投戈,1,ㄊㄡˊ ㄍㄜ
投托,1,ㄊㄡˊ ㄊㄨㄛ
投拜,1,ㄊㄡˊ ㄅㄞˋ
投斧,1,ㄊㄡˊ ㄈㄨˇ
投明,1,ㄊㄡˊ ㄇㄧㄥˊ
投晚,1,ㄊㄡˊ ㄨㄢˇ
投暮,1,ㄊㄡˊ ㄇㄨˋ
投杼,1,ㄊㄡˊ ㄓㄨˋ
投槍,1,ㄊㄡˊ ㄑㄧㄤ
投止,1,ㄊㄡˊ ㄓˇ
投步,1,ㄊㄡˊ ㄅㄨˋ
投死,1,ㄊㄡˊ ㄙˇ
投江,1,ㄊㄡˊ ㄐㄧㄤ
投洽,1,ㄊㄡˊ ㄒㄧㄚˊ
投牌,1,ㄊㄡˊ ㄆㄞˊ
投獻,1,ㄊㄡˊ ㄒㄧㄢˋ
投現,1,ㄊㄡˊ ㄒㄧㄢˋ
投瓊,1,ㄊㄡˊ ㄑㄩㄥˊ
投瓜,1,ㄊㄡˊ ㄍㄨㄚ
投監,1,ㄊㄡˊ ㄐㄧㄢ
投策,1,ㄊㄡˊ ㄘㄜˋ
投簪,1,ㄊㄡˊ ㄗㄢ
投繯,1,ㄊㄡˊ ㄏㄨㄢˊ
投老,1,ㄊㄡˊ ㄌㄠˇ
投至,1,ㄊㄡˊ ㄓˋ
投荒,1,ㄊㄡˊ ㄏㄨㄤ
投袂,1,ㄊㄡˊ ㄇㄟˋ
投解,1,ㄊㄡˊ ㄐㄧㄝˋ
投詞,1,ㄊㄡˊ ㄘˊ
投謁,1,ㄊㄡˊ ㄧㄝˋ
投賃,1,ㄊㄡˊ ㄌㄧㄣˋ
投跡,1,ㄊㄡˊ ㄐㄧ
投轄,1,ㄊㄡˊ ㄒㄧㄚˊ
投郵,1,ㄊㄡˊ ㄧㄡˊ
投酒,1,ㄊㄡˊ ㄐㄧㄡˇ
投醪,1,ㄊㄡˊ ㄌㄠˊ
投閣,1,ㄊㄡˊ ㄍㄜˊ
投附,1,ㄊㄡˊ ㄈㄨˋ
投鞭,1,ㄊㄡˊ ㄅㄧㄢ
投順,1,ㄊㄡˊ ㄕㄨㄣˋ
投顧,1,ㄊㄡˊ ㄍㄨˋ
投首,1,ㄊㄡˊ ㄕㄡˇ
投體,1,ㄊㄡˊ ㄊㄧˇ
抖包,1,ㄉㄡˇ ㄅㄠ
抖搜,1,ㄉㄡˇ ㄙㄡ
抖摟,1,ㄉㄡˇ ㄌㄡ˙
抖攬,1,ㄉㄡˇ ㄌㄢˇ
抖氣,1,ㄉㄡˇ ㄑㄧˋ
抖漏,1,ㄉㄡˇ ㄌㄡˋ
抖灰,1,ㄉㄡˇ ㄏㄨㄟ
抖然,1,ㄉㄡˇ ㄖㄢˊ
抖翻,1,ㄉㄡˇ ㄈㄢ˙
抖腿,1,ㄉㄡˇ ㄊㄨㄟˇ
抖音,1,ㄉㄡˇ ㄧㄣ
抗志,1,ㄎㄤˋ ㄓˋ
抗手,1,ㄎㄤˋ ㄕㄡˇ
抗疏,1,ㄎㄤˋ ㄕㄨˋ
抗直,1,ㄎㄤˋ ㄓˊ
抗禮,1,ㄎㄤˋ ㄌㄧˇ
抗章,1,ㄎㄤˋ ㄓㄤ
抗節,1,ㄎㄤˋ ㄐㄧㄝˊ
抗糧,1,ㄎㄤˋ ㄌㄧㄤˊ
抗行,1,ㄎㄤˋ ㄏㄤˊ
抗行,1,ㄎㄤˋ ㄒㄧㄥˋ
抗論,1,ㄎㄤˋ ㄌㄨㄣˋ
抗足,1,ㄎㄤˋ ㄗㄨˊ
抗邁,1,ㄎㄤˋ ㄇㄞˋ
抗顏,1,ㄎㄤˋ ㄧㄢˊ
抗首,1,ㄎㄤˋ ㄕㄡˇ
折傷,1,ㄓㄜˊ ㄕㄤ
折兵,1,ㄓㄜˊ ㄅㄧㄥ
折券,1,ㄓㄜˊ ㄑㄩㄢˋ
折剉,1,ㄓㄜˊ ㄘㄨㄛˋ
折受,1,ㄓㄜˊ ㄕㄡˋ
折子,1,ㄓㄜˊ ㄗ˙
折對,1,ㄓㄜˊ ㄉㄨㄟˋ
折屐,1,ㄓㄜˊ ㄐㄧ
折帳,1,ㄓㄜˊ ㄓㄤˋ
折挫,1,ㄓㄜˊ ㄘㄨㄛˋ
折本,1,ㄕㄜˊ ㄅㄣˇ
折柬,1,ㄓㄜˊ ㄐㄧㄢˇ
折柳,1,ㄓㄜˊ ㄌㄧㄡˇ
折桂,1,ㄓㄜˊ ㄍㄨㄟˋ
折椅,1,ㄓㄜˊ ㄧˇ
折檯,1,ㄓㄜˊ ㄊㄞˊ
折殺,1,ㄓㄜˊ ㄕㄚ˙
折獄,1,ㄓㄜˊ ㄩˋ
折當,1,ㄓㄜˊ ㄉㄤˋ
折碗,1,ㄓㄜ ㄨㄢˇ
折秤,1,ㄕㄜˊ ㄔㄥˋ
折節,1,ㄓㄜˊ ㄐㄧㄝˊ
折簡,1,ㄓㄜˊ ㄐㄧㄢˇ
折籮,1,ㄓㄜ ㄌㄨㄛˊ
折罰,1,ㄓㄜˊ ㄈㄚˊ
折翼,1,ㄓㄜˊ ㄧˋ
折肱,1,ㄓㄜˊ ㄍㄨㄥ
折色,1,ㄓㄜˊ ㄙㄜˋ
折莫,1,ㄓㄜ ㄇㄛˋ
折證,1,ㄓㄜˊ ㄓㄥˋ
折變,1,ㄓㄜˊ ㄅㄧㄢˋ
折身,1,ㄓㄜˊ ㄕㄣ
折辨,1,ㄓㄜˊ ㄅㄧㄢˋ
折辯,1,ㄓㄜˊ ㄅㄧㄢˋ
折辱,1,ㄓㄜˊ ㄖㄨˋ
折返,1,ㄓㄜ ㄈㄢˇ
折錢,1,ㄓㄜˊ ㄑㄧㄢˊ
折頭,1,ㄓㄜˊ ㄊㄡ˙
折騰,1,ㄓㄜ ㄊㄥ˙
抨彈,1,ㄆㄥ ㄊㄢˊ
披剃,1,ㄆㄧ ㄊㄧˋ
披卷,1,ㄆㄧ ㄐㄩㄢˋ
披味,1,ㄆㄧ ㄨㄟˋ
披哆,1,ㄆㄧ ㄔㄜˇ
披垂,1,ㄆㄧ ㄔㄨㄟˊ
披子,1,ㄆㄧ ㄗ˙
披屋,1,ㄆㄧ ㄨ
披巾,1,ㄆㄧ ㄐㄧㄣ
披帛,1,ㄆㄧ ㄅㄛˊ
披心,1,ㄆㄧ ㄒㄧㄣ
披懷,1,ㄆㄧ ㄏㄨㄞˊ
披房,1,ㄆㄧ ㄈㄤˊ
披拂,1,ㄆㄧ ㄈㄨˊ
披撇,1,ㄆㄧ ㄆㄧㄝˇ
披散,1,ㄆㄧ ㄙㄢ˙
披文,1,ㄆㄧ ㄨㄣˊ
披榛,1,ㄆㄧ ㄓㄣ
披氅,1,ㄆㄧ ㄔㄤˇ
披涉,1,ㄆㄧ ㄕㄜˋ
披瀝,1,ㄆㄧ ㄌㄧˋ
披玩,1,ㄆㄧ ㄨㄢˋ
披砍,1,ㄆㄧ ㄎㄢˇ
披秉,1,ㄆㄧ ㄅㄧㄥˇ
披秒,1,ㄆㄧ ㄇㄧㄠˇ
披緇,1,ㄆㄧ ㄗ
披覽,1,ㄆㄧ ㄌㄢˇ
披讀,1,ㄆㄧ ㄉㄨˊ
披豁,1,ㄆㄧ ㄏㄨㄛˋ
披軒,1,ㄆㄧ ㄒㄩㄢ
披離,1,ㄆㄧ ㄌㄧˊ
披雲,1,ㄆㄧ ㄩㄣˊ
披顏,1,ㄆㄧ ㄧㄢˊ
抬帖,1,ㄊㄞˊ ㄊㄧㄝˇ
抬眼,1,ㄊㄞˊ ㄧㄢˇ
抬秤,1,ㄊㄞˊ ㄔㄥˋ
抬貼,1,ㄊㄞˊ ㄊㄧㄝ
抬身,1,ㄊㄞˊ ㄕㄣ
抬車,1,ㄊㄞˊ ㄔㄜ
抬迭,1,ㄊㄞˊ ㄉㄧㄝˊ
抬閣,1,ㄊㄞˊ ㄍㄜˊ
抬頦,1,ㄊㄞˊ ㄏㄞˊ
抱一,1,ㄅㄠˋ ㄧ
抱冤,1,ㄅㄠˋ ㄩㄢ
抱冰,1,ㄅㄠˋ ㄅㄧㄥ
抱告,1,ㄅㄠˋ ㄍㄠˋ
抱嫁,1,ㄅㄠˋ ㄐㄧㄚˋ
抱影,1,ㄅㄠˋ ㄧㄥˇ
抱愧,1,ㄅㄠˋ ㄎㄨㄟˋ
抱憾,1,ㄅㄠˋ ㄏㄢˋ
抱攬,1,ㄅㄠˋ ㄌㄢˇ
抱樸,1,ㄅㄠˋ ㄆㄨˊ
抱牘,1,ㄅㄠˋ ㄉㄨˊ
抱球,1,ㄅㄠˋ ㄑㄧㄡˊ
抱琴,1,ㄅㄠˋ ㄑㄧㄣˊ
抱璞,1,ㄅㄠˋ ㄆㄨˊ
抱璣,1,ㄅㄠˋ ㄐㄧ
抱瓢,1,ㄅㄠˋ ㄆㄧㄠˊ
抱窩,1,ㄅㄠˋ ㄨㄛ
抱罪,1,ㄅㄠˋ ㄗㄨㄟˋ
抱置,1,ㄅㄠˋ ㄓˋ
抱肚,1,ㄅㄠˋ ㄉㄨˋ
抱腹,1,ㄅㄠˋ ㄈㄨˋ
抱裙,1,ㄅㄠˋ ㄑㄩㄣˊ
抱鍋,1,ㄅㄠˋ ㄍㄨㄛ
抱鑼,1,ㄅㄠˋ ㄌㄨㄛˊ
抱關,1,ㄅㄠˋ ㄍㄨㄢ
抵免,1,ㄉㄧˇ ㄇㄧㄢˇ
抵家,1,ㄉㄧˇ ㄐㄧㄚ
抵對,1,ㄉㄧˇ ㄉㄨㄟˋ
抵巇,1,ㄉㄧˇ ㄒㄧ
抵帳,1,ㄉㄧˇ ㄓㄤˋ
抵得,1,ㄉㄧˇ ㄉㄜˊ
抵拒,1,ㄉㄧˇ ㄐㄩˋ
抵樁,1,ㄉㄧˇ ㄓㄨㄤ
抵減,1,ㄉㄧˇ ㄐㄧㄢˇ
抵用,1,ㄉㄧˇ ㄩㄥˋ
抵當,1,ㄉㄧˇ ㄉㄤˇ
抵當,1,ㄉㄧˇ ㄉㄤˋ
抵盜,1,ㄉㄧˇ ㄉㄠˋ
抵稅,1,ㄉㄧˇ ㄕㄨㄟˋ
抵諱,1,ㄉㄧˇ ㄏㄨㄟˋ
抵配,1,ㄉㄧˇ ㄆㄟˋ
抵針,1,ㄉㄧˇ ㄓㄣ
抵頭,1,ㄉㄧˇ ㄊㄡˊ
抹丟,1,ㄇㄛˇ ㄉㄧㄡ
抹嘴,1,ㄇㄛˇ ㄗㄨㄟˇ
抹媚,1,ㄇㄛˇ ㄇㄟˋ
抹平,1,ㄇㄛˇ ㄆㄧㄥˊ
抹拭,1,ㄇㄛˇ ㄕˋ
抹搭,1,ㄇㄛˇ ㄉㄚ
抹搶,1,ㄇㄛˇ ㄑㄧㄤ
抹撻,1,ㄇㄛˇ ㄊㄚˋ
抹淚,1,ㄇㄛˇ ㄌㄟˋ
抹滅,1,ㄇㄛˇ ㄇㄧㄝˋ
抹片,1,ㄇㄛˇ ㄆㄧㄢˋ
抹牌,1,ㄇㄛˇ ㄆㄞˊ
抹腹,1,ㄇㄛˋ ㄈㄨˋ
抹貼,1,ㄇㄛˇ ㄊㄧㄝ
抹蹌,1,ㄇㄛˇ ㄑㄧㄤ
抹鄰,1,ㄇㄛˇ ㄌㄧㄣˊ
抹鎗,1,ㄇㄛˇ ㄑㄧㄤ
抹零,1,ㄇㄛˇ ㄌㄧㄥˊ
抹面,1,ㄇㄛˋ ㄇㄧㄢˋ
抹頭,1,ㄇㄛˇ ㄊㄡˊ
抹頭,1,ㄇㄛˋ ㄊㄡˊ
抹額,1,ㄇㄛˋ ㄜˊ
抹颩,1,ㄇㄛˇ ㄉㄧㄡ
押付,1,ㄧㄚ ㄈㄨˋ
押司,1,ㄧㄚ ㄙ
押字,1,ㄧㄚˊ ㄗˋ
押寶,1,ㄧㄚ ㄅㄠˇ
押差,1,ㄧㄚ ㄔㄞ
押帳,1,ㄧㄚ ㄓㄤˋ
押床,1,ㄧㄚ ㄔㄨㄤˊ
押店,1,ㄧㄚ ㄉㄧㄢˋ
押放,1,ㄧㄚ ㄈㄤˋ
押榜,1,ㄧㄚˊ ㄅㄤˇ
押櫃,1,ㄧㄚˊ ㄍㄨㄟˋ
押牙,1,ㄧㄚ ㄧㄚˊ
押牢,1,ㄧㄚ ㄌㄠˊ
押番,1,ㄧㄚ ㄈㄢ
押當,1,ㄧㄚ ㄉㄤˋ
押船,1,ㄧㄚ ㄔㄨㄢˊ
押花,1,ㄧㄚˊ ㄏㄨㄚ
押衙,1,ㄧㄚ ㄧㄚˊ
押解,1,ㄧㄚ ㄐㄧㄝˋ
押赴,1,ㄧㄚ ㄈㄨˋ
押鋪,1,ㄧㄚ ㄆㄨˋ
押頭,1,ㄧㄚ ㄊㄡ˙
抽丁,1,ㄔㄡ ㄉㄧㄥ
抽付,1,ㄔㄡ ㄈㄨˋ
抽分,1,ㄔㄡ ㄈㄣ
抽剝,1,ㄔㄡ ㄅㄛ
抽印,1,ㄔㄡ ㄧㄣˋ
抽咽,1,ㄔㄡ ㄧㄝˋ
抽地,1,ㄔㄡ ㄉㄧˋ
抽子,1,ㄔㄡ ㄗ˙
抽屜,1,ㄔㄡ ㄊㄧ˙
抽心,1,ㄔㄡ ㄒㄧㄣ
抽打,1,ㄔㄡ ㄉㄚ˙
抽搭,1,ㄔㄡ ㄉㄚ˙
抽斗,1,ㄔㄡ ㄉㄡˇ
抽替,1,ㄔㄡ ㄊㄧˋ
抽條,1,ㄔㄡ ㄊㄧㄠˊ
抽檢,1,ㄔㄡ ㄐㄧㄢˇ
抽球,1,ㄔㄡ ㄑㄧㄡˊ
抽瘋,1,ㄔㄡ ㄈㄥ
抽簪,1,ㄔㄡ ㄗㄢ
抽緒,1,ㄔㄡ ㄒㄩˋ
抽縐,1,ㄔㄡ ㄓㄡ˙
抽腳,1,ㄔㄡ ㄐㄧㄠˇ
抽豐,1,ㄔㄡ ㄈㄥ˙
抽釐,1,ㄔㄡ ㄌㄧˊ
抽閒,1,ㄔㄡ ㄒㄧㄢˊ
抽驗,1,ㄔㄡ ㄧㄢˋ
抿子,1,ㄇㄧㄣˇ ㄗ˙
抿泣,1,ㄇㄧㄣˇ ㄑㄧˋ
抿頭,1,ㄇㄧㄣˇ ㄊㄡˊ
抿髮,1,ㄇㄧㄣˇ ㄈㄚˇ
拂動,1,ㄈㄨˊ ㄉㄨㄥˋ
拂士,1,ㄅㄧˋ ㄕˋ
拂席,1,ㄈㄨˊ ㄒㄧˊ
拂廬,1,ㄈㄨˊ ㄌㄨˊ
拂意,1,ㄈㄨˊ ㄧˋ
拂晨,1,ㄈㄨˊ ㄔㄣˊ
拂暑,1,ㄈㄨˊ ㄕㄨˇ
拂然,1,ㄈㄨˊ ㄖㄢˊ
拂煦,1,ㄈㄨˊ ㄒㄩˇ
拂盪,1,ㄈㄨˊ ㄉㄤˋ
拂綽,1,ㄈㄨˊ ㄔㄨㄛˋ
拂耳,1,ㄈㄨˊ ㄦˇ
拂落,1,ㄈㄨˊ ㄌㄨㄛˋ
拂詭,1,ㄈㄨˊ ㄍㄨㄟˇ
拂身,1,ㄈㄨˊ ㄕㄣ
拂霓,1,ㄈㄨˊ ㄋㄧˊ
拂鬚,1,ㄈㄨˊ ㄒㄩ
拄拐,1,ㄓㄨˇ ㄍㄨㄞˇ
拄杖,1,ㄓㄨˇ ㄓㄤˋ
拆借,1,ㄔㄞ ㄐㄧㄝˋ
拆兌,1,ㄔㄞ ㄉㄨㄟˋ
拆帳,1,ㄔㄞ ㄓㄤˋ
拆招,1,ㄔㄞ ㄓㄠ
拆洗,1,ㄔㄞ ㄒㄧ˙
拆用,1,ㄔㄞ ㄩㄥˋ
拆白,1,ㄔㄞ ㄅㄞˊ
拆股,1,ㄔㄞ ㄍㄨˇ
拆賣,1,ㄔㄞ ㄇㄞˋ
拆辯,1,ㄔㄞ ㄅㄧㄢˋ
拆零,1,ㄔㄞ ㄌㄧㄥˊ
拇量,1,ㄇㄨˇ ㄌㄧㄤˊ
拈來,1,ㄋㄧㄢˊ ㄌㄞˊ
拈折,1,ㄉㄧㄢ ㄓㄜˊ
拈相,1,ㄋㄧㄢˊ ㄒㄧㄤˋ
拈筆,1,ㄋㄧㄢˊ ㄅㄧˇ
拈頭,1,ㄋㄧㄢˊ ㄊㄡˊ
拈鬮,1,ㄋㄧㄢˊ ㄐㄧㄡ
拉傷,1,ㄌㄚ ㄕㄤ
拉勸,1,ㄌㄚ ㄑㄩㄢˋ
拉坏,1,ㄌㄚ ㄆㄟ
拉場,1,ㄌㄚ ㄔㄤˊ
拉夏,1,ㄌㄚ ㄒㄧㄚˋ
拉套,1,ㄌㄚ ㄊㄠˋ
拉子,1,ㄌㄚ ㄗ˙
拉孔,1,ㄌㄚ ㄎㄨㄥˇ
拉山,1,ㄌㄚ ㄕㄢ
拉巴,1,ㄌㄚ ㄅㄚ˙
拉幫,1,ㄌㄚ ㄅㄤ
拉床,1,ㄌㄚ ㄔㄨㄤˊ
拉弄,1,ㄌㄚ ㄌㄨㄥ˙
拉扯,1,ㄌㄚ ㄔㄜ˙
拉拔,1,ㄌㄚ ㄅㄚ˙
拉攏,1,ㄌㄚ ㄌㄨㄥ˙
拉朽,1,ㄌㄚ ㄒㄧㄡˇ
拉架,1,ㄌㄚ ㄐㄧㄚˋ
拉槍,1,ㄌㄚ ㄑㄧㄤ
拉殺,1,ㄌㄚ ㄕㄚ
拉比,1,ㄌㄚ ㄅㄧˇ
拉沓,1,ㄌㄚ ㄊㄚˋ
拉牽,1,ㄌㄚ ㄑㄧㄢ
拉瑟,1,ㄌㄚ ㄙㄜˋ
拉矢,1,ㄌㄚ ㄕˇ
拉秧,1,ㄌㄚ ㄧㄤ
拉索,1,ㄌㄚ ㄙㄨㄛˇ
拉練,1,ㄌㄚ ㄌㄧㄢˋ
拉胚,1,ㄌㄚ ㄆㄟ
拉腳,1,ㄌㄚ ㄐㄧㄠˇ
拉親,1,ㄌㄚ ㄑㄧㄣ
拉運,1,ㄌㄚ ㄩㄣˋ
拉鎖,1,ㄌㄚ ㄙㄨㄛˇ
拉開,1,ㄌㄚ ㄎㄞ˙
拉閑,1,ㄌㄚ ㄒㄧㄢˊ
拉颯,1,ㄌㄚ ㄙㄚˋ
拉馬,1,ㄌㄚ ㄇㄚˇ
拊劍,1,ㄈㄨˇ ㄐㄧㄢˋ
拊循,1,ㄈㄨˇ ㄒㄩㄣˊ
拊心,1,ㄈㄨˇ ㄒㄧㄣ
拊愛,1,ㄈㄨˇ ㄞˋ
拊手,1,ㄈㄨˇ ㄕㄡˇ
拊節,1,ㄈㄨˇ ㄐㄧㄝˊ
拊翼,1,ㄈㄨˇ ㄧˋ
拊耳,1,ㄈㄨˇ ㄦˇ
拊膝,1,ㄈㄨˇ ㄒㄧ
拊膺,1,ㄈㄨˇ ㄧㄥ
拊髀,1,ㄈㄨˇ ㄅㄧˋ
拊鼓,1,ㄈㄨˇ ㄍㄨˇ
拋卻,1,ㄆㄠ ㄑㄩㄝˋ
拋嚲,1,ㄆㄠ ㄉㄨㄛˇ
拋堶,1,ㄆㄠ ㄊㄨㄛˊ
拋摔,1,ㄆㄠ ㄕㄨㄞ
拋撇,1,ㄆㄠ ㄆㄧㄝ
拋撒,1,ㄆㄠ ㄙㄚ
拋擺,1,ㄆㄠ ㄅㄞˇ
拋梭,1,ㄆㄠ ㄙㄨㄛ
拋清,1,ㄆㄠ ㄑㄧㄥ
拋滿,1,ㄆㄠ ㄇㄢˇ
拋箱,1,ㄆㄠ ㄒㄧㄤ
拋臉,1,ㄆㄠ ㄌㄧㄢˇ
拋荒,1,ㄆㄠ ㄏㄨㄤ
拋補,1,ㄆㄠ ㄅㄨˇ
拋費,1,ㄆㄠ ㄈㄟˋ
拋趓,1,ㄆㄠ ㄉㄨㄛˇ
拋躲,1,ㄆㄠ ㄉㄨㄛˇ
拋閃,1,ㄆㄠ ㄕㄢˇ
拋離,1,ㄆㄠ ㄌㄧˊ
拌合,1,ㄅㄢˋ ㄏㄜˊ
拌折,1,ㄆㄢˋ ㄓㄜˊ
拌蒜,1,ㄅㄢˋ ㄙㄨㄢˋ
拍塞,1,ㄆㄞ ㄙㄜˋ
拍序,1,ㄆㄞ ㄒㄩˋ
拍張,1,ㄆㄞ ㄓㄤ
拍惜,1,ㄆㄞ ㄒㄧˊ
拍戶,1,ㄆㄞ ㄏㄨˋ
拍拍,1,ㄆㄞ ㄆㄞ˙
拍拖,1,ㄆㄞ ㄊㄨㄛ
拍桌,1,ㄆㄞ ㄓㄨㄛ
拍檔,1,ㄆㄞ ㄉㄤˇ
拍泛,1,ㄆㄞ ㄈㄢˋ
拍浮,1,ㄆㄞ ㄈㄨˊ
拍索,1,ㄆㄞ ㄙㄨㄛˇ
拍腿,1,ㄆㄞ ㄊㄨㄟˇ
拍音,1,ㄆㄞ ㄧㄣ
拍馬,1,ㄆㄞ ㄇㄚˇ
拍鼓,1,ㄆㄞ ㄍㄨˇ
拐孤,1,ㄍㄨㄞˇ ㄍㄨ˙
拐抓,1,ㄍㄨㄞˇ ㄓㄨㄚ
拐枕,1,ㄍㄨㄞˇ ㄓㄣˇ
拐步,1,ㄍㄨㄞˇ ㄅㄨˋ
拐盜,1,ㄍㄨㄞˇ ㄉㄠˋ
拐肘,1,ㄍㄨㄞˇ ㄓㄡˇ
拐賣,1,ㄍㄨㄞˇ ㄇㄞˋ
拐門,1,ㄍㄨㄞˇ ㄇㄣˊ
拑制,1,ㄑㄧㄢˊ ㄓˋ
拑口,1,ㄑㄧㄢˊ ㄎㄡˇ
拒卻,1,ㄐㄩˋ ㄑㄩㄝˋ
拒塞,1,ㄐㄩˋ ㄙㄜˋ
拒守,1,ㄐㄩˋ ㄕㄡˇ
拒毒,1,ㄐㄩˋ ㄉㄨˊ
拒菸,1,ㄐㄩˋ ㄧㄢ
拓宇,1,ㄊㄨㄛˋ ㄩˇ
拓片,1,ㄊㄚˋ ㄆㄧㄢˋ
拓碑,1,ㄊㄚˋ ㄅㄟ
拓銷,1,ㄊㄨㄛˋ ㄒㄧㄠ
拔俗,1,ㄅㄚˊ ㄙㄨˊ
拔剌,1,ㄅㄚˊ ㄌㄚˋ
拔地,1,ㄅㄚˊ ㄉㄧˋ
拔奇,1,ㄅㄚˊ ㄑㄧˊ
拔宅,1,ㄅㄚˊ ㄓㄞˊ
拔寨,1,ㄅㄚˊ ㄓㄞˋ
拔尖,1,ㄅㄚˊ ㄐㄧㄢ
拔尤,1,ㄅㄚˊ ㄧㄡˊ
拔幟,1,ㄅㄚˊ ㄓˋ
拔摋,1,ㄅㄚˊ ㄕㄚ
拔救,1,ㄅㄚˊ ㄐㄧㄡˋ
拔旗,1,ㄅㄚˊ ㄑㄧˊ
拔檔,1,ㄅㄚˊ ㄉㄤˇ
拔步,1,ㄅㄚˊ ㄅㄨˋ
拔濟,1,ㄅㄚˊ ㄐㄧˋ
拔白,1,ㄅㄚˊ ㄅㄞˊ
拔碇,1,ㄅㄚˊ ㄉㄧㄥˋ
拔禾,1,ㄅㄚˊ ㄏㄜˊ
拔突,1,ㄅㄚˊ ㄊㄨˊ
拔縫,1,ㄅㄚˊ ㄈㄥˋ
拔萃,1,ㄅㄚˊ ㄘㄨㄟˋ
拔葵,1,ㄅㄚˊ ㄎㄨㄟˊ
拔薤,1,ㄅㄚˊ ㄒㄧㄝˋ
拔親,1,ㄅㄚˊ ㄑㄧㄣ
拔解,1,ㄅㄚˊ ㄐㄧㄝˋ
拔貢,1,ㄅㄚˊ ㄍㄨㄥˋ
拔距,1,ㄅㄚˊ ㄐㄩˋ
拔跡,1,ㄅㄚˊ ㄐㄧ
拔關,1,ㄅㄚˊ ㄍㄨㄢ
拔頭,1,ㄅㄚˊ ㄊㄡˊ
拔高,1,ㄅㄚˊ ㄍㄠ
拖床,1,ㄊㄨㄛ ㄔㄨㄤˊ
拖扯,1,ㄊㄨㄛ ㄔㄜˇ
拖拽,1,ㄊㄨㄛ ㄧㄝˋ
拖掛,1,ㄊㄨㄛ ㄍㄨㄚˋ
拖曳,1,ㄊㄨㄛ ㄧㄝˋ
拖步,1,ㄊㄨㄛ ㄅㄨˋ
拖班,1,ㄊㄨㄛ ㄅㄢ
拖磨,1,ㄊㄨㄛ ㄇㄛˊ
拖翻,1,ㄊㄨㄛ ㄈㄢ
拖腔,1,ㄊㄨㄛ ㄑㄧㄤ
拖輪,1,ㄊㄨㄛ ㄌㄨㄣˊ
拖逗,1,ㄊㄨㄛ ㄉㄡˋ
拖鉤,1,ㄊㄨㄛ ㄍㄡ
拖雷,1,ㄊㄨㄛ ㄌㄟˊ
拖駁,1,ㄊㄨㄛ ㄅㄛˊ
拗彆,1,ㄠˋ ㄅㄧㄝ˙
拗怒,1,ㄩˋ ㄋㄨˋ
拗甜,1,ㄠˋ ㄊㄧㄢˊ
拗花,1,ㄠˇ ㄏㄨㄚ
拗處,1,ㄠˋ ㄔㄨˋ
拗蠻,1,ㄠˋ ㄇㄢˊ
拗體,1,ㄠˋ ㄊㄧˇ
拘介,1,ㄐㄩ ㄐㄧㄝˋ
拘倦,1,ㄐㄩ ㄐㄩㄢˋ
拘儒,1,ㄐㄩ ㄖㄨˊ
拘刷,1,ㄐㄩ ㄕㄨㄚ
拘囿,1,ㄐㄩ ㄧㄡˋ
拘執,1,ㄐㄩ ㄓˊ
拘守,1,ㄐㄩ ㄕㄡˇ
拘局,1,ㄐㄩ ㄐㄩˊ
拘忌,1,ㄐㄩ ㄐㄧˋ
拘急,1,ㄐㄩ ㄐㄧˊ
拘扣,1,ㄐㄩ ㄎㄡˋ
拘拘,1,ㄐㄩ ㄐㄩ
拘拿,1,ㄐㄩ ㄋㄚˊ
拘攣,1,ㄐㄩ ㄌㄩㄢˊ
拘收,1,ㄐㄩ ㄕㄡ
拘板,1,ㄐㄩ ㄅㄢˇ
拘檢,1,ㄐㄩ ㄐㄧㄢˇ
拘牽,1,ㄐㄩ ㄑㄧㄢ
拘礙,1,ㄐㄩ ㄞˋ
拘絆,1,ㄐㄩ ㄅㄢˋ
拘緊,1,ㄐㄩ ㄐㄧㄣˇ
拘繫,1,ㄐㄩ ㄒㄧˋ
拘鉗,1,ㄐㄩ ㄑㄧㄢˊ
拘頭,1,ㄐㄩ ㄊㄡ˙
拙內,1,ㄓㄨㄛˊ ㄋㄟˋ
拙實,1,ㄓㄨㄛˊ ㄕˊ
拙樸,1,ㄓㄨㄛˊ ㄆㄨˊ
拙澀,1,ㄓㄨㄛˊ ㄙㄜˋ
拙物,1,ㄓㄨㄛˊ ㄨˋ
拙病,1,ㄓㄨㄛˊ ㄅㄧㄥˋ
拙目,1,ㄓㄨㄛˊ ㄇㄨˋ
拙眼,1,ㄓㄨㄛˊ ㄧㄢˇ
拙著,1,ㄓㄨㄛˊ ㄓㄨˋ
拚卻,1,ㄆㄢˋ ㄑㄩㄝˋ
拚捨,1,ㄆㄢˋ ㄕㄜˇ
拚棄,1,ㄆㄢˋ ㄑㄧˋ
拚絕,1,ㄆㄢˋ ㄐㄩㄝˊ
招伏,1,ㄓㄠ ㄈㄨˊ
招呼,1,ㄓㄠ ㄏㄨ˙
招嫁,1,ㄓㄠ ㄐㄧㄚˋ
招子,1,ㄓㄠ ㄗ˙
招對,1,ㄓㄠ ㄉㄨㄟˋ
招帖,1,ㄓㄠ ㄊㄧㄝ
招延,1,ㄓㄠ ㄧㄢˊ
招復,1,ㄓㄠ ㄈㄨˋ
招惹,1,ㄓㄠ ㄖㄜ˙
招懷,1,ㄓㄠ ㄏㄨㄞˊ
招打,1,ㄓㄠ ㄉㄚˇ
招承,1,ㄓㄠ ㄔㄥˊ
招招,1,ㄓㄠ ㄓㄠ
招提,1,ㄓㄠ ㄊㄧˊ
招數,1,ㄓㄠ ㄕㄨ˙
招災,1,ㄓㄠ ㄗㄞ
招狀,1,ㄓㄠ ㄓㄨㄤˋ
招盤,1,ㄓㄠ ㄆㄢˊ
招瞪,1,ㄓㄠ ㄉㄥˋ
招票,1,ㄓㄠ ㄆㄧㄠˋ
招紙,1,ㄓㄠ ㄓˇ
招羅,1,ㄓㄠ ㄌㄨㄛˊ
招聲,1,ㄓㄠ ㄕㄥ
招解,1,ㄓㄠ ㄐㄧㄝˋ
招說,1,ㄓㄠ ㄕㄨㄛ
招諭,1,ㄓㄠ ㄩˋ
招護,1,ㄓㄠ ㄏㄨ˙
招軍,1,ㄓㄠ ㄐㄩㄣ
招邀,1,ㄓㄠ ㄧㄠ
招隱,1,ㄓㄠ ㄧㄣˇ
招頭,1,ㄓㄠ ㄊㄡˊ
招颭,1,ㄓㄠ ㄓㄢˇ
拜具,1,ㄅㄞˋ ㄐㄩˋ
拜冬,1,ㄅㄞˋ ㄉㄨㄥ
拜匣,1,ㄅㄞˋ ㄒㄧㄚˊ
拜受,1,ㄅㄞˋ ㄕㄡˋ
拜命,1,ㄅㄞˋ ㄇㄧㄥˋ
拜塵,1,ㄅㄞˋ ㄔㄣˊ
拜墊,1,ㄅㄞˋ ㄉㄧㄢˋ
拜奠,1,ㄅㄞˋ ㄉㄧㄢˋ
拜懇,1,ㄅㄞˋ ㄎㄣˇ
拜懺,1,ㄅㄞˋ ㄔㄢˋ
拜投,1,ㄅㄞˋ ㄊㄡˊ
拜拜,1,ㄅㄞˋ ㄅㄞ˙
拜掃,1,ㄅㄞˋ ㄙㄠˇ
拜教,1,ㄅㄞˋ ㄐㄧㄠˋ
拜春,1,ㄅㄞˋ ㄔㄨㄣ
拜母,1,ㄅㄞˋ ㄇㄨˇ
拜灶,1,ㄅㄞˋ ㄗㄠˋ
拜爵,1,ㄅㄞˋ ㄐㄩㄝˊ
拜盟,1,ㄅㄞˋ ㄇㄥˊ
拜相,1,ㄅㄞˋ ㄒㄧㄤˋ
拜義,1,ㄅㄞˋ ㄧˋ
拜臺,1,ㄅㄞˋ ㄊㄞˊ
拜茶,1,ㄅㄞˋ ㄔㄚˊ
拜表,1,ㄅㄞˋ ㄅㄧㄠˇ
拜覆,1,ㄅㄞˋ ㄈㄨˋ
拜親,1,ㄅㄞˋ ㄑㄧㄣ
拜賜,1,ㄅㄞˋ ㄘˋ
拜錢,1,ㄅㄞˋ ㄑㄧㄢˊ
拜閱,1,ㄅㄞˋ ㄩㄝˋ
拜除,1,ㄅㄞˋ ㄔㄨˊ
括刷,1,ㄍㄨㄚ ㄕㄨㄚ
括囊,1,ㄍㄨㄚ ㄋㄤˊ
括帖,1,ㄍㄨㄚ ㄊㄧㄝˇ
括搭,1,ㄍㄨㄚ ㄉㄚ
括毒,1,ㄍㄨㄚ ㄉㄨˊ
括髮,1,ㄍㄨㄚ ㄈㄚˇ
拮抗,1,ㄐㄧㄝˊ ㄎㄤˋ
拮花,1,ㄐㄧㄝˊ ㄏㄨㄚ
拯溺,1,ㄓㄥˇ ㄋㄧˋ
拱伏,1,ㄍㄨㄥˇ ㄈㄨˊ
拱候,1,ㄍㄨㄥˇ ㄏㄡˋ
拱券,1,ㄍㄨㄥˇ ㄑㄩㄢˋ
拱動,1,ㄍㄨㄥˇ ㄉㄨㄥˋ
拱北,1,ㄍㄨㄥˇ ㄅㄟˇ
拱嘴,1,ㄍㄨㄥˇ ㄗㄨㄟˇ
拱把,1,ㄍㄨㄥˇ ㄅㄚˇ
拱揖,1,ㄍㄨㄥˇ ㄧ
拱服,1,ㄍㄨㄥˇ ㄈㄨˊ
拱璧,1,ㄍㄨㄥˇ ㄅㄧˋ
拱辰,1,ㄍㄨㄥˇ ㄔㄣˊ
拱進,1,ㄍㄨㄥˇ ㄐㄧㄣˋ
拱默,1,ㄍㄨㄥˇ ㄇㄛˋ
拳匪,1,ㄑㄩㄢˊ ㄈㄟˇ
拳拳,1,ㄑㄩㄢˊ ㄑㄩㄢˊ
拳攣,1,ㄑㄩㄢˊ ㄌㄩㄢˊ
拳曲,1,ㄑㄩㄢˊ ㄑㄩ
拳民,1,ㄑㄩㄢˊ ㄇㄧㄣˊ
拳腳,1,ㄑㄩㄢˊ ㄐㄧㄠˇ
拳跼,1,ㄑㄩㄢˊ ㄐㄩˊ
拳銃,1,ㄑㄩㄢˊ ㄔㄨㄥˋ
拴束,1,ㄕㄨㄢ ㄕㄨˋ
拴縛,1,ㄕㄨㄢ ㄈㄨˊ
拶子,1,ㄗㄢˇ ㄗ˙
拶指,1,ㄗㄢˇ ㄓˇ
拶滿,1,ㄗㄚˊ ㄇㄢˇ
拶逼,1,ㄗㄚˊ ㄅㄧ
拷勘,1,ㄎㄠˇ ㄎㄢ
拷綢,1,ㄎㄠˇ ㄔㄡˊ
拷訊,1,ㄎㄠˇ ㄒㄩㄣˋ
拼刺,1,ㄆㄧㄣ ㄘˋ
拼卻,1,ㄆㄧㄣ ㄑㄩㄝˋ
拼扒,1,ㄆㄧㄣ ㄅㄚ
拼版,1,ㄆㄧㄣ ㄅㄢˇ
拼組,1,ㄆㄧㄣ ㄗㄨˇ
拼裝,1,ㄆㄧㄣ ㄓㄨㄤ
拼集,1,ㄆㄧㄣ ㄐㄧˊ
拽塌,1,ㄓㄨㄞˋ ㄊㄚ
拽扎,1,ㄓㄨㄞˋ ㄓㄚ
拽滿,1,ㄓㄨㄞˋ ㄇㄢˇ
拾塵,1,ㄕˊ ㄔㄣˊ
拾掇,1,ㄕˊ ㄉㄨㄛ˙
拾翠,1,ㄕˊ ㄘㄨㄟˋ
拾翻,1,ㄕ ㄈㄢ˙
拾芥,1,ㄕˊ ㄐㄧㄝˋ
拾零,1,ㄕˊ ㄌㄧㄥˊ
拾骨,1,ㄕˊ ㄍㄨˇ
拿事,1,ㄋㄚˊ ㄕˋ
拿人,1,ㄋㄚˊ ㄖㄣˊ
拿住,1,ㄋㄚˊ ㄓㄨ˙
拿問,1,ㄋㄚˊ ㄨㄣˋ
拿喬,1,ㄋㄚˊ ㄑㄧㄠˊ
拿急,1,ㄋㄚˊ ㄐㄧˊ
拿情,1,ㄋㄚˊ ㄑㄧㄥˊ
拿把,1,ㄋㄚˊ ㄅㄚˇ
拿拌,1,ㄋㄚˊ ㄅㄢˋ
拿拐,1,ㄋㄚˊ ㄍㄨㄞˇ
拿捏,1,ㄋㄚˊ ㄋㄧㄝ˙
拿捻,1,ㄋㄚˊ ㄋㄧㄝ
拿樁,1,ㄋㄚˊ ㄓㄨㄤ
拿權,1,ㄋㄚˊ ㄑㄩㄢˊ
拿款,1,ㄋㄚˊ ㄎㄨㄢˇ
拿毛,1,ㄋㄚˊ ㄇㄠˊ
拿滑,1,ㄋㄚˊ ㄏㄨㄚˊ
拿獲,1,ㄋㄚˊ ㄏㄨㄛˋ
拿班,1,ㄋㄚˊ ㄅㄢ
拿發,1,ㄋㄚˊ ㄈㄚ
拿矯,1,ㄋㄚˊ ㄐㄧㄠˇ
拿秤,1,ㄋㄚˊ ㄔㄥˋ
拿總,1,ㄋㄚˊ ㄗㄨㄥˇ
拿羊,1,ㄋㄚˊ ㄧㄤˊ
拿翹,1,ㄋㄚˊ ㄑㄧㄠˊ
拿老,1,ㄋㄚˊ ㄌㄠˇ
拿腰,1,ㄋㄚˊ ㄧㄠ
拿腳,1,ㄋㄚˊ ㄐㄧㄠˇ
拿腿,1,ㄋㄚˊ ㄊㄨㄟˇ
拿話,1,ㄋㄚˊ ㄏㄨㄚˋ
持循,1,ㄔˊ ㄒㄩㄣˊ
持旺,1,ㄔˊ ㄨㄤˋ
持更,1,ㄔˊ ㄍㄥ
持服,1,ㄔˊ ㄈㄨˊ
持滿,1,ㄔˊ ㄇㄢˇ
持牢,1,ㄔˊ ㄌㄠˊ
持用,1,ㄔˊ ㄩㄥˋ
持盈,1,ㄔˊ ㄧㄥˊ
持祿,1,ㄔˊ ㄌㄨˋ
持筆,1,ㄔˊ ㄅㄧˇ
持螯,1,ㄔˊ ㄠˊ
持行,1,ㄔˊ ㄒㄧㄥˊ
持謝,1,ㄔˊ ㄒㄧㄝˋ
持阻,1,ㄔˊ ㄗㄨˇ
持養,1,ㄔˊ ㄧㄤˇ
挂冠,1,ㄍㄨㄚˋ ㄍㄨㄢ
挂口,1,ㄍㄨㄚˋ ㄎㄡˇ
挂孝,1,ㄍㄨㄚˋ ㄒㄧㄠˋ
挂心,1,ㄍㄨㄚˋ ㄒㄧㄣ
挂慮,1,ㄍㄨㄚˋ ㄌㄩˋ
挂懷,1,ㄍㄨㄚˋ ㄏㄨㄞˊ
挂搭,1,ㄍㄨㄚˋ ㄉㄚ
挂牌,1,ㄍㄨㄚˋ ㄆㄞˊ
挂齒,1,ㄍㄨㄚˋ ㄔˇ
挃挃,1,ㄓˊ ㄓˊ
指囷,1,ㄓˇ ㄐㄩㄣ
指婚,1,ㄓˇ ㄏㄨㄣ
指授,1,ㄓˇ ㄕㄡˋ
指掌,1,ㄓˇ ㄓㄤˇ
指摹,1,ㄓˇ ㄇㄛˊ
指攀,1,ㄓˇ ㄆㄢ
指歸,1,ㄓˇ ㄍㄨㄟ
指決,1,ㄓˇ ㄐㄩㄝˊ
指沓,1,ㄓˇ ㄊㄚˋ
指猴,1,ㄓˇ ㄏㄡˊ
指瑕,1,ㄓˇ ㄒㄧㄚˊ
指甲,1,ㄓˇ ㄐㄧㄚ˙
指畫,1,ㄓˇ ㄏㄨㄚˋ
指目,1,ㄓˇ ㄇㄨˋ
指螺,1,ㄓˇ ㄌㄨㄛˊ
指要,1,ㄓˇ ㄧㄠˋ
指觸,1,ㄓˇ ㄔㄨˋ
指謫,1,ㄓˇ ㄓㄜˊ
指配,1,ㄓˇ ㄆㄟˋ
指顧,1,ㄓˇ ㄍㄨˋ
指骨,1,ㄓˇ ㄍㄨˇ
指麾,1,ㄓˇ ㄏㄨㄟ
挈壺,1,ㄑㄧㄝˋ ㄏㄨˊ
挈帶,1,ㄑㄧㄝˋ ㄉㄞˋ
挈挈,1,ㄑㄧㄝˋ ㄑㄧㄝˋ
挈瓶,1,ㄑㄧㄝˋ ㄆㄧㄥˊ
挈眷,1,ㄑㄧㄝˋ ㄐㄩㄢˋ
按劍,1,ㄢˋ ㄐㄧㄢˋ
按問,1,ㄢˋ ㄨㄣˋ
按察,1,ㄢˋ ㄔㄚˊ
按手,1,ㄢˋ ㄕㄡˇ
按殺,1,ㄢˋ ㄕㄚ
按納,1,ㄢˋ ㄋㄚˋ
按討,1,ㄢˋ ㄊㄠˇ
按調,1,ㄢˋ ㄉㄧㄠˋ
按轡,1,ㄢˋ ㄆㄟˋ
按酒,1,ㄢˋ ㄐㄧㄡˇ
按音,1,ㄢˋ ㄧㄣ
按驗,1,ㄢˋ ㄧㄢˋ
按鷹,1,ㄢˋ ㄧㄥ
挌鬥,1,ㄍㄜˊ ㄉㄡˋ
挑刀,1,ㄊㄧㄠˇ ㄉㄠ
挑取,1,ㄊㄧㄠ ㄑㄩˇ
挑土,1,ㄊㄧㄠ ㄊㄨˇ
挑弄,1,ㄊㄧㄠˇ ㄋㄨㄥˋ
挑挖,1,ㄊㄧㄠ ㄨㄚ
挑搭,1,ㄊㄧㄠ ㄉㄚ
挑撿,1,ㄊㄧㄠ ㄐㄧㄢˇ
挑明,1,ㄊㄧㄠˇ ㄇㄧㄥˊ
挑槽,1,ㄊㄧㄠ ㄘㄠˊ
挑泛,1,ㄊㄧㄠˇ ㄈㄢˋ
挑牙,1,ㄊㄧㄠ ㄧㄚˊ
挑盡,1,ㄊㄧㄠ ㄐㄧㄣˋ
挑空,1,ㄊㄧㄠ ㄎㄨㄥ
挑腳,1,ㄊㄧㄠ ㄐㄧㄠˇ
挑花,1,ㄊㄧㄠˇ ㄏㄨㄚ
挑試,1,ㄊㄧㄠ ㄕˋ
挑趣,1,ㄊㄧㄠˇ ㄑㄩˋ
挑錢,1,ㄊㄧㄠ ㄑㄧㄢˊ
挑閃,1,ㄊㄧㄠ ㄕㄢˇ
挑頭,1,ㄊㄧㄠ ㄊㄡˊ
挑飭,1,ㄊㄧㄠ ㄔ˙
挑高,1,ㄊㄧㄠ ㄍㄠ
挑鬥,1,ㄊㄧㄠˇ ㄉㄡˋ
挓挲,1,ㄓㄚ ㄕㄚ˙
挖方,1,ㄨㄚ ㄈㄤ
挖苦,1,ㄨㄚ ㄎㄨ˙
挖角,1,ㄨㄚ ㄐㄩㄝˊ
挨光,1,ㄞ ㄍㄨㄤ
挨呲,1,ㄞ ㄘ
挨家,1,ㄞ ㄐㄧㄚ
挨延,1,ㄞ ㄧㄢˊ
挨拿,1,ㄞ ㄋㄚˊ
挨捕,1,ㄞ ㄅㄨˇ
挨排,1,ㄞ ㄆㄞˊ
挨擠,1,ㄞ ㄐㄧˇ
挨滿,1,ㄞ ㄇㄢˇ
挨磨,1,ㄞ ㄇㄛˊ
挨磨,1,ㄞ ㄇㄛˋ
挨肩,1,ㄞ ㄐㄧㄢ
挨身,1,ㄞ ㄕㄣ
挨靠,1,ㄞ ㄎㄠˋ
挨鬧,1,ㄞ ㄋㄠˋ
挪墊,1,ㄋㄨㄛˊ ㄉㄧㄢˋ
挪抬,1,ㄋㄨㄛˊ ㄊㄞˊ
挪湊,1,ㄋㄨㄛˊ ㄘㄡˋ
挫刀,1,ㄘㄨㄛˋ ㄉㄠ
挫動,1,ㄘㄨㄛˋ ㄉㄨㄥˋ
挫過,1,ㄘㄨㄛˋ ㄍㄨㄛˋ
挫魚,1,ㄘㄨㄛˋ ㄩˊ
振刷,1,ㄓㄣˋ ㄕㄨㄚ
振古,1,ㄓㄣˋ ㄍㄨˇ
振慴,1,ㄓㄣˋ ㄓㄜˊ
振拔,1,ㄓㄣˋ ㄅㄚˊ
振振,1,ㄓㄣ ㄓㄣ
振救,1,ㄓㄣˋ ㄐㄧㄡˋ
振旅,1,ㄓㄣˋ ㄌㄩˇ
振槁,1,ㄓㄣˋ ㄍㄠˇ
振玉,1,ㄓㄣˋ ㄩˋ
振策,1,ㄓㄣˋ ㄘㄜˋ
振纓,1,ㄓㄣˋ ㄧㄥ
振翮,1,ㄓㄣˋ ㄏㄜˊ
振翼,1,ㄓㄣˋ ㄧˋ
振落,1,ㄓㄣˋ ㄌㄨㄛˋ
振衣,1,ㄓㄣˋ ㄧ
振鐸,1,ㄓㄣˋ ㄉㄨㄛˊ
振鷺,1,ㄓㄣˋ ㄌㄨˋ
挺刑,1,ㄊㄧㄥˇ ㄒㄧㄥˊ
挺妥,1,ㄊㄧㄥˇ ㄊㄨㄛˇ
挺尸,1,ㄊㄧㄥˇ ㄕ
挺屍,1,ㄊㄧㄥˇ ㄕ
挺撞,1,ㄊㄧㄥˇ ㄓㄨㄤˋ
挺然,1,ㄊㄧㄥˇ ㄖㄢˊ
挺生,1,ㄊㄧㄥˇ ㄕㄥ
挺矛,1,ㄊㄧㄥˇ ㄇㄠˊ
挺節,1,ㄊㄧㄥˇ ㄐㄧㄝˊ
挺脫,1,ㄊㄧㄥˇ ㄊㄨㄛ
挺腰,1,ㄊㄧㄥˇ ㄧㄠ
挺腳,1,ㄊㄧㄥˇ ㄐㄧㄠˇ
挺解,1,ㄊㄧㄥˇ ㄐㄧㄝˇ
挼挲,1,ㄋㄨㄛˊ ㄙㄨㄛ
挽轂,1,ㄨㄢˇ ㄍㄨˇ
挽面,1,ㄨㄢˇ ㄇㄧㄢˋ
挾勢,1,ㄒㄧㄝˊ ㄕˋ
挾嫌,1,ㄒㄧㄝˊ ㄒㄧㄢˊ
挾帶,1,ㄒㄧㄝˊ ㄉㄞˋ
挾擊,1,ㄒㄧㄝˊ ㄐㄧˊ
挾纊,1,ㄒㄧㄝˊ ㄎㄨㄤˋ
挾義,1,ㄒㄧㄝˊ ㄧˋ
挾貴,1,ㄒㄧㄝˊ ㄍㄨㄟˋ
挾長,1,ㄒㄧㄝˊ ㄓㄤˇ
捃摭,1,ㄐㄩㄣˋ ㄓˊ
捃華,1,ㄐㄩㄣˋ ㄏㄨㄚˊ
捅球,1,ㄊㄨㄥˇ ㄑㄧㄡˊ
捅開,1,ㄊㄨㄥˇ ㄎㄞ
捆子,1,ㄎㄨㄣˇ ㄗ˙
捉對,1,ㄓㄨㄛ ㄉㄨㄟˋ
捉手,1,ㄓㄨㄛ ㄕㄡˇ
捉敗,1,ㄓㄨㄛ ㄅㄞˋ
捉月,1,ㄓㄨㄛ ㄩㄝˋ
捉生,1,ㄓㄨㄛ ㄕㄥ
捉空,1,ㄓㄨㄛ ㄎㄨㄥˋ
捉頭,1,ㄓㄨㄛ ㄊㄡˊ
捉顫,1,ㄓㄨㄛ ㄓㄢˋ
捉髮,1,ㄓㄨㄛ ㄈㄚˇ
捉鼻,1,ㄓㄨㄛ ㄅㄧˊ
捊治,1,ㄆㄡˊ ㄓˋ
捌格,1,ㄅㄚ ㄍㄜˊ
捍債,1,ㄏㄢˋ ㄓㄞˋ
捎信,1,ㄕㄠ ㄒㄧㄣˋ
捎搭,1,ㄕㄠ ㄉㄚ
捎書,1,ㄕㄠ ㄕㄨ
捎腳,1,ㄕㄠ ㄐㄧㄠˇ
捎色,1,ㄕㄠˋ ㄕㄞˇ
捏坏,1,ㄋㄧㄝ ㄆㄟ
捏報,1,ㄋㄧㄝ ㄅㄠˋ
捏塑,1,ㄋㄧㄝ ㄙㄨˋ
捏弄,1,ㄋㄧㄝ ㄌㄨㄥˋ
捏怪,1,ㄋㄧㄝ ㄍㄨㄞˋ
捏積,1,ㄋㄧㄝ ㄐㄧ
捏膿,1,ㄋㄧㄝ ㄋㄨㄥˊ
捏舌,1,ㄋㄧㄝ ㄕㄜˊ
捏訣,1,ㄋㄧㄝ ㄐㄩㄝˊ
捏酸,1,ㄋㄧㄝ ㄙㄨㄢ
捏鼻,1,ㄋㄧㄝ ㄅㄧˊ
捐冊,1,ㄐㄩㄢ ㄘㄜˋ
捐募,1,ㄐㄩㄢ ㄇㄨˋ
捐官,1,ㄐㄩㄢ ㄍㄨㄢ
捐局,1,ㄐㄩㄢ ㄐㄩˊ
捐廢,1,ㄐㄩㄢ ㄈㄟˋ
捐班,1,ㄐㄩㄢ ㄅㄢ
捐生,1,ㄐㄩㄢ ㄕㄥ
捐瘠,1,ㄐㄩㄢ ㄐㄧˊ
捐監,1,ㄐㄩㄢ ㄐㄧㄢˋ
捐背,1,ㄐㄩㄢ ㄅㄟˋ
捐貲,1,ㄐㄩㄢ ㄗ
捐身,1,ㄐㄩㄢ ㄕㄣ
捐輸,1,ㄐㄩㄢ ㄕㄨ
捐除,1,ㄐㄩㄢ ㄔㄨˊ
捐館,1,ㄐㄩㄢ ㄍㄨㄢˇ
捕人,1,ㄅㄨˇ ㄖㄣˊ
捕房,1,ㄅㄨˇ ㄈㄤˊ
捕生,1,ㄅㄨˇ ㄕㄥ
捕緝,1,ㄅㄨˇ ㄑㄧˋ
捕繩,1,ㄅㄨˇ ㄕㄥˊ
捕衙,1,ㄅㄨˇ ㄧㄚˊ
捧哏,1,ㄆㄥˇ ㄍㄣˊ
捧日,1,ㄆㄥˇ ㄖˋ
捧杯,1,ㄆㄥˇ ㄅㄟ
捧檄,1,ㄆㄥˇ ㄒㄧˊ
捧花,1,ㄆㄥˇ ㄏㄨㄚ
捧袂,1,ㄆㄥˇ ㄇㄟˋ
捧角,1,ㄆㄥˇ ㄐㄩㄝˊ
捧讀,1,ㄆㄥˇ ㄉㄨˊ
捧首,1,ㄆㄥˇ ㄕㄡˇ
捨墮,1,ㄕㄜˇ ㄉㄨㄛˋ
捫搎,1,ㄇㄣˊ ㄙㄨㄣ
捫摸,1,ㄇㄣˊ ㄇㄛ
捫舌,1,ㄇㄣˊ ㄕㄜˊ
捫蝨,1,ㄇㄣˊ ㄕ
捯氣,1,ㄉㄠˊ ㄑㄧˋ
捯飭,1,ㄉㄠˊ ㄔ˙
捱磨,1,ㄞˊ ㄇㄛˊ
捱罵,1,ㄞˊ ㄇㄚˋ
捲包,1,ㄐㄩㄢˇ ㄅㄠ
捲子,1,ㄐㄩㄢˇ ㄗ˙
捲棚,1,ㄐㄩㄢˇ ㄆㄥˊ
捲進,1,ㄐㄩㄢˇ ㄐㄧㄣˋ
捵練,1,ㄔㄣ ㄌㄧㄢˋ
捶丸,1,ㄔㄨㄟˊ ㄨㄢˊ
捶子,1,ㄔㄨㄟˊ ㄗ˙
捶拊,1,ㄔㄨㄟˊ ㄈㄨˇ
捶撻,1,ㄔㄨㄟˊ ㄊㄚˋ
捶楚,1,ㄔㄨㄟˊ ㄔㄨˇ
捶背,1,ㄔㄨㄟˊ ㄅㄟˋ
捶腰,1,ㄔㄨㄟˊ ㄧㄠ
捷口,1,ㄐㄧㄝˊ ㄎㄡˇ
捷才,1,ㄐㄧㄝˊ ㄘㄞˊ
捷捷,1,ㄐㄧㄝˊ ㄐㄧㄝˊ
捷機,1,ㄐㄧㄝˊ ㄐㄧ
捷武,1,ㄐㄧㄝˊ ㄨˇ
捷泳,1,ㄐㄧㄝˊ ㄩㄥˇ
捷獵,1,ㄐㄧㄝˊ ㄌㄧㄝˋ
捷給,1,ㄐㄧㄝˊ ㄐㄧˇ
捷說,1,ㄐㄧㄝˊ ㄕㄨㄛ
捷譏,1,ㄐㄧㄝˊ ㄐㄧ
捷音,1,ㄐㄧㄝˊ ㄧㄣ
捷黠,1,ㄐㄧㄝˊ ㄒㄧㄚˊ
捺下,1,ㄋㄚˋ ㄒㄧㄚˋ
捺倒,1,ㄋㄚˋ ㄉㄠˇ
捺擱,1,ㄋㄚˋ ㄍㄜ
捻合,1,ㄋㄧㄝ ㄏㄜˊ
捻塑,1,ㄋㄧㄝ ㄙㄨˋ
捻子,1,ㄋㄧㄢˇ ㄗ˙
捻掿,1,ㄋㄧㄢˇ ㄋㄨㄛˋ
捻泛,1,ㄋㄧㄢˇ ㄈㄢˋ
捻熄,1,ㄋㄧㄢˇ ㄒㄧˊ
捻舌,1,ㄋㄧㄝ ㄕㄜˊ
捻酸,1,ㄋㄧㄢˇ ㄙㄨㄢ
捻針,1,ㄋㄧㄢˇ ㄓㄣ
捻鼻,1,ㄋㄧㄝ ㄅㄧˊ
捽兀,1,ㄗㄨˊ ㄨˋ
捽扯,1,ㄗㄨˊ ㄔㄜˇ
捽脫,1,ㄗㄨˊ ㄊㄨㄛ
掀揚,1,ㄒㄧㄢ ㄧㄤˊ
掀翻,1,ㄒㄧㄢ ㄈㄢ
掀舞,1,ㄒㄧㄢ ㄨˇ
掀露,1,ㄒㄧㄢ ㄌㄨˋ
掀騰,1,ㄒㄧㄢ ㄊㄥ˙
掀髯,1,ㄒㄧㄢ ㄖㄢˊ
掃塵,1,ㄙㄠˇ ㄔㄣˊ
掃尾,1,ㄙㄠˇ ㄨㄟˇ
掃帚,1,ㄙㄠˋ ㄓㄡ˙
掃拂,1,ㄙㄠˇ ㄈㄨˊ
掃數,1,ㄙㄠˇ ㄕㄨˋ
掃星,1,ㄙㄠˋ ㄒㄧㄥ
掃榻,1,ㄙㄠˇ ㄊㄚˋ
掃灑,1,ㄙㄠˇ ㄙㄚˇ
掃白,1,ㄙㄠˇ ㄅㄞˊ
掃眉,1,ㄙㄠˇ ㄇㄟˊ
掃聽,1,ㄙㄠˇ ㄊㄧㄥ˙
掃臉,1,ㄙㄠˇ ㄌㄧㄢˇ
掃邊,1,ㄙㄠˇ ㄅㄧㄢ
掃門,1,ㄙㄠˇ ㄇㄣˊ
掄元,1,ㄌㄨㄣˊ ㄩㄢˊ
掄拳,1,ㄌㄨㄣ ㄑㄩㄢˊ
掄材,1,ㄌㄨㄣˊ ㄘㄞˊ
掇坐,1,ㄉㄨㄛˊ ㄗㄨㄛˋ
掇弄,1,ㄉㄨㄛˊ ㄋㄨㄥˋ
掇畫,1,ㄉㄨㄛˊ ㄏㄨㄚˋ
掇肩,1,ㄉㄨㄛˊ ㄐㄧㄢ
掇芹,1,ㄉㄨㄛˊ ㄑㄧㄣˊ
掇轉,1,ㄉㄨㄛˊ ㄓㄨㄢˇ
掇送,1,ㄉㄨㄛˊ ㄙㄨㄥˋ
掇遺,1,ㄉㄨㄛˊ ㄧˊ
掇那,1,ㄉㄨㄛˊ ㄋㄨㄛˊ
授兵,1,ㄕㄡˋ ㄅㄧㄥ
授室,1,ㄕㄡˋ ㄕˋ
授時,1,ㄕㄡˋ ㄕˊ
授藝,1,ㄕㄡˋ ㄧˋ
授衣,1,ㄕㄡˋ ㄧ
授銜,1,ㄕㄡˋ ㄒㄧㄢˊ
授首,1,ㄕㄡˋ ㄕㄡˇ
掉刀,1,ㄉㄧㄠˋ ㄉㄠ
掉弄,1,ㄉㄧㄠˋ ㄋㄨㄥˋ
掉文,1,ㄉㄧㄠˋ ㄨㄣˊ
掉眼,1,ㄉㄧㄠˋ ㄧㄢˇ
掉胎,1,ㄉㄧㄠˋ ㄊㄞ
掉膘,1,ㄉㄧㄠˋ ㄅㄧㄠ
掉臂,1,ㄉㄧㄠˋ ㄅㄧˋ
掉舌,1,ㄉㄧㄠˋ ㄕㄜˊ
掉貨,1,ㄉㄧㄠˋ ㄏㄨㄛˋ
掉開,1,ㄉㄧㄠˋ ㄎㄞ
掉鞅,1,ㄉㄧㄠˋ ㄧㄤ
掊克,1,ㄆㄡˊ ㄎㄜˋ
掊刻,1,ㄆㄡˊ ㄎㄜˋ
掊剋,1,ㄆㄡˊ ㄎㄜˋ
掊擊,1,ㄆㄡˇ ㄐㄧˊ
掌力,1,ㄓㄤˇ ㄌㄧˋ
掌客,1,ㄓㄤˇ ㄎㄜˋ
掌家,1,ㄓㄤˇ ㄐㄧㄚ
掌扇,1,ㄓㄤˇ ㄕㄢˋ
掌把,1,ㄓㄤˇ ㄅㄚˇ
掌摑,1,ㄓㄤˇ ㄍㄨㄛˊ
掌教,1,ㄓㄤˇ ㄐㄧㄠˋ
掌根,1,ㄓㄤˇ ㄍㄣ
掌案,1,ㄓㄤˇ ㄢˋ
掌珠,1,ㄓㄤˇ ㄓㄨ
掌班,1,ㄓㄤˇ ㄅㄢ
掌盤,1,ㄓㄤˇ ㄆㄢˊ
掌紋,1,ㄓㄤˇ ㄨㄣˊ
掌號,1,ㄓㄤˇ ㄏㄠˋ
掌記,1,ㄓㄤˇ ㄐㄧˋ
掌鞭,1,ㄓㄤˇ ㄅㄧㄢ
掌領,1,ㄓㄤˇ ㄌㄧㄥˇ
掎摭,1,ㄐㄧˇ ㄓˊ
掎角,1,ㄐㄧˇ ㄐㄩㄝˊ
掏問,1,ㄊㄠ ㄨㄣˋ
掏心,1,ㄊㄠ ㄒㄧㄣ
掏摸,1,ㄊㄠ ㄇㄛ
掏澄,1,ㄊㄠ ㄔㄥˊ
掐巴,1,ㄑㄧㄚ ㄅㄚ˙
掐訣,1,ㄑㄧㄚ ㄐㄩㄝˊ
排備,1,ㄆㄞˊ ㄅㄟˋ
排危,1,ㄆㄞˊ ㄨㄟˊ
排句,1,ㄆㄞˊ ㄐㄩˋ
排告,1,ㄆㄞˊ ㄍㄠˋ
排場,1,ㄆㄞˊ ㄔㄤ˙
排奡,1,ㄆㄞˊ ㄠˋ
排子,1,ㄆㄞˊ ㄗ˙
排害,1,ㄆㄞˊ ㄏㄞˋ
排宴,1,ㄆㄞˊ ㄧㄢˋ
排家,1,ㄆㄞˊ ㄐㄧㄚ
排局,1,ㄆㄞˊ ㄐㄩˊ
排山,1,ㄆㄞˊ ㄕㄢ
排悶,1,ㄆㄞˊ ㄇㄣˋ
排房,1,ㄆㄞˊ ㄈㄤˊ
排手,1,ㄆㄞˊ ㄕㄡˇ
排打,1,ㄆㄞˊ ㄉㄚˇ
排扣,1,ㄆㄞˊ ㄎㄡˋ
排捏,1,ㄆㄞˊ ㄋㄧㄝ
排揎,1,ㄆㄞˊ ㄒㄩㄢ˙
排擊,1,ㄆㄞˊ ㄐㄧˊ
排擯,1,ㄆㄞˊ ㄅㄧㄣˋ
排日,1,ㄆㄞˊ ㄖˋ
排槍,1,ㄆㄞˊ ㄑㄧㄤ
排比,1,ㄆㄞˊ ㄅㄧˋ
排洩,1,ㄆㄞˊ ㄒㄧㄝˋ
排澇,1,ㄆㄞˊ ㄌㄠˋ
排炮,1,ㄆㄞˊ ㄆㄠˋ
排煙,1,ㄆㄞˊ ㄧㄢ
排當,1,ㄆㄞˊ ㄉㄤ
排突,1,ㄆㄞˊ ㄊㄨˊ
排笮,1,ㄆㄞˊ ㄗㄜˊ
排筏,1,ㄆㄞˊ ㄈㄚˊ
排衙,1,ㄆㄞˊ ㄧㄚˊ
排詆,1,ㄆㄞˊ ㄉㄧˇ
排調,1,ㄆㄞˊ ㄉㄧㄠˋ
排調,1,ㄆㄞˊ ㄊㄧㄠˊ
排賦,1,ㄆㄞˊ ㄈㄨˋ
排蹙,1,ㄆㄞˊ ㄘㄨˋ
排軍,1,ㄆㄞˊ ㄐㄩㄣ
排辦,1,ㄆㄞˊ ㄅㄢˋ
排迮,1,ㄆㄞˊ ㄗㄨㄛˋ
排遍,1,ㄆㄞˊ ㄅㄧㄢˋ
排鄰,1,ㄆㄞˊ ㄌㄧㄣˊ
排鋪,1,ㄆㄞˊ ㄆㄨ
排門,1,ㄆㄞˊ ㄇㄣˊ
排闥,1,ㄆㄞˊ ㄊㄚˋ
排陣,1,ㄆㄞˊ ㄓㄣˋ
排鬚,1,ㄆㄞˊ ㄒㄩ
掖垣,1,ㄧㄝˋ ㄩㄢˊ
掖庭,1,ㄧㄝˋ ㄊㄧㄥˊ
掖省,1,ㄧㄝˋ ㄕㄥˇ
掖縣,1,ㄧㄝˋ ㄒㄧㄢˋ
掖門,1,ㄧㄝˋ ㄇㄣˊ
掗把,1,ㄧㄚˋ ㄅㄚ˙
掘井,1,ㄐㄩㄝˊ ㄐㄧㄥˇ
掘取,1,ㄐㄩㄝˊ ㄑㄩˇ
掘強,1,ㄐㄩㄝˊ ㄐㄧㄤˋ
掘拾,1,ㄐㄩㄝˊ ㄕˊ
掘洞,1,ㄐㄩㄝˊ ㄉㄨㄥˋ
掘穴,1,ㄐㄩㄝˊ ㄒㄩㄝˋ
掘穿,1,ㄐㄩㄝˊ ㄔㄨㄢ
掘筆,1,ㄐㄩㄝˊ ㄅㄧˇ
掘閱,1,ㄐㄩㄝˊ ㄩㄝˋ
掙䦟,1,ㄓㄥˋ ㄔㄨㄞˋ
掙命,1,ㄓㄥˋ ㄇㄧㄥˋ
掙挫,1,ㄓㄥˋ ㄘㄨㄛˋ
掙揣,1,ㄓㄥˋ ㄔㄨㄞˇ
掙臉,1,ㄓㄥˋ ㄌㄧㄢˇ
掛僵,1,ㄍㄨㄚˋ ㄐㄧㄤ
掛劍,1,ㄍㄨㄚˋ ㄐㄧㄢˋ
掛千,1,ㄍㄨㄚˋ ㄑㄧㄢ
掛告,1,ㄍㄨㄚˋ ㄍㄠˋ
掛屏,1,ㄍㄨㄚˋ ㄆㄧㄥˊ
掛斗,1,ㄍㄨㄚˋ ㄉㄡˇ
掛柱,1,ㄍㄨㄚˋ ㄓㄨˋ
掛樁,1,ㄍㄨㄚˋ ㄓㄨㄤ
掛欠,1,ㄍㄨㄚˋ ㄑㄧㄢˋ
掛毯,1,ㄍㄨㄚˋ ㄊㄢˇ
掛氣,1,ㄍㄨㄚˋ ㄑㄧˋ
掛牽,1,ㄍㄨㄚˋ ㄑㄧㄢ
掛瓢,1,ㄍㄨㄚˋ ㄆㄧㄠˊ
掛眼,1,ㄍㄨㄚˋ ㄧㄢˇ
掛紙,1,ㄍㄨㄚˋ ㄓˇ
掛累,1,ㄍㄨㄚˋ ㄌㄟˇ
掛線,1,ㄍㄨㄚˋ ㄒㄧㄢˋ
掛花,1,ㄍㄨㄚˋ ㄏㄨㄚ
掛褡,1,ㄍㄨㄚˋ ㄉㄚ
掛角,1,ㄍㄨㄚˋ ㄐㄧㄠˇ
掛連,1,ㄍㄨㄚˋ ㄌㄧㄢˊ
掛鋤,1,ㄍㄨㄚˋ ㄔㄨˊ
掛錢,1,ㄍㄨㄚˋ ㄑㄧㄢˊ
掛錶,1,ㄍㄨㄚˋ ㄅㄧㄠˇ
掛鐮,1,ㄍㄨㄚˋ ㄌㄧㄢˊ
掞張,1,ㄕㄢˋ ㄓㄤ
掞藻,1,ㄕㄢˋ ㄗㄠˇ
掠亂,1,ㄌㄩㄝˋ ㄌㄨㄢˋ
掠子,1,ㄌㄩㄝˋ ㄗ˙
掠影,1,ㄌㄩㄝˋ ㄧㄥˇ
掠治,1,ㄌㄩㄝˋ ㄓˋ
掠頭,1,ㄌㄩㄝˋ ㄊㄡˊ
採拾,1,ㄘㄞˇ ㄕˊ
採摘,1,ㄘㄞˇ ㄓㄞ
採摭,1,ㄘㄞˇ ㄓˊ
採收,1,ㄘㄞˇ ㄕㄡ
採獵,1,ㄘㄞˇ ㄌㄧㄝˋ
採薇,1,ㄘㄞˇ ㄨㄟˊ
採補,1,ㄘㄞˇ ㄅㄨˇ
採證,1,ㄘㄞˇ ㄓㄥˋ
採選,1,ㄘㄞˇ ㄒㄩㄢˇ
採錄,1,ㄘㄞˇ ㄌㄨˋ
探丸,1,ㄊㄢˋ ㄨㄢˊ
探候,1,ㄊㄢˋ ㄏㄡˋ
探先,1,ㄊㄢˋ ㄒㄧㄢ
探刺,1,ㄊㄢˋ ㄘˋ
探員,1,ㄊㄢˋ ㄩㄢˊ
探囊,1,ㄊㄢˋ ㄋㄤˊ
探房,1,ㄊㄢˋ ㄈㄤˊ
探手,1,ㄊㄢˋ ㄕㄡˇ
探檢,1,ㄊㄢˋ ㄐㄧㄢˇ
探海,1,ㄊㄢˋ ㄏㄞˇ
探湯,1,ㄊㄢ ㄊㄤ
探看,1,ㄊㄢˋ ㄎㄢˋ
探知,1,ㄊㄢˋ ㄓ
探籌,1,ㄊㄢˋ ㄔㄡˊ
探腰,1,ㄊㄢˋ ㄧㄠ
探軍,1,ㄊㄢˋ ㄐㄩㄣ
探鉤,1,ㄊㄢˋ ㄍㄡ
探頭,1,ㄊㄢ ㄊㄡˊ
探題,1,ㄊㄢˋ ㄊㄧˊ
探馬,1,ㄊㄢˋ ㄇㄚˇ
探騎,1,ㄊㄢˋ ㄐㄧˋ
探鬮,1,ㄊㄢˋ ㄐㄧㄡ
掣光,1,ㄔㄜˋ ㄍㄨㄤ
掣刀,1,ㄔㄜˋ ㄉㄠ
掣曳,1,ㄔㄜˋ ㄧˋ
掣籤,1,ㄔㄜˋ ㄑㄧㄢ
掣脫,1,ㄔㄜˋ ㄊㄨㄛ
掣驗,1,ㄔㄜˋ ㄧㄢˋ
掤扒,1,ㄅㄧㄥ ㄅㄚ
接三,1,ㄐㄧㄝ ㄙㄢ
接事,1,ㄐㄧㄝ ㄕˋ
接交,1,ㄐㄧㄝ ㄐㄧㄠ
接位,1,ㄐㄧㄝ ㄨㄟˋ
接侍,1,ㄐㄧㄝ ㄕˋ
接嘴,1,ㄐㄧㄝ ㄗㄨㄟˇ
接對,1,ㄐㄧㄝ ㄉㄨㄟˋ
接急,1,ㄐㄧㄝ ㄐㄧˊ
接戰,1,ㄐㄧㄝ ㄓㄢˋ
接手,1,ㄐㄧㄝ ㄕㄡ˙
接援,1,ㄐㄧㄝ ㄩㄢˊ
接洽,1,ㄐㄧㄝ ㄒㄧㄚˊ
接火,1,ㄐㄧㄝ ㄏㄨㄛˇ
接灶,1,ㄐㄧㄝ ㄗㄠˋ
接福,1,ㄐㄧㄝ ㄈㄨˊ
接種,1,ㄐㄧㄝ ㄓㄨㄥˋ
接筍,1,ㄐㄧㄝ ㄙㄨㄣˇ
接簇,1,ㄐㄧㄝ ㄘㄨˋ
接耳,1,ㄐㄧㄝ ㄦˇ
接腳,1,ㄐㄧㄝ ㄐㄧㄠˇ
接膝,1,ㄐㄧㄝ ㄒㄧ
接芽,1,ㄐㄧㄝ ㄧㄚˊ
接衫,1,ㄐㄧㄝ ㄕㄢ
接輿,1,ㄐㄧㄝ ㄩˊ
接靈,1,ㄐㄧㄝ ㄌㄧㄥˊ
控弦,1,ㄎㄨㄥˋ ㄒㄧㄢˊ
控御,1,ㄎㄨㄥˋ ㄩˋ
控持,1,ㄎㄨㄥˋ ㄔˊ
控捲,1,ㄎㄨㄥˋ ㄐㄩㄢˇ
控馬,1,ㄎㄨㄥˋ ㄇㄚˇ
控鶴,1,ㄎㄨㄥˋ ㄏㄜˋ
推免,1,ㄊㄨㄟ ㄇㄧㄢˇ
推刃,1,ㄊㄨㄟ ㄖㄣˋ
推勘,1,ㄊㄨㄟ ㄎㄢ
推及,1,ㄊㄨㄟ ㄐㄧˊ
推因,1,ㄊㄨㄟ ㄧㄣ
推奪,1,ㄊㄨㄟ ㄉㄨㄛˊ
推委,1,ㄊㄨㄟ ㄨㄟˇ
推宕,1,ㄊㄨㄟ ㄉㄤˋ
推尋,1,ㄊㄨㄟ ㄒㄩㄣˊ
推就,1,ㄊㄨㄟ ㄐㄧㄡˋ
推山,1,ㄊㄨㄟ ㄕㄢ
推恩,1,ㄊㄨㄟ ㄣ
推搪,1,ㄊㄨㄟ ㄊㄤˊ
推搶,1,ㄊㄨㄟ ㄑㄧㄤˇ
推撞,1,ㄊㄨㄟ ㄓㄨㄤˋ
推服,1,ㄊㄨㄟ ㄈㄨˊ
推案,1,ㄊㄨㄟ ㄢˋ
推步,1,ㄊㄨㄟ ㄅㄨˋ
推激,1,ㄊㄨㄟ ㄐㄧ
推球,1,ㄊㄨㄟ ㄑㄧㄡˊ
推稱,1,ㄊㄨㄟ ㄔㄥ
推窗,1,ㄊㄨㄟ ㄔㄨㄤ
推索,1,ㄊㄨㄟ ㄙㄨㄛˇ
推見,1,ㄊㄨㄟ ㄐㄧㄢˋ
推解,1,ㄊㄨㄟ ㄐㄧㄝˇ
推許,1,ㄊㄨㄟ ㄒㄩˇ
推詳,1,ㄊㄨㄟ ㄒㄧㄤˊ
推調,1,ㄊㄨㄟ ㄊㄧㄠˊ
推輓,1,ㄊㄨㄟ ㄨㄢˇ
推轉,1,ㄊㄨㄟ ㄓㄨㄢˇ
推遜,1,ㄊㄨㄟ ㄒㄩㄣˋ
推阻,1,ㄊㄨㄟ ㄗㄨˇ
推頭,1,ㄊㄨㄟ ㄊㄡˊ
推驗,1,ㄊㄨㄟ ㄧㄢˋ
掩入,1,ㄧㄢˇ ㄖㄨˋ
掩卷,1,ㄧㄢˇ ㄐㄩㄢˋ
掩口,1,ㄧㄢˇ ㄎㄡˇ
掩抑,1,ㄧㄢˇ ㄧˋ
掩星,1,ㄧㄢˇ ㄒㄧㄥ
掩殺,1,ㄧㄢˇ ㄕㄚ
掩泣,1,ㄧㄢˇ ㄑㄧˋ
掩涕,1,ㄧㄢˇ ㄊㄧˋ
掩淚,1,ㄧㄢˇ ㄌㄟˋ
掩瞞,1,ㄧㄢˇ ㄇㄢˊ
掩袖,1,ㄧㄢˇ ㄒㄧㄡˋ
掩襲,1,ㄧㄢˇ ㄒㄧˊ
掩閉,1,ㄧㄢˇ ㄅㄧˋ
措意,1,ㄘㄨㄛˋ ㄧˋ
措辦,1,ㄘㄨㄛˋ ㄅㄢˋ
掬弄,1,ㄐㄩˊ ㄋㄨㄥˋ
掬飲,1,ㄐㄩˊ ㄧㄣˇ
掭筆,1,ㄊㄧㄢˋ ㄅㄧˇ
掮著,1,ㄑㄧㄢˊ ㄓㄜ˙
掯勒,1,ㄎㄣˋ ㄌㄜˋ
掰了,1,ㄅㄞ ㄌㄜ˙
掰謊,1,ㄅㄞ ㄏㄨㄤˇ
掾佐,1,ㄩㄢˋ ㄗㄨㄛˇ
掾吏,1,ㄩㄢˋ ㄌㄧˋ
掿戰,1,ㄋㄨㄛˋ ㄓㄢˋ
掿沙,1,ㄋㄨㄛˋ ㄕㄚ
揀別,1,ㄐㄧㄢˇ ㄅㄧㄝˊ
揀妝,1,ㄐㄧㄢˇ ㄓㄨㄤ
揀擇,1,ㄐㄧㄢˇ ㄗㄜˊ
揃平,1,ㄐㄧㄢˇ ㄆㄧㄥˊ
揄揚,1,ㄩˊ ㄧㄤˊ
揄狄,1,ㄧㄠˊ ㄉㄧˊ
揄袂,1,ㄩˊ ㄇㄟˋ
揆席,1,ㄎㄨㄟˊ ㄒㄧˊ
揉弦,1,ㄖㄡˊ ㄒㄧㄢˊ
揉揉,1,ㄖㄡˊ ㄖㄡ˙
揉輪,1,ㄖㄡˊ ㄌㄨㄣˊ
揍扁,1,ㄗㄡˋ ㄅㄧㄢˇ
描摩,1,ㄇㄧㄠˊ ㄇㄛˊ
描摸,1,ㄇㄧㄠˊ ㄇㄛˊ
描補,1,ㄇㄧㄠˊ ㄅㄨˇ
描賠,1,ㄇㄧㄠˊ ㄆㄟˊ
描金,1,ㄇㄧㄠˊ ㄐㄧㄣ
描黛,1,ㄇㄧㄠˊ ㄉㄞˋ
提人,1,ㄊㄧˊ ㄖㄣˊ
提偶,1,ㄊㄧˊ ㄡˇ
提兵,1,ㄊㄧˊ ㄅㄧㄥ
提刀,1,ㄊㄧˊ ㄉㄠ
提塘,1,ㄊㄧˊ ㄊㄤˊ
提婆,1,ㄊㄧˊ ㄆㄛˊ
提子,1,ㄊㄧˊ ㄗˇ
提學,1,ㄊㄧˊ ㄒㄩㄝˊ
提封,1,ㄊㄧˊ ㄈㄥ
提戲,1,ㄊㄧˊ ㄒㄧˋ
提掇,1,ㄊㄧˊ ㄉㄨㄛˊ
提控,1,ㄊㄧˊ ㄎㄨㄥˋ
提撕,1,ㄊㄧˊ ㄒㄧ
提灌,1,ㄊㄧˊ ㄍㄨㄢˋ
提燈,1,ㄊㄧˊ ㄉㄥ
提爐,1,ㄊㄧˊ ㄌㄨˊ
提牢,1,ㄊㄧˊ ㄌㄠˊ
提省,1,ㄊㄧˊ ㄒㄧㄥˇ
提破,1,ㄊㄧˊ ㄆㄛˋ
提票,1,ㄊㄧˊ ㄆㄧㄠˋ
提筒,1,ㄊㄧˊ ㄊㄨㄥˇ
提線,1,ㄊㄧˊ ㄒㄧㄢˋ
提罐,1,ㄊㄧˊ ㄍㄨㄢˋ
提耳,1,ㄊㄧˊ ㄦˇ
提舉,1,ㄊㄧˊ ㄐㄩˇ
提行,1,ㄊㄧˊ ㄏㄤˊ
提補,1,ㄊㄧˊ ㄅㄨ˙
提製,1,ㄊㄧˊ ㄓˋ
提選,1,ㄊㄧˊ ㄒㄩㄢˇ
提鞋,1,ㄊㄧˊ ㄒㄧㄝˊ
提香,1,ㄊㄧˊ ㄒㄧㄤ
提齁,1,ㄊㄧˊ ㄏㄡ
插天,1,ㄔㄚ ㄊㄧㄢ
插子,1,ㄔㄚ ㄗ˙
插定,1,ㄔㄚ ㄉㄧㄥˋ
插屏,1,ㄔㄚ ㄆㄧㄥˊ
插戴,1,ㄔㄚ ㄉㄞˋ
插插,1,ㄔㄚ ㄔㄚ
插播,1,ㄔㄚ ㄅㄛˋ
插敘,1,ㄔㄚ ㄒㄩˋ
插架,1,ㄔㄚ ㄐㄧㄚˋ
插梳,1,ㄔㄚ ㄕㄨ
插灶,1,ㄔㄚ ㄗㄠˋ
插狀,1,ㄔㄚ ㄓㄨㄤˋ
插羽,1,ㄔㄚ ㄩˇ
插腳,1,ㄔㄚ ㄐㄧㄠˇ
插舞,1,ㄔㄚ ㄨˇ
插袋,1,ㄔㄚ ㄉㄞˋ
插趣,1,ㄔㄚ ㄑㄩˋ
插釵,1,ㄔㄚ ㄔㄞ
揖客,1,ㄧ ㄎㄜˋ
揖揖,1,ㄐㄧˊ ㄐㄧˊ
揚劇,1,ㄧㄤˊ ㄐㄩˋ
揚升,1,ㄧㄤˊ ㄕㄥ
揚厲,1,ㄧㄤˊ ㄌㄧˋ
揚場,1,ㄧㄤˊ ㄔㄤˊ
揚搉,1,ㄧㄤˊ ㄑㄩㄝˋ
揚旗,1,ㄧㄤˊ ㄑㄧˊ
揚氣,1,ㄧㄤˊ ㄑㄧ˙
揚水,1,ㄧㄤˊ ㄕㄨㄟˇ
揚波,1,ㄧㄤˊ ㄅㄛ
揚長,1,ㄧㄤˊ ㄔㄤˊ
揚雄,1,ㄧㄤˊ ㄒㄩㄥˊ
揚靈,1,ㄧㄤˊ ㄌㄧㄥˊ
揚風,1,ㄧㄤˊ ㄈㄥ
換劫,1,ㄏㄨㄢˋ ㄐㄧㄝˊ
換匯,1,ㄏㄨㄢˋ ㄏㄨㄟˋ
換容,1,ㄏㄨㄢˋ ㄖㄨㄥˊ
換牙,1,ㄏㄨㄢˋ ㄧㄚˊ
換票,1,ㄏㄨㄢˋ ㄆㄧㄠˋ
換茬,1,ㄏㄨㄢˋ ㄔㄚˊ
換親,1,ㄏㄨㄢˋ ㄑㄧㄣ
換防,1,ㄏㄨㄢˋ ㄈㄤˊ
換頭,1,ㄏㄨㄢˋ ㄊㄡˊ
揜目,1,ㄧㄢˇ ㄇㄨˋ
揜眼,1,ㄧㄢˇ ㄧㄢˇ
握管,1,ㄨㄛˋ ㄍㄨㄢˇ
握髮,1,ㄨㄛˋ ㄈㄚˇ
揢人,1,ㄎㄜˊ ㄖㄣˊ
揣奪,1,ㄔㄨㄞˇ ㄉㄨㄛˊ
揣己,1,ㄔㄨㄞˇ ㄐㄧˇ
揣度,1,ㄔㄨㄞˇ ㄉㄨㄛˋ
揣想,1,ㄔㄨㄞˇ ㄒㄧㄤˇ
揣摸,1,ㄔㄨㄞˇ ㄇㄛ
揣摹,1,ㄔㄨㄞˇ ㄇㄛˊ
揣知,1,ㄔㄨㄞˇ ㄓ
揣與,1,ㄔㄨㄞˇ ㄩˇ
揣骨,1,ㄔㄨㄞˇ ㄍㄨˇ
揩乾,1,ㄎㄞ ㄍㄢ
揩抹,1,ㄎㄞ ㄇㄛˇ
揩汗,1,ㄎㄞ ㄏㄢˋ
揩淚,1,ㄎㄞ ㄌㄟˋ
揩背,1,ㄎㄞ ㄅㄟˋ
揪心,1,ㄐㄧㄡ ㄒㄧㄣ
揪打,1,ㄐㄧㄡ ㄉㄚˇ
揪扭,1,ㄐㄧㄡ ㄋㄧㄡˇ
揪扯,1,ㄐㄧㄡ ㄔㄜˇ
揪捽,1,ㄐㄧㄡ ㄗㄨˊ
揪採,1,ㄐㄧㄡ ㄘㄞˇ
揪揪,1,ㄐㄧㄡ ㄐㄧㄡ
揪撏,1,ㄐㄧㄡ ㄒㄩㄣˊ
揪痧,1,ㄐㄧㄡ ㄕㄚ
揭債,1,ㄐㄧㄝ ㄓㄞˋ
揭布,1,ㄐㄧㄝ ㄅㄨˋ
揭帖,1,ㄐㄧㄝ ㄊㄧㄝˇ
揭席,1,ㄐㄧㄝ ㄒㄧˊ
揭折,1,ㄐㄧㄝ ㄓㄜˊ
揭挑,1,ㄐㄧㄝ ㄊㄧㄠ
揭揭,1,ㄐㄧㄝ ㄐㄧㄝ
揭水,1,ㄐㄧㄝ ㄕㄨㄟˇ
揭火,1,ㄐㄧㄝ ㄏㄨㄛˇ
揭白,1,ㄐㄧㄝ ㄅㄞˊ
揭祕,1,ㄐㄧㄝ ㄇㄧˋ
揭裱,1,ㄐㄧㄝ ㄅㄧㄠˇ
揭醜,1,ㄐㄧㄝ ㄔㄡˇ
揮拍,1,ㄏㄨㄟ ㄆㄞ
揮掌,1,ㄏㄨㄟ ㄓㄤˇ
揮斥,1,ㄏㄨㄟ ㄔˋ
揮杆,1,ㄏㄨㄟ ㄍㄢ
揮翰,1,ㄏㄨㄟ ㄏㄢˋ
揮袂,1,ㄏㄨㄟ ㄇㄟˋ
揮觴,1,ㄏㄨㄟ ㄕㄤ
揮金,1,ㄏㄨㄟ ㄐㄧㄣ
揮麈,1,ㄏㄨㄟ ㄓㄨˇ
揲蓍,1,ㄕㄜˊ ㄕ
援據,1,ㄩㄢˊ ㄐㄩˋ
援照,1,ㄩㄢˊ ㄓㄠˋ
搆和,1,ㄍㄡˋ ㄏㄜˊ
搆思,1,ㄍㄡˋ ㄙ
搆疾,1,ㄍㄡˋ ㄐㄧˊ
搆釁,1,ㄍㄡˋ ㄒㄧㄣˋ
搆隙,1,ㄍㄡˋ ㄒㄧˋ
搊扶,1,ㄔㄡ ㄈㄨˊ
搊搜,1,ㄔㄡ ㄙㄡ
搊撮,1,ㄔㄡ ㄘㄨㄛˋ
搋麵,1,ㄔㄨㄞ ㄇㄧㄢˋ
搌布,1,ㄓㄢˇ ㄅㄨ˙
損事,1,ㄙㄨㄣˇ ㄕˋ
損壽,1,ㄙㄨㄣˇ ㄕㄡˋ
損年,1,ㄙㄨㄣˇ ㄋㄧㄢˊ
損德,1,ㄙㄨㄣˇ ㄉㄜˊ
損折,1,ㄙㄨㄣˇ ㄓㄜˊ
損挹,1,ㄙㄨㄣˇ ㄧˋ
損書,1,ㄙㄨㄣˇ ㄕㄨ
損蝕,1,ㄙㄨㄣˇ ㄕˊ
搏動,1,ㄅㄛˊ ㄉㄨㄥˋ
搏命,1,ㄅㄛˊ ㄇㄧㄥˋ
搏影,1,ㄅㄛˊ ㄧㄥˇ
搏拊,1,ㄅㄛˊ ㄈㄨˇ
搏杖,1,ㄅㄛˊ ㄓㄤˋ
搏殺,1,ㄅㄛˊ ㄕㄚ
搏煉,1,ㄅㄛˊ ㄌㄧㄢˋ
搏膺,1,ㄅㄛˊ ㄧㄥ
搏風,1,ㄅㄛˊ ㄈㄥ
搏髀,1,ㄅㄛˊ ㄅㄧˋ
搐動,1,ㄔㄨˋ ㄉㄨㄥˋ
搐搦,1,ㄔㄨˋ ㄋㄨㄛˋ
搐縮,1,ㄔㄨˋ ㄙㄨㄛ
搐風,1,ㄔㄡ ㄈㄥ
搓弄,1,ㄘㄨㄛ ㄋㄨㄥ˙
搓澡,1,ㄘㄨㄛ ㄗㄠˇ
搔背,1,ㄙㄠ ㄅㄟˋ
搕打,1,ㄎㄜ ㄉㄚˇ
搖兀,1,ㄧㄠˊ ㄨˋ
搖光,1,ㄧㄠˊ ㄍㄨㄤ
搖心,1,ㄧㄠˊ ㄒㄧㄣ
搖戰,1,ㄧㄠˊ ㄓㄢˋ
搖撼,1,ㄧㄠˊ ㄏㄢ˙
搖攤,1,ㄧㄠˊ ㄊㄢ
搖旌,1,ㄧㄠˊ ㄐㄧㄥ
搖晃,1,ㄧㄠˊ ㄏㄨㄤ˙
搖會,1,ㄧㄠˊ ㄏㄨㄟˋ
搖板,1,ㄧㄠˊ ㄅㄢˇ
搖槌,1,ㄧㄠˊ ㄔㄨㄟˊ
搖櫓,1,ㄧㄠˊ ㄌㄨˇ
搖煤,1,ㄧㄠˊ ㄇㄟˊ
搖筆,1,ㄧㄠˊ ㄅㄧˇ
搖耬,1,ㄧㄠˊ ㄌㄡˊ
搖舉,1,ㄧㄠˊ ㄐㄩˇ
搖舌,1,ㄧㄠˊ ㄕㄜˊ
搖落,1,ㄧㄠˊ ㄌㄨㄛˋ
搖蚊,1,ㄧㄠˊ ㄨㄣˊ
搖蜜,1,ㄧㄠˊ ㄇㄧˋ
搖裝,1,ㄧㄠˊ ㄓㄨㄤ
搖豔,1,ㄧㄠˊ ㄧㄢˋ
搖針,1,ㄧㄠˊ ㄓㄣ
搖風,1,ㄧㄠˊ ㄈㄥ
搖颭,1,ㄧㄠˊ ㄓㄢˇ
搗大,1,ㄉㄠˇ ㄉㄚˋ
搗子,1,ㄉㄠˇ ㄗ˙
搗家,1,ㄉㄠˇ ㄐㄧㄚ
搗換,1,ㄉㄠˇ ㄏㄨㄢˋ
搗椒,1,ㄉㄠˇ ㄐㄧㄠ
搗槽,1,ㄉㄠˇ ㄘㄠˊ
搗碓,1,ㄉㄠˇ ㄉㄨㄟˋ
搗羅,1,ㄉㄠˇ ㄌㄨㄛˊ
搗蒜,1,ㄉㄠˇ ㄙㄨㄢˋ
搗衣,1,ㄉㄠˇ ㄧ
搗謊,1,ㄉㄠˇ ㄏㄨㄤˇ
搗針,1,ㄉㄠˇ ㄓㄣ
搗騙,1,ㄉㄠˇ ㄆㄧㄢˋ
搗騰,1,ㄉㄠˇ ㄊㄥˊ
搗鼓,1,ㄉㄠˇ ㄍㄨˇ
搘拄,1,ㄓ ㄓㄨˇ
搜剔,1,ㄙㄡ ㄊㄧ
搜劫,1,ㄙㄡ ㄐㄧㄝˊ
搜檢,1,ㄙㄡ ㄐㄧㄢˇ
搜聚,1,ㄙㄡ ㄐㄩˋ
搜討,1,ㄙㄡ ㄊㄠˇ
搜閱,1,ㄙㄡ ㄩㄝˋ
搞丟,1,ㄍㄠˇ ㄉㄧㄡ
搞妥,1,ㄍㄠˇ ㄊㄨㄛˇ
搞活,1,ㄍㄠˇ ㄏㄨㄛˊ
搞頭,1,ㄍㄠˇ ㄊㄡ˙
搠換,1,ㄕㄨㄛˋ ㄏㄨㄢˋ
搠渰,1,ㄕㄨㄛˋ ㄧㄢˇ
搢笏,1,ㄐㄧㄣˋ ㄏㄨˋ
搤腕,1,ㄜˋ ㄨㄢˋ
搦戰,1,ㄋㄨㄛˋ ㄓㄢˋ
搦翰,1,ㄋㄨㄛˋ ㄏㄢˋ
搧火,1,ㄕㄢ ㄏㄨㄛˇ
搨子,1,ㄊㄚˋ ㄗ˙
搪抹,1,ㄊㄤˊ ㄇㄛˇ
搪突,1,ㄊㄤˊ ㄊㄨˊ
搪飢,1,ㄊㄤˊ ㄐㄧ
搬九,1,ㄅㄢ ㄐㄧㄡˇ
搬兵,1,ㄅㄢ ㄅㄧㄥ
搬口,1,ㄅㄢ ㄎㄡˇ
搬唆,1,ㄅㄢ ㄙㄨㄛ
搬唱,1,ㄅㄢ ㄔㄤˋ
搬嘴,1,ㄅㄢ ㄗㄨㄟˇ
搬子,1,ㄅㄢ ㄗ˙
搬挑,1,ㄅㄢ ㄊㄧㄠˇ
搬挪,1,ㄅㄢ ㄋㄨㄛˊ
搬斗,1,ㄅㄢ ㄉㄡˇ
搬演,1,ㄅㄢ ㄧㄢˇ
搬登,1,ㄅㄢ ㄉㄥ
搬調,1,ㄅㄢ ㄊㄧㄠˊ
搬請,1,ㄅㄢ ㄑㄧㄥˇ
搬逗,1,ㄅㄢ ㄉㄡˋ
搬配,1,ㄅㄢ ㄆㄟˋ
搬風,1,ㄅㄢ ㄈㄥ
搬鬥,1,ㄅㄢ ㄉㄡˋ
搭伏,1,ㄉㄚ ㄈㄨˊ
搭剌,1,ㄉㄚ ㄌㄚˋ
搭包,1,ㄉㄚ ㄅㄠ
搭印,1,ㄉㄚ ㄧㄣˋ
搭嘴,1,ㄉㄚ ㄗㄨㄟˇ
搭圾,1,ㄉㄚ ㄙㄜˋ
搭墩,1,ㄉㄚ ㄉㄨㄣ
搭子,1,ㄉㄚ ㄗ˙
搭幫,1,ㄉㄚ ㄅㄤ
搭手,1,ㄉㄚ ㄕㄡˇ
搭扶,1,ㄉㄚ ㄈㄨˊ
搭抗,1,ㄉㄚ ㄎㄤˋ
搭拉,1,ㄉㄚ ㄌㄚ˙
搭換,1,ㄉㄚ ㄏㄨㄢˋ
搭景,1,ㄉㄚ ㄐㄧㄥˇ
搭會,1,ㄉㄚ ㄏㄨㄟˋ
搭桌,1,ㄉㄚ ㄓㄨㄛ
搭橋,1,ㄉㄚ ㄑㄧㄠˊ
搭漿,1,ㄉㄚ ㄐㄧㄤ
搭理,1,ㄉㄚ ㄌㄧˇ
搭纏,1,ㄉㄚ ㄔㄢˊ
搭聯,1,ㄉㄚ ㄌㄧㄢˊ
搭背,1,ㄉㄚ ㄅㄟˋ
搭腰,1,ㄉㄚ ㄧㄠ
搭腳,1,ㄉㄚ ㄐㄧㄠˇ
搭膊,1,ㄉㄚ ㄅㄛˊ
搭蓋,1,ㄉㄚ ㄍㄞˋ
搭褳,1,ㄉㄚ ㄌㄧㄢˊ
搭調,1,ㄉㄚ ㄉㄧㄠˋ
搭識,1,ㄉㄚ ㄕˋ
搭護,1,ㄉㄚ ㄏㄨˋ
搭負,1,ㄉㄚ ㄈㄨˋ
搭賣,1,ㄉㄚ ㄇㄞˋ
搭赸,1,ㄉㄚ ㄕㄢˋ
搭跳,1,ㄉㄚ ㄊㄧㄠˋ
搭連,1,ㄉㄚ ㄌㄧㄢˊ
搭運,1,ㄉㄚ ㄩㄣˋ
搭鋪,1,ㄉㄚ ㄆㄨ
搭附,1,ㄉㄚ ㄈㄨˋ
搭面,1,ㄉㄚ ㄇㄧㄢˋ
搭頭,1,ㄉㄚ ㄊㄡˊ
搭颯,1,ㄉㄚ ㄙㄚˋ
搭飯,1,ㄉㄚ ㄈㄢˋ
搭館,1,ㄉㄚ ㄍㄨㄢˇ
搰搰,1,ㄏㄨˊ ㄏㄨˊ
搳拳,1,ㄏㄨㄚˊ ㄑㄩㄢˊ
搳脫,1,ㄏㄨㄚˊ ㄊㄨㄛ
搴旗,1,ㄑㄧㄢ ㄑㄧˊ
搴裳,1,ㄑㄧㄢ ㄔㄤˊ
搶上,1,ㄑㄧㄤˇ ㄕㄤˋ
搶前,1,ㄑㄧㄤˇ ㄑㄧㄢˊ
搶呼,1,ㄑㄧㄤ ㄏㄨ
搶命,1,ㄑㄧㄤˇ ㄇㄧㄥˋ
搶地,1,ㄑㄧㄤ ㄉㄧˋ
搶婚,1,ㄑㄧㄤˇ ㄏㄨㄣ
搶市,1,ㄑㄧㄤˇ ㄕˋ
搶快,1,ㄑㄧㄤˇ ㄎㄨㄞˋ
搶戲,1,ㄑㄧㄤˇ ㄒㄧˋ
搶槓,1,ㄑㄧㄤˇ ㄍㄤˋ
搶步,1,ㄑㄧㄤˇ ㄅㄨˋ
搶渡,1,ㄑㄧㄤˇ ㄉㄨˋ
搶火,1,ㄑㄧㄤˇ ㄏㄨㄛˇ
搶答,1,ㄑㄧㄤˇ ㄉㄚˊ
搶籬,1,ㄑㄧㄤ ㄌㄧˊ
搶紅,1,ㄑㄧㄤˇ ㄏㄨㄥˊ
搶背,1,ㄑㄧㄤˇ ㄅㄟˋ
搶通,1,ㄑㄧㄤˇ ㄊㄨㄥ
搶進,1,ㄑㄧㄤˇ ㄐㄧㄣˋ
搶風,1,ㄑㄧㄤ ㄈㄥ
搽匙,1,ㄔㄚˊ ㄔˊ
搽旦,1,ㄔㄚˊ ㄉㄢˋ
摐摐,1,ㄔㄨㄤ ㄔㄨㄤ
摑手,1,ㄍㄨㄛˊ ㄕㄡˇ
摑混,1,ㄍㄨㄛˊ ㄏㄨㄣˋ
摔喪,1,ㄕㄨㄞ ㄙㄤ
摔手,1,ㄕㄨㄞ ㄕㄡˇ
摔打,1,ㄕㄨㄞ ㄉㄚ˙
摔炮,1,ㄕㄨㄞ ㄆㄠˋ
摘借,1,ㄓㄞ ㄐㄧㄝˋ
摘僻,1,ㄓㄞ ㄆㄧˋ
摘印,1,ㄓㄞ ㄧㄣˋ
摘奶,1,ㄓㄞ ㄋㄞˇ
摘星,1,ㄓㄞ ㄒㄧㄥ
摘由,1,ㄓㄞ ㄧㄡˊ
摘編,1,ㄓㄞ ㄅㄧㄢ
摘翠,1,ㄓㄞ ㄘㄨㄟˋ
摘芽,1,ㄓㄞ ㄧㄚˊ
摘離,1,ㄓㄞ ㄌㄧˊ
摛翰,1,ㄔ ㄏㄢˋ
摛藻,1,ㄔ ㄗㄠˇ
摛詞,1,ㄔ ㄘˊ
摛豔,1,ㄔ ㄧㄢˋ
摛錦,1,ㄔ ㄐㄧㄣˇ
摜交,1,ㄍㄨㄢˋ ㄐㄧㄠ
摜壓,1,ㄍㄨㄢˋ ㄧㄚ
摜打,1,ㄍㄨㄢˋ ㄉㄚˇ
摜碎,1,ㄍㄨㄢˋ ㄙㄨㄟˋ
摟搜,1,ㄌㄡ ㄙㄡ
摟攬,1,ㄌㄡ ㄌㄢˇ
摟財,1,ㄌㄡ ㄘㄞˊ
摟貨,1,ㄌㄡ ㄏㄨㄛˋ
摟頭,1,ㄌㄡ ㄊㄡˊ
摣頭,1,ㄓㄚ ㄊㄡˊ
摧剝,1,ㄘㄨㄟ ㄅㄛ
摧堅,1,ㄘㄨㄟ ㄐㄧㄢ
摧壞,1,ㄘㄨㄟ ㄏㄨㄞˋ
摧挫,1,ㄘㄨㄟ ㄘㄨㄛˋ
摧撓,1,ㄘㄨㄟ ㄋㄠˊ
摧敗,1,ㄘㄨㄟ ㄅㄞˋ
摧燒,1,ㄘㄨㄟ ㄕㄠ
摧眉,1,ㄘㄨㄟ ㄇㄟˊ
摧絕,1,ㄘㄨㄟ ㄐㄩㄝˊ
摧藏,1,ㄘㄨㄟ ㄘㄤˊ
摧辱,1,ㄘㄨㄟ ㄖㄨˋ
摧陷,1,ㄘㄨㄟ ㄒㄧㄢˋ
摧頹,1,ㄘㄨㄟ ㄊㄨㄟˊ
摧顏,1,ㄘㄨㄟ ㄧㄢˊ
摩姑,1,ㄇㄛˊ ㄍㄨ˙
摩娑,1,ㄇㄛˊ ㄙㄨㄛ
摩崖,1,ㄇㄛˊ ㄧㄞˊ
摩平,1,ㄇㄛˊ ㄆㄧㄥˊ
摩戛,1,ㄇㄛˊ ㄐㄧㄚˊ
摩挲,1,ㄇㄚ ㄙㄚ˙
摩敦,1,ㄇㄛˊ ㄉㄨㄣ
摩洛,1,ㄇㄛˊ ㄌㄨㄛˋ
摩滅,1,ㄇㄛˊ ㄇㄧㄝˋ
摩牙,1,ㄇㄛˊ ㄧㄚˊ
摩陀,1,ㄇㄛˊ ㄊㄨㄛˊ
摭拾,1,ㄓˊ ㄕˊ
摭言,1,ㄓˊ ㄧㄢˊ
摯虞,1,ㄓˋ ㄩˊ
摳住,1,ㄎㄡ ㄓㄨˋ
摳扒,1,ㄎㄡ ㄆㄚˊ
摳搜,1,ㄎㄡ ㄙㄡ˙
摳摟,1,ㄎㄡ ㄌㄡ˙
摳衣,1,ㄎㄡ ㄧ
摴蒱,1,ㄕㄨ ㄆㄨˊ
摵摵,1,ㄕㄜˋ ㄕㄜˋ
摶搦,1,ㄊㄨㄢˊ ㄋㄨㄛˋ
摶摶,1,ㄊㄨㄢˊ ㄊㄨㄢˊ
摶沙,1,ㄊㄨㄢˊ ㄕㄚ
摶風,1,ㄊㄨㄢˊ ㄈㄥ
摶飯,1,ㄊㄨㄢˊ ㄈㄢˋ
摸棱,1,ㄇㄛˊ ㄌㄥˊ
摸牌,1,ㄇㄛ ㄆㄞˊ
摸瞎,1,ㄇㄛ ㄒㄧㄚ
摸秋,1,ㄇㄛ ㄑㄧㄡ
摸稜,1,ㄇㄛˊ ㄌㄥˊ
摸索,1,ㄇㄛ ㄙㄨㄛ˙
摸著,1,ㄇㄛ ㄓㄠˊ
摸量,1,ㄇㄛ ㄌㄧㄤˊ
摸頭,1,ㄇㄛ ㄊㄡˊ
摹傚,1,ㄇㄛˊ ㄒㄧㄠˋ
摹帖,1,ㄇㄛˊ ㄊㄧㄝˋ
摹想,1,ㄇㄛˊ ㄒㄧㄤˇ
摹書,1,ㄇㄛˊ ㄕㄨ
摹狀,1,ㄇㄛˊ ㄓㄨㄤˋ
摹繪,1,ㄇㄛˊ ㄏㄨㄟˋ
摹肖,1,ㄇㄛˊ ㄒㄧㄠˋ
摺子,1,ㄓㄜˇ ㄗ˙
摻假,1,ㄔㄢ ㄐㄧㄚˇ
摻和,1,ㄔㄢ ㄏㄨㄛˋ
摻摻,1,ㄕㄢ ㄕㄢ
摻袂,1,ㄕㄢˇ ㄇㄟˋ
摽幟,1,ㄅㄧㄠ ㄓˋ
摽梅,1,ㄆㄧㄠˇ ㄇㄟˊ
摽牌,1,ㄅㄧㄠ ㄆㄞˊ
摽落,1,ㄆㄧㄠˇ ㄌㄨㄛˋ
摽說,1,ㄆㄧㄠˇ ㄕㄨㄛ
撂下,1,ㄌㄧㄠˋ ㄒㄧㄚ˙
撂了,1,ㄌㄧㄠˋ ㄌㄜ˙
撂地,1,ㄌㄧㄠˋ ㄉㄧˋ
撂皮,1,ㄌㄧㄠˋ ㄆㄧˊ
撂荒,1,ㄌㄧㄠˋ ㄏㄨㄤ
撂跤,1,ㄌㄧㄠˋ ㄐㄧㄠ
撂開,1,ㄌㄧㄠˋ ㄎㄞ
撅丁,1,ㄐㄩㄝ ㄉㄧㄥ
撅撒,1,ㄐㄩㄝ ㄙㄚ
撇假,1,ㄆㄧㄝ ㄐㄧㄚˇ
撇呵,1,ㄆㄧㄝ ㄏㄜ
撇地,1,ㄆㄧㄝ ㄉㄜ˙
撇嵌,1,ㄆㄧㄝ ㄑㄧㄢ
撇弔,1,ㄆㄧㄝ ㄉㄧㄠˋ
撇強,1,ㄆㄧㄝ ㄑㄧㄤˊ
撇打,1,ㄆㄧㄝ ㄉㄚˇ
撇抗,1,ㄆㄧㄝ ㄎㄤˋ
撇撒,1,ㄆㄧㄝ ㄙㄚ
撇欠,1,ㄆㄧㄝ ㄑㄧㄢˋ
撇油,1,ㄆㄧㄝ ㄧㄡˊ
撇演,1,ㄆㄧㄝ ㄧㄢˇ
撇漾,1,ㄆㄧㄝ ㄧㄤˋ
撇然,1,ㄆㄧㄝ ㄖㄢˊ
撇罷,1,ㄆㄧㄝ ㄅㄚˋ
撇脫,1,ㄆㄧㄝ ㄊㄨㄛ
撇蘭,1,ㄆㄧㄝˇ ㄌㄢˊ
撇賴,1,ㄆㄧㄝ ㄌㄞˋ
撇閃,1,ㄆㄧㄝ ㄕㄢˇ
撇風,1,ㄆㄧㄝ ㄈㄥ
撈嘴,1,ㄌㄠ ㄗㄨㄟˇ
撈捕,1,ㄌㄠ ㄅㄨˇ
撈摸,1,ㄌㄠ ㄇㄛ
撈梢,1,ㄌㄠ ㄕㄠ
撈菱,1,ㄌㄠ ㄌㄧㄥˊ
撈金,1,ㄌㄠ ㄐㄧㄣ
撈鈴,1,ㄌㄠ ㄌㄧㄥˊ
撈錢,1,ㄌㄠ ㄑㄧㄢˊ
撈麵,1,ㄌㄠ ㄇㄧㄢˋ
撋就,1,ㄖㄨㄢˊ ㄐㄧㄡˋ
撋縱,1,ㄖㄨㄢˊ ㄗㄨㄥˋ
撏扯,1,ㄒㄩㄣˊ ㄔㄜˇ
撏撦,1,ㄒㄩㄣˊ ㄔㄜˇ
撐家,1,ㄔㄥ ㄐㄧㄚ
撐扶,1,ㄔㄥ ㄈㄨˊ
撐拄,1,ㄔㄥ ㄓㄨˇ
撐拒,1,ㄔㄥ ㄐㄩˋ
撐篙,1,ㄔㄥ ㄍㄠ
撐達,1,ㄔㄥ ㄉㄚˊ
撒刁,1,ㄙㄚ ㄉㄧㄠ
撒和,1,ㄙㄚˇ ㄏㄜ˙
撒嘴,1,ㄙㄚ ㄗㄨㄟˇ
撒噴,1,ㄙㄚ ㄆㄣ
撒帳,1,ㄙㄚˇ ㄓㄤˋ
撒扇,1,ㄙㄚˇ ㄕㄢˋ
撒放,1,ㄙㄚ ㄈㄤˋ
撒村,1,ㄙㄚ ㄘㄨㄣ
撒極,1,ㄙㄚ ㄐㄧˊ
撒歡,1,ㄙㄚ ㄏㄨㄢ
撒氣,1,ㄙㄚ ㄑㄧˋ
撒溺,1,ㄙㄚ ㄋㄧㄠˋ
撒漫,1,ㄙㄚˇ ㄇㄢˋ
撒潑,1,ㄙㄚ ㄆㄛ
撒然,1,ㄙㄚˇ ㄖㄢˊ
撒科,1,ㄙㄚ ㄎㄜ
撒腳,1,ㄙㄚ ㄐㄧㄠˇ
撒花,1,ㄙㄚˇ ㄏㄨㄚ
撒鏝,1,ㄙㄚˇ ㄇㄢˋ
撒鞋,1,ㄙㄚˇ ㄒㄧㄝˊ
撒頑,1,ㄙㄚ ㄨㄢˊ
撓北,1,ㄋㄠˊ ㄅㄛˋ
撓折,1,ㄋㄠˊ ㄓㄜˊ
撓擾,1,ㄋㄠˊ ㄖㄠˇ
撓秧,1,ㄋㄠˊ ㄧㄤ
撓節,1,ㄋㄠˊ ㄐㄧㄝˊ
撓辭,1,ㄋㄠˊ ㄘˊ
撓頭,1,ㄋㄠˊ ㄊㄡˊ
撕擄,1,ㄙ ㄌㄨˇ
撙撙,1,ㄗㄨㄣˇ ㄗㄨㄣˇ
撙省,1,ㄗㄨㄣˇ ㄕㄥ˙
撙詘,1,ㄗㄨㄣˇ ㄑㄩ
撙銜,1,ㄗㄨㄣˇ ㄒㄧㄢˊ
撚酸,1,ㄋㄧㄢˇ ㄙㄨㄢ
撚錢,1,ㄋㄧㄢˇ ㄑㄧㄢˊ
撝挹,1,ㄏㄨㄟ ㄧˋ
撝謙,1,ㄏㄨㄟ ㄑㄧㄢ
撞凌,1,ㄓㄨㄤˋ ㄌㄧㄥˊ
撞喪,1,ㄓㄨㄤˋ ㄙㄤ
撞客,1,ㄓㄨㄤˋ ㄎㄜˋ
撞屍,1,ㄓㄨㄤˋ ㄕ
撞席,1,ㄓㄨㄤˋ ㄒㄧˊ
撞擾,1,ㄓㄨㄤˋ ㄖㄠˇ
撞族,1,ㄓㄨㄤˋ ㄗㄨˊ
撞破,1,ㄓㄨㄤˋ ㄆㄛˋ
撞禍,1,ㄓㄨㄤˋ ㄏㄨㄛˋ
撞籌,1,ㄓㄨㄤˋ ㄔㄡˊ
撞跌,1,ㄓㄨㄤˋ ㄉㄧㄝˊ
撣人,1,ㄕㄢˋ ㄖㄣˊ
撣塵,1,ㄉㄢˇ ㄔㄣˊ
撣援,1,ㄉㄢˇ ㄩㄢˊ
撣族,1,ㄕㄢˋ ㄗㄨˊ
撣灰,1,ㄉㄢˇ ㄏㄨㄟ
撤任,1,ㄔㄜˋ ㄖㄣˋ
撤佃,1,ㄔㄜˋ ㄉㄧㄢˋ
撤併,1,ㄔㄜˋ ㄅㄧㄥˋ
撤保,1,ㄔㄜˋ ㄅㄠˇ
撤廢,1,ㄔㄜˋ ㄈㄟˋ
撤懲,1,ㄔㄜˋ ㄔㄥˊ
撤抹,1,ㄔㄜˋ ㄇㄛˇ
撤棘,1,ㄔㄜˋ ㄐㄧˊ
撤瑟,1,ㄔㄜˋ ㄙㄜˋ
撤簾,1,ㄔㄜˋ ㄌㄧㄢˊ
撤脫,1,ㄔㄜˋ ㄊㄨㄛ
撤身,1,ㄔㄜˋ ㄕㄣ
撥亂,1,ㄅㄛ ㄌㄨㄢˋ
撥兵,1,ㄅㄛ ㄅㄧㄥ
撥剌,1,ㄅㄛ ㄌㄚˋ
撥嘴,1,ㄅㄛ ㄗㄨㄟˇ
撥弓,1,ㄅㄛ ㄍㄨㄥ
撥弦,1,ㄅㄛ ㄒㄧㄢˊ
撥手,1,ㄅㄛ ㄕㄡˇ
撥拉,1,ㄅㄛ ㄌㄚ
撥撩,1,ㄅㄛ ㄌㄧㄠˊ
撥正,1,ㄅㄛ ㄓㄥˋ
撥火,1,ㄅㄛ ㄏㄨㄛˇ
撥甩,1,ㄅㄛ ㄕㄨㄞˇ
撥盤,1,ㄅㄛ ㄆㄢˊ
撥穀,1,ㄅㄛ ㄍㄨˇ
撥置,1,ㄅㄛ ㄓˋ
撥補,1,ㄅㄛ ㄅㄨˇ
撥錢,1,ㄅㄛ ㄑㄧㄢˊ
撥阮,1,ㄅㄛ ㄖㄨㄢˇ
撥頭,1,ㄅㄛ ㄊㄡˊ
撥馬,1,ㄅㄛ ㄇㄚˇ
撥龜,1,ㄅㄛ ㄍㄨㄟ
撧人,1,ㄐㄩㄝ ㄖㄣˊ
撧折,1,ㄐㄩㄝ ㄓㄜˊ
撩丁,1,ㄌㄧㄠˊ ㄉㄧㄥ
撩弄,1,ㄌㄧㄠˊ ㄋㄨㄥˋ
撩水,1,ㄌㄧㄠ ㄕㄨㄟˇ
撩淺,1,ㄌㄧㄠˊ ㄑㄧㄢˇ
撩衣,1,ㄌㄧㄠ ㄧ
撩鍋,1,ㄌㄧㄠˊ ㄍㄨㄛ
撩鬥,1,ㄌㄧㄠˊ ㄉㄡˋ
撫字,1,ㄈㄨˇ ㄗˋ
撫存,1,ㄈㄨˇ ㄘㄨㄣˊ
撫安,1,ㄈㄨˇ ㄢ
撫拍,1,ㄈㄨˇ ㄆㄞ
撫掌,1,ㄈㄨˇ ㄓㄤˇ
撫揉,1,ㄈㄨˇ ㄖㄡˊ
撫玩,1,ㄈㄨˇ ㄨㄢˊ
撫箏,1,ㄈㄨˇ ㄓㄥ
撫綏,1,ㄈㄨˇ ㄙㄨㄟ
撫膺,1,ㄈㄨˇ ㄧㄥ
撫臺,1,ㄈㄨˇ ㄊㄞˊ
撫軍,1,ㄈㄨˇ ㄐㄩㄣ
撫院,1,ㄈㄨˇ ㄩㄢˋ
撫馭,1,ㄈㄨˇ ㄩˋ
撫髀,1,ㄈㄨˇ ㄅㄧˋ
撬槓,1,ㄑㄧㄠˋ ㄍㄤˋ
播亂,1,ㄅㄛˋ ㄌㄨㄢˋ
播州,1,ㄅㄛˋ ㄓㄡ
播散,1,ㄅㄛˋ ㄙㄢˋ
播敷,1,ㄅㄛˋ ㄈㄨ
播棄,1,ㄅㄛˋ ㄑㄧˋ
播流,1,ㄅㄛˋ ㄌㄧㄡˊ
播發,1,ㄅㄛˋ ㄈㄚ
播蕩,1,ㄅㄛˋ ㄉㄤˋ
播越,1,ㄅㄛˋ ㄩㄝˋ
撮哺,1,ㄘㄨㄛ ㄅㄨˇ
撮土,1,ㄘㄨㄛ ㄊㄨˇ
撮弄,1,ㄘㄨㄛ ㄋㄨㄥˋ
撮藥,1,ㄘㄨㄛ ㄧㄠˋ
撮風,1,ㄘㄨㄛ ㄈㄥ
撮鳥,1,ㄘㄨㄛ ㄋㄧㄠˇ
撰次,1,ㄓㄨㄢˋ ㄘˋ
撰錄,1,ㄓㄨㄢˋ ㄌㄨˋ
撲克,1,ㄆㄨ ㄎㄜ˙
撲同,1,ㄆㄨ ㄊㄨㄥˊ
撲咚,1,ㄆㄨ ㄉㄨㄥ
撲哧,1,ㄆㄨ ㄔ
撲嗤,1,ㄆㄨ ㄔ
撲地,1,ㄆㄨ ㄉㄜ˙
撲堆,1,ㄆㄨ ㄉㄨㄟ
撲奔,1,ㄆㄨ ㄅㄣ
撲復,1,ㄆㄨ ㄈㄨˋ
撲手,1,ㄆㄨ ㄕㄡˇ
撲掩,1,ㄆㄨ ㄧㄢˇ
撲揞,1,ㄆㄨ ㄢˇ
撲撒,1,ㄆㄨ ㄙㄚˇ
撲撤,1,ㄆㄨ ㄔㄜˋ
撲撲,1,ㄆㄨ ㄆㄨ
撲擊,1,ㄆㄨ ㄐㄧˊ
撲散,1,ㄆㄨ ㄙㄢˋ
撲旗,1,ㄆㄨ ㄑㄧˊ
撲桶,1,ㄆㄨ ㄊㄨㄥˇ
撲水,1,ㄆㄨ ㄕㄨㄟˇ
撲漉,1,ㄆㄨ ㄌㄨˋ
撲然,1,ㄆㄨ ㄖㄢˊ
撲的,1,ㄆㄨ ㄉㄜ˙
撲簌,1,ㄆㄨ ㄙㄨˋ
撲索,1,ㄆㄨ ㄙㄨㄛˇ
撲臉,1,ㄆㄨ ㄌㄧㄢˇ
撲花,1,ㄆㄨ ㄏㄨㄚ
撲落,1,ㄆㄨ ㄌㄨㄛˋ
撲買,1,ㄆㄨ ㄇㄞˇ
撲賣,1,ㄆㄨ ㄇㄞˋ
撲跌,1,ㄆㄨ ㄉㄧㄝˊ
撲辣,1,ㄆㄨ ㄌㄚˋ
撲閃,1,ㄆㄨ ㄕㄢˇ
撲騰,1,ㄆㄨ ㄊㄥ˙
撲魚,1,ㄆㄨ ㄩˊ
撲鹿,1,ㄆㄨ ㄌㄨˋ
撲鼕,1,ㄆㄨ ㄉㄨㄥ
撳倒,1,ㄑㄧㄣˋ ㄉㄠˇ
撻市,1,ㄊㄚˋ ㄕˋ
撻罰,1,ㄊㄚˋ ㄈㄚˊ
撼人,1,ㄏㄢˋ ㄖㄣˊ
撼頓,1,ㄏㄢˋ ㄉㄨㄣˋ
撾人,1,ㄓㄨㄚ ㄖㄣˊ
撾撓,1,ㄓㄨㄚ ㄋㄠˊ
撿場,1,ㄐㄧㄢˇ ㄔㄤˊ
撿柴,1,ㄐㄧㄢˇ ㄔㄞˊ
撿漏,1,ㄐㄧㄢˇ ㄌㄡˋ
撿金,1,ㄐㄧㄢˇ ㄐㄧㄣ
撿骨,1,ㄐㄧㄢˇ ㄍㄨˇ
擀皮,1,ㄍㄢˇ ㄆㄧˊ
擀麵,1,ㄍㄢˇ ㄇㄧㄢˋ
擁旄,1,ㄩㄥˇ ㄇㄠˊ
擁書,1,ㄩㄥˇ ㄕㄨ
擁篲,1,ㄩㄥˇ ㄏㄨㄟˋ
擁腫,1,ㄩㄥˇ ㄓㄨㄥˇ
擁鼻,1,ㄩㄥˇ ㄅㄧˊ
擂家,1,ㄌㄟˋ ㄐㄧㄚ
擂槌,1,ㄌㄟˊ ㄔㄨㄟˊ
擄嘴,1,ㄌㄨˇ ㄗㄨㄟˇ
擅便,1,ㄕㄢˋ ㄅㄧㄢˋ
擅兵,1,ㄕㄢˋ ㄅㄧㄥ
擅國,1,ㄕㄢˋ ㄍㄨㄛˊ
擅專,1,ㄕㄢˋ ㄓㄨㄢ
擅變,1,ㄕㄢˋ ㄅㄧㄢˋ
擇刺,1,ㄓㄞˊ ㄘˋ
擇席,1,ㄓㄞˊ ㄒㄧˊ
擇戀,1,ㄗㄜˊ ㄌㄧㄢˋ
擇木,1,ㄗㄜˊ ㄇㄨˋ
擇菜,1,ㄓㄞˊ ㄘㄞˋ
擇配,1,ㄗㄜˊ ㄆㄟˋ
擇食,1,ㄗㄜˊ ㄕˊ
擉鱉,1,ㄔㄨˋ ㄅㄧㄝ
擊壤,1,ㄐㄧˊ ㄖㄤˇ
擊扑,1,ㄐㄧˊ ㄆㄨ
擊打,1,ㄐㄧˊ ㄉㄚˇ
擊柝,1,ㄐㄧˊ ㄊㄨㄛˋ
擊毬,1,ㄐㄧˊ ㄑㄧㄡˊ
擊滅,1,ㄐㄧˊ ㄇㄧㄝˋ
擊甌,1,ㄐㄧˊ ㄡ
擊賞,1,ㄐㄧˊ ㄕㄤˇ
擊鞠,1,ㄐㄧˊ ㄐㄩˊ
擋修,1,ㄉㄤˇ ㄒㄧㄡ
擋口,1,ㄉㄤˇ ㄎㄡˇ
擋子,1,ㄉㄤˇ ㄗ˙
擋手,1,ㄉㄤˇ ㄕㄡˇ
擋搶,1,ㄉㄤˇ ㄑㄧㄤ
擋禦,1,ㄉㄤˇ ㄩˋ
操兵,1,ㄘㄠ ㄅㄧㄥ
操券,1,ㄘㄠ ㄑㄩㄢˋ
操履,1,ㄘㄠ ㄌㄩˇ
操暴,1,ㄘㄠ ㄅㄠˋ
操盤,1,ㄘㄠ ㄆㄢˊ
操筆,1,ㄘㄠ ㄅㄧˇ
操縵,1,ㄘㄠ ㄇㄢˋ
操防,1,ㄘㄠ ㄈㄤˊ
擎受,1,ㄑㄧㄥˊ ㄕㄡ˙
擎手,1,ㄑㄧㄥˊ ㄕㄡˇ
擎架,1,ㄑㄧㄥˊ ㄐㄧㄚˋ
擐甲,1,ㄏㄨㄢˋ ㄐㄧㄚˇ
擐繫,1,ㄏㄨㄢˋ ㄒㄧˋ
擒伏,1,ㄑㄧㄣˊ ㄈㄨˊ
擒抱,1,ㄑㄧㄣˊ ㄅㄠˋ
擒盜,1,ㄑㄧㄣˊ ㄉㄠˋ
擒縱,1,ㄑㄧㄣˊ ㄗㄨㄥˋ
擔仗,1,ㄉㄢ ㄓㄤˋ
擔仗,1,ㄉㄢˋ ㄓㄤˋ
擔免,1,ㄉㄢ ㄇㄧㄢˇ
擔夫,1,ㄉㄢ ㄈㄨ
擔帶,1,ㄉㄢ ㄉㄞˋ
擔戴,1,ㄉㄢ ㄉㄞˋ
擔扶,1,ㄉㄢ ㄈㄨˊ
擔杖,1,ㄉㄢˋ ㄓㄤˋ
擔石,1,ㄉㄢˋ ㄉㄢˋ
擔簦,1,ㄉㄢ ㄉㄥ
擔糞,1,ㄉㄢ ㄈㄣˋ
擔肩,1,ㄉㄢ ㄐㄧㄢ
擔腳,1,ㄉㄢˋ ㄐㄧㄠˇ
擔荷,1,ㄉㄢ ㄏㄜˋ
擔錯,1,ㄉㄢ ㄘㄨㄛˋ
擔閣,1,ㄉㄢ ㄍㄜˊ
擔險,1,ㄉㄢ ㄒㄧㄢˇ
擔饒,1,ㄉㄢ ㄖㄠˊ
擗掠,1,ㄆㄧˋ ㄌㄩㄝˋ
擗摽,1,ㄆㄧˋ ㄅㄧㄠ
擗踊,1,ㄆㄧˋ ㄩㄥˇ
擗轉,1,ㄆㄧˋ ㄓㄨㄢˇ
擘劃,1,ㄅㄛˋ ㄏㄨㄚˋ
擘指,1,ㄅㄛˋ ㄓˇ
擘牋,1,ㄅㄛˋ ㄐㄧㄢ
擘箋,1,ㄅㄛˋ ㄐㄧㄢ
擘裂,1,ㄅㄛˋ ㄌㄧㄝˋ
擘開,1,ㄅㄛˋ ㄎㄞ
據常,1,ㄐㄩˋ ㄔㄤˊ
據鞍,1,ㄐㄩˋ ㄢ
擠對,1,ㄐㄧˇ ㄉㄨㄟˋ
擠抑,1,ㄐㄧˇ ㄧˋ
擠撮,1,ㄐㄧˇ ㄘㄨㄛ
擠陷,1,ㄐㄧˇ ㄒㄧㄢˋ
擢引,1,ㄓㄨㄛˊ ㄧㄣˇ
擢拔,1,ㄓㄨㄛˊ ㄅㄚˊ
擢秀,1,ㄓㄨㄛˊ ㄒㄧㄡˋ
擢第,1,ㄓㄨㄛˊ ㄉㄧˋ
擣包,1,ㄉㄠˇ ㄅㄠ
擣虛,1,ㄉㄠˇ ㄒㄩ
擦劑,1,ㄘㄚ ㄐㄧˋ
擦坐,1,ㄘㄚ ㄗㄨㄛˋ
擦臉,1,ㄘㄚ ㄌㄧㄢˇ
擦黑,1,ㄘㄚ ㄏㄟ
擩嚌,1,ㄖㄨˋ ㄐㄧˋ
擫息,1,ㄧㄝˋ ㄒㄧˊ
擫笛,1,ㄧㄝˋ ㄉㄧˊ
擬就,1,ㄋㄧˇ ㄐㄧㄡˋ
擬經,1,ㄋㄧˇ ㄐㄧㄥ
擬設,1,ㄋㄧˇ ㄕㄜˋ
擬音,1,ㄋㄧˇ ㄧㄣ
擬題,1,ㄋㄧˇ ㄊㄧˊ
擯斥,1,ㄅㄧㄣˋ ㄔˋ
擯相,1,ㄅㄧㄣˋ ㄒㄧㄤˋ
擯落,1,ㄅㄧㄣˋ ㄌㄨㄛˋ
擯除,1,ㄅㄧㄣˋ ㄔㄨˊ
擯黜,1,ㄅㄧㄣˋ ㄔㄨˋ
擰了,1,ㄋㄧㄥˇ ㄌㄜ˙
擰嘴,1,ㄋㄧㄥˊ ㄗㄨㄟˇ
擰性,1,ㄋㄧㄥˋ ㄒㄧㄥ˙
擰種,1,ㄋㄧㄥˋ ㄓㄨㄥˇ
擰開,1,ㄋㄧㄥˇ ㄎㄞ
擱稻,1,ㄍㄜ ㄉㄠˋ
擱車,1,ㄍㄜ ㄔㄜ
擱錢,1,ㄍㄜ ㄑㄧㄢˊ
擲果,1,ㄓˊ ㄍㄨㄛˇ
擲梭,1,ㄓˊ ㄙㄨㄛ
擲筊,1,ㄓˊ ㄐㄧㄠˇ
擲色,1,ㄓˊ ㄕㄞˇ
擴分,1,ㄎㄨㄛˋ ㄈㄣ
擴印,1,ㄎㄨㄛˋ ㄧㄣˋ
擴及,1,ㄎㄨㄛˋ ㄐㄧˊ
擴權,1,ㄎㄨㄛˋ ㄑㄩㄢˊ
擺供,1,ㄅㄞˇ ㄍㄨㄥˋ
擺制,1,ㄅㄞˇ ㄓˋ
擺劃,1,ㄅㄞˇ ㄏㄨㄚˋ
擺子,1,ㄅㄞˇ ㄗ˙
擺席,1,ㄅㄞˇ ㄒㄧˊ
擺弄,1,ㄅㄞˇ ㄋㄨㄥ
擺忙,1,ㄅㄞˇ ㄇㄤˊ
擺手,1,ㄅㄞˇ ㄕㄡˇ
擺搠,1,ㄅㄞˇ ㄕㄨㄛˋ
擺搭,1,ㄅㄞˇ ㄉㄚ
擺撥,1,ㄅㄞˇ ㄅㄛ
擺撼,1,ㄅㄞˇ ㄏㄢˋ
擺攤,1,ㄅㄞˇ ㄊㄢ
擺格,1,ㄅㄞˇ ㄍㄜˊ
擺槊,1,ㄅㄞˇ ㄕㄨㄛˋ
擺款,1,ㄅㄞˇ ㄎㄨㄢˇ
擺番,1,ㄅㄞˇ ㄈㄢ
擺當,1,ㄅㄞˇ ㄉㄤˋ
擺盪,1,ㄅㄞˇ ㄉㄤˋ
擺站,1,ㄅㄞˇ ㄓㄢˋ
擺落,1,ㄅㄞˇ ㄌㄨㄛˋ
擺賣,1,ㄅㄞˇ ㄇㄞˋ
擺針,1,ㄅㄞˇ ㄓㄣ
擺鐘,1,ㄅㄞˇ ㄓㄨㄥ
擺陣,1,ㄅㄞˇ ㄓㄣˋ
擺露,1,ㄅㄞˇ ㄌㄡˋ
擺飯,1,ㄅㄞˇ ㄈㄢˋ
擻火,1,ㄙㄡˋ ㄏㄨㄛˇ
擾害,1,ㄖㄠˇ ㄏㄞˋ
擾擾,1,ㄖㄠˇ ㄖㄠˇ
擿伏,1,ㄊㄧˋ ㄈㄨˊ
擿問,1,ㄊㄧˋ ㄨㄣˋ
攀下,1,ㄆㄢ ㄒㄧㄚˋ
攀例,1,ㄆㄢ ㄌㄧˋ
攀岩,1,ㄆㄢ ㄧㄢˊ
攀戀,1,ㄆㄢ ㄌㄧㄢˋ
攀握,1,ㄆㄢ ㄨㄛˋ
攀桂,1,ㄆㄢ ㄍㄨㄟˋ
攀爬,1,ㄆㄢ ㄆㄚˊ
攀留,1,ㄆㄢ ㄌㄧㄡˊ
攀纏,1,ㄆㄢ ㄔㄢˊ
攀胸,1,ㄆㄢ ㄒㄩㄥ
攀話,1,ㄆㄢ ㄏㄨㄚˋ
攀躋,1,ㄆㄢ ㄐㄧ
攀陪,1,ㄆㄢ ㄆㄟˊ
攀雲,1,ㄆㄢ ㄩㄣˊ
攄情,1,ㄕㄨ ㄑㄧㄥˊ
攄意,1,ㄕㄨ ㄧˋ
攄憤,1,ㄕㄨ ㄈㄣˋ
攄懷,1,ㄕㄨ ㄏㄨㄞˊ
攄舒,1,ㄕㄨ ㄕㄨ
攄誠,1,ㄕㄨ ㄔㄥˊ
攏共,1,ㄌㄨㄥˇ ㄍㄨㄥˋ
攏子,1,ㄌㄨㄥˇ ㄗ˙
攏家,1,ㄌㄨㄥˇ ㄐㄧㄚ
攏岸,1,ㄌㄨㄥˇ ㄢˋ
攏帳,1,ㄌㄨㄥˇ ㄓㄤˋ
攏統,1,ㄌㄨㄥˇ ㄊㄨㄥˇ
攏船,1,ㄌㄨㄥˇ ㄔㄨㄢˊ
攏身,1,ㄌㄨㄥˇ ㄕㄣ
攏頭,1,ㄌㄨㄥˇ ㄊㄡˊ
攔擋,1,ㄌㄢˊ ㄉㄤˇ
攔櫃,1,ㄌㄢˊ ㄍㄨㄟˋ
攔當,1,ㄌㄢˊ ㄉㄤˇ
攔縱,1,ㄌㄢˊ ㄗㄨㄥˋ
攔蓄,1,ㄌㄢˊ ㄒㄩˋ
攔詞,1,ㄌㄢˊ ㄘˊ
攔門,1,ㄌㄢˊ ㄇㄣˊ
攔關,1,ㄌㄢˊ ㄍㄨㄢ
攖寧,1,ㄧㄥ ㄋㄧㄥˊ
攘善,1,ㄖㄤˊ ㄕㄢˋ
攘場,1,ㄖㄤˊ ㄔㄤˊ
攘盜,1,ㄖㄤˊ ㄉㄠˋ
攘羊,1,ㄖㄤˊ ㄧㄤˊ
攘羭,1,ㄖㄤˊ ㄩˊ
攘臂,1,ㄖㄤˊ ㄅㄧˋ
攘袖,1,ㄖㄤˊ ㄒㄧㄡˋ
攙先,1,ㄔㄢ ㄒㄧㄢ
攙兌,1,ㄔㄢ ㄉㄨㄟˋ
攙口,1,ㄔㄢ ㄎㄡˇ
攙和,1,ㄔㄢ ㄏㄨㄛˋ
攙夥,1,ㄔㄢ ㄏㄨㄛˇ
攙奪,1,ㄔㄢ ㄉㄨㄛˊ
攙放,1,ㄔㄢ ㄈㄤˋ
攙空,1,ㄔㄢ ㄎㄨㄥˋ
攙親,1,ㄔㄢ ㄑㄧㄣ
攙越,1,ㄔㄢ ㄩㄝˋ
攛哄,1,ㄘㄨㄢ ㄏㄨㄥˇ
攛唆,1,ㄘㄨㄢ ㄙㄨㄛ
攛廂,1,ㄘㄨㄢ ㄒㄧㄤ
攛弄,1,ㄘㄨㄢ ㄋㄨㄥˋ
攛斷,1,ㄘㄨㄢ ㄉㄨㄢˋ
攛梭,1,ㄘㄨㄢ ㄙㄨㄛ
攛箱,1,ㄘㄨㄢ ㄒㄧㄤ
攛道,1,ㄘㄨㄢ ㄉㄠˋ
攜扶,1,ㄒㄧ ㄈㄨˊ
攜持,1,ㄒㄧ ㄔˊ
攜貳,1,ㄒㄧ ㄦˋ
攝伏,1,ㄕㄜˋ ㄈㄨˊ
攝位,1,ㄕㄜˋ ㄨㄟˋ
攝提,1,ㄕㄜˋ ㄊㄧˊ
攝理,1,ㄕㄜˋ ㄌㄧˇ
攝生,1,ㄕㄜˋ ㄕㄥ
攝畫,1,ㄕㄜˋ ㄏㄨㄚˋ
攝篆,1,ㄕㄜˋ ㄓㄨㄢˋ
攝行,1,ㄕㄜˋ ㄒㄧㄥˊ
攝衛,1,ㄕㄜˋ ㄨㄟˋ
攝衣,1,ㄕㄜˋ ㄧ
攝養,1,ㄕㄜˋ ㄧㄤˇ
攝龜,1,ㄕㄜˋ ㄍㄨㄟ
攢典,1,ㄘㄨㄢˊ ㄉㄧㄢˇ
攢勁,1,ㄗㄢˇ ㄐㄧㄣˋ
攢宮,1,ㄘㄨㄢˊ ㄍㄨㄥ
攢射,1,ㄘㄨㄢˊ ㄕㄜˋ
攢底,1,ㄘㄨㄢˊ ㄉㄧˇ
攢毆,1,ㄘㄨㄢˊ ㄡ
攢湊,1,ㄘㄨㄢˊ ㄘㄡˋ
攢湯,1,ㄘㄨㄢˊ ㄊㄤ
攢盒,1,ㄘㄨㄢˊ ㄏㄜˊ
攢盤,1,ㄘㄨㄢˊ ㄆㄢˊ
攢矢,1,ㄘㄨㄢˊ ㄕˇ
攢簇,1,ㄘㄨㄢˊ ㄘㄨˋ
攢聚,1,ㄘㄨㄢˊ ㄐㄩˋ
攢茶,1,ㄘㄨㄢˊ ㄔㄚˊ
攢蹄,1,ㄘㄨㄢˊ ㄊㄧˊ
攢蹙,1,ㄘㄨㄢˊ ㄘㄨˋ
攢錢,1,ㄘㄨㄢˊ ㄑㄧㄢˊ
攢露,1,ㄘㄨㄢˊ ㄌㄡˋ
攣躄,1,ㄌㄩㄢˊ ㄅㄧˋ
攤分,1,ㄊㄢ ㄈㄣ
攤售,1,ㄊㄢ ㄕㄡˋ
攤場,1,ㄊㄢ ㄔㄤˊ
攤平,1,ㄊㄢ ㄆㄧㄥˊ
攤手,1,ㄊㄢ ㄕㄡˇ
攤檔,1,ㄊㄢ ㄉㄤˇ
攤破,1,ㄊㄢ ㄆㄛˋ
攤簧,1,ㄊㄢ ㄏㄨㄤˊ
攤認,1,ㄊㄢ ㄖㄣˋ
攤賠,1,ㄊㄢ ㄆㄟˊ
攤錢,1,ㄊㄢ ㄑㄧㄢˊ
攤飯,1,ㄊㄢ ㄈㄢˋ
攦脫,1,ㄌㄧˋ ㄊㄨㄛ
攧撲,1,ㄉㄧㄢ ㄆㄨ
攧番,1,ㄉㄧㄢ ㄈㄢ
攧窨,1,ㄉㄧㄢ ㄧㄣˋ
攧腳,1,ㄉㄧㄢ ㄐㄧㄠˇ
攧錢,1,ㄉㄧㄢ ㄑㄧㄢˊ
攩叉,1,ㄉㄤˇ ㄔㄚ
攩戧,1,ㄉㄤˇ ㄑㄧㄤ
攪惱,1,ㄐㄧㄠˇ ㄋㄠˇ
攪撒,1,ㄐㄧㄠˇ ㄙㄚ
攪散,1,ㄐㄧㄠˇ ㄙㄢˋ
攪混,1,ㄐㄧㄠˇ ㄏㄨㄣˇ
攪渾,1,ㄐㄧㄠˇ ㄏㄨㄣˊ
攪計,1,ㄐㄧㄠˇ ㄐㄧˋ
攫食,1,ㄐㄩㄝˊ ㄕˊ
攬事,1,ㄌㄢˇ ㄕˋ
攬凳,1,ㄌㄢˇ ㄉㄥˋ
攬勝,1,ㄌㄢˇ ㄕㄥˋ
攬客,1,ㄌㄢˇ ㄎㄜˋ
攬工,1,ㄌㄢˇ ㄍㄨㄥ
攬涕,1,ㄌㄢˇ ㄊㄧˋ
攬秀,1,ㄌㄢˇ ㄒㄧㄡˋ
攬總,1,ㄌㄢˇ ㄗㄨㄥˇ
攬羊,1,ㄌㄢˇ ㄧㄤˊ
攬衣,1,ㄌㄢˇ ㄧ
攬載,1,ㄌㄢˇ ㄗㄞˋ
攬轡,1,ㄌㄢˇ ㄆㄟˋ
攬鏡,1,ㄌㄢˇ ㄐㄧㄥˋ
攬頭,1,ㄌㄢˇ ㄊㄡˊ
攮包,1,ㄋㄤˇ ㄅㄠ
攮嗓,1,ㄋㄤˇ ㄙㄤˇ
攮子,1,ㄋㄤˇ ㄗ˙
攮業,1,ㄋㄤˇ ㄧㄝˋ
攮氣,1,ㄋㄤˇ ㄑㄧˋ
攮糠,1,ㄋㄤˇ ㄎㄤ
支使,1,ㄓ ㄕ˙
支分,1,ㄓ ㄈㄣ
支劃,1,ㄓ ㄏㄨㄚˋ
支助,1,ㄓ ㄓㄨˋ
支吾,1,ㄓ ㄨ˙
支單,1,ㄓ ㄉㄢ
支婆,1,ㄓ ㄆㄛˊ
支子,1,ㄓ ㄗˇ
支對,1,ㄓ ㄉㄨㄟˋ
支庶,1,ㄓ ㄕㄨˋ
支撥,1,ㄓ ㄅㄛ
支楞,1,ㄓ ㄌㄥ˙
支樁,1,ㄓ ㄓㄨㄤ
支理,1,ㄓ ㄌㄧˇ
支當,1,ㄓ ㄉㄤ
支破,1,ㄓ ㄆㄛˋ
支節,1,ㄓ ㄐㄧㄝˊ
支絀,1,ㄓ ㄔㄨˋ
支襯,1,ㄓ ㄔㄣˋ
支調,1,ㄓ ㄉㄧㄠˋ
支謙,1,ㄓ ㄑㄧㄢ
支讖,1,ㄓ ㄔㄣˋ
支轉,1,ㄓ ㄓㄨㄢˇ
支遁,1,ㄓ ㄉㄨㄣˋ
支遣,1,ㄓ ㄑㄧㄢˇ
支邊,1,ㄓ ㄅㄧㄢ
支郎,1,ㄓ ㄌㄤˊ
支開,1,ㄓ ㄎㄞ
支頤,1,ㄓ ㄧˊ
支騰,1,ㄓ ㄊㄥˊ
支骸,1,ㄓ ㄏㄞˊ
攲側,1,ㄑㄧ ㄘㄜˋ
攲器,1,ㄑㄧ ㄑㄧˋ
攲斜,1,ㄑㄧ ㄒㄧㄝˊ
攲案,1,ㄑㄧ ㄢˋ
收介,1,ㄕㄡ ㄐㄧㄝˋ
收伏,1,ㄕㄡ ㄈㄨˊ
收市,1,ㄕㄡ ㄕˋ
收恤,1,ㄕㄡ ㄒㄩˋ
收拍,1,ㄕㄡ ㄆㄞ
收捉,1,ㄕㄡ ㄓㄨㄛ
收撮,1,ㄕㄡ ㄘㄨㄛˋ
收救,1,ㄕㄡ ㄐㄧㄡˋ
收束,1,ㄕㄡ ㄕㄨˋ
收檢,1,ㄕㄡ ㄐㄧㄢˇ
收殺,1,ㄕㄡ ㄕㄚ
收煞,1,ㄕㄡ ㄕㄚˋ
收生,1,ㄕㄡ ㄕㄥ
收用,1,ㄕㄡ ㄩㄥˋ
收科,1,ㄕㄡ ㄎㄜ
收筆,1,ㄕㄡ ㄅㄧˇ
收聲,1,ㄕㄡ ㄕㄥ
收計,1,ㄕㄡ ㄐㄧˋ
收責,1,ㄕㄡ ㄓㄞˋ
收責,1,ㄕㄡ ㄗㄜˊ
收貯,1,ㄕㄡ ㄓㄨˇ
收賞,1,ㄕㄡ ㄕㄤˇ
收領,1,ㄕㄡ ㄌㄧㄥˇ
攸攸,1,ㄧㄡ ㄧㄡ
攸斁,1,ㄧㄡ ㄉㄨˋ
改削,1,ㄍㄞˇ ㄒㄩㄝˋ
改嘴,1,ㄍㄞˇ ㄗㄨㄟˇ
改妝,1,ㄍㄞˇ ㄓㄨㄤ
改定,1,ㄍㄞˇ ㄉㄧㄥˋ
改容,1,ㄍㄞˇ ㄖㄨㄥˊ
改常,1,ㄍㄞˇ ㄔㄤˊ
改扮,1,ㄍㄞˇ ㄅㄢˋ
改抹,1,ㄍㄞˇ ㄇㄛˇ
改授,1,ㄍㄞˇ ㄕㄡˋ
改操,1,ㄍㄞˇ ㄘㄠ
改服,1,ㄍㄞˇ ㄈㄨˊ
改業,1,ㄍㄞˇ ㄧㄝˋ
改稿,1,ㄍㄞˇ ㄍㄠˇ
改竄,1,ㄍㄞˇ ㄘㄨㄢˋ
改貌,1,ㄍㄞˇ ㄇㄠˋ
改轍,1,ㄍㄞˇ ㄔㄜˋ
改運,1,ㄍㄞˇ ㄩㄣˋ
改適,1,ㄍㄞˇ ㄕˋ
改醮,1,ㄍㄞˇ ㄐㄧㄠˋ
改顏,1,ㄍㄞˇ ㄧㄢˊ
改點,1,ㄍㄞˇ ㄉㄧㄢˇ
攻剽,1,ㄍㄨㄥ ㄆㄧㄠˋ
攻山,1,ㄍㄨㄥ ㄕㄢ
攻戰,1,ㄍㄨㄥ ㄓㄢˋ
攻拔,1,ㄍㄨㄥ ㄅㄚˊ
攻書,1,ㄍㄨㄥ ㄕㄨ
攻殲,1,ㄍㄨㄥ ㄐㄧㄢ
攻玉,1,ㄍㄨㄥ ㄩˋ
攻砭,1,ㄍㄨㄥ ㄅㄧㄢ
攻絲,1,ㄍㄨㄥ ㄙ
攻習,1,ㄍㄨㄥ ㄒㄧˊ
攻苦,1,ㄍㄨㄥ ㄎㄨˇ
攻踢,1,ㄍㄨㄥ ㄊㄧ
放乖,1,ㄈㄤˋ ㄍㄨㄞ
放停,1,ㄈㄤˋ ㄊㄧㄥˊ
放免,1,ㄈㄤˋ ㄇㄧㄢˇ
放勛,1,ㄈㄤˇ ㄒㄩㄣ
放參,1,ㄈㄤˋ ㄘㄢ
放口,1,ㄈㄤˋ ㄎㄡˇ
放告,1,ㄈㄤˋ ㄍㄠˋ
放命,1,ㄈㄤˋ ㄇㄧㄥˋ
放堂,1,ㄈㄤˋ ㄊㄤˊ
放夜,1,ㄈㄤˋ ㄧㄝˋ
放封,1,ㄈㄤˋ ㄈㄥ
放對,1,ㄈㄤˋ ㄉㄨㄟˋ
放屏,1,ㄈㄤˋ ㄅㄧㄥˇ
放平,1,ㄈㄤˋ ㄆㄧㄥˊ
放意,1,ㄈㄤˋ ㄧˋ
放散,1,ㄈㄤˋ ㄙㄢˋ
放春,1,ㄈㄤˋ ㄔㄨㄣ
放曠,1,ㄈㄤˋ ㄎㄨㄤˋ
放步,1,ㄈㄤˋ ㄅㄨˋ
放歹,1,ㄈㄤˋ ㄉㄞˇ
放淤,1,ㄈㄤˋ ㄩ
放溜,1,ㄈㄤˋ ㄌㄧㄡˋ
放潑,1,ㄈㄤˋ ㄆㄛ
放災,1,ㄈㄤˋ ㄗㄞ
放燈,1,ㄈㄤˋ ㄉㄥ
放牌,1,ㄈㄤˋ ㄆㄞˊ
放獵,1,ㄈㄤˋ ㄌㄧㄝˋ
放番,1,ㄈㄤˋ ㄈㄢ
放療,1,ㄈㄤˋ ㄌㄧㄠˊ
放盤,1,ㄈㄤˋ ㄆㄢˊ
放目,1,ㄈㄤˋ ㄇㄨˋ
放睡,1,ㄈㄤˋ ㄕㄨㄟˋ
放稅,1,ㄈㄤˋ ㄕㄨㄟˋ
放箭,1,ㄈㄤˋ ㄐㄧㄢˋ
放粥,1,ㄈㄤˋ ㄓㄡ
放紛,1,ㄈㄤˋ ㄈㄣ
放緩,1,ㄈㄤˋ ㄏㄨㄢˇ
放缺,1,ㄈㄤˋ ㄑㄩㄝ
放翁,1,ㄈㄤˋ ㄨㄥ
放翻,1,ㄈㄤˋ ㄈㄢ
放腳,1,ㄈㄤˋ ㄐㄧㄠˇ
放臣,1,ㄈㄤˋ ㄔㄣˊ
放船,1,ㄈㄤˋ ㄔㄨㄢˊ
放良,1,ㄈㄤˋ ㄌㄧㄤˊ
放花,1,ㄈㄤˋ ㄏㄨㄚ
放荒,1,ㄈㄤˋ ㄏㄨㄤ
放解,1,ㄈㄤˋ ㄐㄧㄝˋ
放賞,1,ㄈㄤˋ ㄕㄤˇ
放賴,1,ㄈㄤˋ ㄌㄞˋ
放赦,1,ㄈㄤˋ ㄕㄜˋ
放車,1,ㄈㄤˋ ㄔㄜ
放達,1,ㄈㄤˋ ㄉㄚˊ
放重,1,ㄈㄤˋ ㄓㄨㄥˋ
放野,1,ㄈㄤˋ ㄧㄝˇ
放量,1,ㄈㄤˋ ㄌㄧㄤˋ
放青,1,ㄈㄤˋ ㄑㄧㄥ
放頭,1,ㄈㄤˋ ㄊㄡˊ
放魚,1,ㄈㄤˋ ㄩˊ
放鷹,1,ㄈㄤˋ ㄧㄥ
放黜,1,ㄈㄤˋ ㄔㄨˋ
放黨,1,ㄈㄤˋ ㄉㄤˇ
政工,1,ㄓㄥˋ ㄍㄨㄥ
政柄,1,ㄓㄥˋ ㄅㄧㄥˇ
政派,1,ㄓㄥˋ ㄆㄞˋ
政海,1,ㄓㄥˋ ㄏㄞˇ
政紀,1,ㄓㄥˋ ㄐㄧˋ
政網,1,ㄓㄥˋ ㄨㄤˇ
政聲,1,ㄓㄥˋ ㄕㄥ
政途,1,ㄓㄥˋ ㄊㄨˊ
政道,1,ㄓㄥˋ ㄉㄠˋ
故且,1,ㄍㄨˋ ㄑㄧㄝˇ
故世,1,ㄍㄨˋ ㄕˋ
故事,1,ㄍㄨˋ ㄕ˙
故以,1,ㄍㄨˋ ㄧˇ
故侯,1,ㄍㄨˋ ㄏㄡˊ
故入,1,ㄍㄨˋ ㄖㄨˋ
故出,1,ㄍㄨˋ ㄔㄨ
故劍,1,ㄍㄨˋ ㄐㄧㄢˋ
故去,1,ㄍㄨˋ ㄑㄩˋ
故吾,1,ㄍㄨˋ ㄨˊ
故壘,1,ㄍㄨˋ ㄌㄟˇ
故失,1,ㄍㄨˋ ㄕ
故套,1,ㄍㄨˋ ㄊㄠˋ
故宇,1,ㄍㄨˋ ㄩˇ
故家,1,ㄍㄨˋ ㄐㄧㄚ
故山,1,ㄍㄨˋ ㄕㄢ
故所,1,ㄍㄨˋ ㄙㄨㄛˇ
故技,1,ㄍㄨˋ ㄐㄧˋ
故故,1,ㄍㄨˋ ㄍㄨˋ
故智,1,ㄍㄨˋ ㄓˋ
故林,1,ㄍㄨˋ ㄌㄧㄣˊ
故歇,1,ㄍㄨˋ ㄒㄧㄝ
故步,1,ㄍㄨˋ ㄅㄨˋ
故殺,1,ㄍㄨˋ ㄕㄚ
故物,1,ㄍㄨˋ ㄨˋ
故當,1,ㄍㄨˋ ㄉㄤ
故疏,1,ㄍㄨˋ ㄕㄨ
故紙,1,ㄍㄨˋ ㄓˇ
故絮,1,ㄍㄨˋ ㄒㄩˋ
故縱,1,ㄍㄨˋ ㄗㄨㄥˋ
故自,1,ㄍㄨˋ ㄗˋ
故舍,1,ㄍㄨˋ ㄕㄜˋ
故記,1,ㄍㄨˋ ㄐㄧˋ
故轍,1,ㄍㄨˋ ㄔㄜˋ
故退,1,ㄍㄨˋ ㄊㄨㄟˋ
效誠,1,ㄒㄧㄠˋ ㄔㄥˊ
效顰,1,ㄒㄧㄠˋ ㄆㄧㄣˊ
敏給,1,ㄇㄧㄣˇ ㄐㄧˇ
敏豆,1,ㄇㄧㄣˇ ㄉㄡˋ
敏贍,1,ㄇㄧㄣˇ ㄕㄢˋ
救取,1,ㄐㄧㄡˋ ㄑㄩˇ
救度,1,ㄐㄧㄡˋ ㄉㄨˋ
救應,1,ㄐㄧㄡˋ ㄧㄥˋ
救拔,1,ㄐㄧㄡˋ ㄅㄚˊ
救搭,1,ㄐㄧㄡˋ ㄉㄚ
救荒,1,ㄐㄧㄡˋ ㄏㄨㄤ
救藥,1,ㄐㄧㄡˋ ㄧㄠˋ
救解,1,ㄐㄧㄡˋ ㄐㄧㄝˇ
敕使,1,ㄔˋ ㄕˇ
敕勒,1,ㄔˋ ㄌㄜˋ
敕厲,1,ㄔˋ ㄌㄧˋ
敕戒,1,ㄔˋ ㄐㄧㄝˋ
敕旨,1,ㄔˋ ㄓˇ
敕書,1,ㄔˋ ㄕㄨ
敕法,1,ㄔˋ ㄈㄚˇ
敕牒,1,ㄔˋ ㄉㄧㄝˊ
敕葬,1,ㄔˋ ㄗㄤˋ
敕賜,1,ㄔˋ ㄙˋ
敕贈,1,ㄔˋ ㄗㄥˋ
敕身,1,ㄔˋ ㄕㄣ
敖包,1,ㄠˊ ㄅㄠ
敖敖,1,ㄠˊ ㄠˊ
敖敖,1,ㄠˋ ㄠˋ
敖曹,1,ㄠˊ ㄘㄠˊ
敖盪,1,ㄠˊ ㄉㄤˋ
敖遊,1,ㄠˊ ㄧㄡˊ
敗事,1,ㄅㄞˋ ㄕˋ
敗兆,1,ㄅㄞˋ ㄓㄠˋ
敗子,1,ㄅㄞˋ ㄗˇ
敗意,1,ㄅㄞˋ ㄧˋ
敗挫,1,ㄅㄞˋ ㄘㄨㄛˋ
敗損,1,ㄅㄞˋ ㄙㄨㄣˇ
敗柳,1,ㄅㄞˋ ㄌㄧㄡˇ
敗歲,1,ㄅㄞˋ ㄙㄨㄟˋ
敗殘,1,ㄅㄞˋ ㄘㄢˊ
敗漏,1,ㄅㄞˋ ㄌㄡˋ
敗火,1,ㄅㄞˋ ㄏㄨㄛˇ
敗盟,1,ㄅㄞˋ ㄇㄥˊ
敗破,1,ㄅㄞˋ ㄆㄛˋ
敗脫,1,ㄅㄞˋ ㄊㄨㄛ
敗腎,1,ㄅㄞˋ ㄕㄣˋ
敗草,1,ㄅㄞˋ ㄘㄠˇ
敗葉,1,ㄅㄞˋ ㄧㄝˋ
敗衄,1,ㄅㄞˋ ㄋㄩˋ
敗行,1,ㄅㄞˋ ㄒㄧㄥˋ
敗財,1,ㄅㄞˋ ㄘㄞˊ
敗醬,1,ㄅㄞˋ ㄐㄧㄤˋ
敘傳,1,ㄒㄩˋ ㄓㄨㄢˋ
敘勛,1,ㄒㄩˋ ㄒㄩㄣ
敘文,1,ㄒㄩˋ ㄨㄣˊ
敘明,1,ㄒㄩˋ ㄇㄧㄥˊ
敘獎,1,ㄒㄩˋ ㄐㄧㄤˇ
敘用,1,ㄒㄩˋ ㄩㄥˋ
敘禮,1,ㄒㄩˋ ㄌㄧˇ
敘話,1,ㄒㄩˋ ㄏㄨㄚˋ
敘論,1,ㄒㄩˋ ㄌㄨㄣˋ
敘錄,1,ㄒㄩˋ ㄌㄨˋ
敘闊,1,ㄒㄩˋ ㄎㄨㄛˋ
教化,1,ㄐㄧㄠˋ ㄏㄨㄚ
教場,1,ㄐㄧㄠˋ ㄔㄤˊ
教學,1,ㄐㄧㄠˋ ㄒㄩㄝˊ
教安,1,ㄐㄧㄠˋ ㄢ
教正,1,ㄐㄧㄠˋ ㄓㄥˋ
教法,1,ㄐㄧㄠˋ ㄈㄚˇ
教澤,1,ㄐㄧㄠˋ ㄗㄜˊ
教益,1,ㄐㄧㄠˋ ㄧˋ
教督,1,ㄐㄧㄠˋ ㄉㄨ
教訓,1,ㄐㄧㄠˋ ㄒㄩㄣ˙
教誨,1,ㄐㄧㄠˋ ㄏㄨㄟˋ
教諭,1,ㄐㄧㄠˋ ㄩˋ
教讀,1,ㄐㄧㄠˋ ㄉㄨˊ
教辭,1,ㄐㄧㄠˋ ㄘˊ
教門,1,ㄐㄧㄠˋ ㄇㄣˊ
教首,1,ㄐㄧㄠˋ ㄕㄡˇ
敝上,1,ㄅㄧˋ ㄕㄤˋ
敝地,1,ㄅㄧˋ ㄉㄧˋ
敝塾,1,ㄅㄧˋ ㄕㄨˊ
敝房,1,ㄅㄧˋ ㄈㄤˊ
敝眷,1,ㄅㄧˋ ㄐㄩㄢˋ
敝笱,1,ㄅㄧˋ ㄍㄡˇ
敝膝,1,ㄅㄧˋ ㄒㄧ
敝號,1,ㄅㄧˋ ㄏㄠˋ
敝蹝,1,ㄅㄧˋ ㄒㄧˇ
敝鬼,1,ㄅㄧˋ ㄍㄨㄟˇ
敞亮,1,ㄔㄤˇ ㄌㄧㄤ˙
敞地,1,ㄔㄤˇ ㄉㄧˋ
敞廳,1,ㄔㄤˇ ㄊㄧㄥ
敞快,1,ㄔㄤˇ ㄎㄨㄞ˙
敞懷,1,ㄔㄤˇ ㄏㄨㄞˊ
敞田,1,ㄔㄤˇ ㄊㄧㄢˊ
敞車,1,ㄔㄤˇ ㄔㄜ
敢且,1,ㄍㄢˇ ㄑㄧㄝˇ
敢則,1,ㄍㄢˇ ㄗㄜˊ
敢待,1,ㄍㄢˇ ㄉㄞˋ
敢怕,1,ㄍㄢˇ ㄆㄚˋ
敢情,1,ㄍㄢˇ ㄑㄧㄥ˙
敢是,1,ㄍㄢˇ ㄕˋ
敢緊,1,ㄍㄢˇ ㄐㄧㄣˇ
敢自,1,ㄍㄢˇ ㄗˋ
散人,1,ㄙㄢˇ ㄖㄣˊ
散件,1,ㄙㄢˇ ㄐㄧㄢˋ
散儒,1,ㄙㄢˇ ㄖㄨˊ
散光,1,ㄙㄢˇ ㄍㄨㄤ
散利,1,ㄙㄢˋ ㄌㄧˋ
散劑,1,ㄙㄢˇ ㄐㄧˋ
散嗽,1,ㄙㄢˇ ㄙㄡˋ
散地,1,ㄙㄢˇ ㄉㄧˋ
散套,1,ㄙㄢˇ ㄊㄠˋ
散官,1,ㄙㄢˇ ㄍㄨㄢ
散射,1,ㄙㄢˇ ㄕㄜˋ
散局,1,ㄙㄢˇ ㄐㄩˊ
散局,1,ㄙㄢˋ ㄐㄩˊ
散居,1,ㄙㄢˇ ㄐㄩ
散工,1,ㄙㄢˇ ㄍㄨㄥ
散工,1,ㄙㄢˋ ㄍㄨㄥ
散悶,1,ㄙㄢˋ ㄇㄣˋ
散手,1,ㄙㄢˇ ㄕㄡˇ
散曲,1,ㄙㄢˇ ㄑㄩˇ
散木,1,ㄙㄢˇ ㄇㄨˋ
散板,1,ㄙㄢˇ ㄅㄢˇ
散樂,1,ㄙㄢˇ ㄩㄝˋ
散漫,1,ㄙㄢˇ ㄇㄢˋ
散福,1,ㄙㄢˋ ㄈㄨˊ
散秩,1,ㄙㄢˇ ㄓˋ
散絲,1,ㄙㄢˋ ㄙ
散耍,1,ㄙㄢˇ ㄕㄨㄚˇ
散聲,1,ㄙㄢˇ ㄕㄥ
散職,1,ㄙㄢˇ ㄓˊ
散衙,1,ㄙㄢˋ ㄧㄚˊ
散話,1,ㄙㄢˇ ㄏㄨㄚˋ
散誕,1,ㄙㄢˇ ㄉㄢˋ
散逛,1,ㄙㄢˇ ㄍㄨㄤ˙
散逸,1,ㄙㄢˇ ㄧˋ
散關,1,ㄙㄢˋ ㄍㄨㄢ
散館,1,ㄙㄢˋ ㄍㄨㄢˇ
散齋,1,ㄙㄢˋ ㄓㄞ
敦仁,1,ㄉㄨㄣ ㄖㄣˊ
敦囑,1,ㄉㄨㄣ ㄓㄨˇ
敦坐,1,ㄉㄨㄣ ㄗㄨㄛˋ
敦序,1,ㄉㄨㄣ ㄒㄩˋ
敦打,1,ㄉㄨㄣ ㄉㄚˇ
敦搠,1,ㄉㄨㄣ ㄕㄨㄛˋ
敦槃,1,ㄉㄨㄟˋ ㄆㄢˊ
敬同,1,ㄐㄧㄥˋ ㄊㄨㄥˊ
敬心,1,ㄐㄧㄥˋ ㄒㄧㄣ
敬思,1,ㄐㄧㄥˋ ㄙ
敬悉,1,ㄐㄧㄥˋ ㄒㄧ
敬慎,1,ㄐㄧㄥˋ ㄕㄣˋ
敬慕,1,ㄐㄧㄥˋ ㄇㄨˋ
敬懼,1,ㄐㄧㄥˋ ㄐㄩˋ
敬詞,1,ㄐㄧㄥˋ ㄘˊ
敬諾,1,ㄐㄧㄥˋ ㄋㄨㄛˋ
敬賢,1,ㄐㄧㄥˋ ㄒㄧㄢˊ
敬身,1,ㄐㄧㄥˋ ㄕㄣ
敬辭,1,ㄐㄧㄥˋ ㄘˊ
敲扑,1,ㄑㄧㄠ ㄆㄨ
敲棋,1,ㄑㄧㄠ ㄑㄧˊ
敲點,1,ㄑㄧㄠ ㄉㄧㄢˇ
整備,1,ㄓㄥˇ ㄅㄟˋ
整兵,1,ㄓㄥˇ ㄅㄧㄥ
整扮,1,ㄓㄥˇ ㄅㄢˋ
整束,1,ㄓㄥˇ ㄕㄨˋ
整治,1,ㄓㄥˇ ㄓ˙
整臉,1,ㄓㄥˇ ㄌㄧㄢˇ
整莊,1,ㄓㄥˇ ㄓㄨㄤ
整補,1,ㄓㄥˇ ㄅㄨˇ
整鈔,1,ㄓㄥˇ ㄔㄠ
整錠,1,ㄓㄥˇ ㄉㄧㄥˋ
整飯,1,ㄓㄥˇ ㄈㄢˋ
敵境,1,ㄉㄧˊ ㄐㄧㄥˋ
敵焰,1,ㄉㄧˊ ㄧㄢˋ
敵腦,1,ㄉㄧˊ ㄋㄠˇ
敵蹤,1,ㄉㄧˊ ㄗㄨㄥ
敵酋,1,ㄉㄧˊ ㄑㄧㄡˊ
敵陣,1,ㄉㄧˊ ㄓㄣˋ
敵頭,1,ㄉㄧˊ ㄊㄡˊ
敷佑,1,ㄈㄨ ㄧㄡˋ
敷化,1,ㄈㄨ ㄏㄨㄚˋ
敷告,1,ㄈㄨ ㄍㄠˋ
敷土,1,ㄈㄨ ㄊㄨˇ
敷天,1,ㄈㄨ ㄊㄧㄢ
敷奏,1,ㄈㄨ ㄗㄡˋ
敷布,1,ㄈㄨ ㄅㄨˋ
敷愉,1,ㄈㄨ ㄩˊ
敷掩,1,ㄈㄨ ㄧㄢˇ
敷政,1,ㄈㄨ ㄓㄥˋ
敷教,1,ㄈㄨ ㄐㄧㄠˋ
敷文,1,ㄈㄨ ㄨㄣˊ
敷施,1,ㄈㄨ ㄕ
敷暢,1,ㄈㄨ ㄔㄤˋ
敷榮,1,ㄈㄨ ㄖㄨㄥˊ
敷求,1,ㄈㄨ ㄑㄧㄡˊ
敷治,1,ㄈㄨ ㄓˋ
敷演,1,ㄈㄨ ㄧㄢˇ
敷章,1,ㄈㄨ ㄓㄤ
敷訓,1,ㄈㄨ ㄒㄩㄣˋ
敷陳,1,ㄈㄨ ㄔㄣˊ
數中,1,ㄕㄨˋ ㄓㄨㄥ
數伏,1,ㄕㄨˇ ㄈㄨˊ
數元,1,ㄕㄨˋ ㄩㄢˊ
數四,1,ㄕㄨㄛˋ ㄙˋ
數奇,1,ㄕㄨˋ ㄐㄧ
數家,1,ㄕㄨˋ ㄐㄧㄚ
數息,1,ㄕㄨˇ ㄒㄧˊ
數數,1,ㄕㄨㄛˋ ㄕㄨㄛˋ
數珠,1,ㄙㄨˋ ㄓㄨ˙
數罟,1,ㄘㄨˋ ㄍㄨˇ
數落,1,ㄕㄨˇ ㄌㄨㄛ˙
數術,1,ㄕㄨˋ ㄕㄨˋ
數詞,1,ㄕㄨˋ ㄘˊ
敻古,1,ㄒㄩㄥˋ ㄍㄨˇ
斂兵,1,ㄌㄧㄢˋ ㄅㄧㄥ
斂怨,1,ㄌㄧㄢˋ ㄩㄢˋ
斂戢,1,ㄌㄧㄢˋ ㄐㄧˊ
斂手,1,ㄌㄧㄢˋ ㄕㄡˇ
斂步,1,ㄌㄧㄢˋ ㄅㄨˋ
斂縮,1,ㄌㄧㄢˋ ㄙㄨㄛ
斂著,1,ㄌㄧㄢˋ ㄓㄜ˙
斂藏,1,ㄌㄧㄢˋ ㄘㄤˊ
斂衽,1,ㄌㄧㄢˋ ㄖㄣˋ
斂足,1,ㄌㄧㄢˋ ㄗㄨˊ
斂躬,1,ㄌㄧㄢˋ ㄍㄨㄥ
斂避,1,ㄌㄧㄢˋ ㄅㄧˋ
斂飭,1,ㄌㄧㄢˋ ㄔˋ
斂黛,1,ㄌㄧㄢˋ ㄉㄞˋ
斃十,1,ㄅㄧˋ ㄕˊ
斃獄,1,ㄅㄧˋ ㄩˋ
文丑,1,ㄨㄣˊ ㄔㄡˇ
文例,1,ㄨㄣˊ ㄌㄧˋ
文偃,1,ㄨㄣˊ ㄧㄢˇ
文儈,1,ㄨㄣˊ ㄎㄨㄞˋ
文券,1,ㄨㄣˊ ㄑㄩㄢˋ
文同,1,ㄨㄣˊ ㄊㄨㄥˊ
文君,1,ㄨㄣˊ ㄐㄩㄣ
文命,1,ㄨㄣˊ ㄇㄧㄥˋ
文園,1,ㄨㄣˊ ㄩㄢˊ
文履,1,ㄨㄣˊ ㄌㄩˇ
文引,1,ㄨㄣˊ ㄧㄣˇ
文彩,1,ㄨㄣˊ ㄘㄞˇ
文旆,1,ㄨㄣˊ ㄆㄟˋ
文旌,1,ㄨㄣˊ ㄐㄧㄥ
文會,1,ㄨㄣˊ ㄏㄨㄟˋ
文柄,1,ㄨㄣˊ ㄅㄧㄥˇ
文格,1,ㄨㄣˊ ㄍㄜˊ
文母,1,ㄨㄣˊ ㄇㄨˇ
文深,1,ㄨㄣˊ ㄕㄣ
文犀,1,ㄨㄣˊ ㄒㄧ
文狀,1,ㄨㄣˊ ㄓㄨㄤˋ
文益,1,ㄨㄣˊ ㄧˋ
文移,1,ㄨㄣˊ ㄧˊ
文種,1,ㄨㄣˊ ㄓㄨㄥˇ
文童,1,ㄨㄣˊ ㄊㄨㄥˊ
文粹,1,ㄨㄣˊ ㄘㄨㄟˋ
文約,1,ㄨㄣˊ ㄩㄝ
文繡,1,ㄨㄣˊ ㄒㄧㄡˋ
文翁,1,ㄨㄣˊ ㄨㄥ
文翰,1,ㄨㄣˊ ㄏㄢˋ
文致,1,ㄨㄣˊ ㄓˋ
文致,1,ㄨㄣˋ ㄓˋ
文苑,1,ㄨㄣˊ ㄩㄢˋ
文衡,1,ㄨㄣˊ ㄏㄥˊ
文表,1,ㄨㄣˊ ㄅㄧㄠˇ
文調,1,ㄨㄣˊ ㄉㄧㄠˋ
文貌,1,ㄨㄣˊ ㄇㄠˋ
文賦,1,ㄨㄣˊ ㄈㄨˋ
文軌,1,ㄨㄣˊ ㄍㄨㄟˇ
文軒,1,ㄨㄣˊ ㄒㄩㄢ
文運,1,ㄨㄣˊ ㄩㄣˋ
文面,1,ㄨㄣˊ ㄇㄧㄢˋ
文魔,1,ㄨㄣˊ ㄇㄛˊ
文魚,1,ㄨㄣˊ ㄩˊ
文鳥,1,ㄨㄣˊ ㄋㄧㄠˇ
斌斌,1,ㄅㄧㄣ ㄅㄧㄣ
斐斐,1,ㄈㄟˇ ㄈㄟˇ
斑哥,1,ㄅㄢ ㄍㄜ
斑岩,1,ㄅㄢ ㄧㄢˊ
斑白,1,ㄅㄢ ㄅㄞˊ
斑禿,1,ㄅㄢ ㄊㄨ
斑蚊,1,ㄅㄢ ㄨㄣˊ
斑蝥,1,ㄅㄢ ㄇㄠˊ
斑蝶,1,ㄅㄢ ㄉㄧㄝˊ
斑衣,1,ㄅㄢ ㄧ
斑騅,1,ㄅㄢ ㄓㄨㄟ
斑驢,1,ㄅㄢ ㄌㄩˊ
斑鬢,1,ㄅㄢ ㄅㄧㄣˋ
斒斕,1,ㄅㄢ ㄌㄢˊ
斕斑,1,ㄌㄢˊ ㄅㄢ
斗儲,1,ㄉㄡˇ ㄔㄨˊ
斗升,1,ㄉㄡˇ ㄕㄥ
斗城,1,ㄉㄡˇ ㄔㄥˊ
斗居,1,ㄉㄡˇ ㄐㄩ
斗山,1,ㄉㄡˇ ㄕㄢ
斗帳,1,ㄉㄡˇ ㄓㄤˋ
斗店,1,ㄉㄡˇ ㄉㄧㄢˋ
斗府,1,ㄉㄡˇ ㄈㄨˇ
斗拱,1,ㄉㄡˇ ㄍㄨㄥˇ
斗杓,1,ㄉㄡˇ ㄅㄧㄠ
斗柄,1,ㄉㄡˇ ㄅㄧㄥˇ
斗極,1,ㄉㄡˇ ㄐㄧˊ
斗概,1,ㄉㄡˇ ㄍㄞˋ
斗渠,1,ㄉㄡˇ ㄑㄩˊ
斗然,1,ㄉㄡˇ ㄖㄢˊ
斗燈,1,ㄉㄡˇ ㄉㄥ
斗牛,1,ㄉㄡˇ ㄋㄧㄡˊ
斗筲,1,ㄉㄡˇ ㄕㄠ
斗紋,1,ㄉㄡˇ ㄨㄣˊ
斗絕,1,ㄉㄡˇ ㄐㄩㄝˊ
斗藪,1,ㄉㄡˇ ㄙㄡˇ
斗車,1,ㄉㄡˇ ㄔㄜ
斗酒,1,ㄉㄡˇ ㄐㄧㄡˇ
斗頓,1,ㄉㄡˇ ㄉㄨㄣˋ
斗食,1,ㄉㄡˇ ㄕˊ
斗香,1,ㄉㄡˇ ㄒㄧㄤ
斗魁,1,ㄉㄡˇ ㄎㄨㄟˊ
斗齋,1,ㄉㄡˇ ㄓㄞ
料及,1,ㄌㄧㄠˋ ㄐㄧˊ
料嘴,1,ㄌㄧㄠˋ ㄗㄨㄟˇ
料應,1,ㄌㄧㄠˋ ㄧㄥˋ
料持,1,ㄌㄧㄠˋ ㄔˊ
料敵,1,ㄌㄧㄠˋ ㄉㄧˊ
料毛,1,ㄌㄧㄠˋ ㄇㄠˊ
料然,1,ㄌㄧㄠˋ ㄖㄢˊ
料物,1,ㄌㄧㄠˋ ㄨˋ
料草,1,ㄌㄧㄠˋ ㄘㄠˇ
料莫,1,ㄌㄧㄠˋ ㄇㄛ˙
料袋,1,ㄌㄧㄠˋ ㄉㄞˋ
料貨,1,ㄌㄧㄠˋ ㄏㄨㄛˋ
料鈔,1,ㄌㄧㄠˋ ㄔㄠ
料錢,1,ㄌㄧㄠˋ ㄑㄧㄢˊ
斜漢,1,ㄒㄧㄝˊ ㄏㄢˋ
斜谷,1,ㄧㄝˊ ㄍㄨˇ
斝彞,1,ㄐㄧㄚˇ ㄧˊ
斝耳,1,ㄐㄧㄚˇ ㄦˇ
斟愖,1,ㄓㄣ ㄔㄣˊ
斟量,1,ㄓㄣ ㄌㄧㄤˊ
斡運,1,ㄨㄛˋ ㄩㄣˋ
斤斧,1,ㄐㄧㄣ ㄈㄨˇ
斤斸,1,ㄐㄧㄣ ㄓㄨˊ
斥土,1,ㄔˋ ㄊㄨˇ
斥地,1,ㄔˋ ㄉㄧˋ
斥埴,1,ㄔˋ ㄓˊ
斥堠,1,ㄔˋ ㄏㄡˋ
斥大,1,ㄔˋ ㄉㄚˋ
斥斥,1,ㄔˋ ㄔˋ
斥罷,1,ㄔˋ ㄅㄚˋ
斥賣,1,ㄔˋ ㄇㄞˋ
斥逐,1,ㄔˋ ㄓㄨˊ
斥革,1,ㄔˋ ㄍㄜˊ
斥騎,1,ㄔˋ ㄐㄧˋ
斥鷃,1,ㄔˋ ㄧㄢˋ
斥鹵,1,ㄔˋ ㄌㄨˇ
斧依,1,ㄈㄨˇ ㄧ
斧冰,1,ㄈㄨˇ ㄅㄧㄥ
斧削,1,ㄈㄨˇ ㄒㄩㄝˋ
斧斤,1,ㄈㄨˇ ㄐㄧㄣ
斧柯,1,ㄈㄨˇ ㄎㄜ
斧正,1,ㄈㄨˇ ㄓㄥˋ
斧藻,1,ㄈㄨˇ ㄗㄠˇ
斧質,1,ㄈㄨˇ ㄓˋ
斧鑕,1,ㄈㄨˇ ㄓˋ
斧鑿,1,ㄈㄨˇ ㄗㄠˊ
斧頭,1,ㄈㄨˇ ㄊㄡ˙
斫伐,1,ㄓㄨㄛˊ ㄈㄚˊ
斫地,1,ㄓㄨㄛˊ ㄉㄧˋ
斫手,1,ㄓㄨㄛˊ ㄕㄡˇ
斫斷,1,ㄓㄨㄛˊ ㄉㄨㄢˋ
斫殺,1,ㄓㄨㄛˊ ㄕㄚ
斫營,1,ㄓㄨㄛˊ ㄧㄥˊ
斫蜋,1,ㄓㄨㄛˊ ㄌㄤˊ
斫頭,1,ㄓㄨㄛˊ ㄊㄡˊ
斫鱠,1,ㄓㄨㄛˊ ㄎㄨㄞˋ
斫鱠,1,ㄓㄨㄛˊ ㄎㄨㄟˋ
斫鼻,1,ㄓㄨㄛˊ ㄅㄧˊ
斬伐,1,ㄓㄢˇ ㄈㄚ
斬刑,1,ㄓㄢˇ ㄒㄧㄥˊ
斬截,1,ㄓㄢˇ ㄐㄧㄝˊ
斬斫,1,ㄓㄢˇ ㄓㄨㄛˊ
斬新,1,ㄓㄢˇ ㄒㄧㄣ
斬眼,1,ㄓㄢˇ ㄧㄢˇ
斬蛇,1,ㄓㄢˇ ㄕㄜˊ
斬衰,1,ㄓㄢˇ ㄘㄨㄟ
斬馘,1,ㄓㄢˇ ㄍㄨㄛˊ
斯干,1,ㄙ ㄍㄢ
斯文,1,ㄙ ㄨㄣ˙
斯須,1,ㄙ ㄒㄩ
新亭,1,ㄒㄧㄣ ㄊㄧㄥˊ
新劇,1,ㄒㄧㄣ ㄐㄩˋ
新喜,1,ㄒㄧㄣ ㄒㄧˇ
新垣,1,ㄒㄧㄣ ㄩㄢˊ
新墳,1,ㄒㄧㄣ ㄈㄣˊ
新壠,1,ㄒㄧㄣ ㄌㄨㄥˇ
新夷,1,ㄒㄧㄣ ㄧˊ
新寡,1,ㄒㄧㄣ ㄍㄨㄚˇ
新寵,1,ㄒㄧㄣ ㄔㄨㄥˇ
新局,1,ㄒㄧㄣ ㄐㄩˊ
新巧,1,ㄒㄧㄣ ㄑㄧㄠˇ
新序,1,ㄒㄧㄣ ㄒㄩˋ
新廈,1,ㄒㄧㄣ ㄒㄧㄚˋ
新律,1,ㄒㄧㄣ ㄌㄩˋ
新恨,1,ㄒㄧㄣ ㄏㄣˋ
新敗,1,ㄒㄧㄣ ㄅㄞˋ
新文,1,ㄒㄧㄣ ㄨㄣˊ
新晴,1,ㄒㄧㄣ ㄑㄧㄥˊ
新朝,1,ㄒㄧㄣ ㄔㄠˊ
新樣,1,ㄒㄧㄣ ㄧㄤˋ
新款,1,ㄒㄧㄣ ㄎㄨㄢˇ
新正,1,ㄒㄧㄣ ㄓㄥ
新涼,1,ㄒㄧㄣ ㄌㄧㄤˊ
新潟,1,ㄒㄧㄣ ㄒㄧˋ
新火,1,ㄒㄧㄣ ㄏㄨㄛˇ
新炊,1,ㄒㄧㄣ ㄔㄨㄟ
新玉,1,ㄒㄧㄣ ㄩˋ
新田,1,ㄒㄧㄣ ㄊㄧㄢˊ
新痊,1,ㄒㄧㄣ ㄑㄩㄢˊ
新秋,1,ㄒㄧㄣ ㄑㄧㄡ
新腔,1,ㄒㄧㄣ ㄑㄧㄤ
新臺,1,ㄒㄧㄣ ㄊㄞˊ
新興,1,ㄒㄧㄣ ㄒㄧㄥˋ
新色,1,ㄒㄧㄣ ㄙㄜˋ
新莽,1,ㄒㄧㄣ ㄇㄤˇ
新蟾,1,ㄒㄧㄣ ㄔㄢˊ
新親,1,ㄒㄧㄣ ㄑㄧㄣ
新話,1,ㄒㄧㄣ ㄏㄨㄚˋ
新論,1,ㄒㄧㄣ ㄌㄨㄣˋ
新貌,1,ㄒㄧㄣ ㄇㄠˋ
新逝,1,ㄒㄧㄣ ㄕˋ
新邑,1,ㄒㄧㄣ ㄧˋ
新醫,1,ㄒㄧㄣ ㄧ
新釀,1,ㄒㄧㄣ ㄋㄧㄤˋ
新霽,1,ㄒㄧㄣ ㄐㄧˋ
新靚,1,ㄒㄧㄣ ㄐㄧㄥˋ
新鬼,1,ㄒㄧㄣ ㄍㄨㄟˇ
新鮮,1,ㄒㄧㄣ ㄒㄧㄢ˙
斲削,1,ㄓㄨㄛˊ ㄒㄩㄝˋ
斲喪,1,ㄓㄨㄛˊ ㄙㄤˋ
斲輪,1,ㄓㄨㄛˊ ㄌㄨㄣˊ
斲鼻,1,ㄓㄨㄛˊ ㄅㄧˊ
斷七,1,ㄉㄨㄢˋ ㄑㄧ
斷乎,1,ㄉㄨㄢˋ ㄏㄨ
斷代,1,ㄉㄨㄢˋ ㄉㄞˋ
斷句,1,ㄉㄨㄢˋ ㄐㄩˋ
斷喝,1,ㄉㄨㄢˋ ㄏㄜˋ
斷屠,1,ㄉㄨㄢˋ ㄊㄨˊ
斷席,1,ㄉㄨㄢˋ ㄒㄧˊ
斷念,1,ㄉㄨㄢˋ ㄋㄧㄢˋ
斷橋,1,ㄉㄨㄢˋ ㄑㄧㄠˊ
斷檔,1,ㄉㄨㄢˋ ㄉㄤˇ
斷治,1,ㄉㄨㄢˋ ㄓˋ
斷火,1,ㄉㄨㄢˋ ㄏㄨㄛˇ
斷煙,1,ㄉㄨㄢˋ ㄧㄢ
斷種,1,ㄉㄨㄢˋ ㄓㄨㄥˇ
斷結,1,ㄉㄨㄢˋ ㄐㄧㄝˊ
斷織,1,ㄉㄨㄢˋ ㄓ
斷袖,1,ㄉㄨㄢˋ ㄒㄧㄡˋ
斷遣,1,ㄉㄨㄢˋ ㄑㄧㄢˇ
斷配,1,ㄉㄨㄢˋ ㄆㄟˋ
斷酒,1,ㄉㄨㄢˋ ㄐㄧㄡˇ
斷金,1,ㄉㄨㄢˋ ㄐㄧㄣ
斷非,1,ㄉㄨㄢˋ ㄈㄟ
斷黑,1,ㄉㄨㄢˋ ㄏㄟ
方丈,1,ㄈㄤ ㄓㄤ˙
方俗,1,ㄈㄤ ㄙㄨˊ
方冊,1,ㄈㄤ ㄘㄜˋ
方几,1,ㄈㄤ ㄐㄧˇ
方劑,1,ㄈㄤ ㄐㄧˋ
方勝,1,ㄈㄤ ㄕㄥˋ
方名,1,ㄈㄤ ㄇㄧㄥˊ
方向,1,ㄈㄤ ㄒㄧㄤ˙
方命,1,ㄈㄤ ㄇㄧㄥˋ
方單,1,ㄈㄤ ㄉㄢ
方國,1,ㄈㄤ ㄍㄨㄛˊ
方土,1,ㄈㄤ ㄊㄨˇ
方堙,1,ㄈㄤ ㄧㄣ
方壺,1,ㄈㄤ ㄏㄨˊ
方夏,1,ㄈㄤ ㄒㄧㄚˋ
方將,1,ㄈㄤ ㄐㄧㄤ
方岳,1,ㄈㄤ ㄩㄝˋ
方嶽,1,ㄈㄤ ㄩㄝˋ
方州,1,ㄈㄤ ㄓㄡ
方幅,1,ㄈㄤ ㄈㄨˊ
方弼,1,ㄈㄤ ㄅㄧˋ
方彞,1,ㄈㄤ ㄧˊ
方心,1,ㄈㄤ ㄒㄧㄣ
方情,1,ㄈㄤ ㄑㄧㄥˊ
方技,1,ㄈㄤ ㄐㄧˋ
方明,1,ㄈㄤ ㄇㄧㄥˊ
方會,1,ㄈㄤ ㄏㄨㄟˋ
方比,1,ㄈㄤ ㄅㄧˇ
方照,1,ㄈㄤ ㄓㄠˋ
方牧,1,ㄈㄤ ㄇㄨˋ
方物,1,ㄈㄤ ㄨˋ
方知,1,ㄈㄤ ㄓ
方磚,1,ㄈㄤ ㄓㄨㄢ
方礙,1,ㄈㄤ ㄞˋ
方筆,1,ㄈㄤ ㄅㄧˇ
方策,1,ㄈㄤ ㄘㄜˋ
方罫,1,ㄈㄤ ㄏㄨㄚˋ
方聞,1,ㄈㄤ ㄨㄣˊ
方舞,1,ㄈㄤ ㄨˇ
方苞,1,ㄈㄤ ㄅㄠ
方蓬,1,ㄈㄤ ㄆㄥˊ
方藥,1,ㄈㄤ ㄧㄠˋ
方行,1,ㄈㄤ ㄒㄧㄥˊ
方軌,1,ㄈㄤ ㄍㄨㄟˇ
方軒,1,ㄈㄤ ㄒㄩㄢ
方輦,1,ㄈㄤ ㄋㄧㄢˇ
方近,1,ㄈㄤ ㄐㄧㄣˋ
方連,1,ㄈㄤ ㄌㄧㄢˊ
方鍼,1,ㄈㄤ ㄓㄣ
方鎮,1,ㄈㄤ ㄓㄣˋ
方關,1,ㄈㄤ ㄍㄨㄢ
方隅,1,ㄈㄤ ㄩˊ
方音,1,ㄈㄤ ㄧㄣ
方駕,1,ㄈㄤ ㄐㄧㄚˋ
方鼎,1,ㄈㄤ ㄉㄧㄥˇ
於乎,1,ㄨ ㄏㄨ
於伏,1,ㄩˊ ㄈㄨˊ
於何,1,ㄩˊ ㄏㄜˊ
於戲,1,ㄨ ㄏㄨ
於焉,1,ㄩˊ ㄧㄢ
於穆,1,ㄨ ㄇㄨˋ
於菟,1,ㄨ ㄊㄨˊ
於邑,1,ㄨ ㄧˋ
施令,1,ㄕ ㄌㄧㄥˋ
施助,1,ㄕ ㄓㄨˋ
施勞,1,ㄕ ㄌㄠˊ
施威,1,ㄕ ㄨㄟ
施施,1,ㄧˊ ㄧˊ
施虐,1,ㄕ ㄋㄩㄝˋ
施診,1,ㄕ ㄓㄣˇ
施逞,1,ㄕ ㄔㄥˇ
施釉,1,ㄕ ㄧㄡˋ
施食,1,ㄕ ㄕˊ
旁坐,1,ㄆㄤˊ ㄗㄨㄛˋ
旁妻,1,ㄆㄤˊ ㄑㄧ
旁尊,1,ㄆㄤˊ ㄗㄨㄣ
旁手,1,ㄆㄤˊ ㄕㄡˇ
旁排,1,ㄆㄤˊ ㄆㄞˊ
旁支,1,ㄆㄤˊ ㄓ
旁求,1,ㄆㄤˊ ㄑㄧㄡˊ
旁牌,1,ㄆㄤˊ ㄆㄞˊ
旁的,1,ㄆㄤˊ ㄉㄜ˙
旁皇,1,ㄆㄤˊ ㄏㄨㄤˊ
旁礴,1,ㄆㄤˊ ㄅㄛˊ
旁紐,1,ㄆㄤˊ ㄋㄧㄡˇ
旁薄,1,ㄆㄤˊ ㄅㄛˊ
旁行,1,ㄆㄤˊ ㄒㄧㄥˊ
旁訓,1,ㄆㄤˊ ㄒㄩㄣˋ
旁譜,1,ㄆㄤˊ ㄆㄨˇ
旁轉,1,ㄆㄤˊ ㄓㄨㄢˇ
旁騖,1,ㄆㄤˊ ㄨˋ
旁魄,1,ㄆㄤˊ ㄆㄛˋ
旃毛,1,ㄓㄢ ㄇㄠˊ
旃裘,1,ㄓㄢ ㄑㄧㄡˊ
旃車,1,ㄓㄢ ㄔㄜ
旄丘,1,ㄇㄠˋ ㄑㄧㄡ
旄倪,1,ㄇㄠˋ ㄋㄧˊ
旄牛,1,ㄇㄠˊ ㄋㄧㄡˊ
旄鉞,1,ㄇㄠˊ ㄩㄝˋ
旄頭,1,ㄇㄠˊ ㄊㄡˊ
旄騎,1,ㄇㄠˊ ㄑㄧˊ
旅力,1,ㄌㄩˇ ㄌㄧˋ
旅思,1,ㄌㄩˇ ㄙ
旅次,1,ㄌㄩˇ ㄘˋ
旅歷,1,ㄌㄩˇ ㄌㄧˋ
旅生,1,ㄌㄩˇ ㄕㄥ
旅祉,1,ㄌㄩˇ ㄓˇ
旅邸,1,ㄌㄩˇ ㄉㄧˇ
旅酬,1,ㄌㄩˇ ㄔㄡˊ
旅食,1,ㄌㄩˇ ㄕˊ
旆旆,1,ㄆㄟˋ ㄆㄟˋ
旋子,1,ㄒㄩㄢˋ ㄗ˙
旋室,1,ㄒㄩㄢˊ ㄕˋ
旋旋,1,ㄒㄩㄢˊ ㄒㄩㄢˊ
旋翼,1,ㄒㄩㄢˊ ㄧˋ
旋胡,1,ㄒㄩㄢˊ ㄏㄨˊ
旋螺,1,ㄒㄩㄢˊ ㄌㄨㄛˊ
旋辟,1,ㄒㄩㄢˊ ㄆㄧˋ
旋里,1,ㄒㄩㄢˊ ㄌㄧˇ
旌別,1,ㄐㄧㄥ ㄅㄧㄝˊ
旌卹,1,ㄐㄧㄥ ㄒㄩˋ
旌夏,1,ㄐㄧㄥ ㄒㄧㄚˋ
旌德,1,ㄐㄧㄥ ㄉㄜˊ
旌旄,1,ㄐㄧㄥ ㄇㄠˊ
旌繁,1,ㄐㄧㄥ ㄈㄢˊ
旌車,1,ㄐㄧㄥ ㄐㄩ
旌銘,1,ㄐㄧㄥ ㄇㄧㄥˊ
旌門,1,ㄐㄧㄥ ㄇㄣˊ
旍旗,1,ㄐㄧㄥ ㄑㄧˊ
旍表,1,ㄐㄧㄥ ㄅㄧㄠˇ
旎旎,1,ㄋㄧˇ ㄋㄧˇ
族伯,1,ㄗㄨˊ ㄅㄛˊ
族叔,1,ㄗㄨˊ ㄕㄨˊ
族望,1,ㄗㄨˊ ㄨㄤˋ
族生,1,ㄗㄨˊ ㄕㄥ
族田,1,ㄗㄨˊ ㄊㄧㄢˊ
族葬,1,ㄗㄨˊ ㄗㄤˋ
族親,1,ㄗㄨˊ ㄑㄧㄣ
族誅,1,ㄗㄨˊ ㄓㄨ
族黨,1,ㄗㄨˊ ㄉㄤˇ
旒冕,1,ㄌㄧㄡˊ ㄇㄧㄢˇ
旗丁,1,ㄑㄧˊ ㄉㄧㄥ
旗亭,1,ㄑㄧˊ ㄊㄧㄥˊ
旗旛,1,ㄑㄧˊ ㄈㄢ
旗槍,1,ㄑㄧˊ ㄑㄧㄤ
旗牌,1,ㄑㄧˊ ㄆㄞˊ
旗瓣,1,ㄑㄧˊ ㄅㄢˋ
旗籍,1,ㄑㄧˊ ㄐㄧˊ
旗花,1,ㄑㄧˊ ㄏㄨㄚ
旗裝,1,ㄑㄧˊ ㄓㄨㄤ
旗靡,1,ㄑㄧˊ ㄇㄧˇ
旗頭,1,ㄑㄧˊ ㄊㄡˊ
旗鼓,1,ㄑㄧˊ ㄍㄨˇ
旛勝,1,ㄈㄢ ㄕㄥˋ
旛旂,1,ㄈㄢ ㄑㄧˊ
旛蓋,1,ㄈㄢ ㄍㄞˋ
既望,1,ㄐㄧˋ ㄨㄤˋ
既笄,1,ㄐㄧˋ ㄐㄧ
既醉,1,ㄐㄧˋ ㄗㄨㄟˋ
日力,1,ㄖˋ ㄌㄧˋ
日圭,1,ㄖˋ ㄍㄨㄟ
日域,1,ㄖˋ ㄩˋ
日子,1,ㄖˋ ㄗˇ
日干,1,ㄖˋ ㄍㄢ
日御,1,ㄖˋ ㄩˋ
日旰,1,ㄖˋ ㄍㄢˋ
日昃,1,ㄖˋ ㄗㄜˋ
日晏,1,ㄖˋ ㄧㄢˋ
日晡,1,ㄖˋ ㄅㄨ
日暝,1,ㄖˋ ㄇㄧㄥˊ
日暮,1,ㄖˋ ㄇㄨˋ
日氣,1,ㄖˋ ㄑㄧˋ
日烏,1,ㄖˋ ㄨ
日精,1,ㄖˋ ㄐㄧㄥ
日給,1,ㄖˋ ㄐㄧˇ
日者,1,ㄖˋ ㄓㄜˇ
日腳,1,ㄖˋ ㄐㄩㄝˊ
日至,1,ㄖˋ ㄓˋ
日角,1,ㄖˋ ㄐㄩㄝˊ
日課,1,ㄖˋ ㄎㄜˋ
日車,1,ㄖˋ ㄔㄜ
日輪,1,ㄖˋ ㄌㄨㄣˊ
日逐,1,ㄖˋ ㄓㄨˊ
日道,1,ㄖˋ ㄉㄠˋ
日邊,1,ㄖˋ ㄅㄧㄢ
日陽,1,ㄖˋ ㄧㄤˊ
旦日,1,ㄉㄢˋ ㄖˋ
旦明,1,ㄉㄢˋ ㄇㄧㄥˊ
旦晚,1,ㄉㄢˋ ㄨㄢˇ
旦晝,1,ㄉㄢˋ ㄓㄡˋ
旦會,1,ㄉㄢˋ ㄏㄨㄟˋ
旦望,1,ㄉㄢˋ ㄨㄤˋ
旦色,1,ㄉㄢˋ ㄙㄜˋ
旨甘,1,ㄓˇ ㄍㄢ
旨蓄,1,ㄓˇ ㄒㄩˋ
旨要,1,ㄓˇ ㄧㄠˋ
旨酒,1,ㄓˇ ㄐㄧㄡˇ
早上,1,ㄗㄠˇ ㄕㄤ˙
早則,1,ㄗㄠˇ ㄗㄜˊ
早參,1,ㄗㄠˇ ㄘㄢ
早尖,1,ㄗㄠˇ ㄐㄧㄢ
早早,1,ㄗㄠˇ ㄗㄠˇ
早是,1,ㄗㄠˇ ㄕˋ
早晌,1,ㄗㄠˇ ㄕㄤˇ
早材,1,ㄗㄠˇ ㄘㄞˊ
早膳,1,ㄗㄠˇ ㄕㄢˋ
早茶,1,ㄗㄠˇ ㄔㄚˊ
早衙,1,ㄗㄠˇ ㄧㄚˊ
早起,1,ㄗㄠˇ ㄑㄧ˙
早遲,1,ㄗㄠˇ ㄔˊ
早霞,1,ㄗㄠˇ ㄒㄧㄚˊ
旬休,1,ㄒㄩㄣˊ ㄒㄧㄡ
旬始,1,ㄒㄩㄣˊ ㄕˇ
旬年,1,ㄒㄩㄣˊ ㄋㄧㄢˊ
旬月,1,ㄒㄩㄣˊ ㄩㄝˋ
旬朔,1,ㄒㄩㄣˊ ㄕㄨㄛˋ
旬歲,1,ㄒㄩㄣˊ ㄙㄨㄟˋ
旭旦,1,ㄒㄩˋ ㄉㄢˋ
旭旭,1,ㄒㄩˋ ㄒㄩˋ
旭蟹,1,ㄒㄩˋ ㄒㄧㄝˋ
旱傘,1,ㄏㄢˋ ㄙㄢˇ
旱澇,1,ㄏㄢˋ ㄌㄠˋ
旱祭,1,ㄏㄢˋ ㄐㄧˋ
旱苗,1,ㄏㄢˋ ㄇㄧㄠˊ
旱軍,1,ㄏㄢˋ ㄐㄩㄣ
旱魃,1,ㄏㄢˋ ㄅㄚˊ
旱麓,1,ㄏㄢˋ ㄌㄨˋ
旴江,1,ㄒㄩ ㄐㄧㄤ
旺相,1,ㄨㄤˋ ㄒㄧㄤˋ
旺銷,1,ㄨㄤˋ ㄒㄧㄠ
旻天,1,ㄇㄧㄣˊ ㄊㄧㄢ
旻序,1,ㄇㄧㄣˊ ㄒㄩˋ
旼旼,1,ㄇㄧㄣˊ ㄇㄧㄣˊ
昂藏,1,ㄤˊ ㄘㄤˊ
昃晷,1,ㄗㄜˋ ㄍㄨㄟˇ
昄章,1,ㄅㄢˇ ㄓㄤ
昆吾,1,ㄎㄨㄣ ㄨˊ
昆夷,1,ㄎㄨㄣ ㄧˊ
昆玉,1,ㄎㄨㄣ ㄩˋ
昆裔,1,ㄎㄨㄣ ㄧˋ
昆邪,1,ㄎㄨㄣ ㄧㄝˊ
昇仙,1,ㄕㄥ ㄒㄧㄢ
昇汞,1,ㄕㄥ ㄍㄨㄥˇ
昉此,1,ㄈㄤˇ ㄘˇ
昊天,1,ㄏㄠˋ ㄊㄧㄢ
昊蒼,1,ㄏㄠˋ ㄘㄤ
昌光,1,ㄔㄤ ㄍㄨㄤ
昌大,1,ㄔㄤ ㄉㄚˋ
昌容,1,ㄔㄤ ㄖㄨㄥˊ
昌意,1,ㄔㄤ ㄧˋ
昌盍,1,ㄔㄤ ㄏㄜˊ
昌辭,1,ㄔㄤ ㄘˊ
昌黎,1,ㄔㄤ ㄌㄧˊ
明世,1,ㄇㄧㄥˊ ㄕˋ
明允,1,ㄇㄧㄥˊ ㄩㄣˇ
明兩,1,ㄇㄧㄥˊ ㄌㄧㄤˇ
明公,1,ㄇㄧㄥˊ ㄍㄨㄥ
明分,1,ㄇㄧㄥˊ ㄈㄣˋ
明刑,1,ㄇㄧㄥˊ ㄒㄧㄥˊ
明前,1,ㄇㄧㄥˊ ㄑㄧㄢˊ
明君,1,ㄇㄧㄥˊ ㄐㄩㄣ
明命,1,ㄇㄧㄥˊ ㄇㄧㄥˋ
明堂,1,ㄇㄧㄥˊ ㄊㄤˊ
明夜,1,ㄇㄧㄥˊ ㄧㄝˋ
明夷,1,ㄇㄧㄥˊ ㄧˊ
明妃,1,ㄇㄧㄥˊ ㄈㄟ
明威,1,ㄇㄧㄥˊ ㄨㄟ
明密,1,ㄇㄧㄥˊ ㄇㄧˋ
明局,1,ㄇㄧㄥˊ ㄐㄩˊ
明師,1,ㄇㄧㄥˊ ㄕ
明府,1,ㄇㄧㄥˊ ㄈㄨˇ
明後,1,ㄇㄧㄥˊ ㄏㄡˋ
明徹,1,ㄇㄧㄥˊ ㄔㄜˋ
明恕,1,ㄇㄧㄥˊ ㄕㄨˋ
明悟,1,ㄇㄧㄥˊ ㄨˋ
明慎,1,ㄇㄧㄥˊ ㄕㄣˋ
明慧,1,ㄇㄧㄥˊ ㄏㄨㄟˋ
明挖,1,ㄇㄧㄥˊ ㄨㄚ
明據,1,ㄇㄧㄥˊ ㄐㄩˋ
明新,1,ㄇㄧㄥˊ ㄒㄧㄣ
明旌,1,ㄇㄧㄥˊ ㄐㄧㄥ
明旦,1,ㄇㄧㄥˊ ㄉㄢˋ
明暢,1,ㄇㄧㄥˊ ㄔㄤˋ
明曉,1,ㄇㄧㄥˊ ㄒㄧㄠˇ
明朝,1,ㄇㄧㄥˊ ㄔㄠˊ
明杖,1,ㄇㄧㄥˊ ㄓㄤˋ
明板,1,ㄇㄧㄥˊ ㄅㄢˇ
明槍,1,ㄇㄧㄥˊ ㄑㄧㄤ
明樓,1,ㄇㄧㄥˊ ㄌㄡˊ
明正,1,ㄇㄧㄥˊ ㄓㄥˋ
明水,1,ㄇㄧㄥˊ ㄕㄨㄟˇ
明決,1,ㄇㄧㄥˊ ㄐㄩㄝˊ
明河,1,ㄇㄧㄥˊ ㄏㄜˊ
明法,1,ㄇㄧㄥˊ ㄈㄚˇ
明火,1,ㄇㄧㄥˊ ㄏㄨㄛˇ
明燭,1,ㄇㄧㄥˊ ㄓㄨˊ
明牧,1,ㄇㄧㄥˊ ㄇㄨˋ
明玕,1,ㄇㄧㄥˊ ㄍㄢ
明琅,1,ㄇㄧㄥˊ ㄌㄤˊ
明瑟,1,ㄇㄧㄥˊ ㄙㄜˋ
明璫,1,ㄇㄧㄥˊ ㄉㄤ
明瓦,1,ㄇㄧㄥˊ ㄨㄚˇ
明當,1,ㄇㄧㄥˊ ㄉㄤˋ
明發,1,ㄇㄧㄥˊ ㄈㄚ
明白,1,ㄇㄧㄥˊ ㄅㄞ˙
明盛,1,ㄇㄧㄥˊ ㄕㄥˋ
明盤,1,ㄇㄧㄥˊ ㄆㄢˊ
明眼,1,ㄇㄧㄥˊ ㄧㄢˇ
明石,1,ㄇㄧㄥˊ ㄕˊ
明祀,1,ㄇㄧㄥˊ ㄙˋ
明神,1,ㄇㄧㄥˊ ㄕㄣˊ
明秀,1,ㄇㄧㄥˊ ㄒㄧㄡˋ
明節,1,ㄇㄧㄥˊ ㄐㄧㄝˊ
明範,1,ㄇㄧㄥˊ ㄈㄢˋ
明經,1,ㄇㄧㄥˊ ㄐㄧㄥ
明線,1,ㄇㄧㄥˊ ㄒㄧㄢˋ
明者,1,ㄇㄧㄥˊ ㄓㄜˇ
明聖,1,ㄇㄧㄥˊ ㄕㄥˋ
明臺,1,ㄇㄧㄥˊ ㄊㄞˊ
明良,1,ㄇㄧㄥˊ ㄌㄧㄤˊ
明處,1,ㄇㄧㄥˊ ㄔㄨˋ
明蟾,1,ㄇㄧㄥˊ ㄔㄢˊ
明衣,1,ㄇㄧㄥˊ ㄧ
明見,1,ㄇㄧㄥˊ ㄐㄧㄢˋ
明訓,1,ㄇㄧㄥˊ ㄒㄩㄣˋ
明詔,1,ㄇㄧㄥˊ ㄓㄠˋ
明詩,1,ㄇㄧㄥˊ ㄕ
明誓,1,ㄇㄧㄥˊ ㄕˋ
明調,1,ㄇㄧㄥˊ ㄉㄧㄠˋ
明豔,1,ㄇㄧㄥˊ ㄧㄢˋ
明貺,1,ㄇㄧㄥˊ ㄎㄨㄤˋ
明賢,1,ㄇㄧㄥˊ ㄒㄧㄢˊ
明輪,1,ㄇㄧㄥˊ ㄌㄨㄣˊ
明通,1,ㄇㄧㄥˊ ㄊㄨㄥ
明鐙,1,ㄇㄧㄥˊ ㄉㄥ
明鑒,1,ㄇㄧㄥˊ ㄐㄧㄢˋ
明開,1,ㄇㄧㄥˊ ㄎㄞ
明間,1,ㄇㄧㄥˊ ㄐㄧㄢ
明降,1,ㄇㄧㄥˊ ㄐㄧㄤˋ
明靈,1,ㄇㄧㄥˊ ㄌㄧㄥˊ
明順,1,ㄇㄧㄥˊ ㄕㄨㄣˋ
明麗,1,ㄇㄧㄥˊ ㄌㄧˋ
昏主,1,ㄏㄨㄣ ㄓㄨˇ
昏困,1,ㄏㄨㄣ ㄎㄨㄣˋ
昏憊,1,ㄏㄨㄣ ㄅㄟˋ
昏撒,1,ㄏㄨㄣ ㄙㄚˇ
昏昃,1,ㄏㄨㄣ ㄗㄜˋ
昏昕,1,ㄏㄨㄣ ㄒㄧㄣ
昏星,1,ㄏㄨㄣ ㄒㄧㄥ
昏暝,1,ㄏㄨㄣ ㄇㄧㄥˊ
昏暴,1,ㄏㄨㄣ ㄅㄠˋ
昏曉,1,ㄏㄨㄣ ㄒㄧㄠˇ
昏椓,1,ㄏㄨㄣ ㄓㄨㄛˊ
昏眊,1,ㄏㄨㄣ ㄇㄠˋ
昏瞀,1,ㄏㄨㄣ ㄇㄠˋ
昏第,1,ㄏㄨㄣ ㄉㄧˋ
昏逆,1,ㄏㄨㄣ ㄋㄧˋ
昏邁,1,ㄏㄨㄣ ㄇㄞˋ
昏鈔,1,ㄏㄨㄣ ㄔㄠ
昒昕,1,ㄏㄨ ㄒㄧㄣ
昒爽,1,ㄏㄨ ㄕㄨㄤˇ
易例,1,ㄧˋ ㄌㄧˋ
易則,1,ㄧˋ ㄗㄜˊ
易可,1,ㄧˋ ㄎㄜˇ
易名,1,ㄧˋ ㄇㄧㄥˊ
易墓,1,ㄧˋ ㄇㄨˋ
易字,1,ㄧˋ ㄗˋ
易帶,1,ㄧˋ ㄉㄞˋ
易林,1,ㄧˋ ㄌㄧㄣˊ
易牙,1,ㄧˋ ㄧㄚˊ
易科,1,ㄧˋ ㄎㄜ
易簀,1,ㄧˋ ㄗㄜˊ
易轍,1,ㄧˋ ㄔㄜˋ
昔昔,1,ㄒㄧˊ ㄒㄧˊ
昔酒,1,ㄒㄧˊ ㄐㄧㄡˇ
昕夕,1,ㄒㄧㄣ ㄒㄧˋ
星使,1,ㄒㄧㄥ ㄕˇ
星命,1,ㄒㄧㄥ ㄇㄧㄥˋ
星圖,1,ㄒㄧㄥ ㄊㄨˊ
星士,1,ㄒㄧㄥ ㄕˋ
星奔,1,ㄒㄧㄥ ㄅㄣ
星官,1,ㄒㄧㄥ ㄍㄨㄢ
星家,1,ㄒㄧㄥ ㄐㄧㄚ
星宿,1,ㄒㄧㄥ ㄙㄨ˙
星探,1,ㄒㄧㄥ ㄊㄢˋ
星散,1,ㄒㄧㄥ ㄙㄢˋ
星族,1,ㄒㄧㄥ ㄗㄨˊ
星旗,1,ㄒㄧㄥ ㄑㄧˊ
星星,1,ㄒㄧㄥ ㄒㄧㄥ˙
星橋,1,ㄒㄧㄥ ㄑㄧㄠˊ
星次,1,ㄒㄧㄥ ㄘˋ
星歲,1,ㄒㄧㄥ ㄙㄨㄟˋ
星氣,1,ㄒㄧㄥ ㄑㄧˋ
星流,1,ㄒㄧㄥ ㄌㄧㄡˊ
星漢,1,ㄒㄧㄥ ㄏㄢˋ
星燭,1,ㄒㄧㄥ ㄓㄨˊ
星盤,1,ㄒㄧㄥ ㄆㄢˊ
星眸,1,ㄒㄧㄥ ㄇㄡˊ
星眼,1,ㄒㄧㄥ ㄧㄢˇ
星等,1,ㄒㄧㄥ ㄉㄥˇ
星算,1,ㄒㄧㄥ ㄙㄨㄢˋ
星色,1,ㄒㄧㄥ ㄙㄜˋ
星蟲,1,ㄒㄧㄥ ㄔㄨㄥˊ
星行,1,ㄒㄧㄥ ㄒㄧㄥˊ
星術,1,ㄒㄧㄥ ㄕㄨˋ
星表,1,ㄒㄧㄥ ㄅㄧㄠˇ
星迴,1,ㄒㄧㄥ ㄏㄨㄟˊ
星速,1,ㄒㄧㄥ ㄙㄨˋ
星降,1,ㄒㄧㄥ ㄐㄧㄤˋ
星院,1,ㄒㄧㄥ ㄩㄢˋ
星霜,1,ㄒㄧㄥ ㄕㄨㄤ
星駕,1,ㄒㄧㄥ ㄐㄧㄚˋ
星鯊,1,ㄒㄧㄥ ㄕㄚ
映壁,1,ㄧㄥˋ ㄅㄧˋ
映媚,1,ㄧㄥˋ ㄇㄟˋ
映帶,1,ㄧㄥˋ ㄉㄞˋ
映摹,1,ㄧㄥˋ ㄇㄛˊ
映現,1,ㄧㄥˋ ㄒㄧㄢˋ
映身,1,ㄧㄥˋ ㄕㄣ
映輝,1,ㄧㄥˋ ㄏㄨㄟ
春令,1,ㄔㄨㄣ ㄌㄧㄥˋ
春作,1,ㄔㄨㄣ ㄗㄨㄛˋ
春信,1,ㄔㄨㄣ ㄒㄧㄣˋ
春冰,1,ㄔㄨㄣ ㄅㄧㄥ
春凳,1,ㄔㄨㄣ ㄉㄥˋ
春勝,1,ㄔㄨㄣ ㄕㄥˋ
春困,1,ㄔㄨㄣ ㄎㄨㄣˋ
春官,1,ㄔㄨㄣ ㄍㄨㄢ
春山,1,ㄔㄨㄣ ㄕㄢ
春思,1,ㄔㄨㄣ ㄙ
春方,1,ㄔㄨㄣ ㄈㄤ
春旛,1,ㄔㄨㄣ ㄈㄢ
春明,1,ㄔㄨㄣ ㄇㄧㄥˊ
春書,1,ㄔㄨㄣ ㄕㄨ
春服,1,ㄔㄨㄣ ㄈㄨˊ
春望,1,ㄔㄨㄣ ㄨㄤˋ
春林,1,ㄔㄨㄣ ㄌㄧㄣˊ
春榜,1,ㄔㄨㄣ ㄅㄤˇ
春榮,1,ㄔㄨㄣ ㄖㄨㄥˊ
春歸,1,ㄔㄨㄣ ㄍㄨㄟ
春氣,1,ㄔㄨㄣ ㄑㄧˋ
春水,1,ㄔㄨㄣ ㄕㄨㄟˇ
春灌,1,ㄔㄨㄣ ㄍㄨㄢˋ
春瘟,1,ㄔㄨㄣ ㄨㄣ
春盤,1,ㄔㄨㄣ ㄆㄢˊ
春社,1,ㄔㄨㄣ ㄕㄜˋ
春祭,1,ㄔㄨㄣ ㄐㄧˋ
春禊,1,ㄔㄨㄣ ㄒㄧˋ
春紅,1,ㄔㄨㄣ ㄏㄨㄥˊ
春纖,1,ㄔㄨㄣ ㄒㄧㄢ
春肥,1,ㄔㄨㄣ ㄈㄟˊ
春臺,1,ㄔㄨㄣ ㄊㄞˊ
春興,1,ㄔㄨㄣ ㄒㄧㄥˋ
春芳,1,ㄔㄨㄣ ㄈㄤ
春草,1,ㄔㄨㄣ ㄘㄠˇ
春菇,1,ㄔㄨㄣ ㄍㄨ
春蒐,1,ㄔㄨㄣ ㄙㄡ
春蔥,1,ㄔㄨㄣ ㄘㄨㄥ
春試,1,ㄔㄨㄣ ㄕˋ
春賽,1,ㄔㄨㄣ ㄙㄞˋ
春運,1,ㄔㄨㄣ ㄩㄣˋ
春閨,1,ㄔㄨㄣ ㄍㄨㄟ
春闈,1,ㄔㄨㄣ ㄨㄟˊ
春院,1,ㄔㄨㄣ ㄩㄢˋ
春鶯,1,ㄔㄨㄣ ㄧㄥ
昧下,1,ㄇㄟˋ ㄒㄧㄚˋ
昧信,1,ㄇㄟˋ ㄒㄧㄣˋ
昧旦,1,ㄇㄟˋ ㄉㄢˋ
昧昧,1,ㄇㄟˋ ㄇㄟˋ
昧死,1,ㄇㄟˋ ㄙˇ
昧沒,1,ㄇㄟˋ ㄇㄛˋ
昧爽,1,ㄇㄟˋ ㄕㄨㄤˇ
昧理,1,ㄇㄟˋ ㄌㄧˇ
昧行,1,ㄇㄟˋ ㄒㄧㄥˊ
昧谷,1,ㄇㄟˋ ㄍㄨˇ
昨來,1,ㄗㄨㄛˊ ㄌㄞˊ
昨前,1,ㄗㄨㄛˊ ㄑㄧㄢˊ
昭代,1,ㄓㄠ ㄉㄞˋ
昭儀,1,ㄓㄠ ㄧˊ
昭回,1,ㄓㄠ ㄏㄨㄟˊ
昭明,1,ㄓㄠ ㄇㄧㄥˊ
昭昭,1,ㄓㄠ ㄓㄠ
昭灼,1,ㄓㄠ ㄓㄨㄛˊ
昭穆,1,ㄓㄠ ㄇㄨˋ
昭華,1,ㄓㄠ ㄏㄨㄚˊ
昭關,1,ㄓㄠ ㄍㄨㄢ
昭陵,1,ㄓㄠ ㄌㄧㄥˊ
昭陽,1,ㄓㄠ ㄧㄤˊ
是事,1,ㄕˋ ㄕˋ
是件,1,ㄕˋ ㄐㄧㄢˋ
是則,1,ㄕˋ ㄗㄜˊ
是必,1,ㄕˋ ㄅㄧˋ
是日,1,ㄕˋ ㄖˋ
是時,1,ㄕˋ ㄕˊ
是正,1,ㄕˋ ㄓㄥˋ
是處,1,ㄕˋ ㄔㄨˋ
是須,1,ㄕˋ ㄒㄩ
昱昱,1,ㄩˋ ㄩˋ
昳麗,1,ㄧˋ ㄌㄧˋ
昴降,1,ㄇㄠˇ ㄐㄧㄤˋ
昵交,1,ㄋㄧˋ ㄐㄧㄠ
昵友,1,ㄋㄧˋ ㄧㄡˇ
昵愛,1,ㄋㄧˋ ㄞˋ
昵昵,1,ㄋㄧˋ ㄋㄧˋ
昵比,1,ㄋㄧˋ ㄅㄧˋ
昵聲,1,ㄋㄧˋ ㄕㄥ
昵藩,1,ㄋㄧˋ ㄈㄢˊ
時乖,1,ㄕˊ ㄍㄨㄞ
時今,1,ㄕˊ ㄐㄧㄣ
時俗,1,ㄕˊ ㄙㄨˊ
時分,1,ㄕˊ ㄈㄣˋ
時命,1,ㄕˊ ㄇㄧㄥˋ
時夜,1,ㄕˊ ㄧㄝˋ
時律,1,ㄕˊ ㄌㄩˋ
時文,1,ㄕˊ ㄨㄣˊ
時新,1,ㄕˊ ㄒㄧㄣ
時望,1,ㄕˊ ㄨㄤˋ
時樣,1,ㄕˊ ㄧㄤˋ
時毒,1,ㄕˊ ㄉㄨˊ
時氣,1,ㄕˊ ㄑㄧ˙
時流,1,ㄕˊ ㄌㄧㄡˊ
時病,1,ㄕˊ ㄅㄧㄥˋ
時義,1,ㄕˊ ㄧˋ
時藝,1,ㄕˊ ㄧˋ
時調,1,ㄕˊ ㄉㄧㄠˋ
時譽,1,ㄕˊ ㄩˋ
時變,1,ㄕˊ ㄅㄧㄢˋ
時賢,1,ㄕˊ ㄒㄧㄢˊ
時辰,1,ㄕˊ ㄔㄣ˙
時遇,1,ㄕˊ ㄩˋ
時邁,1,ㄕˊ ㄇㄞˋ
時雍,1,ㄕˊ ㄩㄥ
時雨,1,ㄕˊ ㄩˇ
晃悠,1,ㄏㄨㄤˋ ㄧㄡ
晃搖,1,ㄏㄨㄤˋ ㄧㄠ˙
晃耀,1,ㄏㄨㄤˇ ㄧㄠˋ
晃腦,1,ㄏㄨㄤˋ ㄋㄠˇ
晉劇,1,ㄐㄧㄣˋ ㄐㄩˋ
晉授,1,ㄐㄧㄣˋ ㄕㄡˋ
晉鐸,1,ㄐㄧㄣˋ ㄉㄨㄛˊ
晉階,1,ㄐㄧㄣˋ ㄐㄧㄝ
晌午,1,ㄕㄤˇ ㄏㄨㄛ˙
晌覺,1,ㄕㄤˇ ㄐㄧㄠˋ
晌飯,1,ㄕㄤˇ ㄈㄢˋ
晏如,1,ㄧㄢˋ ㄖㄨˊ
晏晏,1,ㄧㄢˋ ㄧㄢˋ
晏朝,1,ㄧㄢˋ ㄔㄠˊ
晏歇,1,ㄧㄢˋ ㄒㄧㄝ
晏殊,1,ㄧㄢˋ ㄕㄨ
晏燈,1,ㄧㄢˋ ㄉㄥ
晏裘,1,ㄧㄢˋ ㄑㄧㄡˊ
晏駕,1,ㄧㄢˋ ㄐㄧㄚˋ
晒斑,1,ㄕㄞˋ ㄅㄢ
晒書,1,ㄕㄞˋ ㄕㄨ
晒穀,1,ㄕㄞˋ ㄍㄨˇ
晒臺,1,ㄕㄞˋ ㄊㄞˊ
晚上,1,ㄨㄢˇ ㄕㄤ˙
晚參,1,ㄨㄢˇ ㄘㄢ
晚場,1,ㄨㄢˇ ㄔㄤˊ
晚戀,1,ㄨㄢˇ ㄌㄧㄢˋ
晚成,1,ㄨㄢˇ ㄔㄥˊ
晚歸,1,ㄨㄢˇ ㄍㄨㄟ
晚照,1,ㄨㄢˇ ㄓㄠˋ
晚熟,1,ㄨㄢˇ ㄕㄨˊ
晚田,1,ㄨㄢˇ ㄊㄧㄢˊ
晚翠,1,ㄨㄢˇ ㄘㄨㄟˋ
晚育,1,ㄨㄢˇ ㄩˋ
晚膳,1,ㄨㄢˇ ㄕㄢˋ
晚西,1,ㄨㄢˇ ㄒㄧ
晚豔,1,ㄨㄢˇ ㄧㄢˋ
晚車,1,ㄨㄢˇ ㄔㄜ
晚進,1,ㄨㄢˇ ㄐㄧㄣˋ
晚運,1,ㄨㄢˇ ㄩㄣˋ
晝伏,1,ㄓㄡˋ ㄈㄨˊ
晝暝,1,ㄓㄡˋ ㄇㄧㄥˊ
晞堁,1,ㄒㄧ ㄎㄜˇ
晞曜,1,ㄒㄧ ㄧㄠˋ
晞髮,1,ㄒㄧ ㄈㄚˇ
晡夕,1,ㄅㄨ ㄒㄧˋ
晡時,1,ㄅㄨ ㄕˊ
晡食,1,ㄅㄨ ㄕˊ
晢晢,1,ㄓㄜˊ ㄓㄜˊ
晤言,1,ㄨˋ ㄧㄢˊ
晤語,1,ㄨˋ ㄩˇ
晦冥,1,ㄏㄨㄟˋ ㄇㄧㄥˊ
晦在,1,ㄏㄨㄟˋ ㄗㄞˋ
晦日,1,ㄏㄨㄟˋ ㄖˋ
晦昧,1,ㄏㄨㄟˋ ㄇㄟˋ
晦暝,1,ㄏㄨㄟˋ ㄇㄧㄥˊ
晦朔,1,ㄏㄨㄟˋ ㄕㄨㄛˋ
晦盲,1,ㄏㄨㄟˋ ㄇㄤˊ
晦蒙,1,ㄏㄨㄟˋ ㄇㄥˊ
晨夕,1,ㄔㄣˊ ㄒㄧˋ
晨歌,1,ㄔㄣˊ ㄍㄜ
晨炊,1,ㄔㄣˊ ㄔㄨㄟ
晨練,1,ㄔㄣˊ ㄌㄧㄢˋ
晨褸,1,ㄔㄣˊ ㄌㄩˇ
晨跑,1,ㄔㄣˊ ㄆㄠˇ
晨運,1,ㄔㄣˊ ㄩㄣˋ
晨門,1,ㄔㄣˊ ㄇㄣˊ
晨霧,1,ㄔㄣˊ ㄨˋ
晨鳧,1,ㄔㄣˊ ㄈㄨˊ
晬日,1,ㄗㄨㄟˋ ㄖˋ
晬盤,1,ㄗㄨㄟˋ ㄆㄢˊ
普光,1,ㄆㄨˇ ㄍㄨㄤ
普告,1,ㄆㄨˇ ㄍㄠˋ
普寂,1,ㄆㄨˇ ㄐㄧˊ
普救,1,ㄆㄨˇ ㄐㄧㄡˋ
普桑,1,ㄆㄨˇ ㄙㄤ
普氾,1,ㄆㄨˇ ㄈㄢˋ
普汎,1,ㄆㄨˇ ㄈㄢˋ
普法,1,ㄆㄨˇ ㄈㄚˇ
普洱,1,ㄆㄨˇ ㄦˇ
普浹,1,ㄆㄨˇ ㄐㄧㄚˊ
普獎,1,ㄆㄨˇ ㄐㄧㄤˇ
普請,1,ㄆㄨˇ ㄑㄧㄥˇ
普陀,1,ㄆㄨˇ ㄊㄨㄛˊ
景光,1,ㄐㄧㄥˇ ㄍㄨㄤ
景命,1,ㄐㄧㄥˇ ㄇㄧㄥˋ
景員,1,ㄐㄧㄥˇ ㄩㄢˊ
景從,1,ㄧㄥˇ ㄘㄨㄥˊ
景星,1,ㄐㄧㄥˇ ㄒㄧㄥ
景福,1,ㄐㄧㄥˇ ㄈㄨˊ
景遇,1,ㄐㄧㄥˇ ㄩˋ
景運,1,ㄐㄧㄥˇ ㄩㄣˋ
景雲,1,ㄐㄧㄥˇ ㄩㄣˊ
景風,1,ㄐㄧㄥˇ ㄈㄥ
晴光,1,ㄑㄧㄥˊ ㄍㄨㄤ
晴初,1,ㄑㄧㄥˊ ㄔㄨ
晴雯,1,ㄑㄧㄥˊ ㄨㄣˊ
晶化,1,ㄐㄧㄥ ㄏㄨㄚˋ
晶帶,1,ㄐㄧㄥ ㄉㄞˋ
晶晶,1,ㄐㄧㄥ ㄐㄧㄥ
晶盤,1,ㄐㄧㄥ ㄆㄢˊ
晶系,1,ㄐㄧㄥ ㄒㄧˋ
晶面,1,ㄐㄧㄥ ㄇㄧㄢˋ
晷刻,1,ㄍㄨㄟˇ ㄎㄜˋ
智儼,1,ㄓˋ ㄧㄢˇ
智周,1,ㄓˋ ㄓㄡ
智器,1,ㄓˋ ㄑㄧˋ
智士,1,ㄓˋ ㄕˋ
智慮,1,ㄓˋ ㄌㄩˋ
智旭,1,ㄓˋ ㄒㄩˋ
智永,1,ㄓˋ ㄩㄥˇ
智珠,1,ㄓˋ ㄓㄨ
智略,1,ㄓˋ ㄌㄩㄝˋ
智短,1,ㄓˋ ㄉㄨㄢˇ
智禽,1,ㄓˋ ㄑㄧㄣˊ
智算,1,ㄓˋ ㄙㄨㄢˋ
智術,1,ㄓˋ ㄕㄨˋ
智調,1,ㄓˋ ㄉㄧㄠˋ
智量,1,ㄓˋ ㄌㄧㄤˊ
智防,1,ㄓˋ ㄈㄤˊ
智顗,1,ㄓˋ ㄧˇ
晻世,1,ㄢˇ ㄕˋ
晻昧,1,ㄢˇ ㄇㄟˋ
晻晻,1,ㄢˇ ㄢˇ
晻晻,1,ㄧㄢˇ ㄧㄢˇ
晻翳,1,ㄢˇ ㄧˋ
晻藹,1,ㄢˇ ㄞˇ
晻靄,1,ㄢˇ ㄞˇ
晼晚,1,ㄨㄢˇ ㄨㄢˇ
晾夏,1,ㄌㄧㄤˋ ㄒㄧㄚˋ
晾書,1,ㄌㄧㄤˋ ㄕㄨ
暄和,1,ㄒㄩㄢ ㄏㄜˊ
暄妍,1,ㄒㄩㄢ ㄧㄢˊ
暄暖,1,ㄒㄩㄢ ㄋㄨㄢˇ
暄涼,1,ㄒㄩㄢ ㄌㄧㄤˊ
暄風,1,ㄒㄩㄢ ㄈㄥ
暇日,1,ㄒㄧㄚˋ ㄖˋ
暇景,1,ㄒㄧㄚˋ ㄧㄥˇ
暇豫,1,ㄒㄧㄚˋ ㄩˋ
暇逸,1,ㄒㄧㄚˋ ㄧˋ
暇食,1,ㄒㄧㄚˋ ㄕˊ
暈池,1,ㄩㄣ ㄔˊ
暈珥,1,ㄩㄣˋ ㄦˇ
暈臺,1,ㄩㄣ ㄊㄞˊ
暈針,1,ㄩㄣ ㄓㄣ
暉映,1,ㄏㄨㄟ ㄧㄥˋ
暉暉,1,ㄏㄨㄟ ㄏㄨㄟ
暌合,1,ㄎㄨㄟˊ ㄏㄜˊ
暌索,1,ㄎㄨㄟˊ ㄙㄨㄛˇ
暍人,1,ㄏㄜˋ ㄖㄣˊ
暍暍,1,ㄏㄜˋ ㄏㄜˋ
暍死,1,ㄏㄜˋ ㄙˇ
暑伏,1,ㄕㄨˇ ㄈㄨˊ
暑月,1,ㄕㄨˇ ㄩㄝˋ
暑歲,1,ㄕㄨˇ ㄙㄨㄟˋ
暑雨,1,ㄕㄨˇ ㄩˇ
暖塵,1,ㄋㄨㄢˇ ㄔㄣˊ
暖女,1,ㄋㄨㄢˇ ㄋㄩˇ
暖姝,1,ㄒㄩㄢ ㄕㄨ
暖孝,1,ㄋㄨㄢˇ ㄒㄧㄠˋ
暖屋,1,ㄋㄨㄢˇ ㄨ
暖帽,1,ㄋㄨㄢˇ ㄇㄠˋ
暖廠,1,ㄋㄨㄢˇ ㄔㄤˇ
暖意,1,ㄋㄨㄢˇ ㄧˋ
暖暖,1,ㄒㄩㄢ ㄒㄩㄢ
暖炕,1,ㄋㄨㄢˇ ㄎㄤˋ
暖痛,1,ㄋㄨㄢˇ ㄊㄨㄥˋ
暖眼,1,ㄋㄨㄢˇ ㄧㄢˇ
暖簾,1,ㄋㄨㄢˇ ㄌㄧㄢˊ
暖翠,1,ㄋㄨㄢˇ ㄘㄨㄟˋ
暖耳,1,ㄋㄨㄢˇ ㄦˇ
暖蛋,1,ㄋㄨㄢˇ ㄉㄢˋ
暖袖,1,ㄋㄨㄢˇ ㄒㄧㄡˋ
暖調,1,ㄋㄨㄢˇ ㄉㄧㄠˋ
暖轎,1,ㄋㄨㄢˇ ㄐㄧㄠˋ
暖閣,1,ㄋㄨㄢˇ ㄍㄜˊ
暖靄,1,ㄋㄨㄢˇ ㄞˇ
暖風,1,ㄋㄨㄢˇ ㄈㄥ
暗九,1,ㄢˋ ㄐㄧㄡˇ
暗付,1,ㄢˋ ㄈㄨˋ
暗合,1,ㄢˋ ㄏㄜˊ
暗場,1,ㄢˋ ㄔㄤˊ
暗娼,1,ㄢˋ ㄔㄤ
暗射,1,ㄢˋ ㄕㄜˋ
暗影,1,ㄢˋ ㄧㄥˇ
暗忖,1,ㄢˋ ㄘㄨㄣˇ
暗探,1,ㄢˋ ㄊㄢˋ
暗昧,1,ㄢˋ ㄇㄟˋ
暗槓,1,ㄢˋ ㄍㄤˋ
暗樁,1,ㄢˋ ㄓㄨㄤ
暗灘,1,ㄢˋ ㄊㄢ
暗藹,1,ㄢˋ ㄞˇ
暗虛,1,ㄢˋ ㄒㄩ
暗行,1,ㄢˋ ㄏㄤˊ
暗袋,1,ㄢˋ ㄉㄞˋ
暗轉,1,ㄢˋ ㄓㄨㄢˇ
暗釦,1,ㄢˋ ㄎㄡˋ
暗鎖,1,ㄢˋ ㄙㄨㄛˇ
暗門,1,ㄢˋ ㄇㄣˊ
暗香,1,ㄢˋ ㄒㄧㄤ
暘谷,1,ㄧㄤˊ ㄍㄨˇ
暝子,1,ㄇㄧㄥˊ ㄗ˙
暢事,1,ㄔㄤˋ ㄕˋ
暢好,1,ㄔㄤˋ ㄏㄠˇ
暢寄,1,ㄔㄤˋ ㄐㄧˋ
暢想,1,ㄔㄤˋ ㄒㄧㄤˇ
暢意,1,ㄔㄤˋ ㄧˋ
暢洽,1,ㄔㄤˋ ㄒㄧㄚˊ
暢然,1,ㄔㄤˋ ㄖㄢˊ
暢遂,1,ㄔㄤˋ ㄙㄨㄟˋ
暨今,1,ㄐㄧˋ ㄐㄧㄣ
暨南,1,ㄐㄧˋ ㄋㄢˊ
暨暨,1,ㄐㄧˋ ㄐㄧˋ
暫星,1,ㄓㄢˋ ㄒㄧㄥ
暫止,1,ㄓㄢˋ ㄓˇ
暫音,1,ㄓㄢˋ ㄧㄣ
暮世,1,ㄇㄨˋ ㄕˋ
暮古,1,ㄇㄨˋ ㄍㄨˇ
暮煙,1,ㄇㄨˋ ㄧㄢ
暮齒,1,ㄇㄨˋ ㄔˇ
暴下,1,ㄅㄠˋ ㄒㄧㄚˋ
暴冷,1,ㄅㄠˋ ㄌㄥˇ
暴厲,1,ㄅㄠˋ ㄌㄧˋ
暴土,1,ㄅㄠˋ ㄊㄨˇ
暴增,1,ㄅㄠˋ ㄗㄥ
暴客,1,ㄅㄠˋ ㄎㄜˋ
暴室,1,ㄆㄨˋ ㄕˋ
暴崩,1,ㄅㄠˋ ㄅㄥ
暴師,1,ㄆㄨˋ ㄕ
暴忽,1,ㄅㄠˋ ㄏㄨ
暴恣,1,ㄅㄠˋ ㄘ
暴懆,1,ㄅㄠˋ ㄘㄠˇ
暴抗,1,ㄅㄠˋ ㄎㄤˋ
暴掠,1,ㄅㄠˋ ㄌㄩㄝˋ
暴揚,1,ㄆㄨˋ ㄧㄤˊ
暴斂,1,ㄅㄠˋ ㄌㄧㄢˋ
暴暴,1,ㄅㄠˋ ㄅㄠˋ
暴桀,1,ㄅㄠˋ ㄐㄧㄝˊ
暴桑,1,ㄆㄨˋ ㄙㄤ
暴橫,1,ㄅㄠˋ ㄏㄥˋ
暴殄,1,ㄅㄠˋ ㄊㄧㄢˇ
暴洪,1,ㄅㄠˋ ㄏㄨㄥˊ
暴潮,1,ㄅㄠˋ ㄔㄠˊ
暴燥,1,ㄅㄠˋ ㄗㄠˋ
暴疾,1,ㄅㄠˋ ㄐㄧˊ
暴白,1,ㄆㄨˋ ㄅㄞˊ
暴至,1,ㄅㄠˋ ㄓˋ
暴舉,1,ㄅㄠˋ ㄐㄩˇ
暴虎,1,ㄅㄠˋ ㄏㄨˇ
暴行,1,ㄆㄨˋ ㄒㄧㄥˊ
暴貴,1,ㄅㄠˋ ㄍㄨㄟˋ
暴醃,1,ㄆㄨˋ ㄧㄢ
暴面,1,ㄆㄨˋ ㄇㄧㄢˋ
暴骨,1,ㄆㄨˋ ㄍㄨˇ
暵暵,1,ㄏㄢˋ ㄏㄢˋ
暵赫,1,ㄏㄢˋ ㄏㄜˋ
暾暾,1,ㄊㄨㄣ ㄊㄨㄣ
曀曀,1,ㄧˋ ㄧˋ
曄曄,1,ㄧㄝˋ ㄧㄝˋ
曆元,1,ㄌㄧˋ ㄩㄢˊ
曆命,1,ㄌㄧˋ ㄇㄧㄥˋ
曆始,1,ㄌㄧˋ ㄕˇ
曆室,1,ㄌㄧˋ ㄕˋ
曆尾,1,ㄌㄧˋ ㄨㄟˇ
曆日,1,ㄌㄧˋ ㄖˋ
曆本,1,ㄌㄧˋ ㄅㄣˇ
曆紀,1,ㄌㄧˋ ㄐㄧˋ
曆象,1,ㄌㄧˋ ㄒㄧㄤˋ
曆頭,1,ㄌㄧˋ ㄊㄡˊ
曇曇,1,ㄊㄢˊ ㄊㄢˊ
曇鸞,1,ㄊㄢˊ ㄌㄨㄢˊ
曈曈,1,ㄊㄨㄥˊ ㄊㄨㄥˊ
曈曨,1,ㄊㄨㄥˊ ㄌㄨㄥˊ
曉人,1,ㄒㄧㄠˇ ㄖㄣˊ
曉市,1,ㄒㄧㄠˇ ㄕˋ
曉星,1,ㄒㄧㄠˇ ㄒㄧㄥ
曉暢,1,ㄒㄧㄠˇ ㄔㄤˋ
曉會,1,ㄒㄧㄠˇ ㄏㄨㄟˋ
曉示,1,ㄒㄧㄠˇ ㄕˋ
曉籌,1,ㄒㄧㄠˇ ㄔㄡˊ
曉風,1,ㄒㄧㄠˇ ㄈㄥ
曏者,1,ㄒㄧㄤˋ ㄓㄜˇ
曖曖,1,ㄞˋ ㄞˋ
曛黃,1,ㄒㄩㄣ ㄏㄨㄤˊ
曛黑,1,ㄒㄩㄣ ㄏㄜˋ
曜日,1,ㄧㄠˋ ㄖˋ
曜靈,1,ㄧㄠˋ ㄌㄧㄥˊ
曝書,1,ㄆㄨˋ ㄕㄨ
曝背,1,ㄆㄨˋ ㄅㄟˋ
曝露,1,ㄆㄨˋ ㄌㄨˋ
曠久,1,ㄎㄨㄤˋ ㄐㄧㄡˇ
曠古,1,ㄎㄨㄤˋ ㄍㄨˇ
曠官,1,ㄎㄨㄤˋ ㄍㄨㄢ
曠年,1,ㄎㄨㄤˋ ㄋㄧㄢˊ
曠度,1,ㄎㄨㄤˋ ㄉㄨˋ
曠放,1,ㄎㄨㄤˋ ㄈㄤˋ
曠日,1,ㄎㄨㄤˋ ㄖˋ
曠曠,1,ㄎㄨㄤˋ ㄎㄨㄤˋ
曠然,1,ㄎㄨㄤˋ ㄖㄢˊ
曠蕩,1,ㄎㄨㄤˋ ㄉㄤˋ
曠遠,1,ㄎㄨㄤˋ ㄩㄢˇ
曦月,1,ㄒㄧ ㄩㄝˋ
曦軒,1,ㄒㄧ ㄒㄩㄢ
曦馭,1,ㄒㄧ ㄩˋ
曨曨,1,ㄌㄨㄥˊ ㄌㄨㄥˊ
曩日,1,ㄋㄤˇ ㄖˋ
曩時,1,ㄋㄤˇ ㄕˊ
曲匝,1,ㄑㄩ ㄗㄚ
曲園,1,ㄑㄩ ㄩㄢˊ
曲士,1,ㄑㄩ ㄕˋ
曲學,1,ㄑㄩ ㄒㄩㄝˊ
曲學,1,ㄑㄩˇ ㄒㄩㄝˊ
曲室,1,ㄑㄩ ㄕˋ
曲宴,1,ㄑㄩ ㄧㄢˋ
曲局,1,ㄑㄩ ㄐㄩˊ
曲庇,1,ㄑㄩ ㄅㄧˋ
曲度,1,ㄑㄩˇ ㄉㄨˋ
曲律,1,ㄑㄩ ㄌㄩˋ
曲從,1,ㄑㄩ ㄘㄨㄥˊ
曲房,1,ㄑㄩ ㄈㄤˊ
曲拗,1,ㄑㄩ ㄠˋ
曲撓,1,ㄑㄩ ㄋㄠˊ
曲欄,1,ㄑㄩ ㄌㄢˊ
曲江,1,ㄑㄩ ㄐㄧㄤ
曲流,1,ㄑㄩ ㄌㄧㄡˊ
曲瓊,1,ㄑㄩ ㄑㄩㄥˊ
曲禮,1,ㄑㄩ ㄌㄧˇ
曲致,1,ㄑㄩ ㄓˋ
曲臺,1,ㄑㄩ ㄊㄞˊ
曲蓋,1,ㄑㄩ ㄍㄞˋ
曲薄,1,ㄑㄩ ㄅㄛˊ
曲藝,1,ㄑㄩ ㄧˋ
曲蟮,1,ㄑㄩ ㄕㄢˋ
曲裾,1,ㄑㄩ ㄐㄩ
曲話,1,ㄑㄩˇ ㄏㄨㄚˋ
曲說,1,ㄑㄩ ㄕㄨㄛ
曲謹,1,ㄑㄩ ㄐㄧㄣˇ
曲赦,1,ㄑㄩ ㄕㄜˋ
曲道,1,ㄑㄩ ㄉㄠˋ
曲阻,1,ㄑㄩ ㄗㄨˇ
曲隱,1,ㄑㄩ ㄧㄣˇ
曲體,1,ㄑㄩ ㄊㄧˇ
曳剌,1,ㄧㄝˋ ㄌㄚˋ
曳曳,1,ㄧˋ ㄧˋ
曳步,1,ㄧˋ ㄅㄨˋ
曳白,1,ㄧˋ ㄅㄞˊ
曳踵,1,ㄧˋ ㄓㄨㄥˇ
更且,1,ㄍㄥˋ ㄑㄧㄝˇ
更代,1,ㄍㄥ ㄉㄞˋ
更休,1,ㄍㄥ ㄒㄧㄡ
更做,1,ㄍㄥˋ ㄗㄨㄛˋ
更化,1,ㄍㄥ ㄏㄨㄚˋ
更唱,1,ㄍㄥ ㄔㄤˋ
更夜,1,ㄍㄥ ㄧㄝˋ
更定,1,ㄍㄥ ㄉㄧㄥˋ
更復,1,ㄍㄥˋ ㄈㄨˋ
更房,1,ㄍㄥ ㄈㄤˊ
更故,1,ㄍㄥ ㄍㄨˋ
更樓,1,ㄍㄥ ㄌㄡˊ
更深,1,ㄍㄥ ㄕㄣ
更甚,1,ㄍㄥˋ ㄕㄣˋ
更生,1,ㄍㄥˋ ㄕㄥ
更相,1,ㄍㄥ ㄒㄧㄤ
更立,1,ㄍㄥ ㄌㄧˋ
更端,1,ㄍㄥ ㄉㄨㄢ
更籌,1,ㄍㄥ ㄔㄡˊ
更籤,1,ㄍㄥ ㄑㄧㄢ
更行,1,ㄍㄥ ㄒㄧㄥˋ
更訂,1,ㄍㄥ ㄉㄧㄥˋ
更調,1,ㄍㄥ ㄉㄧㄠˋ
更變,1,ㄍㄥ ㄅㄧㄢˋ
更賦,1,ㄍㄥ ㄈㄨˋ
更闌,1,ㄍㄥ ㄌㄢˊ
更頭,1,ㄍㄥ ㄊㄡˊ
更點,1,ㄍㄥ ㄉㄧㄢˇ
曶鼎,1,ㄏㄨ ㄉㄧㄥˇ
曷鼻,1,ㄏㄜˊ ㄅㄧˊ
書丹,1,ㄕㄨ ㄉㄢ
書傳,1,ㄕㄨ ㄓㄨㄢˋ
書儀,1,ㄕㄨ ㄧˊ
書刀,1,ㄕㄨ ㄉㄠ
書口,1,ㄕㄨ ㄎㄡˇ
書史,1,ㄕㄨ ㄕˇ
書呈,1,ㄕㄨ ㄔㄥˊ
書品,1,ㄕㄨ ㄆㄧㄣˇ
書啟,1,ㄕㄨ ㄑㄧˇ
書場,1,ㄕㄨ ㄔㄤˊ
書子,1,ㄕㄨ ㄗ˙
書客,1,ㄕㄨ ㄎㄜˋ
書寓,1,ㄕㄨ ㄩˋ
書市,1,ㄕㄨ ㄕˋ
書帕,1,ㄕㄨ ㄆㄚˋ
書帙,1,ㄕㄨ ㄓˋ
書帷,1,ㄕㄨ ㄨㄟˊ
書帽,1,ㄕㄨ ㄇㄠˋ
書廚,1,ㄕㄨ ㄔㄨˊ
書影,1,ㄕㄨ ㄧㄥˇ
書手,1,ㄕㄨ ㄕㄡˇ
書會,1,ㄕㄨ ㄏㄨㄟˋ
書林,1,ㄕㄨ ㄌㄧㄣˊ
書格,1,ㄕㄨ ㄍㄜˊ
書業,1,ㄕㄨ ㄧㄝˋ
書淫,1,ㄕㄨ ㄧㄣˊ
書牘,1,ㄕㄨ ㄉㄨˊ
書理,1,ㄕㄨ ㄌㄧˇ
書疏,1,ㄕㄨ ㄕㄨ
書痴,1,ㄕㄨ ㄔ
書社,1,ㄕㄨ ㄕㄜˋ
書種,1,ㄕㄨ ㄓㄨㄥˇ
書空,1,ㄕㄨ ㄎㄨㄥ
書策,1,ㄕㄨ ㄘㄜˋ
書簏,1,ㄕㄨ ㄌㄨˋ
書紳,1,ㄕㄨ ㄕㄣ
書翰,1,ㄕㄨ ㄏㄢˋ
書背,1,ㄕㄨ ㄅㄟˋ
書脊,1,ㄕㄨ ㄐㄧˇ
書腦,1,ㄕㄨ ㄋㄠˇ
書膽,1,ㄕㄨ ㄉㄢˇ
書蝨,1,ㄕㄨ ㄕ
書衣,1,ㄕㄨ ㄧ
書裙,1,ㄕㄨ ㄑㄩㄣˊ
書譜,1,ㄕㄨ ㄆㄨˇ
書跡,1,ㄕㄨ ㄐㄧ
書辦,1,ㄕㄨ ㄅㄢ˙
書鋪,1,ㄕㄨ ㄆㄨˋ
書錄,1,ㄕㄨ ㄌㄨˋ
書鎮,1,ㄕㄨ ㄓㄣˋ
書題,1,ㄕㄨ ㄊㄧˊ
書鼓,1,ㄕㄨ ㄍㄨˇ
曹丘,1,ㄘㄠˊ ㄑㄧㄡ
曹娥,1,ㄘㄠˊ ㄜˊ
曹沬,1,ㄘㄠˊ ㄇㄟˋ
曹門,1,ㄘㄠˊ ㄇㄣˊ
曹霸,1,ㄘㄠˊ ㄅㄚˋ
曼儂,1,ㄇㄢˋ ㄋㄨㄥˊ
曼壽,1,ㄇㄢˋ ㄕㄡˋ
曼妙,1,ㄇㄢˋ ㄇㄧㄠˋ
曼暖,1,ㄇㄢˋ ㄋㄨㄢˇ
曼波,1,ㄇㄢˋ ㄅㄛ
曼澤,1,ㄇㄢˋ ㄗㄜˊ
曼睩,1,ㄇㄢˋ ㄌㄨˋ
曼羨,1,ㄇㄢˋ ㄒㄧㄢˋ
曼聲,1,ㄇㄢˋ ㄕㄥ
曼荊,1,ㄇㄢˋ ㄐㄧㄥ
曼辭,1,ㄇㄢˋ ㄘˊ
曼靡,1,ㄇㄢˋ ㄇㄧˇ
曼鬋,1,ㄇㄢˋ ㄐㄧㄢ
曾參,1,ㄗㄥ ㄕㄣ
曾樸,1,ㄗㄥ ㄆㄨˊ
曾皙,1,ㄗㄥ ㄒㄧ
曾益,1,ㄗㄥ ㄧˋ
曾門,1,ㄗㄥ ㄇㄣˊ
曾鞏,1,ㄗㄥ ㄍㄨㄥˇ
曾點,1,ㄗㄥ ㄉㄧㄢˇ
替僧,1,ㄊㄧˋ ㄙㄥ
替力,1,ㄊㄧˋ ㄌㄧˋ
替另,1,ㄊㄧˋ ㄌㄧㄥˋ
替子,1,ㄊㄧˋ ㄗ˙
替換,1,ㄊㄧˋ ㄏㄨㄢ˙
替班,1,ㄊㄧˋ ㄅㄢ
替考,1,ㄊㄧˋ ㄎㄠˇ
替聘,1,ㄊㄧˋ ㄆㄧㄣˋ
替頭,1,ㄊㄧˋ ㄊㄡ˙
會事,1,ㄏㄨㄟˋ ㄕˋ
會元,1,ㄏㄨㄟˋ ㄩㄢˊ
會呈,1,ㄏㄨㄟˋ ㄔㄥˊ
會哨,1,ㄏㄨㄟˋ ㄕㄠˋ
會子,1,ㄏㄨㄟˇ ㄗ˙
會家,1,ㄏㄨㄟˋ ㄐㄧㄚ
會弁,1,ㄎㄨㄞˋ ㄅㄧㄢˋ
會弔,1,ㄏㄨㄟˋ ㄉㄧㄠˋ
會得,1,ㄏㄨㄟˋ ㄉㄜ˙
會悟,1,ㄏㄨㄟˋ ㄨˋ
會房,1,ㄏㄨㄟˋ ㄈㄤˊ
會撮,1,ㄎㄨㄞˋ ㄗㄨㄟˋ
會操,1,ㄏㄨㄟˋ ㄘㄠ
會文,1,ㄏㄨㄟˋ ㄨㄣˊ
會朝,1,ㄏㄨㄟˋ ㄓㄠ
會朝,1,ㄏㄨㄟˋ ㄔㄠˊ
會水,1,ㄏㄨㄟˋ ㄕㄨㄟˇ
會海,1,ㄏㄨㄟˋ ㄏㄞˇ
會獵,1,ㄏㄨㄟˋ ㄌㄧㄝˋ
會真,1,ㄏㄨㄟˋ ㄓㄣ
會稽,1,ㄍㄨㄟˋ ㄐㄧ
會聖,1,ㄏㄨㄟˋ ㄕㄥˋ
會葬,1,ㄏㄨㄟˋ ㄗㄤˋ
會親,1,ㄏㄨㄟˋ ㄑㄧㄣ
會訊,1,ㄏㄨㄟˋ ㄒㄩㄣˋ
會課,1,ㄏㄨㄟˋ ㄎㄜˋ
會銜,1,ㄏㄨㄟˋ ㄒㄧㄢˊ
會門,1,ㄏㄨㄟˋ ㄇㄣˊ
會須,1,ㄏㄨㄟˋ ㄒㄩ
會食,1,ㄏㄨㄟˋ ㄕˊ
會飯,1,ㄏㄨㄟˋ ㄈㄢˋ
會飲,1,ㄏㄨㄟˋ ㄧㄣˇ
會鼓,1,ㄏㄨㄟˋ ㄍㄨˇ
月令,1,ㄩㄝˋ ㄌㄧㄥˋ
月令,1,ㄩㄝˋ ㄌㄧㄥ˙
月信,1,ㄩㄝˋ ㄒㄧㄣˋ
月半,1,ㄩㄝˋ ㄅㄢˋ
月吉,1,ㄩㄝˋ ㄐㄧˊ
月團,1,ㄩㄝˋ ㄊㄨㄢˊ
月城,1,ㄩㄝˋ ㄔㄥˊ
月夕,1,ㄩㄝˋ ㄒㄧˋ
月姑,1,ㄩㄝˋ ㄍㄨ
月娥,1,ㄩㄝˋ ㄜˊ
月孛,1,ㄩㄝˋ ㄅㄛˊ
月季,1,ㄩㄝˋ ㄐㄧˋ
月建,1,ㄩㄝˋ ㄐㄧㄢˋ
月御,1,ㄩㄝˋ ㄩˋ
月忌,1,ㄩㄝˋ ㄐㄧˋ
月房,1,ㄩㄝˋ ㄈㄤˊ
月支,1,ㄩㄝˋ ㄓ
月旦,1,ㄩㄝˋ ㄉㄢˋ
月晦,1,ㄩㄝˋ ㄏㄨㄟˋ
月會,1,ㄩㄝˋ ㄏㄨㄟˋ
月朔,1,ㄩㄝˋ ㄕㄨㄛˋ
月望,1,ㄩㄝˋ ㄨㄤˋ
月杪,1,ㄩㄝˋ ㄇㄧㄠˇ
月桃,1,ㄩㄝˋ ㄊㄠˊ
月氏,1,ㄩㄝˋ ㄓ
月洞,1,ㄩㄝˋ ㄉㄨㄥˋ
月珥,1,ㄩㄝˋ ㄦˇ
月白,1,ㄩㄝˋ ㄅㄞˊ
月相,1,ㄩㄝˋ ㄒㄧㄤˋ
月石,1,ㄩㄝˋ ㄕˊ
月租,1,ㄩㄝˋ ㄗㄨ
月稱,1,ㄩㄝˋ ㄔㄥ
月精,1,ㄩㄝˋ ㄐㄧㄥ
月錢,1,ㄩㄝˋ ㄑㄧㄢ˙
月門,1,ㄩㄝˋ ㄇㄣˊ
月闌,1,ㄩㄝˋ ㄌㄢˊ
月陰,1,ㄩㄝˋ ㄧㄣ
月陽,1,ㄩㄝˋ ㄧㄤˊ
月面,1,ㄩㄝˋ ㄇㄧㄢˋ
月魄,1,ㄩㄝˋ ㄆㄛˋ
有來,1,ㄧㄡˇ ㄌㄞˊ
有偏,1,ㄧㄡˇ ㄆㄧㄢ
有北,1,ㄧㄡˇ ㄅㄟˇ
有周,1,ㄧㄡˇ ㄓㄡ
有命,1,ㄧㄡˇ ㄇㄧㄥˋ
有哏,1,ㄧㄡˇ ㄍㄣˊ
有因,1,ㄧㄡˇ ㄧㄣ
有夏,1,ㄧㄡˇ ㄒㄧㄚˋ
有奇,1,ㄧㄡˇ ㄐㄧ
有娀,1,ㄧㄡˇ ㄙㄨㄥ
有孝,1,ㄧㄡˇ ㄒㄧㄠˋ
有守,1,ㄧㄡˇ ㄕㄡˇ
有室,1,ㄧㄡˇ ㄕˋ
有帳,1,ㄧㄡˇ ㄓㄤˋ
有庳,1,ㄧㄡˇ ㄅㄧˋ
有後,1,ㄧㄡˇ ㄏㄡˋ
有徵,1,ㄧㄡˇ ㄓㄥ
有恙,1,ㄧㄡˇ ㄧㄤˋ
有恥,1,ㄧㄡˇ ㄔˇ
有擾,1,ㄧㄡˇ ㄖㄠˇ
有故,1,ㄧㄡˇ ㄍㄨˋ
有日,1,ㄧㄡˇ ㄖˋ
有會,1,ㄧㄡˇ ㄏㄨㄟˋ
有服,1,ㄧㄡˇ ㄈㄨˊ
有極,1,ㄧㄡˇ ㄐㄧˊ
有漏,1,ㄧㄡˇ ㄌㄡˋ
有狐,1,ㄧㄡˇ ㄏㄨˊ
有生,1,ㄧㄡˇ ㄕㄥ
有瞽,1,ㄧㄡˇ ㄍㄨˇ
有私,1,ㄧㄡˇ ㄙ
有秋,1,ㄧㄡˇ ㄑㄧㄡ
有窮,1,ㄧㄡˇ ㄑㄩㄥˊ
有竅,1,ㄧㄡˇ ㄑㄧㄠˋ
有章,1,ㄧㄡˇ ㄓㄤ
有等,1,ㄧㄡˇ ㄉㄥˇ
有終,1,ㄧㄡˇ ㄓㄨㄥ
有臉,1,ㄧㄡˇ ㄌㄧㄢˇ
有若,1,ㄧㄡˇ ㄖㄨㄛˋ
有采,1,ㄧㄡˇ ㄘㄞˇ
有量,1,ㄧㄡˇ ㄌㄧㄤˋ
有隙,1,ㄧㄡˇ ㄒㄧˋ
有駜,1,ㄧㄡˇ ㄅㄧˋ
有鼻,1,ㄧㄡˇ ㄅㄧˊ
朋交,1,ㄆㄥˊ ㄐㄧㄠ
朋僚,1,ㄆㄥˊ ㄌㄧㄠˊ
朋儔,1,ㄆㄥˊ ㄔㄡˊ
朋奸,1,ㄆㄥˊ ㄐㄧㄢ
朋從,1,ㄆㄥˊ ㄘㄨㄥˊ
朋比,1,ㄆㄥˊ ㄅㄧˋ
朋淫,1,ㄆㄥˊ ㄧㄣˊ
朋謀,1,ㄆㄥˊ ㄇㄡˊ
朋酒,1,ㄆㄥˊ ㄐㄧㄡˇ
朋頭,1,ㄆㄥˊ ㄊㄡˊ
服中,1,ㄈㄨˊ ㄓㄨㄥ
服侍,1,ㄈㄨˊ ㄕ˙
服具,1,ㄈㄨˊ ㄐㄩˋ
服制,1,ㄈㄨˊ ㄓˋ
服匿,1,ㄈㄨˊ ㄋㄧˋ
服善,1,ㄈㄨˊ ㄕㄢˋ
服妖,1,ㄈㄨˊ ㄧㄠ
服孝,1,ㄈㄨˊ ㄒㄧㄠˋ
服官,1,ㄈㄨˊ ㄍㄨㄢ
服御,1,ㄈㄨˊ ㄩˋ
服物,1,ㄈㄨˊ ㄨˋ
服田,1,ㄈㄨˊ ㄊㄧㄢˊ
服硬,1,ㄈㄨˊ ㄧㄥˋ
服秩,1,ㄈㄨˊ ㄓˋ
服章,1,ㄈㄨˊ ㄓㄤ
服義,1,ㄈㄨˊ ㄧˋ
服習,1,ㄈㄨˊ ㄒㄧˊ
服翼,1,ㄈㄨˊ ㄧˋ
服舍,1,ㄈㄨˊ ㄕㄜˋ
服賈,1,ㄈㄨˊ ㄍㄨˇ
服軟,1,ㄈㄨˊ ㄖㄨㄢˇ
服輿,1,ㄈㄨˊ ㄩˊ
服辯,1,ㄈㄨˊ ㄅㄧㄢˋ
服闋,1,ㄈㄨˊ ㄑㄩㄝˋ
服降,1,ㄈㄨˊ ㄒㄧㄤˊ
服除,1,ㄈㄨˊ ㄔㄨˊ
服餌,1,ㄈㄨˊ ㄦˇ
服馬,1,ㄈㄨˊ ㄇㄚˇ
服馭,1,ㄈㄨˊ ㄩˋ
朏明,1,ㄈㄟˇ ㄇㄧㄥˊ
朏朏,1,ㄈㄟˇ ㄈㄟˇ
朏朒,1,ㄈㄟˇ ㄋㄩˇ
朏朒,1,ㄈㄟˇ ㄋㄩˋ
朏魄,1,ㄈㄟˇ ㄆㄛˋ
朔吹,1,ㄕㄨㄛˋ ㄔㄨㄟˋ
朔政,1,ㄕㄨㄛˋ ㄓㄥˋ
朔漠,1,ㄕㄨㄛˋ ㄇㄛˋ
朔雪,1,ㄕㄨㄛˋ ㄒㄩㄝˇ
朔雲,1,ㄕㄨㄛˋ ㄩㄣˊ
朔黨,1,ㄕㄨㄛˋ ㄉㄤˇ
朕命,1,ㄓㄣˋ ㄇㄧㄥˋ
朕躬,1,ㄓㄣˋ ㄍㄨㄥ
朗悟,1,ㄌㄤˇ ㄨˋ
朗抱,1,ㄌㄤˇ ㄅㄠˋ
朗暢,1,ㄌㄤˇ ㄔㄤˋ
朗月,1,ㄌㄤˇ ㄩㄝˋ
朗照,1,ㄌㄤˇ ㄓㄠˋ
朗聲,1,ㄌㄤˇ ㄕㄥ
朗鑒,1,ㄌㄤˇ ㄐㄧㄢˋ
朘削,1,ㄐㄩㄢ ㄒㄩㄝˋ
望候,1,ㄨㄤˋ ㄏㄡˋ
望八,1,ㄨㄤˋ ㄅㄚ
望子,1,ㄨㄤˋ ㄗ˙
望山,1,ㄨㄤˋ ㄕㄢ
望帝,1,ㄨㄤˋ ㄉㄧˋ
望幸,1,ㄨㄤˋ ㄒㄧㄥˋ
望斷,1,ㄨㄤˋ ㄉㄨㄢˋ
望朔,1,ㄨㄤˋ ㄕㄨㄛˋ
望望,1,ㄨㄤˋ ㄨㄤ˙
望歲,1,ㄨㄤˋ ㄙㄨㄟˋ
望氣,1,ㄨㄤˋ ㄑㄧˋ
望祭,1,ㄨㄤˋ ㄐㄧˋ
望竿,1,ㄨㄤˋ ㄍㄢ
望舒,1,ㄨㄤˋ ㄕㄨ
望診,1,ㄨㄤˋ ㄓㄣˇ
望雲,1,ㄨㄤˋ ㄩㄣˊ
朝冶,1,ㄔㄠˊ ㄧㄝˇ
朝士,1,ㄔㄠˊ ㄕˋ
朝奉,1,ㄔㄠˊ ㄈㄥˋ
朝寄,1,ㄔㄠˊ ㄐㄧˋ
朝巾,1,ㄔㄠˊ ㄐㄧㄣ
朝市,1,ㄔㄠˊ ㄕˋ
朝帽,1,ㄔㄠˊ ㄇㄠˋ
朝憲,1,ㄔㄠˊ ㄒㄧㄢˋ
朝房,1,ㄔㄠˊ ㄈㄤˊ
朝暮,1,ㄓㄠ ㄇㄨˋ
朝暾,1,ㄓㄠ ㄊㄨㄣ
朝望,1,ㄔㄠˊ ㄨㄤˋ
朝柄,1,ㄔㄠˊ ㄅㄧㄥˇ
朝槿,1,ㄓㄠ ㄐㄧㄣˇ
朝歌,1,ㄓㄠ ㄍㄜ
朝正,1,ㄔㄠˊ ㄓㄥˋ
朝珠,1,ㄔㄠˊ ㄓㄨ
朝班,1,ㄔㄠˊ ㄅㄢ
朝考,1,ㄔㄠˊ ㄎㄠˇ
朝菌,1,ㄓㄠ ㄐㄩㄣˋ
朝衣,1,ㄔㄠˊ ㄧ
朝議,1,ㄔㄠˊ ㄧˋ
朝賀,1,ㄔㄠˊ ㄏㄜˋ
朝陽,1,ㄔㄠˊ ㄧㄤˊ
朝隱,1,ㄔㄠˊ ㄧㄣˇ
朝雲,1,ㄓㄠ ㄩㄣˊ
朝霧,1,ㄓㄠ ㄨˋ
朝頂,1,ㄔㄠˊ ㄉㄧㄥˇ
朝飯,1,ㄓㄠ ㄈㄢˋ
期功,1,ㄐㄧ ㄍㄨㄥ
期年,1,ㄐㄧ ㄋㄧㄢˊ
期成,1,ㄑㄧˊ ㄔㄥˊ
期會,1,ㄑㄧˊ ㄏㄨㄟˋ
期月,1,ㄐㄧ ㄩㄝˋ
期服,1,ㄐㄧ ㄈㄨˊ
期期,1,ㄑㄧˊ ㄑㄧˊ
期歲,1,ㄐㄧ ㄙㄨㄟˋ
期求,1,ㄑㄧˊ ㄑㄧㄡˊ
期程,1,ㄑㄧˊ ㄔㄥˊ
期艾,1,ㄑㄧˊ ㄞˋ
期運,1,ㄑㄧˊ ㄩㄣˋ
期門,1,ㄑㄧˊ ㄇㄣˊ
期頤,1,ㄑㄧˊ ㄧˊ
朣朦,1,ㄊㄨㄥˊ ㄇㄥˊ
朣朧,1,ㄊㄨㄥˊ ㄌㄨㄥˊ
朦狡,1,ㄇㄥˊ ㄐㄧㄠˇ
朧光,1,ㄌㄨㄥˊ ㄍㄨㄤ
朧明,1,ㄌㄨㄥˊ ㄇㄧㄥˊ
朧朧,1,ㄌㄨㄥˊ ㄌㄨㄥˊ
木伐,1,ㄇㄨˋ ㄈㄚ
木作,1,ㄇㄨˋ ㄗㄨㄛ
木公,1,ㄇㄨˋ ㄍㄨㄥ
木化,1,ㄇㄨˋ ㄏㄨㄚˋ
木匣,1,ㄇㄨˋ ㄒㄧㄚˊ
木圖,1,ㄇㄨˋ ㄊㄨˊ
木塞,1,ㄇㄨˋ ㄙㄞ
木大,1,ㄇㄨˋ ㄉㄚˋ
木天,1,ㄇㄨˋ ㄊㄧㄢ
木奴,1,ㄇㄨˋ ㄋㄨˊ
木婚,1,ㄇㄨˋ ㄏㄨㄣ
木媚,1,ㄇㄨˋ ㄇㄟˋ
木子,1,ㄇㄨˋ ㄗ˙
木客,1,ㄇㄨˋ ㄎㄜˋ
木強,1,ㄇㄨˋ ㄐㄧㄤˋ
木拱,1,ㄇㄨˋ ㄍㄨㄥˇ
木札,1,ㄇㄨˋ ㄓㄚˊ
木杆,1,ㄇㄨˋ ㄍㄢ
木桂,1,ㄇㄨˋ ㄍㄨㄟˋ
木桃,1,ㄇㄨˋ ㄊㄠˊ
木梆,1,ㄇㄨˋ ㄅㄤ
木楂,1,ㄇㄨˋ ㄔㄚˊ
木榻,1,ㄇㄨˋ ㄊㄚˋ
木模,1,ㄇㄨˋ ㄇㄛˊ
木母,1,ㄇㄨˋ ㄇㄨˇ
木浦,1,ㄇㄨˋ ㄆㄨˇ
木漿,1,ㄇㄨˋ ㄐㄧㄤ
木王,1,ㄇㄨˋ ㄨㄤˊ
木球,1,ㄇㄨˋ ㄑㄧㄡˊ
木畫,1,ㄇㄨˋ ㄏㄨㄚˋ
木磚,1,ㄇㄨˋ ㄓㄨㄢ
木禺,1,ㄇㄨˋ ㄡˇ
木筆,1,ㄇㄨˋ ㄅㄧˇ
木簪,1,ㄇㄨˋ ㄗㄢ
木索,1,ㄇㄨˋ ㄙㄨㄛˇ
木舌,1,ㄇㄨˋ ㄕㄜˊ
木落,1,ㄇㄨˋ ㄌㄨㄛˋ
木葉,1,ㄇㄨˋ ㄧㄝˋ
木蓮,1,ㄇㄨˋ ㄌㄧㄢˊ
木蠟,1,ㄇㄨˋ ㄌㄚˋ
木記,1,ㄇㄨˋ ㄐㄧˋ
木貓,1,ㄇㄨˋ ㄇㄠ
木通,1,ㄇㄨˋ ㄊㄨㄥ
木醇,1,ㄇㄨˋ ㄔㄨㄣˊ
木階,1,ㄇㄨˋ ㄐㄧㄝ
木雁,1,ㄇㄨˋ ㄧㄢˋ
木難,1,ㄇㄨˋ ㄋㄢˊ
木頭,1,ㄇㄨˋ ㄊㄡ˙
木食,1,ㄇㄨˋ ㄕˊ
木香,1,ㄇㄨˋ ㄒㄧㄤ
木驢,1,ㄇㄨˋ ㄌㄩˊ
木鳶,1,ㄇㄨˋ ㄩㄢ
未偶,1,ㄨㄟˋ ㄡˇ
未傅,1,ㄨㄟˋ ㄈㄨˋ
未冠,1,ㄨㄟˋ ㄍㄨㄢˋ
未及,1,ㄨㄟˋ ㄐㄧˊ
未察,1,ㄨㄟˋ ㄔㄚˊ
未就,1,ㄨㄟˋ ㄐㄧㄡˋ
未改,1,ㄨㄟˋ ㄍㄞˇ
未敢,1,ㄨㄟˋ ㄍㄢˇ
未時,1,ㄨㄟˋ ㄕˊ
未晚,1,ㄨㄟˋ ㄨㄢˇ
未盡,1,ㄨㄟˋ ㄐㄧㄣˋ
未省,1,ㄨㄟˋ ㄒㄧㄥˇ
未艾,1,ㄨㄟˋ ㄞˋ
未若,1,ㄨㄟˋ ㄖㄨㄛˋ
未萌,1,ㄨㄟˋ ㄇㄥˊ
未遑,1,ㄨㄟˋ ㄏㄨㄤˊ
未開,1,ㄨㄟˋ ㄎㄞ
末上,1,ㄇㄛˋ ㄕㄤˋ
末事,1,ㄇㄛˋ ㄕˋ
末伏,1,ㄇㄛˋ ㄈㄨˊ
末作,1,ㄇㄛˋ ㄗㄨㄛˋ
末俗,1,ㄇㄛˋ ㄙㄨˊ
末光,1,ㄇㄛˋ ㄍㄨㄤ
末命,1,ㄇㄛˋ ㄇㄧㄥˋ
末喜,1,ㄇㄛˋ ㄒㄧˇ
末堂,1,ㄇㄛˋ ㄊㄤˊ
末娘,1,ㄇㄛˋ ㄋㄧㄤˊ
末嬉,1,ㄇㄛˋ ㄒㄧ
末子,1,ㄇㄛˋ ㄗ˙
末官,1,ㄇㄛˋ ㄍㄨㄢ
末後,1,ㄇㄛˋ ㄏㄡˋ
末民,1,ㄇㄛˋ ㄇㄧㄣˊ
末法,1,ㄇㄛˋ ㄈㄚˇ
末浪,1,ㄇㄛˋ ㄌㄤˋ
末異,1,ㄇㄛˋ ㄧˋ
末疾,1,ㄇㄛˋ ㄐㄧˊ
末站,1,ㄇㄛˋ ㄓㄢˋ
末腳,1,ㄇㄛˋ ㄐㄩㄝˊ
末臣,1,ㄇㄛˋ ㄔㄣˊ
末藝,1,ㄇㄛˋ ㄧˋ
末行,1,ㄇㄛˋ ㄒㄧㄥˋ
末議,1,ㄇㄛˋ ㄧˋ
末躬,1,ㄇㄛˋ ㄍㄨㄥ
末造,1,ㄇㄛˋ ㄗㄠˋ
末過,1,ㄇㄛˋ ㄍㄨㄛˋ
末項,1,ㄇㄛˋ ㄒㄧㄤˋ
本事,1,ㄅㄣˇ ㄕ˙
本伍,1,ㄅㄣˇ ㄨˇ
本初,1,ㄅㄣˇ ㄔㄨ
本喪,1,ㄅㄣˇ ㄙㄤˋ
本嗓,1,ㄅㄣˇ ㄙㄤˇ
本境,1,ㄅㄣˇ ㄐㄧㄥˋ
本始,1,ㄅㄣˇ ㄕˇ
本婦,1,ㄅㄣˇ ㄈㄨˋ
本字,1,ㄅㄣˇ ㄗˋ
本寂,1,ㄅㄣˇ ㄐㄧˊ
本對,1,ㄅㄣˇ ㄉㄨㄟˋ
本律,1,ㄅㄣˇ ㄌㄩˋ
本志,1,ㄅㄣˇ ㄓˋ
本房,1,ㄅㄣˇ ㄈㄤˊ
本支,1,ㄅㄣˇ ㄓ
本朝,1,ㄅㄣˇ ㄔㄠˊ
本枝,1,ㄅㄣˇ ㄓ
本根,1,ㄅㄣˇ ㄍㄣ
本流,1,ㄅㄣˇ ㄌㄧㄡˊ
本等,1,ㄅㄣˇ ㄉㄥˇ
本自,1,ㄅㄣˇ ㄗˋ
本貫,1,ㄅㄣˇ ㄍㄨㄢˋ
本銷,1,ㄅㄣˇ ㄒㄧㄠ
本非,1,ㄅㄣˇ ㄈㄟ
本頭,1,ㄅㄣˇ ㄊㄡˊ
札付,1,ㄓㄚˊ ㄈㄨˋ
札子,1,ㄓㄚˊ ㄗ˙
札抹,1,ㄓㄚˊ ㄇㄛˇ
札札,1,ㄓㄚˊ ㄓㄚˊ
札的,1,ㄓㄚˊ ㄉㄜ˙
朱丹,1,ㄓㄨ ㄉㄢ
朱亥,1,ㄓㄨ ㄏㄞˋ
朱光,1,ㄓㄨ ㄍㄨㄤ
朱實,1,ㄓㄨ ㄕˊ
朱弁,1,ㄓㄨ ㄅㄧㄢˋ
朱批,1,ㄓㄨ ㄆㄧ
朱提,1,ㄓㄨ ㄕˊ
朱提,1,ㄕㄨˊ ㄕˊ
朱文,1,ㄓㄨ ㄨㄣˊ
朱槿,1,ㄓㄨ ㄐㄧㄣˇ
朱標,1,ㄓㄨ ㄅㄧㄠ
朱權,1,ㄓㄨ ㄑㄩㄢˊ
朱漆,1,ㄓㄨ ㄑㄧ
朱穆,1,ㄓㄨ ㄇㄨˋ
朱筆,1,ㄓㄨ ㄅㄧˇ
朱筠,1,ㄓㄨ ㄩㄣˊ
朱紫,1,ㄓㄨ ㄗˇ
朱絃,1,ㄓㄨ ㄒㄧㄢˊ
朱耷,1,ㄓㄨ ㄉㄚ
朱脣,1,ㄓㄨ ㄔㄨㄣˊ
朱華,1,ㄓㄨ ㄏㄨㄚˊ
朱蒙,1,ㄓㄨ ㄇㄥˊ
朱蕉,1,ㄓㄨ ㄐㄧㄠ
朱衣,1,ㄓㄨ ㄧ
朱記,1,ㄓㄨ ㄐㄧˋ
朱諾,1,ㄓㄨ ㄋㄨㄛˋ
朱軒,1,ㄓㄨ ㄒㄩㄢ
朱輪,1,ㄓㄨ ㄌㄨㄣˊ
朱邸,1,ㄓㄨ ㄉㄧˇ
朱閣,1,ㄓㄨ ㄍㄜˊ
朱陳,1,ㄓㄨ ㄔㄣˊ
朱雀,1,ㄓㄨ ㄑㄩㄝˋ
朱頂,1,ㄓㄨ ㄉㄧㄥˇ
朱鳥,1,ㄓㄨ ㄋㄧㄠˇ
朱鷺,1,ㄓㄨ ㄌㄨˋ
朱黃,1,ㄓㄨ ㄏㄨㄤˊ
朴刀,1,ㄆㄨˊ ㄉㄠ
朴忠,1,ㄆㄨˊ ㄓㄨㄥ
朴父,1,ㄆㄨˊ ㄈㄨˋ
朴直,1,ㄆㄨˊ ㄓˊ
朴茂,1,ㄆㄨˊ ㄇㄠˋ
朴野,1,ㄆㄨˊ ㄧㄝˇ
朴陋,1,ㄆㄨˊ ㄌㄡˋ
朵殿,1,ㄉㄨㄛˇ ㄉㄧㄢˋ
朵雲,1,ㄉㄨㄛˇ ㄩㄣˊ
朹子,1,ㄑㄧㄡˊ ㄗ˙
朽壤,1,ㄒㄧㄡˇ ㄖㄤˇ
朽爛,1,ㄒㄧㄡˇ ㄌㄢˋ
朽蠹,1,ㄒㄧㄡˇ ㄉㄨˋ
杆影,1,ㄍㄢ ㄧㄥˇ
杇者,1,ㄨ ㄓㄜˇ
杈子,1,ㄔㄚ ㄗˇ
杈子,1,ㄔㄚˋ ㄗ˙
杈枒,1,ㄔㄚ ㄧㄚˊ
杉嶺,1,ㄕㄢ ㄌㄧㄥˇ
杉關,1,ㄕㄢ ㄍㄨㄢ
杌凳,1,ㄨˋ ㄉㄥˋ
杌子,1,ㄨˋ ㄗ˙
李下,1,ㄌㄧˇ ㄒㄧㄚˋ
李冰,1,ㄌㄧˇ ㄅㄧㄥ
李唐,1,ㄌㄧˇ ㄊㄤˊ
李善,1,ㄌㄧˇ ㄕㄢˋ
李廣,1,ㄌㄧˇ ㄍㄨㄤˇ
李成,1,ㄌㄧˇ ㄔㄥˊ
李昉,1,ㄌㄧˇ ㄈㄤˇ
李杜,1,ㄌㄧˇ ㄉㄨˋ
李濟,1,ㄌㄧˇ ㄐㄧˋ
李牧,1,ㄌㄧˇ ㄇㄨˋ
李璟,1,ㄌㄧˇ ㄐㄧㄥˇ
李登,1,ㄌㄧˇ ㄉㄥ
李益,1,ㄌㄧˇ ㄧˋ
李紈,1,ㄌㄧˇ ㄨㄢˊ
李膺,1,ㄌㄧˇ ㄧㄥ
李舟,1,ㄌㄧˇ ㄓㄡ
李賀,1,ㄌㄧˇ ㄏㄜˋ
李邕,1,ㄌㄧˇ ㄩㄥ
李陵,1,ㄌㄧˇ ㄌㄧㄥˊ
李靖,1,ㄌㄧˇ ㄐㄧㄥˋ
杏實,1,ㄒㄧㄥˋ ㄕˊ
杏月,1,ㄒㄧㄥˋ ㄩㄝˋ
杏梅,1,ㄒㄧㄥˋ ㄇㄟˊ
杏紅,1,ㄒㄧㄥˋ ㄏㄨㄥˊ
杏脯,1,ㄒㄧㄥˋ ㄈㄨˇ
杏臉,1,ㄒㄧㄥˋ ㄌㄧㄢˇ
杏靨,1,ㄒㄧㄥˋ ㄧㄝˋ
材人,1,ㄘㄞˊ ㄖㄣˊ
材伎,1,ㄘㄞˊ ㄐㄧˋ
材兒,1,ㄘㄞˊ ㄦˊ
材器,1,ㄘㄞˊ ㄑㄧˋ
材官,1,ㄘㄞˊ ㄍㄨㄢ
材幹,1,ㄘㄞˊ ㄍㄢˋ
材木,1,ㄘㄞˊ ㄇㄨˋ
材武,1,ㄘㄞˊ ㄨˇ
材藝,1,ㄘㄞˊ ㄧˋ
村俗,1,ㄘㄨㄣ ㄙㄨˊ
村務,1,ㄘㄨㄣ ㄨˋ
村塢,1,ㄘㄨㄣ ㄨˋ
村學,1,ㄘㄨㄣ ㄒㄩㄝˊ
村廝,1,ㄘㄨㄣ ㄙ
村強,1,ㄘㄨㄣ ㄐㄧㄤˋ
村書,1,ㄘㄨㄣ ㄕㄨ
村校,1,ㄘㄨㄣ ㄒㄧㄠˋ
村歌,1,ㄘㄨㄣ ㄍㄜ
村氣,1,ㄘㄨㄣ ㄑㄧˋ
村沙,1,ㄘㄨㄣ ㄕㄚ
村潑,1,ㄘㄨㄣ ㄆㄛ
村牛,1,ㄘㄨㄣ ㄋㄧㄡˊ
村疃,1,ㄘㄨㄣ ㄊㄨㄢˇ
村紂,1,ㄘㄨㄣ ㄓㄡˋ
村虔,1,ㄘㄨㄣ ㄑㄧㄢˊ
村郎,1,ㄘㄨㄣ ㄌㄤˊ
村野,1,ㄘㄨㄣ ㄧㄝˇ
村錢,1,ㄘㄨㄣ ㄑㄧㄢˊ
村閒,1,ㄘㄨㄣ ㄒㄧㄢˊ
杓倈,1,ㄕㄠˊ ㄌㄞˊ
杕杜,1,ㄉㄧˋ ㄉㄨˋ
杖履,1,ㄓㄤˋ ㄌㄩˇ
杖屨,1,ㄓㄤˋ ㄐㄩˋ
杖戟,1,ㄓㄤˋ ㄐㄧˇ
杖斷,1,ㄓㄤˋ ㄉㄨㄢˋ
杖期,1,ㄓㄤˋ ㄐㄧ
杖策,1,ㄓㄤˋ ㄘㄜˋ
杖錢,1,ㄓㄤˋ ㄑㄧㄢˊ
杖限,1,ㄓㄤˋ ㄒㄧㄢˋ
杖頭,1,ㄓㄤˋ ㄊㄡˊ
杜佑,1,ㄉㄨˋ ㄧㄡˋ
杜宇,1,ㄉㄨˋ ㄩˇ
杜牧,1,ㄉㄨˋ ㄇㄨˋ
杜蘅,1,ㄉㄨˋ ㄏㄥˊ
杜諫,1,ㄉㄨˋ ㄐㄧㄢˋ
杜陵,1,ㄉㄨˋ ㄌㄧㄥˊ
杞天,1,ㄑㄧˇ ㄊㄧㄢ
杞憂,1,ㄑㄧˇ ㄧㄡ
杞柳,1,ㄑㄧˇ ㄌㄧㄡˇ
杞梁,1,ㄑㄧˇ ㄌㄧㄤˊ
杞梓,1,ㄑㄧˇ ㄗˇ
束修,1,ㄕㄨˋ ㄒㄧㄡ
束帛,1,ㄕㄨˋ ㄅㄛˊ
束甲,1,ㄕㄨˋ ㄐㄧㄚˇ
束素,1,ㄕㄨˋ ㄙㄨˋ
束線,1,ㄕㄨˋ ㄒㄧㄢˋ
束芻,1,ㄕㄨˋ ㄔㄨˊ
束薪,1,ㄕㄨˋ ㄒㄧㄣ
束身,1,ㄕㄨˋ ㄕㄣ
束錦,1,ㄕㄨˋ ㄐㄧㄣˇ
束阨,1,ㄕㄨˋ ㄜˋ
杠人,1,ㄍㄤˋ ㄖㄣˊ
杠梁,1,ㄍㄤ ㄌㄧㄤˊ
杠轂,1,ㄍㄤ ㄍㄨˇ
杪小,1,ㄇㄧㄠˇ ㄒㄧㄠˇ
杪忽,1,ㄇㄧㄠˇ ㄏㄨ
杪秋,1,ㄇㄧㄠˇ ㄑㄧㄡ
杭剪,1,ㄏㄤˊ ㄐㄧㄢˇ
杭子,1,ㄏㄤˊ ㄗ˙
杭菊,1,ㄏㄤˊ ㄐㄩˊ
杯圈,1,ㄅㄟ ㄑㄩㄢ
杯墊,1,ㄅㄟ ㄉㄧㄢˋ
杯杓,1,ㄅㄟ ㄕㄠˊ
杯棬,1,ㄅㄟ ㄑㄩㄢ
杯渡,1,ㄅㄟ ㄉㄨˋ
杯湯,1,ㄅㄟ ㄊㄤ
杯珓,1,ㄅㄟ ㄐㄧㄠˋ
杯筊,1,ㄅㄟ ㄐㄧㄠˇ
杯箸,1,ㄅㄟ ㄓㄨˋ
杯臺,1,ㄅㄟ ㄊㄞˊ
杯茗,1,ㄅㄟ ㄇㄧㄥˇ
杯行,1,ㄅㄟ ㄒㄧㄥˊ
杯酌,1,ㄅㄟ ㄓㄨㄛˊ
杯鍋,1,ㄅㄟ ㄍㄨㄛ
杯麵,1,ㄅㄟ ㄇㄧㄢˋ
東丁,1,ㄉㄨㄥ ㄉㄧㄥ
東下,1,ㄉㄨㄥ ㄒㄧㄚˋ
東主,1,ㄉㄨㄥ ㄓㄨˇ
東人,1,ㄉㄨㄥ ㄖㄣˊ
東作,1,ㄉㄨㄥ ㄗㄨㄛˋ
東司,1,ㄉㄨㄥ ㄙ
東君,1,ㄉㄨㄥ ㄐㄩㄣ
東壁,1,ㄉㄨㄥ ㄅㄧˋ
東夥,1,ㄉㄨㄥ ㄏㄨㄛˇ
東家,1,ㄉㄨㄥ ㄐㄧㄚ˙
東干,1,ㄉㄨㄥ ㄍㄢ
東床,1,ㄉㄨㄥ ㄔㄨㄤˊ
東廁,1,ㄉㄨㄥ ㄘㄜˋ
東廂,1,ㄉㄨㄥ ㄒㄧㄤ
東望,1,ㄉㄨㄥ ㄨㄤˋ
東朝,1,ㄉㄨㄥ ㄔㄠˊ
東歸,1,ㄉㄨㄥ ㄍㄨㄟ
東淨,1,ㄉㄨㄥ ㄐㄧㄥˋ
東漸,1,ㄉㄨㄥ ㄐㄧㄢ
東皇,1,ㄉㄨㄥ ㄏㄨㄤˊ
東皋,1,ㄉㄨㄥ ㄍㄠ
東籬,1,ㄉㄨㄥ ㄌㄧˊ
東觀,1,ㄉㄨㄥ ㄍㄨㄢˋ
東越,1,ㄉㄨㄥ ㄩㄝˋ
東郭,1,ㄉㄨㄥ ㄍㄨㄛ
東閣,1,ㄉㄨㄥ ㄍㄜˊ
東隅,1,ㄉㄨㄥ ㄩˊ
東階,1,ㄉㄨㄥ ㄐㄧㄝ
東顧,1,ㄉㄨㄥ ㄍㄨˋ
東首,1,ㄉㄨㄥ ㄕㄡˇ
杲杲,1,ㄍㄠˇ ㄍㄠˇ
杳冥,1,ㄧㄠˇ ㄇㄧㄥˊ
杳杳,1,ㄧㄠˇ ㄧㄠˇ
杳漫,1,ㄧㄠˇ ㄇㄢˋ
杳眇,1,ㄧㄠˇ ㄇㄧㄠˇ
杷推,1,ㄆㄚˊ ㄊㄨㄟ
杷沙,1,ㄆㄚˊ ㄕㄚ
杼軸,1,ㄓㄨˋ ㄓㄡˊ
松丘,1,ㄙㄨㄥ ㄑㄧㄡ
松喬,1,ㄙㄨㄥ ㄑㄧㄠˊ
松子,1,ㄙㄨㄥ ㄗˇ
松嶺,1,ㄙㄨㄥ ㄌㄧㄥˇ
松明,1,ㄙㄨㄥ ㄇㄧㄥˊ
松毛,1,ㄙㄨㄥ ㄇㄠˊ
松漠,1,ㄙㄨㄥ ㄇㄛˋ
松煤,1,ㄙㄨㄥ ㄇㄟˊ
松球,1,ㄙㄨㄥ ㄑㄧㄡˊ
松瓤,1,ㄙㄨㄥ ㄖㄤˊ
松紋,1,ㄙㄨㄥ ㄨㄣˊ
松蕈,1,ㄙㄨㄥ ㄒㄩㄣˋ
松蕊,1,ㄙㄨㄥ ㄖㄨㄟˇ
松蘿,1,ㄙㄨㄥ ㄌㄨㄛˊ
松風,1,ㄙㄨㄥ ㄈㄥ
松鶴,1,ㄙㄨㄥ ㄏㄜˋ
板主,1,ㄅㄢˇ ㄓㄨˇ
板僵,1,ㄅㄢˇ ㄐㄧㄤ
板刀,1,ㄅㄢˇ ㄉㄠ
板刷,1,ㄅㄢˇ ㄕㄨㄚ
板呎,1,ㄅㄢˇ ㄔˇ
板塊,1,ㄅㄢˇ ㄎㄨㄞˋ
板屋,1,ㄅㄢˇ ㄨ
板岩,1,ㄅㄢˇ ㄧㄢˊ
板巾,1,ㄅㄢˇ ㄐㄧㄣ
板強,1,ㄅㄢˇ ㄑㄧㄤˊ
板手,1,ㄅㄢˇ ㄕㄡˇ
板搭,1,ㄅㄢˇ ㄉㄚ
板板,1,ㄅㄢˇ ㄅㄢˇ
板根,1,ㄅㄢˇ ㄍㄣ
板死,1,ㄅㄢˇ ㄙˇ
板沓,1,ㄅㄢˇ ㄊㄚˋ
板油,1,ㄅㄢˇ ㄧㄡˊ
板煙,1,ㄅㄢˇ ㄧㄢ
板瓦,1,ㄅㄢˇ ㄨㄚˇ
板眼,1,ㄅㄢˇ ㄧㄢˇ
板築,1,ㄅㄢˇ ㄓㄨˊ
板腐,1,ㄅㄢˇ ㄈㄨˇ
板踏,1,ㄅㄢˇ ㄊㄚˋ
板輿,1,ㄅㄢˇ ㄩˊ
板銼,1,ㄅㄢˇ ㄘㄨㄛˋ
板錄,1,ㄅㄢˇ ㄌㄨˋ
板闥,1,ㄅㄢˇ ㄊㄚˋ
板障,1,ㄅㄢˇ ㄓㄤˋ
板魚,1,ㄅㄢˇ ㄩˊ
板鼓,1,ㄅㄢˇ ㄍㄨˇ
构肆,1,ㄍㄡ ㄙˋ
枇杷,1,ㄆㄧˊ ㄆㄚ˙
枉屈,1,ㄨㄤˇ ㄑㄩ
枉斷,1,ㄨㄤˇ ㄉㄨㄢˋ
枉橈,1,ㄨㄤˇ ㄋㄠˊ
枉道,1,ㄨㄤˇ ㄉㄠˋ
枉駕,1,ㄨㄤˇ ㄐㄧㄚˋ
枋子,1,ㄈㄤ ㄗ˙
枋頭,1,ㄈㄤ ㄊㄡˊ
枌榆,1,ㄈㄣˊ ㄩˊ
析居,1,ㄒㄧ ㄐㄩ
析析,1,ㄒㄧ ㄒㄧ
析理,1,ㄒㄧ ㄌㄧˇ
析薪,1,ㄒㄧ ㄒㄧㄣ
析解,1,ㄒㄧ ㄐㄧㄝˇ
析酲,1,ㄒㄧ ㄔㄥˊ
析骨,1,ㄒㄧ ㄍㄨˇ
枓栱,1,ㄉㄡˇ ㄍㄨㄥˇ
枕塊,1,ㄓㄣˋ ㄎㄨㄞˋ
枕心,1,ㄓㄣˇ ㄒㄧㄣ
枕榻,1,ㄓㄣˇ ㄊㄚˋ
枕腕,1,ㄓㄣˋ ㄨㄢˋ
枕頭,1,ㄓㄣˇ ㄊㄡ˙
枕髁,1,ㄓㄣˇ ㄎㄜ
林型,1,ㄌㄧㄣˊ ㄒㄧㄥˊ
林投,1,ㄌㄧㄣˊ ㄊㄡˊ
林浪,1,ㄌㄧㄣˊ ㄌㄤˋ
林濤,1,ㄌㄧㄣˊ ㄊㄠ
林琅,1,ㄌㄧㄣˊ ㄌㄤˊ
林白,1,ㄌㄧㄣˊ ㄅㄞˊ
林籟,1,ㄌㄧㄣˊ ㄌㄞˋ
林紓,1,ㄌㄧㄣˊ ㄕㄨ
林苑,1,ㄌㄧㄣˊ ㄩㄢˋ
林薄,1,ㄌㄧㄣˊ ㄅㄛˊ
林藪,1,ㄌㄧㄣˊ ㄙㄡˇ
林衣,1,ㄌㄧㄣˊ ㄧ
林逋,1,ㄌㄧㄣˊ ㄅㄨ
林郎,1,ㄌㄧㄣˊ ㄌㄤˊ
林離,1,ㄌㄧㄣˊ ㄌㄧˊ
林麓,1,ㄌㄧㄣˊ ㄌㄨˋ
枘鑿,1,ㄖㄨㄟˋ ㄗㄨㄛˋ
枚乘,1,ㄇㄟˊ ㄔㄥˊ
枚卜,1,ㄇㄟˊ ㄅㄨˇ
枚枚,1,ㄇㄟˊ ㄇㄟˊ
枚皋,1,ㄇㄟˊ ㄍㄠ
果乾,1,ㄍㄨㄛˇ ㄍㄢ
果勁,1,ㄍㄨㄛˇ ㄐㄧㄥˋ
果桌,1,ㄍㄨㄛˇ ㄓㄨㄛ
果洛,1,ㄍㄨㄛˇ ㄌㄨㄛˋ
果海,1,ㄍㄨㄛˇ ㄏㄞˇ
果爾,1,ㄍㄨㄛˇ ㄦˇ
果王,1,ㄍㄨㄛˇ ㄨㄤˊ
果粉,1,ㄍㄨㄛˇ ㄈㄣˇ
果臝,1,ㄍㄨㄛˇ ㄌㄨㄛˇ
果若,1,ㄍㄨㄛˇ ㄖㄨㄛˋ
果蓏,1,ㄍㄨㄛˇ ㄌㄨㄛˇ
果足,1,ㄍㄨㄛˇ ㄗㄨˊ
果醋,1,ㄍㄨㄛˇ ㄘㄨˋ
果食,1,ㄍㄨㄛˇ ㄕˊ
果餌,1,ㄍㄨㄛˇ ㄦˇ
果饌,1,ㄍㄨㄛˇ ㄓㄨㄢˋ
果點,1,ㄍㄨㄛˇ ㄉㄧㄢˇ
枝官,1,ㄓ ㄍㄨㄢ
枝指,1,ㄑㄧˊ ㄓˇ
枝接,1,ㄓ ㄐㄧㄝ
枝杈,1,ㄓ ㄔㄚ
枝柯,1,ㄓ ㄎㄜ
枝梢,1,ㄓ ㄕㄠ
枝梧,1,ㄓ ㄨˊ
枝棲,1,ㄓ ㄑㄧ
枝蔓,1,ㄓ ㄇㄢˋ
枝解,1,ㄓ ㄐㄧㄝˇ
枝辭,1,ㄓ ㄘˊ
枝針,1,ㄓ ㄓㄣ
枯旱,1,ㄎㄨ ㄏㄢˋ
枯樁,1,ㄎㄨ ㄓㄨㄤ
枯澀,1,ㄎㄨ ㄙㄜˋ
枯瘠,1,ㄎㄨ ㄐㄧˊ
枯礬,1,ㄎㄨ ㄈㄢˊ
枯禪,1,ㄎㄨ ㄔㄢˊ
枯窘,1,ㄎㄨ ㄐㄩㄥˇ
枯索,1,ㄎㄨ ㄙㄨㄛˇ
枯萎,1,ㄎㄨ ㄨㄟ
枯魚,1,ㄎㄨ ㄩˊ
枲麻,1,ㄒㄧˇ ㄇㄚˊ
枳實,1,ㄓˇ ㄕˊ
枳棘,1,ㄓˇ ㄐㄧˊ
枳椇,1,ㄐㄧˇ ㄐㄩˇ
枳殼,1,ㄓˇ ㄎㄜˊ
枳首,1,ㄐㄧˇ ㄕㄡˇ
枵然,1,ㄒㄧㄠ ㄖㄢˊ
架弄,1,ㄐㄧㄚˋ ㄋㄨㄥ˙
架式,1,ㄐㄧㄚˋ ㄕ˙
架田,1,ㄐㄧㄚˋ ㄊㄧㄢˊ
架落,1,ㄐㄧㄚˋ ㄌㄨㄛˋ
架閣,1,ㄐㄧㄚˋ ㄍㄜˊ
枷板,1,ㄐㄧㄚ ㄅㄢˇ
枷梢,1,ㄐㄧㄚ ㄕㄠ
枷號,1,ㄐㄧㄚ ㄏㄠˋ
枸櫞,1,ㄐㄩˇ ㄩㄢˊ
枸醬,1,ㄐㄩˇ ㄐㄧㄤˋ
枸骨,1,ㄍㄡˇ ㄍㄨˇ
枹木,1,ㄅㄠ ㄇㄨˋ
枹鼓,1,ㄈㄨˊ ㄍㄨˇ
柄任,1,ㄅㄧㄥˇ ㄖㄣˋ
柄子,1,ㄅㄧㄥˇ ㄗ˙
柄用,1,ㄅㄧㄥˇ ㄩㄥˋ
柄臣,1,ㄅㄧㄥˇ ㄔㄣˊ
柅杜,1,ㄋㄧˇ ㄉㄨˋ
柏克,1,ㄅㄛˊ ㄎㄜˋ
柏子,1,ㄅㄛˊ ㄗ˙
柏府,1,ㄅㄛˊ ㄈㄨˇ
柏濩,1,ㄅㄛˊ ㄏㄨㄛˋ
柏翳,1,ㄅㄛˊ ㄧˋ
柏臺,1,ㄅㄛˊ ㄊㄞˊ
柏舟,1,ㄅㄛˊ ㄓㄡ
柏酒,1,ㄅㄛˊ ㄐㄧㄡˇ
柏金,1,ㄅㄛˊ ㄐㄧㄣ
柏頓,1,ㄅㄛˊ ㄉㄨㄣˋ
柏高,1,ㄅㄛˊ ㄍㄠ
某乙,1,ㄇㄡˇ ㄧˇ
某個,1,ㄇㄡˇ ㄍㄜˋ
某等,1,ㄇㄡˇ ㄉㄥˇ
某舍,1,ㄇㄡˇ ㄕㄜˋ
柑果,1,ㄍㄢ ㄍㄨㄛˇ
染人,1,ㄖㄢˇ ㄖㄣˊ
染化,1,ㄖㄢˇ ㄏㄨㄚˋ
染干,1,ㄖㄢˇ ㄍㄢ
染渲,1,ㄖㄢˇ ㄒㄩㄢˋ
染畫,1,ㄖㄢˇ ㄏㄨㄚˋ
染習,1,ㄖㄢˇ ㄒㄧˊ
染翰,1,ㄖㄢˇ ㄏㄢˋ
染革,1,ㄖㄢˇ ㄍㄜˊ
柔克,1,ㄖㄡˊ ㄎㄜˋ
柔嘉,1,ㄖㄡˊ ㄐㄧㄚ
柔懦,1,ㄖㄡˊ ㄋㄨㄛˋ
柔握,1,ㄖㄡˊ ㄨㄛˋ
柔日,1,ㄖㄡˊ ㄖˋ
柔柯,1,ㄖㄡˊ ㄎㄜ
柔條,1,ㄖㄡˊ ㄊㄧㄠˊ
柔毫,1,ㄖㄡˊ ㄏㄠˊ
柔然,1,ㄖㄡˊ ㄖㄢˊ
柔翰,1,ㄖㄡˊ ㄏㄢˋ
柔舌,1,ㄖㄡˊ ㄕㄜˊ
柔荑,1,ㄖㄡˊ ㄊㄧˊ
柔遠,1,ㄖㄡˊ ㄩㄢˇ
柘枝,1,ㄓㄜˋ ㄓ
柘漿,1,ㄓㄜˋ ㄐㄧㄤ
柘絲,1,ㄓㄜˋ ㄙ
柘黃,1,ㄓㄜˋ ㄏㄨㄤˊ
柞蠶,1,ㄗㄨㄛˋ ㄘㄢˊ
查學,1,ㄔㄚˊ ㄒㄩㄝˊ
查實,1,ㄔㄚˊ ㄕˊ
查拳,1,ㄔㄚˊ ㄑㄩㄢˊ
查捕,1,ㄔㄚˊ ㄅㄨˇ
查果,1,ㄓㄚ ㄍㄨㄛˇ
查某,1,ㄔㄚˊ ㄇㄡˇ
查梨,1,ㄓㄚ ㄌㄧˊ
查沙,1,ㄓㄚ ㄕㄚ
查甫,1,ㄔㄚˊ ㄈㄨˇ
查盤,1,ㄔㄚˊ ㄆㄢˊ
查處,1,ㄔㄚˊ ㄔㄨˇ
查裹,1,ㄓㄚ ㄍㄨㄛˇ
查詰,1,ㄔㄚˊ ㄐㄧㄝˊ
查邊,1,ㄔㄚˊ ㄅㄧㄢ
查體,1,ㄔㄚˊ ㄊㄧˇ
柧棱,1,ㄍㄨ ㄌㄥˊ
柯人,1,ㄎㄜ ㄖㄣˊ
柯盟,1,ㄎㄜ ㄇㄥˊ
柯駕,1,ㄎㄜ ㄐㄧㄚˋ
柰何,1,ㄋㄞˋ ㄏㄜˊ
柰苑,1,ㄋㄞˋ ㄩㄢˋ
柱國,1,ㄓㄨˋ ㄍㄨㄛˊ
柱杖,1,ㄓㄨˋ ㄓㄤˋ
柱科,1,ㄓㄨˋ ㄎㄜ
柱臣,1,ㄓㄨˋ ㄔㄣˊ
柳字,1,ㄌㄧㄡˇ ㄗˋ
柳安,1,ㄌㄧㄡˇ ㄢ
柳宿,1,ㄌㄧㄡˇ ㄒㄧㄡˋ
柳眼,1,ㄌㄧㄡˇ ㄧㄢˇ
柳線,1,ㄌㄧㄡˇ ㄒㄧㄢˋ
柳腔,1,ㄌㄧㄡˇ ㄑㄧㄤ
柳衙,1,ㄌㄧㄡˇ ㄧㄚˊ
柳開,1,ㄌㄧㄡˇ ㄎㄞ
柳青,1,ㄌㄧㄡˇ ㄑㄧㄥ
柳骨,1,ㄌㄧㄡˇ ㄍㄨˇ
柳體,1,ㄌㄧㄡˇ ㄊㄧˇ
柳鶯,1,ㄌㄧㄡˇ ㄧㄥ
柴寮,1,ㄔㄞˊ ㄌㄧㄠˊ
柴市,1,ㄔㄞˊ ㄕˋ
柴房,1,ㄔㄞˊ ㄈㄤˊ
柴望,1,ㄔㄞˊ ㄨㄤˋ
柴木,1,ㄔㄞˊ ㄇㄨˋ
柴桑,1,ㄔㄞˊ ㄙㄤ
柴棘,1,ㄔㄞˊ ㄐㄧˊ
柴榮,1,ㄔㄞˊ ㄖㄨㄥˊ
柴毀,1,ㄔㄞˊ ㄏㄨㄟˇ
柴水,1,ㄔㄞˊ ㄕㄨㄟˇ
柴火,1,ㄔㄞˊ ㄏㄨㄛ˙
柴瘠,1,ㄔㄞˊ ㄐㄧˊ
柴窯,1,ㄔㄞˊ ㄧㄠˊ
柴胡,1,ㄔㄞˊ ㄏㄨˊ
柴荊,1,ㄔㄞˊ ㄐㄧㄥ
柴車,1,ㄔㄞˊ ㄔㄜ
柴雞,1,ㄔㄞˊ ㄐㄧ
柴頭,1,ㄔㄞˊ ㄊㄡ˙
柵子,1,ㄓㄚˋ ㄗ˙
柷敔,1,ㄓㄨˋ ㄩˇ
柿漆,1,ㄕˋ ㄑㄧ
栒虡,1,ㄒㄩㄣˊ ㄐㄩˋ
栓塞,1,ㄕㄨㄢ ㄙㄜˋ
栓皮,1,ㄕㄨㄢ ㄆㄧˊ
栖息,1,ㄒㄧ ㄒㄧˊ
栖栖,1,ㄒㄧ ㄒㄧ
栖身,1,ㄒㄧ ㄕㄣ
栗喇,1,ㄌㄧˋ ㄌㄚ˙
栗尾,1,ㄌㄧˋ ㄨㄟˇ
栗慄,1,ㄌㄧˋ ㄌㄧˋ
栗暴,1,ㄌㄧˋ ㄅㄠˋ
栗栗,1,ㄌㄧˋ ㄌㄧˋ
栗烈,1,ㄌㄧˋ ㄌㄧㄝˋ
栗爆,1,ㄌㄧˋ ㄅㄠˋ
栗碌,1,ㄌㄧˋ ㄌㄨˋ
栗苞,1,ㄌㄧˋ ㄅㄠ˙
栗薪,1,ㄌㄧˋ ㄒㄧㄣ
栗鑿,1,ㄌㄧˋ ㄗㄨㄛˋ
栙䉶,1,ㄒㄧㄤˊ ㄕㄨㄤ
栝樓,1,ㄍㄨㄚ ㄌㄡˊ
栟柑,1,ㄅㄧㄥ ㄍㄢ
栟櫚,1,ㄅㄧㄥ ㄌㄩˊ
校人,1,ㄐㄧㄠˋ ㄖㄣˊ
校尉,1,ㄐㄧㄠˋ ㄨㄟˋ
校書,1,ㄐㄧㄠˋ ㄕㄨ
校獵,1,ㄐㄧㄠˋ ㄌㄧㄝˋ
校理,1,ㄐㄧㄠˋ ㄌㄧˇ
校綴,1,ㄐㄧㄠˋ ㄓㄨㄟˋ
校計,1,ㄐㄧㄠˋ ㄐㄧˋ
校訪,1,ㄒㄧㄠˋ ㄈㄤˇ
校運,1,ㄒㄧㄠˋ ㄩㄣˋ
校點,1,ㄐㄧㄠˋ ㄉㄧㄢˇ
栩然,1,ㄒㄩˇ ㄖㄢˊ
株塊,1,ㄓㄨ ㄎㄨㄞˋ
株戮,1,ㄓㄨ ㄌㄨˋ
株林,1,ㄓㄨ ㄌㄧㄣˊ
栲膠,1,ㄎㄠˇ ㄐㄧㄠ
栳栳,1,ㄌㄠˇ ㄌㄠˇ
栳樟,1,ㄌㄠˇ ㄓㄤ
栴檀,1,ㄓㄢ ㄊㄢˊ
核傘,1,ㄏㄜˊ ㄙㄢˇ
核四,1,ㄏㄜˊ ㄙˋ
核型,1,ㄏㄜˊ ㄒㄧㄥˊ
核塵,1,ㄏㄜˊ ㄔㄣˊ
核批,1,ㄏㄜˊ ㄆㄧ
核桃,1,ㄏㄜˊ ㄊㄠ˙
核派,1,ㄏㄜˊ ㄆㄞˋ
核苷,1,ㄏㄜˊ ㄍㄢ
核閱,1,ㄏㄜˊ ㄩㄝˋ
根刷,1,ㄍㄣ ㄕㄨㄚ
根勘,1,ㄍㄣ ㄎㄢ
根原,1,ㄍㄣ ㄩㄢˊ
根問,1,ㄍㄣ ㄨㄣˋ
根嗣,1,ㄍㄣ ㄙˋ
根器,1,ㄍㄣ ㄑㄧˋ
根壓,1,ㄍㄣ ㄧㄚ
根尋,1,ㄍㄣ ㄒㄩㄣˊ
根情,1,ㄍㄣ ㄑㄧㄥˊ
根插,1,ㄍㄣ ㄔㄚ
根數,1,ㄍㄣ ㄕㄨˋ
根株,1,ㄍㄣ ㄓㄨ
根氣,1,ㄍㄣ ㄑㄧˋ
根究,1,ㄍㄣ ㄐㄧㄡˋ
根絆,1,ㄍㄣ ㄅㄢˋ
根緣,1,ㄍㄣ ㄩㄢˊ
根腳,1,ㄍㄣ ㄐㄧㄠˇ
根蒂,1,ㄍㄣ ㄉㄧˋ
根詞,1,ㄍㄣ ㄘˊ
根頭,1,ㄍㄣ ㄊㄡ˙
格力,1,ㄍㄜˊ ㄌㄧˋ
格喳,1,ㄍㄜˊ ㄔㄚ
格度,1,ㄍㄜˊ ㄉㄨˋ
格心,1,ㄍㄜˊ ㄒㄧㄣ
格扇,1,ㄍㄜˊ ㄕㄢˋ
格斃,1,ㄍㄜˊ ㄅㄧˋ
格格,1,ㄍㄜ ㄍㄜ
格格,1,ㄍㄜˊ ㄍㄜ˙
格樣,1,ㄍㄜˊ ㄧㄤˋ
格正,1,ㄍㄜˊ ㄓㄥ˙
格牌,1,ㄍㄜˊ ㄆㄞˊ
格登,1,ㄍㄜˊ ㄉㄥ
格目,1,ㄍㄜˊ ㄇㄨˋ
格眼,1,ㄍㄜˊ ㄧㄢˇ
格磔,1,ㄍㄜˊ ㄓㄜˊ
格範,1,ㄍㄜˊ ㄈㄢˋ
格義,1,ㄍㄜˊ ㄧˋ
格詩,1,ㄍㄜˊ ㄕ
格開,1,ㄍㄜˊ ㄎㄞ
栽人,1,ㄗㄞ ㄖㄣˊ
栽子,1,ㄗㄞ ㄗ˙
栽排,1,ㄗㄞ ㄆㄞˊ
栽絨,1,ㄗㄞ ㄖㄨㄥˊ
桀桀,1,ㄐㄧㄝˊ ㄐㄧㄝˊ
桀溺,1,ㄐㄧㄝˊ ㄋㄧˋ
桀猾,1,ㄐㄧㄝˊ ㄏㄨㄚˊ
桀紂,1,ㄐㄧㄝˊ ㄓㄡˋ
桀驁,1,ㄐㄧㄝˊ ㄠˋ
桁條,1,ㄏㄥˊ ㄊㄧㄠˊ
桁楊,1,ㄏㄤˊ ㄧㄤˊ
桂冠,1,ㄍㄨㄟˋ ㄍㄨㄢ
桂劇,1,ㄍㄨㄟˋ ㄐㄩˋ
桂堂,1,ㄍㄨㄟˋ ㄊㄤˊ
桂宮,1,ㄍㄨㄟˋ ㄍㄨㄥ
桂戲,1,ㄍㄨㄟˋ ㄒㄧˋ
桂旗,1,ㄍㄨㄟˋ ㄑㄧˊ
桂月,1,ㄍㄨㄟˋ ㄩㄝˋ
桂枝,1,ㄍㄨㄟˋ ㄓ
桂棟,1,ㄍㄨㄟˋ ㄉㄨㄥˋ
桂棹,1,ㄍㄨㄟˋ ㄓㄠˋ
桂水,1,ㄍㄨㄟˋ ㄕㄨㄟˇ
桂江,1,ㄍㄨㄟˋ ㄐㄧㄤ
桂海,1,ㄍㄨㄟˋ ㄏㄞˇ
桂漿,1,ㄍㄨㄟˋ ㄐㄧㄤ
桂父,1,ㄍㄨㄟˋ ㄈㄨˇ
桂秋,1,ㄍㄨㄟˋ ㄑㄧㄡ
桂窟,1,ㄍㄨㄟˋ ㄎㄨ
桂竹,1,ㄍㄨㄟˋ ㄓㄨˊ
桂籍,1,ㄍㄨㄟˋ ㄐㄧˊ
桂舟,1,ㄍㄨㄟˋ ㄓㄡ
桂蠹,1,ㄍㄨㄟˋ ㄉㄨˋ
桂輪,1,ㄍㄨㄟˋ ㄌㄨㄣˊ
桂酒,1,ㄍㄨㄟˋ ㄐㄧㄡˇ
桂陽,1,ㄍㄨㄟˋ ㄧㄤˊ
桂魄,1,ㄍㄨㄟˋ ㄆㄛˋ
桃人,1,ㄊㄠˊ ㄖㄣˊ
桃夭,1,ㄊㄠˊ ㄧㄠ
桃月,1,ㄊㄠˊ ㄩㄝˋ
桃杌,1,ㄊㄠˊ ㄨˋ
桃汛,1,ㄊㄠˊ ㄒㄩㄣˋ
桃竹,1,ㄊㄠˊ ㄓㄨˊ
桃膠,1,ㄊㄠˊ ㄐㄧㄠ
桃蚜,1,ㄊㄠˊ ㄧㄚˊ
桃酥,1,ㄊㄠˊ ㄙㄨ
桄子,1,ㄍㄨㄤˋ ㄗ˙
桅檣,1,ㄨㄟˊ ㄑㄧㄤˊ
桅燈,1,ㄨㄟˊ ㄉㄥ
框框,1,ㄎㄨㄤ ㄎㄨㄤ˙
案事,1,ㄢˋ ㄕˋ
案伯,1,ㄢˋ ㄅㄛˊ
案元,1,ㄢˋ ㄩㄢˊ
案兵,1,ㄢˋ ㄅㄧㄥ
案准,1,ㄢˋ ㄓㄨㄣˇ
案問,1,ㄢˋ ㄨㄣˋ
案奉,1,ㄢˋ ㄈㄥˋ
案據,1,ㄢˋ ㄐㄩˋ
案比,1,ㄢˋ ㄅㄧˇ
案目,1,ㄢˋ ㄇㄨˋ
案秤,1,ㄢˋ ㄔㄥˋ
案節,1,ㄢˋ ㄐㄧㄝˊ
案衍,1,ㄢˋ ㄧㄢˇ
案部,1,ㄢˋ ㄅㄨˋ
案酒,1,ㄢˋ ㄐㄧㄡˇ
案長,1,ㄢˋ ㄓㄤˇ
案驗,1,ㄢˋ ㄧㄢˋ
桌墊,1,ㄓㄨㄛ ㄉㄧㄢˋ
桌席,1,ㄓㄨㄛ ㄒㄧˊ
桌曆,1,ㄓㄨㄛ ㄌㄧˋ
桌罩,1,ㄓㄨㄛ ㄓㄠˋ
桐人,1,ㄊㄨㄥˊ ㄖㄣˊ
桐君,1,ㄊㄨㄥˊ ㄐㄩㄣ
桐宮,1,ㄊㄨㄥˊ ㄍㄨㄥ
桐鄉,1,ㄊㄨㄥˊ ㄒㄧㄤ
桑中,1,ㄙㄤ ㄓㄨㄥ
桑扈,1,ㄙㄤ ㄏㄨˋ
桑柔,1,ㄙㄤ ㄖㄡˊ
桑柘,1,ㄙㄤ ㄓㄜˋ
桑樞,1,ㄙㄤ ㄕㄨ
桑欽,1,ㄙㄤ ㄑㄧㄣ
桑科,1,ㄙㄤ ㄎㄜ
桑落,1,ㄙㄤ ㄌㄨㄛˋ
桑門,1,ㄙㄤ ㄇㄣˊ
桓寬,1,ㄏㄨㄢˊ ㄎㄨㄢ
桓文,1,ㄏㄨㄢˊ ㄨㄣˊ
桓桓,1,ㄏㄨㄢˊ ㄏㄨㄢˊ
桓表,1,ㄏㄨㄢˊ ㄅㄧㄠˇ
桓譚,1,ㄏㄨㄢˊ ㄊㄢˊ
桔桀,1,ㄐㄧㄝˊ ㄐㄧㄝˊ
桫欏,1,ㄙㄨㄛ ㄌㄨㄛˊ
桮杓,1,ㄅㄟ ㄕㄠˊ
桮棬,1,ㄅㄟ ㄑㄩㄢ
桯凳,1,ㄊㄧㄥ ㄉㄥˋ
桯子,1,ㄊㄧㄥ ㄗ˙
桴鼓,1,ㄈㄨˊ ㄍㄨˇ
桶匠,1,ㄊㄨㄥˇ ㄐㄧㄤˋ
桹桹,1,ㄌㄤˊ ㄌㄤˊ
桿弟,1,ㄍㄢˇ ㄉㄧˋ
桿撥,1,ㄍㄢˇ ㄅㄛ
桿棒,1,ㄍㄢˇ ㄅㄤˋ
桿錐,1,ㄍㄢˇ ㄓㄨㄟ
梁園,1,ㄌㄧㄤˊ ㄩㄢˊ
梁子,1,ㄌㄧㄤˊ ㄗ˙
梁孟,1,ㄌㄧㄤˊ ㄇㄥˋ
梁州,1,ㄌㄧㄤˊ ㄓㄡ
梁架,1,ㄌㄧㄤˊ ㄐㄧㄚˋ
梁案,1,ㄌㄧㄤˊ ㄢˋ
梁棟,1,ㄌㄧㄤˊ ㄉㄨㄥˋ
梁楷,1,ㄌㄧㄤˊ ㄎㄞˇ
梁祝,1,ㄌㄧㄤˊ ㄓㄨˋ
梁輈,1,ㄌㄧㄤˊ ㄓㄡ
梁鴻,1,ㄌㄧㄤˊ ㄏㄨㄥˊ
梁麗,1,ㄌㄧㄤˊ ㄌㄧˋ
梁龍,1,ㄌㄧㄤˊ ㄌㄨㄥˊ
梃子,1,ㄊㄧㄥˇ ㄗ˙
梅仙,1,ㄇㄟˊ ㄒㄧㄢ
梅天,1,ㄇㄟˊ ㄊㄧㄢ
梅妝,1,ㄇㄟˊ ㄓㄨㄤ
梅嶺,1,ㄇㄟˊ ㄌㄧㄥˇ
梅智,1,ㄇㄟˊ ㄓˋ
梅月,1,ㄇㄟˊ ㄩㄝˋ
梅湯,1,ㄇㄟˊ ㄊㄤ
梅縣,1,ㄇㄟˊ ㄒㄧㄢˋ
梅耶,1,ㄇㄟˊ ㄧㄝˊ
梅豆,1,ㄇㄟˊ ㄉㄡˋ
梅酒,1,ㄇㄟˊ ㄐㄧㄡˇ
梅酢,1,ㄇㄟˊ ㄘㄨˋ
梅風,1,ㄇㄟˊ ㄈㄥ
梅香,1,ㄇㄟˊ ㄒㄧㄤ
梆笛,1,ㄅㄤ ㄉㄧˊ
梆聲,1,ㄅㄤ ㄕㄥ
梆鼓,1,ㄅㄤ ㄍㄨˇ
梏亡,1,ㄍㄨˋ ㄨㄤˊ
梏慘,1,ㄍㄨˋ ㄘㄢˇ
梐枑,1,ㄅㄧˋ ㄏㄨˋ
梐梱,1,ㄅㄧˋ ㄎㄨㄣˇ
梓人,1,ㄗˇ ㄖㄣˊ
梓器,1,ㄗˇ ㄑㄧˋ
梓宮,1,ㄗˇ ㄍㄨㄥ
梓材,1,ㄗˇ ㄘㄞˊ
梓鄉,1,ㄗˇ ㄒㄧㄤ
梔子,1,ㄓ ㄗ˙
梗泛,1,ㄍㄥˇ ㄈㄢˋ
梜提,1,ㄐㄧㄚˊ ㄊㄧˊ
條奏,1,ㄊㄧㄠˊ ㄗㄡˋ
條對,1,ㄊㄧㄠˊ ㄉㄨㄟˋ
條屏,1,ㄊㄧㄠˊ ㄆㄧㄥˊ
條幅,1,ㄊㄧㄠˊ ㄈㄨˊ
條據,1,ㄊㄧㄠˊ ㄐㄩˋ
條施,1,ㄊㄧㄠˊ ㄕ
條脫,1,ㄊㄧㄠˊ ㄊㄨㄛ
條記,1,ㄊㄧㄠˊ ㄐㄧˋ
條貫,1,ㄊㄧㄠˊ ㄍㄨㄢˋ
條道,1,ㄊㄧㄠˊ ㄉㄠˋ
條金,1,ㄊㄧㄠˊ ㄐㄧㄣ
條頓,1,ㄊㄧㄠˊ ㄉㄨㄣˋ
條風,1,ㄊㄧㄠˊ ㄈㄥ
梟亂,1,ㄒㄧㄠ ㄌㄨㄢˋ
梟將,1,ㄒㄧㄠ ㄐㄧㄤˋ
梟獍,1,ㄒㄧㄠ ㄐㄧㄥˋ
梟盧,1,ㄒㄧㄠ ㄌㄨˊ
梟騎,1,ㄒㄧㄠ ㄐㄧˋ
梟鳥,1,ㄒㄧㄠ ㄋㄧㄠˇ
梢人,1,ㄕㄠ ㄖㄣˊ
梢公,1,ㄕㄠ ㄍㄨㄥ
梢梢,1,ㄕㄠ ㄕㄠ
梢棒,1,ㄕㄠ ㄅㄤˋ
梢間,1,ㄕㄠ ㄐㄧㄢ
梢雲,1,ㄕㄠ ㄩㄣˊ
梨棗,1,ㄌㄧˊ ㄗㄠˇ
梨渦,1,ㄌㄧˊ ㄨㄛ
梨糕,1,ㄌㄧˊ ㄍㄠ
梨膏,1,ㄌㄧˊ ㄍㄠ
梨雲,1,ㄌㄧˊ ㄩㄣˊ
梭槍,1,ㄙㄨㄛ ㄑㄧㄤ
梯凳,1,ㄊㄧ ㄉㄥˋ
梯媒,1,ㄊㄧ ㄇㄟˊ
梯山,1,ㄊㄧ ㄕㄢ
梯己,1,ㄊㄧ ㄐㄧ˙
梯桄,1,ㄊㄧ ㄍㄨㄤˋ
梯橋,1,ㄊㄧ ㄑㄧㄠˊ
梯氣,1,ㄊㄧ ㄑㄧˋ
梯河,1,ㄊㄧ ㄏㄜˊ
梯航,1,ㄊㄧ ㄏㄤˊ
梯衝,1,ㄊㄧ ㄔㄨㄥ
械用,1,ㄒㄧㄝˋ ㄩㄥˋ
械繫,1,ㄒㄧㄝˋ ㄒㄧˋ
梳櫳,1,ㄕㄨ ㄌㄨㄥ˙
梳篦,1,ㄕㄨ ㄅㄧˋ
梳裹,1,ㄕㄨ ㄍㄨㄛˇ
梵剎,1,ㄈㄢˋ ㄔㄚˋ
梵天,1,ㄈㄢˋ ㄊㄧㄢ
梵書,1,ㄈㄢˋ ㄕㄨ
梵本,1,ㄈㄢˋ ㄅㄣˇ
梵眾,1,ㄈㄢˋ ㄓㄨㄥˋ
梵筴,1,ㄈㄢˋ ㄐㄧㄚˊ
棄械,1,ㄑㄧˋ ㄒㄧㄝˋ
棉力,1,ㄇㄧㄢˊ ㄌㄧˋ
棉桃,1,ㄇㄧㄢˊ ㄊㄠˊ
棉花,1,ㄇㄧㄢˊ ㄏㄨㄚ˙
棉薄,1,ㄇㄧㄢˊ ㄅㄛˊ
棉襪,1,ㄇㄧㄢˊ ㄨㄚˋ
棉都,1,ㄇㄧㄢˊ ㄉㄨ
棋峙,1,ㄑㄧˊ ㄓˋ
棋敵,1,ㄑㄧˊ ㄉㄧˊ
棋枰,1,ㄑㄧˊ ㄆㄧㄥˊ
棋鼓,1,ㄑㄧˊ ㄍㄨˇ
棍騙,1,ㄍㄨㄣˋ ㄆㄧㄢˋ
棒客,1,ㄅㄤˋ ㄎㄜˋ
棒瘡,1,ㄅㄤˋ ㄔㄨㄤ
棒針,1,ㄅㄤˋ ㄓㄣ
棒頭,1,ㄅㄤˋ ㄊㄡˊ
棕熊,1,ㄗㄨㄥ ㄒㄩㄥˊ
棖撥,1,ㄔㄥˊ ㄅㄛ
棖觸,1,ㄔㄥˊ ㄔㄨˋ
棗本,1,ㄗㄠˇ ㄅㄣˇ
棗糕,1,ㄗㄠˇ ㄍㄠ
棗騮,1,ㄗㄠˇ ㄌㄧㄡˊ
棘人,1,ㄐㄧˊ ㄖㄣˊ
棘圍,1,ㄐㄧˊ ㄨㄟˊ
棘寺,1,ㄐㄧˊ ㄙˋ
棘心,1,ㄐㄧˊ ㄒㄧㄣ
棘林,1,ㄐㄧˊ ㄌㄧㄣˊ
棘猴,1,ㄐㄧˊ ㄏㄡˊ
棘盆,1,ㄐㄧˊ ㄆㄣˊ
棘矜,1,ㄐㄧˊ ㄐㄧㄣ
棘針,1,ㄐㄧˊ ㄓㄣ
棘門,1,ㄐㄧˊ ㄇㄣˊ
棘闈,1,ㄐㄧˊ ㄨㄟˊ
棘院,1,ㄐㄧˊ ㄩㄢˋ
棚匠,1,ㄆㄥˊ ㄐㄧㄤ˙
棚圈,1,ㄆㄥˊ ㄐㄩㄢˋ
棚戶,1,ㄆㄥˊ ㄏㄨˋ
棚攔,1,ㄆㄥˊ ㄌㄢˊ
棚朳,1,ㄆㄥˊ ㄅㄚ
棚裂,1,ㄆㄥˊ ㄌㄧㄝˋ
棚規,1,ㄆㄥˊ ㄍㄨㄟ
棚車,1,ㄆㄥˊ ㄔㄜ
棚館,1,ㄆㄥˊ ㄍㄨㄢˇ
棠梨,1,ㄊㄤˊ ㄌㄧˊ
棠棣,1,ㄊㄤˊ ㄉㄧˋ
棠谿,1,ㄊㄤˊ ㄒㄧ
棠陰,1,ㄊㄤˊ ㄧㄣ
棣棣,1,ㄉㄧˋ ㄉㄧˋ
棣華,1,ㄉㄧˋ ㄏㄨㄚ
棣鄂,1,ㄉㄧˋ ㄜˋ
棧師,1,ㄓㄢˋ ㄕ
棧豆,1,ㄓㄢˋ ㄉㄡˋ
棧費,1,ㄓㄢˋ ㄈㄟˋ
棨信,1,ㄑㄧˇ ㄒㄧㄣˋ
棨戟,1,ㄑㄧˇ ㄐㄧˇ
棫樸,1,ㄩˋ ㄆㄨˊ
棬樞,1,ㄑㄩㄢ ㄕㄨ
森岑,1,ㄙㄣ ㄘㄣˊ
森巴,1,ㄙㄣ ㄅㄚ
森然,1,ㄙㄣ ㄖㄢˊ
森豎,1,ㄙㄣ ㄕㄨˋ
棰楚,1,ㄔㄨㄟˊ ㄔㄨˇ
棱臺,1,ㄌㄥˊ ㄊㄞˊ
棲屑,1,ㄑㄧ ㄒㄧㄝˋ
棲棲,1,ㄑㄧ ㄑㄧ
棲止,1,ㄑㄧ ㄓˇ
棲託,1,ㄑㄧ ㄊㄨㄛ
棲遁,1,ㄑㄧ ㄉㄨㄣˋ
棲遑,1,ㄑㄧ ㄏㄨㄤˊ
棲遲,1,ㄑㄧ ㄔˊ
棲霞,1,ㄑㄧ ㄒㄧㄚˊ
棵子,1,ㄎㄜ ㄗ˙
棹歌,1,ㄓㄠˋ ㄍㄜ
棹郎,1,ㄓㄠˋ ㄌㄤˊ
棺材,1,ㄍㄨㄢ ㄘㄞ˙
棺柩,1,ㄍㄨㄢ ㄐㄧㄡˋ
棺罩,1,ㄍㄨㄢ ㄓㄠˋ
棼棼,1,ㄈㄣˊ ㄈㄣˊ
棽棽,1,ㄕㄣ ㄕㄣ
棽麗,1,ㄕㄣ ㄌㄧˋ
植基,1,ㄓˊ ㄐㄧ
植床,1,ㄓˊ ㄔㄨㄤˊ
植群,1,ㄓˊ ㄑㄩㄣˊ
植耳,1,ㄓˊ ㄦˇ
植足,1,ㄓˊ ㄗㄨˊ
植黨,1,ㄓˊ ㄉㄤˇ
椎埋,1,ㄓㄨㄟ ㄇㄞˊ
椎心,1,ㄓㄨㄟ ㄒㄧㄣ
椎棒,1,ㄓㄨㄟ ㄅㄤˋ
椎秦,1,ㄓㄨㄟ ㄑㄧㄣˊ
椎輪,1,ㄓㄨㄟ ㄌㄨㄣˊ
椎魯,1,ㄓㄨㄟ ㄌㄨˇ
椏杈,1,ㄧㄚ ㄔㄚˋ
椏楓,1,ㄧㄚ ㄈㄥ
椐椐,1,ㄐㄩ ㄐㄩ
椒庭,1,ㄐㄧㄠ ㄊㄧㄥˊ
椒房,1,ㄐㄧㄠ ㄈㄤˊ
椒聊,1,ㄐㄧㄠ ㄌㄧㄠˊ
椒蘭,1,ㄐㄧㄠ ㄌㄢˊ
椒酒,1,ㄐㄧㄠ ㄐㄧㄡˇ
椒閣,1,ㄐㄧㄠ ㄍㄜˊ
椪餅,1,ㄆㄥˋ ㄅㄧㄥˇ
椰胡,1,ㄧㄝˊ ㄏㄨˊ
椰雕,1,ㄧㄝˊ ㄉㄧㄠ
椹質,1,ㄓㄣ ㄓˋ
椽木,1,ㄔㄨㄢˊ ㄇㄨˋ
椽柱,1,ㄔㄨㄢˊ ㄓㄨˋ
椽梁,1,ㄔㄨㄢˊ ㄌㄧㄤˊ
椽筆,1,ㄔㄨㄢˊ ㄅㄧˇ
椿壽,1,ㄔㄨㄣ ㄕㄡˋ
椿庭,1,ㄔㄨㄣ ㄊㄧㄥˊ
椿象,1,ㄔㄨㄣ ㄒㄧㄤˋ
椿齡,1,ㄔㄨㄣ ㄌㄧㄥˊ
楂楂,1,ㄔㄚˊ ㄔㄚˊ
楅衡,1,ㄈㄨˊ ㄏㄥˊ
楈枒,1,ㄒㄩ ㄧㄚˊ
楊修,1,ㄧㄤˊ ㄒㄧㄡ
楊億,1,ㄧㄤˊ ㄧˋ
楊喚,1,ㄧㄤˊ ㄏㄨㄢˋ
楊墨,1,ㄧㄤˊ ㄇㄛˋ
楊惲,1,ㄧㄤˊ ㄩㄣˋ
楊慎,1,ㄧㄤˊ ㄕㄣˋ
楊戩,1,ㄧㄤˊ ㄐㄧㄢˇ
楊時,1,ㄧㄤˊ ㄕˊ
楊業,1,ㄧㄤˊ ㄧㄝˋ
楊漣,1,ㄧㄤˊ ㄌㄧㄢˊ
楊素,1,ㄧㄤˊ ㄙㄨˋ
楓宸,1,ㄈㄥ ㄔㄣˊ
楓梨,1,ㄈㄥ ㄌㄧˊ
楓橋,1,ㄈㄥ ㄑㄧㄠˊ
楖人,1,ㄐㄧㄝˊ ㄖㄣˊ
楚些,1,ㄔㄨˇ ㄙㄨㄛˋ
楚劇,1,ㄔㄨˇ ㄐㄩˋ
楚囚,1,ㄔㄨˇ ㄑㄧㄡˊ
楚天,1,ㄔㄨˇ ㄊㄧㄢ
楚撻,1,ㄔㄨˇ ㄊㄚˋ
楚服,1,ㄔㄨˇ ㄈㄨˊ
楚毒,1,ㄔㄨˇ ㄉㄨˊ
楚狂,1,ㄔㄨˇ ㄎㄨㄤˊ
楚絕,1,ㄔㄨˇ ㄐㄩㄝˊ
楚聲,1,ㄔㄨˇ ㄕㄥ
楚腰,1,ㄔㄨˇ ㄧㄠ
楚茨,1,ㄔㄨˇ ㄘˊ
楚辱,1,ㄔㄨˇ ㄖㄨˋ
楚館,1,ㄔㄨˇ ㄍㄨㄢˇ
楛矢,1,ㄏㄨˋ ㄕˇ
楞層,1,ㄌㄥˊ ㄘㄥˊ
楞睜,1,ㄌㄥˋ ㄓㄥ
楠榴,1,ㄋㄢˊ ㄌㄧㄡˊ
楣式,1,ㄇㄟˊ ㄕˋ
楥頭,1,ㄒㄩㄢˋ ㄊㄡ˙
楦子,1,ㄒㄩㄢˋ ㄗ˙
楦頭,1,ㄒㄩㄢˋ ㄊㄡ˙
楨幹,1,ㄓㄣ ㄍㄢˋ
楩楠,1,ㄆㄧㄢˊ ㄋㄢˊ
楫師,1,ㄐㄧˊ ㄕ
楬豆,1,ㄐㄧㄝˊ ㄉㄡˋ
業人,1,ㄧㄝˋ ㄖㄣˊ
業冤,1,ㄧㄝˋ ㄩㄢ
業力,1,ㄧㄝˋ ㄌㄧˋ
業因,1,ㄧㄝˋ ㄧㄣ
業報,1,ㄧㄝˋ ㄅㄠˋ
業履,1,ㄧㄝˋ ㄌㄩˇ
業果,1,ㄧㄝˋ ㄍㄨㄛˇ
業根,1,ㄧㄝˋ ㄍㄣ
業業,1,ㄧㄝˋ ㄧㄝˋ
業次,1,ㄧㄝˋ ㄘˋ
業海,1,ㄧㄝˋ ㄏㄞˇ
業火,1,ㄧㄝˋ ㄏㄨㄛˇ
業田,1,ㄧㄝˋ ㄊㄧㄢˊ
業畜,1,ㄧㄝˋ ㄔㄨˋ
業相,1,ㄧㄝˋ ㄒㄧㄤˋ
業種,1,ㄧㄝˋ ㄓㄨㄥˇ
業簿,1,ㄧㄝˋ ㄅㄨˋ
業緣,1,ㄧㄝˋ ㄩㄢˊ
業鏡,1,ㄧㄝˋ ㄐㄧㄥˋ
業鬼,1,ㄧㄝˋ ㄍㄨㄟˇ
楮券,1,ㄔㄨˇ ㄑㄩㄢˋ
楮墨,1,ㄔㄨˇ ㄇㄛˋ
楮幣,1,ㄔㄨˇ ㄅㄧˋ
楮敬,1,ㄔㄨˇ ㄐㄧㄥˋ
楮紙,1,ㄔㄨˇ ㄓˇ
楮葉,1,ㄔㄨˇ ㄧㄝˋ
楮錢,1,ㄔㄨˇ ㄑㄧㄢˊ
楮鏹,1,ㄔㄨˇ ㄑㄧㄤˇ
楯鼻,1,ㄕㄨㄣˇ ㄅㄧˊ
極冠,1,ㄐㄧˊ ㄍㄨㄢ
極口,1,ㄐㄧˊ ㄎㄡˇ
極峰,1,ㄐㄧˊ ㄈㄥ
極色,1,ㄐㄧˊ ㄙㄜˋ
極選,1,ㄐㄧˊ ㄒㄩㄢˇ
極鋒,1,ㄐㄧˊ ㄈㄥ
楶梲,1,ㄐㄧㄝˊ ㄓㄨㄛˊ
楷則,1,ㄎㄞˇ ㄗㄜˊ
楷式,1,ㄎㄞˇ ㄕˋ
楷隸,1,ㄎㄞˇ ㄌㄧˋ
楸枰,1,ㄑㄧㄡ ㄆㄧㄥˊ
楹棟,1,ㄧㄥˊ ㄉㄨㄥˋ
概舉,1,ㄍㄞˋ ㄐㄩˇ
概貌,1,ㄍㄞˋ ㄇㄠˋ
榆塞,1,ㄩˊ ㄙㄞˋ
榆枋,1,ㄩˊ ㄈㄤ
榆火,1,ㄩˊ ㄏㄨㄛˇ
榆關,1,ㄩˊ ㄍㄨㄢ
榔搥,1,ㄌㄤˊ ㄔㄨㄟˊ
榔杭,1,ㄌㄤˊ ㄏㄤˊ
榔板,1,ㄌㄤˊ ㄅㄢˇ
榔榆,1,ㄌㄤˊ ㄩˊ
榕城,1,ㄖㄨㄥˊ ㄔㄥˊ
榛子,1,ㄓㄣ ㄗ˙
榛林,1,ㄓㄣ ㄌㄧㄣˊ
榛狉,1,ㄓㄣ ㄆㄧ
榛蕪,1,ㄓㄣ ㄨˊ
榛雞,1,ㄓㄣ ㄐㄧ
榜人,1,ㄅㄥˋ ㄖㄣˊ
榜女,1,ㄅㄥˋ ㄋㄩˇ
榜尾,1,ㄅㄤˇ ㄨㄟˇ
榜帖,1,ㄅㄤˇ ㄊㄧㄝˇ
榜張,1,ㄅㄤˇ ㄓㄤ
榜掠,1,ㄅㄥˋ ㄌㄩㄝˋ
榜書,1,ㄅㄤˇ ㄕㄨ
榜楚,1,ㄅㄥˋ ㄔㄨˇ
榜歌,1,ㄅㄥˋ ㄍㄜ
榜牌,1,ㄅㄤˇ ㄆㄞˊ
榜笞,1,ㄅㄥˋ ㄔ
榜箠,1,ㄅㄥˋ ㄔㄨㄟˊ
榜花,1,ㄅㄤˇ ㄏㄨㄚ
榣木,1,ㄧㄠˊ ㄇㄨˋ
榨床,1,ㄓㄚˋ ㄔㄨㄤˊ
榫頭,1,ㄙㄨㄣˇ ㄊㄡ˙
榮升,1,ㄖㄨㄥˊ ㄕㄥ
榮名,1,ㄖㄨㄥˊ ㄇㄧㄥˊ
榮問,1,ㄖㄨㄥˊ ㄨㄣˋ
榮悴,1,ㄖㄨㄥˊ ㄘㄨㄟˋ
榮身,1,ㄖㄨㄥˊ ㄕㄣ
榱題,1,ㄘㄨㄟ ㄊㄧˊ
榴月,1,ㄌㄧㄡˊ ㄩㄝˋ
榴炮,1,ㄌㄧㄡˊ ㄆㄠˋ
榴花,1,ㄌㄧㄡˊ ㄏㄨㄚ
榷利,1,ㄑㄩㄝˋ ㄌㄧˋ
榷茶,1,ㄑㄩㄝˋ ㄔㄚˊ
榷酤,1,ㄑㄩㄝˋ ㄍㄨ
榷鹽,1,ㄑㄩㄝˋ ㄧㄢˊ
榻上,1,ㄊㄚˋ ㄕㄤˋ
榻布,1,ㄊㄚˋ ㄅㄨˋ
榻床,1,ㄊㄚˋ ㄔㄨㄤˊ
榾柮,1,ㄍㄨˇ ㄉㄨㄛˋ
槁街,1,ㄍㄠˇ ㄐㄧㄝ
槁骨,1,ㄍㄠˇ ㄍㄨˇ
槃停,1,ㄆㄢˊ ㄊㄧㄥˊ
槃匜,1,ㄆㄢˊ ㄧˊ
槃才,1,ㄆㄢˊ ㄘㄞˊ
槃旋,1,ㄆㄢˊ ㄒㄩㄢˊ
槃桓,1,ㄆㄢˊ ㄏㄨㄢˊ
槃槃,1,ㄆㄢˊ ㄆㄢˊ
槃瓠,1,ㄆㄢˊ ㄏㄨˋ
槃礴,1,ㄆㄢˊ ㄅㄛˊ
槅子,1,ㄍㄜˊ ㄗ˙
構兵,1,ㄍㄡˋ ㄅㄧㄥ
構工,1,ㄍㄡˋ ㄍㄨㄥ
構建,1,ㄍㄡˋ ㄐㄧㄢˋ
構形,1,ㄍㄡˋ ㄒㄧㄥˊ
構擬,1,ㄍㄡˋ ㄋㄧˇ
構會,1,ㄍㄡˋ ㄏㄨㄟˋ
構架,1,ㄍㄡˋ ㄐㄧㄚˋ
構精,1,ㄍㄡˋ ㄐㄧㄥ
構釁,1,ㄍㄡˋ ㄒㄧㄣˋ
槌鯨,1,ㄔㄨㄟˊ ㄐㄧㄥ
槍手,1,ㄑㄧㄤ ㄕㄡ˙
槍把,1,ㄑㄧㄤ ㄅㄚˋ
槍替,1,ㄑㄧㄤ ㄊㄧˋ
槎枒,1,ㄔㄚˊ ㄧㄚˊ
槎桎,1,ㄔㄚˊ ㄓˋ
槐國,1,ㄏㄨㄞˊ ㄍㄨㄛˊ
槐月,1,ㄏㄨㄞˊ ㄩㄝˋ
槐火,1,ㄏㄨㄞˊ ㄏㄨㄛˇ
槐豆,1,ㄏㄨㄞˊ ㄉㄡˋ
槐黃,1,ㄏㄨㄞˊ ㄏㄨㄤˊ
槐鼎,1,ㄏㄨㄞˊ ㄉㄧㄥˇ
槓刀,1,ㄍㄤˋ ㄉㄠ
槓房,1,ㄍㄤˋ ㄈㄤˊ
槓牌,1,ㄍㄤˋ ㄆㄞˊ
槓頭,1,ㄍㄤˋ ㄊㄡˊ
槥具,1,ㄏㄨㄟˋ ㄐㄩˋ
槧本,1,ㄑㄧㄢˋ ㄅㄣˇ
槮爽,1,ㄙㄢˇ ㄕㄨㄤˇ
槲蕨,1,ㄏㄨˊ ㄐㄩㄝˊ
槽化,1,ㄘㄠˊ ㄏㄨㄚˋ
槽坊,1,ㄘㄠˊ ㄈㄤ˙
槽櫪,1,ㄘㄠˊ ㄌㄧˋ
槽碓,1,ㄘㄠˊ ㄉㄨㄟˋ
槽糕,1,ㄘㄠˊ ㄍㄠ
槽道,1,ㄘㄠˊ ㄉㄠˋ
槽頭,1,ㄘㄠˊ ㄊㄡˊ
樀樀,1,ㄉㄧˊ ㄉㄧˊ
樁主,1,ㄓㄨㄤ ㄓㄨˇ
樁柱,1,ㄓㄨㄤ ㄓㄨˋ
樁橛,1,ㄓㄨㄤ ㄐㄩㄝˊ
樂人,1,ㄩㄝˋ ㄖㄣˊ
樂史,1,ㄩㄝˋ ㄕˇ
樂呵,1,ㄌㄜˋ ㄏㄜ
樂和,1,ㄌㄜˋ ㄏㄜˊ
樂品,1,ㄩㄝˋ ㄆㄧㄣˇ
樂國,1,ㄌㄜˋ ㄍㄨㄛˊ
樂婦,1,ㄩㄝˋ ㄈㄨˋ
樂床,1,ㄩㄝˋ ㄔㄨㄤˊ
樂式,1,ㄩㄝˋ ㄕˋ
樂律,1,ㄩㄝˋ ㄌㄩˋ
樂得,1,ㄌㄜˋ ㄉㄜˊ
樂戶,1,ㄌㄜˋ ㄏㄨˋ
樂探,1,ㄩㄝˋ ㄊㄢˋ
樂易,1,ㄌㄜˋ ㄧˋ
樂普,1,ㄌㄜˋ ㄆㄨˇ
樂棚,1,ㄩㄝˋ ㄆㄥˊ
樂正,1,ㄩㄝˋ ㄓㄥˋ
樂歲,1,ㄌㄜˋ ㄙㄨㄟˋ
樂浪,1,ㄌㄜˋ ㄌㄤˋ
樂禍,1,ㄌㄜˋ ㄏㄨㄛˋ
樂籍,1,ㄩㄝˋ ㄐㄧˊ
樂素,1,ㄩㄝˋ ㄙㄨˋ
樂群,1,ㄧㄠˋ ㄑㄩㄣˊ
樂翁,1,ㄩㄝˋ ㄨㄥ
樂處,1,ㄌㄜˋ ㄔㄨˋ
樂託,1,ㄌㄜˋ ㄊㄨㄛ
樂記,1,ㄩㄝˋ ㄐㄧˋ
樂語,1,ㄩㄝˋ ㄩˇ
樂論,1,ㄩㄝˋ ㄌㄨㄣˋ
樂輸,1,ㄌㄜˋ ㄕㄨ
樂部,1,ㄩㄝˋ ㄅㄨˋ
樊噲,1,ㄈㄢˊ ㄎㄨㄞˋ
樊樓,1,ㄈㄢˊ ㄌㄡˊ
樊然,1,ㄈㄢˊ ㄖㄢˊ
樓庫,1,ㄌㄡˊ ㄎㄨˋ
樓櫓,1,ㄌㄡˊ ㄌㄨˇ
樓緩,1,ㄌㄡˊ ㄏㄨㄢˇ
樓羅,1,ㄌㄡˊ ㄌㄨㄛˊ
樓蘭,1,ㄌㄡˊ ㄌㄢˊ
樓車,1,ㄌㄡˊ ㄐㄩ
樗散,1,ㄕㄨ ㄙㄢˇ
樗材,1,ㄕㄨ ㄘㄞˊ
樗櫟,1,ㄕㄨ ㄌㄧˋ
樗蒲,1,ㄕㄨ ㄆㄨˊ
標占,1,ㄅㄧㄠ ㄓㄢˋ
標名,1,ㄅㄧㄠ ㄇㄧㄥˊ
標垛,1,ㄅㄧㄠ ㄉㄨㄛˇ
標子,1,ㄅㄧㄠ ㄗ˙
標容,1,ㄅㄧㄠ ㄖㄨㄥˊ
標撥,1,ㄅㄧㄠ ㄅㄛ
標格,1,ㄅㄧㄠ ㄍㄜˊ
標樹,1,ㄅㄧㄠ ㄕㄨˋ
標牓,1,ㄅㄧㄠ ㄅㄤˇ
標病,1,ㄅㄧㄠ ㄅㄧㄥˋ
標程,1,ㄅㄧㄠ ㄔㄥˊ
標置,1,ㄅㄧㄠ ㄓˋ
標船,1,ㄅㄧㄠ ㄔㄨㄢˊ
標行,1,ㄅㄧㄠ ㄏㄤˊ
標表,1,ㄅㄧㄠ ㄅㄧㄠˇ
標賣,1,ㄅㄧㄠ ㄇㄞˋ
標金,1,ㄅㄧㄠ ㄐㄧㄣ
標靶,1,ㄅㄧㄠ ㄅㄚˇ
標領,1,ㄅㄧㄠ ㄌㄧㄥˇ
標首,1,ㄅㄧㄠ ㄕㄡˇ
樛曲,1,ㄐㄧㄡ ㄑㄩ
樛木,1,ㄐㄧㄡ ㄇㄨˋ
樛流,1,ㄐㄧㄡ ㄌㄧㄡˊ
樛結,1,ㄐㄧㄡ ㄐㄧㄝˊ
樝子,1,ㄓㄚ ㄗ˙
樞奧,1,ㄕㄨ ㄠˋ
樞密,1,ㄕㄨ ㄇㄧˋ
樞管,1,ㄕㄨ ㄍㄨㄢˇ
樞臣,1,ㄕㄨ ㄔㄣˊ
樞衡,1,ㄕㄨ ㄏㄥˊ
樞要,1,ㄕㄨ ㄧㄠˋ
樞路,1,ㄕㄨ ㄌㄨˋ
樟蠶,1,ㄓㄤ ㄘㄢˊ
模傚,1,ㄇㄛˊ ㄒㄧㄠˋ
模寫,1,ㄇㄛˊ ㄒㄧㄝˇ
模效,1,ㄇㄛˊ ㄒㄧㄠˋ
模書,1,ㄇㄛˊ ㄕㄨ
模楷,1,ㄇㄛˊ ㄎㄞˇ
模樣,1,ㄇㄨˊ ㄧㄤˋ
模糊,1,ㄇㄛˊ ㄏㄨ˙
模表,1,ㄇㄛˊ ㄅㄧㄠˇ
模黏,1,ㄇㄛˊ ㄋㄧㄢˊ
樣勢,1,ㄧㄤˋ ㄕˋ
樣範,1,ㄧㄤˋ ㄈㄢˋ
樣銀,1,ㄧㄤˋ ㄧㄣˊ
樲棘,1,ㄦˋ ㄐㄧˊ
樵客,1,ㄑㄧㄠˊ ㄎㄜˋ
樵戶,1,ㄑㄧㄠˊ ㄏㄨˋ
樵採,1,ㄑㄧㄠˊ ㄘㄞˇ
樵樓,1,ㄑㄧㄠˊ ㄌㄡˊ
樵歌,1,ㄑㄧㄠˊ ㄍㄜ
樵牧,1,ㄑㄧㄠˊ ㄇㄨˋ
樵蘇,1,ㄑㄧㄠˊ ㄙㄨ
樵采,1,ㄑㄧㄠˊ ㄘㄞˇ
樵隱,1,ㄑㄧㄠˊ ㄧㄣˇ
樸厚,1,ㄆㄨˊ ㄏㄡˋ
樸實,1,ㄆㄨˊ ㄕ˙
樸樕,1,ㄆㄨˊ ㄙㄨˋ
樸父,1,ㄆㄨˊ ㄈㄨˋ
樸訥,1,ㄆㄨˊ ㄋㄚˋ
樸質,1,ㄆㄨˊ ㄓˊ
樸鄙,1,ㄆㄨˊ ㄅㄧˇ
樸重,1,ㄆㄨˊ ㄓㄨㄥˋ
樸野,1,ㄆㄨˊ ㄧㄝˇ
樸鈍,1,ㄆㄨˊ ㄉㄨㄣˋ
樸陋,1,ㄆㄨˊ ㄌㄡˋ
樸馬,1,ㄆㄨˊ ㄇㄚˇ
樸魯,1,ㄆㄨˊ ㄌㄨˇ
樹墩,1,ㄕㄨˋ ㄉㄨㄣ
樹子,1,ㄕㄨˋ ㄗˇ
樹恩,1,ㄕㄨˋ ㄣ
樹掛,1,ㄕㄨˋ ㄍㄨㄚˋ
樹本,1,ㄕㄨˋ ㄅㄣˇ
樹杞,1,ㄕㄨˋ ㄑㄧˇ
樹梃,1,ㄕㄨˋ ㄊㄧㄥˇ
樹置,1,ㄕㄨˋ ㄓˋ
樹藝,1,ㄕㄨˋ ㄧˋ
樹黨,1,ㄕㄨˋ ㄉㄤˇ
樹鼩,1,ㄕㄨˋ ㄑㄩˊ
樽俎,1,ㄗㄨㄣ ㄗㄨˇ
樽實,1,ㄗㄨㄣ ㄕˊ
樾蔭,1,ㄩㄝˋ ㄧㄣˋ
樿傍,1,ㄓㄢˇ ㄆㄤˊ
橈敗,1,ㄋㄠˊ ㄅㄞˋ
橈骨,1,ㄋㄠˊ ㄍㄨˇ
橋劇,1,ㄑㄧㄠˊ ㄐㄩˋ
橋堍,1,ㄑㄧㄠˊ ㄊㄨˋ
橋山,1,ㄑㄧㄠˊ ㄕㄢ
橋津,1,ㄑㄧㄠˊ ㄐㄧㄣ
橋腦,1,ㄑㄧㄠˊ ㄋㄠˇ
橐橐,1,ㄊㄨㄛˊ ㄊㄨㄛˊ
橐筆,1,ㄊㄨㄛˊ ㄅㄧˇ
橐籥,1,ㄊㄨㄛˊ ㄩㄝˋ
橘井,1,ㄐㄩˊ ㄐㄧㄥˇ
橘奴,1,ㄐㄩˊ ㄋㄨˊ
橘柑,1,ㄐㄩˊ ㄍㄢ
橘河,1,ㄐㄩˊ ㄏㄜˊ
橘皮,1,ㄐㄩˊ ㄆㄧˊ
橘絡,1,ㄐㄩˊ ㄌㄨㄛˋ
橘酒,1,ㄐㄩˊ ㄐㄧㄡˇ
橘頌,1,ㄐㄩˊ ㄙㄨㄥˋ
橘餅,1,ㄐㄩˊ ㄅㄧㄥˇ
橙子,1,ㄔㄥˊ ㄗ˙
橚爽,1,ㄙㄨˋ ㄕㄨㄤˇ
橚矗,1,ㄙㄨˋ ㄔㄨˋ
橛豎,1,ㄐㄩㄝˊ ㄕㄨˋ
機事,1,ㄐㄧ ㄕˋ
機伶,1,ㄐㄧ ㄌㄧㄥ˙
機兵,1,ㄐㄧ ㄅㄧㄥ
機利,1,ㄐㄧ ㄌㄧˋ
機彀,1,ㄐㄧ ㄍㄡˋ
機悟,1,ㄐㄧ ㄨˋ
機感,1,ㄐㄧ ㄍㄢˇ
機應,1,ㄐㄧ ㄧㄥˋ
機戶,1,ㄐㄧ ㄏㄨˋ
機扣,1,ㄐㄧ ㄎㄡˋ
機括,1,ㄐㄧ ㄍㄨㄚ
機捷,1,ㄐㄧ ㄐㄧㄝˊ
機斷,1,ㄐㄧ ㄉㄨㄢˋ
機柄,1,ㄐㄧ ㄅㄧㄥˇ
機栝,1,ㄐㄧ ㄍㄨㄚ
機槽,1,ㄐㄧ ㄘㄠˊ
機牙,1,ㄐㄧ ㄧㄚˊ
機發,1,ㄐㄧ ㄈㄚ
機神,1,ㄐㄧ ㄕㄣˊ
機米,1,ㄐㄧ ㄇㄧˇ
機緘,1,ㄐㄧ ㄐㄧㄢ
機臂,1,ㄐㄧ ㄅㄧˋ
機衡,1,ㄐㄧ ㄏㄥˊ
機見,1,ㄐㄧ ㄐㄧㄢˋ
機趣,1,ㄐㄧ ㄑㄩˋ
機辟,1,ㄐㄧ ㄅㄧˋ
機鋒,1,ㄐㄧ ㄈㄥ
機靈,1,ㄐㄧ ㄌㄧㄥ˙
橡斗,1,ㄒㄧㄤˋ ㄉㄡˇ
橡漿,1,ㄒㄧㄤˋ ㄐㄧㄤ
橤橤,1,ㄖㄨㄟˇ ㄖㄨㄟˇ
橦布,1,ㄊㄨㄥˊ ㄅㄨˋ
橧巢,1,ㄗㄥ ㄔㄠˊ
橫亡,1,ㄏㄥˋ ㄨㄤˊ
橫勁,1,ㄏㄥˋ ㄐㄧㄣˋ
橫匾,1,ㄏㄥˊ ㄅㄧㄢˇ
橫厲,1,ㄏㄥˋ ㄌㄧˋ
橫吹,1,ㄏㄥˊ ㄔㄨㄟ
橫塘,1,ㄏㄥˊ ㄊㄤˊ
橫夭,1,ㄏㄥˋ ㄧㄠ
橫幀,1,ㄏㄥˊ ㄓㄥˋ
橫恣,1,ㄏㄥˋ ㄗˋ
橫政,1,ㄏㄥˋ ㄓㄥˋ
橫梗,1,ㄏㄥˊ ㄍㄥˇ
橫流,1,ㄏㄥˋ ㄌㄧㄡˊ
橫渠,1,ㄏㄥˊ ㄑㄩˊ
橫痃,1,ㄏㄥˊ ㄒㄧㄢˊ
橫看,1,ㄏㄥˊ ㄎㄢˋ
橫秋,1,ㄏㄥˊ ㄑㄧㄡ
橫空,1,ㄏㄥˊ ㄎㄨㄥ
橫膈,1,ㄏㄥˊ ㄍㄜˊ
橫舍,1,ㄏㄥˊ ㄕㄜˋ
橫行,1,ㄏㄥˊ ㄒㄧㄥˊ
橫話,1,ㄏㄥˋ ㄏㄨㄚˋ
橫議,1,ㄏㄥˋ ㄧˋ
橫身,1,ㄏㄥˊ ㄕㄣ
橫逸,1,ㄏㄥˊ ㄧˋ
橫難,1,ㄏㄥˋ ㄋㄢˋ
橫頭,1,ㄏㄥˊ ㄊㄡˊ
橫飛,1,ㄏㄥˊ ㄈㄟ
橫骨,1,ㄏㄥˊ ㄍㄨˇ
橿鳥,1,ㄐㄧㄤ ㄋㄧㄠˇ
檀信,1,ㄊㄢˊ ㄒㄧㄣˋ
檀口,1,ㄊㄢˊ ㄎㄡˇ
檀施,1,ㄊㄢˊ ㄕ
檀林,1,ㄊㄢˊ ㄌㄧㄣˊ
檀槽,1,ㄊㄢˊ ㄘㄠˊ
檀欒,1,ㄊㄢˊ ㄌㄨㄢˊ
檀粉,1,ㄊㄢˊ ㄈㄣˇ
檀車,1,ㄊㄢˊ ㄐㄩ
檀那,1,ㄊㄢˊ ㄋㄚˋ
檃栝,1,ㄧㄣˇ ㄍㄨㄚ
檄召,1,ㄒㄧˊ ㄓㄠˋ
檄書,1,ㄒㄧˊ ㄕㄨ
檄糴,1,ㄒㄧˊ ㄉㄧˊ
檇李,1,ㄗㄨㄟˋ ㄌㄧˇ
檉柏,1,ㄔㄥ ㄅㄛˊ
檑木,1,ㄌㄟˊ ㄇㄨˋ
檔口,1,ㄉㄤˇ ㄎㄡˇ
檔次,1,ㄉㄤˇ ㄘˋ
檕梅,1,ㄐㄧˋ ㄇㄟˊ
檜柏,1,ㄎㄨㄞˋ ㄅㄛˊ
檢厲,1,ㄐㄧㄢˇ ㄌㄧˋ
檢場,1,ㄐㄧㄢˇ ㄔㄤˊ
檢尺,1,ㄐㄧㄢˇ ㄔˇ
檢屍,1,ㄐㄧㄢˇ ㄕ
檢括,1,ㄐㄧㄢˇ ㄍㄨㄚ
檢控,1,ㄐㄧㄢˇ ㄎㄨㄥˋ
檢校,1,ㄐㄧㄢˇ ㄐㄧㄠˋ
檢漏,1,ㄐㄧㄢˇ ㄌㄡˋ
檢覈,1,ㄐㄧㄢˇ ㄏㄜˊ
檢送,1,ㄐㄧㄢˇ ㄙㄨㄥˋ
檢院,1,ㄐㄧㄢˇ ㄩㄢˋ
檣帆,1,ㄑㄧㄤˊ ㄈㄢˊ
檣桅,1,ㄑㄧㄤˊ ㄨㄟˊ
檣櫓,1,ㄑㄧㄤˊ ㄌㄨˇ
檮昧,1,ㄊㄠˊ ㄇㄟˋ
檮杌,1,ㄊㄠˊ ㄨˋ
檯曆,1,ㄊㄞˊ ㄌㄧˋ
檳城,1,ㄅㄧㄣ ㄔㄥˊ
檻檻,1,ㄐㄧㄢˋ ㄐㄧㄢˋ
櫂歌,1,ㄓㄠˋ ㄍㄜ
櫓棹,1,ㄌㄨˇ ㄓㄠˋ
櫓槳,1,ㄌㄨˇ ㄐㄧㄤˇ
櫛工,1,ㄐㄧㄝˊ ㄍㄨㄥ
櫛櫛,1,ㄐㄧㄝˊ ㄐㄧㄝˊ
櫜鞬,1,ㄍㄠ ㄐㄧㄢ
櫟散,1,ㄌㄧˋ ㄙㄢˇ
櫟釜,1,ㄌㄧˋ ㄈㄨˇ
櫨欂,1,ㄌㄨˊ ㄅㄛˊ
櫪馬,1,ㄌㄧˋ ㄇㄚˇ
櫱枝,1,ㄋㄧㄝˋ ㄓ
櫳嘯,1,ㄌㄨㄥˊ ㄒㄧㄠˋ
櫳子,1,ㄌㄨㄥˊ ㄗ˙
櫸木,1,ㄐㄩˇ ㄇㄨˋ
櫸柳,1,ㄐㄩˇ ㄌㄧㄡˇ
櫺床,1,ㄌㄧㄥˊ ㄔㄨㄤˊ
櫺軒,1,ㄌㄧㄥˊ ㄒㄩㄢ
櫻脣,1,ㄧㄥ ㄔㄨㄣˊ
櫻貝,1,ㄧㄥ ㄅㄟˋ
欂櫨,1,ㄅㄛˊ ㄌㄨˊ
欃槍,1,ㄔㄢˊ ㄔㄥ
欄楯,1,ㄌㄢˊ ㄕㄨㄣˇ
欄櫃,1,ㄌㄢˊ ㄍㄨㄟˋ
欄目,1,ㄌㄢˊ ㄇㄨˋ
權且,1,ㄑㄩㄢˊ ㄑㄧㄝˇ
權代,1,ㄑㄩㄢˊ ㄉㄞˋ
權佞,1,ㄑㄩㄢˊ ㄋㄧㄥˋ
權典,1,ㄑㄩㄢˊ ㄉㄧㄢˇ
權制,1,ㄑㄩㄢˊ ㄓˋ
權奇,1,ㄑㄩㄢˊ ㄑㄧˊ
權家,1,ㄑㄩㄢˊ ㄐㄧㄚ
權寵,1,ㄑㄩㄢˊ ㄔㄨㄥˇ
權幸,1,ㄑㄩㄢˊ ㄒㄧㄥˋ
權府,1,ㄑㄩㄢˊ ㄈㄨˇ
權度,1,ㄑㄩㄢˊ ㄉㄨˋ
權概,1,ㄑㄩㄢˊ ㄍㄞˋ
權詐,1,ㄑㄩㄢˊ ㄓㄚˋ
權軸,1,ㄑㄩㄢˊ ㄓㄨˊ
權輿,1,ㄑㄩㄢˊ ㄩˊ
權量,1,ㄑㄩㄢˊ ㄌㄧㄤˊ
權門,1,ㄑㄩㄢˊ ㄇㄣˊ
權首,1,ㄑㄩㄢˊ ㄕㄡˇ
欐佹,1,ㄌㄧˋ ㄍㄨㄟˇ
欒樹,1,ㄌㄨㄢˊ ㄕㄨˋ
欒欒,1,ㄌㄨㄢˊ ㄌㄨㄢˊ
欠事,1,ㄑㄧㄢˋ ㄕˋ
欠契,1,ㄑㄧㄢˋ ㄑㄧˋ
欠好,1,ㄑㄧㄢˋ ㄏㄠˇ
欠情,1,ㄑㄧㄢˋ ㄑㄧㄥˊ
欠據,1,ㄑㄧㄢˋ ㄐㄩˋ
欠收,1,ㄑㄧㄢˋ ㄕㄡ
欠租,1,ㄑㄧㄢˋ ㄗㄨ
次且,1,ㄗ ㄐㄩ
次妻,1,ㄘˋ ㄑㄧ
次室,1,ㄘˋ ㄕˋ
次席,1,ㄘˋ ㄒㄧˊ
次後,1,ㄘˋ ㄏㄡˋ
次房,1,ㄘˋ ㄈㄤˊ
次早,1,ㄘˋ ㄗㄠˇ
次篆,1,ㄘˋ ㄓㄨㄢˋ
次著,1,ㄘˋ ㄓㄨㄛˊ
次韻,1,ㄘˋ ㄩㄣˋ
次骨,1,ㄘˋ ㄍㄨˇ
欣企,1,ㄒㄧㄣ ㄑㄧˋ
欣忭,1,ㄒㄧㄣ ㄅㄧㄢˋ
欣戚,1,ㄒㄧㄣ ㄑㄧ
欣戴,1,ㄒㄧㄣ ㄉㄞˋ
欣抃,1,ㄒㄧㄣ ㄅㄧㄢˋ
欣躍,1,ㄒㄧㄣ ㄩㄝˋ
欲塹,1,ㄩˋ ㄑㄧㄢˋ
欲待,1,ㄩˋ ㄉㄞˋ
欺君,1,ㄑㄧ ㄐㄩㄣ
欺虐,1,ㄑㄧ ㄋㄩㄝˋ
欺誣,1,ㄑㄧ ㄨˊ
欺謾,1,ㄑㄧ ㄇㄢˊ
欺辱,1,ㄑㄧ ㄖㄨˇ
欺陵,1,ㄑㄧ ㄌㄧㄥˊ
欺隱,1,ㄑㄧ ㄧㄣˇ
欺魄,1,ㄑㄧ ㄆㄛˋ
欻吸,1,ㄏㄨ ㄒㄧ
欽佇,1,ㄑㄧㄣ ㄓㄨˋ
欽定,1,ㄑㄧㄣ ㄉㄧㄥˋ
欽工,1,ㄑㄧㄣ ㄍㄨㄥ
欽恤,1,ㄑㄧㄣ ㄒㄩˋ
欽承,1,ㄑㄧㄣ ㄔㄥˊ
欽挹,1,ㄑㄧㄣ ㄧˋ
欽敬,1,ㄑㄧㄣ ㄐㄧㄥˋ
欽服,1,ㄑㄧㄣ ㄈㄨˊ
欽案,1,ㄑㄧㄣ ㄢˋ
欽犯,1,ㄑㄧㄣ ㄈㄢˋ
欽賜,1,ㄑㄧㄣ ㄙˋ
欽遲,1,ㄑㄧㄣ ㄓˋ
欽點,1,ㄑㄧㄣ ㄉㄧㄢˇ
款交,1,ㄎㄨㄢˇ ㄐㄧㄠ
款住,1,ㄎㄨㄢˇ ㄓㄨˋ
款單,1,ㄎㄨㄢˇ ㄉㄢ
款塞,1,ㄎㄨㄢˇ ㄙㄞˋ
款客,1,ㄎㄨㄢˇ ㄎㄜˋ
款宴,1,ㄎㄨㄢˇ ㄧㄢˋ
款密,1,ㄎㄨㄢˇ ㄇㄧˋ
款引,1,ㄎㄨㄢˇ ㄧㄣˇ
款慢,1,ㄎㄨㄢˇ ㄇㄢˋ
款打,1,ㄎㄨㄢˇ ㄉㄚˇ
款接,1,ㄎㄨㄢˇ ㄐㄧㄝ
款曲,1,ㄎㄨㄢˇ ㄑㄩ
款服,1,ㄎㄨㄢˇ ㄈㄨˊ
款段,1,ㄎㄨㄢˇ ㄉㄨㄢˋ
款洽,1,ㄎㄨㄢˇ ㄑㄧㄚˋ
款狀,1,ㄎㄨㄢˇ ㄓㄨㄤˋ
款襟,1,ㄎㄨㄢˇ ㄐㄧㄣ
款要,1,ㄎㄨㄢˇ ㄧㄠˋ
款語,1,ㄎㄨㄢˇ ㄩˇ
款識,1,ㄎㄨㄢˇ ㄓˋ
款踏,1,ㄎㄨㄢˇ ㄊㄚˋ
款門,1,ㄎㄨㄢˇ ㄇㄣˊ
款關,1,ㄎㄨㄢˇ ㄍㄨㄢ
款附,1,ㄎㄨㄢˇ ㄈㄨˋ
款題,1,ㄎㄨㄢˇ ㄊㄧˊ
欿傺,1,ㄎㄢˇ ㄔˋ
欿憾,1,ㄎㄢˇ ㄏㄢˋ
歃血,1,ㄕㄚˋ ㄒㄩㄝˋ
歆動,1,ㄒㄧㄣ ㄉㄨㄥˋ
歆慕,1,ㄒㄧㄣ ㄇㄨˋ
歆歆,1,ㄒㄧㄣ ㄒㄧㄣ
歇乏,1,ㄒㄧㄝ ㄈㄚˊ
歇力,1,ㄒㄧㄝ ㄌㄧˋ
歇心,1,ㄒㄧㄝ ㄒㄧㄣ
歇息,1,ㄒㄧㄝ ㄒㄧ˙
歇拍,1,ㄒㄧㄝ ㄆㄞ
歇晌,1,ㄒㄧㄝ ㄕㄤˇ
歇泊,1,ㄒㄧㄝ ㄅㄛˊ
歇涼,1,ㄒㄧㄝ ㄌㄧㄤˊ
歇班,1,ㄒㄧㄝ ㄅㄢ
歇腿,1,ㄒㄧㄝ ㄊㄨㄟˇ
歇處,1,ㄒㄧㄝ ㄔㄨˋ
歇足,1,ㄒㄧㄝ ㄗㄨˊ
歇頂,1,ㄒㄧㄝ ㄉㄧㄥˇ
歇馬,1,ㄒㄧㄝ ㄇㄚˇ
歉仄,1,ㄑㄧㄢˋ ㄗㄜˋ
歉年,1,ㄑㄧㄢˋ ㄋㄧㄢˊ
歉歲,1,ㄑㄧㄢˋ ㄙㄨㄟˋ
歌伎,1,ㄍㄜ ㄐㄧˋ
歌吟,1,ㄍㄜ ㄧㄣˊ
歌吹,1,ㄍㄜ ㄔㄨㄟˋ
歌姬,1,ㄍㄜ ㄐㄧ
歌扇,1,ㄍㄜ ㄕㄢˋ
歌板,1,ㄍㄜ ㄅㄢˇ
歌樂,1,ㄍㄜ ㄩㄝˋ
歌筵,1,ㄍㄜ ㄧㄢˊ
歌郎,1,ㄍㄜ ㄌㄤˊ
歌鐘,1,ㄍㄜ ㄓㄨㄥ
歌音,1,ㄍㄜ ㄧㄣ
歌頭,1,ㄍㄜ ㄊㄡˊ
歎吁,1,ㄊㄢˋ ㄒㄩ
歎嗟,1,ㄊㄢˋ ㄐㄧㄝ
歎恨,1,ㄊㄢˋ ㄏㄣˋ
歎惋,1,ㄊㄢˋ ㄨㄢˋ
歎惜,1,ㄊㄢˋ ㄒㄧˊ
歎美,1,ㄊㄢˋ ㄇㄟˇ
歕飯,1,ㄆㄣ ㄈㄢˋ
歙張,1,ㄒㄧˋ ㄓㄤ
歙歙,1,ㄒㄧˋ ㄒㄧˋ
歙硯,1,ㄕㄜˋ ㄧㄢˋ
歙縣,1,ㄕㄜˋ ㄒㄧㄢˋ
歙肩,1,ㄒㄧˋ ㄐㄧㄢ
歙赩,1,ㄒㄧˋ ㄒㄧˋ
歡勢,1,ㄏㄨㄢ ㄕ˙
歡客,1,ㄏㄨㄢ ㄎㄜˋ
歡忭,1,ㄏㄨㄢ ㄅㄧㄢˋ
歡忻,1,ㄏㄨㄢ ㄒㄧㄣ
歡抃,1,ㄏㄨㄢ ㄅㄧㄢˋ
歡會,1,ㄏㄨㄢ ㄏㄨㄟˋ
歡洽,1,ㄏㄨㄢ ㄒㄧㄚˊ
歡翅,1,ㄏㄨㄢ ㄔˋ
歡躍,1,ㄏㄨㄢ ㄩㄝˋ
歡鄰,1,ㄏㄨㄢ ㄌㄧㄣˊ
歡門,1,ㄏㄨㄢ ㄇㄣˊ
止亂,1,ㄓˇ ㄌㄨㄢˋ
止兌,1,ㄓˇ ㄉㄨㄟˋ
止嘔,1,ㄓˇ ㄡˇ
止宿,1,ㄓˇ ㄙㄨˋ
止戈,1,ㄓˇ ㄍㄜ
止戰,1,ㄓˇ ㄓㄢˋ
止殺,1,ㄓˇ ㄕㄚ
止泊,1,ㄓˇ ㄅㄛˊ
止觀,1,ㄓˇ ㄍㄨㄢ
止詞,1,ㄓˇ ㄘˊ
止酒,1,ㄓˇ ㄐㄧㄡˇ
止頓,1,ㄓˇ ㄉㄨㄣˋ
正傳,1,ㄓㄥˋ ㄓㄨㄢˋ
正凶,1,ㄓㄥˋ ㄒㄩㄥ
正出,1,ㄓㄥˋ ㄔㄨ
正切,1,ㄓㄥˋ ㄑㄧㄝˋ
正劇,1,ㄓㄥˋ ㄐㄩˋ
正務,1,ㄓㄥˋ ㄨˋ
正味,1,ㄓㄥˋ ㄨㄟˋ
正品,1,ㄓㄥˋ ㄆㄧㄣˇ
正堂,1,ㄓㄥˋ ㄊㄤˊ
正妻,1,ㄓㄥˋ ㄑㄧ
正宅,1,ㄓㄥˋ ㄓㄞˊ
正寢,1,ㄓㄥˋ ㄑㄧㄣˇ
正屋,1,ㄓㄥˋ ㄨ
正店,1,ㄓㄥˋ ㄉㄧㄢˋ
正庫,1,ㄓㄥˋ ㄎㄨˋ
正意,1,ㄓㄥˋ ㄧˋ
正授,1,ㄓㄥˋ ㄕㄡˋ
正旦,1,ㄓㄥ ㄉㄢˋ
正旦,1,ㄓㄥˋ ㄉㄢˋ
正末,1,ㄓㄥˋ ㄇㄛˋ
正橋,1,ㄓㄥˋ ㄑㄧㄠˊ
正當,1,ㄓㄥˋ ㄉㄤˋ
正眼,1,ㄓㄥˋ ㄧㄢˇ
正章,1,ㄓㄥˋ ㄓㄤ
正經,1,ㄓㄥˋ ㄐㄧㄥ˙
正自,1,ㄓㄥˋ ㄗˋ
正襟,1,ㄓㄥˋ ㄐㄧㄣ
正話,1,ㄓㄥˋ ㄏㄨㄚˋ
正配,1,ㄓㄥˋ ㄆㄟˋ
正鋒,1,ㄓㄥˋ ㄈㄥ
正韻,1,ㄓㄥˋ ㄩㄣˋ
正項,1,ㄓㄥˋ ㄒㄧㄤˋ
正頭,1,ㄓㄥˋ ㄊㄡˊ
正顏,1,ㄓㄥˋ ㄧㄢˊ
正風,1,ㄓㄥˋ ㄈㄥ
正骨,1,ㄓㄥˋ ㄍㄨˇ
正鯨,1,ㄓㄥˋ ㄐㄧㄥ
正鵠,1,ㄓㄥ ㄍㄨˇ
此家,1,ㄘˇ ㄐㄧㄚ
此岸,1,ㄘˇ ㄢˋ
此豸,1,ㄘˇ ㄓˋ
此道,1,ㄘˇ ㄉㄠˋ
步光,1,ㄅㄨˋ ㄍㄨㄤ
步卒,1,ㄅㄨˋ ㄗㄨˊ
步嚲,1,ㄅㄨˋ ㄉㄨㄛˇ
步天,1,ㄅㄨˋ ㄊㄧㄢ
步幅,1,ㄅㄨˋ ㄈㄨˊ
步廊,1,ㄅㄨˋ ㄌㄤˊ
步弓,1,ㄅㄨˋ ㄍㄨㄥ
步快,1,ㄅㄨˋ ㄎㄨㄞˋ
步打,1,ㄅㄨˋ ㄉㄚˇ
步搖,1,ㄅㄨˋ ㄧㄠˊ
步擊,1,ㄅㄨˋ ㄐㄧˊ
步月,1,ㄅㄨˋ ㄩㄝˋ
步武,1,ㄅㄨˋ ㄨˇ
步爵,1,ㄅㄨˋ ㄐㄩㄝˊ
步砌,1,ㄅㄨˋ ㄑㄧㄝˋ
步簷,1,ㄅㄨˋ ㄧㄢˊ
步罡,1,ㄅㄨˋ ㄍㄤ
步蟾,1,ㄅㄨˋ ㄔㄢˊ
步走,1,ㄅㄨˋ ㄗㄡˇ
步趨,1,ㄅㄨˋ ㄑㄩ
步趾,1,ㄅㄨˋ ㄓˇ
步軍,1,ㄅㄨˋ ㄐㄩㄣ
步輦,1,ㄅㄨˋ ㄋㄧㄢˇ
步輿,1,ㄅㄨˋ ㄩˊ
步障,1,ㄅㄨˋ ㄓㄤˋ
步韻,1,ㄅㄨˋ ㄩㄣˋ
步頭,1,ㄅㄨˋ ㄊㄡˊ
步頻,1,ㄅㄨˋ ㄆㄧㄣˊ
步騎,1,ㄅㄨˋ ㄐㄧˋ
武丁,1,ㄨˇ ㄉㄧㄥ
武丑,1,ㄨˇ ㄔㄡˇ
武事,1,ㄨˇ ㄕˋ
武員,1,ㄨˇ ㄩㄢˊ
武媚,1,ㄨˇ ㄇㄟˋ
武工,1,ㄨˇ ㄍㄨㄥ
武庚,1,ㄨˇ ㄍㄥ
武庫,1,ㄨˇ ㄎㄨˋ
武廟,1,ㄨˇ ㄇㄧㄠˋ
武弁,1,ㄨˇ ㄅㄧㄢˋ
武會,1,ㄨˇ ㄏㄨㄟˋ
武火,1,ㄨˇ ㄏㄨㄛˇ
武科,1,ㄨˇ ㄎㄜ
武聖,1,ㄨˇ ㄕㄥˋ
武職,1,ㄨˇ ㄓˊ
武舉,1,ㄨˇ ㄐㄩˇ
武訓,1,ㄨˇ ㄒㄩㄣˋ
武象,1,ㄨˇ ㄒㄧㄤˋ
歪哥,1,ㄨㄞ ㄍㄜ
歪憋,1,ㄨㄞ ㄅㄧㄝ
歪才,1,ㄨㄞ ㄘㄞˊ
歪派,1,ㄨㄞ ㄆㄞ˙
歪纏,1,ㄨㄞ ㄔㄢˊ
歪話,1,ㄨㄞ ㄏㄨㄚˋ
歲事,1,ㄙㄨㄟˋ ㄕˋ
歲修,1,ㄙㄨㄟˋ ㄒㄧㄡ
歲功,1,ㄙㄨㄟˋ ㄍㄨㄥ
歲君,1,ㄙㄨㄟˋ ㄐㄩㄣ
歲夜,1,ㄙㄨㄟˋ ㄧㄝˋ
歲幣,1,ㄙㄨㄟˋ ㄅㄧˋ
歲弊,1,ㄙㄨㄟˋ ㄅㄧˋ
歲數,1,ㄙㄨㄟˋ ㄕㄨ˙
歲星,1,ㄙㄨㄟˋ ㄒㄧㄥ
歲時,1,ㄙㄨㄟˋ ㄕˊ
歲晏,1,ㄙㄨㄟˋ ㄧㄢˋ
歲會,1,ㄙㄨㄟˋ ㄎㄨㄞˋ
歲朝,1,ㄙㄨㄟˋ ㄓㄠ
歲杪,1,ㄙㄨㄟˋ ㄇㄧㄠˇ
歲考,1,ㄙㄨㄟˋ ㄎㄠˇ
歲荒,1,ㄙㄨㄟˋ ㄏㄨㄤ
歲華,1,ㄙㄨㄟˋ ㄏㄨㄚˊ
歲行,1,ㄙㄨㄟˋ ㄒㄧㄥˊ
歲試,1,ㄙㄨㄟˋ ㄕˋ
歲貢,1,ㄙㄨㄟˋ ㄍㄨㄥˋ
歲闌,1,ㄙㄨㄟˋ ㄌㄢˊ
歲陰,1,ㄙㄨㄟˋ ㄧㄣ
歲陽,1,ㄙㄨㄟˋ ㄧㄤˊ
歷下,1,ㄌㄧˋ ㄒㄧㄚˋ
歷亂,1,ㄌㄧˋ ㄌㄨㄢˋ
歷審,1,ㄌㄧˋ ㄕㄣˇ
歷山,1,ㄌㄧˋ ㄕㄢ
歷數,1,ㄌㄧˋ ㄕㄨˋ
歷日,1,ㄌㄧˋ ㄖˋ
歷正,1,ㄌㄧˋ ㄓㄥˋ
歷沴,1,ㄌㄧˋ ㄌㄧˋ
歷瀾,1,ㄌㄧˋ ㄌㄢˊ
歷碌,1,ㄌㄧˋ ㄌㄨˋ
歷落,1,ㄌㄧˋ ㄌㄨㄛˋ
歷遍,1,ㄌㄧˋ ㄆㄧㄢˋ
歷齒,1,ㄌㄧˋ ㄔˇ
歸伍,1,ㄍㄨㄟ ㄨˇ
歸休,1,ㄍㄨㄟ ㄒㄧㄡ
歸俗,1,ㄍㄨㄟ ㄙㄨˊ
歸元,1,ㄍㄨㄟ ㄩㄢˊ
歸勘,1,ㄍㄨㄟ ㄎㄢ
歸命,1,ㄍㄨㄟ ㄇㄧㄥˋ
歸因,1,ㄍㄨㄟ ㄧㄣ
歸坐,1,ㄍㄨㄟ ㄗㄨㄛˋ
歸墟,1,ㄍㄨㄟ ㄒㄩ
歸女,1,ㄍㄨㄟ ㄋㄩˇ
歸子,1,ㄍㄨㄟ ㄗˇ
歸家,1,ㄍㄨㄟ ㄐㄧㄚ
歸寢,1,ㄍㄨㄟ ㄑㄧㄣˇ
歸就,1,ㄍㄨㄟ ㄐㄧㄡˋ
歸山,1,ㄍㄨㄟ ㄕㄢ
歸巢,1,ㄍㄨㄟ ㄔㄠˊ
歸市,1,ㄍㄨㄟ ㄕˋ
歸帆,1,ㄍㄨㄟ ㄈㄢˊ
歸忱,1,ㄍㄨㄟ ㄔㄣˊ
歸房,1,ㄍㄨㄟ ㄈㄤˊ
歸攏,1,ㄍㄨㄟ ㄌㄨㄥˇ
歸暮,1,ㄍㄨㄟ ㄇㄨˋ
歸服,1,ㄍㄨㄟ ㄈㄨˊ
歸本,1,ㄍㄨㄟ ㄅㄣˇ
歸林,1,ㄍㄨㄟ ㄌㄧㄣˊ
歸棹,1,ㄍㄨㄟ ㄓㄠˋ
歸止,1,ㄍㄨㄟ ㄓˇ
歸流,1,ㄍㄨㄟ ㄌㄧㄡˊ
歸煙,1,ㄍㄨㄟ ㄧㄢ
歸煞,1,ㄍㄨㄟ ㄕㄚˋ
歸省,1,ㄍㄨㄟ ㄒㄧㄥˇ
歸神,1,ㄍㄨㄟ ㄕㄣˊ
歸福,1,ㄍㄨㄟ ㄈㄨˊ
歸竅,1,ㄍㄨㄟ ㄑㄧㄠˋ
歸籍,1,ㄍㄨㄟ ㄐㄧˊ
歸總,1,ㄍㄨㄟ ㄗㄨㄥˇ
歸置,1,ㄍㄨㄟ ㄓˋ
歸義,1,ㄍㄨㄟ ㄧˋ
歸耕,1,ㄍㄨㄟ ㄍㄥ
歸著,1,ㄍㄨㄟ ㄓㄨㄛˊ
歸藏,1,ㄍㄨㄟ ㄘㄤˊ
歸號,1,ㄍㄨㄟ ㄏㄠˋ
歸計,1,ㄍㄨㄟ ㄐㄧˋ
歸誠,1,ㄍㄨㄟ ㄔㄥˊ
歸趙,1,ㄍㄨㄟ ㄓㄠˋ
歸趨,1,ㄍㄨㄟ ㄑㄩ
歸農,1,ㄍㄨㄟ ㄋㄨㄥˊ
歸除,1,ㄍㄨㄟ ㄔㄨˊ
歸陰,1,ㄍㄨㄟ ㄧㄣ
歸零,1,ㄍㄨㄟ ㄌㄧㄥˊ
歸面,1,ㄍㄨㄟ ㄇㄧㄢˋ
歸餘,1,ㄍㄨㄟ ㄩˊ
歸首,1,ㄍㄨㄟ ㄕㄡˇ
歸骨,1,ㄍㄨㄟ ㄍㄨˇ
歸齊,1,ㄍㄨㄟ ㄑㄧˊ
歹口,1,ㄉㄞˇ ㄎㄡˇ
歹心,1,ㄉㄞˇ ㄒㄧㄣ
歹話,1,ㄉㄞˇ ㄏㄨㄚˋ
歹鬥,1,ㄉㄞˇ ㄉㄡˋ
死事,1,ㄙˇ ㄕˋ
死仗,1,ㄙˇ ㄓㄤˋ
死信,1,ㄙˇ ㄒㄧㄣˋ
死句,1,ㄙˇ ㄐㄩˋ
死國,1,ㄙˇ ㄍㄨㄛˊ
死契,1,ㄙˇ ㄑㄧˋ
死字,1,ㄙˇ ㄗˋ
死就,1,ㄙˇ ㄐㄧㄡˋ
死忌,1,ㄙˇ ㄐㄧˋ
死性,1,ㄙˇ ㄒㄧㄥ˙
死手,1,ㄙˇ ㄕㄡˇ
死狗,1,ㄙˇ ㄍㄡˇ
死獄,1,ㄙˇ ㄩˋ
死生,1,ㄙˇ ㄕㄥ
死症,1,ㄙˇ ㄓㄥˋ
死綏,1,ㄙˇ ㄙㄨㄟˊ
死義,1,ㄙˇ ㄧˋ
死肌,1,ㄙˇ ㄐㄧ
死背,1,ㄙˇ ㄅㄟˋ
死限,1,ㄙˇ ㄒㄧㄢˋ
死面,1,ㄙˇ ㄇㄧㄢˋ
死驢,1,ㄙˇ ㄌㄩˊ
死麵,1,ㄙˇ ㄇㄧㄢˋ
殀壽,1,ㄧㄠˇ ㄕㄡˋ
殂謝,1,ㄘㄨˊ ㄒㄧㄝˋ
殉利,1,ㄒㄩㄣˋ ㄌㄧˋ
殉義,1,ㄒㄩㄣˋ ㄧˋ
殊俗,1,ㄕㄨ ㄙㄨˊ
殊別,1,ㄕㄨ ㄅㄧㄝˊ
殊勛,1,ㄕㄨ ㄒㄩㄣ
殊品,1,ㄕㄨ ㄆㄧㄣˇ
殊效,1,ㄕㄨ ㄒㄧㄠˋ
殊方,1,ㄕㄨ ㄈㄤ
殊科,1,ㄕㄨ ㄎㄜ
殊絕,1,ㄕㄨ ㄐㄩㄝˊ
殊致,1,ㄕㄨ ㄓˋ
殊譽,1,ㄕㄨ ㄩˋ
殊選,1,ㄕㄨ ㄒㄩㄢˇ
殖殖,1,ㄓˊ ㄓˊ
殖穀,1,ㄓˊ ㄍㄨˇ
殖貨,1,ㄓˊ ㄏㄨㄛˋ
殗殜,1,ㄧㄝˋ ㄧㄝˋ
殘夏,1,ㄘㄢˊ ㄒㄧㄚˋ
殘敗,1,ㄘㄢˊ ㄅㄞˋ
殘步,1,ㄘㄢˊ ㄅㄨˋ
殘秋,1,ㄘㄢˊ ㄑㄧㄡ
殘編,1,ㄘㄢˊ ㄅㄧㄢ
殛斃,1,ㄐㄧˊ ㄅㄧˋ
殢人,1,ㄊㄧˋ ㄖㄣˊ
殢酒,1,ㄊㄧˋ ㄐㄧㄡˇ
殫亡,1,ㄉㄢ ㄨㄤˊ
殫盡,1,ㄉㄢ ㄐㄧㄣˋ
殮殯,1,ㄌㄧㄢˋ ㄅㄧㄣˋ
殯舍,1,ㄅㄧㄣˋ ㄕㄜˋ
殯車,1,ㄅㄧㄣˋ ㄔㄜ
殳書,1,ㄕㄨ ㄕㄨ
段子,1,ㄉㄨㄢˋ ㄗ˙
段頭,1,ㄉㄨㄢˋ ㄊㄡ˙
殷同,1,ㄧㄣ ㄊㄨㄥˊ
殷契,1,ㄧㄣ ㄑㄧˋ
殷榘,1,ㄧㄣ ㄐㄩˇ
殷正,1,ㄧㄣ ㄓㄥ
殷武,1,ㄧㄣ ㄨˇ
殷殷,1,ㄧㄣ ㄧㄣ
殷浩,1,ㄧㄣ ㄏㄠˋ
殷渥,1,ㄧㄣ ㄨㄛˋ
殷湯,1,ㄧㄣ ㄊㄤ
殷然,1,ㄧㄢ ㄖㄢˊ
殷盛,1,ㄧㄣ ㄕㄥˋ
殷盤,1,ㄧㄣ ㄆㄢˊ
殷盼,1,ㄧㄣ ㄆㄢˋ
殷薦,1,ㄧㄣ ㄐㄧㄢˋ
殷見,1,ㄧㄣ ㄐㄧㄢˋ
殷軫,1,ㄧㄣ ㄓㄣˇ
殷轔,1,ㄧㄣ ㄌㄧㄣˊ
殷鋼,1,ㄧㄣ ㄍㄤ
殷阜,1,ㄧㄣ ㄈㄨˋ
殷頑,1,ㄧㄣ ㄨㄢˊ
殺剁,1,ㄕㄚ ㄉㄨㄛˋ
殺坯,1,ㄕㄚ ㄆㄧ
殺才,1,ㄕㄚ ㄘㄞˊ
殼果,1,ㄎㄜˊ ㄍㄨㄛˇ
殽亂,1,ㄧㄠˊ ㄌㄨㄢˋ
殽核,1,ㄧㄠˊ ㄏㄜˊ
殽舛,1,ㄧㄠˊ ㄔㄨㄢˇ
殽雜,1,ㄧㄠˊ ㄗㄚˊ
殽饌,1,ㄧㄠˊ ㄓㄨㄢˋ
殿元,1,ㄉㄧㄢˋ ㄩㄢˊ
殿屎,1,ㄉㄧㄢˋ ㄒㄧ
殿本,1,ㄉㄧㄢˋ ㄅㄣˇ
殿版,1,ㄉㄧㄢˋ ㄅㄢˇ
殿閣,1,ㄉㄧㄢˋ ㄍㄜˊ
毀打,1,ㄏㄨㄟˇ ㄉㄚˇ
毀敗,1,ㄏㄨㄟˇ ㄅㄞˋ
毀熸,1,ㄏㄨㄟˇ ㄐㄧㄢ
毀疾,1,ㄏㄨㄟˇ ㄐㄧˊ
毀瘠,1,ㄏㄨㄟˇ ㄐㄧˊ
毀短,1,ㄏㄨㄟˇ ㄉㄨㄢˇ
毀顏,1,ㄏㄨㄟˇ ㄧㄢˊ
毀齒,1,ㄏㄨㄟˇ ㄔˇ
毆辱,1,ㄡ ㄖㄨˋ
毋乃,1,ㄨˊ ㄋㄞˇ
毋得,1,ㄨˊ ㄉㄜˊ
毋須,1,ㄨˊ ㄒㄩ
母兄,1,ㄇㄨˇ ㄒㄩㄥ
母匙,1,ㄇㄨˇ ㄔˊ
母喪,1,ㄇㄨˇ ㄙㄤ
母帶,1,ㄇㄨˇ ㄉㄞˋ
母弟,1,ㄇㄨˇ ㄉㄧˋ
母斑,1,ㄇㄨˇ ㄅㄢ
母範,1,ㄇㄨˇ ㄈㄢˋ
母財,1,ㄇㄨˇ ㄘㄞˊ
每常,1,ㄇㄟˇ ㄔㄤˊ
毒卉,1,ㄉㄨˊ ㄏㄨㄟˋ
毒咬,1,ㄉㄨˊ ㄧㄠˇ
毒招,1,ㄉㄨˊ ㄓㄠ
毒烈,1,ㄉㄨˊ ㄌㄧㄝˋ
毒砂,1,ㄉㄨˊ ㄕㄚ
毒腺,1,ㄉㄨˊ ㄒㄧㄢˋ
毒語,1,ㄉㄨˊ ㄩˇ
毒謀,1,ㄉㄨˊ ㄇㄡˊ
毒霧,1,ㄉㄨˊ ㄨˋ
毒龍,1,ㄉㄨˊ ㄌㄨㄥˊ
毓賢,1,ㄩˋ ㄒㄧㄢˊ
比仿,1,ㄅㄧˇ ㄈㄤˇ
比似,1,ㄅㄧˇ ㄙˋ
比先,1,ㄅㄧˇ ㄒㄧㄢ
比兒,1,ㄅㄧˇ ㄦˊ
比劃,1,ㄅㄧˇ ㄏㄨㄚ˙
比勢,1,ㄅㄧˇ ㄕˋ
比卯,1,ㄅㄧˇ ㄇㄠˇ
比及,1,ㄅㄧˋ ㄐㄧˊ
比合,1,ㄅㄧˇ ㄏㄜˊ
比周,1,ㄅㄧˋ ㄓㄡ
比壽,1,ㄅㄧˇ ㄕㄡˋ
比屋,1,ㄅㄧˋ ㄨ
比度,1,ㄅㄧˇ ㄉㄨˋ
比心,1,ㄅㄧˇ ㄒㄧㄣ
比捕,1,ㄅㄧˋ ㄅㄨˇ
比數,1,ㄅㄧˇ ㄕㄨˇ
比方,1,ㄅㄧˇ ㄈㄤ˙
比時,1,ㄅㄧˇ ㄕˊ
比景,1,ㄅㄧˇ ㄐㄧㄥˇ
比校,1,ㄅㄧˇ ㄐㄧㄠˋ
比歲,1,ㄅㄧˋ ㄙㄨㄟˋ
比況,1,ㄅㄧˇ ㄎㄨㄤˋ
比物,1,ㄅㄧˇ ㄨˋ
比甲,1,ㄅㄧˇ ㄐㄧㄚˇ
比目,1,ㄅㄧˇ ㄇㄨˋ
比至,1,ㄅㄧˋ ㄓˋ
比興,1,ㄅㄧˇ ㄒㄧㄥˋ
比舍,1,ㄅㄧˋ ㄕㄜˋ
比親,1,ㄅㄧˋ ㄑㄧㄣ
比試,1,ㄅㄧˇ ㄕ˙
比語,1,ㄅㄧˇ ㄩˇ
比象,1,ㄅㄧˇ ㄒㄧㄤˋ
比跡,1,ㄅㄧˇ ㄐㄧ
比蹤,1,ㄅㄧˋ ㄗㄨㄥ
比輯,1,ㄅㄧˇ ㄐㄧˊ
比邱,1,ㄅㄧˇ ㄑㄧㄡ
比部,1,ㄅㄧˇ ㄅㄨˋ
比配,1,ㄅㄧˇ ㄆㄟˋ
比量,1,ㄅㄧˇ ㄌㄧㄤ˙
比金,1,ㄅㄧˇ ㄐㄧㄣ
毖泉,1,ㄅㄧˋ ㄑㄩㄢˊ
毖祀,1,ㄅㄧˋ ㄙˋ
毗佐,1,ㄆㄧˊ ㄗㄨㄛˇ
毗倚,1,ㄆㄧˊ ㄧˇ
毗益,1,ㄆㄧˊ ㄧˋ
毗陵,1,ㄆㄧˊ ㄌㄧㄥˊ
毚兔,1,ㄔㄢˊ ㄊㄨˋ
毚微,1,ㄔㄢˊ ㄨㄟˊ
毚檀,1,ㄔㄢˊ ㄊㄢˊ
毚欲,1,ㄔㄢˊ ㄩˋ
毛了,1,ㄇㄠˊ ㄌㄜ˙
毛亨,1,ㄇㄠˊ ㄏㄥ
毛人,1,ㄇㄠˊ ㄖㄣˊ
毛公,1,ㄇㄠˊ ㄍㄨㄥ
毛包,1,ㄇㄠˊ ㄅㄠ
毛司,1,ㄇㄠˊ ㄙ˙
毛咕,1,ㄇㄠˊ ㄍㄨ˙
毛團,1,ㄇㄠˊ ㄊㄨㄢˊ
毛嬙,1,ㄇㄠˊ ㄑㄧㄤˊ
毛布,1,ㄇㄠˊ ㄅㄨˋ
毛序,1,ㄇㄠˊ ㄒㄩˋ
毛廁,1,ㄇㄠˊ ㄙ˙
毛心,1,ㄇㄠˊ ㄒㄧㄣ
毛板,1,ㄇㄠˊ ㄅㄢˇ
毛樣,1,ㄇㄠˊ ㄧㄤˋ
毛渠,1,ㄇㄠˊ ㄑㄩˊ
毛燕,1,ㄇㄠˊ ㄧㄢˋ
毛物,1,ㄇㄠˊ ㄨˋ
毛犀,1,ㄇㄠˊ ㄒㄧ
毛玠,1,ㄇㄠˊ ㄐㄧㄝˋ
毛穎,1,ㄇㄠˊ ㄧㄥˇ
毛窩,1,ㄇㄠˊ ㄨㄛ
毛紙,1,ㄇㄠˊ ㄓˇ
毛繩,1,ㄇㄠˊ ㄕㄥˊ
毛群,1,ㄇㄠˊ ㄑㄩㄣˊ
毛腰,1,ㄇㄠˊ ㄧㄠ
毛舉,1,ㄇㄠˊ ㄐㄩˇ
毛茸,1,ㄇㄠˊ ㄖㄨㄥˊ
毛草,1,ㄇㄠˊ ㄘㄠˇ
毛萇,1,ㄇㄠˊ ㄔㄤˊ
毛薑,1,ㄇㄠˊ ㄐㄧㄤ
毛藍,1,ㄇㄠˊ ㄌㄢˊ
毛蚶,1,ㄇㄠˊ ㄏㄢ
毛蜞,1,ㄇㄠˊ ㄑㄧˊ
毛蝦,1,ㄇㄠˊ ㄒㄧㄚ
毛蝨,1,ㄇㄠˊ ㄕ
毛血,1,ㄇㄠˊ ㄒㄧㄝˇ
毛衫,1,ㄇㄠˊ ㄕㄢ
毛譜,1,ㄇㄠˊ ㄆㄨˇ
毛象,1,ㄇㄠˊ ㄒㄧㄤˋ
毛錢,1,ㄇㄠˊ ㄑㄧㄢˊ
毛雨,1,ㄇㄠˊ ㄩˇ
毛頭,1,ㄇㄠˊ ㄊㄡˊ
毛食,1,ㄇㄠˊ ㄕˊ
毣毣,1,ㄇㄠˋ ㄇㄠˋ
毫不,1,ㄏㄠˊ ㄅㄨˋ
毫光,1,ㄏㄠˊ ㄍㄨㄤ
毫子,1,ㄏㄠˊ ㄗ˙
毫帛,1,ㄏㄠˊ ㄅㄛˊ
毫洋,1,ㄏㄠˊ ㄧㄤˊ
毫端,1,ㄏㄠˊ ㄉㄨㄢ
毫素,1,ㄏㄠˊ ㄙㄨˋ
毫芒,1,ㄏㄠˊ ㄇㄤˊ
毫針,1,ㄏㄠˊ ㄓㄣ
毬蘭,1,ㄑㄧㄡˊ ㄌㄢˊ
毰毸,1,ㄆㄟˊ ㄙㄞ
毳冕,1,ㄘㄨㄟˋ ㄇㄧㄢˇ
毳客,1,ㄘㄨㄟˋ ㄎㄜˋ
毳帳,1,ㄘㄨㄟˋ ㄓㄤˋ
毳毛,1,ㄘㄨㄟˋ ㄇㄠˊ
毳衣,1,ㄘㄨㄟˋ ㄧ
毳錦,1,ㄘㄨㄟˋ ㄐㄧㄣˇ
毷氉,1,ㄇㄠˋ ㄗㄠˋ
毽球,1,ㄐㄧㄢˋ ㄑㄧㄡˊ
毾㲪,1,ㄊㄚˋ ㄉㄥ
毿毿,1,ㄙㄢ ㄙㄢ
氂纓,1,ㄌㄧˊ ㄧㄥ
氃氋,1,ㄊㄨㄥˊ ㄇㄥˊ
氄刺,1,ㄖㄨㄥˇ ㄘˋ
氄毛,1,ㄖㄨㄥˇ ㄇㄠˊ
氈包,1,ㄓㄢ ㄅㄠ
氈房,1,ㄓㄢ ㄈㄤˊ
氈條,1,ㄓㄢ ㄊㄧㄠˊ
氈毛,1,ㄓㄢ ㄇㄠˊ
氈笠,1,ㄓㄢ ㄌㄧˋ
氈裘,1,ㄓㄢ ㄑㄧㄡˊ
氈車,1,ㄓㄢ ㄔㄜ
氈鄉,1,ㄓㄢ ㄒㄧㄤ
氋氃,1,ㄇㄥˊ ㄊㄨㄥˊ
氐羌,1,ㄉㄧ ㄑㄧㄤ
民人,1,ㄇㄧㄣˊ ㄖㄣˊ
民勞,1,ㄇㄧㄣˊ ㄌㄠˊ
民埝,1,ㄇㄧㄣˊ ㄋㄧㄢˋ
民壯,1,ㄇㄧㄣˊ ㄓㄨㄤˋ
民天,1,ㄇㄧㄣˊ ㄊㄧㄢ
民夷,1,ㄇㄧㄣˊ ㄧˊ
民居,1,ㄇㄧㄣˊ ㄐㄩ
民彞,1,ㄇㄧㄣˊ ㄧˊ
民德,1,ㄇㄧㄣˊ ㄉㄜˊ
民志,1,ㄇㄧㄣˊ ㄓˋ
民時,1,ㄇㄧㄣˊ ㄕˊ
民業,1,ㄇㄧㄣˊ ㄧㄝˋ
民極,1,ㄇㄧㄣˊ ㄐㄧˊ
民牧,1,ㄇㄧㄣˊ ㄇㄨˋ
民籍,1,ㄇㄧㄣˊ ㄐㄧˊ
民蠹,1,ㄇㄧㄣˊ ㄉㄨˋ
民譽,1,ㄇㄧㄣˊ ㄩˋ
民負,1,ㄇㄧㄣˊ ㄈㄨˋ
民食,1,ㄇㄧㄣˊ ㄕˊ
氓隸,1,ㄇㄤˊ ㄌㄧˋ
氖燈,1,ㄋㄞˇ ㄉㄥ
氛厲,1,ㄈㄣ ㄌㄧˋ
氛昏,1,ㄈㄣ ㄏㄨㄣ
氛氳,1,ㄈㄣ ㄩㄣ
氛祲,1,ㄈㄣ ㄐㄧㄣ
氛邪,1,ㄈㄣ ㄒㄧㄝˊ
氟石,1,ㄈㄨˊ ㄕˊ
氡氣,1,ㄉㄨㄥ ㄑㄧˋ
氣井,1,ㄑㄧˋ ㄐㄧㄥˇ
氣分,1,ㄑㄧˋ ㄈㄣ˙
氣割,1,ㄑㄧˋ ㄍㄜ
氣命,1,ㄑㄧˋ ㄇㄧㄥˋ
氣喪,1,ㄑㄧˋ ㄙㄤˋ
氣嗓,1,ㄑㄧˋ ㄙㄤˇ
氣噎,1,ㄑㄧˋ ㄧㄝ
氣塞,1,ㄑㄧˋ ㄙㄜˋ
氣夯,1,ㄑㄧˋ ㄏㄤ
氣強,1,ㄑㄧˋ ㄑㄧㄤˊ
氣急,1,ㄑㄧˋ ㄐㄧˊ
氣性,1,ㄑㄧˋ ㄒㄧㄥ˙
氣拍,1,ㄑㄧˋ ㄆㄞ
氣樓,1,ㄑㄧˋ ㄌㄡˊ
氣歇,1,ㄑㄧˋ ㄒㄧㄝ
氣母,1,ㄑㄧˋ ㄇㄨˇ
氣毬,1,ㄑㄧˋ ㄑㄧㄡˊ
氣派,1,ㄑㄧˋ ㄆㄞ˙
氣海,1,ㄑㄧˋ ㄏㄞˇ
氣湊,1,ㄑㄧˋ ㄘㄡˋ
氣煤,1,ㄑㄧˋ ㄇㄟˊ
氣盡,1,ㄑㄧˋ ㄐㄧㄣˋ
氣禁,1,ㄑㄧˋ ㄐㄧㄣˋ
氣粗,1,ㄑㄧˋ ㄘㄨ
氣索,1,ㄑㄧˋ ㄙㄨㄛˇ
氣胸,1,ㄑㄧˋ ㄒㄩㄥ
氣脈,1,ㄑㄧˋ ㄇㄞˋ
氣腹,1,ㄑㄧˋ ㄈㄨˋ
氣艇,1,ㄑㄧˋ ㄊㄧㄥˇ
氣苦,1,ㄑㄧˋ ㄎㄨˇ
氣蠱,1,ㄑㄧˋ ㄍㄨˇ
氣血,1,ㄑㄧˋ ㄒㄩㄝˋ
氣誼,1,ㄑㄧˋ ㄧˋ
氣賭,1,ㄑㄧˋ ㄉㄨˇ
氣逆,1,ㄑㄧˋ ㄋㄧˋ
氣道,1,ㄑㄧˋ ㄉㄠˋ
氣量,1,ㄑㄧˋ ㄌㄧㄤ˙
氣銲,1,ㄑㄧˋ ㄏㄢˋ
氣錘,1,ㄑㄧˋ ㄔㄨㄟˊ
氣鍋,1,ㄑㄧˋ ㄍㄨㄛ
氣類,1,ㄑㄧˋ ㄌㄟˋ
氣骨,1,ㄑㄧˋ ㄍㄨˇ
氣高,1,ㄑㄧˋ ㄍㄠ
氣鬱,1,ㄑㄧˋ ㄩˋ
氣鼓,1,ㄑㄧˋ ㄍㄨˇ
氤鬱,1,ㄧㄣ ㄩˋ
氧債,1,ㄧㄤˇ ㄓㄞˋ
氧割,1,ㄧㄤˇ ㄍㄜ
氧吧,1,ㄧㄤˇ ㄅㄚ
氨氣,1,ㄢ ㄑㄧˋ
氫爆,1,ㄑㄧㄥ ㄅㄠˋ
氮環,1,ㄉㄢˋ ㄏㄨㄢˊ
氯丹,1,ㄌㄩˋ ㄉㄢ
氯醛,1,ㄌㄩˋ ㄑㄩㄢˊ
水丞,1,ㄕㄨㄟˇ ㄔㄥˊ
水丹,1,ㄕㄨㄟˇ ㄉㄢ
水乳,1,ㄕㄨㄟˇ ㄖㄨˇ
水儉,1,ㄕㄨㄟˇ ㄐㄧㄢˇ
水勺,1,ㄕㄨㄟˇ ㄕㄠˊ
水厄,1,ㄕㄨㄟˇ ㄜˋ
水商,1,ㄕㄨㄟˇ ㄕㄤ
水單,1,ㄕㄨㄟˇ ㄉㄢ
水圈,1,ㄕㄨㄟˇ ㄑㄩㄢ
水國,1,ㄕㄨㄟˇ ㄍㄨㄛˊ
水團,1,ㄕㄨㄟˇ ㄊㄨㄢˊ
水天,1,ㄕㄨㄟˇ ㄊㄧㄢ
水夫,1,ㄕㄨㄟˇ ㄈㄨ
水官,1,ㄕㄨㄟˇ ㄍㄨㄢ
水客,1,ㄕㄨㄟˇ ㄎㄜˋ
水宿,1,ㄕㄨㄟˇ ㄒㄧㄡˋ
水局,1,ㄕㄨㄟˇ ㄐㄩˊ
水居,1,ㄕㄨㄟˇ ㄐㄩ
水府,1,ㄕㄨㄟˇ ㄈㄨˇ
水心,1,ㄕㄨㄟˇ ㄒㄧㄣ
水懺,1,ㄕㄨㄟˇ ㄔㄢˋ
水戽,1,ㄕㄨㄟˇ ㄏㄨˋ
水旱,1,ㄕㄨㄟˇ ㄏㄢˋ
水曲,1,ㄕㄨㄟˇ ㄑㄩ
水會,1,ㄕㄨㄟˇ ㄏㄨㄟˋ
水木,1,ㄕㄨㄟˇ ㄇㄨˋ
水根,1,ㄕㄨㄟˇ ㄍㄣ
水楊,1,ㄕㄨㄟˇ ㄧㄤˊ
水櫃,1,ㄕㄨㄟˇ ㄍㄨㄟˋ
水權,1,ㄕㄨㄟˇ ㄑㄩㄢˊ
水次,1,ㄕㄨㄟˇ ㄘˋ
水汀,1,ㄕㄨㄟˇ ㄊㄧㄥ
水汊,1,ㄕㄨㄟˇ ㄔㄚˋ
水浮,1,ㄕㄨㄟˇ ㄈㄨˊ
水涯,1,ㄕㄨㄟˇ ㄧㄚˊ
水漏,1,ㄕㄨㄟˇ ㄌㄡˋ
水濱,1,ㄕㄨㄟˇ ㄅㄧㄣ
水瀉,1,ㄕㄨㄟˇ ㄒㄧㄝˋ
水界,1,ㄕㄨㄟˇ ㄐㄧㄝˋ
水疱,1,ㄕㄨㄟˇ ㄆㄠˋ
水盂,1,ㄕㄨㄟˇ ㄩˊ
水秤,1,ㄕㄨㄟˇ ㄔㄥˋ
水程,1,ㄕㄨㄟˇ ㄔㄥˊ
水稗,1,ㄕㄨㄟˇ ㄅㄞˋ
水筲,1,ㄕㄨㄟˇ ㄕㄠ
水篩,1,ㄕㄨㄟˇ ㄕㄞ
水精,1,ㄕㄨㄟˇ ㄐㄧㄥ
水絲,1,ㄕㄨㄟˇ ㄙ
水綿,1,ㄕㄨㄟˇ ㄇㄧㄢˊ
水脈,1,ㄕㄨㄟˇ ㄇㄞˋ
水腳,1,ㄕㄨㄟˇ ㄐㄧㄠˇ
水荒,1,ㄕㄨㄟˇ ㄏㄨㄤ
水蓼,1,ㄕㄨㄟˇ ㄌㄧㄠˇ
水蔥,1,ㄕㄨㄟˇ ㄘㄨㄥ
水蕨,1,ㄕㄨㄟˇ ㄐㄩㄝˊ
水虱,1,ㄕㄨㄟˇ ㄕ
水衣,1,ㄕㄨㄟˇ ㄧ
水裔,1,ㄕㄨㄟˇ ㄧˋ
水賊,1,ㄕㄨㄟˇ ㄗㄟˊ
水遁,1,ㄕㄨㄟˇ ㄉㄨㄣˋ
水都,1,ㄕㄨㄟˇ ㄉㄨ
水鏡,1,ㄕㄨㄟˇ ㄐㄧㄥˋ
水鏽,1,ㄕㄨㄟˇ ㄒㄧㄡˋ
水鑽,1,ㄕㄨㄟˇ ㄗㄨㄢˋ
水雞,1,ㄕㄨㄟˇ ㄐㄧ
水靈,1,ㄕㄨㄟˇ ㄌㄧㄥˊ
水飛,1,ㄕㄨㄟˇ ㄈㄟ
水飲,1,ㄕㄨㄟˇ ㄧㄣˇ
水驛,1,ㄕㄨㄟˇ ㄧˋ
水鬢,1,ㄕㄨㄟˇ ㄅㄧㄣˋ
水魚,1,ㄕㄨㄟˇ ㄩˊ
水鶴,1,ㄕㄨㄟˇ ㄏㄜˋ
水鹿,1,ㄕㄨㄟˇ ㄌㄨˋ
水麵,1,ㄕㄨㄟˇ ㄇㄧㄢˋ
水麻,1,ㄕㄨㄟˇ ㄇㄚˊ
水黽,1,ㄕㄨㄟˇ ㄇㄧㄣˇ
永命,1,ㄩㄥˇ ㄇㄧㄥˋ
永夕,1,ㄩㄥˇ ㄒㄧˋ
永夜,1,ㄩㄥˇ ㄧㄝˋ
永巷,1,ㄩㄥˇ ㄒㄧㄤˋ
永康,1,ㄩㄥˇ ㄎㄤ
永慕,1,ㄩㄥˇ ㄇㄨˋ
永日,1,ㄩㄥˇ ㄖˋ
永晝,1,ㄩㄥˇ ㄓㄡˋ
永眠,1,ㄩㄥˇ ㄇㄧㄢˊ
永逝,1,ㄩㄥˇ ㄕˋ
永逸,1,ㄩㄥˇ ㄧˋ
氾博,1,ㄈㄢˋ ㄅㄛˊ
氾愛,1,ㄈㄢˋ ㄞˋ
氾拜,1,ㄈㄢˋ ㄅㄞˋ
氿泉,1,ㄍㄨㄟˇ ㄑㄩㄢˊ
汀曲,1,ㄊㄧㄥ ㄑㄩ
汀濘,1,ㄊㄧㄥ ㄋㄧㄥˊ
汀瀅,1,ㄊㄧㄥ ㄧㄥˊ
汀線,1,ㄊㄧㄥ ㄒㄧㄢˋ
求事,1,ㄑㄧㄡˊ ㄕˋ
求仕,1,ㄑㄧㄡˊ ㄕˋ
求借,1,ㄑㄧㄡˊ ㄐㄧㄝˋ
求假,1,ㄑㄧㄡˊ ㄐㄧㄚˋ
求備,1,ㄑㄧㄡˊ ㄅㄟˋ
求嗣,1,ㄑㄧㄡˊ ㄙˋ
求官,1,ㄑㄧㄡˊ ㄍㄨㄢ
求宿,1,ㄑㄧㄡˊ ㄙㄨˋ
求戰,1,ㄑㄧㄡˊ ㄓㄢˋ
求牡,1,ㄑㄧㄡˊ ㄇㄨˇ
求索,1,ㄑㄧㄡˊ ㄙㄨㄛˇ
求聘,1,ㄑㄧㄡˊ ㄆㄧㄣˋ
求賢,1,ㄑㄧㄡˊ ㄒㄧㄢˊ
求道,1,ㄑㄧㄡˊ ㄉㄠˋ
求醫,1,ㄑㄧㄡˊ ㄧ
求靠,1,ㄑㄧㄡˊ ㄎㄠˋ
汆子,1,ㄘㄨㄢ ㄗ˙
汊子,1,ㄔㄚˋ ㄗ˙
汊流,1,ㄔㄚˋ ㄌㄧㄡˊ
汊港,1,ㄔㄚˋ ㄍㄤˇ
汍瀾,1,ㄨㄢˊ ㄌㄢˊ
汎亞,1,ㄈㄢˋ ㄧㄚˋ
汎濫,1,ㄈㄢˋ ㄌㄢˋ
汎瑟,1,ㄈㄢˋ ㄙㄜˋ
汎舟,1,ㄈㄢˋ ㄓㄡ
汕汕,1,ㄕㄢˋ ㄕㄢˋ
汗下,1,ㄏㄢˋ ㄒㄧㄚˋ
汗巾,1,ㄏㄢˋ ㄐㄧㄣ
汗帕,1,ㄏㄢˋ ㄆㄚˋ
汗手,1,ㄏㄢˋ ㄕㄡˇ
汗汗,1,ㄏㄢˋ ㄏㄢˋ
汗漫,1,ㄏㄢˋ ㄇㄢˋ
汗火,1,ㄏㄢˋ ㄏㄨㄛˇ
汗簡,1,ㄏㄢˋ ㄐㄧㄢˇ
汗馬,1,ㄏㄢˋ ㄇㄚˇ
汙尊,1,ㄨㄚ ㄗㄨㄣ
汙庳,1,ㄨㄚ ㄅㄟ
汙損,1,ㄨ ㄙㄨㄣˇ
汙水,1,ㄩˊ ㄕㄨㄟˇ
汙漫,1,ㄨ ㄇㄢˋ
汙痕,1,ㄨ ㄏㄣˊ
汙穢,1,ㄨ ㄏㄨㄟˋ
汙膺,1,ㄨㄚ ㄧㄥ
汙隆,1,ㄨ ㄌㄨㄥˊ
汛地,1,ㄒㄩㄣˋ ㄉㄧˋ
汛掃,1,ㄒㄩㄣˋ ㄙㄠˇ
汜水,1,ㄙˋ ㄕㄨㄟˇ
汝墳,1,ㄖㄨˇ ㄈㄣˊ
汝水,1,ㄖㄨˇ ㄕㄨㄟˇ
汝窯,1,ㄖㄨˇ ㄧㄠˊ
江下,1,ㄐㄧㄤ ㄒㄧㄚˋ
江介,1,ㄐㄧㄤ ㄐㄧㄝˋ
江參,1,ㄐㄧㄤ ㄘㄢ
江右,1,ㄐㄧㄤ ㄧㄡˋ
江天,1,ㄐㄧㄤ ㄊㄧㄢ
江妃,1,ㄐㄧㄤ ㄈㄟ
江孜,1,ㄐㄧㄤ ㄗ
江左,1,ㄐㄧㄤ ㄗㄨㄛˇ
江干,1,ㄐㄧㄤ ㄍㄢ
江彬,1,ㄐㄧㄤ ㄅㄧㄣ
江梅,1,ㄐㄧㄤ ㄇㄟˊ
江樓,1,ㄐㄧㄤ ㄌㄡˊ
江永,1,ㄐㄧㄤ ㄩㄥˇ
江淹,1,ㄐㄧㄤ ㄧㄢ
江渚,1,ㄐㄧㄤ ㄓㄨˇ
江湖,1,ㄐㄧㄤ ㄏㄨ˙
江潯,1,ㄐㄧㄤ ㄒㄩㄣˊ
江濱,1,ㄐㄧㄤ ㄅㄧㄣ
江珧,1,ㄐㄧㄤ ㄧㄠˊ
江瑤,1,ㄐㄧㄤ ㄧㄠˊ
江皋,1,ㄐㄧㄤ ㄍㄠ
江統,1,ㄐㄧㄤ ㄊㄨㄥˇ
江總,1,ㄐㄧㄤ ㄗㄨㄥˇ
江聲,1,ㄐㄧㄤ ㄕㄥ
江蘺,1,ㄐㄧㄤ ㄌㄧˊ
江表,1,ㄐㄧㄤ ㄅㄧㄠˇ
江豚,1,ㄐㄧㄤ ㄊㄨㄣˊ
江鄉,1,ㄐㄧㄤ ㄒㄧㄤ
江門,1,ㄐㄧㄤ ㄇㄣˊ
江雪,1,ㄐㄧㄤ ㄒㄩㄝˇ
江靡,1,ㄐㄧㄤ ㄇㄧˇ
池堂,1,ㄔˊ ㄊㄤˊ
池座,1,ㄔˊ ㄗㄨㄛˋ
池湯,1,ㄔˊ ㄊㄤ
池隍,1,ㄔˊ ㄏㄨㄤˊ
汩亂,1,ㄍㄨˇ ㄌㄨㄢˋ
汩徂,1,ㄩˋ ㄘㄨˊ
汩流,1,ㄩˋ ㄌㄧㄡˊ
汩起,1,ㄍㄨˇ ㄑㄧˇ
汩越,1,ㄩˋ ㄩㄝˋ
汪中,1,ㄨㄤ ㄓㄨㄥ
汪濊,1,ㄨㄤ ㄨㄟˋ
汪然,1,ㄨㄤ ㄖㄢˊ
汪踦,1,ㄨㄤ ㄑㄧˊ
汰侈,1,ㄊㄞˋ ㄔˇ
汲井,1,ㄐㄧˊ ㄐㄧㄥˇ
汲古,1,ㄐㄧˊ ㄍㄨˇ
汲直,1,ㄐㄧˊ ㄓˊ
汲綆,1,ㄐㄧˊ ㄍㄥˇ
汲道,1,ㄐㄧˊ ㄉㄠˋ
汲酒,1,ㄐㄧˊ ㄐㄧㄡˇ
汲黯,1,ㄐㄧˊ ㄢˋ
汴堤,1,ㄅㄧㄢˋ ㄊㄧˊ
汴州,1,ㄅㄧㄢˋ ㄓㄡ
汴梁,1,ㄅㄧㄢˋ ㄌㄧㄤˊ
汴水,1,ㄅㄧㄢˋ ㄕㄨㄟˇ
汶水,1,ㄨㄣˋ ㄕㄨㄟˇ
汸汸,1,ㄆㄤ ㄆㄤ
決了,1,ㄐㄩㄝˊ ㄌㄧㄠˇ
決嘴,1,ㄐㄩㄝˊ ㄗㄨㄟˇ
決拾,1,ㄐㄩㄝˊ ㄕˊ
決撒,1,ㄐㄩㄝˊ ㄙㄚ
決擇,1,ㄐㄩㄝˊ ㄗㄜˊ
決明,1,ㄐㄩㄝˊ ㄇㄧㄥˊ
決死,1,ㄐㄩㄝˊ ㄙˇ
決烈,1,ㄐㄩㄝˊ ㄌㄧㄝˋ
決獄,1,ㄐㄩㄝˊ ㄩˋ
決疑,1,ㄐㄩㄝˊ ㄧˊ
決眥,1,ㄐㄩㄝˊ ㄗˋ
決防,1,ㄐㄩㄝˊ ㄈㄤˊ
決驟,1,ㄐㄩㄝˊ ㄗㄡˋ
汽機,1,ㄑㄧˋ ㄐㄧ
汽輾,1,ㄑㄧˋ ㄋㄧㄢˇ
汽酒,1,ㄑㄧˋ ㄐㄧㄡˇ
沁寒,1,ㄑㄧㄣˋ ㄏㄢˊ
沁涼,1,ㄑㄧㄣˋ ㄌㄧㄤˊ
沂山,1,ㄧˊ ㄕㄢ
沂河,1,ㄧˊ ㄏㄜˊ
沃沃,1,ㄨㄛˋ ㄨㄛˋ
沃衍,1,ㄨㄛˋ ㄧㄢˇ
沄沄,1,ㄩㄣˊ ㄩㄣˊ
沅江,1,ㄩㄢˊ ㄐㄧㄤ
沆溉,1,ㄏㄤˋ ㄍㄞˋ
沆漭,1,ㄏㄤˋ ㄇㄤˇ
沇水,1,ㄧㄢˇ ㄕㄨㄟˇ
沇沇,1,ㄧㄢˇ ㄧㄢˇ
沇溶,1,ㄧㄢˇ ㄖㄨㄥˊ
沈周,1,ㄕㄣˇ ㄓㄡ
沈復,1,ㄕㄣˇ ㄈㄨˋ
沈腰,1,ㄕㄣˇ ㄧㄠ
沉伏,1,ㄔㄣˊ ㄈㄨˊ
沉冥,1,ㄔㄣˊ ㄇㄧㄥˊ
沉厚,1,ㄔㄣˊ ㄏㄡˋ
沉心,1,ㄔㄣˊ ㄒㄧㄣ
沉憂,1,ㄔㄣˊ ㄧㄡ
沉抑,1,ㄔㄣˊ ㄧˋ
沉枷,1,ㄔㄣˊ ㄐㄧㄚ
沉毅,1,ㄔㄣˊ ㄧˋ
沉水,1,ㄔㄣˊ ㄕㄨㄟˇ
沉浮,1,ㄔㄣˊ ㄈㄨˊ
沉渣,1,ㄔㄣˊ ㄓㄚ
沉滯,1,ㄔㄣˊ ㄓˋ
沉痼,1,ㄔㄣˊ ㄍㄨˋ
沉痾,1,ㄔㄣˊ ㄜ
沉眠,1,ㄔㄣˊ ㄇㄧㄢˊ
沉穩,1,ㄔㄣˊ ㄨㄣˇ
沉箱,1,ㄔㄣˊ ㄒㄧㄤ
沉綿,1,ㄔㄣˊ ㄇㄧㄢˊ
沉脈,1,ㄔㄣˊ ㄇㄞˋ
沉落,1,ㄔㄣˊ ㄌㄨㄛˋ
沉遠,1,ㄔㄣˊ ㄩㄢˇ
沉邃,1,ㄔㄣˊ ㄙㄨㄟˋ
沉酣,1,ㄔㄣˊ ㄏㄢ
沉陰,1,ㄔㄣˊ ㄧㄣ
沉雄,1,ㄔㄣˊ ㄒㄩㄥˊ
沉香,1,ㄔㄣˊ ㄒㄧㄤ
沉鬱,1,ㄔㄣˊ ㄩˋ
沐恩,1,ㄇㄨˋ ㄣ
沐日,1,ㄇㄨˋ ㄖˋ
沐猴,1,ㄇㄨˋ ㄏㄡˊ
沒下,1,ㄇㄛˋ ㄒㄧㄚˋ
沒亂,1,ㄇㄛˋ ㄌㄨㄢˋ
沒了,1,ㄇㄛˋ ㄌㄜ˙
沒人,1,ㄇㄛˋ ㄖㄣˊ
沒口,1,ㄇㄟˊ ㄎㄡˇ
沒味,1,ㄇㄟˊ ㄨㄟˋ
沒地,1,ㄇㄛˋ ㄉㄧˋ
沒地,1,ㄇㄟˊ ㄉㄜ˙
沒官,1,ㄇㄛˋ ㄍㄨㄢ
沒帳,1,ㄇㄟˊ ㄓㄤˋ
沒幸,1,ㄇㄟˊ ㄒㄧㄥˋ
沒幹,1,ㄇㄟˊ ㄍㄢˋ
沒後,1,ㄇㄛˋ ㄏㄡˋ
沒得,1,ㄇㄟˊ ㄉㄜ˙
沒揣,1,ㄇㄟˊ ㄔㄨㄞˇ
沒水,1,ㄇㄛˋ ㄕㄨㄟˇ
沒治,1,ㄇㄟˊ ㄓˋ
沒準,1,ㄇㄟˊ ㄓㄨㄣˇ
沒溺,1,ㄇㄛˋ ㄋㄧˋ
沒甚,1,ㄇㄟˊ ㄕㄣˊ
沒的,1,ㄇㄟˊ ㄉㄜ˙
沒福,1,ㄇㄟˊ ㄈㄨˊ
沒綑,1,ㄇㄟˊ ㄎㄨㄣˇ
沒羞,1,ㄇㄟˊ ㄒㄧㄡ
沒藥,1,ㄇㄛˋ ㄧㄠˋ
沒賽,1,ㄇㄟˊ ㄙㄞˋ
沒路,1,ㄇㄟˊ ㄌㄨˋ
沒身,1,ㄇㄛˋ ㄕㄣ
沒采,1,ㄇㄟˊ ㄘㄞˇ
沒門,1,ㄇㄟˊ ㄇㄣˊ
沒骨,1,ㄇㄛˋ ㄍㄨˇ
沓合,1,ㄊㄚˋ ㄏㄜˊ
沓拖,1,ㄊㄚˋ ㄊㄨㄛ
沓沓,1,ㄊㄚˋ ㄊㄚˋ
沔水,1,ㄇㄧㄢˇ ㄕㄨㄟˇ
沕漠,1,ㄨˋ ㄇㄛˋ
沕穆,1,ㄨˋ ㄇㄨˋ
沖人,1,ㄔㄨㄥ ㄖㄣˊ
沖剋,1,ㄔㄨㄥ ㄎㄜˋ
沖帳,1,ㄔㄨㄥ ㄓㄤˋ
沖年,1,ㄔㄨㄥ ㄋㄧㄢˊ
沖弱,1,ㄔㄨㄥ ㄖㄨㄛˋ
沖懷,1,ㄔㄨㄥ ㄏㄨㄞˊ
沖擴,1,ㄔㄨㄥ ㄎㄨㄛˋ
沖昧,1,ㄔㄨㄥ ㄇㄟˋ
沖末,1,ㄔㄨㄥ ㄇㄛˋ
沖模,1,ㄔㄨㄥ ㄇㄨˊ
沖流,1,ㄔㄨㄥ ㄌㄧㄡˊ
沖涼,1,ㄔㄨㄥ ㄌㄧㄤˊ
沖滌,1,ㄔㄨㄥ ㄉㄧˊ
沖瀉,1,ㄔㄨㄥ ㄒㄧㄝˋ
沖稅,1,ㄔㄨㄥ ㄕㄨㄟˋ
沖虛,1,ㄔㄨㄥ ㄒㄩ
沖霄,1,ㄔㄨㄥ ㄒㄧㄠ
沖默,1,ㄔㄨㄥ ㄇㄛˋ
沖鼻,1,ㄔㄨㄥ ㄅㄧˊ
沖齡,1,ㄔㄨㄥ ㄌㄧㄥˊ
沙三,1,ㄕㄚ ㄙㄢ
沙參,1,ㄕㄚ ㄕㄣ
沙嗲,1,ㄕㄚ ㄉㄧㄝ
沙嘴,1,ㄕㄚ ㄗㄨㄟˇ
沙噀,1,ㄕㄚ ㄒㄩㄣˋ
沙壺,1,ㄕㄚ ㄏㄨˊ
沙手,1,ㄕㄚ ㄕㄡˇ
沙暴,1,ㄕㄚ ㄅㄠˋ
沙柱,1,ㄕㄚ ㄓㄨˋ
沙棗,1,ㄕㄚ ㄗㄠˇ
沙水,1,ㄕㄚ ㄕㄨㄟˇ
沙汰,1,ㄕㄚ ㄊㄞˋ
沙牆,1,ㄕㄚ ㄑㄧㄤˊ
沙特,1,ㄕㄚ ㄊㄜˋ
沙狐,1,ㄕㄚ ㄏㄨˊ
沙獾,1,ㄕㄚ ㄏㄨㄢ
沙畹,1,ㄕㄚ ㄨㄢˇ
沙船,1,ㄕㄚ ㄔㄨㄢˊ
沙蠶,1,ㄕㄚ ㄘㄢˊ
沙錢,1,ㄕㄚ ㄑㄧㄢˊ
沙陀,1,ㄕㄚ ㄊㄨㄛˊ
沙隆,1,ㄕㄚ ㄌㄨㄥˊ
沙雕,1,ㄕㄚ ㄉㄧㄠ
沙雞,1,ㄔㄚ ㄐㄧ
沙雞,1,ㄕㄚ ㄐㄧ
沛公,1,ㄆㄟˋ ㄍㄨㄥ
沛國,1,ㄆㄟˋ ㄍㄨㄛˊ
沛澤,1,ㄆㄟˋ ㄗㄜˊ
沛縣,1,ㄆㄟˋ ㄒㄧㄢˋ
沛艾,1,ㄆㄟˋ ㄞˋ
沫雨,1,ㄇㄛˋ ㄩˇ
沬血,1,ㄇㄟˋ ㄒㄩㄝˋ
沭河,1,ㄕㄨˋ ㄏㄜˊ
沮壞,1,ㄐㄩˇ ㄏㄨㄞˋ
沮撓,1,ㄐㄩˇ ㄋㄠˊ
沮水,1,ㄐㄩ ㄕㄨㄟˇ
沮溺,1,ㄐㄩ ㄋㄧˋ
沮澤,1,ㄐㄩˋ ㄗㄜˊ
沮舍,1,ㄐㄩˇ ㄕㄜˋ
沮誦,1,ㄐㄩ ㄙㄨㄥˋ
沮遏,1,ㄐㄩˇ ㄜˋ
沮駭,1,ㄐㄩˇ ㄏㄞˋ
沱茶,1,ㄊㄨㄛˊ ㄔㄚˊ
河伯,1,ㄏㄜˊ ㄅㄛˊ
河務,1,ㄏㄜˊ ㄨˋ
河右,1,ㄏㄜˊ ㄧㄡˋ
河圖,1,ㄏㄜˊ ㄊㄨˊ
河埠,1,ㄏㄜˊ ㄅㄨˋ
河岱,1,ㄏㄜˊ ㄉㄞˋ
河嶽,1,ㄏㄜˊ ㄩㄝˋ
河市,1,ㄏㄜˊ ㄕˋ
河廣,1,ㄏㄜˊ ㄍㄨㄤˇ
河患,1,ㄏㄜˊ ㄏㄨㄢˋ
河房,1,ㄏㄜˊ ㄈㄤˊ
河撈,1,ㄏㄜˊ ㄌㄠ
河梁,1,ㄏㄜˊ ㄌㄧㄤˊ
河汾,1,ㄏㄜˊ ㄈㄣˊ
河沿,1,ㄏㄜˊ ㄧㄢˋ
河津,1,ㄏㄜˊ ㄐㄧㄣ
河海,1,ㄏㄜˊ ㄏㄞˇ
河清,1,ㄏㄜˊ ㄑㄧㄥ
河源,1,ㄏㄜˊ ㄩㄢˊ
河漏,1,ㄏㄜˊ ㄌㄡˋ
河潤,1,ㄏㄜˊ ㄖㄨㄣˋ
河狸,1,ㄏㄜˊ ㄌㄧˊ
河綿,1,ㄏㄜˊ ㄇㄧㄢˊ
河蝦,1,ㄏㄜˊ ㄒㄧㄚ
河車,1,ㄏㄜˊ ㄔㄜ
河陽,1,ㄏㄜˊ ㄧㄤˊ
河階,1,ㄏㄜˊ ㄐㄧㄝ
沴孽,1,ㄌㄧˋ ㄋㄧㄝˋ
沸泉,1,ㄈㄟˋ ㄑㄩㄢˊ
沸涫,1,ㄈㄟˋ ㄍㄨㄢˋ
沸然,1,ㄈㄟˋ ㄖㄢˊ
沸熱,1,ㄈㄟˋ ㄖㄜˋ
沸羹,1,ㄈㄟˋ ㄍㄥ
沸鼎,1,ㄈㄟˋ ㄉㄧㄥˇ
油令,1,ㄧㄡˊ ㄌㄧㄥˋ
油元,1,ㄧㄡˊ ㄩㄢˊ
油單,1,ㄧㄡˊ ㄉㄢ
油土,1,ㄧㄡˊ ㄊㄨˇ
油子,1,ㄧㄡˊ ㄗ˙
油星,1,ㄧㄡˊ ㄒㄧㄥ
油杉,1,ㄧㄡˊ ㄕㄢ
油枯,1,ㄧㄡˊ ㄎㄨ
油柑,1,ㄧㄡˊ ㄍㄢ
油柿,1,ㄧㄡˊ ㄕˋ
油棹,1,ㄧㄡˊ ㄓㄨㄛ
油樣,1,ㄧㄡˊ ㄧㄤˋ
油汙,1,ㄧㄡˊ ㄨ
油源,1,ㄧㄡˊ ㄩㄢˊ
油滴,1,ㄧㄡˊ ㄉㄧ
油煠,1,ㄧㄡˊ ㄓㄚˊ
油皮,1,ㄧㄡˊ ㄆㄧˊ
油盤,1,ㄧㄡˊ ㄆㄢˊ
油簍,1,ㄧㄡˊ ㄌㄡˇ
油素,1,ㄧㄡˊ ㄙㄨˋ
油絡,1,ㄧㄡˊ ㄌㄨㄛˋ
油苗,1,ㄧㄡˊ ㄇㄧㄠˊ
油蓋,1,ㄧㄡˊ ㄍㄞˋ
油行,1,ㄧㄡˊ ㄏㄤˊ
油衣,1,ㄧㄡˊ ㄧ
油裙,1,ㄧㄡˊ ㄑㄩㄣ˙
油軿,1,ㄧㄡˊ ㄆㄧㄥˊ
油酥,1,ㄧㄡˊ ㄙㄨ
油雞,1,ㄧㄡˊ ㄐㄧ
油靴,1,ㄧㄡˊ ㄒㄩㄝ
油鞋,1,ㄧㄡˊ ㄒㄧㄝˊ
油頭,1,ㄧㄡˊ ㄊㄡˊ
油風,1,ㄧㄡˊ ㄈㄥ
油飾,1,ㄧㄡˊ ㄕˋ
油香,1,ㄧㄡˊ ㄒㄧㄤ˙
油鬥,1,ㄧㄡˊ ㄉㄡˋ
油鬼,1,ㄧㄡˊ ㄍㄨㄟˇ
油麻,1,ㄧㄡˊ ㄇㄚˊ
治下,1,ㄓˋ ㄒㄧㄚˋ
治人,1,ㄓˋ ㄖㄣˊ
治任,1,ㄓˋ ㄖㄣˋ
治具,1,ㄓˋ ㄐㄩˋ
治功,1,ㄓˋ ㄍㄨㄥ
治化,1,ㄓˋ ㄏㄨㄚˋ
治印,1,ㄓˋ ㄧㄣˋ
治古,1,ㄓˋ ㄍㄨˇ
治命,1,ㄓˋ ㄇㄧㄥˋ
治問,1,ㄓˋ ㄨㄣˋ
治外,1,ㄓˋ ㄨㄞˋ
治席,1,ㄓˋ ㄒㄧˊ
治庖,1,ㄓˋ ㄆㄠˊ
治戎,1,ㄓˋ ㄖㄨㄥˊ
治死,1,ㄓˋ ㄙˇ
治生,1,ㄓˋ ㄕㄥ
治第,1,ㄓˋ ㄉㄧˋ
治行,1,ㄓˋ ㄒㄧㄥˊ
治行,1,ㄓˋ ㄒㄧㄥˋ
治術,1,ㄓˋ ㄕㄨˋ
治要,1,ㄓˋ ㄧㄠˋ
治跡,1,ㄓˋ ㄐㄧ
治躬,1,ㄓˋ ㄍㄨㄥ
治辦,1,ㄓˋ ㄅㄢˋ
治酒,1,ㄓˋ ㄐㄧㄡˇ
治點,1,ㄓˋ ㄉㄧㄢˇ
治齋,1,ㄓˋ ㄓㄞ
沼泥,1,ㄓㄠˇ ㄋㄧˊ
沼蝦,1,ㄓㄠˇ ㄒㄧㄚ
沽取,1,ㄍㄨ ㄑㄩˇ
沽名,1,ㄍㄨ ㄇㄧㄥˊ
沽河,1,ㄍㄨ ㄏㄜˊ
沽泊,1,ㄍㄨ ㄅㄛˊ
沽激,1,ㄍㄨ ㄐㄧ
沽直,1,ㄍㄨ ㄓˊ
沽飲,1,ㄍㄨ ㄧㄣˇ
沾丐,1,ㄓㄢ ㄍㄞˋ
沾巾,1,ㄓㄢ ㄐㄧㄣ
沾帶,1,ㄓㄢ ㄉㄞˋ
沾惹,1,ㄓㄢ ㄖㄜˇ
沾洽,1,ㄓㄢ ㄒㄧㄚˊ
沾溉,1,ㄓㄢ ㄍㄞˋ
沾濡,1,ㄓㄢ ㄖㄨˊ
沾牙,1,ㄓㄢ ㄧㄚˊ
沾病,1,ㄓㄢ ㄅㄧㄥˋ
沾脣,1,ㄓㄢ ㄔㄨㄣˊ
沾衣,1,ㄓㄢ ㄧ
沾裳,1,ㄓㄢ ㄔㄤˊ
沾親,1,ㄓㄢ ㄑㄧㄣ
沾辱,1,ㄓㄢ ㄖㄨˋ
沿子,1,ㄧㄢˊ ㄗ˙
沿泝,1,ㄧㄢˊ ㄙㄨˋ
沿洄,1,ㄧㄢˊ ㄏㄨㄟˊ
沿身,1,ㄧㄢˊ ㄕㄣ
況乃,1,ㄎㄨㄤˋ ㄋㄞˇ
況乎,1,ㄎㄨㄤˋ ㄏㄨ
況味,1,ㄎㄨㄤˋ ㄨㄟˋ
況迺,1,ㄎㄨㄤˋ ㄋㄞˇ
泂泂,1,ㄐㄩㄥˇ ㄐㄩㄥˇ
泂酌,1,ㄐㄩㄥˇ ㄓㄨㄛˊ
泄劑,1,ㄒㄧㄝˋ ㄐㄧˋ
泄沓,1,ㄧˋ ㄊㄚˋ
泄泄,1,ㄧˋ ㄧˋ
泄瀉,1,ㄒㄧㄝˋ ㄒㄧㄝˋ
泉世,1,ㄑㄩㄢˊ ㄕˋ
泉壤,1,ㄑㄩㄢˊ ㄖㄤˇ
泉幣,1,ㄑㄩㄢˊ ㄅㄧˋ
泉扃,1,ㄑㄩㄢˊ ㄐㄩㄥ
泉湧,1,ㄑㄩㄢˊ ㄩㄥˇ
泉脈,1,ㄑㄩㄢˊ ㄇㄞˋ
泉臺,1,ㄑㄩㄢˊ ㄊㄞˊ
泉貝,1,ㄑㄩㄢˊ ㄅㄟˋ
泉路,1,ㄑㄩㄢˊ ㄌㄨˋ
泊懷,1,ㄅㄛˊ ㄏㄨㄞˊ
泊舟,1,ㄅㄛˊ ㄓㄡ
泊車,1,ㄅㄛˊ ㄔㄜ
泌丘,1,ㄇㄧˋ ㄑㄧㄡ
泌乳,1,ㄇㄧˋ ㄖㄨˇ
泌水,1,ㄇㄧˋ ㄕㄨㄟˇ
泌瀄,1,ㄇㄧˋ ㄐㄧㄝˊ
泐布,1,ㄌㄜˋ ㄅㄨˋ
泐此,1,ㄌㄜˋ ㄘˇ
泐覆,1,ㄌㄜˋ ㄈㄨˋ
泐達,1,ㄌㄜˋ ㄉㄚˊ
泓宏,1,ㄏㄨㄥˊ ㄏㄨㄥˊ
泓汯,1,ㄏㄨㄥˊ ㄏㄨㄥˊ
泓泓,1,ㄏㄨㄥˊ ㄏㄨㄥˊ
泓澄,1,ㄏㄨㄥˊ ㄔㄥˊ
泔淡,1,ㄍㄢ ㄉㄢˋ
法侶,1,ㄈㄚˇ ㄌㄩˇ
法傚,1,ㄈㄚˇ ㄒㄧㄠˋ
法像,1,ㄈㄚˇ ㄒㄧㄤˋ
法兄,1,ㄈㄚˇ ㄒㄩㄥ
法冠,1,ㄈㄚˇ ㄍㄨㄢ
法劍,1,ㄈㄚˇ ㄐㄧㄢˋ
法化,1,ㄈㄚˇ ㄏㄨㄚˋ
法印,1,ㄈㄚˇ ㄧㄣˋ
法司,1,ㄈㄚˇ ㄙ
法吏,1,ㄈㄚˇ ㄌㄧˋ
法喜,1,ㄈㄚˇ ㄒㄧˇ
法坐,1,ㄈㄚˇ ㄗㄨㄛˋ
法執,1,ㄈㄚˇ ㄓˊ
法守,1,ㄈㄚˇ ㄕㄡˇ
法宮,1,ㄈㄚˇ ㄍㄨㄥ
法尺,1,ㄈㄚˇ ㄔˇ
法岸,1,ㄈㄚˇ ㄢˋ
法帖,1,ㄈㄚˇ ㄊㄧㄝˋ
法徒,1,ㄈㄚˇ ㄊㄨˊ
法性,1,ㄈㄚˇ ㄒㄧㄥˋ
法戒,1,ㄈㄚˇ ㄐㄧㄝˋ
法教,1,ㄈㄚˇ ㄐㄧㄠˋ
法新,1,ㄈㄚˇ ㄒㄧㄣ
法曲,1,ㄈㄚˇ ㄑㄩˇ
法曹,1,ㄈㄚˇ ㄘㄠˊ
法橋,1,ㄈㄚˇ ㄑㄧㄠˊ
法水,1,ㄈㄚˇ ㄕㄨㄟˇ
法燈,1,ㄈㄚˇ ㄉㄥ
法王,1,ㄈㄚˇ ㄨㄤˊ
法環,1,ㄈㄚˇ ㄏㄨㄢˊ
法盲,1,ㄈㄚˇ ㄇㄤˊ
法碼,1,ㄈㄚˇ ㄇㄚˇ
法礪,1,ㄈㄚˇ ㄌㄧˋ
法程,1,ㄈㄚˇ ㄔㄥˊ
法稱,1,ㄈㄚˇ ㄔㄥ
法筵,1,ㄈㄚˇ ㄧㄢˊ
法算,1,ㄈㄚˇ ㄙㄨㄢˋ
法籙,1,ㄈㄚˇ ㄌㄨˋ
法系,1,ㄈㄚˇ ㄒㄧˋ
法經,1,ㄈㄚˇ ㄐㄧㄥ
法緣,1,ㄈㄚˇ ㄩㄢˊ
法繩,1,ㄈㄚˇ ㄕㄥˊ
法繪,1,ㄈㄚˇ ㄏㄨㄟˋ
法臺,1,ㄈㄚˇ ㄊㄞˊ
法舟,1,ㄈㄚˇ ㄓㄡ
法船,1,ㄈㄚˇ ㄔㄨㄢˊ
法藏,1,ㄈㄚˇ ㄗㄤˋ
法融,1,ㄈㄚˇ ㄖㄨㄥˊ
法言,1,ㄈㄚˇ ㄧㄢˊ
法象,1,ㄈㄚˇ ㄒㄧㄤˋ
法酒,1,ㄈㄚˇ ㄐㄧㄡˇ
法鈴,1,ㄈㄚˇ ㄌㄧㄥˊ
法集,1,ㄈㄚˇ ㄐㄧˊ
法雨,1,ㄈㄚˇ ㄩˇ
法順,1,ㄈㄚˇ ㄕㄨㄣˋ
法顯,1,ㄈㄚˇ ㄒㄧㄢˇ
法馬,1,ㄈㄚˇ ㄇㄚˇ
法駕,1,ㄈㄚˇ ㄐㄧㄚˋ
法鼓,1,ㄈㄚˇ ㄍㄨˇ
泖湖,1,ㄇㄠˇ ㄏㄨˊ
泗水,1,ㄙˋ ㄕㄨㄟˇ
泙泙,1,ㄆㄥ ㄆㄥ
泙湃,1,ㄆㄥ ㄆㄞˋ
泚筆,1,ㄘˇ ㄅㄧˇ
泛動,1,ㄈㄢˋ ㄉㄨㄥˋ
泛問,1,ㄈㄢˋ ㄨㄣˋ
泛子,1,ㄈㄢˋ ㄗ˙
泛宅,1,ㄈㄢˋ ㄓㄞˊ
泛常,1,ㄈㄢˋ ㄔㄤˊ
泛溢,1,ㄈㄢˋ ㄧˋ
泛潮,1,ㄈㄢˋ ㄔㄠˊ
泛索,1,ㄈㄢˋ ㄙㄨㄛˇ
泛聲,1,ㄈㄢˋ ㄕㄥ
泛頭,1,ㄈㄢˋ ㄊㄡ˙
泛駕,1,ㄈㄥˇ ㄐㄧㄚˋ
泝洄,1,ㄙㄨˋ ㄏㄨㄟˊ
泠冽,1,ㄌㄧㄥˊ ㄌㄧㄝˋ
泠然,1,ㄌㄧㄥˊ ㄖㄢˊ
泠風,1,ㄌㄧㄥˊ ㄈㄥ
泡妞,1,ㄆㄠˋ ㄋㄧㄡ
泡幻,1,ㄆㄠˋ ㄏㄨㄢˋ
泡棉,1,ㄆㄠˋ ㄇㄧㄢˊ
泡泡,1,ㄆㄠ ㄆㄠ
泡滾,1,ㄆㄠˋ ㄍㄨㄣˇ
泡漩,1,ㄆㄠˋ ㄒㄩㄢˊ
泡燈,1,ㄆㄠˋ ㄉㄥ
泡螺,1,ㄆㄠˋ ㄌㄨㄛˊ
泡貨,1,ㄆㄠ ㄏㄨㄛˋ
波俏,1,ㄅㄛ ㄑㄧㄠˋ
波喳,1,ㄅㄛ ㄔㄚ
波娘,1,ㄅㄛ ㄋㄧㄤˊ
波峭,1,ㄅㄛ ㄑㄧㄠˋ
波希,1,ㄅㄛ ㄒㄧ
波微,1,ㄅㄛ ㄨㄟˊ
波扇,1,ㄅㄛ ㄕㄢˋ
波查,1,ㄅㄛ ㄔㄚˊ
波波,1,ㄅㄛ ㄅㄛ
波津,1,ㄅㄛ ㄐㄧㄣ
波漾,1,ㄅㄛ ㄧㄤˋ
波痕,1,ㄅㄛ ㄏㄣˊ
波盪,1,ㄅㄛ ㄉㄤˋ
波磔,1,ㄅㄛ ㄓㄜˊ
波累,1,ㄅㄛ ㄌㄟˇ
波群,1,ㄅㄛ ㄑㄩㄣˊ
波耳,1,ㄅㄛ ㄦˇ
波腹,1,ㄅㄛ ㄈㄨˋ
波臣,1,ㄅㄛ ㄔㄣˊ
波蕩,1,ㄅㄛ ㄉㄤˋ
波蹅,1,ㄅㄛ ㄔㄚˇ
波迸,1,ㄅㄛ ㄅㄥˋ
波逃,1,ㄅㄛ ㄊㄠˊ
波道,1,ㄅㄛ ㄉㄠˋ
波高,1,ㄅㄛ ㄍㄠ
泣愬,1,ㄑㄧˋ ㄙㄨˋ
泣杖,1,ㄑㄧˋ ㄓㄤˋ
泣珠,1,ㄑㄧˋ ㄓㄨ
泣禱,1,ㄑㄧˋ ㄉㄠˇ
泣罪,1,ㄑㄧˋ ㄗㄨㄟˋ
泣血,1,ㄑㄧˋ ㄒㄩㄝˋ
泥中,1,ㄋㄧˊ ㄓㄨㄥ
泥丸,1,ㄋㄧˊ ㄨㄢˊ
泥古,1,ㄋㄧˋ ㄍㄨˇ
泥地,1,ㄋㄧˊ ㄉㄧˋ
泥堆,1,ㄋㄧˊ ㄉㄨㄟ
泥塗,1,ㄋㄧˊ ㄊㄨˊ
泥子,1,ㄋㄧˋ ㄗ˙
泥封,1,ㄋㄧˊ ㄈㄥ
泥崩,1,ㄋㄧˊ ㄅㄥ
泥掌,1,ㄋㄧˊ ㄓㄤˇ
泥汙,1,ㄋㄧˊ ㄨ
泥流,1,ㄋㄧˊ ㄌㄧㄡˊ
泥滯,1,ㄋㄧˋ ㄓˋ
泥灶,1,ㄋㄧˊ ㄗㄠˋ
泥牆,1,ㄋㄧˊ ㄑㄧㄤˊ
泥版,1,ㄋㄧˊ ㄅㄢˇ
泥犁,1,ㄋㄧˊ ㄌㄧˊ
泥療,1,ㄋㄧˊ ㄌㄧㄠˊ
泥窗,1,ㄋㄧˊ ㄔㄨㄤ
泥肥,1,ㄋㄧˊ ㄈㄟˊ
泥腿,1,ㄋㄧˊ ㄊㄨㄟˇ
泥蟠,1,ㄋㄧˊ ㄆㄢˊ
泥豬,1,ㄋㄧˊ ㄓㄨ
泥酒,1,ㄋㄧˋ ㄐㄧㄡˇ
泥金,1,ㄋㄧˊ ㄐㄧㄣ
泥頭,1,ㄋㄧˊ ㄊㄡˊ
泥飲,1,ㄋㄧˋ ㄧㄣˇ
泥首,1,ㄋㄧˊ ㄕㄡˇ
泥馬,1,ㄋㄧˊ ㄇㄚˇ
泥鰍,1,ㄋㄧˊ ㄑㄧㄡ˙
泥鰻,1,ㄋㄧˊ ㄇㄢˊ
泥龍,1,ㄋㄧˊ ㄌㄨㄥˊ
注子,1,ㄓㄨˋ ㄗ˙
注文,1,ㄓㄨˋ ㄨㄣˊ
注本,1,ㄓㄨˋ ㄅㄣˇ
注色,1,ㄓㄨˋ ㄙㄜˋ
泫沄,1,ㄒㄩㄢˋ ㄩㄣˊ
泫泫,1,ㄒㄩㄢˋ ㄒㄩㄢˋ
泫然,1,ㄒㄩㄢˋ ㄖㄢˊ
泬寥,1,ㄒㄩㄝˋ ㄌㄧㄠˊ
泮宮,1,ㄆㄢˋ ㄍㄨㄥ
泮水,1,ㄆㄢˋ ㄕㄨㄟˇ
泮汗,1,ㄆㄢˋ ㄏㄢˋ
泮池,1,ㄆㄢˋ ㄔˊ
泮渙,1,ㄆㄢˋ ㄏㄨㄢˋ
泯泯,1,ㄇㄧㄣˇ ㄇㄧㄣˇ
泯然,1,ㄇㄧㄣˇ ㄖㄢˊ
泯絕,1,ㄇㄧㄣˇ ㄐㄩㄝˊ
泯跡,1,ㄇㄧㄣˇ ㄐㄧ
泰一,1,ㄊㄞˋ ㄧ
泰交,1,ㄊㄞˋ ㄐㄧㄠ
泰伯,1,ㄊㄞˋ ㄅㄛˊ
泰元,1,ㄊㄞˋ ㄩㄢˊ
泰初,1,ㄊㄞˋ ㄔㄨ
泰壇,1,ㄊㄞˋ ㄊㄢˊ
泰始,1,ㄊㄞˋ ㄕˇ
泰定,1,ㄊㄞˋ ㄉㄧㄥˋ
泰常,1,ㄊㄞˋ ㄔㄤˊ
泰平,1,ㄊㄞˋ ㄆㄧㄥˊ
泰昌,1,ㄊㄞˋ ㄔㄤ
泰清,1,ㄊㄞˋ ㄑㄧㄥ
泰皇,1,ㄊㄞˋ ㄏㄨㄤˊ
泰納,1,ㄊㄞˋ ㄋㄚˋ
泰誓,1,ㄊㄞˋ ㄕˋ
泰語,1,ㄊㄞˋ ㄩˇ
泰豫,1,ㄊㄞˋ ㄩˋ
泰辰,1,ㄊㄞˋ ㄔㄣˊ
泰阿,1,ㄊㄞˋ ㄜ
泰階,1,ㄊㄞˋ ㄐㄧㄝ
泱漭,1,ㄧㄤ ㄇㄤˇ
泱瀼,1,ㄧㄤ ㄖㄤˊ
泱軋,1,ㄧㄤ ㄧㄚˋ
泱鬱,1,ㄧㄤ ㄩˋ
洄洑,1,ㄏㄨㄟˊ ㄈㄨˊ
洄闇,1,ㄏㄨㄟˊ ㄢˋ
洋井,1,ㄧㄤˊ ㄐㄧㄥˇ
洋勁,1,ㄧㄤˊ ㄐㄧㄥˋ
洋叫,1,ㄧㄤˊ ㄐㄧㄠˋ
洋場,1,ㄧㄤˊ ㄔㄤˊ
洋撈,1,ㄧㄤˊ ㄌㄠ
洋氣,1,ㄧㄤˊ ㄑㄧˋ
洋派,1,ㄧㄤˊ ㄆㄞˋ
洋溝,1,ㄧㄤˊ ㄍㄡ
洋燈,1,ㄧㄤˊ ㄉㄥ
洋燭,1,ㄧㄤˊ ㄓㄨˊ
洋爐,1,ㄧㄤˊ ㄌㄨˊ
洋版,1,ㄧㄤˊ ㄅㄢˇ
洋磁,1,ㄧㄤˊ ㄘˊ
洋篷,1,ㄧㄤˊ ㄆㄥˊ
洋紗,1,ㄧㄤˊ ㄕㄚ
洋紙,1,ㄧㄤˊ ㄓˇ
洋緞,1,ㄧㄤˊ ㄉㄨㄢˋ
洋繩,1,ㄧㄤˊ ㄕㄥˊ
洋罪,1,ㄧㄤˊ ㄗㄨㄟˋ
洋藥,1,ㄧㄤˊ ㄧㄠˋ
洋蠟,1,ㄧㄤˊ ㄌㄚˋ
洋話,1,ㄧㄤˊ ㄏㄨㄚˋ
洋關,1,ㄧㄤˊ ㄍㄨㄢ
洋鹼,1,ㄧㄤˊ ㄐㄧㄢˇ
洋麵,1,ㄧㄤˊ ㄇㄧㄢˋ
洋麻,1,ㄧㄤˊ ㄇㄚˊ
洌清,1,ㄌㄧㄝˋ ㄑㄧㄥ
洒如,1,ㄒㄧㄢˇ ㄖㄨˊ
洒家,1,ㄙㄚˇ ㄐㄧㄚ
洒淅,1,ㄒㄧㄢˇ ㄒㄧ
洒濯,1,ㄒㄧˇ ㄓㄨㄛˊ
洒然,1,ㄒㄧㄢˇ ㄖㄢˊ
洗三,1,ㄒㄧˇ ㄙㄢ
洗兵,1,ㄒㄧˇ ㄅㄧㄥ
洗刮,1,ㄒㄧˇ ㄍㄨㄚ
洗剝,1,ㄒㄧˇ ㄅㄛ
洗印,1,ㄒㄧˇ ㄧㄣˋ
洗城,1,ㄒㄧˇ ㄔㄥˊ
洗拂,1,ㄒㄧˇ ㄈㄨˊ
洗拭,1,ㄒㄧˇ ㄕˋ
洗換,1,ㄒㄧˇ ㄏㄨㄢˋ
洗泥,1,ㄒㄧˇ ㄋㄧˊ
洗然,1,ㄒㄧㄢˇ ㄖㄢˊ
洗燙,1,ㄒㄧˇ ㄊㄤˋ
洗盤,1,ㄒㄧˇ ㄆㄢˊ
洗盪,1,ㄒㄧˇ ㄉㄤˋ
洗石,1,ㄒㄧˇ ㄕˊ
洗鍊,1,ㄒㄧˇ ㄌㄧㄢˋ
洚水,1,ㄐㄧㄤˋ ㄕㄨㄟˇ
洚洞,1,ㄐㄧㄤˋ ㄊㄨㄥˊ
洛京,1,ㄌㄨㄛˋ ㄐㄧㄥ
洛伯,1,ㄌㄨㄛˋ ㄅㄛˊ
洛學,1,ㄌㄨㄛˋ ㄒㄩㄝˊ
洛巴,1,ㄌㄨㄛˋ ㄅㄚ
洛書,1,ㄌㄨㄛˋ ㄕㄨ
洛曼,1,ㄌㄨㄛˋ ㄇㄢˋ
洛桑,1,ㄌㄨㄛˋ ㄙㄤ
洛次,1,ㄌㄨㄛˋ ㄘˋ
洛黨,1,ㄌㄨㄛˋ ㄉㄤˇ
洞仙,1,ㄉㄨㄥˋ ㄒㄧㄢ
洞壑,1,ㄉㄨㄥˋ ㄏㄨㄛˋ
洞宮,1,ㄉㄨㄥˋ ㄍㄨㄥ
洞家,1,ㄉㄨㄥˋ ㄐㄧㄚ
洞居,1,ㄉㄨㄥˋ ㄐㄩ
洞戶,1,ㄉㄨㄥˋ ㄏㄨˋ
洞明,1,ㄉㄨㄥˋ ㄇㄧㄥˊ
洞曉,1,ㄉㄨㄥˋ ㄒㄧㄠˇ
洞然,1,ㄉㄨㄥˋ ㄖㄢˊ
洞貫,1,ㄉㄨㄥˋ ㄍㄨㄢˋ
洞達,1,ㄉㄨㄥˋ ㄉㄚˊ
洞門,1,ㄉㄨㄥˋ ㄇㄣˊ
津史,1,ㄐㄧㄣ ㄕˇ
津吏,1,ㄐㄧㄣ ㄌㄧˋ
津津,1,ㄐㄧㄣ ㄐㄧㄣ
津涯,1,ㄐㄧㄣ ㄧㄚˊ
津潤,1,ㄐㄧㄣ ㄖㄨㄣˋ
津濟,1,ㄐㄧㄣ ㄐㄧˋ
津發,1,ㄐㄧㄣ ㄈㄚ
津筏,1,ㄐㄧㄣ ㄈㄚˊ
津送,1,ㄐㄧㄣ ㄙㄨㄥˋ
津遣,1,ㄐㄧㄣ ㄑㄧㄢˇ
津關,1,ㄐㄧㄣ ㄍㄨㄢ
津鼓,1,ㄐㄧㄣ ㄍㄨˇ
洧河,1,ㄨㄟˇ ㄏㄜˊ
洩勁,1,ㄒㄧㄝˋ ㄐㄧㄣˋ
洩壓,1,ㄒㄧㄝˋ ㄧㄚ
洩洩,1,ㄧˋ ㄧˋ
洩露,1,ㄒㄧㄝˋ ㄌㄨˋ
洪剛,1,ㄏㄨㄥˊ ㄍㄤ
洪化,1,ㄏㄨㄥˊ ㄏㄨㄚˋ
洪基,1,ㄏㄨㄥˊ ㄐㄧ
洪幫,1,ㄏㄨㄥˊ ㄅㄤ
洪惟,1,ㄏㄨㄥˊ ㄨㄟˊ
洪憲,1,ㄏㄨㄥˊ ㄒㄧㄢˋ
洪業,1,ㄏㄨㄥˊ ㄧㄝˋ
洪河,1,ㄏㄨㄥˊ ㄏㄜˊ
洪波,1,ㄏㄨㄥˊ ㄅㄛ
洪淵,1,ㄏㄨㄥˊ ㄩㄢ
洪烈,1,ㄏㄨㄥˊ ㄌㄧㄝˋ
洪生,1,ㄏㄨㄥˊ ㄕㄥ
洪範,1,ㄏㄨㄥˊ ㄈㄢˋ
洪覆,1,ㄏㄨㄥˊ ㄈㄨˋ
洪規,1,ㄏㄨㄥˊ ㄍㄨㄟ
洪誓,1,ㄏㄨㄥˊ ㄕˋ
洪軌,1,ㄏㄨㄥˊ ㄍㄨㄟˇ
洪邁,1,ㄏㄨㄥˊ ㄇㄞˋ
洪鈞,1,ㄏㄨㄥˊ ㄐㄩㄣ
洪鍾,1,ㄏㄨㄥˊ ㄓㄨㄥ
洪鐘,1,ㄏㄨㄥˊ ㄓㄨㄥ
洪音,1,ㄏㄨㄥˊ ㄧㄣ
洪飲,1,ㄏㄨㄥˊ ㄧㄣˇ
洭水,1,ㄎㄨㄤ ㄕㄨㄟˇ
洮汰,1,ㄊㄠˊ ㄊㄞˋ
洮河,1,ㄊㄠˊ ㄏㄜˊ
洮硯,1,ㄊㄠˊ ㄧㄢˋ
洱海,1,ㄦˇ ㄏㄞˇ
洲場,1,ㄓㄡ ㄔㄤˊ
洳河,1,ㄖㄨˋ ㄏㄜˊ
洵河,1,ㄒㄩㄣˊ ㄏㄜˊ
洵涕,1,ㄒㄩㄣˊ ㄊㄧˋ
洶動,1,ㄒㄩㄥ ㄉㄨㄥˋ
洸洋,1,ㄍㄨㄤ ㄧㄤˊ
洸洸,1,ㄍㄨㄤ ㄍㄨㄤ
洸洸,1,ㄏㄨㄤˇ ㄏㄨㄤˇ
洹水,1,ㄏㄨㄢˊ ㄕㄨㄟˇ
洹洹,1,ㄏㄨㄢˊ ㄏㄨㄢˊ
洺州,1,ㄇㄧㄥˊ ㄓㄡ
洺河,1,ㄇㄧㄥˊ ㄏㄜˊ
活便,1,ㄏㄨㄛˊ ㄅㄧㄢ˙
活信,1,ㄏㄨㄛˊ ㄒㄧㄣˋ
活儲,1,ㄏㄨㄛˊ ㄔㄨˊ
活分,1,ㄏㄨㄛˊ ㄈㄣˋ
活劇,1,ㄏㄨㄛˊ ㄐㄩˋ
活句,1,ㄏㄨㄛˊ ㄐㄩˋ
活契,1,ㄏㄨㄛˊ ㄑㄧˋ
活套,1,ㄏㄨㄛˊ ㄊㄠˋ
活寡,1,ㄏㄨㄛˊ ㄍㄨㄚˇ
活撮,1,ㄏㄨㄛˊ ㄘㄨㄛ
活支,1,ㄏㄨㄛˊ ㄓ
活棋,1,ㄏㄨㄛˊ ㄑㄧˊ
活機,1,ㄏㄨㄛˊ ㄐㄧ
活法,1,ㄏㄨㄛˊ ㄈㄚˇ
活泛,1,ㄏㄨㄛˊ ㄈㄢˋ
活火,1,ㄏㄨㄛˊ ㄏㄨㄛˇ
活瓣,1,ㄏㄨㄛˊ ㄅㄢˋ
活脫,1,ㄏㄨㄛˊ ㄊㄨㄛ
活腳,1,ㄏㄨㄛˊ ㄐㄧㄠˇ
活著,1,ㄏㄨㄛˊ ㄓㄠ
活血,1,ㄏㄨㄛˊ ㄒㄧㄝˇ
活襯,1,ㄏㄨㄛˊ ㄔㄣˋ
活話,1,ㄏㄨㄛˊ ㄏㄨㄚˋ
活變,1,ㄏㄨㄛˊ ㄅㄧㄢ˙
活達,1,ㄏㄨㄛˊ ㄉㄚˊ
活錢,1,ㄏㄨㄛˊ ㄑㄧㄢˊ
洼地,1,ㄨㄚ ㄉㄧˋ
洽恰,1,ㄑㄧㄚˋ ㄑㄧㄚˋ
洽濡,1,ㄑㄧㄚˋ ㄖㄨˊ
派任,1,ㄆㄞˋ ㄖㄣˋ
派克,1,ㄆㄞˋ ㄎㄜˋ
派裔,1,ㄆㄞˋ ㄧˋ
派賴,1,ㄆㄞˋ ㄌㄞˋ
派飯,1,ㄆㄞˋ ㄈㄢˋ
洿池,1,ㄨ ㄔˊ
洿沬,1,ㄨ ㄇㄟˋ
洿邪,1,ㄨ ㄒㄧㄝˊ
流丟,1,ㄌㄧㄡˊ ㄉㄧㄡ
流丸,1,ㄌㄧㄡˊ ㄨㄢˊ
流亞,1,ㄌㄧㄡˊ ㄧㄚˋ
流刑,1,ㄌㄧㄡˊ ㄒㄧㄥˊ
流品,1,ㄌㄧㄡˊ ㄆㄧㄣˇ
流外,1,ㄌㄧㄡˊ ㄨㄞˋ
流妓,1,ㄌㄧㄡˊ ㄐㄧˋ
流子,1,ㄌㄧㄡˊ ㄗ˙
流宕,1,ㄌㄧㄡˊ ㄉㄤˋ
流寓,1,ㄌㄧㄡˊ ㄩˋ
流布,1,ㄌㄧㄡˊ ㄅㄨˋ
流形,1,ㄌㄧㄡˊ ㄒㄧㄥˊ
流徵,1,ㄌㄧㄡˊ ㄓˇ
流憩,1,ㄌㄧㄡˊ ㄑㄧˋ
流播,1,ㄌㄧㄡˊ ㄅㄛˋ
流易,1,ㄌㄧㄡˊ ㄧˋ
流景,1,ㄌㄧㄡˊ ㄐㄧㄥˇ
流棍,1,ㄌㄧㄡˊ ㄍㄨㄣˋ
流氣,1,ㄌㄧㄡˊ ㄑㄧˋ
流沫,1,ㄌㄧㄡˊ ㄇㄛˋ
流泉,1,ㄌㄧㄡˊ ㄑㄩㄢˊ
流波,1,ㄌㄧㄡˊ ㄅㄛ
流注,1,ㄌㄧㄡˊ ㄓㄨˋ
流涎,1,ㄌㄧㄡˊ ㄒㄧㄢˊ
流湎,1,ㄌㄧㄡˊ ㄇㄧㄢˇ
流溢,1,ㄌㄧㄡˊ ㄧˋ
流滯,1,ㄌㄧㄡˊ ㄓˋ
流漫,1,ㄌㄧㄡˊ ㄇㄢˋ
流澌,1,ㄌㄧㄡˊ ㄙ
流澤,1,ㄌㄧㄡˊ ㄗㄜˊ
流瀉,1,ㄌㄧㄡˊ ㄒㄧㄝˋ
流目,1,ㄌㄧㄡˊ ㄇㄨˋ
流盼,1,ㄌㄧㄡˊ ㄆㄢˋ
流眄,1,ㄌㄧㄡˊ ㄇㄧㄢˇ
流矢,1,ㄌㄧㄡˊ ㄕˇ
流移,1,ㄌㄧㄡˊ ㄧˊ
流籠,1,ㄌㄧㄡˊ ㄌㄨㄥˊ
流精,1,ㄌㄧㄡˊ ㄐㄧㄥ
流衍,1,ㄌㄧㄡˊ ㄧㄢˇ
流觴,1,ㄌㄧㄡˊ ㄕㄤ
流議,1,ㄌㄧㄡˊ ㄧˋ
流貫,1,ㄌㄧㄡˊ ㄍㄨㄢˋ
流輩,1,ㄌㄧㄡˊ ㄅㄟˋ
流逐,1,ㄌㄧㄡˊ ㄓㄨˊ
流遞,1,ㄌㄧㄡˊ ㄉㄧˋ
流金,1,ㄌㄧㄡˊ ㄐㄧㄣ
流雲,1,ㄌㄧㄡˊ ㄩㄣˊ
流霞,1,ㄌㄧㄡˊ ㄒㄧㄚˊ
流響,1,ㄌㄧㄡˊ ㄒㄧㄤˇ
流食,1,ㄌㄧㄡˊ ㄕˊ
流黃,1,ㄌㄧㄡˊ ㄏㄨㄤˊ
浙本,1,ㄓㄜˋ ㄅㄣˇ
浚利,1,ㄐㄩㄣˋ ㄌㄧˋ
浚財,1,ㄐㄩㄣˋ ㄘㄞˊ
浡滃,1,ㄅㄛˊ ㄨㄥˇ
浡然,1,ㄅㄛˊ ㄖㄢˊ
浣熊,1,ㄏㄨㄢˇ ㄒㄩㄥˊ
浣衣,1,ㄏㄨㄢˇ ㄧ
浣雪,1,ㄏㄨㄢˇ ㄒㄩㄝˇ
浥注,1,ㄧˋ ㄓㄨˋ
浥浥,1,ㄧˋ ㄧˋ
浦東,1,ㄆㄨˇ ㄉㄨㄥ
浦柳,1,ㄆㄨˇ ㄌㄧㄡˇ
浩博,1,ㄏㄠˋ ㄅㄛˊ
浩壤,1,ㄏㄠˋ ㄖㄤˇ
浩歌,1,ㄏㄠˋ ㄍㄜ
浩汗,1,ㄏㄠˋ ㄏㄢˋ
浩漫,1,ㄏㄠˋ ㄇㄢˋ
浩穰,1,ㄏㄠˋ ㄖㄤˊ
浩茫,1,ㄏㄠˋ ㄇㄤˊ
浩飲,1,ㄏㄠˋ ㄧㄣˇ
浪事,1,ㄌㄤˋ ㄕˋ
浪侃,1,ㄌㄤˋ ㄎㄢˇ
浪士,1,ㄌㄤˋ ㄕˋ
浪婆,1,ㄌㄤˋ ㄆㄛˊ
浪孟,1,ㄌㄤˋ ㄇㄥˋ
浪擲,1,ㄌㄤˋ ㄓˊ
浪泊,1,ㄌㄤˋ ㄅㄛˊ
浪浪,1,ㄌㄤˊ ㄌㄤˊ
浪漢,1,ㄌㄤˋ ㄏㄢˋ
浪濤,1,ㄌㄤˋ ㄊㄠˊ
浪用,1,ㄌㄤˋ ㄩㄥˋ
浪舌,1,ㄌㄤˋ ㄕㄜˊ
浪船,1,ㄌㄤˋ ㄔㄨㄢˊ
浪莽,1,ㄌㄤˋ ㄇㄤˇ
浪言,1,ㄌㄤˋ ㄧㄢˊ
浪語,1,ㄌㄤˋ ㄩˇ
浪遊,1,ㄌㄤˋ ㄧㄡˊ
浪高,1,ㄌㄤˋ ㄍㄠ
浮世,1,ㄈㄨˊ ㄕˋ
浮侈,1,ㄈㄨˊ ㄔˇ
浮借,1,ㄈㄨˊ ㄐㄧㄝˋ
浮冒,1,ㄈㄨˊ ㄇㄠˋ
浮冗,1,ㄈㄨˊ ㄖㄨㄥˇ
浮利,1,ㄈㄨˊ ㄌㄧˋ
浮厝,1,ㄈㄨˊ ㄘㄨㄛˋ
浮吊,1,ㄈㄨˊ ㄉㄧㄠˋ
浮囊,1,ㄈㄨˊ ㄋㄤˊ
浮土,1,ㄈㄨˊ ㄊㄨˇ
浮報,1,ㄈㄨˊ ㄅㄠˋ
浮塢,1,ㄈㄨˊ ㄨˋ
浮天,1,ㄈㄨˊ ㄊㄧㄢ
浮奢,1,ㄈㄨˊ ㄕㄜ
浮托,1,ㄈㄨˊ ㄊㄨㄛ
浮揚,1,ㄈㄨˊ ㄧㄤˊ
浮收,1,ㄈㄨˊ ㄕㄡ
浮文,1,ㄈㄨˊ ㄨㄣˊ
浮末,1,ㄈㄨˊ ㄇㄛˋ
浮梁,1,ㄈㄨˊ ㄌㄧㄤˊ
浮梗,1,ㄈㄨˊ ㄍㄥˇ
浮棚,1,ㄈㄨˊ ㄆㄥˊ
浮榮,1,ㄈㄨˊ ㄖㄨㄥˊ
浮槎,1,ㄈㄨˊ ㄔㄚˊ
浮氣,1,ㄈㄨˊ ㄑㄧˋ
浮浪,1,ㄈㄨˊ ㄌㄤˋ
浮浮,1,ㄈㄨˊ ㄈㄨˊ
浮滑,1,ㄈㄨˊ ㄏㄨㄚˊ
浮漂,1,ㄈㄨˊ ㄆㄧㄠ
浮漚,1,ㄈㄨˊ ㄡ
浮潛,1,ㄈㄨˊ ㄑㄧㄢˊ
浮災,1,ㄈㄨˊ ㄗㄞ
浮炭,1,ㄈㄨˊ ㄊㄢˋ
浮環,1,ㄈㄨˊ ㄏㄨㄢˊ
浮白,1,ㄈㄨˊ ㄅㄞˊ
浮禮,1,ㄈㄨˊ ㄌㄧˇ
浮秤,1,ㄈㄨˊ ㄔㄥˋ
浮空,1,ㄈㄨˊ ㄎㄨㄥ
浮紅,1,ㄈㄨˊ ㄏㄨㄥˊ
浮脆,1,ㄈㄨˊ ㄘㄨㄟˋ
浮脈,1,ㄈㄨˊ ㄇㄞˋ
浮花,1,ㄈㄨˊ ㄏㄨㄚ
浮蟻,1,ㄈㄨˊ ㄧˇ
浮記,1,ㄈㄨˊ ㄐㄧˋ
浮話,1,ㄈㄨˊ ㄏㄨㄚˋ
浮說,1,ㄈㄨˊ ㄕㄨㄛ
浮議,1,ㄈㄨˊ ㄧˋ
浮譽,1,ㄈㄨˊ ㄩˋ
浮豔,1,ㄈㄨˊ ㄧㄢˋ
浮財,1,ㄈㄨˊ ㄘㄞˊ
浮費,1,ㄈㄨˊ ㄈㄟˋ
浮逃,1,ㄈㄨˊ ㄊㄠˊ
浮鋪,1,ㄈㄨˊ ㄆㄨˋ
浮頭,1,ㄈㄨˊ ㄊㄡˊ
浮額,1,ㄈㄨˊ ㄜˊ
浮鬆,1,ㄈㄨˊ ㄙㄨㄥ
浯水,1,ㄨˊ ㄕㄨㄟˇ
浴德,1,ㄩˋ ㄉㄜˊ
浴日,1,ㄩˋ ㄖˋ
浴療,1,ㄩˋ ㄌㄧㄠˊ
浴鐵,1,ㄩˋ ㄊㄧㄝˇ
海京,1,ㄏㄞˇ ㄐㄧㄥ
海兔,1,ㄏㄞˇ ㄊㄨˋ
海凸,1,ㄏㄞˇ ㄊㄨˊ
海圖,1,ㄏㄞˇ ㄊㄨˊ
海塗,1,ㄏㄞˇ ㄊㄨˊ
海女,1,ㄏㄞˇ ㄋㄩˇ
海子,1,ㄏㄞˇ ㄗ˙
海宇,1,ㄏㄞˇ ㄩˇ
海寇,1,ㄏㄞˇ ㄎㄡˋ
海寧,1,ㄏㄞˇ ㄋㄧㄥˊ
海岱,1,ㄏㄞˇ ㄉㄞˋ
海崖,1,ㄏㄞˇ ㄧㄞˊ
海嶠,1,ㄏㄞˇ ㄐㄧㄠˋ
海嶺,1,ㄏㄞˇ ㄌㄧㄥˇ
海嶽,1,ㄏㄞˇ ㄩㄝˋ
海師,1,ㄏㄞˇ ㄕ
海曲,1,ㄏㄞˇ ㄑㄩ
海月,1,ㄏㄞˇ ㄩㄝˋ
海松,1,ㄏㄞˇ ㄙㄨㄥ
海柱,1,ㄏㄞˇ ㄓㄨˋ
海格,1,ㄏㄞˇ ㄍㄜˊ
海棗,1,ㄏㄞˇ ㄗㄠˇ
海樓,1,ㄏㄞˇ ㄌㄡˊ
海樣,1,ㄏㄞˇ ㄧㄤˋ
海氛,1,ㄏㄞˇ ㄈㄣ
海沫,1,ㄏㄞˇ ㄇㄛˋ
海濤,1,ㄏㄞˇ ㄊㄠˊ
海烏,1,ㄏㄞˇ ㄨ
海熊,1,ㄏㄞˇ ㄒㄩㄥˊ
海燈,1,ㄏㄞˇ ㄉㄥ
海瑞,1,ㄏㄞˇ ㄖㄨㄟˋ
海病,1,ㄏㄞˇ ㄅㄧㄥˋ
海監,1,ㄏㄞˇ ㄐㄧㄢ
海積,1,ㄏㄞˇ ㄐㄧ
海筆,1,ㄏㄞˇ ㄅㄧˇ
海米,1,ㄏㄞˇ ㄇㄧˇ
海罵,1,ㄏㄞˇ ㄇㄚˋ
海臺,1,ㄏㄞˇ ㄊㄞˊ
海若,1,ㄏㄞˇ ㄖㄨㄛˋ
海蛆,1,ㄏㄞˇ ㄑㄩ
海蜒,1,ㄏㄞˇ ㄧㄢˊ
海螄,1,ㄏㄞˇ ㄙ
海行,1,ㄏㄞˇ ㄒㄧㄥˊ
海表,1,ㄏㄞˇ ㄅㄧㄠˇ
海被,1,ㄏㄞˇ ㄅㄟˋ
海話,1,ㄏㄞˇ ㄏㄨㄚˋ
海谷,1,ㄏㄞˇ ㄍㄨˇ
海豬,1,ㄏㄞˇ ㄓㄨ
海貨,1,ㄏㄞˇ ㄏㄨㄛˋ
海退,1,ㄏㄞˇ ㄊㄨㄟˋ
海郎,1,ㄏㄞˇ ㄌㄤˊ
海都,1,ㄏㄞˇ ㄉㄨ
海錯,1,ㄏㄞˇ ㄘㄨㄛˋ
海鏡,1,ㄏㄞˇ ㄐㄧㄥˋ
海陬,1,ㄏㄞˇ ㄗㄡ
海青,1,ㄏㄞˇ ㄑㄧㄥ
海鞘,1,ㄏㄞˇ ㄑㄧㄠˋ
海鯽,1,ㄏㄞˇ ㄐㄧˋ
海鰌,1,ㄏㄞˇ ㄑㄧㄡ
海鰓,1,ㄏㄞˇ ㄙㄞ
海鶻,1,ㄏㄞˇ ㄏㄨˊ
浸劑,1,ㄐㄧㄣˋ ㄐㄧˋ
浸微,1,ㄐㄧㄣˋ ㄨㄟˊ
浸溼,1,ㄐㄧㄣˋ ㄕ
浸漸,1,ㄐㄧㄣˋ ㄐㄧㄢˋ
浸膏,1,ㄐㄧㄣˋ ㄍㄠ
浸製,1,ㄐㄧㄣˋ ㄓˋ
浹日,1,ㄐㄧㄚˊ ㄖˋ
浹浹,1,ㄐㄧㄚˊ ㄐㄧㄚˊ
浹渫,1,ㄐㄧㄚˊ ㄒㄧㄝˋ
浹辰,1,ㄐㄧㄚˊ ㄔㄣˊ
浼浼,1,ㄇㄟˇ ㄇㄟˇ
涂月,1,ㄊㄨˊ ㄩㄝˋ
涇河,1,ㄐㄧㄥ ㄏㄜˊ
涇流,1,ㄐㄧㄥ ㄌㄧㄡˊ
消乏,1,ㄒㄧㄠ ㄈㄚˊ
消停,1,ㄒㄧㄠ ㄊㄧㄥ˙
消憂,1,ㄒㄧㄠ ㄧㄡ
消折,1,ㄒㄧㄠ ㄕㄜˊ
消歇,1,ㄒㄧㄠ ㄒㄧㄝ
消減,1,ㄒㄧㄠ ㄐㄧㄢˇ
消渴,1,ㄒㄧㄠ ㄎㄜˇ
消索,1,ㄒㄧㄠ ㄙㄨㄛˇ
消解,1,ㄒㄧㄠ ㄐㄧㄝˇ
消食,1,ㄒㄧㄠ ㄕˊ
涉想,1,ㄕㄜˋ ㄒㄧㄤˇ
涉歷,1,ㄕㄜˋ ㄌㄧˋ
涉禽,1,ㄕㄜˋ ㄑㄧㄣˊ
涉筆,1,ㄕㄜˋ ㄅㄧˇ
涉血,1,ㄕㄜˋ ㄒㄩㄝˋ
涌流,1,ㄩㄥˇ ㄌㄧㄡˊ
涌湍,1,ㄩㄥˇ ㄊㄨㄢ
涌裔,1,ㄩㄥˇ ㄧˋ
涎尾,1,ㄒㄧㄢˊ ㄨㄟˇ
涎水,1,ㄒㄧㄢˊ ㄕㄨㄟˇ
涎沫,1,ㄒㄧㄢˊ ㄇㄛˋ
涎涎,1,ㄧㄢˋ ㄧㄢˋ
涎臉,1,ㄒㄧㄢˊ ㄌㄧㄢ˙
涑水,1,ㄙㄨˋ ㄕㄨㄟˇ
涒灘,1,ㄊㄨㄣ ㄊㄢ
涒鄰,1,ㄐㄩㄣ ㄌㄧㄣˊ
涓人,1,ㄐㄩㄢ ㄖㄣˊ
涓吉,1,ㄐㄩㄢ ㄐㄧˊ
涓埃,1,ㄐㄩㄢ ㄞ
涓流,1,ㄐㄩㄢ ㄌㄧㄡˊ
涓潔,1,ㄐㄩㄢ ㄐㄧㄝˊ
涔旱,1,ㄘㄣˊ ㄏㄢˋ
涔蹄,1,ㄘㄣˊ ㄊㄧˊ
涕洟,1,ㄊㄧˋ ㄧˊ
涪江,1,ㄈㄨˊ ㄐㄧㄤ
涯分,1,ㄧㄚˊ ㄈㄣˋ
涯涘,1,ㄧㄚˊ ㄙˋ
涯詞,1,ㄧㄚˊ ㄘˊ
液材,1,ㄧㄝˋ ㄘㄞˊ
液果,1,ㄧㄝˋ ㄍㄨㄛˇ
液胞,1,ㄧㄝˋ ㄅㄠ
液雨,1,ㄧㄝˋ ㄩˇ
涳濛,1,ㄎㄨㄥ ㄇㄥˊ
涵咀,1,ㄏㄢˊ ㄐㄩˇ
涵容,1,ㄏㄢˊ ㄖㄨㄥˊ
涵泳,1,ㄏㄢˊ ㄩㄥˇ
涵淹,1,ㄏㄢˊ ㄧㄢ
涵濡,1,ㄏㄢˊ ㄖㄨˊ
涵煦,1,ㄏㄢˊ ㄒㄩˇ
涵虛,1,ㄏㄢˊ ㄒㄩ
涸漁,1,ㄏㄜˊ ㄩˊ
涸陰,1,ㄏㄜˊ ㄧㄣ
涸鮒,1,ㄏㄜˊ ㄈㄨˋ
涼友,1,ㄌㄧㄤˊ ㄧㄡˇ
涼夏,1,ㄌㄧㄤˊ ㄒㄧㄚˋ
涼帽,1,ㄌㄧㄤˊ ㄇㄠˋ
涼德,1,ㄌㄧㄤˊ ㄉㄜˊ
涼月,1,ㄌㄧㄤˊ ㄩㄝˋ
涼榻,1,ㄌㄧㄤˊ ㄊㄚˋ
涼涼,1,ㄌㄧㄤˋ ㄌㄧㄤˊ
涼碟,1,ㄌㄧㄤˊ ㄉㄧㄝˊ
涼篷,1,ㄌㄧㄤˊ ㄆㄥˊ
涼臺,1,ㄌㄧㄤˊ ㄊㄞˊ
涼茶,1,ㄌㄧㄤˊ ㄔㄚˊ
涼薯,1,ㄌㄧㄤˊ ㄕㄨˇ
涼藥,1,ㄌㄧㄤˊ ㄧㄠˋ
涼血,1,ㄌㄧㄤˊ ㄒㄧㄝˇ
涼衫,1,ㄌㄧㄤˊ ㄕㄢ
涾沱,1,ㄊㄚˋ ㄊㄨㄛˊ
涿郡,1,ㄓㄨㄛˊ ㄐㄩㄣˋ
涿鹿,1,ㄓㄨㄛˊ ㄌㄨˋ
淄水,1,ㄗ ㄕㄨㄟˇ
淅淅,1,ㄒㄧ ㄒㄧ
淆亂,1,ㄧㄠˊ ㄌㄨㄢˋ
淆惑,1,ㄧㄠˊ ㄏㄨㄛˋ
淆紊,1,ㄧㄠˊ ㄨㄣˋ
淆雜,1,ㄧㄠˊ ㄗㄚˊ
淇奧,1,ㄑㄧˊ ㄠˋ
淇水,1,ㄑㄧˊ ㄕㄨㄟˇ
淈泥,1,ㄍㄨˇ ㄋㄧˊ
淋溲,1,ㄌㄧㄣˊ ㄙㄡ
淋證,1,ㄌㄧㄣˊ ㄓㄥˋ
淋鈴,1,ㄌㄧㄣˊ ㄌㄧㄥˊ
淋零,1,ㄌㄧㄣˊ ㄌㄧㄥˊ
淌下,1,ㄊㄤˇ ㄒㄧㄚˋ
淌水,1,ㄊㄤˇ ㄕㄨㄟˇ
淑世,1,ㄕㄨˊ ㄕˋ
淑人,1,ㄕㄨˊ ㄖㄣˊ
淑化,1,ㄕㄨˊ ㄏㄨㄚˋ
淑問,1,ㄕㄨˊ ㄨㄣˋ
淑均,1,ㄕㄨˊ ㄐㄩㄣ
淑姿,1,ㄕㄨˊ ㄗ
淑媛,1,ㄕㄨˊ ㄩㄢˋ
淑尤,1,ㄕㄨˊ ㄧㄡˊ
淑弟,1,ㄕㄨˊ ㄉㄧˋ
淑性,1,ㄕㄨˊ ㄒㄧㄥˋ
淑景,1,ㄕㄨˊ ㄐㄧㄥˇ
淑氣,1,ㄕㄨˊ ㄑㄧˋ
淑清,1,ㄕㄨˊ ㄑㄧㄥ
淑美,1,ㄕㄨˊ ㄇㄟˇ
淑胤,1,ㄕㄨˊ ㄧㄣˋ
淑郁,1,ㄕㄨˊ ㄩˋ
淒婉,1,ㄑㄧ ㄨㄢˇ
淒斷,1,ㄑㄧ ㄉㄨㄢˋ
淒絕,1,ㄑㄧ ㄐㄩㄝˊ
淒緊,1,ㄑㄧ ㄐㄧㄣˇ
淒薄,1,ㄑㄧ ㄅㄛˊ
淒豔,1,ㄑㄧ ㄧㄢˋ
淒飆,1,ㄑㄧ ㄅㄧㄠ
淖濘,1,ㄋㄠˋ ㄋㄧㄥˋ
淖糜,1,ㄋㄠˋ ㄇㄧˊ
淘寫,1,ㄊㄠˊ ㄒㄧㄝˇ
淘換,1,ㄊㄠˊ ㄏㄨㄢ˙
淘沙,1,ㄊㄠˊ ㄕㄚ
淘河,1,ㄊㄠˊ ㄏㄜˊ
淘淥,1,ㄊㄠˊ ㄌㄨˋ
淘漉,1,ㄊㄠˊ ㄌㄨˋ
淘澄,1,ㄊㄠˊ ㄔㄥˊ
淘瀉,1,ㄊㄠˊ ㄒㄧㄝˋ
淘真,1,ㄊㄠˊ ㄓㄣ
淘籮,1,ㄊㄠˊ ㄌㄨㄛˊ
淘虛,1,ㄊㄠˊ ㄒㄩ
淘鹽,1,ㄊㄠˊ ㄧㄢˊ
淙琤,1,ㄘㄨㄥˊ ㄔㄥ
淚光,1,ㄌㄟˋ ㄍㄨㄤ
淚囊,1,ㄌㄟˋ ㄋㄤˊ
淚堂,1,ㄌㄟˋ ㄊㄤˊ
淚妝,1,ㄌㄟˋ ㄓㄨㄤ
淚容,1,ㄌㄟˋ ㄖㄨㄥˊ
淚槽,1,ㄌㄟˋ ㄘㄠˊ
淚波,1,ㄌㄟˋ ㄅㄛ
淚竹,1,ㄌㄟˋ ㄓㄨˊ
淚蠟,1,ㄌㄟˋ ㄌㄚˋ
淚點,1,ㄌㄟˋ ㄉㄧㄢˇ
淜滂,1,ㄆㄥ ㄆㄤ
淝水,1,ㄈㄟˊ ㄕㄨㄟˇ
淟汩,1,ㄊㄧㄢˇ ㄍㄨˇ
淟涊,1,ㄊㄧㄢˇ ㄋㄧㄢˇ
淟濁,1,ㄊㄧㄢˇ ㄓㄨㄛˊ
淠淠,1,ㄆㄧˋ ㄆㄧˋ
淡交,1,ㄉㄢˋ ㄐㄧㄠ
淡廝,1,ㄉㄢˋ ㄙ
淡彩,1,ㄉㄢˋ ㄘㄞˇ
淡抹,1,ㄉㄢˋ ㄇㄛˇ
淡竹,1,ㄉㄢˋ ㄓㄨˊ
淡話,1,ㄉㄢˋ ㄏㄨㄚˋ
淤溉,1,ㄩ ㄍㄞˋ
淤閼,1,ㄩ ㄜˋ
淥水,1,ㄌㄨˋ ㄕㄨㄟˇ
淥淥,1,ㄌㄨˋ ㄌㄨˋ
淥老,1,ㄌㄨˋ ㄌㄠˇ
淥蟻,1,ㄌㄨˋ ㄧˇ
淦水,1,ㄍㄢˋ ㄕㄨㄟˇ
淨價,1,ㄐㄧㄥˋ ㄐㄧㄚˋ
淨光,1,ㄐㄧㄥˋ ㄍㄨㄤ
淨君,1,ㄐㄧㄥˋ ㄐㄩㄣ
淨宅,1,ㄐㄧㄥˋ ㄓㄞˊ
淨心,1,ㄐㄧㄥˋ ㄒㄧㄣ
淨桶,1,ㄐㄧㄥˋ ㄊㄨㄥˇ
淨業,1,ㄐㄧㄥˋ ㄧㄝˋ
淨理,1,ㄐㄧㄥˋ ㄌㄧˇ
淨筵,1,ㄐㄧㄥˋ ㄧㄢˊ
淨素,1,ㄐㄧㄥˋ ㄙㄨˋ
淨角,1,ㄐㄧㄥˋ ㄐㄩㄝˊ
淨院,1,ㄐㄧㄥˋ ㄩㄢˋ
淨面,1,ㄐㄧㄥˋ ㄇㄧㄢˋ
淨鞭,1,ㄐㄧㄥˋ ㄅㄧㄢ
淨頭,1,ㄐㄧㄥˋ ㄊㄡˊ
淨餘,1,ㄐㄧㄥˋ ㄩˊ
淨髮,1,ㄐㄧㄥˋ ㄈㄚˇ
淩夷,1,ㄌㄧㄥˊ ㄧˊ
淪敗,1,ㄌㄨㄣˊ ㄅㄞˋ
淪替,1,ㄌㄨㄣˊ ㄊㄧˋ
淪棄,1,ㄌㄨㄣˊ ㄑㄧˋ
淪漣,1,ㄌㄨㄣˊ ㄌㄧㄢˊ
淪漪,1,ㄌㄨㄣˊ ㄧ
淪胥,1,ㄌㄨㄣˊ ㄒㄩ
淪跡,1,ㄌㄨㄣˊ ㄐㄧ
淫刑,1,ㄧㄣˊ ㄒㄧㄥˊ
淫哇,1,ㄧㄣˊ ㄨㄚ
淫奔,1,ㄧㄣˊ ㄅㄣ
淫媟,1,ㄧㄣˊ ㄒㄧㄝˋ
淫媾,1,ㄧㄣˊ ㄍㄡˋ
淫學,1,ㄧㄣˊ ㄒㄩㄝˊ
淫惠,1,ㄧㄣˊ ㄏㄨㄟˋ
淫氣,1,ㄧㄣˊ ㄑㄧˋ
淫液,1,ㄧㄣˊ ㄧㄝˋ
淫淫,1,ㄧㄣˊ ㄧㄣˊ
淫潦,1,ㄧㄣˊ ㄌㄠˋ
淫濫,1,ㄧㄣˊ ㄌㄢˋ
淫祠,1,ㄧㄣˊ ㄘˊ
淫視,1,ㄧㄣˊ ㄕˋ
淫遊,1,ㄧㄣˊ ㄧㄡˊ
淫邪,1,ㄧㄣˊ ㄒㄧㄝˊ
淫雨,1,ㄧㄣˊ ㄩˇ
淬厲,1,ㄘㄨㄟˋ ㄌㄧˋ
淬鍊,1,ㄘㄨㄟˋ ㄌㄧㄢˋ
淬鏡,1,ㄘㄨㄟˋ ㄐㄧㄥˋ
淮劇,1,ㄏㄨㄞˊ ㄐㄩˋ
淮夷,1,ㄏㄨㄞˊ ㄧˊ
淮左,1,ㄏㄨㄞˊ ㄗㄨㄛˇ
淮枳,1,ㄏㄨㄞˊ ㄓˇ
淮西,1,ㄏㄨㄞˊ ㄒㄧ
淮軍,1,ㄏㄨㄞˊ ㄐㄩㄣ
淮鹽,1,ㄏㄨㄞˊ ㄧㄢˊ
淰淰,1,ㄋㄧㄢˇ ㄋㄧㄢˇ
深人,1,ㄕㄣ ㄖㄣˊ
深叢,1,ㄕㄣ ㄘㄨㄥˊ
深墨,1,ㄕㄣ ㄇㄛˋ
深宵,1,ㄕㄣ ㄒㄧㄠ
深廣,1,ㄕㄣ ㄍㄨㄤˇ
深微,1,ㄕㄣ ㄨㄟˊ
深拱,1,ㄕㄣ ㄍㄨㄥˇ
深文,1,ㄕㄣ ㄨㄣˊ
深渺,1,ㄕㄣ ㄇㄧㄠˇ
深澗,1,ㄕㄣ ㄐㄧㄢˋ
深痼,1,ㄕㄣ ㄍㄨˋ
深衣,1,ㄕㄣ ㄧ
深語,1,ㄕㄣ ㄩˇ
深通,1,ㄕㄣ ㄊㄨㄥ
深陷,1,ㄕㄣ ㄒㄧㄢˋ
淳于,1,ㄔㄨㄣˊ ㄩˊ
淳古,1,ㄔㄨㄣˊ ㄍㄨˇ
淳和,1,ㄔㄨㄣˊ ㄏㄜˊ
淳淳,1,ㄔㄨㄣˊ ㄔㄨㄣˊ
淳熙,1,ㄔㄨㄣˊ ㄒㄧ
淳白,1,ㄔㄨㄣˊ ㄅㄞˊ
淳粹,1,ㄔㄨㄣˊ ㄘㄨㄟˋ
淳絜,1,ㄔㄨㄣˊ ㄐㄧㄝˊ
淳良,1,ㄔㄨㄣˊ ㄌㄧㄤˊ
淳龐,1,ㄔㄨㄣˊ ㄆㄤˊ
淴浴,1,ㄏㄨ ㄩˋ
淵塞,1,ㄩㄢ ㄙㄜˋ
淵海,1,ㄩㄢ ㄏㄞˇ
淵深,1,ㄩㄢ ㄕㄣ
淵淵,1,ㄩㄢ ㄩㄢ
淵識,1,ㄩㄢ ㄕˋ
淵默,1,ㄩㄢ ㄇㄛˋ
混一,1,ㄏㄨㄣˋ ㄧ
混亂,1,ㄏㄨㄣˋ ㄌㄨㄢˋ
混事,1,ㄏㄨㄣˋ ㄕˋ
混人,1,ㄏㄨㄣˋ ㄖㄣˊ
混元,1,ㄏㄨㄣˋ ㄩㄢˊ
混冥,1,ㄏㄨㄣˋ ㄇㄧㄥˊ
混唚,1,ㄏㄨㄣˋ ㄑㄧㄣˋ
混堂,1,ㄏㄨㄣˋ ㄊㄤˊ
混夷,1,ㄎㄨㄣ ㄧˊ
混家,1,ㄏㄨㄣˋ ㄐㄧㄚ
混居,1,ㄏㄨㄣˋ ㄐㄩ
混打,1,ㄏㄨㄣˋ ㄉㄚˇ
混攪,1,ㄏㄨㄣˋ ㄐㄧㄠˇ
混棍,1,ㄏㄨㄣˋ ㄍㄨㄣˋ
混淪,1,ㄏㄨㄣˋ ㄌㄨㄣˊ
混濁,1,ㄏㄨㄣˋ ㄓㄨㄛˊ
混然,1,ㄏㄨㄣˋ ㄖㄢˊ
混猜,1,ㄏㄨㄣˋ ㄘㄞ
混球,1,ㄏㄨㄣˋ ㄑㄧㄡˊ
混糖,1,ㄏㄨㄣˋ ㄊㄤˊ
混纏,1,ㄏㄨㄣˋ ㄔㄢˊ
混芒,1,ㄏㄨㄣˋ ㄇㄤˊ
混茫,1,ㄏㄨㄣˋ ㄇㄤˊ
混號,1,ㄏㄨㄣˋ ㄏㄠˋ
混蛋,1,ㄏㄨㄣˋ ㄉㄢˋ
混蟲,1,ㄏㄨㄣˋ ㄔㄨㄥˊ
混話,1,ㄏㄨㄣˋ ㄏㄨㄚˋ
混說,1,ㄏㄨㄣˋ ㄕㄨㄛ
混賴,1,ㄏㄨㄣˋ ㄌㄞˋ
混踐,1,ㄏㄨㄣˋ ㄐㄧㄢˋ
混身,1,ㄏㄨㄣˋ ㄕㄣ
混錢,1,ㄏㄨㄣˋ ㄑㄧㄢˊ
混音,1,ㄏㄨㄣˋ ㄧㄣ
混鬧,1,ㄏㄨㄣˋ ㄋㄠˋ
淹博,1,ㄧㄢ ㄅㄛˊ
淹宿,1,ㄧㄢ ㄙㄨˋ
淹恤,1,ㄧㄢ ㄒㄩˋ
淹晷,1,ㄧㄢ ㄍㄨㄟˇ
淹月,1,ㄧㄢ ㄩㄝˋ
淹殺,1,ㄧㄢ ㄕㄚ
淹沉,1,ㄧㄢ ㄔㄣˊ
淹滅,1,ㄧㄢ ㄇㄧㄝˋ
淹滯,1,ㄧㄢ ㄓˋ
淹潤,1,ㄧㄢ ㄖㄨㄣˋ
淹灌,1,ㄧㄢ ㄍㄨㄢˋ
淹煎,1,ㄧㄢ ㄐㄧㄢ
淹留,1,ㄧㄢ ㄌㄧㄡˊ
淹纏,1,ㄧㄢ ㄔㄢ˙
淹識,1,ㄧㄢ ㄕˋ
淹貫,1,ㄧㄢ ㄍㄨㄢˋ
淹踐,1,ㄧㄢ ㄐㄧㄢ˙
淹通,1,ㄧㄢ ㄊㄨㄥ
淹雅,1,ㄧㄢ ㄧㄚˇ
淺井,1,ㄑㄧㄢˇ ㄐㄧㄥˇ
淺交,1,ㄑㄧㄢˇ ㄐㄧㄠ
淺俗,1,ㄑㄧㄢˇ ㄙㄨˊ
淺化,1,ㄑㄧㄢˇ ㄏㄨㄚˋ
淺嘗,1,ㄑㄧㄢˇ ㄔㄤˊ
淺嚐,1,ㄑㄧㄢˇ ㄔㄤˊ
淺子,1,ㄑㄧㄢˇ ㄗ˙
淺學,1,ㄑㄧㄢˇ ㄒㄩㄝˊ
淺帶,1,ㄑㄧㄢˇ ㄉㄞˋ
淺淺,1,ㄐㄧㄢ ㄐㄧㄢ
淺睡,1,ㄑㄧㄢˇ ㄕㄨㄟˋ
淺雕,1,ㄑㄧㄢˇ ㄉㄧㄠ
淺露,1,ㄑㄧㄢˇ ㄌㄨˋ
淺鮮,1,ㄑㄧㄢˇ ㄒㄧㄢˇ
添倉,1,ㄊㄧㄢ ㄘㄤ
添墳,1,ㄊㄧㄢ ㄈㄣˊ
添壽,1,ㄊㄧㄢ ㄕㄡˋ
添妝,1,ㄊㄧㄢ ㄓㄨㄤ
添忙,1,ㄊㄧㄢ ㄇㄤˊ
添本,1,ㄊㄧㄢ ㄅㄣˇ
添盆,1,ㄊㄧㄢ ㄆㄣˊ
添箱,1,ㄊㄧㄢ ㄒㄧㄤ
添綴,1,ㄊㄧㄢ ㄓㄨㄟˋ
添線,1,ㄊㄧㄢ ㄒㄧㄢˋ
添補,1,ㄊㄧㄢ ㄅㄨ˙
添造,1,ㄊㄧㄢ ㄗㄠˋ
淼漫,1,ㄇㄧㄠˇ ㄇㄢˋ
淼茫,1,ㄇㄧㄠˇ ㄇㄤˊ
清丈,1,ㄑㄧㄥ ㄓㄤˋ
清世,1,ㄑㄧㄥ ㄕˋ
清么,1,ㄑㄧㄥ ㄧㄠ
清介,1,ㄑㄧㄥ ㄐㄧㄝˋ
清俊,1,ㄑㄧㄥ ㄐㄩㄣˋ
清典,1,ㄑㄧㄥ ㄉㄧㄢˇ
清切,1,ㄑㄧㄥ ㄑㄧㄝˋ
清劭,1,ㄑㄧㄥ ㄕㄠˋ
清厲,1,ㄑㄧㄥ ㄌㄧˋ
清名,1,ㄑㄧㄥ ㄇㄧㄥˊ
清吹,1,ㄑㄧㄥ ㄔㄨㄟˋ
清商,1,ㄑㄧㄥ ㄕㄤ
清塵,1,ㄑㄧㄥ ㄔㄣˊ
清士,1,ㄑㄧㄥ ㄕˋ
清奇,1,ㄑㄧㄥ ㄑㄧˊ
清察,1,ㄑㄧㄥ ㄔㄚˊ
清幫,1,ㄑㄧㄥ ㄅㄤ
清廟,1,ㄑㄧㄥ ㄇㄧㄠˋ
清恬,1,ㄑㄧㄥ ㄊㄧㄢˊ
清慎,1,ㄑㄧㄥ ㄕㄣˋ
清拔,1,ㄑㄧㄥ ㄅㄚˊ
清揚,1,ㄑㄧㄥ ㄧㄤˊ
清操,1,ㄑㄧㄥ ㄘㄠ
清曉,1,ㄑㄧㄥ ㄒㄧㄠˇ
清望,1,ㄑㄧㄥ ㄨㄤˋ
清朝,1,ㄑㄧㄥ ㄓㄠ
清標,1,ㄑㄧㄥ ㄅㄧㄠ
清樣,1,ㄑㄧㄥ ㄧㄤˋ
清歌,1,ㄑㄧㄥ ㄍㄜ
清氣,1,ㄑㄧㄥ ㄑㄧˋ
清津,1,ㄑㄧㄥ ㄐㄧㄣ
清減,1,ㄑㄧㄥ ㄐㄧㄢˇ
清湛,1,ㄑㄧㄥ ㄓㄢˋ
清溪,1,ㄑㄧㄥ ㄒㄧ
清漣,1,ㄑㄧㄥ ㄌㄧㄢˊ
清澂,1,ㄑㄧㄥ ㄔㄥˊ
清澹,1,ㄑㄧㄥ ㄉㄢˋ
清火,1,ㄑㄧㄥ ㄏㄨㄛˇ
清狂,1,ㄑㄧㄥ ㄎㄨㄤˊ
清玩,1,ㄑㄧㄥ ㄨㄢˋ
清發,1,ㄑㄧㄥ ㄈㄚ
清真,1,ㄑㄧㄥ ㄓㄣ
清祀,1,ㄑㄧㄥ ㄙˋ
清神,1,ㄑㄧㄥ ㄕㄣˊ
清禁,1,ㄑㄧㄥ ㄐㄧㄣˋ
清綺,1,ㄑㄧㄥ ㄑㄧˇ
清績,1,ㄑㄧㄥ ㄐㄧ
清臞,1,ㄑㄧㄥ ㄑㄩˊ
清艙,1,ㄑㄧㄥ ㄘㄤ
清裁,1,ㄑㄧㄥ ㄘㄞˊ
清要,1,ㄑㄧㄥ ㄧㄠˋ
清言,1,ㄑㄧㄥ ㄧㄢˊ
清話,1,ㄑㄧㄥ ㄏㄨㄚˋ
清誨,1,ㄑㄧㄥ ㄏㄨㄟˋ
清課,1,ㄑㄧㄥ ㄎㄜˋ
清譽,1,ㄑㄧㄥ ㄩˋ
清貫,1,ㄑㄧㄥ ㄍㄨㄢˋ
清貴,1,ㄑㄧㄥ ㄍㄨㄟˋ
清越,1,ㄑㄧㄥ ㄩㄝˋ
清蹕,1,ㄑㄧㄥ ㄅㄧˋ
清通,1,ㄑㄧㄥ ㄊㄨㄥ
清還,1,ㄑㄧㄥ ㄏㄨㄢˊ
清都,1,ㄑㄧㄥ ㄉㄨ
清酌,1,ㄑㄧㄥ ㄓㄨㄛˊ
清醇,1,ㄑㄧㄥ ㄔㄨㄣˊ
清釅,1,ㄑㄧㄥ ㄧㄢˋ
清鑠,1,ㄑㄧㄥ ㄕㄨㄛˋ
清門,1,ㄑㄧㄥ ㄇㄣˊ
清霽,1,ㄑㄧㄥ ㄐㄧˋ
清頭,1,ㄑㄧㄥ ㄊㄡˊ
清顏,1,ㄑㄧㄥ ㄧㄢˊ
清顯,1,ㄑㄧㄥ ㄒㄧㄢˇ
清馨,1,ㄑㄧㄥ ㄒㄧㄣ
渙乎,1,ㄏㄨㄢˋ ㄏㄨ
渙汗,1,ㄏㄨㄢˋ ㄏㄢˋ
渙渙,1,ㄏㄨㄢˋ ㄏㄨㄢˋ
渙然,1,ㄏㄨㄢˋ ㄖㄢˊ
渚宮,1,ㄓㄨˇ ㄍㄨㄥ
減俸,1,ㄐㄧㄢˇ ㄈㄥˋ
減削,1,ㄐㄧㄢˇ ㄒㄩㄝˋ
減動,1,ㄐㄧㄢˇ ㄉㄨㄥˋ
減妝,1,ㄐㄧㄢˇ ㄓㄨㄤ
減字,1,ㄐㄧㄢˇ ㄗˋ
減幅,1,ㄐㄧㄢˇ ㄈㄨˊ
減殺,1,ㄐㄧㄢˇ ㄕㄚˋ
減灶,1,ㄐㄧㄢˇ ㄗㄠˋ
減煠,1,ㄐㄧㄢˇ ㄓㄚˊ
減等,1,ㄐㄧㄢˇ ㄉㄥˇ
減膳,1,ㄐㄧㄢˇ ㄕㄢˋ
減裝,1,ㄐㄧㄢˇ ㄓㄨㄤ
減資,1,ㄐㄧㄢˇ ㄗ
渝始,1,ㄩˊ ㄕˇ
渝盟,1,ㄩˊ ㄇㄥˊ
渟水,1,ㄊㄧㄥˊ ㄕㄨㄟˇ
渟洿,1,ㄊㄧㄥˊ ㄨ
渠們,1,ㄑㄩˊ ㄇㄣ˙
渠儂,1,ㄑㄩˊ ㄋㄨㄥˊ
渠江,1,ㄑㄩˊ ㄐㄧㄤ
渠渠,1,ㄑㄩˊ ㄑㄩˊ
渠率,1,ㄑㄩˊ ㄕㄨㄞˋ
渠衝,1,ㄑㄩˊ ㄔㄨㄥ
渠輩,1,ㄑㄩˊ ㄅㄟˋ
渡子,1,ㄉㄨˋ ㄗˇ
渡水,1,ㄉㄨˋ ㄕㄨㄟˇ
渡錢,1,ㄉㄨˋ ㄑㄧㄢˊ
渡頭,1,ㄉㄨˋ ㄊㄡˊ
渢渢,1,ㄈㄥˊ ㄈㄥˊ
渤潏,1,ㄅㄛˊ ㄐㄩㄝˊ
渤翁,1,ㄅㄛˊ ㄨㄥ
渥汗,1,ㄨㄛˋ ㄏㄢˋ
渥然,1,ㄨㄛˋ ㄖㄢˊ
渥眄,1,ㄨㄛˋ ㄇㄧㄢˇ
渦口,1,ㄍㄨㄛ ㄎㄡˇ
渦河,1,ㄍㄨㄛ ㄏㄜˊ
渫渫,1,ㄒㄧㄝˋ ㄒㄧㄝˋ
測桿,1,ㄘㄜˋ ㄍㄢˇ
測評,1,ㄘㄜˋ ㄆㄧㄥˊ
測鉛,1,ㄘㄜˋ ㄑㄧㄢ
渭城,1,ㄨㄟˋ ㄔㄥˊ
渭陽,1,ㄨㄟˋ ㄧㄤˊ
港客,1,ㄍㄤˇ ㄎㄜˋ
港汊,1,ㄍㄤˇ ㄔㄚˋ
渰渰,1,ㄧㄢˇ ㄧㄢˇ
渲房,1,ㄒㄩㄢˋ ㄈㄤˊ
渴仰,1,ㄎㄜˇ ㄧㄤˇ
渴懷,1,ㄎㄜˇ ㄏㄨㄞˊ
渴欲,1,ㄎㄜˇ ㄩˋ
渴澤,1,ㄐㄧㄝˊ ㄗㄜˊ
渴烏,1,ㄎㄜˇ ㄨ
渴病,1,ㄎㄜˇ ㄅㄧㄥˋ
渴筆,1,ㄎㄜˇ ㄅㄧˇ
渴葬,1,ㄎㄜˇ ㄗㄤˋ
渴賞,1,ㄎㄜˇ ㄕㄤˇ
渴雨,1,ㄎㄜˇ ㄩˇ
游儀,1,ㄧㄡˊ ㄧˊ
游勇,1,ㄧㄡˊ ㄩㄥˇ
游塵,1,ㄧㄡˊ ㄔㄣˊ
游奕,1,ㄧㄡˊ ㄧˋ
游女,1,ㄧㄡˊ ㄋㄩˇ
游學,1,ㄧㄡˊ ㄒㄩㄝˊ
游宦,1,ㄧㄡˊ ㄏㄨㄢˋ
游履,1,ㄧㄡˊ ㄌㄩˇ
游弋,1,ㄧㄡˊ ㄧˋ
游徼,1,ㄧㄡˊ ㄐㄧㄠˇ
游揚,1,ㄧㄡˊ ㄧㄤˊ
游日,1,ㄧㄡˊ ㄖˋ
游泮,1,ㄧㄡˊ ㄆㄢˋ
游獵,1,ㄧㄡˊ ㄌㄧㄝˋ
游耕,1,ㄧㄡˊ ㄍㄥ
游舊,1,ㄧㄡˊ ㄐㄧㄡˋ
游衍,1,ㄧㄡˊ ㄧㄢˇ
游言,1,ㄧㄡˊ ㄧㄢˊ
游辭,1,ㄧㄡˊ ㄘˊ
游龍,1,ㄧㄡˊ ㄌㄨㄥˊ
渹湱,1,ㄏㄨㄥ ㄏㄨㄛˋ
渺視,1,ㄇㄧㄠˇ ㄕˋ
渺邈,1,ㄇㄧㄠˇ ㄇㄧㄠˇ
渾世,1,ㄏㄨㄣˊ ㄕˋ
渾倌,1,ㄏㄨㄣˊ ㄍㄨㄢ
渾元,1,ㄏㄨㄣˋ ㄩㄢˊ
渾全,1,ㄏㄨㄣˊ ㄑㄩㄢˊ
渾化,1,ㄏㄨㄣˊ ㄏㄨㄚˋ
渾名,1,ㄏㄨㄣˋ ㄇㄧㄥˊ
渾天,1,ㄏㄨㄣˋ ㄊㄧㄢ
渾成,1,ㄏㄨㄣˊ ㄔㄥˊ
渾敦,1,ㄏㄨㄣˋ ㄉㄨㄣ
渾是,1,ㄏㄨㄣˊ ㄕˋ
渾樸,1,ㄏㄨㄣˊ ㄆㄨˊ
渾殽,1,ㄏㄨㄣˋ ㄧㄠˊ
渾河,1,ㄏㄨㄣˊ ㄏㄜˊ
渾涵,1,ㄏㄨㄣˊ ㄏㄢˊ
渾淪,1,ㄏㄨㄣˋ ㄌㄨㄣˊ
渾渾,1,ㄍㄨㄣˇ ㄍㄨㄣˇ
渾渾,1,ㄏㄨㄣˋ ㄏㄨㄣˋ
渾球,1,ㄏㄨㄣˋ ㄑㄧㄡˊ
渾箇,1,ㄏㄨㄣˊ ㄍㄜˋ
渾純,1,ㄏㄨㄣˊ ㄔㄨㄣˊ
渾脫,1,ㄏㄨㄣˊ ㄊㄨㄛ
渾花,1,ㄏㄨㄣˊ ㄏㄨㄚ
渾蓋,1,ㄏㄨㄣˊ ㄍㄞˋ
渾號,1,ㄏㄨㄣˋ ㄏㄠˋ
渾言,1,ㄏㄨㄣˊ ㄧㄢˊ
渾話,1,ㄏㄨㄣˊ ㄏㄨㄚˋ
渾賬,1,ㄏㄨㄣˋ ㄓㄤˋ
渾酒,1,ㄏㄨㄣˊ ㄐㄧㄡˇ
渾閒,1,ㄏㄨㄣˊ ㄒㄧㄢˊ
湃湃,1,ㄆㄞˋ ㄆㄞˋ
湄州,1,ㄇㄟˊ ㄓㄡ
湉湉,1,ㄊㄧㄢˊ ㄊㄧㄢˊ
湊合,1,ㄘㄡˋ ㄏㄜ˙
湊搭,1,ㄘㄡˋ ㄉㄚ
湊湊,1,ㄘㄡˋ ㄘㄡˋ
湊理,1,ㄘㄡˋ ㄌㄧˇ
湊錢,1,ㄘㄡˋ ㄑㄧㄢˊ
湍水,1,ㄊㄨㄢ ㄕㄨㄟˇ
湍瀨,1,ㄊㄨㄢ ㄌㄞˋ
湑湑,1,ㄒㄩˇ ㄒㄩˇ
湓涌,1,ㄆㄣˊ ㄩㄥˇ
湓溢,1,ㄆㄣˊ ㄧˋ
湔江,1,ㄐㄧㄢ ㄐㄧㄤ
湔濯,1,ㄐㄧㄢ ㄓㄨㄛˊ
湔祓,1,ㄐㄧㄢ ㄈㄨˊ
湔裙,1,ㄐㄧㄢ ㄑㄩㄣˊ
湖學,1,ㄏㄨˊ ㄒㄩㄝˊ
湖海,1,ㄏㄨˊ ㄏㄞˇ
湖澤,1,ㄏㄨˊ ㄗㄜˊ
湖筆,1,ㄏㄨˊ ㄅㄧˇ
湖縐,1,ㄏㄨˊ ㄓㄡˋ
湖羊,1,ㄏㄨˊ ㄧㄤˊ
湖膠,1,ㄏㄨˊ ㄐㄧㄠ
湘君,1,ㄒㄧㄤ ㄐㄩㄣ
湘妃,1,ㄒㄧㄤ ㄈㄟ
湘娥,1,ㄒㄧㄤ ㄜˊ
湘戲,1,ㄒㄧㄤ ㄒㄧˋ
湘竹,1,ㄒㄧㄤ ㄓㄨˊ
湘簾,1,ㄒㄧㄤ ㄌㄧㄢˊ
湘纍,1,ㄒㄧㄤ ㄌㄟˊ
湘裙,1,ㄒㄧㄤ ㄑㄩㄣˊ
湘語,1,ㄒㄧㄤ ㄩˇ
湘靈,1,ㄒㄧㄤ ㄌㄧㄥˊ
湛寂,1,ㄓㄢˋ ㄐㄧˊ
湛恩,1,ㄓㄢˋ ㄣ
湛憂,1,ㄓㄢˋ ㄧㄡ
湛新,1,ㄓㄢˋ ㄒㄧㄣ
湛湛,1,ㄓㄢˋ ㄓㄢˋ
湛盧,1,ㄓㄢˋ ㄌㄨˊ
湛露,1,ㄓㄢˋ ㄌㄨˋ
湜湜,1,ㄕˊ ㄕˊ
湝湝,1,ㄐㄧㄝ ㄐㄧㄝ
湞水,1,ㄓㄣ ㄕㄨㄟˇ
湠漫,1,ㄊㄢˋ ㄇㄢˋ
湢測,1,ㄅㄧˋ ㄘㄜˋ
湢然,1,ㄅㄧˋ ㄖㄢˊ
湣湣,1,ㄇㄧㄣˇ ㄇㄧㄣˇ
湧潮,1,ㄩㄥˇ ㄔㄠˊ
湫隘,1,ㄐㄧㄠˇ ㄞˋ
湮沉,1,ㄧㄣ ㄔㄣˊ
湮阨,1,ㄧㄣ ㄜˋ
湮鬱,1,ㄧㄣ ㄩˋ
湯劑,1,ㄊㄤ ㄐㄧˋ
湯池,1,ㄊㄤ ㄔˊ
湯沐,1,ㄊㄤ ㄇㄨˋ
湯泉,1,ㄊㄤ ㄑㄩㄢˊ
湯液,1,ㄊㄤ ㄧㄝˋ
湯火,1,ㄊㄤ ㄏㄨㄛˇ
湯瓶,1,ㄊㄤ ㄆㄧㄥˊ
湯盤,1,ㄊㄤ ㄆㄢˊ
湯網,1,ㄊㄤ ㄨㄤˇ
湯罐,1,ㄊㄤ ㄍㄨㄢˋ
湯羊,1,ㄊㄤ ㄧㄤˊ
湯腳,1,ㄊㄤ ㄐㄧㄠˇ
湯著,1,ㄊㄤ ㄓㄠˊ
湯鑊,1,ㄊㄤ ㄏㄨㄛˋ
湯風,1,ㄊㄤ ㄈㄥ
湯餅,1,ㄊㄤ ㄅㄧㄥˇ
湯鼎,1,ㄊㄤ ㄉㄧㄥˇ
湲湲,1,ㄩㄢˊ ㄩㄢˊ
溏便,1,ㄊㄤˊ ㄅㄧㄢˋ
溏心,1,ㄊㄤˊ ㄒㄧㄣ
源水,1,ㄩㄢˊ ㄕㄨㄟˇ
源起,1,ㄩㄢˊ ㄑㄧˇ
準保,1,ㄓㄨㄣˇ ㄅㄠˇ
準式,1,ㄓㄨㄣˇ ㄕˋ
準擬,1,ㄓㄨㄣˇ ㄋㄧˇ
準的,1,ㄓㄨㄣˇ ㄉㄧˋ
準頭,1,ㄓㄨㄣˇ ㄊㄡ˙
準點,1,ㄓㄨㄣˇ ㄉㄧㄢˇ
溘溘,1,ㄎㄜˋ ㄎㄜˋ
溜刷,1,ㄌㄧㄡ ㄕㄨㄚ
溜圓,1,ㄌㄧㄡ ㄩㄢˊ
溜搭,1,ㄌㄧㄡ ㄉㄚ˙
溜撒,1,ㄌㄧㄡ ㄙㄚ
溜槽,1,ㄌㄧㄡ ㄘㄠˊ
溜湫,1,ㄌㄧㄡ ㄐㄧㄠˇ
溜溜,1,ㄌㄧㄡˋ ㄌㄧㄡ˙
溜的,1,ㄌㄧㄡ ㄉㄜ˙
溜脫,1,ㄌㄧㄡ ㄊㄨㄛ
溜號,1,ㄌㄧㄡ ㄏㄠˋ
溜韁,1,ㄌㄧㄡ ㄐㄧㄤ
溜鬚,1,ㄌㄧㄡ ㄒㄩ
溝塹,1,ㄍㄡ ㄑㄧㄢˋ
溝壘,1,ㄍㄡ ㄌㄟˇ
溝底,1,ㄍㄡ ㄉㄧˇ
溝瀆,1,ㄍㄡ ㄉㄨˊ
溝灌,1,ㄍㄡ ㄍㄨㄢˋ
溝眼,1,ㄍㄡ ㄧㄢˇ
溞溞,1,ㄙㄠ ㄙㄠ
溟沐,1,ㄇㄧㄥˊ ㄇㄨˋ
溟渤,1,ㄇㄧㄥˊ ㄅㄛˊ
溟溟,1,ㄇㄧㄥˊ ㄇㄧㄥˊ
溟漭,1,ㄇㄧㄥˊ ㄇㄤˇ
溟濛,1,ㄇㄧㄥˊ ㄇㄥˊ
溠水,1,ㄓㄚˋ ㄕㄨㄟˇ
溢惡,1,ㄧˋ ㄜˋ
溢泌,1,ㄧˋ ㄇㄧˋ
溢波,1,ㄧˋ ㄅㄛ
溢美,1,ㄧˋ ㄇㄟˇ
溢血,1,ㄧˋ ㄒㄧㄝˇ
溢譽,1,ㄧˋ ㄩˋ
溢額,1,ㄧˋ ㄜˊ
溥儒,1,ㄆㄨˇ ㄖㄨˊ
溥博,1,ㄆㄨˇ ㄅㄛˊ
溥原,1,ㄆㄨˇ ㄩㄢˊ
溥被,1,ㄆㄨˇ ㄅㄟˋ
溧水,1,ㄌㄧˋ ㄕㄨㄟˇ
溪壑,1,ㄒㄧ ㄏㄨㄛˋ
溪客,1,ㄒㄧ ㄎㄜˋ
溪步,1,ㄒㄧ ㄅㄨˋ
溪藤,1,ㄒㄧ ㄊㄥˊ
溪鴨,1,ㄒㄧ ㄧㄚ
溫克,1,ㄨㄣ ㄎㄜˋ
溫卷,1,ㄨㄣ ㄐㄩㄢˋ
溫居,1,ㄨㄣ ㄐㄩ
溫嶠,1,ㄨㄣ ㄐㄧㄠˋ
溫暾,1,ㄨㄣ ㄊㄨㄣ
溫毛,1,ㄨㄣ ㄇㄠˊ
溫淳,1,ㄨㄣ ㄔㄨㄣˊ
溫湯,1,ㄨㄣ ㄊㄤ
溫溫,1,ㄨㄣ ㄨㄣ
溫覺,1,ㄨㄣ ㄐㄩㄝˊ
溯洄,1,ㄙㄨˋ ㄏㄨㄟˊ
溯游,1,ㄙㄨˋ ㄧㄡˊ
溱水,1,ㄓㄣ ㄕㄨㄟˇ
溱洧,1,ㄓㄣ ㄨㄟˇ
溱溱,1,ㄓㄣ ㄓㄣ
溲器,1,ㄙㄡ ㄑㄧˋ
溲溲,1,ㄙㄡ ㄙㄡ
溲溺,1,ㄙㄡ ㄋㄧㄠˋ
溲箕,1,ㄙㄡ ㄐㄧ
溲膏,1,ㄙㄡ ㄍㄠ
溲話,1,ㄙㄡ ㄏㄨㄚˋ
溲麵,1,ㄙㄡ ㄇㄧㄢˋ
溶㵝,1,ㄖㄨㄥˊ ㄧˋ
溷廁,1,ㄏㄨㄣˋ ㄘˋ
溷殺,1,ㄏㄨㄣˋ ㄕㄚ
溷汁,1,ㄏㄨㄣˋ ㄓ
溷穢,1,ㄏㄨㄣˋ ㄏㄨㄟˋ
溷肴,1,ㄏㄨㄣˋ ㄧㄠˊ
溷軒,1,ㄏㄨㄣˋ ㄒㄩㄢ
溺信,1,ㄋㄧˋ ㄒㄧㄣˋ
溺器,1,ㄋㄧㄠˋ ㄑㄧˋ
溺志,1,ㄋㄧˋ ㄓˋ
溺途,1,ㄋㄧˋ ㄊㄨˊ
溼悶,1,ㄕ ㄇㄣˋ
溼氣,1,ㄕ ㄑㄧ˙
溼租,1,ㄕ ㄗㄨ
滁河,1,ㄔㄨˊ ㄏㄜˊ
滁縣,1,ㄔㄨˊ ㄒㄧㄢˋ
滂江,1,ㄆㄤ ㄐㄧㄤ
滂浩,1,ㄆㄤ ㄏㄠˋ
滂滂,1,ㄆㄤ ㄆㄤ
滂濞,1,ㄆㄤ ㄆㄧˋ
滂薄,1,ㄆㄤ ㄅㄛˊ
滃染,1,ㄨㄥˇ ㄖㄢˇ
滃渤,1,ㄨㄥˇ ㄅㄛˊ
滃滃,1,ㄨㄥˇ ㄨㄥˇ
滃鬱,1,ㄨㄥˇ ㄩˋ
滄江,1,ㄘㄤ ㄐㄧㄤ
滄洲,1,ㄘㄤ ㄓㄡ
滄滄,1,ㄘㄤ ㄘㄤ
滅典,1,ㄇㄧㄝˋ ㄉㄧㄢˇ
滅度,1,ㄇㄧㄝˋ ㄉㄨˋ
滅性,1,ㄇㄧㄝˋ ㄒㄧㄥˋ
滅景,1,ㄇㄧㄝˋ ㄧㄥˇ
滅沒,1,ㄇㄧㄝˋ ㄇㄛˋ
滅盡,1,ㄇㄧㄝˋ ㄐㄧㄣˋ
滅相,1,ㄇㄧㄝˋ ㄒㄧㄤˋ
滅紀,1,ㄇㄧㄝˋ ㄐㄧˋ
滅茬,1,ㄇㄧㄝˋ ㄔㄚˊ
滅裂,1,ㄇㄧㄝˋ ㄌㄧㄝˋ
滅趾,1,ㄇㄧㄝˋ ㄓˇ
滇劇,1,ㄉㄧㄢ ㄐㄩˋ
滈汗,1,ㄏㄠˋ ㄏㄢˋ
滈滈,1,ㄏㄠˋ ㄏㄠˋ
滉漾,1,ㄏㄨㄤˇ ㄧㄤˋ
滉瀁,1,ㄏㄨㄤˇ ㄧㄤˋ
滌器,1,ㄉㄧˊ ㄑㄧˋ
滌煩,1,ㄉㄧˊ ㄈㄢˊ
滌瑕,1,ㄉㄧˊ ㄒㄧㄚˊ
滌盡,1,ㄉㄧˊ ㄐㄧㄣˋ
滌蕩,1,ㄉㄧˊ ㄉㄤˋ
滌面,1,ㄉㄧˊ ㄇㄧㄢˋ
滑劑,1,ㄏㄨㄚˊ ㄐㄧˋ
滑唱,1,ㄏㄨㄚˊ ㄔㄤˋ
滑喇,1,ㄏㄨㄚˊ ㄌㄚ
滑奏,1,ㄏㄨㄚˊ ㄗㄡˋ
滑擦,1,ㄏㄨㄚˊ ㄘㄚ
滑液,1,ㄏㄨㄚˊ ㄧㄝˋ
滑湣,1,ㄏㄨㄚˊ ㄇㄧㄣˇ
滑溜,1,ㄏㄨㄚˊ ㄌㄧㄡ˙
滑熟,1,ㄏㄨㄚˊ ㄕㄨˊ
滑竿,1,ㄏㄨㄚˊ ㄍㄢ
滑航,1,ㄏㄨㄚˊ ㄏㄤˊ
滑草,1,ㄏㄨㄚˊ ㄘㄠˇ
滑藉,1,ㄏㄨㄚˊ ㄐㄧㄝˋ
滑辣,1,ㄏㄨㄚˊ ㄌㄚˋ
滓方,1,ㄗˇ ㄈㄤ
滓穢,1,ㄗˇ ㄏㄨㄟˋ
滔德,1,ㄊㄠ ㄉㄜˊ
滔蕩,1,ㄊㄠ ㄉㄤˋ
滕六,1,ㄊㄥˊ ㄌㄧㄡˋ
滫瀡,1,ㄒㄧㄡˇ ㄙㄨㄟˇ
滬劇,1,ㄏㄨˋ ㄐㄩˋ
滬尾,1,ㄏㄨˋ ㄨㄟˇ
滯伏,1,ㄓˋ ㄈㄨˊ
滯固,1,ㄓˋ ㄍㄨˋ
滯客,1,ㄓˋ ㄎㄜˋ
滯氣,1,ㄓˋ ㄑㄧˋ
滯沛,1,ㄓˋ ㄆㄟˋ
滯泥,1,ㄓˋ ㄋㄧˋ
滯淫,1,ㄓˋ ㄧㄣˊ
滯累,1,ㄓˋ ㄌㄟˇ
滯胃,1,ㄓˋ ㄨㄟˋ
滯訟,1,ㄓˋ ㄙㄨㄥˋ
滯鈍,1,ㄓˋ ㄉㄨㄣˋ
滲坑,1,ㄕㄣˋ ㄎㄥ
滲溝,1,ㄕㄣˋ ㄍㄡ
滲漉,1,ㄕㄣˋ ㄌㄨˋ
滲瀨,1,ㄕㄣˋ ㄌㄞˋ
滴子,1,ㄉㄧ ㄗ˙
滴流,1,ㄉㄧ ㄌㄧㄡˊ
滴液,1,ㄉㄧ ㄧㄝˋ
滴淚,1,ㄉㄧ ㄌㄟˋ
滴石,1,ㄉㄧ ㄕˊ
滴蘇,1,ㄉㄧ ㄙㄨ
滴酥,1,ㄉㄧ ㄙㄨ
滷煮,1,ㄌㄨˇ ㄓㄨˇ
滷蝦,1,ㄌㄨˇ ㄒㄧㄚ
滻水,1,ㄔㄢˇ ㄕㄨㄟˇ
滻滻,1,ㄔㄢˇ ㄔㄢˇ
滾刀,1,ㄍㄨㄣˇ ㄉㄠ
滾唱,1,ㄍㄨㄣˇ ㄔㄤˋ
滾存,1,ㄍㄨㄣˇ ㄘㄨㄣˊ
滾白,1,ㄍㄨㄣˇ ㄅㄞˊ
滾肚,1,ㄍㄨㄣˇ ㄉㄨˋ
滾調,1,ㄍㄨㄣˇ ㄉㄧㄠˋ
滾開,1,ㄍㄨㄣˇ ㄎㄞ˙
滾鞍,1,ㄍㄨㄣˇ ㄢ
滾馳,1,ㄍㄨㄣˇ ㄔˊ
滿嘴,1,ㄇㄢˇ ㄗㄨㄟˇ
滿好,1,ㄇㄢˇ ㄏㄠˇ
滿室,1,ㄇㄢˇ ㄕˋ
滿布,1,ㄇㄢˇ ㄅㄨˋ
滿帆,1,ㄇㄢˇ ㄈㄢˊ
滿師,1,ㄇㄢˇ ㄕ
滿弓,1,ㄇㄢˇ ㄍㄨㄥ
滿徒,1,ㄇㄢˇ ㄊㄨˊ
滿把,1,ㄇㄢˇ ㄅㄚˇ
滿擬,1,ㄇㄢˇ ㄋㄧˇ
滿散,1,ㄇㄢˇ ㄙㄢˋ
滿斟,1,ㄇㄢˇ ㄓㄣ
滿是,1,ㄇㄢˇ ㄕˋ
滿服,1,ㄇㄢˇ ㄈㄨˊ
滿望,1,ㄇㄢˇ ㄨㄤˋ
滿杖,1,ㄇㄢˇ ㄓㄤˋ
滿流,1,ㄇㄢˇ ㄌㄧㄡˊ
滿溢,1,ㄇㄢˇ ㄧˋ
滿版,1,ㄇㄢˇ ㄅㄢˇ
滿獄,1,ㄇㄢˇ ㄩˋ
滿理,1,ㄇㄢˇ ㄌㄧˇ
滿盈,1,ㄇㄢˇ ㄧㄥˊ
滿破,1,ㄇㄢˇ ㄆㄛˋ
滿纂,1,ㄇㄢˇ ㄗㄨㄢˇ
滿腮,1,ㄇㄢˇ ㄙㄞ
滿船,1,ㄇㄢˇ ㄔㄨㄢˊ
滿裝,1,ㄇㄢˇ ㄓㄨㄤ
滿話,1,ㄇㄢˇ ㄏㄨㄚˋ
滿語,1,ㄇㄢˇ ㄩˇ
滿貫,1,ㄇㄢˇ ㄍㄨㄢˋ
滿頂,1,ㄇㄢˇ ㄉㄧㄥˇ
滿頭,1,ㄇㄢˇ ㄊㄡˊ
漁唱,1,ㄩˊ ㄔㄤˋ
漁奪,1,ㄩˊ ㄉㄨㄛˊ
漁娘,1,ㄩˊ ㄋㄧㄤˊ
漁婆,1,ㄩˊ ㄆㄛˊ
漁梁,1,ㄩˊ ㄌㄧㄤˊ
漁父,1,ㄩˊ ㄈㄨˇ
漁艇,1,ㄩˊ ㄊㄧㄥˇ
漁色,1,ㄩˊ ㄙㄜˋ
漁鼓,1,ㄩˊ ㄍㄨˇ
漂亮,1,ㄆㄧㄠˋ ㄌㄧㄤ˙
漂布,1,ㄆㄧㄠˇ ㄅㄨˋ
漂帳,1,ㄆㄧㄠˋ ㄓㄤˋ
漂搖,1,ㄆㄧㄠ ㄧㄠˊ
漂染,1,ㄆㄧㄠˇ ㄖㄢˇ
漂母,1,ㄆㄧㄠˇ ㄇㄨˇ
漂沒,1,ㄆㄧㄠ ㄇㄛˋ
漂沙,1,ㄆㄧㄠ ㄕㄚ
漂泛,1,ㄆㄧㄠ ㄈㄢˋ
漂洗,1,ㄆㄧㄠˇ ㄒㄧˇ
漂淪,1,ㄆㄧㄠ ㄌㄨㄣˊ
漂漂,1,ㄆㄧㄠ ㄆㄧㄠ
漂潑,1,ㄆㄧㄠ ㄆㄛ
漂然,1,ㄆㄧㄠ ㄖㄢˊ
漂絮,1,ㄆㄧㄠ ㄒㄩˋ
漂萍,1,ㄆㄧㄠ ㄆㄧㄥˊ
漂送,1,ㄆㄧㄠ ㄙㄨㄥˋ
漂金,1,ㄆㄧㄠ ㄐㄧㄣ
漂鳥,1,ㄆㄧㄠ ㄋㄧㄠˇ
漆宅,1,ㄑㄧ ㄓㄜˋ
漆工,1,ㄑㄧ ㄍㄨㄥ
漆書,1,ㄑㄧ ㄕㄨ
漆皮,1,ㄑㄧ ㄆㄧˊ
漉漉,1,ㄌㄨˋ ㄌㄨˋ
漏兜,1,ㄌㄡˋ ㄉㄡ
漏列,1,ㄌㄡˋ ㄌㄧㄝˋ
漏刻,1,ㄌㄡˋ ㄎㄜˋ
漏天,1,ㄌㄡˋ ㄊㄧㄢ
漏巵,1,ㄌㄡˋ ㄓ
漏泄,1,ㄌㄡˋ ㄒㄧㄝˋ
漏洩,1,ㄌㄡˋ ㄒㄧㄝˋ
漏滴,1,ㄌㄡˋ ㄉㄧ
漏瘡,1,ㄌㄡˋ ㄔㄨㄤ
漏盆,1,ㄌㄡˋ ㄆㄣˊ
漏窗,1,ㄌㄡˋ ㄔㄨㄤ
漏管,1,ㄌㄡˋ ㄍㄨㄢˇ
漏箭,1,ㄌㄡˋ ㄐㄧㄢˋ
漏粉,1,ㄌㄡˋ ㄈㄣˇ
漏精,1,ㄌㄡˋ ㄐㄧㄥ
漏聲,1,ㄌㄡˋ ㄕㄥ
漏胎,1,ㄌㄡˋ ㄊㄞ
漏脫,1,ㄌㄡˋ ㄊㄨㄛ
漏落,1,ㄌㄡˋ ㄌㄨㄛˋ
漏蹄,1,ㄌㄡˋ ㄊㄧˊ
漏逗,1,ㄌㄡˋ ㄉㄡˋ
漏露,1,ㄌㄡˋ ㄌㄨˋ
漏鼓,1,ㄌㄡˋ ㄍㄨˇ
漓江,1,ㄌㄧˊ ㄐㄧㄤ
演帳,1,ㄧㄢˇ ㄓㄤˋ
演幌,1,ㄧㄢˇ ㄏㄨㄤˇ
演撒,1,ㄧㄢˇ ㄙㄚˇ
演替,1,ㄧㄢˇ ㄊㄧˋ
演架,1,ㄧㄢˇ ㄐㄧㄚˋ
演樣,1,ㄧㄢˇ ㄧㄤˋ
演武,1,ㄧㄢˇ ㄨˇ
演禮,1,ㄧㄢˇ ㄌㄧˇ
演禽,1,ㄧㄢˇ ㄑㄧㄣˊ
演義,1,ㄧㄢˇ ㄧ˙
演譜,1,ㄧㄢˇ ㄆㄨˇ
漕河,1,ㄘㄠˊ ㄏㄜˊ
漕渠,1,ㄘㄠˊ ㄑㄩˊ
漕米,1,ㄘㄠˊ ㄇㄧˇ
漕糧,1,ㄘㄠˊ ㄌㄧㄤˊ
漕轉,1,ㄘㄠˊ ㄓㄨㄢˇ
漚子,1,ㄡ ㄗ˙
漚籃,1,ㄡ ㄌㄢˊ
漚肥,1,ㄡˋ ㄈㄟˊ
漚鬱,1,ㄡˋ ㄩˋ
漚麻,1,ㄡˋ ㄇㄚˊ
漠漠,1,ㄇㄛˋ ㄇㄛˋ
漢劇,1,ㄏㄢˋ ㄐㄩˋ
漢印,1,ㄏㄢˋ ㄧㄣˋ
漢廣,1,ㄏㄢˋ ㄍㄨㄤˇ
漢志,1,ㄏㄢˋ ㄓˋ
漢玉,1,ㄏㄢˋ ㄩˋ
漢簡,1,ㄏㄢˋ ㄐㄧㄢˇ
漢紀,1,ㄏㄢˋ ㄐㄧˋ
漢調,1,ㄏㄢˋ ㄉㄧㄠˋ
漢賦,1,ㄏㄢˋ ㄈㄨˋ
漢隸,1,ㄏㄢˋ ㄌㄧˋ
漣洏,1,ㄌㄧㄢˊ ㄦˊ
漣洳,1,ㄌㄧㄢˊ ㄖㄨˋ
漣漣,1,ㄌㄧㄢˊ ㄌㄧㄢˊ
漩澴,1,ㄒㄩㄢˊ ㄏㄨㄢˊ
漫卷,1,ㄇㄢˋ ㄐㄩㄢˇ
漫叟,1,ㄇㄢˋ ㄙㄡˇ
漫山,1,ㄇㄢˋ ㄕㄢ
漫布,1,ㄇㄢˋ ㄅㄨˋ
漫成,1,ㄇㄢˋ ㄔㄥˊ
漫汗,1,ㄇㄢˋ ㄏㄢˋ
漫浪,1,ㄇㄢˋ ㄌㄤˋ
漫游,1,ㄇㄢˋ ㄧㄡˊ
漫溢,1,ㄇㄢˋ ㄧˋ
漫滅,1,ㄇㄢˋ ㄇㄧㄝˋ
漫漶,1,ㄇㄢˋ ㄏㄨㄢˋ
漫灌,1,ㄇㄢˋ ㄍㄨㄢˋ
漫然,1,ㄇㄢˋ ㄖㄢˊ
漫空,1,ㄇㄢˋ ㄎㄨㄥ
漫聲,1,ㄇㄢˋ ㄕㄥ
漫與,1,ㄇㄢˋ ㄩˇ
漫草,1,ㄇㄢˋ ㄘㄠˇ
漫評,1,ㄇㄢˋ ㄆㄧㄥˊ
漫語,1,ㄇㄢˋ ㄩˇ
漫說,1,ㄇㄢˋ ㄕㄨㄛ
漫議,1,ㄇㄢˋ ㄧˋ
漫道,1,ㄇㄢˋ ㄉㄠˋ
漫錄,1,ㄇㄢˋ ㄌㄨˋ
漭沆,1,ㄇㄤˇ ㄏㄤˋ
漭漭,1,ㄇㄤˇ ㄇㄤˇ
漭瀁,1,ㄇㄤˇ ㄧㄤˇ
漯水,1,ㄊㄚˋ ㄕㄨㄟˇ
漯河,1,ㄌㄨㄛˋ ㄏㄜˊ
漰死,1,ㄆㄥ ㄙˇ
漰沛,1,ㄆㄥ ㄆㄟˋ
漰漭,1,ㄆㄥ ㄇㄤˇ
漱玉,1,ㄕㄨˋ ㄩˋ
漱盂,1,ㄕㄨˋ ㄩˊ
漲海,1,ㄓㄤˋ ㄏㄞˇ
漳水,1,ㄓㄤ ㄕㄨㄟˇ
漳江,1,ㄓㄤ ㄐㄧㄤ
漳絨,1,ㄓㄤ ㄖㄨㄥˊ
漳緞,1,ㄓㄤ ㄉㄨㄢˋ
漵水,1,ㄒㄩˋ ㄕㄨㄟˇ
漸教,1,ㄐㄧㄢˋ ㄐㄧㄠˋ
漸染,1,ㄐㄧㄢ ㄖㄢˇ
漸洳,1,ㄐㄧㄢ ㄖㄨˊ
漸洳,1,ㄐㄧㄢ ㄖㄨˋ
漻淚,1,ㄌㄧㄠˊ ㄌㄟˋ
漼漼,1,ㄘㄨㄟˇ ㄘㄨㄟˇ
漾奶,1,ㄧㄤˋ ㄋㄞˇ
漾舟,1,ㄧㄤˋ ㄓㄡ
漿子,1,ㄐㄧㄤ ㄗ˙
漿膜,1,ㄐㄧㄤ ㄇㄛˋ
潁川,1,ㄧㄥˇ ㄔㄨㄢ
潁水,1,ㄧㄥˇ ㄕㄨㄟˇ
潁河,1,ㄧㄥˇ ㄏㄜˊ
潁陽,1,ㄧㄥˇ ㄧㄤˊ
潏潏,1,ㄐㄩㄝˊ ㄐㄩㄝˊ
潑做,1,ㄆㄛ ㄗㄨㄛˋ
潑天,1,ㄆㄛ ㄊㄧㄢ
潑實,1,ㄆㄛ ㄕˊ
潑悍,1,ㄆㄛ ㄏㄢˋ
潑才,1,ㄆㄛ ㄘㄞˊ
潑灑,1,ㄆㄛ ㄙㄚˇ
潑火,1,ㄆㄛ ㄏㄨㄛˇ
潑物,1,ㄆㄛ ㄨˋ
潑猴,1,ㄆㄛ ㄏㄡˊ
潑皮,1,ㄆㄛ ㄆㄧˊ
潑聲,1,ㄆㄛ ㄕㄥ
潑腳,1,ㄆㄛ ㄐㄧㄠˇ
潑說,1,ㄆㄛ ㄕㄨㄛ
潑賤,1,ㄆㄛ ㄐㄧㄢˋ
潑賴,1,ㄆㄛ ㄌㄞˋ
潑辣,1,ㄆㄛ ㄌㄚ˙
潑醅,1,ㄆㄛ ㄆㄟ
潑醋,1,ㄆㄛ ㄘㄨˋ
潑魔,1,ㄆㄛ ㄇㄛˊ
潔婦,1,ㄐㄧㄝˊ ㄈㄨˋ
潔己,1,ㄐㄧㄝˊ ㄐㄧˇ
潔敬,1,ㄐㄧㄝˊ ㄐㄧㄥˋ
潔樽,1,ㄐㄧㄝˊ ㄗㄨㄣ
潔郎,1,ㄐㄧㄝˊ ㄌㄤˊ
潘妃,1,ㄆㄢ ㄈㄟ
潘尼,1,ㄆㄢ ㄋㄧˊ
潘岳,1,ㄆㄢ ㄩㄝˋ
潘植,1,ㄆㄢ ㄓˊ
潘美,1,ㄆㄢ ㄇㄟˇ
潘耒,1,ㄆㄢ ㄌㄟˇ
潘谷,1,ㄆㄢ ㄍㄨˇ
潘貌,1,ㄆㄢ ㄇㄠˋ
潘車,1,ㄆㄢ ㄔㄜ
潘郎,1,ㄆㄢ ㄌㄤˊ
潘鬢,1,ㄆㄢ ㄅㄧㄣˋ
潛師,1,ㄑㄧㄢˊ ㄕ
潛形,1,ㄑㄧㄢˊ ㄒㄧㄥˊ
潛影,1,ㄑㄧㄢˊ ㄧㄥˇ
潛德,1,ㄑㄧㄢˊ ㄉㄜˊ
潛步,1,ㄑㄧㄢˊ ㄅㄨˋ
潛泳,1,ㄑㄧㄢˊ ㄩㄥˇ
潛流,1,ㄑㄧㄢˊ ㄌㄧㄡˊ
潛灌,1,ㄑㄧㄢˊ ㄍㄨㄢˋ
潛盤,1,ㄑㄧㄢˊ ㄆㄢˊ
潛移,1,ㄑㄧㄢˊ ㄧˊ
潛聽,1,ㄑㄧㄢˊ ㄊㄧㄥ
潛虛,1,ㄑㄧㄢˊ ㄒㄩ
潛蹤,1,ㄑㄧㄢˊ ㄗㄨㄥ
潛身,1,ㄑㄧㄢˊ ㄕㄣ
潛躲,1,ㄑㄧㄢˊ ㄉㄨㄛˇ
潛道,1,ㄑㄧㄢˊ ㄉㄠˋ
潛避,1,ㄑㄧㄢˊ ㄅㄧˋ
潛邸,1,ㄑㄧㄢˊ ㄉㄧˇ
潛龍,1,ㄑㄧㄢˊ ㄌㄨㄥˊ
潝潝,1,ㄒㄧˋ ㄒㄧˋ
潞江,1,ㄌㄨˋ ㄐㄧㄤ
潟滷,1,ㄒㄧˋ ㄌㄨˇ
潟鹵,1,ㄒㄧˋ ㄌㄨˇ
潢星,1,ㄏㄨㄤˊ ㄒㄧㄥ
潢汙,1,ㄏㄨㄤˊ ㄨ
潢池,1,ㄏㄨㄤˊ ㄔˊ
潢洋,1,ㄏㄨㄤˊ ㄧㄤˊ
潢漾,1,ㄏㄨㄤˊ ㄧㄤˋ
潢潢,1,ㄏㄨㄤˊ ㄏㄨㄤˊ
潤下,1,ㄖㄨㄣˋ ㄒㄧㄚˋ
潤屋,1,ㄖㄨㄣˋ ㄨ
潤格,1,ㄖㄨㄣˋ ㄍㄜˊ
潤溼,1,ㄖㄨㄣˋ ㄕ
潤益,1,ㄖㄨㄣˋ ㄧˋ
潤膚,1,ㄖㄨㄣˋ ㄈㄨ
潤膩,1,ㄖㄨㄣˋ ㄋㄧˋ
潦亂,1,ㄌㄧㄠˊ ㄌㄨㄢˋ
潦泡,1,ㄌㄧㄠˊ ㄆㄠˋ
潭奧,1,ㄊㄢˊ ㄠˋ
潭府,1,ㄊㄢˊ ㄈㄨˇ
潭柘,1,ㄊㄢˊ ㄓㄜˋ
潭沱,1,ㄊㄢˊ ㄊㄨㄛˊ
潭潭,1,ㄊㄢˊ ㄊㄢˊ
潭瀹,1,ㄊㄢˊ ㄩㄝˋ
潭第,1,ㄊㄢˊ ㄉㄧˋ
潭腿,1,ㄊㄢˊ ㄊㄨㄟˇ
潮位,1,ㄔㄠˊ ㄨㄟˋ
潮劇,1,ㄔㄠˊ ㄐㄩˋ
潮差,1,ㄔㄠˊ ㄔㄚ
潮樂,1,ㄔㄠˊ ㄩㄝˋ
潮汛,1,ㄔㄠˊ ㄒㄩㄣˋ
潮熱,1,ㄔㄠˊ ㄖㄜˋ
潮白,1,ㄔㄠˊ ㄅㄞˊ
潮神,1,ㄔㄠˊ ㄕㄣˊ
潮紅,1,ㄔㄠˊ ㄏㄨㄥˊ
潮菸,1,ㄔㄠˊ ㄧㄢ
潮銀,1,ㄔㄠˊ ㄧㄣˊ
潯江,1,ㄒㄩㄣˊ ㄐㄧㄤ
潰亂,1,ㄎㄨㄟˋ ㄌㄨㄢˋ
潰潰,1,ㄎㄨㄟˋ ㄎㄨㄟˋ
潰癰,1,ㄎㄨㄟˋ ㄩㄥ
潰盟,1,ㄎㄨㄟˋ ㄇㄥˊ
潸泫,1,ㄕㄢ ㄒㄩㄢˋ
潸然,1,ㄕㄢ ㄖㄢˊ
潺湲,1,ㄔㄢˊ ㄩㄢˊ
潼潼,1,ㄊㄨㄥˊ ㄊㄨㄥˊ
澀奈,1,ㄙㄜˋ ㄋㄞˋ
澀訥,1,ㄙㄜˋ ㄋㄜˋ
澀道,1,ㄙㄜˋ ㄉㄠˋ
澄淨,1,ㄔㄥˊ ㄐㄧㄥˋ
澄清,1,ㄉㄥˋ ㄑㄧㄥ
澄瑩,1,ㄔㄥˊ ㄧㄥˊ
澄空,1,ㄔㄥˊ ㄎㄨㄥ
澄觀,1,ㄔㄥˊ ㄍㄨㄢ
澆奠,1,ㄐㄧㄠ ㄉㄧㄢˋ
澆季,1,ㄐㄧㄠ ㄐㄧˋ
澆弛,1,ㄐㄧㄠ ㄕˇ
澆手,1,ㄐㄧㄠ ㄕㄡˇ
澆漓,1,ㄐㄧㄠ ㄌㄧˊ
澆裹,1,ㄐㄧㄠ ㄍㄨㄛˇ
澆訛,1,ㄐㄧㄠ ㄜˊ
澆頭,1,ㄐㄧㄠ ㄊㄡ˙
澇戶,1,ㄌㄠˋ ㄏㄨˋ
澇災,1,ㄌㄠˋ ㄗㄞ
澈查,1,ㄔㄜˋ ㄔㄚˊ
澉浦,1,ㄍㄢˇ ㄆㄨˇ
澌滅,1,ㄙ ㄇㄧㄝˋ
澌澌,1,ㄙ ㄙ
澍濡,1,ㄕㄨˋ ㄖㄨˊ
澎濞,1,ㄆㄥ ㄆㄧˋ
澒洞,1,ㄏㄨㄥˋ ㄊㄨㄥˊ
澒溶,1,ㄏㄨㄥˋ ㄖㄨㄥˊ
澒濛,1,ㄏㄨㄥˋ ㄇㄥˊ
澔汗,1,ㄏㄠˋ ㄏㄢˋ
澗壑,1,ㄐㄧㄢˋ ㄏㄨㄛˋ
澗溝,1,ㄐㄧㄢˋ ㄍㄡ
澠水,1,ㄕㄥˊ ㄕㄨㄟˇ
澡盤,1,ㄗㄠˇ ㄆㄢˊ
澡豆,1,ㄗㄠˇ ㄉㄡˋ
澡雪,1,ㄗㄠˇ ㄒㄩㄝˇ
澤人,1,ㄗㄜˊ ㄖㄣˊ
澤梁,1,ㄗㄜˊ ㄌㄧㄤˊ
澤瀉,1,ㄗㄜˊ ㄒㄧㄝˋ
澤蘭,1,ㄗㄜˊ ㄌㄢˊ
澤陂,1,ㄗㄜˊ ㄆㄧˊ
澤鹵,1,ㄗㄜˊ ㄌㄨˇ
澥谷,1,ㄒㄧㄝˋ ㄍㄨˇ
澧水,1,ㄌㄧˇ ㄕㄨㄟˇ
澧泉,1,ㄌㄧˇ ㄑㄩㄢˊ
澴波,1,ㄏㄨㄢˊ ㄅㄛ
澶湉,1,ㄔㄢˊ ㄊㄧㄢˊ
澶漫,1,ㄔㄢˊ ㄇㄢˊ
澹彩,1,ㄉㄢˋ ㄘㄞˇ
澹淡,1,ㄉㄢˋ ㄉㄢˋ
澹澉,1,ㄉㄢˋ ㄍㄢˇ
澹澹,1,ㄉㄢˋ ㄉㄢˋ
澹臺,1,ㄊㄢˊ ㄊㄞˊ
澹蕩,1,ㄉㄢˋ ㄉㄤˋ
澹話,1,ㄉㄢˋ ㄏㄨㄚˋ
澼囊,1,ㄆㄧˋ ㄋㄤˊ
激刺,1,ㄐㄧ ㄘˋ
激厲,1,ㄐㄧ ㄌㄧˋ
激問,1,ㄐㄧ ㄨㄣˋ
激惱,1,ㄐㄧ ㄋㄠˇ
激楚,1,ㄐㄧ ㄔㄨˇ
激激,1,ㄐㄧ ㄐㄧ
激煩,1,ㄐㄧ ㄈㄢˊ
激筒,1,ㄐㄧ ㄊㄨㄥˇ
激聒,1,ㄐㄧ ㄍㄨㄚ
激話,1,ㄐㄧ ㄏㄨㄚˋ
激靈,1,ㄐㄧ ㄌㄧㄥ˙
濁母,1,ㄓㄨㄛˊ ㄇㄨˇ
濁醪,1,ㄓㄨㄛˊ ㄌㄠˊ
濂溪,1,ㄌㄧㄢˊ ㄒㄧ
濃快,1,ㄋㄨㄥˊ ㄎㄨㄞˋ
濃睡,1,ㄋㄨㄥˊ ㄕㄨㄟˋ
濃黑,1,ㄋㄨㄥˊ ㄏㄟ
濆泉,1,ㄈㄣˊ ㄑㄩㄢˊ
濆薄,1,ㄆㄣ ㄅㄛˊ
濇脈,1,ㄙㄜˋ ㄇㄞˋ
濊濊,1,ㄏㄨㄛˋ ㄏㄨㄛˋ
濊貊,1,ㄏㄨㄟˋ ㄇㄛˋ
濊貊,1,ㄨㄟˋ ㄇㄛˋ
濌濌,1,ㄊㄚˋ ㄊㄚˋ
濔濔,1,ㄇㄧˇ ㄇㄧˇ
濔迆,1,ㄇㄧˇ ㄧˇ
濕濕,1,ㄕ ㄕ
濘淖,1,ㄋㄧㄥˋ ㄋㄠˋ
濛昧,1,ㄇㄥˊ ㄇㄟˋ
濛汜,1,ㄇㄥˊ ㄙˋ
濛鴻,1,ㄇㄥˊ ㄏㄨㄥˊ
濟人,1,ㄐㄧˋ ㄖㄣˊ
濟度,1,ㄐㄧˋ ㄉㄨˋ
濟惠,1,ㄐㄧˋ ㄏㄨㄟˋ
濟惡,1,ㄐㄧˋ ㄜˋ
濟慈,1,ㄐㄧˋ ㄘˊ
濟拔,1,ㄐㄧˋ ㄅㄚˊ
濟楚,1,ㄐㄧˇ ㄔㄨˇ
濟水,1,ㄐㄧˇ ㄕㄨㄟˇ
濟渡,1,ㄐㄧˋ ㄉㄨˋ
濟生,1,ㄐㄧˋ ㄕㄥ
濟美,1,ㄐㄧˋ ㄇㄟˇ
濟顛,1,ㄐㄧˋ ㄉㄧㄢ
濠梁,1,ㄏㄠˊ ㄌㄧㄤˊ
濡化,1,ㄖㄨˊ ㄏㄨㄚˋ
濡忍,1,ㄖㄨˊ ㄖㄣˇ
濡滯,1,ㄖㄨˊ ㄓˋ
濡筆,1,ㄖㄨˊ ㄅㄧˇ
濡跡,1,ㄖㄨˊ ㄐㄧ
濡首,1,ㄖㄨˊ ㄕㄡˇ
濩落,1,ㄏㄨㄛˋ ㄌㄨㄛˋ
濫刑,1,ㄌㄢˋ ㄒㄧㄥˊ
濫套,1,ㄌㄢˋ ㄊㄠˋ
濫支,1,ㄌㄢˋ ㄓ
濫汙,1,ㄌㄢˋ ㄨ
濫漫,1,ㄌㄢˋ ㄇㄢˋ
濫發,1,ㄌㄢˋ ㄈㄚ
濫葬,1,ㄌㄢˋ ㄗㄤˋ
濫行,1,ㄌㄢˋ ㄒㄧㄥˊ
濫貨,1,ㄌㄢˋ ㄏㄨㄛˋ
濮上,1,ㄆㄨˊ ㄕㄤˋ
濯冠,1,ㄓㄨㄛˊ ㄍㄨㄢ
濯淖,1,ㄓㄨㄛˊ ㄋㄠˋ
濯濯,1,ㄓㄨㄛˊ ㄓㄨㄛˊ
濯纓,1,ㄓㄨㄛˊ ㄧㄥ
濰河,1,ㄨㄟˊ ㄏㄜˊ
濰縣,1,ㄨㄟˊ ㄒㄧㄢˋ
濱外,1,ㄅㄧㄣ ㄨㄞˋ
濱線,1,ㄅㄧㄣ ㄒㄧㄢˋ
濺溼,1,ㄐㄧㄢˋ ㄕ
濺濺,1,ㄐㄧㄢˋ ㄐㄧㄢˋ
濺落,1,ㄐㄧㄢˋ ㄌㄨㄛˋ
濾子,1,ㄌㄩˋ ㄗ˙
濾心,1,ㄌㄩˋ ㄒㄧㄣ
濾材,1,ㄌㄩˋ ㄘㄞˊ
濾泡,1,ㄌㄩˋ ㄆㄠˋ
濾食,1,ㄌㄩˋ ㄕˊ
瀁瀁,1,ㄧㄤˋ ㄧㄤˋ
瀅瀅,1,ㄧㄥˊ ㄧㄥˊ
瀅熒,1,ㄧㄥˊ ㄧㄥˊ
瀆犯,1,ㄉㄨˊ ㄈㄢˋ
瀆神,1,ㄉㄨˊ ㄕㄣˊ
瀇洋,1,ㄨㄤˇ ㄧㄤˊ
瀇瀁,1,ㄨㄤˇ ㄧㄤˋ
瀉土,1,ㄒㄧㄝˋ ㄊㄨˇ
瀉底,1,ㄒㄧㄝˋ ㄉㄧˇ
瀉鹽,1,ㄒㄧㄝˋ ㄧㄢˊ
瀌瀌,1,ㄅㄧㄠ ㄅㄧㄠ
瀏亮,1,ㄌㄧㄡˊ ㄌㄧㄤˋ
瀏瀏,1,ㄌㄧㄡˊ ㄌㄧㄡˊ
瀑風,1,ㄅㄠˋ ㄈㄥ
瀕危,1,ㄅㄧㄣ ㄨㄟˊ
瀘水,1,ㄌㄨˊ ㄕㄨㄟˇ
瀚漠,1,ㄏㄢˋ ㄇㄛˋ
瀚瀚,1,ㄏㄢˋ ㄏㄢˋ
瀛寰,1,ㄧㄥˊ ㄏㄨㄢˊ
瀛表,1,ㄧㄥˊ ㄅㄧㄠˇ
瀝水,1,ㄌㄧˋ ㄕㄨㄟˇ
瀝液,1,ㄌㄧˋ ㄧㄝˋ
瀝澇,1,ㄌㄧˋ ㄌㄠˋ
瀝膽,1,ㄌㄧˋ ㄉㄢˇ
瀝血,1,ㄌㄧˋ ㄒㄩㄝˋ
瀝酒,1,ㄌㄧˋ ㄐㄧㄡˇ
瀟水,1,ㄒㄧㄠ ㄕㄨㄟˇ
瀠洄,1,ㄧㄥˊ ㄏㄨㄟˊ
瀠瀠,1,ㄧㄥˊ ㄧㄥˊ
瀦水,1,ㄓㄨ ㄕㄨㄟˇ
瀦澤,1,ㄓㄨ ㄗㄜˊ
瀦留,1,ㄓㄨ ㄌㄧㄡˊ
瀧夫,1,ㄌㄨㄥˊ ㄈㄨ
瀧岡,1,ㄕㄨㄤ ㄍㄤ
瀧水,1,ㄕㄨㄤ ㄕㄨㄟˇ
瀧漉,1,ㄌㄨㄥˊ ㄌㄨˋ
瀧瀧,1,ㄌㄨㄥˊ ㄌㄨㄥˊ
瀧船,1,ㄌㄨㄥˊ ㄔㄨㄢˊ
瀯瀯,1,ㄧㄥˊ ㄧㄥˊ
瀰瀰,1,ㄇㄧˇ ㄇㄧˇ
瀲瀲,1,ㄌㄧㄢˋ ㄌㄧㄢˋ
瀵泉,1,ㄈㄣˋ ㄑㄩㄢˊ
瀺灂,1,ㄔㄢˊ ㄓㄨㄛˊ
瀼瀼,1,ㄖㄤˊ ㄖㄤˊ
瀾汗,1,ㄌㄢˋ ㄏㄢˋ
瀾漫,1,ㄌㄢˋ ㄇㄢˋ
瀾翻,1,ㄌㄢˊ ㄈㄢ
灂灂,1,ㄓㄨㄛˊ ㄓㄨㄛˊ
灃水,1,ㄈㄥ ㄕㄨㄟˇ
灃河,1,ㄈㄥ ㄏㄜˊ
灊水,1,ㄑㄧㄢˊ ㄕㄨㄟˇ
灌滌,1,ㄍㄨㄢˋ ㄉㄧˊ
灌腸,1,ㄍㄨㄢˋ ㄔㄤ˙
灌膿,1,ㄍㄨㄢˋ ㄋㄨㄥˊ
灌錄,1,ㄍㄨㄢˋ ㄌㄨˋ
灑晒,1,ㄙㄚˇ ㄕㄞˋ
灑派,1,ㄙㄚˇ ㄆㄞˋ
灑湯,1,ㄙㄚˇ ㄊㄤ
灑潑,1,ㄙㄚˇ ㄆㄛ
灑灑,1,ㄙㄚˇ ㄙㄚˇ
灑然,1,ㄙㄚˇ ㄖㄢˊ
灑脫,1,ㄙㄚˇ ㄊㄨㄛ˙
灕江,1,ㄌㄧˊ ㄐㄧㄤ
灕湘,1,ㄌㄧˊ ㄒㄧㄤ
灕然,1,ㄌㄧˊ ㄖㄢˊ
灘子,1,ㄊㄢ ㄗˇ
灘師,1,ㄊㄢ ㄕ
灘戶,1,ㄊㄢ ㄏㄨˋ
灘簧,1,ㄊㄢ ㄏㄨㄤˊ
灘線,1,ㄊㄢ ㄒㄧㄢˋ
灘羊,1,ㄊㄢ ㄧㄤˊ
灘船,1,ㄊㄢ ㄔㄨㄢˊ
灘黃,1,ㄊㄢ ㄏㄨㄤˊ
灝溔,1,ㄏㄠˋ ㄧㄠˇ
灝灝,1,ㄏㄠˋ ㄏㄠˋ
灞水,1,ㄅㄚˋ ㄕㄨㄟˇ
灣洄,1,ㄨㄢ ㄏㄨㄟˊ
灣澴,1,ㄨㄢ ㄏㄨㄢˊ
灣轉,1,ㄨㄢ ㄓㄨㄢ˙
灤京,1,ㄌㄨㄢˊ ㄐㄧㄥ
灤河,1,ㄌㄨㄢˊ ㄏㄜˊ
灤縣,1,ㄌㄨㄢˊ ㄒㄧㄢˋ
灩灩,1,ㄧㄢˋ ㄧㄢˋ
火下,1,ㄏㄨㄛˇ ㄒㄧㄚˋ
火主,1,ㄏㄨㄛˇ ㄓㄨˇ
火亮,1,ㄏㄨㄛˇ ㄌㄧㄤˋ
火伍,1,ㄏㄨㄛˇ ㄨˇ
火伴,1,ㄏㄨㄛˇ ㄅㄢˋ
火備,1,ㄏㄨㄛˇ ㄅㄟˋ
火具,1,ㄏㄨㄛˇ ㄐㄩˋ
火冒,1,ㄏㄨㄛˇ ㄇㄠˋ
火刀,1,ㄏㄨㄛˇ ㄉㄠ
火判,1,ㄏㄨㄛˇ ㄆㄢˋ
火前,1,ㄏㄨㄛˇ ㄑㄧㄢˊ
火劫,1,ㄏㄨㄛˇ ㄐㄧㄝˊ
火囤,1,ㄏㄨㄛˇ ㄉㄨㄣˋ
火圈,1,ㄏㄨㄛˇ ㄑㄩㄢ
火塘,1,ㄏㄨㄛˇ ㄊㄤˊ
火夫,1,ㄏㄨㄛˇ ㄈㄨ
火夾,1,ㄏㄨㄛˇ ㄐㄧㄚˊ
火家,1,ㄏㄨㄛˇ ㄐㄧㄚ
火寸,1,ㄏㄨㄛˇ ㄘㄨㄣˋ
火底,1,ㄏㄨㄛˇ ㄉㄧˇ
火德,1,ㄏㄨㄛˇ ㄉㄜˊ
火患,1,ㄏㄨㄛˇ ㄏㄨㄢˋ
火憲,1,ㄏㄨㄛˇ ㄒㄧㄢˋ
火房,1,ㄏㄨㄛˇ ㄈㄤˊ
火捻,1,ㄏㄨㄛˇ ㄋㄧㄢˇ
火政,1,ㄏㄨㄛˇ ㄓㄥˋ
火教,1,ㄏㄨㄛˇ ㄐㄧㄠˋ
火斗,1,ㄏㄨㄛˇ ㄉㄡˇ
火曜,1,ㄏㄨㄛˇ ㄧㄠˋ
火柱,1,ㄏㄨㄛˇ ㄓㄨˋ
火毬,1,ㄏㄨㄛˇ ㄑㄧㄡˊ
火泥,1,ㄏㄨㄛˇ ㄋㄧˊ
火燒,1,ㄏㄨㄛˇ ㄕㄠ˙
火燙,1,ㄏㄨㄛˇ ㄊㄤˋ
火牌,1,ㄏㄨㄛˇ ㄆㄞˊ
火犁,1,ㄏㄨㄛˇ ㄌㄧˊ
火狐,1,ㄏㄨㄛˇ ㄏㄨˊ
火田,1,ㄏㄨㄛˇ ㄊㄧㄢˊ
火甲,1,ㄏㄨㄛˇ ㄐㄧㄚˇ
火症,1,ㄏㄨㄛˇ ㄓㄥˋ
火癉,1,ㄏㄨㄛˇ ㄉㄢ
火眼,1,ㄏㄨㄛˇ ㄧㄢˇ
火磚,1,ㄏㄨㄛˇ ㄓㄨㄢ
火票,1,ㄏㄨㄛˇ ㄆㄧㄠˋ
火筒,1,ㄏㄨㄛˇ ㄊㄨㄥˇ
火箸,1,ㄏㄨㄛˇ ㄓㄨˋ
火籠,1,ㄏㄨㄛˇ ㄌㄨㄥˊ
火籤,1,ㄏㄨㄛˇ ㄑㄧㄢ
火紙,1,ㄏㄨㄛˇ ㄓˇ
火絨,1,ㄏㄨㄛˇ ㄖㄨㄥˊ
火者,1,ㄏㄨㄛˇ ㄓㄜˇ
火耕,1,ㄏㄨㄛˇ ㄍㄥ
火耗,1,ㄏㄨㄛˇ ㄏㄠˋ
火色,1,ㄏㄨㄛˇ ㄙㄜˋ
火虞,1,ㄏㄨㄛˇ ㄩˊ
火踏,1,ㄏㄨㄛˇ ㄊㄚˋ
火鋪,1,ㄏㄨㄛˇ ㄆㄨˋ
火鏡,1,ㄏㄨㄛˇ ㄐㄧㄥˋ
火鐮,1,ㄏㄨㄛˇ ㄌㄧㄢˊ
火長,1,ㄏㄨㄛˇ ㄓㄤˇ
火門,1,ㄏㄨㄛˇ ㄇㄣˊ
火院,1,ㄏㄨㄛˇ ㄩㄢˋ
火雲,1,ㄏㄨㄛˇ ㄩㄣˊ
火食,1,ㄏㄨㄛˇ ㄕˊ
火食,1,ㄏㄨㄛˇ ㄕ˙
火齊,1,ㄏㄨㄛˇ ㄐㄧˋ
灰戶,1,ㄏㄨㄟ ㄏㄨˋ
灰木,1,ㄏㄨㄟ ㄇㄨˋ
灰棚,1,ㄏㄨㄟ ㄆㄥˊ
灰沒,1,ㄏㄨㄟ ㄇㄛˋ
灰炭,1,ㄏㄨㄟ ㄊㄢˋ
灰罐,1,ㄏㄨㄟ ㄍㄨㄢˋ
灰膛,1,ㄏㄨㄟ ㄊㄤˊ
灰陶,1,ㄏㄨㄟ ㄊㄠˊ
灰頂,1,ㄏㄨㄟ ㄉㄧㄥˇ
灰鶴,1,ㄏㄨㄟ ㄏㄜˋ
灶丁,1,ㄗㄠˋ ㄉㄧㄥ
灶下,1,ㄗㄠˋ ㄒㄧㄚˋ
灶地,1,ㄗㄠˋ ㄉㄧˋ
灶床,1,ㄗㄠˋ ㄔㄨㄤˊ
灶突,1,ㄗㄠˋ ㄊㄨˊ
灶窩,1,ㄗㄠˋ ㄨㄛ
灶頭,1,ㄗㄠˋ ㄊㄡ˙
灶馬,1,ㄗㄠˋ ㄇㄚˇ
灸刺,1,ㄐㄧㄡˇ ㄘˋ
灼然,1,ㄓㄨㄛˊ ㄖㄢˊ
灼爍,1,ㄓㄨㄛˊ ㄕㄨㄛˋ
灼臂,1,ㄓㄨㄛˊ ㄅㄧˋ
灼骨,1,ㄓㄨㄛˊ ㄍㄨˇ
灼龜,1,ㄓㄨㄛˊ ㄍㄨㄟ
災戾,1,ㄗㄞ ㄌㄧˋ
災沴,1,ㄗㄞ ㄌㄧˋ
災病,1,ㄗㄞ ㄅㄧㄥˋ
災眚,1,ㄗㄞ ㄕㄥˇ
災祥,1,ㄗㄞ ㄒㄧㄤˊ
災迍,1,ㄗㄞ ㄓㄨㄣ
災障,1,ㄗㄞ ㄓㄤˋ
災黎,1,ㄗㄞ ㄌㄧˊ
炊帚,1,ㄔㄨㄟ ㄓㄡ˙
炊桂,1,ㄔㄨㄟ ㄍㄨㄟˋ
炊熟,1,ㄔㄨㄟ ㄕㄨˊ
炊爨,1,ㄔㄨㄟ ㄘㄨㄢˋ
炊累,1,ㄔㄨㄟˋ ㄌㄟˋ
炊臼,1,ㄔㄨㄟ ㄐㄧㄡˋ
炊餅,1,ㄔㄨㄟ ㄅㄧㄥˇ
炎上,1,ㄧㄢˊ ㄕㄤˋ
炎丘,1,ㄧㄢˊ ㄑㄧㄡ
炎光,1,ㄧㄢˊ ㄍㄨㄤ
炎土,1,ㄧㄢˊ ㄊㄨˇ
炎徼,1,ㄧㄢˊ ㄐㄧㄠˋ
炎方,1,ㄧㄢˊ ㄈㄤ
炎漢,1,ㄧㄢˊ ㄏㄢˋ
炎火,1,ㄧㄢˊ ㄏㄨㄛˇ
炎精,1,ㄧㄢˊ ㄐㄧㄥ
炎黃,1,ㄧㄢˊ ㄏㄨㄤˊ
炒冰,1,ㄔㄠˇ ㄅㄧㄥ
炒刺,1,ㄔㄠˇ ㄘˋ
炒咬,1,ㄔㄠˇ ㄧㄠˇ
炒米,1,ㄔㄠˇ ㄇㄧˇ
炒菜,1,ㄔㄠˇ ㄘㄞ˙
炒貨,1,ㄔㄠˇ ㄏㄨㄛˋ
炒買,1,ㄔㄠˇ ㄇㄞˇ
炒賣,1,ㄔㄠˇ ㄇㄞˋ
炒鐵,1,ㄔㄠˇ ㄊㄧㄝˇ
炕房,1,ㄎㄤˋ ㄈㄤˊ
炕暴,1,ㄎㄤˋ ㄅㄠˋ
炕陽,1,ㄎㄤˋ ㄧㄤˊ
炘炘,1,ㄒㄧㄣ ㄒㄧㄣ
炙背,1,ㄓˋ ㄅㄟˋ
炤炤,1,ㄓㄠˋ ㄓㄠˋ
炫鬻,1,ㄒㄩㄢˋ ㄩˋ
炭墼,1,ㄊㄢˋ ㄐㄧˊ
炭層,1,ㄊㄢˋ ㄘㄥˊ
炭敬,1,ㄊㄢˋ ㄐㄧㄥˋ
炭烤,1,ㄊㄢˋ ㄎㄠˇ
炭窩,1,ㄊㄢˋ ㄨㄛ
炭米,1,ㄊㄢˋ ㄇㄧˇ
炮塔,1,ㄆㄠˋ ㄊㄚˇ
炮壘,1,ㄆㄠˋ ㄌㄟˇ
炮戰,1,ㄆㄠˋ ㄓㄢˋ
炮操,1,ㄆㄠˋ ㄘㄠ
炮格,1,ㄆㄠˊ ㄍㄜˊ
炮烙,1,ㄆㄠˊ ㄌㄨㄛˋ
炮煉,1,ㄆㄠˊ ㄌㄧㄢˋ
炮燥,1,ㄆㄠˊ ㄗㄠˋ
炮臺,1,ㄆㄠˋ ㄊㄞˊ
炮艦,1,ㄆㄠˋ ㄐㄧㄢˋ
炮衣,1,ㄆㄠˋ ㄧ
炮身,1,ㄆㄠˋ ㄕㄣ
炮車,1,ㄆㄠˋ ㄔㄜ
炮銃,1,ㄆㄠˋ ㄔㄨㄥˋ
炮銅,1,ㄆㄠˋ ㄊㄨㄥˊ
炮門,1,ㄆㄠˋ ㄇㄣˊ
炯心,1,ㄐㄩㄥˇ ㄒㄧㄣ
炯誡,1,ㄐㄩㄥˇ ㄐㄧㄝˋ
炯鑒,1,ㄐㄩㄥˇ ㄐㄧㄢˋ
炰烋,1,ㄆㄠˊ ㄒㄧㄠ
炳曜,1,ㄅㄧㄥˇ ㄧㄠˋ
炳然,1,ㄅㄧㄥˇ ㄖㄢˊ
炳燭,1,ㄅㄧㄥˇ ㄓㄨˊ
炳著,1,ㄅㄧㄥˇ ㄓㄨˋ
炳蔚,1,ㄅㄧㄥˇ ㄨㄟˋ
炳賁,1,ㄅㄧㄥˇ ㄅㄧˋ
炸供,1,ㄓㄚˊ ㄍㄨㄥˋ
炸獄,1,ㄓㄚˋ ㄩˋ
炸窩,1,ㄓㄚˋ ㄨㄛ
炸雷,1,ㄓㄚˋ ㄌㄟˊ
為荷,1,ㄨㄟˊ ㄏㄜˋ
為頭,1,ㄨㄟˊ ㄊㄡˊ
烈味,1,ㄌㄧㄝˋ ㄨㄟˋ
烈文,1,ㄌㄧㄝˋ ㄨㄣˊ
烈烈,1,ㄌㄧㄝˋ ㄌㄧㄝˋ
烈燄,1,ㄌㄧㄝˋ ㄧㄢˋ
烈祖,1,ㄌㄧㄝˋ ㄗㄨˇ
烈紙,1,ㄌㄧㄝˋ ㄓˇ
烈貨,1,ㄌㄧㄝˋ ㄏㄨㄛˋ
烈陽,1,ㄌㄧㄝˋ ㄧㄤˊ
烏兔,1,ㄨ ㄊㄨˋ
烏哺,1,ㄨ ㄅㄨˇ
烏塗,1,ㄨ ㄊㄨ˙
烏孫,1,ㄨ ㄙㄨㄣ
烏帽,1,ㄨ ㄇㄠˋ
烏府,1,ㄨ ㄈㄨˇ
烏烏,1,ㄨ ㄨ
烏獲,1,ㄨ ㄏㄨㄛˋ
烏竹,1,ㄨ ㄓㄨˊ
烏紗,1,ㄨ ㄕㄚ
烏臼,1,ㄨ ㄐㄧㄡˋ
烏芋,1,ㄨ ㄩˋ
烏薪,1,ㄨ ㄒㄧㄣ
烏藥,1,ㄨ ㄧㄠˋ
烏號,1,ㄨ ㄏㄠˊ
烏衣,1,ㄨ ㄧ
烏頭,1,ㄨ ㄊㄡˊ
烏鬢,1,ㄨ ㄅㄧㄣˋ
烏鬼,1,ㄨ ㄍㄨㄟˇ
烏麥,1,ㄨ ㄇㄞˋ
烘動,1,ㄏㄨㄥ ㄉㄨㄥˋ
烘堂,1,ㄏㄨㄥ ㄊㄤˊ
烘染,1,ㄏㄨㄥ ㄖㄢˇ
烘炒,1,ㄏㄨㄥ ㄔㄠˇ
烘眼,1,ㄏㄨㄥ ㄧㄢˇ
烘籠,1,ㄏㄨㄥ ㄌㄨㄥˊ
烙花,1,ㄌㄠˋ ㄏㄨㄚ
烙鐵,1,ㄌㄠˋ ㄊㄧㄝ˙
烜赫,1,ㄒㄩㄢˇ ㄏㄜˋ
烝嘗,1,ㄓㄥ ㄔㄤˊ
烝民,1,ㄓㄥ ㄇㄧㄣˊ
烝烝,1,ㄓㄥ ㄓㄥ
烝禋,1,ㄓㄥ ㄧㄣ
烝黎,1,ㄓㄥ ㄌㄧˊ
烤麩,1,ㄎㄠˇ ㄈㄨ
烴基,1,ㄊㄧㄥ ㄐㄧ
烹分,1,ㄆㄥ ㄈㄣ
烹滅,1,ㄆㄥ ㄇㄧㄝˋ
烹炮,1,ㄆㄥ ㄆㄠˊ
烽候,1,ㄈㄥ ㄏㄡˋ
烽子,1,ㄈㄥ ㄗˇ
烽櫓,1,ㄈㄥ ㄌㄨˇ
烽燧,1,ㄈㄥ ㄙㄨㄟˋ
烽鼓,1,ㄈㄥ ㄍㄨˇ
焄蒿,1,ㄒㄩㄣ ㄏㄠ
焉爾,1,ㄧㄢ ㄦˇ
焊鉗,1,ㄏㄢˋ ㄑㄧㄢˊ
焊鑞,1,ㄏㄢˋ ㄌㄚˋ
焌油,1,ㄐㄩㄣˋ ㄧㄡˊ
焐腳,1,ㄨˋ ㄐㄧㄠˇ
焚修,1,ㄈㄣˊ ㄒㄧㄡ
焚劫,1,ㄈㄣˊ ㄐㄧㄝˊ
焚如,1,ㄈㄣˊ ㄖㄨˊ
焚溺,1,ㄈㄣˊ ㄋㄧˋ
焚研,1,ㄈㄣˊ ㄧㄢˋ
焚硯,1,ㄈㄣˊ ㄧㄢˋ
焚芝,1,ㄈㄣˊ ㄓ
焚草,1,ㄈㄣˊ ㄘㄠˇ
焚輪,1,ㄈㄣˊ ㄌㄨㄣˊ
焚黃,1,ㄈㄣˊ ㄏㄨㄤˊ
焜燿,1,ㄎㄨㄣ ㄧㄠˋ
焜黃,1,ㄎㄨㄣ ㄏㄨㄤˊ
焠掌,1,ㄘㄨㄟˋ ㄓㄤˇ
無乃,1,ㄨˊ ㄋㄞˇ
無他,1,ㄨˊ ㄊㄨㄛ
無倽,1,ㄨˊ ㄕㄚˊ
無兩,1,ㄨˊ ㄌㄧㄤˇ
無出,1,ㄨˊ ㄔㄨ
無厭,1,ㄨˊ ㄧㄢˋ
無告,1,ㄨˊ ㄍㄠˋ
無因,1,ㄨˊ ㄧㄣ
無地,1,ㄨˊ ㄉㄧˋ
無央,1,ㄨˊ ㄧㄤ
無夷,1,ㄨˊ ㄧˊ
無妄,1,ㄨˊ ㄨㄤˋ
無妨,1,ㄨˊ ㄈㄤ
無容,1,ㄨˊ ㄖㄨㄥˊ
無寧,1,ㄨˊ ㄋㄧㄥˊ
無射,1,ㄨˊ ㄧˋ
無已,1,ㄨˊ ㄧˇ
無徒,1,ㄨˊ ㄊㄨˊ
無忌,1,ㄨˊ ㄐㄧˋ
無恃,1,ㄨˊ ㄕˋ
無悔,1,ㄨˊ ㄏㄨㄟˇ
無慮,1,ㄨˊ ㄌㄩˋ
無憑,1,ㄨˊ ㄆㄧㄥˊ
無憾,1,ㄨˊ ㄏㄢˋ
無措,1,ㄨˊ ㄘㄨㄛˋ
無據,1,ㄨˊ ㄐㄩˋ
無斁,1,ㄨˊ ㄧˋ
無方,1,ㄨˊ ㄈㄤ
無有,1,ㄨˊ ㄧㄡˇ
無朋,1,ㄨˊ ㄆㄥˊ
無涉,1,ㄨˊ ㄕㄜˋ
無猜,1,ㄨˊ ㄘㄞ
無生,1,ㄨˊ ㄕㄥ
無祿,1,ㄨˊ ㄌㄨˋ
無籍,1,ㄨˊ ㄐㄧˊ
無羊,1,ㄨˊ ㄧㄤˊ
無著,1,ㄨˊ ㄓㄨㄛˊ
無藝,1,ㄨˊ ㄧˋ
無衣,1,ㄨˊ ㄧ
無計,1,ㄨˊ ㄐㄧˋ
無賽,1,ㄨˊ ㄙㄞˋ
無那,1,ㄨˊ ㄋㄨㄛˊ
無顏,1,ㄨˊ ㄧㄢˊ
無類,1,ㄨˊ ㄌㄟˋ
無鹽,1,ㄨˊ ㄧㄢˊ
焦勞,1,ㄐㄧㄠ ㄌㄠˊ
焦尾,1,ㄐㄧㄠ ㄨㄟˇ
焦循,1,ㄐㄧㄠ ㄒㄩㄣˊ
焦憋,1,ㄐㄧㄠ ㄅㄧㄝ
焦月,1,ㄐㄧㄠ ㄩㄝˋ
焦桐,1,ㄐㄧㄠ ㄊㄨㄥˊ
焦棱,1,ㄐㄧㄠ ㄌㄥˊ
焦炙,1,ㄐㄧㄠ ㄓˋ
焦穫,1,ㄐㄧㄠ ㄏㄨˋ
焦釜,1,ㄐㄧㄠ ㄈㄨˇ
焦雷,1,ㄐㄧㄠ ㄌㄟˊ
焮天,1,ㄒㄧㄣˋ ㄊㄧㄢ
焯焯,1,ㄓㄨㄛˊ ㄓㄨㄛˊ
焯爍,1,ㄓㄨㄛˊ ㄕㄨㄛˋ
焯著,1,ㄓㄨㄛˊ ㄓㄨˋ
焰口,1,ㄧㄢˋ ㄎㄡˇ
焰段,1,ㄧㄢˋ ㄉㄨㄢˋ
焰焰,1,ㄧㄢˋ ㄧㄢˋ
然疑,1,ㄖㄢˊ ㄧˊ
然雖,1,ㄖㄢˊ ㄙㄨㄟ
煉山,1,ㄌㄧㄢˋ ㄕㄢ
煎劑,1,ㄐㄧㄢ ㄐㄧˋ
煎心,1,ㄐㄧㄢ ㄒㄧㄣ
煎湯,1,ㄐㄧㄢ ㄊㄤ
煎聒,1,ㄐㄧㄢ ㄍㄨㄚ
煎茶,1,ㄐㄧㄢ ㄔㄚˊ
煒煒,1,ㄨㄟˇ ㄨㄟˇ
煒燁,1,ㄨㄟˇ ㄧㄝˋ
煙子,1,ㄧㄢ ㄗ˙
煙嵐,1,ㄧㄢ ㄌㄢˊ
煙戶,1,ㄧㄢ ㄏㄨˋ
煙景,1,ㄧㄢ ㄐㄧㄥˇ
煙月,1,ㄧㄢ ㄩㄝˋ
煙柱,1,ㄧㄢ ㄓㄨˋ
煙樹,1,ㄧㄢ ㄕㄨˋ
煙渚,1,ㄧㄢ ㄓㄨˇ
煙燈,1,ㄧㄢ ㄉㄥ
煙爨,1,ㄧㄢ ㄘㄨㄢˋ
煙瘴,1,ㄧㄢ ㄓㄤˋ
煙禁,1,ㄧㄢ ㄐㄧㄣˋ
煙穗,1,ㄧㄢ ㄙㄨㄟˋ
煙突,1,ㄧㄢ ㄊㄨˊ
煙窩,1,ㄧㄢ ㄨㄛ
煙篷,1,ㄧㄢ ㄆㄥˊ
煙苗,1,ㄧㄢ ㄇㄧㄠˊ
煙蚜,1,ㄧㄢ ㄧㄚˊ
煙鍋,1,ㄧㄢ ㄍㄨㄛ
煙館,1,ㄧㄢ ㄍㄨㄢˇ
煙鬟,1,ㄧㄢ ㄏㄨㄢˊ
煜煜,1,ㄩˋ ㄩˋ
煜爚,1,ㄩˋ ㄩㄝˋ
煞住,1,ㄕㄚ ㄓㄨˋ
煞尾,1,ㄕㄚ ㄨㄟˇ
煞氣,1,ㄕㄚ ㄑㄧˋ
煞白,1,ㄕㄚˋ ㄅㄞˊ
煢孑,1,ㄑㄩㄥˊ ㄐㄧㄝˊ
煢居,1,ㄑㄩㄥˊ ㄐㄩ
煤井,1,ㄇㄟˊ ㄐㄧㄥˇ
煤化,1,ㄇㄟˊ ㄏㄨㄚˋ
煤塵,1,ㄇㄟˊ ㄔㄣˊ
煤山,1,ㄇㄟˊ ㄕㄢ
煤末,1,ㄇㄟˊ ㄇㄛˋ
煤核,1,ㄇㄟˊ ㄏㄜˊ
煤毒,1,ㄇㄟˊ ㄉㄨˊ
煤溚,1,ㄇㄟˊ ㄉㄚˊ
煤精,1,ㄇㄟˊ ㄐㄧㄥ
煤都,1,ㄇㄟˊ ㄉㄨ
煥別,1,ㄏㄨㄢˋ ㄅㄧㄝˊ
煥煥,1,ㄏㄨㄢˋ ㄏㄨㄢˋ
煥綺,1,ㄏㄨㄢˋ ㄑㄧˇ
煥赫,1,ㄏㄨㄢˋ ㄏㄜˋ
煦伏,1,ㄒㄩˇ ㄈㄨˊ
煦嫗,1,ㄒㄩˇ ㄩˋ
煦沫,1,ㄒㄩˇ ㄇㄛˋ
照光,1,ㄓㄠˋ ㄍㄨㄤ
照前,1,ㄓㄠˋ ㄑㄧㄢˊ
照壁,1,ㄓㄠˋ ㄅㄧˋ
照子,1,ㄓㄠˋ ㄗ˙
照帖,1,ㄓㄠˋ ㄊㄧㄝˇ
照廳,1,ㄓㄠˋ ㄊㄧㄥ
照提,1,ㄓㄠˋ ㄊㄧˊ
照收,1,ㄓㄠˋ ㄕㄡ
照望,1,ㄓㄠˋ ㄨㄤˋ
照牆,1,ㄓㄠˋ ㄑㄧㄤˊ
照眼,1,ㄓㄠˋ ㄧㄢˇ
照票,1,ㄓㄠˋ ㄆㄧㄠˋ
照章,1,ㄓㄠˋ ㄓㄤ
照臉,1,ㄓㄠˋ ㄌㄧㄢˇ
照臺,1,ㄓㄠˋ ㄊㄞˊ
照袋,1,ㄓㄠˋ ㄉㄞˋ
照覷,1,ㄓㄠˋ ㄑㄩˋ
照證,1,ㄓㄠˋ ㄓㄥˋ
照顧,1,ㄓㄠˋ ㄍㄨ˙
煨塵,1,ㄨㄟ ㄔㄣˊ
煨熱,1,ㄨㄟ ㄖㄜˋ
煨燼,1,ㄨㄟ ㄐㄧㄣˋ
煨膿,1,ㄨㄟ ㄋㄨㄥˊ
煩冤,1,ㄈㄢˊ ㄩㄢ
煩劇,1,ㄈㄢˊ ㄐㄩˋ
煩厭,1,ㄈㄢˊ ㄧㄢˋ
煩吵,1,ㄈㄢˊ ㄔㄠˇ
煩問,1,ㄈㄢˊ ㄨㄣˋ
煩富,1,ㄈㄢˊ ㄈㄨˋ
煩想,1,ㄈㄢˊ ㄒㄧㄤˇ
煩愁,1,ㄈㄢˊ ㄔㄡˊ
煩慮,1,ㄈㄢˊ ㄌㄩˋ
煩懣,1,ㄈㄢˊ ㄇㄣˋ
煩數,1,ㄈㄢˊ ㄕㄨㄛˋ
煩法,1,ㄈㄢˊ ㄈㄚˇ
煩猥,1,ㄈㄢˊ ㄨㄟˇ
煩膩,1,ㄈㄢˊ ㄋㄧˋ
煩苛,1,ㄈㄢˊ ㄎㄜ
煩複,1,ㄈㄢˊ ㄈㄨˋ
煩費,1,ㄈㄢˊ ㄈㄟˋ
煬灶,1,ㄧㄤˋ ㄗㄠˋ
煮字,1,ㄓㄨˇ ㄗˋ
煲飯,1,ㄅㄠ ㄈㄢˋ
煽惑,1,ㄕㄢ ㄏㄨㄛˋ
熅斗,1,ㄩㄣˋ ㄉㄡˇ
熅火,1,ㄩㄣˊ ㄏㄨㄛˇ
熅熅,1,ㄩㄣˊ ㄩㄣˊ
熇熇,1,ㄏㄜˋ ㄏㄜˋ
熊戲,1,ㄒㄩㄥˊ ㄒㄧˋ
熊本,1,ㄒㄩㄥˊ ㄅㄣˇ
熊白,1,ㄒㄩㄥˊ ㄅㄞˊ
熊羆,1,ㄒㄩㄥˊ ㄆㄧˊ
熊虎,1,ㄒㄩㄥˊ ㄏㄨˇ
熊蟻,1,ㄒㄩㄥˊ ㄧˇ
熏人,1,ㄒㄩㄣ ㄖㄣˊ
熏天,1,ㄒㄩㄣ ㄊㄧㄢ
熏染,1,ㄒㄩㄣ ㄖㄢˇ
熏沐,1,ㄒㄩㄣ ㄇㄨˋ
熏烝,1,ㄒㄩㄣ ㄓㄥ
熏熏,1,ㄒㄩㄣ ㄒㄩㄣ
熏籠,1,ㄒㄩㄣ ㄌㄨㄥˊ
熏習,1,ㄒㄩㄣ ㄒㄧˊ
熏腐,1,ㄒㄩㄣ ㄈㄨˇ
熏製,1,ㄒㄩㄣ ㄓˋ
熏鑪,1,ㄒㄩㄣ ㄌㄨˊ
熏風,1,ㄒㄩㄣ ㄈㄥ
熏香,1,ㄒㄩㄣˋ ㄒㄧㄤ
熒屏,1,ㄧㄥˊ ㄆㄧㄥˊ
熔燬,1,ㄖㄨㄥˊ ㄏㄨㄟˇ
熙寧,1,ㄒㄧ ㄋㄧㄥˊ
熙怡,1,ㄒㄧ ㄧˊ
熙攘,1,ㄒㄧ ㄖㄤˇ
熙春,1,ㄒㄧ ㄔㄨㄣ
熙朝,1,ㄒㄧ ㄔㄠˊ
熙洽,1,ㄒㄧ ㄒㄧㄚˊ
熙熙,1,ㄒㄧ ㄒㄧ
熛炭,1,ㄅㄧㄠ ㄊㄢˋ
熛起,1,ㄅㄧㄠ ㄑㄧˇ
熛風,1,ㄅㄧㄠ ㄈㄥ
熟事,1,ㄕㄨˊ ㄕˋ
熟人,1,ㄕㄨˊ ㄖㄣˊ
熟分,1,ㄕㄨˊ ㄈㄣˋ
熟化,1,ㄕㄨˊ ㄏㄨㄚˋ
熟嘴,1,ㄕㄨˊ ㄗㄨㄟˇ
熟土,1,ㄕㄨˊ ㄊㄨˇ
熟地,1,ㄕㄨˊ ㄉㄧˋ
熟套,1,ㄕㄨˊ ㄊㄠˋ
熟嫻,1,ㄕㄨˊ ㄒㄧㄢˊ
熟字,1,ㄕㄨˊ ㄗˋ
熟客,1,ㄕㄨˊ ㄎㄜˋ
熟年,1,ㄕㄨˊ ㄋㄧㄢˊ
熟悉,1,ㄕㄨˊ ㄒㄧ
熟慣,1,ㄕㄨˊ ㄍㄨㄢˋ
熟慮,1,ㄕㄨˊ ㄌㄩˋ
熟手,1,ㄕㄨˊ ㄕㄡˇ
熟會,1,ㄕㄨˊ ㄏㄨㄟˋ
熟水,1,ㄕㄨˊ ㄕㄨㄟˇ
熟滑,1,ㄕㄨˊ ㄏㄨㄚˊ
熟番,1,ㄕㄨˊ ㄈㄢ
熟皮,1,ㄕㄨˊ ㄆㄧˊ
熟精,1,ㄕㄨˊ ㄐㄧㄥ
熟紙,1,ㄕㄨˊ ㄓˇ
熟絡,1,ㄕㄨˊ ㄌㄨㄛˋ
熟練,1,ㄕㄨˊ ㄌㄧㄢˋ
熟羅,1,ㄕㄨˊ ㄌㄨㄛˊ
熟腳,1,ㄕㄨˊ ㄐㄧㄠˇ
熟苗,1,ㄕㄨˊ ㄇㄧㄠˊ
熟茶,1,ㄕㄨˊ ㄔㄚˊ
熟荒,1,ㄕㄨˊ ㄏㄨㄤ
熟菜,1,ㄕㄨˊ ㄘㄞˋ
熟落,1,ㄕㄨˊ ㄌㄨㄛˋ
熟藥,1,ㄕㄨˊ ㄧㄠˋ
熟視,1,ㄕㄨˊ ㄕˋ
熟話,1,ㄕㄨˊ ㄏㄨㄚˋ
熟語,1,ㄕㄨˊ ㄩˇ
熟貨,1,ㄕㄨˊ ㄏㄨㄛˋ
熟銅,1,ㄕㄨˊ ㄊㄨㄥˊ
熟閑,1,ㄕㄨˊ ㄒㄧㄢˊ
熟間,1,ㄕㄨˊ ㄐㄧㄢˋ
熠沒,1,ㄧˋ ㄇㄛˋ
熨貼,1,ㄩˋ ㄊㄧㄝ
熬刑,1,ㄠˊ ㄒㄧㄥˊ
熬審,1,ㄠˊ ㄕㄣˇ
熬心,1,ㄠ ㄒㄧㄣ
熬油,1,ㄠˊ ㄧㄡˊ
熬煮,1,ㄠˊ ㄓㄨˇ
熬磨,1,ㄠˊ ㄇㄛ˙
熬糖,1,ㄠˊ ㄊㄤˊ
熬膏,1,ㄠˊ ㄍㄠ
熬膩,1,ㄠ ㄋㄧˋ
熬菜,1,ㄠ ㄘㄞˋ
熬頭,1,ㄠ ㄊㄡ˙
熬鷹,1,ㄠˊ ㄧㄥ
熯焚,1,ㄏㄢˋ ㄈㄣˊ
熯熱,1,ㄏㄢˋ ㄖㄜˋ
熱亂,1,ㄖㄜˋ ㄌㄨㄢˋ
熱作,1,ㄖㄜˋ ㄗㄨㄛˋ
熱劑,1,ㄖㄜˋ ㄐㄧˋ
熱化,1,ㄖㄜˋ ㄏㄨㄚˋ
熱合,1,ㄖㄜˋ ㄏㄜˊ
熱嘴,1,ㄖㄜˋ ㄗㄨㄟˇ
熱地,1,ㄖㄜˋ ㄉㄧˋ
熱孝,1,ㄖㄜˋ ㄒㄧㄠˋ
熱官,1,ㄖㄜˋ ㄍㄨㄢ
熱客,1,ㄖㄜˋ ㄎㄜˋ
熱屏,1,ㄖㄜˋ ㄆㄧㄥˊ
熱惱,1,ㄖㄜˋ ㄋㄠˇ
熱擦,1,ㄖㄜˋ ㄘㄚ
熱毒,1,ㄖㄜˋ ㄉㄨˊ
熱泵,1,ㄖㄜˋ ㄅㄥˋ
熱海,1,ㄖㄜˋ ㄏㄞˇ
熱燥,1,ㄖㄜˋ ㄗㄠˋ
熱症,1,ㄖㄜˋ ㄓㄥˋ
熱療,1,ㄖㄜˋ ㄌㄧㄠˊ
熱腹,1,ㄖㄜˋ ㄈㄨˋ
熱藥,1,ㄖㄜˋ ㄧㄠˋ
熱覺,1,ㄖㄜˋ ㄐㄩㄝˊ
熱車,1,ㄖㄜˋ ㄔㄜ
熱銷,1,ㄖㄜˋ ㄒㄧㄠ
熱錢,1,ㄖㄜˋ ㄑㄧㄢˊ
熱霧,1,ㄖㄜˋ ㄨˋ
熱鬧,1,ㄖㄜˋ ㄋㄠ˙
熲熲,1,ㄐㄩㄥˇ ㄐㄩㄥˇ
熹平,1,ㄒㄧ ㄆㄧㄥˊ
熾愛,1,ㄔˋ ㄞˋ
熾炭,1,ㄔˋ ㄊㄢˋ
熾然,1,ㄔˋ ㄖㄢˊ
熾結,1,ㄔˋ ㄐㄧㄝˊ
熾茂,1,ㄔˋ ㄇㄠˋ
燁然,1,ㄧㄝˋ ㄖㄢˊ
燁煜,1,ㄧㄝˋ ㄩˋ
燁燁,1,ㄧㄝˋ ㄧㄝˋ
燂爍,1,ㄑㄧㄢˊ ㄕㄨㄛˋ
燃犀,1,ㄖㄢˊ ㄒㄧ
燃臍,1,ㄖㄢˊ ㄑㄧˊ
燃藜,1,ㄖㄢˊ ㄌㄧˊ
燄燄,1,ㄧㄢˋ ㄧㄢˋ
燈事,1,ㄉㄥ ㄕˋ
燈傘,1,ㄉㄥ ㄙㄢˇ
燈夕,1,ㄉㄥ ㄒㄧˋ
燈宵,1,ㄉㄥ ㄒㄧㄠ
燈山,1,ㄉㄥ ㄕㄢ
燈掛,1,ㄉㄥ ㄍㄨㄚˋ
燈控,1,ㄉㄥ ㄎㄨㄥˋ
燈檠,1,ㄉㄥ ㄑㄧㄥˊ
燈毬,1,ㄉㄥ ㄑㄧㄡˊ
燈炷,1,ㄉㄥ ㄓㄨˋ
燈煤,1,ㄉㄥ ㄇㄟˊ
燈篙,1,ㄉㄥ ㄍㄠ
燈綵,1,ㄉㄥ ㄘㄞˇ
燈膽,1,ㄉㄥ ㄉㄢˇ
燈船,1,ㄉㄥ ㄔㄨㄢˊ
燈色,1,ㄉㄥ ㄙㄜˋ
燈芯,1,ㄉㄥ ㄒㄧㄣˋ
燈苗,1,ㄉㄥ ㄇㄧㄠˊ
燈草,1,ㄉㄥ ㄘㄠˇ
燈虎,1,ㄉㄥ ㄏㄨˇ
燈語,1,ㄉㄥ ㄩˇ
燉煌,1,ㄉㄨㄣ ㄏㄨㄤˊ
燉補,1,ㄉㄨㄣˋ ㄅㄨˇ
燋心,1,ㄐㄧㄠ ㄒㄧㄣ
燋爛,1,ㄐㄧㄠ ㄌㄢˋ
燋鑠,1,ㄐㄧㄠ ㄕㄨㄛˋ
燎星,1,ㄌㄧㄠˋ ㄒㄧㄥ
燎朗,1,ㄌㄧㄠˋ ㄌㄤˇ
燎毛,1,ㄌㄧㄠˇ ㄇㄠˊ
燎泡,1,ㄌㄧㄠˊ ㄆㄠˋ
燎漿,1,ㄌㄧㄠˊ ㄐㄧㄤ
燎灼,1,ㄌㄧㄠˇ ㄓㄨㄛˊ
燎燎,1,ㄌㄧㄠˋ ㄌㄧㄠˋ
燎髮,1,ㄌㄧㄠˇ ㄈㄚˇ
燐亂,1,ㄌㄧㄣˊ ㄌㄨㄢˋ
燒包,1,ㄕㄠ ㄅㄠ
燒埋,1,ㄕㄠ ㄇㄞˊ
燒尾,1,ㄕㄠ ㄨㄟˇ
燒心,1,ㄕㄠ ㄒㄧㄣ
燒春,1,ㄕㄠ ㄔㄨㄣ
燒果,1,ㄕㄠ ㄍㄨㄛˇ
燒活,1,ㄕㄠ ㄏㄨㄛˊ
燒臘,1,ㄕㄠ ㄌㄚˋ
燒荒,1,ㄕㄠ ㄏㄨㄤ
燒葬,1,ㄕㄠ ㄗㄤˋ
燒藍,1,ㄕㄠ ㄌㄢˊ
燒豬,1,ㄕㄠ ㄓㄨ
燒賣,1,ㄕㄠ ㄇㄞ˙
燒銲,1,ㄕㄠ ㄏㄢˋ
燔柴,1,ㄈㄢˊ ㄔㄞˊ
燔灼,1,ㄈㄢˊ ㄓㄨㄛˊ
燔燎,1,ㄈㄢˊ ㄌㄧㄠˋ
燔肉,1,ㄈㄢˊ ㄖㄡˋ
燔針,1,ㄈㄢˊ ㄓㄣ
燔黍,1,ㄈㄢˊ ㄕㄨˇ
燕丸,1,ㄧㄢˋ ㄨㄢˊ
燕丹,1,ㄧㄢ ㄉㄢ
燕侶,1,ㄧㄢˋ ㄌㄩˇ
燕几,1,ㄧㄢˋ ㄐㄧˇ
燕出,1,ㄧㄢˋ ㄔㄨ
燕剪,1,ㄧㄢˋ ㄐㄧㄢˇ
燕勞,1,ㄧㄢˋ ㄌㄠˋ
燕喜,1,ㄧㄢˋ ㄒㄧˇ
燕坐,1,ㄧㄢˋ ㄗㄨㄛˋ
燕女,1,ㄧㄢˋ ㄋㄩˇ
燕婉,1,ㄧㄢˋ ㄨㄢˇ
燕安,1,ㄧㄢˋ ㄢ
燕支,1,ㄧㄢ ㄓ
燕朋,1,ㄧㄢˋ ㄆㄥˊ
燕服,1,ㄧㄢˋ ㄈㄨˊ
燕樂,1,ㄧㄢˋ ㄌㄜˋ
燕樂,1,ㄧㄢˋ ㄩㄝˋ
燕毛,1,ㄧㄢˋ ㄇㄠˊ
燕玉,1,ㄧㄢ ㄩˋ
燕皮,1,ㄧㄢˋ ㄆㄧˊ
燕禮,1,ㄧㄢˋ ㄌㄧˇ
燕私,1,ㄧㄢˋ ㄙ
燕翼,1,ㄧㄢˋ ㄧˋ
燕脂,1,ㄧㄢ ㄓ
燕臺,1,ㄧㄢ ㄊㄞˊ
燕衎,1,ㄧㄢˋ ㄎㄢˋ
燕語,1,ㄧㄢˋ ㄩˇ
燕說,1,ㄧㄢ ㄕㄨㄛ
燕賀,1,ㄧㄢˋ ㄏㄜˋ
燕鑒,1,ㄧㄢˋ ㄐㄧㄢˋ
燕飲,1,ㄧㄢˋ ㄧㄣˇ
燕鴴,1,ㄧㄢˋ ㄏㄥˊ
燕鷗,1,ㄧㄢˋ ㄡ
燙花,1,ㄊㄤˋ ㄏㄨㄚ
燙蠟,1,ㄊㄤˋ ㄌㄚˋ
燙馬,1,ㄊㄤˋ ㄇㄚˇ
營作,1,ㄧㄥˊ ㄗㄨㄛˋ
營勾,1,ㄧㄥˊ ㄍㄡ
營哨,1,ㄧㄥˊ ㄕㄠˋ
營商,1,ㄧㄥˊ ㄕㄤ
營寨,1,ㄧㄥˊ ㄓㄞˋ
營州,1,ㄧㄥˊ ㄓㄡ
營工,1,ㄧㄥˊ ㄍㄨㄥ
營幹,1,ㄧㄥˊ ㄍㄢˋ
營求,1,ㄧㄥˊ ㄑㄧㄡˊ
營活,1,ㄧㄥˊ ㄏㄨㄛˊ
營營,1,ㄧㄥˊ ㄧㄥˊ
營生,1,ㄧㄥˊ ㄕㄥ˙
營田,1,ㄧㄥˊ ㄊㄧㄢˊ
營療,1,ㄧㄥˊ ㄌㄧㄠˊ
營盤,1,ㄧㄥˊ ㄆㄢˊ
營福,1,ㄧㄥˊ ㄈㄨˊ
營舍,1,ㄧㄥˊ ㄕㄜˋ
營衛,1,ㄧㄥˊ ㄨㄟˋ
營謀,1,ㄧㄥˊ ㄇㄡˊ
營販,1,ㄧㄥˊ ㄈㄢˋ
營辦,1,ㄧㄥˊ ㄅㄢˋ
營首,1,ㄧㄥˊ ㄕㄡˇ
燠休,1,ㄩˋ ㄒㄧㄡ
燠寒,1,ㄩˋ ㄏㄢˊ
燠燥,1,ㄩˋ ㄗㄠˋ
燡燡,1,ㄧˋ ㄧˋ
燥子,1,ㄙㄠˋ ㄗ˙
燥屎,1,ㄗㄠˋ ㄕˇ
燥溼,1,ㄗㄠˋ ㄕ
燥灼,1,ㄗㄠˋ ㄓㄨㄛˊ
燥皮,1,ㄗㄠˋ ㄆㄧˊ
燥脾,1,ㄗㄠˋ ㄆㄧˊ
燦燦,1,ㄘㄢˋ ㄘㄢˋ
燧木,1,ㄙㄨㄟˋ ㄇㄨˋ
燧象,1,ㄙㄨㄟˋ ㄒㄧㄤˋ
燬犀,1,ㄏㄨㄟˇ ㄒㄧ
燭信,1,ㄓㄨˊ ㄒㄧㄣˋ
燭奴,1,ㄓㄨˊ ㄋㄨˊ
燭煤,1,ㄓㄨˊ ㄇㄟˊ
燭燭,1,ㄓㄨˊ ㄓㄨˊ
燭穗,1,ㄓㄨˊ ㄙㄨㄟˋ
燭龍,1,ㄓㄨˊ ㄌㄨㄥˊ
燮友,1,ㄒㄧㄝˋ ㄧㄡˇ
燮和,1,ㄒㄧㄝˋ ㄏㄜˊ
燻草,1,ㄒㄩㄣ ㄘㄠˇ
燻赫,1,ㄒㄩㄣ ㄏㄜˋ
燼餘,1,ㄐㄧㄣˋ ㄩˊ
燾育,1,ㄊㄠˊ ㄩˋ
爆仗,1,ㄅㄠˋ ㄓㄤˋ
爆冷,1,ㄅㄠˋ ㄌㄥˇ
爆棚,1,ㄅㄠˋ ㄆㄥˊ
爆燥,1,ㄅㄠˋ ㄗㄠˋ
爆竿,1,ㄅㄠˋ ㄍㄢ
爆震,1,ㄅㄠˋ ㄓㄣˋ
爇櫬,1,ㄖㄨㄛˋ ㄔㄣˋ
爍亮,1,ㄕㄨㄛˋ ㄌㄧㄤˋ
爍爍,1,ㄕㄨㄛˋ ㄕㄨㄛˋ
爐公,1,ㄌㄨˊ ㄍㄨㄥ
爐坑,1,ㄌㄨˊ ㄎㄥ
爐心,1,ㄌㄨˊ ㄒㄧㄣ
爐房,1,ㄌㄨˊ ㄈㄤ˙
爐條,1,ㄌㄨˊ ㄊㄧㄠˊ
爐橋,1,ㄌㄨˊ ㄑㄧㄠˊ
爐餅,1,ㄌㄨˊ ㄅㄧㄥˇ
爚爚,1,ㄩㄝˋ ㄩㄝˋ
爛化,1,ㄌㄢˋ ㄏㄨㄚˋ
爛帳,1,ㄌㄢˋ ㄓㄤˋ
爛柯,1,ㄌㄢˋ ㄎㄜ
爛殺,1,ㄌㄢˋ ㄕㄚ
爛然,1,ㄌㄢˋ ㄖㄢˊ
爛熟,1,ㄌㄢˋ ㄕㄨˊ
爛熳,1,ㄌㄢˋ ㄇㄢˋ
爛片,1,ㄌㄢˋ ㄆㄧㄢˋ
爛糊,1,ㄌㄢˋ ㄏㄨ˙
爛縵,1,ㄌㄢˋ ㄇㄢˋ
爛遊,1,ㄌㄢˋ ㄧㄡˊ
爛醬,1,ㄌㄢˋ ㄐㄧㄤˋ
爛飯,1,ㄌㄢˋ ㄈㄢˋ
爝火,1,ㄐㄩㄝˊ ㄏㄨㄛˇ
爟火,1,ㄍㄨㄢˋ ㄏㄨㄛˇ
爣烺,1,ㄊㄤˇ ㄌㄤˇ
爣閬,1,ㄊㄤˇ ㄌㄤˇ
爨下,1,ㄘㄨㄢˋ ㄒㄧㄚˋ
爨婢,1,ㄘㄨㄢˋ ㄅㄧˋ
爪士,1,ㄓㄠˇ ㄕˋ
爪尋,1,ㄓㄠˇ ㄒㄩㄣˊ
爪甲,1,ㄓㄠˇ ㄐㄧㄚˇ
爪老,1,ㄓㄠˇ ㄌㄠˇ
爪袖,1,ㄓㄠˇ ㄒㄧㄡˋ
爪角,1,ㄓㄠˇ ㄐㄧㄠˇ
爬下,1,ㄆㄚˊ ㄒㄧㄚ˙
爬坡,1,ㄆㄚˊ ㄆㄛ
爬拉,1,ㄆㄚˊ ㄌㄚ˙
爬推,1,ㄆㄚˊ ㄊㄨㄟ
爬梳,1,ㄆㄚˊ ㄕㄨ
爬櫛,1,ㄆㄚˊ ㄐㄧㄝˊ
爬沙,1,ㄆㄚˊ ㄕㄚ
爬泳,1,ㄆㄚˊ ㄩㄥˇ
爬灰,1,ㄆㄚˊ ㄏㄨㄟ
爬犁,1,ㄆㄚˊ ㄌㄧ˙
爬癢,1,ㄆㄚˊ ㄧㄤˇ
爬竿,1,ㄆㄚˊ ㄍㄢ
爬羅,1,ㄆㄚˊ ㄌㄨㄛˊ
爬船,1,ㄆㄚˊ ㄔㄨㄢˊ
爬蹉,1,ㄆㄚˊ ㄘㄨㄛ
爭些,1,ㄓㄥ ㄒㄧㄝ
爭交,1,ㄓㄥ ㄐㄧㄠ
爭似,1,ㄓㄥ ㄙˋ
爭友,1,ㄓㄥ ㄧㄡˇ
爭口,1,ㄓㄥ ㄎㄡˇ
爭奈,1,ㄓㄥ ㄋㄞˋ
爭妍,1,ㄓㄥ ㄧㄢˊ
爭差,1,ㄓㄥ ㄔㄚ
爭席,1,ㄓㄥ ㄒㄧˊ
爭戰,1,ㄓㄥ ㄓㄢˋ
爭涉,1,ㄓㄥ ㄕㄜˋ
爭球,1,ㄓㄥ ㄑㄧㄡˊ
爭競,1,ㄓㄥ ㄐㄧㄥˋ
爭臉,1,ㄓㄥ ㄌㄧㄢˇ
爭臣,1,ㄓㄥ ㄔㄣˊ
爭衡,1,ㄓㄥ ㄏㄥˊ
爭豔,1,ㄓㄥ ㄧㄢˋ
爭輝,1,ㄓㄥ ㄏㄨㄟ
爭道,1,ㄓㄥ ㄉㄠˋ
爭風,1,ㄓㄥ ㄈㄥ
爭鬧,1,ㄓㄥ ㄋㄠˋ
爭鹿,1,ㄓㄥ ㄌㄨˋ
爰居,1,ㄩㄢˊ ㄐㄩ
爰書,1,ㄩㄢˊ ㄕㄨ
爰爰,1,ㄩㄢˊ ㄩㄢˊ
爰田,1,ㄩㄢˊ ㄊㄧㄢˊ
爵主,1,ㄐㄩㄝˊ ㄓㄨˇ
爵仇,1,ㄐㄩㄝˊ ㄔㄡˊ
爵弁,1,ㄐㄩㄝˊ ㄅㄧㄢˋ
爵服,1,ㄐㄩㄝˊ ㄈㄨˊ
爵賞,1,ㄐㄩㄝˊ ㄕㄤˇ
父喪,1,ㄈㄨˋ ㄙㄤ
父業,1,ㄈㄨˋ ㄧㄝˋ
父臺,1,ㄈㄨˋ ㄊㄞˊ
父黨,1,ㄈㄨˋ ㄉㄤˇ
爹媽,1,ㄉㄧㄝ ㄇㄚ
爺孃,1,ㄧㄝˊ ㄋㄧㄤˊ
爺爺,1,ㄧㄝˊ ㄧㄝ˙
爻槌,1,ㄧㄠˊ ㄔㄨㄟˊ
爻閭,1,ㄧㄠˊ ㄌㄩˊ
爽俊,1,ㄕㄨㄤˇ ㄐㄩㄣˋ
爽俐,1,ㄕㄨㄤˇ ㄌㄧˋ
爽健,1,ㄕㄨㄤˇ ㄐㄧㄢˋ
爽塏,1,ㄕㄨㄤˇ ㄎㄞˇ
爽心,1,ㄕㄨㄤˇ ㄒㄧㄣ
爽愷,1,ㄕㄨㄤˇ ㄎㄞˇ
爽氣,1,ㄕㄨㄤˇ ㄑㄧˋ
爽然,1,ㄕㄨㄤˇ ㄖㄢˊ
爽爽,1,ㄕㄨㄤˇ ㄕㄨㄤˇ
爾日,1,ㄦˇ ㄖˋ
爾曹,1,ㄦˇ ㄘㄠˊ
爾汝,1,ㄦˇ ㄖㄨˇ
爾當,1,ㄦˇ ㄉㄤ
牂柯,1,ㄗㄤ ㄎㄜ
牂牁,1,ㄗㄤ ㄍㄜ
牂牂,1,ㄗㄤ ㄗㄤ
牆衣,1,ㄑㄧㄤˊ ㄧ
牆裙,1,ㄑㄧㄤˊ ㄑㄩㄣˊ
牆鈴,1,ㄑㄧㄤˊ ㄌㄧㄥˊ
片善,1,ㄆㄧㄢˋ ㄕㄢˋ
片子,1,ㄆㄧㄢ ㄗ˙
片岩,1,ㄆㄧㄢˋ ㄧㄢˊ
片心,1,ㄆㄧㄢˋ ㄒㄧㄣ
片晌,1,ㄆㄧㄢˋ ㄕㄤˇ
片楮,1,ㄆㄧㄢˋ ㄔㄨˇ
片許,1,ㄆㄧㄢˋ ㄒㄩˇ
片霎,1,ㄆㄧㄢˋ ㄕㄚˋ
版口,1,ㄅㄢˇ ㄎㄡˇ
版尹,1,ㄅㄢˇ ㄧㄣˇ
版屋,1,ㄅㄢˇ ㄨ
版式,1,ㄅㄢˇ ㄕˋ
版樁,1,ㄅㄢˇ ㄓㄨㄤ
版樣,1,ㄅㄢˇ ㄧㄤˋ
版牙,1,ㄅㄢˇ ㄧㄚˊ
版籍,1,ㄅㄢˇ ㄐㄧˊ
版蕩,1,ㄅㄢˇ ㄉㄤˋ
版輿,1,ㄅㄢˇ ㄩˊ
牉合,1,ㄆㄢˋ ㄏㄜˊ
牋奏,1,ㄐㄧㄢ ㄗㄡˋ
牋紙,1,ㄐㄧㄢ ㄓˇ
牌印,1,ㄆㄞˊ ㄧㄣˋ
牌坊,1,ㄆㄞˊ ㄈㄤ˙
牌提,1,ㄆㄞˊ ㄊㄧˊ
牌榜,1,ㄆㄞˊ ㄅㄤˇ
牌示,1,ㄆㄞˊ ㄕˋ
牌票,1,ㄆㄞˊ ㄆㄧㄠˋ
牌賭,1,ㄆㄞˊ ㄉㄨˇ
牌軍,1,ㄆㄞˊ ㄐㄩㄣ
牌面,1,ㄆㄞˊ ㄇㄧㄢˋ
牌頭,1,ㄆㄞˊ ㄊㄡˊ
牌風,1,ㄆㄞˊ ㄈㄥ
牒狀,1,ㄉㄧㄝˊ ㄓㄨㄤˋ
牒發,1,ㄉㄧㄝˊ ㄈㄚ
牒籍,1,ㄉㄧㄝˊ ㄐㄧˊ
牒記,1,ㄉㄧㄝˊ ㄐㄧˋ
牒訴,1,ㄉㄧㄝˊ ㄙㄨˋ
牓子,1,ㄅㄤˇ ㄗ˙
牓帖,1,ㄅㄤˇ ㄊㄧㄝˇ
牓書,1,ㄅㄤˇ ㄕㄨ
牓示,1,ㄅㄤˇ ㄕˋ
牖民,1,ㄧㄡˇ ㄇㄧㄣˊ
牖里,1,ㄧㄡˇ ㄌㄧˇ
牘尾,1,ㄉㄨˊ ㄨㄟˇ
牙人,1,ㄧㄚˊ ㄖㄣˊ
牙儈,1,ㄧㄚˊ ㄎㄨㄞˋ
牙兒,1,ㄧㄚˊ ㄦˊ
牙口,1,ㄧㄚˊ ㄎㄡˇ
牙城,1,ㄧㄚˊ ㄔㄥˊ
牙婆,1,ㄧㄚˊ ㄆㄛˊ
牙子,1,ㄧㄚˊ ㄗ˙
牙官,1,ㄧㄚˊ ㄍㄨㄢ
牙家,1,ㄧㄚˊ ㄐㄧㄚ
牙將,1,ㄧㄚˊ ㄐㄧㄤˋ
牙推,1,ㄧㄚˊ ㄊㄨㄟ
牙旗,1,ㄧㄚˊ ㄑㄧˊ
牙板,1,ㄧㄚˊ ㄅㄢˇ
牙槌,1,ㄧㄚˊ ㄔㄨㄟˊ
牙橋,1,ㄧㄚˊ ㄑㄧㄠˊ
牙機,1,ㄧㄚˊ ㄐㄧ
牙櫱,1,ㄧㄚˊ ㄋㄧㄝˋ
牙爪,1,ㄧㄚˊ ㄓㄨㄚˇ
牙磁,1,ㄧㄚˊ ㄘˊ
牙磣,1,ㄧㄚˊ ㄔㄣ˙
牙稅,1,ㄧㄚˊ ㄕㄨㄟˋ
牙章,1,ㄧㄚˊ ㄓㄤ
牙笏,1,ㄧㄚˊ ㄏㄨˋ
牙箸,1,ㄧㄚˊ ㄓㄨˋ
牙籌,1,ㄧㄚˊ ㄔㄡˊ
牙色,1,ㄧㄚˊ ㄙㄜˋ
牙花,1,ㄧㄚˊ ㄏㄨㄚ
牙行,1,ㄧㄚˊ ㄏㄤˊ
牙道,1,ㄧㄚˊ ㄉㄠˋ
牙郎,1,ㄧㄚˊ ㄌㄤˊ
牙鑽,1,ㄧㄚˊ ㄗㄨㄢˋ
牙門,1,ㄧㄚˊ ㄇㄣˊ
牙雕,1,ㄧㄚˊ ㄉㄧㄠ
牙風,1,ㄧㄚˊ ㄈㄥ
牛人,1,ㄋㄧㄡˊ ㄖㄣˊ
牛倌,1,ㄋㄧㄡˊ ㄍㄨㄢ
牛女,1,ㄋㄧㄡˊ ㄋㄩˇ
牛子,1,ㄋㄧㄡˊ ㄗˇ
牛後,1,ㄋㄧㄡˊ ㄏㄡˋ
牛心,1,ㄋㄧㄡˊ ㄒㄧㄣ
牛性,1,ㄋㄧㄡˊ ㄒㄧㄥˋ
牛氣,1,ㄋㄧㄡˊ ㄑㄧ˙
牛犁,1,ㄋㄧㄡˊ ㄌㄧˊ
牛眼,1,ㄋㄧㄡˊ ㄧㄢˇ
牛蠅,1,ㄋㄧㄡˊ ㄧㄥˊ
牛衣,1,ㄋㄧㄡˊ ㄧ
牛鐲,1,ㄋㄧㄡˊ ㄓㄨㄛˊ
牛雜,1,ㄋㄧㄡˊ ㄗㄚˊ
牛鞅,1,ㄋㄧㄡˊ ㄧㄤ
牛黃,1,ㄋㄧㄡˊ ㄏㄨㄤˊ
牝戶,1,ㄆㄧㄣˋ ㄏㄨˋ
牝朝,1,ㄆㄧㄣˋ ㄔㄠˊ
牝牡,1,ㄆㄧㄣˋ ㄇㄨˇ
牝瘧,1,ㄆㄧㄣˋ ㄋㄩㄝˋ
牟尼,1,ㄇㄡˊ ㄋㄧˊ
牠們,1,ㄊㄚ ㄇㄣ˙
牢九,1,ㄌㄠˊ ㄐㄧㄡˇ
牢城,1,ㄌㄠˊ ㄔㄥˊ
牢子,1,ㄌㄠˊ ㄗˇ
牢定,1,ㄌㄠˊ ㄉㄧㄥˋ
牢愁,1,ㄌㄠˊ ㄔㄡˊ
牢成,1,ㄌㄠˊ ㄔㄥˊ
牢拴,1,ㄌㄠˊ ㄕㄨㄢ
牢盆,1,ㄌㄠˊ ㄆㄣˊ
牢眼,1,ㄌㄠˊ ㄧㄢˇ
牢穩,1,ㄌㄠˊ ㄨㄣ˙
牢落,1,ㄌㄠˊ ㄌㄨㄛˋ
牢醴,1,ㄌㄠˊ ㄌㄧˇ
牢靠,1,ㄌㄠˊ ㄎㄠ˙
牢飯,1,ㄌㄠˊ ㄈㄢˋ
牧主,1,ㄇㄨˋ ㄓㄨˇ
牧伯,1,ㄇㄨˋ ㄅㄛˊ
牧司,1,ㄇㄨˋ ㄙ
牧圉,1,ㄇㄨˋ ㄩˇ
牧子,1,ㄇㄨˋ ㄗˇ
牧放,1,ㄇㄨˋ ㄈㄤˋ
牧瀆,1,ㄇㄨˋ ㄉㄨˊ
牧田,1,ㄇㄨˋ ㄊㄧㄢˊ
牧豎,1,ㄇㄨˋ ㄕㄨˋ
牧野,1,ㄇㄨˋ ㄧㄝˇ
物像,1,ㄨˋ ㄒㄧㄤˋ
物外,1,ㄨˋ ㄨㄞˋ
物役,1,ㄨˋ ㄧˋ
物性,1,ㄨˋ ㄒㄧㄥˋ
物情,1,ㄨˋ ㄑㄧㄥˊ
物故,1,ㄨˋ ㄍㄨˋ
物業,1,ㄨˋ ㄧㄝˋ
物權,1,ㄨˋ ㄑㄩㄢˊ
物欲,1,ㄨˋ ㄩˋ
物物,1,ㄨˋ ㄨˋ
物競,1,ㄨˋ ㄐㄧㄥˋ
物累,1,ㄨˋ ㄌㄟˇ
物華,1,ㄨˋ ㄏㄨㄚˊ
牯牛,1,ㄍㄨˇ ㄋㄧㄡˊ
牲殺,1,ㄕㄥ ㄕㄚ
牲粉,1,ㄕㄥ ㄈㄣˇ
牲醴,1,ㄕㄥ ㄌㄧˇ
特勤,1,ㄊㄜˋ ㄑㄧㄣˊ
特古,1,ㄊㄜˋ ㄍㄨˇ
特宥,1,ㄊㄜˋ ㄧㄡˋ
特展,1,ㄊㄜˋ ㄓㄢˇ
特恩,1,ㄊㄜˋ ㄣ
特惠,1,ㄊㄜˋ ㄏㄨㄟˋ
特故,1,ㄊㄜˋ ㄍㄨˋ
特煞,1,ㄊㄜˋ ㄕㄚˋ
特特,1,ㄊㄜˋ ㄊㄜˋ
特藏,1,ㄊㄜˋ ㄘㄤˊ
特警,1,ㄊㄜˋ ㄐㄧㄥˇ
特貸,1,ㄊㄜˋ ㄉㄞˋ
特起,1,ㄊㄜˋ ㄑㄧˇ
特達,1,ㄊㄜˋ ㄉㄚˊ
特骨,1,ㄊㄜˋ ㄍㄨˇ
特體,1,ㄊㄜˋ ㄊㄧˇ
牽亡,1,ㄑㄧㄢ ㄨㄤˊ
牽就,1,ㄑㄧㄢ ㄐㄧㄡˋ
牽強,1,ㄑㄧㄢ ㄑㄧㄤˇ
牽彩,1,ㄑㄧㄢ ㄘㄞˇ
牽挺,1,ㄑㄧㄢ ㄊㄧㄥˇ
牽絲,1,ㄑㄧㄢ ㄙ
牽縈,1,ㄑㄧㄢ ㄧㄥˊ
牽罟,1,ㄑㄧㄢ ㄍㄨˇ
牽裳,1,ㄑㄧㄢ ㄔㄤˊ
牽記,1,ㄑㄧㄢ ㄐㄧˋ
牽頭,1,ㄑㄧㄢ ㄊㄡ˙
牽馬,1,ㄑㄧㄢ ㄇㄚˇ
犀兵,1,ㄒㄧ ㄅㄧㄥ
犀帶,1,ㄒㄧ ㄉㄞˋ
犀渠,1,ㄒㄧ ㄑㄩˊ
犀照,1,ㄒㄧ ㄓㄠˋ
犀皮,1,ㄒㄧ ㄆㄧˊ
犀箸,1,ㄒㄧ ㄓㄨˋ
犀銳,1,ㄒㄧ ㄖㄨㄟˋ
犀錢,1,ㄒㄧ ㄑㄧㄢˊ
犀革,1,ㄒㄧ ㄍㄜˊ
犀頭,1,ㄒㄧ ㄊㄡˊ
犀首,1,ㄒㄧ ㄕㄡˇ
犁庭,1,ㄌㄧˊ ㄊㄧㄥˊ
犁然,1,ㄌㄧˊ ㄖㄢˊ
犁轎,1,ㄌㄧˊ ㄐㄧㄠˋ
犄角,1,ㄐㄧ ㄐㄧㄠ˙
犍牛,1,ㄐㄧㄢ ㄋㄧㄡˊ
犒師,1,ㄎㄠˋ ㄕ
犒設,1,ㄎㄠˋ ㄕㄜˋ
犖确,1,ㄌㄨㄛˋ ㄑㄩㄝˋ
犧尊,1,ㄒㄧ ㄗㄨㄣ
犬彘,1,ㄑㄩㄢˇ ㄓˋ
犯夜,1,ㄈㄢˋ ㄧㄝˋ
犯奸,1,ㄈㄢˋ ㄐㄧㄢ
犯對,1,ㄈㄢˋ ㄉㄨㄟˋ
犯惡,1,ㄈㄢˋ ㄜˋ
犯拙,1,ㄈㄢˋ ㄓㄨㄛˊ
犯款,1,ㄈㄢˋ ㄎㄨㄢˇ
犯歲,1,ㄈㄢˋ ㄙㄨㄟˋ
犯由,1,ㄈㄢˋ ㄧㄡˊ
犯相,1,ㄈㄢˋ ㄒㄧㄤˋ
犯科,1,ㄈㄢˋ ㄎㄜ
犯舌,1,ㄈㄢˋ ㄕㄜˊ
犯言,1,ㄈㄢˋ ㄧㄢˊ
犯調,1,ㄈㄢˋ ㄉㄧㄠˋ
犯蹕,1,ㄈㄢˋ ㄅㄧˋ
犯過,1,ㄈㄢˋ ㄍㄨㄛˋ
犯闕,1,ㄈㄢˋ ㄑㄩㄝˋ
犯難,1,ㄈㄢˋ ㄋㄢˋ
犯順,1,ㄈㄢˋ ㄕㄨㄣˋ
犯顏,1,ㄈㄢˋ ㄧㄢˊ
犯鱗,1,ㄈㄢˋ ㄌㄧㄣˊ
犰狳,1,ㄑㄧㄡˊ ㄩˊ
犴圄,1,ㄏㄢˋ ㄩˇ
犵黨,1,ㄑㄧˋ ㄉㄤˇ
狀師,1,ㄓㄨㄤˋ ㄕ
狀語,1,ㄓㄨㄤˋ ㄩˇ
狀頭,1,ㄓㄨㄤˋ ㄊㄡˊ
狂且,1,ㄎㄨㄤˊ ㄐㄩ
狂乖,1,ㄎㄨㄤˊ ㄍㄨㄞ
狂哮,1,ㄎㄨㄤˊ ㄒㄧㄠˋ
狂嗥,1,ㄎㄨㄤˊ ㄏㄠˊ
狂夫,1,ㄎㄨㄤˊ ㄈㄨ
狂歌,1,ㄎㄨㄤˊ ㄍㄜ
狂氣,1,ㄎㄨㄤˊ ㄑㄧˋ
狂瀉,1,ㄎㄨㄤˊ ㄒㄧㄝˋ
狂生,1,ㄎㄨㄤˊ ㄕㄥ
狂疾,1,ㄎㄨㄤˊ ㄐㄧˊ
狂相,1,ㄎㄨㄤˊ ㄒㄧㄤˋ
狂瞽,1,ㄎㄨㄤˊ ㄍㄨˇ
狂童,1,ㄎㄨㄤˊ ㄊㄨㄥˊ
狂簡,1,ㄎㄨㄤˊ ㄐㄧㄢˇ
狂草,1,ㄎㄨㄤˊ ㄘㄠˇ
狂華,1,ㄎㄨㄤˊ ㄏㄨㄚ
狂蕩,1,ㄎㄨㄤˊ ㄉㄤˋ
狂藥,1,ㄎㄨㄤˊ ㄧㄠˋ
狂誕,1,ㄎㄨㄤˊ ㄉㄢˋ
狂賊,1,ㄎㄨㄤˊ ㄗㄟˊ
狂迷,1,ㄎㄨㄤˊ ㄇㄧˊ
狃習,1,ㄋㄧㄡˇ ㄒㄧˊ
狄宮,1,ㄉㄧˊ ㄍㄨㄥ
狄牙,1,ㄉㄧˊ ㄧㄚˊ
狌狌,1,ㄒㄧㄥ ㄒㄧㄥ
狎信,1,ㄒㄧㄚˊ ㄒㄧㄣˋ
狎褻,1,ㄒㄧㄚˊ ㄒㄧㄝˋ
狎語,1,ㄒㄧㄚˊ ㄩˇ
狎遊,1,ㄒㄧㄚˊ ㄧㄡˊ
狐偃,1,ㄏㄨˊ ㄧㄢˇ
狐惑,1,ㄏㄨˊ ㄏㄨㄛˋ
狐狸,1,ㄏㄨˊ ㄌㄧ˙
狐白,1,ㄏㄨˊ ㄅㄞˊ
狐臊,1,ㄏㄨˊ ㄙㄠ
狐迷,1,ㄏㄨˊ ㄇㄧˊ
狐魅,1,ㄏㄨˊ ㄇㄟˋ
狗官,1,ㄍㄡˇ ㄍㄨㄢ
狗寶,1,ㄍㄡˇ ㄅㄠˇ
狗屋,1,ㄍㄡˇ ㄨ
狗屠,1,ㄍㄡˇ ㄊㄨˊ
狗材,1,ㄍㄡˇ ㄘㄞˊ
狗毛,1,ㄍㄡˇ ㄇㄠˊ
狗氣,1,ㄍㄡˇ ㄑㄧ˙
狗洞,1,ㄍㄡˇ ㄉㄨㄥˋ
狗盜,1,ㄍㄡˇ ㄉㄠˋ
狗監,1,ㄍㄡˇ ㄐㄧㄢˋ
狗矢,1,ㄍㄡˇ ㄕˇ
狗站,1,ㄍㄡˇ ㄓㄢˋ
狗苟,1,ㄍㄡˇ ㄍㄡˇ
狗蚤,1,ㄍㄡˇ ㄗㄠˇ
狗賊,1,ㄍㄡˇ ㄗㄟˊ
狗馬,1,ㄍㄡˇ ㄇㄚˇ
狙伺,1,ㄐㄩ ㄙˋ
狙殺,1,ㄐㄩ ㄕㄚ
狙獪,1,ㄐㄩ ㄎㄨㄞˋ
狠劣,1,ㄏㄣˇ ㄌㄧㄝˋ
狠惡,1,ㄏㄣˇ ㄜˋ
狠手,1,ㄏㄣˇ ㄕㄡˇ
狠招,1,ㄏㄣˇ ㄓㄠ
狡憤,1,ㄐㄧㄠˇ ㄈㄣˋ
狡蠹,1,ㄐㄧㄠˇ ㄉㄨˋ
狴犴,1,ㄅㄧˋ ㄢˋ
狷傲,1,ㄐㄩㄢˋ ㄠˋ
狷狹,1,ㄐㄩㄢˋ ㄒㄧㄚˊ
狸子,1,ㄌㄧˊ ㄗ˙
狸狌,1,ㄌㄧˊ ㄕㄥ
狸藻,1,ㄌㄧˊ ㄗㄠˇ
狹斜,1,ㄒㄧㄚˊ ㄒㄧㄝˊ
狹韻,1,ㄒㄧㄚˊ ㄩㄣˋ
狺狺,1,ㄧㄣˊ ㄧㄣˊ
狼伉,1,ㄌㄤˊ ㄎㄤˋ
狼僕,1,ㄌㄤˊ ㄆㄨˊ
狼分,1,ㄌㄤˊ ㄈㄣ
狼子,1,ㄌㄤˊ ㄗˇ
狼山,1,ㄌㄤˊ ㄕㄢ
狼戾,1,ㄌㄤˊ ㄌㄧˋ
狼抗,1,ㄌㄤˊ ㄎㄤˋ
狼毒,1,ㄌㄤˊ ㄉㄨˊ
狼烽,1,ㄌㄤˊ ㄈㄥ
狼牙,1,ㄌㄤˊ ㄧㄚˊ
狼獾,1,ㄌㄤˊ ㄏㄨㄢ
狼窩,1,ㄌㄤˊ ㄨㄛ
狼胥,1,ㄌㄤˊ ㄒㄩ
狼跋,1,ㄌㄤˊ ㄅㄚˊ
狼顧,1,ㄌㄤˊ ㄍㄨˋ
狼餐,1,ㄌㄤˊ ㄘㄢ
狼魚,1,ㄌㄤˊ ㄩˊ
猇亭,1,ㄒㄧㄠ ㄊㄧㄥˊ
猊座,1,ㄋㄧˊ ㄗㄨㄛˋ
猋輪,1,ㄅㄧㄠ ㄌㄨㄣˊ
猋逝,1,ㄅㄧㄠ ㄕˋ
猒倦,1,ㄧㄢˋ ㄐㄩㄢˋ
猒猒,1,ㄧㄢˋ ㄧㄢˋ
猓猓,1,ㄍㄨㄛˇ ㄍㄨㄛˇ
猓玀,1,ㄍㄨㄛˇ ㄌㄨㄛˊ
猖亂,1,ㄔㄤ ㄌㄨㄢˋ
猖披,1,ㄔㄤ ㄆㄧ
猗儺,1,ㄜˇ ㄋㄨㄛˊ
猗嗟,1,ㄧ ㄐㄧㄝ
猗猗,1,ㄧ ㄧ
猗萎,1,ㄧ ㄨㄟ
猗靡,1,ㄧ ㄇㄧˇ
猘兒,1,ㄓˋ ㄦˊ
猛可,1,ㄇㄥˇ ㄎㄜˇ
猛奮,1,ㄇㄥˇ ㄈㄣˋ
猛子,1,ㄇㄥˇ ㄗ˙
猛戾,1,ㄇㄥˇ ㄌㄧˋ
猛樹,1,ㄇㄥˇ ㄕㄨˋ
猛殺,1,ㄇㄥˇ ㄕㄚˋ
猛的,1,ㄇㄥˇ ㄉㄜ˙
猛省,1,ㄇㄥˇ ㄒㄧㄥˇ
猛糾,1,ㄇㄥˇ ㄐㄧㄡ
猛藥,1,ㄇㄥˇ ㄧㄠˋ
猛跌,1,ㄇㄥˇ ㄉㄧㄝˊ
猛飲,1,ㄇㄥˇ ㄧㄣˇ
猜忍,1,ㄘㄞ ㄖㄣˇ
猜燈,1,ㄘㄞ ㄉㄥ
猜調,1,ㄘㄞ ㄉㄧㄠˋ
猜貳,1,ㄘㄞ ㄦˋ
猜透,1,ㄘㄞ ㄊㄡˋ
猝嗟,1,ㄘㄨˋ ㄐㄧㄝ
猝地,1,ㄘㄨˋ ㄉㄧˋ
猝發,1,ㄘㄨˋ ㄈㄚ
猥獕,1,ㄨㄟˇ ㄘㄨㄟ
猧兒,1,ㄨㄛ ㄦˊ
猩猩,1,ㄒㄧㄥ ㄒㄧㄥ˙
猩脣,1,ㄒㄧㄥ ㄔㄨㄣˊ
猰貐,1,ㄧㄚˋ ㄩˇ
猱兒,1,ㄋㄠˊ ㄦˊ
猱雜,1,ㄋㄠˊ ㄗㄚˊ
猵狙,1,ㄆㄧㄢˋ ㄐㄩ
猵獺,1,ㄅㄧㄢ ㄊㄚˋ
猶在,1,ㄧㄡˊ ㄗㄞˋ
猶夷,1,ㄧㄡˊ ㄧˊ
猶子,1,ㄧㄡˊ ㄗˇ
猶存,1,ㄧㄡˊ ㄘㄨㄣˊ
猶恐,1,ㄧㄡˊ ㄎㄨㄥˇ
猶是,1,ㄧㄡˊ ㄕˋ
猶父,1,ㄧㄡˊ ㄈㄨˋ
猶猶,1,ㄧㄡˊ ㄧㄡˊ
猶閒,1,ㄧㄡˊ ㄒㄧㄢˊ
猶龍,1,ㄧㄡˊ ㄌㄨㄥˊ
猼且,1,ㄆㄠˊ ㄐㄩ
猼訑,1,ㄅㄛˊ ㄧˊ
猾伯,1,ㄏㄨㄚˊ ㄅㄛˊ
猾吏,1,ㄏㄨㄚˊ ㄌㄧˋ
猾夏,1,ㄏㄨㄚˊ ㄒㄧㄚˋ
猿科,1,ㄩㄢˊ ㄎㄜ
獃事,1,ㄉㄞ ㄕˋ
獃人,1,ㄉㄞ ㄖㄣˊ
獃性,1,ㄉㄞ ㄒㄧㄥˋ
獃想,1,ㄉㄞ ㄒㄧㄤˇ
獃根,1,ㄉㄞ ㄍㄣ
獃滯,1,ㄉㄞ ㄓˋ
獃痴,1,ㄉㄞ ㄔ
獃等,1,ㄉㄞ ㄉㄥˇ
獃話,1,ㄉㄞ ㄏㄨㄚˋ
獄人,1,ㄩˋ ㄖㄣˊ
獄子,1,ㄩˋ ㄗˇ
獄掾,1,ㄩˋ ㄩㄢˋ
獄案,1,ㄩˋ ㄢˋ
獄氣,1,ㄩˋ ㄑㄧˋ
獄犴,1,ㄩˋ ㄢˋ
獄警,1,ㄩˋ ㄐㄧㄥˇ
獄豻,1,ㄩˋ ㄢˋ
獅城,1,ㄕ ㄔㄥˊ
獅舞,1,ㄕ ㄨˇ
獅蠻,1,ㄕ ㄇㄢˊ
獎借,1,ㄐㄧㄤˇ ㄐㄧㄝˋ
獎掖,1,ㄐㄧㄤˇ ㄧㄝˋ
獎贊,1,ㄐㄧㄤˇ ㄗㄢˋ
獎進,1,ㄐㄧㄤˇ ㄐㄧㄣˋ
獎題,1,ㄐㄧㄤˇ ㄊㄧˊ
獎額,1,ㄐㄧㄤˇ ㄜˊ
獏㺔,1,ㄇㄨˊ ㄏㄨㄟ
獏猺,1,ㄇㄨˊ ㄧㄠˊ
獐子,1,ㄓㄤ ㄗ˙
獐智,1,ㄓㄤ ㄓˋ
獑胡,1,ㄔㄢˊ ㄏㄨˊ
獒犬,1,ㄠˊ ㄑㄩㄢˇ
獝狂,1,ㄒㄩˋ ㄎㄨㄤˊ
獠丁,1,ㄌㄧㄠˊ ㄉㄧㄥ
獠子,1,ㄌㄧㄠˊ ㄗ˙
獨吟,1,ㄉㄨˊ ㄧㄣˊ
獨宿,1,ㄉㄨˊ ㄙㄨˋ
獨峙,1,ㄉㄨˊ ㄓˋ
獨往,1,ㄉㄨˊ ㄨㄤˇ
獨捐,1,ㄉㄨˊ ㄐㄩㄢ
獨曲,1,ㄉㄨˊ ㄑㄩˇ
獨秀,1,ㄉㄨˊ ㄒㄧㄡˋ
獨行,1,ㄉㄨˊ ㄒㄧㄥˋ
獨見,1,ㄉㄨˊ ㄐㄧㄢˋ
獨語,1,ㄉㄨˊ ㄩˇ
獨醒,1,ㄉㄨˊ ㄒㄧㄥˇ
獨鍾,1,ㄉㄨˊ ㄓㄨㄥ
獨院,1,ㄉㄨˊ ㄩㄢˋ
獨體,1,ㄉㄨˊ ㄊㄧˇ
獫狁,1,ㄒㄧㄢˇ ㄩㄣˇ
獬豸,1,ㄒㄧㄝˋ ㄓˋ
獮猴,1,ㄒㄧㄢˇ ㄏㄡˊ
獯戎,1,ㄒㄩㄣ ㄖㄨㄥˊ
獯鬻,1,ㄒㄩㄣ ㄩˋ
獰惡,1,ㄋㄧㄥˊ ㄜˋ
獰視,1,ㄋㄧㄥˊ ㄕˋ
獲咎,1,ㄏㄨㄛˋ ㄐㄧㄡˋ
獲戾,1,ㄏㄨㄛˋ ㄌㄧˋ
獲捷,1,ㄏㄨㄛˋ ㄐㄧㄝˊ
獵具,1,ㄌㄧㄝˋ ㄐㄩˋ
獵刀,1,ㄌㄧㄝˋ ㄉㄠ
獵圍,1,ㄌㄧㄝˋ ㄨㄟˊ
獵師,1,ㄌㄧㄝˋ ㄕ
獵涉,1,ㄌㄧㄝˋ ㄕㄜˋ
獵獵,1,ㄌㄧㄝˋ ㄌㄧㄝˋ
獵較,1,ㄌㄧㄝˋ ㄐㄩㄝˊ
獷俗,1,ㄍㄨㄤˇ ㄙㄨˊ
獷敵,1,ㄍㄨㄤˇ ㄉㄧˊ
獷獷,1,ㄍㄨㄤˇ ㄍㄨㄤˇ
獸伏,1,ㄕㄡˋ ㄈㄨˊ
獸圈,1,ㄕㄡˋ ㄐㄩㄢˋ
獸炭,1,ㄕㄡˋ ㄊㄢˋ
獸睡,1,ㄕㄡˋ ㄕㄨㄟˋ
獺祭,1,ㄊㄚˋ ㄐㄧˋ
獻儀,1,ㄒㄧㄢˋ ㄧˊ
獻功,1,ㄒㄧㄢˋ ㄍㄨㄥ
獻勤,1,ㄒㄧㄢˋ ㄑㄧㄣˊ
獻捷,1,ㄒㄧㄢˋ ㄐㄧㄝˊ
獻新,1,ㄒㄧㄢˋ ㄒㄧㄣ
獻歲,1,ㄒㄧㄢˋ ㄙㄨㄟˋ
獻狀,1,ㄒㄧㄢˋ ㄓㄨㄤˋ
獻疑,1,ㄒㄧㄢˋ ㄧˊ
獻神,1,ㄒㄧㄢˋ ㄕㄣˊ
獻臺,1,ㄒㄧㄢˋ ㄊㄞˊ
獻芹,1,ㄒㄧㄢˋ ㄑㄧㄣˊ
獻茶,1,ㄒㄧㄢˋ ㄔㄚˊ
獻酬,1,ㄒㄧㄢˋ ㄔㄡˊ
獻關,1,ㄒㄧㄢˋ ㄍㄨㄢ
獻首,1,ㄒㄧㄢˋ ㄕㄡˇ
獻馘,1,ㄒㄧㄢˋ ㄍㄨㄛˊ
獾狗,1,ㄏㄨㄢ ㄍㄡˇ
玁狁,1,ㄒㄧㄢˇ ㄩㄣˇ
玄了,1,ㄒㄩㄢˊ ㄌㄧㄠˇ
玄兔,1,ㄒㄩㄢˊ ㄊㄨˋ
玄冥,1,ㄒㄩㄢˊ ㄇㄧㄥˊ
玄冬,1,ㄒㄩㄢˊ ㄉㄨㄥ
玄化,1,ㄒㄩㄢˊ ㄏㄨㄚˋ
玄厲,1,ㄒㄩㄢˊ ㄌㄧˋ
玄參,1,ㄒㄩㄢˊ ㄕㄣ
玄圃,1,ㄒㄩㄢˊ ㄆㄨˇ
玄堂,1,ㄒㄩㄢˊ ㄊㄤˊ
玄塞,1,ㄒㄩㄢˊ ㄙㄞˋ
玄天,1,ㄒㄩㄢˊ ㄊㄧㄢ
玄女,1,ㄒㄩㄢˊ ㄋㄩˇ
玄妻,1,ㄒㄩㄢˊ ㄑㄧ
玄宗,1,ㄒㄩㄢˊ ㄗㄨㄥ
玄室,1,ㄒㄩㄢˊ ㄕˋ
玄宮,1,ㄒㄩㄢˊ ㄍㄨㄥ
玄德,1,ㄒㄩㄢˊ ㄉㄜˊ
玄悟,1,ㄒㄩㄢˊ ㄨˋ
玄想,1,ㄒㄩㄢˊ ㄒㄧㄤˇ
玄旨,1,ㄒㄩㄢˊ ㄓˇ
玄月,1,ㄒㄩㄢˊ ㄩㄝˋ
玄服,1,ㄒㄩㄢˊ ㄈㄨˊ
玄根,1,ㄒㄩㄢˊ ㄍㄣ
玄津,1,ㄒㄩㄢˊ ㄐㄧㄣ
玄流,1,ㄒㄩㄢˊ ㄌㄧㄡˊ
玄海,1,ㄒㄩㄢˊ ㄏㄞˇ
玄混,1,ㄒㄩㄢˊ ㄏㄨㄣˋ
玄熊,1,ㄒㄩㄢˊ ㄒㄩㄥˊ
玄燭,1,ㄒㄩㄢˊ ㄓㄨˊ
玄玄,1,ㄒㄩㄢˊ ㄒㄩㄢˊ
玄玉,1,ㄒㄩㄢˊ ㄩˋ
玄珠,1,ㄒㄩㄢˊ ㄓㄨ
玄真,1,ㄒㄩㄢˊ ㄓㄣ
玄社,1,ㄒㄩㄢˊ ㄕㄜˋ
玄穹,1,ㄒㄩㄢˊ ㄑㄩㄥˊ
玄端,1,ㄒㄩㄢˊ ㄉㄨㄢ
玄策,1,ㄒㄩㄢˊ ㄘㄜˋ
玄纁,1,ㄒㄩㄢˊ ㄒㄩㄣ
玄聖,1,ㄒㄩㄢˊ ㄕㄥˋ
玄英,1,ㄒㄩㄢˊ ㄧㄥ
玄菟,1,ㄒㄩㄢˊ ㄊㄨˋ
玄著,1,ㄒㄩㄢˊ ㄓㄨˋ
玄製,1,ㄒㄩㄢˊ ㄓˋ
玄覽,1,ㄒㄩㄢˊ ㄌㄢˇ
玄謀,1,ㄒㄩㄢˊ ㄇㄡˊ
玄象,1,ㄒㄩㄢˊ ㄒㄧㄤˋ
玄豹,1,ㄒㄩㄢˊ ㄅㄠˋ
玄趾,1,ㄒㄩㄢˊ ㄓˇ
玄遠,1,ㄒㄩㄢˊ ㄩㄢˇ
玄都,1,ㄒㄩㄢˊ ㄉㄨ
玄酒,1,ㄒㄩㄢˊ ㄐㄧㄡˇ
玄鍼,1,ㄒㄩㄢˊ ㄓㄣ
玄闕,1,ㄒㄩㄢˊ ㄑㄩㄝˋ
玄陰,1,ㄒㄩㄢˊ ㄧㄣ
玄雲,1,ㄒㄩㄢˊ ㄩㄣˊ
玄風,1,ㄒㄩㄢˊ ㄈㄥ
玄駒,1,ㄒㄩㄢˊ ㄐㄩ
玄鳳,1,ㄒㄩㄢˊ ㄈㄥˋ
玄鶴,1,ㄒㄩㄢˊ ㄏㄜˋ
率更,1,ㄌㄩˋ ㄍㄥ
率率,1,ㄕㄨㄞˋ ㄕㄨㄞˋ
率皆,1,ㄕㄨㄞˋ ㄐㄧㄝ
玈弓,1,ㄌㄨˊ ㄍㄨㄥ
玉京,1,ㄩˋ ㄐㄧㄥ
玉倒,1,ㄩˋ ㄉㄠˇ
玉儀,1,ㄩˋ ㄧˊ
玉函,1,ㄩˋ ㄏㄢˊ
玉勒,1,ㄩˋ ㄌㄜˋ
玉匣,1,ㄩˋ ㄒㄧㄚˊ
玉卮,1,ㄩˋ ㄓ
玉友,1,ㄩˋ ㄧㄡˇ
玉堂,1,ㄩˋ ㄊㄤˊ
玉塵,1,ㄩˋ ㄔㄣˊ
玉墀,1,ㄩˋ ㄔˊ
玉宇,1,ㄩˋ ㄩˇ
玉屑,1,ㄩˋ ㄒㄧㄝˋ
玉工,1,ㄩˋ ㄍㄨㄥ
玉帳,1,ㄩˋ ㄓㄤˋ
玉帶,1,ㄩˋ ㄉㄞˋ
玉弓,1,ㄩˋ ㄍㄨㄥ
玉心,1,ㄩˋ ㄒㄧㄣ
玉戶,1,ㄩˋ ㄏㄨˋ
玉振,1,ㄩˋ ㄓㄣˋ
玉斗,1,ㄩˋ ㄉㄡˇ
玉曆,1,ㄩˋ ㄌㄧˋ
玉書,1,ㄩˋ ㄕㄨ
玉札,1,ㄩˋ ㄓㄚˊ
玉枕,1,ㄩˋ ㄓㄣˇ
玉枳,1,ㄩˋ ㄓˇ
玉柏,1,ㄩˋ ㄅㄛˊ
玉柔,1,ㄩˋ ㄖㄡˊ
玉柱,1,ㄩˋ ㄓㄨˋ
玉案,1,ㄩˋ ㄢˋ
玉樓,1,ㄩˋ ㄌㄡˊ
玉檢,1,ㄩˋ ㄐㄧㄢˇ
玉步,1,ㄩˋ ㄅㄨˋ
玉泉,1,ㄩˋ ㄑㄩㄢˊ
玉海,1,ㄩˋ ㄏㄞˇ
玉液,1,ㄩˋ ㄧˋ
玉清,1,ㄩˋ ㄑㄧㄥ
玉漏,1,ㄩˋ ㄌㄡˋ
玉瀣,1,ㄩˋ ㄒㄧㄝˋ
玉燭,1,ㄩˋ ㄓㄨˊ
玉版,1,ㄩˋ ㄅㄢˇ
玉玦,1,ㄩˋ ㄐㄩㄝˊ
玉珂,1,ㄩˋ ㄎㄜ
玉琯,1,ㄩˋ ㄍㄨㄢˇ
玉璜,1,ㄩˋ ㄏㄨㄤˊ
玉璫,1,ㄩˋ ㄉㄤ
玉真,1,ㄩˋ ㄓㄣ
玉磬,1,ㄩˋ ㄑㄧㄥˋ
玉立,1,ㄩˋ ㄌㄧˋ
玉童,1,ㄩˋ ㄊㄨㄥˊ
玉笈,1,ㄩˋ ㄐㄧˊ
玉管,1,ㄩˋ ㄍㄨㄢˇ
玉箸,1,ㄩˋ ㄓㄨˋ
玉篇,1,ㄩˋ ㄆㄧㄢ
玉簡,1,ㄩˋ ㄐㄧㄢˇ
玉簾,1,ㄩˋ ㄌㄧㄢˊ
玉米,1,ㄩˋ ㄇㄧ˙
玉粒,1,ㄩˋ ㄌㄧˋ
玉粳,1,ㄩˋ ㄍㄥ
玉精,1,ㄩˋ ㄐㄧㄥ
玉繩,1,ㄩˋ ㄕㄥˊ
玉纖,1,ㄩˋ ㄒㄧㄢ
玉羊,1,ㄩˋ ㄧㄤˊ
玉翦,1,ㄩˋ ㄐㄧㄢˇ
玉臺,1,ㄩˋ ㄊㄞˊ
玉色,1,ㄩˋ ㄕㄞ˙
玉色,1,ㄩˋ ㄙㄜˋ
玉英,1,ㄩˋ ㄧㄥ
玉莖,1,ㄩˋ ㄐㄧㄥ
玉華,1,ㄩˋ ㄏㄨㄚˊ
玉蔥,1,ㄩˋ ㄘㄨㄥ
玉蕊,1,ㄩˋ ㄖㄨㄟˇ
玉藻,1,ㄩˋ ㄗㄠˇ
玉虎,1,ㄩˋ ㄏㄨˇ
玉虛,1,ㄩˋ ㄒㄩ
玉虹,1,ㄩˋ ㄏㄨㄥˊ
玉蛆,1,ㄩˋ ㄑㄩ
玉螺,1,ㄩˋ ㄌㄨㄛˊ
玉蟲,1,ㄩˋ ㄔㄨㄥˊ
玉蟾,1,ㄩˋ ㄔㄢˊ
玉躞,1,ㄩˋ ㄒㄧㄝˋ
玉輅,1,ㄩˋ ㄌㄨˋ
玉輦,1,ㄩˋ ㄋㄧㄢˇ
玉輪,1,ㄩˋ ㄌㄨㄣˊ
玉郎,1,ㄩˋ ㄌㄤˊ
玉酒,1,ㄩˋ ㄐㄧㄡˇ
玉醅,1,ㄩˋ ㄆㄟ
玉醴,1,ㄩˋ ㄌㄧˇ
玉釘,1,ㄩˋ ㄉㄧㄥ
玉鉉,1,ㄩˋ ㄒㄩㄢˋ
玉鉤,1,ㄩˋ ㄍㄡ
玉闕,1,ㄩˋ ㄑㄩㄝˋ
玉關,1,ㄩˋ ㄍㄨㄢ
玉雪,1,ㄩˋ ㄒㄩㄝˇ
玉露,1,ㄩˋ ㄌㄨˋ
玉音,1,ㄩˋ ㄧㄣ
玉餔,1,ㄩˋ ㄅㄨ
玉馬,1,ㄩˋ ㄇㄚˇ
玉驄,1,ㄩˋ ㄘㄨㄥ
玉麈,1,ㄩˋ ㄓㄨˇ
玉麥,1,ㄩˋ ㄇㄞˋ
王八,1,ㄨㄤˊ ㄅㄚ˙
王勃,1,ㄨㄤˊ ㄅㄛˊ
王化,1,ㄨㄤˊ ㄏㄨㄚˋ
王吉,1,ㄨㄤˊ ㄐㄧˊ
王喬,1,ㄨㄤˊ ㄑㄧㄠˊ
王城,1,ㄨㄤˊ ㄔㄥˊ
王女,1,ㄨㄤˊ ㄋㄩˇ
王嬙,1,ㄨㄤˊ ㄑㄧㄤˊ
王季,1,ㄨㄤˊ ㄐㄧˋ
王度,1,ㄨㄤˊ ㄉㄨˋ
王庭,1,ㄨㄤˊ ㄊㄧㄥˊ
王建,1,ㄨㄤˊ ㄐㄧㄢˋ
王戎,1,ㄨㄤˊ ㄖㄨㄥˊ
王條,1,ㄨㄤˊ ㄊㄧㄠˊ
王氣,1,ㄨㄤˊ ㄑㄧˋ
王漿,1,ㄨㄤˊ ㄐㄧㄤ
王爺,1,ㄨㄤˊ ㄧㄝ˙
王珪,1,ㄨㄤˊ ㄍㄨㄟ
王瓜,1,ㄨㄤˊ ㄍㄨㄚ
王田,1,ㄨㄤˊ ㄊㄧㄢˊ
王留,1,ㄨㄤˊ ㄌㄧㄡˊ
王符,1,ㄨㄤˊ ㄈㄨˊ
王粲,1,ㄨㄤˊ ㄘㄢˋ
王綱,1,ㄨㄤˊ ㄍㄤ
王翦,1,ㄨㄤˊ ㄐㄧㄢˇ
王翬,1,ㄨㄤˊ ㄏㄨㄟ
王肅,1,ㄨㄤˊ ㄙㄨˋ
王蓮,1,ㄨㄤˊ ㄌㄧㄢˊ
王虺,1,ㄨㄤˊ ㄏㄨㄟˇ
王融,1,ㄨㄤˊ ㄖㄨㄥˊ
王衍,1,ㄨㄤˊ ㄧㄢˇ
王襃,1,ㄨㄤˊ ㄅㄠ
王謝,1,ㄨㄤˊ ㄒㄧㄝˋ
王賁,1,ㄨㄤˊ ㄅㄣ
王跡,1,ㄨㄤˊ ㄐㄧ
王通,1,ㄨㄤˊ ㄊㄨㄥ
王道,1,ㄨㄤˊ ㄉㄠ˙
王鐸,1,ㄨㄤˊ ㄉㄨㄛˊ
王鑑,1,ㄨㄤˊ ㄐㄧㄢˋ
王長,1,ㄨㄤˋ ㄓㄤˇ
王陵,1,ㄨㄤˊ ㄌㄧㄥˊ
王霸,1,ㄨㄤˊ ㄅㄚˋ
王魁,1,ㄨㄤˊ ㄎㄨㄟˊ
王鮪,1,ㄨㄤˊ ㄨㄟˇ
玍古,1,ㄍㄚˇ ㄍㄨ˙
玓瓅,1,ㄉㄧˋ ㄌㄧˋ
玕琅,1,ㄍㄢ ㄌㄤˊ
玢岩,1,ㄅㄧㄣ ㄧㄢˊ
玢璘,1,ㄅㄧㄣ ㄌㄧㄣˊ
玩好,1,ㄨㄢˋ ㄏㄠˋ
玩帥,1,ㄨㄢˊ ㄕㄨㄞˋ
玩弄,1,ㄨㄢˋ ㄋㄨㄥˋ
玩愒,1,ㄨㄢˋ ㄎㄞˋ
玩法,1,ㄨㄢˋ ㄈㄚˇ
玩物,1,ㄨㄢˋ ㄨˋ
玩習,1,ㄨㄢˋ ㄒㄧˊ
玫瑰,1,ㄇㄟˊ ㄍㄨㄟ˙
玲玲,1,ㄌㄧㄥˊ ㄌㄧㄥˊ
玲琅,1,ㄌㄧㄥˊ ㄌㄤˊ
玳梁,1,ㄉㄞˋ ㄌㄧㄤˊ
玻化,1,ㄅㄛ ㄏㄨㄚˋ
玻璃,1,ㄅㄛ ㄌㄧ˙
玼吝,1,ㄘˇ ㄌㄧㄣˋ
珂里,1,ㄎㄜ ㄌㄧˇ
珂雪,1,ㄎㄜ ㄒㄩㄝˇ
珊珊,1,ㄕㄢ ㄕㄢ
珍怪,1,ㄓㄣ ㄍㄨㄞˋ
珍攝,1,ㄓㄣ ㄕㄜˋ
珍郵,1,ㄓㄣ ㄧㄡˊ
珍錯,1,ㄓㄣ ㄘㄨㄛˋ
珍餚,1,ㄓㄣ ㄧㄠˊ
珍饈,1,ㄓㄣ ㄒㄧㄡ
珓杯,1,ㄐㄧㄠˋ ㄅㄟ
珙桐,1,ㄍㄨㄥˇ ㄊㄨㄥˊ
珞珞,1,ㄌㄨㄛˋ ㄌㄨㄛˋ
珠喉,1,ㄓㄨ ㄏㄡˊ
珠履,1,ㄓㄨ ㄌㄩˇ
珠崖,1,ㄓㄨ ㄧㄞˊ
珠巢,1,ㄓㄨ ㄔㄠˊ
珠庭,1,ㄓㄨ ㄊㄧㄥˊ
珠箔,1,ㄓㄨ ㄅㄛˊ
珠翠,1,ㄓㄨ ㄘㄨㄟˋ
珠胎,1,ㄓㄨ ㄊㄞ
珠花,1,ㄓㄨ ㄏㄨㄚ
珠芽,1,ㄓㄨ ㄧㄚˊ
珠蘭,1,ㄓㄨ ㄌㄢˊ
珠被,1,ㄓㄨ ㄅㄟˋ
珠還,1,ㄓㄨ ㄏㄨㄢˊ
珠雞,1,ㄓㄨ ㄐㄧ
珥璫,1,ㄦˇ ㄉㄤ
珥筆,1,ㄦˇ ㄅㄧˇ
珥貂,1,ㄦˇ ㄉㄧㄠ
珪璋,1,ㄍㄨㄟ ㄓㄤ
班列,1,ㄅㄢ ㄌㄧㄝˋ
班勇,1,ㄅㄢ ㄩㄥˇ
班史,1,ㄅㄢ ㄕˇ
班序,1,ㄅㄢ ㄒㄩˋ
班庭,1,ㄅㄢ ㄊㄧㄥˊ
班房,1,ㄅㄢ ㄈㄤˊ
班揚,1,ㄅㄢ ㄧㄤˊ
班毛,1,ㄅㄢ ㄇㄠˊ
班范,1,ㄅㄢ ㄈㄢˋ
班荊,1,ㄅㄢ ㄐㄧㄥ
班行,1,ㄅㄢ ㄏㄤˊ
班資,1,ㄅㄢ ㄗ
班軍,1,ㄅㄢ ㄐㄩㄣ
班輩,1,ㄅㄢ ㄅㄟˋ
班輪,1,ㄅㄢ ㄌㄨㄣˊ
班部,1,ㄅㄢ ㄅㄨˋ
班際,1,ㄅㄢ ㄐㄧˋ
班頭,1,ㄅㄢ ㄊㄡˊ
班首,1,ㄅㄢ ㄕㄡˇ
班馬,1,ㄅㄢ ㄇㄚˇ
班駁,1,ㄅㄢ ㄅㄛˊ
現下,1,ㄒㄧㄢˋ ㄒㄧㄚˋ
現前,1,ㄒㄧㄢˋ ㄑㄧㄢˊ
現址,1,ㄒㄧㄢˋ ㄓˇ
現弄,1,ㄒㄧㄢˋ ㄋㄨㄥ˙
現期,1,ㄒㄧㄢˋ ㄑㄧˊ
現賣,1,ㄒㄧㄢˋ ㄇㄞˋ
琀玉,1,ㄏㄢˋ ㄩˋ
球房,1,ㄑㄧㄡˊ ㄈㄤˊ
球杆,1,ㄑㄧㄡˊ ㄍㄢ
球瓶,1,ㄑㄧㄡˊ ㄆㄧㄥˊ
球監,1,ㄑㄧㄡˊ ㄐㄧㄢ
球童,1,ㄑㄧㄡˊ ㄊㄨㄥˊ
球膽,1,ㄑㄧㄡˊ ㄉㄢˇ
球花,1,ㄑㄧㄡˊ ㄏㄨㄚ
球藝,1,ㄑㄧㄡˊ ㄧˋ
球證,1,ㄑㄧㄡˊ ㄓㄥˋ
琅函,1,ㄌㄤˊ ㄏㄢˊ
琅璫,1,ㄌㄤˊ ㄉㄤ
琅邪,1,ㄌㄤˊ ㄧㄝˊ
理七,1,ㄌㄧˇ ㄑㄧ
理亂,1,ㄌㄧˇ ㄌㄨㄢˋ
理人,1,ㄌㄧˇ ㄖㄣˊ
理合,1,ㄌㄧˇ ㄏㄜˊ
理問,1,ㄌㄧˇ ㄨㄣˋ
理塞,1,ㄌㄧˇ ㄙㄜˋ
理妝,1,ㄌㄧˇ ㄓㄨㄤ
理官,1,ㄌㄧˇ ㄍㄨㄢ
理教,1,ㄌㄧˇ ㄐㄧㄠˋ
理數,1,ㄌㄧˇ ㄕㄨˋ
理書,1,ㄌㄧˇ ㄕㄨ
理氣,1,ㄌㄧˇ ㄑㄧˋ
理治,1,ㄌㄧˇ ㄓˋ
理牌,1,ㄌㄧˇ ㄆㄞˊ
理直,1,ㄌㄧˇ ㄓˊ
理窟,1,ㄌㄧˇ ㄎㄨ
理結,1,ㄌㄧˇ ㄐㄧㄝˊ
理致,1,ㄌㄧˇ ㄓˋ
理識,1,ㄌㄧˇ ㄕˋ
理障,1,ㄌㄧˇ ㄓㄤˋ
理順,1,ㄌㄧˇ ㄕㄨㄣˋ
理默,1,ㄌㄧˇ ㄇㄛˋ
琛板,1,ㄔㄣ ㄅㄢˇ
琛貢,1,ㄔㄣ ㄍㄨㄥˋ
琛賮,1,ㄔㄣ ㄐㄧㄣˋ
琢句,1,ㄓㄨㄛˊ ㄐㄩˋ
琤琤,1,ㄔㄥ ㄔㄥ
琤瑽,1,ㄔㄥ ㄘㄨㄥ
琦瑋,1,ㄑㄧˊ ㄨㄟˇ
琦行,1,ㄑㄧˊ ㄒㄧㄥˋ
琪樹,1,ㄑㄧˊ ㄕㄨˋ
琬圭,1,ㄨㄢˇ ㄍㄨㄟ
琬琰,1,ㄨㄢˇ ㄧㄢˇ
琮琤,1,ㄘㄨㄥˊ ㄔㄥ
琰圭,1,ㄧㄢˇ ㄍㄨㄟ
琰琰,1,ㄧㄢˇ ㄧㄢˇ
琱瑑,1,ㄉㄧㄠ ㄓㄨㄢˋ
琱麗,1,ㄉㄧㄠ ㄌㄧˋ
琳宮,1,ㄌㄧㄣˊ ㄍㄨㄥ
琴劍,1,ㄑㄧㄣˊ ㄐㄧㄢˋ
琴史,1,ㄑㄧㄣˊ ㄕˇ
琴堂,1,ㄑㄧㄣˊ ㄊㄤˊ
琴心,1,ㄑㄧㄣˊ ㄒㄧㄣ
琴書,1,ㄑㄧㄣˊ ㄕㄨ
琴歌,1,ㄑㄧㄣˊ ㄍㄜ
琴童,1,ㄑㄧㄣˊ ㄊㄨㄥˊ
琵琶,1,ㄆㄧˊ ㄆㄚ˙
琶音,1,ㄆㄚˊ ㄧㄣ
瑋質,1,ㄨㄟˇ ㄓˊ
瑕玷,1,ㄒㄧㄚˊ ㄉㄧㄢˋ
瑕瑜,1,ㄒㄧㄚˊ ㄩˊ
瑕謫,1,ㄒㄧㄚˊ ㄓㄜˊ
瑕釁,1,ㄒㄧㄚˊ ㄒㄧㄣˋ
瑚璉,1,ㄏㄨˊ ㄌㄧㄢˊ
瑛瑤,1,ㄧㄥ ㄧㄠˊ
瑞徵,1,ㄖㄨㄟˋ ㄓㄥ
瑞應,1,ㄖㄨㄟˋ ㄧㄥˋ
瑞獸,1,ㄖㄨㄟˋ ㄕㄡˋ
瑞玉,1,ㄖㄨㄟˋ ㄩˋ
瑞相,1,ㄖㄨㄟˋ ㄒㄧㄤˋ
瑞符,1,ㄖㄨㄟˋ ㄈㄨˊ
瑞簽,1,ㄖㄨㄟˋ ㄑㄧㄢ
瑞腦,1,ㄖㄨㄟˋ ㄋㄠˇ
瑞靄,1,ㄖㄨㄟˋ ㄞˇ
瑞香,1,ㄖㄨㄟˋ ㄒㄧㄤ
瑞麥,1,ㄖㄨㄟˋ ㄇㄞˋ
瑟調,1,ㄙㄜˋ ㄉㄧㄠˋ
瑣屑,1,ㄙㄨㄛˇ ㄒㄧㄝˋ
瑣才,1,ㄙㄨㄛˇ ㄘㄞˊ
瑣窗,1,ㄙㄨㄛˇ ㄔㄨㄤ
瑣賤,1,ㄙㄨㄛˇ ㄐㄧㄢˋ
瑣闈,1,ㄙㄨㄛˇ ㄨㄟˊ
瑣闥,1,ㄙㄨㄛˇ ㄊㄚˋ
瑤函,1,ㄧㄠˊ ㄏㄢˊ
瑤圃,1,ㄧㄠˊ ㄆㄨˇ
瑤姬,1,ㄧㄠˊ ㄐㄧ
瑤牋,1,ㄧㄠˊ ㄐㄧㄢ
瑤琴,1,ㄧㄠˊ ㄑㄧㄣˊ
瑤章,1,ㄧㄠˊ ㄓㄤ
瑤箋,1,ㄧㄠˊ ㄐㄧㄢ
瑤籤,1,ㄧㄠˊ ㄑㄧㄢ
瑤緘,1,ㄧㄠˊ ㄐㄧㄢ
瑤英,1,ㄧㄠˊ ㄧㄥ
瑤華,1,ㄧㄠˊ ㄏㄨㄚ
瑤觴,1,ㄧㄠˊ ㄕㄤ
瑤踏,1,ㄧㄠˊ ㄊㄚˋ
瑤釵,1,ㄧㄠˊ ㄔㄞ
瑤階,1,ㄧㄠˊ ㄐㄧㄝ
瑩光,1,ㄧㄥˊ ㄍㄨㄤ
瑩嫇,1,ㄧㄥˊ ㄇㄥˊ
瑩鎧,1,ㄧㄥˊ ㄎㄞˇ
瑩鏡,1,ㄧㄥˊ ㄐㄧㄥˋ
瑩魄,1,ㄧㄥˊ ㄆㄛˋ
瑯函,1,ㄌㄤˊ ㄏㄢˊ
瑯玕,1,ㄌㄤˊ ㄍㄢ
瑯琊,1,ㄌㄤˊ ㄧㄝˊ
瑰儒,1,ㄍㄨㄟ ㄖㄨˊ
瑰岸,1,ㄍㄨㄟ ㄢˋ
瑰怪,1,ㄍㄨㄟ ㄍㄨㄞˋ
瑰瑋,1,ㄍㄨㄟ ㄨㄟˇ
瑰詭,1,ㄍㄨㄟ ㄍㄨㄟˇ
瑰逸,1,ㄍㄨㄟ ㄧˋ
瑰邁,1,ㄍㄨㄟ ㄇㄞˋ
瑱圭,1,ㄊㄧㄢˋ ㄍㄨㄟ
瑽瑢,1,ㄘㄨㄥ ㄖㄨㄥˊ
瑾瑜,1,ㄐㄧㄣˇ ㄩˊ
璀璀,1,ㄘㄨㄟˇ ㄘㄨㄟˇ
璀錯,1,ㄘㄨㄟˇ ㄘㄨㄛˋ
璁琤,1,ㄘㄨㄥ ㄔㄥ
璁瓏,1,ㄘㄨㄥ ㄌㄨㄥˊ
璅弩,1,ㄙㄨㄛˇ ㄋㄨˇ
璅慧,1,ㄙㄨㄛˇ ㄏㄨㄟˋ
璅璅,1,ㄙㄨㄛˇ ㄙㄨㄛˇ
璅蟲,1,ㄙㄨㄛˇ ㄔㄨㄥˊ
璅語,1,ㄙㄨㄛˇ ㄩˇ
璆琳,1,ㄑㄧㄡˊ ㄌㄧㄣˊ
璇室,1,ㄒㄩㄢˊ ㄕˋ
璇花,1,ㄒㄩㄢˊ ㄏㄨㄚ
璇閨,1,ㄒㄩㄢˊ ㄍㄨㄟ
璋瓚,1,ㄓㄤ ㄗㄢˋ
璘斑,1,ㄌㄧㄣˊ ㄅㄢ
璚枝,1,ㄑㄩㄥˊ ㄓ
璚漿,1,ㄑㄩㄥˊ ㄐㄧㄤ
璜璜,1,ㄏㄨㄤˊ ㄏㄨㄤˊ
璠璵,1,ㄈㄢˊ ㄩˊ
璣琲,1,ㄐㄧ ㄅㄟˋ
璣鏡,1,ㄐㄧ ㄐㄧㄥˋ
璧回,1,ㄅㄧˋ ㄏㄨㄟˊ
璧日,1,ㄅㄧˋ ㄖˋ
璧璫,1,ㄅㄧˋ ㄉㄤ
璧田,1,ㄅㄧˋ ㄊㄧㄢˊ
璧謝,1,ㄅㄧˋ ㄒㄧㄝˋ
璧趙,1,ㄅㄧˋ ㄓㄠˋ
璧還,1,ㄅㄧˋ ㄏㄨㄢˊ
璨璨,1,ㄘㄢˋ ㄘㄢˋ
環伺,1,ㄏㄨㄢˊ ㄙˋ
環拜,1,ㄏㄨㄢˊ ㄅㄞˋ
環施,1,ㄏㄨㄢˊ ㄕ
環暈,1,ㄏㄨㄢˊ ㄩㄣˋ
環深,1,ㄏㄨㄢˊ ㄕㄣ
環珮,1,ㄏㄨㄢˊ ㄆㄟˋ
環衛,1,ㄏㄨㄢˊ ㄨㄟˋ
璵璠,1,ㄩˊ ㄈㄢˊ
璽書,1,ㄒㄧˇ ㄕㄨ
璽節,1,ㄒㄧˇ ㄐㄧㄝˊ
璽綬,1,ㄒㄧˇ ㄕㄡˋ
璿圖,1,ㄒㄩㄢˊ ㄊㄨˊ
璿璣,1,ㄒㄩㄢˊ ㄐㄧ
瓊劇,1,ㄑㄩㄥˊ ㄐㄩˋ
瓊姿,1,ㄑㄩㄥˊ ㄗ
瓊懷,1,ㄑㄩㄥˊ ㄏㄨㄞˊ
瓊林,1,ㄑㄩㄥˊ ㄌㄧㄣˊ
瓊琚,1,ㄑㄩㄥˊ ㄐㄩ
瓊瑰,1,ㄑㄩㄥˊ ㄍㄨㄟ
瓊葩,1,ㄑㄩㄥˊ ㄆㄚ
瓊軒,1,ㄑㄩㄥˊ ㄒㄩㄢ
瓊音,1,ㄑㄩㄥˊ ㄧㄣ
瓏玲,1,ㄌㄨㄥˊ ㄌㄧㄥˊ
瓏璁,1,ㄌㄨㄥˊ ㄘㄨㄥ
瓏瓏,1,ㄌㄨㄥˊ ㄌㄨㄥˊ
瓓玕,1,ㄌㄢˊ ㄍㄢ
瓔珞,1,ㄧㄥ ㄌㄨㄛˋ
瓜搭,1,ㄍㄨㄚ ㄉㄚ
瓜月,1,ㄍㄨㄚ ㄩㄝˋ
瓜架,1,ㄍㄨㄚ ㄐㄧㄚˋ
瓜洲,1,ㄍㄨㄚ ㄓㄡ
瓜祭,1,ㄍㄨㄚ ㄐㄧˋ
瓜科,1,ㄍㄨㄚ ㄎㄜ
瓜秧,1,ㄍㄨㄚ ㄧㄤ
瓝槊,1,ㄅㄛˊ ㄕㄨㄛˋ
瓟瓜,1,ㄅㄛˊ ㄍㄨㄚ
瓠子,1,ㄏㄨˋ ㄗ˙
瓠巴,1,ㄏㄨˋ ㄅㄚ
瓠果,1,ㄏㄨˋ ㄍㄨㄛˇ
瓠犀,1,ㄏㄨˋ ㄒㄧ
瓠瓜,1,ㄏㄨˋ ㄍㄨㄚ
瓠肥,1,ㄏㄨˋ ㄈㄟˊ
瓠落,1,ㄏㄨˋ ㄌㄨㄛˋ
瓠葉,1,ㄏㄨˋ ㄧㄝˋ
瓢潑,1,ㄆㄧㄠˊ ㄆㄛ
瓢簞,1,ㄆㄧㄠˊ ㄉㄢ
瓣香,1,ㄅㄢˋ ㄒㄧㄤ
瓤子,1,ㄖㄤˊ ㄗ˙
瓦刀,1,ㄨㄚˋ ㄉㄠ
瓦剌,1,ㄨㄚˇ ㄌㄚ
瓦剌,1,ㄨㄚˇ ㄌㄚˋ
瓦匠,1,ㄨㄚˇ ㄐㄧㄤ˙
瓦合,1,ㄨㄚˇ ㄏㄜˊ
瓦壟,1,ㄨㄚˇ ㄌㄨㄥˇ
瓦子,1,ㄨㄚˇ ㄗˇ
瓦市,1,ㄨㄚˇ ㄕˋ
瓦松,1,ㄨㄚˇ ㄙㄨㄥ
瓦楞,1,ㄨㄚˇ ㄌㄥˊ
瓦溝,1,ㄨㄚˇ ㄍㄡ
瓦獸,1,ㄨㄚˇ ㄕㄡˋ
瓦當,1,ㄨㄚˇ ㄉㄤ
瓴甋,1,ㄌㄧㄥˊ ㄉㄧˊ
瓴甓,1,ㄌㄧㄥˊ ㄆㄧˋ
瓶膽,1,ㄆㄧㄥˊ ㄉㄢˇ
瓷刻,1,ㄘˊ ㄎㄜ
瓷婚,1,ㄘˊ ㄏㄨㄣ
瓷實,1,ㄘˊ ㄕˊ
甄后,1,ㄓㄣ ㄏㄡˋ
甄拔,1,ㄓㄣ ㄅㄚˊ
甄汰,1,ㄓㄣ ㄊㄞˋ
甄藻,1,ㄓㄣ ㄗㄠˇ
甄陶,1,ㄓㄣ ㄊㄠˊ
甍標,1,ㄇㄥˊ ㄅㄧㄠ
甑箄,1,ㄗㄥˋ ㄅㄟ
甕天,1,ㄨㄥˋ ㄊㄧㄢ
甕牖,1,ㄨㄥˋ ㄧㄡˇ
甕計,1,ㄨㄥˋ ㄐㄧˋ
甕門,1,ㄨㄥˋ ㄇㄣˊ
甕闊,1,ㄨㄥˋ ㄎㄨㄛˋ
甕雞,1,ㄨㄥˋ ㄐㄧ
甘伏,1,ㄍㄢ ㄈㄨˊ
甘冽,1,ㄍㄢ ㄌㄧㄝˋ
甘分,1,ㄍㄢ ㄈㄣˋ
甘受,1,ㄍㄢ ㄕㄡˋ
甘始,1,ㄍㄢ ㄕˇ
甘旨,1,ㄍㄢ ㄓˇ
甘服,1,ㄍㄢ ㄈㄨˊ
甘木,1,ㄍㄢ ㄇㄨˋ
甘棠,1,ㄍㄢ ㄊㄤˊ
甘毳,1,ㄍㄢ ㄘㄨㄟˋ
甘水,1,ㄍㄢ ㄕㄨㄟˇ
甘涼,1,ㄍㄢ ㄌㄧㄤˊ
甘羅,1,ㄍㄢ ㄌㄨㄛˊ
甘羞,1,ㄍㄢ ㄒㄧㄡ
甘膬,1,ㄍㄢ ㄘㄨㄟˋ
甘芳,1,ㄍㄢ ㄈㄤ
甘茂,1,ㄍㄢ ㄇㄠˋ
甘蕉,1,ㄍㄢ ㄐㄧㄠ
甘蠅,1,ㄍㄢ ㄧㄥˊ
甘言,1,ㄍㄢ ㄧㄢˊ
甘谷,1,ㄍㄢ ㄍㄨˇ
甘醴,1,ㄍㄢ ㄌㄧˇ
甘限,1,ㄍㄢ ㄒㄧㄢˋ
甘鮮,1,ㄍㄢ ㄒㄧㄢ
甚事,1,ㄕㄣˊ ㄕˋ
甚人,1,ㄕㄣˊ ㄖㄣˊ
甚口,1,ㄕㄣˋ ㄎㄡˇ
甚底,1,ㄕㄣˊ ㄉㄜ˙
甚的,1,ㄕㄣˊ ㄉㄜ˙
甚雨,1,ㄕㄣˋ ㄩˇ
甜品,1,ㄊㄧㄢˊ ㄆㄧㄣˇ
甜甘,1,ㄊㄧㄢˊ ㄍㄢ
甜膩,1,ㄊㄧㄢˊ ㄋㄧˋ
甜豆,1,ㄊㄧㄢˊ ㄉㄡˋ
甜頭,1,ㄊㄧㄢˊ ㄊㄡ˙
生像,1,ㄕㄥ ㄒㄧㄤˋ
生光,1,ㄕㄥ ㄍㄨㄤ
生受,1,ㄕㄥ ㄕㄡˋ
生口,1,ㄕㄥ ㄎㄡˇ
生地,1,ㄕㄥ ㄉㄧˋ
生壙,1,ㄕㄥ ㄎㄨㄤˋ
生天,1,ㄕㄥ ㄊㄧㄢ
生小,1,ㄕㄥ ㄒㄧㄠˇ
生布,1,ㄕㄥ ㄅㄨˋ
生徒,1,ㄕㄥ ㄊㄨˊ
生心,1,ㄕㄥ ㄒㄧㄣ
生忌,1,ㄕㄥ ㄐㄧˋ
生忿,1,ㄕㄥ ㄈㄣˋ
生意,1,ㄕㄥ ㄧ˙
生放,1,ㄕㄥ ㄈㄤˋ
生料,1,ㄕㄥ ㄌㄧㄠˋ
生是,1,ㄕㄥ ㄕˋ
生書,1,ㄕㄥ ㄕㄨ
生朝,1,ㄕㄥ ㄓㄠ
生業,1,ㄕㄥ ㄧㄝˋ
生湊,1,ㄕㄥ ㄘㄡˋ
生炭,1,ㄕㄥ ㄊㄢˋ
生狼,1,ㄕㄥ ㄌㄤˊ
生獰,1,ㄕㄥ ㄋㄧㄥˊ
生疼,1,ㄕㄥ ㄊㄥˊ
生發,1,ㄕㄥ ㄈㄚ˙
生相,1,ㄕㄥ ㄒㄧㄤˋ
生眼,1,ㄕㄥ ㄧㄢˇ
生祠,1,ㄕㄥ ㄘˊ
生紙,1,ㄕㄥ ㄓˇ
生綃,1,ㄕㄥ ㄒㄧㄠ
生花,1,ㄕㄥ ㄏㄨㄚ
生芻,1,ㄕㄥ ㄔㄨˊ
生茶,1,ㄕㄥ ㄔㄚˊ
生荒,1,ㄕㄥ ㄏㄨㄤ
生菌,1,ㄕㄥ ㄐㄩㄣˋ
生藥,1,ㄕㄥ ㄧㄠˋ
生角,1,ㄕㄥ ㄐㄧㄠˇ
生貨,1,ㄕㄥ ㄏㄨㄛˋ
生鈔,1,ㄕㄥ ㄔㄠ
生隙,1,ㄕㄥ ㄒㄧˋ
生面,1,ㄕㄥ ㄇㄧㄢˋ
生養,1,ㄕㄥ ㄧㄤ˙
生魂,1,ㄕㄥ ㄏㄨㄣˊ
生齒,1,ㄕㄥ ㄔˇ
甡甡,1,ㄕㄣ ㄕㄣ
產疾,1,ㄔㄢˇ ㄐㄧˊ
產道,1,ㄔㄢˇ ㄉㄠˋ
產鉗,1,ㄔㄢˇ ㄑㄧㄢˊ
產門,1,ㄔㄢˇ ㄇㄣˊ
產露,1,ㄔㄢˇ ㄌㄨˋ
甥館,1,ㄕㄥ ㄍㄨㄢˇ
用匯,1,ㄩㄥˋ ㄏㄨㄟˋ
用印,1,ㄩㄥˋ ㄧㄣˋ
用手,1,ㄩㄥˋ ㄕㄡˇ
用料,1,ㄩㄥˋ ㄌㄧㄠˋ
用特,1,ㄩㄥˋ ㄊㄜˋ
用茶,1,ㄩㄥˋ ㄔㄚˊ
用處,1,ㄩㄥˋ ㄔㄨ˙
用韻,1,ㄩㄥˋ ㄩㄣˋ
用項,1,ㄩㄥˋ ㄒㄧㄤ˙
甩車,1,ㄕㄨㄞˇ ㄔㄜ
甩髮,1,ㄕㄨㄞˇ ㄈㄚˇ
甪里,1,ㄌㄨˋ ㄌㄧˇ
甫田,1,ㄈㄨˇ ㄊㄧㄢˊ
甬劇,1,ㄩㄥˇ ㄐㄩˋ
甭用,1,ㄅㄥˊ ㄩㄥˋ
田公,1,ㄊㄧㄢˊ ㄍㄨㄥ
田功,1,ㄊㄧㄢˊ ㄍㄨㄥ
田塍,1,ㄊㄧㄢˊ ㄔㄥˊ
田官,1,ㄊㄧㄢˊ ㄍㄨㄢ
田客,1,ㄊㄧㄢˊ ㄎㄜˋ
田廬,1,ㄊㄧㄢˊ ㄌㄨˊ
田橫,1,ㄊㄧㄢˊ ㄏㄥˊ
田狩,1,ㄊㄧㄢˊ ㄕㄡˋ
田畦,1,ㄊㄧㄢˊ ㄒㄧ
田穀,1,ㄊㄧㄢˊ ㄍㄨˇ
田菁,1,ㄊㄧㄢˊ ㄐㄧㄥ
田衣,1,ㄊㄧㄢˊ ㄧ
田頭,1,ㄊㄧㄢˊ ㄊㄡˊ
田鱉,1,ㄊㄧㄢˊ ㄅㄧㄝ
田鳧,1,ㄊㄧㄢˊ ㄈㄨˊ
田齊,1,ㄊㄧㄢˊ ㄑㄧˊ
由性,1,ㄧㄡˊ ㄒㄧㄥˋ
由旬,1,ㄧㄡˊ ㄒㄩㄣˊ
由是,1,ㄧㄡˊ ㄕˋ
由櫱,1,ㄧㄡˊ ㄋㄧㄝˋ
由由,1,ㄧㄡˊ ㄧㄡˊ
由跋,1,ㄧㄡˊ ㄅㄚˊ
甲卒,1,ㄐㄧㄚˇ ㄗㄨˊ
甲吏,1,ㄐㄧㄚˇ ㄌㄧˋ
甲夜,1,ㄐㄧㄚˇ ㄧㄝˋ
甲帳,1,ㄐㄧㄚˇ ㄓㄤˋ
甲族,1,ㄐㄧㄚˇ ㄗㄨˊ
甲榜,1,ㄐㄧㄚˇ ㄅㄤˇ
甲科,1,ㄐㄧㄚˇ ㄎㄜ
甲裳,1,ㄐㄧㄚˇ ㄔㄤˊ
甲長,1,ㄐㄧㄚˇ ㄓㄤˇ
甲門,1,ㄐㄧㄚˇ ㄇㄣˊ
甲頭,1,ㄐㄧㄚˇ ㄊㄡˊ
甲館,1,ㄐㄧㄚˇ ㄍㄨㄢˇ
甲馬,1,ㄐㄧㄚˇ ㄇㄚˇ
甲魚,1,ㄐㄧㄚˋ ㄩˊ
申公,1,ㄕㄣ ㄍㄨㄥ
申叔,1,ㄕㄣ ㄕㄨˊ
申奏,1,ㄕㄣ ㄗㄡˋ
申屠,1,ㄕㄣ ㄊㄨˊ
申救,1,ㄕㄣ ㄐㄧㄡˋ
申文,1,ㄕㄣ ㄨㄣˊ
申旦,1,ㄕㄣ ㄉㄢˋ
申浦,1,ㄕㄣ ㄆㄨˇ
申狀,1,ㄕㄣ ㄓㄨㄤˋ
申理,1,ㄕㄣ ㄌㄧˇ
申申,1,ㄕㄣ ㄕㄣ
申覆,1,ㄕㄣ ㄈㄨˋ
申解,1,ㄕㄣ ㄐㄧㄝˋ
申討,1,ㄕㄣ ㄊㄠˇ
申詳,1,ㄕㄣ ㄒㄧㄤˊ
申辦,1,ㄕㄣ ㄅㄢˋ
申重,1,ㄕㄣ ㄔㄨㄥˊ
申雪,1,ㄕㄣ ㄒㄩㄝˇ
申韓,1,ㄕㄣ ㄏㄢˊ
申領,1,ㄕㄣ ㄌㄧㄥˇ
男人,1,ㄋㄢˊ ㄖㄣ˙
男優,1,ㄋㄢˊ ㄧㄡ
男妾,1,ㄋㄢˊ ㄑㄧㄝˋ
男權,1,ㄋㄢˊ ㄑㄩㄢˊ
男痴,1,ㄋㄢˊ ㄔ
男系,1,ㄋㄢˊ ㄒㄧˋ
男美,1,ㄋㄢˊ ㄇㄟˇ
男風,1,ㄋㄢˊ ㄈㄥ
甸匣,1,ㄉㄧㄢˋ ㄒㄧㄚˊ
甸後,1,ㄉㄧㄢˋ ㄏㄡˋ
甸甸,1,ㄊㄧㄢˊ ㄊㄧㄢˊ
町畦,1,ㄊㄧㄥˇ ㄒㄧ
町畽,1,ㄊㄧㄥˇ ㄊㄨㄢˇ
畇畇,1,ㄩㄣˊ ㄩㄣˊ
界上,1,ㄐㄧㄝˋ ㄕㄤˋ
界分,1,ㄐㄧㄝˋ ㄈㄣˋ
界口,1,ㄐㄧㄝˋ ㄎㄡˇ
界方,1,ㄐㄧㄝˋ ㄈㄤ
界樁,1,ㄐㄧㄝˋ ㄓㄨㄤ
界河,1,ㄐㄧㄝˋ ㄏㄜˊ
界牌,1,ㄐㄧㄝˋ ㄆㄞˊ
界畫,1,ㄐㄧㄝˋ ㄏㄨㄚˋ
界稻,1,ㄐㄧㄝˋ ㄉㄠˋ
畎夷,1,ㄑㄩㄢˇ ㄧˊ
畏友,1,ㄨㄟˋ ㄧㄡˇ
畏葸,1,ㄨㄟˋ ㄒㄧˇ
畏避,1,ㄨㄟˋ ㄅㄧˋ
畔奐,1,ㄆㄢˋ ㄏㄨㄢˋ
畔援,1,ㄆㄢˋ ㄩㄢˊ
畔約,1,ㄆㄢˋ ㄩㄝ
留下,1,ㄌㄧㄡˊ ㄒㄧㄚ˙
留侯,1,ㄌㄧㄡˊ ㄏㄡˊ
留別,1,ㄌㄧㄡˊ ㄅㄧㄝˊ
留寓,1,ㄌㄧㄡˊ ㄩˋ
留帖,1,ㄌㄧㄡˊ ㄊㄧㄝˇ
留懷,1,ㄌㄧㄡˊ ㄏㄨㄞˊ
留成,1,ㄌㄧㄡˊ ㄔㄥˊ
留春,1,ㄌㄧㄡˊ ㄔㄨㄣ
留根,1,ㄌㄧㄡˊ ㄍㄣ
留洋,1,ㄌㄧㄡˊ ㄧㄤˊ
留海,1,ㄌㄧㄡˊ ㄏㄞˇ
留臉,1,ㄌㄧㄡˊ ㄌㄧㄢˇ
留身,1,ㄌㄧㄡˊ ㄕㄣ
留門,1,ㄌㄧㄡˊ ㄇㄣˊ
留頭,1,ㄌㄧㄡˊ ㄊㄡˊ
留題,1,ㄌㄧㄡˊ ㄊㄧˊ
留飯,1,ㄌㄧㄡˊ ㄈㄢˋ
留髡,1,ㄌㄧㄡˊ ㄎㄨㄣ
留鳥,1,ㄌㄧㄡˊ ㄋㄧㄠˇ
畚鍤,1,ㄅㄣˇ ㄔㄚˊ
畛畦,1,ㄓㄣˇ ㄒㄧ
畜牲,1,ㄔㄨˋ ㄕㄥ˙
畜生,1,ㄔㄨˋ ㄕㄥ˙
畜疫,1,ㄔㄨˋ ㄧˋ
畜肥,1,ㄔㄨˋ ㄈㄟˊ
畝丘,1,ㄇㄨˇ ㄑㄧㄡ
畝鍾,1,ㄇㄨˇ ㄓㄨㄥ
畟畟,1,ㄘㄜˋ ㄘㄜˋ
畢姻,1,ㄅㄧˋ ㄧㄣ
畢宿,1,ㄅㄧˋ ㄒㄧㄡˋ
畢拍,1,ㄅㄧˋ ㄆㄞ
畢方,1,ㄅㄧˋ ㄈㄤ
畢真,1,ㄅㄧˋ ㄓㄣ
畢罷,1,ㄅㄧˋ ㄅㄚˋ
畢羅,1,ㄅㄧˋ ㄌㄨㄛˊ
畢肖,1,ㄅㄧˋ ㄒㄧㄠˋ
畢逋,1,ㄅㄧˋ ㄅㄨ
略估,1,ㄌㄩㄝˋ ㄍㄨ
略喻,1,ㄌㄩㄝˋ ㄩˋ
略地,1,ㄌㄩㄝˋ ㄉㄧˋ
略懂,1,ㄌㄩㄝˋ ㄉㄨㄥˇ
略綽,1,ㄌㄩㄝˋ ㄔㄨㄛˋ
略誘,1,ㄌㄩㄝˋ ㄧㄡˋ
略賣,1,ㄌㄩㄝˋ ㄇㄞˋ
畦丁,1,ㄒㄧ ㄉㄧㄥ
畦作,1,ㄒㄧ ㄗㄨㄛˋ
畦畛,1,ㄒㄧ ㄓㄣˇ
畦逕,1,ㄒㄧ ㄐㄧㄥˋ
番佛,1,ㄈㄢ ㄈㄛˊ
番使,1,ㄈㄢ ㄕˇ
番夷,1,ㄈㄢ ㄧˊ
番子,1,ㄈㄢ ㄗ˙
番弓,1,ㄈㄢ ㄍㄨㄥ
番役,1,ㄈㄢ ㄧˋ
番悔,1,ㄈㄢ ㄏㄨㄟˇ
番戍,1,ㄈㄢ ㄕㄨˋ
番瓜,1,ㄈㄢ ㄍㄨㄚ
番番,1,ㄈㄢ ㄈㄢ
番筧,1,ㄈㄢ ㄐㄧㄢˇ
番羅,1,ㄈㄢ ㄌㄨㄛˊ
番芋,1,ㄈㄢ ㄩˋ
番菜,1,ㄈㄢ ㄘㄞˋ
番騰,1,ㄈㄢ ㄊㄥˊ
番鴨,1,ㄈㄢ ㄧㄚ
畫供,1,ㄏㄨㄚˋ ㄍㄨㄥ
畫卯,1,ㄏㄨㄚˋ ㄇㄠˇ
畫壇,1,ㄏㄨㄚˋ ㄊㄢˊ
畫壺,1,ㄏㄨㄚˋ ㄏㄨˊ
畫字,1,ㄏㄨㄚˋ ㄗˋ
畫帖,1,ㄏㄨㄚˋ ㄊㄧㄝˋ
畫拉,1,ㄏㄨㄚˋ ㄌㄚ˙
畫料,1,ㄏㄨㄚˋ ㄌㄧㄠˋ
畫時,1,ㄏㄨㄚˋ ㄕˊ
畫派,1,ㄏㄨㄚˋ ㄆㄞˋ
畫省,1,ㄏㄨㄚˋ ㄕㄥˇ
畫真,1,ㄏㄨㄚˋ ㄓㄣ
畫策,1,ㄏㄨㄚˋ ㄘㄜˋ
畫糖,1,ㄏㄨㄚˋ ㄊㄤˊ
畫荻,1,ㄏㄨㄚˋ ㄉㄧˊ
畫行,1,ㄏㄨㄚˋ ㄒㄧㄥˊ
畫角,1,ㄏㄨㄚˋ ㄐㄧㄠˇ
畫諾,1,ㄏㄨㄚˋ ㄋㄨㄛˋ
畫象,1,ㄏㄨㄚˋ ㄒㄧㄤˋ
畫輪,1,ㄏㄨㄚˋ ㄌㄨㄣˊ
畫閣,1,ㄏㄨㄚˋ ㄍㄜˊ
畫餅,1,ㄏㄨㄚˋ ㄅㄧㄥˇ
畫鼓,1,ㄏㄨㄚˋ ㄍㄨˇ
畬丁,1,ㄩˊ ㄉㄧㄥ
畬族,1,ㄕㄜ ㄗㄨˊ
畬民,1,ㄕㄜ ㄇㄧㄣˊ
畬田,1,ㄩˊ ㄊㄧㄢˊ
異代,1,ㄧˋ ㄉㄞˋ
異圖,1,ㄧˋ ㄊㄨˊ
異客,1,ㄧˋ ㄎㄜˋ
異方,1,ㄧˋ ㄈㄤ
異時,1,ㄧˋ ㄕˊ
異景,1,ㄧˋ ㄐㄧㄥˇ
異書,1,ㄧˋ ㄕㄨ
異爨,1,ㄧˋ ㄘㄨㄢˋ
異畛,1,ㄧˋ ㄓㄣˇ
異種,1,ㄧˋ ㄓㄨㄥˇ
異苑,1,ㄧˋ ㄩㄢˋ
異草,1,ㄧˋ ㄘㄠˇ
異詞,1,ㄧˋ ㄘˊ
異論,1,ㄧˋ ㄌㄨㄣˋ
異讀,1,ㄧˋ ㄉㄨˊ
異軌,1,ㄧˋ ㄍㄨㄟˇ
異道,1,ㄧˋ ㄉㄠˋ
異采,1,ㄧˋ ㄘㄞˇ
異體,1,ㄧˋ ㄊㄧˇ
當作,1,ㄉㄤˋ ㄗㄨㄛˋ
當來,1,ㄉㄤ ㄌㄞˊ
當便,1,ㄉㄤ ㄅㄧㄢˋ
當做,1,ㄉㄤˋ ㄗㄨㄛˋ
當元,1,ㄉㄤ ㄩㄢˊ
當原,1,ㄉㄤ ㄩㄢˊ
當合,1,ㄉㄤ ㄏㄜˊ
當啷,1,ㄉㄤ ㄌㄤ
當啷,1,ㄉㄤ ㄌㄤˊ
當堂,1,ㄉㄤ ㄊㄤˊ
當堵,1,ㄉㄤ ㄉㄨˇ
當塗,1,ㄉㄤ ㄊㄨˊ
當壚,1,ㄉㄤ ㄌㄨˊ
當夕,1,ㄉㄤ ㄒㄧˋ
當天,1,ㄉㄤˋ ㄊㄧㄢ
當室,1,ㄉㄤ ㄕˋ
當巡,1,ㄉㄤ ㄒㄩㄣˊ
當廚,1,ㄉㄤ ㄔㄨˊ
當役,1,ㄉㄤ ㄧˋ
當待,1,ㄉㄤ ㄉㄞˋ
當意,1,ㄉㄤ ㄧˋ
當成,1,ㄉㄤˋ ㄔㄥˊ
當手,1,ㄉㄤ ㄕㄡˇ
當撐,1,ㄉㄤ ㄔㄥ
當攔,1,ㄉㄤ ㄌㄢˊ
當敵,1,ㄉㄤ ㄉㄧˊ
當朝,1,ㄉㄤ ㄓㄠ
當村,1,ㄉㄤ ㄘㄨㄣ
當案,1,ㄉㄤ ㄢˋ
當槽,1,ㄉㄤ ㄘㄠˊ
當災,1,ㄉㄤ ㄗㄞ
當爐,1,ㄉㄤ ㄌㄨˊ
當番,1,ㄉㄤ ㄈㄢ
當當,1,ㄉㄤˋ ㄉㄤˋ
當盧,1,ㄉㄤ ㄌㄨˊ
當直,1,ㄉㄤ ㄓˊ
當眼,1,ㄉㄤ ㄧㄢˇ
當緊,1,ㄉㄤ ㄐㄧㄣˇ
當罏,1,ㄉㄤ ㄌㄨˊ
當花,1,ㄉㄤ ㄏㄨㄚ
當行,1,ㄉㄤ ㄏㄤˊ
當該,1,ㄉㄤ ㄍㄞ
當賭,1,ㄉㄤ ㄉㄨˇ
當軸,1,ㄉㄤ ㄓㄨˊ
當間,1,ㄉㄤ ㄐㄧㄢˋ
當院,1,ㄉㄤ ㄩㄢˋ
當頭,1,ㄉㄤˇ ㄊㄡˊ
當頭,1,ㄉㄤˋ ㄊㄡ˙
畸戀,1,ㄐㄧ ㄌㄧㄢˋ
畸變,1,ㄐㄧ ㄅㄧㄢˋ
畿縣,1,ㄐㄧ ㄒㄧㄢˋ
畿輔,1,ㄐㄧ ㄈㄨˇ
畿輦,1,ㄐㄧ ㄋㄧㄢˇ
疆埸,1,ㄐㄧㄤ ㄧˋ
疆宇,1,ㄐㄧㄤ ㄩˇ
疆徼,1,ㄐㄧㄤ ㄐㄧㄠˋ
疆理,1,ㄐㄧㄤ ㄌㄧˇ
疆臣,1,ㄐㄧㄤ ㄔㄣˊ
疇官,1,ㄔㄡˊ ㄍㄨㄢ
疇庸,1,ㄔㄡˊ ㄩㄥ
疇日,1,ㄔㄡˊ ㄖˋ
疇昔,1,ㄔㄡˊ ㄒㄧˊ
疇曩,1,ㄔㄡˊ ㄋㄤˇ
疇生,1,ㄔㄡˊ ㄕㄥ
疇輩,1,ㄔㄡˊ ㄅㄟˋ
疇類,1,ㄔㄡˊ ㄌㄟˋ
疊印,1,ㄉㄧㄝˊ ㄧㄣˋ
疊巘,1,ㄉㄧㄝˊ ㄧㄢˇ
疊接,1,ㄉㄧㄝˊ ㄐㄧㄝ
疊映,1,ㄉㄧㄝˊ ㄧㄥˋ
疊棋,1,ㄉㄧㄝˊ ㄑㄧˊ
疊燮,1,ㄉㄧㄝˊ ㄒㄧㄝˋ
疊被,1,ㄉㄧㄝˊ ㄅㄟˋ
疊詞,1,ㄉㄧㄝˊ ㄘˊ
疋端,1,ㄆㄧˇ ㄉㄨㄢ
疋練,1,ㄆㄧˇ ㄌㄧㄢˋ
疋馬,1,ㄆㄧˇ ㄇㄚˇ
疏影,1,ㄕㄨ ㄧㄥˇ
疏放,1,ㄕㄨ ㄈㄤˋ
疏瀹,1,ㄕㄨ ㄩㄝˋ
疏狂,1,ㄕㄨ ㄎㄨㄤˊ
疏率,1,ㄕㄨ ㄕㄨㄞˋ
疏理,1,ㄕㄨ ㄌㄧˇ
疏疏,1,ㄕㄨ ㄕㄨ
疏神,1,ㄕㄨ ㄕㄣˊ
疏糲,1,ㄕㄨ ㄌㄧˋ
疏網,1,ㄕㄨ ㄨㄤˇ
疏蕪,1,ㄕㄨ ㄨˊ
疏虞,1,ㄕㄨ ㄩˊ
疏解,1,ㄕㄨ ㄐㄧㄝˇ
疏證,1,ㄕㄨˋ ㄓㄥˋ
疏財,1,ㄕㄨ ㄘㄞˊ
疏野,1,ㄕㄨ ㄧㄝˇ
疏闊,1,ㄕㄨ ㄎㄨㄛˋ
疏隔,1,ㄕㄨ ㄍㄜˊ
疏頭,1,ㄕㄨˋ ㄊㄡˊ
疏食,1,ㄕㄨ ㄕˊ
疑丞,1,ㄧˊ ㄔㄥˊ
疑兵,1,ㄧˊ ㄅㄧㄥ
疑塚,1,ㄧˊ ㄓㄨㄥˇ
疑影,1,ㄧˊ ㄧㄥˇ
疑怪,1,ㄧˊ ㄍㄨㄞˋ
疑情,1,ㄧˊ ㄑㄧㄥˊ
疑抱,1,ㄧˊ ㄅㄠˋ
疑滯,1,ㄧˊ ㄓˋ
疑獄,1,ㄧˊ ㄩˋ
疑貳,1,ㄧˊ ㄦˋ
疑陣,1,ㄧˊ ㄓㄣˋ
疙搭,1,ㄍㄜ ㄉㄚ˙
疙疸,1,ㄍㄜ ㄉㄢˇ
疙瘩,1,ㄍㄜ ㄉㄚ˙
疚心,1,ㄐㄧㄡˋ ㄒㄧㄣ
疚懷,1,ㄐㄧㄡˋ ㄏㄨㄞˊ
疝脫,1,ㄕㄢˋ ㄊㄨㄛ
疣子,1,ㄧㄡˊ ㄗ˙
疣目,1,ㄧㄡˊ ㄇㄨˋ
疣足,1,ㄧㄡˊ ㄗㄨˊ
疤痆,1,ㄅㄚ ㄋㄧㄝˋ
疥厲,1,ㄐㄧㄝˋ ㄌㄧˋ
疥壁,1,ㄐㄧㄝˋ ㄅㄧˋ
疥癩,1,ㄐㄧㄝˋ ㄌㄞˋ
疫氣,1,ㄧˋ ㄑㄧˋ
疫鬼,1,ㄧˋ ㄍㄨㄟˇ
疲勩,1,ㄆㄧˊ ㄧˋ
疲塌,1,ㄆㄧˊ ㄊㄚ
疲癃,1,ㄆㄧˊ ㄌㄨㄥˊ
疲竭,1,ㄆㄧˊ ㄐㄧㄝˊ
疲鈍,1,ㄆㄧˊ ㄉㄨㄣˋ
疵癘,1,ㄘ ㄌㄧˋ
疻痏,1,ㄓˇ ㄨㄟˇ
疼顧,1,ㄊㄥˊ ㄍㄨˋ
疾伶,1,ㄐㄧˊ ㄌㄧㄥˊ
疾便,1,ㄐㄧˊ ㄅㄧㄢˋ
疾忙,1,ㄐㄧˊ ㄇㄤˊ
疾快,1,ㄐㄧˊ ㄎㄨㄞˋ
疾步,1,ㄐㄧˊ ㄅㄨˋ
疾疢,1,ㄐㄧˊ ㄔㄣˋ
疾速,1,ㄐㄧˊ ㄙㄨˋ
疾逸,1,ㄐㄧˊ ㄧˋ
疾首,1,ㄐㄧˊ ㄕㄡˇ
痀瘻,1,ㄐㄩ ㄌㄩˊ
痃癖,1,ㄒㄧㄢˊ ㄆㄧˇ
病休,1,ㄅㄧㄥˋ ㄒㄧㄡ
病候,1,ㄅㄧㄥˋ ㄏㄡˋ
病兆,1,ㄅㄧㄥˋ ㄓㄠˋ
病免,1,ㄅㄧㄥˋ ㄇㄧㄢˇ
病劇,1,ㄅㄧㄥˋ ㄐㄩˋ
病去,1,ㄅㄧㄥˋ ㄑㄩˋ
病家,1,ㄅㄧㄥˋ ㄐㄧㄚ
病案,1,ㄅㄧㄥˋ ㄢˋ
病母,1,ㄅㄧㄥˋ ㄇㄨˇ
病發,1,ㄅㄧㄥˋ ㄈㄚ
病舍,1,ㄅㄧㄥˋ ㄕㄜˋ
病象,1,ㄅㄧㄥˋ ㄒㄧㄤˋ
病貓,1,ㄅㄧㄥˋ ㄇㄠ
病軀,1,ㄅㄧㄥˋ ㄑㄩ
病退,1,ㄅㄧㄥˋ ㄊㄨㄟˋ
病間,1,ㄅㄧㄥˋ ㄐㄧㄢˋ
病革,1,ㄅㄧㄥˋ ㄐㄧˊ
病餘,1,ㄅㄧㄥˋ ㄩˊ
病骨,1,ㄅㄧㄥˋ ㄍㄨˇ
痊可,1,ㄑㄩㄢˊ ㄎㄜˇ
痊濟,1,ㄑㄩㄢˊ ㄐㄧˋ
痔核,1,ㄓˋ ㄏㄜˊ
痔瘡,1,ㄓˋ ㄔㄨㄤ˙
痔瘻,1,ㄓˋ ㄌㄡˋ
痘殤,1,ㄉㄡˋ ㄕㄤ
痘疤,1,ㄉㄡˋ ㄅㄚ
痘痘,1,ㄉㄡˋ ㄉㄡˋ
痛喝,1,ㄊㄨㄥˋ ㄏㄜ
痛喝,1,ㄊㄨㄥˋ ㄏㄜˋ
痛念,1,ㄊㄨㄥˋ ㄋㄧㄢˋ
痛悼,1,ㄊㄨㄥˋ ㄉㄠˋ
痛決,1,ㄊㄨㄥˋ ㄐㄩㄝˊ
痛疾,1,ㄊㄨㄥˋ ㄐㄧˊ
痛經,1,ㄊㄨㄥˋ ㄐㄧㄥ
痛聲,1,ㄊㄨㄥˋ ㄕㄥ
痛親,1,ㄊㄨㄥˋ ㄑㄧㄣ
痛詆,1,ㄊㄨㄥˋ ㄉㄧˇ
痛贊,1,ㄊㄨㄥˋ ㄗㄢˋ
痛點,1,ㄊㄨㄥˋ ㄉㄧㄢˇ
痞家,1,ㄆㄧˇ ㄐㄧㄚ
痞疾,1,ㄆㄧˇ ㄐㄧˊ
痞積,1,ㄆㄧˇ ㄐㄧ
痠懶,1,ㄙㄨㄢ ㄌㄢˇ
痠麻,1,ㄙㄨㄢ ㄇㄚˊ
痤瘡,1,ㄘㄨㄛˊ ㄔㄨㄤ
痦子,1,ㄨˋ ㄗ˙
痰厥,1,ㄊㄢˊ ㄐㄩㄝˊ
痰喘,1,ㄊㄢˊ ㄔㄨㄢˇ
痰桶,1,ㄊㄢˊ ㄊㄨㄥˇ
痰氣,1,ㄊㄢˊ ㄑㄧˋ
痰火,1,ㄊㄢˊ ㄏㄨㄛˇ
痰病,1,ㄊㄢˊ ㄅㄧㄥˋ
痰症,1,ㄊㄢˊ ㄓㄥˋ
痰盒,1,ㄊㄢˊ ㄏㄜˊ
痰飲,1,ㄊㄢˊ ㄧㄣˇ
痲木,1,ㄇㄚˊ ㄇㄨˋ
痴倒,1,ㄔ ㄉㄠˇ
痴傻,1,ㄔ ㄕㄚˇ
痴兒,1,ㄔ ㄦˊ
痴叔,1,ㄔ ㄕㄨˊ
痴姨,1,ㄔ ㄧˊ
痴子,1,ㄔ ㄗ˙
痴掙,1,ㄔ ㄓㄥ
痴漢,1,ㄔ ㄏㄢˋ
痴物,1,ㄔ ㄨˋ
痴狂,1,ㄔ ㄎㄨㄤˊ
痴獃,1,ㄔ ㄉㄞ
痴福,1,ㄔ ㄈㄨˊ
痴蟲,1,ㄔ ㄔㄨㄥˊ
痴迷,1,ㄔ ㄇㄧˊ
痴那,1,ㄔ ㄋㄚˋ
痴鈍,1,ㄔ ㄉㄨㄣˋ
痴長,1,ㄔ ㄓㄤˇ
痴頑,1,ㄔ ㄨㄢˊ
痴騃,1,ㄔ ㄞˊ
痶腳,1,ㄉㄧㄢˇ ㄐㄧㄠˇ
痿痹,1,ㄨㄟˇ ㄅㄧˋ
痿蹶,1,ㄨㄟˇ ㄐㄩㄝˊ
瘁瘁,1,ㄘㄨㄟˋ ㄘㄨㄟˋ
瘈狗,1,ㄐㄧˋ ㄍㄡˇ
瘈瘲,1,ㄑㄧˋ ㄗㄨㄥˋ
瘊子,1,ㄏㄡˊ ㄗ˙
瘋枝,1,ㄈㄥ ㄓ
瘋長,1,ㄈㄥ ㄓㄤˇ
瘋魔,1,ㄈㄥ ㄇㄛˊ
瘍醫,1,ㄧㄤˊ ㄧ
瘏悴,1,ㄊㄨˊ ㄘㄨㄟˋ
瘐死,1,ㄩˇ ㄙˇ
瘕聚,1,ㄐㄧㄚˇ ㄐㄩˋ
瘖啞,1,ㄧㄣ ㄧㄚˇ
瘖默,1,ㄧㄣ ㄇㄛˋ
瘜肉,1,ㄒㄧˊ ㄖㄡˋ
瘝官,1,ㄍㄨㄢ ㄍㄨㄢ
瘞埋,1,ㄧˋ ㄇㄞˊ
瘞薶,1,ㄧˋ ㄇㄞˊ
瘞錢,1,ㄧˋ ㄑㄧㄢˊ
瘟病,1,ㄨㄣ ㄅㄧㄥˋ
瘡痂,1,ㄔㄨㄤ ㄐㄧㄚ
瘡痏,1,ㄔㄨㄤ ㄨㄟˇ
瘡痕,1,ㄔㄨㄤ ㄏㄣˊ
瘡瘍,1,ㄔㄨㄤ ㄧㄤˊ
瘡瘢,1,ㄔㄨㄤ ㄅㄢ
瘡癆,1,ㄔㄨㄤ ㄌㄠˊ
瘢痆,1,ㄅㄢ ㄋㄧㄝˋ
瘢風,1,ㄅㄢ ㄈㄥ
瘦損,1,ㄕㄡˋ ㄙㄨㄣˇ
瘦果,1,ㄕㄡˋ ㄍㄨㄛˇ
瘦溜,1,ㄕㄡˋ ㄌㄧㄡ˙
瘦煤,1,ㄕㄡˋ ㄇㄟˊ
瘦瘠,1,ㄕㄡˋ ㄐㄧˊ
瘦硬,1,ㄕㄡˋ ㄧㄥˋ
瘭疽,1,ㄅㄧㄠ ㄐㄩ
瘯蠡,1,ㄘㄨˋ ㄌㄧˊ
瘴疫,1,ㄓㄤˋ ㄧˋ
瘻管,1,ㄌㄡˋ ㄍㄨㄢˇ
療方,1,ㄌㄧㄠˊ ㄈㄤ
療程,1,ㄌㄧㄠˊ ㄔㄥˊ
療補,1,ㄌㄧㄠˊ ㄅㄨˇ
療貧,1,ㄌㄧㄠˊ ㄆㄧㄣˊ
療飢,1,ㄌㄧㄠˊ ㄐㄧ
癃病,1,ㄌㄨㄥˊ ㄅㄧㄥˋ
癃閉,1,ㄌㄨㄥˊ ㄅㄧˋ
癆瘵,1,ㄌㄠˊ ㄓㄞˋ
癆蟲,1,ㄌㄠˊ ㄔㄨㄥˊ
癉暑,1,ㄉㄢˋ ㄕㄨˇ
癉瘧,1,ㄉㄢ ㄋㄩㄝˋ
癔病,1,ㄧˋ ㄅㄧㄥˋ
癖嗜,1,ㄆㄧˇ ㄕˋ
癖氣,1,ㄆㄧˇ ㄑㄧˋ
癙憂,1,ㄕㄨˇ ㄧㄡ
癟子,1,ㄅㄧㄝˇ ㄗ˙
癢癢,1,ㄧㄤˇ ㄧㄤ˙
癭瘤,1,ㄧㄥˇ ㄌㄧㄡˊ
癱倒,1,ㄊㄢ ㄉㄠˇ
癱子,1,ㄊㄢ ㄗ˙
癸期,1,ㄍㄨㄟˇ ㄑㄧˊ
癸水,1,ㄍㄨㄟˇ ㄕㄨㄟˇ
登仙,1,ㄉㄥ ㄒㄧㄢ
登即,1,ㄉㄥ ㄐㄧˊ
登坑,1,ㄉㄥ ㄎㄥ
登壇,1,ㄉㄥ ㄊㄢˊ
登壟,1,ㄉㄥ ㄌㄨㄥˇ
登對,1,ㄉㄥ ㄉㄨㄟˋ
登崇,1,ㄉㄥ ㄔㄨㄥˊ
登庸,1,ㄉㄥ ㄩㄥ
登廁,1,ㄉㄥ ㄘㄜˋ
登攀,1,ㄉㄥ ㄆㄢ
登數,1,ㄉㄥ ㄕㄨˋ
登朝,1,ㄉㄥ ㄔㄠˊ
登東,1,ㄉㄥ ㄉㄨㄥ
登梯,1,ㄉㄥ ㄊㄧ
登樣,1,ㄉㄥ ㄧㄤˋ
登殿,1,ㄉㄥ ㄉㄧㄢˋ
登登,1,ㄉㄥ ㄉㄥ
登答,1,ㄉㄥ ㄉㄚˊ
登耗,1,ㄉㄥ ㄏㄠˋ
登車,1,ㄉㄥ ㄔㄜ
登進,1,ㄉㄥ ㄐㄧㄣˋ
登遐,1,ㄉㄥ ㄒㄧㄚˊ
登開,1,ㄉㄥ ㄎㄞ
登陴,1,ㄉㄥ ㄆㄧˊ
發僵,1,ㄈㄚ ㄐㄧㄤ
發兆,1,ㄈㄚ ㄓㄠˋ
發冢,1,ㄈㄚ ㄓㄨㄥˇ
發凡,1,ㄈㄚ ㄈㄢˊ
發匱,1,ㄈㄚ ㄍㄨㄟˋ
發咒,1,ㄈㄚ ㄓㄡˋ
發喪,1,ㄈㄚ ㄙㄤ
發喬,1,ㄈㄚ ㄑㄧㄠˊ
發噱,1,ㄈㄚ ㄐㄩㄝˊ
發墨,1,ㄈㄚ ㄇㄛˋ
發奉,1,ㄈㄚ ㄈㄥˋ
發嫁,1,ㄈㄚ ㄐㄧㄚˋ
發封,1,ㄈㄚ ㄈㄥ
發廩,1,ㄈㄚ ㄌㄧㄣˇ
發心,1,ㄈㄚ ㄒㄧㄣ
發忿,1,ㄈㄚ ㄈㄣˋ
發怔,1,ㄈㄚ ㄌㄥˋ
發性,1,ㄈㄚ ㄒㄧㄥˋ
發恨,1,ㄈㄚ ㄏㄣˋ
發息,1,ㄈㄚ ㄒㄧˊ
發悲,1,ㄈㄚ ㄅㄟ
發悶,1,ㄈㄚ ㄇㄣ
發意,1,ㄈㄚ ㄧˋ
發排,1,ㄈㄚ ㄆㄞˊ
發摃,1,ㄈㄚ ㄍㄤˋ
發擂,1,ㄈㄚ ㄌㄟˊ
發擿,1,ㄈㄚ ㄊㄧˋ
發木,1,ㄈㄚ ㄇㄨˋ
發村,1,ㄈㄚ ㄘㄨㄣ
發棠,1,ㄈㄚ ㄊㄤˊ
發楞,1,ㄈㄚ ㄌㄥˋ
發業,1,ㄈㄚ ㄧㄝˋ
發極,1,ㄈㄚ ㄐㄧˊ
發標,1,ㄈㄚ ㄅㄧㄠ
發樣,1,ㄈㄚ ㄧㄤˋ
發橫,1,ㄈㄚ ㄏㄥˋ
發歲,1,ㄈㄚ ㄙㄨㄟˋ
發氣,1,ㄈㄚ ㄑㄧˋ
發洪,1,ㄈㄚ ㄏㄨㄥˊ
發煩,1,ㄈㄚ ㄈㄢˊ
發燙,1,ㄈㄚ ㄊㄤˋ
發燭,1,ㄈㄚ ㄓㄨˊ
發牒,1,ㄈㄚ ㄉㄧㄝˊ
發物,1,ㄈㄚ ㄨˋ
發甲,1,ㄈㄚ ㄐㄧㄚˇ
發痴,1,ㄈㄚ ㄔ
發癲,1,ㄈㄚ ㄉㄧㄢ
發發,1,ㄈㄚ ㄈㄚ
發監,1,ㄈㄚ ㄐㄧㄢ
發眩,1,ㄈㄚ ㄒㄩㄢˋ
發硎,1,ㄈㄚ ㄒㄧㄥˊ
發科,1,ㄈㄚ ㄎㄜ
發積,1,ㄈㄚ ㄐㄧ
發窘,1,ㄈㄚ ㄐㄩㄥˇ
發策,1,ㄈㄚ ㄘㄜˋ
發箭,1,ㄈㄚ ㄐㄧㄢˋ
發篋,1,ㄈㄚ ㄑㄧㄝˋ
發籤,1,ㄈㄚ ㄑㄧㄢ
發紺,1,ㄈㄚ ㄍㄢˋ
發背,1,ㄈㄚ ㄅㄟˋ
發胡,1,ㄈㄚ ㄏㄨˊ
發脫,1,ㄈㄚ ㄊㄨㄛ
發腳,1,ㄈㄚ ㄐㄧㄠˇ
發草,1,ㄈㄚ ㄘㄠˇ
發莊,1,ㄈㄚ ㄓㄨㄤ
發蒙,1,ㄈㄚ ㄇㄥˊ
發虛,1,ㄈㄚ ㄒㄩ
發行,1,ㄈㄚ ㄏㄤˊ
發覆,1,ㄈㄚ ㄈㄨˋ
發解,1,ㄈㄚ ㄐㄧㄝˋ
發訕,1,ㄈㄚ ㄕㄢˋ
發話,1,ㄈㄚ ㄏㄨㄚˋ
發課,1,ㄈㄚ ㄎㄜˋ
發越,1,ㄈㄚ ㄩㄝˋ
發足,1,ㄈㄚ ㄗㄨˊ
發蹙,1,ㄈㄚ ㄘㄨˋ
發躁,1,ㄈㄚ ㄗㄠˋ
發身,1,ㄈㄚ ㄕㄣ
發轎,1,ㄈㄚ ㄐㄧㄠˋ
發遣,1,ㄈㄚ ㄑㄧㄢˇ
發開,1,ㄈㄚ ㄎㄞ
發露,1,ㄈㄚ ㄌㄨˋ
發鞍,1,ㄈㄚ ㄢ
發頭,1,ㄈㄚ ㄊㄡˊ
發風,1,ㄈㄚ ㄈㄥ
發飄,1,ㄈㄚ ㄆㄧㄠ
發馬,1,ㄈㄚ ㄇㄚˇ
發騷,1,ㄈㄚ ㄙㄠ
發鬆,1,ㄈㄚ ㄙㄨㄥ
發鬧,1,ㄈㄚ ㄋㄠˋ
白事,1,ㄅㄞˊ ㄕˋ
白令,1,ㄅㄞˊ ㄌㄧㄥˋ
白住,1,ㄅㄞˊ ㄓㄨˋ
白來,1,ㄅㄞˊ ㄌㄞˊ
白俄,1,ㄅㄞˊ ㄜˊ
白刺,1,ㄅㄞˊ ㄘˋ
白前,1,ㄅㄞˊ ㄑㄧㄢˊ
白受,1,ㄅㄞˊ ㄕㄡˋ
白叟,1,ㄅㄞˊ ㄙㄡˇ
白問,1,ㄅㄞˊ ㄨㄣˋ
白囊,1,ㄅㄞˊ ㄋㄤˊ
白團,1,ㄅㄞˊ ㄊㄨㄢˊ
白圭,1,ㄅㄞˊ ㄍㄨㄟ
白堤,1,ㄅㄞˊ ㄊㄧˊ
白墠,1,ㄅㄞˊ ㄕㄢˋ
白墡,1,ㄅㄞˊ ㄕㄢˋ
白墮,1,ㄅㄞˊ ㄉㄨㄛˋ
白士,1,ㄅㄞˊ ㄕˋ
白天,1,ㄅㄞˊ ㄊㄧㄢ˙
白契,1,ㄅㄞˊ ㄑㄧˋ
白客,1,ㄅㄞˊ ㄎㄜˋ
白寶,1,ㄅㄞˊ ㄅㄠˇ
白山,1,ㄅㄞˊ ㄕㄢ
白帖,1,ㄅㄞˊ ㄊㄧㄝˋ
白幡,1,ㄅㄞˊ ㄈㄢ
白干,1,ㄅㄞˊ ㄍㄢ
白快,1,ㄅㄞˊ ㄎㄨㄞˋ
白戰,1,ㄅㄞˊ ㄓㄢˋ
白扯,1,ㄅㄞˊ ㄔㄜˇ
白拉,1,ㄅㄞˊ ㄌㄚ
白捕,1,ㄅㄞˊ ㄅㄨˇ
白撞,1,ㄅㄞˊ ㄓㄨㄤˋ
白放,1,ㄅㄞˊ ㄈㄤˋ
白教,1,ㄅㄞˊ ㄐㄧㄠ
白旄,1,ㄅㄞˊ ㄇㄠˊ
白服,1,ㄅㄞˊ ㄈㄨˊ
白望,1,ㄅㄞˊ ㄨㄤˋ
白朮,1,ㄅㄞˊ ㄓㄨˊ
白松,1,ㄅㄞˊ ㄙㄨㄥ
白案,1,ㄅㄞˊ ㄢˋ
白桐,1,ㄅㄞˊ ㄊㄨㄥˊ
白桵,1,ㄅㄞˊ ㄖㄨㄟˇ
白條,1,ㄅㄞˊ ㄊㄧㄠˊ
白梨,1,ㄅㄞˊ ㄌㄧˊ
白楝,1,ㄅㄞˊ ㄌㄧㄢˋ
白業,1,ㄅㄞˊ ㄧㄝˋ
白榆,1,ㄅㄞˊ ㄩˊ
白檀,1,ㄅㄞˊ ㄊㄢˊ
白毫,1,ㄅㄞˊ ㄏㄠˊ
白氅,1,ㄅㄞˊ ㄔㄤˇ
白氣,1,ㄅㄞˊ ㄑㄧˋ
白汗,1,ㄅㄞˊ ㄏㄢˋ
白法,1,ㄅㄞˊ ㄈㄚˇ
白洞,1,ㄅㄞˊ ㄉㄨㄥˋ
白浪,1,ㄅㄞˊ ㄌㄤˋ
白海,1,ㄅㄞˊ ㄏㄞˇ
白淨,1,ㄅㄞˊ ㄐㄧㄥ˙
白混,1,ㄅㄞˊ ㄏㄨㄣˋ
白渠,1,ㄅㄞˊ ㄑㄩˊ
白湯,1,ㄅㄞˊ ㄊㄤ
白澒,1,ㄅㄞˊ ㄏㄨㄥˋ
白澤,1,ㄅㄞˊ ㄗㄜˊ
白炭,1,ㄅㄞˊ ㄊㄢˋ
白煙,1,ㄅㄞˊ ㄧㄢ
白熾,1,ㄅㄞˊ ㄔˋ
白燒,1,ㄅㄞˊ ㄕㄠ
白物,1,ㄅㄞˊ ㄨˋ
白狄,1,ㄅㄞˊ ㄉㄧˊ
白狐,1,ㄅㄞˊ ㄏㄨˊ
白狼,1,ㄅㄞˊ ㄌㄤˊ
白猿,1,ㄅㄞˊ ㄩㄢˊ
白珩,1,ㄅㄞˊ ㄏㄥˊ
白珪,1,ㄅㄞˊ ㄍㄨㄟ
白班,1,ㄅㄞˊ ㄅㄢ
白璧,1,ㄅㄞˊ ㄅㄧˋ
白環,1,ㄅㄞˊ ㄏㄨㄢˊ
白瓷,1,ㄅㄞˊ ㄘˊ
白當,1,ㄅㄞˊ ㄉㄤ
白登,1,ㄅㄞˊ ㄉㄥ
白發,1,ㄅㄞˊ ㄈㄚ
白皁,1,ㄅㄞˊ ㄗㄠˋ
白直,1,ㄅㄞˊ ㄓˊ
白眉,1,ㄅㄞˊ ㄇㄟˊ
白瞪,1,ㄅㄞˊ ㄉㄥˋ
白砒,1,ㄅㄞˊ ㄆㄧ
白破,1,ㄅㄞˊ ㄆㄛˋ
白磁,1,ㄅㄞˊ ㄘˊ
白簡,1,ㄅㄞˊ ㄐㄧㄢˇ
白粥,1,ㄅㄞˊ ㄓㄡ
白粲,1,ㄅㄞˊ ㄘㄢˋ
白糧,1,ㄅㄞˊ ㄌㄧㄤˊ
白紵,1,ㄅㄞˊ ㄓㄨˋ
白給,1,ㄅㄞˊ ㄍㄟˇ
白羽,1,ㄅㄞˊ ㄩˇ
白翅,1,ㄅㄞˊ ㄔˋ
白翳,1,ㄅㄞˊ ㄧˋ
白膠,1,ㄅㄞˊ ㄐㄧㄠ
白膩,1,ㄅㄞˊ ㄋㄧˋ
白艾,1,ㄅㄞˊ ㄞˋ
白芋,1,ㄅㄞˊ ㄩˋ
白芍,1,ㄅㄞˊ ㄕㄠˊ
白芨,1,ㄅㄞˊ ㄐㄧˊ
白芷,1,ㄅㄞˊ ㄓˇ
白英,1,ㄅㄞˊ ㄧㄥ
白茅,1,ㄅㄞˊ ㄇㄠˊ
白茶,1,ㄅㄞˊ ㄔㄚˊ
白草,1,ㄅㄞˊ ㄘㄠˇ
白菖,1,ㄅㄞˊ ㄔㄤ
白華,1,ㄅㄞˊ ㄏㄨㄚˊ
白落,1,ㄅㄞˊ ㄌㄨㄛˋ
白著,1,ㄅㄞˊ ㄓㄨˋ
白蒿,1,ㄅㄞˊ ㄏㄠ
白薇,1,ㄅㄞˊ ㄨㄟˊ
白藤,1,ㄅㄞˊ ㄊㄥˊ
白藥,1,ㄅㄞˊ ㄧㄠˋ
白蘇,1,ㄅㄞˊ ㄙㄨ
白蘋,1,ㄅㄞˊ ㄆㄧㄣˊ
白蘚,1,ㄅㄞˊ ㄒㄧㄢˇ
白蘞,1,ㄅㄞˊ ㄌㄧㄢˋ
白虹,1,ㄅㄞˊ ㄏㄨㄥˊ
白蛸,1,ㄅㄞˊ ㄒㄧㄠ
白衫,1,ㄅㄞˊ ㄕㄢ
白袷,1,ㄅㄞˊ ㄐㄧㄚˊ
白謊,1,ㄅㄞˊ ㄏㄨㄤˇ
白財,1,ㄅㄞˊ ㄘㄞˊ
白賴,1,ㄅㄞˊ ㄌㄞˋ
白起,1,ㄅㄞˊ ㄑㄧˇ
白足,1,ㄅㄞˊ ㄗㄨˊ
白跑,1,ㄅㄞˊ ㄆㄠˇ
白身,1,ㄅㄞˊ ㄕㄣ
白醭,1,ㄅㄞˊ ㄆㄨˊ
白錢,1,ㄅㄞˊ ㄑㄧㄢˊ
白鏹,1,ㄅㄞˊ ㄑㄧㄤˇ
白鑞,1,ㄅㄞˊ ㄌㄚˋ
白門,1,ㄅㄞˊ ㄇㄣˊ
白閒,1,ㄅㄞˊ ㄐㄧㄢ
白雨,1,ㄅㄞˊ ㄩˇ
白題,1,ㄅㄞˊ ㄊㄧˊ
白顛,1,ㄅㄞˊ ㄉㄧㄢ
白饒,1,ㄅㄞˊ ㄖㄠˊ
白駒,1,ㄅㄞˊ ㄐㄩ
白魚,1,ㄅㄞˊ ㄩˊ
白鯗,1,ㄅㄞˊ ㄒㄧㄤˇ
白鰱,1,ㄅㄞˊ ㄌㄧㄢˊ
白鰷,1,ㄅㄞˊ ㄊㄧㄠˊ
白鱔,1,ㄅㄞˊ ㄕㄢˋ
白鷗,1,ㄅㄞˊ ㄡ
白鷳,1,ㄅㄞˊ ㄒㄧㄢˊ
白鸛,1,ㄅㄞˊ ㄍㄨㄢˋ
白鹿,1,ㄅㄞˊ ㄌㄨˋ
白麻,1,ㄅㄞˊ ㄇㄚˊ
白黑,1,ㄅㄞˊ ㄏㄟ
白黴,1,ㄅㄞˊ ㄇㄟˊ
白鼬,1,ㄅㄞˊ ㄧㄡˋ
白齋,1,ㄅㄞˊ ㄓㄞ
白𣎴,1,ㄅㄞˊ ㄉㄨㄣˇ
百僚,1,ㄅㄞˇ ㄌㄧㄠˊ
百六,1,ㄅㄞˇ ㄌㄧㄡˋ
百刻,1,ㄅㄞˇ ㄎㄜˋ
百劃,1,ㄅㄞˇ ㄏㄨㄚˋ
百卉,1,ㄅㄞˇ ㄏㄨㄟˋ
百口,1,ㄅㄞˇ ㄎㄡˇ
百司,1,ㄅㄞˇ ㄙ
百嘉,1,ㄅㄞˇ ㄐㄧㄚ
百城,1,ㄅㄞˇ ㄔㄥˊ
百堵,1,ㄅㄞˇ ㄉㄨˇ
百壽,1,ㄅㄞˇ ㄕㄡˋ
百寮,1,ㄅㄞˇ ㄌㄧㄠˊ
百川,1,ㄅㄞˇ ㄔㄨㄢ
百忍,1,ㄅㄞˇ ㄖㄣˇ
百念,1,ㄅㄞˇ ㄋㄧㄢˋ
百慮,1,ㄅㄞˇ ㄌㄩˋ
百憂,1,ㄅㄞˇ ㄧㄡ
百戲,1,ㄅㄞˇ ㄒㄧˋ
百拜,1,ㄅㄞˇ ㄅㄞˋ
百揆,1,ㄅㄞˇ ㄎㄨㄟˊ
百方,1,ㄅㄞˇ ㄈㄤ
百晬,1,ㄅㄞˇ ㄗㄨㄟˋ
百樂,1,ㄅㄞˇ ㄌㄜˋ
百氏,1,ㄅㄞˇ ㄕˋ
百沴,1,ㄅㄞˇ ㄌㄧˋ
百法,1,ㄅㄞˇ ㄈㄚˇ
百王,1,ㄅㄞˇ ㄨㄤˊ
百當,1,ㄅㄞˇ ㄉㄤ
百福,1,ㄅㄞˇ ㄈㄨˊ
百穀,1,ㄅㄞˇ ㄍㄨˇ
百端,1,ㄅㄞˇ ㄉㄨㄢ
百籟,1,ㄅㄞˇ ㄌㄞˋ
百粵,1,ㄅㄞˇ ㄩㄝˋ
百索,1,ㄅㄞˇ ㄙㄨㄛˇ
百罹,1,ㄅㄞˇ ㄌㄧˊ
百舌,1,ㄅㄞˇ ㄕㄜˊ
百藝,1,ㄅㄞˇ ㄧˋ
百蠻,1,ㄅㄞˇ ㄇㄢˊ
百衲,1,ㄅㄞˇ ㄋㄚˋ
百論,1,ㄅㄞˇ ㄌㄨㄣˋ
百越,1,ㄅㄞˇ ㄩㄝˋ
百辟,1,ㄅㄞˇ ㄅㄧˋ
百部,1,ㄅㄞˇ ㄅㄨˋ
百金,1,ㄅㄞˇ ㄐㄧㄣ
百雉,1,ㄅㄞˇ ㄓˋ
百頁,1,ㄅㄞˇ ㄧㄝˋ
百順,1,ㄅㄞˇ ㄕㄨㄣˋ
百體,1,ㄅㄞˇ ㄊㄧˇ
皁差,1,ㄗㄠˋ ㄔㄞ
皁快,1,ㄗㄠˋ ㄎㄨㄞˋ
皁櫪,1,ㄗㄠˋ ㄌㄧˋ
皁白,1,ㄗㄠˋ ㄅㄞˊ
皁纛,1,ㄗㄠˋ ㄉㄨˊ
皁衣,1,ㄗㄠˋ ㄧ
皁袍,1,ㄗㄠˋ ㄆㄠˊ
皁隸,1,ㄗㄠˋ ㄌㄧˋ
皁靴,1,ㄗㄠˋ ㄒㄩㄝ
皁鞋,1,ㄗㄠˋ ㄒㄧㄝˊ
皂礬,1,ㄗㄠˋ ㄈㄢˊ
皂莢,1,ㄗㄠˋ ㄐㄧㄚˊ
的些,1,ㄉㄧˋ ㄒㄧㄝ
的信,1,ㄉㄧˊ ㄒㄧㄣˋ
的士,1,ㄉㄧˊ ㄕˋ
的實,1,ㄉㄧˊ ㄕˊ
的是,1,ㄉㄧˊ ㄕˋ
的歷,1,ㄉㄧˋ ㄌㄧˋ
的決,1,ㄉㄧˊ ㄐㄩㄝˊ
的然,1,ㄉㄧˊ ㄖㄢˊ
的當,1,ㄉㄧˊ ㄉㄤˋ
的的,1,ㄉㄧˊ ㄉㄧˊ
的的,1,ㄉㄧˋ ㄉㄧˋ
的皪,1,ㄉㄧˋ ㄌㄧˋ
的盧,1,ㄉㄧˋ ㄌㄨˊ
的知,1,ㄉㄧˊ ㄓ
的耗,1,ㄉㄧˊ ㄏㄠˋ
的見,1,ㄉㄧˊ ㄐㄧㄢˋ
皆然,1,ㄐㄧㄝ ㄖㄢˊ
皇上,1,ㄏㄨㄤˊ ㄕㄤ˙
皇侃,1,ㄏㄨㄤˊ ㄎㄢˇ
皇圖,1,ㄏㄨㄤˊ ㄊㄨˊ
皇城,1,ㄏㄨㄤˊ ㄔㄥˊ
皇墳,1,ㄏㄨㄤˊ ㄈㄣˊ
皇妣,1,ㄏㄨㄤˊ ㄅㄧˇ
皇姑,1,ㄏㄨㄤˊ ㄍㄨ
皇威,1,ㄏㄨㄤˊ ㄨㄟ
皇州,1,ㄏㄨㄤˊ ㄓㄡ
皇極,1,ㄏㄨㄤˊ ㄐㄧˊ
皇甫,1,ㄏㄨㄤˊ ㄈㄨˇ
皇皇,1,ㄏㄨㄤˊ ㄏㄨㄤˊ
皇矣,1,ㄏㄨㄤˊ ㄧˇ
皇矣,1,ㄏㄨㄤˊ ㄧˊ
皇祖,1,ㄏㄨㄤˊ ㄗㄨˇ
皇統,1,ㄏㄨㄤˊ ㄊㄨㄥˇ
皇綱,1,ㄏㄨㄤˊ ㄍㄤ
皇舅,1,ㄏㄨㄤˊ ㄐㄧㄡˋ
皇舞,1,ㄏㄨㄤˊ ㄨˇ
皇覽,1,ㄏㄨㄤˊ ㄌㄢˇ
皇象,1,ㄏㄨㄤˊ ㄒㄧㄤˋ
皇輿,1,ㄏㄨㄤˊ ㄩˊ
皇辟,1,ㄏㄨㄤˊ ㄅㄧˋ
皇邑,1,ㄏㄨㄤˊ ㄧˋ
皇邸,1,ㄏㄨㄤˊ ㄉㄧˇ
皇都,1,ㄏㄨㄤˊ ㄉㄨ
皇靈,1,ㄏㄨㄤˊ ㄌㄧㄥˊ
皈正,1,ㄍㄨㄟ ㄓㄥˋ
皈身,1,ㄍㄨㄟ ㄕㄣ
皋壤,1,ㄍㄠ ㄖㄤˇ
皋比,1,ㄍㄠ ㄆㄧˊ
皋澤,1,ㄍㄠ ㄗㄜˊ
皋牢,1,ㄍㄠ ㄌㄠˊ
皋門,1,ㄍㄠ ㄇㄣˊ
皋隰,1,ㄍㄠ ㄒㄧˊ
皋魚,1,ㄍㄠ ㄩˊ
皎厲,1,ㄐㄧㄠˇ ㄌㄧˋ
皓旰,1,ㄏㄠˋ ㄍㄢˋ
皓礬,1,ㄏㄠˋ ㄈㄢˊ
皓腕,1,ㄏㄠˋ ㄨㄢˋ
皓魄,1,ㄏㄠˋ ㄆㄛˋ
皖派,1,ㄨㄢˇ ㄆㄞˋ
皙面,1,ㄒㄧ ㄇㄧㄢˋ
皚然,1,ㄞˊ ㄖㄢˊ
皜皜,1,ㄏㄠˋ ㄏㄠˋ
皞皞,1,ㄏㄠˋ ㄏㄠˋ
皤然,1,ㄆㄛˊ ㄖㄢˊ
皦如,1,ㄐㄧㄠˇ ㄖㄨˊ
皦日,1,ㄐㄧㄠˇ ㄖˋ
皦皦,1,ㄐㄧㄠˇ ㄐㄧㄠˇ
皭然,1,ㄐㄧㄠˋ ㄖㄢˊ
皭皭,1,ㄐㄧㄠˋ ㄐㄧㄠˋ
皮傅,1,ㄆㄧˊ ㄈㄨˋ
皮冠,1,ㄆㄧˊ ㄍㄨㄢ
皮列,1,ㄆㄧˊ ㄌㄧㄝˋ
皮匠,1,ㄆㄧˊ ㄐㄧㄤ˙
皮匣,1,ㄆㄧˊ ㄒㄧㄚˊ
皮塑,1,ㄆㄧˊ ㄙㄨˋ
皮婚,1,ㄆㄧˊ ㄏㄨㄣ
皮實,1,ㄆㄧˊ ㄕ˙
皮尺,1,ㄆㄧˊ ㄔˇ
皮島,1,ㄆㄧˊ ㄉㄠˇ
皮幣,1,ㄆㄧˊ ㄅㄧˋ
皮弁,1,ㄆㄧˊ ㄅㄧㄢˋ
皮張,1,ㄆㄧˊ ㄓㄤ
皮故,1,ㄆㄧˊ ㄍㄨˋ
皮果,1,ㄆㄧˊ ㄍㄨㄛˇ
皮格,1,ㄆㄧˊ ㄍㄜˊ
皮水,1,ㄆㄧˊ ㄕㄨㄟˇ
皮漏,1,ㄆㄧˊ ㄌㄡˋ
皮瑞,1,ㄆㄧˊ ㄖㄨㄟˋ
皮硝,1,ㄆㄧˊ ㄒㄧㄠ
皮簧,1,ㄆㄧˊ ㄏㄨㄤˊ
皮纏,1,ㄆㄧˊ ㄔㄢˊ
皮臉,1,ㄆㄧˊ ㄌㄧㄢˇ
皮船,1,ㄆㄧˊ ㄔㄨㄢˊ
皮花,1,ㄆㄧˊ ㄏㄨㄚ
皮裘,1,ㄆㄧˊ ㄑㄧㄡˊ
皮軒,1,ㄆㄧˊ ㄒㄩㄢ
皮郛,1,ㄆㄧˊ ㄈㄨˊ
皮重,1,ㄆㄧˊ ㄓㄨㄥˋ
皮雕,1,ㄆㄧˊ ㄉㄧㄠ
皮鬆,1,ㄆㄧˊ ㄙㄨㄥ
皴節,1,ㄘㄨㄣ ㄐㄧㄝˊ
皴裂,1,ㄘㄨㄣ ㄌㄧㄝˋ
皸裂,1,ㄐㄩㄣ ㄌㄧㄝˋ
皺彆,1,ㄓㄡˋ ㄅㄧㄝ
皺彆,1,ㄓㄡˋ ㄅㄧㄝˋ
皺襞,1,ㄓㄡˋ ㄅㄧˋ
盃酌,1,ㄅㄟ ㄓㄨㄛˊ
盅子,1,ㄓㄨㄥ ㄗ˙
盆下,1,ㄆㄣˊ ㄒㄧㄚˋ
盆吊,1,ㄆㄣˊ ㄉㄧㄠˋ
盆堂,1,ㄆㄣˊ ㄊㄤˊ
盆弔,1,ㄆㄣˊ ㄉㄧㄠˋ
盆湯,1,ㄆㄣˊ ㄊㄤ
盆腔,1,ㄆㄣˊ ㄑㄧㄤ
盆花,1,ㄆㄣˊ ㄏㄨㄚ
盆菜,1,ㄆㄣˊ ㄘㄞˋ
盈室,1,ㄧㄥˊ ㄕˋ
盈手,1,ㄧㄥˊ ㄕㄡˇ
盈把,1,ㄧㄥˊ ㄅㄚˇ
盈掬,1,ㄧㄥˊ ㄐㄩˊ
盈眶,1,ㄧㄥˊ ㄎㄨㄤ
盈眸,1,ㄧㄥˊ ㄇㄡˊ
盈積,1,ㄧㄥˊ ㄐㄧ
盈縮,1,ㄧㄥˊ ㄙㄨˋ
盈耳,1,ㄧㄥˊ ㄦˇ
盈視,1,ㄧㄥˊ ㄕˋ
益氣,1,ㄧˋ ㄑㄧˋ
益處,1,ㄧˋ ㄔㄨ˙
盍簪,1,ㄏㄜˊ ㄗㄢ
盎盎,1,ㄤˋ ㄤˋ
盒餐,1,ㄏㄜˊ ㄘㄢ
盔子,1,ㄎㄨㄟ ㄗ˙
盔頭,1,ㄎㄨㄟ ㄊㄡ˙
盛价,1,ㄕㄥˋ ㄐㄧㄝˋ
盛冬,1,ㄕㄥˋ ㄉㄨㄥ
盛放,1,ㄔㄥˊ ㄈㄤˋ
盛殮,1,ㄔㄥˊ ㄌㄧㄢ˙
盛王,1,ㄕㄥˋ ㄨㄤˊ
盛顏,1,ㄕㄥˋ ㄧㄢˊ
盛飾,1,ㄕㄥˋ ㄕˋ
盛饌,1,ㄕㄥˋ ㄓㄨㄢˋ
盛鬋,1,ㄕㄥˋ ㄐㄧㄢ
盜儒,1,ㄉㄠˋ ㄖㄨˊ
盜劫,1,ㄉㄠˋ ㄐㄧㄝˊ
盜弄,1,ㄉㄠˋ ㄋㄨㄥˋ
盜採,1,ㄉㄠˋ ㄘㄞˇ
盜木,1,ㄉㄠˋ ㄇㄨˋ
盜案,1,ㄉㄠˋ ㄢˋ
盜泉,1,ㄉㄠˋ ㄑㄩㄢˊ
盜犯,1,ㄉㄠˋ ㄈㄢˋ
盜獵,1,ㄉㄠˋ ㄌㄧㄝˋ
盜窟,1,ㄉㄠˋ ㄎㄨ
盜竽,1,ㄉㄠˋ ㄩˊ
盜藪,1,ㄉㄠˋ ㄙㄡˇ
盜詩,1,ㄉㄠˋ ㄕ
盜跖,1,ㄉㄠˋ ㄓˊ
盜錄,1,ㄉㄠˋ ㄌㄨˋ
盜鐘,1,ㄉㄠˋ ㄓㄨㄥ
盜馬,1,ㄉㄠˋ ㄇㄚˇ
盜騙,1,ㄉㄠˋ ㄆㄧㄢˋ
盜魁,1,ㄉㄠˋ ㄎㄨㄟˊ
盝頂,1,ㄌㄨˋ ㄉㄧㄥˇ
盟墨,1,ㄇㄥˊ ㄇㄛˋ
盟府,1,ㄇㄥˊ ㄈㄨˇ
盟津,1,ㄇㄥˋ ㄐㄧㄣ
盟長,1,ㄇㄥˊ ㄓㄤˇ
盡世,1,ㄐㄧㄣˋ ㄕˋ
盡人,1,ㄐㄧㄣˋ ㄖㄣˊ
盡去,1,ㄐㄧㄣˋ ㄑㄩˋ
盡命,1,ㄐㄧㄣˋ ㄇㄧㄥˋ
盡席,1,ㄐㄧㄣˋ ㄒㄧˊ
盡年,1,ㄐㄧㄣˋ ㄋㄧㄢˊ
盡日,1,ㄐㄧㄣˋ ㄖˋ
盡禮,1,ㄐㄧㄣˋ ㄌㄧˇ
盡節,1,ㄐㄧㄣˋ ㄐㄧㄝˊ
盡言,1,ㄐㄧㄣˋ ㄧㄢˊ
盡述,1,ㄐㄧㄣˋ ㄕㄨˋ
監司,1,ㄐㄧㄢ ㄙ
監守,1,ㄐㄧㄢ ㄕㄡˇ
監寺,1,ㄐㄧㄢ ㄙˋ
監廚,1,ㄐㄧㄢ ㄔㄨˊ
監所,1,ㄐㄧㄢ ㄙㄨㄛˇ
監斬,1,ㄐㄧㄢ ㄓㄢˇ
監本,1,ㄐㄧㄢˋ ㄅㄣˇ
監生,1,ㄐㄧㄢˋ ㄕㄥ
監繫,1,ㄐㄧㄢ ㄒㄧˋ
監臨,1,ㄐㄧㄢ ㄌㄧㄣˊ
監覷,1,ㄐㄧㄢ ㄑㄩˋ
監解,1,ㄐㄧㄢ ㄐㄧㄝˇ
監運,1,ㄐㄧㄢ ㄩㄣˋ
監鋪,1,ㄐㄧㄢ ㄆㄨˋ
監門,1,ㄐㄧㄢ ㄇㄣˊ
盤互,1,ㄆㄢˊ ㄏㄨˋ
盤亙,1,ㄆㄢˊ ㄍㄣˋ
盤匜,1,ㄆㄢˊ ㄧˊ
盤堆,1,ㄆㄢˊ ㄉㄨㄟ
盤察,1,ㄆㄢˊ ㄔㄚˊ
盤川,1,ㄆㄢˊ ㄔㄨㄢ
盤帳,1,ㄆㄢˊ ㄓㄤˋ
盤店,1,ㄆㄢˊ ㄉㄧㄢˋ
盤攏,1,ㄆㄢˊ ㄌㄨㄥˇ
盤攪,1,ㄆㄢˊ ㄐㄧㄠˇ
盤放,1,ㄆㄢˊ ㄈㄤˋ
盤松,1,ㄆㄢˊ ㄙㄨㄥ
盤案,1,ㄆㄢˊ ㄢˋ
盤梯,1,ㄆㄢˊ ㄊㄧ
盤槅,1,ㄆㄢˊ ㄍㄜˊ
盤水,1,ㄆㄢˊ ㄕㄨㄟˇ
盤涉,1,ㄆㄢˊ ㄕㄜˋ
盤渦,1,ㄆㄢˊ ㄨㄛ
盤牙,1,ㄆㄢˊ ㄧㄚˊ
盤獲,1,ㄆㄢˊ ㄏㄨㄛˋ
盤玉,1,ㄆㄢˊ ㄩˋ
盤球,1,ㄆㄢˊ ㄑㄧㄡˊ
盤瓠,1,ㄆㄢˊ ㄏㄨˋ
盤盂,1,ㄆㄢˊ ㄩˊ
盤盤,1,ㄆㄢˊ ㄆㄢˊ
盤礴,1,ㄆㄢˊ ㄅㄛˊ
盤秤,1,ㄆㄢˊ ㄔㄥˋ
盤程,1,ㄆㄢˊ ㄔㄥˊ
盤究,1,ㄆㄢˊ ㄐㄧㄡˋ
盤算,1,ㄆㄢˊ ㄙㄨㄢ˙
盤紆,1,ㄆㄢˊ ㄩ
盤纏,1,ㄆㄢˊ ㄔㄢ˙
盤羊,1,ㄆㄢˊ ㄧㄤˊ
盤考,1,ㄆㄢˊ ㄎㄠˇ
盤舞,1,ㄆㄢˊ ㄨˇ
盤菜,1,ㄆㄢˊ ㄘㄞˋ
盤薄,1,ㄆㄢˊ ㄅㄛˊ
盤蛇,1,ㄆㄢˊ ㄕㄜˊ
盤術,1,ㄆㄢˊ ㄕㄨˋ
盤街,1,ㄆㄢˊ ㄐㄧㄝ
盤話,1,ㄆㄢˊ ㄏㄨㄚˋ
盤讓,1,ㄆㄢˊ ㄖㄤˋ
盤踅,1,ㄆㄢˊ ㄒㄩㄝˊ
盤蹲,1,ㄆㄢˊ ㄉㄨㄣ
盤逸,1,ㄆㄢˊ ㄧˋ
盤遊,1,ㄆㄢˊ ㄧㄡˊ
盤運,1,ㄆㄢˊ ㄩㄣˋ
盤道,1,ㄆㄢˊ ㄉㄠˋ
盤陀,1,ㄆㄢˊ ㄊㄨㄛˊ
盤飧,1,ㄆㄢˊ ㄙㄨㄣ
盤饌,1,ㄆㄢˊ ㄓㄨㄢˋ
盤馬,1,ㄆㄢˊ ㄇㄚˇ
盤驗,1,ㄆㄢˊ ㄧㄢˋ
盤鴉,1,ㄆㄢˊ ㄧㄚ
盤龍,1,ㄆㄢˊ ㄌㄨㄥˊ
盥帨,1,ㄍㄨㄢˋ ㄕㄨㄟˋ
盥櫛,1,ㄍㄨㄢˋ ㄐㄧㄝˊ
盥漱,1,ㄍㄨㄢˋ ㄙㄡˋ
盥濯,1,ㄍㄨㄢˋ ㄓㄨㄛˊ
盧令,1,ㄌㄨˊ ㄌㄧㄥˋ
盧前,1,ㄌㄨˊ ㄑㄧㄢˊ
盧同,1,ㄌㄨˊ ㄊㄨㄥˊ
盧摯,1,ㄌㄨˊ ㄓˋ
盧犬,1,ㄌㄨˊ ㄑㄩㄢˇ
盧綸,1,ㄌㄨˊ ㄌㄨㄣˊ
盧胡,1,ㄌㄨˊ ㄏㄨˊ
盧醫,1,ㄌㄨˊ ㄧ
盪寒,1,ㄉㄤˋ ㄏㄢˊ
盪酒,1,ㄉㄤˋ ㄐㄧㄡˇ
盪風,1,ㄉㄤˋ ㄈㄥ
盭夫,1,ㄌㄧˋ ㄈㄨ
盭綬,1,ㄌㄧˋ ㄕㄡˋ
目今,1,ㄇㄨˋ ㄐㄧㄣ
目即,1,ㄇㄨˋ ㄐㄧˊ
目成,1,ㄇㄨˋ ㄔㄥˊ
目斷,1,ㄇㄨˋ ㄉㄨㄢˋ
目波,1,ㄇㄨˋ ㄅㄛ
目生,1,ㄇㄨˋ ㄕㄥ
目眥,1,ㄇㄨˋ ㄗˋ
目禁,1,ㄇㄨˋ ㄐㄧㄣˋ
目笑,1,ㄇㄨˋ ㄒㄧㄠˋ
目精,1,ㄇㄨˋ ㄐㄧㄥ
目耕,1,ㄇㄨˋ ㄍㄥ
目聽,1,ㄇㄨˋ ㄊㄧㄥ
目語,1,ㄇㄨˋ ㄩˇ
目論,1,ㄇㄨˋ ㄌㄨㄣˋ
目逃,1,ㄇㄨˋ ㄊㄠˊ
目逆,1,ㄇㄨˋ ㄋㄧˋ
目連,1,ㄇㄨˋ ㄌㄧㄢˊ
盱盱,1,ㄒㄩ ㄒㄩ
盱眙,1,ㄒㄩ ㄧˊ
盱衡,1,ㄒㄩ ㄏㄥˊ
盱鬩,1,ㄒㄩ ㄒㄧˋ
盲信,1,ㄇㄤˊ ㄒㄧㄣˋ
盲兒,1,ㄇㄤˊ ㄦˊ
盲子,1,ㄇㄤˊ ㄗ˙
盲字,1,ㄇㄤˊ ㄗˋ
盲幹,1,ㄇㄤˊ ㄍㄢˋ
盲文,1,ㄇㄤˊ ㄨㄣˊ
盲棋,1,ㄇㄤˊ ㄑㄧˊ
盲溝,1,ㄇㄤˊ ㄍㄡ
盲蛇,1,ㄇㄤˊ ㄕㄜˊ
盲詞,1,ㄇㄤˊ ㄘˊ
盲風,1,ㄇㄤˊ ㄈㄥ
盲鰻,1,ㄇㄤˊ ㄇㄢˊ
直入,1,ㄓˊ ㄖㄨˋ
直宿,1,ㄓˊ ㄙㄨˋ
直己,1,ㄓˊ ㄐㄧˇ
直待,1,ㄓˊ ㄉㄞˋ
直得,1,ㄓˊ ㄉㄜˊ
直恁,1,ㄓˊ ㄖㄣˋ
直截,1,ㄓˊ ㄐㄧㄝˊ
直承,1,ㄓˊ ㄔㄥˊ
直指,1,ㄓˊ ㄓˇ
直捷,1,ㄓˊ ㄐㄧㄝˊ
直教,1,ㄓˊ ㄐㄧㄠˋ
直斥,1,ㄓˊ ㄔˋ
直是,1,ㄓˊ ㄕˋ
直根,1,ㄓˊ ㄍㄣ
直沽,1,ㄓˊ ㄍㄨ
直溜,1,ㄓˊ ㄌㄧㄡ˙
直直,1,ㄓˊ ㄓˊ
直節,1,ㄓˊ ㄐㄧㄝˊ
直紋,1,ㄓˊ ㄨㄣˊ
直繫,1,ㄓˊ ㄒㄧˋ
直聲,1,ㄓˊ ㄕㄥ
直脈,1,ㄓˊ ㄇㄞˋ
直臣,1,ㄓˊ ㄔㄣˊ
直自,1,ㄓˊ ㄗˋ
直致,1,ㄓˊ ㄓˋ
直裰,1,ㄓˊ ㄉㄨㄛˊ
直襬,1,ㄓˊ ㄅㄞˇ
直話,1,ㄓˊ ㄏㄨㄚˋ
直諒,1,ㄓˊ ㄌㄧㄤˋ
直豁,1,ㄓˊ ㄏㄨㄛˋ
直豎,1,ㄓˊ ㄕㄨˋ
直身,1,ㄓˊ ㄕㄣ
直躬,1,ㄓˊ ㄍㄨㄥ
直閣,1,ㄓˊ ㄍㄜˊ
直音,1,ㄓˊ ㄧㄣ
直餾,1,ㄓˊ ㄌㄧㄡˋ
相仍,1,ㄒㄧㄤ ㄖㄥˊ
相併,1,ㄒㄧㄤ ㄅㄧㄥˋ
相保,1,ㄒㄧㄤ ㄅㄠˇ
相倣,1,ㄒㄧㄤ ㄈㄤˇ
相偕,1,ㄒㄧㄤ ㄒㄧㄝˊ
相公,1,ㄒㄧㄤˋ ㄍㄨㄥ˙
相切,1,ㄒㄧㄤ ㄑㄧㄝˋ
相印,1,ㄒㄧㄤ ㄧㄣˋ
相印,1,ㄒㄧㄤˋ ㄧㄣˋ
相厚,1,ㄒㄧㄤ ㄏㄡˋ
相叫,1,ㄒㄧㄤ ㄐㄧㄠˋ
相和,1,ㄒㄧㄤ ㄏㄜˋ
相喚,1,ㄒㄧㄤ ㄏㄨㄢˋ
相因,1,ㄒㄧㄤ ㄧㄣ
相坐,1,ㄒㄧㄤ ㄗㄨㄛˋ
相失,1,ㄒㄧㄤ ㄕ
相契,1,ㄒㄧㄤ ㄑㄧˋ
相字,1,ㄒㄧㄤˋ ㄗˋ
相宥,1,ㄒㄧㄤ ㄧㄡˋ
相將,1,ㄒㄧㄤ ㄐㄧㄤ
相尋,1,ㄒㄧㄤ ㄒㄩㄣˊ
相屬,1,ㄒㄧㄤ ㄓㄨˇ
相從,1,ㄒㄧㄤ ㄘㄨㄥˊ
相應,1,ㄒㄧㄤ ㄧㄥ
相戀,1,ㄒㄧㄤ ㄌㄧㄢˋ
相承,1,ㄒㄧㄤ ㄔㄥˊ
相抱,1,ㄒㄧㄤ ㄅㄠˋ
相搏,1,ㄒㄧㄤ ㄅㄛˊ
相擾,1,ㄒㄧㄤ ㄖㄠˇ
相救,1,ㄒㄧㄤ ㄐㄧㄡˋ
相於,1,ㄒㄧㄤ ㄩˊ
相易,1,ㄒㄧㄤ ㄧˋ
相時,1,ㄒㄧㄤˋ ㄕˊ
相期,1,ㄒㄧㄤ ㄑㄧˊ
相框,1,ㄒㄧㄤˋ ㄎㄨㄤ
相次,1,ㄒㄧㄤ ㄘˋ
相比,1,ㄒㄧㄤ ㄅㄧˋ
相法,1,ㄒㄧㄤˋ ㄈㄚˇ
相激,1,ㄒㄧㄤ ㄐㄧ
相濟,1,ㄒㄧㄤ ㄐㄧˋ
相為,1,ㄒㄧㄤ ㄨㄟˊ
相熟,1,ㄒㄧㄤ ㄕㄨˊ
相父,1,ㄒㄧㄤˋ ㄈㄨˋ
相狎,1,ㄒㄧㄤ ㄒㄧㄚˊ
相王,1,ㄒㄧㄤˋ ㄨㄤˊ
相生,1,ㄒㄧㄤ ㄕㄥ
相看,1,ㄒㄧㄤ ㄎㄢ
相看,1,ㄒㄧㄤ ㄎㄢ˙
相禮,1,ㄒㄧㄤˋ ㄌㄧˇ
相稱,1,ㄒㄧㄤ ㄔㄥˋ
相結,1,ㄒㄧㄤ ㄐㄧㄝˊ
相羊,1,ㄒㄧㄤ ㄧㄤˊ
相者,1,ㄒㄧㄤˋ ㄓㄜˇ
相聯,1,ㄒㄧㄤ ㄌㄧㄢˊ
相臺,1,ㄒㄧㄤˋ ㄊㄞˊ
相襯,1,ㄒㄧㄤ ㄔㄣˋ
相襲,1,ㄒㄧㄤ ㄒㄧˊ
相親,1,ㄒㄧㄤ ㄑㄧㄣ
相覷,1,ㄒㄧㄤ ㄑㄩˋ
相訾,1,ㄒㄧㄤ ㄗˇ
相趁,1,ㄒㄧㄤ ㄔㄣˋ
相輕,1,ㄒㄧㄤ ㄑㄧㄥ
相逼,1,ㄒㄧㄤ ㄅㄧ
相過,1,ㄒㄧㄤ ㄍㄨㄛˋ
相風,1,ㄒㄧㄤˋ ㄈㄥ
相馬,1,ㄒㄧㄤˋ ㄇㄚˇ
相體,1,ㄒㄧㄤˋ ㄊㄧˇ
相鼠,1,ㄒㄧㄤˋ ㄕㄨˇ
盹睡,1,ㄉㄨㄣˇ ㄕㄨㄟˋ
盻盻,1,ㄒㄧˋ ㄒㄧˋ
盼倩,1,ㄆㄢˋ ㄑㄧㄢˋ
盼睞,1,ㄆㄢˋ ㄌㄞˋ
盼頭,1,ㄆㄢˋ ㄊㄡ˙
省事,1,ㄒㄧㄥˇ ㄕˋ
省令,1,ㄕㄥˇ ㄌㄧㄥˋ
省便,1,ㄕㄥˇ ㄅㄧㄢˋ
省元,1,ㄕㄥˇ ㄩㄢˊ
省可,1,ㄕㄥˇ ㄎㄜˇ
省垣,1,ㄕㄥˇ ㄩㄢˊ
省家,1,ㄕㄥˇ ㄐㄧㄚ
省形,1,ㄕㄥˇ ㄒㄧㄥˊ
省得,1,ㄒㄧㄥˇ ㄉㄜ˙
省得,1,ㄕㄥˇ ㄉㄜ˙
省心,1,ㄕㄥˇ ㄒㄧㄣ
省戒,1,ㄒㄧㄥˇ ㄐㄧㄝˋ
省會,1,ㄒㄧㄥˇ ㄏㄨㄟˋ
省聲,1,ㄕㄥˇ ㄕㄥ
省見,1,ㄒㄧㄥˇ ㄐㄧㄢˋ
省記,1,ㄒㄧㄥˇ ㄐㄧˋ
省諭,1,ㄒㄧㄥˇ ㄩˋ
省識,1,ㄒㄧㄥˇ ㄕˋ
省陌,1,ㄕㄥˇ ㄇㄛˋ
省風,1,ㄒㄧㄥˇ ㄈㄥ
眄眄,1,ㄇㄧㄢˇ ㄇㄧㄢˇ
眄睞,1,ㄇㄧㄢˇ ㄌㄞˋ
眇然,1,ㄇㄧㄠˇ ㄖㄢˊ
眇覿,1,ㄇㄧㄠˇ ㄉㄧˊ
眇風,1,ㄇㄧㄠˇ ㄈㄥ
眇默,1,ㄇㄧㄠˇ ㄇㄛˋ
眈眈,1,ㄉㄢ ㄉㄢ
眈視,1,ㄉㄢ ㄕˋ
眉刷,1,ㄇㄟˊ ㄕㄨㄚ
眉勢,1,ㄇㄟˊ ㄕˋ
眉史,1,ㄇㄟˊ ㄕˇ
眉單,1,ㄇㄟˊ ㄉㄢ
眉壽,1,ㄇㄟˊ ㄕㄡˋ
眉尖,1,ㄇㄟˊ ㄐㄧㄢ
眉山,1,ㄇㄟˊ ㄕㄢ
眉棱,1,ㄇㄟˊ ㄌㄥˊ
眉甲,1,ㄇㄟˊ ㄐㄧㄚˇ
眉稜,1,ㄇㄟˊ ㄌㄥˊ
眉立,1,ㄇㄟˊ ㄌㄧˋ
眉繭,1,ㄇㄟˊ ㄐㄧㄢˇ
眉語,1,ㄇㄟˊ ㄩˇ
眉軒,1,ㄇㄟˊ ㄒㄩㄢ
眉開,1,ㄇㄟˊ ㄎㄞ
眉面,1,ㄇㄟˊ ㄇㄧㄢˋ
眊眊,1,ㄇㄠˋ ㄇㄠˋ
眊聵,1,ㄇㄠˋ ㄎㄨㄟˋ
看上,1,ㄎㄢˋ ㄕㄤ˙
看俏,1,ㄎㄢˋ ㄑㄧㄠˋ
看取,1,ㄎㄢˋ ㄑㄩˇ
看呆,1,ㄎㄢˋ ㄉㄞ
看墳,1,ㄎㄢ ㄈㄣˊ
看小,1,ㄎㄢˋ ㄒㄧㄠˇ
看席,1,ㄎㄢˋ ㄒㄧˊ
看承,1,ㄎㄢˋ ㄔㄥˊ
看更,1,ㄎㄢˋ ㄍㄥ
看看,1,ㄎㄢ ㄎㄢ
看看,1,ㄎㄢˋ ㄎㄢ˙
看脈,1,ㄎㄢˋ ㄇㄞˋ
看茶,1,ㄎㄢˋ ㄔㄚˊ
看見,1,ㄎㄢˋ ㄐㄧㄢ˙
看覷,1,ㄎㄢˋ ㄑㄩˋ
看轎,1,ㄎㄢˋ ㄐㄧㄠˋ
看酒,1,ㄎㄢˋ ㄐㄧㄡˇ
看青,1,ㄎㄢ ㄑㄧㄥ
看風,1,ㄎㄢ ㄈㄥ
眕眕,1,ㄓㄣˇ ㄓㄣˇ
眕眼,1,ㄓㄣˇ ㄧㄢˇ
眚沴,1,ㄕㄥˇ ㄌㄧˋ
眚災,1,ㄕㄥˇ ㄗㄞ
真個,1,ㄓㄣ ㄍㄜˋ
真元,1,ㄓㄣ ㄩㄢˊ
真君,1,ㄓㄣ ㄐㄩㄣ
真妄,1,ㄓㄣ ㄨㄤˋ
真字,1,ㄓㄣ ㄗˋ
真宇,1,ㄓㄣ ㄩˇ
真官,1,ㄓㄣ ㄍㄨㄢ
真宰,1,ㄓㄣ ㄗㄞˇ
真影,1,ㄓㄣ ㄧㄥˇ
真果,1,ㄓㄣ ㄍㄨㄛˇ
真氣,1,ㄓㄣ ㄑㄧˋ
真瓷,1,ㄓㄣ ㄘˊ
真章,1,ㄓㄣ ㄓㄤ
真筆,1,ㄓㄣ ㄅㄧˇ
真純,1,ㄓㄣ ㄔㄨㄣˊ
真經,1,ㄓㄣ ㄐㄧㄥ
真臘,1,ㄓㄣ ㄌㄚˋ
真言,1,ㄓㄣ ㄧㄢˊ
真詮,1,ㄓㄣ ㄑㄩㄢˊ
真譜,1,ㄓㄣ ㄆㄨˇ
真贓,1,ㄓㄣ ㄗㄤ
真贗,1,ㄓㄣ ㄧㄢˋ
真趣,1,ㄓㄣ ㄑㄩˋ
真際,1,ㄓㄣ ㄐㄧˋ
真鯛,1,ㄓㄣ ㄉㄧㄠ
眠川,1,ㄇㄧㄢˊ ㄔㄨㄢ
眠床,1,ㄇㄧㄢˊ ㄔㄨㄤˊ
眠輿,1,ㄇㄧㄢˊ ㄩˊ
眠雲,1,ㄇㄧㄢˊ ㄩㄣˊ
眢井,1,ㄩㄢ ㄐㄧㄥˇ
眥目,1,ㄗˋ ㄇㄨˋ
眥睚,1,ㄗˋ ㄧㄞˊ
眨巴,1,ㄓㄚˇ ㄅㄚ˙
眩曜,1,ㄒㄩㄢˋ ㄧㄠˋ
眩眩,1,ㄒㄩㄢˋ ㄒㄩㄢˋ
眴煥,1,ㄒㄩㄢˋ ㄏㄨㄢˋ
眴眴,1,ㄒㄩㄢˋ ㄒㄩㄢˋ
眴轉,1,ㄒㄩㄢˋ ㄓㄨㄢˇ
眷佑,1,ㄐㄩㄢˋ ㄧㄡˋ
眷保,1,ㄐㄩㄢˋ ㄅㄠˇ
眷姻,1,ㄐㄩㄢˋ ㄧㄣ
眷族,1,ㄐㄩㄢˋ ㄗㄨˊ
眷生,1,ㄐㄩㄢˋ ㄕㄥ
眷眷,1,ㄐㄩㄢˋ ㄐㄩㄢˋ
眷舍,1,ㄐㄩㄢˋ ㄕㄜˋ
眷言,1,ㄐㄩㄢˋ ㄧㄢˊ
眷遇,1,ㄐㄩㄢˋ ㄩˋ
眷齒,1,ㄐㄩㄢˋ ㄔˇ
眺探,1,ㄊㄧㄠˋ ㄊㄢˋ
眺臺,1,ㄊㄧㄠˋ ㄊㄞˊ
眼同,1,ㄧㄢˇ ㄊㄨㄥˊ
眼壓,1,ㄧㄢˇ ㄧㄚ
眼大,1,ㄧㄢˇ ㄉㄚˋ
眼庫,1,ㄧㄢˇ ㄎㄨˋ
眼慢,1,ㄧㄢˇ ㄇㄢˋ
眼挫,1,ㄧㄢˇ ㄘㄨㄛˋ
眼格,1,ㄧㄢˇ ㄍㄜˊ
眼梢,1,ㄧㄢˇ ㄕㄠ
眼毒,1,ㄧㄢˇ ㄉㄨˊ
眼泡,1,ㄧㄢˇ ㄆㄠ
眼眉,1,ㄧㄢˇ ㄇㄟˊ
眼眵,1,ㄧㄢˇ ㄔ
眼神,1,ㄧㄢˇ ㄕㄣ˙
眼穿,1,ㄧㄢˇ ㄔㄨㄢ
眼翳,1,ㄧㄢˇ ㄧˋ
眼腦,1,ㄧㄢˇ ㄋㄠˇ
眼色,1,ㄧㄢˇ ㄙㄜ˙
眼語,1,ㄧㄢˇ ㄩˇ
眼跳,1,ㄧㄢˇ ㄊㄧㄠˋ
眼辨,1,ㄧㄢˇ ㄅㄧㄢˋ
眼離,1,ㄧㄢˇ ㄌㄧˊ
眼餳,1,ㄧㄢˇ ㄒㄧㄥˊ
眼饞,1,ㄧㄢˇ ㄔㄢˊ
眼高,1,ㄧㄢˇ ㄍㄠ
眼點,1,ㄧㄢˇ ㄉㄧㄢˇ
眽眽,1,ㄇㄛˋ ㄇㄛˋ
眾位,1,ㄓㄨㄥˋ ㄨㄟˋ
眾庶,1,ㄓㄨㄥˋ ㄕㄨˋ
眾怒,1,ㄓㄨㄥˋ ㄋㄨˋ
眾說,1,ㄓㄨㄥˋ ㄕㄨㄛ
眾論,1,ㄓㄨㄥˋ ㄌㄨㄣˋ
睃眼,1,ㄐㄩㄣˋ ㄧㄢˇ
睃趁,1,ㄐㄩㄣˋ ㄔㄣˋ
睆睆,1,ㄏㄨㄢˇ ㄏㄨㄢˇ
睆睍,1,ㄏㄨㄢˇ ㄒㄧㄢˋ
睇眄,1,ㄉㄧˋ ㄇㄧㄢˇ
睊睊,1,ㄐㄩㄢˋ ㄐㄩㄢˋ
睋而,1,ㄜˊ ㄦˊ
睍睆,1,ㄒㄧㄢˋ ㄏㄨㄢˇ
睍睍,1,ㄒㄧㄢˋ ㄒㄧㄢˋ
睏倦,1,ㄎㄨㄣˋ ㄐㄩㄢˋ
睏覺,1,ㄎㄨㄣˋ ㄐㄧㄠˋ
睒睒,1,ㄕㄢˇ ㄕㄢˇ
睒睗,1,ㄕㄢˇ ㄕˋ
睚眥,1,ㄧㄚˊ ㄗˋ
睛球,1,ㄐㄧㄥ ㄑㄧㄡˊ
睟容,1,ㄙㄨㄟˋ ㄖㄨㄥˊ
睠睠,1,ㄐㄩㄢˋ ㄐㄩㄢˋ
睡仙,1,ㄕㄨㄟˋ ㄒㄧㄢ
睡覺,1,ㄕㄨㄟˋ ㄐㄩㄝˊ
睡語,1,ㄕㄨㄟˋ ㄩˇ
睡鞋,1,ㄕㄨㄟˋ ㄒㄧㄝˊ
睡魔,1,ㄕㄨㄟˋ ㄇㄛˊ
睡鴨,1,ㄕㄨㄟˋ ㄧㄚ
睢河,1,ㄙㄨㄟ ㄏㄜˊ
睢盱,1,ㄙㄨㄟ ㄒㄩ
睢睢,1,ㄙㄨㄟ ㄙㄨㄟ
睢維,1,ㄙㄨㄟ ㄨㄟˊ
睢陽,1,ㄙㄨㄟ ㄧㄤˊ
督催,1,ㄉㄨ ㄘㄨㄟ
督役,1,ㄉㄨ ㄧˋ
督策,1,ㄉㄨ ㄘㄜˋ
督緝,1,ㄉㄨ ㄑㄧˋ
督過,1,ㄉㄨ ㄍㄨㄛˋ
睦誼,1,ㄇㄨˋ ㄧˋ
睫體,1,ㄐㄧㄝˊ ㄊㄧˇ
睮睮,1,ㄩˊ ㄩˊ
睽孤,1,ㄎㄨㄟˊ ㄍㄨ
睽異,1,ㄎㄨㄟˊ ㄧˋ
睽睽,1,ㄎㄨㄟˊ ㄎㄨㄟˊ
睿旨,1,ㄖㄨㄟˋ ㄓˇ
睿藻,1,ㄖㄨㄟˋ ㄗㄠˇ
瞀亂,1,ㄇㄠˋ ㄌㄨㄢˋ
瞀儒,1,ㄇㄠˋ ㄖㄨˊ
瞅問,1,ㄔㄡˇ ㄨㄣˋ
瞅睬,1,ㄔㄡˇ ㄘㄞˇ
瞅緊,1,ㄔㄡˇ ㄐㄧㄣˇ
瞇睎,1,ㄇㄧ ㄒㄧ
瞎帳,1,ㄒㄧㄚ ㄓㄤˋ
瞎想,1,ㄒㄧㄚ ㄒㄧㄤˇ
瞎拼,1,ㄒㄧㄚ ㄆㄧㄣ
瞎撞,1,ㄒㄧㄚ ㄓㄨㄤˋ
瞎攪,1,ㄒㄧㄚ ㄍㄠˇ
瞎畫,1,ㄒㄧㄚ ㄏㄨㄚˋ
瞎碰,1,ㄒㄧㄚ ㄆㄥˋ
瞏瞏,1,ㄑㄩㄥˊ ㄑㄩㄥˊ
瞑想,1,ㄇㄧㄥˊ ㄒㄧㄤˇ
瞑眩,1,ㄇㄧㄢˋ ㄒㄩㄢˋ
瞑瞑,1,ㄇㄧㄥˊ ㄇㄧㄥˊ
瞞人,1,ㄇㄢˊ ㄖㄣˊ
瞞卻,1,ㄇㄢˊ ㄑㄩㄝˋ
瞞哄,1,ㄇㄢˊ ㄏㄨㄥˇ
瞞報,1,ㄇㄢˊ ㄅㄠˋ
瞞昧,1,ㄇㄢˊ ㄇㄟˋ
瞞親,1,ㄇㄢˊ ㄑㄧㄣ
瞞貨,1,ㄇㄢˊ ㄏㄨㄛˋ
瞟眇,1,ㄆㄧㄠˇ ㄇㄧㄠˇ
瞠視,1,ㄔㄥ ㄕˋ
瞢懂,1,ㄇㄥˊ ㄉㄨㄥˇ
瞢瞢,1,ㄇㄥˊ ㄇㄥˊ
瞢騰,1,ㄇㄥˊ ㄊㄥˊ
瞥地,1,ㄆㄧㄝ ㄉㄧˋ
瞥眼,1,ㄆㄧㄝ ㄧㄢˇ
瞥睹,1,ㄆㄧㄝ ㄉㄨˇ
瞧上,1,ㄑㄧㄠˊ ㄕㄤ˙
瞧病,1,ㄑㄧㄠˊ ㄅㄧㄥˋ
瞧瞧,1,ㄑㄧㄠˊ ㄑㄧㄠ˙
瞧科,1,ㄑㄧㄠˊ ㄎㄜ
瞧門,1,ㄑㄧㄠˊ ㄇㄣˊ
瞬即,1,ㄕㄨㄣˋ ㄐㄧˊ
瞬目,1,ㄕㄨㄣˋ ㄇㄨˋ
瞭亮,1,ㄌㄧㄠˇ ㄌㄧㄤˋ
瞰亡,1,ㄎㄢˋ ㄨㄤˊ
瞰視,1,ㄎㄢˋ ㄕˋ
瞳人,1,ㄊㄨㄥˊ ㄖㄣˊ
瞳子,1,ㄊㄨㄥˊ ㄗˇ
瞳矇,1,ㄊㄨㄥˊ ㄇㄥˊ
瞵視,1,ㄌㄧㄣˊ ㄕˋ
瞶瞶,1,ㄎㄨㄟˋ ㄎㄨㄟˋ
瞻依,1,ㄓㄢ ㄧ
瞻卬,1,ㄓㄢ ㄧㄤˇ
瞻徇,1,ㄓㄢ ㄒㄩㄣˋ
瞻念,1,ㄓㄢ ㄋㄧㄢˋ
瞻拜,1,ㄓㄢ ㄅㄞˋ
瞻烏,1,ㄓㄢ ㄨ
瞻眺,1,ㄓㄢ ㄊㄧㄠˋ
瞻謁,1,ㄓㄢ ㄧㄝˋ
瞻識,1,ㄓㄢ ㄕˋ
瞻顧,1,ㄓㄢ ㄍㄨˋ
瞽叟,1,ㄍㄨˇ ㄙㄡˇ
瞽史,1,ㄍㄨˇ ㄕˇ
瞽師,1,ㄍㄨˇ ㄕ
瞽目,1,ㄍㄨˇ ㄇㄨˋ
瞽瞍,1,ㄍㄨˇ ㄙㄡˇ
瞽議,1,ㄍㄨˇ ㄧˋ
瞿然,1,ㄐㄩˋ ㄖㄢˊ
矇事,1,ㄇㄥ ㄕˋ
矇住,1,ㄇㄥ ㄓㄨˋ
矇昧,1,ㄇㄥˊ ㄇㄟˋ
矇混,1,ㄇㄥ ㄏㄨㄣˋ
矇瞍,1,ㄇㄥˊ ㄙㄡˇ
矇聵,1,ㄇㄥˊ ㄎㄨㄟˋ
矇著,1,ㄇㄥ ㄓㄠˊ
矇蔽,1,ㄇㄥ ㄅㄧˋ
矇騙,1,ㄇㄥ ㄆㄧㄢˋ
矍然,1,ㄐㄩㄝˊ ㄖㄢˊ
矍矍,1,ㄐㄩㄝˊ ㄐㄩㄝˊ
矎矎,1,ㄒㄩㄢˋ ㄒㄩㄢˋ
矗燈,1,ㄔㄨˋ ㄉㄥ
矗矗,1,ㄔㄨˋ ㄔㄨˋ
矜人,1,ㄐㄧㄣ ㄖㄣˊ
矜伐,1,ㄐㄧㄣ ㄈㄚ
矜免,1,ㄐㄧㄣ ㄇㄧㄢˇ
矜哀,1,ㄐㄧㄣ ㄞ
矜寵,1,ㄐㄧㄣ ㄔㄨㄥˇ
矜式,1,ㄐㄧㄣ ㄕˋ
矜張,1,ㄐㄧㄣ ㄓㄤ
矜恤,1,ㄐㄧㄣ ㄒㄩˋ
矜惜,1,ㄐㄧㄣ ㄒㄧˊ
矜愍,1,ㄐㄧㄣ ㄇㄧㄣˇ
矜憫,1,ㄐㄧㄣ ㄇㄧㄣˇ
矜滿,1,ㄐㄧㄣ ㄇㄢˇ
矜矜,1,ㄐㄧㄣ ㄐㄧㄣ
矜育,1,ㄐㄧㄣ ㄩˋ
矜莊,1,ㄐㄧㄣ ㄓㄨㄤ
矜貴,1,ㄐㄧㄣ ㄍㄨㄟˋ
矜鑒,1,ㄐㄧㄣ ㄐㄧㄢˋ
矜飾,1,ㄐㄧㄣ ㄕˋ
矞皇,1,ㄩˋ ㄏㄨㄤˊ
矞矞,1,ㄩˋ ㄩˋ
矞雲,1,ㄩˋ ㄩㄣˊ
矢人,1,ㄕˇ ㄖㄣˊ
矢口,1,ㄕˇ ㄎㄡˇ
矢棋,1,ㄕˇ ㄑㄧˊ
知兵,1,ㄓ ㄅㄧㄥ
知單,1,ㄓ ㄉㄢ
知契,1,ㄓ ㄑㄧˋ
知寺,1,ㄓ ㄙˋ
知局,1,ㄓ ㄐㄩˊ
知底,1,ㄓ ㄉㄧˇ
知德,1,ㄓ ㄉㄜˊ
知機,1,ㄓ ㄐㄧ
知止,1,ㄓ ㄓˇ
知津,1,ㄓ ㄐㄧㄣ
知照,1,ㄓ ㄓㄠˋ
知竅,1,ㄓ ㄑㄧㄠˋ
知舊,1,ㄓ ㄐㄧㄡˋ
知觀,1,ㄓ ㄍㄨㄢˋ
知道,1,ㄓ ㄉㄠ˙
知風,1,ㄓ ㄈㄥ
矩教,1,ㄐㄩˇ ㄐㄧㄠˋ
矩步,1,ㄐㄩˇ ㄅㄨˋ
矩誨,1,ㄐㄩˇ ㄏㄨㄟˋ
矬倒,1,ㄘㄨㄛˊ ㄉㄠˇ
矬矮,1,ㄘㄨㄛˊ ㄞˇ
矬西,1,ㄘㄨㄛˊ ㄒㄧ
矬身,1,ㄘㄨㄛˊ ㄕㄣ
短亭,1,ㄉㄨㄢˇ ㄊㄧㄥˊ
短價,1,ㄉㄨㄢˇ ㄐㄧㄚˋ
短兵,1,ㄉㄨㄢˇ ㄅㄧㄥ
短幸,1,ㄉㄨㄢˇ ㄒㄧㄥˋ
短序,1,ㄉㄨㄢˇ ㄒㄩˋ
短後,1,ㄉㄨㄢˇ ㄏㄡˋ
短戟,1,ㄉㄨㄢˇ ㄐㄧˇ
短折,1,ㄉㄨㄢˇ ㄓㄜˊ
短接,1,ㄉㄨㄢˇ ㄐㄧㄝ
短撥,1,ㄉㄨㄢˇ ㄅㄛ
短書,1,ㄉㄨㄢˇ ㄕㄨ
短槍,1,ㄉㄨㄢˇ ㄑㄧㄤ
短款,1,ㄉㄨㄢˇ ㄎㄨㄢˇ
短漏,1,ㄉㄨㄢˇ ㄌㄡˋ
短片,1,ㄉㄨㄢˇ ㄆㄧㄢˋ
短盤,1,ㄉㄨㄢˇ ㄆㄢˊ
短票,1,ㄉㄨㄢˇ ㄆㄧㄠˋ
短禮,1,ㄉㄨㄢˇ ㄌㄧˇ
短秤,1,ㄉㄨㄢˇ ㄔㄥˋ
短程,1,ㄉㄨㄢˇ ㄔㄥˊ
短笛,1,ㄉㄨㄢˇ ㄉㄧˊ
短筆,1,ㄉㄨㄢˇ ㄅㄧˇ
短行,1,ㄉㄨㄢˇ ㄒㄧㄥˋ
短衣,1,ㄉㄨㄢˇ ㄧ
短褐,1,ㄉㄨㄢˇ ㄏㄜˊ
短襖,1,ㄉㄨㄢˇ ㄠˇ
短計,1,ㄉㄨㄢˇ ㄐㄧˋ
短訊,1,ㄉㄨㄢˇ ㄒㄩㄣˋ
短話,1,ㄉㄨㄢˇ ㄏㄨㄚˋ
短語,1,ㄉㄨㄢˇ ㄩˇ
短調,1,ㄉㄨㄢˇ ㄉㄧㄠˋ
短趁,1,ㄉㄨㄢˇ ㄔㄣˋ
短遞,1,ㄉㄨㄢˇ ㄉㄧˋ
短頭,1,ㄉㄨㄢˇ ㄊㄡ˙
矮個,1,ㄞˇ ㄍㄜˋ
矮星,1,ㄞˇ ㄒㄧㄥ
矮矬,1,ㄞˇ ㄘㄨㄛˊ
矯世,1,ㄐㄧㄠˇ ㄕˋ
矯亢,1,ㄐㄧㄠˇ ㄎㄤˋ
矯俗,1,ㄐㄧㄠˇ ㄙㄨˊ
矯制,1,ㄐㄧㄠˇ ㄓˋ
矯厲,1,ㄐㄧㄠˇ ㄌㄧˋ
矯命,1,ㄐㄧㄠˇ ㄇㄧㄥˋ
矯孑,1,ㄐㄧㄠˇ ㄐㄧㄝˊ
矯情,1,ㄐㄧㄠˇ ㄑㄧㄥ˙
矯揉,1,ㄐㄧㄠˇ ㄖㄡˊ
矯矯,1,ㄐㄧㄠˇ ㄐㄧㄠˇ
矯虔,1,ㄐㄧㄠˇ ㄑㄧㄢˊ
矯託,1,ㄐㄧㄠˇ ㄊㄨㄛ
矯誕,1,ㄐㄧㄠˇ ㄉㄢˋ
矯誣,1,ㄐㄧㄠˇ ㄨˊ
矯首,1,ㄐㄧㄠˇ ㄕㄡˇ
矰繳,1,ㄗㄥ ㄓㄨㄛˊ
石交,1,ㄕˊ ㄐㄧㄠ
石南,1,ㄕˊ ㄋㄢˊ
石卵,1,ㄕˊ ㄌㄨㄢˇ
石友,1,ㄕˊ ㄧㄡˇ
石坎,1,ㄕˊ ㄎㄢˇ
石女,1,ㄕˊ ㄋㄩˇ
石婦,1,ㄕˊ ㄈㄨˋ
石幢,1,ㄕˊ ㄔㄨㄤˊ
石床,1,ㄕˊ ㄔㄨㄤˊ
石擔,1,ㄕˊ ㄉㄢˋ
石斛,1,ㄕˊ ㄏㄨˊ
石方,1,ㄕˊ ㄈㄤ
石晉,1,ㄕˊ ㄐㄧㄣˋ
石本,1,ㄕˊ ㄅㄣˇ
石林,1,ㄕˊ ㄌㄧㄣˊ
石民,1,ㄕˊ ㄇㄧㄣˊ
石泉,1,ㄕˊ ㄑㄩㄢˊ
石渠,1,ㄕˊ ㄑㄩˊ
石濤,1,ㄕˊ ㄊㄠˊ
石火,1,ㄕˊ ㄏㄨㄛˇ
石燕,1,ㄕˊ ㄧㄢˋ
石田,1,ㄕˊ ㄊㄧㄢˊ
石硯,1,ㄕˊ ㄧㄢˋ
石碣,1,ㄕˊ ㄐㄧㄝˊ
石磴,1,ㄕˊ ㄉㄥˋ
石礫,1,ㄕˊ ㄌㄧˋ
石竹,1,ㄕˊ ㄓㄨˊ
石筆,1,ㄕˊ ㄅㄧˇ
石絨,1,ㄕˊ ㄖㄨㄥˊ
石綠,1,ㄕˊ ㄌㄩˋ
石羊,1,ㄕˊ ㄧㄤˊ
石脂,1,ㄕˊ ㄓ
石蒜,1,ㄕˊ ㄙㄨㄢˋ
石蓮,1,ㄕˊ ㄌㄧㄢˊ
石蘭,1,ㄕˊ ㄌㄢˊ
石蟥,1,ㄕˊ ㄏㄨㄤˊ
石針,1,ㄕˊ ㄓㄣ
石韋,1,ㄕˊ ㄨㄟˊ
石鱉,1,ㄕˊ ㄅㄧㄝ
石黛,1,ㄕˊ ㄉㄞˋ
石龍,1,ㄕˊ ㄌㄨㄥˊ
矻矻,1,ㄎㄨˋ ㄎㄨˋ
矼牙,1,ㄐㄧㄤ ㄧㄚˊ
矼牙,1,ㄑㄧㄤ ㄧㄚˊ
矽土,1,ㄒㄧˋ ㄊㄨˇ
砂丘,1,ㄕㄚ ㄑㄧㄡ
砂仁,1,ㄕㄚ ㄖㄣˊ
砂島,1,ㄕㄚ ㄉㄠˇ
砂模,1,ㄕㄚ ㄇㄛˊ
砌合,1,ㄑㄧˋ ㄏㄜˊ
砌末,1,ㄑㄧㄝˋ ㄇㄛˋ
砌詞,1,ㄑㄧˋ ㄘˊ
砍木,1,ㄎㄢˇ ㄇㄨˋ
砐硪,1,ㄜˋ ㄜˇ
砑光,1,ㄧㄚˋ ㄍㄨㄤ
砑綾,1,ㄧㄚˋ ㄌㄧㄥˊ
研商,1,ㄧㄢˊ ㄕㄤ
研墨,1,ㄧㄢˊ ㄇㄛˋ
研末,1,ㄧㄢˊ ㄇㄛˋ
研窮,1,ㄧㄢˊ ㄑㄩㄥˊ
研覈,1,ㄧㄢˊ ㄏㄜˊ
研訂,1,ㄧㄢˊ ㄉㄧㄥˋ
研詰,1,ㄧㄢˊ ㄐㄧㄝˊ
研議,1,ㄧㄢˊ ㄧˋ
砝碼,1,ㄈㄚˇ ㄇㄚˇ
砢砢,1,ㄌㄨㄛˇ ㄌㄨㄛˇ
砢磣,1,ㄎㄜ ㄔㄣˇ
砥據,1,ㄉㄧˇ ㄐㄩˋ
砧刀,1,ㄓㄣ ㄉㄠ
砧斧,1,ㄓㄣ ㄈㄨˇ
砧杆,1,ㄓㄣ ㄍㄢ
砧聲,1,ㄓㄣ ㄕㄥ
砧鑕,1,ㄓㄣ ㄓˋ
砧頭,1,ㄓㄣ ㄊㄡˊ
砧骨,1,ㄓㄣ ㄍㄨˇ
砭石,1,ㄅㄧㄢ ㄕˊ
砭鍼,1,ㄅㄧㄢ ㄓㄣ
砭骨,1,ㄅㄧㄢ ㄍㄨˇ
砰訇,1,ㄆㄥ ㄏㄨㄥ
砲響,1,ㄆㄠˋ ㄒㄧㄤˇ
破上,1,ㄆㄛˋ ㄕㄤˋ
破亂,1,ㄆㄛˋ ㄌㄨㄢˋ
破五,1,ㄆㄛˋ ㄨˇ
破俗,1,ㄆㄛˋ ㄙㄨˊ
破價,1,ㄆㄛˋ ㄐㄧㄚˋ
破分,1,ㄆㄛˋ ㄈㄣ
破分,1,ㄆㄛˋ ㄈㄣˋ
破句,1,ㄆㄛˋ ㄐㄩˋ
破墟,1,ㄆㄛˋ ㄒㄩ
破墨,1,ㄆㄛˋ ㄇㄛˋ
破夏,1,ㄆㄛˋ ㄒㄧㄚˋ
破字,1,ㄆㄛˋ ㄗˋ
破帽,1,ㄆㄛˋ ㄇㄠˋ
破慳,1,ㄆㄛˋ ㄑㄧㄢ
破承,1,ㄆㄛˋ ㄔㄥˊ
破掉,1,ㄆㄛˋ ㄉㄧㄠˋ
破散,1,ㄆㄛˋ ㄙㄢˋ
破敵,1,ㄆㄛˋ ㄉㄧˊ
破斧,1,ㄆㄛˋ ㄈㄨˇ
破日,1,ㄆㄛˋ ㄖˋ
破水,1,ㄆㄛˋ ㄕㄨㄟˇ
破瓜,1,ㄆㄛˋ ㄍㄨㄚ
破的,1,ㄆㄛˋ ㄉㄧˋ
破盤,1,ㄆㄛˋ ㄆㄢˊ
破眼,1,ㄆㄛˋ ㄧㄢˇ
破空,1,ㄆㄛˋ ㄎㄨㄥ
破籠,1,ㄆㄛˋ ㄌㄨㄥˊ
破耗,1,ㄆㄛˋ ㄏㄠˋ
破肉,1,ㄆㄛˋ ㄖㄡˋ
破腹,1,ㄆㄛˋ ㄈㄨˋ
破臉,1,ㄆㄛˋ ㄌㄧㄢˇ
破草,1,ㄆㄛˋ ㄘㄠˇ
破著,1,ㄆㄛˋ ㄓㄜ˙
破親,1,ㄆㄛˋ ㄑㄧㄣ
破話,1,ㄆㄛˋ ㄏㄨㄚˋ
破說,1,ㄆㄛˋ ㄕㄨㄛ
破讀,1,ㄆㄛˋ ㄉㄨˊ
破費,1,ㄆㄛˋ ㄈㄟ˙
破賊,1,ㄆㄛˋ ㄗㄟˊ
破賺,1,ㄆㄛˋ ㄓㄨㄢˋ
破身,1,ㄆㄛˋ ㄕㄣ
破錶,1,ㄆㄛˋ ㄅㄧㄠˇ
破鏡,1,ㄆㄛˋ ㄐㄧㄥˋ
破鑑,1,ㄆㄛˋ ㄐㄧㄢˋ
破面,1,ㄆㄛˋ ㄇㄧㄢˋ
破顏,1,ㄆㄛˋ ㄧㄢˊ
破體,1,ㄆㄛˋ ㄊㄧˇ
砵酒,1,ㄅㄛ ㄐㄧㄡˇ
砸兌,1,ㄗㄚˊ ㄉㄨㄟ˙
硃卷,1,ㄓㄨ ㄐㄩㄢˋ
硃墨,1,ㄓㄨ ㄇㄛˋ
硃紅,1,ㄓㄨ ㄏㄨㄥˊ
硃諭,1,ㄓㄨ ㄩˋ
硅肺,1,ㄍㄨㄟ ㄈㄟˋ
硅谷,1,ㄍㄨㄟ ㄍㄨˇ
硉兀,1,ㄌㄨˋ ㄨˋ
硜硜,1,ㄎㄥ ㄎㄥ
硝鹽,1,ㄒㄧㄠ ㄧㄢˊ
硨磲,1,ㄔㄜ ㄑㄩˊ
硬取,1,ㄧㄥˋ ㄑㄩˇ
硬喫,1,ㄧㄥˋ ㄔ
硬山,1,ㄧㄥˋ ㄕㄢ
硬席,1,ㄧㄥˋ ㄒㄧˊ
硬弓,1,ㄧㄥˋ ㄍㄨㄥ
硬彩,1,ㄧㄥˋ ㄘㄞˇ
硬手,1,ㄧㄥˋ ㄕㄡˇ
硬挺,1,ㄧㄥˋ ㄊㄧㄥˇ
硬掙,1,ㄧㄥˋ ㄓㄥ˙
硬朗,1,ㄧㄥˋ ㄌㄤ˙
硬札,1,ㄧㄥˋ ㄓㄚˊ
硬棒,1,ㄧㄥˋ ㄅㄤ˙
硬氣,1,ㄧㄥˋ ㄑㄧ˙
硬派,1,ㄧㄥˋ ㄆㄞˋ
硬玉,1,ㄧㄥˋ ㄩˋ
硬病,1,ㄧㄥˋ ㄅㄧㄥˋ
硬結,1,ㄧㄥˋ ㄐㄧㄝˊ
硬腳,1,ㄧㄥˋ ㄐㄧㄠˇ
硬膏,1,ㄧㄥˋ ㄍㄠ
硬話,1,ㄧㄥˋ ㄏㄨㄚˋ
硬鋼,1,ㄧㄥˋ ㄍㄤ
硬闖,1,ㄧㄥˋ ㄔㄨㄤˇ
硬領,1,ㄧㄥˋ ㄌㄧㄥˇ
硬顎,1,ㄧㄥˋ ㄜˋ
硬麵,1,ㄧㄥˋ ㄇㄧㄢˋ
硬黃,1,ㄧㄥˋ ㄏㄨㄤˊ
确瘠,1,ㄑㄩㄝˋ ㄐㄧˊ
硯兄,1,ㄧㄢˋ ㄒㄩㄥ
硯史,1,ㄧㄢˋ ㄕˇ
硯右,1,ㄧㄢˋ ㄧㄡˋ
硯弟,1,ㄧㄢˋ ㄉㄧˋ
硯海,1,ㄧㄢˋ ㄏㄞˇ
硯滴,1,ㄧㄢˋ ㄉㄧ
硯瓦,1,ㄧㄢˋ ㄨㄚˇ
硯箋,1,ㄧㄢˋ ㄐㄧㄢ
硯耕,1,ㄧㄢˋ ㄍㄥ
硯臺,1,ㄧㄢˋ ㄊㄞ˙
硯譜,1,ㄧㄢˋ ㄆㄨˇ
硯銘,1,ㄧㄢˋ ㄇㄧㄥˊ
硶貨,1,ㄔㄣˇ ㄏㄨㄛˋ
硼烷,1,ㄆㄥˊ ㄨㄢˊ
硼砰,1,ㄆㄥ ㄆㄥ
硼肥,1,ㄆㄥˊ ㄈㄟˊ
硼鋼,1,ㄆㄥˊ ㄍㄤ
碇石,1,ㄉㄧㄥˋ ㄕˊ
碉房,1,ㄉㄧㄠ ㄈㄤˊ
碉樓,1,ㄉㄧㄠ ㄌㄡˊ
碌粥,1,ㄌㄨˋ ㄓㄡ
碎催,1,ㄙㄨㄟˋ ㄘㄨㄟ
碎妝,1,ㄙㄨㄟˋ ㄓㄨㄤ
碎密,1,ㄙㄨㄟˋ ㄇㄧˋ
碎瓷,1,ㄙㄨㄟˋ ㄘˊ
碎聒,1,ㄙㄨㄟˋ ㄍㄨㄚ
碎花,1,ㄙㄨㄟˋ ㄏㄨㄚ
碑壇,1,ㄅㄟ ㄊㄢˊ
碑嶺,1,ㄅㄟ ㄌㄧㄥˇ
碑帖,1,ㄅㄟ ㄊㄧㄝˋ
碑本,1,ㄅㄟ ㄅㄣˇ
碑珓,1,ㄅㄟ ㄐㄧㄠˋ
碑穿,1,ㄅㄟ ㄔㄨㄢ
碑趺,1,ㄅㄟ ㄈㄨ
碑面,1,ㄅㄟ ㄇㄧㄢˋ
碓梃,1,ㄉㄨㄟˋ ㄊㄧㄥˇ
碓聲,1,ㄉㄨㄟˋ ㄕㄥ
碔砆,1,ㄨˇ ㄈㄨ
碗子,1,ㄨㄢˇ ㄗ˙
碗脫,1,ㄨㄢˇ ㄊㄨㄛ
碟煞,1,ㄉㄧㄝˊ ㄕㄚ
碧城,1,ㄅㄧˋ ㄔㄥˊ
碧梧,1,ㄅㄧˋ ㄨˊ
碧樹,1,ㄅㄧˋ ㄕㄨˋ
碧浪,1,ㄅㄧˋ ㄌㄤˋ
碧漢,1,ㄅㄧˋ ㄏㄢˋ
碧瓦,1,ㄅㄧˋ ㄨㄚˇ
碧竹,1,ㄅㄧˋ ㄓㄨˊ
碧落,1,ㄅㄧˋ ㄌㄨㄛˋ
碧葬,1,ㄅㄧˋ ㄗㄤˋ
碧虛,1,ㄅㄧˋ ㄒㄩ
碧雲,1,ㄅㄧˋ ㄩㄣˊ
碧霄,1,ㄅㄧˋ ㄒㄧㄠ
碧靄,1,ㄅㄧˋ ㄞˇ
碧鮮,1,ㄅㄧˋ ㄒㄧㄢ
碧鱗,1,ㄅㄧˋ ㄌㄧㄣˊ
碩交,1,ㄕㄨㄛˋ ㄐㄧㄠ
碩人,1,ㄕㄨㄛˋ ㄖㄣˊ
碩量,1,ㄕㄨㄛˋ ㄌㄧㄤˋ
碩鼠,1,ㄕㄨㄛˋ ㄕㄨˇ
碪斧,1,ㄓㄣ ㄈㄨˇ
碰了,1,ㄆㄥˋ ㄌㄜ˙
碰勁,1,ㄆㄥˋ ㄐㄧㄣˋ
碰和,1,ㄆㄥˋ ㄏㄨˊ
碰壺,1,ㄆㄥˋ ㄏㄨˊ
碰牌,1,ㄆㄥˋ ㄆㄞˊ
碰鈴,1,ㄆㄥˋ ㄌㄧㄥˊ
碰鐘,1,ㄆㄥˋ ㄓㄨㄥ
碰鼻,1,ㄆㄥˋ ㄅㄧˊ
碳鋼,1,ㄊㄢˋ ㄍㄤ
碳黑,1,ㄊㄢˋ ㄏㄟ
碴子,1,ㄔㄚˊ ㄗ˙
確乎,1,ㄑㄩㄝˋ ㄏㄨ˙
確鑿,1,ㄑㄩㄝˋ ㄗㄨㄛˋ
碼頭,1,ㄇㄚˇ ㄊㄡ˙
碾子,1,ㄋㄧㄢˇ ㄗ˙
碾房,1,ㄋㄧㄢˇ ㄈㄤˊ
碾盤,1,ㄋㄧㄢˇ ㄆㄢˊ
碾砣,1,ㄋㄧㄢˇ ㄊㄨㄛˊ
碾船,1,ㄋㄧㄢˇ ㄔㄨㄢˊ
磁學,1,ㄘˊ ㄒㄩㄝˊ
磁實,1,ㄘˊ ㄕˊ
磁暴,1,ㄘˊ ㄅㄠˋ
磁縣,1,ㄘˊ ㄒㄧㄢˋ
磁軸,1,ㄘˊ ㄓㄡˊ
磁鋼,1,ㄘˊ ㄍㄤ
磅硠,1,ㄆㄤ ㄌㄤˊ
磅礴,1,ㄆㄤ ㄅㄛˊ
磅薄,1,ㄆㄤ ㄅㄛˊ
磈磊,1,ㄎㄨㄟˇ ㄌㄟˇ
磊砢,1,ㄌㄟˇ ㄌㄨㄛˇ
磊磊,1,ㄌㄟˇ ㄌㄟˇ
磋議,1,ㄘㄨㄛ ㄧˋ
磐礴,1,ㄆㄢˊ ㄅㄛˊ
磔刑,1,ㄓㄜˊ ㄒㄧㄥˊ
磔磔,1,ㄓㄜˊ ㄓㄜˊ
磕巴,1,ㄎㄜ ㄅㄚ˙
磕打,1,ㄎㄜ ㄉㄚ˙
磕擦,1,ㄎㄜ ㄘㄚ
磕睡,1,ㄎㄜ ㄕㄨㄟˋ
磕腦,1,ㄎㄜ ㄋㄠˇ
磚坯,1,ㄓㄨㄢ ㄆㄧ
磚契,1,ㄓㄨㄢ ㄑㄧˋ
磚屋,1,ㄓㄨㄢ ㄨ
磚畫,1,ㄓㄨㄢ ㄏㄨㄚˋ
磚雕,1,ㄓㄨㄢ ㄉㄧㄠ
磧礫,1,ㄑㄧˋ ㄌㄧˋ
磧鹵,1,ㄑㄧˋ ㄌㄨˇ
磨兌,1,ㄇㄛˊ ㄉㄨㄟˋ
磨刻,1,ㄇㄛˊ ㄎㄜ
磨削,1,ㄇㄛˊ ㄒㄩㄝˋ
磨勒,1,ㄇㄛˊ ㄌㄜˋ
磨勘,1,ㄇㄛˊ ㄎㄢ
磨叨,1,ㄇㄛˋ ㄉㄠ˙
磨咕,1,ㄇㄛˊ ㄍㄨ˙
磨嘴,1,ㄇㄛˊ ㄗㄨㄟˇ
磨官,1,ㄇㄛˊ ㄍㄨㄢ
磨對,1,ㄇㄛˊ ㄉㄨㄟ˙
磨折,1,ㄇㄛˊ ㄓㄜˊ
磨拖,1,ㄇㄛˊ ㄊㄨㄛ
磨撐,1,ㄇㄛˊ ㄔㄥ
磨擔,1,ㄇㄛˊ ㄉㄢˋ
磨旗,1,ㄇㄛˋ ㄑㄧˊ
磨治,1,ㄇㄛˊ ㄓˋ
磨煉,1,ㄇㄛˊ ㄌㄧㄢˋ
磨煩,1,ㄇㄛˊ ㄈㄢ˙
磨磚,1,ㄇㄛˊ ㄓㄨㄢ
磨磨,1,ㄇㄛˊ ㄇㄛˊ
磨礪,1,ㄇㄛˊ ㄌㄧˋ
磨笄,1,ㄇㄛˊ ㄐㄧ
磨菇,1,ㄇㄛˊ ㄍㄨ˙
磨蝎,1,ㄇㄛˊ ㄏㄜˊ
磨賴,1,ㄇㄛˊ ㄌㄞˋ
磨跎,1,ㄇㄛˊ ㄊㄨㄛˊ
磨轉,1,ㄇㄛˊ ㄓㄨㄢˇ
磨陀,1,ㄇㄛˊ ㄊㄨㄛˊ
磨頭,1,ㄇㄛˊ ㄊㄡˊ
磨駝,1,ㄇㄛˊ ㄊㄨㄛˊ
磪嵬,1,ㄘㄨㄟ ㄨㄟˊ
磬子,1,ㄑㄧㄥˋ ㄗ˙
磬控,1,ㄑㄧㄥˋ ㄎㄨㄥˋ
磯釣,1,ㄐㄧ ㄉㄧㄠˋ
磷礦,1,ㄌㄧㄣˊ ㄎㄨㄤˋ
磷蝦,1,ㄌㄧㄣˊ ㄒㄧㄚ
磻溪,1,ㄆㄢˊ ㄒㄧ
磽地,1,ㄑㄧㄠ ㄉㄧˋ
磽瘠,1,ㄑㄧㄠ ㄐㄧˊ
磽确,1,ㄑㄧㄠ ㄑㄩㄝˋ
礌石,1,ㄌㄟˋ ㄕˊ
礞石,1,ㄇㄥˊ ㄕˊ
礦塵,1,ㄎㄨㄤˋ ㄔㄣˊ
礦綿,1,ㄎㄨㄤˋ ㄇㄧㄢˊ
礦脂,1,ㄎㄨㄤˋ ㄓ
礦鹽,1,ㄎㄨㄤˋ ㄧㄢˊ
礧磈,1,ㄌㄟˇ ㄎㄨㄟˇ
礨空,1,ㄌㄟˇ ㄎㄨㄥ
礬頭,1,ㄈㄢˊ ㄊㄡˊ
礱厲,1,ㄌㄨㄥˊ ㄌㄧˋ
礱磨,1,ㄌㄨㄥˊ ㄇㄛˊ
礱磨,1,ㄌㄨㄥˊ ㄇㄛˋ
礱糠,1,ㄌㄨㄥˊ ㄎㄤ
示寂,1,ㄕˋ ㄐㄧˊ
示疾,1,ㄕˋ ㄐㄧˊ
示知,1,ㄕˋ ㄓ
社倉,1,ㄕㄜˋ ㄘㄤ
社公,1,ㄕㄜˋ ㄍㄨㄥ
社學,1,ㄕㄜˋ ㄒㄩㄝˊ
社家,1,ㄕㄜˋ ㄐㄧㄚ
社戲,1,ㄕㄜˋ ㄒㄧˋ
社櫟,1,ㄕㄜˋ ㄌㄧˋ
社火,1,ㄕㄜˋ ㄏㄨㄛˇ
社評,1,ㄕㄜˋ ㄆㄧㄥˊ
社鬼,1,ㄕㄜˋ ㄍㄨㄟˇ
社鼓,1,ㄕㄜˋ ㄍㄨˇ
祀典,1,ㄙˋ ㄉㄧㄢˇ
祀天,1,ㄙˋ ㄊㄧㄢ
祀孔,1,ㄙˋ ㄎㄨㄥˇ
祀灶,1,ㄙˋ ㄗㄠˋ
祁劇,1,ㄑㄧˊ ㄐㄩˋ
祁祁,1,ㄑㄧˊ ㄑㄧˊ
祁紅,1,ㄑㄧˊ ㄏㄨㄥˊ
祅祥,1,ㄧㄠ ㄒㄧㄤˊ
祆神,1,ㄒㄧㄢ ㄕㄣˊ
祆道,1,ㄒㄧㄢ ㄉㄠˋ
祇悔,1,ㄑㄧˊ ㄏㄨㄟˇ
祇是,1,ㄓ ㄕˋ
祈報,1,ㄑㄧˊ ㄅㄠˋ
祈巧,1,ㄑㄧˊ ㄑㄧㄠˇ
祈年,1,ㄑㄧˊ ㄋㄧㄢˊ
祈晴,1,ㄑㄧˊ ㄑㄧㄥˊ
祈父,1,ㄑㄧˊ ㄈㄨˇ
祈盼,1,ㄑㄧˊ ㄆㄢˋ
祈祈,1,ㄑㄧˊ ㄑㄧˊ
祈禳,1,ㄑㄧˊ ㄖㄤˊ
祈願,1,ㄑㄧˊ ㄩㄢˋ
祉祿,1,ㄓˇ ㄌㄨˋ
祐助,1,ㄧㄡˋ ㄓㄨˋ
祐庇,1,ㄧㄡˋ ㄅㄧˋ
祓濯,1,ㄈㄨˊ ㄓㄨㄛˊ
祓禊,1,ㄈㄨˊ ㄒㄧˋ
祓除,1,ㄈㄨˊ ㄔㄨˊ
祓飾,1,ㄈㄨˊ ㄕˋ
祔廟,1,ㄈㄨˋ ㄇㄧㄠˋ
祕寶,1,ㄇㄧˋ ㄅㄠˇ
祕府,1,ㄇㄧˋ ㄈㄨˇ
祕探,1,ㄇㄧˋ ㄊㄢˋ
祕本,1,ㄇㄧˋ ㄅㄣˇ
祕法,1,ㄇㄧˋ ㄈㄚˇ
祕聞,1,ㄇㄧˋ ㄨㄣˊ
祕訪,1,ㄇㄧˋ ㄈㄤˇ
祕辛,1,ㄇㄧˋ ㄒㄧㄣ
祕錄,1,ㄇㄧˋ ㄌㄨˋ
祖乙,1,ㄗㄨˇ ㄧˇ
祖塋,1,ㄗㄨˇ ㄧㄥˊ
祖墓,1,ㄗㄨˇ ㄇㄨˋ
祖奠,1,ㄗㄨˇ ㄉㄧㄢˋ
祖妣,1,ㄗㄨˇ ㄅㄧˇ
祖宴,1,ㄗㄨˇ ㄧㄢˋ
祖帳,1,ㄗㄨˇ ㄓㄤˋ
祖本,1,ㄗㄨˇ ㄅㄣˇ
祖武,1,ㄗㄨˇ ㄨˇ
祖法,1,ㄗㄨˇ ㄈㄚˇ
祖神,1,ㄗㄨˇ ㄕㄣˊ
祖訓,1,ㄗㄨˇ ㄒㄩㄣˋ
祖貫,1,ㄗㄨˇ ㄍㄨㄢˋ
祖輩,1,ㄗㄨˇ ㄅㄟˋ
祖述,1,ㄗㄨˇ ㄕㄨˋ
祖送,1,ㄗㄨˇ ㄙㄨㄥˋ
祖道,1,ㄗㄨˇ ㄉㄠˋ
祖遺,1,ㄗㄨˇ ㄧˊ
祖龍,1,ㄗㄨˇ ㄌㄨㄥˊ
祗仰,1,ㄓ ㄧㄤˇ
祗候,1,ㄓ ㄏㄡˋ
祗奉,1,ㄓ ㄈㄥˋ
祗役,1,ㄓ ㄧˋ
祗待,1,ㄓ ㄉㄞˋ
祗從,1,ㄓ ㄗㄨㄥˋ
祗承,1,ㄓ ㄔㄥˊ
祗祗,1,ㄓ ㄓ
祗肅,1,ㄓ ㄙㄨˋ
祗遵,1,ㄓ ㄗㄨㄣ
祚命,1,ㄗㄨㄛˋ ㄇㄧㄥˋ
祚胤,1,ㄗㄨㄛˋ ㄧㄣˋ
祛寒,1,ㄑㄩ ㄏㄢˊ
祛疑,1,ㄑㄩ ㄧˊ
祛病,1,ㄑㄩ ㄅㄧㄥˋ
祛退,1,ㄑㄩ ㄊㄨㄟˋ
祛除,1,ㄑㄩ ㄔㄨˊ
祛風,1,ㄑㄩ ㄈㄥ
祝付,1,ㄓㄨˋ ㄈㄨˋ
祝史,1,ㄓㄨˋ ㄕˇ
祝嘏,1,ㄓㄨˋ ㄍㄨˇ
祝版,1,ㄓㄨˋ ㄅㄢˇ
祝犁,1,ㄓㄨˋ ㄌㄧˊ
祝網,1,ㄓㄨˋ ㄨㄤˇ
祝讚,1,ㄓㄨˋ ㄗㄢˋ
祝釐,1,ㄓㄨˋ ㄒㄧ
祝髮,1,ㄓㄨˋ ㄈㄚˇ
神京,1,ㄕㄣˊ ㄐㄧㄥ
神人,1,ㄕㄣˊ ㄖㄣˊ
神婆,1,ㄕㄣˊ ㄆㄛˊ
神宇,1,ㄕㄣˊ ㄩˇ
神守,1,ㄕㄣˊ ㄕㄡˇ
神峰,1,ㄕㄣˊ ㄈㄥ
神巫,1,ㄕㄣˊ ㄨˊ
神座,1,ㄕㄣˊ ㄗㄨㄛˋ
神悟,1,ㄕㄣˊ ㄨˋ
神會,1,ㄕㄣˊ ㄏㄨㄟˋ
神案,1,ㄕㄣˊ ㄢˋ
神機,1,ㄕㄣˊ ㄐㄧ
神界,1,ㄕㄣˊ ㄐㄧㄝˋ
神福,1,ㄕㄣˊ ㄈㄨˊ
神秀,1,ㄕㄣˊ ㄒㄧㄡˋ
神符,1,ㄕㄣˊ ㄈㄨˊ
神筆,1,ㄕㄣˊ ㄅㄧˇ
神紙,1,ㄕㄣˊ ㄓˇ
神聊,1,ㄕㄣˊ ㄌㄧㄠˊ
神腳,1,ㄕㄣˊ ㄐㄧㄠˇ
神觀,1,ㄕㄣˊ ㄍㄨㄢ
神識,1,ㄕㄣˊ ㄕˋ
神譴,1,ㄕㄣˊ ㄑㄧㄢˇ
神轎,1,ㄕㄣˊ ㄐㄧㄠˋ
神遇,1,ㄕㄣˊ ㄩˋ
神遷,1,ㄕㄣˊ ㄑㄧㄢ
神髓,1,ㄕㄣˊ ㄙㄨㄟˇ
祟書,1,ㄙㄨㄟˋ ㄕㄨ
祠兵,1,ㄘˊ ㄅㄧㄥ
祠宇,1,ㄘˊ ㄩˇ
祠官,1,ㄘˊ ㄍㄨㄢ
祥刑,1,ㄒㄧㄤˊ ㄒㄧㄥˊ
祥符,1,ㄒㄧㄤˊ ㄈㄨˊ
祥金,1,ㄒㄧㄤˊ ㄐㄧㄣ
祧師,1,ㄊㄧㄠ ㄕ
祧緒,1,ㄊㄧㄠ ㄒㄩˋ
票亭,1,ㄆㄧㄠˋ ㄊㄧㄥˊ
票匪,1,ㄆㄧㄠˋ ㄈㄟˇ
票匯,1,ㄆㄧㄠˋ ㄏㄨㄟˋ
票姚,1,ㄆㄧㄠˋ ㄧㄠˊ
票款,1,ㄆㄧㄠˋ ㄎㄨㄢˇ
票臂,1,ㄆㄧㄠˋ ㄅㄧˋ
票莊,1,ㄆㄧㄠˋ ㄓㄨㄤ
祭丁,1,ㄐㄧˋ ㄉㄧㄥ
祭享,1,ㄐㄧˋ ㄒㄧㄤˇ
祭儀,1,ㄐㄧˋ ㄧˊ
祭塔,1,ㄐㄧˋ ㄊㄚˇ
祭墳,1,ㄐㄧˋ ㄈㄣˊ
祭尸,1,ㄐㄧˋ ㄕ
祭旗,1,ㄐㄧˋ ㄑㄧˊ
祭月,1,ㄐㄧˋ ㄩㄝˋ
祭桌,1,ㄐㄧˋ ㄓㄨㄛ
祭禱,1,ㄐㄧˋ ㄉㄠˇ
祭酌,1,ㄐㄧˋ ㄓㄨㄛˊ
祲兆,1,ㄐㄧㄣ ㄓㄠˋ
祺祥,1,ㄑㄧˊ ㄒㄧㄤˊ
祿相,1,ㄌㄨˋ ㄒㄧㄤˋ
祿祚,1,ㄌㄨˋ ㄗㄨㄛˋ
祿籍,1,ㄌㄨˋ ㄐㄧˊ
祿米,1,ㄌㄨˋ ㄇㄧˇ
祿糧,1,ㄌㄨˋ ㄌㄧㄤˊ
祿蠹,1,ㄌㄨˋ ㄉㄨˋ
祿養,1,ㄌㄨˋ ㄧㄤˋ
祿餌,1,ㄌㄨˋ ㄦˇ
祿馬,1,ㄌㄨˋ ㄇㄚˇ
禁中,1,ㄐㄧㄣˋ ㄓㄨㄥ
禁加,1,ㄐㄧㄣˋ ㄐㄧㄚ
禁勘,1,ㄐㄧㄣˋ ㄎㄢ
禁卒,1,ㄐㄧㄣˋ ㄗㄨˊ
禁受,1,ㄐㄧㄣ ㄕㄡˋ
禁口,1,ㄐㄧㄣˋ ㄎㄡˇ
禁咒,1,ㄐㄧㄣˋ ㄓㄡˋ
禁土,1,ㄐㄧㄣˋ ㄊㄨˇ
禁坐,1,ㄐㄧㄣˋ ㄗㄨㄛˋ
禁壓,1,ㄐㄧㄣˋ ㄧㄚ
禁夜,1,ㄐㄧㄣˋ ㄧㄝˋ
禁子,1,ㄐㄧㄣˋ ㄗ˙
禁宮,1,ㄐㄧㄣˋ ㄍㄨㄥ
禁害,1,ㄐㄧㄣˋ ㄏㄞˋ
禁屠,1,ㄐㄧㄣˋ ㄊㄨˊ
禁建,1,ㄐㄧㄣˋ ㄐㄧㄢˋ
禁役,1,ㄐㄧㄣˋ ㄧˋ
禁得,1,ㄐㄧㄣ ㄉㄜ˙
禁戒,1,ㄐㄧㄣˋ ㄐㄧㄝˋ
禁所,1,ㄐㄧㄣˋ ㄙㄨㄛˇ
禁持,1,ㄐㄧㄣ ㄔˊ
禁持,1,ㄐㄧㄣˋ ㄔˊ
禁挫,1,ㄐㄧㄣˋ ㄘㄨㄛˋ
禁掖,1,ㄐㄧㄣˋ ㄧㄝˋ
禁斷,1,ㄐㄧㄣˋ ㄉㄨㄢˋ
禁方,1,ㄐㄧㄣˋ ㄈㄤ
禁林,1,ㄐㄧㄣˋ ㄌㄧㄣˊ
禁架,1,ㄐㄧㄣ ㄐㄧㄚˋ
禁步,1,ㄐㄧㄣˋ ㄅㄨˋ
禁治,1,ㄐㄧㄣˋ ㄓˋ
禁火,1,ㄐㄧㄣˋ ㄏㄨㄛˇ
禁牌,1,ㄐㄧㄣˋ ㄆㄞˊ
禁當,1,ㄐㄧㄣ ㄉㄤ
禁省,1,ㄐㄧㄣˋ ㄕㄥˇ
禁網,1,ㄐㄧㄣˋ ㄨㄤˇ
禁聲,1,ㄐㄧㄣˋ ㄕㄥ
禁苑,1,ㄐㄧㄣˋ ㄩㄢˋ
禁衢,1,ㄐㄧㄣˋ ㄑㄩˊ
禁門,1,ㄐㄧㄣˋ ㄇㄣˊ
禁阻,1,ㄐㄧㄣˋ ㄗㄨˇ
禁體,1,ㄐㄧㄣˋ ㄊㄧˇ
禁鼓,1,ㄐㄧㄣˋ ㄍㄨˇ
禊帖,1,ㄒㄧˋ ㄊㄧㄝˋ
禊飲,1,ㄒㄧˋ ㄧㄣˇ
禋祀,1,ㄧㄣ ㄙˋ
禍害,1,ㄏㄨㄛˋ ㄏㄞ˙
禍弄,1,ㄏㄨㄛˋ ㄋㄨㄥˋ
禍梯,1,ㄏㄨㄛˋ ㄊㄧ
禍母,1,ㄏㄨㄛˋ ㄇㄨˇ
禍祟,1,ㄏㄨㄛˋ ㄙㄨㄟˋ
禎符,1,ㄓㄣ ㄈㄨˊ
福人,1,ㄈㄨˊ ㄖㄣˊ
福分,1,ㄈㄨˊ ㄈㄣ˙
福吉,1,ㄈㄨˊ ㄐㄧˊ
福履,1,ㄈㄨˊ ㄌㄩˇ
福庇,1,ㄈㄨˊ ㄅㄧˋ
福廕,1,ㄈㄨˊ ㄧㄣˋ
福慧,1,ㄈㄨˊ ㄏㄨㄟˋ
福橘,1,ㄈㄨˊ ㄐㄩˊ
福水,1,ㄈㄨˊ ㄕㄨㄟˇ
福物,1,ㄈㄨˊ ㄨˋ
福田,1,ㄈㄨˊ ㄊㄧㄢˊ
福緣,1,ㄈㄨˊ ㄩㄢˊ
福舍,1,ㄈㄨˊ ㄕㄜˋ
福證,1,ㄈㄨˊ ㄓㄥˋ
福躬,1,ㄈㄨˊ ㄍㄨㄥ
福酒,1,ㄈㄨˊ ㄐㄧㄡˇ
福食,1,ㄈㄨˊ ㄕˊ
禖祠,1,ㄇㄟˊ ㄘˊ
禡牙,1,ㄇㄚˋ ㄧㄚˊ
禨祥,1,ㄐㄧ ㄒㄧㄤˊ
禪七,1,ㄔㄢˊ ㄑㄧ
禪位,1,ㄕㄢˋ ㄨㄟˋ
禪客,1,ㄔㄢˊ ㄎㄜˋ
禪室,1,ㄔㄢˊ ㄕˋ
禪床,1,ㄔㄢˊ ㄔㄨㄤˊ
禪悅,1,ㄔㄢˊ ㄩㄝˋ
禪數,1,ㄔㄢˊ ㄕㄨˋ
禪林,1,ㄔㄢˊ ㄌㄧㄣˊ
禪號,1,ㄔㄢˊ ㄏㄠˋ
禪詩,1,ㄔㄢˊ ㄕ
禪那,1,ㄔㄢˊ ㄋㄚˋ
禪關,1,ㄔㄢˊ ㄍㄨㄢ
禫禮,1,ㄊㄢˇ ㄌㄧˇ
禬禳,1,ㄍㄨㄟˋ ㄖㄤˊ
禮上,1,ㄌㄧˇ ㄕㄤˋ
禮器,1,ㄌㄧˇ ㄑㄧˋ
禮官,1,ㄌㄧˇ ㄍㄨㄢ
禮席,1,ㄌㄧˇ ㄒㄧˊ
禮度,1,ㄌㄧˇ ㄉㄨˋ
禮意,1,ㄌㄧˇ ㄧˋ
禮憲,1,ㄌㄧˇ ㄒㄧㄢˋ
禮懺,1,ㄌㄧˇ ㄔㄢˋ
禮文,1,ㄌㄧˇ ㄨㄣˊ
禮書,1,ㄌㄧˇ ㄕㄨ
禮案,1,ㄌㄧˇ ㄢˋ
禮生,1,ㄌㄧˇ ㄕㄥ
禮花,1,ㄌㄧˇ ㄏㄨㄚ
禮請,1,ㄌㄧˇ ㄑㄧㄥˇ
禮運,1,ㄌㄧˇ ㄩㄣˋ
禮鑒,1,ㄌㄧˇ ㄐㄧㄢˋ
禮闈,1,ㄌㄧˇ ㄨㄟˊ
禮防,1,ㄌㄧˇ ㄈㄤˊ
禮髯,1,ㄌㄧˇ ㄖㄢˊ
禮鳳,1,ㄌㄧˇ ㄈㄥˋ
禮鼠,1,ㄌㄧˇ ㄕㄨˇ
禰衡,1,ㄇㄧˊ ㄏㄥˊ
禱文,1,ㄉㄠˇ ㄨㄣˊ
禱求,1,ㄉㄠˇ ㄑㄧㄡˊ
禱祀,1,ㄉㄠˇ ㄙˋ
禱祝,1,ㄉㄠˇ ㄓㄨˋ
禱雨,1,ㄉㄠˇ ㄩˇ
禳田,1,ㄖㄤˊ ㄊㄧㄢˊ
禳病,1,ㄖㄤˊ ㄅㄧㄥˋ
禳解,1,ㄖㄤˊ ㄐㄧㄝˇ
禹步,1,ㄩˇ ㄅㄨˋ
禹甸,1,ㄩˇ ㄉㄧㄢˋ
禹穴,1,ㄩˇ ㄒㄩㄝˋ
禹貢,1,ㄩˇ ㄍㄨㄥˋ
禹跡,1,ㄩˇ ㄐㄧ
禺中,1,ㄩˊ ㄓㄨㄥ
禺彊,1,ㄩˊ ㄑㄧㄤˊ
禺谷,1,ㄩˊ ㄍㄨˇ
禽犢,1,ㄑㄧㄣˊ ㄉㄨˊ
禽荒,1,ㄑㄧㄣˊ ㄏㄨㄤ
禽言,1,ㄑㄧㄣˊ ㄧㄢˊ
禾倈,1,ㄏㄜˊ ㄌㄞˊ
禾場,1,ㄏㄜˊ ㄔㄤˊ
禾旦,1,ㄏㄜˊ ㄉㄢˋ
禾槁,1,ㄏㄜˊ ㄍㄠˇ
禾稼,1,ㄏㄜˊ ㄐㄧㄚˋ
禾絹,1,ㄏㄜˊ ㄐㄩㄢˋ
禾蟲,1,ㄏㄜˊ ㄔㄨㄥˊ
禾黍,1,ㄏㄜˊ ㄕㄨˇ
禿廝,1,ㄊㄨ ㄙ
禿瘡,1,ㄊㄨ ㄔㄨㄤ
禿的,1,ㄊㄨ ㄉㄜ˙
禿賊,1,ㄊㄨ ㄗㄟˊ
禿馬,1,ㄊㄨ ㄇㄚˇ
禿鶖,1,ㄊㄨ ㄑㄧㄡ
禿鷲,1,ㄊㄨ ㄐㄧㄡˋ
秀場,1,ㄒㄧㄡˋ ㄔㄤˇ
秀士,1,ㄒㄧㄡˋ ㄕˋ
秀女,1,ㄒㄧㄡˋ ㄋㄩˇ
秀拔,1,ㄒㄧㄡˋ ㄅㄚˊ
秀氣,1,ㄒㄧㄡˋ ㄑㄧ˙
秀發,1,ㄒㄧㄡˋ ㄈㄚ
秀逗,1,ㄒㄧㄡˋ ㄉㄡ˙
秀頂,1,ㄒㄧㄡˋ ㄉㄧㄥˇ
私函,1,ㄙ ㄏㄢˊ
私印,1,ㄙ ㄧㄣˋ
私史,1,ㄙ ㄕˇ
私室,1,ㄙ ㄕˋ
私屬,1,ㄙ ㄕㄨˇ
私己,1,ㄙ ㄐㄧˇ
私帑,1,ㄙ ㄊㄤˇ
私度,1,ㄙ ㄉㄨˋ
私弊,1,ㄙ ㄅㄧˋ
私暱,1,ㄙ ㄋㄧˋ
私曲,1,ㄙ ㄑㄩ
私權,1,ㄙ ㄑㄩㄢˊ
私淑,1,ㄙ ㄕㄨˊ
私田,1,ㄙ ㄊㄧㄢˊ
私第,1,ㄙ ㄉㄧˋ
私累,1,ㄙ ㄌㄟˇ
私臣,1,ㄙ ㄔㄣˊ
私藏,1,ㄙ ㄗㄤˋ
私處,1,ㄙ ㄔㄨˇ
私行,1,ㄙ ㄒㄧㄥˊ
私言,1,ㄙ ㄧㄢˊ
私計,1,ㄙ ㄐㄧˋ
私談,1,ㄙ ㄊㄢˊ
私諡,1,ㄙ ㄕˋ
私諱,1,ㄙ ㄏㄨㄟˋ
私逃,1,ㄙ ㄊㄠˊ
私錢,1,ㄙ ㄑㄧㄢˊ
私門,1,ㄙ ㄇㄣˊ
私闖,1,ㄙ ㄔㄨㄤˇ
私館,1,ㄙ ㄍㄨㄢˇ
秈稻,1,ㄒㄧㄢ ㄉㄠˋ
秈米,1,ㄒㄧㄢ ㄇㄧˇ
秉國,1,ㄅㄧㄥˇ ㄍㄨㄛˊ
秉彞,1,ㄅㄧㄥˇ ㄧˊ
秉心,1,ㄅㄧㄥˇ ㄒㄧㄣ
秉文,1,ㄅㄧㄥˇ ㄨㄣˊ
秉正,1,ㄅㄧㄥˇ ㄓㄥˋ
秉燭,1,ㄅㄧㄥˇ ㄓㄨˊ
秉筆,1,ㄅㄧㄥˇ ㄅㄧˇ
秉賦,1,ㄅㄧㄥˇ ㄈㄨˋ
秉鈞,1,ㄅㄧㄥˇ ㄐㄩㄣ
秉鉞,1,ㄅㄧㄥˇ ㄩㄝˋ
秉鐸,1,ㄅㄧㄥˇ ㄉㄨㄛˊ
秋場,1,ㄑㄧㄡ ㄔㄤˊ
秋士,1,ㄑㄧㄡ ㄕˋ
秋娘,1,ㄑㄧㄡ ㄋㄧㄤˊ
秋官,1,ㄑㄧㄡ ㄍㄨㄢ
秋審,1,ㄑㄧㄡ ㄕㄣˇ
秋方,1,ㄑㄧㄡ ㄈㄤ
秋旱,1,ㄑㄧㄡ ㄏㄢˋ
秋期,1,ㄑㄧㄡ ㄑㄧˊ
秋榜,1,ㄑㄧㄡ ㄅㄤˇ
秋河,1,ㄑㄧㄡ ㄏㄜˊ
秋眉,1,ㄑㄧㄡ ㄇㄟˊ
秋石,1,ㄑㄧㄡ ㄕˊ
秋社,1,ㄑㄧㄡ ㄕㄜˋ
秋禊,1,ㄑㄧㄡ ㄒㄧˋ
秋胡,1,ㄑㄧㄡ ㄏㄨˊ
秋茶,1,ㄑㄧㄡ ㄔㄚˊ
秋草,1,ㄑㄧㄡ ㄘㄠˇ
秋荼,1,ㄑㄧㄡ ㄊㄨˊ
秋闈,1,ㄑㄧㄡ ㄨㄟˊ
秋陽,1,ㄑㄧㄡ ㄧㄤˊ
秋霖,1,ㄑㄧㄡ ㄌㄧㄣˊ
秋髮,1,ㄑㄧㄡ ㄈㄚˇ
秋麻,1,ㄑㄧㄡ ㄇㄚˊ
种放,1,ㄔㄨㄥˊ ㄈㄤˋ
科令,1,ㄎㄜ ㄌㄧㄥˋ
科分,1,ㄎㄜ ㄈㄣˋ
科則,1,ㄎㄜ ㄗㄜˊ
科募,1,ㄎㄜ ㄇㄨˋ
科子,1,ㄎㄜ ㄗ˙
科定,1,ㄎㄜ ㄉㄧㄥˋ
科差,1,ㄎㄜ ㄔㄞ
科房,1,ㄎㄜ ㄈㄤˊ
科擾,1,ㄎㄜ ㄖㄠˇ
科斂,1,ㄎㄜ ㄌㄧㄢˋ
科斷,1,ㄎㄜ ㄉㄨㄢˋ
科條,1,ㄎㄜ ㄊㄧㄠˊ
科段,1,ㄎㄜ ㄉㄨㄢˋ
科泛,1,ㄎㄜ ㄈㄢˋ
科派,1,ㄎㄜ ㄆㄞˋ
科白,1,ㄎㄜ ㄅㄞˊ
科盲,1,ㄎㄜ ㄇㄤˊ
科稅,1,ㄎㄜ ㄕㄨㄟˋ
科第,1,ㄎㄜ ㄉㄧˋ
科範,1,ㄎㄜ ㄈㄢˋ
科網,1,ㄎㄜ ㄨㄤˇ
科罪,1,ㄎㄜ ㄗㄨㄟˋ
科罰,1,ㄎㄜ ㄈㄚˊ
科試,1,ㄎㄜ ㄕˋ
科諢,1,ㄎㄜ ㄏㄨㄣˋ
科買,1,ㄎㄜ ㄇㄞˇ
科道,1,ㄎㄜ ㄉㄠˋ
科配,1,ㄎㄜ ㄆㄟˋ
科需,1,ㄎㄜ ㄒㄩ
科頭,1,ㄎㄜ ㄊㄡˊ
秒忽,1,ㄇㄧㄠˇ ㄏㄨ
秕滓,1,ㄅㄧˇ ㄗˇ
秕稗,1,ㄅㄧˇ ㄅㄞˋ
秕糠,1,ㄅㄧˇ ㄎㄤ
秕謬,1,ㄅㄧˇ ㄇㄧㄡˋ
秘魯,1,ㄅㄧˋ ㄌㄨˇ
租價,1,ㄗㄨ ㄐㄧㄚˋ
租賦,1,ㄗㄨ ㄈㄨˋ
秣陵,1,ㄇㄛˋ ㄌㄧㄥˊ
秤毫,1,ㄔㄥˋ ㄏㄠˊ
秤砣,1,ㄔㄥˋ ㄊㄨㄛˊ
秤紐,1,ㄔㄥˋ ㄋㄧㄡˇ
秦中,1,ㄑㄧㄣˊ ㄓㄨㄥ
秦俑,1,ㄑㄧㄣˊ ㄩㄥˇ
秦川,1,ㄑㄧㄣˊ ㄔㄨㄢ
秦晉,1,ㄑㄧㄣˊ ㄐㄧㄣˋ
秦椒,1,ㄑㄧㄣˊ ㄐㄧㄠ
秦樓,1,ㄑㄧㄣˊ ㄌㄡˊ
秦橋,1,ㄑㄧㄣˊ ㄑㄧㄠˊ
秦灰,1,ㄑㄧㄣˊ ㄏㄨㄟ
秦琴,1,ㄑㄧㄣˊ ㄑㄧㄣˊ
秦箏,1,ㄑㄧㄣˊ ㄓㄥ
秦篆,1,ㄑㄧㄣˊ ㄓㄨㄢˋ
秦聲,1,ㄑㄧㄣˊ ㄕㄥ
秦艽,1,ㄑㄧㄣˊ ㄐㄧㄠ
秦觀,1,ㄑㄧㄣˊ ㄍㄨㄢ
秦誓,1,ㄑㄧㄣˊ ㄕˋ
秦贅,1,ㄑㄧㄣˊ ㄓㄨㄟˋ
秦越,1,ㄑㄧㄣˊ ㄩㄝˋ
秦鏡,1,ㄑㄧㄣˊ ㄐㄧㄥˋ
秦關,1,ㄑㄧㄣˊ ㄍㄨㄢ
秦隸,1,ㄑㄧㄣˊ ㄌㄧˋ
秧子,1,ㄧㄤ ㄗ˙
秧腳,1,ㄧㄤ ㄐㄧㄠˇ
秧針,1,ㄧㄤ ㄓㄣ
秧雞,1,ㄧㄤ ㄐㄧ
秧馬,1,ㄧㄤ ㄇㄚˇ
秩敘,1,ㄓˋ ㄒㄩˋ
秩滿,1,ㄓˋ ㄇㄢˇ
秩然,1,ㄓˋ ㄖㄢˊ
秩祿,1,ㄓˋ ㄌㄨˋ
秩秩,1,ㄓˋ ㄓˋ
秫秫,1,ㄕㄨˊ ㄕㄨˊ
秫秸,1,ㄕㄨˊ ㄐㄧㄝ˙
秫酒,1,ㄕㄨˊ ㄐㄧㄡˇ
秬鬯,1,ㄐㄩˋ ㄔㄤˋ
秭歸,1,ㄗˇ ㄍㄨㄟ
移住,1,ㄧˊ ㄓㄨˋ
移國,1,ㄧˊ ㄍㄨㄛˊ
移天,1,ㄧˊ ㄊㄧㄢ
移易,1,ㄧˊ ㄧˋ
移晷,1,ㄧˊ ㄍㄨㄟˇ
移書,1,ㄧˊ ㄕㄨ
移會,1,ㄧˊ ㄏㄨㄟˋ
移檄,1,ㄧˊ ㄒㄧˊ
移牒,1,ㄧˊ ㄉㄧㄝˊ
移玉,1,ㄧˊ ㄩˋ
移用,1,ㄧˊ ㄩㄥˋ
移病,1,ㄧˊ ㄅㄧㄥˋ
移禍,1,ㄧˊ ㄏㄨㄛˋ
移臨,1,ㄧˊ ㄌㄧㄣˊ
移鼎,1,ㄧˊ ㄉㄧㄥˇ
稀世,1,ㄒㄧ ㄕˋ
稀破,1,ㄒㄧ ㄆㄛˋ
稀行,1,ㄒㄧ ㄒㄧㄥˊ
稂莠,1,ㄌㄤˊ ㄧㄡˇ
稅利,1,ㄕㄨㄟˋ ㄌㄧˋ
稅基,1,ㄕㄨㄟˋ ㄐㄧ
稅源,1,ㄕㄨㄟˋ ㄩㄢˊ
稅種,1,ㄕㄨㄟˋ ㄓㄨㄥˇ
稅籍,1,ㄕㄨㄟˋ ㄐㄧˊ
稅糧,1,ㄕㄨㄟˋ ㄌㄧㄤˊ
稅關,1,ㄕㄨㄟˋ ㄍㄨㄢ
稅駕,1,ㄕㄨㄟˋ ㄐㄧㄚˋ
稈子,1,ㄍㄢˇ ㄗ˙
稊稗,1,ㄊㄧˊ ㄅㄞˋ
稊米,1,ㄊㄧˊ ㄇㄧˇ
程儀,1,ㄔㄥˊ ㄧˊ
程墨,1,ㄔㄥˊ ㄇㄛˋ
程嬰,1,ㄔㄥˊ ㄧㄥ
程控,1,ㄔㄥˊ ㄎㄨㄥˋ
程敬,1,ㄔㄥˊ ㄐㄧㄥˋ
程文,1,ㄔㄥˊ ㄨㄣˊ
程普,1,ㄔㄥˊ ㄆㄨˇ
程朱,1,ㄔㄥˊ ㄓㄨ
程限,1,ㄔㄥˊ ㄒㄧㄢˋ
程頤,1,ㄔㄥˊ ㄧˊ
程顥,1,ㄔㄥˊ ㄏㄠˋ
稍房,1,ㄕㄠ ㄈㄤˊ
稍袋,1,ㄕㄠ ㄉㄞˋ
稍食,1,ㄕㄠ ㄕˊ
稔亂,1,ㄖㄣˇ ㄌㄨㄢˋ
稔膩,1,ㄖㄣˇ ㄋㄧˋ
稔色,1,ㄖㄣˇ ㄙㄜˋ
稗海,1,ㄅㄞˋ ㄏㄞˇ
稗草,1,ㄅㄞˋ ㄘㄠˇ
稗販,1,ㄅㄞˋ ㄈㄢˋ
稚童,1,ㄓˋ ㄊㄨㄥˊ
稛載,1,ㄎㄨㄣˇ ㄗㄞˋ
稜子,1,ㄌㄥˊ ㄗ˙
稜層,1,ㄌㄥˊ ㄘㄥˊ
稜稜,1,ㄌㄥˊ ㄌㄥˊ
稜稜,1,ㄌㄥˊ ㄌㄥ˙
稜縫,1,ㄌㄥˊ ㄈㄥˋ
稜錐,1,ㄌㄥˊ ㄓㄨㄟ
稞麥,1,ㄎㄜ ㄇㄞˋ
稟令,1,ㄅㄧㄥˇ ㄌㄧㄥˋ
稟叩,1,ㄅㄧㄥˇ ㄎㄡˋ
稟命,1,ㄅㄧㄥˇ ㄇㄧㄥˋ
稟帖,1,ㄅㄧㄥˇ ㄊㄧㄝˇ
稟氣,1,ㄅㄧㄥˇ ㄑㄧˋ
稟牆,1,ㄅㄧㄥˇ ㄑㄧㄤˊ
稟白,1,ㄅㄧㄥˇ ㄅㄞˊ
稟能,1,ㄅㄧㄥˇ ㄋㄥˊ
稟見,1,ㄅㄧㄥˇ ㄐㄧㄢˋ
稠人,1,ㄔㄡˊ ㄖㄣˊ
稠濁,1,ㄔㄡˊ ㄓㄨㄛˊ
稠疊,1,ㄔㄡˊ ㄉㄧㄝˊ
稠糊,1,ㄔㄡˊ ㄏㄨ˙
稠雲,1,ㄔㄡˊ ㄩㄣˊ
稨豆,1,ㄅㄧㄢˇ ㄉㄡˋ
種人,1,ㄓㄨㄥˇ ㄖㄣˊ
種仁,1,ㄓㄨㄥˇ ㄖㄣˊ
種切,1,ㄓㄨㄥˇ ㄑㄧㄝˋ
種名,1,ㄓㄨㄥˇ ㄇㄧㄥˊ
種地,1,ㄓㄨㄥˋ ㄉㄧˋ
種姓,1,ㄓㄨㄥˇ ㄒㄧㄥˋ
種德,1,ㄓㄨㄥˋ ㄉㄜˊ
種生,1,ㄓㄨㄥˋ ㄕㄥ
種皮,1,ㄓㄨㄥˇ ㄆㄧˊ
種麻,1,ㄓㄨㄥˇ ㄇㄚˊ
稱亂,1,ㄔㄥ ㄌㄨㄢˋ
稱制,1,ㄔㄥ ㄓˋ
稱帝,1,ㄔㄥ ㄉㄧˋ
稱引,1,ㄔㄥ ㄧㄣˇ
稱心,1,ㄔㄥˋ ㄒㄧㄣ
稱情,1,ㄔㄥˋ ㄑㄧㄥˊ
稱意,1,ㄔㄥˋ ㄧˋ
稱揚,1,ㄔㄥ ㄧㄤˊ
稱是,1,ㄔㄥ ㄕˋ
稱異,1,ㄔㄥ ㄧˋ
稱疾,1,ㄔㄥ ㄐㄧˊ
稱美,1,ㄔㄥ ㄇㄟˇ
稱詞,1,ㄔㄥ ㄘˊ
稱誦,1,ㄔㄥ ㄙㄨㄥˋ
稱賀,1,ㄔㄥ ㄏㄜˋ
稱賞,1,ㄔㄥ ㄕㄤˇ
稱錢,1,ㄔㄥˋ ㄑㄧㄢˊ
稱願,1,ㄔㄥˋ ㄩㄢˋ
稷神,1,ㄐㄧˋ ㄕㄣˊ
稻畦,1,ㄉㄠˋ ㄒㄧ
稻粱,1,ㄉㄠˋ ㄌㄧㄤˊ
稻糠,1,ㄉㄠˋ ㄎㄤ
稻農,1,ㄉㄠˋ ㄋㄨㄥˊ
稼軒,1,ㄐㄧㄚˋ ㄒㄩㄢ
稽古,1,ㄐㄧ ㄍㄨˇ
稽固,1,ㄐㄧ ㄍㄨˋ
稽延,1,ㄐㄧ ㄧㄢˊ
稽式,1,ㄐㄧ ㄕˋ
稽滯,1,ㄐㄧ ㄓˋ
稽疑,1,ㄐㄧ ㄧˊ
稽程,1,ㄐㄧ ㄔㄥˊ
稽考,1,ㄐㄧ ㄎㄠˇ
稽遲,1,ㄐㄧ ㄔˊ
稿案,1,ㄍㄠˇ ㄢˋ
稿源,1,ㄍㄠˇ ㄩㄢˊ
稿砧,1,ㄍㄠˇ ㄓㄣ
稿約,1,ㄍㄠˇ ㄩㄝ
稿葬,1,ㄍㄠˇ ㄗㄤˋ
稿薦,1,ㄍㄠˇ ㄐㄧㄢˋ
穀圭,1,ㄍㄨˇ ㄍㄨㄟ
穀日,1,ㄍㄨˇ ㄖˋ
穀旦,1,ㄍㄨˇ ㄉㄢˋ
穀穀,1,ㄍㄨˇ ㄍㄨˇ
穀米,1,ㄍㄨˇ ㄇㄧˇ
穀風,1,ㄍㄨˇ ㄈㄥ
穀食,1,ㄍㄨˇ ㄕˊ
穄子,1,ㄐㄧˋ ㄗ˙
穆民,1,ㄇㄨˋ ㄇㄧㄣˊ
穆清,1,ㄇㄨˋ ㄑㄧㄥ
穆王,1,ㄇㄨˋ ㄨㄤˊ
積伶,1,ㄐㄧ ㄌㄧㄥˊ
積作,1,ㄐㄧ ㄗㄨㄛ˙
積儲,1,ㄐㄧ ㄔㄨˊ
積儹,1,ㄐㄧ ㄗㄢˇ
積勞,1,ㄐㄧ ㄌㄠˊ
積古,1,ㄐㄧ ㄍㄨˇ
積墨,1,ㄐㄧ ㄇㄛˋ
積壽,1,ㄐㄧ ㄕㄡˋ
積威,1,ㄐㄧ ㄨㄟ
積弱,1,ㄐㄧ ㄖㄨㄛˋ
積惡,1,ㄐㄧ ㄜˋ
積慮,1,ㄐㄧ ㄌㄩˋ
積泊,1,ㄐㄧ ㄅㄛˊ
積祖,1,ㄐㄧ ㄗㄨˇ
積穀,1,ㄐㄧ ㄍㄨˇ
積素,1,ㄐㄧ ㄙㄨˋ
積蠹,1,ㄐㄧ ㄉㄨˋ
積賊,1,ㄐㄧ ㄗㄟˊ
積趲,1,ㄐㄧ ㄗㄢˇ
穎敏,1,ㄧㄥˇ ㄇㄧㄣˇ
穗軸,1,ㄙㄨㄟˋ ㄓㄡˊ
穗選,1,ㄙㄨㄟˋ ㄒㄩㄢˇ
穟穟,1,ㄙㄨㄟˋ ㄙㄨㄟˋ
穠華,1,ㄋㄨㄥˊ ㄏㄨㄚ
穠豔,1,ㄋㄨㄥˊ ㄧㄢˋ
穠飾,1,ㄋㄨㄥˊ ㄕˋ
穡事,1,ㄙㄜˋ ㄕˋ
穡臣,1,ㄙㄜˋ ㄔㄣˊ
穢囊,1,ㄏㄨㄟˋ ㄋㄤˊ
穢德,1,ㄏㄨㄟˋ ㄉㄜˊ
穢罵,1,ㄏㄨㄟˋ ㄇㄚˋ
穢草,1,ㄏㄨㄟˋ ㄘㄠˇ
穢行,1,ㄏㄨㄟˋ ㄒㄧㄥˋ
穢言,1,ㄏㄨㄟˋ ㄧㄢˊ
穢跡,1,ㄏㄨㄟˋ ㄐㄧ
穩住,1,ㄨㄣˇ ㄓㄨ˙
穩取,1,ㄨㄣˇ ㄑㄩˇ
穩情,1,ㄨㄣˇ ㄑㄧㄥˊ
穩當,1,ㄨㄣˇ ㄉㄤ˙
穩貼,1,ㄨㄣˇ ㄊㄧㄝ
穰歲,1,ㄖㄤˊ ㄙㄨㄟˋ
穰穰,1,ㄖㄤˇ ㄖㄤˇ
穰穰,1,ㄖㄤˊ ㄖㄤˊ
穴施,1,ㄒㄩㄝˋ ㄕ
穴見,1,ㄒㄩㄝˋ ㄐㄧㄢˋ
穴隙,1,ㄒㄩㄝˋ ㄒㄧˋ
究心,1,ㄐㄧㄡˋ ㄒㄧㄣ
究查,1,ㄐㄧㄡˋ ㄔㄚˊ
究治,1,ㄐㄧㄡˋ ㄓˋ
究究,1,ㄐㄧㄡˋ ㄐㄧㄡˋ
究詰,1,ㄐㄧㄡˋ ㄐㄧㄝˊ
穹壤,1,ㄑㄩㄥ ㄖㄤˇ
穹石,1,ㄑㄩㄥ ㄕˊ
穹窒,1,ㄑㄩㄥ ㄓˋ
穹窿,1,ㄑㄩㄥ ㄌㄨㄥˊ
穹谷,1,ㄑㄩㄥ ㄍㄨˇ
穹隆,1,ㄑㄩㄥ ㄌㄨㄥˊ
穹靈,1,ㄑㄩㄥ ㄌㄧㄥˊ
空侗,1,ㄎㄨㄥ ㄊㄨㄥˊ
空便,1,ㄎㄨㄥˋ ㄅㄧㄢˋ
空勞,1,ㄎㄨㄥ ㄌㄠˊ
空吸,1,ㄎㄨㄥ ㄒㄧ
空堂,1,ㄎㄨㄥ ㄊㄤˊ
空子,1,ㄎㄨㄥˋ ㄗ˙
空宗,1,ㄎㄨㄥ ㄗㄨㄥ
空山,1,ㄎㄨㄥ ㄕㄢ
空廓,1,ㄎㄨㄥ ㄎㄨㄛˋ
空廬,1,ㄎㄨㄥ ㄌㄨˊ
空弮,1,ㄎㄨㄥ ㄑㄩㄢ
空心,1,ㄎㄨㄥˋ ㄒㄧㄣ
空懷,1,ㄎㄨㄥ ㄏㄨㄞˊ
空房,1,ㄎㄨㄥˋ ㄈㄤˊ
空撥,1,ㄎㄨㄥ ㄅㄛ
空暇,1,ㄎㄨㄥˋ ㄒㄧㄚˊ
空林,1,ㄎㄨㄥ ㄌㄧㄣˊ
空桑,1,ㄎㄨㄥ ㄙㄤ
空橋,1,ㄎㄨㄥ ㄑㄧㄠˊ
空海,1,ㄎㄨㄥ ㄏㄞˇ
空濛,1,ㄎㄨㄥ ㄇㄥˊ
空王,1,ㄎㄨㄥ ㄨㄤˊ
空疏,1,ㄎㄨㄥ ㄕㄨ
空相,1,ㄎㄨㄥ ㄒㄧㄤˋ
空竹,1,ㄎㄨㄥ ㄓㄨˊ
空群,1,ㄎㄨㄥ ㄑㄩㄣˊ
空腸,1,ㄎㄨㄥ ㄔㄤˊ
空花,1,ㄎㄨㄥ ㄏㄨㄚ
空蝕,1,ㄎㄨㄥ ㄕˊ
空語,1,ㄎㄨㄥ ㄩˇ
空轉,1,ㄎㄨㄥ ㄓㄨㄢˋ
空造,1,ㄎㄨㄥ ㄗㄠˋ
空鐘,1,ㄎㄨㄥ ㄓㄨㄥ˙
空青,1,ㄎㄨㄥ ㄑㄧㄥ
空頭,1,ㄎㄨㄥˋ ㄊㄡˊ
空首,1,ㄎㄨㄥ ㄕㄡˇ
穾奧,1,ㄧㄠˇ ㄠˋ
穾廈,1,ㄧㄠˇ ㄒㄧㄚˋ
穿帶,1,ㄔㄨㄢ ㄉㄞˋ
穿廊,1,ㄔㄨㄢ ㄌㄤˊ
穿換,1,ㄔㄨㄢ ㄏㄨㄢˋ
穿楊,1,ㄔㄨㄢ ㄧㄤˊ
穿素,1,ㄔㄨㄢ ㄙㄨˋ
穿結,1,ㄔㄨㄢ ㄐㄧㄝˊ
穿胸,1,ㄔㄨㄢ ㄒㄩㄥ
穿關,1,ㄔㄨㄢ ㄍㄨㄢ
突地,1,ㄊㄨˊ ㄉㄧˋ
突怒,1,ㄊㄨˊ ㄋㄨˋ
突梯,1,ㄊㄨˊ ㄊㄧ
突火,1,ㄊㄨˊ ㄏㄨㄛˇ
突眼,1,ㄊㄨˊ ㄧㄢˇ
突磨,1,ㄊㄨˊ ㄇㄛˊ
突禿,1,ㄊㄨˊ ㄊㄨ
突騎,1,ㄊㄨˊ ㄐㄧˋ
突高,1,ㄊㄨˊ ㄍㄠ
窄巴,1,ㄓㄞˇ ㄅㄚ˙
窅冥,1,ㄧㄠˇ ㄇㄧㄥˊ
窅娘,1,ㄧㄠˇ ㄋㄧㄤˊ
窅然,1,ㄧㄠˇ ㄖㄢˊ
窅眇,1,ㄧㄠˇ ㄇㄧㄠˇ
窅窅,1,ㄧㄠˇ ㄧㄠˇ
窅窱,1,ㄧㄠˇ ㄊㄧㄠˇ
窅靄,1,ㄧㄠˇ ㄞˇ
窈冥,1,ㄧㄠˇ ㄇㄧㄥˊ
窈娜,1,ㄧㄠˇ ㄋㄨㄛˊ
窈窈,1,ㄧㄠˇ ㄧㄠˇ
窊皺,1,ㄨㄚ ㄓㄡˋ
窔遼,1,ㄧㄠˇ ㄌㄧㄠˊ
窕言,1,ㄊㄧㄠˇ ㄧㄢˊ
窖肥,1,ㄐㄧㄠˋ ㄈㄟˊ
窖藏,1,ㄐㄧㄠˋ ㄘㄤˊ
窗下,1,ㄔㄨㄤ ㄒㄧㄚˋ
窗友,1,ㄔㄨㄤ ㄧㄡˇ
窗屜,1,ㄔㄨㄤ ㄊㄧˋ
窗戶,1,ㄔㄨㄤ ㄏㄨ˙
窗格,1,ㄔㄨㄤ ㄍㄜˊ
窗槅,1,ㄔㄨㄤ ㄍㄜˊ
窗檻,1,ㄔㄨㄤ ㄐㄧㄢˋ
窗沿,1,ㄔㄨㄤ ㄧㄢˊ
窗牖,1,ㄔㄨㄤ ㄧㄡˇ
窗眼,1,ㄔㄨㄤ ㄧㄢˇ
窗紗,1,ㄔㄨㄤ ㄕㄚ
窗紙,1,ㄔㄨㄤ ㄓˇ
窗緣,1,ㄔㄨㄤ ㄩㄢˊ
窗花,1,ㄔㄨㄤ ㄏㄨㄚ
窗課,1,ㄔㄨㄤ ㄎㄜˋ
窗飾,1,ㄔㄨㄤ ㄕˋ
窘促,1,ㄐㄩㄥˇ ㄘㄨˋ
窘步,1,ㄐㄩㄥˇ ㄅㄨˋ
窘況,1,ㄐㄩㄥˇ ㄎㄨㄤˋ
窘鄉,1,ㄐㄩㄥˇ ㄒㄧㄤ
窟宅,1,ㄎㄨ ㄓㄜˋ
窟居,1,ㄎㄨ ㄐㄩ
窟窿,1,ㄎㄨ ㄌㄨㄥ˙
窠子,1,ㄎㄜ ㄗ˙
窣地,1,ㄙㄨˋ ㄉㄧˋ
窣磕,1,ㄙㄨˋ ㄎㄜ
窨井,1,ㄧㄣˋ ㄐㄧㄥˇ
窨付,1,ㄧㄣˋ ㄈㄨˋ
窨戶,1,ㄧㄣˋ ㄏㄨˋ
窨約,1,ㄧㄣˋ ㄩㄝ
窨腹,1,ㄧㄣˋ ㄈㄨˋ
窩伴,1,ㄨㄛ ㄅㄢˋ
窩囊,1,ㄨㄛ ㄋㄤ˙
窩家,1,ㄨㄛ ㄐㄧㄚ
窩弓,1,ㄨㄛ ㄍㄨㄥ
窩憋,1,ㄨㄛ ㄅㄧㄝ˙
窩棚,1,ㄨㄛ ㄆㄥ˙
窩火,1,ㄨㄛ ㄏㄨㄛˇ
窩盤,1,ㄨㄛ ㄆㄢˊ
窩鋪,1,ㄨㄛ ㄆㄨˋ
窩集,1,ㄨㄛ ㄐㄧˊ
窩頓,1,ㄨㄛ ㄉㄨㄣˋ
窩風,1,ㄨㄛ ㄈㄥ
窪然,1,ㄨㄚ ㄖㄢˊ
窬木,1,ㄩˊ ㄇㄨˋ
窮九,1,ㄑㄩㄥˊ ㄐㄧㄡˇ
窮冗,1,ㄑㄩㄥˊ ㄖㄨㄥˇ
窮匱,1,ㄑㄩㄥˊ ㄎㄨㄟˋ
窮寇,1,ㄑㄩㄥˊ ㄎㄡˋ
窮年,1,ㄑㄩㄥˊ ㄋㄧㄢˊ
窮廝,1,ㄑㄩㄥˊ ㄙ
窮愁,1,ㄑㄩㄥˊ ㄔㄡˊ
窮暴,1,ㄑㄩㄥˊ ㄅㄠˋ
窮氣,1,ㄑㄩㄥˊ ㄑㄧ˙
窮治,1,ㄑㄩㄥˊ ㄓˋ
窮泉,1,ㄑㄩㄥˊ ㄑㄩㄢˊ
窮漢,1,ㄑㄩㄥˊ ㄏㄢˋ
窮生,1,ㄑㄩㄥˊ ㄕㄥ
窮瘋,1,ㄑㄩㄥˊ ㄈㄥ
窮神,1,ㄑㄩㄥˊ ㄕㄣˊ
窮窘,1,ㄑㄩㄥˊ ㄐㄩㄥˇ
窮竟,1,ㄑㄩㄥˊ ㄐㄧㄥˋ
窮竭,1,ㄑㄩㄥˊ ㄐㄧㄝˊ
窮裔,1,ㄑㄩㄥˊ ㄧˋ
窮蹙,1,ㄑㄩㄥˊ ㄘㄨˋ
窮髮,1,ㄑㄩㄥˊ ㄈㄚˇ
窯坑,1,ㄧㄠˊ ㄎㄥ
窯工,1,ㄧㄠˊ ㄍㄨㄥ
窯戶,1,ㄧㄠˊ ㄏㄨˋ
窯業,1,ㄧㄠˊ ㄧㄝˋ
窳惰,1,ㄩˇ ㄉㄨㄛˋ
窳楛,1,ㄩˇ ㄎㄨˇ
窵遠,1,ㄉㄧㄠˋ ㄩㄢˇ
窶數,1,ㄐㄩˋ ㄕㄨˇ
窺圖,1,ㄎㄨㄟ ㄊㄨˊ
窺基,1,ㄎㄨㄟ ㄐㄧ
窺涉,1,ㄎㄨㄟ ㄕㄜˋ
窺窬,1,ㄎㄨㄟ ㄩˊ
窺管,1,ㄎㄨㄟ ㄍㄨㄢˇ
竄伏,1,ㄘㄨㄢˋ ㄈㄨˊ
竄動,1,ㄘㄨㄢˋ ㄉㄨㄥˋ
竄匿,1,ㄘㄨㄢˋ ㄋㄧˋ
竄升,1,ㄘㄨㄢˋ ㄕㄥ
竄句,1,ㄘㄨㄢˋ ㄐㄩˋ
竄定,1,ㄘㄨㄢˋ ㄉㄧㄥˋ
竄擾,1,ㄘㄨㄢˋ ㄖㄠˇ
竄犯,1,ㄘㄨㄢˋ ㄈㄢˋ
竄紅,1,ㄘㄨㄢˋ ㄏㄨㄥˊ
竄起,1,ㄘㄨㄢˋ ㄑㄧˇ
竄身,1,ㄘㄨㄢˋ ㄕㄣ
竄逐,1,ㄘㄨㄢˋ ㄓㄨˊ
竄遊,1,ㄘㄨㄢˋ ㄧㄡˊ
竇嬰,1,ㄉㄡˋ ㄧㄥ
竇武,1,ㄉㄡˋ ㄨˇ
竇融,1,ㄉㄡˋ ㄖㄨㄥˊ
竊匪,1,ㄑㄧㄝˋ ㄈㄟˇ
竊占,1,ㄑㄧㄝˋ ㄓㄢˋ
竊弄,1,ㄑㄧㄝˋ ㄋㄨㄥˋ
竊玉,1,ㄑㄧㄝˋ ㄩˋ
竊疾,1,ㄑㄧㄝˋ ㄐㄧˊ
竊窺,1,ㄑㄧㄝˋ ㄎㄨㄟ
竊竊,1,ㄑㄧㄝˋ ㄑㄧㄝˋ
竊號,1,ㄑㄧㄝˋ ㄏㄠˋ
竊視,1,ㄑㄧㄝˋ ㄕˋ
立世,1,ㄌㄧˋ ㄕˋ
立事,1,ㄌㄧˋ ㄕˋ
立交,1,ㄌㄧˋ ㄐㄧㄠ
立便,1,ㄌㄧˋ ㄅㄧㄢˋ
立候,1,ㄌㄧˋ ㄏㄡˋ
立品,1,ㄌㄧˋ ㄆㄧㄣˇ
立威,1,ㄌㄧˋ ㄨㄟ
立室,1,ㄌㄧˋ ㄕˋ
立戶,1,ㄌㄧˋ ㄏㄨˋ
立扎,1,ㄌㄧˋ ㄓㄚ
立掙,1,ㄌㄧˋ ㄓㄥ
立政,1,ㄌㄧˋ ㄓㄥˋ
立效,1,ㄌㄧˋ ㄒㄧㄠˋ
立教,1,ㄌㄧˋ ㄐㄧㄠˋ
立斷,1,ㄌㄧˋ ㄉㄨㄢˋ
立枷,1,ㄌㄧˋ ㄐㄧㄚ
立決,1,ㄌㄧˋ ㄐㄩㄝˊ
立當,1,ㄌㄧˋ ㄉㄤ
立睜,1,ㄌㄧˋ ㄓㄥ
立突,1,ㄌㄧˋ ㄊㄨˊ
立範,1,ㄌㄧˋ ㄈㄢˋ
立草,1,ㄌㄧˋ ㄘㄠˇ
立逼,1,ㄌㄧˋ ㄅㄧ
站友,1,ㄓㄢˋ ㄧㄡˇ
站址,1,ㄓㄢˋ ㄓˇ
站堂,1,ㄓㄢˋ ㄊㄤˊ
站夫,1,ㄓㄢˋ ㄈㄨ
站班,1,ㄓㄢˋ ㄅㄢ
站籠,1,ㄓㄢˋ ㄌㄨㄥˊ
站臺,1,ㄓㄢˋ ㄊㄞˊ
站街,1,ㄓㄢˋ ㄐㄧㄝ
站赤,1,ㄓㄢˋ ㄔˋ
站隊,1,ㄓㄢˋ ㄉㄨㄟˋ
竟坐,1,ㄐㄧㄥˋ ㄗㄨㄛˋ
竟夕,1,ㄐㄧㄥˋ ㄒㄧˋ
竟天,1,ㄐㄧㄥˋ ㄊㄧㄢ
竟爾,1,ㄐㄧㄥˋ ㄦˇ
章動,1,ㄓㄤ ㄉㄨㄥˋ
章服,1,ㄓㄤ ㄈㄨˊ
章水,1,ㄓㄤ ㄕㄨㄟˇ
章甫,1,ㄓㄤ ㄈㄨˇ
章程,1,ㄓㄤ ㄔㄥ˙
章臺,1,ㄓㄤ ㄊㄞˊ
章華,1,ㄓㄤ ㄏㄨㄚˊ
章表,1,ㄓㄤ ㄅㄧㄠˇ
章身,1,ㄓㄤ ㄕㄣ
童便,1,ㄊㄨㄥˊ ㄅㄧㄢˋ
童婢,1,ㄊㄨㄥˊ ㄅㄧˋ
童山,1,ㄊㄨㄥˊ ㄕㄢ
童昏,1,ㄊㄨㄥˊ ㄏㄨㄣ
童星,1,ㄊㄨㄥˊ ㄒㄧㄥ
童烏,1,ㄊㄨㄥˊ ㄨ
童玩,1,ㄊㄨㄥˊ ㄨㄢˊ
童生,1,ㄊㄨㄥˊ ㄕㄥ
童童,1,ㄊㄨㄥˊ ㄊㄨㄥˊ
童蒙,1,ㄊㄨㄥˊ ㄇㄥˊ
童語,1,ㄊㄨㄥˊ ㄩˇ
童貫,1,ㄊㄨㄥˊ ㄍㄨㄢˋ
童趣,1,ㄊㄨㄥˊ ㄑㄩˋ
童農,1,ㄊㄨㄥˊ ㄋㄨㄥˊ
童騃,1,ㄊㄨㄥˊ ㄞˊ
竦峙,1,ㄙㄨㄥˇ ㄓˋ
竦意,1,ㄙㄨㄥˇ ㄧˋ
竦桀,1,ㄙㄨㄥˇ ㄐㄧㄝˊ
竦身,1,ㄙㄨㄥˇ ㄕㄣ
竫言,1,ㄐㄧㄥˋ ㄧㄢˊ
竭分,1,ㄐㄧㄝˊ ㄈㄣˋ
竭絕,1,ㄐㄧㄝˊ ㄐㄩㄝˊ
竭蹶,1,ㄐㄧㄝˊ ㄐㄩㄝˊ
端五,1,ㄉㄨㄢ ㄨˇ
端人,1,ㄉㄨㄢ ㄖㄣˊ
端兆,1,ㄉㄨㄢ ㄓㄠˋ
端公,1,ㄉㄨㄢ ㄍㄨㄥ
端凝,1,ㄉㄨㄢ ㄋㄧㄥˊ
端切,1,ㄉㄨㄢ ㄑㄧㄝˋ
端嚴,1,ㄉㄨㄢ ㄧㄢˊ
端子,1,ㄉㄨㄢ ㄗ˙
端拱,1,ㄉㄨㄢ ㄍㄨㄥˇ
端揆,1,ㄉㄨㄢ ㄎㄨㄟˊ
端整,1,ㄉㄨㄢ ㄓㄥˇ
端木,1,ㄉㄨㄢ ㄇㄨˋ
端溪,1,ㄉㄨㄢ ㄒㄧ
端然,1,ㄉㄨㄢ ㄖㄢˊ
端的,1,ㄉㄨㄢ ㄉㄧˋ
端盒,1,ㄉㄨㄢ ㄏㄜˊ
端相,1,ㄉㄨㄢ ㄒㄧㄤ
端石,1,ㄉㄨㄢ ㄕˊ
端肅,1,ㄉㄨㄢ ㄙㄨˋ
端詞,1,ㄉㄨㄢ ㄘˊ
端量,1,ㄉㄨㄢ ㄌㄧㄤˊ
端門,1,ㄉㄨㄢ ㄇㄣˊ
端雅,1,ㄉㄨㄢ ㄧㄚˇ
端麗,1,ㄉㄨㄢ ㄌㄧˋ
競利,1,ㄐㄧㄥˋ ㄌㄧˋ
競爽,1,ㄐㄧㄥˋ ㄕㄨㄤˇ
競獄,1,ㄐㄧㄥˋ ㄩˋ
競理,1,ㄐㄧㄥˋ ㄌㄧˇ
競病,1,ㄐㄧㄥˋ ㄅㄧㄥˋ
競進,1,ㄐㄧㄥˋ ㄐㄧㄣˋ
競銷,1,ㄐㄧㄥˋ ㄒㄧㄠ
竹刑,1,ㄓㄨˊ ㄒㄧㄥˊ
竹刻,1,ㄓㄨˊ ㄎㄜ
竹姬,1,ㄓㄨˊ ㄐㄧ
竹孫,1,ㄓㄨˊ ㄙㄨㄣ
竹布,1,ㄓㄨˊ ㄅㄨˋ
竹影,1,ㄓㄨˊ ㄧㄥˇ
竹扇,1,ㄓㄨˊ ㄕㄢˋ
竹琴,1,ㄓㄨˊ ㄑㄧㄣˊ
竹笛,1,ㄓㄨˊ ㄉㄧˊ
竹篦,1,ㄓㄨˊ ㄅㄧˋ
竹紙,1,ㄓㄨˊ ㄓˇ
竹素,1,ㄓㄨˊ ㄙㄨˋ
竹肉,1,ㄓㄨˊ ㄖㄡˋ
竹芋,1,ㄓㄨˊ ㄩˋ
竹茹,1,ㄓㄨˊ ㄖㄨˊ
竹萌,1,ㄓㄨˊ ㄇㄥˊ
竹輿,1,ㄓㄨˊ ㄩˊ
竹雞,1,ㄓㄨˊ ㄐㄧ
竹黃,1,ㄓㄨˊ ㄏㄨㄤˊ
竺學,1,ㄓㄨˊ ㄒㄩㄝˊ
竺經,1,ㄓㄨˊ ㄐㄧㄥ
竽律,1,ㄩˊ ㄌㄩˋ
竿牘,1,ㄍㄢ ㄉㄨˊ
竿累,1,ㄍㄢ ㄌㄟˋ
笄丱,1,ㄐㄧ ㄍㄨㄢˋ
笄冠,1,ㄐㄧ ㄍㄨㄢˋ
笄字,1,ㄐㄧ ㄗˋ
笄年,1,ㄐㄧ ㄋㄧㄢˊ
笄禮,1,ㄐㄧ ㄌㄧˇ
笆壁,1,ㄅㄚ ㄅㄧˋ
笆簍,1,ㄅㄚ ㄌㄡˇ
笆籬,1,ㄅㄚ ㄌㄧˊ
笊籬,1,ㄓㄠˋ ㄌㄧ˙
笏板,1,ㄏㄨˋ ㄅㄢˇ
笑劇,1,ㄒㄧㄠˋ ㄐㄩˋ
笑敖,1,ㄒㄧㄠˋ ㄠˋ
笑殺,1,ㄒㄧㄠˋ ㄕㄚ˙
笑氣,1,ㄒㄧㄠˋ ㄑㄧˋ
笑渦,1,ㄒㄧㄠˋ ㄨㄛ
笑耍,1,ㄒㄧㄠˋ ㄕㄨㄚˇ
笙詩,1,ㄕㄥ ㄕ
笞打,1,ㄔ ㄉㄚˇ
笞楚,1,ㄔ ㄔㄨˇ
笞箠,1,ㄔ ㄔㄨㄟˊ
笞罵,1,ㄔ ㄇㄚˋ
笞背,1,ㄔ ㄅㄟˋ
笠子,1,ㄌㄧˋ ㄗ˙
笠帽,1,ㄌㄧˋ ㄇㄠˋ
笠衫,1,ㄌㄧˋ ㄕㄢ
笢子,1,ㄇㄧㄣˇ ㄗ˙
笢笏,1,ㄇㄧㄣˇ ㄏㄨˋ
笤帚,1,ㄊㄧㄠˊ ㄓㄡ˙
符冊,1,ㄈㄨˊ ㄘㄜˋ
符印,1,ㄈㄨˊ ㄧㄣˋ
符契,1,ㄈㄨˊ ㄑㄧˋ
符拔,1,ㄈㄨˊ ㄅㄚˊ
符瑞,1,ㄈㄨˊ ㄖㄨㄟˋ
符璽,1,ㄈㄨˊ ㄒㄧˇ
符篆,1,ㄈㄨˊ ㄓㄨㄢˋ
符讖,1,ㄈㄨˊ ㄔㄣˋ
符采,1,ㄈㄨˊ ㄘㄞˇ
笨狗,1,ㄅㄣˋ ㄍㄡˇ
笨鈍,1,ㄅㄣˋ ㄉㄨㄣˋ
笭床,1,ㄌㄧㄥˊ ㄔㄨㄤˊ
笳管,1,ㄐㄧㄚ ㄍㄨㄢˇ
笳聲,1,ㄐㄧㄚ ㄕㄥ
笳角,1,ㄐㄧㄚ ㄐㄩㄝˊ
笸籃,1,ㄆㄛˇ ㄌㄢˊ
笸籮,1,ㄆㄛˇ ㄌㄨㄛ˙
筅帚,1,ㄒㄧㄢˇ ㄓㄡˇ
筆仗,1,ㄅㄧˇ ㄓㄤˋ
筆供,1,ㄅㄧˇ ㄍㄨㄥ
筆冢,1,ㄅㄧˇ ㄓㄨㄥˇ
筆削,1,ㄅㄧˇ ㄒㄩㄝˋ
筆山,1,ㄅㄧˇ ㄕㄢ
筆岫,1,ㄅㄧˇ ㄒㄧㄡˋ
筆床,1,ㄅㄧˇ ㄔㄨㄤˊ
筆性,1,ㄅㄧˇ ㄒㄧㄥˋ
筆捲,1,ㄅㄧˇ ㄐㄩㄢˇ
筆描,1,ㄅㄧˇ ㄇㄧㄠˊ
筆插,1,ㄅㄧˇ ㄔㄚ
筆據,1,ㄅㄧˇ ㄐㄩˋ
筆擱,1,ㄅㄧˇ ㄍㄜ
筆格,1,ㄅㄧˇ ㄍㄜˊ
筆榻,1,ㄅㄧˇ ㄊㄚˋ
筆洗,1,ㄅㄧˇ ㄒㄧˇ
筆海,1,ㄅㄧˇ ㄏㄞˇ
筆癖,1,ㄅㄧˇ ㄆㄧˇ
筆答,1,ㄅㄧˇ ㄉㄚˊ
筆籙,1,ㄅㄧˇ ㄌㄨˋ
筆精,1,ㄅㄧˇ ㄐㄧㄥ
筆致,1,ㄅㄧˇ ㄓˋ
筆虎,1,ㄅㄧˇ ㄏㄨˇ
筆袋,1,ㄅㄧˇ ㄉㄞˋ
筆論,1,ㄅㄧˇ ㄌㄨㄣˋ
筆諫,1,ㄅㄧˇ ㄐㄧㄢˋ
筆路,1,ㄅㄧˇ ㄌㄨˋ
等倫,1,ㄉㄥˇ ㄌㄨㄣˊ
等分,1,ㄉㄥˇ ㄈㄣ
等地,1,ㄉㄥˇ ㄉㄧˋ
等子,1,ㄉㄥˇ ㄗ˙
等期,1,ㄉㄥˇ ㄑㄧˊ
等次,1,ㄉㄥˇ ㄘˋ
等死,1,ㄉㄥˇ ㄙˇ
等耐,1,ㄉㄥˇ ㄋㄞˋ
等長,1,ㄉㄥˇ ㄔㄤˊ
等韻,1,ㄉㄥˇ ㄩㄣˋ
筊杯,1,ㄐㄧㄠˇ ㄅㄟ
筋書,1,ㄐㄧㄣ ㄕㄨ
筋竿,1,ㄐㄧㄣ ㄍㄢ
筋觔,1,ㄐㄧㄣ ㄐㄧㄣ
筌蹄,1,ㄑㄩㄢˊ ㄊㄧˊ
筍席,1,ㄙㄨㄣˇ ㄒㄧˊ
筍條,1,ㄙㄨㄣˇ ㄊㄧㄠˊ
筍皮,1,ㄙㄨㄣˇ ㄆㄧˊ
筍眼,1,ㄙㄨㄣˇ ㄧㄢˇ
筍脯,1,ㄙㄨㄣˇ ㄈㄨˇ
筍虡,1,ㄙㄨㄣˇ ㄐㄩˋ
筍螺,1,ㄙㄨㄣˇ ㄌㄨㄛˊ
筍輿,1,ㄙㄨㄣˇ ㄩˊ
筍雞,1,ㄙㄨㄣˇ ㄐㄧ
筍鞋,1,ㄙㄨㄣˇ ㄒㄧㄝˊ
筍鞭,1,ㄙㄨㄣˇ ㄅㄧㄢ
筍鴨,1,ㄙㄨㄣˇ ㄧㄚ
筏基,1,ㄈㄚˊ ㄐㄧ
筐篋,1,ㄎㄨㄤ ㄑㄧㄝˋ
筒形,1,ㄊㄨㄥˇ ㄒㄧㄥˊ
筒欽,1,ㄊㄨㄥˇ ㄑㄧㄣ
筒箭,1,ㄊㄨㄥˇ ㄐㄧㄢˋ
筒車,1,ㄊㄨㄥˇ ㄔㄜ
答信,1,ㄉㄚˊ ㄒㄧㄣˋ
答允,1,ㄉㄚ ㄩㄣˇ
答剌,1,ㄉㄚ ㄌㄚˋ
答嘴,1,ㄉㄚ ㄗㄨㄟˇ
答席,1,ㄉㄚˊ ㄒㄧˊ
答拜,1,ㄉㄚˊ ㄅㄞˋ
答救,1,ㄉㄚ ㄐㄧㄡˋ
答理,1,ㄉㄚ ㄌㄧ˙
答腔,1,ㄉㄚ ㄑㄧㄤ
答記,1,ㄉㄚˊ ㄐㄧˋ
答詞,1,ㄉㄚˊ ㄘˊ
答颯,1,ㄉㄚ ㄙㄚˋ
策勛,1,ㄘㄜˋ ㄒㄩㄣ
策名,1,ㄘㄜˋ ㄇㄧㄥˊ
策命,1,ㄘㄜˋ ㄇㄧㄥˋ
策問,1,ㄘㄜˋ ㄨㄣˋ
策文,1,ㄘㄜˋ ㄨㄣˊ
策書,1,ㄘㄜˋ ㄕㄨ
策望,1,ㄘㄜˋ ㄨㄤˋ
策立,1,ㄘㄜˋ ㄌㄧˋ
策策,1,ㄘㄜˋ ㄘㄜˋ
策蹇,1,ㄘㄜˋ ㄐㄧㄢˇ
策進,1,ㄘㄜˋ ㄐㄧㄣˋ
筢子,1,ㄆㄚˊ ㄗ˙
筦子,1,ㄍㄨㄢˇ ㄗˇ
筦鍵,1,ㄍㄨㄢˇ ㄐㄧㄢˋ
筧水,1,ㄐㄧㄢˇ ㄕㄨㄟˇ
筭盤,1,ㄙㄨㄢˋ ㄆㄢˊ
筮仕,1,ㄕˋ ㄕˋ
筲斗,1,ㄕㄠ ㄉㄡˇ
筲箕,1,ㄕㄠ ㄐㄧ
筲袋,1,ㄕㄠ ㄉㄞˋ
箋函,1,ㄐㄧㄢ ㄏㄢˊ
箋札,1,ㄐㄧㄢ ㄓㄚˊ
箍緊,1,ㄍㄨ ㄐㄧㄣˇ
箏柱,1,ㄓㄥ ㄓㄨˋ
箑脯,1,ㄕㄚˋ ㄈㄨˇ
箔子,1,ㄅㄛˊ ㄗ˙
箔材,1,ㄅㄛˊ ㄘㄞˊ
箕仙,1,ㄐㄧ ㄒㄧㄢ
箕伯,1,ㄐㄧ ㄅㄛˊ
箕倨,1,ㄐㄧ ㄐㄩˋ
箕坐,1,ㄐㄧ ㄗㄨㄛˋ
箕姑,1,ㄐㄧ ㄍㄨ
箕子,1,ㄐㄧ ㄗˇ
箕尾,1,ㄐㄧ ㄨㄟˇ
箕山,1,ㄐㄧ ㄕㄢ
箕潁,1,ㄐㄧ ㄧㄥˇ
箕畚,1,ㄐㄧ ㄅㄣˇ
箕紋,1,ㄐㄧ ㄨㄣˊ
算上,1,ㄙㄨㄢˋ ㄕㄤ˙
算來,1,ㄙㄨㄢˋ ㄌㄞˊ
算器,1,ㄙㄨㄢˋ ㄑㄧˋ
算子,1,ㄙㄨㄢˋ ㄗˇ
算得,1,ㄙㄨㄢˋ ㄉㄜˊ
算曆,1,ㄙㄨㄢˋ ㄌㄧˋ
算籌,1,ㄙㄨㄢˋ ㄔㄡˊ
算計,1,ㄙㄨㄢˋ ㄐㄧ˙
算髮,1,ㄙㄨㄢˋ ㄈㄚˇ
箘簬,1,ㄐㄩㄣˋ ㄌㄨˋ
箝語,1,ㄑㄧㄢˊ ㄩˇ
管井,1,ㄍㄨㄢˇ ㄐㄧㄥˇ
管勾,1,ㄍㄨㄢˇ ㄍㄡ
管包,1,ㄍㄨㄢˇ ㄅㄠ
管叔,1,ㄍㄨㄢˇ ㄕㄨˊ
管取,1,ㄍㄨㄢˇ ㄑㄩˇ
管商,1,ㄍㄨㄢˇ ㄕㄤ
管定,1,ㄍㄨㄢˇ ㄉㄧㄥˋ
管家,1,ㄍㄨㄢˇ ㄐㄧㄚ˙
管寧,1,ㄍㄨㄢˇ ㄋㄧㄥˊ
管就,1,ㄍㄨㄢˇ ㄐㄧㄡˋ
管帳,1,ㄍㄨㄢˇ ㄓㄤˋ
管幹,1,ㄍㄨㄢˇ ㄍㄢˋ
管庫,1,ㄍㄨㄢˇ ㄎㄨˋ
管待,1,ㄍㄨㄢˇ ㄉㄞˋ
管情,1,ㄍㄨㄢˇ ㄑㄧㄥˊ
管成,1,ㄍㄨㄢˇ ㄔㄥˊ
管手,1,ㄍㄨㄢˇ ㄕㄡˇ
管押,1,ㄍㄨㄢˇ ㄧㄚ
管換,1,ㄍㄨㄢˇ ㄏㄨㄢˋ
管收,1,ㄍㄨㄢˇ ㄕㄡ
管教,1,ㄍㄨㄢˇ ㄐㄧㄠ˙
管晏,1,ㄍㄨㄢˇ ㄧㄢˋ
管穴,1,ㄍㄨㄢˇ ㄒㄩㄝˋ
管窺,1,ㄍㄨㄢˇ ㄎㄨㄟ
管約,1,ㄍㄨㄢˇ ㄩㄝ
管總,1,ㄍㄨㄢˇ ㄗㄨㄥˇ
管蔡,1,ㄍㄨㄢˇ ㄘㄞˋ
管訓,1,ㄍㄨㄢˇ ㄒㄩㄣˋ
管記,1,ㄍㄨㄢˇ ㄐㄧˋ
管請,1,ㄍㄨㄢˇ ㄑㄧㄥˇ
管足,1,ㄍㄨㄢˇ ㄗㄨˊ
管車,1,ㄍㄨㄢˇ ㄔㄜ
管軍,1,ㄍㄨㄢˇ ㄐㄩㄣ
管頭,1,ㄍㄨㄢˇ ㄊㄡˊ
管顧,1,ㄍㄨㄢˇ ㄍㄨˋ
箭垛,1,ㄐㄧㄢˋ ㄉㄨㄛˇ
箭壺,1,ㄐㄧㄢˋ ㄏㄨˊ
箭書,1,ㄐㄧㄢˋ ㄕㄨ
箭樓,1,ㄐㄧㄢˋ ㄌㄡˊ
箭法,1,ㄐㄧㄢˋ ㄈㄚˇ
箭漏,1,ㄐㄧㄢˋ ㄌㄡˋ
箭石,1,ㄐㄧㄢˋ ㄕˊ
箭蟲,1,ㄐㄧㄢˋ ㄔㄨㄥˊ
箭衣,1,ㄐㄧㄢˋ ㄧ
箭袋,1,ㄐㄧㄢˋ ㄉㄞˋ
箭袖,1,ㄐㄧㄢˋ ㄒㄧㄡˋ
箭馳,1,ㄐㄧㄢˋ ㄔˊ
箭魚,1,ㄐㄧㄢˋ ㄩˊ
箯輿,1,ㄅㄧㄢ ㄩˊ
箱房,1,ㄒㄧㄤ ㄈㄤˊ
箱涵,1,ㄒㄧㄤ ㄏㄢˊ
箱簾,1,ㄒㄧㄤ ㄌㄧㄢˊ
箱錢,1,ㄒㄧㄤ ㄑㄧㄢˊ
箴尹,1,ㄓㄣ ㄧㄣˇ
箸子,1,ㄓㄨˋ ㄗ˙
箾韶,1,ㄕㄨㄛˋ ㄕㄠˊ
節下,1,ㄐㄧㄝˊ ㄒㄧㄚˋ
節下,1,ㄐㄧㄝˊ ㄒㄧㄚ˙
節人,1,ㄐㄧㄝˊ ㄖㄣˊ
節使,1,ㄐㄧㄝˊ ㄕˇ
節候,1,ㄐㄧㄝˊ ㄏㄡˋ
節假,1,ㄐㄧㄝˊ ㄐㄧㄚˋ
節儀,1,ㄐㄧㄝˊ ㄧˊ
節女,1,ㄐㄧㄝˊ ㄋㄩˇ
節婦,1,ㄐㄧㄝˊ ㄈㄨˋ
節孝,1,ㄐㄧㄝˊ ㄒㄧㄠˋ
節宣,1,ㄐㄧㄝˊ ㄒㄩㄢ
節導,1,ㄐㄧㄝˊ ㄉㄠˇ
節尚,1,ㄐㄧㄝˊ ㄕㄤˋ
節文,1,ㄐㄧㄝˊ ㄨㄣˊ
節旄,1,ㄐㄧㄝˊ ㄇㄠˊ
節次,1,ㄐㄧㄝˊ ㄘˋ
節物,1,ㄐㄧㄝˊ ㄨˋ
節病,1,ㄐㄧㄝˊ ㄅㄧㄥˋ
節級,1,ㄐㄧㄝˊ ㄐㄧˊ
節蛋,1,ㄐㄧㄝˊ ㄉㄢˋ
節要,1,ㄐㄧㄝˊ ㄧㄠˋ
節角,1,ㄐㄧㄝˊ ㄐㄧㄠˇ
節鉞,1,ㄐㄧㄝˊ ㄩㄝˋ
節錢,1,ㄐㄧㄝˊ ㄑㄧㄢ˙
節關,1,ㄐㄧㄝˊ ㄍㄨㄢ
篁竹,1,ㄏㄨㄤˊ ㄓㄨˊ
篆刻,1,ㄓㄨㄢˋ ㄎㄜˋ
篆煙,1,ㄓㄨㄢˋ ㄧㄢ
篆額,1,ㄓㄨㄢˋ ㄜˊ
篆香,1,ㄓㄨㄢˋ ㄒㄧㄤ
篇卷,1,ㄆㄧㄢ ㄐㄩㄢˋ
篇海,1,ㄆㄧㄢ ㄏㄞˇ
篇頁,1,ㄆㄧㄢ ㄧㄝˋ
築壇,1,ㄓㄨˊ ㄊㄢˊ
築磕,1,ㄓㄨˊ ㄎㄜ
篋扇,1,ㄑㄧㄝˋ ㄕㄢˋ
篋笥,1,ㄑㄧㄝˋ ㄙˋ
篋衍,1,ㄑㄧㄝˋ ㄧㄢˇ
篔簹,1,ㄩㄣˊ ㄉㄤ
篙人,1,ㄍㄠ ㄖㄣˊ
篙子,1,ㄍㄠ ㄗ˙
篙工,1,ㄍㄠ ㄍㄨㄥ
篙師,1,ㄍㄠ ㄕ
篙頭,1,ㄍㄠ ㄊㄡ˙
篛帽,1,ㄖㄨㄛˋ ㄇㄠˋ
篛竹,1,ㄖㄨㄛˋ ㄓㄨˊ
篛笠,1,ㄖㄨㄛˋ ㄌㄧˋ
篝燈,1,ㄍㄡ ㄉㄥ
篠子,1,ㄒㄧㄠˇ ㄗˇ
篠寢,1,ㄒㄧㄠˇ ㄑㄧㄣˇ
篠驂,1,ㄒㄧㄠˇ ㄘㄢ
篡逆,1,ㄘㄨㄢˋ ㄋㄧˋ
篣楚,1,ㄆㄤˊ ㄔㄨˇ
篣竹,1,ㄆㄤˊ ㄓㄨˊ
篤念,1,ㄉㄨˇ ㄋㄧㄢˋ
篤磨,1,ㄉㄨˇ ㄇㄛˋ
篤論,1,ㄉㄨˇ ㄌㄨㄣˋ
篤速,1,ㄉㄨˇ ㄙㄨˋ
篤麼,1,ㄉㄨˇ ㄇㄛˊ
篦子,1,ㄅㄧˋ ㄗ˙
篦櫛,1,ㄅㄧˋ ㄐㄧㄝˊ
篦節,1,ㄅㄧˋ ㄐㄧㄝˊ
篦頭,1,ㄅㄧˋ ㄊㄡˊ
篩管,1,ㄕㄞ ㄍㄨㄢˇ
篩鑼,1,ㄕㄞ ㄌㄨㄛˊ
篳篥,1,ㄅㄧˋ ㄌㄧˋ
篳門,1,ㄅㄧˋ ㄇㄣˊ
篷窗,1,ㄆㄥˊ ㄔㄨㄤ
篷舟,1,ㄆㄥˊ ㄓㄡ
篷船,1,ㄆㄥˊ ㄔㄨㄢˊ
篼子,1,ㄉㄡ ㄗ˙
篾匠,1,ㄇㄧㄝˋ ㄐㄧㄤˋ
篾客,1,ㄇㄧㄝˋ ㄎㄜˋ
篾尺,1,ㄇㄧㄝˋ ㄔˇ
篾席,1,ㄇㄧㄝˋ ㄒㄧˊ
篾條,1,ㄇㄧㄝˋ ㄊㄧㄠˊ
篾片,1,ㄇㄧㄝˋ ㄆㄧㄢˋ
篾篁,1,ㄇㄧㄝˋ ㄏㄨㄤˊ
篾青,1,ㄇㄧㄝˋ ㄑㄧㄥ
篾黃,1,ㄇㄧㄝˋ ㄏㄨㄤˊ
簇合,1,ㄘㄨˋ ㄏㄜˊ
簇帶,1,ㄘㄨˋ ㄉㄞˋ
簇捧,1,ㄘㄨˋ ㄆㄥˇ
簇擁,1,ㄘㄨˋ ㄩㄥˇ
簇盤,1,ㄘㄨˋ ㄆㄢˊ
簇簇,1,ㄘㄨˋ ㄘㄨˋ
簇集,1,ㄘㄨˋ ㄐㄧˊ
簉室,1,ㄗㄠˋ ㄕˋ
簉弄,1,ㄗㄠˋ ㄋㄨㄥˋ
簌地,1,ㄙㄨˋ ㄉㄧˋ
簏簌,1,ㄌㄨˋ ㄙㄨˋ
簞瓢,1,ㄉㄢ ㄆㄧㄠˊ
簞笥,1,ㄉㄢ ㄙˋ
簞食,1,ㄉㄢ ㄙˋ
簟子,1,ㄉㄧㄢˋ ㄗ˙
簡儀,1,ㄐㄧㄢˇ ㄧˊ
簡兮,1,ㄐㄧㄢˇ ㄒㄧ
簡別,1,ㄐㄧㄢˇ ㄅㄧㄝˊ
簡子,1,ㄐㄧㄢˇ ㄗˇ
簡子,1,ㄐㄧㄢˇ ㄗ˙
簡孚,1,ㄐㄧㄢˇ ㄈㄨˊ
簡屍,1,ㄐㄧㄢˇ ㄕ
簡帖,1,ㄐㄧㄢˇ ㄊㄧㄝˇ
簡式,1,ㄐㄧㄢˇ ㄕˋ
簡弛,1,ㄐㄧㄢˇ ㄕˇ
簡忽,1,ㄐㄧㄢˇ ㄏㄨ
簡愛,1,ㄐㄧㄢˇ ㄞˋ
簡斷,1,ㄐㄧㄢˇ ㄉㄨㄢˋ
簡書,1,ㄐㄧㄢˇ ㄕㄨ
簡本,1,ㄐㄧㄢˇ ㄅㄣˇ
簡板,1,ㄐㄧㄢˇ ㄅㄢˇ
簡核,1,ㄐㄧㄢˇ ㄏㄜˊ
簡派,1,ㄐㄧㄢˇ ㄆㄞˋ
簡版,1,ㄐㄧㄢˇ ㄅㄢˇ
簡狄,1,ㄐㄧㄢˇ ㄉㄧˊ
簡稽,1,ㄐㄧㄢˇ ㄐㄧ
簡窳,1,ㄐㄧㄢˇ ㄩˇ
簡簡,1,ㄐㄧㄢˇ ㄐㄧㄢˇ
簡素,1,ㄐㄧㄢˇ ㄙㄨˋ
簡緣,1,ㄐㄧㄢˇ ㄩㄢˊ
簡縮,1,ㄐㄧㄢˇ ㄙㄨㄛ
簡缺,1,ㄐㄧㄢˇ ㄑㄩㄝ
簡能,1,ㄐㄧㄢˇ ㄋㄥˊ
簡辰,1,ㄐㄧㄢˇ ㄔㄣˊ
簡釋,1,ㄐㄧㄢˇ ㄕˋ
簡閱,1,ㄐㄧㄢˇ ㄩㄝˋ
簡闊,1,ㄐㄧㄢˇ ㄎㄨㄛˋ
簡點,1,ㄐㄧㄢˇ ㄉㄧㄢˇ
簧鼓,1,ㄏㄨㄤˊ ㄍㄨˇ
簨虡,1,ㄙㄨㄣˇ ㄐㄩˋ
簪珥,1,ㄗㄢ ㄦˇ
簪筆,1,ㄗㄢ ㄅㄧˇ
簪簪,1,ㄗㄢ ㄗㄢ
簪紱,1,ㄗㄢ ㄈㄨˊ
簪組,1,ㄗㄢ ㄗㄨˇ
簪纓,1,ㄗㄢ ㄧㄥ
簫韶,1,ㄒㄧㄠ ㄕㄠˊ
簷喙,1,ㄧㄢˊ ㄏㄨㄟˋ
簷子,1,ㄧㄢˊ ㄗ˙
簷溜,1,ㄧㄢˊ ㄌㄧㄡˋ
簷溝,1,ㄧㄢˊ ㄍㄡ
簷牙,1,ㄧㄢˊ ㄧㄚˊ
簷鈴,1,ㄧㄢˊ ㄌㄧㄥˊ
簷馬,1,ㄧㄢˊ ㄇㄚˇ
簸揚,1,ㄅㄛˇ ㄧㄤˊ
簸籮,1,ㄅㄛˋ ㄌㄨㄛˊ
簸邏,1,ㄅㄛˇ ㄌㄨㄛˊ
簸錢,1,ㄅㄛˇ ㄑㄧㄢˊ
簽單,1,ㄑㄧㄢ ㄉㄢ
簽子,1,ㄑㄧㄢ ㄗ˙
簽結,1,ㄑㄧㄢ ㄐㄧㄝˊ
簾官,1,ㄌㄧㄢˊ ㄍㄨㄢ
簾帷,1,ㄌㄧㄢˊ ㄨㄟˊ
簾幔,1,ㄌㄧㄢˊ ㄇㄢˋ
簾櫳,1,ㄌㄧㄢˊ ㄌㄨㄥˊ
簾波,1,ㄌㄧㄢˊ ㄅㄛ
簿伍,1,ㄅㄨˋ ㄨˇ
簿冊,1,ㄅㄨˋ ㄘㄜˋ
簿據,1,ㄅㄨˋ ㄐㄩˋ
簿書,1,ㄅㄨˋ ㄕㄨ
簿歷,1,ㄅㄨˋ ㄌㄧˋ
簿籍,1,ㄅㄨˋ ㄐㄧˊ
簿責,1,ㄅㄨˋ ㄗㄜˊ
簿錄,1,ㄅㄨˋ ㄌㄨˋ
籀誦,1,ㄓㄡˋ ㄙㄨㄥˋ
籃輿,1,ㄌㄢˊ ㄩˊ
籉笠,1,ㄊㄞˊ ㄌㄧˋ
籌度,1,ㄔㄡˊ ㄉㄨㄛˋ
籌拍,1,ㄔㄡˊ ㄆㄞ
籌排,1,ㄔㄡˊ ㄆㄞˊ
籌筭,1,ㄔㄡˊ ㄙㄨㄢˋ
籌量,1,ㄔㄡˊ ㄌㄧㄤˊ
籌馬,1,ㄔㄡˊ ㄇㄚˇ
籍帳,1,ㄐㄧˊ ㄓㄤˋ
籍沒,1,ㄐㄧˊ ㄇㄛˋ
籍甚,1,ㄐㄧˊ ㄕㄣˋ
籍田,1,ㄐㄧˊ ㄊㄧㄢˊ
籍記,1,ㄐㄧˊ ㄐㄧˋ
籓籃,1,ㄈㄢ ㄌㄢˊ
籓籬,1,ㄈㄢ ㄌㄧˊ
籠仗,1,ㄌㄨㄥˊ ㄓㄤˋ
籠侗,1,ㄌㄨㄥˊ ㄊㄨㄥˊ
籠利,1,ㄌㄨㄥˊ ㄌㄧˋ
籠嘴,1,ㄌㄨㄥˊ ㄗㄨㄟˇ
籠子,1,ㄌㄨㄥˇ ㄗ˙
籠括,1,ㄌㄨㄥˊ ㄍㄨㄚ
籠東,1,ㄌㄨㄥˊ ㄉㄨㄥ
籠火,1,ㄌㄨㄥˊ ㄏㄨㄛˇ
籠籠,1,ㄌㄨㄥˊ ㄌㄨㄥˊ
籠絆,1,ㄌㄨㄥˊ ㄅㄢˋ
籠絡,1,ㄌㄨㄥˊ ㄌㄨㄛˋ
籠銅,1,ㄌㄨㄥˊ ㄊㄨㄥˊ
籠頭,1,ㄌㄨㄥˊ ㄊㄡ˙
籤幐,1,ㄑㄧㄢ ㄊㄥˊ
籤押,1,ㄑㄧㄢ ㄧㄚ
籧篨,1,ㄑㄩˊ ㄔㄨˊ
籩祭,1,ㄅㄧㄢ ㄐㄧˋ
籬垣,1,ㄌㄧˊ ㄩㄢˊ
籬笆,1,ㄌㄧˊ ㄅㄚ˙
籬落,1,ㄌㄧˊ ㄌㄨㄛˋ
籬鷃,1,ㄌㄧˊ ㄧㄢˋ
籮擔,1,ㄌㄨㄛˊ ㄉㄢˋ
籮簡,1,ㄌㄨㄛˊ ㄐㄧㄢˇ
籰子,1,ㄩㄝˋ ㄗˇ
籲天,1,ㄩˋ ㄊㄧㄢ
米乳,1,ㄇㄧˇ ㄖㄨˇ
米哈,1,ㄇㄧˇ ㄏㄚˇ
米壽,1,ㄇㄧˇ ㄕㄡˋ
米市,1,ㄇㄧˇ ㄕˋ
米油,1,ㄇㄧˇ ㄧㄡˊ
米派,1,ㄇㄧˇ ㄆㄞˋ
米湯,1,ㄇㄧˇ ㄊㄤ˙
米瀾,1,ㄇㄧˇ ㄌㄢˊ
米穀,1,ㄇㄧˇ ㄍㄨˇ
米線,1,ㄇㄧˇ ㄒㄧㄢˋ
米罕,1,ㄇㄧˇ ㄏㄢˇ
米羅,1,ㄇㄧˇ ㄌㄨㄛˊ
米芾,1,ㄇㄧˇ ㄈㄨˊ
米蚤,1,ㄇㄧˇ ㄗㄠˇ
米象,1,ㄇㄧˇ ㄒㄧㄤˋ
米顛,1,ㄇㄧˇ ㄉㄧㄢ
米鹽,1,ㄇㄧˇ ㄧㄢˊ
籸盆,1,ㄕㄣ ㄆㄣˊ
粉侯,1,ㄈㄣˇ ㄏㄡˊ
粉嘴,1,ㄈㄣˇ ㄗㄨㄟˇ
粉坊,1,ㄈㄣˇ ㄈㄤ
粉垣,1,ㄈㄣˇ ㄩㄢˊ
粉娥,1,ㄈㄣˇ ㄜˊ
粉房,1,ㄈㄣˇ ㄈㄤˊ
粉拂,1,ㄈㄣˇ ㄈㄨˊ
粉拍,1,ㄈㄣˇ ㄆㄞ
粉本,1,ㄈㄣˇ ㄅㄣˇ
粉渦,1,ㄈㄣˇ ㄨㄛ
粉湯,1,ㄈㄣˇ ㄊㄤ
粉澤,1,ㄈㄣˇ ㄗㄜˊ
粉牌,1,ㄈㄣˇ ㄆㄞˊ
粉畫,1,ㄈㄣˇ ㄏㄨㄚˋ
粉皮,1,ㄈㄣˇ ㄆㄧˊ
粉真,1,ㄈㄣˇ ㄓㄣ
粉米,1,ㄈㄣˇ ㄇㄧˇ
粉紙,1,ㄈㄣˇ ㄓˇ
粉線,1,ㄈㄣˇ ㄒㄧㄢˋ
粉署,1,ㄈㄣˇ ㄕㄨˇ
粉芡,1,ㄈㄣˇ ㄑㄧㄢˋ
粉蒸,1,ㄈㄣˇ ㄓㄥ
粉袍,1,ㄈㄣˇ ㄆㄠˊ
粉身,1,ㄈㄣˇ ㄕㄣ
粉郎,1,ㄈㄣˇ ㄌㄤˊ
粉金,1,ㄈㄣˇ ㄐㄧㄣ
粉頭,1,ㄈㄣˇ ㄊㄡˊ
粉食,1,ㄈㄣˇ ㄕˊ
粑粑,1,ㄅㄚ ㄅㄚ
粒肥,1,ㄌㄧˋ ㄈㄟˊ
粒雪,1,ㄌㄧˋ ㄒㄩㄝˇ
粔籹,1,ㄐㄩˋ ㄋㄩˋ
粗品,1,ㄘㄨ ㄆㄧㄣˇ
粗夯,1,ㄘㄨ ㄏㄤ
粗實,1,ㄘㄨ ㄕ˙
粗忽,1,ㄘㄨ ㄏㄨ
粗惡,1,ㄘㄨ ㄜˋ
粗料,1,ㄘㄨ ㄌㄧㄠˋ
粗樂,1,ㄘㄨ ㄩㄝˋ
粗畫,1,ㄘㄨ ㄏㄨㄚˋ
粗疏,1,ㄘㄨ ㄕㄨ
粗硬,1,ㄘㄨ ㄧㄥˋ
粗胚,1,ㄘㄨ ㄆㄟ
粗莽,1,ㄘㄨ ㄇㄤˇ
粗言,1,ㄘㄨ ㄧㄢˊ
粗賤,1,ㄘㄨ ㄐㄧㄢˋ
粗躁,1,ㄘㄨ ㄗㄠˋ
粗陶,1,ㄘㄨ ㄊㄠˊ
粗食,1,ㄘㄨ ㄕˊ
粗飯,1,ㄘㄨ ㄈㄢˋ
粘稠,1,ㄋㄧㄢˊ ㄔㄡˊ
粘竿,1,ㄋㄧㄢˊ ㄍㄢ
粘補,1,ㄋㄧㄢˊ ㄅㄨˇ
粟帛,1,ㄙㄨˋ ㄅㄛˊ
粢盛,1,ㄗ ㄔㄥˊ
粢醍,1,ㄗ ㄊㄧˊ
粥廠,1,ㄓㄡ ㄔㄤˇ
粥粥,1,ㄓㄨˋ ㄓㄨˋ
粥餳,1,ㄓㄨˋ ㄒㄧㄥˊ
粱菽,1,ㄌㄧㄤˊ ㄕㄨˊ
粲粲,1,ㄘㄢˋ ㄘㄢˋ
粲者,1,ㄘㄢˋ ㄓㄜˇ
粳米,1,ㄍㄥ ㄇㄧˇ
粵曲,1,ㄩㄝˋ ㄑㄩˇ
粵胡,1,ㄩㄝˋ ㄏㄨˊ
粵謳,1,ㄩㄝˋ ㄡ
粹器,1,ㄘㄨㄟˋ ㄑㄧˋ
粹白,1,ㄘㄨㄟˋ ㄅㄞˊ
精伶,1,ㄐㄧㄥ ㄌㄧㄥˊ
精切,1,ㄐㄧㄥ ㄑㄧㄝˋ
精勤,1,ㄐㄧㄥ ㄑㄧㄣˊ
精堅,1,ㄐㄧㄥ ㄐㄧㄢ
精夫,1,ㄐㄧㄥ ㄈㄨ
精奧,1,ㄐㄧㄥ ㄠˋ
精富,1,ㄐㄧㄥ ㄈㄨˋ
精審,1,ㄐㄧㄥ ㄕㄣˇ
精廬,1,ㄐㄧㄥ ㄌㄨˊ
精懇,1,ㄐㄧㄥ ㄎㄣˇ
精曉,1,ㄐㄧㄥ ㄒㄧㄠˇ
精核,1,ㄐㄧㄥ ㄏㄜˊ
精潔,1,ㄐㄧㄥ ㄐㄧㄝˊ
精熟,1,ㄐㄧㄥ ㄕㄨˊ
精爽,1,ㄐㄧㄥ ㄕㄨㄤˇ
精當,1,ㄐㄧㄥ ㄉㄤˋ
精白,1,ㄐㄧㄥ ㄅㄞˊ
精省,1,ㄐㄧㄥ ㄕㄥˇ
精空,1,ㄐㄧㄥ ㄎㄨㄥ
精粗,1,ㄐㄧㄥ ㄘㄨ
精絕,1,ㄐㄧㄥ ㄐㄩㄝˊ
精肉,1,ㄐㄧㄥ ㄖㄡˋ
精芒,1,ㄐㄧㄥ ㄇㄤˊ
精血,1,ㄐㄧㄥ ㄒㄧㄝˇ
精鬆,1,ㄐㄧㄥ ㄙㄨㄥ
粿粽,1,ㄍㄨㄛˇ ㄗㄨㄥˋ
糅合,1,ㄖㄡˊ ㄏㄜˊ
糅雜,1,ㄖㄡˊ ㄗㄚˊ
糊刷,1,ㄏㄨˊ ㄕㄨㄚ˙
糊劑,1,ㄏㄨˊ ㄐㄧˋ
糊名,1,ㄏㄨˊ ㄇㄧㄥˊ
糊突,1,ㄏㄨˊ ㄊㄨˊ
糊裱,1,ㄏㄨˊ ㄅㄧㄠˇ
糕乾,1,ㄍㄠ ㄍㄢ˙
糖化,1,ㄊㄤˊ ㄏㄨㄚˋ
糖原,1,ㄊㄤˊ ㄩㄢˊ
糖婚,1,ㄊㄤˊ ㄏㄨㄣ
糖房,1,ㄊㄤˊ ㄈㄤˊ
糖霜,1,ㄊㄤˊ ㄕㄨㄤ
糗糒,1,ㄑㄧㄡˇ ㄅㄟˋ
糙人,1,ㄘㄠ ㄖㄣˊ
糙糧,1,ㄘㄠ ㄌㄧㄤˊ
糙紙,1,ㄘㄠ ㄓˇ
糜子,1,ㄇㄟˊ ㄗ˙
糜擲,1,ㄇㄧˊ ㄓˊ
糝入,1,ㄙㄢˇ ㄖㄨˋ
糝盆,1,ㄙㄢˇ ㄆㄣˊ
糝糝,1,ㄙㄢˇ ㄙㄢˇ
糝飯,1,ㄙㄢˇ ㄈㄢˋ
糞夫,1,ㄈㄣˋ ㄈㄨ
糞棋,1,ㄈㄣˋ ㄑㄧˊ
糞汁,1,ㄈㄣˋ ㄓ
糞球,1,ㄈㄣˋ ㄑㄧㄡˊ
糞筐,1,ㄈㄣˋ ㄎㄨㄤ
糞門,1,ㄈㄣˋ ㄇㄣˊ
糞除,1,ㄈㄣˋ ㄔㄨˊ
糟丘,1,ㄗㄠ ㄑㄧㄡ
糟坊,1,ㄗㄠ ㄈㄤ
糟心,1,ㄗㄠ ㄒㄧㄣ
糟擾,1,ㄗㄠ ㄖㄠˇ
糟頭,1,ㄗㄠ ㄊㄡˊ
糠市,1,ㄎㄤ ㄕˋ
糠油,1,ㄎㄤ ㄧㄡˊ
糠穗,1,ㄎㄤ ㄙㄨㄟˋ
糠糜,1,ㄎㄤ ㄇㄧˊ
糠糟,1,ㄎㄤ ㄗㄠ
糠覈,1,ㄎㄤ ㄏㄜˊ
糧單,1,ㄌㄧㄤˊ ㄉㄢ
糧戶,1,ㄌㄧㄤˊ ㄏㄨˋ
糧棧,1,ㄌㄧㄤˊ ㄓㄢˋ
糧稅,1,ㄌㄧㄤˊ ㄕㄨㄟˋ
糧船,1,ㄌㄧㄤˊ ㄔㄨㄢˊ
糧車,1,ㄌㄧㄤˊ ㄔㄜ
糧道,1,ㄌㄧㄤˊ ㄉㄠˋ
糧長,1,ㄌㄧㄤˊ ㄓㄤˇ
糨糊,1,ㄐㄧㄤˋ ㄏㄨ˙
糯稻,1,ㄋㄨㄛˋ ㄉㄠˋ
糲粢,1,ㄌㄧˋ ㄗ
糴入,1,ㄉㄧˊ ㄖㄨˋ
糴糶,1,ㄉㄧˊ ㄊㄧㄠˋ
糶出,1,ㄊㄧㄠˋ ㄔㄨ
系孫,1,ㄒㄧˋ ㄙㄨㄣ
系念,1,ㄒㄧˋ ㄋㄧㄢˋ
系爭,1,ㄒㄧˋ ㄓㄥ
系璧,1,ㄒㄧˋ ㄅㄧˋ
系詞,1,ㄒㄧˋ ㄘˊ
糾糾,1,ㄐㄧㄡ ㄐㄧㄡ
糾繩,1,ㄐㄧㄡ ㄕㄥˊ
糾葛,1,ㄐㄧㄡ ㄍㄜˊ
紀序,1,ㄐㄧˋ ㄒㄩˋ
紀德,1,ㄐㄧˋ ㄉㄜˊ
紀昀,1,ㄐㄧˋ ㄩㄣˊ
紀略,1,ㄐㄧˋ ㄌㄩㄝˋ
紀聞,1,ㄐㄧˋ ㄨㄣˊ
紂棍,1,ㄓㄡˋ ㄍㄨㄣˋ
紃屨,1,ㄒㄩㄣˊ ㄐㄩˋ
約從,1,ㄩㄝ ㄗㄨㄥ
約指,1,ㄩㄝ ㄓˇ
約據,1,ㄩㄝ ㄐㄩˋ
約章,1,ㄩㄝ ㄓㄤ
約約,1,ㄩㄝ ㄩㄝ
約莫,1,ㄩㄝ ㄇㄛ˙
約言,1,ㄩㄝ ㄧㄢˊ
約迭,1,ㄩㄝ ㄉㄧㄝˊ
約集,1,ㄩㄝ ㄐㄧˊ
紅事,1,ㄏㄨㄥˊ ㄕˋ
紅倌,1,ㄏㄨㄥˊ ㄍㄨㄢ
紅墨,1,ㄏㄨㄥˊ ㄇㄛˋ
紅契,1,ㄏㄨㄥˊ ㄑㄧˋ
紅女,1,ㄍㄨㄥ ㄋㄩˇ
紅姨,1,ㄏㄨㄥˊ ㄧˊ
紅定,1,ㄏㄨㄥˊ ㄉㄧㄥˋ
紅巾,1,ㄏㄨㄥˊ ㄐㄧㄣ
紅幫,1,ㄏㄨㄥˊ ㄅㄤ
紅拂,1,ㄏㄨㄥˊ ㄈㄨˊ
紅教,1,ㄏㄨㄥˊ ㄐㄧㄠˋ
紅棉,1,ㄏㄨㄥˊ ㄇㄧㄢˊ
紅榜,1,ㄏㄨㄥˊ ㄅㄤˇ
紅樣,1,ㄏㄨㄥˊ ㄧㄤˋ
紅橋,1,ㄏㄨㄥˊ ㄑㄧㄠˊ
紅毯,1,ㄏㄨㄥˊ ㄊㄢˇ
紅沙,1,ㄏㄨㄥˊ ㄕㄚ
紅油,1,ㄏㄨㄥˊ ㄧㄡˊ
紅淚,1,ㄏㄨㄥˊ ㄌㄟˋ
紅淨,1,ㄏㄨㄥˊ ㄐㄧㄥˋ
紅焰,1,ㄏㄨㄥˊ ㄧㄢˋ
紅煤,1,ㄏㄨㄥˊ ㄇㄟˊ
紅牙,1,ㄏㄨㄥˊ ㄧㄚˊ
紅生,1,ㄏㄨㄥˊ ㄕㄥ
紅砒,1,ㄏㄨㄥˊ ㄆㄧ
紅票,1,ㄏㄨㄥˊ ㄆㄧㄠˋ
紅移,1,ㄏㄨㄥˊ ㄧˊ
紅素,1,ㄏㄨㄥˊ ㄙㄨˋ
紅絲,1,ㄏㄨㄥˊ ㄙ
紅脣,1,ㄏㄨㄥˊ ㄔㄨㄣˊ
紅腳,1,ㄏㄨㄥˊ ㄐㄧㄠˇ
紅茸,1,ㄏㄨㄥˊ ㄖㄨㄥˊ
紅藥,1,ㄏㄨㄥˊ ㄧㄠˋ
紅藻,1,ㄏㄨㄥˊ ㄗㄠˇ
紅螺,1,ㄏㄨㄥˊ ㄌㄨㄛˊ
紅蟹,1,ㄏㄨㄥˊ ㄒㄧㄝˋ
紅裝,1,ㄏㄨㄥˊ ㄓㄨㄤ
紅襟,1,ㄏㄨㄥˊ ㄐㄧㄣ
紅輪,1,ㄏㄨㄥˊ ㄌㄨㄣˊ
紅鉛,1,ㄏㄨㄥˊ ㄑㄧㄢ
紅陶,1,ㄏㄨㄥˊ ㄊㄠˊ
紅雲,1,ㄏㄨㄥˊ ㄩㄣˊ
紅青,1,ㄏㄨㄥˊ ㄑㄧㄥ
紅鶴,1,ㄏㄨㄥˊ ㄏㄜˋ
紅鸞,1,ㄏㄨㄥˊ ㄌㄨㄢˊ
紆徐,1,ㄩ ㄒㄩˊ
紆曲,1,ㄩ ㄑㄩ
紆行,1,ㄩ ㄒㄧㄥˊ
紆軫,1,ㄩ ㄓㄣˇ
紆轡,1,ㄩ ㄆㄟˋ
紆餘,1,ㄩ ㄩˊ
紆體,1,ㄩ ㄊㄧˇ
紆鬱,1,ㄩ ㄩˋ
紇絡,1,ㄍㄜ ㄌㄨㄛ˙
紇繨,1,ㄍㄜ ㄉㄚ˙
紈扇,1,ㄨㄢˊ ㄕㄢˋ
紈素,1,ㄨㄢˊ ㄙㄨˋ
紈綺,1,ㄨㄢˊ ㄑㄧˇ
紉佩,1,ㄖㄣˋ ㄆㄟˋ
紋線,1,ㄨㄣˊ ㄒㄧㄢˋ
紋飾,1,ㄨㄣˊ ㄕˋ
納交,1,ㄋㄚˋ ㄐㄧㄠ
納合,1,ㄋㄚˋ ㄏㄜˊ
納命,1,ㄋㄚˋ ㄇㄧㄥˋ
納女,1,ㄋㄚˋ ㄋㄩˇ
納婿,1,ㄋㄚˋ ㄒㄩˋ
納官,1,ㄋㄚˋ ㄍㄨㄢ
納宜,1,ㄋㄚˋ ㄧˊ
納幣,1,ㄋㄚˋ ㄅㄧˋ
納徵,1,ㄋㄚˋ ㄓㄥ
納意,1,ㄋㄚˋ ㄧˋ
納步,1,ㄋㄚˋ ㄅㄨˋ
納水,1,ㄋㄚˋ ㄕㄨㄟˇ
納流,1,ㄋㄚˋ ㄌㄧㄡˊ
納獻,1,ㄋㄚˋ ㄒㄧㄢˋ
納甲,1,ㄋㄚˋ ㄐㄧㄚˇ
納福,1,ㄋㄚˋ ㄈㄨˊ
納節,1,ㄋㄚˋ ㄐㄧㄝˊ
納粟,1,ㄋㄚˋ ㄙㄨˋ
納納,1,ㄋㄚˋ ㄋㄚˋ
納罕,1,ㄋㄚˋ ㄏㄢˇ
納襖,1,ㄋㄚˋ ㄠˇ
納財,1,ㄋㄚˋ ㄘㄞˊ
納費,1,ㄋㄚˋ ㄈㄟˋ
納贖,1,ㄋㄚˋ ㄕㄨˊ
納還,1,ㄋㄚˋ ㄏㄨㄢˊ
納降,1,ㄋㄚˋ ㄒㄧㄤˊ
納順,1,ㄋㄚˋ ㄕㄨㄣˋ
納頭,1,ㄋㄚˋ ㄊㄡˊ
紐捏,1,ㄋㄧㄡˇ ㄋㄧㄝ
紐捽,1,ㄋㄧㄡˇ ㄗㄨˊ
紐襻,1,ㄋㄧㄡˇ ㄆㄢˋ
紐門,1,ㄋㄧㄡˇ ㄇㄣˊ
純仁,1,ㄔㄨㄣˊ ㄖㄣˊ
純吏,1,ㄔㄨㄣˊ ㄌㄧˋ
純品,1,ㄔㄨㄣˊ ㄆㄧㄣˇ
純嘏,1,ㄔㄨㄣˊ ㄍㄨˇ
純孝,1,ㄔㄨㄣˊ ㄒㄧㄠˋ
純損,1,ㄔㄨㄣˊ ㄙㄨㄣˇ
純水,1,ㄔㄨㄣˊ ㄕㄨㄟˇ
純熟,1,ㄔㄨㄣˊ ㄕㄨˊ
純臣,1,ㄔㄨㄣˊ ㄔㄣˊ
純質,1,ㄔㄨㄣˊ ㄓˊ
純陰,1,ㄔㄨㄣˊ ㄧㄣ
純麗,1,ㄔㄨㄣˊ ㄌㄧˋ
紗帳,1,ㄕㄚ ㄓㄤˋ
紗廚,1,ㄕㄚ ㄔㄨˊ
紙人,1,ㄓˇ ㄖㄣˊ
紙傘,1,ㄓˇ ㄙㄢˇ
紙劄,1,ㄓˇ ㄓㄚˊ
紙坊,1,ㄓˇ ㄈㄤ
紙婚,1,ㄓˇ ㄏㄨㄣ
紙灰,1,ㄓˇ ㄏㄨㄟ
紙窗,1,ㄓˇ ㄔㄨㄤ
紙紮,1,ㄓˇ ㄓㄚˊ
紙被,1,ㄓˇ ㄅㄟˋ
紙雕,1,ㄓˇ ㄉㄧㄠ
紙馬,1,ㄓˇ ㄇㄚˇ
紙鷂,1,ㄓˇ ㄧㄠˋ
級次,1,ㄐㄧˊ ㄘˋ
紛呶,1,ㄈㄣ ㄋㄠˊ
紛喧,1,ㄈㄣ ㄒㄩㄢ
紛囂,1,ㄈㄣ ㄒㄧㄠ
紛屯,1,ㄈㄣ ㄊㄨㄣˊ
紛帨,1,ㄈㄣ ㄕㄨㄟˋ
紛披,1,ㄈㄣ ㄆㄧ
紛拏,1,ㄈㄣ ㄋㄚˊ
紛更,1,ㄈㄣ ㄍㄥ
紛然,1,ㄈㄣ ㄖㄢˊ
紛糅,1,ㄈㄣ ㄖㄡˇ
紛綸,1,ㄈㄣ ㄌㄨㄣˊ
紛縕,1,ㄈㄣ ㄩㄣ
紛繁,1,ㄈㄣ ㄈㄢˊ
紛若,1,ㄈㄣ ㄖㄨㄛˋ
紛華,1,ㄈㄣ ㄏㄨㄚˊ
紛葩,1,ㄈㄣ ㄆㄚ
紜紜,1,ㄩㄣˊ ㄩㄣˊ
紞如,1,ㄉㄢˇ ㄖㄨˊ
紞紞,1,ㄉㄢˇ ㄉㄢˇ
素冠,1,ㄙㄨˋ ㄍㄨㄢ
素友,1,ㄙㄨˋ ㄧㄡˇ
素問,1,ㄙㄨˋ ㄨㄣˋ
素女,1,ㄙㄨˋ ㄋㄩˇ
素娥,1,ㄙㄨˋ ㄜˊ
素客,1,ㄙㄨˋ ㄎㄜˋ
素室,1,ㄙㄨˋ ㄕˋ
素宦,1,ㄙㄨˋ ㄏㄨㄢˋ
素封,1,ㄙㄨˋ ㄈㄥ
素尚,1,ㄙㄨˋ ㄕㄤˋ
素履,1,ㄙㄨˋ ㄌㄩˇ
素常,1,ㄙㄨˋ ㄔㄤˊ
素幡,1,ㄙㄨˋ ㄈㄢ
素心,1,ㄙㄨˋ ㄒㄧㄣ
素志,1,ㄙㄨˋ ㄓˋ
素懷,1,ㄙㄨˋ ㄏㄨㄞˊ
素手,1,ㄙㄨˋ ㄕㄡˇ
素放,1,ㄙㄨˋ ㄈㄤˋ
素族,1,ㄙㄨˋ ㄗㄨˊ
素書,1,ㄙㄨˋ ㄕㄨ
素月,1,ㄙㄨˋ ㄩㄝˋ
素望,1,ㄙㄨˋ ㄨㄤˋ
素朴,1,ㄙㄨˋ ㄆㄨˊ
素業,1,ㄙㄨˋ ㄧㄝˋ
素氣,1,ㄙㄨˋ ㄑㄧˋ
素油,1,ㄙㄨˋ ㄧㄡˊ
素流,1,ㄙㄨˋ ㄌㄧㄡˊ
素淡,1,ㄙㄨˋ ㄉㄢˋ
素牘,1,ㄙㄨˋ ㄉㄨˊ
素王,1,ㄙㄨˋ ㄨㄤˊ
素琴,1,ㄙㄨˋ ㄑㄧㄣˊ
素知,1,ㄙㄨˋ ㄓ
素筵,1,ㄙㄨˋ ㄧㄢˊ
素節,1,ㄙㄨˋ ㄐㄧㄝˊ
素絹,1,ㄙㄨˋ ㄐㄩㄢˋ
素練,1,ㄙㄨˋ ㄌㄧㄢˋ
素舊,1,ㄙㄨˋ ㄐㄧㄡˋ
素藉,1,ㄙㄨˋ ㄐㄧˊ
素衷,1,ㄙㄨˋ ㄓㄨㄥ
素袋,1,ㄙㄨˋ ㄉㄞˋ
素論,1,ㄙㄨˋ ㄌㄨㄣˋ
素識,1,ㄙㄨˋ ㄕˋ
素車,1,ㄙㄨˋ ㄔㄜ
素退,1,ㄙㄨˋ ㄊㄨㄟˋ
素酒,1,ㄙㄨˋ ㄐㄧㄡˇ
素雞,1,ㄙㄨˋ ㄐㄧ
素面,1,ㄙㄨˋ ㄇㄧㄢˋ
素風,1,ㄙㄨˋ ㄈㄥ
素飯,1,ㄙㄨˋ ㄈㄢˋ
素馨,1,ㄙㄨˋ ㄒㄧㄥ
素髮,1,ㄙㄨˋ ㄈㄚˇ
紡塼,1,ㄈㄤˇ ㄓㄨㄢ
紡染,1,ㄈㄤˇ ㄖㄢˇ
紡綢,1,ㄈㄤˇ ㄔㄡˊ
紡績,1,ㄈㄤˇ ㄐㄧ
紡纖,1,ㄈㄤˇ ㄒㄧㄢ
紡錠,1,ㄈㄤˇ ㄉㄧㄥˋ
索倫,1,ㄙㄨㄛˇ ㄌㄨㄣˊ
索利,1,ㄙㄨㄛˇ ㄌㄧˋ
索合,1,ㄙㄨㄛˇ ㄏㄜˊ
索婦,1,ㄙㄨㄛˇ ㄈㄨˋ
索子,1,ㄙㄨㄛˇ ㄗ˙
索寞,1,ㄙㄨㄛˇ ㄇㄛˋ
索性,1,ㄙㄨㄛˊ ㄒㄧㄥ˙
索放,1,ㄙㄨㄛˇ ㄈㄤˋ
索是,1,ㄙㄨㄛˇ ㄕˋ
索欠,1,ㄙㄨㄛˇ ㄑㄧㄢˋ
索爾,1,ㄙㄨㄛˇ ㄦˇ
索粉,1,ㄙㄨㄛˇ ㄈㄣˇ
索索,1,ㄙㄨㄛˇ ㄙㄨㄛˇ
索羅,1,ㄙㄨㄛˇ ㄌㄨㄛˊ
索興,1,ㄙㄨㄛˇ ㄒㄧㄥˋ
索落,1,ㄙㄨㄛˇ ㄌㄨㄛˋ
索薪,1,ㄙㄨㄛˇ ㄒㄧㄣ
索虜,1,ㄙㄨㄛˇ ㄌㄨˇ
索討,1,ㄙㄨㄛˇ ㄊㄠˇ
索訶,1,ㄙㄨㄛˇ ㄏㄜ
索隱,1,ㄙㄨㄛˇ ㄧㄣˇ
索靖,1,ㄙㄨㄛˇ ㄐㄧㄥˋ
索頭,1,ㄙㄨㄛˇ ㄊㄡˊ
索鬧,1,ㄙㄨㄛˇ ㄋㄠˋ
索麵,1,ㄙㄨㄛˇ ㄇㄧㄢˋ
紫塞,1,ㄗˇ ㄙㄞˋ
紫姑,1,ㄗˇ ㄍㄨ
紫宮,1,ㄗˇ ㄍㄨㄥ
紫宸,1,ㄗˇ ㄔㄣˊ
紫府,1,ㄗˇ ㄈㄨˇ
紫微,1,ㄗˇ ㄨㄟˊ
紫書,1,ㄗˇ ㄕㄨ
紫杉,1,ㄗˇ ㄕㄢ
紫檀,1,ㄗˇ ㄊㄢˊ
紫氣,1,ㄗˇ ㄑㄧˋ
紫泥,1,ㄗˇ ㄋㄧˊ
紫燕,1,ㄗˇ ㄧㄢˋ
紫珠,1,ㄗˇ ㄓㄨ
紫瘢,1,ㄗˇ ㄅㄢ
紫禁,1,ㄗˇ ㄐㄧㄣˋ
紫籜,1,ㄗˇ ㄊㄨㄛˋ
紫脹,1,ㄗˇ ㄓㄤˋ
紫臺,1,ㄗˇ ㄊㄞˊ
紫芝,1,ㄗˇ ㄓ
紫草,1,ㄗˇ ㄘㄠˇ
紫菀,1,ㄗˇ ㄨㄢˇ
紫菫,1,ㄗˇ ㄐㄧㄣˇ
紫葛,1,ㄗˇ ㄍㄜˊ
紫葳,1,ㄗˇ ㄨㄟ
紫藤,1,ㄗˇ ㄊㄥˊ
紫虛,1,ㄗˇ ㄒㄩ
紫衣,1,ㄗˇ ㄧ
紫貂,1,ㄗˇ ㄉㄧㄠ
紫闕,1,ㄗˇ ㄑㄩㄝˋ
紫陌,1,ㄗˇ ㄇㄛˋ
紫電,1,ㄗˇ ㄉㄧㄢˋ
紫駝,1,ㄗˇ ㄊㄨㄛˊ
紫騮,1,ㄗˇ ㄌㄧㄡˊ
紬次,1,ㄔㄡ ㄘˋ
紬繹,1,ㄔㄡ ㄧˋ
紮囮,1,ㄓㄚˊ ㄜˊ
紮腳,1,ㄓㄚˊ ㄐㄧㄠˇ
紮裹,1,ㄓㄚˊ ㄍㄨㄛˇ
紮詐,1,ㄓㄚˊ ㄓㄚˋ
累丸,1,ㄌㄟˇ ㄨㄢˊ
累句,1,ㄌㄟˋ ㄐㄩˋ
累垮,1,ㄌㄟˋ ㄎㄨㄚˇ
累墜,1,ㄌㄟˊ ㄓㄨㄟ˙
累年,1,ㄌㄟˇ ㄋㄧㄢˊ
累德,1,ㄌㄟˋ ㄉㄜˊ
累心,1,ㄌㄟˋ ㄒㄧㄣ
累懇,1,ㄌㄟˋ ㄎㄣˇ
累戰,1,ㄌㄟˇ ㄓㄢˋ
累手,1,ㄌㄟˋ ㄕㄡˇ
累掯,1,ㄌㄟˋ ㄎㄣ˙
累榭,1,ㄌㄟˇ ㄒㄧㄝˋ
累煩,1,ㄌㄟˋ ㄈㄢˊ
累牆,1,ㄌㄟˇ ㄑㄧㄤˊ
累紲,1,ㄌㄟˊ ㄒㄧㄝˋ
累贅,1,ㄌㄟˊ ㄓㄨㄟ˙
累足,1,ㄌㄟˇ ㄗㄨˊ
累遷,1,ㄌㄟˇ ㄑㄧㄢ
累重,1,ㄌㄟˇ ㄔㄨㄥˊ
累重,1,ㄌㄟˋ ㄓㄨㄥˋ
累黍,1,ㄌㄟˇ ㄕㄨˇ
細人,1,ㄒㄧˋ ㄖㄣˊ
細仗,1,ㄒㄧˋ ㄓㄤˋ
細兒,1,ㄒㄧˋ ㄦˊ
細別,1,ㄒㄧˋ ㄅㄧㄝˊ
細利,1,ㄒㄧˋ ㄌㄧˋ
細勻,1,ㄒㄧˋ ㄩㄣˊ
細君,1,ㄒㄧˋ ㄐㄩㄣ
細士,1,ㄒㄧˋ ㄕˋ
細娘,1,ㄒㄧˋ ㄋㄧㄤˊ
細崽,1,ㄒㄧˋ ㄗㄞˇ
細工,1,ㄒㄧˋ ㄍㄨㄥ
細底,1,ㄒㄧˋ ㄉㄧˇ
細情,1,ㄒㄧˋ ㄑㄧㄥˊ
細按,1,ㄒㄧˋ ㄢˋ
細挑,1,ㄒㄧˋ ㄊㄧㄠ˙
細政,1,ㄒㄧˋ ㄓㄥˋ
細旦,1,ㄒㄧˋ ㄉㄢˋ
細曲,1,ㄒㄧˋ ㄑㄩˇ
細柔,1,ㄒㄧˋ ㄖㄡˊ
細柳,1,ㄒㄧˋ ㄌㄧㄡˇ
細樂,1,ㄒㄧˋ ㄩㄝˋ
細玩,1,ㄒㄧˋ ㄨㄢˋ
細疾,1,ㄒㄧˋ ㄐㄧˊ
細瘦,1,ㄒㄧˋ ㄕㄡˋ
細眉,1,ㄒㄧˋ ㄇㄟˊ
細瞧,1,ㄒㄧˋ ㄑㄧㄠˊ
細磁,1,ㄒㄧˋ ㄘˊ
細究,1,ㄒㄧˋ ㄐㄧㄡ
細算,1,ㄒㄧˋ ㄙㄨㄢˋ
細糧,1,ㄒㄧˋ ㄌㄧㄤˊ
細紡,1,ㄒㄧˋ ㄈㄤˇ
細縷,1,ㄒㄧˋ ㄌㄩˇ
細考,1,ㄒㄧˋ ㄎㄠˇ
細聽,1,ㄒㄧˋ ㄊㄧㄥ
細蝶,1,ㄒㄧˋ ㄉㄧㄝˊ
細術,1,ㄒㄧˋ ㄕㄨˋ
細表,1,ㄒㄧˋ ㄅㄧㄠˇ
細訪,1,ㄒㄧˋ ㄈㄤˇ
細話,1,ㄒㄧˋ ㄏㄨㄚˋ
細謹,1,ㄒㄧˋ ㄐㄧㄣˇ
細貴,1,ㄒㄧˋ ㄍㄨㄟˋ
細路,1,ㄒㄧˋ ㄌㄨˋ
細辛,1,ㄒㄧˋ ㄒㄧㄣ
細酸,1,ㄒㄧˋ ㄙㄨㄢ
細鍊,1,ㄒㄧˋ ㄌㄧㄢˋ
細音,1,ㄒㄧˋ ㄧㄣ
紱冕,1,ㄈㄨˊ ㄇㄧㄢˇ
紲絆,1,ㄒㄧㄝˋ ㄅㄢˋ
紲袢,1,ㄒㄧㄝˋ ㄆㄢˋ
紳耆,1,ㄕㄣ ㄑㄧˊ
紳董,1,ㄕㄣ ㄉㄨㄥˇ
紳衿,1,ㄕㄣ ㄐㄧㄣ
紹介,1,ㄕㄠˋ ㄐㄧㄝˋ
紹劇,1,ㄕㄠˋ ㄐㄩˋ
紹承,1,ㄕㄠˋ ㄔㄥˊ
紹繚,1,ㄕㄠˋ ㄌㄧㄠˊ
紺坊,1,ㄍㄢˋ ㄈㄤ
紺宇,1,ㄍㄢˋ ㄩˇ
紺殿,1,ㄍㄢˋ ㄉㄧㄢˋ
紺珠,1,ㄍㄢˋ ㄓㄨ
紺青,1,ㄍㄢˋ ㄑㄧㄥ
紾臂,1,ㄓㄣˇ ㄅㄧˋ
終久,1,ㄓㄨㄥ ㄐㄧㄡˇ
終伏,1,ㄓㄨㄥ ㄈㄨˊ
終制,1,ㄓㄨㄥ ㄓˋ
終南,1,ㄓㄨㄥ ㄋㄢˊ
終古,1,ㄓㄨㄥ ㄍㄨˇ
終天,1,ㄓㄨㄥ ㄊㄧㄢ
終席,1,ㄓㄨㄥ ㄒㄧˊ
終教,1,ㄓㄨㄥ ㄐㄧㄠˋ
終曲,1,ㄓㄨㄥ ㄑㄩˇ
終朝,1,ㄓㄨㄥ ㄓㄠ
終期,1,ㄓㄨㄥ ㄑㄧˊ
終獻,1,ㄓㄨㄥ ㄒㄧㄢˋ
終竟,1,ㄓㄨㄥ ㄐㄧㄥˋ
終軍,1,ㄓㄨㄥ ㄐㄩㄣ
終霜,1,ㄓㄨㄥ ㄕㄨㄤ
終風,1,ㄓㄨㄥ ㄈㄥ
絃歌,1,ㄒㄧㄢˊ ㄍㄜ
絃管,1,ㄒㄧㄢˊ ㄍㄨㄢˇ
絃索,1,ㄒㄧㄢˊ ㄙㄨㄛˇ
組建,1,ㄗㄨˇ ㄐㄧㄢˋ
組甲,1,ㄗㄨˇ ㄐㄧㄚˇ
組畫,1,ㄗㄨˇ ㄏㄨㄚˋ
組綬,1,ㄗㄨˇ ㄕㄡˋ
組練,1,ㄗㄨˇ ㄌㄧㄢˋ
組限,1,ㄗㄨˇ ㄒㄧㄢˋ
絆惹,1,ㄅㄢˋ ㄖㄜˇ
絆翻,1,ㄅㄢˋ ㄈㄢ
絆跌,1,ㄅㄢˋ ㄉㄧㄝˊ
絆跤,1,ㄅㄢˋ ㄐㄧㄠ
絆驥,1,ㄅㄢˋ ㄐㄧˋ
結制,1,ㄐㄧㄝˊ ㄓˋ
結印,1,ㄐㄧㄝˊ ㄧㄣˋ
結友,1,ㄐㄧㄝˊ ㄧㄡˇ
結口,1,ㄐㄧㄝˊ ㄎㄡˇ
結喉,1,ㄐㄧㄝˊ ㄏㄡˊ
結壯,1,ㄐㄧㄝˊ ㄓㄨㄤˋ
結夏,1,ㄐㄧㄝˊ ㄒㄧㄚˋ
結契,1,ㄐㄧㄝˊ ㄑㄧˋ
結好,1,ㄐㄧㄝˊ ㄏㄠˇ
結媛,1,ㄐㄧㄝˊ ㄩㄢˋ
結定,1,ㄐㄧㄝˊ ㄉㄧㄥˋ
結客,1,ㄐㄧㄝˊ ㄎㄜˋ
結帨,1,ㄐㄧㄝˊ ㄕㄨㄟˋ
結幕,1,ㄐㄧㄝˊ ㄇㄨˋ
結念,1,ㄐㄧㄝˊ ㄋㄧㄢˋ
結托,1,ㄐㄧㄝˊ ㄊㄨㄛ
結扭,1,ㄐㄧㄝˊ ㄋㄧㄡˇ
結押,1,ㄐㄧㄝˊ ㄧㄚ
結援,1,ㄐㄧㄝˊ ㄩㄢˊ
結攬,1,ㄐㄧㄝˊ ㄌㄢˇ
結日,1,ㄐㄧㄝˊ ㄖˋ
結會,1,ㄐㄧㄝˊ ㄏㄨㄟˋ
結末,1,ㄐㄧㄝˊ ㄇㄛˋ
結根,1,ㄐㄧㄝˊ ㄍㄣ
結歡,1,ㄐㄧㄝˊ ㄏㄨㄢ
結正,1,ㄐㄧㄝˊ ㄓㄥˋ
結煞,1,ㄐㄧㄝˊ ㄕㄚˋ
結營,1,ㄐㄧㄝˊ ㄧㄥˊ
結狀,1,ㄐㄧㄝˊ ㄓㄨㄤˋ
結磨,1,ㄐㄧㄝˊ ㄇㄛˊ
結穴,1,ㄐㄧㄝˊ ㄒㄩㄝˋ
結筆,1,ㄐㄧㄝˊ ㄅㄧˇ
結約,1,ㄐㄧㄝˊ ㄩㄝ
結納,1,ㄐㄧㄝˊ ㄋㄚˋ
結絕,1,ㄐㄧㄝˊ ㄐㄩㄝˊ
結綬,1,ㄐㄧㄝˊ ㄕㄡˋ
結習,1,ㄐㄧㄝˊ ㄒㄧˊ
結聚,1,ㄐㄧㄝˊ ㄐㄩˋ
結脈,1,ㄐㄧㄝˊ ㄇㄞˋ
結膜,1,ㄐㄧㄝˊ ㄇㄛˋ
結茅,1,ㄐㄧㄝˊ ㄇㄠˊ
結跏,1,ㄐㄧㄝˊ ㄐㄧㄚ
結辯,1,ㄐㄧㄝˊ ㄅㄧㄢˋ
結連,1,ㄐㄧㄝˊ ㄌㄧㄢˊ
結采,1,ㄐㄧㄝˊ ㄘㄞˇ
結關,1,ㄐㄧㄝˊ ㄍㄨㄢ
結風,1,ㄐㄧㄝˊ ㄈㄥ
結體,1,ㄐㄧㄝˊ ㄊㄧˇ
絕乏,1,ㄐㄩㄝˊ ㄈㄚˊ
絕人,1,ㄐㄩㄝˊ ㄖㄣˊ
絕倒,1,ㄐㄩㄝˊ ㄉㄠˇ
絕傳,1,ㄐㄩㄝˊ ㄔㄨㄢˊ
絕力,1,ㄐㄩㄝˊ ㄌㄧˋ
絕問,1,ㄐㄩㄝˊ ㄨㄣˋ
絕國,1,ㄐㄩㄝˊ ㄍㄨㄛˊ
絕垠,1,ㄐㄩㄝˊ ㄧㄣˊ
絕塞,1,ㄐㄩㄝˊ ㄙㄞˋ
絕塵,1,ㄐㄩㄝˊ ㄔㄣˊ
絕壑,1,ㄐㄩㄝˊ ㄏㄨㄛˋ
絕契,1,ㄐㄩㄝˊ ㄑㄧˋ
絕密,1,ㄐㄩㄝˊ ㄇㄧˋ
絕島,1,ㄐㄩㄝˊ ㄉㄠˇ
絕巖,1,ㄐㄩㄝˊ ㄧㄢˊ
絕席,1,ㄐㄩㄝˊ ㄒㄧˊ
絕情,1,ㄐㄩㄝˊ ㄑㄧㄥˊ
絕意,1,ㄐㄩㄝˊ ㄧˋ
絕戶,1,ㄐㄩㄝˊ ㄏㄨˋ
絕業,1,ㄐㄩㄝˊ ㄧㄝˋ
絕氣,1,ㄐㄩㄝˊ ㄑㄧˋ
絕流,1,ㄐㄩㄝˊ ㄌㄧㄡˊ
絕然,1,ㄐㄩㄝˊ ㄖㄢˊ
絕目,1,ㄐㄩㄝˊ ㄇㄨˋ
絕粒,1,ㄐㄩㄝˊ ㄌㄧˋ
絕絃,1,ㄐㄩㄝˊ ㄒㄧㄢˊ
絕纓,1,ㄐㄩㄝˊ ㄧㄥ
絕詣,1,ㄐㄩㄝˊ ㄧˋ
絕轡,1,ㄐㄩㄝˊ ㄆㄟˋ
絕難,1,ㄐㄩㄝˊ ㄋㄢˊ
絕麟,1,ㄐㄩㄝˊ ㄌㄧㄣˊ
絛子,1,ㄊㄠ ㄗ˙
絜楹,1,ㄐㄧㄝˊ ㄧㄥˊ
絜矩,1,ㄒㄧㄝˊ ㄐㄩˇ
絜行,1,ㄐㄧㄝˊ ㄒㄧㄥˋ
絞染,1,ㄐㄧㄠˇ ㄖㄢˇ
絞死,1,ㄐㄧㄠˇ ㄙˇ
絞纏,1,ㄐㄧㄠˇ ㄔㄢˊ
絞腳,1,ㄐㄧㄠˇ ㄐㄧㄠˇ
絞面,1,ㄐㄧㄠˇ ㄇㄧㄢˋ
絡緯,1,ㄌㄨㄛˋ ㄨㄟˇ
絡縸,1,ㄌㄨㄛˋ ㄇㄛˋ
絡續,1,ㄌㄨㄛˋ ㄒㄩˋ
絢練,1,ㄒㄩㄢˋ ㄌㄧㄢˋ
絣扒,1,ㄅㄥ ㄅㄚ
給予,1,ㄐㄧˇ ㄩˇ
給使,1,ㄐㄧˇ ㄕˇ
給價,1,ㄍㄟˇ ㄐㄧㄚˋ
給散,1,ㄐㄧˇ ㄙㄢˋ
給水,1,ㄐㄧˇ ㄕㄨㄟˇ
給臉,1,ㄍㄟˇ ㄌㄧㄢˇ
給與,1,ㄐㄧˇ ㄩˇ
給足,1,ㄐㄧˇ ㄗㄨˊ
給養,1,ㄐㄧˇ ㄧㄤˇ
絨毬,1,ㄖㄨㄥˊ ㄑㄧㄡˊ
絪縕,1,ㄧㄣ ㄩㄣ
絮搭,1,ㄒㄩˋ ㄉㄚ
絮煩,1,ㄒㄩˋ ㄈㄢ˙
絮紙,1,ㄒㄩˋ ㄓˇ
統兵,1,ㄊㄨㄥˇ ㄅㄧㄥ
統口,1,ㄊㄨㄥˇ ㄎㄡˇ
統括,1,ㄊㄨㄥˇ ㄍㄨㄚ
統核,1,ㄊㄨㄥˇ ㄏㄜˊ
統紀,1,ㄊㄨㄥˇ ㄐㄧˋ
統譜,1,ㄊㄨㄥˇ ㄆㄨˇ
統通,1,ㄊㄨㄥˇ ㄊㄨㄥ
統鏝,1,ㄊㄨㄥˇ ㄇㄢˋ
絲婚,1,ㄙ ㄏㄨㄣ
絲婦,1,ㄙ ㄈㄨˋ
絲桐,1,ㄙ ㄊㄨㄥˊ
絲淚,1,ㄙ ㄌㄟˋ
絲篁,1,ㄙ ㄏㄨㄤˊ
絲糕,1,ㄙ ㄍㄠ
絲絃,1,ㄙ ㄒㄧㄢˊ
絲絛,1,ㄙ ㄊㄠ
絲綸,1,ㄙ ㄌㄨㄣˊ
絲蓴,1,ㄙ ㄔㄨㄣˊ
絲衣,1,ㄙ ㄧ
絲道,1,ㄙ ㄉㄠˋ
絲錐,1,ㄙ ㄓㄨㄟ
絲雨,1,ㄙ ㄩˇ
絲鞭,1,ㄙ ㄅㄧㄢ
絲髮,1,ㄙ ㄈㄚˇ
絲魚,1,ㄙ ㄩˊ
絳帖,1,ㄐㄧㄤˋ ㄊㄧㄝˋ
絳帳,1,ㄐㄧㄤˋ ㄓㄤˋ
絳氣,1,ㄐㄧㄤˋ ㄑㄧˋ
絳河,1,ㄐㄧㄤˋ ㄏㄜˊ
絳灌,1,ㄐㄧㄤˋ ㄍㄨㄢˋ
絳綃,1,ㄐㄧㄤˋ ㄒㄧㄠ
絳縣,1,ㄐㄧㄤˋ ㄒㄧㄢˋ
絳脣,1,ㄐㄧㄤˋ ㄔㄨㄣˊ
絳闕,1,ㄐㄧㄤˋ ㄑㄩㄝˋ
絳青,1,ㄐㄧㄤˋ ㄑㄧㄥ
絹印,1,ㄐㄩㄢˋ ㄧㄣˋ
絹子,1,ㄐㄩㄢˋ ㄗ˙
絹帕,1,ㄐㄩㄢˋ ㄆㄚˋ
絹本,1,ㄐㄩㄢˋ ㄅㄣˇ
絹猴,1,ㄐㄩㄢˋ ㄏㄡˊ
絹裱,1,ㄐㄩㄢˋ ㄅㄧㄠˇ
絺綌,1,ㄔ ㄒㄧˋ
絺繡,1,ㄔ ㄒㄧㄡˋ
絺纊,1,ㄔ ㄎㄨㄤˋ
綀囊,1,ㄕㄨ ㄋㄤˊ
綁案,1,ㄅㄤˇ ㄢˋ
綁鬼,1,ㄅㄤˇ ㄍㄨㄟˇ
綃頭,1,ㄒㄧㄠ ㄊㄡˊ
綆縻,1,ㄍㄥˇ ㄇㄧˊ
綈袍,1,ㄊㄧˊ ㄆㄠˊ
綏定,1,ㄙㄨㄟ ㄉㄧㄥˋ
綏寧,1,ㄙㄨㄟ ㄋㄧㄥˊ
綏撫,1,ㄙㄨㄟ ㄈㄨˇ
綏服,1,ㄙㄨㄟ ㄈㄨˊ
綏綏,1,ㄙㄨㄟ ㄙㄨㄟ
綑風,1,ㄎㄨㄣˇ ㄈㄥ
經事,1,ㄐㄧㄥ ㄕˋ
經元,1,ㄐㄧㄥ ㄩㄢˊ
經制,1,ㄐㄧㄥ ㄓˋ
經卷,1,ㄐㄧㄥ ㄐㄩㄢˋ
經咒,1,ㄐㄧㄥ ㄓㄡˋ
經圈,1,ㄐㄧㄥ ㄑㄩㄢ
經壇,1,ㄐㄧㄥ ㄊㄢˊ
經始,1,ㄐㄧㄥ ㄕˇ
經官,1,ㄐㄧㄥ ㄍㄨㄢ
經帳,1,ㄐㄧㄥ ㄓㄤˋ
經幢,1,ㄐㄧㄥ ㄔㄨㄤˊ
經懺,1,ㄐㄧㄥ ㄔㄢˋ
經承,1,ㄐㄧㄥ ㄔㄥˊ
經摺,1,ㄐㄧㄥ ㄓㄜˊ
經方,1,ㄐㄧㄥ ㄈㄤ
經星,1,ㄐㄧㄥ ㄒㄧㄥ
經案,1,ㄐㄧㄥ ㄢˋ
經業,1,ㄐㄧㄥ ㄧㄝˋ
經武,1,ㄐㄧㄥ ㄨˇ
經水,1,ㄐㄧㄥ ㄕㄨㄟˇ
經法,1,ㄐㄧㄥ ㄈㄚˇ
經涉,1,ㄐㄧㄥ ㄕㄜˋ
經生,1,ㄐㄧㄥ ㄕㄥ
經界,1,ㄐㄧㄥ ㄐㄧㄝˋ
經程,1,ㄐㄧㄥ ㄔㄥˊ
經穴,1,ㄐㄧㄥ ㄒㄩㄝˋ
經笥,1,ㄐㄧㄥ ㄙˋ
經筵,1,ㄐㄧㄥ ㄧㄢˊ
經紙,1,ㄐㄧㄥ ㄓˇ
經練,1,ㄐㄧㄥ ㄌㄧㄢˋ
經藏,1,ㄐㄧㄥ ㄗㄤˋ
經藝,1,ㄐㄧㄥ ㄧˋ
經讖,1,ㄐㄧㄥ ㄔㄣˋ
經邦,1,ㄐㄧㄥ ㄅㄤ
經閉,1,ㄐㄧㄥ ㄅㄧˋ
經魁,1,ㄐㄧㄥ ㄎㄨㄟˊ
綜理,1,ㄗㄨㄥˋ ㄌㄧˇ
綜論,1,ㄗㄨㄥˋ ㄌㄨㄣˋ
綝纚,1,ㄌㄧㄣˊ ㄕˇ
綞子,1,ㄉㄨㄛˇ ㄗ˙
綠人,1,ㄌㄩˋ ㄖㄣˊ
綠圖,1,ㄌㄩˋ ㄊㄨˊ
綠幘,1,ㄌㄩˋ ㄗㄜˊ
綠珠,1,ㄌㄩˋ ㄓㄨ
綠琴,1,ㄌㄩˋ ㄑㄧㄣˊ
綠窗,1,ㄌㄩˋ ㄔㄨㄤ
綠籬,1,ㄌㄩˋ ㄌㄧˊ
綠綺,1,ㄌㄩˋ ㄑㄧˇ
綠線,1,ㄌㄩˋ ㄒㄧㄢˋ
綠耳,1,ㄌㄨˋ ㄦˇ
綠腰,1,ㄌㄩˋ ㄧㄠ
綠蕪,1,ㄌㄩˋ ㄨˊ
綠螘,1,ㄌㄨˋ ㄧˇ
綠蠟,1,ㄌㄩˋ ㄌㄚˋ
綠錢,1,ㄌㄩˋ ㄑㄧㄢˊ
綠雲,1,ㄌㄩˋ ㄩㄣˊ
綠髮,1,ㄌㄩˋ ㄈㄚˇ
綠鬢,1,ㄌㄩˋ ㄅㄧㄣˋ
綢帷,1,ㄗ ㄨㄟˊ
綢直,1,ㄔㄡˊ ㄓˊ
綢繆,1,ㄔㄡˊ ㄇㄡˊ
綦嚴,1,ㄑㄧˊ ㄧㄢˊ
綦巾,1,ㄑㄧˊ ㄐㄧㄣ
綦衛,1,ㄑㄧˊ ㄨㄟˋ
綦重,1,ㄑㄧˊ ㄓㄨㄥˋ
綬貝,1,ㄕㄡˋ ㄅㄟˋ
維斗,1,ㄨㄟˊ ㄉㄡˇ
維清,1,ㄨㄟˊ ㄑㄧㄥ
維縶,1,ㄨㄟˊ ㄓˊ
綯紋,1,ㄊㄠˊ ㄨㄣˊ
綯首,1,ㄊㄠˊ ㄕㄡˇ
綰攝,1,ㄨㄢˇ ㄕㄜˋ
綰結,1,ㄨㄢˇ ㄐㄧㄝˊ
綱佐,1,ㄍㄤ ㄗㄨㄛˇ
綱宗,1,ㄍㄤ ㄗㄨㄥ
綱理,1,ㄍㄤ ㄌㄧˇ
綱運,1,ㄍㄤ ㄩㄣˋ
綱鑑,1,ㄍㄤ ㄐㄧㄢˋ
網刊,1,ㄨㄤˇ ㄎㄢ
網圈,1,ㄨㄤˇ ㄑㄩㄢ
網室,1,ㄨㄤˇ ㄕˋ
網屏,1,ㄨㄤˇ ㄆㄧㄥˊ
網巾,1,ㄨㄤˇ ㄐㄧㄣ
網版,1,ㄨㄤˇ ㄅㄢˇ
綴宅,1,ㄓㄨㄟˋ ㄓㄜˋ
綴文,1,ㄓㄨㄟˋ ㄨㄣˊ
綴旒,1,ㄓㄨㄟˋ ㄌㄧㄡˊ
綴滿,1,ㄓㄨㄟˋ ㄇㄢˇ
綴綴,1,ㄓㄨㄟˋ ㄓㄨㄟˋ
綴輯,1,ㄓㄨㄟˋ ㄐㄧˊ
綴飾,1,ㄓㄨㄟˋ ㄕˋ
綵勝,1,ㄘㄞˇ ㄕㄥˋ
綵女,1,ㄘㄞˇ ㄋㄩˇ
綵棚,1,ㄘㄞˇ ㄆㄥˊ
綵緞,1,ㄘㄞˇ ㄉㄨㄢˋ
綵繒,1,ㄘㄞˇ ㄗㄥ
綵頭,1,ㄘㄞˇ ㄊㄡˊ
綵鳳,1,ㄘㄞˇ ㄈㄥˋ
綵鸞,1,ㄘㄞˇ ㄌㄨㄢˊ
綷縩,1,ㄘㄨㄟˋ ㄘㄞˋ
綸扉,1,ㄌㄨㄣˊ ㄈㄟ
綸綍,1,ㄌㄨㄣˊ ㄈㄨˊ
綸連,1,ㄌㄨㄣˊ ㄌㄧㄢˊ
綸音,1,ㄌㄨㄣˊ ㄧㄣ
綺井,1,ㄑㄧˇ ㄐㄧㄥˇ
綺媚,1,ㄑㄧˇ ㄇㄟˋ
綺室,1,ㄑㄧˇ ㄕˋ
綺疏,1,ㄑㄧˇ ㄕㄨ
綺縞,1,ㄑㄧˇ ㄍㄠˇ
綺繡,1,ㄑㄧˇ ㄒㄧㄡˋ
綺羅,1,ㄑㄧˇ ㄌㄨㄛˊ
綺錢,1,ㄑㄧˇ ㄑㄧㄢˊ
綺陌,1,ㄑㄧˇ ㄇㄛˋ
綺靡,1,ㄑㄧˇ ㄇㄧˇ
綻縫,1,ㄓㄢˋ ㄈㄥˋ
綽俏,1,ㄔㄨㄛˋ ㄑㄧㄠˋ
綽名,1,ㄔㄨㄛˋ ㄇㄧㄥˊ
綽子,1,ㄔㄨㄛˋ ㄗ˙
綽板,1,ㄔㄨㄛˋ ㄅㄢˇ
綽楔,1,ㄔㄨㄛˋ ㄒㄧㄝˋ
綽燈,1,ㄔㄨㄛˋ ㄉㄥ
綽見,1,ㄔㄨㄛˋ ㄐㄧㄢˋ
綽起,1,ㄔㄨㄛˋ ㄑㄧˇ
綽趣,1,ㄔㄨㄛˋ ㄑㄩˋ
綽道,1,ㄔㄨㄛˋ ㄉㄠˋ
綽開,1,ㄔㄨㄛˋ ㄎㄞ
綾機,1,ㄌㄧㄥˊ ㄐㄧ
綾羅,1,ㄌㄧㄥˊ ㄌㄨㄛˊ
綾襪,1,ㄌㄧㄥˊ ㄨㄚˋ
綾錦,1,ㄌㄧㄥˊ ㄐㄧㄣˇ
綿上,1,ㄇㄧㄢˊ ㄕㄤˋ
綿山,1,ㄇㄧㄢˊ ㄕㄢ
綿弓,1,ㄇㄧㄢˊ ㄍㄨㄥ
綿惙,1,ㄇㄧㄢˊ ㄔㄨㄛˋ
綿歷,1,ㄇㄧㄢˊ ㄌㄧˋ
綿篤,1,ㄇㄧㄢˊ ㄉㄨˇ
綿紙,1,ㄇㄧㄢˊ ㄓˇ
綿紬,1,ㄇㄧㄢˊ ㄔㄡˊ
綿綴,1,ㄇㄧㄢˊ ㄓㄨㄟˋ
綿纏,1,ㄇㄧㄢˊ ㄔㄢˊ
綿聯,1,ㄇㄧㄢˊ ㄌㄧㄢˊ
綿薄,1,ㄇㄧㄢˊ ㄅㄛˊ
綿蠻,1,ㄇㄧㄢˊ ㄇㄢˊ
綿衣,1,ㄇㄧㄢˊ ㄧ
綿軟,1,ㄇㄧㄢˊ ㄖㄨㄢˇ
綿頓,1,ㄇㄧㄢˊ ㄉㄨㄣˋ
緄帶,1,ㄍㄨㄣˇ ㄉㄞˋ
緇塵,1,ㄗ ㄔㄣˊ
緇服,1,ㄗ ㄈㄨˊ
緇流,1,ㄗ ㄌㄧㄡˊ
緇衣,1,ㄗ ㄧ
緇門,1,ㄗ ㄇㄣˊ
緊仔,1,ㄐㄧㄣˇ ㄗˇ
緊俏,1,ㄐㄧㄣˇ ㄑㄧㄠˋ
緊切,1,ㄐㄧㄣˇ ㄑㄧㄝˋ
緊嚴,1,ㄐㄧㄣˇ ㄧㄢˊ
緊守,1,ㄐㄧㄣˇ ㄕㄡˇ
緊手,1,ㄐㄧㄣˇ ㄕㄡˇ
緊溜,1,ㄐㄧㄣˇ ㄌㄧㄡ
緊等,1,ㄐㄧㄣˇ ㄉㄥˇ
緊簇,1,ㄐㄧㄣˇ ㄘㄨˋ
緊缺,1,ㄐㄧㄣˇ ㄑㄩㄝ
緊自,1,ㄐㄧㄣˇ ㄗˋ
緊襯,1,ㄐㄧㄣˇ ㄔㄣˋ
緊記,1,ㄐㄧㄣˇ ㄐㄧˋ
緊話,1,ㄐㄧㄣˇ ㄏㄨㄚˋ
緊追,1,ㄐㄧㄣˇ ㄓㄨㄟ
緊鎖,1,ㄐㄧㄣˇ ㄙㄨㄛˇ
緊防,1,ㄐㄧㄣˇ ㄈㄤˊ
緋綠,1,ㄈㄟ ㄌㄩˋ
緋衣,1,ㄈㄟ ㄧ
緒戰,1,ㄒㄩˋ ㄓㄢˋ
緒業,1,ㄒㄩˋ ㄧㄝˋ
緒風,1,ㄒㄩˋ ㄈㄥ
緒餘,1,ㄒㄩˋ ㄩˊ
緗帙,1,ㄒㄧㄤ ㄓˋ
緗縹,1,ㄒㄧㄤ ㄆㄧㄠˇ
緘札,1,ㄐㄧㄢ ㄓㄚˊ
線人,1,ㄒㄧㄢˋ ㄖㄣˊ
線膛,1,ㄒㄧㄢˋ ㄊㄤˊ
線鞋,1,ㄒㄧㄢˋ ㄒㄧㄝˊ
線麻,1,ㄒㄧㄢˋ ㄇㄚˊ
緝事,1,ㄑㄧˋ ㄕˋ
緝兇,1,ㄑㄧˋ ㄒㄩㄥ
緝屨,1,ㄑㄧˋ ㄐㄩˋ
緝捉,1,ㄑㄧˋ ㄓㄨㄛ
緝熙,1,ㄑㄧˋ ㄒㄧ
緝理,1,ㄑㄧˋ ㄌㄧˇ
緝穆,1,ㄑㄧˋ ㄇㄨˋ
緝緝,1,ㄑㄧˋ ㄑㄧˋ
緝聽,1,ㄑㄧˋ ㄊㄧㄥ
緝訪,1,ㄑㄧˋ ㄈㄤˇ
締創,1,ㄉㄧˋ ㄔㄨㄤˋ
締姻,1,ㄉㄧˋ ㄧㄣ
緣何,1,ㄩㄢˊ ㄏㄜˊ
緣坐,1,ㄩㄢˊ ㄗㄨㄛˋ
緣姓,1,ㄩㄢˊ ㄒㄧㄥˋ
緣房,1,ㄩㄢˊ ㄈㄤˊ
緣會,1,ㄩㄢˊ ㄏㄨㄟˋ
緣業,1,ㄩㄢˊ ㄧㄝˋ
緣法,1,ㄩㄢˊ ㄈㄚˇ
緣法,1,ㄩㄢˊ ㄈㄚ˙
緣生,1,ㄩㄢˊ ㄕㄥ
緣私,1,ㄩㄢˊ ㄙ
緣簿,1,ㄩㄢˊ ㄅㄨˋ
緦麻,1,ㄙ ㄇㄚˊ
編人,1,ㄅㄧㄢ ㄖㄣˊ
編削,1,ㄅㄧㄢ ㄒㄩㄝˋ
編工,1,ㄅㄧㄢ ㄍㄨㄥ
編捏,1,ㄅㄧㄢ ㄋㄧㄝ
編新,1,ㄅㄧㄢ ㄒㄧㄣ
編曲,1,ㄅㄧㄢ ㄑㄩˇ
編民,1,ㄅㄧㄢ ㄇㄧㄣˊ
編氓,1,ㄅㄧㄢ ㄇㄥˊ
編磬,1,ㄅㄧㄢ ㄑㄧㄥˋ
編笄,1,ㄅㄧㄢ ㄐㄧ
編管,1,ㄅㄧㄢ ㄍㄨㄢˇ
編綴,1,ㄅㄧㄢ ㄓㄨㄟˋ
編緝,1,ㄅㄧㄢ ㄑㄧˋ
編置,1,ㄅㄧㄢ ㄓˋ
編蒲,1,ㄅㄧㄢ ㄆㄨˊ
編配,1,ㄅㄧㄢ ㄆㄟˋ
編錄,1,ㄅㄧㄢ ㄌㄨˋ
編類,1,ㄅㄧㄢ ㄌㄟˋ
編餘,1,ㄅㄧㄢ ㄩˊ
緩帶,1,ㄏㄨㄢˇ ㄉㄞˋ
緩決,1,ㄏㄨㄢˇ ㄐㄩㄝˊ
緩限,1,ㄏㄨㄢˇ ㄒㄧㄢˋ
緩頰,1,ㄏㄨㄢˇ ㄐㄧㄚˊ
緪梯,1,ㄍㄥ ㄊㄧ
緪橋,1,ㄍㄥ ㄑㄧㄠˊ
緬想,1,ㄇㄧㄢˇ ㄒㄧㄤˇ
緬憶,1,ㄇㄧㄢˇ ㄧˋ
緬梔,1,ㄇㄧㄢˇ ㄓ
緬訴,1,ㄇㄧㄢˇ ㄙㄨˋ
緬邈,1,ㄇㄧㄢˇ ㄇㄧㄠˇ
緬靦,1,ㄇㄧㄢˇ ㄊㄧㄢˇ
緯世,1,ㄨㄟˇ ㄕˋ
緯帽,1,ㄨㄟˇ ㄇㄠˋ
緯繣,1,ㄨㄟˇ ㄏㄨㄚˋ
緯象,1,ㄨㄟˇ ㄒㄧㄤˋ
練土,1,ㄌㄧㄢˋ ㄊㄨˇ
練實,1,ㄌㄧㄢˋ ㄕˊ
練就,1,ㄌㄧㄢˋ ㄐㄧㄡˋ
練師,1,ㄌㄧㄢˋ ㄕ
練祭,1,ㄌㄧㄢˋ ㄐㄧˋ
練裳,1,ㄌㄧㄢˋ ㄔㄤˊ
練要,1,ㄌㄧㄢˋ ㄧㄠˋ
練覈,1,ㄌㄧㄢˋ ㄏㄜˊ
緹騎,1,ㄊㄧˊ ㄐㄧˋ
縈思,1,ㄧㄥˊ ㄙ
縈繫,1,ㄧㄥˊ ㄒㄧˋ
縊女,1,ㄧˋ ㄋㄩˇ
縊頸,1,ㄧˋ ㄐㄧㄥˇ
縑素,1,ㄐㄧㄢ ㄙㄨˋ
縑緗,1,ㄐㄧㄢ ㄒㄧㄤ
縗絰,1,ㄘㄨㄟ ㄉㄧㄝˊ
縛束,1,ㄈㄨˊ ㄕㄨˋ
縝紛,1,ㄓㄣˇ ㄈㄣ
縝緻,1,ㄓㄣˇ ㄓˋ
縞冠,1,ㄍㄠˇ ㄍㄨㄢ
縞紵,1,ㄍㄠˇ ㄓㄨˋ
縟禮,1,ㄖㄨˋ ㄌㄧˇ
縟繡,1,ㄖㄨˋ ㄒㄧㄡˋ
縠紋,1,ㄏㄨˊ ㄨㄣˊ
縣丞,1,ㄒㄧㄢˋ ㄔㄥˊ
縣主,1,ㄒㄧㄢˋ ㄓㄨˇ
縣份,1,ㄒㄧㄢˋ ㄈㄣˋ
縣佐,1,ㄒㄧㄢˋ ㄗㄨㄛˇ
縣侯,1,ㄒㄧㄢˋ ㄏㄡˊ
縣分,1,ㄒㄧㄢˋ ㄈㄣˋ
縣君,1,ㄒㄧㄢˋ ㄐㄩㄣ
縣圃,1,ㄒㄩㄢˊ ㄆㄨˇ
縣宰,1,ㄒㄧㄢˋ ㄗㄞˇ
縣尊,1,ㄒㄧㄢˋ ㄗㄨㄣ
縣尹,1,ㄒㄧㄢˋ ㄧㄣˇ
縣象,1,ㄒㄩㄢˊ ㄒㄧㄤˋ
縣賞,1,ㄒㄩㄢˊ ㄕㄤˇ
縣跂,1,ㄒㄩㄢˊ ㄑㄧˋ
縣道,1,ㄒㄧㄢˋ ㄉㄠˋ
縫子,1,ㄈㄥˋ ㄗ˙
縫衣,1,ㄈㄥˊ ㄧ
縮合,1,ㄙㄨㄛ ㄏㄜ˙
縮囊,1,ㄙㄨˋ ㄋㄤˊ
縮地,1,ㄙㄨˋ ㄉㄧˋ
縮微,1,ㄙㄨㄛ ㄨㄟˊ
縮手,1,ㄙㄨˋ ㄕㄡˇ
縮朒,1,ㄙㄨˋ ㄋㄩˋ
縮栗,1,ㄙㄨˋ ㄌㄧˋ
縮稱,1,ㄙㄨㄛ ㄔㄥ
縮編,1,ㄙㄨㄛ ㄅㄧㄢ
縮縮,1,ㄙㄨˋ ㄙㄨˋ
縮語,1,ㄙㄨㄛ ㄩˇ
縮酒,1,ㄙㄨˋ ㄐㄧㄡˇ
縮頞,1,ㄙㄨˋ ㄜˋ
縮鼻,1,ㄙㄨˋ ㄅㄧˊ
縰履,1,ㄕˇ ㄌㄩˇ
縰縰,1,ㄕˇ ㄕˇ
縱出,1,ㄗㄨㄥˋ ㄔㄨ
縱囚,1,ㄗㄨㄥˋ ㄑㄧㄡˊ
縱性,1,ㄗㄨㄥˋ ㄒㄧㄥˋ
縱放,1,ㄗㄨㄥˋ ㄈㄤˋ
縱欲,1,ㄗㄨㄥˋ ㄩˋ
縱波,1,ㄗㄨㄥ ㄅㄛ
縱浪,1,ㄗㄨㄥˋ ㄌㄤˋ
縱深,1,ㄗㄨㄥ ㄕㄣ
縱縱,1,ㄗㄨㄥˇ ㄗㄨㄥˇ
縱脫,1,ㄗㄨㄥˋ ㄊㄨㄛ
縱臾,1,ㄗㄨㄥˇ ㄩㄥˇ
縱覽,1,ㄗㄨㄥˋ ㄌㄢˇ
縱言,1,ㄗㄨㄥˋ ㄧㄢˊ
縱誕,1,ㄗㄨㄥˋ ㄉㄢˋ
縱談,1,ㄗㄨㄥˋ ㄊㄢˊ
縱谷,1,ㄗㄨㄥ ㄍㄨˇ
縱走,1,ㄗㄨㄥ ㄗㄡˇ
縱送,1,ㄗㄨㄥˋ ㄙㄨㄥˋ
縱逸,1,ㄗㄨㄥˋ ㄧˋ
縱酒,1,ㄗㄨㄥˋ ㄐㄧㄡˇ
縱馬,1,ㄗㄨㄥˋ ㄇㄚˇ
縱體,1,ㄗㄨㄥˋ ㄊㄧˇ
縲紲,1,ㄌㄟˊ ㄒㄧㄝˋ
縴夫,1,ㄑㄧㄢˋ ㄈㄨ
縴戶,1,ㄑㄧㄢˋ ㄏㄨˋ
縴手,1,ㄑㄧㄢˋ ㄕㄡˇ
縵立,1,ㄇㄢˋ ㄌㄧˋ
縵縵,1,ㄇㄢˋ ㄇㄢˋ
縵胡,1,ㄇㄢˋ ㄏㄨˊ
縶維,1,ㄓˊ ㄨㄟˊ
縷當,1,ㄌㄩˇ ㄉㄤˋ
縷細,1,ㄌㄩˇ ㄒㄧˋ
縷衣,1,ㄌㄩˇ ㄧ
縷解,1,ㄌㄩˇ ㄐㄧㄝˇ
縹囊,1,ㄆㄧㄠˇ ㄋㄤˊ
縹帙,1,ㄆㄧㄠˇ ㄓˋ
縹緗,1,ㄆㄧㄠˇ ㄒㄧㄤ
縹縹,1,ㄆㄧㄠˇ ㄆㄧㄠˇ
縹致,1,ㄆㄧㄠˇ ㄓˋ
縻繫,1,ㄇㄧˊ ㄒㄧˋ
總丱,1,ㄗㄨㄥˇ ㄍㄨㄢˋ
總戎,1,ㄗㄨㄥˇ ㄖㄨㄥˊ
總承,1,ㄗㄨㄥˇ ㄔㄥˊ
總然,1,ㄗㄨㄥˇ ㄖㄢˊ
總爺,1,ㄗㄨㄥˇ ㄧㄝˊ
總甲,1,ㄗㄨㄥˇ ㄐㄧㄚˇ
總章,1,ㄗㄨㄥˇ ㄓㄤ
總苞,1,ㄗㄨㄥˇ ㄅㄠ
總要,1,ㄗㄨㄥˇ ㄧㄠˋ
總角,1,ㄗㄨㄥˇ ㄐㄩㄝˊ
總轄,1,ㄗㄨㄥˇ ㄒㄧㄚˊ
總鋪,1,ㄗㄨㄥˇ ㄆㄨˋ
總集,1,ㄗㄨㄥˇ ㄐㄧˊ
總領,1,ㄗㄨㄥˇ ㄌㄧㄥˇ
總髮,1,ㄗㄨㄥˇ ㄈㄚˇ
績用,1,ㄐㄧ ㄩㄥˋ
績緒,1,ㄐㄧ ㄒㄩˋ
繁冗,1,ㄈㄢˊ ㄖㄨㄥˇ
繁博,1,ㄈㄢˊ ㄅㄛˊ
繁句,1,ㄈㄢˊ ㄐㄩˋ
繁囂,1,ㄈㄢˊ ㄒㄧㄠ
繁富,1,ㄈㄢˊ ㄈㄨˋ
繁弱,1,ㄈㄢˊ ㄖㄨㄛˋ
繁暑,1,ㄈㄢˊ ㄕㄨˇ
繁欽,1,ㄆㄛˊ ㄑㄧㄣ
繁縟,1,ㄈㄢˊ ㄖㄨˋ
繁纓,1,ㄈㄢˊ ㄧㄥ
繁缺,1,ㄈㄢˊ ㄑㄩㄝ
繁臺,1,ㄆㄛˊ ㄊㄞˊ
繁華,1,ㄈㄢˊ ㄏㄨㄚ
繁蕪,1,ㄈㄢˊ ㄨˊ
繁賾,1,ㄈㄢˊ ㄗㄜˊ
繁露,1,ㄈㄢˊ ㄌㄨˋ
繁麗,1,ㄈㄢˊ ㄌㄧˋ
繃價,1,ㄅㄥ ㄐㄧㄚˋ
繃巴,1,ㄅㄥ ㄅㄚ
繃弓,1,ㄅㄥ ㄍㄨㄥ
繃扒,1,ㄅㄥ ㄅㄚ
繃拽,1,ㄅㄥ ㄓㄨㄞˋ
繃接,1,ㄅㄥ ㄐㄧㄝ
繃瓷,1,ㄅㄥˋ ㄘˊ
繃簧,1,ㄅㄥ ㄏㄨㄤˊ
繃線,1,ㄅㄥ ㄒㄧㄢˋ
繃臉,1,ㄅㄥˇ ㄌㄧㄢˇ
繃裂,1,ㄅㄥˋ ㄌㄧㄝˋ
繃針,1,ㄅㄥ ㄓㄣ
繄袼,1,ㄧ ㄌㄨㄛˋ
繅繭,1,ㄙㄠ ㄐㄧㄢˇ
繅車,1,ㄙㄠ ㄔㄜ
繆學,1,ㄇㄧㄡˋ ㄒㄩㄝˊ
繆巧,1,ㄇㄧㄡˋ ㄑㄧㄠˇ
繆篆,1,ㄇㄡˊ ㄓㄨㄢˋ
繇繇,1,ㄧㄠˊ ㄧㄠˊ
繈緥,1,ㄑㄧㄤˇ ㄅㄠˇ
繐帳,1,ㄙㄨㄟˋ ㄓㄤˋ
繐帷,1,ㄙㄨㄟˋ ㄨㄟˊ
繐裳,1,ㄙㄨㄟˋ ㄔㄤˊ
繒書,1,ㄗㄥ ㄕㄨ
繒綾,1,ㄗㄥ ㄌㄧㄥˊ
繒繃,1,ㄗㄥˋ ㄅㄥˇ
織綜,1,ㄓ ㄗㄨㄥˋ
織蓆,1,ㄓ ㄒㄧˊ
繖幄,1,ㄙㄢˇ ㄨㄛˋ
繙譯,1,ㄈㄢ ㄧˋ
繚糾,1,ㄌㄧㄠˊ ㄐㄧㄡ
繚轉,1,ㄌㄧㄠˊ ㄓㄨㄢˇ
繞場,1,ㄖㄠˋ ㄔㄤˊ
繞境,1,ㄖㄠˋ ㄐㄧㄥˋ
繞射,1,ㄖㄠˋ ㄕㄜˋ
繞梁,1,ㄖㄠˋ ㄌㄧㄤˊ
繞磨,1,ㄖㄠˋ ㄇㄛ˙
繞繞,1,ㄖㄠˋ ㄖㄠˋ
繠繠,1,ㄖㄨㄟˇ ㄖㄨㄟˇ
繡佛,1,ㄒㄧㄡˋ ㄈㄛˊ
繡像,1,ㄒㄧㄡˋ ㄒㄧㄤˋ
繡匠,1,ㄒㄧㄡˋ ㄐㄧㄤˋ
繡墩,1,ㄒㄧㄡˋ ㄉㄨㄣ
繡工,1,ㄒㄧㄡˋ ㄍㄨㄥ
繡床,1,ㄒㄧㄡˋ ㄔㄨㄤˊ
繡戶,1,ㄒㄧㄡˋ ㄏㄨˋ
繡旗,1,ㄒㄧㄡˋ ㄑㄧˊ
繡架,1,ㄒㄧㄡˋ ㄐㄧㄚˋ
繡活,1,ㄒㄧㄡˋ ㄏㄨㄛˊ
繡畫,1,ㄒㄧㄡˋ ㄏㄨㄚˋ
繡眼,1,ㄒㄧㄡˋ ㄧㄢˇ
繡簾,1,ㄒㄧㄡˋ ㄌㄧㄢˊ
繡虎,1,ㄒㄧㄡˋ ㄏㄨˇ
繡衾,1,ㄒㄧㄡˋ ㄑㄧㄣ
繡被,1,ㄒㄧㄡˋ ㄅㄟˋ
繡補,1,ㄒㄧㄡˋ ㄅㄨˇ
繡貨,1,ㄒㄧㄡˋ ㄏㄨㄛˋ
繡針,1,ㄒㄧㄡˋ ㄓㄣ
繡镼,1,ㄒㄧㄡˋ ㄑㄩ
繡陌,1,ㄒㄧㄡˋ ㄇㄛˋ
繡面,1,ㄒㄧㄡˋ ㄇㄧㄢˋ
繢罽,1,ㄏㄨㄟˋ ㄐㄧˋ
繩伎,1,ㄕㄥˊ ㄐㄧˋ
繩床,1,ㄕㄥˊ ㄔㄨㄤˊ
繩正,1,ㄕㄥˊ ㄓㄥˋ
繩繩,1,ㄕㄥˊ ㄕㄥˊ
繫世,1,ㄒㄧˋ ㄕˋ
繫住,1,ㄒㄧˋ ㄓㄨˋ
繫命,1,ㄒㄧˋ ㄇㄧㄥˋ
繫戀,1,ㄒㄧˋ ㄌㄧㄢˋ
繫爪,1,ㄒㄧˋ ㄓㄠˇ
繫獄,1,ㄒㄧˋ ㄩˋ
繫縛,1,ㄒㄧˋ ㄈㄨˊ
繫腰,1,ㄒㄧˋ ㄧㄠ
繫裹,1,ㄒㄧˋ ㄍㄨㄛˇ
繫趾,1,ㄒㄧˋ ㄓˇ
繫頸,1,ㄒㄧˋ ㄐㄧㄥˇ
繭栗,1,ㄐㄧㄢˇ ㄌㄧˋ
繭眉,1,ㄐㄧㄢˇ ㄇㄟˊ
繭紙,1,ㄐㄧㄢˇ ㄓˇ
繭繭,1,ㄐㄧㄢˇ ㄐㄧㄢˇ
繭衣,1,ㄐㄧㄢˇ ㄧ
繯橐,1,ㄏㄨㄢˊ ㄊㄨㄛˊ
繯首,1,ㄏㄨㄢˊ ㄕㄡˇ
繳繞,1,ㄐㄧㄠˇ ㄖㄠˋ
繳還,1,ㄐㄧㄠˇ ㄏㄨㄢˊ
繹史,1,ㄧˋ ㄕˇ
繹繹,1,ㄧˋ ㄧˋ
繻券,1,ㄒㄩ ㄑㄩㄢˋ
繼妻,1,ㄐㄧˋ ㄑㄧ
繼業,1,ㄐㄧˋ ㄧㄝˋ
繼絆,1,ㄐㄧˋ ㄅㄢˋ
繼統,1,ㄐㄧˋ ㄊㄨㄥˇ
繼親,1,ㄐㄧˋ ㄑㄧㄣ
繼踵,1,ㄐㄧˋ ㄓㄨㄥˇ
繼軌,1,ㄐㄧˋ ㄍㄨㄟˇ
繼述,1,ㄐㄧˋ ㄕㄨˋ
繼配,1,ㄐㄧˋ ㄆㄟˋ
繼體,1,ㄐㄧˋ ㄊㄧˇ
纁黃,1,ㄒㄩㄣ ㄏㄨㄤˊ
纂繡,1,ㄗㄨㄢˇ ㄒㄧㄡˋ
纂纂,1,ㄗㄨㄢˇ ㄗㄨㄢˇ
纇節,1,ㄌㄟˋ ㄐㄧㄝˊ
纈草,1,ㄒㄧㄝˊ ㄘㄠˇ
纊工,1,ㄎㄨㄤˋ ㄍㄨㄥ
續室,1,ㄒㄩˋ ㄕˋ
續後,1,ㄒㄩˋ ㄏㄡˋ
續斷,1,ㄒㄩˋ ㄉㄨㄢˋ
續母,1,ㄒㄩˋ ㄇㄨˇ
續續,1,ㄒㄩˋ ㄒㄩˋ
續衽,1,ㄒㄩˋ ㄖㄣˋ
續貂,1,ㄒㄩˋ ㄉㄧㄠ
纍堆,1,ㄌㄟˊ ㄉㄨㄟ
纍紲,1,ㄌㄟˊ ㄒㄧㄝˋ
纍臣,1,ㄌㄟˊ ㄔㄣˊ
纏令,1,ㄔㄢˊ ㄌㄧㄥˋ
纏帳,1,ㄔㄢˊ ㄓㄤˋ
纏帶,1,ㄔㄢˊ ㄉㄞˋ
纏惹,1,ㄔㄢˊ ㄖㄜˇ
纏手,1,ㄔㄢˊ ㄕㄡˇ
纏提,1,ㄔㄢˊ ㄊㄧˊ
纏牽,1,ㄔㄢˊ ㄑㄧㄢ
纏磨,1,ㄔㄢˊ ㄇㄛ˙
纏累,1,ㄔㄢˊ ㄌㄟˇ
纏縛,1,ㄔㄢˊ ㄈㄨˊ
纏繳,1,ㄔㄢˊ ㄐㄧㄠˇ
纏袋,1,ㄔㄢˊ ㄉㄞˋ
纏達,1,ㄔㄢˊ ㄉㄚˊ
纏障,1,ㄔㄢˊ ㄓㄤˋ
纏頭,1,ㄔㄢˊ ㄊㄡˊ
纓子,1,ㄧㄥ ㄗ˙
纔則,1,ㄘㄞˊ ㄗㄜˊ
纔剛,1,ㄘㄞˊ ㄍㄤ
纔可,1,ㄘㄞˊ ㄎㄜˇ
纔子,1,ㄘㄞˊ ㄗ˙
纔此,1,ㄘㄞˊ ㄘˇ
纖屑,1,ㄒㄧㄢ ㄒㄧㄝˋ
纖微,1,ㄒㄧㄢ ㄨㄟˊ
纖悉,1,ㄒㄧㄢ ㄒㄧ
纖玉,1,ㄒㄧㄢ ㄩˋ
纖畫,1,ㄒㄧㄢ ㄏㄨㄚˋ
纖瘦,1,ㄒㄧㄢ ㄕㄡˋ
纖阿,1,ㄒㄧㄢ ㄜ
纖離,1,ㄒㄧㄢ ㄌㄧˊ
纖雲,1,ㄒㄧㄢ ㄩㄣˊ
纖麗,1,ㄒㄧㄢ ㄌㄧˋ
纛旗,1,ㄉㄠˋ ㄑㄧˊ
缸瓦,1,ㄍㄤ ㄨㄚˇ
缹粥,1,ㄈㄡˇ ㄓㄡ
缺刻,1,ㄑㄩㄝ ㄎㄜˋ
缺嘴,1,ㄑㄩㄝ ㄗㄨㄟˇ
缺水,1,ㄑㄩㄝ ㄕㄨㄟˇ
缺漏,1,ㄑㄩㄝ ㄌㄡˋ
缺略,1,ㄑㄩㄝ ㄌㄩㄝˋ
缺糧,1,ㄑㄩㄝ ㄌㄧㄤˊ
缺編,1,ㄑㄩㄝ ㄅㄧㄢ
缺缺,1,ㄑㄩㄝ ㄑㄩㄝ
缺脣,1,ㄑㄩㄝ ㄔㄨㄣˊ
缺門,1,ㄑㄩㄝ ㄇㄣˊ
缽子,1,ㄅㄛ ㄗ˙
缽頭,1,ㄅㄛ ㄊㄡˊ
缿筩,1,ㄒㄧㄤˋ ㄊㄨㄥˇ
罄淨,1,ㄑㄧㄥˋ ㄐㄧㄥˋ
罄然,1,ㄑㄧㄥˋ ㄖㄢˊ
罄盡,1,ㄑㄧㄥˋ ㄐㄧㄣˋ
罄身,1,ㄑㄧㄥˋ ㄕㄣ
罐頭,1,ㄍㄨㄢˋ ㄊㄡ˙
罔兩,1,ㄨㄤˇ ㄌㄧㄤˇ
罕忽,1,ㄏㄢˇ ㄏㄨ
罕漫,1,ㄏㄢˇ ㄇㄢˋ
罕異,1,ㄏㄢˇ ㄧˋ
罕覯,1,ㄏㄢˇ ㄍㄡˋ
罘網,1,ㄈㄨˊ ㄨㄤˇ
罘罳,1,ㄈㄨˊ ㄙ
罝罘,1,ㄐㄩ ㄈㄨˊ
罟客,1,ㄍㄨˇ ㄎㄜˋ
罟師,1,ㄍㄨˇ ㄕ
罟罟,1,ㄍㄨˇ ㄍㄨˇ
罡風,1,ㄍㄤ ㄈㄥ
罣念,1,ㄍㄨㄚˋ ㄋㄧㄢˋ
罣戀,1,ㄍㄨㄚˋ ㄌㄧㄢˋ
罣罳,1,ㄍㄨㄚˋ ㄙ
罣記,1,ㄍㄨㄚˋ ㄐㄧˋ
罣誤,1,ㄍㄨㄚˋ ㄨˋ
罦罳,1,ㄈㄨˊ ㄙ
罨損,1,ㄧㄢˇ ㄙㄨㄣˇ
罨畫,1,ㄧㄢˇ ㄏㄨㄚˋ
罩棚,1,ㄓㄠˋ ㄆㄥˊ
罩漆,1,ㄓㄠˋ ㄑㄧ
罩褂,1,ㄓㄠˋ ㄍㄨㄚˋ
罩身,1,ㄓㄠˋ ㄕㄣ
罪因,1,ㄗㄨㄟˋ ㄧㄣ
罪己,1,ㄗㄨㄟˋ ㄐㄧˇ
罪戾,1,ㄗㄨㄟˋ ㄌㄧˋ
罪業,1,ㄗㄨㄟˋ ㄧㄝˋ
罪隸,1,ㄗㄨㄟˋ ㄌㄧˋ
罫紙,1,ㄍㄨㄚˋ ㄓˇ
置備,1,ㄓˋ ㄅㄟˋ
置評,1,ㄓˋ ㄆㄧㄥˊ
置買,1,ㄓˋ ㄇㄞˇ
置辦,1,ㄓˋ ㄅㄢˋ
置辭,1,ㄓˋ ㄘˊ
罰例,1,ㄈㄚˊ ㄌㄧˋ
罰俸,1,ㄈㄚˊ ㄈㄥˋ
罰役,1,ㄈㄚˊ ㄧˋ
罰爵,1,ㄈㄚˊ ㄐㄩㄝˊ
罰科,1,ㄈㄚˊ ㄎㄜ
罰約,1,ㄈㄚˊ ㄩㄝ
罰誓,1,ㄈㄚˊ ㄕˋ
罰贖,1,ㄈㄚˊ ㄕㄨˊ
署吏,1,ㄕㄨˋ ㄌㄧˋ
署書,1,ㄕㄨˋ ㄕㄨ
署榜,1,ㄕㄨˋ ㄅㄤˇ
署理,1,ㄕㄨˋ ㄌㄧˇ
署缺,1,ㄕㄨˋ ㄑㄩㄝ
署辦,1,ㄕㄨˋ ㄅㄢˋ
罳頂,1,ㄙ ㄉㄧㄥˇ
罵名,1,ㄇㄚˋ ㄇㄧㄥˊ
罵坐,1,ㄇㄚˋ ㄗㄨㄛˋ
罵戰,1,ㄇㄚˋ ㄓㄢˋ
罵架,1,ㄇㄚˋ ㄐㄧㄚˋ
罵殿,1,ㄇㄚˋ ㄉㄧㄢˋ
罵詈,1,ㄇㄚˋ ㄌㄧˋ
罷亞,1,ㄅㄚˋ ㄧㄚˋ
罷勞,1,ㄆㄧˊ ㄌㄠˊ
罷崗,1,ㄅㄚˋ ㄍㄤˇ
罷戰,1,ㄅㄚˋ ㄓㄢˋ
罷收,1,ㄅㄚˋ ㄕㄡ
罷敝,1,ㄆㄧˊ ㄅㄧˋ
罷散,1,ㄆㄧˊ ㄙㄢˋ
罷癃,1,ㄆㄧˊ ㄌㄨㄥˊ
罷軟,1,ㄆㄧˊ ㄖㄨㄢˇ
罷閒,1,ㄅㄚˋ ㄒㄧㄢˊ
罷駛,1,ㄅㄚˋ ㄕˇ
罷麼,1,ㄅㄚˋ ㄇㄜ˙
罹病,1,ㄌㄧˊ ㄅㄧㄥˋ
罻羅,1,ㄨㄟˋ ㄌㄨㄛˊ
罽賓,1,ㄐㄧˋ ㄅㄧㄣ
羅亭,1,ㄌㄨㄛˊ ㄊㄧㄥˊ
羅剎,1,ㄌㄨㄛˊ ㄔㄚˋ
羅勒,1,ㄌㄨㄛˊ ㄌㄜˋ
羅叉,1,ㄌㄨㄛˊ ㄔㄚ
羅口,1,ㄌㄨㄛˊ ㄎㄡˇ
羅圈,1,ㄌㄨㄛˊ ㄑㄩㄢ
羅巾,1,ㄌㄨㄛˊ ㄐㄧㄣ
羅帔,1,ㄌㄨㄛˊ ㄆㄟˋ
羅帕,1,ㄌㄨㄛˊ ㄆㄚˋ
羅帽,1,ㄌㄨㄛˊ ㄇㄠˋ
羅幃,1,ㄌㄨㄛˊ ㄨㄟˊ
羅扇,1,ㄌㄨㄛˊ ㄕㄢˋ
羅捕,1,ㄌㄨㄛˊ ㄅㄨˇ
羅教,1,ㄌㄨㄛˊ ㄐㄧㄠˋ
羅敷,1,ㄌㄨㄛˊ ㄈㄨ
羅櫃,1,ㄌㄨㄛˊ ㄍㄨㄟˋ
羅祖,1,ㄌㄨㄛˊ ㄗㄨˇ
羅綃,1,ㄌㄨㄛˊ ㄒㄧㄠ
羅綺,1,ㄌㄨㄛˊ ㄑㄧˇ
羅縷,1,ㄌㄨㄛˊ ㄌㄩˇ
羅纓,1,ㄌㄨㄛˊ ㄧㄥ
羅聘,1,ㄌㄨㄛˊ ㄆㄧㄣˋ
羅衣,1,ㄌㄨㄛˊ ㄧ
羅襦,1,ㄌㄨㄛˊ ㄖㄨˊ
羅襪,1,ㄌㄨㄛˊ ㄨㄚˋ
羅鍋,1,ㄌㄨㄛˊ ㄍㄨㄛ
羅隱,1,ㄌㄨㄛˊ ㄧㄣˇ
羅齋,1,ㄌㄨㄛˊ ㄓㄞ
羆丸,1,ㄆㄧˊ ㄨㄢˊ
羈勒,1,ㄐㄧ ㄌㄜˋ
羈宦,1,ㄐㄧ ㄏㄨㄢˋ
羈屑,1,ㄐㄧ ㄒㄧㄝˋ
羈愁,1,ㄐㄧ ㄔㄡˊ
羈懷,1,ㄐㄧ ㄏㄨㄞˊ
羈棲,1,ㄐㄧ ㄑㄧ
羈滯,1,ㄐㄧ ㄓˋ
羈絏,1,ㄐㄧ ㄒㄧㄝˋ
羈縻,1,ㄐㄧ ㄇㄧˊ
羈貫,1,ㄐㄧ ㄍㄨㄢˋ
羈遲,1,ㄐㄧ ㄔˊ
羊倌,1,ㄧㄤˊ ㄍㄨㄢ
羊卜,1,ㄧㄤˊ ㄅㄨˇ
羊城,1,ㄧㄤˊ ㄔㄥˊ
羊工,1,ㄧㄤˊ ㄍㄨㄥ
羊性,1,ㄧㄤˊ ㄒㄧㄥˋ
羊斑,1,ㄧㄤˊ ㄅㄢ
羊桃,1,ㄧㄤˊ ㄊㄠˊ
羊棗,1,ㄧㄤˊ ㄗㄠˇ
羊欣,1,ㄧㄤˊ ㄒㄧㄣ
羊溝,1,ㄧㄤˊ ㄍㄡ
羊痘,1,ㄧㄤˊ ㄉㄡˋ
羊祜,1,ㄧㄤˊ ㄏㄨˋ
羊蹄,1,ㄧㄤˊ ㄊㄧˊ
羊車,1,ㄧㄤˊ ㄔㄜ
羊駝,1,ㄧㄤˊ ㄊㄨㄛˊ
羌帖,1,ㄑㄧㄤ ㄊㄧㄝ˙
羌戎,1,ㄑㄧㄤ ㄖㄨㄥˊ
羌活,1,ㄑㄧㄤ ㄏㄨㄛˊ
羌管,1,ㄑㄧㄤ ㄍㄨㄢˇ
羌語,1,ㄑㄧㄤ ㄩˇ
羌鷲,1,ㄑㄧㄤ ㄐㄧㄡˋ
美備,1,ㄇㄟˇ ㄅㄟˋ
美利,1,ㄇㄟˇ ㄌㄧˋ
美勞,1,ㄇㄟˇ ㄌㄠˊ
美噸,1,ㄇㄟˇ ㄉㄨㄣˋ
美圓,1,ㄇㄟˇ ㄩㄢˊ
美大,1,ㄇㄟˇ ㄉㄚˋ
美官,1,ㄇㄟˇ ㄍㄨㄢ
美惡,1,ㄇㄟˇ ㄜˋ
美政,1,ㄇㄟˇ ㄓㄥˋ
美田,1,ㄇㄟˇ ㄊㄧㄢˊ
美盼,1,ㄇㄟˇ ㄆㄢˋ
美眄,1,ㄇㄟˇ ㄇㄧㄢˇ
美祥,1,ㄇㄟˇ ㄒㄧㄤˊ
美秀,1,ㄇㄟˇ ㄒㄧㄡˋ
美稱,1,ㄇㄟˇ ㄔㄥ
美缺,1,ㄇㄟˇ ㄑㄩㄝ
美聲,1,ㄇㄟˇ ㄕㄥ
美舉,1,ㄇㄟˇ ㄐㄩˇ
美處,1,ㄇㄟˇ ㄔㄨˋ
美計,1,ㄇㄟˇ ㄐㄧˋ
美身,1,ㄇㄟˇ ㄕㄣ
美遷,1,ㄇㄟˇ ㄑㄧㄢ
美選,1,ㄇㄟˇ ㄒㄩㄢˇ
美錦,1,ㄇㄟˇ ㄐㄧㄣˇ
美除,1,ㄇㄟˇ ㄔㄨˊ
羑里,1,ㄧㄡˇ ㄌㄧˇ
羓子,1,ㄅㄚ ㄗ˙
羔子,1,ㄍㄠ ㄗ˙
羔裘,1,ㄍㄠ ㄑㄧㄡˊ
羔鴈,1,ㄍㄠ ㄧㄢˋ
羚牛,1,ㄌㄧㄥˊ ㄋㄧㄡˊ
羞人,1,ㄒㄧㄡ ㄖㄣˊ
羞怒,1,ㄒㄧㄡ ㄋㄨˋ
羞惱,1,ㄒㄧㄡ ㄋㄠˇ
羞花,1,ㄒㄧㄡ ㄏㄨㄚ
羞靨,1,ㄒㄧㄡ ㄧㄝˋ
群下,1,ㄑㄩㄣˊ ㄒㄧㄚˋ
群倫,1,ㄑㄩㄣˊ ㄌㄨㄣˊ
群后,1,ㄑㄩㄣˊ ㄏㄡˋ
群屋,1,ㄑㄩㄣˊ ㄨ
群彥,1,ㄑㄩㄣˊ ㄧㄢˋ
群從,1,ㄑㄩㄣˊ ㄗㄨㄥˋ
群輩,1,ㄑㄩㄣˊ ㄅㄟˋ
群辟,1,ㄑㄩㄣˊ ㄅㄧˋ
群醜,1,ㄑㄩㄣˊ ㄔㄡˇ
群青,1,ㄑㄩㄣˊ ㄑㄧㄥ
群黎,1,ㄑㄩㄣˊ ㄌㄧˊ
羥基,1,ㄑㄧㄤˇ ㄐㄧ
羧酸,1,ㄙㄨㄛ ㄙㄨㄢ
羨煞,1,ㄒㄧㄢˋ ㄕㄚˋ
羨財,1,ㄒㄧㄢˋ ㄘㄞˊ
羨餘,1,ㄒㄧㄢˋ ㄩˊ
義例,1,ㄧˋ ㄌㄧˋ
義徒,1,ㄧˋ ㄊㄨˊ
義故,1,ㄧˋ ㄍㄨˋ
義類,1,ㄧˋ ㄌㄟˋ
羯羶,1,ㄐㄧㄝˊ ㄕㄢ
羰基,1,ㄊㄢˋ ㄐㄧ
羱羊,1,ㄩㄢˊ ㄧㄤˊ
羲和,1,ㄒㄧ ㄏㄜˊ
羲皇,1,ㄒㄧ ㄏㄨㄤˊ
羲經,1,ㄒㄧ ㄐㄧㄥ
羵羊,1,ㄈㄣˊ ㄧㄤˊ
羶心,1,ㄕㄢ ㄒㄧㄣ
羶慕,1,ㄕㄢ ㄇㄨˋ
羶肉,1,ㄕㄢ ㄖㄡˋ
羶行,1,ㄕㄢ ㄒㄧㄥˋ
羶鄉,1,ㄕㄢ ㄒㄧㄤ
羸兵,1,ㄌㄟˊ ㄅㄧㄥ
羸劣,1,ㄌㄟˊ ㄌㄧㄝˋ
羸師,1,ㄌㄟˊ ㄕ
羸瘠,1,ㄌㄟˊ ㄐㄧˊ
羸瘵,1,ㄌㄟˊ ㄓㄞˋ
羸露,1,ㄌㄟˊ ㄌㄨˋ
羸頓,1,ㄌㄟˊ ㄉㄨㄣˋ
羹牆,1,ㄍㄥ ㄑㄧㄤˊ
羽人,1,ㄩˇ ㄖㄣˊ
羽儀,1,ㄩˇ ㄧˊ
羽冠,1,ㄩˇ ㄍㄨㄢ
羽客,1,ㄩˇ ㄎㄜˋ
羽山,1,ㄩˇ ㄕㄢ
羽旄,1,ㄩˇ ㄇㄠˊ
羽族,1,ㄩˇ ㄗㄨˊ
羽林,1,ㄩˇ ㄌㄧㄣˊ
羽楫,1,ㄩˇ ㄐㄧˊ
羽流,1,ㄩˇ ㄌㄧㄡˊ
羽獵,1,ㄩˇ ㄌㄧㄝˋ
羽紗,1,ㄩˇ ㄕㄚ
羽緞,1,ㄩˇ ㄉㄨㄢˋ
羽翮,1,ㄩˇ ㄏㄜˊ
羽聲,1,ㄩˇ ㄕㄥ
羽葆,1,ㄩˇ ㄅㄠˇ
羽蓋,1,ㄩˇ ㄍㄞˋ
羽蟲,1,ㄩˇ ㄔㄨㄥˊ
羽觴,1,ㄩˇ ㄕㄤ
羽駕,1,ㄩˇ ㄐㄧㄚˋ
羽騎,1,ㄩˇ ㄐㄧˋ
翁主,1,ㄨㄥ ㄓㄨˇ
翁蛤,1,ㄨㄥ ㄍㄜˊ
翁長,1,ㄨㄥ ㄓㄤˇ
翂翂,1,ㄈㄣ ㄈㄣ
翅子,1,ㄔˋ ㄗ˙
翅果,1,ㄔˋ ㄍㄨㄛˇ
翅脈,1,ㄔˋ ㄇㄞˋ
翊戴,1,ㄧˋ ㄉㄞˋ
翊翊,1,ㄧˋ ㄧˋ
翊衛,1,ㄧˋ ㄨㄟˋ
翊贊,1,ㄧˋ ㄗㄢˋ
翌晨,1,ㄧˋ ㄔㄣˊ
翎花,1,ㄌㄧㄥˊ ㄏㄨㄚ
習兵,1,ㄒㄧˊ ㄅㄧㄥ
習文,1,ㄒㄧˊ ㄨㄣˊ
習武,1,ㄒㄧˊ ㄨˇ
習流,1,ㄒㄧˊ ㄌㄧㄡˊ
習熟,1,ㄒㄧˊ ㄕㄨˊ
翔步,1,ㄒㄧㄤˊ ㄅㄨˋ
翔洽,1,ㄒㄧㄤˊ ㄑㄧㄚˋ
翔翔,1,ㄒㄧㄤˊ ㄒㄧㄤˊ
翔舞,1,ㄒㄧㄤˊ ㄨˇ
翔貴,1,ㄒㄧㄤˊ ㄍㄨㄟˋ
翔踊,1,ㄒㄧㄤˊ ㄩㄥˇ
翔鴻,1,ㄒㄧㄤˊ ㄏㄨㄥˊ
翕動,1,ㄒㄧˋ ㄉㄨㄥˋ
翕呷,1,ㄒㄧˋ ㄒㄧㄚˊ
翕定,1,ㄒㄧˋ ㄉㄧㄥˋ
翕忽,1,ㄒㄧˋ ㄏㄨ
翕習,1,ㄒㄧˋ ㄒㄧˊ
翕翕,1,ㄒㄧˋ ㄒㄧˋ
翕翼,1,ㄒㄧˋ ㄧˋ
翕赩,1,ㄒㄧˋ ㄒㄧˋ
翕赫,1,ㄒㄧˋ ㄏㄜˋ
翕闢,1,ㄒㄧˋ ㄆㄧˋ
翕響,1,ㄒㄧˋ ㄒㄧㄤˇ
翛然,1,ㄒㄧㄠ ㄖㄢˊ
翛翛,1,ㄒㄧㄠ ㄒㄧㄠ
翠帷,1,ㄘㄨㄟˋ ㄨㄟˊ
翠樓,1,ㄘㄨㄟˋ ㄌㄡˊ
翠氛,1,ㄘㄨㄟˋ ㄈㄣ
翠渦,1,ㄘㄨㄟˋ ㄨㄛ
翠燦,1,ㄘㄨㄟˋ ㄘㄢˋ
翠眉,1,ㄘㄨㄟˋ ㄇㄟˊ
翠粲,1,ㄘㄨㄟˋ ㄘㄢˋ
翠羽,1,ㄘㄨㄟˋ ㄩˇ
翠翹,1,ㄘㄨㄟˋ ㄑㄧㄠˊ
翠苑,1,ㄘㄨㄟˋ ㄩㄢˋ
翠菊,1,ㄘㄨㄟˋ ㄐㄩˊ
翠蓋,1,ㄘㄨㄟˋ ㄍㄞˋ
翠蕤,1,ㄘㄨㄟˋ ㄖㄨㄟˊ
翠鈿,1,ㄘㄨㄟˋ ㄉㄧㄢˋ
翠阜,1,ㄘㄨㄟˋ ㄈㄨˋ
翠靨,1,ㄘㄨㄟˋ ㄧㄝˋ
翠鬟,1,ㄘㄨㄟˋ ㄏㄨㄢˊ
翣舌,1,ㄕㄚˋ ㄕㄜˊ
翦徑,1,ㄐㄧㄢˇ ㄐㄧㄥˋ
翦拂,1,ㄐㄧㄢˇ ㄈㄨˊ
翦滅,1,ㄐㄧㄢˇ ㄇㄧㄝˋ
翦綵,1,ㄐㄧㄢˇ ㄘㄞˇ
翦綹,1,ㄐㄧㄢˇ ㄌㄧㄡˇ
翦翦,1,ㄐㄧㄢˇ ㄐㄧㄢˇ
翩翻,1,ㄆㄧㄢ ㄈㄢ
翩躚,1,ㄆㄧㄢ ㄒㄧㄢ
翬翟,1,ㄏㄨㄟ ㄉㄧˊ
翬飛,1,ㄏㄨㄟ ㄈㄟ
翯翯,1,ㄏㄜˋ ㄏㄜˋ
翰札,1,ㄏㄢˋ ㄓㄚˊ
翰池,1,ㄏㄢˋ ㄔˊ
翰苑,1,ㄏㄢˋ ㄩㄢˋ
翰諭,1,ㄏㄢˋ ㄩˋ
翰音,1,ㄏㄢˋ ㄧㄣ
翳滅,1,ㄧˋ ㄇㄧㄝˋ
翳翳,1,ㄧˋ ㄧˋ
翳薈,1,ㄧˋ ㄏㄨㄟˋ
翳鳥,1,ㄧˋ ㄋㄧㄠˇ
翹思,1,ㄑㄧㄠˊ ㄙ
翹材,1,ㄑㄧㄠˊ ㄘㄞˊ
翹棱,1,ㄑㄧㄠˊ ㄌㄥ˙
翹楚,1,ㄑㄧㄠˊ ㄔㄨˇ
翹翹,1,ㄑㄧㄠˊ ㄑㄧㄠˊ
翹首,1,ㄑㄧㄠˊ ㄕㄡˇ
翻供,1,ㄈㄢ ㄍㄨㄥ
翻刻,1,ㄈㄢ ㄎㄜ
翻口,1,ㄈㄢ ㄎㄡˇ
翻戲,1,ㄈㄢ ㄒㄧˋ
翻把,1,ㄈㄢ ㄅㄚˇ
翻拍,1,ㄈㄢ ㄆㄞ
翻招,1,ㄈㄢ ㄓㄠ
翻掌,1,ㄈㄢ ㄓㄤˇ
翻揀,1,ㄈㄢ ㄐㄧㄢˇ
翻梢,1,ㄈㄢ ㄕㄠ
翻檯,1,ㄈㄢ ㄊㄞˊ
翻然,1,ㄈㄢ ㄖㄢˊ
翻照,1,ㄈㄢ ㄓㄠˋ
翻番,1,ㄈㄢ ㄈㄢ
翻皮,1,ㄈㄢ ㄆㄧˊ
翻空,1,ㄈㄢ ㄎㄨㄥ
翻羽,1,ㄈㄢ ㄩˇ
翻股,1,ㄈㄢ ㄍㄨˇ
翻腔,1,ㄈㄢ ㄑㄧㄤ
翻蔓,1,ㄈㄢ ㄇㄢˋ
翻調,1,ㄈㄢ ㄉㄧㄠˋ
翻躍,1,ㄈㄢ ㄩㄝˋ
翻錄,1,ㄈㄢ ㄌㄨˋ
翻面,1,ㄈㄢ ㄇㄧㄢˋ
翻領,1,ㄈㄢ ㄌㄧㄥˇ
翻餅,1,ㄈㄢ ㄅㄧㄥˇ
翻鬆,1,ㄈㄢ ㄙㄨㄥ
翼亮,1,ㄧˋ ㄌㄧㄤˋ
翼側,1,ㄧˋ ㄘㄜˋ
翼卵,1,ㄧˋ ㄌㄨㄢˇ
翼室,1,ㄧˋ ㄕˋ
翼戴,1,ㄧˋ ㄉㄞˋ
翼日,1,ㄧˋ ㄖˋ
翼琴,1,ㄧˋ ㄑㄧㄣˊ
翼瓣,1,ㄧˋ ㄅㄢˋ
翼翼,1,ㄧˋ ㄧˋ
翽翽,1,ㄏㄨㄟˋ ㄏㄨㄟˋ
翾翾,1,ㄒㄩㄢ ㄒㄩㄢ
翾風,1,ㄒㄩㄢ ㄈㄥ
耀兵,1,ㄧㄠˋ ㄅㄧㄥ
耀德,1,ㄧㄠˋ ㄉㄜˊ
耀斑,1,ㄧㄠˋ ㄅㄢ
耀耀,1,ㄧㄠˋ ㄧㄠˋ
耀蟬,1,ㄧㄠˋ ㄔㄢˊ
老丫,1,ㄌㄠˇ ㄧㄚ
老九,1,ㄌㄠˇ ㄐㄧㄡˇ
老乾,1,ㄌㄠˇ ㄍㄢ
老例,1,ㄌㄠˇ ㄌㄧˋ
老傖,1,ㄌㄠˇ ㄘㄤ
老儒,1,ㄌㄠˇ ㄖㄨˊ
老先,1,ㄌㄠˇ ㄒㄧㄢ
老公,1,ㄌㄠˇ ㄍㄨㄥ˙
老包,1,ㄌㄠˇ ㄅㄠ
老吏,1,ㄌㄠˇ ㄌㄧˋ
老境,1,ㄌㄠˇ ㄐㄧㄥˋ
老太,1,ㄌㄠˇ ㄊㄞˋ
老契,1,ㄌㄠˇ ㄑㄧˋ
老姏,1,ㄌㄠˇ ㄇㄢˊ
老娘,1,ㄌㄠˇ ㄋㄧㄤ˙
老婆,1,ㄌㄠˇ ㄆㄛ˙
老婢,1,ㄌㄠˇ ㄅㄧˋ
老嬤,1,ㄌㄠˇ ㄇㄚ
老學,1,ㄌㄠˇ ㄒㄩㄝˊ
老客,1,ㄌㄠˇ ㄎㄜˋ
老宿,1,ㄌㄠˇ ㄙㄨˋ
老實,1,ㄌㄠˇ ㄕ˙
老寨,1,ㄌㄠˇ ㄓㄞˋ
老尊,1,ㄌㄠˇ ㄗㄨㄣ
老弦,1,ㄌㄠˇ ㄒㄧㄢˊ
老慳,1,ㄌㄠˇ ㄑㄧㄢ
老憨,1,ㄌㄠˇ ㄏㄢ
老摳,1,ㄌㄠˇ ㄎㄡ
老斗,1,ㄌㄠˇ ㄉㄡˇ
老杜,1,ㄌㄠˇ ㄉㄨˋ
老槍,1,ㄌㄠˇ ㄑㄧㄤ
老樣,1,ㄌㄠˇ ㄧㄤˋ
老毛,1,ㄌㄠˇ ㄇㄠˊ
老海,1,ㄌㄠˇ ㄏㄞˇ
老湯,1,ㄌㄠˇ ㄊㄤ
老溜,1,ㄌㄠˇ ㄌㄧㄡ
老爺,1,ㄌㄠˇ ㄧㄝ˙
老狠,1,ㄌㄠˇ ㄏㄣˇ
老的,1,ㄌㄠˇ ㄉㄜ˙
老直,1,ㄌㄠˇ ㄓˊ
老相,1,ㄌㄠˇ ㄒㄧㄤˋ
老眊,1,ㄌㄠˇ ㄇㄠˋ
老等,1,ㄌㄠˇ ㄉㄥˇ
老緊,1,ㄌㄠˇ ㄐㄧㄣˇ
老繃,1,ㄌㄠˇ ㄅㄥ˙
老羸,1,ㄌㄠˇ ㄌㄟˊ
老老,1,ㄌㄠˇ ㄌㄠ˙
老耆,1,ㄌㄠˇ ㄑㄧˊ
老聃,1,ㄌㄠˇ ㄉㄢ
老腳,1,ㄌㄠˇ ㄐㄧㄠˇ
老臣,1,ㄌㄠˇ ㄔㄣˊ
老舍,1,ㄌㄠˇ ㄕㄜˇ
老荊,1,ㄌㄠˇ ㄐㄧㄥ
老落,1,ㄌㄠˇ ㄌㄨㄛˋ
老蒼,1,ㄌㄠˇ ㄘㄤ
老蔥,1,ㄌㄠˇ ㄘㄨㄥ
老親,1,ㄌㄠˇ ㄑㄧㄣ
老誖,1,ㄌㄠˇ ㄅㄟˋ
老誠,1,ㄌㄠˇ ㄔㄥˊ
老調,1,ㄌㄠˇ ㄉㄧㄠˋ
老譜,1,ㄌㄠˇ ㄆㄨˇ
老豆,1,ㄌㄠˇ ㄉㄡˋ
老貨,1,ㄌㄠˇ ㄏㄨㄛˋ
老趕,1,ㄌㄠˇ ㄍㄢˇ
老辣,1,ㄌㄠˇ ㄌㄚˋ
老辦,1,ㄌㄠˇ ㄅㄢˋ
老郎,1,ㄌㄠˇ ㄌㄤˊ
老陽,1,ㄌㄠˇ ㄧㄤˊ
老革,1,ㄌㄠˇ ㄍㄜˊ
老鴰,1,ㄌㄠˇ ㄍㄨㄚ˙
老齡,1,ㄌㄠˇ ㄌㄧㄥˊ
考亭,1,ㄎㄠˇ ㄊㄧㄥˊ
考功,1,ㄎㄠˇ ㄍㄨㄥ
考堂,1,ㄎㄠˇ ㄊㄤˊ
考差,1,ㄎㄠˇ ㄔㄞ
考徵,1,ㄎㄠˇ ㄓㄥ
考掠,1,ㄎㄠˇ ㄌㄩㄝˋ
考旦,1,ㄎㄠˇ ㄉㄢˋ
考期,1,ㄎㄠˇ ㄑㄧˊ
考校,1,ㄎㄠˇ ㄐㄧㄠˋ
考格,1,ㄎㄠˇ ㄍㄜˊ
考棚,1,ㄎㄠˇ ㄆㄥˊ
考槃,1,ㄎㄠˇ ㄆㄢˊ
考檢,1,ㄎㄠˇ ㄐㄧㄢˇ
考求,1,ㄎㄠˇ ㄑㄧㄡˊ
考滿,1,ㄎㄠˇ ㄇㄢˇ
考異,1,ㄎㄠˇ ㄧˋ
考究,1,ㄎㄠˇ ㄐㄧㄡ˙
考竟,1,ㄎㄠˇ ㄐㄧㄥˋ
考終,1,ㄎㄠˇ ㄓㄨㄥ
考評,1,ㄎㄠˇ ㄆㄧㄥˊ
考語,1,ㄎㄠˇ ㄩˇ
考論,1,ㄎㄠˇ ㄌㄨㄣˋ
考釋,1,ㄎㄠˇ ㄕˋ
考鏡,1,ㄎㄠˇ ㄐㄧㄥˋ
考院,1,ㄎㄠˇ ㄩㄢˋ
耄勤,1,ㄇㄠˋ ㄑㄧㄣˊ
耄思,1,ㄇㄠˋ ㄙ
耄期,1,ㄇㄠˋ ㄑㄧˊ
耄艾,1,ㄇㄠˋ ㄞˋ
耄荒,1,ㄇㄠˋ ㄏㄨㄤ
者囂,1,ㄓㄜˇ ㄒㄧㄠ
者回,1,ㄓㄜˇ ㄏㄨㄟˊ
者波,1,ㄓㄜˇ ㄅㄛ
者番,1,ㄓㄜˇ ㄈㄢ
者著,1,ㄓㄜˇ ㄓㄜ˙
耆年,1,ㄑㄧˊ ㄋㄧㄢˊ
耆德,1,ㄑㄧˊ ㄉㄜˊ
耆碩,1,ㄑㄧˊ ㄕˊ
耆童,1,ㄑㄧˊ ㄊㄨㄥˊ
耆耇,1,ㄑㄧˊ ㄍㄡˇ
耆臘,1,ㄑㄧˊ ㄌㄚˋ
耆舊,1,ㄑㄧˊ ㄐㄧㄡˋ
耆艾,1,ㄑㄧˊ ㄞˋ
耆英,1,ㄑㄧˊ ㄧㄥ
而何,1,ㄦˊ ㄏㄜˊ
而夫,1,ㄦˊ ㄈㄨ
耍令,1,ㄕㄨㄚˇ ㄌㄧㄥˋ
耍奸,1,ㄕㄨㄚˇ ㄐㄧㄢ
耍嬉,1,ㄕㄨㄚˇ ㄒㄧ
耍子,1,ㄕㄨㄚˇ ㄗ˙
耍寶,1,ㄕㄨㄚˇ ㄅㄠˇ
耍戲,1,ㄕㄨㄚˇ ㄒㄧˋ
耍滑,1,ㄕㄨㄚˇ ㄏㄨㄚˊ
耍狠,1,ㄕㄨㄚˇ ㄏㄣˇ
耍話,1,ㄕㄨㄚˇ ㄏㄨㄚˋ
耍貨,1,ㄕㄨㄚˇ ㄏㄨㄛˋ
耍錢,1,ㄕㄨㄚˇ ㄑㄧㄢˊ
耍鬥,1,ㄕㄨㄚˇ ㄉㄡˋ
耐可,1,ㄋㄞˋ ㄎㄜˇ
耐撞,1,ㄋㄞˋ ㄓㄨㄤˋ
耐看,1,ㄋㄞˋ ㄎㄢˋ
耐頭,1,ㄋㄞˋ ㄊㄡˊ
耐龍,1,ㄋㄞˋ ㄌㄨㄥˊ
耕具,1,ㄍㄥ ㄐㄩˋ
耕墾,1,ㄍㄥ ㄎㄣˇ
耕夫,1,ㄍㄥ ㄈㄨ
耕寬,1,ㄍㄥ ㄎㄨㄢ
耕戶,1,ㄍㄥ ㄏㄨˋ
耕鋤,1,ㄍㄥ ㄔㄨˊ
耗斁,1,ㄏㄠˋ ㄉㄨˋ
耗爆,1,ㄏㄠˋ ㄅㄠˋ
耗羨,1,ㄏㄠˋ ㄒㄧㄢˋ
耗音,1,ㄏㄠˋ ㄧㄣ
耗鬼,1,ㄏㄠˋ ㄍㄨㄟˇ
耘盪,1,ㄩㄣˊ ㄉㄤˋ
耘耔,1,ㄩㄣˊ ㄗˇ
耘鋤,1,ㄩㄣˊ ㄔㄨˊ
耙地,1,ㄆㄚˊ ㄉㄧˋ
耙子,1,ㄆㄚˊ ㄗ˙
耦耕,1,ㄡˇ ㄍㄥ
耦語,1,ㄡˇ ㄩˇ
耬播,1,ㄌㄡˊ ㄅㄛˋ
耬犁,1,ㄌㄡˊ ㄌㄧˊ
耬車,1,ㄌㄡˊ ㄔㄜ
耳卜,1,ㄦˇ ㄅㄨˇ
耳子,1,ㄦˇ ㄗ˙
耳孫,1,ㄦˇ ㄙㄨㄣ
耳學,1,ㄦˇ ㄒㄩㄝˊ
耳屏,1,ㄦˇ ㄆㄧㄥˊ
耳性,1,ㄦˇ ㄒㄧㄥˋ
耳朵,1,ㄦˇ ㄉㄨㄛ˙
耳杯,1,ㄦˇ ㄅㄟ
耳毫,1,ㄦˇ ㄏㄠˊ
耳沉,1,ㄦˇ ㄔㄣˊ
耳璫,1,ㄦˇ ㄉㄤ
耳矣,1,ㄦˇ ㄧˇ
耳福,1,ㄦˇ ㄈㄨˊ
耳穴,1,ㄦˇ ㄒㄩㄝˊ
耳耳,1,ㄦˇ ㄦˇ
耳聰,1,ㄦˇ ㄘㄨㄥ
耳衣,1,ㄦˇ ㄧ
耳軟,1,ㄦˇ ㄖㄨㄢˇ
耳郭,1,ㄦˇ ㄍㄨㄛ
耳重,1,ㄦˇ ㄓㄨㄥˋ
耳針,1,ㄦˇ ㄓㄣ
耳鏡,1,ㄦˇ ㄐㄧㄥˋ
耳鑒,1,ㄦˇ ㄐㄧㄢˋ
耳閉,1,ㄦˇ ㄅㄧˋ
耳風,1,ㄦˇ ㄈㄥ˙
耳食,1,ㄦˇ ㄕˊ
耳餘,1,ㄦˇ ㄩˊ
耵聹,1,ㄉㄧㄥˇ ㄋㄧㄥˊ
耵聹,1,ㄊㄧㄥ ㄋㄧㄥˊ
耶孃,1,ㄧㄝˊ ㄋㄧㄤˊ
耶律,1,ㄧㄝ ㄌㄩˋ
耶耶,1,ㄧㄝˊ ㄧㄝˊ
耷拉,1,ㄉㄚ ㄌㄚ˙
耽帶,1,ㄉㄢ ㄉㄞˋ
耽延,1,ㄉㄢ ㄧㄢˊ
耽待,1,ㄉㄢ ㄉㄞˋ
耽思,1,ㄉㄢ ㄙ
耽憂,1,ㄉㄢ ㄧㄡ
耽玩,1,ㄉㄢ ㄨㄢˋ
耽習,1,ㄉㄢ ㄒㄧˊ
耽視,1,ㄉㄢ ㄕˋ
耽讀,1,ㄉㄢ ㄉㄨˊ
耽遲,1,ㄉㄢ ㄔˊ
耽酒,1,ㄉㄢ ㄐㄧㄡˇ
耽閣,1,ㄉㄢ ㄍㄜˊ
耽險,1,ㄉㄢ ㄒㄧㄢˇ
耽饒,1,ㄉㄢ ㄖㄠˊ
耾耾,1,ㄏㄨㄥˊ ㄏㄨㄥˊ
耿命,1,ㄍㄥˇ ㄇㄧㄥˋ
耿夢,1,ㄍㄥˇ ㄇㄥˋ
耿餅,1,ㄍㄥˇ ㄅㄧㄥˇ
聆樂,1,ㄌㄧㄥˊ ㄩㄝˋ
聊聊,1,ㄌㄧㄠˊ ㄌㄧㄠ˙
聊賴,1,ㄌㄧㄠˊ ㄌㄞˋ
聐聒,1,ㄧㄚˋ ㄍㄨㄚ
聒天,1,ㄍㄨㄚ ㄊㄧㄢ
聒子,1,ㄍㄨㄚ ㄗ˙
聒擾,1,ㄍㄨㄚ ㄖㄠˇ
聒氣,1,ㄍㄨㄚ ㄑㄧˋ
聒躁,1,ㄍㄨㄚ ㄗㄠˋ
聖品,1,ㄕㄥˋ ㄆㄧㄣˇ
聖善,1,ㄕㄥˋ ㄕㄢˋ
聖敕,1,ㄕㄥˋ ㄔˋ
聖朝,1,ㄕㄥˋ ㄔㄠˊ
聖樂,1,ㄕㄥˋ ㄩㄝˋ
聖武,1,ㄕㄥˋ ㄨˇ
聖珓,1,ㄕㄥˋ ㄐㄧㄠˋ
聖詠,1,ㄕㄥˋ ㄩㄥˇ
聖躬,1,ㄕㄥˋ ㄍㄨㄥ
聖駕,1,ㄕㄥˋ ㄐㄧㄚˋ
聘問,1,ㄆㄧㄣˋ ㄨㄣˋ
聘嫁,1,ㄆㄧㄣˋ ㄐㄧㄚˋ
聘定,1,ㄆㄧㄣˋ ㄉㄧㄥˋ
聘調,1,ㄆㄧㄣˋ ㄉㄧㄠˋ
聚晤,1,ㄐㄩˋ ㄨˋ
聚會,1,ㄐㄩˋ ㄏㄨㄟ˙
聚殲,1,ㄐㄩˋ ㄐㄧㄢ
聚藻,1,ㄐㄩˋ ㄗㄠˇ
聚螢,1,ㄐㄩˋ ㄧㄥˊ
聚財,1,ㄐㄩˋ ㄘㄞˊ
聚醚,1,ㄐㄩˋ ㄇㄧˊ
聚麀,1,ㄐㄩˋ ㄧㄡ
聞人,1,ㄨㄣˋ ㄖㄣˊ
聞問,1,ㄨㄣˋ ㄨㄣˋ
聞望,1,ㄨㄣˋ ㄨㄤˋ
聞見,1,ㄨㄣˊ ㄐㄧㄢ˙
聞診,1,ㄨㄣˊ ㄓㄣˇ
聯唱,1,ㄌㄧㄢˊ ㄔㄤˋ
聯單,1,ㄌㄧㄢˊ ㄉㄢ
聯國,1,ㄌㄧㄢˊ ㄍㄨㄛˊ
聯垂,1,ㄌㄧㄢˊ ㄔㄨㄟˊ
聯奏,1,ㄌㄧㄢˊ ㄗㄡˋ
聯娟,1,ㄌㄧㄢˊ ㄐㄩㄢ
聯宗,1,ㄌㄧㄢˊ ㄗㄨㄥ
聯屬,1,ㄌㄧㄢˊ ㄕㄨˇ
聯彈,1,ㄌㄧㄢˊ ㄊㄢˊ
聯播,1,ㄌㄧㄢˊ ㄅㄛˋ
聯瑣,1,ㄌㄧㄢˊ ㄙㄨㄛˇ
聯線,1,ㄌㄧㄢˊ ㄒㄧㄢˋ
聯翩,1,ㄌㄧㄢˊ ㄆㄧㄢ
聯襟,1,ㄌㄧㄢˊ ㄐㄧㄣ
聯親,1,ㄌㄧㄢˊ ㄑㄧㄣ
聯購,1,ㄌㄧㄢˊ ㄍㄡˋ
聯轡,1,ㄌㄧㄢˊ ㄆㄟˋ
聯銷,1,ㄌㄧㄢˊ ㄒㄧㄠ
聰了,1,ㄘㄨㄥ ㄌㄧㄠˇ
聰靈,1,ㄘㄨㄥ ㄌㄧㄥˊ
聲口,1,ㄕㄥ ㄎㄡˇ
聲問,1,ㄕㄥ ㄨㄣˋ
聲喏,1,ㄕㄥ ㄖㄜˇ
聲喚,1,ㄕㄥ ㄏㄨㄢˋ
聲嗓,1,ㄕㄥ ㄙㄤˇ
聲嘶,1,ㄕㄥ ㄙ
聲子,1,ㄕㄥ ㄗˇ
聲實,1,ㄕㄥ ㄕˊ
聲揚,1,ㄕㄥ ㄧㄤˊ
聲教,1,ㄕㄥ ㄐㄧㄠˋ
聲碟,1,ㄕㄥ ㄉㄧㄝˊ
聲紐,1,ㄕㄥ ㄋㄧㄡˇ
聲聞,1,ㄕㄥ ㄨㄣˊ
聲腔,1,ㄕㄥ ㄑㄧㄤ
聲訓,1,ㄕㄥ ㄒㄩㄣˋ
聲調,1,ㄕㄥ ㄊㄧㄠˊ
聲譜,1,ㄕㄥ ㄆㄨˇ
聲貌,1,ㄕㄥ ㄇㄠˋ
聲辯,1,ㄕㄥ ㄅㄧㄢˋ
聲量,1,ㄕㄥ ㄌㄧㄤˋ
聲類,1,ㄕㄥ ㄌㄟˋ
聳揖,1,ㄙㄨㄥˇ ㄧ
聳昧,1,ㄙㄨㄥˇ ㄇㄟˋ
聳然,1,ㄙㄨㄥˇ ㄖㄢˊ
聳直,1,ㄙㄨㄥˇ ㄓˊ
職名,1,ㄓˊ ㄇㄧㄥˊ
職方,1,ㄓˊ ㄈㄤ
職是,1,ㄓˊ ㄕˋ
職等,1,ㄓˊ ㄉㄥˇ
職系,1,ㄓˊ ㄒㄧˋ
職級,1,ㄓˊ ㄐㄧˊ
職職,1,ㄓˊ ㄓˊ
職貢,1,ㄓˊ ㄍㄨㄥˋ
聽事,1,ㄊㄧㄥˋ ㄕˋ
聽人,1,ㄊㄧㄥ ㄖㄣˊ
聽令,1,ㄊㄧㄥ ㄌㄧㄥˋ
聽友,1,ㄊㄧㄥ ㄧㄡˇ
聽受,1,ㄊㄧㄥ ㄕㄡˋ
聽哈,1,ㄊㄧㄥ ㄏㄚ
聽喝,1,ㄊㄧㄥ ㄏㄜ
聽子,1,ㄊㄧㄥ ㄗ˙
聽手,1,ㄊㄧㄥ ㄕㄡˇ
聽政,1,ㄊㄧㄥˋ ㄓㄥˋ
聽斷,1,ㄊㄧㄥˋ ㄉㄨㄢˋ
聽書,1,ㄊㄧㄥ ㄕㄨ
聽沉,1,ㄊㄧㄥ ㄔㄣˊ
聽牌,1,ㄊㄧㄥ ㄆㄞˊ
聽獄,1,ㄊㄧㄥˋ ㄩˋ
聽用,1,ㄊㄧㄥ ㄩㄥˋ
聽窗,1,ㄊㄧㄥ ㄔㄨㄤ
聽絕,1,ㄊㄧㄥ ㄐㄩㄝˊ
聽老,1,ㄊㄧㄥ ㄌㄠˇ
聽能,1,ㄊㄧㄥ ㄋㄥˊ
聽裝,1,ㄊㄧㄥ ㄓㄨㄤ
聽證,1,ㄊㄧㄥ ㄓㄥˋ
聽讒,1,ㄊㄧㄥ ㄔㄢˊ
聽除,1,ㄊㄧㄥ ㄔㄨˊ
聽頭,1,ㄊㄧㄥ ㄊㄡ˙
聽香,1,ㄊㄧㄥ ㄒㄧㄤ
聽骨,1,ㄊㄧㄥ ㄍㄨˇ
聽鼓,1,ㄊㄧㄥ ㄍㄨˇ
聾俗,1,ㄌㄨㄥˊ ㄙㄨˊ
聾胞,1,ㄌㄨㄥˊ ㄅㄠ
聾蟲,1,ㄌㄨㄥˊ ㄔㄨㄥˊ
聿皇,1,ㄩˋ ㄏㄨㄤˊ
肅函,1,ㄙㄨˋ ㄏㄢˊ
肅呈,1,ㄙㄨˋ ㄔㄥˊ
肅客,1,ㄙㄨˋ ㄎㄜˋ
肅恭,1,ㄙㄨˋ ㄍㄨㄥ
肅慎,1,ㄙㄨˋ ㄕㄣˋ
肅拜,1,ㄙㄨˋ ㄅㄞˋ
肅爽,1,ㄙㄨˋ ㄕㄨㄤˇ
肅肅,1,ㄙㄨˋ ㄙㄨˋ
肅雝,1,ㄙㄨˋ ㄩㄥ
肅順,1,ㄙㄨˋ ㄕㄨㄣˋ
肆刑,1,ㄙˋ ㄒㄧㄥˊ
肆奢,1,ㄙˋ ㄕㄜ
肆廛,1,ㄙˋ ㄔㄢˊ
肆志,1,ㄙˋ ㄓˋ
肆掠,1,ㄙˋ ㄌㄩㄝˋ
肆目,1,ㄙˋ ㄇㄨˋ
肆行,1,ㄙˋ ㄒㄧㄥˊ
肆赦,1,ㄙˋ ㄕㄜˋ
肇論,1,ㄓㄠˋ ㄌㄨㄣˋ
肉人,1,ㄖㄡˋ ㄖㄣˊ
肉山,1,ㄖㄡˋ ㄕㄢ
肉燥,1,ㄖㄡˋ ㄙㄠˋ
肉畜,1,ㄖㄡˋ ㄔㄨˋ
肉痛,1,ㄖㄡˋ ㄊㄨㄥˋ
肉紅,1,ㄖㄡˋ ㄏㄨㄥˊ
肉聲,1,ㄖㄡˋ ㄕㄥ
肉脯,1,ㄖㄡˋ ㄈㄨˇ
肉袒,1,ㄖㄡˋ ㄊㄢˇ
肉角,1,ㄖㄡˋ ㄐㄧㄠˇ
肉頭,1,ㄖㄡˋ ㄊㄡ˙
肉鰭,1,ㄖㄡˋ ㄑㄧˊ
肉鴿,1,ㄖㄡˋ ㄍㄜ
肋條,1,ㄌㄟˋ ㄊㄧㄠˊ
肋窩,1,ㄌㄟˋ ㄨㄛ
肋筋,1,ㄌㄜˋ ㄐㄧㄣ
肋膜,1,ㄌㄜˋ ㄇㄛˋ
肋部,1,ㄌㄜˋ ㄅㄨˋ
肌痺,1,ㄐㄧ ㄅㄧˋ
肌膜,1,ㄐㄧ ㄇㄛˋ
肌覺,1,ㄐㄧ ㄐㄩㄝˊ
肌酸,1,ㄐㄧ ㄙㄨㄢ
肌革,1,ㄐㄧ ㄍㄜˊ
肐揪,1,ㄍㄜ ㄐㄧㄡ
肐膊,1,ㄍㄜ ㄅㄛ˙
肖子,1,ㄒㄧㄠˋ ㄗˇ
肖屬,1,ㄒㄧㄠˋ ㄕㄨˇ
肖翹,1,ㄒㄧㄠˋ ㄑㄧㄠˊ
肘窩,1,ㄓㄡˇ ㄨㄛ
肚包,1,ㄉㄨˋ ㄅㄠ
肚子,1,ㄉㄨˇ ㄗ˙
肚裡,1,ㄉㄨˋ ㄌㄧˇ
肚飢,1,ㄉㄨˋ ㄐㄧ
肛漏,1,ㄍㄤ ㄌㄡˋ
肛瘻,1,ㄍㄤ ㄌㄡˋ
肛裂,1,ㄍㄤ ㄌㄧㄝˋ
肛道,1,ㄍㄤ ㄉㄠˋ
肝氣,1,ㄍㄢ ㄑㄧ˙
肝脾,1,ㄍㄢ ㄆㄧˊ
肝虛,1,ㄍㄢ ㄒㄩ
肝風,1,ㄍㄢ ㄈㄥ
肝鬱,1,ㄍㄢ ㄩˋ
肝鬲,1,ㄍㄢ ㄍㄜˊ
股匪,1,ㄍㄨˇ ㄈㄟˇ
股子,1,ㄍㄨˇ ㄗˇ
股戰,1,ㄍㄨˇ ㄓㄢˋ
股掌,1,ㄍㄨˇ ㄓㄤˇ
股栗,1,ㄍㄨˇ ㄌㄧˋ
股癬,1,ㄍㄨˇ ㄒㄧㄢˇ
肥分,1,ㄈㄟˊ ㄈㄣˋ
肥喏,1,ㄈㄟˊ ㄋㄨㄛˋ
肥家,1,ㄈㄟˊ ㄐㄧㄚ
肥河,1,ㄈㄟˊ ㄏㄜˊ
肥油,1,ㄈㄟˊ ㄧㄡˊ
肥澤,1,ㄈㄟˊ ㄗㄜˊ
肥煤,1,ㄈㄟˊ ㄇㄟˊ
肥盛,1,ㄈㄟˊ ㄕㄥˋ
肥碩,1,ㄈㄟˊ ㄕˊ
肥腯,1,ㄈㄟˊ ㄊㄨˊ
肥腸,1,ㄈㄟˊ ㄔㄤˊ
肥遁,1,ㄈㄟˊ ㄉㄨㄣˋ
肥遯,1,ㄈㄟˊ ㄉㄨㄣˋ
肩摩,1,ㄐㄧㄢ ㄇㄛˊ
肩隨,1,ㄐㄧㄢ ㄙㄨㄟˊ
肫肫,1,ㄓㄨㄣ ㄓㄨㄣ
肯亞,1,ㄎㄣˇ ㄧㄚˋ
肯綮,1,ㄎㄣˇ ㄑㄧㄥˋ
肯許,1,ㄎㄣˇ ㄒㄩˇ
肯酒,1,ㄎㄣˇ ㄐㄧㄡˇ
育育,1,ㄩˋ ㄩˋ
肴蔌,1,ㄧㄠˊ ㄙㄨˋ
肴覈,1,ㄧㄠˊ ㄏㄜˊ
肸肸,1,ㄒㄧˋ ㄒㄧˋ
肸蠁,1,ㄒㄧˋ ㄒㄧㄤˇ
肸蠁,1,ㄒㄧˋ ㄒㄧㄤˋ
肺火,1,ㄈㄟˋ ㄏㄨㄛˇ
肺石,1,ㄈㄟˋ ㄕˊ
肺肝,1,ㄈㄟˋ ㄍㄢ
肺肺,1,ㄆㄟˋ ㄆㄟˋ
肺膜,1,ㄈㄟˋ ㄇㄛˊ
肺蛭,1,ㄈㄟˋ ㄓˋ
肽鍵,1,ㄊㄞˋ ㄐㄧㄢˋ
胃納,1,ㄨㄟˋ ㄋㄚˋ
胃脘,1,ㄨㄟˋ ㄨㄢˇ
胄子,1,ㄓㄡˋ ㄗˇ
背世,1,ㄅㄟˋ ㄕˋ
背主,1,ㄅㄟˋ ㄓㄨˇ
背人,1,ㄅㄟˋ ㄖㄣˊ
背剪,1,ㄅㄟˋ ㄐㄧㄢˇ
背叉,1,ㄅㄟˋ ㄔㄚ
背反,1,ㄅㄟˋ ㄈㄢˇ
背子,1,ㄅㄟˋ ㄗ˙
背密,1,ㄅㄟˋ ㄇㄧˋ
背工,1,ㄅㄟˋ ㄍㄨㄥ
背巷,1,ㄅㄟˋ ㄒㄧㄤˋ
背弓,1,ㄅㄟˋ ㄍㄨㄥ
背恩,1,ㄅㄟˋ ㄣ
背悔,1,ㄅㄟˋ ㄏㄨㄟˇ
背搭,1,ㄅㄟˋ ㄉㄚ
背旨,1,ㄅㄟˋ ㄓˇ
背時,1,ㄅㄟˋ ㄕˊ
背晦,1,ㄅㄟˋ ㄏㄨㄟˋ
背榜,1,ㄅㄟ ㄅㄤˇ
背氣,1,ㄅㄟˋ ㄑㄧˋ
背淨,1,ㄅㄟˋ ㄐㄧㄥˋ
背熟,1,ㄅㄟˋ ㄕㄨˊ
背篼,1,ㄅㄟˋ ㄉㄡ
背簍,1,ㄅㄟˋ ㄌㄡˇ
背義,1,ㄅㄟˋ ㄧˋ
背聽,1,ㄅㄟˋ ㄊㄧㄥ
背肌,1,ㄅㄟˋ ㄐㄧ
背臨,1,ㄅㄟˋ ㄌㄧㄣˊ
背興,1,ㄅㄟˋ ㄒㄧㄥˋ
背花,1,ㄅㄟˋ ㄏㄨㄚ
背袋,1,ㄅㄟˋ ㄉㄞˋ
背褾,1,ㄅㄟˋ ㄅㄧㄠˇ
背襯,1,ㄅㄟˋ ㄔㄣˋ
背譜,1,ㄅㄟˋ ㄆㄨˇ
背路,1,ㄅㄟˋ ㄌㄨˋ
背躬,1,ㄅㄟˋ ㄍㄨㄥ
背道,1,ㄅㄟˋ ㄉㄠˋ
背陰,1,ㄅㄟˋ ㄧㄣ
背馬,1,ㄅㄟˋ ㄇㄚˇ
背馳,1,ㄅㄟˋ ㄔˊ
胎便,1,ㄊㄞ ㄅㄧㄢˋ
胎具,1,ㄊㄞ ㄐㄩˋ
胎子,1,ㄊㄞ ㄗ˙
胎息,1,ㄊㄞ ㄒㄧˊ
胎毛,1,ㄊㄞ ㄇㄠˊ
胎神,1,ㄊㄞ ㄕㄣˊ
胎胞,1,ㄊㄞ ㄅㄠ
胎膜,1,ㄊㄞ ㄇㄛˋ
胎衣,1,ㄊㄞ ㄧ
胎諱,1,ㄊㄞ ㄏㄨㄟˋ
胎象,1,ㄊㄞ ㄒㄧㄤˋ
胎髮,1,ㄊㄞ ㄈㄚˇ
胖哥,1,ㄆㄤˋ ㄍㄜ
胖姑,1,ㄆㄤˋ ㄍㄨ
胖襖,1,ㄆㄤˋ ㄠˇ
胙肉,1,ㄗㄨㄛˋ ㄖㄡˋ
胚柄,1,ㄆㄟ ㄅㄧㄥˇ
胚盤,1,ㄆㄟ ㄆㄢˊ
胚葉,1,ㄆㄟ ㄧㄝˋ
胜鍵,1,ㄕㄥ ㄐㄧㄢˋ
胞姊,1,ㄅㄠ ㄗˇ
胞胎,1,ㄅㄠ ㄊㄞ
胞與,1,ㄅㄠ ㄩˇ
胞芽,1,ㄅㄠ ㄧㄚˊ
胠篋,1,ㄑㄩ ㄑㄧㄝˋ
胡三,1,ㄏㄨˊ ㄙㄢ
胡云,1,ㄏㄨˊ ㄩㄣˊ
胡亥,1,ㄏㄨˊ ㄏㄞˋ
胡伶,1,ㄏㄨˊ ㄌㄧㄥˊ
胡侃,1,ㄏㄨˊ ㄎㄢˇ
胡兒,1,ㄏㄨˊ ㄦˊ
胡匪,1,ㄏㄨˊ ㄈㄟˇ
胡哨,1,ㄏㄨˊ ㄕㄠˋ
胡唚,1,ㄏㄨˊ ㄑㄧㄣˋ
胡嘈,1,ㄏㄨˊ ㄘㄠˊ
胡噴,1,ㄏㄨˊ ㄆㄣ
胡嚕,1,ㄏㄨˊ ㄌㄨ˙
胡寧,1,ㄏㄨˊ ㄋㄧㄥˊ
胡思,1,ㄏㄨˊ ㄙ
胡想,1,ㄏㄨˊ ㄒㄧㄤˇ
胡擄,1,ㄏㄨˊ ㄌㄨˇ
胡攪,1,ㄏㄨˊ ㄍㄠˇ
胡敲,1,ㄏㄨˊ ㄑㄧㄠ
胡柴,1,ㄏㄨˊ ㄔㄞˊ
胡楊,1,ㄏㄨˊ ㄧㄤˊ
胡混,1,ㄏㄨˊ ㄏㄨㄣˋ
胡渰,1,ㄏㄨˊ ㄧㄢˇ
胡牌,1,ㄏㄨˊ ㄆㄞˊ
胡猜,1,ㄏㄨˊ ㄘㄞ
胡瑗,1,ㄏㄨˊ ㄩㄢˋ
胡盧,1,ㄏㄨˊ ㄌㄨˊ
胡秦,1,ㄏㄨˊ ㄑㄧㄣˊ
胡突,1,ㄏㄨˊ ㄊㄨˊ
胡粉,1,ㄏㄨˊ ㄈㄣˇ
胡羼,1,ㄏㄨˊ ㄔㄢˋ
胡耈,1,ㄏㄨˊ ㄍㄡˇ
胡臭,1,ㄏㄨˊ ㄔㄡˋ
胡荽,1,ㄏㄨˊ ㄙㄨㄟ
胡行,1,ㄏㄨˊ ㄒㄧㄥˊ
胡語,1,ㄏㄨˊ ㄩˇ
胡講,1,ㄏㄨˊ ㄐㄧㄤˇ
胡賴,1,ㄏㄨˊ ㄌㄞˋ
胡越,1,ㄏㄨˊ ㄩㄝˋ
胡銓,1,ㄏㄨˊ ㄑㄩㄢˊ
胡風,1,ㄏㄨˊ ㄈㄥ
胡餅,1,ㄏㄨˊ ㄅㄧㄥˇ
胡馬,1,ㄏㄨˊ ㄇㄚˇ
胡騎,1,ㄏㄨˊ ㄐㄧˋ
胤嗣,1,ㄧㄣˋ ㄙˋ
胤子,1,ㄧㄣˋ ㄗˇ
胥吏,1,ㄒㄩ ㄌㄧˋ
胥濤,1,ㄒㄩ ㄊㄠ
胥然,1,ㄒㄩ ㄖㄢˊ
胥靡,1,ㄒㄩ ㄇㄧˊ
胳膊,1,ㄍㄜ ㄅㄛ˙
胳膝,1,ㄍㄜ ㄒㄧ
胳臂,1,ㄍㄜ ㄅㄧˋ
胸宇,1,ㄒㄩㄥ ㄩˇ
胸次,1,ㄒㄩㄥ ㄘˋ
胸脊,1,ㄒㄩㄥ ㄐㄧˊ
胸膜,1,ㄒㄩㄥ ㄇㄛˋ
胸花,1,ㄒㄩㄥ ㄏㄨㄚ
能亨,1,ㄋㄥˊ ㄏㄥ
能勾,1,ㄋㄥˊ ㄍㄡˋ
能可,1,ㄋㄥˊ ㄎㄜˇ
能名,1,ㄋㄥˊ ㄇㄧㄥˊ
能吏,1,ㄋㄥˊ ㄌㄧˋ
能品,1,ㄋㄥˊ ㄆㄧㄣˇ
能員,1,ㄋㄥˊ ㄩㄢˊ
能彀,1,ㄋㄥˊ ㄍㄡˋ
能束,1,ㄋㄥˊ ㄕㄨˋ
能樣,1,ㄋㄥˊ ㄧㄤˋ
能耗,1,ㄋㄥˊ ㄏㄠˋ
能臣,1,ㄋㄥˊ ㄔㄣˊ
能言,1,ㄋㄥˊ ㄧㄢˊ
脂澤,1,ㄓ ㄗㄜˊ
脂腴,1,ㄓ ㄩˊ
脂膏,1,ㄓ ㄍㄠ
脂膘,1,ㄓ ㄅㄧㄠ
脂韋,1,ㄓ ㄨㄟˊ
脂麻,1,ㄓ ㄇㄚ˙
脅下,1,ㄒㄧㄝˊ ㄒㄧㄚˋ
脅從,1,ㄒㄧㄝˊ ㄗㄨㄥˋ
脅息,1,ㄒㄧㄝˊ ㄒㄧˊ
脆促,1,ㄘㄨㄟˋ ㄘㄨˋ
脆快,1,ㄘㄨㄟˋ ㄎㄨㄞˋ
脆怯,1,ㄘㄨㄟˋ ㄑㄧㄝˋ
脆生,1,ㄘㄨㄟˋ ㄕㄥ˙
脆薄,1,ㄘㄨㄟˋ ㄅㄛˊ
脆骨,1,ㄘㄨㄟˋ ㄍㄨˇ
脈望,1,ㄇㄞˋ ㄨㄤˋ
脈案,1,ㄇㄞˋ ㄢˋ
脈禮,1,ㄇㄞˋ ㄌㄧˇ
脈經,1,ㄇㄞˋ ㄐㄧㄥ
脈膊,1,ㄇㄞˋ ㄅㄛˊ
脈訣,1,ㄇㄞˋ ㄐㄩㄝˊ
脈診,1,ㄇㄞˋ ㄓㄣˇ
脈象,1,ㄇㄞˋ ㄒㄧㄤˋ
脊杖,1,ㄐㄧˇ ㄓㄤˋ
脊檁,1,ㄐㄧˇ ㄌㄧㄣˇ
脖胦,1,ㄅㄛˊ ㄧㄤ
脖項,1,ㄅㄛˊ ㄒㄧㄤˋ
脛脛,1,ㄐㄧㄥˋ ㄐㄧㄥˋ
脛衣,1,ㄐㄧㄥˋ ㄧ
脡直,1,ㄊㄧㄥˇ ㄓˊ
脡脡,1,ㄊㄧㄥˇ ㄊㄧㄥˇ
脣化,1,ㄔㄨㄣˊ ㄏㄨㄚˋ
脣印,1,ㄔㄨㄣˊ ㄧㄣˋ
脣瓣,1,ㄔㄨㄣˊ ㄅㄢˋ
脣筆,1,ㄔㄨㄣˊ ㄅㄧˇ
脣紋,1,ㄔㄨㄣˊ ㄨㄣˊ
脣裂,1,ㄔㄨㄣˊ ㄌㄧㄝˋ
脣讀,1,ㄔㄨㄣˊ ㄉㄨˊ
脣音,1,ㄔㄨㄣˊ ㄧㄣ
脩名,1,ㄒㄧㄡ ㄇㄧㄥˊ
脩敬,1,ㄒㄧㄡ ㄐㄧㄥˋ
脩樾,1,ㄒㄧㄡ ㄩㄝˋ
脩潤,1,ㄒㄧㄡ ㄖㄨㄣˋ
脩金,1,ㄒㄧㄡ ㄐㄧㄣ
脩飾,1,ㄒㄧㄡ ㄕˋ
脫剝,1,ㄊㄨㄛ ㄅㄛ
脫卯,1,ㄊㄨㄛ ㄇㄠˇ
脫命,1,ㄊㄨㄛ ㄇㄧㄥˋ
脫困,1,ㄊㄨㄛ ㄎㄨㄣˋ
脫孝,1,ㄊㄨㄛ ㄒㄧㄠˋ
脫序,1,ㄊㄨㄛ ㄒㄩˋ
脫悶,1,ㄊㄨㄛ ㄇㄣˋ
脫懶,1,ㄊㄨㄛ ㄌㄢˇ
脫文,1,ㄊㄨㄛ ㄨㄣˊ
脫易,1,ㄊㄨㄛ ㄧˋ
脫檔,1,ㄊㄨㄛ ㄉㄤˇ
脫汗,1,ㄊㄨㄛ ㄏㄢˋ
脫滑,1,ㄊㄨㄛ ㄏㄨㄚˊ
脫然,1,ㄊㄨㄛ ㄖㄢˊ
脫略,1,ㄊㄨㄛ ㄌㄩㄝˋ
脫禁,1,ㄊㄨㄛ ㄐㄧㄣˋ
脫穎,1,ㄊㄨㄛ ㄧㄥˇ
脫簡,1,ㄊㄨㄛ ㄐㄧㄢˇ
脫粟,1,ㄊㄨㄛ ㄙㄨˋ
脫羽,1,ㄊㄨㄛ ㄩˇ
脫肛,1,ㄊㄨㄛ ㄍㄤ
脫肩,1,ㄊㄨㄛ ㄐㄧㄢ
脫膊,1,ㄊㄨㄛ ㄅㄛˊ
脫蛹,1,ㄊㄨㄛ ㄩㄥˇ
脫蠟,1,ㄊㄨㄛ ㄌㄚˋ
脫貧,1,ㄊㄨㄛ ㄆㄧㄣˊ
脫輻,1,ㄊㄨㄛ ㄈㄨˊ
脫陰,1,ㄊㄨㄛ ㄧㄣ
脫陽,1,ㄊㄨㄛ ㄧㄤˊ
脫難,1,ㄊㄨㄛ ㄋㄢˋ
脫靶,1,ㄊㄨㄛ ㄅㄚˇ
脫體,1,ㄊㄨㄛ ㄊㄧˇ
脯子,1,ㄆㄨˊ ㄗ˙
脯資,1,ㄈㄨˇ ㄗ
脹痛,1,ㄓㄤˋ ㄊㄨㄥˋ
脺液,1,ㄘㄨㄟˋ ㄧㄝˋ
脾味,1,ㄆㄧˊ ㄨㄟˋ
脾和,1,ㄆㄧˊ ㄏㄜˊ
脾寒,1,ㄆㄧˊ ㄏㄢˊ
脾性,1,ㄆㄧˊ ㄒㄧㄥˋ
脾憋,1,ㄆㄧˊ ㄅㄧㄝ
脾氣,1,ㄆㄧˊ ㄑㄧ˙
脾火,1,ㄆㄧˊ ㄏㄨㄛˇ
脾癉,1,ㄆㄧˊ ㄉㄢ
脾腫,1,ㄆㄧˊ ㄓㄨㄥˇ
脾虛,1,ㄆㄧˊ ㄒㄩ
脾鱉,1,ㄆㄧˊ ㄅㄧㄝ
腆然,1,ㄊㄧㄢˇ ㄖㄢˊ
腆臉,1,ㄊㄧㄢˇ ㄌㄧㄢˇ
腆贈,1,ㄊㄧㄢˇ ㄗㄥˋ
腊毒,1,ㄒㄧˊ ㄉㄨˊ
腋翅,1,ㄧㄝˋ ㄔˋ
腌䐶,1,ㄤ ㄗㄤ
腎元,1,ㄕㄣˋ ㄩㄢˊ
腎盂,1,ㄕㄣˋ ㄩˊ
腐人,1,ㄈㄨˇ ㄖㄣˊ
腐史,1,ㄈㄨˇ ㄕˇ
腐心,1,ㄈㄨˇ ㄒㄧㄣ
腐熟,1,ㄈㄨˇ ㄕㄨˊ
腐竹,1,ㄈㄨˇ ㄓㄨˊ
腐草,1,ㄈㄨˇ ㄘㄠˇ
腐酒,1,ㄈㄨˇ ㄐㄧㄡˇ
腐餘,1,ㄈㄨˇ ㄩˊ
腐鼠,1,ㄈㄨˇ ㄕㄨˇ
腓腸,1,ㄈㄟˊ ㄔㄤˊ
腔子,1,ㄑㄧㄤ ㄗ˙
腔韻,1,ㄑㄧㄤ ㄩㄣˋ
腕子,1,ㄨㄢˋ ㄗ˙
腕法,1,ㄨㄢˋ ㄈㄚˇ
腕釧,1,ㄨㄢˋ ㄔㄨㄢˋ
腠理,1,ㄘㄡˋ ㄌㄧˇ
腡肌,1,ㄌㄨㄛˊ ㄐㄧ˙
腤䐶,1,ㄢ ㄗㄢ
腥浪,1,ㄒㄧㄥ ㄌㄤˋ
腥聞,1,ㄒㄧㄥ ㄨㄣˊ
腥賭,1,ㄒㄧㄥ ㄉㄨˇ
腥風,1,ㄒㄧㄥ ㄈㄥ
腦勺,1,ㄋㄠˇ ㄕㄠˊ
腦塔,1,ㄋㄠˇ ㄊㄚˇ
腦壓,1,ㄋㄠˇ ㄧㄚ
腦幹,1,ㄋㄠˇ ㄍㄢˋ
腦庫,1,ㄋㄠˇ ㄎㄨˋ
腦揪,1,ㄋㄠˇ ㄐㄧㄡ
腦橋,1,ㄋㄠˇ ㄑㄧㄠˊ
腦箍,1,ㄋㄠˇ ㄍㄨ
腦膜,1,ㄋㄠˇ ㄇㄛˊ
腦袋,1,ㄋㄠˇ ㄉㄞ˙
腦際,1,ㄋㄠˇ ㄐㄧˋ
腫噲,1,ㄓㄨㄥˇ ㄎㄨㄞˋ
腫瘍,1,ㄓㄨㄥˇ ㄧㄤˊ
腮斗,1,ㄙㄞ ㄉㄡˇ
腮腺,1,ㄙㄞ ㄒㄧㄢˋ
腮頰,1,ㄙㄞ ㄐㄧㄚˊ
腰圓,1,ㄧㄠ ㄩㄢˊ
腰子,1,ㄧㄠ ㄗ˙
腰封,1,ㄧㄠ ㄈㄥ
腰截,1,ㄧㄠ ㄐㄧㄝˊ
腰房,1,ㄧㄠ ㄈㄤˊ
腰棚,1,ㄧㄠ ㄆㄥˊ
腰椎,1,ㄧㄠ ㄓㄨㄟ
腰機,1,ㄧㄠ ㄐㄧ
腰櫃,1,ㄧㄠ ㄍㄨㄟˋ
腰牌,1,ㄧㄠ ㄆㄞˊ
腰肌,1,ㄧㄠ ㄐㄧ
腰腿,1,ㄧㄠ ㄊㄨㄟˇ
腰舟,1,ㄧㄠ ㄓㄡ
腰襦,1,ㄧㄠ ㄖㄨˊ
腰輿,1,ㄧㄠ ㄩˊ
腰鋪,1,ㄧㄠ ㄆㄨˋ
腰鍋,1,ㄧㄠ ㄍㄨㄛ
腰門,1,ㄧㄠ ㄇㄣˊ
腱子,1,ㄐㄧㄢˋ ㄗ˙
腱鞘,1,ㄐㄧㄢˋ ㄑㄧㄠˋ
腳價,1,ㄐㄧㄠˇ ㄐㄧㄚˋ
腳勁,1,ㄐㄧㄠˇ ㄐㄧㄣˋ
腳叉,1,ㄐㄧㄠˇ ㄔㄚ
腳婆,1,ㄐㄧㄠˇ ㄆㄛˊ
腳子,1,ㄐㄧㄠˇ ㄗ˙
腳席,1,ㄐㄧㄠˇ ㄒㄧˊ
腳店,1,ㄐㄧㄠˇ ㄉㄧㄢˋ
腳戶,1,ㄐㄧㄠˇ ㄏㄨˋ
腳手,1,ㄐㄧㄠˇ ㄕㄡˇ
腳扣,1,ㄐㄧㄠˇ ㄎㄡˋ
腳注,1,ㄐㄧㄠˇ ㄓㄨˋ
腳燈,1,ㄐㄧㄠˇ ㄉㄥ
腳爐,1,ㄐㄧㄠˇ ㄌㄨˊ
腳癬,1,ㄐㄧㄠˇ ㄒㄧㄢˇ
腳盆,1,ㄐㄧㄠˇ ㄆㄣˊ
腳硬,1,ㄐㄧㄠˇ ㄧㄥˋ
腳稍,1,ㄐㄧㄠˇ ㄕㄠ
腳線,1,ㄐㄧㄠˇ ㄒㄧㄢˋ
腳船,1,ㄐㄧㄠˇ ㄔㄨㄢˊ
腳行,1,ㄐㄧㄠˇ ㄏㄤˊ
腳路,1,ㄐㄧㄠˇ ㄌㄨˋ
腳錢,1,ㄐㄧㄠˇ ㄑㄧㄢˊ
腳門,1,ㄐㄧㄠˇ ㄇㄣˊ
腳頭,1,ㄐㄧㄠˇ ㄊㄡˊ
腳驢,1,ㄐㄧㄠˇ ㄌㄩˊ
腳魚,1,ㄐㄧㄠˇ ㄩˊ
腴膏,1,ㄩˊ ㄍㄠ
腴辭,1,ㄩˊ ㄘˊ
腷膊,1,ㄅㄧˋ ㄅㄛˊ
腷臆,1,ㄅㄧˋ ㄧˋ
腸斷,1,ㄔㄤˊ ㄉㄨㄢˋ
腸液,1,ㄔㄤˊ ㄧㄝˋ
腸癰,1,ㄔㄤˊ ㄩㄥ
腸腺,1,ㄔㄤˊ ㄒㄧㄢˋ
腸衣,1,ㄔㄤˊ ㄧ
腸骨,1,ㄔㄤˊ ㄍㄨˇ
腹枵,1,ㄈㄨˋ ㄒㄧㄠ
腹熱,1,ㄈㄨˋ ㄖㄜˋ
腹疾,1,ㄈㄨˋ ㄐㄧˊ
腹省,1,ㄈㄨˋ ㄕㄥˇ
腹胃,1,ㄈㄨˋ ㄨㄟˋ
腹膜,1,ㄈㄨˋ ㄇㄛˋ
腹臍,1,ㄈㄨˋ ㄑㄧˊ
腹裡,1,ㄈㄨˋ ㄌㄧˇ
腹診,1,ㄈㄨˋ ㄓㄣˇ
腹誹,1,ㄈㄨˋ ㄈㄟˇ
腹議,1,ㄈㄨˋ ㄧˋ
腹鰭,1,ㄈㄨˋ ㄑㄧˊ
腺體,1,ㄒㄧㄢˋ ㄊㄧˇ
腼腆,1,ㄇㄧㄢˇ ㄊㄧㄢˇ
腿套,1,ㄊㄨㄟˇ ㄊㄠˋ
腿帶,1,ㄊㄨㄟˇ ㄉㄞˋ
腿法,1,ㄊㄨㄟˇ ㄈㄚˇ
腿脡,1,ㄊㄨㄟˇ ㄊㄧㄥˇ
腿花,1,ㄊㄨㄟˇ ㄏㄨㄚ
腿骨,1,ㄊㄨㄟˇ ㄍㄨˇ
膂烈,1,ㄌㄩˇ ㄌㄧㄝˋ
膃肭,1,ㄨㄚˋ ㄋㄚˋ
膈肢,1,ㄍㄜˊ ㄓ˙
膈膜,1,ㄍㄜˊ ㄇㄛˊ
膍胵,1,ㄆㄧˊ ㄔ
膏劑,1,ㄍㄠ ㄐㄧˋ
膏壤,1,ㄍㄠ ㄖㄤˇ
膏子,1,ㄍㄠ ㄗ˙
膏恩,1,ㄍㄠ ㄣ
膏捐,1,ㄍㄠ ㄐㄩㄢ
膏沐,1,ㄍㄠ ㄇㄨˋ
膏潤,1,ㄍㄠ ㄖㄨㄣˋ
膏粱,1,ㄍㄠ ㄌㄧㄤˊ
膏血,1,ㄍㄠ ㄒㄩㄝˋ
膏雨,1,ㄍㄠ ㄩˇ
膏露,1,ㄍㄠ ㄌㄨˋ
膚公,1,ㄈㄨ ㄍㄨㄥ
膚功,1,ㄈㄨ ㄍㄨㄥ
膚受,1,ㄈㄨ ㄕㄡˋ
膚廓,1,ㄈㄨ ㄎㄨㄛˋ
膚敏,1,ㄈㄨ ㄇㄧㄣˇ
膚見,1,ㄈㄨ ㄐㄧㄢˋ
膚革,1,ㄈㄨ ㄍㄜˊ
膛炸,1,ㄊㄤˊ ㄓㄚˋ
膛線,1,ㄊㄤˊ ㄒㄧㄢˋ
膜外,1,ㄇㄛˋ ㄨㄞˋ
膜孔,1,ㄇㄛˋ ㄎㄨㄥˇ
膝席,1,ㄒㄧ ㄒㄧˊ
膝袒,1,ㄒㄧ ㄊㄢˇ
膝褲,1,ㄒㄧ ㄎㄨˋ
膠化,1,ㄐㄧㄠ ㄏㄨㄚˋ
膠印,1,ㄐㄧㄠ ㄧㄣˋ
膠原,1,ㄐㄧㄠ ㄩㄢˊ
膠序,1,ㄐㄧㄠ ㄒㄩˋ
膠庠,1,ㄐㄧㄠ ㄒㄧㄤˊ
膠捲,1,ㄐㄧㄠ ㄐㄩㄢˇ
膠筏,1,ㄐㄧㄠ ㄈㄚˊ
膠管,1,ㄐㄧㄠ ㄍㄨㄢˇ
膠續,1,ㄐㄧㄠ ㄒㄩˋ
膠羽,1,ㄐㄧㄠ ㄩˇ
膠膠,1,ㄐㄧㄠ ㄐㄧㄠ
膠葛,1,ㄐㄧㄠ ㄍㄜˊ
膠裝,1,ㄐㄧㄠ ㄓㄨㄤ
膠附,1,ㄐㄧㄠ ㄈㄨˋ
膠鬲,1,ㄐㄧㄠ ㄍㄜˊ
膣液,1,ㄓˋ ㄧㄝˋ
膨土,1,ㄆㄥˊ ㄊㄨˇ
膨脝,1,ㄆㄥˊ ㄏㄥ
膩子,1,ㄋㄧˋ ㄗ˙
膩抹,1,ㄋㄧˋ ㄇㄛ˙
膩理,1,ㄋㄧˋ ㄌㄧˇ
膩粉,1,ㄋㄧˋ ㄈㄣˇ
膩糊,1,ㄋㄧˋ ㄏㄨ˙
膩雲,1,ㄋㄧˋ ㄩㄣˊ
膩香,1,ㄋㄧˋ ㄒㄧㄤ
膴仕,1,ㄨˇ ㄕˋ
膴膴,1,ㄨˇ ㄨˇ
膺受,1,ㄧㄥ ㄕㄡˋ
膺懲,1,ㄧㄥ ㄔㄥˊ
膻中,1,ㄉㄢˋ ㄓㄨㄥ
膽壯,1,ㄉㄢˇ ㄓㄨㄤˋ
膽懾,1,ㄉㄢˇ ㄓㄜˊ
膽戰,1,ㄉㄢˇ ㄓㄢˋ
膽氣,1,ㄉㄢˇ ㄑㄧˋ
膽破,1,ㄉㄢˇ ㄆㄛˋ
膽虛,1,ㄉㄢˇ ㄒㄩ
膿團,1,ㄋㄨㄥˊ ㄊㄨㄢˊ
膿胸,1,ㄋㄨㄥˊ ㄒㄩㄥ
膿血,1,ㄋㄨㄥˊ ㄒㄧㄝˇ
臀圍,1,ㄊㄨㄣˊ ㄨㄟˊ
臀尖,1,ㄊㄨㄣˊ ㄐㄧㄢ
臁瘡,1,ㄌㄧㄢˊ ㄔㄨㄤ
臂助,1,ㄅㄧˋ ㄓㄨˋ
臂彎,1,ㄅㄧˋ ㄨㄢ
臂擱,1,ㄅㄧˋ ㄍㄜ
臂章,1,ㄅㄧˋ ㄓㄤ
臂跑,1,ㄅㄧˋ ㄆㄠˇ
臂釧,1,ㄅㄧˋ ㄔㄨㄢˋ
臂香,1,ㄅㄧˋ ㄒㄧㄤ
臃腫,1,ㄩㄥ ㄓㄨㄥˇ
臆度,1,ㄧˋ ㄉㄨㄛˋ
臆見,1,ㄧˋ ㄐㄧㄢˋ
臆說,1,ㄧˋ ㄕㄨㄛ
臉大,1,ㄌㄧㄢˇ ㄉㄚˋ
臉帕,1,ㄌㄧㄢˇ ㄆㄚˋ
臉急,1,ㄌㄧㄢˇ ㄐㄧˊ
臉慢,1,ㄌㄧㄢˇ ㄇㄢˋ
臉水,1,ㄌㄧㄢˇ ㄕㄨㄟˇ
臉波,1,ㄌㄧㄢˇ ㄅㄛ
臉熱,1,ㄌㄧㄢˇ ㄖㄜˋ
臉腦,1,ㄌㄧㄢˇ ㄋㄠˇ
臉道,1,ㄌㄧㄢˇ ㄉㄠˋ
臉酸,1,ㄌㄧㄢˇ ㄙㄨㄢ
臉面,1,ㄌㄧㄢˇ ㄇㄧㄢ˙
臊味,1,ㄙㄠ ㄨㄟˋ
臊子,1,ㄙㄠˋ ㄗ˙
臊根,1,ㄙㄠ ㄍㄣ
臊氣,1,ㄙㄠ ㄑㄧˋ
臊皮,1,ㄙㄠˋ ㄆㄧˊ
臊聲,1,ㄙㄠ ㄕㄥ
臍風,1,ㄑㄧˊ ㄈㄥ
臏腳,1,ㄅㄧㄣˋ ㄐㄧㄠˇ
臏足,1,ㄅㄧㄣˋ ㄗㄨˊ
臕滿,1,ㄅㄧㄠ ㄇㄢˇ
臘尾,1,ㄌㄚˋ ㄨㄟˇ
臘盡,1,ㄌㄚˋ ㄐㄧㄣˋ
臘祭,1,ㄌㄚˋ ㄐㄧˋ
臘酒,1,ㄌㄚˋ ㄐㄧㄡˇ
臘魚,1,ㄌㄚˋ ㄩˊ
臘鴨,1,ㄌㄚˋ ㄧㄚ
臚傳,1,ㄌㄨˊ ㄔㄨㄢˊ
臚列,1,ㄌㄨˊ ㄌㄧㄝˋ
臚唱,1,ㄌㄨˊ ㄔㄤˋ
臚陳,1,ㄌㄨˊ ㄔㄣˊ
臚驩,1,ㄌㄨˊ ㄏㄨㄢ
臝物,1,ㄌㄨㄛˇ ㄨˋ
臝葬,1,ㄌㄨㄛˇ ㄗㄤˋ
臞劣,1,ㄑㄩˊ ㄌㄧㄝˋ
臞瘠,1,ㄑㄩˊ ㄐㄧˊ
臠割,1,ㄌㄨㄢˊ ㄍㄜ
臠臠,1,ㄌㄨㄢˊ ㄌㄨㄢˊ
臣僚,1,ㄔㄣˊ ㄌㄧㄠˊ
臣工,1,ㄔㄣˊ ㄍㄨㄥ
臥內,1,ㄨㄛˋ ㄋㄟˋ
臥冰,1,ㄨㄛˋ ㄅㄧㄥ
臥單,1,ㄨㄛˋ ㄉㄢ
臥治,1,ㄨㄛˋ ㄓˋ
臥理,1,ㄨㄛˋ ㄌㄧˇ
臥碑,1,ㄨㄛˋ ㄅㄟ
臥艙,1,ㄨㄛˋ ㄘㄤ
臥虎,1,ㄨㄛˋ ㄏㄨˇ
臥蛋,1,ㄨㄛˋ ㄉㄢˋ
臥起,1,ㄨㄛˋ ㄑㄧˇ
臥軌,1,ㄨㄛˋ ㄍㄨㄟˇ
臥雪,1,ㄨㄛˋ ㄒㄩㄝˇ
臥雲,1,ㄨㄛˋ ㄩㄣˊ
臥魚,1,ㄨㄛˋ ㄩˊ
臧獲,1,ㄗㄤ ㄏㄨㄛˋ
臨凡,1,ㄌㄧㄣˊ ㄈㄢˊ
臨制,1,ㄌㄧㄣˊ ㄓˋ
臨問,1,ㄌㄧㄣˊ ㄨㄣˋ
臨寂,1,ㄌㄧㄣˊ ㄐㄧˊ
臨寢,1,ㄌㄧㄣˊ ㄑㄧㄣˇ
臨寫,1,ㄌㄧㄣˊ ㄒㄧㄝˇ
臨年,1,ㄌㄧㄣˊ ㄋㄧㄢˊ
臨感,1,ㄌㄧㄣˊ ㄍㄢˇ
臨搨,1,ㄌㄧㄣˊ ㄊㄚˋ
臨文,1,ㄌㄧㄣˊ ㄨㄣˊ
臨書,1,ㄌㄧㄣˊ ㄕㄨ
臨月,1,ㄌㄧㄣˊ ㄩㄝˋ
臨朝,1,ㄌㄧㄣˊ ㄔㄠˊ
臨本,1,ㄌㄧㄣˊ ㄅㄣˇ
臨歧,1,ㄌㄧㄣˊ ㄑㄧˊ
臨照,1,ㄌㄧㄣˊ ㄓㄠˋ
臨蓐,1,ㄌㄧㄣˊ ㄖㄨˋ
臨財,1,ㄌㄧㄣˊ ㄘㄞˊ
臨軒,1,ㄌㄧㄣˊ ㄒㄩㄢ
臨逼,1,ㄌㄧㄣˊ ㄅㄧ
臨雍,1,ㄌㄧㄣˊ ㄩㄥ
自亂,1,ㄗˋ ㄌㄨㄢˋ
自今,1,ㄗˋ ㄐㄧㄣ
自分,1,ㄗˋ ㄈㄣˋ
自勉,1,ㄗˋ ㄇㄧㄢˇ
自危,1,ㄗˋ ㄨㄟˊ
自在,1,ㄗˋ ㄗㄞ˙
自外,1,ㄗˋ ㄨㄞˋ
自失,1,ㄗˋ ㄕ
自好,1,ㄗˋ ㄏㄠˋ
自媒,1,ㄗˋ ㄇㄟˊ
自守,1,ㄗˋ ㄕㄡˇ
自寬,1,ㄗˋ ㄎㄨㄢ
自專,1,ㄗˋ ㄓㄨㄢ
自度,1,ㄗˋ ㄉㄨㄛˋ
自後,1,ㄗˋ ㄏㄡˋ
自恣,1,ㄗˋ ㄗˋ
自悔,1,ㄗˋ ㄏㄨㄟˇ
自戀,1,ㄗˋ ㄌㄧㄢˋ
自打,1,ㄗˋ ㄉㄚˇ
自控,1,ㄗˋ ㄎㄨㄥˋ
自撓,1,ㄗˋ ㄋㄠˊ
自撰,1,ㄗˋ ㄓㄨㄢˋ
自擾,1,ㄗˋ ㄖㄠˇ
自查,1,ㄗˋ ㄔㄚˊ
自注,1,ㄗˋ ㄓㄨˋ
自測,1,ㄗˋ ㄘㄜˋ
自瀆,1,ㄗˋ ㄉㄨˊ
自然,1,ㄗˋ ㄖㄢ˙
自珍,1,ㄗˋ ㄓㄣ
自縛,1,ㄗˋ ㄈㄨˊ
自茲,1,ㄗˋ ㄗ
自虞,1,ㄗˋ ㄩˊ
自號,1,ㄗˋ ㄏㄠˋ
自衒,1,ㄗˋ ㄒㄩㄢˋ
自見,1,ㄗˋ ㄒㄧㄢˋ
自課,1,ㄗˋ ㄎㄜˋ
自譴,1,ㄗˋ ㄑㄧㄢˇ
自贊,1,ㄗˋ ㄗㄢˋ
自贖,1,ㄗˋ ㄕㄨˊ
自適,1,ㄗˋ ㄕˋ
自銷,1,ㄗˋ ㄒㄧㄠ
自陳,1,ㄗˋ ㄔㄣˊ
臭么,1,ㄔㄡˋ ㄧㄠ
臭侷,1,ㄔㄡˋ ㄐㄩˊ
臭味,1,ㄒㄧㄡˋ ㄨㄟˋ
臭嚼,1,ㄔㄡˋ ㄐㄧㄠˊ
臭打,1,ㄔㄡˋ ㄉㄚˇ
臭椿,1,ㄔㄡˋ ㄔㄨㄣ
臭泥,1,ㄔㄡˋ ㄋㄧˊ
臭腺,1,ㄔㄡˋ ㄒㄧㄢˋ
臭蓋,1,ㄔㄡˋ ㄍㄞˋ
臭覺,1,ㄒㄧㄡˋ ㄐㄩㄝˊ
臲卼,1,ㄋㄧㄝˋ ㄨˋ
至仁,1,ㄓˋ ㄖㄣˊ
至信,1,ㄓˋ ㄒㄧㄣˋ
至和,1,ㄓˋ ㄏㄜˊ
至妙,1,ㄓˋ ㄇㄧㄠˋ
至忠,1,ㄓˋ ㄓㄨㄥ
至感,1,ㄓˋ ㄍㄢˇ
至材,1,ㄓˋ ㄘㄞˊ
至樂,1,ㄓˋ ㄌㄜˋ
至治,1,ㄓˋ ㄓˋ
至節,1,ㄓˋ ㄐㄧㄝˊ
至終,1,ㄓˋ ㄓㄨㄥ
至誠,1,ㄓˋ ㄔㄥ˙
至賢,1,ㄓˋ ㄒㄧㄢˊ
致亂,1,ㄓˋ ㄌㄨㄢˋ
致師,1,ㄓˋ ㄕ
致志,1,ㄓˋ ㄓˋ
致思,1,ㄓˋ ㄙ
致政,1,ㄓˋ ㄓㄥˋ
致獲,1,ㄓˋ ㄏㄨㄛˋ
致疑,1,ㄓˋ ㄧˊ
致祭,1,ㄓˋ ㄐㄧˋ
致詳,1,ㄓˋ ㄒㄧㄤˊ
致語,1,ㄓˋ ㄩˇ
致身,1,ㄓˋ ㄕㄣ
致遠,1,ㄓˋ ㄩㄢˇ
臷國,1,ㄓˋ ㄍㄨㄛˊ
臺候,1,ㄊㄞˊ ㄏㄡˋ
臺光,1,ㄊㄞˊ ㄍㄨㄤ
臺兩,1,ㄊㄞˊ ㄌㄧㄤˇ
臺函,1,ㄊㄞˊ ㄏㄢˊ
臺司,1,ㄊㄞˊ ㄙ
臺命,1,ㄊㄞˊ ㄇㄧㄥˋ
臺商,1,ㄊㄞˊ ㄕㄤ
臺啟,1,ㄊㄞˊ ㄑㄧˇ
臺型,1,ㄊㄞˊ ㄒㄧㄥˊ
臺城,1,ㄊㄞˊ ㄔㄥˊ
臺基,1,ㄊㄞˊ ㄐㄧ
臺墩,1,ㄊㄞˊ ㄉㄨㄣ
臺委,1,ㄊㄞˊ ㄨㄟˇ
臺孩,1,ㄊㄞˊ ㄏㄞˊ
臺安,1,ㄊㄞˊ ㄢ
臺尺,1,ㄊㄞˊ ㄔˇ
臺峪,1,ㄊㄞˊ ㄩˋ
臺布,1,ㄊㄞˊ ㄅㄨˋ
臺席,1,ㄊㄞˊ ㄒㄧˊ
臺意,1,ㄊㄞˊ ㄧˋ
臺收,1,ㄊㄞˊ ㄕㄡ
臺斤,1,ㄊㄞˊ ㄐㄧㄣ
臺旨,1,ㄊㄞˊ ㄓˇ
臺本,1,ㄊㄞˊ ㄅㄣˇ
臺槐,1,ㄊㄞˊ ㄏㄨㄞˊ
臺步,1,ㄊㄞˊ ㄅㄨˋ
臺照,1,ㄊㄞˊ ㄓㄠˋ
臺甫,1,ㄊㄞˊ ㄈㄨˇ
臺盞,1,ㄊㄞˊ ㄓㄢˇ
臺盤,1,ㄊㄞˊ ㄆㄢˊ
臺磯,1,ㄊㄞˊ ㄐㄧ
臺站,1,ㄊㄞˊ ㄓㄢˋ
臺簾,1,ㄊㄞˊ ㄌㄧㄢˊ
臺胞,1,ㄊㄞˊ ㄅㄠ
臺諱,1,ㄊㄞˊ ㄏㄨㄟˋ
臺輔,1,ㄊㄞˊ ㄈㄨˇ
臺銜,1,ㄊㄞˊ ㄒㄧㄢˊ
臺錢,1,ㄊㄞˊ ㄑㄧㄢˊ
臺鑒,1,ㄊㄞˊ ㄐㄧㄢˋ
臺閣,1,ㄊㄞˊ ㄍㄜˊ
臺風,1,ㄊㄞˊ ㄈㄥ
臺駕,1,ㄊㄞˊ ㄐㄧㄚˋ
臻至,1,ㄓㄣ ㄓˋ
臼窠,1,ㄐㄧㄡˋ ㄎㄜ
舁夫,1,ㄩˊ ㄈㄨ
舁轎,1,ㄩˊ ㄐㄧㄠˋ
舂容,1,ㄔㄨㄥ ㄖㄨㄥˊ
舂碓,1,ㄔㄨㄥ ㄉㄨㄟˋ
舂鉏,1,ㄔㄨㄥ ㄔㄨˊ
舂陵,1,ㄔㄨㄥ ㄌㄧㄥˊ
舄奕,1,ㄒㄧˋ ㄧˋ
舄鹵,1,ㄒㄧˋ ㄌㄨˇ
舅嫂,1,ㄐㄧㄡˋ ㄙㄠˇ
舅爺,1,ㄐㄧㄡˋ ㄧㄝ˙
舅犯,1,ㄐㄧㄡˋ ㄈㄢˋ
舅甥,1,ㄐㄧㄡˋ ㄕㄥ
舅祖,1,ㄐㄧㄡˋ ㄗㄨˇ
與會,1,ㄩˋ ㄏㄨㄟˋ
與決,1,ㄩˇ ㄐㄩㄝˊ
與聞,1,ㄩˋ ㄨㄣˊ
與賽,1,ㄩˋ ㄙㄞˋ
與黨,1,ㄩˇ ㄉㄤˇ
興作,1,ㄒㄧㄥ ㄗㄨㄛˋ
興利,1,ㄒㄧㄥ ㄌㄧˋ
興動,1,ㄒㄧㄥ ㄉㄨㄥˋ
興和,1,ㄒㄧㄥ ㄏㄜˊ
興嗟,1,ㄒㄧㄥ ㄐㄧㄝ
興嘆,1,ㄒㄧㄥ ㄊㄢˋ
興工,1,ㄒㄧㄥ ㄍㄨㄥ
興席,1,ㄒㄧㄥ ㄒㄧˊ
興心,1,ㄒㄧㄥ ㄒㄧㄣ
興戎,1,ㄒㄧㄥ ㄖㄨㄥˊ
興會,1,ㄒㄧㄥˋ ㄏㄨㄟˋ
興盡,1,ㄒㄧㄥˋ ㄐㄧㄣˋ
興詞,1,ㄒㄧㄥ ㄘˊ
興販,1,ㄒㄧㄥ ㄈㄢˋ
興起,1,ㄒㄧㄥˋ ㄑㄧˇ
興頭,1,ㄒㄧㄥˋ ㄊㄡ˙
興風,1,ㄒㄧㄥ ㄈㄥ
興騰,1,ㄒㄧㄥ ㄊㄥˊ
舉保,1,ㄐㄩˇ ㄅㄠˇ
舉劾,1,ㄐㄩˇ ㄏㄜˊ
舉哀,1,ㄐㄩˇ ㄞ
舉場,1,ㄐㄩˇ ㄔㄤˊ
舉子,1,ㄐㄩˇ ㄗˇ
舉座,1,ㄐㄩˇ ㄗㄨㄛˋ
舉意,1,ㄐㄩˇ ㄧˋ
舉架,1,ㄐㄩˇ ㄐㄧㄚˋ
舉柩,1,ㄐㄩˇ ㄐㄧㄡˋ
舉業,1,ㄐㄩˇ ㄧㄝˋ
舉正,1,ㄐㄩˇ ㄓㄥˋ
舉烽,1,ㄐㄩˇ ㄈㄥ
舉王,1,ㄐㄩˇ ㄨㄤˊ
舉監,1,ㄐㄩˇ ㄐㄧㄢˋ
舉眼,1,ㄐㄩˇ ㄧㄢˇ
舉眾,1,ㄐㄩˇ ㄓㄨㄥˋ
舉籍,1,ㄐㄩˇ ㄐㄧˊ
舉義,1,ㄐㄩˇ ㄧˋ
舉翅,1,ㄐㄩˇ ㄔˋ
舉荐,1,ㄐㄩˇ ㄐㄧㄢˋ
舉觴,1,ㄐㄩˇ ㄕㄤ
舉言,1,ㄐㄩˇ ㄧㄢˊ
舉踵,1,ㄐㄩˇ ㄓㄨㄥˇ
舉酒,1,ㄐㄩˇ ㄐㄧㄡˇ
舉隅,1,ㄐㄩˇ ㄩˊ
舉首,1,ㄐㄩˇ ㄕㄡˇ
舊型,1,ㄐㄧㄡˋ ㄒㄧㄥˊ
舊德,1,ㄐㄧㄡˋ ㄉㄜˊ
舊性,1,ㄐㄧㄡˋ ㄒㄧㄥˋ
舊怨,1,ㄐㄧㄡˋ ㄩㄢˋ
舊手,1,ㄐㄧㄡˋ ㄕㄡˇ
舊族,1,ㄐㄧㄡˋ ㄗㄨˊ
舊歲,1,ㄐㄧㄡˋ ㄙㄨㄟˋ
舊症,1,ㄐㄧㄡˋ ㄓㄥˋ
舊票,1,ㄐㄧㄡˋ ㄆㄧㄠˋ
舊管,1,ㄐㄧㄡˋ ㄍㄨㄢˇ
舊臣,1,ㄐㄧㄡˋ ㄔㄣˊ
舊規,1,ㄐㄧㄡˋ ㄍㄨㄟ
舊話,1,ㄐㄧㄡˋ ㄏㄨㄚˋ
舊誼,1,ㄐㄧㄡˋ ㄧˋ
舊貫,1,ㄐㄧㄡˋ ㄍㄨㄢˋ
舊遊,1,ㄐㄧㄡˋ ㄧㄡˊ
舊道,1,ㄐㄧㄡˋ ㄉㄠˋ
舊邦,1,ㄐㄧㄡˋ ㄅㄤ
舊雨,1,ㄐㄧㄡˋ ㄩˇ
舌人,1,ㄕㄜˊ ㄖㄣˊ
舌本,1,ㄕㄜˊ ㄅㄣˇ
舌耕,1,ㄕㄜˊ ㄍㄥ
舐犢,1,ㄕˋ ㄉㄨˊ
舐痔,1,ㄕˋ ㄓˋ
舒卷,1,ㄕㄨ ㄐㄩㄢˇ
舒徐,1,ㄕㄨ ㄒㄩˊ
舒散,1,ㄕㄨ ㄙㄢˋ
舒服,1,ㄕㄨ ㄈㄨ˙
舒爽,1,ㄕㄨ ㄕㄨㄤˇ
舒聲,1,ㄕㄨ ㄕㄥ
舒遲,1,ㄕㄨ ㄔˊ
舒頭,1,ㄕㄨ ㄊㄡˊ
舔吮,1,ㄊㄧㄢˇ ㄕㄨㄣˇ
舔拭,1,ㄊㄧㄢˇ ㄕˋ
舔舕,1,ㄊㄧㄢˇ ㄊㄢˋ
舚破,1,ㄊㄧㄢˋ ㄆㄛˋ
舚舕,1,ㄊㄧㄢˋ ㄊㄢˋ
舛互,1,ㄔㄨㄢˇ ㄏㄨˋ
舛午,1,ㄔㄨㄢˇ ㄨˇ
舛訛,1,ㄔㄨㄢˇ ㄜˊ
舛逆,1,ㄔㄨㄢˇ ㄋㄧˋ
舛錯,1,ㄔㄨㄢˇ ㄘㄨㄛ˙
舛馳,1,ㄔㄨㄢˇ ㄔˊ
舜弦,1,ㄕㄨㄣˋ ㄒㄧㄢˊ
舜英,1,ㄕㄨㄣˋ ㄧㄥ
舜華,1,ㄕㄨㄣˋ ㄏㄨㄚ
舞刀,1,ㄨˇ ㄉㄠ
舞判,1,ㄨˇ ㄆㄢˋ
舞勺,1,ㄨˇ ㄓㄨㄛˊ
舞樂,1,ㄨˇ ㄩㄝˋ
舞譜,1,ㄨˇ ㄆㄨˇ
舞雩,1,ㄨˇ ㄩˊ
舟人,1,ㄓㄡ ㄖㄣˊ
舟子,1,ㄓㄡ ㄗˇ
舟師,1,ㄓㄡ ㄕ
舟次,1,ㄓㄡ ㄘˋ
航途,1,ㄏㄤˊ ㄊㄨˊ
航郵,1,ㄏㄤˊ ㄧㄡˊ
般倕,1,ㄅㄢ ㄔㄨㄟˊ
般師,1,ㄅㄢ ㄕ
般弄,1,ㄅㄢ ㄋㄨㄥˋ
般桓,1,ㄆㄢˊ ㄏㄨㄢˊ
般樂,1,ㄆㄢˊ ㄌㄜˋ
般礴,1,ㄆㄢˊ ㄅㄛˊ
般調,1,ㄅㄢ ㄊㄧㄠˊ
般配,1,ㄅㄢ ㄆㄟˋ
舯垂,1,ㄓㄨㄥ ㄔㄨㄟˊ
舯拱,1,ㄓㄨㄥ ㄍㄨㄥˇ
舵工,1,ㄉㄨㄛˋ ㄍㄨㄥ
舶位,1,ㄅㄛˊ ㄨㄟˋ
舶來,1,ㄅㄛˊ ㄌㄞˊ
舶商,1,ㄅㄛˊ ㄕㄤ
舶物,1,ㄅㄛˊ ㄨˋ
舷梯,1,ㄒㄧㄢˊ ㄊㄧ
舷窗,1,ㄒㄧㄢˊ ㄔㄨㄤ
舷門,1,ㄒㄧㄢˊ ㄇㄣˊ
船孃,1,ㄔㄨㄢˊ ㄋㄧㄤˊ
船帆,1,ㄔㄨㄢˊ ㄈㄢˊ
船幫,1,ㄔㄨㄢˊ ㄅㄤ
船樓,1,ㄔㄨㄢˊ ㄌㄡˊ
船深,1,ㄔㄨㄢˊ ㄕㄣ
船纜,1,ㄔㄨㄢˊ ㄌㄢˇ
船臺,1,ㄔㄨㄢˊ ㄊㄞˊ
船蛆,1,ㄔㄨㄢˊ ㄑㄩ
船資,1,ㄔㄨㄢˊ ㄗ
船錢,1,ㄔㄨㄢˊ ㄑㄧㄢˊ
船錨,1,ㄔㄨㄢˊ ㄇㄠˊ
船驥,1,ㄔㄨㄢˊ ㄐㄧˋ
艄公,1,ㄕㄠ ㄍㄨㄥ
艅艎,1,ㄩˊ ㄏㄨㄤˊ
艎板,1,ㄏㄨㄤˊ ㄅㄢˇ
艤舟,1,ㄧˇ ㄓㄡ
艤船,1,ㄧˇ ㄔㄨㄢˊ
艦橋,1,ㄐㄧㄢˋ ㄑㄧㄠˊ
艦炮,1,ㄐㄧㄢˋ ㄆㄠˋ
艮嶽,1,ㄍㄣˋ ㄩㄝˋ
良价,1,ㄌㄧㄤˊ ㄐㄧㄝˋ
良儔,1,ㄌㄧㄤˊ ㄔㄡˊ
良冶,1,ㄌㄧㄤˊ ㄧㄝˇ
良匠,1,ㄌㄧㄤˊ ㄐㄧㄤˋ
良史,1,ㄌㄧㄤˊ ㄕˇ
良圖,1,ㄌㄧㄤˊ ㄊㄨˊ
良媒,1,ㄌㄧㄤˊ ㄇㄟˊ
良工,1,ㄌㄧㄤˊ ㄍㄨㄥ
良庖,1,ㄌㄧㄤˊ ㄆㄠˊ
良弓,1,ㄌㄧㄤˊ ㄍㄨㄥ
良弼,1,ㄌㄧㄤˊ ㄅㄧˋ
良時,1,ㄌㄧㄤˊ ㄕˊ
良月,1,ㄌㄧㄤˊ ㄩㄝˋ
良耜,1,ㄌㄧㄤˊ ㄙˋ
良臣,1,ㄌㄧㄤˊ ㄔㄣˊ
良言,1,ㄌㄧㄤˊ ㄧㄢˊ
良謀,1,ㄌㄧㄤˊ ㄇㄡˊ
良貴,1,ㄌㄧㄤˊ ㄍㄨㄟˋ
良質,1,ㄌㄧㄤˊ ㄓˊ
良造,1,ㄌㄧㄤˊ ㄗㄠˋ
良遇,1,ㄌㄧㄤˊ ㄩˋ
良遊,1,ㄌㄧㄤˊ ㄧㄡˊ
良醞,1,ㄌㄧㄤˊ ㄩㄣˋ
良駒,1,ㄌㄧㄤˊ ㄐㄩ
艱子,1,ㄐㄧㄢ ㄗˇ
艱虞,1,ㄐㄧㄢ ㄩˊ
色厲,1,ㄙㄜˋ ㄌㄧˋ
色子,1,ㄕㄞˇ ㄗ˙
色彈,1,ㄙㄜˋ ㄉㄢˋ
色心,1,ㄙㄜˋ ㄒㄧㄣ
色戒,1,ㄙㄜˋ ㄐㄧㄝˋ
色撓,1,ㄙㄜˋ ㄋㄠˊ
色旦,1,ㄙㄜˋ ㄉㄢˋ
色智,1,ㄙㄜˋ ㄓˋ
色然,1,ㄙㄜˋ ㄖㄢˊ
色環,1,ㄙㄜˋ ㄏㄨㄢˊ
色目,1,ㄙㄜˋ ㄇㄨˋ
色笑,1,ㄙㄜˋ ㄒㄧㄠˋ
色膽,1,ㄙㄜˋ ㄉㄢˇ
色色,1,ㄙㄜˋ ㄙㄜˋ
色荒,1,ㄙㄜˋ ㄏㄨㄤ
色覺,1,ㄙㄜˋ ㄐㄩㄝˊ
色認,1,ㄙㄜˋ ㄖㄣˋ
色身,1,ㄙㄜˋ ㄕㄣ
色迷,1,ㄙㄜˋ ㄇㄧˊ
色長,1,ㄙㄜˋ ㄓㄤˇ
色養,1,ㄙㄜˋ ㄧㄤˋ
艽野,1,ㄑㄧㄡˊ ㄧㄝˇ
艾人,1,ㄞˋ ㄖㄣˊ
艾安,1,ㄧˋ ㄢ
艾服,1,ㄞˋ ㄈㄨˊ
艾氣,1,ㄞˋ ㄑㄧˋ
艾火,1,ㄞˋ ㄏㄨㄛˇ
艾炷,1,ㄞˋ ㄓㄨˋ
艾絨,1,ㄞˋ ㄖㄨㄥˊ
艾老,1,ㄞˋ ㄌㄠˇ
艾虎,1,ㄞˋ ㄏㄨˇ
艾豭,1,ㄞˋ ㄐㄧㄚ
芃芃,1,ㄆㄥˊ ㄆㄥˊ
芄蘭,1,ㄨㄢˊ ㄌㄢˊ
芊綿,1,ㄑㄧㄢ ㄇㄧㄢˊ
芊芊,1,ㄑㄧㄢ ㄑㄧㄢ
芊萰,1,ㄑㄧㄢ ㄌㄧㄢˋ
芎藭,1,ㄑㄩㄥ ㄑㄩㄥˊ
芒屩,1,ㄇㄤˊ ㄐㄩㄝˊ
芒然,1,ㄇㄤˊ ㄖㄢˊ
芒神,1,ㄇㄤˊ ㄕㄣˊ
芒稷,1,ㄇㄤˊ ㄐㄧˋ
芒芒,1,ㄇㄤˊ ㄇㄤˊ
芒郎,1,ㄇㄤˊ ㄌㄤˊ
芒鞋,1,ㄇㄤˊ ㄒㄧㄝˊ
芒頭,1,ㄇㄤˊ ㄊㄡˊ
芙蕖,1,ㄈㄨˊ ㄑㄩˊ
芝儀,1,ㄓ ㄧˊ
芝宇,1,ㄓ ㄩˇ
芝標,1,ㄓ ㄅㄧㄠ
芝田,1,ㄓ ㄊㄧㄢˊ
芝眉,1,ㄓ ㄇㄟˊ
芝顏,1,ㄓ ㄧㄢˊ
芝麻,1,ㄓ ㄇㄚ˙
芟夷,1,ㄕㄢ ㄧˊ
芟秋,1,ㄕㄢ ㄑㄧㄡ
芟穢,1,ㄕㄢ ㄏㄨㄟˋ
芟落,1,ㄕㄢ ㄌㄨㄛˋ
芡實,1,ㄑㄧㄢˋ ㄕˊ
芡粉,1,ㄑㄧㄢˋ ㄈㄣˇ
芣苡,1,ㄈㄡˊ ㄧˇ
芣苢,1,ㄈㄡˊ ㄧˇ
芧栗,1,ㄒㄩˋ ㄌㄧˋ
芫花,1,ㄩㄢˊ ㄏㄨㄚ
芬烈,1,ㄈㄣ ㄌㄧㄝˋ
芬芬,1,ㄈㄣ ㄈㄣ
芬華,1,ㄈㄣ ㄏㄨㄚˊ
芬菲,1,ㄈㄣ ㄈㄟ
芬葩,1,ㄈㄣ ㄆㄚ
芬鬱,1,ㄈㄣ ㄩˋ
芭拉,1,ㄅㄚ ㄌㄚ
芭棚,1,ㄅㄚ ㄆㄥˊ
芭籬,1,ㄅㄚ ㄌㄧˊ
芭芒,1,ㄅㄚ ㄇㄤˊ
芭苴,1,ㄅㄚ ㄐㄩˇ
芭蒂,1,ㄅㄚ ㄉㄧˋ
芭賽,1,ㄅㄚ ㄙㄞˋ
芭黎,1,ㄅㄚ ㄌㄧˊ
芮芮,1,ㄖㄨㄟˋ ㄖㄨㄟˋ
芰荷,1,ㄐㄧˋ ㄏㄜˊ
花乳,1,ㄏㄨㄚ ㄖㄨˇ
花冰,1,ㄏㄨㄚ ㄅㄧㄥ
花判,1,ㄏㄨㄚ ㄆㄢˋ
花利,1,ㄏㄨㄚ ㄌㄧˋ
花功,1,ㄏㄨㄚ ㄍㄨㄥ
花勝,1,ㄏㄨㄚ ㄕㄥˋ
花史,1,ㄏㄨㄚ ㄕˇ
花品,1,ㄏㄨㄚ ㄆㄧㄣˇ
花哄,1,ㄏㄨㄚ ㄏㄨㄥ˙
花哨,1,ㄏㄨㄚ ㄕㄠ˙
花器,1,ㄏㄨㄚ ㄑㄧˋ
花團,1,ㄏㄨㄚ ㄊㄨㄢˊ
花報,1,ㄏㄨㄚ ㄅㄠˋ
花塢,1,ㄏㄨㄚ ㄨˋ
花姑,1,ㄏㄨㄚ ㄍㄨ
花子,1,ㄏㄨㄚ ㄗ˙
花字,1,ㄏㄨㄚ ㄗˋ
花帽,1,ㄏㄨㄚ ㄇㄠˋ
花息,1,ㄏㄨㄚ ㄒㄧˊ
花戶,1,ㄏㄨㄚ ㄏㄨˋ
花押,1,ㄏㄨㄚ ㄧㄚ
花捐,1,ㄏㄨㄚ ㄐㄩㄢ
花掉,1,ㄏㄨㄚ ㄉㄧㄠ˙
花描,1,ㄏㄨㄚ ㄇㄧㄠˊ
花插,1,ㄏㄨㄚ ㄔㄚ
花教,1,ㄏㄨㄚ ㄐㄧㄠˋ
花星,1,ㄏㄨㄚ ㄒㄧㄥ
花會,1,ㄏㄨㄚ ㄏㄨㄟˋ
花朝,1,ㄏㄨㄚ ㄓㄠ
花材,1,ㄏㄨㄚ ㄘㄞˊ
花柳,1,ㄏㄨㄚ ㄌㄧㄡˇ
花根,1,ㄏㄨㄚ ㄍㄣ
花梨,1,ㄏㄨㄚ ㄌㄧˊ
花棒,1,ㄏㄨㄚ ㄅㄤˋ
花棵,1,ㄏㄨㄚ ㄎㄜ
花機,1,ㄏㄨㄚ ㄐㄧ
花櫚,1,ㄏㄨㄚ ㄌㄩˊ
花毽,1,ㄏㄨㄚ ㄐㄧㄢˋ
花活,1,ㄏㄨㄚ ㄏㄨㄛˊ
花消,1,ㄏㄨㄚ ㄒㄧㄠ˙
花牌,1,ㄏㄨㄚ ㄆㄞˊ
花界,1,ㄏㄨㄚ ㄐㄧㄝˋ
花畦,1,ㄏㄨㄚ ㄑㄧˊ
花盒,1,ㄏㄨㄚ ㄏㄜˊ
花相,1,ㄏㄨㄚ ㄒㄧㄤˋ
花破,1,ㄏㄨㄚ ㄆㄛˋ
花神,1,ㄏㄨㄚ ㄕㄣˊ
花稍,1,ㄏㄨㄚ ㄕㄠ˙
花糕,1,ㄏㄨㄚ ㄍㄠ
花約,1,ㄏㄨㄚ ㄩㄝ
花繡,1,ㄏㄨㄚ ㄒㄧㄡˋ
花罈,1,ㄏㄨㄚ ㄊㄢˊ
花翎,1,ㄏㄨㄚ ㄌㄧㄥˊ
花翠,1,ㄏㄨㄚ ㄘㄨㄟˋ
花脣,1,ㄏㄨㄚ ㄔㄨㄣˊ
花腿,1,ㄏㄨㄚ ㄊㄨㄟˇ
花臺,1,ㄏㄨㄚ ㄊㄞˊ
花舌,1,ㄏㄨㄚ ㄕㄜˊ
花葯,1,ㄏㄨㄚ ㄧㄠˋ
花蕩,1,ㄏㄨㄚ ㄉㄤˋ
花虻,1,ㄏㄨㄚ ㄇㄥˊ
花蚤,1,ㄏㄨㄚ ㄗㄠˇ
花蛢,1,ㄏㄨㄚ ㄆㄧㄥˊ
花蛤,1,ㄏㄨㄚ ㄍㄜˊ
花街,1,ㄏㄨㄚ ㄐㄧㄝ
花衫,1,ㄏㄨㄚ ㄕㄢ
花裀,1,ㄏㄨㄚ ㄧㄣ
花費,1,ㄏㄨㄚ ㄈㄟ˙
花賊,1,ㄏㄨㄚ ㄗㄟˊ
花郎,1,ㄏㄨㄚ ㄌㄤˊ
花部,1,ㄏㄨㄚ ㄅㄨˋ
花釵,1,ㄏㄨㄚ ㄔㄞ
花鈿,1,ㄏㄨㄚ ㄉㄧㄢˋ
花銷,1,ㄏㄨㄚ ㄒㄧㄠ˙
花門,1,ㄏㄨㄚ ㄇㄣˊ
花院,1,ㄏㄨㄚ ㄩㄢˋ
花陰,1,ㄏㄨㄚ ㄧㄣ
花面,1,ㄏㄨㄚ ㄇㄧㄢˋ
花項,1,ㄏㄨㄚ ㄒㄧㄤˋ
花頭,1,ㄏㄨㄚ ㄊㄡ˙
花鬘,1,ㄏㄨㄚ ㄇㄢˊ
花鬨,1,ㄏㄨㄚ ㄏㄨㄥ˙
花鯽,1,ㄏㄨㄚ ㄐㄧˋ
花鹽,1,ㄏㄨㄚ ㄧㄢˊ
芳信,1,ㄈㄤ ㄒㄧㄣˋ
芳儔,1,ㄈㄤ ㄔㄡˊ
芳卿,1,ㄈㄤ ㄑㄧㄥ
芳塵,1,ㄈㄤ ㄔㄣˊ
芳序,1,ㄈㄤ ㄒㄩˋ
芳旨,1,ㄈㄤ ㄓˇ
芳春,1,ㄈㄤ ㄔㄨㄣ
芳札,1,ㄈㄤ ㄓㄚˊ
芳林,1,ㄈㄤ ㄌㄧㄣˊ
芳樹,1,ㄈㄤ ㄕㄨˋ
芳氣,1,ㄈㄤ ㄑㄧˋ
芳洲,1,ㄈㄤ ㄓㄡ
芳烈,1,ㄈㄤ ㄌㄧㄝˋ
芳猷,1,ㄈㄤ ㄧㄡˊ
芳甸,1,ㄈㄤ ㄉㄧㄢˋ
芳苓,1,ㄈㄤ ㄌㄧㄥˊ
芳菲,1,ㄈㄤ ㄈㄟ
芳蕤,1,ㄈㄤ ㄖㄨㄟˊ
芳藹,1,ㄈㄤ ㄞˇ
芳蘭,1,ㄈㄤ ㄌㄢˊ
芳規,1,ㄈㄤ ㄍㄨㄟ
芳躅,1,ㄈㄤ ㄓㄨˊ
芳醴,1,ㄈㄤ ㄌㄧˇ
芳鑒,1,ㄈㄤ ㄐㄧㄢˋ
芳風,1,ㄈㄤ ㄈㄥ
芳餌,1,ㄈㄤ ㄦˇ
芳馨,1,ㄈㄤ ㄒㄧㄣ
芴漠,1,ㄏㄨ ㄇㄛˋ
芵明,1,ㄐㄩㄝˊ ㄇㄧㄥˊ
芷若,1,ㄓˇ ㄖㄨㄛˋ
芸窗,1,ㄩㄣˊ ㄔㄨㄤ
芸編,1,ㄩㄣˊ ㄅㄧㄢ
芸香,1,ㄩㄣˊ ㄒㄧㄤ
芹獻,1,ㄑㄧㄣˊ ㄒㄧㄢˋ
芹藻,1,ㄑㄧㄣˊ ㄗㄠˇ
芻像,1,ㄔㄨˊ ㄒㄧㄤˋ
芻牧,1,ㄔㄨˊ ㄇㄨˋ
芻稿,1,ㄔㄨˊ ㄍㄠˇ
芻菽,1,ㄔㄨˊ ㄕㄨˊ
芻蕘,1,ㄔㄨˊ ㄖㄠˊ
芻豆,1,ㄔㄨˊ ㄉㄡˋ
芻豢,1,ㄔㄨˊ ㄏㄨㄢˋ
芻靈,1,ㄔㄨˊ ㄌㄧㄥˊ
芼羹,1,ㄇㄠˋ ㄍㄥ
芽兒,1,ㄧㄚˊ ㄦˊ
芽孢,1,ㄧㄚˊ ㄅㄠ
芽眼,1,ㄧㄚˊ ㄧㄢˇ
芽茶,1,ㄧㄚˊ ㄔㄚˊ
芽菜,1,ㄧㄚˊ ㄘㄞˋ
芽韭,1,ㄧㄚˊ ㄐㄧㄡˇ
芽體,1,ㄧㄚˊ ㄊㄧˇ
芾芾,1,ㄈㄨˊ ㄈㄨˊ
苄基,1,ㄅㄧㄢˋ ㄐㄧ
苑結,1,ㄩˋ ㄐㄧㄝˊ
苒弱,1,ㄖㄢˇ ㄖㄨㄛˋ
苒荏,1,ㄖㄢˇ ㄖㄣˇ
苓通,1,ㄌㄧㄥˊ ㄊㄨㄥ
苔岑,1,ㄊㄞˊ ㄘㄣˊ
苔砌,1,ㄊㄞˊ ㄑㄧˋ
苔紙,1,ㄊㄞˊ ㄓˇ
苔衣,1,ㄊㄞˊ ㄧ
苔錢,1,ㄊㄞˊ ㄑㄧㄢˊ
苕子,1,ㄊㄧㄠˊ ㄗ˙
苕帚,1,ㄊㄧㄠˊ ㄓㄡ˙
苕果,1,ㄊㄧㄠˊ ㄍㄨㄛˇ
苕溪,1,ㄊㄧㄠˊ ㄒㄧ
苕苕,1,ㄊㄧㄠˊ ㄊㄧㄠˊ
苗信,1,ㄇㄧㄠˊ ㄒㄧㄣˋ
苗文,1,ㄇㄧㄠˊ ㄨㄣˊ
苗條,1,ㄇㄧㄠˊ ㄊㄧㄠ˙
苗民,1,ㄇㄧㄠˊ ㄇㄧㄣˊ
苗田,1,ㄇㄧㄠˊ ㄊㄧㄢˊ
苛俗,1,ㄎㄜ ㄙㄨˊ
苛切,1,ㄎㄜ ㄑㄧㄝˋ
苛嚴,1,ㄎㄜ ㄧㄢˊ
苛察,1,ㄎㄜ ㄔㄚˊ
苛慝,1,ㄎㄜ ㄊㄜˋ
苛濫,1,ㄎㄜ ㄌㄢˋ
苛癢,1,ㄎㄜ ㄧㄤˇ
苛碎,1,ㄎㄜ ㄙㄨㄟˋ
苛禮,1,ㄎㄜ ㄌㄧˇ
苛細,1,ㄎㄜ ㄒㄧˋ
苛薄,1,ㄎㄜ ㄅㄛˊ
苛虐,1,ㄎㄜ ㄋㄩㄝˋ
苛雜,1,ㄎㄜ ㄗㄚˊ
苞子,1,ㄅㄠ ㄗ˙
苞屨,1,ㄅㄠ ㄐㄩˋ
苞木,1,ㄅㄠ ㄇㄨˋ
苞桑,1,ㄅㄠ ㄙㄤ
苞稂,1,ㄅㄠ ㄌㄤˊ
苞筍,1,ㄅㄠ ㄙㄨㄣˇ
苞苴,1,ㄅㄠ ㄐㄩ
苞茅,1,ㄅㄠ ㄇㄠˊ
苞葉,1,ㄅㄠ ㄧㄝˋ
苞藏,1,ㄅㄠ ㄘㄤˊ
苞蟲,1,ㄅㄠ ㄔㄨㄥˊ
苟存,1,ㄍㄡˇ ㄘㄨㄣˊ
苟容,1,ㄍㄡˇ ㄖㄨㄥˊ
苟得,1,ㄍㄡˇ ㄉㄜˊ
苟政,1,ㄍㄡˇ ㄓㄥˋ
苟為,1,ㄍㄡˇ ㄨㄟˊ
苟然,1,ㄍㄡˇ ㄖㄢˊ
苟營,1,ㄍㄡˇ ㄧㄥˊ
苟生,1,ㄍㄡˇ ㄕㄥ
苟祿,1,ㄍㄡˇ ㄌㄨˋ
苟簡,1,ㄍㄡˇ ㄐㄧㄢˇ
苟言,1,ㄍㄡˇ ㄧㄢˊ
苟非,1,ㄍㄡˇ ㄈㄟ
苡仁,1,ㄧˇ ㄖㄣˊ
苡米,1,ㄧˇ ㄇㄧˇ
若乃,1,ㄖㄨㄛˋ ㄋㄞˇ
若個,1,ㄖㄨㄛˋ ㄍㄜˋ
若大,1,ㄖㄨㄛˋ ㄉㄚˋ
若必,1,ㄖㄨㄛˋ ㄅㄧˋ
若木,1,ㄖㄨㄛˋ ㄇㄨˋ
若榴,1,ㄖㄨㄛˋ ㄌㄧㄡˊ
若英,1,ㄖㄨㄛˋ ㄧㄥ
若還,1,ㄖㄨㄛˋ ㄏㄨㄢˊ
苦參,1,ㄎㄨˇ ㄕㄣ
苦地,1,ㄎㄨˇ ㄉㄧˋ
苦境,1,ㄎㄨˇ ㄐㄧㄥˋ
苦夏,1,ㄎㄨˇ ㄒㄧㄚˋ
苦多,1,ㄎㄨˇ ㄉㄨㄛ
苦子,1,ㄎㄨˇ ㄗ˙
苦待,1,ㄎㄨˇ ㄉㄞˋ
苦憶,1,ㄎㄨˇ ㄧˋ
苦手,1,ㄎㄨˇ ㄕㄡˇ
苦撐,1,ㄎㄨˇ ㄔㄥ
苦旱,1,ㄎㄨˇ ㄏㄢˋ
苦李,1,ㄎㄨˇ ㄌㄧˇ
苦業,1,ㄎㄨˇ ㄧㄝˋ
苦死,1,ㄎㄨˇ ㄙˇ
苦殺,1,ㄎㄨˇ ㄕㄚ
苦求,1,ㄎㄨˇ ㄑㄧㄡˊ
苦河,1,ㄎㄨˇ ㄏㄜˊ
苦熬,1,ㄎㄨˇ ㄠˊ
苦留,1,ㄎㄨˇ ㄌㄧㄡˊ
苦相,1,ㄎㄨˇ ㄒㄧㄤˋ
苦空,1,ㄎㄨˇ ㄎㄨㄥ
苦窳,1,ㄎㄨˇ ㄩˇ
苦竹,1,ㄎㄨˇ ㄓㄨˊ
苦等,1,ㄎㄨˇ ㄉㄥˇ
苦累,1,ㄎㄨˇ ㄌㄟˋ
苦船,1,ㄎㄨˇ ㄔㄨㄢˊ
苦苣,1,ㄎㄨˇ ㄐㄩˋ
苦茶,1,ㄎㄨˇ ㄔㄚˊ
苦荼,1,ㄎㄨˇ ㄊㄨˊ
苦菜,1,ㄎㄨˇ ㄘㄞˋ
苦薏,1,ㄎㄨˇ ㄧˋ
苦處,1,ㄎㄨˇ ㄔㄨ˙
苦言,1,ㄎㄨˇ ㄧㄢˊ
苦諫,1,ㄎㄨˇ ㄐㄧㄢˋ
苦車,1,ㄎㄨˇ ㄔㄜ
苫布,1,ㄕㄢ ㄅㄨˋ
苫次,1,ㄕㄢ ㄘˋ
英儒,1,ㄧㄥ ㄖㄨˊ
英噸,1,ㄧㄥ ㄉㄨㄣˋ
英尋,1,ㄧㄥ ㄒㄩㄣˊ
英布,1,ㄧㄥ ㄅㄨˋ
英拔,1,ㄧㄥ ㄅㄚˊ
英毅,1,ㄧㄥ ㄧˋ
英爽,1,ㄧㄥ ㄕㄨㄤˇ
英物,1,ㄧㄥ ㄨˋ
英皇,1,ㄧㄥ ㄏㄨㄤˊ
英聲,1,ㄧㄥ ㄕㄥ
英里,1,ㄧㄥ ㄌㄧˇ
英銳,1,ㄧㄥ ㄖㄨㄟˋ
英風,1,ㄧㄥ ㄈㄥ
英髦,1,ㄧㄥ ㄇㄠˊ
苴布,1,ㄐㄩ ㄅㄨˋ
苴杖,1,ㄐㄩ ㄓㄤˋ
苴秸,1,ㄐㄩ ㄐㄧㄝ
苴絰,1,ㄐㄩ ㄉㄧㄝˊ
苴麻,1,ㄐㄩ ㄇㄚˊ
苹縈,1,ㄆㄧㄥˊ ㄧㄥˊ
苻秦,1,ㄈㄨˊ ㄑㄧㄣˊ
茁實,1,ㄓㄨㄛˊ ㄕ˙
茁茁,1,ㄓㄨㄛˊ ㄓㄨㄛˊ
茁長,1,ㄓㄨㄛˊ ㄓㄤˇ
茂典,1,ㄇㄠˋ ㄉㄧㄢˇ
茂勛,1,ㄇㄠˋ ㄒㄩㄣ
茂德,1,ㄇㄠˋ ㄉㄜˊ
茂才,1,ㄇㄠˋ ㄘㄞˊ
茂松,1,ㄇㄠˋ ㄙㄨㄥ
茂樹,1,ㄇㄠˋ ㄕㄨˋ
茂發,1,ㄇㄠˋ ㄈㄚ
茂績,1,ㄇㄠˋ ㄐㄧ
茂興,1,ㄇㄠˋ ㄒㄧㄥ
茂草,1,ㄇㄠˋ ㄘㄠˇ
茂行,1,ㄇㄠˋ ㄒㄧㄥˋ
茂親,1,ㄇㄠˋ ㄑㄧㄣ
茂陵,1,ㄇㄠˋ ㄌㄧㄥˊ
范增,1,ㄈㄢˋ ㄗㄥ
范寬,1,ㄈㄢˋ ㄎㄨㄢ
范曄,1,ㄈㄢˋ ㄧㄝˋ
范蠡,1,ㄈㄢˋ ㄌㄧˇ
范進,1,ㄈㄢˋ ㄐㄧㄣˋ
范雎,1,ㄈㄢˋ ㄐㄩ
茄克,1,ㄐㄧㄚ ㄎㄜˋ
茄科,1,ㄑㄧㄝˊ ㄎㄜ
茄袋,1,ㄑㄧㄝˊ ㄉㄞˋ
茄酸,1,ㄑㄧㄝˊ ㄙㄨㄢ
茅土,1,ㄇㄠˊ ㄊㄨˇ
茅店,1,ㄇㄠˊ ㄉㄧㄢˋ
茅廁,1,ㄇㄠˊ ㄙ˙
茅柴,1,ㄇㄠˊ ㄔㄞˊ
茅池,1,ㄇㄠˊ ㄔˊ
茅社,1,ㄇㄠˊ ㄕㄜˋ
茅簷,1,ㄇㄠˊ ㄧㄢˊ
茅紙,1,ㄇㄠˊ ㄓˇ
茅苫,1,ㄇㄠˊ ㄕㄢ
茅茨,1,ㄇㄠˊ ㄘˊ
茅茹,1,ㄇㄠˊ ㄖㄨˊ
茅莓,1,ㄇㄠˊ ㄇㄟˊ
茅蒲,1,ㄇㄠˊ ㄆㄨˊ
茅蜩,1,ㄇㄠˊ ㄊㄧㄠˊ
茅針,1,ㄇㄠˊ ㄓㄣ
茅黍,1,ㄇㄠˊ ㄕㄨˇ
茆店,1,ㄇㄠˊ ㄉㄧㄢˋ
茆茨,1,ㄇㄠˊ ㄘˊ
茇茇,1,ㄅㄟˋ ㄅㄟˋ
茈胡,1,ㄔㄞˊ ㄏㄨˊ
茉莉,1,ㄇㄛˋ ㄌㄧ˙
茌平,1,ㄔˊ ㄆㄧㄥˊ
茖蔥,1,ㄍㄜˊ ㄘㄨㄥ
茗圃,1,ㄇㄧㄥˊ ㄆㄨˇ
茗坊,1,ㄇㄧㄥˊ ㄈㄤ
茗戰,1,ㄇㄧㄥˊ ㄓㄢˋ
茙菽,1,ㄖㄨㄥˊ ㄕㄨˊ
茙葵,1,ㄖㄨㄥˊ ㄎㄨㄟˊ
茜草,1,ㄑㄧㄢˋ ㄘㄠˇ
茝若,1,ㄔㄞˇ ㄖㄨㄛˋ
茨菰,1,ㄘˊ ㄍㄨ
茨藻,1,ㄘˊ ㄗㄠˇ
茫洋,1,ㄇㄤˊ ㄧㄤˊ
茭白,1,ㄐㄧㄠ ㄅㄞˊ
茳芏,1,ㄐㄧㄤ ㄊㄨˇ
茳蘺,1,ㄐㄧㄤ ㄌㄧˊ
茵芋,1,ㄧㄣ ㄩˋ
茵藉,1,ㄧㄣ ㄐㄧㄝˋ
茵陳,1,ㄧㄣ ㄔㄣˊ
茵飪,1,ㄧㄣ ㄖㄣˋ
茶上,1,ㄔㄚˊ ㄕㄤ˙
茶亭,1,ㄔㄚˊ ㄊㄧㄥˊ
茶几,1,ㄔㄚˊ ㄐㄧˇ
茶包,1,ㄔㄚˊ ㄅㄠ
茶品,1,ㄔㄚˊ ㄆㄧㄣˇ
茶圍,1,ㄔㄚˊ ㄨㄟˊ
茶墨,1,ㄔㄚˊ ㄇㄛˋ
茶底,1,ㄔㄚˊ ㄉㄧˇ
茶引,1,ㄔㄚˊ ㄧㄣˇ
茶役,1,ㄔㄚˊ ㄧˋ
茶戶,1,ㄔㄚˊ ㄏㄨˋ
茶敬,1,ㄔㄚˊ ㄐㄧㄥˋ
茶旗,1,ㄔㄚˊ ㄑㄧˊ
茶晶,1,ㄔㄚˊ ㄐㄧㄥ
茶果,1,ㄔㄚˊ ㄍㄨㄛˇ
茶桌,1,ㄔㄚˊ ㄓㄨㄛ
茶棧,1,ㄔㄚˊ ㄓㄢˋ
茶業,1,ㄔㄚˊ ㄧㄝˋ
茶槍,1,ㄔㄚˊ ㄑㄧㄤ
茶毗,1,ㄔㄚˊ ㄆㄧˊ
茶法,1,ㄔㄚˊ ㄈㄚˇ
茶滷,1,ㄔㄚˊ ㄌㄨˇ
茶灶,1,ㄔㄚˊ ㄗㄠˋ
茶炊,1,ㄔㄚˊ ㄔㄨㄟ
茶焙,1,ㄔㄚˊ ㄅㄟˋ
茶燈,1,ㄔㄚˊ ㄉㄥ
茶盞,1,ㄔㄚˊ ㄓㄢˇ
茶社,1,ㄔㄚˊ ㄕㄜˋ
茶神,1,ㄔㄚˊ ㄕㄣˊ
茶禁,1,ㄔㄚˊ ㄐㄧㄣˋ
茶禮,1,ㄔㄚˊ ㄌㄧˇ
茶筅,1,ㄔㄚˊ ㄒㄧㄢˇ
茶素,1,ㄔㄚˊ ㄙㄨˋ
茶經,1,ㄔㄚˊ ㄐㄧㄥ
茶綱,1,ㄔㄚˊ ㄍㄤ
茶膏,1,ㄔㄚˊ ㄍㄠ
茶舞,1,ㄔㄚˊ ㄨˇ
茶船,1,ㄔㄚˊ ㄔㄨㄢˊ
茶芽,1,ㄔㄚˊ ㄧㄚˊ
茶茶,1,ㄔㄚˊ ㄔㄚˊ
茶菁,1,ㄔㄚˊ ㄐㄧㄥ
茶菊,1,ㄔㄚˊ ㄐㄩˊ
茶藝,1,ㄔㄚˊ ㄧˋ
茶蠶,1,ㄔㄚˊ ㄘㄢˊ
茶行,1,ㄔㄚˊ ㄏㄤˊ
茶衣,1,ㄔㄚˊ ㄧ
茶課,1,ㄔㄚˊ ㄎㄜˋ
茶金,1,ㄔㄚˊ ㄐㄧㄣ
茶錢,1,ㄔㄚˊ ㄑㄧㄢ˙
茶鍾,1,ㄔㄚˊ ㄓㄨㄥ
茶鏡,1,ㄔㄚˊ ㄐㄧㄥˋ
茶鏽,1,ㄔㄚˊ ㄒㄧㄡˋ
茶頭,1,ㄔㄚˊ ㄊㄡˊ
茶顛,1,ㄔㄚˊ ㄉㄧㄢ
茶食,1,ㄔㄚˊ ㄕ˙
茶餅,1,ㄔㄚˊ ㄅㄧㄥˇ
茶餘,1,ㄔㄚˊ ㄩˊ
茶鹼,1,ㄔㄚˊ ㄐㄧㄢˇ
茶鼎,1,ㄔㄚˊ ㄉㄧㄥˇ
茷茷,1,ㄈㄚˊ ㄈㄚˊ
茹荼,1,ㄖㄨˊ ㄊㄨˊ
茹葷,1,ㄖㄨˊ ㄏㄨㄣ
茺蔚,1,ㄔㄨㄥ ㄨㄟˋ
茼蒿,1,ㄊㄨㄥˊ ㄏㄠ
荀勖,1,ㄒㄩㄣˊ ㄒㄩˋ
荀卿,1,ㄒㄩㄣˊ ㄑㄧㄥ
荀彧,1,ㄒㄩㄣˊ ㄩˋ
荀悅,1,ㄒㄩㄣˊ ㄩㄝˋ
荀派,1,ㄒㄩㄣˊ ㄆㄞˋ
荃宰,1,ㄑㄩㄢˊ ㄗㄞˇ
荃察,1,ㄑㄩㄢˊ ㄔㄚˊ
荃葛,1,ㄑㄩㄢˊ ㄍㄜˇ
荃蹄,1,ㄑㄩㄢˊ ㄊㄧˊ
荅布,1,ㄉㄚˊ ㄅㄨˋ
荇菜,1,ㄒㄧㄥˋ ㄘㄞˋ
草偃,1,ㄘㄠˇ ㄧㄢˇ
草妖,1,ㄘㄠˇ ㄧㄠ
草寮,1,ㄘㄠˇ ㄌㄧㄠˊ
草屋,1,ㄘㄠˇ ㄨ
草市,1,ㄘㄠˇ ㄕˋ
草把,1,ㄘㄠˇ ㄅㄚˇ
草榻,1,ㄘㄠˇ ㄊㄚˋ
草次,1,ㄘㄠˇ ㄘˋ
草民,1,ㄘㄠˇ ㄇㄧㄣˊ
草灰,1,ㄘㄠˇ ㄏㄨㄟ
草炭,1,ㄘㄠˇ ㄊㄢˋ
草烏,1,ㄘㄠˇ ㄨ
草略,1,ㄘㄠˇ ㄌㄩㄝˋ
草竊,1,ㄘㄠˇ ㄑㄧㄝˋ
草篆,1,ㄘㄠˇ ㄓㄨㄢˋ
草簽,1,ㄘㄠˇ ㄑㄧㄢ
草編,1,ㄘㄠˇ ㄅㄧㄢ
草舍,1,ㄘㄠˇ ㄕㄜˋ
草茅,1,ㄘㄠˇ ㄇㄠˊ
草荐,1,ㄘㄠˇ ㄐㄧㄢˋ
草荒,1,ㄘㄠˇ ㄏㄨㄤ
草藤,1,ㄘㄠˇ ㄊㄥˊ
草蘭,1,ㄘㄠˇ ㄌㄢˊ
草螽,1,ㄘㄠˇ ㄓㄨㄥ
草衣,1,ㄘㄠˇ ㄧ
草賊,1,ㄘㄠˇ ㄗㄟˊ
草鄙,1,ㄘㄠˇ ㄅㄧˇ
草隸,1,ㄘㄠˇ ㄌㄧˋ
草驢,1,ㄘㄠˇ ㄌㄩˊ
草體,1,ㄘㄠˇ ㄊㄧˇ
荊人,1,ㄐㄧㄥ ㄖㄣˊ
荊南,1,ㄐㄧㄥ ㄋㄢˊ
荊妻,1,ㄐㄧㄥ ㄑㄧ
荊室,1,ㄐㄧㄥ ㄕˋ
荊尸,1,ㄐㄧㄥ ㄕ
荊山,1,ㄐㄧㄥ ㄕㄢ
荊布,1,ㄐㄧㄥ ㄅㄨˋ
荊杞,1,ㄐㄧㄥ ㄑㄧˇ
荊柴,1,ㄐㄧㄥ ㄔㄞˊ
荊楚,1,ㄐㄧㄥ ㄔㄨˇ
荊璞,1,ㄐㄧㄥ ㄆㄨˊ
荊芥,1,ㄐㄧㄥ ㄐㄧㄝˋ
荊薪,1,ㄐㄧㄥ ㄒㄧㄣ
荊門,1,ㄐㄧㄥ ㄇㄣˊ
荏弱,1,ㄖㄣˇ ㄖㄨㄛˋ
荏染,1,ㄖㄣˇ ㄖㄢˇ
荐食,1,ㄐㄧㄢˋ ㄕˊ
荐饑,1,ㄐㄧㄢˋ ㄐㄧ
荒亡,1,ㄏㄨㄤ ㄨㄤˊ
荒佚,1,ㄏㄨㄤ ㄧˋ
荒信,1,ㄏㄨㄤ ㄒㄧㄣˋ
荒傖,1,ㄏㄨㄤ ㄘㄤ
荒外,1,ㄏㄨㄤ ㄨㄞˋ
荒失,1,ㄏㄨㄤ ㄕ
荒寧,1,ㄏㄨㄤ ㄋㄧㄥˊ
荒居,1,ㄏㄨㄤ ㄐㄩ
荒幼,1,ㄏㄨㄤ ㄧㄡˋ
荒忙,1,ㄏㄨㄤ ㄇㄤˊ
荒忽,1,ㄏㄨㄤ ㄏㄨ
荒急,1,ㄏㄨㄤ ㄐㄧˊ
荒月,1,ㄏㄨㄤ ㄩㄝˋ
荒服,1,ㄏㄨㄤ ㄈㄨˊ
荒歉,1,ㄏㄨㄤ ㄑㄧㄢˋ
荒湎,1,ㄏㄨㄤ ㄇㄧㄢˇ
荒狂,1,ㄏㄨㄤ ㄎㄨㄤˊ
荒腆,1,ㄏㄨㄤ ㄊㄧㄢˇ
荒荒,1,ㄏㄨㄤ ㄏㄨㄤ
荒裔,1,ㄏㄨㄤ ㄧˋ
荒遐,1,ㄏㄨㄤ ㄒㄧㄚˊ
荒銀,1,ㄏㄨㄤ ㄧㄣˊ
荒陬,1,ㄏㄨㄤ ㄗㄡ
荒頓,1,ㄏㄨㄤ ㄉㄨㄣˋ
荔奴,1,ㄌㄧˋ ㄋㄨˊ
荔子,1,ㄌㄧˋ ㄗˇ
荷包,1,ㄏㄜˊ ㄅㄠ˙
荷懼,1,ㄏㄜˋ ㄐㄩˋ
荷月,1,ㄏㄜˊ ㄩㄝˋ
荷蓑,1,ㄏㄜˋ ㄙㄨㄛ
荷衣,1,ㄏㄜˊ ㄧ
荷鋤,1,ㄏㄜˋ ㄔㄨˊ
荼壘,1,ㄕㄨ ㄌㄩˋ
荼炭,1,ㄊㄨˊ ㄊㄢˋ
荼蓼,1,ㄊㄨˊ ㄌㄧㄠˇ
荼蘼,1,ㄊㄨˊ ㄇㄧˊ
荼首,1,ㄊㄨˊ ㄕㄡˇ
莊客,1,ㄓㄨㄤ ㄎㄜˋ
莊家,1,ㄓㄨㄤ ㄐㄧㄚ˙
莊房,1,ㄓㄨㄤ ㄈㄤˊ
莊稼,1,ㄓㄨㄤ ㄐㄧㄚ˙
莊語,1,ㄓㄨㄤ ㄩˇ
莊農,1,ㄓㄨㄤ ㄋㄨㄥˊ
莊騷,1,ㄓㄨㄤ ㄙㄠ
莎雞,1,ㄕㄚ ㄐㄧ
莒刀,1,ㄐㄩˇ ㄉㄠ
莒縣,1,ㄐㄩˇ ㄒㄧㄢˋ
莓枝,1,ㄇㄟˊ ㄓ
莓莓,1,ㄇㄟˊ ㄇㄟˊ
莕菜,1,ㄒㄧㄥˋ ㄘㄞˋ
莖稈,1,ㄐㄧㄥ ㄍㄢˇ
莘莘,1,ㄕㄣ ㄕㄣ
莝草,1,ㄘㄨㄛˋ ㄘㄠˇ
莠言,1,ㄧㄡˋ ㄧㄢˊ
莢錢,1,ㄐㄧㄚˊ ㄑㄧㄢˊ
莨綢,1,ㄌㄧㄤˊ ㄔㄡˊ
莩末,1,ㄈㄨˊ ㄇㄛˋ
莩甲,1,ㄈㄨˊ ㄐㄧㄚˇ
莪蒿,1,ㄜˊ ㄏㄠ
莫內,1,ㄇㄛˋ ㄋㄟˋ
莫府,1,ㄇㄨˋ ㄈㄨˇ
莫得,1,ㄇㄛˋ ㄉㄜˊ
莫愁,1,ㄇㄛˋ ㄔㄡˊ
莫教,1,ㄇㄛˋ ㄐㄧㄠˋ
莫春,1,ㄇㄨˋ ㄔㄨㄣ
莫是,1,ㄇㄛˋ ㄕˋ
莫景,1,ㄇㄨˋ ㄐㄧㄥˇ
莫比,1,ㄇㄛˋ ㄅㄧˇ
莫甘,1,ㄇㄛˋ ㄍㄢ
莫當,1,ㄇㄛˋ ㄉㄤ
莫邪,1,ㄇㄛˋ ㄧㄝˊ
莫顯,1,ㄇㄛˋ ㄒㄧㄢˇ
莽然,1,ㄇㄤˇ ㄖㄢˊ
莽草,1,ㄇㄤˇ ㄘㄠˇ
莽跳,1,ㄇㄤˇ ㄊㄧㄠˋ
莽鹵,1,ㄇㄤˇ ㄌㄨˇ
菀枯,1,ㄩˋ ㄎㄨ
菀柳,1,ㄩˋ ㄌㄧㄡˇ
菁茅,1,ㄐㄧㄥ ㄇㄠˊ
菁莪,1,ㄐㄧㄥ ㄜˊ
菁菁,1,ㄐㄧㄥ ㄐㄧㄥ
菅屨,1,ㄐㄧㄢ ㄐㄩˋ
菉豆,1,ㄌㄩˋ ㄉㄡˋ
菊壇,1,ㄐㄩˊ ㄊㄢˊ
菊月,1,ㄐㄩˊ ㄩㄝˋ
菊枕,1,ㄐㄩˊ ㄓㄣˇ
菊版,1,ㄐㄩˊ ㄅㄢˇ
菊石,1,ㄐㄩˊ ㄕˊ
菊秋,1,ㄐㄩˊ ㄑㄧㄡ
菊科,1,ㄐㄩˊ ㄎㄜ
菊糖,1,ㄐㄩˊ ㄊㄤˊ
菊芋,1,ㄐㄩˊ ㄩˋ
菊苣,1,ㄐㄩˊ ㄐㄩˋ
菌子,1,ㄐㄩㄣˋ ㄗ˙
菌幕,1,ㄐㄩㄣˋ ㄇㄨˋ
菌柄,1,ㄐㄩㄣˋ ㄅㄧㄥˇ
菌根,1,ㄐㄩㄣˋ ㄍㄣ
菌桂,1,ㄐㄩㄣˋ ㄍㄨㄟˋ
菌蓋,1,ㄐㄩㄣˋ ㄍㄞˋ
菌質,1,ㄐㄩㄣˋ ㄓˊ
菑畬,1,ㄗ ㄩˊ
菖蘭,1,ㄔㄤ ㄌㄢˊ
菖鮋,1,ㄔㄤ ㄧㄡˊ
菘菜,1,ㄙㄨㄥ ㄘㄞˋ
菜式,1,ㄘㄞˋ ㄕˋ
菜案,1,ㄘㄞˋ ㄢˋ
菜秧,1,ㄘㄞˋ ㄧㄤ
菜茹,1,ㄘㄞˋ ㄖㄨˊ
菜頭,1,ㄘㄞˋ ㄊㄡˊ
菜饌,1,ㄘㄞˋ ㄓㄨㄢˋ
菜馬,1,ㄘㄞˋ ㄇㄚˇ
菟絲,1,ㄊㄨˋ ㄙ
菟葵,1,ㄊㄨˋ ㄎㄨㄟˊ
菟裘,1,ㄊㄨˋ ㄑㄧㄡˊ
菫菜,1,ㄐㄧㄣˇ ㄘㄞˋ
華元,1,ㄏㄨㄚˋ ㄩㄢˊ
華光,1,ㄏㄨㄚˊ ㄍㄨㄤ
華宗,1,ㄏㄨㄚˊ ㄗㄨㄥ
華岳,1,ㄏㄨㄚˋ ㄩㄝˋ
華嵒,1,ㄏㄨㄚˋ ㄧㄢˊ
華嶽,1,ㄏㄨㄚˋ ㄩㄝˋ
華志,1,ㄏㄨㄚˊ ㄓˋ
華歆,1,ㄏㄨㄚˋ ㄒㄧㄣ
華池,1,ㄏㄨㄚ ㄔˊ
華池,1,ㄏㄨㄚˊ ㄔˊ
華甸,1,ㄏㄨㄚˊ ㄉㄧㄢˋ
華簪,1,ㄏㄨㄚˊ ㄗㄢ
華翰,1,ㄏㄨㄚˊ ㄏㄢˋ
華胄,1,ㄏㄨㄚˊ ㄓㄡˋ
華胥,1,ㄏㄨㄚˊ ㄒㄩ
華腴,1,ㄏㄨㄚˊ ㄩˊ
華膴,1,ㄏㄨㄚˊ ㄨˇ
華萼,1,ㄏㄨㄚ ㄜˋ
華辭,1,ㄏㄨㄚˊ ㄘˊ
華鄂,1,ㄏㄨㄚ ㄜˋ
華靡,1,ㄏㄨㄚˊ ㄇㄧˇ
華鬢,1,ㄏㄨㄚˊ ㄅㄧㄣˋ
菰粱,1,ㄍㄨ ㄌㄧㄤˊ
菰菜,1,ㄍㄨ ㄘㄞˋ
菱歌,1,ㄌㄧㄥˊ ㄍㄜ
菱花,1,ㄌㄧㄥˊ ㄏㄨㄚ
菱角,1,ㄌㄧㄥˊ ㄐㄧㄠ˙
菲儀,1,ㄈㄟˇ ㄧˊ
菲敬,1,ㄈㄟˇ ㄐㄧㄥˋ
菲材,1,ㄈㄟˇ ㄘㄞˊ
菲林,1,ㄈㄟ ㄌㄧㄣˊ
菲菲,1,ㄈㄟ ㄈㄟ
菲菲,1,ㄈㄟˇ ㄈㄟˇ
菲藝,1,ㄈㄟˇ ㄧˋ
菲酌,1,ㄈㄟˇ ㄓㄨㄛˊ
菴婪,1,ㄢ ㄌㄢˊ
菴廬,1,ㄢ ㄌㄨˊ
菴舍,1,ㄢ ㄕㄜˋ
菴菴,1,ㄢˋ ㄢˋ
菴藹,1,ㄢˋ ㄞˇ
菶菶,1,ㄅㄥˇ ㄅㄥˇ
菸捲,1,ㄧㄢ ㄐㄩㄢˇ
菸斗,1,ㄧㄢ ㄉㄡˇ
菸灰,1,ㄧㄢ ㄏㄨㄟ
菸禁,1,ㄧㄢ ㄐㄧㄣˋ
菸蒂,1,ㄧㄢ ㄉㄧˋ
菸農,1,ㄧㄢ ㄋㄨㄥˊ
菸頭,1,ㄧㄢ ㄊㄡˊ
菹醢,1,ㄐㄩ ㄏㄞˇ
菽乳,1,ㄕㄨˊ ㄖㄨˇ
菽水,1,ㄕㄨˊ ㄕㄨㄟˇ
菽粟,1,ㄕㄨˊ ㄙㄨˋ
菽糜,1,ㄕㄨˊ ㄇㄧˊ
萁服,1,ㄑㄧˊ ㄈㄨˊ
萁豆,1,ㄑㄧˊ ㄉㄡˋ
萃然,1,ㄘㄨㄟˋ ㄖㄢˊ
萆薢,1,ㄅㄧˋ ㄒㄧㄝˋ
萆麻,1,ㄅㄧˋ ㄇㄚˊ
萇楚,1,ㄔㄤˊ ㄔㄨˇ
萊卡,1,ㄌㄞˊ ㄎㄚˇ
萊妻,1,ㄌㄞˊ ㄑㄧ
萊彩,1,ㄌㄞˊ ㄘㄞˇ
萊衣,1,ㄌㄞˊ ㄧ
萋迷,1,ㄑㄧ ㄇㄧˊ
萌櫱,1,ㄇㄥˊ ㄋㄧㄝˋ
萌茁,1,ㄇㄥˊ ㄓㄨㄛˊ
萌隸,1,ㄇㄥˊ ㄌㄧˋ
萌黎,1,ㄇㄥˊ ㄌㄧˊ
萍寄,1,ㄆㄧㄥˊ ㄐㄧˋ
萍實,1,ㄆㄧㄥˊ ㄕˊ
萍梗,1,ㄆㄧㄥˊ ㄍㄥˇ
萍水,1,ㄆㄧㄥˊ ㄕㄨㄟˇ
萍泊,1,ㄆㄧㄥˊ ㄅㄛˊ
萍浮,1,ㄆㄧㄥˊ ㄈㄨˊ
萍聚,1,ㄆㄧㄥˊ ㄐㄩˋ
萍蓬,1,ㄆㄧㄥˊ ㄆㄥˊ
萎靡,1,ㄨㄟ ㄇㄧˇ
萐莆,1,ㄕㄚˋ ㄈㄨˇ
萑苻,1,ㄏㄨㄢˊ ㄈㄨˊ
萬仞,1,ㄨㄢˋ ㄖㄣˋ
萬壑,1,ㄨㄢˋ ㄏㄨㄛˋ
萬幾,1,ㄨㄢˋ ㄐㄧ
萬急,1,ㄨㄢˋ ㄐㄧˊ
萬把,1,ㄨㄢˋ ㄅㄚ˙
萬望,1,ㄨㄢˋ ㄨㄤˋ
萬機,1,ㄨㄢˋ ㄐㄧ
萬石,1,ㄨㄢˋ ㄉㄢˋ
萬竅,1,ㄨㄢˋ ㄑㄧㄠˋ
萬緣,1,ㄨㄢˋ ㄩㄢˊ
萬葉,1,ㄨㄢˋ ㄧㄝˋ
萬鍾,1,ㄨㄢˋ ㄓㄨㄥ
萬難,1,ㄨㄢˋ ㄋㄢˋ
萬頃,1,ㄨㄢˋ ㄑㄧㄥˇ
萯陽,1,ㄅㄟˋ ㄧㄤˊ
萱花,1,ㄒㄩㄢ ㄏㄨㄚ
萴子,1,ㄗㄜˊ ㄗˇ
萸觴,1,ㄩˊ ㄕㄤ
萹蓄,1,ㄆㄧㄢ ㄒㄩˋ
萹豆,1,ㄅㄧㄢˇ ㄉㄡˋ
萼花,1,ㄜˋ ㄏㄨㄚ
落下,1,ㄌㄚˋ ㄒㄧㄚ˙
落下,1,ㄌㄨㄛˋ ㄒㄧㄚ˙
落了,1,ㄌㄚˋ ㄌㄜ˙
落了,1,ㄌㄠˋ ㄌㄜ˙
落作,1,ㄌㄠˋ ㄗㄨㄛ
落保,1,ㄌㄨㄛˋ ㄅㄠˇ
落價,1,ㄌㄨㄛˋ ㄐㄧㄚˋ
落卷,1,ㄌㄨㄛˋ ㄐㄩㄢˋ
落地,1,ㄌㄠˋ ㄉㄧˋ
落場,1,ㄌㄚˋ ㄔㄤˊ
落墨,1,ㄌㄨㄛˋ ㄇㄛˋ
落套,1,ㄌㄨㄛˋ ㄊㄠˋ
落子,1,ㄌㄠˋ ㄗ˙
落局,1,ㄌㄨㄛˋ ㄐㄩˊ
落帳,1,ㄌㄠˋ ㄓㄤˋ
落度,1,ㄌㄨㄛˋ ㄉㄨㄛˋ
落彀,1,ㄌㄨㄛˋ ㄍㄡˋ
落忍,1,ㄌㄠˋ ㄖㄣˇ
落手,1,ㄌㄨㄛˋ ㄕㄡˇ
落托,1,ㄌㄨㄛˋ ㄊㄨㄛ
落文,1,ㄌㄨㄛˋ ㄨㄣˊ
落末,1,ㄌㄨㄛˋ ㄇㄛˋ
落枕,1,ㄌㄠˋ ㄓㄣˇ
落架,1,ㄌㄠˋ ㄐㄧㄚˋ
落槽,1,ㄌㄠˋ ㄘㄠˊ
落泊,1,ㄌㄨㄛˋ ㄅㄛˊ
落炕,1,ㄌㄠˋ ㄎㄤˋ
落生,1,ㄌㄨㄛˋ ㄕㄥ
落盤,1,ㄌㄨㄛˋ ㄆㄢˊ
落磐,1,ㄌㄨㄛˋ ㄆㄢˊ
落神,1,ㄌㄚˋ ㄕㄣˊ
落空,1,ㄌㄚˋ ㄎㄨㄥˋ
落紅,1,ㄌㄨㄛˋ ㄏㄨㄥˊ
落索,1,ㄌㄨㄛˋ ㄙㄨㄛˇ
落脈,1,ㄌㄨㄛˋ ㄇㄞˋ
落膽,1,ㄌㄨㄛˋ ㄉㄢˇ
落臺,1,ㄌㄨㄛˋ ㄊㄞˊ
落色,1,ㄌㄨㄛˋ ㄙㄜˋ
落莫,1,ㄌㄨㄛˋ ㄇㄛˋ
落葵,1,ㄌㄨㄛˋ ㄎㄨㄟˊ
落薄,1,ㄌㄨㄛˋ ㄅㄛˊ
落解,1,ㄌㄨㄛˋ ㄐㄧㄝˇ
落足,1,ㄌㄨㄛˋ ㄗㄨˊ
落路,1,ㄌㄨㄛˋ ㄌㄨˋ
落鄉,1,ㄌㄨㄛˋ ㄒㄧㄤ
落鈔,1,ㄌㄨㄛˋ ㄔㄠ
落錢,1,ㄌㄨㄛˋ ㄑㄧㄢˊ
落雪,1,ㄌㄨㄛˋ ㄒㄩㄝˇ
落雷,1,ㄌㄨㄛˋ ㄌㄟˊ
落題,1,ㄌㄨㄛˋ ㄊㄧˊ
落馬,1,ㄌㄨㄛˋ ㄇㄚˇ
落魄,1,ㄌㄨㄛˋ ㄊㄨㄛˋ
葄枕,1,ㄗㄨㄛˋ ㄓㄣˋ
葅醢,1,ㄐㄩ ㄏㄞˇ
葆光,1,ㄅㄠˇ ㄍㄨㄤ
葆江,1,ㄅㄠˇ ㄐㄧㄤ
葆真,1,ㄅㄠˇ ㄓㄣ
葆葆,1,ㄅㄠˇ ㄅㄠˇ
葉兒,1,ㄧㄝˋ ㄦˊ
葉原,1,ㄧㄝˋ ㄩㄢˊ
葉堂,1,ㄧㄝˋ ㄊㄤˊ
葉序,1,ㄧㄝˋ ㄒㄩˋ
葉形,1,ㄧㄝˋ ㄒㄧㄥˊ
葉慈,1,ㄧㄝˋ ㄘˊ
葉拱,1,ㄧㄝˋ ㄍㄨㄥˇ
葉枝,1,ㄧㄝˋ ㄓ
葉王,1,ㄧㄝˋ ㄨㄤˊ
葉緣,1,ㄧㄝˋ ㄩㄢˊ
葉縣,1,ㄕㄜˋ ㄒㄧㄢˋ
葉肥,1,ㄧㄝˋ ㄈㄟˊ
葉蜂,1,ㄧㄝˋ ㄈㄥ
葉蟬,1,ㄧㄝˋ ㄔㄢˊ
葉語,1,ㄧㄝˋ ㄩˇ
葉跡,1,ㄧㄝˋ ㄐㄧ
葉軸,1,ㄧㄝˋ ㄓㄡˊ
葉適,1,ㄧㄝˋ ㄕˋ
葑田,1,ㄈㄥ ㄊㄧㄢˊ
葑菲,1,ㄈㄥ ㄈㄟˇ
著人,1,ㄓㄨㄛˊ ㄖㄣˊ
著即,1,ㄓㄨㄛˊ ㄐㄧˊ
著地,1,ㄓㄨㄛˊ ㄉㄜ˙
著己,1,ㄓㄨㄛˊ ㄐㄧˇ
著床,1,ㄓㄨㄛˊ ㄔㄨㄤˊ
著志,1,ㄓㄨㄛˊ ㄓˋ
著忙,1,ㄓㄠˊ ㄇㄤˊ
著惱,1,ㄓㄨㄛˊ ㄋㄠˇ
著意,1,ㄓㄨㄛˊ ㄧˋ
著摸,1,ㄓㄨㄛˊ ㄇㄛ
著數,1,ㄓㄠ ㄕㄨˋ
著數,1,ㄓㄨㄛˊ ㄕㄨˇ
著棋,1,ㄓㄨㄛˊ ㄑㄧˊ
著水,1,ㄓㄨㄛˊ ㄕㄨㄟˇ
著然,1,ㄓㄨㄛˊ ㄖㄢˊ
著甚,1,ㄓㄨㄛˊ ㄕㄣˊ
著用,1,ㄓㄠˊ ㄩㄥˋ
著緊,1,ㄓㄨㄛˊ ㄐㄧㄣˇ
著肉,1,ㄓㄠˊ ㄖㄡˋ
著腳,1,ㄓㄨㄛˊ ㄐㄧㄠˇ
著花,1,ㄓㄨㄛˊ ㄏㄨㄚ
著莫,1,ㄓㄨㄛˊ ㄇㄛˋ
著落,1,ㄓㄨㄛˊ ㄌㄨㄛ˙
著處,1,ㄓㄨㄛˊ ㄔㄨˋ
著論,1,ㄓㄨˋ ㄌㄨㄣˋ
著跡,1,ㄓㄠˊ ㄐㄧ
著身,1,ㄓㄨㄛˊ ㄕㄣ
著道,1,ㄓㄠˊ ㄉㄠˋ
著錄,1,ㄓㄨˋ ㄌㄨˋ
著雨,1,ㄓㄨㄛˊ ㄩˇ
著題,1,ㄓㄨㄛˊ ㄊㄧˊ
著風,1,ㄓㄠ ㄈㄥ
葛屨,1,ㄍㄜˊ ㄐㄩˋ
葛巾,1,ㄍㄜˊ ㄐㄧㄣ
葛摩,1,ㄍㄜˇ ㄇㄛˊ
葛洪,1,ㄍㄜˇ ㄏㄨㄥˊ
葛玄,1,ㄍㄜˇ ㄒㄩㄢˊ
葛生,1,ㄍㄜˊ ㄕㄥ
葛藟,1,ㄍㄜˊ ㄌㄟˇ
葛衣,1,ㄍㄜˊ ㄧ
葛覃,1,ㄍㄜˊ ㄊㄢˊ
葛越,1,ㄍㄜˊ ㄩㄝˋ
董正,1,ㄉㄨㄥˇ ㄓㄥˋ
董永,1,ㄉㄨㄥˇ ㄩㄥˇ
董狐,1,ㄉㄨㄥˇ ㄏㄨˊ
葦塘,1,ㄨㄟˇ ㄊㄤˊ
葦杖,1,ㄨㄟˇ ㄓㄤˋ
葦箔,1,ㄨㄟˇ ㄅㄛˊ
葧薺,1,ㄅㄛˊ ㄑㄧˊ
葫蘆,1,ㄏㄨˊ ㄌㄨ˙
葬師,1,ㄗㄤˋ ㄕ
葭灰,1,ㄐㄧㄚ ㄏㄨㄟ
葭莩,1,ㄐㄧㄚ ㄈㄨˊ
葭葦,1,ㄐㄧㄚ ㄨㄟˇ
葳蕤,1,ㄨㄟ ㄖㄨㄟˊ
葵傾,1,ㄎㄨㄟˊ ㄑㄧㄥ
葵藿,1,ㄎㄨㄟˊ ㄏㄨㄛˋ
葶藶,1,ㄊㄧㄥˊ ㄌㄧˋ
葷允,1,ㄒㄩㄣ ㄩㄣˇ
葷粥,1,ㄒㄩㄣ ㄩˋ
葺屋,1,ㄑㄧˋ ㄨ
葺襲,1,ㄑㄧˋ ㄒㄧˊ
蒂芥,1,ㄉㄧˋ ㄐㄧㄝˋ
蒐索,1,ㄙㄡ ㄙㄨㄛˇ
蒔秧,1,ㄕˊ ㄧㄤ
蒔繪,1,ㄕˊ ㄏㄨㄟˋ
蒔花,1,ㄕˊ ㄏㄨㄚ
蒗蕖,1,ㄌㄤˋ ㄑㄩˊ
蒙冤,1,ㄇㄥˊ ㄩㄢ
蒙叟,1,ㄇㄥˊ ㄙㄡˇ
蒙吏,1,ㄇㄥˊ ㄌㄧˋ
蒙哄,1,ㄇㄥˊ ㄏㄨㄥˇ
蒙哥,1,ㄇㄥˊ ㄍㄜ
蒙坑,1,ㄇㄥˊ ㄎㄥ
蒙學,1,ㄇㄥˊ ㄒㄩㄝˊ
蒙師,1,ㄇㄥˊ ㄕ
蒙席,1,ㄇㄥˊ ㄒㄧˊ
蒙愛,1,ㄇㄥˊ ㄞˋ
蒙戎,1,ㄇㄥˊ ㄖㄨㄥˊ
蒙拾,1,ㄇㄥˊ ㄕˊ
蒙求,1,ㄇㄥˊ ㄑㄧㄡˊ
蒙汜,1,ㄇㄥˊ ㄙˋ
蒙田,1,ㄇㄥˊ ㄊㄧㄢˊ
蒙稚,1,ㄇㄥˊ ㄓˋ
蒙童,1,ㄇㄥˊ ㄊㄨㄥˊ
蒙籠,1,ㄇㄥˊ ㄌㄨㄥˊ
蒙絡,1,ㄇㄥˊ ㄌㄨㄛˋ
蒙莊,1,ㄇㄥˊ ㄓㄨㄤ
蒙藥,1,ㄇㄥˊ ㄧㄠˋ
蒙蘢,1,ㄇㄥˊ ㄌㄨㄥˊ
蒙衝,1,ㄇㄥˊ ㄔㄨㄥ
蒙谷,1,ㄇㄥˊ ㄍㄨˇ
蒙養,1,ㄇㄥˊ ㄧㄤˇ
蒙館,1,ㄇㄥˊ ㄍㄨㄢˇ
蒜條,1,ㄙㄨㄢˋ ㄊㄧㄠˊ
蒜毫,1,ㄙㄨㄢˋ ㄏㄠˊ
蒜薹,1,ㄙㄨㄢˋ ㄊㄞˊ
蒜髮,1,ㄙㄨㄢˋ ㄈㄚˇ
蒜黃,1,ㄙㄨㄢˋ ㄏㄨㄤˊ
蒞任,1,ㄌㄧˋ ㄖㄣˋ
蒞官,1,ㄌㄧˋ ㄍㄨㄢ
蒞止,1,ㄌㄧˋ ㄓˇ
蒞盟,1,ㄌㄧˋ ㄇㄥˊ
蒞祚,1,ㄌㄧˋ ㄗㄨㄛˋ
蒞蒞,1,ㄌㄧˋ ㄌㄧˋ
蒟醬,1,ㄐㄩˇ ㄐㄧㄤˋ
蒨蒨,1,ㄑㄧㄢˋ ㄑㄧㄢˋ
蒪苴,1,ㄆㄛˋ ㄐㄩ
蒯通,1,ㄎㄨㄞˇ ㄊㄨㄥ
蒱戲,1,ㄆㄨˊ ㄒㄧˋ
蒲伏,1,ㄆㄨˊ ㄈㄨˊ
蒲劇,1,ㄆㄨˊ ㄐㄩˋ
蒲坂,1,ㄆㄨˊ ㄅㄢˇ
蒲城,1,ㄆㄨˊ ㄔㄥˊ
蒲戲,1,ㄆㄨˊ ㄒㄧˋ
蒲月,1,ㄆㄨˊ ㄩㄝˋ
蒲服,1,ㄆㄨˊ ㄈㄨˊ
蒲桃,1,ㄆㄨˊ ㄊㄠˊ
蒲棒,1,ㄆㄨˊ ㄅㄤˋ
蒲津,1,ㄆㄨˊ ㄐㄧㄣ
蒲牢,1,ㄆㄨˊ ㄌㄠˊ
蒲瓜,1,ㄆㄨˊ ㄍㄨㄚ
蒲甘,1,ㄆㄨˊ ㄍㄢ
蒲籃,1,ㄆㄨˊ ㄌㄢˊ
蒲絨,1,ㄆㄨˊ ㄖㄨㄥˊ
蒲羅,1,ㄆㄨˊ ㄌㄨㄛˊ
蒲艾,1,ㄆㄨˊ ㄞˋ
蒲草,1,ㄆㄨˊ ㄘㄠˇ
蒲萄,1,ㄆㄨˊ ㄊㄠˊ
蒲蘆,1,ㄆㄨˊ ㄌㄨˊ
蒲蠻,1,ㄆㄨˊ ㄇㄢˊ
蒲觴,1,ㄆㄨˊ ㄕㄤ
蒲車,1,ㄆㄨˊ ㄔㄜ
蒲輪,1,ㄆㄨˊ ㄌㄨㄣˊ
蒲關,1,ㄆㄨˊ ㄍㄨㄢ
蒲阪,1,ㄆㄨˊ ㄅㄢˇ
蒲鞋,1,ㄆㄨˊ ㄒㄧㄝˊ
蒲鞭,1,ㄆㄨˊ ㄅㄧㄢ
蒲鞵,1,ㄆㄨˊ ㄒㄧㄝˊ
蒴帽,1,ㄕㄨㄛˋ ㄇㄠˋ
蒴柄,1,ㄕㄨㄛˋ ㄅㄧㄥˇ
蒸庶,1,ㄓㄥ ㄕㄨˋ
蒸民,1,ㄓㄥ ㄇㄧㄣˊ
蒸臉,1,ㄓㄥ ㄌㄧㄢˇ
蒸藜,1,ㄓㄥ ㄌㄧˊ
蒸露,1,ㄓㄥ ㄌㄨˋ
蒸食,1,ㄓㄥ ㄕˊ
蒹葭,1,ㄐㄧㄢ ㄐㄧㄚ
蒻席,1,ㄖㄨㄛˋ ㄒㄧˊ
蒼勁,1,ㄘㄤ ㄐㄧㄥˋ
蒼朮,1,ㄘㄤ ㄓㄨˊ
蒼梧,1,ㄘㄤ ㄨˊ
蒼筤,1,ㄘㄤ ㄌㄤˊ
蒼苔,1,ㄘㄤ ㄊㄞˊ
蒼蠅,1,ㄘㄤ ㄧㄥ˙
蒼霧,1,ㄘㄤ ㄨˋ
蒼頭,1,ㄘㄤ ㄊㄡˊ
蒼髯,1,ㄘㄤ ㄖㄢˊ
蒼鬱,1,ㄘㄤ ㄩˋ
蒼鳥,1,ㄘㄤ ㄋㄧㄠˇ
蒼鶻,1,ㄘㄤ ㄏㄨˊ
蒿宮,1,ㄏㄠ ㄍㄨㄥ
蒿廬,1,ㄏㄠ ㄌㄨˊ
蒿惱,1,ㄏㄠ ㄋㄠˇ
蒿目,1,ㄏㄠ ㄇㄨˋ
蒿草,1,ㄏㄠ ㄘㄠˇ
蒿萊,1,ㄏㄠ ㄌㄞˊ
蒿里,1,ㄏㄠ ㄌㄧˇ
蓀壁,1,ㄙㄨㄣ ㄅㄧˋ
蓀美,1,ㄙㄨㄣ ㄇㄟˇ
蓁椒,1,ㄑㄧㄣˊ ㄐㄧㄠ
蓁荒,1,ㄓㄣ ㄏㄨㄤ
蓁莽,1,ㄓㄣ ㄇㄤˇ
蓁蓁,1,ㄓㄣ ㄓㄣ
蓂莢,1,ㄇㄧㄥˊ ㄐㄧㄚˊ
蓄志,1,ㄒㄩˋ ㄓˋ
蓄念,1,ㄒㄩˋ ㄋㄧㄢˋ
蓄恨,1,ㄒㄩˋ ㄏㄣˋ
蓄書,1,ㄒㄩˋ ㄕㄨ
蓄火,1,ㄒㄩˋ ㄏㄨㄛˇ
蓄疑,1,ㄒㄩˋ ㄧˊ
蓄縮,1,ㄒㄩˋ ㄙㄨㄛ
蓄艾,1,ㄒㄩˋ ㄞˋ
蓄足,1,ㄒㄩˋ ㄗㄨˊ
蓄銳,1,ㄒㄩˋ ㄖㄨㄟˋ
蓆棚,1,ㄒㄧˊ ㄆㄥˊ
蓉城,1,ㄖㄨㄥˊ ㄔㄥˊ
蓊勃,1,ㄨㄥˇ ㄅㄛˊ
蓊茸,1,ㄨㄥˇ ㄖㄨㄥˇ
蓊蓊,1,ㄨㄥˇ ㄨㄥˇ
蓊薆,1,ㄨㄥˇ ㄞˋ
蓊郁,1,ㄨㄥˇ ㄩˋ
蓋人,1,ㄍㄞˋ ㄖㄣˊ
蓋代,1,ㄍㄞˋ ㄉㄞˋ
蓋喧,1,ㄍㄞˋ ㄒㄩㄢ
蓋壤,1,ㄍㄞˋ ㄖㄤˇ
蓋帽,1,ㄍㄞˋ ㄇㄠˋ
蓋愆,1,ㄍㄞˋ ㄑㄧㄢ
蓋抹,1,ㄍㄞˋ ㄇㄛˇ
蓋柿,1,ㄍㄞˋ ㄕˋ
蓋火,1,ㄍㄞˋ ㄏㄨㄛ˙
蓋碗,1,ㄍㄞˋ ㄨㄢˇ
蓋老,1,ㄍㄞˋ ㄌㄠˇ
蓋臉,1,ㄍㄞˋ ㄌㄧㄢˇ
蓋菜,1,ㄍㄞˋ ㄘㄞˋ
蓋藏,1,ㄍㄞˋ ㄘㄤˊ
蓋覆,1,ㄍㄞˋ ㄈㄨˋ
蓋闕,1,ㄍㄞˋ ㄑㄩㄝ
蓋頭,1,ㄍㄞˋ ㄊㄡ˙
蓋飯,1,ㄍㄞˋ ㄈㄢˋ
蓍蔡,1,ㄕ ㄘㄞˋ
蓐惱,1,ㄖㄨˋ ㄋㄠˇ
蓐收,1,ㄖㄨˋ ㄕㄡ
蓐母,1,ㄖㄨˋ ㄇㄨˇ
蓐瘡,1,ㄖㄨˋ ㄔㄨㄤ
蓐蟻,1,ㄖㄨˋ ㄧˇ
蓓藟,1,ㄅㄟˋ ㄌㄟˇ
蓖麻,1,ㄅㄧˋ ㄇㄚˊ
蓬壺,1,ㄆㄥˊ ㄏㄨˊ
蓬山,1,ㄆㄥˊ ㄕㄢ
蓬島,1,ㄆㄥˊ ㄉㄠˇ
蓬拆,1,ㄆㄥˊ ㄔㄞ
蓬沓,1,ㄆㄥˊ ㄊㄚˋ
蓬瀛,1,ㄆㄥˊ ㄧㄥˊ
蓬窗,1,ㄆㄥˊ ㄔㄨㄤ
蓬舟,1,ㄆㄥˊ ㄓㄡ
蓬茅,1,ㄆㄥˊ ㄇㄠˊ
蓬茆,1,ㄆㄥˊ ㄇㄠˊ
蓬茸,1,ㄆㄥˊ ㄖㄨㄥˊ
蓬葆,1,ㄆㄥˊ ㄅㄠˇ
蓬虆,1,ㄆㄥˊ ㄌㄟˊ
蓬轉,1,ㄆㄥˊ ㄓㄨㄢˇ
蓬閬,1,ㄆㄥˊ ㄌㄤˇ
蓬顆,1,ㄆㄥˊ ㄎㄜˇ
蓬鬢,1,ㄆㄥˊ ㄅㄧㄣˋ
蓮宗,1,ㄌㄧㄢˊ ㄗㄨㄥ
蓮實,1,ㄌㄧㄢˊ ㄕˊ
蓮幕,1,ㄌㄧㄢˊ ㄇㄨˋ
蓮府,1,ㄌㄧㄢˊ ㄈㄨˇ
蓮房,1,ㄌㄧㄢˊ ㄈㄤˊ
蓮葉,1,ㄌㄧㄢˊ ㄧㄝˋ
蓮邦,1,ㄌㄧㄢˊ ㄅㄤ
蓮鉤,1,ㄌㄧㄢˊ ㄍㄡ
蓮鬚,1,ㄌㄧㄢˊ ㄒㄩ
蓮龕,1,ㄌㄧㄢˊ ㄎㄢ
蓯蓉,1,ㄘㄨㄥ ㄖㄨㄥˊ
蓱翳,1,ㄆㄧㄥˊ ㄧˋ
蓴科,1,ㄔㄨㄣˊ ㄎㄜ
蓼科,1,ㄌㄧㄠˇ ㄎㄜ
蓼蕭,1,ㄌㄧㄠˇ ㄒㄧㄠ
蓼藍,1,ㄌㄧㄠˇ ㄌㄢˊ
蓽茇,1,ㄅㄧˋ ㄅㄚˊ
蓽門,1,ㄅㄧˋ ㄇㄣˊ
蔀屋,1,ㄅㄨˋ ㄨ
蔀法,1,ㄅㄨˋ ㄈㄚˇ
蔀首,1,ㄅㄨˋ ㄕㄡˇ
蔂梩,1,ㄌㄟˊ ㄌㄧˊ
蔊菜,1,ㄏㄢˇ ㄘㄞˋ
蔌蔌,1,ㄙㄨˋ ㄙㄨˋ
蔏蔞,1,ㄕㄤ ㄌㄡˊ
蔏藋,1,ㄕㄤ ㄉㄧㄠˋ
蔑如,1,ㄇㄧㄝˋ ㄖㄨˊ
蔑蒙,1,ㄇㄧㄝˋ ㄇㄥˊ
蔓荊,1,ㄇㄢˋ ㄐㄧㄥ
蔓菁,1,ㄇㄢˊ ㄐㄧㄥ˙
蔓詞,1,ㄇㄢˋ ㄘˊ
蔓說,1,ㄇㄢˋ ㄕㄨㄛ
蔗境,1,ㄓㄜˋ ㄐㄧㄥˋ
蔗汁,1,ㄓㄜˋ ㄓ
蔗酒,1,ㄓㄜˋ ㄐㄧㄡˇ
蔗霜,1,ㄓㄜˋ ㄕㄨㄤ
蔚映,1,ㄨㄟˋ ㄧㄥˋ
蔚蔚,1,ㄩˋ ㄩˋ
蔞葉,1,ㄌㄡˊ ㄧㄝˋ
蔞鵝,1,ㄌㄡˊ ㄜˊ
蔠葵,1,ㄓㄨㄥ ㄎㄨㄟˊ
蔡京,1,ㄘㄞˋ ㄐㄧㄥ
蔡叔,1,ㄘㄞˋ ㄕㄨˊ
蔡司,1,ㄘㄞˋ ㄙ
蔡琰,1,ㄘㄞˋ ㄧㄢˇ
蔡襄,1,ㄘㄞˋ ㄒㄧㄤ
蔣捷,1,ㄐㄧㄤˇ ㄐㄧㄝˊ
蔣濟,1,ㄐㄧㄤˇ ㄐㄧˋ
蔣琬,1,ㄐㄧㄤˇ ㄨㄢˇ
蔣防,1,ㄐㄧㄤˇ ㄈㄤˊ
蔥管,1,ㄘㄨㄥ ㄍㄨㄢˇ
蔥蒨,1,ㄘㄨㄥ ㄑㄧㄢˋ
蔥蘢,1,ㄘㄨㄥ ㄌㄨㄥˊ
蔥蘭,1,ㄘㄨㄥ ㄌㄢˊ
蔥郁,1,ㄘㄨㄥ ㄩˋ
蔥黃,1,ㄘㄨㄥ ㄏㄨㄤˊ
蔦蘿,1,ㄋㄧㄠˇ ㄌㄨㄛˊ
蔫拱,1,ㄋㄧㄢ ㄍㄨㄥˇ
蔫甘,1,ㄋㄧㄢ ㄍㄢ˙
蔬圃,1,ㄕㄨ ㄆㄨˇ
蔬糲,1,ㄕㄨ ㄌㄧˋ
蔭封,1,ㄧㄣˋ ㄈㄥ
蔭油,1,ㄧㄣˋ ㄧㄡˊ
蔭翳,1,ㄧㄣˋ ㄧˋ
蔭襲,1,ㄧㄣˋ ㄒㄧˊ
蔱蘠,1,ㄕㄚ ㄑㄧㄤˊ
蔽屣,1,ㄅㄧˋ ㄒㄧˇ
蔽席,1,ㄈㄨˊ ㄒㄧˊ
蔽獄,1,ㄅㄧˋ ㄩˋ
蔽膝,1,ㄅㄧˋ ㄒㄧ
蔽芾,1,ㄅㄧˋ ㄈㄟˋ
蔽賢,1,ㄅㄧˋ ㄒㄧㄢˊ
蔽遮,1,ㄅㄧˋ ㄓㄜ
蔽面,1,ㄅㄧˋ ㄇㄧㄢˋ
蕃侯,1,ㄈㄢˊ ㄏㄡˊ
蕃坊,1,ㄈㄢ ㄈㄤ
蕃帽,1,ㄈㄢ ㄇㄠˋ
蕃廡,1,ㄈㄢˊ ㄨˇ
蕃息,1,ㄈㄢˊ ㄒㄧˊ
蕃昌,1,ㄈㄢˊ ㄔㄤ
蕃滋,1,ㄈㄢˊ ㄗ
蕃育,1,ㄈㄢˊ ㄩˋ
蕃舶,1,ㄈㄢ ㄅㄛˊ
蕃蕪,1,ㄈㄢˊ ㄨˊ
蕃衍,1,ㄈㄢˊ ㄧㄢˇ
蕆事,1,ㄔㄢˇ ㄕˋ
蕈樹,1,ㄒㄩㄣˋ ㄕㄨˋ
蕈螂,1,ㄒㄩㄣˋ ㄌㄤˊ
蕈蠅,1,ㄒㄩㄣˋ ㄧㄥˊ
蕉萃,1,ㄑㄧㄠˊ ㄘㄨㄟˋ
蕉葉,1,ㄐㄧㄠ ㄧㄝˋ
蕉葛,1,ㄐㄧㄠ ㄍㄜˊ
蕉藕,1,ㄐㄧㄠ ㄡˇ
蕉麻,1,ㄐㄧㄠ ㄇㄚˊ
蕊宮,1,ㄖㄨㄟˇ ㄍㄨㄥ
蕊書,1,ㄖㄨㄟˇ ㄕㄨ
蕊榜,1,ㄖㄨㄟˇ ㄅㄤˇ
蕎巴,1,ㄑㄧㄠˊ ㄅㄚ
蕓薹,1,ㄩㄣˊ ㄊㄞˊ
蕓輝,1,ㄩㄣˊ ㄏㄨㄟ
蕘花,1,ㄖㄠˊ ㄏㄨㄚ
蕘豎,1,ㄖㄠˊ ㄕㄨˋ
蕙炷,1,ㄏㄨㄟˋ ㄓㄨˋ
蕙若,1,ㄏㄨㄟˋ ㄖㄨㄛˋ
蕙草,1,ㄏㄨㄟˋ ㄘㄠˇ
蕙質,1,ㄏㄨㄟˋ ㄓˊ
蕞芮,1,ㄗㄨㄟˋ ㄖㄨㄟˋ
蕤賓,1,ㄖㄨㄟˊ ㄅㄧㄣ
蕩子,1,ㄉㄤˋ ㄗˇ
蕩心,1,ㄉㄤˋ ㄒㄧㄣ
蕩志,1,ㄉㄤˋ ㄓˋ
蕩散,1,ㄉㄤˋ ㄙㄢˋ
蕩析,1,ㄉㄤˋ ㄒㄧ
蕩潏,1,ㄉㄤˋ ㄐㄩㄝˊ
蕩產,1,ㄉㄤˋ ㄔㄢˇ
蕩田,1,ㄉㄤˋ ㄊㄧㄢˊ
蕩盡,1,ㄉㄤˋ ㄐㄧㄣˋ
蕩覆,1,ㄉㄤˋ ㄈㄨˋ
蕪俚,1,ㄨˊ ㄌㄧˇ
蕪劣,1,ㄨˊ ㄌㄧㄝˋ
蕪淺,1,ㄨˊ ㄑㄧㄢˇ
蕪累,1,ㄨˊ ㄌㄟˇ
蕪駁,1,ㄨˊ ㄅㄛˊ
蕭史,1,ㄒㄧㄠ ㄕˇ
蕭娘,1,ㄒㄧㄠ ㄋㄧㄤˊ
蕭寺,1,ㄒㄧㄠ ㄙˋ
蕭散,1,ㄒㄧㄠ ㄙㄢˇ
蕭曹,1,ㄒㄧㄠ ㄘㄠˊ
蕭牆,1,ㄒㄧㄠ ㄑㄧㄤˊ
蕭疏,1,ㄒㄧㄠ ㄕㄨ
蕭統,1,ㄒㄧㄠ ㄊㄨㄥˇ
蕭艾,1,ㄒㄧㄠ ㄞˋ
蕭衍,1,ㄒㄧㄠ ㄧㄢˇ
蕭郎,1,ㄒㄧㄠ ㄌㄤˊ
蕭齋,1,ㄒㄧㄠ ㄓㄞ
蕹菜,1,ㄩㄥ ㄘㄞˋ
蕺山,1,ㄐㄧˊ ㄕㄢ
蕺菜,1,ㄐㄧˊ ㄘㄞˋ
薄伎,1,ㄅㄛˊ ㄐㄧˋ
薄厚,1,ㄅㄛˊ ㄏㄡˋ
薄宦,1,ㄅㄛˊ ㄏㄨㄢˋ
薄怯,1,ㄅㄛˊ ㄑㄩㄝˋ
薄明,1,ㄅㄛˊ ㄇㄧㄥˊ
薄相,1,ㄅㄛˊ ㄒㄧㄤˋ
薄籃,1,ㄅㄛˊ ㄌㄢˊ
薄耆,1,ㄅㄛˊ ㄑㄧˊ
薄荷,1,ㄅㄛˋ ㄏㄜ˙
薄藍,1,ㄅㄛˊ ㄌㄢˊ
薄雲,1,ㄅㄛˊ ㄩㄣˊ
薅惱,1,ㄏㄠ ㄋㄠˇ
薅鋤,1,ㄏㄠ ㄔㄨˊ
薆然,1,ㄞˋ ㄖㄢˊ
薆薆,1,ㄞˋ ㄞˋ
薇蕨,1,ㄨㄟˊ ㄐㄩㄝˊ
薈蔚,1,ㄏㄨㄟˋ ㄨㄟˋ
薊門,1,ㄐㄧˋ ㄇㄣˊ
薊馬,1,ㄐㄧˋ ㄇㄚˇ
薌劇,1,ㄒㄧㄤ ㄐㄩˋ
薌澤,1,ㄒㄧㄤ ㄗㄜˊ
薌萁,1,ㄒㄧㄤ ㄑㄧˊ
薏米,1,ㄧˋ ㄇㄧˇ
薏苡,1,ㄧˋ ㄧˇ
薑桂,1,ㄐㄧㄤ ㄍㄨㄟˋ
薑湯,1,ㄐㄧㄤ ㄊㄤ
薑黃,1,ㄐㄧㄤ ㄏㄨㄤˊ
薛濤,1,ㄒㄩㄝ ㄊㄠˊ
薛瑄,1,ㄒㄩㄝ ㄒㄩㄢ
薛逢,1,ㄒㄩㄝ ㄈㄥˊ
薜羅,1,ㄅㄧˋ ㄌㄨㄛˊ
薜荔,1,ㄅㄧˋ ㄌㄧˋ
薝蔔,1,ㄓㄢ ㄅㄛˊ
薞蕪,1,ㄙㄨㄣ ㄨˊ
薢茩,1,ㄒㄧㄝˋ ㄍㄡˇ
薤白,1,ㄒㄧㄝˋ ㄅㄞˊ
薤露,1,ㄒㄧㄝˋ ㄌㄨˋ
薦席,1,ㄐㄧㄢˋ ㄒㄧˊ
薦度,1,ㄐㄧㄢˋ ㄉㄨˋ
薦擢,1,ㄐㄧㄢˋ ㄓㄨㄛˊ
薦書,1,ㄐㄧㄢˋ ㄕㄨ
薦枕,1,ㄐㄧㄢˋ ㄓㄣˇ
薦紳,1,ㄐㄧㄢˋ ㄕㄣ
薦臻,1,ㄐㄧㄢˋ ㄓㄣ
薦酒,1,ㄐㄧㄢˋ ㄐㄧㄡˇ
薦酹,1,ㄐㄧㄢˋ ㄌㄟˋ
薦頭,1,ㄐㄧㄢˋ ㄊㄡ˙
薨薨,1,ㄏㄨㄥ ㄏㄨㄥ
薨逝,1,ㄏㄨㄥ ㄕˋ
薪樵,1,ㄒㄧㄣ ㄑㄧㄠˊ
薯莨,1,ㄕㄨˇ ㄌㄧㄤˊ
薰沐,1,ㄒㄩㄣ ㄇㄨˋ
薰然,1,ㄒㄩㄣ ㄖㄢˊ
薰籠,1,ㄒㄩㄣ ㄌㄨㄥˊ
薰脩,1,ㄒㄩㄣ ㄒㄧㄡ
薰草,1,ㄒㄩㄣ ㄘㄠˇ
薰蒸,1,ㄒㄩㄣ ㄓㄥ
薰蕕,1,ㄒㄩㄣ ㄧㄡˊ
薰豁,1,ㄒㄩㄣ ㄏㄨㄛˋ
薰赫,1,ㄒㄩㄣ ㄏㄜˋ
薺菜,1,ㄐㄧˋ ㄘㄞˋ
薺薴,1,ㄐㄧˋ ㄋㄧㄥˊ
薿薿,1,ㄋㄧˇ ㄋㄧˇ
藉卉,1,ㄐㄧㄝˋ ㄏㄨㄟˋ
藉手,1,ㄐㄧㄝˋ ㄕㄡˇ
藉槁,1,ㄐㄧㄝˋ ㄍㄠˇ
藉甚,1,ㄐㄧㄝˋ ㄕㄣˋ
藋粱,1,ㄉㄧˊ ㄌㄧㄤˊ
藍傘,1,ㄌㄢˊ ㄙㄢˇ
藍單,1,ㄌㄢˊ ㄉㄢ
藍橋,1,ㄌㄢˊ ㄑㄧㄠˊ
藍波,1,ㄌㄢˊ ㄅㄛ
藍田,1,ㄌㄢˊ ㄊㄧㄢˊ
藍礬,1,ㄌㄢˊ ㄈㄢˊ
藍縷,1,ㄌㄢˊ ㄌㄩˇ
藍翎,1,ㄌㄢˊ ㄌㄧㄥˊ
藍菊,1,ㄌㄢˊ ㄐㄩˊ
藍衫,1,ㄌㄢˊ ㄕㄢ
藍關,1,ㄌㄢˊ ㄍㄨㄢ
藎篋,1,ㄐㄧㄣˋ ㄑㄧㄝˋ
藎臣,1,ㄐㄧㄣˋ ㄔㄣˊ
藎草,1,ㄐㄧㄣˋ ㄘㄠˇ
藏奸,1,ㄘㄤˊ ㄐㄧㄢ
藏幸,1,ㄘㄤˊ ㄒㄧㄥˋ
藏形,1,ㄘㄤˊ ㄒㄧㄥˊ
藏怒,1,ㄘㄤˊ ㄋㄨˋ
藏愚,1,ㄘㄤˊ ㄩˊ
藏掖,1,ㄘㄤˊ ㄧㄝ
藏掩,1,ㄘㄤˊ ㄧㄢˇ
藏擫,1,ㄘㄤˊ ㄧㄝˋ
藏曆,1,ㄗㄤˋ ㄌㄧˋ
藏機,1,ㄘㄤˊ ㄐㄧ
藏活,1,ㄘㄤˊ ㄏㄨㄛˊ
藏經,1,ㄗㄤˋ ㄐㄧㄥ
藏詞,1,ㄘㄤˊ ㄘˊ
藏躲,1,ㄘㄤˊ ㄉㄨㄛˇ
藏鉤,1,ㄘㄤˊ ㄍㄡ
藏香,1,ㄗㄤˋ ㄒㄧㄤ
藏鬮,1,ㄘㄤˊ ㄐㄧㄡ
藐法,1,ㄇㄧㄠˇ ㄈㄚˇ
藐然,1,ㄇㄧㄠˇ ㄖㄢˊ
藑茅,1,ㄑㄩㄥˊ ㄇㄠˊ
藕披,1,ㄡˇ ㄆㄧ
藕荷,1,ㄡˇ ㄏㄜˊ
藕覆,1,ㄡˇ ㄈㄨˋ
藜床,1,ㄌㄧˊ ㄔㄨㄤˊ
藜暴,1,ㄌㄧˊ ㄅㄠˋ
藜杖,1,ㄌㄧˊ ㄓㄤˋ
藜羹,1,ㄌㄧˊ ㄍㄥ
藜蕨,1,ㄌㄧˊ ㄐㄩㄝˊ
藜藿,1,ㄌㄧˊ ㄏㄨㄛˋ
藜蘆,1,ㄌㄧˊ ㄌㄨˊ
藝師,1,ㄧˋ ㄕ
藝旦,1,ㄧˋ ㄉㄢˋ
藝業,1,ㄧˋ ㄧㄝˋ
藝祖,1,ㄧˋ ㄗㄨˇ
藝閣,1,ㄧˋ ㄍㄜˊ
藤壺,1,ㄊㄥˊ ㄏㄨˊ
藤杖,1,ㄊㄥˊ ㄓㄤˋ
藤牌,1,ㄊㄥˊ ㄆㄞˊ
藤球,1,ㄊㄥˊ ㄑㄧㄡˊ
藤紙,1,ㄊㄥˊ ㄓˇ
藤纏,1,ㄊㄥˊ ㄔㄢˊ
藤菜,1,ㄊㄥˊ ㄘㄞˋ
藤輪,1,ㄊㄥˊ ㄌㄨㄣˊ
藤黃,1,ㄊㄥˊ ㄏㄨㄤˊ
藥叉,1,ㄧㄠˋ ㄔㄚ
藥壺,1,ㄧㄠˋ ㄏㄨˊ
藥末,1,ㄧㄠˋ ㄇㄛˋ
藥械,1,ㄧㄠˋ ㄒㄧㄝˋ
藥死,1,ㄧㄠˋ ㄙˇ
藥殺,1,ㄧㄠˋ ㄕㄚ
藥汁,1,ㄧㄠˋ ㄓ
藥法,1,ㄧㄠˋ ㄈㄚˇ
藥浴,1,ㄧㄠˋ ㄩˋ
藥獸,1,ㄧㄠˋ ㄕㄡˋ
藥疹,1,ㄧㄠˋ ㄓㄣˇ
藥癮,1,ㄧㄠˋ ㄧㄣˇ
藥筒,1,ㄧㄠˋ ㄊㄨㄥˇ
藥箭,1,ㄧㄠˋ ㄐㄧㄢˋ
藥籤,1,ㄧㄠˋ ㄑㄧㄢ
藥膛,1,ㄧㄠˋ ㄊㄤˊ
藥膳,1,ㄧㄠˋ ㄕㄢˋ
藥衡,1,ㄧㄠˋ ㄏㄥˊ
藥袋,1,ㄧㄠˋ ㄉㄞˋ
藥補,1,ㄧㄠˋ ㄅㄨˇ
藥言,1,ㄧㄠˋ ㄧㄢˊ
藥貼,1,ㄧㄠˋ ㄊㄧㄝ
藥農,1,ㄧㄠˋ ㄋㄨㄥˊ
藥錠,1,ㄧㄠˋ ㄉㄧㄥˋ
藥餅,1,ㄧㄠˋ ㄅㄧㄥˇ
藥骰,1,ㄧㄠˋ ㄊㄡˊ
藩司,1,ㄈㄢˊ ㄙ
藩屏,1,ㄈㄢˊ ㄆㄧㄥˊ
藩府,1,ㄈㄢˊ ㄈㄨˇ
藩庫,1,ㄈㄢˊ ㄎㄨˋ
藩服,1,ㄈㄢˊ ㄈㄨˊ
藩溷,1,ㄈㄢˊ ㄏㄨㄣˋ
藩臺,1,ㄈㄢˊ ㄊㄞˊ
藩輔,1,ㄈㄢˊ ㄈㄨˇ
藩邸,1,ㄈㄢˊ ㄉㄧˇ
藪幽,1,ㄙㄡˇ ㄧㄡ
藪澤,1,ㄙㄡˇ ㄗㄜˊ
藷蔗,1,ㄓㄨ ㄓㄜˋ
藹如,1,ㄞˇ ㄖㄨˊ
藹彩,1,ㄞˇ ㄘㄞˇ
藻厲,1,ㄗㄠˇ ㄌㄧˋ
藻梲,1,ㄗㄠˇ ㄓㄨㄛˊ
藻玉,1,ㄗㄠˇ ㄩˋ
藻瑩,1,ㄗㄠˇ ㄧㄥˊ
藻翰,1,ㄗㄠˇ ㄏㄢˋ
藻荇,1,ㄗㄠˇ ㄒㄧㄥˋ
藻鏡,1,ㄗㄠˇ ㄐㄧㄥˋ
藿食,1,ㄏㄨㄛˋ ㄕˊ
藿香,1,ㄏㄨㄛˋ ㄒㄧㄤ
蘀兮,1,ㄊㄨㄛˋ ㄒㄧ
蘄向,1,ㄑㄧˊ ㄒㄧㄤˋ
蘄水,1,ㄑㄧˊ ㄕㄨㄟˇ
蘄求,1,ㄑㄧˊ ㄑㄧㄡˊ
蘄竹,1,ㄑㄧˊ ㄓㄨˊ
蘄艾,1,ㄑㄧˊ ㄞˋ
蘄蛇,1,ㄑㄧˊ ㄕㄜˊ
蘅杜,1,ㄏㄥˊ ㄉㄨˋ
蘅皋,1,ㄏㄥˊ ㄍㄠ
蘅蕪,1,ㄏㄥˊ ㄨˊ
蘆根,1,ㄌㄨˊ ㄍㄣ
蘆田,1,ㄌㄨˊ ㄊㄧㄢˊ
蘆管,1,ㄌㄨˊ ㄍㄨㄢˇ
蘆簾,1,ㄌㄨˊ ㄌㄧㄢˊ
蘆粟,1,ㄌㄨˊ ㄙㄨˋ
蘆絮,1,ㄌㄨˊ ㄒㄩˋ
蘆菔,1,ㄌㄨˊ ㄈㄨˊ
蘆蓆,1,ㄌㄨˊ ㄒㄧˊ
蘆蕩,1,ㄌㄨˊ ㄉㄤˋ
蘇息,1,ㄙㄨ ㄒㄧˊ
蘇拉,1,ㄙㄨ ㄌㄚ
蘇洵,1,ㄙㄨ ㄒㄩㄣˊ
蘇白,1,ㄙㄨ ㄅㄞˊ
蘇繡,1,ㄙㄨ ㄒㄧㄡˋ
蘇蕙,1,ㄙㄨ ㄏㄨㄟˋ
蘇蘇,1,ㄙㄨ ㄙㄨ
蘇隄,1,ㄙㄨ ㄊㄧˊ
蘇頭,1,ㄙㄨ ㄊㄡˊ
蘊結,1,ㄩㄣˋ ㄐㄧㄝˊ
蘊蓄,1,ㄩㄣˋ ㄒㄩˋ
蘊藹,1,ㄩㄣˋ ㄞˇ
蘋婆,1,ㄆㄧㄣˊ ㄆㄛˊ
蘋葉,1,ㄆㄧㄣˊ ㄧㄝˋ
蘋風,1,ㄆㄧㄣˊ ㄈㄥ
蘑菇,1,ㄇㄛˊ ㄍㄨ˙
蘗米,1,ㄅㄛˋ ㄇㄧˇ
蘘荷,1,ㄖㄤˊ ㄏㄜˊ
蘚帽,1,ㄒㄧㄢˇ ㄇㄠˋ
蘚斑,1,ㄒㄧㄢˇ ㄅㄢ
蘚書,1,ㄒㄧㄢˇ ㄕㄨ
蘚花,1,ㄒㄧㄢˇ ㄏㄨㄚ
蘠蘼,1,ㄑㄧㄤˊ ㄇㄧˊ
蘡薁,1,ㄧㄥ ㄩˋ
蘢茸,1,ㄌㄨㄥˊ ㄖㄨㄥˊ
蘢蓯,1,ㄌㄨㄥˊ ㄘㄨㄥ
蘢蔥,1,ㄌㄨㄥˊ ㄘㄨㄥ
蘧廬,1,ㄑㄩˊ ㄌㄨˊ
蘧然,1,ㄑㄩˊ ㄖㄢˊ
蘧瑗,1,ㄑㄩˊ ㄩㄢˋ
蘧蘧,1,ㄑㄩˊ ㄑㄩˊ
蘭交,1,ㄌㄢˊ ㄐㄧㄠ
蘭亭,1,ㄌㄢˊ ㄊㄧㄥˊ
蘭兆,1,ㄌㄢˊ ㄓㄠˋ
蘭圃,1,ㄌㄢˊ ㄆㄨˇ
蘭園,1,ㄌㄢˊ ㄩㄢˊ
蘭堂,1,ㄌㄢˊ ㄊㄤˊ
蘭夢,1,ㄌㄢˊ ㄇㄥˋ
蘭姆,1,ㄌㄢˊ ㄇㄨˇ
蘭客,1,ㄌㄢˊ ㄎㄜˋ
蘭成,1,ㄌㄢˊ ㄔㄥˊ
蘭旌,1,ㄌㄢˊ ㄐㄧㄥ
蘭月,1,ㄌㄢˊ ㄩㄝˋ
蘭槐,1,ㄌㄢˊ ㄏㄨㄞˊ
蘭橈,1,ㄌㄢˊ ㄋㄠˊ
蘭湯,1,ㄌㄢˊ ㄊㄤ
蘭澤,1,ㄌㄢˊ ㄗㄜˊ
蘭炷,1,ㄌㄢˊ ㄓㄨˋ
蘭燼,1,ㄌㄢˊ ㄐㄧㄣˋ
蘭玉,1,ㄌㄢˊ ㄩˋ
蘭盆,1,ㄌㄢˊ ㄆㄣˊ
蘭石,1,ㄌㄢˊ ㄕˊ
蘭秋,1,ㄌㄢˊ ㄑㄧㄡ
蘭膏,1,ㄌㄢˊ ㄍㄠ
蘭臭,1,ㄌㄢˊ ㄒㄧㄡˋ
蘭臺,1,ㄌㄢˊ ㄊㄞˊ
蘭舟,1,ㄌㄢˊ ㄓㄡ
蘭艾,1,ㄌㄢˊ ㄞˋ
蘭英,1,ㄌㄢˊ ㄧㄥ
蘭茝,1,ㄌㄢˊ ㄔㄞˇ
蘭蓀,1,ㄌㄢˊ ㄙㄨㄣ
蘭蕊,1,ㄌㄢˊ ㄖㄨㄟˇ
蘭藻,1,ㄌㄢˊ ㄗㄠˇ
蘭襟,1,ㄌㄢˊ ㄐㄧㄣ
蘭言,1,ㄌㄢˊ ㄧㄢˊ
蘭訊,1,ㄌㄢˊ ㄒㄩㄣˋ
蘭釭,1,ㄌㄢˊ ㄍㄤ
蘭閨,1,ㄌㄢˊ ㄍㄨㄟ
蘭陔,1,ㄌㄢˊ ㄍㄞ
蘭陵,1,ㄌㄢˊ ㄌㄧㄥˊ
蘭香,1,ㄌㄢˊ ㄒㄧㄤ
蘮蒘,1,ㄐㄧˋ ㄖㄨˊ
蘸墨,1,ㄓㄢˋ ㄇㄛˋ
蘼藿,1,ㄇㄧˊ ㄏㄨㄛˋ
虀粉,1,ㄐㄧ ㄈㄣˇ
虀臼,1,ㄐㄧ ㄐㄧㄡˋ
虀鹽,1,ㄐㄧ ㄧㄢˊ
虎倀,1,ㄏㄨˇ ㄔㄤ
虎克,1,ㄏㄨˇ ㄎㄜˋ
虎刺,1,ㄏㄨˇ ㄘˋ
虎勁,1,ㄏㄨˇ ㄐㄧㄣˋ
虎勢,1,ㄏㄨˇ ㄕˋ
虎嚇,1,ㄏㄨˇ ㄒㄧㄚˋ
虎圈,1,ㄏㄨˇ ㄐㄩㄢˋ
虎士,1,ㄏㄨˇ ㄕˋ
虎帳,1,ㄏㄨˇ ㄓㄤˋ
虎床,1,ㄏㄨˇ ㄔㄨㄤˊ
虎拜,1,ㄏㄨˇ ㄅㄞˋ
虎掌,1,ㄏㄨˇ ㄓㄤˇ
虎據,1,ㄏㄨˇ ㄐㄩˋ
虎旅,1,ㄏㄨˇ ㄌㄩˇ
虎杖,1,ㄏㄨˇ ㄓㄤˋ
虎榜,1,ㄏㄨˇ ㄅㄤˇ
虎步,1,ㄏㄨˇ ㄅㄨˋ
虎疫,1,ㄏㄨˇ ㄧˋ
虎眉,1,ㄏㄨˇ ㄇㄟˊ
虎睨,1,ㄏㄨˇ ㄋㄧˋ
虎窟,1,ㄏㄨˇ ㄎㄨ
虎臂,1,ㄏㄨˇ ㄅㄧˋ
虎臣,1,ㄏㄨˇ ㄔㄣˊ
虎舅,1,ㄏㄨˇ ㄐㄧㄡˋ
虎視,1,ㄏㄨˇ ㄕˋ
虎諕,1,ㄏㄨˇ ㄒㄧㄚˋ
虎變,1,ㄏㄨˇ ㄅㄧㄢˋ
虎貔,1,ㄏㄨˇ ㄆㄧˊ
虎賁,1,ㄏㄨˇ ㄅㄣ
虎跳,1,ㄏㄨˇ ㄊㄧㄠˋ
虎踞,1,ㄏㄨˇ ㄐㄩˋ
虎鉗,1,ㄏㄨˇ ㄑㄧㄢˊ
虎飽,1,ㄏㄨˇ ㄅㄠˇ
虎鷙,1,ㄏㄨˇ ㄓˋ
虐士,1,ㄋㄩㄝˋ ㄕˋ
虐殺,1,ㄋㄩㄝˋ ㄕㄚ
虐民,1,ㄋㄩㄝˋ ㄇㄧㄣˊ
虐疾,1,ㄋㄩㄝˋ ㄐㄧˊ
虓闞,1,ㄒㄧㄠ ㄏㄢˇ
虔劉,1,ㄑㄧㄢˊ ㄌㄧㄡˊ
虔恪,1,ㄑㄧㄢˊ ㄎㄜˋ
虔虔,1,ㄑㄧㄢˊ ㄑㄧㄢˊ
處室,1,ㄔㄨˇ ㄕˋ
處約,1,ㄔㄨˇ ㄩㄝ
處身,1,ㄔㄨˇ ㄕㄣ
處館,1,ㄔㄨˇ ㄍㄨㄢˇ
虙妃,1,ㄈㄨˊ ㄈㄟ
虛下,1,ㄒㄩ ㄒㄧㄚˋ
虛功,1,ㄒㄩ ㄍㄨㄥ
虛勞,1,ㄒㄩ ㄌㄠˊ
虛喝,1,ㄒㄩ ㄏㄜˋ
虛器,1,ㄒㄩ ㄑㄧˋ
虛囂,1,ㄒㄩ ㄒㄧㄠ
虛士,1,ㄒㄩ ㄕˋ
虛室,1,ㄒㄩ ㄕˋ
虛左,1,ㄒㄩ ㄗㄨㄛˇ
虛己,1,ㄒㄩ ㄐㄧˇ
虛帳,1,ㄒㄩ ㄓㄤˋ
虛徐,1,ㄒㄩ ㄒㄩˊ
虛怯,1,ㄒㄩ ㄑㄩㄝˋ
虛掩,1,ㄒㄩ ㄧㄢˇ
虛明,1,ㄒㄩ ㄇㄧㄥˊ
虛沖,1,ㄒㄩ ㄔㄨㄥ
虛泛,1,ㄒㄩ ㄈㄢˋ
虛牝,1,ㄒㄩ ㄆㄧㄣˋ
虛症,1,ㄒㄩ ㄓㄥˋ
虛發,1,ㄒㄩ ㄈㄚ
虛白,1,ㄒㄩ ㄅㄞˊ
虛禮,1,ㄒㄩ ㄌㄧˇ
虛科,1,ㄒㄩ ㄎㄜ
虛竭,1,ㄒㄩ ㄐㄧㄝˊ
虛糜,1,ㄒㄩ ㄇㄧˊ
虛給,1,ㄒㄩ ㄐㄧˇ
虛聲,1,ㄒㄩ ㄕㄥ
虛舟,1,ㄒㄩ ㄓㄡ
虛船,1,ㄒㄩ ㄔㄨㄢˊ
虛華,1,ㄒㄩ ㄏㄨㄚˊ
虛蕩,1,ㄒㄩ ㄉㄤˋ
虛薄,1,ㄒㄩ ㄅㄛˊ
虛誑,1,ㄒㄩ ㄎㄨㄤˊ
虛誣,1,ㄒㄩ ㄨ
虛談,1,ㄒㄩ ㄊㄢˊ
虛謗,1,ㄒㄩ ㄅㄤˋ
虛譽,1,ㄒㄩ ㄩˋ
虛賺,1,ㄒㄩ ㄓㄨㄢˋ
虛邪,1,ㄒㄩ ㄒㄧㄝˊ
虛銜,1,ㄒㄩ ㄒㄧㄢˊ
虛靜,1,ㄒㄩ ㄐㄧㄥˋ
虛頭,1,ㄒㄩ ㄊㄡˊ
虛驕,1,ㄒㄩ ㄐㄧㄠ
虜餌,1,ㄌㄨˇ ㄦˇ
虞人,1,ㄩˊ ㄖㄣˊ
虞仲,1,ㄩˊ ㄓㄨㄥˋ
虞候,1,ㄩˊ ㄏㄡˋ
虞山,1,ㄩˊ ㄕㄢ
虞淵,1,ㄩˊ ㄩㄢ
虞祭,1,ㄩˊ ㄐㄧˋ
虞集,1,ㄩˊ ㄐㄧˊ
號令,1,ㄏㄠˋ ㄌㄧㄥ˙
號喪,1,ㄏㄠˊ ㄙㄤ
號喪,1,ㄏㄠˊ ㄙㄤ˙
號帖,1,ㄏㄠˋ ㄊㄧㄝˇ
號房,1,ㄏㄠˋ ㄈㄤˊ
號板,1,ㄏㄠˋ ㄅㄢˇ
號次,1,ㄏㄠˋ ㄘˋ
號泣,1,ㄏㄠˊ ㄑㄧˋ
號砲,1,ㄏㄠˋ ㄆㄠˋ
號筒,1,ㄏㄠˋ ㄊㄨㄥˇ
號箭,1,ㄏㄠˋ ㄐㄧㄢˋ
號脈,1,ㄏㄠˋ ㄇㄞˋ
號舍,1,ㄏㄠˋ ㄕㄜˋ
號衣,1,ㄏㄠˋ ㄧ
號頂,1,ㄏㄠˋ ㄉㄧㄥˇ
號頭,1,ㄏㄠˋ ㄊㄡˊ
虧圖,1,ㄎㄨㄟ ㄊㄨˊ
虧得,1,ㄎㄨㄟ ㄉㄜ˙
虧殺,1,ㄎㄨㄟ ㄕㄚ
虧空,1,ㄎㄨㄟ ㄎㄨㄥˋ
虧空,1,ㄎㄨㄟ ㄎㄨㄥ˙
虧累,1,ㄎㄨㄟ ㄌㄟˇ
虧輸,1,ㄎㄨㄟ ㄕㄨ
虩虩,1,ㄒㄧˋ ㄒㄧˋ
虯蟠,1,ㄑㄧㄡˊ ㄆㄢˊ
虯鬚,1,ㄑㄧㄡˊ ㄒㄩ
虯龍,1,ㄑㄧㄡˊ ㄌㄨㄥˊ
虹膜,1,ㄏㄨㄥˊ ㄇㄛˋ
虹蜺,1,ㄏㄨㄥˊ ㄋㄧˊ
虺虺,1,ㄏㄨㄟˇ ㄏㄨㄟˇ
虺蜮,1,ㄏㄨㄟˇ ㄩˋ
虺蜴,1,ㄏㄨㄟˇ ㄧˋ
虺隤,1,ㄏㄨㄟ ㄊㄨㄟˊ
虼蚤,1,ㄍㄜˋ ㄗㄠ˙
虼螂,1,ㄍㄜˋ ㄌㄤˊ
蚊力,1,ㄨㄣˊ ㄌㄧˋ
蚊睫,1,ㄨㄣˊ ㄐㄧㄝˊ
蚊負,1,ㄨㄣˊ ㄈㄨˋ
蚊雷,1,ㄨㄣˊ ㄌㄟˊ
蚑行,1,ㄑㄧˊ ㄒㄧㄥˊ
蚓廉,1,ㄧㄣˇ ㄌㄧㄢˊ
蚡息,1,ㄈㄣˊ ㄒㄧˊ
蚤達,1,ㄗㄠˇ ㄉㄚˊ
蚨蝶,1,ㄈㄨˊ ㄉㄧㄝˊ
蚩拙,1,ㄔ ㄓㄨㄛˊ
蚩蚩,1,ㄔ ㄔ
蚶子,1,ㄏㄢ ㄗ˙
蚺䗊,1,ㄊㄧㄢˋ ㄊㄢˋ
蚺蛇,1,ㄖㄢˊ ㄕㄜˊ
蛆蟲,1,ㄑㄩ ㄔㄨㄥˊ
蛇信,1,ㄕㄜˊ ㄒㄧㄣˋ
蛇木,1,ㄕㄜˊ ㄇㄨˋ
蛇神,1,ㄕㄜˊ ㄕㄣˊ
蛇符,1,ㄕㄜˊ ㄈㄨˊ
蛇苺,1,ㄕㄜˊ ㄇㄟˊ
蛇蛇,1,ㄧˊ ㄧˊ
蛇蛻,1,ㄕㄜˊ ㄊㄨㄟˋ
蛇麻,1,ㄕㄜˊ ㄇㄚˊ
蛋卷,1,ㄉㄢˋ ㄐㄩㄢˇ
蛋家,1,ㄉㄢˋ ㄐㄧㄚ
蛋戶,1,ㄉㄢˋ ㄏㄨˋ
蛋雞,1,ㄉㄢˋ ㄐㄧ
蛋青,1,ㄉㄢˋ ㄑㄧㄥ
蛋頭,1,ㄉㄢˋ ㄊㄡˊ
蛐蟮,1,ㄑㄩ ㄕㄢˋ
蛖螻,1,ㄇㄤˊ ㄌㄡˊ
蛗螽,1,ㄈㄨˋ ㄓㄨㄥ
蛙鏡,1,ㄨㄚ ㄐㄧㄥˋ
蛛煤,1,ㄓㄨ ㄇㄟˊ
蛛絲,1,ㄓㄨ ㄙ
蛛蛛,1,ㄓㄨ ㄓㄨ˙
蛜威,1,ㄧ ㄨㄟ
蛟妾,1,ㄐㄧㄠ ㄑㄧㄝˋ
蛟宮,1,ㄐㄧㄠ ㄍㄨㄥ
蛟篆,1,ㄐㄧㄠ ㄓㄨㄢˋ
蛟虯,1,ㄐㄧㄠ ㄑㄧㄡˊ
蛟鼉,1,ㄐㄧㄠ ㄊㄨㄛˊ
蛣蜣,1,ㄐㄧㄝˊ ㄑㄧㄤ
蛤柱,1,ㄍㄜˊ ㄓㄨˋ
蛤灰,1,ㄍㄜˊ ㄏㄨㄟ
蛤蚌,1,ㄍㄜˊ ㄅㄥˋ
蛩蛩,1,ㄑㄩㄥˊ ㄑㄩㄥˊ
蛭石,1,ㄓˋ ㄕˊ
蛹臥,1,ㄩㄥˇ ㄨㄛˋ
蛾妝,1,ㄜˊ ㄓㄨㄤ
蛾子,1,ㄧˇ ㄗˇ
蛾綠,1,ㄜˊ ㄌㄨˋ
蜀本,1,ㄕㄨˇ ㄅㄣˇ
蜀椒,1,ㄕㄨˇ ㄐㄧㄠ
蜀窯,1,ㄕㄨˇ ㄧㄠˊ
蜀繡,1,ㄕㄨˇ ㄒㄧㄡˋ
蜀艇,1,ㄕㄨˇ ㄊㄧㄥˇ
蜀葵,1,ㄕㄨˇ ㄎㄨㄟˊ
蜀郡,1,ㄕㄨˇ ㄐㄩㄣˋ
蜀錦,1,ㄕㄨˇ ㄐㄧㄣˇ
蜀黍,1,ㄕㄨˇ ㄕㄨˇ
蜀黨,1,ㄕㄨˇ ㄉㄤˇ
蜂出,1,ㄈㄥ ㄔㄨ
蜂準,1,ㄈㄥ ㄓㄨㄣˇ
蜂糖,1,ㄈㄥ ㄊㄤˊ
蜂蒙,1,ㄈㄥ ㄇㄥˊ
蜂衙,1,ㄈㄥ ㄧㄚˊ
蜂門,1,ㄈㄥ ㄇㄣˊ
蜂黃,1,ㄈㄥ ㄏㄨㄤˊ
蜃景,1,ㄕㄣˋ ㄐㄧㄥˇ
蜃樓,1,ㄕㄣˋ ㄌㄡˊ
蜃蛤,1,ㄕㄣˋ ㄍㄜˊ
蜃車,1,ㄕㄣˋ ㄐㄩ
蜎蜎,1,ㄩㄢ ㄩㄢ
蜑女,1,ㄉㄢˋ ㄋㄩˇ
蜑家,1,ㄉㄢˋ ㄐㄧㄚ
蜒蜒,1,ㄧㄢˊ ㄧㄢˊ
蜚條,1,ㄈㄟˇ ㄊㄧㄠˊ
蜚聲,1,ㄈㄟ ㄕㄥ
蜚色,1,ㄈㄟˇ ㄙㄜˋ
蜜供,1,ㄇㄧˋ ㄍㄨㄥˋ
蜜房,1,ㄇㄧˋ ㄈㄤˊ
蜜橘,1,ㄇㄧˋ ㄐㄩˊ
蜜水,1,ㄇㄧˋ ㄕㄨㄟˇ
蜜煎,1,ㄇㄧˋ ㄐㄧㄢ
蜜筒,1,ㄇㄧˋ ㄊㄨㄥˇ
蜜糕,1,ㄇㄧˋ ㄍㄠ
蜜腺,1,ㄇㄧˋ ㄒㄧㄢˋ
蜜色,1,ㄇㄧˋ ㄙㄜˋ
蜜蟻,1,ㄇㄧˋ ㄧˇ
蜜酒,1,ㄇㄧˋ ㄐㄧㄡˇ
蜜香,1,ㄇㄧˋ ㄒㄧㄤ
蜡月,1,ㄓㄚˋ ㄩㄝˋ
蜡祭,1,ㄓㄚˋ ㄐㄧˋ
蜣螂,1,ㄑㄧㄤ ㄌㄤˊ
蜩沸,1,ㄊㄧㄠˊ ㄈㄟˋ
蜩甲,1,ㄊㄧㄠˊ ㄐㄧㄚˇ
蜰蟲,1,ㄈㄟˊ ㄔㄨㄥˊ
蜷局,1,ㄑㄩㄢˊ ㄐㄩˊ
蜷蜿,1,ㄑㄩㄢˊ ㄨㄢ
蜼彞,1,ㄌㄟˇ ㄧˊ
蜿蜒,1,ㄨㄢˇ ㄧㄢˊ
蜿蜿,1,ㄨㄢˇ ㄨㄢˇ
蜿蟺,1,ㄨㄢˇ ㄕㄢˋ
蝃蝀,1,ㄉㄧˋ ㄉㄨㄥ
蝌子,1,ㄎㄜ ㄗ˙
蝍蛆,1,ㄐㄧˊ ㄐㄩ
蝕剝,1,ㄕˊ ㄅㄛ
蝕既,1,ㄕˊ ㄐㄧˋ
蝕泐,1,ㄕˊ ㄌㄜˋ
蝕甚,1,ㄕˊ ㄕㄣˋ
蝕相,1,ㄕˊ ㄒㄧㄤˋ
蝗蝻,1,ㄏㄨㄤˊ ㄋㄢˊ
蝘蜓,1,ㄧㄢˇ ㄊㄧㄥˊ
蝜蝂,1,ㄈㄨˋ ㄅㄢˇ
蝟縮,1,ㄨㄟˋ ㄙㄨㄛ
蝟起,1,ㄨㄟˋ ㄑㄧˇ
蝟集,1,ㄨㄟˋ ㄐㄧˊ
蝥弧,1,ㄇㄠˊ ㄏㄨˊ
蝥賊,1,ㄇㄠˊ ㄗㄜˊ
蝦皮,1,ㄒㄧㄚ ㄆㄧˊ
蝦米,1,ㄒㄧㄚ ㄇㄧ˙
蝦腰,1,ㄒㄧㄚ ㄧㄠ
蝦芭,1,ㄒㄧㄚ ㄅㄚ˙
蝦虎,1,ㄒㄧㄚ ㄏㄨˇ
蝦蛄,1,ㄒㄧㄚ ㄍㄨ
蝦鬚,1,ㄒㄧㄚ ㄒㄩ
蝨官,1,ㄕ ㄍㄨㄢ
蝯眩,1,ㄩㄢˊ ㄒㄩㄢˋ
蝲蛄,1,ㄌㄚˋ ㄍㄨ
蝳蝐,1,ㄉㄞˋ ㄇㄟˋ
蝶化,1,ㄉㄧㄝˊ ㄏㄨㄚˋ
蝶夢,1,ㄉㄧㄝˊ ㄇㄥˋ
蝶蛹,1,ㄉㄧㄝˊ ㄩㄥˇ
蝸廬,1,ㄍㄨㄚ ㄌㄨˊ
蝸窄,1,ㄍㄨㄚ ㄓㄞˇ
蝸篆,1,ㄍㄨㄚ ㄓㄨㄢˋ
蝸舍,1,ㄍㄨㄚ ㄕㄜˋ
蝸螺,1,ㄍㄨㄚ ㄌㄨㄛˊ
蝸行,1,ㄍㄨㄚ ㄒㄧㄥˊ
蝸輪,1,ㄍㄨㄚ ㄌㄨㄣˊ
蝸髫,1,ㄍㄨㄚ ㄊㄧㄠˊ
蝻子,1,ㄋㄢˊ ㄗ˙
螇蚸,1,ㄒㄧ ㄌㄧˋ
螇螰,1,ㄒㄧ ㄌㄨˋ
螈蠶,1,ㄩㄢˊ ㄘㄢˊ
螌蝥,1,ㄅㄢ ㄇㄠˊ
融丘,1,ㄖㄨㄥˊ ㄑㄧㄡ
融冶,1,ㄖㄨㄥˊ ㄧㄝˇ
融匯,1,ㄖㄨㄥˊ ㄏㄨㄟˋ
融泄,1,ㄖㄨㄥˊ ㄧˋ
融風,1,ㄖㄨㄥˊ ㄈㄥ
螓首,1,ㄑㄧㄣˊ ㄕㄡˇ
螗蜩,1,ㄊㄤˊ ㄊㄧㄠˊ
螞蜂,1,ㄇㄚˇ ㄈㄥ
螟害,1,ㄇㄧㄥˊ ㄏㄞˋ
螟螣,1,ㄇㄧㄥˊ ㄊㄜˋ
螟螣,1,ㄇㄧㄥˊ ㄊㄥˊ
螢火,1,ㄧㄥˊ ㄏㄨㄛˇ
螢蛾,1,ㄧㄥˊ ㄜˊ
螢雪,1,ㄧㄥˊ ㄒㄩㄝˇ
螣蛇,1,ㄊㄥˊ ㄕㄜˊ
螫傷,1,ㄓㄜ ㄕㄤ
螫蠅,1,ㄓㄜ ㄧㄥˊ
螭虎,1,ㄔ ㄏㄨˇ
螭陛,1,ㄔ ㄅㄧˋ
螭首,1,ㄔ ㄕㄡˇ
螭魅,1,ㄔ ㄇㄟˋ
螹胡,1,ㄐㄧㄢˋ ㄏㄨˊ
螺杯,1,ㄌㄨㄛˊ ㄅㄟ
螺槳,1,ㄌㄨㄛˊ ㄐㄧㄤˇ
螺模,1,ㄌㄨㄛˊ ㄇㄛˊ
螺烷,1,ㄌㄨㄛˊ ㄨㄢˊ
螺螄,1,ㄌㄨㄛˊ ㄙ˙
螺貝,1,ㄌㄨㄛˊ ㄅㄟˋ
螺鈿,1,ㄌㄨㄛˊ ㄉㄧㄢˋ
螺階,1,ㄌㄨㄛˊ ㄐㄧㄝ
螺青,1,ㄌㄨㄛˊ ㄑㄧㄥ
螺黛,1,ㄌㄨㄛˊ ㄉㄞˋ
蟄獸,1,ㄓˊ ㄕㄡˋ
蟄蟄,1,ㄓˊ ㄓˊ
蟄蟲,1,ㄓˊ ㄔㄨㄥˊ
蟄陷,1,ㄓˊ ㄒㄧㄢˋ
蟊賊,1,ㄇㄠˊ ㄗㄜˊ
蟋蜴,1,ㄒㄧ ㄧˋ
蟒衣,1,ㄇㄤˇ ㄧ
蟛蜞,1,ㄆㄥˊ ㄑㄧˊ
蟛螖,1,ㄆㄥˊ ㄏㄨㄚˊ
蟠木,1,ㄆㄢˊ ㄇㄨˋ
蟠采,1,ㄆㄢˊ ㄘㄞˇ
蟢子,1,ㄒㄧˇ ㄗ˙
蟪蛄,1,ㄏㄨㄟˋ ㄍㄨ
蟬冠,1,ㄔㄢˊ ㄍㄨㄢ
蟬嫣,1,ㄔㄢˊ ㄧㄢ
蟬珥,1,ㄔㄢˊ ㄦˇ
蟬紋,1,ㄔㄢˊ ㄨㄣˊ
蟬腹,1,ㄔㄢˊ ㄈㄨˋ
蟬鬢,1,ㄔㄢˊ ㄅㄧㄣˋ
蟭螟,1,ㄐㄧㄠ ㄇㄧㄥˊ
蟲出,1,ㄔㄨㄥˊ ㄔㄨ
蟲孔,1,ㄔㄨㄥˊ ㄎㄨㄥˇ
蟲書,1,ㄔㄨㄥˊ ㄕㄨ
蟲漆,1,ㄔㄨㄥˊ ㄑㄧ
蟲牙,1,ㄔㄨㄥˊ ㄧㄚˊ
蟲癭,1,ㄔㄨㄥˊ ㄧㄥˇ
蟲眼,1,ㄔㄨㄥˊ ㄧㄢˇ
蟲篆,1,ㄔㄨㄥˊ ㄓㄨㄢˋ
蟲蟲,1,ㄔㄨㄥˊ ㄔㄨㄥˊ
蟲蟻,1,ㄔㄨㄥˊ ㄧˇ
蟲豸,1,ㄔㄨㄥˊ ㄓˋ
蟲魚,1,ㄔㄨㄥˊ ㄩˊ
蟶乾,1,ㄔㄥ ㄍㄢ
蟶子,1,ㄔㄥ ㄗ˙
蟶田,1,ㄔㄥ ㄊㄧㄢˊ
蟹箝,1,ㄒㄧㄝˋ ㄑㄧㄢˊ
蟺蜎,1,ㄔㄢˊ ㄐㄩㄢ
蟻動,1,ㄧˇ ㄉㄨㄥˋ
蟻合,1,ㄧˇ ㄏㄜˊ
蟻垤,1,ㄧˇ ㄉㄧㄝˊ
蟻夢,1,ㄧˇ ㄇㄥˋ
蟻寇,1,ㄧˇ ㄎㄡˋ
蟻封,1,ㄧˇ ㄈㄥ
蟻慕,1,ㄧˇ ㄇㄨˋ
蟻民,1,ㄧˇ ㄇㄧㄣˊ
蟻潰,1,ㄧˇ ㄎㄨㄟˋ
蟻獅,1,ㄧˇ ㄕ
蟻結,1,ㄧˇ ㄐㄧㄝˊ
蟻術,1,ㄧˇ ㄕㄨˋ
蟻裳,1,ㄧˇ ㄔㄤˊ
蟻觀,1,ㄧˇ ㄍㄨㄢ
蟻醛,1,ㄧˇ ㄑㄩㄢˊ
蟻附,1,ㄧˇ ㄈㄨˋ
蟻集,1,ㄧˇ ㄐㄧˊ
蟾光,1,ㄔㄢˊ ㄍㄨㄤ
蟾宮,1,ㄔㄢˊ ㄍㄨㄥ
蟾彩,1,ㄔㄢˊ ㄘㄞˇ
蟾影,1,ㄔㄢˊ ㄧㄥˇ
蟾酥,1,ㄔㄢˊ ㄙㄨ
蟾魄,1,ㄔㄢˊ ㄆㄛˋ
蟿螽,1,ㄑㄧˋ ㄓㄨㄥ
蠁昒,1,ㄒㄧㄤˋ ㄏㄨ
蠅子,1,ㄧㄥˊ ㄗ˙
蠅拂,1,ㄧㄥˊ ㄈㄨˊ
蠅止,1,ㄧㄥˊ ㄓˇ
蠅營,1,ㄧㄥˊ ㄧㄥˊ
蠅級,1,ㄧㄥˊ ㄐㄧˊ
蠆尾,1,ㄔㄞˋ ㄨㄟˇ
蠆芥,1,ㄔㄞˋ ㄐㄧㄝˋ
蠋繡,1,ㄓㄨˊ ㄒㄧㄡˋ
蠋蝓,1,ㄓㄨˊ ㄩˊ
蠐螬,1,ㄑㄧˊ ㄘㄠˊ
蠑螺,1,ㄖㄨㄥˊ ㄌㄨㄛˊ
蠓蟲,1,ㄇㄥˇ ㄔㄨㄥˊ
蠕蠕,1,ㄖㄨㄢˇ ㄖㄨㄢˇ
蠖屈,1,ㄏㄨㄛˋ ㄑㄩ
蠙珠,1,ㄆㄧㄣˊ ㄓㄨ
蠛蠓,1,ㄇㄧㄝˋ ㄇㄥˇ
蠟嘴,1,ㄌㄚˋ ㄗㄨㄟˇ
蠟屐,1,ㄌㄚˋ ㄐㄧ
蠟彈,1,ㄌㄚˋ ㄉㄢˋ
蠟扦,1,ㄌㄚˋ ㄑㄧㄢ
蠟本,1,ㄌㄚˋ ㄅㄣˇ
蠟果,1,ㄌㄚˋ ㄍㄨㄛˇ
蠟查,1,ㄌㄚˋ ㄓㄚ
蠟淚,1,ㄌㄚˋ ㄌㄟˋ
蠟渣,1,ㄌㄚˋ ㄓㄚ
蠟燈,1,ㄌㄚˋ ㄉㄥ
蠟珀,1,ㄌㄚˋ ㄆㄛˋ
蠟畫,1,ㄌㄚˋ ㄏㄨㄚˋ
蠟療,1,ㄌㄚˋ ㄌㄧㄠˊ
蠟皮,1,ㄌㄚˋ ㄆㄧˊ
蠟箋,1,ㄌㄚˋ ㄐㄧㄢ
蠟膜,1,ㄌㄚˋ ㄇㄛˋ
蠟臺,1,ㄌㄚˋ ㄊㄞˊ
蠟花,1,ㄌㄚˋ ㄏㄨㄚ
蠟茶,1,ㄌㄚˋ ㄔㄚˊ
蠟蜂,1,ㄌㄚˋ ㄈㄥ
蠟蟲,1,ㄌㄚˋ ㄔㄨㄥˊ
蠟詔,1,ㄌㄚˋ ㄓㄠˋ
蠟鋪,1,ㄌㄚˋ ㄆㄨˋ
蠠沒,1,ㄇㄧˋ ㄇㄛˋ
蠡縣,1,ㄌㄧˇ ㄒㄧㄢˋ
蠡蠡,1,ㄌㄧˊ ㄌㄧˊ
蠡酌,1,ㄌㄧˊ ㄓㄨㄛˊ
蠢人,1,ㄔㄨㄣˇ ㄖㄣˊ
蠢夯,1,ㄔㄨㄣˇ ㄏㄤ
蠢漢,1,ㄔㄨㄣˇ ㄏㄢˋ
蠢陋,1,ㄔㄨㄣˇ ㄌㄡˋ
蠣塘,1,ㄌㄧˋ ㄊㄤˊ
蠣房,1,ㄌㄧˋ ㄈㄤˊ
蠣鷸,1,ㄌㄧˋ ㄩˋ
蠨蛸,1,ㄒㄧㄠ ㄕㄠ
蠱媚,1,ㄍㄨˇ ㄇㄟˋ
蠱敝,1,ㄍㄨˇ ㄅㄧˋ
蠱疾,1,ㄍㄨˇ ㄐㄧˊ
蠲免,1,ㄐㄩㄢ ㄇㄧㄢˇ
蠲削,1,ㄐㄩㄢ ㄒㄩㄝˋ
蠲減,1,ㄐㄩㄢ ㄐㄧㄢˇ
蠲滌,1,ㄐㄩㄢ ㄉㄧˊ
蠲租,1,ㄐㄩㄢ ㄗㄨ
蠲苛,1,ㄐㄩㄢ ㄎㄜ
蠲賦,1,ㄐㄩㄢ ㄈㄨˋ
蠲除,1,ㄐㄩㄢ ㄔㄨˊ
蠲體,1,ㄐㄩㄢ ㄊㄧˇ
蠵龜,1,ㄒㄧ ㄍㄨㄟ
蠶事,1,ㄘㄢˊ ㄕˋ
蠶叢,1,ㄘㄢˊ ㄘㄨㄥˊ
蠶女,1,ㄘㄢˊ ㄋㄩˇ
蠶官,1,ㄘㄢˊ ㄍㄨㄢ
蠶工,1,ㄘㄢˊ ㄍㄨㄥ
蠶師,1,ㄘㄢˊ ㄕ
蠶忌,1,ㄘㄢˊ ㄐㄧˋ
蠶月,1,ㄘㄢˊ ㄩㄝˋ
蠶神,1,ㄘㄢˊ ㄕㄣˊ
蠶禁,1,ㄘㄢˊ ㄐㄧㄣˋ
蠶花,1,ㄘㄢˊ ㄏㄨㄚ
蠶衣,1,ㄘㄢˊ ㄧ
蠶連,1,ㄘㄢˊ ㄌㄧㄢˊ
蠷蝚,1,ㄑㄩˊ ㄖㄡˊ
蠷螋,1,ㄑㄩˊ ㄙㄡ
蠹國,1,ㄉㄨˋ ㄍㄨㄛˊ
蠹害,1,ㄉㄨˋ ㄏㄞˋ
蠻做,1,ㄇㄢˊ ㄗㄨㄛˋ
蠻口,1,ㄇㄢˊ ㄎㄡˇ
蠻奴,1,ㄇㄢˊ ㄋㄨˊ
蠻子,1,ㄇㄢˊ ㄗ˙
蠻書,1,ㄇㄢˊ ㄕㄨ
蠻江,1,ㄇㄢˊ ㄐㄧㄤ
蠻牋,1,ㄇㄢˊ ㄐㄧㄢ
蠻皮,1,ㄇㄢˊ ㄆㄧˊ
蠻箋,1,ㄇㄢˊ ㄐㄧㄢ
蠻纏,1,ㄇㄢˊ ㄔㄢˊ
蠻腰,1,ㄇㄢˊ ㄧㄠ
蠻蠻,1,ㄇㄢˊ ㄇㄢˊ
蠻觸,1,ㄇㄢˊ ㄔㄨˋ
蠻話,1,ㄇㄢˊ ㄏㄨㄚˋ
蠻貊,1,ㄇㄢˊ ㄇㄛˋ
蠻靴,1,ㄇㄢˊ ㄒㄩㄝ
蠼猱,1,ㄐㄩㄝˊ ㄋㄠˊ
血參,1,ㄒㄧㄝˇ ㄕㄣ
血嗣,1,ㄒㄩㄝˋ ㄙˋ
血心,1,ㄒㄧㄝˇ ㄒㄧㄣ
血忱,1,ㄒㄩㄝˋ ㄔㄣˊ
血晶,1,ㄒㄧㄝˇ ㄐㄧㄥ
血本,1,ㄒㄩㄝˋ ㄅㄣˇ
血毛,1,ㄒㄧㄝˇ ㄇㄠˊ
血氣,1,ㄒㄩㄝˋ ㄑㄧˋ
血痂,1,ㄒㄧㄝˇ ㄐㄧㄚ
血糞,1,ㄒㄧㄝˇ ㄈㄣˋ
血花,1,ㄒㄧㄝˇ ㄏㄨㄚ
血虛,1,ㄒㄧㄝˇ ㄒㄩ
血虧,1,ㄒㄧㄝˇ ㄎㄨㄟ
血誠,1,ㄒㄩㄝˋ ㄔㄥˊ
血食,1,ㄒㄩㄝˋ ㄕˊ
血餘,1,ㄒㄩㄝˋ ㄩˊ
行主,1,ㄒㄧㄥˊ ㄓㄨˇ
行事,1,ㄏㄤˊ ㄕˋ
行令,1,ㄒㄧㄥˊ ㄌㄧㄥˋ
行佣,1,ㄏㄤˊ ㄩㄥˋ
行使,1,ㄒㄧㄥˊ ㄕˋ
行來,1,ㄒㄧㄥˊ ㄌㄞˊ
行侶,1,ㄒㄧㄥˊ ㄌㄩˇ
行儀,1,ㄒㄧㄥˊ ㄧˊ
行分,1,ㄏㄤˊ ㄈㄣ
行化,1,ㄒㄧㄥˊ ㄏㄨㄚ˙
行匣,1,ㄒㄧㄥˊ ㄒㄧㄚˊ
行卷,1,ㄒㄧㄥˊ ㄐㄩㄢˋ
行取,1,ㄒㄧㄥˊ ㄑㄩˇ
行口,1,ㄏㄤˊ ㄎㄡˇ
行哭,1,ㄒㄧㄥˊ ㄎㄨ
行唐,1,ㄒㄧㄥˊ ㄊㄤˊ
行坐,1,ㄒㄧㄥˊ ㄗㄨㄛˋ
行夜,1,ㄒㄧㄥˊ ㄧㄝˋ
行媒,1,ㄒㄧㄥˊ ㄇㄟˊ
行子,1,ㄏㄤˊ ㄗ˙
行子,1,ㄒㄧㄥˊ ㄗˇ
行家,1,ㄏㄤˊ ㄐㄧㄚ˙
行幫,1,ㄏㄤˊ ㄅㄤ
行幸,1,ㄒㄧㄥˊ ㄒㄧㄥˋ
行廚,1,ㄒㄧㄥˊ ㄔㄨˊ
行役,1,ㄒㄧㄥˊ ㄧˋ
行復,1,ㄒㄧㄥˊ ㄈㄨˋ
行志,1,ㄒㄧㄥˊ ㄓˋ
行思,1,ㄒㄧㄥˊ ㄙ
行息,1,ㄒㄧㄥˊ ㄒㄧˊ
行成,1,ㄒㄧㄥˊ ㄔㄥˊ
行戲,1,ㄏㄤˊ ㄒㄧˋ
行戶,1,ㄏㄤˊ ㄏㄨˋ
行戶,1,ㄒㄧㄥˊ ㄏㄨˋ
行拘,1,ㄒㄧㄥˊ ㄐㄩ
行持,1,ㄒㄧㄥˊ ㄔˊ
行放,1,ㄒㄧㄥˊ ㄈㄤˋ
行散,1,ㄒㄧㄥˊ ㄙㄢˋ
行旌,1,ㄒㄧㄥˊ ㄐㄧㄥ
行春,1,ㄒㄧㄥˊ ㄔㄨㄣ
行景,1,ㄒㄧㄥˊ ㄐㄧㄥˇ
行東,1,ㄏㄤˊ ㄉㄨㄥ
行枷,1,ㄒㄧㄥˊ ㄐㄧㄚ
行棧,1,ㄏㄤˊ ㄓㄢˋ
行業,1,ㄒㄧㄥˊ ㄧㄝˋ
行檔,1,ㄏㄤˊ ㄉㄤ˙
行權,1,ㄒㄧㄥˊ ㄑㄩㄢˊ
行次,1,ㄏㄤˊ ㄘˋ
行次,1,ㄒㄧㄥˊ ㄘˋ
行款,1,ㄏㄤˊ ㄎㄨㄢˇ
行歌,1,ㄒㄧㄥˊ ㄍㄜ
行水,1,ㄒㄧㄥˊ ㄕㄨㄟˇ
行潦,1,ㄒㄧㄥˊ ㄌㄠˇ
行炙,1,ㄒㄧㄥˊ ㄓˋ
行燈,1,ㄒㄧㄥˊ ㄉㄥ
行狀,1,ㄒㄧㄥˋ ㄓㄨㄤˋ
行當,1,ㄏㄤˊ ㄉㄤ˙
行短,1,ㄒㄧㄥˋ ㄉㄨㄢˇ
行神,1,ㄏㄤˊ ㄕㄣˊ
行神,1,ㄒㄧㄥˊ ㄕㄣˊ
行祠,1,ㄒㄧㄥˊ ㄘˊ
行福,1,ㄒㄧㄥˊ ㄈㄨˊ
行窩,1,ㄒㄧㄥˊ ㄨㄛ
行童,1,ㄒㄧㄥˊ ㄊㄨㄥˊ
行糧,1,ㄒㄧㄥˊ ㄌㄧㄤˊ
行老,1,ㄏㄤˊ ㄌㄠˇ
行能,1,ㄒㄧㄥˋ ㄋㄥˊ
行腔,1,ㄒㄧㄥˊ ㄑㄧㄤ
行臺,1,ㄒㄧㄥˊ ㄊㄞˊ
行舟,1,ㄒㄧㄥˊ ㄓㄡ
行菜,1,ㄒㄧㄥˊ ㄘㄞˋ
行葦,1,ㄒㄧㄥˊ ㄨㄟˇ
行藥,1,ㄒㄧㄥˊ ㄧㄠˋ
行行,1,ㄏㄤˋ ㄏㄤˋ
行財,1,ㄒㄧㄥˊ ㄘㄞˊ
行貨,1,ㄏㄤˊ ㄏㄨㄛˋ
行貨,1,ㄒㄧㄥˊ ㄏㄨㄛˋ
行販,1,ㄒㄧㄥˊ ㄈㄢˋ
行賕,1,ㄒㄧㄥˊ ㄑㄧㄡˊ
行路,1,ㄒㄧㄥˊ ㄌㄨˋ
行踏,1,ㄒㄧㄥˊ ㄊㄚˋ
行輩,1,ㄏㄤˊ ㄅㄟˋ
行轅,1,ㄒㄧㄥˊ ㄩㄢˊ
行遊,1,ㄒㄧㄥˊ ㄧㄡˊ
行道,1,ㄏㄤˊ ㄉㄠ˙
行遣,1,ㄒㄧㄥˊ ㄑㄧㄢˇ
行遲,1,ㄒㄧㄥˊ ㄔˊ
行郎,1,ㄒㄧㄥˊ ㄌㄤˊ
行鋪,1,ㄏㄤˊ ㄆㄨˋ
行錢,1,ㄒㄧㄥˊ ㄑㄧㄢˊ
行鍼,1,ㄒㄧㄥˊ ㄓㄣ
行開,1,ㄒㄧㄥˊ ㄎㄞ
行關,1,ㄒㄧㄥˊ ㄍㄨㄢ
行院,1,ㄏㄤˊ ㄩㄢˋ
行陣,1,ㄏㄤˊ ㄓㄣˋ
行障,1,ㄒㄧㄥˊ ㄓㄤˋ
行雲,1,ㄒㄧㄥˊ ㄩㄣˊ
行露,1,ㄏㄤˊ ㄌㄨˋ
行露,1,ㄒㄧㄥˊ ㄌㄨˋ
行頭,1,ㄒㄧㄥˊ ㄊㄡ˙
行食,1,ㄒㄧㄥˊ ㄕˊ
行飯,1,ㄒㄧㄥˊ ㄈㄢˋ
行首,1,ㄏㄤˊ ㄕㄡˇ
行香,1,ㄒㄧㄥˊ ㄒㄧㄤ
衍慶,1,ㄧㄢˇ ㄑㄧㄥˋ
衍極,1,ㄧㄢˇ ㄐㄧˊ
衍沃,1,ㄧㄢˇ ㄨㄛˋ
衍溢,1,ㄧㄢˇ ㄧˋ
衍衍,1,ㄧㄢˇ ㄧㄢˇ
衍說,1,ㄧㄢˇ ㄕㄨㄛ
衎然,1,ㄎㄢˋ ㄖㄢˊ
衎衎,1,ㄎㄢˋ ㄎㄢˋ
衒俏,1,ㄒㄩㄢˋ ㄑㄧㄠˋ
衒士,1,ㄒㄩㄢˋ ㄕˋ
衒女,1,ㄒㄩㄢˋ ㄋㄩˇ
衒異,1,ㄒㄩㄢˋ ㄧˋ
衒耀,1,ㄒㄩㄢˋ ㄧㄠˋ
衒色,1,ㄒㄩㄢˋ ㄙㄜˋ
衒賣,1,ㄒㄩㄢˋ ㄇㄞˋ
術藝,1,ㄕㄨˋ ㄧˋ
街上,1,ㄐㄧㄝ ㄕㄤ˙
街卒,1,ㄐㄧㄝ ㄗㄨˊ
街坊,1,ㄐㄧㄝ ㄈㄤ˙
街壘,1,ㄐㄧㄝ ㄌㄟˇ
街官,1,ㄐㄧㄝ ㄍㄨㄢ
街巷,1,ㄐㄧㄝ ㄒㄧㄤˋ
街邏,1,ㄐㄧㄝ ㄌㄨㄛˊ
街鼓,1,ㄐㄧㄝ ㄍㄨˇ
衙內,1,ㄧㄚˊ ㄋㄟˋ
衙推,1,ㄧㄚˊ ㄊㄨㄟ
衙署,1,ㄧㄚˊ ㄕㄨˇ
衙蠹,1,ㄧㄚˊ ㄉㄨˋ
衚衕,1,ㄏㄨˊ ㄊㄨㄥ˙
衛仗,1,ㄨㄟˋ ㄓㄤˋ
衛報,1,ㄨㄟˋ ㄅㄠˋ
衛尉,1,ㄨㄟˋ ㄨㄟˋ
衛從,1,ㄨㄟˋ ㄗㄨㄥˋ
衛河,1,ㄨㄟˋ ㄏㄜˊ
衛玠,1,ㄨㄟˋ ㄐㄧㄝˋ
衛瓘,1,ㄨㄟˋ ㄍㄨㄢˋ
衛矛,1,ㄨㄟˋ ㄇㄠˊ
衝冠,1,ㄔㄨㄥ ㄍㄨㄢ
衝勁,1,ㄔㄨㄥ ㄐㄧㄥˋ
衝心,1,ㄔㄨㄥ ㄒㄧㄣ
衝殺,1,ㄔㄨㄥ ㄕㄚ
衝然,1,ㄔㄨㄥ ㄖㄢˊ
衝犯,1,ㄔㄨㄥ ㄈㄢˋ
衝量,1,ㄔㄨㄥ ㄌㄧㄤˋ
衝陷,1,ㄔㄨㄥ ㄒㄧㄢˋ
衝風,1,ㄔㄨㄥ ㄈㄥ
衡命,1,ㄏㄥˊ ㄇㄧㄥˋ
衡器,1,ㄏㄥˊ ㄑㄧˋ
衡平,1,ㄏㄥˊ ㄆㄧㄥˊ
衡石,1,ㄏㄥˊ ㄕˊ
衡茅,1,ㄏㄥˊ ㄇㄠˊ
衡行,1,ㄏㄥˊ ㄒㄧㄥˊ
衡視,1,ㄏㄥˊ ㄕˋ
衡軛,1,ㄏㄥˊ ㄜˋ
衡鑑,1,ㄏㄥˊ ㄐㄧㄢˋ
衡門,1,ㄏㄥˊ ㄇㄣˊ
衡闈,1,ㄏㄥˊ ㄨㄟˊ
衢肆,1,ㄑㄩˊ ㄙˋ
衢路,1,ㄑㄩˊ ㄌㄨˋ
衣包,1,ㄧ ㄅㄠ
衣工,1,ㄧ ㄍㄨㄥ
衣巾,1,ㄧ ㄐㄧㄣ
衣服,1,ㄧ ㄈㄨ˙
衣甲,1,ㄧ ㄐㄧㄚˇ
衣篝,1,ㄧ ㄍㄡ
衣簪,1,ㄧ ㄗㄢ
衣蛾,1,ㄧ ㄜˊ
衣衾,1,ㄧ ㄑㄧㄣ
衣袍,1,ㄧ ㄆㄠˊ
衣被,1,ㄧ ㄅㄟˋ
衣被,1,ㄧˋ ㄅㄟˋ
衣車,1,ㄧ ㄐㄩ
衣馬,1,ㄧ ㄇㄚˇ
衣魚,1,ㄧ ㄩˊ
表件,1,ㄅㄧㄠˇ ㄐㄧㄢˋ
表儀,1,ㄅㄧㄠˇ ㄧˊ
表唱,1,ㄅㄧㄠˇ ㄔㄤˋ
表奏,1,ㄅㄧㄠˇ ㄗㄡˋ
表姊,1,ㄅㄧㄠˇ ㄗˇ
表子,1,ㄅㄧㄠˇ ㄗ˙
表德,1,ㄅㄧㄠˇ ㄉㄜˊ
表揭,1,ㄅㄧㄠˇ ㄐㄧㄝ
表文,1,ㄅㄧㄠˇ ㄨㄣˊ
表本,1,ㄅㄧㄠˇ ㄅㄣˇ
表海,1,ㄅㄧㄠˇ ㄏㄞˇ
表照,1,ㄅㄧㄠˇ ㄓㄠˋ
表甥,1,ㄅㄧㄠˇ ㄕㄥ
表禮,1,ㄅㄧㄠˇ ㄌㄧˇ
表箋,1,ㄅㄧㄠˇ ㄐㄧㄢ
表背,1,ㄅㄧㄠˇ ㄅㄟˋ
表薦,1,ㄅㄧㄠˇ ㄐㄧㄢˋ
表襮,1,ㄅㄧㄠˇ ㄅㄛˊ
表詞,1,ㄅㄧㄠˇ ㄘˊ
表證,1,ㄅㄧㄠˇ ㄓㄥˋ
表門,1,ㄅㄧㄠˇ ㄇㄣˊ
表題,1,ㄅㄧㄠˇ ㄊㄧˊ
表飾,1,ㄅㄧㄠˇ ㄕˋ
衩衣,1,ㄔㄚˋ ㄧ
衫子,1,ㄕㄢ ㄗ˙
衯衯,1,ㄈㄣ ㄈㄣ
衰塌,1,ㄕㄨㄞ ㄊㄚ
衰暮,1,ㄕㄨㄞ ㄇㄨˋ
衰朽,1,ㄕㄨㄞ ㄒㄧㄡˇ
衰歇,1,ㄕㄨㄞ ㄒㄧㄝ
衰謝,1,ㄕㄨㄞ ㄒㄧㄝˋ
衲子,1,ㄋㄚˋ ㄗ˙
衲帛,1,ㄋㄚˋ ㄅㄛˊ
衲師,1,ㄋㄚˋ ㄕ
衲臉,1,ㄋㄚˋ ㄌㄧㄢˇ
衲被,1,ㄋㄚˋ ㄅㄟˋ
衲頭,1,ㄋㄚˋ ㄊㄡˊ
衷悃,1,ㄓㄨㄥ ㄎㄨㄣˇ
衷曲,1,ㄓㄨㄥ ㄑㄩ
衷款,1,ㄓㄨㄥ ㄎㄨㄢˇ
衷素,1,ㄓㄨㄥ ㄙㄨˋ
衷腸,1,ㄓㄨㄥ ㄔㄤˊ
衷誠,1,ㄓㄨㄥ ㄔㄥˊ
衽席,1,ㄖㄣˋ ㄒㄧˊ
衾單,1,ㄑㄧㄣ ㄉㄢ
衾枕,1,ㄑㄧㄣ ㄓㄣˇ
衾衽,1,ㄑㄧㄣ ㄖㄣˋ
衾裯,1,ㄑㄧㄣ ㄔㄡˊ
衿假,1,ㄐㄧㄣ ㄐㄧㄚˇ
衿喉,1,ㄐㄧㄣ ㄏㄡˊ
衿契,1,ㄐㄧㄣ ㄑㄧˋ
衿曲,1,ㄐㄧㄣ ㄑㄩˇ
袁宏,1,ㄩㄢˊ ㄏㄨㄥˊ
袁樞,1,ㄩㄢˊ ㄕㄨ
袁盎,1,ㄩㄢˊ ㄤˋ
袁頭,1,ㄩㄢˊ ㄊㄡˊ
袂聳,1,ㄇㄟˋ ㄙㄨㄥˇ
袍仗,1,ㄆㄠˊ ㄓㄤˋ
袍哥,1,ㄆㄠˊ ㄍㄜ
袍笏,1,ㄆㄠˊ ㄏㄨˋ
袍罩,1,ㄆㄠˊ ㄓㄠˋ
袍袖,1,ㄆㄠˊ ㄒㄧㄡˋ
袍褂,1,ㄆㄠˊ ㄍㄨㄚˋ
袍鎧,1,ㄆㄠˊ ㄎㄞˇ
袒免,1,ㄊㄢˇ ㄨㄣˋ
袒縛,1,ㄊㄢˇ ㄈㄨˊ
袒膊,1,ㄊㄢˇ ㄅㄛˊ
袒臂,1,ㄊㄢˇ ㄅㄧˋ
袒衣,1,ㄊㄢˇ ㄧ
袒裼,1,ㄊㄢˇ ㄒㄧˊ
袖刃,1,ㄒㄧㄡˋ ㄖㄣˋ
袗衣,1,ㄓㄣˇ ㄧ
袜肚,1,ㄇㄛˋ ㄉㄨˋ
袞冕,1,ㄍㄨㄣˇ ㄇㄧㄢˇ
袞司,1,ㄍㄨㄣˇ ㄙ
袞服,1,ㄍㄨㄣˇ ㄈㄨˊ
袞毬,1,ㄍㄨㄣˇ ㄑㄧㄡˊ
袞纏,1,ㄍㄨㄣˇ ㄔㄢˊ
袞職,1,ㄍㄨㄣˇ ㄓˊ
袞衣,1,ㄍㄨㄣˇ ㄧ
袞袞,1,ㄍㄨㄣˇ ㄍㄨㄣˇ
袞遍,1,ㄍㄨㄣˇ ㄅㄧㄢˋ
袞闕,1,ㄍㄨㄣˇ ㄑㄩㄝˋ
袞龍,1,ㄍㄨㄣˇ ㄌㄨㄥˊ
袤廣,1,ㄇㄠˋ ㄍㄨㄤˇ
被囊,1,ㄅㄟˋ ㄋㄤˊ
被囚,1,ㄅㄟˋ ㄑㄧㄡˊ
被拒,1,ㄅㄟˋ ㄐㄩˋ
被禍,1,ㄆㄧ ㄏㄨㄛˋ
被筩,1,ㄅㄟˋ ㄊㄨㄥˇ
被罪,1,ㄆㄧ ㄗㄨㄟˋ
被臥,1,ㄅㄟˋ ㄨㄛ˙
被袋,1,ㄅㄟˋ ㄉㄞˋ
被褐,1,ㄆㄧ ㄏㄜˊ
被逮,1,ㄅㄟˋ ㄉㄞˇ
被酒,1,ㄅㄟˋ ㄐㄧㄡˇ
被頭,1,ㄅㄟˋ ㄊㄡˊ
被騙,1,ㄅㄟˋ ㄆㄧㄢˋ
袱駝,1,ㄈㄨˊ ㄊㄨㄛˊ
袷衣,1,ㄐㄧㄚˊ ㄧ
袷裙,1,ㄐㄧㄚˊ ㄑㄩㄣˊ
袾襦,1,ㄓㄨ ㄖㄨˊ
裀席,1,ㄧㄣ ㄒㄧˊ
裁制,1,ㄘㄞˊ ㄓˋ
裁劃,1,ㄘㄞˊ ㄏㄨㄚˋ
裁可,1,ㄘㄞˊ ㄎㄜˇ
裁損,1,ㄘㄞˊ ㄙㄨㄣˇ
裁格,1,ㄘㄞˊ ㄍㄜˊ
裁答,1,ㄘㄞˊ ㄉㄚˊ
裁縫,1,ㄘㄞˊ ㄈㄥ˙
裁詩,1,ㄘㄞˊ ㄕ
裁錦,1,ㄘㄞˊ ㄐㄧㄣˇ
裁革,1,ㄘㄞˊ ㄍㄜˊ
裂土,1,ㄌㄧㄝˋ ㄊㄨˇ
裂地,1,ㄌㄧㄝˋ ㄉㄧˋ
裂果,1,ㄌㄧㄝˋ ㄍㄨㄛˇ
裂璺,1,ㄌㄧㄝˋ ㄨㄣˋ
裂眥,1,ㄌㄧㄝˋ ㄗˋ
裂眼,1,ㄌㄧㄝˋ ㄧㄢˇ
裂膽,1,ㄌㄧㄝˋ ㄉㄢˇ
裂致,1,ㄌㄧㄝˋ ㄓˋ
裂谷,1,ㄌㄧㄝˋ ㄍㄨˇ
裂開,1,ㄌㄧㄝˋ ㄎㄞ˙
裊娜,1,ㄋㄧㄠˇ ㄋㄨㄛˊ
裊窕,1,ㄋㄧㄠˇ ㄊㄧㄠˇ
裊繞,1,ㄋㄧㄠˇ ㄖㄠˋ
裋褐,1,ㄕㄨˋ ㄏㄜˊ
裒刻,1,ㄆㄡˊ ㄎㄜˋ
裒剋,1,ㄆㄡˊ ㄎㄜˋ
裒斂,1,ㄆㄡˊ ㄌㄧㄢˋ
裔夷,1,ㄧˋ ㄧˊ
裔胄,1,ㄧˋ ㄓㄡˋ
裔裔,1,ㄧˋ ㄧˋ
裕國,1,ㄩˋ ㄍㄨㄛˊ
裕如,1,ㄩˋ ㄖㄨˊ
裕裕,1,ㄩˋ ㄩˋ
裘葛,1,ㄑㄧㄡˊ ㄍㄜˊ
裘褐,1,ㄑㄧㄡˊ ㄏㄜˊ
裘馬,1,ㄑㄧㄡˊ ㄇㄚˇ
裙屐,1,ㄑㄩㄣˊ ㄐㄧ
裛裛,1,ㄧˋ ㄧˋ
補丁,1,ㄅㄨˇ ㄉㄧㄥ˙
補代,1,ㄅㄨˇ ㄉㄞˋ
補位,1,ㄅㄨˇ ㄨㄟˋ
補假,1,ㄅㄨˇ ㄐㄧㄚˇ
補劑,1,ㄅㄨˇ ㄐㄧˋ
補員,1,ㄅㄨˇ ㄩㄢˊ
補壁,1,ㄅㄨˇ ㄅㄧˋ
補天,1,ㄅㄨˇ ㄊㄧㄢ
補子,1,ㄅㄨˇ ㄗ˙
補察,1,ㄅㄨˇ ㄔㄚˊ
補情,1,ㄅㄨˇ ㄑㄧㄥˊ
補景,1,ㄅㄨˇ ㄐㄧㄥˇ
補服,1,ㄅㄨˇ ㄈㄨˊ
補班,1,ㄅㄨˇ ㄅㄢ
補益,1,ㄅㄨˇ ㄧˋ
補稅,1,ㄅㄨˇ ㄕㄨㄟˋ
補筆,1,ㄅㄨˇ ㄅㄧˇ
補約,1,ㄅㄨˇ ㄩㄝ
補納,1,ㄅㄨˇ ㄋㄚˋ
補綻,1,ㄅㄨˇ ㄓㄢˋ
補腎,1,ㄅㄨˇ ㄕㄣˋ
補花,1,ㄅㄨˇ ㄏㄨㄚ
補苴,1,ㄅㄨˇ ㄐㄩ
補葺,1,ㄅㄨˇ ㄑㄧˋ
補袞,1,ㄅㄨˇ ㄍㄨㄣˇ
補襯,1,ㄅㄨˇ ㄔㄣˋ
補詞,1,ㄅㄨˇ ㄘˊ
補輯,1,ㄅㄨˇ ㄐㄧˊ
補釘,1,ㄅㄨˇ ㄉㄧㄥ˙
補針,1,ㄅㄨˇ ㄓㄣ
補闕,1,ㄅㄨˇ ㄑㄩㄝ
補陰,1,ㄅㄨˇ ㄧㄣ
補陽,1,ㄅㄨˇ ㄧㄤˊ
補靪,1,ㄅㄨˇ ㄉㄧㄥ˙
裝么,1,ㄓㄨㄤ ㄧㄠ
裝佯,1,ㄓㄨㄤ ㄧㄤˊ
裝大,1,ㄓㄨㄤ ㄉㄚˋ
裝局,1,ㄓㄨㄤ ㄐㄩˊ
裝幀,1,ㄓㄨㄤ ㄓㄥˋ
裝憨,1,ㄓㄨㄤ ㄏㄢ
裝摺,1,ㄓㄨㄤ ㄓㄜˊ
裝新,1,ㄓㄨㄤ ㄒㄧㄣ
裝池,1,ㄓㄨㄤ ㄔˊ
裝老,1,ㄓㄨㄤ ㄌㄠˇ
裝背,1,ㄓㄨㄤ ㄅㄟˋ
裝胖,1,ㄓㄨㄤ ㄆㄤˋ
裝裹,1,ㄓㄨㄤ ㄍㄨㄛ˙
裝鑾,1,ㄓㄨㄤ ㄌㄨㄢˊ
裡實,1,ㄌㄧˇ ㄕˊ
裡廉,1,ㄌㄧˇ ㄌㄧㄢˊ
裡急,1,ㄌㄧˇ ㄐㄧˊ
裡白,1,ㄌㄧˇ ㄅㄞˊ
裡虛,1,ㄌㄧˇ ㄒㄩ
裡言,1,ㄌㄧˇ ㄧㄢˊ
裡踢,1,ㄌㄧˇ ㄊㄧ
裡頭,1,ㄌㄧˇ ㄊㄡ˙
裨海,1,ㄆㄧˊ ㄏㄞˇ
裨販,1,ㄆㄧˊ ㄈㄢˋ
裱揹,1,ㄅㄧㄠˇ ㄅㄟ
裱背,1,ㄅㄧㄠˇ ㄅㄟˋ
裲襠,1,ㄌㄧㄤˇ ㄉㄤ
裳幃,1,ㄔㄤˊ ㄨㄟˇ
裳幃,1,ㄔㄤˊ ㄨㄟˊ
裳衣,1,ㄔㄤˊ ㄧ
裳裳,1,ㄔㄤˊ ㄔㄤˊ
裴倫,1,ㄆㄟˊ ㄌㄨㄣˊ
裴回,1,ㄆㄟˊ ㄏㄨㄟˊ
裴度,1,ㄆㄟˊ ㄉㄨˋ
裴特,1,ㄆㄟˊ ㄊㄜˋ
裴矩,1,ㄆㄟˊ ㄐㄩˇ
裴秀,1,ㄆㄟˊ ㄒㄧㄡˋ
裴航,1,ㄆㄟˊ ㄏㄤˊ
裴迪,1,ㄆㄟˊ ㄉㄧˊ
裴頠,1,ㄆㄟˊ ㄨㄟˇ
裴駰,1,ㄆㄟˊ ㄧㄣ
裶裶,1,ㄈㄟ ㄈㄟ
裸國,1,ㄌㄨㄛˇ ㄍㄨㄛˊ
裸女,1,ㄌㄨㄛˇ ㄋㄩˇ
裸照,1,ㄌㄨㄛˇ ㄓㄠˋ
裸芽,1,ㄌㄨㄛˇ ㄧㄚˊ
裸葉,1,ㄌㄨㄛˇ ㄧㄝˋ
裸藻,1,ㄌㄨㄛˇ ㄗㄠˇ
裸跣,1,ㄌㄨㄛˇ ㄒㄧㄢˇ
裸露,1,ㄌㄨㄛˇ ㄌㄨˋ
裸鰮,1,ㄌㄨㄛˇ ㄨㄣ
裹亂,1,ㄍㄨㄛˇ ㄌㄨㄢˋ
裹創,1,ㄍㄨㄛˇ ㄔㄨㄤ
裹屍,1,ㄍㄨㄛˇ ㄕ
裹抹,1,ㄍㄨㄛˇ ㄇㄛ˙
裹挾,1,ㄍㄨㄛˇ ㄒㄧㄝˊ
裹糧,1,ㄍㄨㄛˇ ㄌㄧㄤˊ
裹腳,1,ㄍㄨㄛˇ ㄐㄧㄠ˙
裹角,1,ㄍㄨㄛˇ ㄐㄧㄠˇ
裹革,1,ㄍㄨㄛˇ ㄍㄜˊ
裹頭,1,ㄍㄨㄛˇ ㄊㄡˊ
製坯,1,ㄓˋ ㄆㄟ
製定,1,ㄓˋ ㄉㄧㄥˋ
製材,1,ㄓˋ ㄘㄞˊ
複意,1,ㄈㄨˋ ㄧˋ
複方,1,ㄈㄨˋ ㄈㄤ
複果,1,ㄈㄨˋ ㄍㄨㄛˇ
複種,1,ㄈㄨˋ ㄓㄨㄥˋ
複稱,1,ㄈㄨˋ ㄔㄥ
複穴,1,ㄈㄨˋ ㄒㄩㄝˋ
複肥,1,ㄈㄨˋ ㄈㄟˊ
複襦,1,ㄈㄨˋ ㄖㄨˊ
複視,1,ㄈㄨˋ ㄕˋ
複道,1,ㄈㄨˋ ㄉㄠˋ
複閣,1,ㄈㄨˋ ㄍㄜˊ
複頻,1,ㄈㄨˋ ㄆㄧㄣˊ
複鹽,1,ㄈㄨˋ ㄧㄢˊ
褊小,1,ㄅㄧㄢˇ ㄒㄧㄠˇ
褊心,1,ㄅㄧㄢˇ ㄒㄧㄣ
褊激,1,ㄅㄧㄢˇ ㄐㄧ
褊窄,1,ㄅㄧㄢˇ ㄓㄞˇ
褊能,1,ㄅㄧㄢˇ ㄋㄥˊ
褊褼,1,ㄆㄧㄢˊ ㄒㄧㄢ
褊躁,1,ㄅㄧㄢˇ ㄗㄠˋ
褊迫,1,ㄅㄧㄢˇ ㄆㄛˋ
褊陋,1,ㄅㄧㄢˇ ㄌㄡˋ
褊隘,1,ㄅㄧㄢˇ ㄞˋ
褌中,1,ㄎㄨㄣ ㄓㄨㄥ
褌襠,1,ㄎㄨㄣ ㄉㄤ
褎然,1,ㄧㄡˋ ㄖㄢˊ
褐土,1,ㄏㄜˊ ㄊㄨˇ
褐夫,1,ㄏㄜˊ ㄈㄨ
褐炭,1,ㄏㄜˊ ㄊㄢˋ
褐袖,1,ㄏㄜˊ ㄒㄧㄡˋ
褐變,1,ㄏㄜˊ ㄅㄧㄢˋ
褒大,1,ㄅㄠ ㄉㄚˋ
褒姒,1,ㄅㄠ ㄙˋ
褒封,1,ㄅㄠ ㄈㄥ
褒彈,1,ㄅㄠ ㄊㄢˊ
褒歌,1,ㄅㄠ ㄍㄜ
褒狀,1,ㄅㄠ ㄓㄨㄤˋ
褒章,1,ㄅㄠ ㄓㄤ
褒美,1,ㄅㄠ ㄇㄟˇ
褒義,1,ㄅㄠ ㄧˋ
褒衣,1,ㄅㄠ ㄧ
褒詞,1,ㄅㄠ ㄘˊ
褒談,1,ㄅㄠ ㄊㄢˊ
褒讚,1,ㄅㄠ ㄗㄢˋ
褒貶,1,ㄅㄠ ㄅㄧㄢ˙
褒賚,1,ㄅㄠ ㄌㄞˋ
褒贊,1,ㄅㄠ ㄗㄢˋ
褒鄂,1,ㄅㄠ ㄜˋ
褒錄,1,ㄅㄠ ㄌㄨˋ
褕衣,1,ㄩˊ ㄧ
褖衣,1,ㄊㄨㄢˋ ㄧ
褚衣,1,ㄔㄨˇ ㄧ
褡膊,1,ㄉㄚ ㄅㄛˊ
褡褳,1,ㄉㄚ ㄌㄧㄢˊ
褥單,1,ㄖㄨˋ ㄉㄢ
褦襶,1,ㄋㄞˋ ㄉㄞˋ
褪口,1,ㄊㄨㄣˋ ㄎㄡˇ
褪毛,1,ㄊㄨㄣˋ ㄇㄠˊ
褪膊,1,ㄊㄨㄣˋ ㄅㄛˊ
褪衣,1,ㄊㄨㄣˋ ㄧ
褫職,1,ㄔˇ ㄓˊ
褫革,1,ㄔˇ ㄍㄜˊ
褫魄,1,ㄔˇ ㄆㄛˋ
褭褭,1,ㄋㄧㄠˇ ㄋㄧㄠˇ
褯子,1,ㄐㄧㄝˋ ㄗ˙
褰裳,1,ㄑㄧㄢ ㄔㄤˊ
褲裝,1,ㄎㄨˋ ㄓㄨㄤ
褲褶,1,ㄎㄨˋ ㄒㄧˊ
褲靴,1,ㄎㄨˋ ㄒㄩㄝ
褶子,1,ㄒㄩㄝˊ ㄗ˙
褶子,1,ㄓㄜˊ ㄗ˙
褸裂,1,ㄌㄩˇ ㄌㄧㄝˋ
褻器,1,ㄒㄧㄝˋ ㄑㄧˋ
褻服,1,ㄒㄧㄝˋ ㄈㄨˊ
褾背,1,ㄅㄧㄠˇ ㄅㄟˋ
襁抱,1,ㄑㄧㄤˇ ㄅㄠˋ
襁負,1,ㄑㄧㄤˇ ㄈㄨˋ
襂纚,1,ㄕㄢ ㄕˇ
襄事,1,ㄒㄧㄤ ㄕˋ
襄河,1,ㄒㄧㄤ ㄏㄜˊ
襄陵,1,ㄒㄧㄤ ㄌㄧㄥˊ
襆被,1,ㄆㄨˊ ㄅㄟˋ
襆頭,1,ㄆㄨˊ ㄊㄡˊ
襌衣,1,ㄉㄢ ㄧ
襏襫,1,ㄅㄛˊ ㄕˋ
襒席,1,ㄅㄧㄝˊ ㄒㄧˊ
襖子,1,ㄠˇ ㄗ˙
襖裙,1,ㄠˇ ㄑㄩㄣˊ
襛華,1,ㄋㄨㄥˊ ㄏㄨㄚ
襜帷,1,ㄔㄢ ㄨㄟˊ
襜褕,1,ㄔㄢ ㄩˊ
襜襜,1,ㄔㄢ ㄔㄢ
襝衽,1,ㄌㄧㄢˋ ㄖㄣˋ
襞積,1,ㄅㄧˋ ㄐㄧ
襞褶,1,ㄅㄧˋ ㄓㄜˊ
襟喉,1,ㄐㄧㄣ ㄏㄡˊ
襟帶,1,ㄐㄧㄣ ㄉㄞˋ
襟情,1,ㄐㄧㄣ ㄑㄧㄥˊ
襟抱,1,ㄐㄧㄣ ㄅㄠˋ
襟曲,1,ㄐㄧㄣ ㄑㄩ
襟要,1,ㄐㄧㄣ ㄧㄠˋ
襟韻,1,ㄐㄧㄣ ㄩㄣˋ
襠勁,1,ㄉㄤ ㄐㄧㄣˋ
襦褲,1,ㄖㄨˊ ㄎㄨˋ
襪線,1,ㄨㄚˋ ㄒㄧㄢˋ
襪船,1,ㄨㄚˋ ㄔㄨㄢˊ
襯字,1,ㄔㄣˋ ㄗˋ
襯底,1,ㄔㄣˋ ㄉㄧˇ
襯手,1,ㄔㄣˋ ㄕㄡˇ
襯搭,1,ㄔㄣˋ ㄉㄚ
襯映,1,ㄔㄣˋ ㄧㄥˋ
襯景,1,ㄔㄣˋ ㄐㄧㄥˇ
襯白,1,ㄔㄣˋ ㄅㄞˊ
襯紙,1,ㄔㄣˋ ㄓˇ
襯貼,1,ㄔㄣˋ ㄊㄧㄝ
襯身,1,ㄔㄣˋ ㄕㄣ
襯錢,1,ㄔㄣˋ ㄑㄧㄢˊ
襯飯,1,ㄔㄣˋ ㄈㄢˋ
襲人,1,ㄒㄧˊ ㄖㄣˊ
襲位,1,ㄒㄧˊ ㄨㄟˋ
襲吉,1,ㄒㄧˊ ㄐㄧˊ
襲封,1,ㄒㄧˊ ㄈㄥ
襲捲,1,ㄒㄧˊ ㄐㄩㄢˇ
襲步,1,ㄒㄧˊ ㄅㄨˋ
襲跡,1,ㄒㄧˊ ㄐㄧ
襲逆,1,ㄒㄧˊ ㄋㄧˋ
襲逮,1,ㄒㄧˊ ㄉㄞˋ
襴衣,1,ㄌㄢˊ ㄧ
襴衫,1,ㄌㄢˊ ㄕㄢ
襴裙,1,ㄌㄢˊ ㄑㄩㄣˊ
襻輿,1,ㄆㄢˋ ㄩˊ
西冥,1,ㄒㄧ ㄇㄧㄥˊ
西后,1,ㄒㄧ ㄏㄡˋ
西土,1,ㄒㄧ ㄊㄨˇ
西堤,1,ㄒㄧ ㄊㄧˊ
西家,1,ㄒㄧ ㄐㄧㄚ
西崑,1,ㄒㄧ ㄎㄨㄣ
西崽,1,ㄒㄧ ㄗㄞˇ
西患,1,ㄒㄧ ㄏㄨㄢˋ
西打,1,ㄒㄧ ㄉㄚˊ
西曲,1,ㄒㄧ ㄑㄩ
西曲,1,ㄒㄧ ㄑㄩˇ
西東,1,ㄒㄧ ㄉㄨㄥ
西極,1,ㄒㄧ ㄐㄧˊ
西歸,1,ㄒㄧ ㄍㄨㄟ
西河,1,ㄒㄧ ㄏㄜˊ
西澗,1,ㄒㄧ ㄐㄧㄢˋ
西燕,1,ㄒㄧ ㄧㄢ
西班,1,ㄒㄧ ㄅㄢ
西皇,1,ㄒㄧ ㄏㄨㄤˊ
西臺,1,ㄒㄧ ㄊㄞˊ
西苑,1,ㄒㄧ ㄩㄢˋ
西調,1,ㄒㄧ ㄉㄧㄠˋ
西賓,1,ㄒㄧ ㄅㄧㄣ
西鄰,1,ㄒㄧ ㄌㄧㄣˊ
西銘,1,ㄒㄧ ㄇㄧㄥˊ
西陵,1,ㄒㄧ ㄌㄧㄥˊ
西陸,1,ㄒㄧ ㄌㄨˋ
西階,1,ㄒㄧ ㄐㄧㄝ
西頹,1,ㄒㄧ ㄊㄨㄟˊ
要切,1,ㄧㄠˋ ㄑㄧㄝˋ
要劫,1,ㄧㄠ ㄐㄧㄝˊ
要勒,1,ㄧㄠ ㄌㄜˋ
要妙,1,ㄧㄠ ㄇㄧㄠˋ
要市,1,ㄧㄠ ㄕˋ
要得,1,ㄧㄠˋ ㄉㄜ˙
要擊,1,ㄧㄠ ㄐㄧˊ
要時,1,ㄧㄠ ㄕˊ
要服,1,ㄧㄠ ㄈㄨˊ
要束,1,ㄧㄠ ㄕㄨˋ
要案,1,ㄧㄠˋ ㄢˋ
要死,1,ㄧㄠˋ ㄙˇ
要盟,1,ㄧㄠ ㄇㄥˊ
要眇,1,ㄧㄠ ㄇㄧㄠˇ
要知,1,ㄧㄠˋ ㄓ
要端,1,ㄧㄠˋ ㄉㄨㄢ
要約,1,ㄧㄠ ㄩㄝ
要結,1,ㄧㄠ ㄐㄧㄝˊ
要絰,1,ㄧㄠ ㄉㄧㄝˊ
要荒,1,ㄧㄠ ㄏㄨㄤ
要褭,1,ㄧㄠ ㄋㄧㄠˇ
要誓,1,ㄧㄠ ㄕˋ
要證,1,ㄧㄠˋ ㄓㄥˋ
要買,1,ㄧㄠ ㄇㄞˇ
要近,1,ㄧㄠˋ ㄐㄧㄣˋ
要離,1,ㄧㄠ ㄌㄧˊ
要領,1,ㄧㄠ ㄌㄧㄥˇ
覂駕,1,ㄈㄥˇ ㄐㄧㄚˋ
覃思,1,ㄊㄢˊ ㄙ
覃恩,1,ㄊㄢˊ ㄣ
覆冒,1,ㄈㄨˋ ㄇㄠˋ
覆呈,1,ㄈㄨˋ ㄔㄥˊ
覆墓,1,ㄈㄨˋ ㄇㄨˋ
覆姓,1,ㄈㄨˋ ㄒㄧㄥˋ
覆宗,1,ㄈㄨˋ ㄗㄨㄥ
覆帳,1,ㄈㄨˋ ㄓㄤˋ
覆幬,1,ㄈㄨˋ ㄉㄠˋ
覆手,1,ㄈㄨˋ ㄕㄡˇ
覆按,1,ㄈㄨˋ ㄢˋ
覆杯,1,ㄈㄨˋ ㄅㄟ
覆瓿,1,ㄈㄨˋ ㄆㄡˇ
覆甕,1,ㄈㄨˋ ㄨㄥˋ
覆盂,1,ㄈㄨˋ ㄩˊ
覆盤,1,ㄈㄨˋ ㄆㄢˊ
覆育,1,ㄈㄨˋ ㄩˋ
覆蔽,1,ㄈㄨˋ ㄅㄧˋ
覆被,1,ㄈㄨˋ ㄅㄟˋ
覆診,1,ㄈㄨˋ ㄓㄣˇ
覆軍,1,ㄈㄨˋ ㄐㄩㄣ
覆逆,1,ㄈㄨˋ ㄋㄧˋ
覆醢,1,ㄈㄨˋ ㄏㄞˇ
覆露,1,ㄈㄨˋ ㄌㄨˋ
覆餗,1,ㄈㄨˋ ㄙㄨˋ
覆鼎,1,ㄈㄨˋ ㄉㄧㄥˇ
覈物,1,ㄏㄜˊ ㄨˋ
見亮,1,ㄐㄧㄢˋ ㄌㄧㄤˋ
見付,1,ㄐㄧㄢˋ ㄈㄨˋ
見來,1,ㄐㄧㄢˋ ㄌㄞˊ
見便,1,ㄐㄧㄢˋ ㄅㄧㄢˋ
見俏,1,ㄐㄧㄢˋ ㄑㄧㄠˋ
見信,1,ㄐㄧㄢˋ ㄒㄧㄣˋ
見前,1,ㄐㄧㄢˋ ㄑㄧㄢˊ
見危,1,ㄐㄧㄢˋ ㄨㄟˊ
見原,1,ㄐㄧㄢˋ ㄩㄢˊ
見喜,1,ㄐㄧㄢˋ ㄒㄧˇ
見在,1,ㄒㄧㄢˋ ㄗㄞˋ
見字,1,ㄐㄧㄢˋ ㄗˋ
見官,1,ㄐㄧㄢˋ ㄍㄨㄢ
見小,1,ㄐㄧㄢˋ ㄒㄧㄠˇ
見幾,1,ㄐㄧㄢˋ ㄐㄧ
見惠,1,ㄐㄧㄢˋ ㄏㄨㄟˋ
見意,1,ㄒㄧㄢˋ ㄧˋ
見憐,1,ㄐㄧㄢˋ ㄌㄧㄢˊ
見成,1,ㄒㄧㄢˋ ㄔㄥˊ
見新,1,ㄐㄧㄢˋ ㄒㄧㄣ
見旺,1,ㄐㄧㄢˋ ㄨㄤˋ
見疑,1,ㄐㄧㄢˋ ㄧˊ
見短,1,ㄐㄧㄢˋ ㄉㄨㄢˇ
見破,1,ㄐㄧㄢˋ ㄆㄛˋ
見示,1,ㄐㄧㄢˋ ㄕˋ
見禮,1,ㄐㄧㄢˋ ㄌㄧˇ
見糧,1,ㄒㄧㄢˋ ㄌㄧㄤˊ
見紅,1,ㄐㄧㄢˋ ㄏㄨㄥˊ
見絀,1,ㄐㄧㄢˋ ㄔㄨˋ
見諭,1,ㄐㄧㄢˋ ㄩˋ
見證,1,ㄐㄧㄢˋ ㄓㄥ˙
見讓,1,ㄐㄧㄢˋ ㄖㄤˋ
見責,1,ㄐㄧㄢˋ ㄗㄜˊ
見錢,1,ㄒㄧㄢˋ ㄑㄧㄢˊ
見長,1,ㄐㄧㄢˋ ㄓㄤˇ
見陣,1,ㄐㄧㄢˋ ㄓㄣˋ
見難,1,ㄐㄧㄢˋ ㄋㄢˊ
見風,1,ㄐㄧㄢˋ ㄈㄥ
見駕,1,ㄐㄧㄢˋ ㄐㄧㄚˋ
見齒,1,ㄐㄧㄢˋ ㄔˇ
規利,1,ㄍㄨㄟ ㄌㄧˋ
規尺,1,ㄍㄨㄟ ㄔˇ
規度,1,ㄍㄨㄟ ㄉㄨˋ
規復,1,ㄍㄨㄟ ㄈㄨˋ
規戒,1,ㄍㄨㄟ ㄐㄧㄝˋ
規正,1,ㄍㄨㄟ ㄓㄥˋ
規求,1,ㄍㄨㄟ ㄑㄧㄡˊ
規略,1,ㄍㄨㄟ ㄌㄩㄝˋ
規規,1,ㄍㄨㄟ ㄍㄨㄟ
規語,1,ㄍㄨㄟ ㄩˇ
規談,1,ㄍㄨㄟ ㄊㄢˊ
規諷,1,ㄍㄨㄟ ㄈㄥˋ
規謀,1,ㄍㄨㄟ ㄇㄡˊ
規那,1,ㄍㄨㄟ ㄋㄚˋ
規鏡,1,ㄍㄨㄟ ㄐㄧㄥˋ
規院,1,ㄍㄨㄟ ㄩㄢˋ
覓索,1,ㄇㄧˋ ㄙㄨㄛˇ
視丘,1,ㄕˋ ㄑㄧㄡ
視學,1,ㄕˋ ㄒㄩㄝˊ
視息,1,ㄕˋ ㄒㄧˊ
視朝,1,ㄕˋ ㄔㄠˊ
視盼,1,ㄕˋ ㄆㄢˋ
視草,1,ㄕˋ ㄘㄠˇ
視遇,1,ㄕˋ ㄩˋ
覘兵,1,ㄓㄢ ㄅㄧㄥ
覘標,1,ㄓㄢ ㄅㄧㄠ
親丁,1,ㄑㄧㄣ ㄉㄧㄥ
親串,1,ㄑㄧㄣ ㄔㄨㄢˋ
親事,1,ㄑㄧㄣ ㄕ˙
親供,1,ㄑㄧㄣ ㄍㄨㄥ
親倖,1,ㄑㄧㄣ ㄒㄧㄥˋ
親傍,1,ㄑㄧㄣ ㄅㄤˋ
親厚,1,ㄑㄧㄣ ㄏㄡˋ
親娘,1,ㄑㄧㄥˋ ㄋㄧㄤˊ
親家,1,ㄑㄧㄥˋ ㄐㄧㄚ˙
親庭,1,ㄑㄧㄣ ㄊㄧㄥˊ
親往,1,ㄑㄧㄣ ㄨㄤˇ
親房,1,ㄑㄧㄥˋ ㄈㄤˊ
親權,1,ㄑㄧㄣ ㄑㄩㄢˊ
親歷,1,ㄑㄧㄣ ㄌㄧˋ
親炙,1,ㄑㄧㄣ ㄓˋ
親爹,1,ㄑㄧㄣ ㄉㄧㄝ
親爹,1,ㄑㄧㄥˋ ㄉㄧㄝ
親率,1,ㄑㄧㄣ ㄕㄨㄞˋ
親睹,1,ㄑㄧㄣ ㄉㄨˇ
親知,1,ㄑㄧㄣ ㄓ
親等,1,ㄑㄧㄣ ㄉㄥˇ
親系,1,ㄑㄧㄣ ㄒㄧˋ
親翁,1,ㄑㄧㄥˋ ㄨㄥ
親耕,1,ㄑㄧㄣ ㄍㄥ
親賢,1,ㄑㄧㄣ ㄒㄧㄢˊ
親赴,1,ㄑㄧㄣ ㄈㄨˋ
親迎,1,ㄑㄧㄣ ㄧㄥˋ
親類,1,ㄑㄧㄣ ㄌㄟˋ
親香,1,ㄑㄧㄣ ㄒㄧㄤ
親駕,1,ㄑㄧㄣ ㄐㄧㄚˋ
覬倖,1,ㄐㄧˋ ㄒㄧㄥˋ
覬豁,1,ㄐㄧˋ ㄏㄨㄛˋ
覯止,1,ㄍㄡˋ ㄓˇ
覯閔,1,ㄍㄡˋ ㄇㄧㄣˇ
覶縷,1,ㄌㄨㄛˊ ㄌㄩˇ
覷付,1,ㄑㄩˋ ㄈㄨˋ
覷步,1,ㄑㄩˋ ㄅㄨˋ
覷當,1,ㄑㄩˋ ㄉㄤ
覷眼,1,ㄑㄩˋ ㄧㄢˇ
覷空,1,ㄑㄩˋ ㄎㄨㄥˋ
覷絕,1,ㄑㄩˋ ㄐㄩㄝˊ
覺世,1,ㄐㄩㄝˊ ㄕˋ
覺他,1,ㄐㄩㄝˊ ㄊㄚ
覺劍,1,ㄐㄩㄝˊ ㄐㄧㄢˋ
覺寤,1,ㄐㄩㄝˊ ㄨˋ
覺海,1,ㄐㄩㄝˊ ㄏㄞˇ
覺王,1,ㄐㄩㄝˊ ㄨㄤˊ
覺發,1,ㄐㄩㄝˊ ㄈㄚ
覺知,1,ㄐㄩㄝˊ ㄓ
覺道,1,ㄐㄩㄝˊ ㄉㄠˋ
覺音,1,ㄐㄩㄝˊ ㄧㄣ
覽古,1,ㄌㄢˇ ㄍㄨˇ
覽政,1,ㄌㄢˇ ㄓㄥˋ
覿武,1,ㄉㄧˊ ㄨˇ
觀主,1,ㄍㄨㄢˋ ㄓㄨˇ
觀兵,1,ㄍㄨㄢ ㄅㄧㄥ
觀宇,1,ㄍㄨㄢˋ ㄩˇ
觀局,1,ㄍㄨㄢ ㄐㄩˊ
觀採,1,ㄍㄨㄢ ㄘㄞˇ
觀書,1,ㄍㄨㄢ ㄕㄨ
觀款,1,ㄍㄨㄢ ㄎㄨㄢˇ
觀獵,1,ㄍㄨㄢ ㄌㄧㄝˋ
觀省,1,ㄍㄨㄢ ㄒㄧㄥˇ
觀絕,1,ㄍㄨㄢ ㄐㄩㄝˊ
觀美,1,ㄍㄨㄢ ㄇㄟˇ
觀翫,1,ㄍㄨㄢ ㄨㄢˋ
觀行,1,ㄍㄨㄢ ㄒㄧㄥˋ
觀見,1,ㄍㄨㄢ ㄐㄧㄢˋ
觀覷,1,ㄍㄨㄢ ㄑㄩˋ
觀覽,1,ㄍㄨㄢ ㄌㄢˇ
觀護,1,ㄍㄨㄢ ㄏㄨˋ
觀賽,1,ㄍㄨㄢ ㄙㄞˋ
觀釁,1,ㄍㄨㄢ ㄒㄧㄣˋ
觀風,1,ㄍㄨㄢ ㄈㄥ
觀鼎,1,ㄍㄨㄢ ㄉㄧㄥˇ
角冠,1,ㄐㄩㄝˊ ㄍㄨㄢ
角口,1,ㄐㄧㄠˇ ㄎㄡˇ
角妓,1,ㄐㄩㄝˊ ㄐㄧˋ
角宿,1,ㄐㄩㄝˊ ㄒㄧㄡˋ
角巾,1,ㄐㄧㄠˇ ㄐㄧㄣ
角帶,1,ㄐㄧㄠˇ ㄉㄞˋ
角弓,1,ㄐㄧㄠˇ ㄍㄨㄥ
角弓,1,ㄐㄩㄝˊ ㄍㄨㄥ
角招,1,ㄐㄩㄝˊ ㄕㄠˊ
角枕,1,ㄐㄩㄝˊ ㄓㄣˇ
角立,1,ㄐㄩㄝˊ ㄌㄧˋ
角粽,1,ㄐㄩㄝˊ ㄗㄨㄥˋ
角腦,1,ㄐㄧㄠˇ ㄋㄠˇ
角膜,1,ㄐㄧㄠˇ ㄇㄛˋ
角角,1,ㄐㄩㄝˊ ㄐㄩㄝˊ
角觝,1,ㄐㄧㄠˇ ㄉㄧˇ
角調,1,ㄐㄩㄝˊ ㄉㄧㄠˋ
角貝,1,ㄐㄧㄠˇ ㄅㄟˋ
角里,1,ㄌㄨˋ ㄌㄧˇ
角頂,1,ㄐㄧㄠˇ ㄉㄧㄥˇ
角頭,1,ㄐㄧㄠˇ ㄊㄡˊ
角馬,1,ㄐㄩㄝˊ ㄇㄚˇ
角魚,1,ㄐㄧㄠˇ ㄩˊ
角鴟,1,ㄐㄧㄠˇ ㄔ
角鷹,1,ㄐㄩㄝˊ ㄧㄥ
角黍,1,ㄐㄩㄝˊ ㄕㄨˇ
觔兩,1,ㄐㄧㄣ ㄌㄧㄤˇ
觔力,1,ㄐㄧㄣ ㄌㄧˋ
觔節,1,ㄐㄧㄣ ㄐㄧㄝˊ
觖如,1,ㄐㄩㄝˊ ㄖㄨˊ
觖望,1,ㄐㄩㄝˊ ㄨㄤˋ
觚牘,1,ㄍㄨ ㄉㄨˊ
觚稜,1,ㄍㄨ ㄌㄥˊ
觜鼻,1,ㄗㄨㄟˇ ㄅㄧˊ
觝排,1,ㄉㄧˇ ㄆㄞˊ
解人,1,ㄐㄧㄝˋ ㄖㄣˊ
解佩,1,ㄐㄧㄝˇ ㄆㄟˋ
解兵,1,ㄐㄧㄝˇ ㄅㄧㄥ
解制,1,ㄐㄧㄝˇ ㄓˋ
解勸,1,ㄐㄧㄝˇ ㄑㄩㄢˋ
解匠,1,ㄐㄧㄝˇ ㄐㄧㄤˋ
解厄,1,ㄐㄧㄝˇ ㄜˋ
解呈,1,ㄐㄧㄝˇ ㄔㄥˊ
解和,1,ㄐㄧㄝˇ ㄏㄜˊ
解困,1,ㄐㄧㄝˇ ㄎㄨㄣˋ
解套,1,ㄐㄧㄝˇ ㄊㄠˋ
解子,1,ㄐㄧㄝˋ ㄗ˙
解巾,1,ㄐㄧㄝˇ ㄐㄧㄣ
解帖,1,ㄐㄧㄝˋ ㄊㄧㄝˇ
解庫,1,ㄐㄧㄝˋ ㄎㄨˋ
解廌,1,ㄒㄧㄝˋ ㄓˋ
解愁,1,ㄐㄧㄝˇ ㄔㄡˊ
解慍,1,ㄐㄧㄝˇ ㄩㄣˋ
解慰,1,ㄐㄧㄝˇ ㄨㄟˋ
解批,1,ㄐㄧㄝˇ ㄆㄧ
解拆,1,ㄐㄧㄝˇ ㄔㄞ
解攜,1,ㄐㄧㄝˇ ㄒㄧ
解故,1,ㄐㄧㄝˇ ㄍㄨˋ
解數,1,ㄐㄧㄝˇ ㄕㄨˋ
解會,1,ㄐㄧㄝˇ ㄏㄨㄟˋ
解氣,1,ㄐㄧㄝˇ ㄑㄧˋ
解當,1,ㄐㄧㄝˋ ㄉㄤˋ
解發,1,ㄐㄧㄝˋ ㄈㄚ
解紐,1,ㄐㄧㄝˇ ㄋㄧㄡˇ
解素,1,ㄐㄧㄝˇ ㄙㄨˋ
解組,1,ㄐㄧㄝˇ ㄗㄨˇ
解綬,1,ㄐㄧㄝˇ ㄕㄡˋ
解網,1,ㄐㄧㄝˇ ㄨㄤˇ
解縛,1,ㄐㄧㄝˇ ㄈㄨˊ
解縣,1,ㄒㄧㄝˋ ㄒㄧㄢˋ
解褐,1,ㄐㄧㄝˇ ㄏㄜˊ
解詁,1,ㄐㄧㄝˇ ㄍㄨˇ
解謎,1,ㄐㄧㄝˇ ㄇㄧˊ
解辮,1,ㄐㄧㄝˇ ㄅㄧㄢˋ
解送,1,ㄐㄧㄝˋ ㄙㄨㄥˋ
解運,1,ㄐㄧㄝˇ ㄩㄣˋ
解道,1,ㄐㄧㄝˇ ㄉㄠˋ
解酲,1,ㄐㄧㄝˇ ㄔㄥˊ
解難,1,ㄐㄧㄝˇ ㄋㄢˋ
解頭,1,ㄐㄧㄝˋ ㄊㄡˊ
解顏,1,ㄐㄧㄝˇ ㄧㄢˊ
解餉,1,ㄐㄧㄝˇ ㄒㄧㄤˇ
解龜,1,ㄐㄧㄝˇ ㄍㄨㄟ
觥令,1,ㄍㄨㄥ ㄌㄧㄥˋ
觥船,1,ㄍㄨㄥ ㄔㄨㄢˊ
觭夢,1,ㄐㄧ ㄇㄥˋ
觭輪,1,ㄐㄧ ㄌㄨㄣˊ
觰沙,1,ㄓㄚ ㄕㄚ˙
觱發,1,ㄅㄧˋ ㄈㄚ
觱篥,1,ㄅㄧˋ ㄌㄧˋ
觱達,1,ㄅㄧˋ ㄉㄚˊ
觴詠,1,ㄕㄤ ㄩㄥˇ
觴豆,1,ㄕㄤ ㄉㄡˋ
觸冒,1,ㄔㄨˋ ㄇㄠˋ
觸暑,1,ㄔㄨˋ ㄕㄨˇ
觸桶,1,ㄔㄨˋ ㄊㄨㄥˇ
觸機,1,ㄔㄨˋ ㄐㄧ
觸痛,1,ㄔㄨˋ ㄊㄨㄥˋ
觸眼,1,ㄔㄨˋ ㄧㄢˇ
觸突,1,ㄔㄨˋ ㄊㄨˊ
觸脣,1,ㄔㄨˋ ㄔㄨㄣˊ
觸興,1,ㄔㄨˋ ㄒㄧㄥˋ
觸處,1,ㄔㄨˋ ㄔㄨˋ
觸蠻,1,ㄔㄨˋ ㄇㄢˊ
觸診,1,ㄔㄨˋ ㄓㄣˇ
觸讋,1,ㄔㄨˋ ㄓㄜˊ
觸身,1,ㄔㄨˋ ㄕㄣ
觸逆,1,ㄔㄨˋ ㄋㄧˋ
觸鼻,1,ㄔㄨˋ ㄅㄧˊ
觿年,1,ㄒㄧ ㄋㄧㄢˊ
言偃,1,ㄧㄢˊ ㄧㄢˇ
言泉,1,ㄧㄢˊ ㄑㄩㄢˊ
言狀,1,ㄧㄢˊ ㄓㄨㄤˋ
言筌,1,ㄧㄢˊ ㄑㄩㄢˊ
言絕,1,ㄧㄢˊ ㄐㄩㄝˊ
言言,1,ㄧㄢˊ ㄧㄢˊ
言言,1,ㄧㄣˊ ㄧㄣˊ
言誓,1,ㄧㄢˊ ㄕˋ
言語,1,ㄧㄢˊ ㄩ˙
言說,1,ㄧㄢˊ ㄕㄨㄛ
言責,1,ㄧㄢˊ ㄗㄜˊ
言路,1,ㄧㄢˊ ㄌㄨˋ
訂議,1,ㄉㄧㄥˋ ㄧˋ
訂費,1,ㄉㄧㄥˋ ㄈㄟˋ
訃音,1,ㄈㄨˋ ㄧㄣ
訇哮,1,ㄏㄨㄥ ㄒㄧㄠ
訇然,1,ㄏㄨㄥ ㄖㄢˊ
訇訇,1,ㄏㄨㄥ ㄏㄨㄥ
訇隱,1,ㄏㄨㄥ ㄧㄣˇ
計偕,1,ㄐㄧˋ ㄒㄧㄝˊ
計吏,1,ㄐㄧˋ ㄌㄧˋ
計帳,1,ㄐㄧˋ ㄓㄤˋ
計慮,1,ㄐㄧˋ ㄌㄩˋ
計會,1,ㄐㄧˋ ㄎㄨㄞˋ
計然,1,ㄐㄧˋ ㄖㄢˊ
計稟,1,ㄐㄧˋ ㄅㄧㄥˇ
計簿,1,ㄐㄧˋ ㄅㄨˋ
計籍,1,ㄐㄧˋ ㄐㄧˊ
計結,1,ㄐㄧˋ ㄐㄧㄝˊ
計量,1,ㄐㄧˋ ㄌㄧㄤˊ
計開,1,ㄐㄧˋ ㄎㄞ
計點,1,ㄐㄧˋ ㄉㄧㄢˇ
訊供,1,ㄒㄩㄣˋ ㄍㄨㄥ
訊口,1,ㄒㄩㄣˋ ㄎㄡˇ
訊斷,1,ㄒㄩㄣˋ ㄉㄨㄢˋ
訊棍,1,ㄒㄩㄣˋ ㄍㄨㄣˋ
訊辦,1,ㄒㄩㄣˋ ㄅㄢˋ
訊鞫,1,ㄒㄩㄣˋ ㄐㄩˊ
訌亂,1,ㄏㄨㄥˊ ㄌㄨㄢˋ
訌阻,1,ㄏㄨㄥˊ ㄗㄨˇ
討乖,1,ㄊㄠˇ ㄍㄨㄞ
討令,1,ㄊㄠˇ ㄌㄧㄥˋ
討休,1,ㄊㄠˇ ㄒㄧㄡ
討俏,1,ㄊㄠˇ ㄑㄧㄠˋ
討保,1,ㄊㄠˇ ㄅㄠˇ
討信,1,ㄊㄠˇ ㄒㄧㄣˋ
討口,1,ㄊㄠˇ ㄎㄡˇ
討吃,1,ㄊㄠˇ ㄔ
討命,1,ㄊㄠˇ ㄇㄧㄥˋ
討喜,1,ㄊㄠˇ ㄒㄧˇ
討嘴,1,ㄊㄠˇ ㄗㄨㄟˇ
討嫌,1,ㄊㄠˇ ㄒㄧㄢˊ
討平,1,ㄊㄠˇ ㄆㄧㄥˊ
討店,1,ㄊㄠˇ ㄉㄧㄢˋ
討彩,1,ㄊㄠˇ ㄘㄞˇ
討愧,1,ㄊㄠˇ ㄎㄨㄟˋ
討探,1,ㄊㄠˇ ㄊㄢˋ
討擾,1,ㄊㄠˇ ㄖㄠˇ
討救,1,ㄊㄠˇ ㄐㄧㄡˋ
討死,1,ㄊㄠˇ ㄙˇ
討氣,1,ㄊㄠˇ ㄑㄧˋ
討海,1,ㄊㄠˇ ㄏㄞˇ
討源,1,ㄊㄠˇ ㄩㄢˊ
討究,1,ㄊㄠˇ ㄐㄧㄡˋ
討笤,1,ㄊㄠˇ ㄊㄧㄠˊ
討虜,1,ㄊㄠˇ ㄌㄨˇ
討賤,1,ㄊㄠˇ ㄐㄧㄢˋ
討頭,1,ㄊㄠˇ ㄊㄡˊ
訏訏,1,ㄒㄩ ㄒㄩ
訏謨,1,ㄒㄩ ㄇㄛˊ
訐告,1,ㄐㄧㄝˊ ㄍㄠˋ
訐揚,1,ㄐㄧㄝˊ ㄧㄤˊ
訐發,1,ㄐㄧㄝˊ ㄈㄚ
訑訑,1,ㄧˊ ㄧˊ
訑謾,1,ㄧˊ ㄇㄢˋ
訓人,1,ㄒㄩㄣˋ ㄖㄣˊ
訓名,1,ㄒㄩㄣˋ ㄇㄧㄥˊ
訓蒙,1,ㄒㄩㄣˋ ㄇㄥˊ
訓誘,1,ㄒㄩㄣˋ ㄧㄡˋ
訓讀,1,ㄒㄩㄣˋ ㄉㄨˊ
訓責,1,ㄒㄩㄣˋ ㄗㄜˊ
訓迪,1,ㄒㄩㄣˋ ㄉㄧˊ
訕嘴,1,ㄕㄢˋ ㄗㄨㄟˇ
訕臉,1,ㄕㄢˋ ㄌㄧㄢˇ
訕訕,1,ㄕㄢˋ ㄕㄢˋ
訕語,1,ㄕㄢˋ ㄩˇ
訕謗,1,ㄕㄢˋ ㄅㄤˋ
訕議,1,ㄕㄢˋ ㄧˋ
訖糴,1,ㄑㄧˋ ㄉㄧˊ
託化,1,ㄊㄨㄛ ㄏㄨㄚˋ
託命,1,ㄊㄨㄛ ㄇㄧㄥˋ
託國,1,ㄊㄨㄛ ㄍㄨㄛˊ
託始,1,ㄊㄨㄛ ㄕˇ
託宿,1,ㄊㄨㄛ ㄙㄨˋ
託實,1,ㄊㄨㄛ ㄕˊ
託庇,1,ㄊㄨㄛ ㄅㄧˋ
託心,1,ㄊㄨㄛ ㄒㄧㄣ
託情,1,ㄊㄨㄛ ㄑㄧㄥˊ
託懷,1,ㄊㄨㄛ ㄏㄨㄞˊ
託生,1,ㄊㄨㄛ ㄕㄥ
託諷,1,ㄊㄨㄛ ㄈㄥˋ
託賴,1,ㄊㄨㄛ ㄌㄞˋ
託足,1,ㄊㄨㄛ ㄗㄨˊ
託跡,1,ㄊㄨㄛ ㄐㄧ
託附,1,ㄊㄨㄛ ㄈㄨˋ
託食,1,ㄊㄨㄛ ㄕˊ
記問,1,ㄐㄧˋ ㄨㄣˋ
記室,1,ㄐㄧˋ ㄕˋ
記得,1,ㄐㄧˋ ㄉㄜ˙
記心,1,ㄐㄧˋ ㄒㄧㄣ
記省,1,ㄐㄧˋ ㄒㄧㄥˇ
記罣,1,ㄐㄧˋ ㄍㄨㄚˋ
記色,1,ㄐㄧˋ ㄙㄜˋ
記認,1,ㄐㄧˋ ㄖㄣˋ
記趣,1,ㄐㄧˋ ㄑㄩˋ
記點,1,ㄐㄧˋ ㄉㄧㄢˇ
訛奪,1,ㄜˊ ㄉㄨㄛˊ
訛火,1,ㄜˊ ㄏㄨㄛˇ
訛稱,1,ㄜˊ ㄔㄥ
訛脫,1,ㄜˊ ㄊㄨㄛ
訛賴,1,ㄜˊ ㄌㄞˋ
訛錯,1,ㄜˊ ㄘㄨㄛˋ
訛頭,1,ㄜˊ ㄊㄡ˙
訛騙,1,ㄜˊ ㄆㄧㄢˋ
訝鼓,1,ㄧㄚˋ ㄍㄨˇ
訟師,1,ㄙㄨㄥˋ ㄕ
訟庭,1,ㄙㄨㄥˋ ㄊㄧㄥˊ
訟牒,1,ㄙㄨㄥˋ ㄉㄧㄝˊ
訟言,1,ㄙㄨㄥˋ ㄧㄢˊ
訢合,1,ㄒㄧ ㄏㄜˊ
訢戴,1,ㄒㄧㄣ ㄉㄞˋ
訢然,1,ㄒㄧㄣ ㄖㄢˊ
訢訢,1,ㄒㄧㄣ ㄒㄧㄣ
訥口,1,ㄋㄜˋ ㄎㄡˇ
訥澀,1,ㄋㄜˋ ㄙㄜˋ
訪事,1,ㄈㄤˇ ㄕˋ
訪員,1,ㄈㄤˇ ㄩㄢˊ
訪尋,1,ㄈㄤˇ ㄒㄩㄣˊ
訪戴,1,ㄈㄤˇ ㄉㄞˋ
訪拿,1,ㄈㄤˇ ㄋㄚˊ
訪獵,1,ㄈㄤˇ ㄌㄧㄝˋ
訪聞,1,ㄈㄤˇ ㄨㄣˊ
訪落,1,ㄈㄤˇ ㄌㄨㄛˋ
訪謁,1,ㄈㄤˇ ㄧㄝˋ
訪銷,1,ㄈㄤˇ ㄒㄧㄠ
設問,1,ㄕㄜˋ ㄨㄣˋ
設帨,1,ㄕㄜˋ ㄕㄨㄟˋ
設席,1,ㄕㄜˋ ㄒㄧˊ
設帳,1,ㄕㄜˋ ㄓㄤˋ
設弧,1,ㄕㄜˋ ㄏㄨˊ
設心,1,ㄕㄜˋ ㄒㄧㄣ
設疑,1,ㄕㄜˋ ㄧˊ
設色,1,ㄕㄜˋ ㄙㄜˋ
設論,1,ㄕㄜˋ ㄌㄨㄣˋ
設辭,1,ㄕㄜˋ ㄘˊ
設醮,1,ㄕㄜˋ ㄐㄧㄠˋ
設險,1,ㄕㄜˋ ㄒㄧㄢˇ
設靈,1,ㄕㄜˋ ㄌㄧㄥˊ
訰訰,1,ㄓㄨㄣˋ ㄓㄨㄣˋ
許事,1,ㄒㄩˇ ㄕˋ
許大,1,ㄒㄩˇ ㄉㄚˋ
許嫁,1,ㄒㄩˇ ㄐㄧㄚˋ
許字,1,ㄒㄩˇ ㄗˋ
許宣,1,ㄒㄩˇ ㄒㄩㄢ
許愿,1,ㄒㄩˇ ㄩㄢˋ
許由,1,ㄒㄩˇ ㄧㄡˊ
許行,1,ㄒㄩˇ ㄒㄧㄥˊ
訴權,1,ㄙㄨˋ ㄑㄩㄢˊ
訴落,1,ㄙㄨˋ ㄌㄨㄛˋ
訴追,1,ㄙㄨˋ ㄓㄨㄟ
訶子,1,ㄏㄜ ㄗˇ
訶求,1,ㄏㄜ ㄑㄧㄡˊ
訶詬,1,ㄏㄜ ㄍㄡˋ
訶譴,1,ㄏㄜ ㄑㄧㄢˇ
診候,1,ㄓㄣˇ ㄏㄡˋ
診切,1,ㄓㄣˇ ㄑㄧㄝˋ
註名,1,ㄓㄨˋ ㄇㄧㄥˊ
註批,1,ㄓㄨˋ ㄆㄧ
訾厲,1,ㄗˇ ㄌㄧˋ
訾短,1,ㄗˇ ㄉㄨㄢˇ
訾黃,1,ㄗ ㄏㄨㄤˊ
詆嫚,1,ㄉㄧˇ ㄇㄢˋ
詆訶,1,ㄉㄧˇ ㄏㄜ
詆訿,1,ㄉㄧˇ ㄗˇ
詆誚,1,ㄉㄧˇ ㄑㄧㄠˋ
詆諆,1,ㄉㄧˇ ㄑㄧ
詈罵,1,ㄌㄧˋ ㄇㄚˋ
詈詛,1,ㄌㄧˋ ㄗㄨˇ
詈辱,1,ㄌㄧˋ ㄖㄨˋ
詐哄,1,ㄓㄚˋ ㄏㄨㄥˇ
詐唬,1,ㄓㄚˋ ㄏㄨˇ
詐屍,1,ㄓㄚˋ ㄕ
詐故,1,ㄓㄚˋ ㄍㄨˋ
詐語,1,ㄓㄚˋ ㄩˇ
詒厥,1,ㄧˊ ㄐㄩㄝˊ
詔板,1,ㄓㄠˋ ㄅㄢˇ
詔獄,1,ㄓㄠˋ ㄩˋ
詔策,1,ㄓㄠˋ ㄘㄜˋ
評事,1,ㄆㄧㄥˊ ㄕˋ
評卷,1,ㄆㄧㄥˊ ㄐㄩㄢˋ
評品,1,ㄆㄧㄥˊ ㄆㄧㄣˇ
評度,1,ㄆㄧㄥˊ ㄉㄨㄛˋ
評書,1,ㄆㄧㄥˊ ㄕㄨ
評決,1,ㄆㄧㄥˊ ㄐㄩㄝˊ
評泊,1,ㄆㄧㄥˊ ㄅㄛˊ
評脈,1,ㄆㄧㄥˊ ㄇㄞˋ
評薄,1,ㄆㄧㄥˊ ㄅㄛˊ
評詙,1,ㄆㄧㄥˊ ㄅㄚˊ
評說,1,ㄆㄧㄥˊ ㄕㄨㄛ
評跋,1,ㄆㄧㄥˊ ㄅㄚˊ
評述,1,ㄆㄧㄥˊ ㄕㄨˋ
評釋,1,ㄆㄧㄥˊ ㄕˋ
評銷,1,ㄆㄧㄥˊ ㄒㄧㄠ
評騭,1,ㄆㄧㄥˊ ㄓˋ
詖淫,1,ㄅㄧˋ ㄧㄣˊ
詖行,1,ㄅㄧˋ ㄒㄧㄥˋ
詖辭,1,ㄅㄧˋ ㄘˊ
詗伺,1,ㄒㄩㄥˋ ㄙˋ
詗察,1,ㄒㄩㄥˋ ㄔㄚˊ
詗邏,1,ㄒㄩㄥˋ ㄌㄨㄛˊ
詘指,1,ㄑㄩ ㄓˇ
詛盟,1,ㄗㄨˇ ㄇㄥˊ
詛祝,1,ㄗㄨˇ ㄓㄨˋ
詛詈,1,ㄗㄨˇ ㄌㄧˋ
詞學,1,ㄘˊ ㄒㄩㄝˊ
詞宗,1,ㄘˊ ㄗㄨㄥ
詞幹,1,ㄘˊ ㄍㄢˋ
詞律,1,ㄘˊ ㄌㄩˋ
詞文,1,ㄘˊ ㄨㄣˊ
詞族,1,ㄘˊ ㄗㄨˊ
詞林,1,ㄘˊ ㄌㄧㄣˊ
詞根,1,ㄘˊ ㄍㄣ
詞法,1,ㄘˊ ㄈㄚˇ
詞狀,1,ㄘˊ ㄓㄨㄤˋ
詞眼,1,ㄘˊ ㄧㄢˇ
詞綜,1,ㄘˊ ㄗㄨㄥˋ
詞綴,1,ㄘˊ ㄓㄨㄟˋ
詞翰,1,ㄘˊ ㄏㄢˋ
詞色,1,ㄘˊ ㄙㄜˋ
詞華,1,ㄘˊ ㄏㄨㄚˊ
詞訟,1,ㄘˊ ㄙㄨㄥˋ
詞詮,1,ㄘˊ ㄑㄩㄢˊ
詞采,1,ㄘˊ ㄘㄞˇ
詞餘,1,ㄘˊ ㄩˊ
詠絮,1,ㄩㄥˇ ㄒㄩˋ
詠贊,1,ㄩㄥˇ ㄗㄢˋ
詡詡,1,ㄒㄩˇ ㄒㄩˇ
詢價,1,ㄒㄩㄣˊ ㄐㄧㄚˋ
詢察,1,ㄒㄩㄣˊ ㄔㄚˊ
詢訪,1,ㄒㄩㄣˊ ㄈㄤˇ
詣門,1,ㄧˋ ㄇㄣˊ
詣闕,1,ㄧˋ ㄑㄩㄝˋ
試兒,1,ㄕˋ ㄦˊ
試刀,1,ㄕˋ ㄉㄠ
試周,1,ㄕˋ ㄓㄡ
試官,1,ㄕˋ ㄍㄨㄢ
試工,1,ㄕˋ ㄍㄨㄥ
試帖,1,ㄕˋ ㄊㄧㄝˇ
試播,1,ㄕˋ ㄅㄛˋ
試新,1,ㄕˋ ㄒㄧㄣ
試晬,1,ㄕˋ ㄗㄨㄟˋ
試燈,1,ㄕˋ ㄉㄥ
試產,1,ㄕˋ ㄔㄢˇ
試腳,1,ㄕˋ ㄐㄧㄠˇ
試藥,1,ㄕˋ ㄧㄠˋ
試院,1,ㄕˋ ㄩㄢˋ
詩伯,1,ㄕ ㄅㄛˊ
詩劇,1,ㄕ ㄐㄩˋ
詩品,1,ㄕ ㄆㄧㄣˇ
詩囊,1,ㄕ ㄋㄤˊ
詩囚,1,ㄕ ㄑㄧㄡˊ
詩宗,1,ㄕ ㄗㄨㄥ
詩家,1,ㄕ ㄐㄧㄚ
詩序,1,ㄕ ㄒㄩˋ
詩情,1,ㄕ ㄑㄧㄥˊ
詩教,1,ㄕ ㄐㄧㄠˋ
詩格,1,ㄕ ㄍㄜˊ
詩法,1,ㄕ ㄈㄚˇ
詩派,1,ㄕ ㄆㄞˋ
詩眼,1,ㄕ ㄧㄢˇ
詩禮,1,ㄕ ㄌㄧˇ
詩翁,1,ㄕ ㄨㄥ
詩讚,1,ㄕ ㄗㄢˋ
詩道,1,ㄕ ㄉㄠˋ
詩鐘,1,ㄕ ㄓㄨㄥ
詩魔,1,ㄕ ㄇㄛˊ
詬厲,1,ㄍㄡˋ ㄌㄧˋ
詬誶,1,ㄍㄡˋ ㄙㄨㄟˋ
詬讓,1,ㄍㄡˋ ㄖㄤˋ
詭喻,1,ㄍㄨㄟˇ ㄩˋ
詭寄,1,ㄍㄨㄟˇ ㄐㄧˋ
詭戾,1,ㄍㄨㄟˇ ㄌㄧˋ
詭故,1,ㄍㄨㄟˇ ㄍㄨˋ
詭時,1,ㄍㄨㄟˇ ㄕˊ
詭激,1,ㄍㄨㄟˇ ㄐㄧ
詭特,1,ㄍㄨㄟˇ ㄊㄜˋ
詭病,1,ㄍㄨㄟˇ ㄅㄧㄥ˙
詭色,1,ㄍㄨㄟˇ ㄙㄜˋ
詭詞,1,ㄍㄨㄟˇ ㄘˊ
詭誕,1,ㄍㄨㄟˇ ㄉㄢˋ
詭論,1,ㄍㄨㄟˇ ㄌㄨㄣˋ
詭辭,1,ㄍㄨㄟˇ ㄘˊ
詭遇,1,ㄍㄨㄟˇ ㄩˋ
詭道,1,ㄍㄨㄟˇ ㄉㄠˋ
詭隨,1,ㄍㄨㄟˇ ㄙㄨㄟˊ
詭雷,1,ㄍㄨㄟˇ ㄌㄟˊ
詮次,1,ㄑㄩㄢˊ ㄘˋ
詮注,1,ㄑㄩㄢˊ ㄓㄨˋ
詮說,1,ㄑㄩㄢˊ ㄕㄨㄛ
詮證,1,ㄑㄩㄢˊ ㄓㄥˋ
詰屈,1,ㄐㄧㄝˊ ㄑㄩ
詰旦,1,ㄐㄧㄝˊ ㄉㄢˋ
詰曲,1,ㄐㄧㄝˊ ㄑㄩ
詰禁,1,ㄐㄧㄝˊ ㄐㄧㄣˋ
詰難,1,ㄐㄧㄝˊ ㄋㄢˋ
話名,1,ㄏㄨㄚˋ ㄇㄧㄥˊ
話差,1,ㄏㄨㄚˋ ㄔㄚ
話把,1,ㄏㄨㄚˋ ㄅㄚˋ
話拳,1,ㄏㄨㄚˋ ㄑㄩㄢˊ
話文,1,ㄏㄨㄚˋ ㄨㄣˊ
話料,1,ㄏㄨㄚˋ ㄌㄧㄠˋ
話柄,1,ㄏㄨㄚˋ ㄅㄧㄥˋ
話癆,1,ㄏㄨㄚˋ ㄌㄠˊ
話眼,1,ㄏㄨㄚˋ ㄧㄢˇ
話碴,1,ㄏㄨㄚˋ ㄔㄚˊ
話論,1,ㄏㄨㄚˋ ㄌㄨㄣˋ
話靶,1,ㄏㄨㄚˋ ㄅㄚˇ
話風,1,ㄏㄨㄚˋ ㄈㄥ
該備,1,ㄍㄞ ㄅㄟˋ
該博,1,ㄍㄞ ㄅㄛˊ
該應,1,ㄍㄞ ㄧㄥ
該房,1,ㄍㄞ ㄈㄤˊ
該攝,1,ㄍㄞ ㄕㄜˋ
該究,1,ㄍㄞ ㄐㄧㄡˋ
該贍,1,ㄍㄞ ㄕㄢˋ
該載,1,ㄍㄞ ㄗㄞˋ
該通,1,ㄍㄞ ㄊㄨㄥ
該隱,1,ㄍㄞ ㄧㄣˇ
詳刑,1,ㄒㄧㄤˊ ㄒㄧㄥˊ
詳夢,1,ㄒㄧㄤˊ ㄇㄥˋ
詳平,1,ㄒㄧㄤˊ ㄆㄧㄥˊ
詳文,1,ㄒㄧㄤˊ ㄨㄣˊ
詳確,1,ㄒㄧㄤˊ ㄑㄩㄝˋ
詳練,1,ㄒㄧㄤˊ ㄌㄧㄢˋ
詳談,1,ㄒㄧㄤˊ ㄊㄢˊ
詳雅,1,ㄒㄧㄤˊ ㄧㄚˇ
詵詵,1,ㄕㄣ ㄕㄣ
詹事,1,ㄓㄢ ㄕˋ
詹尹,1,ㄓㄢ ㄧㄣˇ
詹詹,1,ㄓㄢ ㄓㄢ
詻詻,1,ㄜˋ ㄜˋ
詼俳,1,ㄏㄨㄟ ㄆㄞˊ
詼啁,1,ㄏㄨㄟ ㄔㄠˊ
詼詭,1,ㄏㄨㄟ ㄍㄨㄟˇ
詿誤,1,ㄍㄨㄚˋ ㄨˋ
誂越,1,ㄊㄧㄠˇ ㄩㄝˋ
誄讚,1,ㄌㄟˇ ㄗㄢˋ
誄辭,1,ㄌㄟˇ ㄘˊ
誅意,1,ㄓㄨ ㄧˋ
誅戮,1,ㄓㄨ ㄌㄨˋ
誅殛,1,ㄓㄨ ㄐㄧˊ
誅求,1,ㄓㄨ ㄑㄧㄡˊ
誅茅,1,ㄓㄨ ㄇㄠˊ
誅討,1,ㄓㄨ ㄊㄠˇ
誆哄,1,ㄎㄨㄤ ㄏㄨㄥˇ
誇官,1,ㄎㄨㄚ ㄍㄨㄢ
誇詡,1,ㄎㄨㄚ ㄒㄩˇ
誇說,1,ㄎㄨㄚ ㄕㄨㄛ
誇辯,1,ㄎㄨㄚ ㄅㄧㄢˋ
誌悼,1,ㄓˋ ㄉㄠˋ
認分,1,ㄖㄣˋ ㄈㄣˋ
認床,1,ㄖㄣˋ ㄔㄨㄤˊ
認得,1,ㄖㄣˋ ㄉㄜ˙
認旗,1,ㄖㄣˋ ㄑㄧˊ
認準,1,ㄖㄣˋ ㄓㄨㄣˇ
認義,1,ㄖㄣˋ ㄧˋ
認背,1,ㄖㄣˋ ㄅㄟˋ
認識,1,ㄖㄣˋ ㄕ˙
認路,1,ㄖㄣˋ ㄌㄨˋ
認頭,1,ㄖㄣˋ ㄊㄡˊ
誑上,1,ㄎㄨㄤˊ ㄕㄤˋ
誑嘴,1,ㄎㄨㄤˊ ㄗㄨㄟˇ
誑子,1,ㄎㄨㄤˊ ㄗ˙
誑捏,1,ㄎㄨㄤˊ ㄋㄧㄝ
誑稱,1,ㄎㄨㄤˊ ㄔㄥ
誑駕,1,ㄎㄨㄤˊ ㄐㄧㄚˋ
誓劍,1,ㄕˋ ㄐㄧㄢˋ
誓墓,1,ㄕˋ ㄇㄨˋ
誓願,1,ㄕˋ ㄩㄢˋ
誕妄,1,ㄉㄢˋ ㄨㄤˋ
誕放,1,ㄉㄢˋ ㄈㄤˋ
誕章,1,ㄉㄢˋ ㄓㄤ
誕聖,1,ㄉㄢˋ ㄕㄥˋ
誕謾,1,ㄉㄢˋ ㄇㄢˊ
誖暴,1,ㄅㄟˋ ㄅㄠˋ
誖誤,1,ㄅㄟˋ ㄨˋ
誖謾,1,ㄅㄟˋ ㄇㄢˋ
誖逆,1,ㄅㄟˋ ㄋㄧˋ
誘伏,1,ㄧㄡˋ ㄈㄨˊ
誘兵,1,ㄧㄡˋ ㄅㄧㄥ
誚讓,1,ㄑㄧㄠˋ ㄖㄤˋ
語兒,1,ㄩˇ ㄦˊ
語勢,1,ㄩˇ ㄕˋ
語支,1,ㄩˇ ㄓ
誠壹,1,ㄔㄥˊ ㄧ
誠恐,1,ㄔㄥˊ ㄎㄨㄥˇ
誠篤,1,ㄔㄥˊ ㄉㄨˇ
誣告,1,ㄨ ㄍㄠˋ
誣害,1,ㄨ ㄏㄞˋ
誣枉,1,ㄨ ㄨㄤˇ
誣罔,1,ㄨ ㄨㄤˇ
誣衊,1,ㄨ ㄇㄧㄝˋ
誤投,1,ㄨˋ ㄊㄡˊ
誤植,1,ㄨˋ ㄓˊ
誤餐,1,ㄨˋ ㄘㄢ
誥授,1,ㄍㄠˋ ㄕㄡˋ
誥誡,1,ㄍㄠˋ ㄐㄧㄝˋ
誥贈,1,ㄍㄠˋ ㄗㄥˋ
誦味,1,ㄙㄨㄥˋ ㄨㄟˋ
誦習,1,ㄙㄨㄥˋ ㄒㄧˊ
誦言,1,ㄙㄨㄥˋ ㄧㄢˊ
誦說,1,ㄙㄨㄥˋ ㄕㄨㄛ
誨安,1,ㄏㄨㄟˋ ㄢ
誨淫,1,ㄏㄨㄟˋ ㄧㄣˊ
誨盜,1,ㄏㄨㄟˋ ㄉㄠˋ
說事,1,ㄕㄨㄛ ㄕˋ
說化,1,ㄕㄨㄛ ㄏㄨㄚˋ
說口,1,ㄕㄨㄛ ㄎㄡˇ
說和,1,ㄕㄨㄛ ㄏㄜ˙
說嘴,1,ㄕㄨㄛ ㄗㄨㄟˇ
說士,1,ㄕㄨㄟˋ ㄕˋ
說夢,1,ㄕㄨㄛ ㄇㄥˋ
說岔,1,ㄕㄨㄛ ㄔㄚˋ
說帖,1,ㄕㄨㄛ ㄊㄧㄝˇ
說徹,1,ㄕㄨㄛ ㄔㄜˋ
說念,1,ㄕㄨㄛ ㄋㄧㄢˋ
說戒,1,ㄕㄨㄛ ㄐㄧㄝˋ
說泛,1,ㄕㄨㄛ ㄈㄢˋ
說耍,1,ㄕㄨㄛ ㄕㄨㄚˇ
說舌,1,ㄕㄨㄛ ㄕㄜˊ
說苑,1,ㄕㄨㄛ ㄩㄢˋ
說落,1,ㄕㄨㄛ ㄌㄨㄛˋ
說處,1,ㄕㄨㄛ ㄔㄨˋ
說調,1,ㄕㄨㄛ ㄊㄧㄠˊ
說郛,1,ㄕㄨㄛ ㄈㄨˊ
說鈴,1,ㄕㄨㄛ ㄌㄧㄥˊ
誰何,1,ㄕㄟˊ ㄏㄜˊ
誰知,1,ㄕㄟˊ ㄓ
誰行,1,ㄕㄟˊ ㄏㄤˊ
誰誰,1,ㄕㄟˊ ㄕㄟˊ
課入,1,ㄎㄜˋ ㄖㄨˋ
課勸,1,ㄎㄜˋ ㄑㄩㄢˋ
課卷,1,ㄎㄜˋ ㄐㄩㄢˋ
課命,1,ㄎㄜˋ ㄇㄧㄥˋ
課役,1,ㄎㄜˋ ㄧˋ
課牙,1,ㄎㄜˋ ㄧㄚˊ
課算,1,ㄎㄜˋ ㄙㄨㄢˋ
課藝,1,ㄎㄜˋ ㄧˋ
課試,1,ㄎㄜˋ ㄕˋ
課金,1,ㄎㄜˋ ㄐㄧㄣ
課銀,1,ㄎㄜˋ ㄧㄣˊ
課錢,1,ㄎㄜˋ ㄑㄧㄢˊ
課頭,1,ㄎㄜˋ ㄊㄡˊ
課馬,1,ㄎㄜˋ ㄇㄚˇ
誶語,1,ㄙㄨㄟˋ ㄩˇ
誹言,1,ㄈㄟˇ ㄧㄢˊ
誹語,1,ㄈㄟˇ ㄩˇ
誹誹,1,ㄈㄟˇ ㄈㄟˇ
誻誻,1,ㄊㄚˋ ㄊㄚˋ
誼主,1,ㄧˋ ㄓㄨˇ
誼士,1,ㄧˋ ㄕˋ
誼母,1,ㄧˋ ㄇㄨˇ
誾誾,1,ㄧㄣˊ ㄧㄣˊ
調假,1,ㄉㄧㄠˋ ㄐㄧㄚˇ
調刺,1,ㄊㄧㄠˊ ㄘˋ
調勤,1,ㄊㄧㄠˊ ㄑㄧㄣˊ
調升,1,ㄊㄧㄠˊ ㄕㄥ
調卷,1,ㄉㄧㄠˋ ㄐㄩㄢˋ
調哄,1,ㄊㄧㄠˊ ㄏㄨㄥˇ
調唆,1,ㄊㄧㄠˊ ㄙㄨㄛ˙
調問,1,ㄉㄧㄠˋ ㄨㄣˋ
調喉,1,ㄉㄧㄠˋ ㄏㄡˊ
調嗓,1,ㄉㄧㄠˋ ㄙㄤˇ
調嘴,1,ㄉㄧㄠˋ ㄗㄨㄟˇ
調回,1,ㄉㄧㄠˋ ㄏㄨㄟˊ
調坎,1,ㄉㄧㄠˋ ㄎㄢˇ
調弄,1,ㄊㄧㄠˊ ㄋㄨㄥˋ
調引,1,ㄊㄧㄠˊ ㄧㄣˇ
調弦,1,ㄊㄧㄠˊ ㄒㄧㄢˊ
調性,1,ㄉㄧㄠˋ ㄒㄧㄥˋ
調撥,1,ㄊㄧㄠˊ ㄅㄛ
調服,1,ㄊㄧㄠˊ ㄈㄨˊ
調校,1,ㄉㄧㄠˋ ㄒㄧㄠˋ
調歪,1,ㄉㄧㄠˋ ㄨㄞ
調氣,1,ㄊㄧㄠˊ ㄑㄧˋ
調泛,1,ㄊㄧㄠˊ ㄈㄢˋ
調演,1,ㄉㄧㄠˋ ㄧㄢˇ
調焦,1,ㄊㄧㄠˊ ㄐㄧㄠ
調犯,1,ㄊㄧㄠˊ ㄈㄢˋ
調當,1,ㄉㄧㄠˋ ㄉㄤˇ
調發,1,ㄉㄧㄠˋ ㄈㄚ
調發,1,ㄊㄧㄠˊ ㄈㄚ
調白,1,ㄊㄧㄠˊ ㄅㄞˊ
調經,1,ㄊㄧㄠˊ ㄐㄧㄥ
調補,1,ㄉㄧㄠˋ ㄅㄨˇ
調詖,1,ㄊㄧㄠˊ ㄅㄧˋ
調課,1,ㄉㄧㄠˋ ㄎㄜˋ
調調,1,ㄉㄧㄠˋ ㄉㄧㄠ˙
調調,1,ㄊㄧㄠˊ ㄊㄧㄠˊ
調謊,1,ㄉㄧㄠˋ ㄏㄨㄤˇ
調謔,1,ㄊㄧㄠˊ ㄋㄩㄝˋ
調護,1,ㄊㄧㄠˊ ㄏㄨˋ
調變,1,ㄊㄧㄠˊ ㄅㄧㄢˋ
調貼,1,ㄊㄧㄠˊ ㄊㄧㄝ
調資,1,ㄊㄧㄠˊ ㄗ
調賽,1,ㄉㄧㄠˋ ㄙㄞˋ
調逗,1,ㄊㄧㄠˊ ㄉㄡˋ
調運,1,ㄉㄧㄠˋ ㄩㄣˋ
調達,1,ㄊㄧㄠˊ ㄉㄚˊ
調配,1,ㄉㄧㄠˋ ㄆㄟˋ
調防,1,ㄉㄧㄠˋ ㄈㄤˊ
調陣,1,ㄉㄧㄠˋ ㄓㄣˋ
調露,1,ㄊㄧㄠˊ ㄌㄨˋ
調頭,1,ㄉㄧㄠˋ ㄊㄡ˙
調類,1,ㄉㄧㄠˋ ㄌㄟˋ
調駐,1,ㄉㄧㄠˋ ㄓㄨˋ
調鬼,1,ㄊㄧㄠˊ ㄍㄨㄟˇ
調鼎,1,ㄊㄧㄠˊ ㄉㄧㄥˇ
諂佞,1,ㄔㄢˇ ㄋㄧㄥˋ
諂淚,1,ㄔㄢˇ ㄌㄟˋ
諄懇,1,ㄓㄨㄣ ㄎㄣˇ
談助,1,ㄊㄢˊ ㄓㄨˋ
談叢,1,ㄊㄢˊ ㄘㄨㄥˊ
談宗,1,ㄊㄢˊ ㄗㄨㄥ
談客,1,ㄊㄢˊ ㄎㄜˋ
談屑,1,ㄊㄢˊ ㄒㄧㄝˋ
談徵,1,ㄊㄢˊ ㄓㄥ
談羨,1,ㄊㄢˊ ㄒㄧㄢˋ
談興,1,ㄊㄢˊ ㄒㄧㄥˋ
談議,1,ㄊㄢˊ ㄧˋ
談讌,1,ㄊㄢˊ ㄧㄢˋ
談資,1,ㄊㄢˊ ㄗ
談麈,1,ㄊㄢˊ ㄓㄨˇ
請事,1,ㄑㄧㄥˇ ㄕˋ
請仙,1,ㄑㄧㄥˇ ㄒㄧㄢ
請伏,1,ㄑㄧㄥˇ ㄈㄨˊ
請佃,1,ㄑㄧㄥˊ ㄉㄧㄢˋ
請俸,1,ㄑㄧㄥˊ ㄈㄥˋ
請受,1,ㄑㄧㄥˊ ㄕㄡ˙
請告,1,ㄑㄧㄥˇ ㄍㄠˋ
請喚,1,ㄑㄧㄥˇ ㄏㄨㄢˋ
請奉,1,ㄑㄧㄥˊ ㄈㄥˋ
請室,1,ㄑㄧㄥ ㄕˋ
請急,1,ㄑㄧㄥˇ ㄐㄧˊ
請援,1,ㄑㄧㄥˇ ㄩㄢˊ
請期,1,ㄑㄧㄥˇ ㄑㄧˊ
請業,1,ㄑㄧㄥˇ ㄧㄝˋ
請給,1,ㄑㄧㄥˊ ㄐㄧˇ
請職,1,ㄑㄧㄥˇ ㄓˊ
請脈,1,ㄑㄧㄥˇ ㄇㄞˋ
請訓,1,ㄑㄧㄥˇ ㄒㄩㄣˋ
請賞,1,ㄑㄧㄥˇ ㄕㄤˇ
請雨,1,ㄑㄧㄥˇ ㄩˇ
諏吉,1,ㄗㄡ ㄐㄧˊ
諒山,1,ㄌㄧㄤˋ ㄕㄢ
諒陰,1,ㄌㄧㄤˊ ㄢ
諓諓,1,ㄐㄧㄢˋ ㄐㄧㄢˋ
諔詭,1,ㄔㄨˋ ㄍㄨㄟˇ
諕人,1,ㄒㄧㄚˋ ㄖㄣˊ
諕嚇,1,ㄒㄧㄚˋ ㄒㄧㄚˋ
論口,1,ㄌㄨㄣˋ ㄎㄡˇ
論告,1,ㄌㄨㄣˋ ㄍㄠˋ
論孟,1,ㄌㄨㄣˊ ㄇㄥˋ
論敵,1,ㄌㄨㄣˋ ㄉㄧˊ
論次,1,ㄌㄨㄣˋ ㄘˋ
論藏,1,ㄌㄨㄣˋ ㄗㄤˋ
論辨,1,ㄌㄨㄣˋ ㄅㄧㄢˋ
論辯,1,ㄌㄨㄣˋ ㄅㄧㄢˋ
論道,1,ㄌㄨㄣˋ ㄉㄠˋ
論量,1,ㄌㄨㄣˋ ㄌㄧㄤˊ
論難,1,ㄌㄨㄣˋ ㄋㄢˋ
論頭,1,ㄌㄨㄣˋ ㄊㄡ˙
諛墓,1,ㄩˊ ㄇㄨˋ
諛媚,1,ㄩˊ ㄇㄟˋ
諛然,1,ㄩˊ ㄖㄢˊ
諛言,1,ㄩˊ ㄧㄢˊ
諜諜,1,ㄉㄧㄝˊ ㄉㄧㄝˊ
諠呶,1,ㄒㄩㄢ ㄋㄠˊ
諠囂,1,ㄒㄩㄢ ㄒㄧㄠ
諢砌,1,ㄏㄨㄣˋ ㄑㄧˋ
諢話,1,ㄏㄨㄣˋ ㄏㄨㄚˋ
諢語,1,ㄏㄨㄣˋ ㄩˇ
諧價,1,ㄒㄧㄝˊ ㄐㄧㄚˋ
諧戲,1,ㄒㄧㄝˊ ㄒㄧˋ
諧當,1,ㄒㄧㄝˊ ㄉㄤˋ
諧臣,1,ㄒㄧㄝˊ ㄔㄣˊ
諫勸,1,ㄐㄧㄢˋ ㄑㄩㄢˋ
諫章,1,ㄐㄧㄢˋ ㄓㄤ
諫臣,1,ㄐㄧㄢˋ ㄔㄣˊ
諫草,1,ㄐㄧㄢˋ ㄘㄠˇ
諫言,1,ㄐㄧㄢˋ ㄧㄢˊ
諫訓,1,ㄐㄧㄢˋ ㄒㄩㄣˋ
諫過,1,ㄐㄧㄢˋ ㄍㄨㄛˋ
諫阻,1,ㄐㄧㄢˋ ㄗㄨˇ
諫鼓,1,ㄐㄧㄢˋ ㄍㄨˇ
諭帖,1,ㄩˋ ㄊㄧㄝˇ
諮謀,1,ㄗ ㄇㄡˊ
諰諰,1,ㄒㄧˇ ㄒㄧˇ
諱字,1,ㄏㄨㄟˋ ㄗˋ
諱飾,1,ㄏㄨㄟˋ ㄕˋ
諳事,1,ㄢ ㄕˋ
諳分,1,ㄢ ㄈㄣˋ
諳歷,1,ㄢ ㄌㄧˋ
諴夏,1,ㄒㄧㄢˊ ㄒㄧㄚˋ
諴雅,1,ㄒㄧㄢˊ ㄧㄚˇ
諵諵,1,ㄋㄢˊ ㄋㄢˊ
諷味,1,ㄈㄥˋ ㄨㄟˋ
諷經,1,ㄈㄥˋ ㄐㄧㄥ
諷詞,1,ㄈㄥˋ ㄘˊ
諷諫,1,ㄈㄥˋ ㄐㄧㄢˋ
諷諭,1,ㄈㄥˋ ㄩˋ
諷讀,1,ㄈㄥˋ ㄉㄨˊ
諸季,1,ㄓㄨ ㄐㄧˋ
諸父,1,ㄓㄨ ㄈㄨˋ
諸羅,1,ㄓㄨ ㄌㄨㄛˊ
諸色,1,ㄓㄨ ㄙㄜˋ
諸餘,1,ㄓㄨ ㄩˊ
諺言,1,ㄧㄢˋ ㄧㄢˊ
諼堂,1,ㄒㄩㄢ ㄊㄤˊ
諾亞,1,ㄋㄨㄛˋ ㄧㄚˋ
諾已,1,ㄋㄨㄛˋ ㄧˇ
謀人,1,ㄇㄡˊ ㄖㄣˊ
謀劃,1,ㄇㄡˊ ㄏㄨㄚˋ
謀幹,1,ㄇㄡˊ ㄍㄢˋ
謀算,1,ㄇㄡˊ ㄙㄨㄢˋ
謀道,1,ㄇㄡˊ ㄉㄠˋ
謀食,1,ㄇㄡˊ ㄕˊ
謁刺,1,ㄧㄝˋ ㄘˋ
謁告,1,ㄧㄝˋ ㄍㄠˋ
謁歸,1,ㄧㄝˋ ㄍㄨㄟ
謁索,1,ㄧㄝˋ ㄙㄨㄛˇ
謁者,1,ㄧㄝˋ ㄓㄜˇ
謁選,1,ㄧㄝˋ ㄒㄩㄢˇ
謂詞,1,ㄨㄟˋ ㄘˊ
謂語,1,ㄨㄟˋ ㄩˇ
謄真,1,ㄊㄥˊ ㄓㄣ
謄黃,1,ㄊㄥˊ ㄏㄨㄤˊ
謅札,1,ㄗㄡ ㄓㄚˊ
謇諤,1,ㄐㄧㄢˇ ㄜˋ
謇謇,1,ㄐㄧㄢˇ ㄐㄧㄢˇ
謈怨,1,ㄆㄛˋ ㄩㄢˋ
謊價,1,ㄏㄨㄤˇ ㄐㄧㄚˋ
謊子,1,ㄏㄨㄤˇ ㄗ˙
謊花,1,ㄏㄨㄤˇ ㄏㄨㄚ
謊詐,1,ㄏㄨㄤˇ ㄓㄚˋ
謋然,1,ㄏㄨㄛˋ ㄖㄢˊ
謎學,1,ㄇㄧˊ ㄒㄩㄝˊ
謎寐,1,ㄇㄧˊ ㄇㄟˋ
謎頭,1,ㄇㄧˊ ㄊㄡˊ
謏才,1,ㄒㄧㄠˇ ㄘㄞˊ
謐如,1,ㄇㄧˋ ㄖㄨˊ
謐爾,1,ㄇㄧˋ ㄦˇ
謐謐,1,ㄇㄧˋ ㄇㄧˋ
謐靜,1,ㄇㄧˋ ㄐㄧㄥˋ
謔浪,1,ㄋㄩㄝˋ ㄌㄤˋ
謔親,1,ㄋㄩㄝˋ ㄑㄧㄣ
謔謔,1,ㄋㄩㄝˋ ㄋㄩㄝˋ
謖爾,1,ㄙㄨˋ ㄦˇ
謖謖,1,ㄙㄨˋ ㄙㄨˋ
謗書,1,ㄅㄤˋ ㄕㄨ
謗木,1,ㄅㄤˋ ㄇㄨˋ
謗毀,1,ㄅㄤˋ ㄏㄨㄟˇ
謗議,1,ㄅㄤˋ ㄧˋ
謙光,1,ㄑㄧㄢ ㄍㄨㄤ
謙克,1,ㄑㄧㄢ ㄎㄜˋ
謙厚,1,ㄑㄧㄢ ㄏㄡˋ
謙善,1,ㄑㄧㄢ ㄕㄢˋ
謙挹,1,ㄑㄧㄢ ㄧˋ
謙洽,1,ㄑㄧㄢ ㄑㄧㄚˋ
謙謙,1,ㄑㄧㄢ ㄑㄧㄢ
謙謝,1,ㄑㄧㄢ ㄒㄧㄝˋ
謙謹,1,ㄑㄧㄢ ㄐㄧㄣˇ
講倒,1,ㄐㄧㄤˇ ㄉㄠˇ
講口,1,ㄐㄧㄤˇ ㄎㄡˇ
講桌,1,ㄐㄧㄤˇ ㄓㄨㄛ
講殿,1,ㄐㄧㄤˇ ㄉㄧㄢˋ
講究,1,ㄐㄧㄤˇ ㄐㄧㄡ˙
講論,1,ㄐㄧㄤˇ ㄌㄨㄣˋ
講讀,1,ㄐㄧㄤˇ ㄉㄨˊ
講貫,1,ㄐㄧㄤˇ ㄍㄨㄢˋ
謝乏,1,ㄒㄧㄝˋ ㄈㄚˊ
謝儀,1,ㄒㄧㄝˋ ㄧˊ
謝別,1,ㄒㄧㄝˋ ㄅㄧㄝˊ
謝勒,1,ㄒㄧㄝˋ ㄌㄜˋ
謝卻,1,ㄒㄧㄝˋ ㄑㄩㄝˋ
謝啟,1,ㄒㄧㄝˋ ㄑㄧˇ
謝土,1,ㄒㄧㄝˋ ㄊㄨˇ
謝安,1,ㄒㄧㄝˋ ㄢ
謝屐,1,ㄒㄧㄝˋ ㄐㄧ
謝朓,1,ㄒㄧㄝˋ ㄊㄧㄠˋ
謝步,1,ㄒㄧㄝˋ ㄅㄨˋ
謝病,1,ㄒㄧㄝˋ ㄅㄧㄥˋ
謝票,1,ㄒㄧㄝˋ ㄆㄧㄠˋ
謝表,1,ㄒㄧㄝˋ ㄅㄧㄠˇ
謝詞,1,ㄒㄧㄝˋ ㄘˊ
謝辭,1,ㄒㄧㄝˋ ㄘˊ
謞謞,1,ㄒㄩㄝˋ ㄒㄩㄝˋ
謠俗,1,ㄧㄠˊ ㄙㄨˊ
謠言,1,ㄧㄠˊ ㄧㄢ˙
謠諑,1,ㄧㄠˊ ㄓㄨㄛˊ
謦欬,1,ㄑㄧㄥˋ ㄎㄞˋ
謫守,1,ㄓㄜˊ ㄕㄡˇ
謫宦,1,ㄓㄜˊ ㄏㄨㄢˋ
謫貶,1,ㄓㄜˊ ㄅㄧㄢˇ
謬妄,1,ㄇㄧㄡˋ ㄨㄤˋ
謬愛,1,ㄇㄧㄡˋ ㄞˋ
謬斯,1,ㄇㄧㄡˋ ㄙ
謬獎,1,ㄇㄧㄡˋ ㄐㄧㄤˇ
謬種,1,ㄇㄧㄡˋ ㄓㄨㄥˇ
謬耄,1,ㄇㄧㄡˋ ㄇㄠˋ
謬見,1,ㄇㄧㄡˋ ㄐㄧㄢˋ
謬言,1,ㄇㄧㄡˋ ㄧㄢˊ
謬識,1,ㄇㄧㄡˋ ㄕˋ
謬讚,1,ㄇㄧㄡˋ ㄗㄢˋ
謬領,1,ㄇㄧㄡˋ ㄌㄧㄥˇ
謰語,1,ㄌㄧㄢˊ ㄩˇ
謷謷,1,ㄠˊ ㄠˊ
謷醜,1,ㄠˊ ㄔㄡˇ
謹厚,1,ㄐㄧㄣˇ ㄏㄡˋ
謹密,1,ㄐㄧㄣˇ ㄇㄧˋ
謹祕,1,ㄐㄧㄣˇ ㄇㄧˋ
謹細,1,ㄐㄧㄣˇ ㄒㄧˋ
謹肅,1,ㄐㄧㄣˇ ㄙㄨˋ
謹言,1,ㄐㄧㄣˇ ㄧㄢˊ
謻臺,1,ㄧˊ ㄊㄞˊ
謻門,1,ㄧˊ ㄇㄣˊ
謾舞,1,ㄇㄢˋ ㄨˇ
謾語,1,ㄇㄢˋ ㄩˇ
謾道,1,ㄇㄢˋ ㄉㄠˋ
譁噪,1,ㄏㄨㄚˊ ㄗㄠˋ
譁囂,1,ㄏㄨㄚˊ ㄒㄧㄠ
譁笑,1,ㄏㄨㄚˊ ㄒㄧㄠˋ
譁釦,1,ㄏㄨㄚˊ ㄎㄡˋ
證候,1,ㄓㄥˋ ㄏㄡˋ
證左,1,ㄓㄥˋ ㄗㄨㄛˇ
證引,1,ㄓㄥˋ ㄧㄣˇ
證果,1,ㄓㄥˋ ㄍㄨㄛˇ
證章,1,ㄓㄥˋ ㄓㄤ
譊譊,1,ㄋㄠˊ ㄋㄠˊ
譎詐,1,ㄐㄩㄝˊ ㄓㄚˋ
譎誑,1,ㄐㄩㄝˊ ㄎㄨㄤˊ
譎諫,1,ㄐㄩㄝˊ ㄐㄧㄢˋ
譎譬,1,ㄐㄩㄝˊ ㄆㄧˋ
譎辭,1,ㄐㄩㄝˊ ㄘˊ
譏呵,1,ㄐㄧ ㄏㄜ
譏察,1,ㄐㄧ ㄔㄚˊ
譖人,1,ㄗㄣˋ ㄖㄣˊ
譖害,1,ㄗㄣˋ ㄏㄞˋ
譖言,1,ㄗㄣˋ ㄧㄢˊ
識丁,1,ㄕˋ ㄉㄧㄥ
識局,1,ㄕˋ ㄐㄩˊ
識荊,1,ㄕˋ ㄐㄧㄥ
識認,1,ㄕˋ ㄖㄣˋ
識面,1,ㄕˋ ㄇㄧㄢˋ
識韓,1,ㄕˋ ㄏㄢˊ
譙周,1,ㄑㄧㄠˊ ㄓㄡ
譙呵,1,ㄑㄧㄠˋ ㄏㄜ
譙樓,1,ㄑㄧㄠˊ ㄌㄡˊ
譙櫓,1,ㄑㄧㄠˊ ㄌㄨˇ
譙譙,1,ㄑㄧㄠˊ ㄑㄧㄠˊ
譙讓,1,ㄑㄧㄠˋ ㄖㄤˋ
譙責,1,ㄑㄧㄠˋ ㄗㄜˊ
譙門,1,ㄑㄧㄠˊ ㄇㄣˊ
譜例,1,ㄆㄨˇ ㄌㄧˋ
譜入,1,ㄆㄨˇ ㄖㄨˋ
譜學,1,ㄆㄨˇ ㄒㄩㄝˊ
譜斑,1,ㄆㄨˇ ㄅㄢ
譜書,1,ㄆㄨˇ ㄕㄨ
譜氣,1,ㄆㄨˇ ㄑㄧˋ
譜牒,1,ㄆㄨˇ ㄉㄧㄝˊ
譜錄,1,ㄆㄨˇ ㄌㄨˋ
譟動,1,ㄗㄠˋ ㄉㄨㄥˋ
譟詐,1,ㄗㄠˋ ㄓㄚˋ
警候,1,ㄐㄧㄥˇ ㄏㄡˋ
警兆,1,ㄐㄧㄥˇ ㄓㄠˋ
警動,1,ㄐㄧㄥˇ ㄉㄨㄥˋ
警巡,1,ㄐㄧㄥˇ ㄒㄩㄣˊ
警枕,1,ㄐㄧㄥˇ ㄓㄣˇ
警械,1,ㄐㄧㄥˇ ㄒㄧㄝˋ
警眾,1,ㄐㄧㄥˇ ㄓㄨㄥˋ
警角,1,ㄐㄧㄥˇ ㄐㄩㄝˊ
警蹕,1,ㄐㄧㄥˇ ㄅㄧˋ
警鴿,1,ㄐㄧㄥˇ ㄍㄜ
警鼓,1,ㄐㄧㄥˇ ㄍㄨˇ
譫妄,1,ㄓㄢ ㄨㄤˋ
譫言,1,ㄓㄢ ㄧㄢˊ
譫語,1,ㄓㄢ ㄩˇ
譬諸,1,ㄆㄧˋ ㄓㄨ
譯介,1,ㄧˋ ㄐㄧㄝˋ
議壇,1,ㄧˋ ㄊㄢˊ
議敘,1,ㄧˋ ㄒㄩˋ
議禮,1,ㄧˋ ㄌㄧˇ
議親,1,ㄧˋ ㄑㄧㄣ
議賢,1,ㄧˋ ㄒㄧㄢˊ
議郎,1,ㄧˋ ㄌㄤˊ
譴何,1,ㄑㄧㄢˇ ㄏㄜˊ
譴咒,1,ㄑㄧㄢˇ ㄓㄡˋ
護佐,1,ㄏㄨˋ ㄗㄨㄛˇ
護前,1,ㄏㄨˋ ㄑㄧㄢˊ
護向,1,ㄏㄨˋ ㄒㄧㄤˋ
護壁,1,ㄏㄨˋ ㄅㄧˋ
護封,1,ㄏㄨˋ ㄈㄥ
護從,1,ㄏㄨˋ ㄗㄨㄥˋ
護手,1,ㄏㄨˋ ㄕㄡˇ
護日,1,ㄏㄨˋ ㄖˋ
護書,1,ㄏㄨˋ ㄕㄨ
護月,1,ㄏㄨˋ ㄩㄝˋ
護槽,1,ㄏㄨˋ ㄘㄠˊ
護炕,1,ㄏㄨˋ ㄎㄤˋ
護疼,1,ㄏㄨˋ ㄊㄥˊ
護臂,1,ㄏㄨˋ ㄅㄧˋ
護貝,1,ㄏㄨˋ ㄅㄟˋ
護軌,1,ㄏㄨˋ ㄍㄨㄟˇ
護頭,1,ㄏㄨˋ ㄊㄡˊ
護養,1,ㄏㄨˋ ㄧㄤˇ
譸張,1,ㄓㄡ ㄓㄤ
譽望,1,ㄩˋ ㄨㄤˋ
譽髦,1,ㄩˋ ㄇㄠˊ
讀律,1,ㄉㄨˊ ㄌㄩˋ
讀會,1,ㄉㄨˊ ㄏㄨㄟˋ
讀為,1,ㄉㄨˊ ㄨㄟˊ
讀畫,1,ㄉㄨˊ ㄏㄨㄚˋ
讀破,1,ㄉㄨˊ ㄆㄛˋ
讆言,1,ㄨㄟˋ ㄧㄢˊ
變例,1,ㄅㄧㄢˋ ㄌㄧˋ
變價,1,ㄅㄧㄢˋ ㄐㄧㄚˋ
變則,1,ㄅㄧㄢˋ ㄗㄜˊ
變古,1,ㄅㄧㄢˋ ㄍㄨˇ
變宮,1,ㄅㄧㄢˋ ㄍㄨㄥ
變容,1,ㄅㄧㄢˋ ㄖㄨㄥˊ
變徵,1,ㄅㄧㄢˋ ㄓˇ
變文,1,ㄅㄧㄢˋ ㄨㄣˊ
變暴,1,ㄅㄧㄢˋ ㄅㄠˋ
變泰,1,ㄅㄧㄢˋ ㄊㄞˋ
變溫,1,ㄅㄧㄢˋ ㄨㄣ
變端,1,ㄅㄧㄢˋ ㄉㄨㄢ
變約,1,ㄅㄧㄢˋ ㄩㄝ
變置,1,ㄅㄧㄢˋ ㄓˋ
變計,1,ㄅㄧㄢˋ ㄐㄧˋ
變詐,1,ㄅㄧㄢˋ ㄓㄚˋ
變陰,1,ㄅㄧㄢˋ ㄧㄣ
變雅,1,ㄅㄧㄢˋ ㄧㄚˇ
變顏,1,ㄅㄧㄢˋ ㄧㄢˊ
變風,1,ㄅㄧㄢˋ ㄈㄥ
讋服,1,ㄓㄜˊ ㄈㄨˊ
讎問,1,ㄔㄡˊ ㄨㄣˋ
讎夷,1,ㄔㄡˊ ㄧˊ
讎校,1,ㄔㄡˊ ㄐㄧㄠˋ
讒人,1,ㄔㄢˊ ㄖㄣˊ
讒佞,1,ㄔㄢˊ ㄋㄧㄥˋ
讒口,1,ㄔㄢˊ ㄎㄡˇ
讒慝,1,ㄔㄢˊ ㄊㄜˋ
讒臣,1,ㄔㄢˊ ㄔㄣˊ
讒諂,1,ㄔㄢˊ ㄔㄢˇ
讒譖,1,ㄔㄢˊ ㄗㄣˋ
讒隙,1,ㄔㄢˊ ㄒㄧˋ
讒鼎,1,ㄔㄢˊ ㄉㄧㄥˇ
讓坐,1,ㄖㄤˋ ㄗㄨㄛˋ
讓畔,1,ㄖㄤˋ ㄆㄢˋ
讖文,1,ㄔㄣˋ ㄨㄣˊ
讖記,1,ㄔㄣˋ ㄐㄧˋ
讘䛟,1,ㄓㄜˊ ㄐㄧㄚˊ
讙呼,1,ㄏㄨㄢ ㄏㄨ
讙敖,1,ㄏㄨㄢ ㄠˊ
讙然,1,ㄏㄨㄢ ㄖㄢˊ
讞牘,1,ㄧㄢˋ ㄉㄨˊ
讞獄,1,ㄧㄢˋ ㄩˋ
讞讞,1,ㄧㄢˋ ㄧㄢˋ
谷永,1,ㄍㄨˇ ㄩㄥˇ
谷灣,1,ㄍㄨˇ ㄨㄢ
谷蠡,1,ㄍㄨˇ ㄌㄧˊ
谷谷,1,ㄍㄨˇ ㄍㄨˇ
谷都,1,ㄍㄨˇ ㄉㄨ
谷風,1,ㄍㄨˇ ㄈㄥ
谷飲,1,ㄍㄨˇ ㄧㄣˇ
谹議,1,ㄏㄨㄥˊ ㄧˋ
谿子,1,ㄒㄧ ㄗˇ
豁亮,1,ㄏㄜˋ ㄌㄧㄤ˙
豁亮,1,ㄏㄨㄛˋ ㄌㄧㄤˋ
豁勁,1,ㄏㄨㄛ ㄐㄧㄣˋ
豁命,1,ㄏㄨㄛ ㄇㄧㄥˋ
豁嘴,1,ㄏㄨㄛ ㄗㄨㄟˇ
豁地,1,ㄏㄨㄛˋ ㄉㄧˋ
豁朗,1,ㄏㄨㄛˋ ㄌㄤˇ
豁脫,1,ㄏㄨㄛˋ ㄊㄨㄛ
豁落,1,ㄏㄨㄛ ㄌㄨㄛˋ
豁著,1,ㄏㄨㄛ ㄓㄜ˙
豁蕩,1,ㄏㄨㄛˋ ㄉㄤˋ
豁鄧,1,ㄏㄨㄛˋ ㄉㄥˋ
豆剖,1,ㄉㄡˋ ㄆㄡˇ
豆大,1,ㄉㄡˋ ㄉㄚˋ
豆娘,1,ㄉㄡˋ ㄋㄧㄤˊ
豆干,1,ㄉㄡˋ ㄍㄢ
豆條,1,ㄉㄡˋ ㄊㄧㄠˊ
豆槐,1,ㄉㄡˋ ㄏㄨㄞˊ
豆皮,1,ㄉㄡˋ ㄆㄧˊ
豆簽,1,ㄉㄡˋ ㄑㄧㄢ
豆粥,1,ㄉㄡˋ ㄓㄡ
豆絲,1,ㄉㄡˋ ㄙ
豆羹,1,ㄉㄡˋ ㄍㄥ
豆脯,1,ㄉㄡˋ ㄈㄨˇ
豆腐,1,ㄉㄡˋ ㄈㄨ˙
豆薯,1,ㄉㄡˋ ㄕㄨˇ
豆角,1,ㄉㄡˋ ㄐㄧㄠˇ
豆雁,1,ㄉㄡˋ ㄧㄢˋ
豆青,1,ㄉㄡˋ ㄑㄧㄥ
豈但,1,ㄑㄧˇ ㄉㄢˋ
豈弟,1,ㄎㄞˇ ㄊㄧˋ
豈料,1,ㄑㄧˇ ㄌㄧㄠˋ
豈期,1,ㄑㄧˇ ㄑㄧˊ
豈直,1,ㄑㄧˇ ㄓˊ
豈知,1,ㄑㄧˇ ㄓ
豉蟲,1,ㄔˇ ㄔㄨㄥˊ
豎儒,1,ㄕㄨˋ ㄖㄨˊ
豎刁,1,ㄕㄨˋ ㄉㄧㄠ
豎宦,1,ㄕㄨˋ ㄏㄨㄢˋ
豎毛,1,ㄕㄨˋ ㄇㄠˊ
豎褐,1,ㄕㄨˋ ㄏㄜˊ
豐下,1,ㄈㄥ ㄒㄧㄚˋ
豐偉,1,ㄈㄥ ㄨㄟˇ
豐奢,1,ㄈㄥ ㄕㄜ
豐妍,1,ㄈㄥ ㄧㄢˊ
豐悴,1,ㄈㄥ ㄘㄨㄟˋ
豐本,1,ㄈㄥ ㄅㄣˇ
豐樂,1,ㄈㄥ ㄌㄜˋ
豐歉,1,ㄈㄥ ㄑㄧㄢˋ
豐殖,1,ㄈㄥ ㄓˊ
豐殺,1,ㄈㄥ ㄕㄞˋ
豐注,1,ㄈㄥ ㄓㄨˋ
豐熟,1,ㄈㄥ ㄕㄨˊ
豐熾,1,ㄈㄥ ㄔˋ
豐碑,1,ㄈㄥ ㄅㄟ
豐穰,1,ㄈㄥ ㄖㄤˊ
豐耗,1,ㄈㄥ ㄏㄠˋ
豐肌,1,ㄈㄥ ㄐㄧ
豐腆,1,ㄈㄥ ㄊㄧㄢˇ
豐華,1,ㄈㄥ ㄏㄨㄚˊ
豐蔚,1,ㄈㄥ ㄨㄟˋ
豐衍,1,ㄈㄥ ㄧㄢˇ
豐贍,1,ㄈㄥ ㄕㄢˋ
豐鎬,1,ㄈㄥ ㄏㄠˋ
豐隆,1,ㄈㄥ ㄌㄨㄥˊ
豐頰,1,ㄈㄥ ㄐㄧㄚˊ
豔冶,1,ㄧㄢˋ ㄧㄝˇ
豔妝,1,ㄧㄢˋ ㄓㄨㄤ
豔射,1,ㄧㄢˋ ㄕㄜˋ
豔情,1,ㄧㄢˋ ㄑㄧㄥˊ
豔星,1,ㄧㄢˋ ㄒㄧㄥ
豔段,1,ㄧㄢˋ ㄉㄨㄢˋ
豔絕,1,ㄧㄢˋ ㄐㄩㄝˊ
豔色,1,ㄧㄢˋ ㄙㄜˋ
豔豔,1,ㄧㄢˋ ㄧㄢˋ
豔骨,1,ㄧㄢˋ ㄍㄨˇ
豕心,1,ㄕˇ ㄒㄧㄣ
豕突,1,ㄕˇ ㄊㄨˊ
豚兒,1,ㄊㄨㄣˊ ㄦˊ
豚拍,1,ㄊㄨㄣˊ ㄅㄛˊ
豚柵,1,ㄊㄨㄣˊ ㄓㄚˋ
豚犬,1,ㄊㄨㄣˊ ㄑㄩㄢˇ
豚魚,1,ㄊㄨㄣˊ ㄩˊ
象事,1,ㄒㄧㄤˋ ㄕˋ
象傳,1,ㄒㄧㄤˋ ㄓㄨㄢˋ
象刑,1,ㄒㄧㄤˋ ㄒㄧㄥˊ
象外,1,ㄒㄧㄤˋ ㄨㄞˋ
象床,1,ㄒㄧㄤˋ ㄔㄨㄤˊ
象度,1,ㄒㄧㄤˋ ㄉㄨˋ
象恭,1,ㄒㄧㄤˋ ㄍㄨㄥ
象意,1,ㄒㄧㄤˋ ㄧˋ
象戲,1,ㄒㄧㄤˋ ㄒㄧˋ
象揥,1,ㄒㄧㄤˋ ㄊㄧˋ
象數,1,ㄒㄧㄤˋ ㄕㄨˋ
象服,1,ㄒㄧㄤˋ ㄈㄨˊ
象板,1,ㄒㄧㄤˋ ㄅㄢˇ
象櫛,1,ㄒㄧㄤˋ ㄐㄧㄝˊ
象物,1,ㄒㄧㄤˋ ㄨˋ
象瑱,1,ㄒㄧㄤˋ ㄊㄧㄢˋ
象窯,1,ㄒㄧㄤˋ ㄧㄠˊ
象箸,1,ㄒㄧㄤˋ ㄓㄨˋ
象簡,1,ㄒㄧㄤˋ ㄐㄧㄢˇ
象紋,1,ㄒㄧㄤˋ ㄨㄣˊ
象聲,1,ㄒㄧㄤˋ ㄕㄥ
象舞,1,ㄒㄧㄤˋ ㄨˇ
象賢,1,ㄒㄧㄤˋ ㄒㄧㄢˊ
象車,1,ㄒㄧㄤˋ ㄐㄩ
象辭,1,ㄒㄧㄤˋ ㄘˊ
象郡,1,ㄒㄧㄤˋ ㄐㄩㄣˋ
象闕,1,ㄒㄧㄤˋ ㄑㄩㄝˋ
象鳥,1,ㄒㄧㄤˋ ㄋㄧㄠˇ
象龜,1,ㄒㄧㄤˋ ㄍㄨㄟ
豢圉,1,ㄏㄨㄢˋ ㄩˇ
豨突,1,ㄒㄧ ㄊㄨˊ
豨膏,1,ㄒㄧ ㄍㄠ
豨苓,1,ㄒㄧ ㄌㄧㄥˊ
豨豨,1,ㄒㄧ ㄒㄧ
豪侈,1,ㄏㄠˊ ㄔˇ
豪俊,1,ㄏㄠˊ ㄐㄩㄣˋ
豪奴,1,ㄏㄠˊ ㄋㄨˊ
豪宕,1,ㄏㄠˊ ㄉㄤˋ
豪忕,1,ㄏㄠˊ ㄊㄞˋ
豪恣,1,ㄏㄠˊ ㄗˋ
豪橫,1,ㄏㄠˊ ㄏㄥˋ
豪橫,1,ㄏㄠˊ ㄏㄥ˙
豪猾,1,ㄏㄠˊ ㄏㄨㄚˊ
豪素,1,ㄏㄠˊ ㄙㄨˋ
豪縱,1,ㄏㄠˊ ㄗㄨㄥˋ
豪臣,1,ㄏㄠˊ ㄔㄣˊ
豪英,1,ㄏㄠˊ ㄧㄥ
豪闊,1,ㄏㄠˊ ㄎㄨㄛˋ
豫備,1,ㄩˋ ㄅㄟˋ
豫怠,1,ㄩˋ ㄉㄞˋ
豫章,1,ㄩˋ ㄓㄤ
豫聞,1,ㄩˋ ㄨㄣˊ
豫讓,1,ㄩˋ ㄖㄤˋ
豫遊,1,ㄩˋ ㄧㄡˊ
豫防,1,ㄩˋ ㄈㄤˊ
豫附,1,ㄩˋ ㄈㄨˋ
豬獾,1,ㄓㄨ ㄏㄨㄢ
豬苓,1,ㄓㄨ ㄌㄧㄥˊ
豳風,1,ㄅㄧㄣ ㄈㄥ
豹值,1,ㄅㄠˋ ㄓˊ
豹房,1,ㄅㄠˋ ㄈㄤˊ
豹環,1,ㄅㄠˋ ㄏㄨㄢˊ
豹略,1,ㄅㄠˋ ㄌㄩㄝˋ
豹腳,1,ㄅㄠˋ ㄐㄧㄠˇ
豹變,1,ㄅㄠˋ ㄅㄧㄢˋ
豹隱,1,ㄅㄠˋ ㄧㄣˇ
豺目,1,ㄔㄞˊ ㄇㄨˋ
豺聲,1,ㄔㄞˊ ㄕㄥ
豺虎,1,ㄔㄞˊ ㄏㄨˇ
貂寺,1,ㄉㄧㄠ ㄙˋ
貂珥,1,ㄉㄧㄠ ㄦˇ
貂璫,1,ㄉㄧㄠ ㄉㄤ
貂羽,1,ㄉㄧㄠ ㄩˇ
貂裘,1,ㄉㄧㄠ ㄑㄧㄡˊ
貂錦,1,ㄉㄧㄠ ㄐㄧㄣˇ
貉子,1,ㄏㄜˊ ㄗˇ
貉絨,1,ㄏㄜˊ ㄖㄨㄥˊ
貌執,1,ㄇㄠˋ ㄓˊ
貌言,1,ㄇㄠˋ ㄧㄢˊ
貌閱,1,ㄇㄠˋ ㄩㄝˋ
貏豸,1,ㄅㄧˇ ㄓˋ
貓嶼,1,ㄇㄠ ㄩˇ
貓溺,1,ㄇㄠ ㄋㄧㄠˋ
貓猴,1,ㄇㄠ ㄏㄡˊ
貔子,1,ㄆㄧˊ ㄗ˙
貙虎,1,ㄔㄨ ㄏㄨˇ
貝冑,1,ㄅㄟˋ ㄓㄡˋ
貝勒,1,ㄅㄟˋ ㄌㄜ˙
貝塚,1,ㄅㄟˋ ㄓㄨㄥˇ
貝多,1,ㄅㄟˋ ㄉㄨㄛ
貝婁,1,ㄅㄟˋ ㄌㄡˊ
貝子,1,ㄅㄟˋ ㄗˇ
貝幣,1,ㄅㄟˋ ㄅㄧˋ
貝母,1,ㄅㄟˋ ㄇㄨˇ
貝毒,1,ㄅㄟˋ ㄉㄨˊ
貝特,1,ㄅㄟˋ ㄊㄜˋ
貝當,1,ㄅㄟˋ ㄉㄤ
貝紋,1,ㄅㄟˋ ㄨㄣˊ
貝納,1,ㄅㄟˋ ㄋㄚˋ
貝葉,1,ㄅㄟˋ ㄧㄝˋ
貝赤,1,ㄅㄟˋ ㄔˋ
貝錦,1,ㄅㄟˋ ㄐㄧㄣˇ
貞亮,1,ㄓㄣ ㄌㄧㄤˋ
貞人,1,ㄓㄣ ㄖㄣˊ
貞士,1,ㄓㄣ ㄕˋ
貞木,1,ㄓㄣ ㄇㄨˋ
貞淑,1,ㄓㄣ ㄕㄨˊ
貞白,1,ㄓㄣ ㄅㄛˊ
貞石,1,ㄓㄣ ㄕˊ
貞臣,1,ㄓㄣ ㄔㄣˊ
貞觀,1,ㄓㄣ ㄍㄨㄢˋ
貞靜,1,ㄓㄣ ㄐㄧㄥˋ
負俗,1,ㄈㄨˋ ㄙㄨˊ
負像,1,ㄈㄨˋ ㄒㄧㄤˋ
負命,1,ㄈㄨˋ ㄇㄧㄥˋ
負固,1,ㄈㄨˋ ㄍㄨˋ
負國,1,ㄈㄨˋ ㄍㄨㄛˊ
負屈,1,ㄈㄨˋ ㄑㄩ
負嵎,1,ㄈㄨˋ ㄩˊ
負弩,1,ㄈㄨˋ ㄋㄨˇ
負影,1,ㄈㄨˋ ㄧㄥˇ
負戈,1,ㄈㄨˋ ㄍㄜ
負戴,1,ㄈㄨˋ ㄉㄞˋ
負扆,1,ㄈㄨˋ ㄧˇ
負手,1,ㄈㄨˋ ㄕㄡˇ
負才,1,ㄈㄨˋ ㄘㄞˊ
負暄,1,ㄈㄨˋ ㄒㄩㄢ
負水,1,ㄈㄨˋ ㄕㄨㄟˇ
負累,1,ㄈㄨˋ ㄌㄟˇ
負羽,1,ㄈㄨˋ ㄩˇ
負虧,1,ㄈㄨˋ ㄎㄨㄟ
負謗,1,ㄈㄨˋ ㄅㄤˋ
負進,1,ㄈㄨˋ ㄐㄧㄣˋ
負郭,1,ㄈㄨˋ ㄍㄨㄛ
負阻,1,ㄈㄨˋ ㄗㄨˇ
負騙,1,ㄈㄨˋ ㄆㄧㄢˋ
負鼎,1,ㄈㄨˋ ㄉㄧㄥˇ
財主,1,ㄘㄞˊ ㄓㄨ˙
財賄,1,ㄘㄞˊ ㄏㄨㄟˋ
財鄉,1,ㄘㄞˊ ㄒㄧㄤ
貢元,1,ㄍㄨㄥˋ ㄩㄢˊ
貢八,1,ㄍㄨㄥˋ ㄅㄚ
貢士,1,ㄍㄨㄥˋ ㄕˋ
貢官,1,ㄍㄨㄥˋ ㄍㄨㄢ
貢水,1,ㄍㄨㄥˋ ㄕㄨㄟˇ
貢煙,1,ㄍㄨㄥˋ ㄧㄢ
貢監,1,ㄍㄨㄥˋ ㄐㄧㄢˋ
貢禹,1,ㄍㄨㄥˋ ㄩˇ
貢緞,1,ㄍㄨㄥˋ ㄉㄨㄢˋ
貢膿,1,ㄍㄨㄥˋ ㄋㄨㄥˊ
貢舉,1,ㄍㄨㄥˋ ㄐㄩˇ
貢賦,1,ㄍㄨㄥˋ ㄈㄨˋ
貢院,1,ㄍㄨㄥˋ ㄩㄢˋ
貤封,1,ㄧˊ ㄈㄥ
貤贈,1,ㄧˊ ㄗㄥˋ
貧士,1,ㄆㄧㄣˊ ㄕˋ
貧子,1,ㄆㄧㄣˊ ㄗˇ
貧氣,1,ㄆㄧㄣˊ ㄑㄧˋ
貧窶,1,ㄆㄧㄣˊ ㄐㄩˋ
貧胎,1,ㄆㄧㄣˊ ㄊㄞ
貧難,1,ㄆㄧㄣˊ ㄋㄢˊ
貨利,1,ㄏㄨㄛˋ ㄌㄧˋ
貨卜,1,ㄏㄨㄛˋ ㄅㄨˇ
貨布,1,ㄏㄨㄛˋ ㄅㄨˋ
貨泉,1,ㄏㄨㄛˋ ㄑㄩㄢˊ
貨短,1,ㄏㄨㄛˋ ㄉㄨㄢˇ
貨票,1,ㄏㄨㄛˋ ㄆㄧㄠˋ
貨罰,1,ㄏㄨㄛˋ ㄈㄚˊ
貨聲,1,ㄏㄨㄛˋ ㄕㄥ
貨賂,1,ㄏㄨㄛˋ ㄌㄨˋ
貨賄,1,ㄏㄨㄛˋ ㄏㄨㄟˋ
販君,1,ㄈㄢˋ ㄐㄩㄣ
販土,1,ㄈㄢˋ ㄊㄨˇ
販弄,1,ㄈㄢˋ ㄋㄨㄥˋ
販私,1,ㄈㄢˋ ㄙ
貪冒,1,ㄊㄢ ㄇㄛˋ
貪吏,1,ㄊㄢ ㄌㄧˋ
貪嗇,1,ㄊㄢ ㄙㄜˋ
貪情,1,ㄊㄢ ㄑㄧㄥˊ
貪慌,1,ㄊㄢ ㄏㄨㄤ
貪戾,1,ㄊㄢ ㄌㄧˋ
貪昧,1,ㄊㄢ ㄇㄟˋ
貪殘,1,ㄊㄢ ㄘㄢˊ
貪花,1,ㄊㄢ ㄏㄨㄚ
貪賄,1,ㄊㄢ ㄏㄨㄟˋ
貪路,1,ㄊㄢ ㄌㄨˋ
貪鄙,1,ㄊㄢ ㄅㄧˇ
貪酒,1,ㄊㄢ ㄐㄧㄡˇ
貪酷,1,ㄊㄢ ㄎㄨˋ
貪青,1,ㄊㄢ ㄑㄧㄥ
貪頑,1,ㄊㄢ ㄨㄢˊ
貪饞,1,ㄊㄢ ㄔㄢˊ
貫休,1,ㄍㄨㄢˋ ㄒㄧㄡ
貫伯,1,ㄍㄨㄢˋ ㄅㄛˊ
貫寨,1,ㄍㄨㄢˋ ㄓㄞˋ
貫弓,1,ㄍㄨㄢˋ ㄍㄨㄥ
貫日,1,ㄍㄨㄢˋ ㄖˋ
貫朽,1,ㄍㄨㄢˋ ㄒㄧㄡˇ
貫氣,1,ㄍㄨㄢˋ ㄑㄧˋ
貫珠,1,ㄍㄨㄢˋ ㄓㄨ
貫盈,1,ㄍㄨㄢˋ ㄧㄥˊ
貫索,1,ㄍㄨㄢˋ ㄙㄨㄛˇ
貫習,1,ㄍㄨㄢˋ ㄒㄧˊ
貫蝨,1,ㄍㄨㄢˋ ㄕ
貫行,1,ㄍㄨㄢˋ ㄒㄧㄥˊ
貫覽,1,ㄍㄨㄢˋ ㄌㄢˇ
貫革,1,ㄍㄨㄢˋ ㄍㄜˊ
貫魚,1,ㄍㄨㄢˋ ㄩˊ
責付,1,ㄗㄜˊ ㄈㄨˋ
責數,1,ㄗㄜˊ ㄕㄨˇ
責詰,1,ㄗㄜˊ ㄐㄧㄝˊ
責讓,1,ㄗㄜˊ ㄖㄤˋ
責難,1,ㄗㄜˊ ㄋㄢˊ
貯運,1,ㄓㄨˇ ㄩㄣˋ
貰赦,1,ㄕˋ ㄕㄜˋ
貰酒,1,ㄕˋ ㄐㄧㄡˇ
貲力,1,ㄗ ㄌㄧˋ
貲簿,1,ㄗ ㄅㄨˋ
貲藏,1,ㄗ ㄘㄤˊ
貳令,1,ㄦˋ ㄌㄧㄥˋ
貳卿,1,ㄦˋ ㄑㄧㄥ
貳室,1,ㄦˋ ㄕˋ
貳師,1,ㄦˋ ㄕ
貳廣,1,ㄦˋ ㄍㄨㄤˇ
貳獎,1,ㄦˋ ㄐㄧㄤˇ
貳臣,1,ㄦˋ ㄔㄣˊ
貳言,1,ㄦˋ ㄧㄢˊ
貳車,1,ㄦˋ ㄐㄩ
貴上,1,ㄍㄨㄟˋ ㄕㄤˋ
貴主,1,ㄍㄨㄟˋ ㄓㄨˇ
貴介,1,ㄍㄨㄟˋ ㄐㄧㄝˋ
貴仕,1,ㄍㄨㄟˋ ㄕˋ
貴价,1,ㄍㄨㄟˋ ㄐㄧㄝˋ
貴品,1,ㄍㄨㄟˋ ㄆㄧㄣˇ
貴婿,1,ㄍㄨㄟˋ ㄒㄩˋ
貴嬪,1,ㄍㄨㄟˋ ㄆㄧㄣˊ
貴官,1,ㄍㄨㄟˋ ㄍㄨㄢ
貴寓,1,ㄍㄨㄟˋ ㄩˋ
貴寵,1,ㄍㄨㄟˋ ㄔㄨㄥˇ
貴幸,1,ㄍㄨㄟˋ ㄒㄧㄥˋ
貴徵,1,ㄍㄨㄟˋ ㄓㄥ
貴德,1,ㄍㄨㄟˋ ㄉㄜˊ
貴會,1,ㄍㄨㄟˋ ㄏㄨㄟˋ
貴相,1,ㄍㄨㄟˋ ㄒㄧㄤˋ
貴社,1,ㄍㄨㄟˋ ㄕㄜˋ
貴細,1,ㄍㄨㄟˋ ㄒㄧˋ
貴胄,1,ㄍㄨㄟˋ ㄓㄡˋ
貴貴,1,ㄍㄨㄟˋ ㄍㄨㄟˋ
貴近,1,ㄍㄨㄟˋ ㄐㄧㄣˋ
貴造,1,ㄍㄨㄟˋ ㄗㄠˋ
貴降,1,ㄍㄨㄟˋ ㄐㄧㄤˋ
貶書,1,ㄅㄧㄢˇ ㄕㄨ
貶罰,1,ㄅㄧㄢˇ ㄈㄚˊ
貶詞,1,ㄅㄧㄢˇ ㄘˊ
貶駁,1,ㄅㄧㄢˇ ㄅㄛˊ
買休,1,ㄇㄞˇ ㄒㄧㄡ
買卦,1,ㄇㄞˇ ㄍㄨㄚˋ
買取,1,ㄇㄞˇ ㄑㄩˇ
買名,1,ㄇㄞˇ ㄇㄧㄥˊ
買告,1,ㄇㄞˇ ㄍㄠˋ
買嘴,1,ㄇㄞˇ ㄗㄨㄟˇ
買囑,1,ㄇㄞˇ ㄓㄨˇ
買好,1,ㄇㄞˇ ㄏㄠˇ
買官,1,ㄇㄞˇ ㄍㄨㄢ
買山,1,ㄇㄞˇ ㄕㄢ
買市,1,ㄇㄞˇ ㄕˋ
買得,1,ㄇㄞˇ ㄉㄜˊ
買快,1,ㄇㄞˇ ㄎㄨㄞˋ
買手,1,ㄇㄞˇ ㄕㄡˇ
買撲,1,ㄇㄞˇ ㄆㄨ
買放,1,ㄇㄞˇ ㄈㄤˋ
買服,1,ㄇㄞˇ ㄈㄨ˙
買樂,1,ㄇㄞˇ ㄌㄜˋ
買水,1,ㄇㄞˇ ㄕㄨㄟˇ
買求,1,ㄇㄞˇ ㄑㄧㄡˊ
買爵,1,ㄇㄞˇ ㄐㄩㄝˊ
買笑,1,ㄇㄞˇ ㄒㄧㄠˋ
買臉,1,ㄇㄞˇ ㄌㄧㄢˇ
買舟,1,ㄇㄞˇ ㄓㄡ
買船,1,ㄇㄞˇ ㄔㄨㄢˊ
買虛,1,ㄇㄞˇ ㄒㄩ
買賦,1,ㄇㄞˇ ㄈㄨˋ
買轉,1,ㄇㄞˇ ㄓㄨㄢˇ
買鄰,1,ㄇㄞˇ ㄌㄧㄣˊ
買頭,1,ㄇㄞˇ ㄊㄡˊ
買骨,1,ㄇㄞˇ ㄍㄨˇ
貺祐,1,ㄎㄨㄤˋ ㄧㄡˋ
費口,1,ㄈㄟˋ ㄎㄡˇ
費句,1,ㄈㄟˋ ㄐㄩˋ
費司,1,ㄈㄟˋ ㄙ
費嘴,1,ㄈㄟˋ ㄗㄨㄟˇ
費手,1,ㄈㄟˋ ㄕㄡˇ
費瑟,1,ㄈㄟˋ ㄙㄜˋ
費話,1,ㄈㄟˋ ㄏㄨㄚˋ
貼夫,1,ㄊㄧㄝ ㄈㄨ
貼己,1,ㄊㄧㄝ ㄐㄧˇ
貼席,1,ㄊㄧㄝ ㄒㄧˊ
貼後,1,ㄊㄧㄝ ㄏㄡˋ
貼息,1,ㄊㄧㄝ ㄒㄧˊ
貼戀,1,ㄊㄧㄝ ㄌㄧㄢˋ
貼戶,1,ㄊㄧㄝ ㄏㄨˋ
貼換,1,ㄊㄧㄝ ㄏㄨㄢ˙
貼放,1,ㄊㄧㄝ ㄈㄤˋ
貼旦,1,ㄊㄧㄝ ㄉㄢˋ
貼書,1,ㄊㄧㄝ ㄕㄨ
貼本,1,ㄊㄧㄝ ㄅㄣˇ
貼水,1,ㄊㄧㄝ ㄕㄨㄟˇ
貼燮,1,ㄊㄧㄝ ㄒㄧㄝˋ
貼畫,1,ㄊㄧㄝ ㄏㄨㄚˋ
貼肉,1,ㄊㄧㄝ ㄖㄡˋ
貼背,1,ㄊㄧㄝ ㄅㄟˋ
貼邊,1,ㄊㄧㄝ ㄅㄧㄢ
貼鄰,1,ㄊㄧㄝ ㄌㄧㄣˊ
貼題,1,ㄊㄧㄝ ㄊㄧˊ
貼食,1,ㄊㄧㄝ ㄕˊ
貽厥,1,ㄧˊ ㄐㄩㄝˊ
貽燕,1,ㄧˊ ㄧㄢˋ
貽訓,1,ㄧˊ ㄒㄩㄣˋ
貽貝,1,ㄧˊ ㄅㄟˋ
貿名,1,ㄇㄠˋ ㄇㄧㄥˊ
貿貿,1,ㄇㄠˋ ㄇㄠˋ
貿首,1,ㄇㄠˋ ㄕㄡˇ
賀分,1,ㄏㄜˋ ㄈㄣ
賀功,1,ㄏㄜˋ ㄍㄨㄥ
賀壽,1,ㄏㄜˋ ㄕㄡˋ
賀忱,1,ㄏㄜˋ ㄔㄣˊ
賀悃,1,ㄏㄜˋ ㄎㄨㄣˇ
賀房,1,ㄏㄜˋ ㄈㄤˊ
賀正,1,ㄏㄜˋ ㄓㄥ
賀節,1,ㄏㄜˋ ㄐㄧㄝˊ
賀鑄,1,ㄏㄜˋ ㄓㄨˋ
賁如,1,ㄅㄧˋ ㄖㄨˊ
賁張,1,ㄅㄣ ㄓㄤ
賁然,1,ㄅㄧˋ ㄖㄢˊ
賁石,1,ㄅㄣ ㄕˊ
賁育,1,ㄅㄣ ㄩˋ
賁臨,1,ㄅㄧˋ ㄌㄧㄣˊ
賁華,1,ㄅㄧˋ ㄏㄨㄚ
賁賁,1,ㄅㄣ ㄅㄣ
賃屋,1,ㄌㄧㄣˋ ㄨ
賃房,1,ㄌㄧㄣˋ ㄈㄤˊ
賃金,1,ㄌㄧㄣˋ ㄐㄧㄣ
賅博,1,ㄍㄞ ㄅㄛˊ
賅括,1,ㄍㄞ ㄍㄨㄚ
資從,1,ㄗ ㄘㄨㄥˊ
資性,1,ㄗ ㄒㄧㄥˋ
資斧,1,ㄗ ㄈㄨˇ
資望,1,ㄗ ㄨㄤˋ
資用,1,ㄗ ㄩㄥˋ
資賦,1,ㄗ ㄈㄨˋ
資送,1,ㄗ ㄙㄨㄥˋ
賈儈,1,ㄍㄨˇ ㄎㄨㄞˋ
賈利,1,ㄍㄨˇ ㄌㄧˋ
賈勇,1,ㄍㄨˇ ㄩㄥˇ
賈客,1,ㄍㄨˇ ㄎㄜˋ
賈島,1,ㄐㄧㄚˇ ㄉㄠˇ
賈怨,1,ㄍㄨˇ ㄩㄢˋ
賈禍,1,ㄍㄨˇ ㄏㄨㄛˋ
賈胡,1,ㄍㄨˇ ㄏㄨˊ
賈舶,1,ㄍㄨˇ ㄅㄛˊ
賈豎,1,ㄍㄨˇ ㄕㄨˋ
賈逵,1,ㄐㄧㄚˇ ㄎㄨㄟˊ
賈魯,1,ㄐㄧㄚˇ ㄌㄨˇ
賊害,1,ㄗㄜˊ ㄏㄞˋ
賊心,1,ㄗㄟˊ ㄒㄧㄣ
賊星,1,ㄗㄟˊ ㄒㄧㄥ
賊曹,1,ㄗㄟˊ ㄘㄠˊ
賊肉,1,ㄗㄟˊ ㄖㄡˋ
賊虐,1,ㄗㄜˊ ㄋㄩㄝˋ
賊驢,1,ㄗㄟˊ ㄌㄩˊ
賊鬼,1,ㄗㄟˊ ㄍㄨㄟ˙
賑捐,1,ㄓㄣˋ ㄐㄩㄢ
賑田,1,ㄓㄣˋ ㄊㄧㄢˊ
賑給,1,ㄓㄣˋ ㄐㄧˇ
賑贍,1,ㄓㄣˋ ㄕㄢˋ
賒購,1,ㄕㄜ ㄍㄡˋ
賒銷,1,ㄕㄜ ㄒㄧㄠ
賓享,1,ㄅㄧㄣ ㄒㄧㄤˇ
賓位,1,ㄅㄧㄣ ㄨㄟˋ
賓友,1,ㄅㄧㄣ ㄧㄡˇ
賓器,1,ㄅㄧㄣ ㄑㄧˋ
賓天,1,ㄅㄧㄣ ㄊㄧㄢ
賓宇,1,ㄅㄧㄣ ㄩˇ
賓實,1,ㄅㄧㄣ ㄕˊ
賓師,1,ㄅㄧㄣ ㄕ
賓待,1,ㄅㄧㄣ ㄉㄞˋ
賓旅,1,ㄅㄧㄣ ㄌㄩˇ
賓朋,1,ㄅㄧㄣ ㄆㄥˊ
賓服,1,ㄅㄧㄣ ㄈㄨˊ
賓東,1,ㄅㄧㄣ ㄉㄨㄥ
賓次,1,ㄅㄧㄣ ㄘˋ
賓漢,1,ㄅㄧㄣ ㄏㄢˋ
賓白,1,ㄅㄧㄣ ㄅㄞˊ
賓禮,1,ㄅㄧㄣ ㄌㄧˇ
賓興,1,ㄅㄧㄣ ㄒㄧㄥ
賓萌,1,ㄅㄧㄣ ㄇㄥˊ
賓詞,1,ㄅㄧㄣ ㄘˊ
賓貢,1,ㄅㄧㄣ ㄍㄨㄥˋ
賓賓,1,ㄅㄧㄣ ㄅㄧㄣ
賓郎,1,ㄅㄧㄣ ㄌㄤˊ
賓鴻,1,ㄅㄧㄣ ㄏㄨㄥˊ
賕謁,1,ㄑㄧㄡˊ ㄧㄝˋ
賚品,1,ㄌㄞˋ ㄆㄧㄣˇ
賚獎,1,ㄌㄞˋ ㄐㄧㄤˇ
賚發,1,ㄌㄞˋ ㄈㄚ
賜假,1,ㄙˋ ㄐㄧㄚˋ
賜光,1,ㄙˋ ㄍㄨㄤ
賜卹,1,ㄙˋ ㄒㄩˋ
賜名,1,ㄙˋ ㄇㄧㄥˊ
賜履,1,ㄙˋ ㄌㄩˇ
賜帛,1,ㄙˋ ㄅㄛˊ
賜復,1,ㄙˋ ㄈㄨˋ
賜環,1,ㄙˋ ㄏㄨㄢˊ
賜示,1,ㄙˋ ㄕˋ
賜紫,1,ㄙˋ ㄗˇ
賜酺,1,ㄙˋ ㄆㄨˊ
賜酺,1,ㄙˋ ㄈㄨˇ
賜顧,1,ㄙˋ ㄍㄨˋ
賞勞,1,ㄕㄤˇ ㄌㄠˋ
賞封,1,ㄕㄤˇ ㄈㄥ
賞收,1,ㄕㄤˇ ㄕㄡ
賞格,1,ㄕㄤˇ ㄍㄜˊ
賞讚,1,ㄕㄤˇ ㄗㄢˋ
賞賚,1,ㄕㄤˇ ㄌㄞˋ
賞賜,1,ㄕㄤˇ ㄙˋ
賞錢,1,ㄕㄤˇ ㄑㄧㄢ˙
賞鍾,1,ㄕㄤˇ ㄓㄨㄥ
賞鑒,1,ㄕㄤˇ ㄐㄧㄢˋ
賞閱,1,ㄕㄤˇ ㄩㄝˋ
賞雪,1,ㄕㄤˇ ㄒㄩㄝˇ
賞音,1,ㄕㄤˇ ㄧㄣ
賠墊,1,ㄆㄟˊ ㄉㄧㄢˋ
賠嫁,1,ㄆㄟˊ ㄐㄧㄚˋ
賠帳,1,ㄆㄟˊ ㄓㄤˋ
賠盡,1,ㄆㄟˊ ㄐㄧㄣˋ
賠累,1,ㄆㄟˊ ㄌㄟˋ
賠補,1,ㄆㄟˊ ㄅㄨˇ
賠話,1,ㄆㄟˊ ㄏㄨㄚˋ
賠贈,1,ㄆㄟˊ ㄗㄥˋ
賠身,1,ㄆㄟˊ ㄕㄣ
賠送,1,ㄆㄟˊ ㄙㄨㄥˋ
賡揚,1,ㄍㄥ ㄧㄤˊ
賡酬,1,ㄍㄥ ㄔㄡˊ
賡韻,1,ㄍㄥ ㄩㄣˋ
賢俊,1,ㄒㄧㄢˊ ㄐㄩㄣˋ
賢勞,1,ㄒㄧㄢˊ ㄌㄠˊ
賢君,1,ㄒㄧㄢˊ ㄐㄩㄣ
賢契,1,ㄒㄧㄢˊ ㄑㄧˋ
賢妃,1,ㄒㄧㄢˊ ㄈㄟ
賢姊,1,ㄒㄧㄢˊ ㄗˇ
賢婿,1,ㄒㄧㄢˊ ㄒㄩˋ
賢家,1,ㄒㄧㄢˊ ㄐㄧㄚ
賢尊,1,ㄒㄧㄢˊ ㄗㄨㄣ
賢彥,1,ㄒㄧㄢˊ ㄧㄢˋ
賢從,1,ㄒㄧㄢˊ ㄗㄨㄥˋ
賢臣,1,ㄒㄧㄢˊ ㄔㄣˊ
賢路,1,ㄒㄧㄢˊ ㄌㄨˋ
賢郎,1,ㄒㄧㄢˊ ㄌㄤˊ
賢阮,1,ㄒㄧㄢˊ ㄖㄨㄢˇ
賣交,1,ㄇㄞˋ ㄐㄧㄠ
賣倒,1,ㄇㄞˋ ㄉㄠˇ
賣功,1,ㄇㄞˋ ㄍㄨㄥ
賣動,1,ㄇㄞˋ ㄉㄨㄥˋ
賣卜,1,ㄇㄞˋ ㄅㄨˇ
賣卦,1,ㄇㄞˋ ㄍㄨㄚˋ
賣友,1,ㄇㄞˋ ㄧㄡˇ
賣口,1,ㄇㄞˋ ㄎㄡˇ
賣名,1,ㄇㄞˋ ㄇㄧㄥˊ
賣呆,1,ㄇㄞˋ ㄉㄞ
賣嘴,1,ㄇㄞˋ ㄗㄨㄟˇ
賣報,1,ㄇㄞˋ ㄅㄠˋ
賣契,1,ㄇㄞˋ ㄑㄧˋ
賣奸,1,ㄇㄞˋ ㄐㄧㄢ
賣好,1,ㄇㄞˋ ㄏㄠˇ
賣姦,1,ㄇㄞˋ ㄐㄧㄢ
賣婆,1,ㄇㄞˋ ㄆㄛˊ
賣婚,1,ㄇㄞˋ ㄏㄨㄣ
賣字,1,ㄇㄞˋ ㄗˋ
賣官,1,ㄇㄞˋ ㄍㄨㄢ
賣客,1,ㄇㄞˋ ㄎㄜˋ
賣富,1,ㄇㄞˋ ㄈㄨˋ
賣履,1,ㄇㄞˋ ㄌㄩˇ
賣底,1,ㄇㄞˋ ㄉㄧˇ
賣庸,1,ㄇㄞˋ ㄩㄥ
賣恩,1,ㄇㄞˋ ㄣ
賣惡,1,ㄇㄞˋ ㄜˋ
賣手,1,ㄇㄞˋ ㄕㄡˇ
賣撲,1,ㄇㄞˋ ㄆㄨ
賣放,1,ㄇㄞˋ ㄈㄤˋ
賣法,1,ㄇㄞˋ ㄈㄚˇ
賣狂,1,ㄇㄞˋ ㄎㄨㄤˊ
賣獃,1,ㄇㄞˋ ㄉㄞ
賣眼,1,ㄇㄞˋ ㄧㄢˇ
賣科,1,ㄇㄞˋ ㄎㄜ
賣絕,1,ㄇㄞˋ ㄐㄩㄝˊ
賣臉,1,ㄇㄞˋ ㄌㄧㄢˇ
賣舌,1,ㄇㄞˋ ㄕㄜˊ
賣花,1,ㄇㄞˋ ㄏㄨㄚ
賣蔥,1,ㄇㄞˋ ㄘㄨㄥ
賣解,1,ㄇㄞˋ ㄐㄧㄝˇ
賣買,1,ㄇㄞˋ ㄇㄞˇ
賣重,1,ㄇㄞˋ ㄓㄨㄥˋ
賣陣,1,ㄇㄞˋ ㄓㄣˋ
賤名,1,ㄐㄧㄢˋ ㄇㄧㄥˊ
賤婢,1,ㄐㄧㄢˋ ㄅㄧˋ
賤役,1,ㄐㄧㄢˋ ㄧˋ
賤息,1,ㄐㄧㄢˋ ㄒㄧˊ
賤才,1,ㄐㄧㄢˋ ㄘㄞˊ
賤民,1,ㄐㄧㄢˋ ㄇㄧㄣˊ
賤累,1,ㄐㄧㄢˋ ㄌㄟˇ
賤視,1,ㄐㄧㄢˋ ㄕˋ
賤造,1,ㄐㄧㄢˋ ㄗㄠˋ
賤降,1,ㄐㄧㄢˋ ㄐㄧㄤˋ
賤體,1,ㄐㄧㄢˋ ㄊㄧˇ
賦別,1,ㄈㄨˋ ㄅㄧㄝˊ
賦得,1,ㄈㄨˋ ㄉㄜˊ
賦畀,1,ㄈㄨˋ ㄅㄧˋ
賦話,1,ㄈㄨˋ ㄏㄨㄚˋ
賨人,1,ㄘㄨㄥˊ ㄖㄣˊ
賨布,1,ㄘㄨㄥˊ ㄅㄨˋ
質劑,1,ㄓˋ ㄐㄧˋ
質實,1,ㄓˊ ㄕˊ
質對,1,ㄓˊ ㄉㄨㄟˋ
質庫,1,ㄓˋ ㄎㄨˋ
質押,1,ㄓˋ ㄧㄚ
質明,1,ㄓˊ ㄇㄧㄥˊ
質朴,1,ㄓˊ ㄆㄨˊ
質權,1,ㄓˋ ㄑㄩㄢˊ
質當,1,ㄓˋ ㄉㄤˋ
質的,1,ㄓˊ ㄉㄧˋ
質直,1,ㄓˊ ㄓˊ
質證,1,ㄓˊ ㄓㄥˋ
質讓,1,ㄓˊ ㄖㄤˋ
質責,1,ㄓˊ ㄗㄜˊ
賭勝,1,ㄉㄨˇ ㄕㄥˋ
賭品,1,ㄉㄨˇ ㄆㄧㄣˇ
賭對,1,ㄉㄨˇ ㄉㄨㄟˋ
賭性,1,ㄉㄨˇ ㄒㄧㄥˋ
賭戰,1,ㄉㄨˇ ㄓㄢˋ
賭書,1,ㄉㄨˇ ㄕㄨ
賭犯,1,ㄉㄨˇ ㄈㄢˋ
賭狠,1,ㄉㄨˇ ㄏㄣˇ
賭當,1,ㄉㄨˇ ㄉㄤˇ
賭腳,1,ㄉㄨˇ ㄐㄧㄠˇ
賭色,1,ㄉㄨˇ ㄕㄞˇ
賭誓,1,ㄉㄨˇ ㄕˋ
賭鬥,1,ㄉㄨˇ ㄉㄡˋ
賴圖,1,ㄌㄞˋ ㄊㄨˊ
賴子,1,ㄌㄞˋ ㄗ˙
賴學,1,ㄌㄞˋ ㄒㄩㄝˊ
賴詐,1,ㄌㄞˋ ㄓㄚˋ
賵臨,1,ㄈㄥˋ ㄌㄧㄣˊ
賺哄,1,ㄗㄨㄢˋ ㄏㄨㄥˇ
賺弄,1,ㄗㄨㄢˋ ㄋㄨㄥ˙
賺手,1,ㄓㄨㄢˋ ㄕㄡˇ
賺漏,1,ㄗㄨㄢˋ ㄌㄡˋ
賺詞,1,ㄓㄨㄢˋ ㄘˊ
賺騙,1,ㄗㄨㄢˋ ㄆㄧㄢˋ
賻贈,1,ㄈㄨˋ ㄗㄥˋ
賻金,1,ㄈㄨˋ ㄐㄧㄣ
購備,1,ㄍㄡˋ ㄅㄟˋ
購問,1,ㄍㄡˋ ㄨㄣˋ
購求,1,ㄍㄡˋ ㄑㄧㄡˊ
購票,1,ㄍㄡˋ ㄆㄧㄠˋ
賽區,1,ㄙㄞˋ ㄑㄩ
賽願,1,ㄙㄞˋ ㄩㄢˋ
贅子,1,ㄓㄨㄟˋ ㄗˇ
贅旒,1,ㄓㄨㄟˋ ㄌㄧㄡˊ
贅聚,1,ㄓㄨㄟˋ ㄐㄩˋ
贈嫁,1,ㄗㄥˋ ㄐㄧㄚˋ
贈策,1,ㄗㄥˋ ㄘㄜˋ
贈詩,1,ㄗㄥˋ ㄕ
贈賻,1,ㄗㄥˋ ㄈㄨˋ
贈遺,1,ㄗㄥˋ ㄨㄟˋ
贊善,1,ㄗㄢˋ ㄕㄢˋ
贊拜,1,ㄗㄢˋ ㄅㄞˋ
贊普,1,ㄗㄢˋ ㄆㄨˇ
贊理,1,ㄗㄢˋ ㄌㄧˇ
贊翼,1,ㄗㄢˋ ㄧˋ
贍辭,1,ㄕㄢˋ ㄘˊ
贏勾,1,ㄧㄥˊ ㄍㄡ
贏手,1,ㄧㄥˊ ㄕㄡˇ
贏糧,1,ㄧㄥˊ ㄌㄧㄤˊ
贏縮,1,ㄧㄥˊ ㄙㄨˋ
贏餘,1,ㄧㄥˊ ㄩˊ
贐儀,1,ㄐㄧㄣˋ ㄧˊ
贐禮,1,ㄐㄧㄣˋ ㄌㄧˇ
贐行,1,ㄐㄧㄣˋ ㄒㄧㄥˊ
贓仗,1,ㄗㄤ ㄓㄤˋ
贓埋,1,ㄗㄤ ㄇㄞˊ
贓汙,1,ㄗㄤ ㄨ
贓誣,1,ㄗㄤ ㄨˊ
贓證,1,ㄗㄤ ㄓㄥˋ
贓銀,1,ㄗㄤ ㄧㄣˊ
贔屭,1,ㄅㄧˋ ㄒㄧˋ
贔風,1,ㄅㄧˋ ㄈㄥ
贖典,1,ㄕㄨˊ ㄉㄧㄢˇ
贖刑,1,ㄕㄨˊ ㄒㄧㄥˊ
贖當,1,ㄕㄨˊ ㄉㄤˋ
贖藥,1,ㄕㄨˊ ㄧㄠˋ
贗幣,1,ㄧㄢˋ ㄅㄧˋ
贗鼎,1,ㄧㄢˋ ㄉㄧㄥˇ
贛劇,1,ㄍㄢˋ ㄐㄩˋ
贛縣,1,ㄍㄢˋ ㄒㄧㄢˋ
贛語,1,ㄍㄢˋ ㄩˇ
赤仄,1,ㄔˋ ㄗㄜˋ
赤兔,1,ㄔˋ ㄊㄨˋ
赤卒,1,ㄔˋ ㄗㄨˊ
赤塔,1,ㄔˋ ㄊㄚˇ
赤墀,1,ㄔˋ ㄔˊ
赤尻,1,ㄔˋ ㄎㄠ
赤帝,1,ㄔˋ ㄉㄧˋ
赤幘,1,ㄔˋ ㄗㄜˊ
赤族,1,ㄔˋ ㄗㄨˊ
赤棒,1,ㄔˋ ㄅㄤˋ
赤狐,1,ㄔˋ ㄏㄨˊ
赤瑕,1,ㄔˋ ㄒㄧㄚˊ
赤磷,1,ㄔˋ ㄌㄧㄣˊ
赤立,1,ㄔˋ ㄌㄧˋ
赤箭,1,ㄔˋ ㄐㄧㄢˋ
赤米,1,ㄔˋ ㄇㄧˇ
赤經,1,ㄔˋ ㄐㄧㄥ
赤緯,1,ㄔˋ ㄨㄟˇ
赤縣,1,ㄔˋ ㄒㄧㄢˋ
赤老,1,ㄔˋ ㄌㄠˇ
赤背,1,ㄔˋ ㄅㄟˋ
赤蛙,1,ㄔˋ ㄨㄚ
赤衣,1,ㄔˋ ㄧ
赤豆,1,ㄔˋ ㄉㄡˋ
赤銜,1,ㄔˋ ㄒㄧㄢˊ
赤雅,1,ㄔˋ ㄧㄚˇ
赤電,1,ㄔˋ ㄉㄧㄢˋ
赤露,1,ㄔˋ ㄌㄨˋ
赤體,1,ㄔˋ ㄊㄧˇ
赦文,1,ㄕㄜˋ ㄨㄣˊ
赦書,1,ㄕㄜˋ ㄕㄨ
赧色,1,ㄋㄢˇ ㄙㄜˋ
赫吒,1,ㄏㄜˋ ㄓㄚˋ
赫奕,1,ㄏㄜˋ ㄧˋ
赫德,1,ㄏㄜˋ ㄉㄜˊ
赫戲,1,ㄏㄜˋ ㄒㄧˋ
赫羲,1,ㄏㄜˋ ㄒㄧ
赫蹄,1,ㄏㄜˋ ㄊㄧˊ
赬尾,1,ㄔㄥ ㄨㄟˇ
赭土,1,ㄓㄜˇ ㄊㄨˇ
赭紅,1,ㄓㄜˇ ㄏㄨㄥˊ
赭衣,1,ㄓㄜˇ ㄧ
赭面,1,ㄓㄜˇ ㄇㄧㄢˋ
赭黃,1,ㄓㄜˇ ㄏㄨㄤˊ
走位,1,ㄗㄡˇ ㄨㄟˋ
走作,1,ㄗㄡˇ ㄗㄨㄛˋ
走俏,1,ㄗㄡˇ ㄑㄧㄠˋ
走口,1,ㄗㄡˇ ㄎㄡˇ
走局,1,ㄗㄡˇ ㄐㄩˊ
走扇,1,ㄗㄡˇ ㄕㄢˋ
走方,1,ㄗㄡˇ ㄈㄤ
走春,1,ㄗㄡˇ ㄔㄨㄣ
走板,1,ㄗㄡˇ ㄅㄢˇ
走水,1,ㄗㄡˇ ㄕㄨㄟˇ
走水,1,ㄗㄡˇ ㄕㄨㄟ˙
走油,1,ㄗㄡˇ ㄧㄡˊ
走眼,1,ㄗㄡˇ ㄧㄢˇ
走票,1,ㄗㄡˇ ㄆㄧㄠˋ
走空,1,ㄗㄡˇ ㄎㄨㄥ
走紅,1,ㄗㄡˇ ㄏㄨㄥˊ
走脫,1,ㄗㄡˇ ㄊㄨㄛ
走舸,1,ㄗㄡˇ ㄍㄜˇ
走色,1,ㄗㄡˇ ㄙㄜˋ
走莖,1,ㄗㄡˇ ㄐㄧㄥ
走親,1,ㄗㄡˇ ㄑㄧㄣ
走話,1,ㄗㄡˇ ㄏㄨㄚˋ
走走,1,ㄗㄡˇ ㄗㄡ˙
走跳,1,ㄗㄡˇ ㄊㄧㄠˋ
走透,1,ㄗㄡˇ ㄊㄡˋ
走鏢,1,ㄗㄡˇ ㄅㄧㄠ
走音,1,ㄗㄡˇ ㄧㄣ
赴國,1,ㄈㄨˋ ㄍㄨㄛˊ
赴席,1,ㄈㄨˋ ㄒㄧˊ
赴急,1,ㄈㄨˋ ㄐㄧˊ
赴愬,1,ㄈㄨˋ ㄙㄨˋ
赴曲,1,ㄈㄨˋ ㄑㄩˇ
赴水,1,ㄈㄨˋ ㄕㄨㄟˇ
赴節,1,ㄈㄨˋ ㄐㄧㄝˊ
赴蹈,1,ㄈㄨˋ ㄉㄠˋ
赴選,1,ㄈㄨˋ ㄒㄩㄢˇ
赴險,1,ㄈㄨˋ ㄒㄧㄢˇ
赴齋,1,ㄈㄨˋ ㄓㄞ
起住,1,ㄑㄧˇ ㄓㄨˋ
起倒,1,ㄑㄧˇ ㄉㄠˇ
起原,1,ㄑㄧˇ ㄩㄢˊ
起句,1,ㄑㄧˇ ㄐㄩˋ
起圈,1,ㄑㄧˇ ㄐㄩㄢˋ
起土,1,ㄑㄧˇ ㄊㄨˇ
起坡,1,ㄑㄧˇ ㄆㄛ
起夜,1,ㄑㄧˇ ㄧㄝˋ
起夫,1,ㄑㄧˇ ㄈㄨ
起奪,1,ㄑㄧˇ ㄉㄨㄛˊ
起岸,1,ㄑㄧˇ ㄢˋ
起席,1,ㄑㄧˇ ㄒㄧˊ
起急,1,ㄑㄧˇ ㄐㄧˊ
起打,1,ㄑㄧˇ ㄉㄚˇ
起撥,1,ㄑㄧˇ ㄅㄛ
起敬,1,ㄑㄧˇ ㄐㄧㄥˋ
起數,1,ㄑㄧˇ ㄕㄨˋ
起旱,1,ㄑㄧˇ ㄏㄢˋ
起服,1,ㄑㄧˇ ㄈㄨˊ
起末,1,ㄑㄧˇ ㄇㄛˋ
起槓,1,ㄑㄧˇ ㄍㄤˋ
起烘,1,ㄑㄧˇ ㄏㄨㄥ
起煩,1,ㄑㄧˇ ㄈㄢˊ
起獲,1,ㄑㄧˇ ㄏㄨㄛˋ
起病,1,ㄑㄧˇ ㄅㄧㄥˋ
起磨,1,ㄑㄧˇ ㄇㄛˊ
起粟,1,ㄑㄧˇ ㄙㄨˋ
起翅,1,ㄑㄧˇ ㄔˋ
起臥,1,ㄑㄧˇ ㄨㄛˋ
起興,1,ㄑㄧˇ ㄒㄧㄥˋ
起解,1,ㄑㄧˇ ㄐㄧㄝˋ
起課,1,ㄑㄧˇ ㄎㄜˋ
起講,1,ㄑㄧˇ ㄐㄧㄤˇ
起軍,1,ㄑㄧˇ ㄐㄩㄣ
起轎,1,ㄑㄧˇ ㄐㄧㄠˋ
起開,1,ㄑㄧˇ ㄎㄞ˙
起雷,1,ㄑㄧˇ ㄌㄟˊ
起靈,1,ㄑㄧˇ ㄌㄧㄥˊ
起馬,1,ㄑㄧˇ ㄇㄚˇ
赸過,1,ㄕㄢˋ ㄍㄨㄛˋ
趁口,1,ㄔㄣˋ ㄎㄡˇ
趁哄,1,ㄔㄣˋ ㄏㄨㄥ
趁墟,1,ㄔㄣˋ ㄒㄩ
趁工,1,ㄔㄣˋ ㄍㄨㄥ
趁常,1,ㄔㄣˋ ㄔㄤˊ
趁手,1,ㄔㄣˋ ㄕㄡˇ
趁熟,1,ㄔㄣˋ ㄕㄡˊ
趁船,1,ㄔㄣˋ ㄔㄨㄢˊ
趁逐,1,ㄔㄣˋ ㄓㄨˊ
趁錢,1,ㄔㄣˋ ㄑㄧㄢˊ
趁韻,1,ㄔㄣˋ ㄩㄣˋ
趁頭,1,ㄔㄣˋ ㄊㄡˊ
趁食,1,ㄔㄣˋ ㄕˊ
趁黑,1,ㄔㄣˋ ㄏㄟ
趄趄,1,ㄐㄩ ㄐㄩ
超乘,1,ㄔㄠ ㄔㄥˊ
超伍,1,ㄔㄠ ㄨˇ
超儲,1,ㄔㄠ ㄔㄨˊ
超子,1,ㄔㄠ ㄗˇ
超忽,1,ㄔㄠ ㄏㄨ
超智,1,ㄔㄠ ㄓˋ
超格,1,ㄔㄠ ㄍㄜˊ
超渡,1,ㄔㄠ ㄉㄨˋ
超烘,1,ㄔㄠ ㄏㄨㄥ
超編,1,ㄔㄠ ㄅㄧㄢ
超虧,1,ㄔㄠ ㄎㄨㄟ
超詣,1,ㄔㄠ ㄧˋ
超貸,1,ㄔㄠ ㄉㄞˋ
超距,1,ㄔㄠ ㄐㄩˋ
超辰,1,ㄔㄠ ㄔㄣˊ
超遙,1,ㄔㄠ ㄧㄠˊ
超遷,1,ㄔㄠ ㄑㄧㄢ
越女,1,ㄩㄝˋ ㄋㄩˇ
越子,1,ㄩㄝˋ ㄗˇ
越席,1,ㄩㄝˋ ㄒㄧˊ
越日,1,ㄩㄝˋ ㄖˋ
越樣,1,ㄩㄝˋ ㄧㄤˋ
越橘,1,ㄩㄝˋ ㄐㄩˊ
越瓜,1,ㄩㄝˋ ㄍㄨㄚ
越窯,1,ㄩㄝˋ ㄧㄠˊ
越若,1,ㄩㄝˋ ㄖㄨㄛˋ
越調,1,ㄩㄝˋ ㄉㄧㄠˋ
越越,1,ㄩㄝˋ ㄩㄝˋ
越鳥,1,ㄩㄝˋ ㄋㄧㄠˇ
趑趄,1,ㄗ ㄐㄩ
趓趓,1,ㄉㄨㄛˇ ㄉㄨㄛˇ
趔趄,1,ㄌㄧㄝˋ ㄐㄩ
趕上,1,ㄍㄢˇ ㄕㄤ˙
趕到,1,ㄍㄢˇ ㄉㄠ˙
趕即,1,ㄍㄢˇ ㄐㄧˊ
趕嘴,1,ㄍㄢˇ ㄗㄨㄟˇ
趕墟,1,ㄍㄢˇ ㄒㄩ
趕巧,1,ㄍㄢˇ ㄑㄧㄠˇ
趕市,1,ㄍㄢˇ ㄕˋ
趕年,1,ㄍㄢˇ ㄋㄧㄢˊ
趕急,1,ㄍㄢˇ ㄐㄧˊ
趕情,1,ㄍㄢˇ ㄑㄧㄥ˙
趕散,1,ㄍㄢˇ ㄙㄢˋ
趕晚,1,ㄍㄢˇ ㄨㄢˇ
趕會,1,ㄍㄢˇ ㄏㄨㄟˋ
趕檔,1,ㄍㄢˇ ㄉㄤˇ
趕汗,1,ㄍㄢˇ ㄏㄢˋ
趕熱,1,ㄍㄢˇ ㄖㄜˋ
趕碌,1,ㄍㄢˇ ㄌㄨ˙
趕網,1,ㄍㄢˇ ㄨㄤˇ
趕羅,1,ㄍㄢˇ ㄌㄨㄛˊ
趕腳,1,ㄍㄢˇ ㄐㄧㄠˇ
趕趁,1,ㄍㄢˇ ㄔㄣˋ
趕逐,1,ㄍㄢˇ ㄓㄨˊ
趕門,1,ㄍㄢˇ ㄇㄣˊ
趙佶,1,ㄓㄠˋ ㄐㄧˊ
趙壹,1,ㄓㄠˋ ㄧ
趙宋,1,ㄓㄠˋ ㄙㄨㄥˋ
趙旺,1,ㄓㄠˋ ㄨㄤˋ
趙曄,1,ㄓㄠˋ ㄧㄝˋ
趙武,1,ㄓㄠˋ ㄨˇ
趙翼,1,ㄓㄠˋ ㄧˋ
趙衰,1,ㄓㄠˋ ㄘㄨㄟ
趙雲,1,ㄓㄠˋ ㄩㄣˊ
趙體,1,ㄓㄠˋ ㄊㄧˇ
趙高,1,ㄓㄠˋ ㄍㄠ
趟馬,1,ㄊㄤˋ ㄇㄚˇ
趨奉,1,ㄑㄩ ㄈㄥˋ
趨庭,1,ㄑㄩ ㄊㄧㄥˊ
趨承,1,ㄑㄩ ㄔㄥˊ
趨時,1,ㄑㄩ ㄕˊ
趨步,1,ㄑㄩ ㄅㄨˋ
趨競,1,ㄑㄩ ㄐㄧㄥˋ
趨舍,1,ㄑㄩ ㄕㄜˇ
趨走,1,ㄑㄩ ㄗㄡˇ
趨赴,1,ㄑㄩ ㄈㄨˋ
趨趨,1,ㄑㄩ ㄑㄩ
趨蹌,1,ㄑㄩ ㄑㄧㄤ
趨避,1,ㄑㄩ ㄅㄧˋ
趫悍,1,ㄑㄧㄠˊ ㄏㄢˋ
趫才,1,ㄑㄧㄠˊ ㄘㄞˊ
趫捷,1,ㄑㄧㄠˊ ㄐㄧㄝˊ
趫踔,1,ㄑㄧㄠˊ ㄓㄨㄛˊ
趯趯,1,ㄊㄧˋ ㄊㄧˋ
足數,1,ㄗㄨˊ ㄕㄨˋ
足癬,1,ㄗㄨˊ ㄒㄧㄢˇ
足銀,1,ㄗㄨˊ ㄧㄣˊ
趴下,1,ㄆㄚ ㄒㄧㄚ˙
趵趵,1,ㄅㄛ ㄅㄛ
趹踶,1,ㄐㄩㄝˊ ㄉㄧˋ
趺鉞,1,ㄈㄨ ㄩㄝˋ
趼子,1,ㄐㄧㄢˇ ㄗ˙
趾紋,1,ㄓˇ ㄨㄣˊ
趿拉,1,ㄊㄚ ㄌㄚ˙
跂坐,1,ㄑㄧˋ ㄗㄨㄛˋ
跂望,1,ㄑㄧˋ ㄨㄤˋ
跂訾,1,ㄑㄧˋ ㄗˇ
跂跂,1,ㄑㄧˊ ㄑㄧˊ
跂蹻,1,ㄑㄧˊ ㄐㄩㄝˊ
跅弛,1,ㄊㄨㄛˋ ㄕˇ
跆籍,1,ㄊㄞˊ ㄐㄧˊ
跋嘴,1,ㄅㄚˊ ㄗㄨㄟˇ
跋履,1,ㄅㄚˊ ㄌㄩˇ
跋語,1,ㄅㄚˊ ㄩˇ
跌交,1,ㄉㄧㄝˊ ㄐㄧㄠ
跌扑,1,ㄉㄧㄝˊ ㄆㄨ
跌打,1,ㄉㄧㄝˊ ㄉㄚˇ
跌磕,1,ㄉㄧㄝˊ ㄎㄜ
跌窨,1,ㄉㄧㄝˊ ㄧㄣˋ
跌腳,1,ㄉㄧㄝˊ ㄐㄧㄠˇ
跎縴,1,ㄊㄨㄛˊ ㄑㄧㄢˋ
跏趺,1,ㄐㄧㄚ ㄈㄨ
跑反,1,ㄆㄠˇ ㄈㄢˇ
跑合,1,ㄆㄠˇ ㄏㄜˊ
跑樓,1,ㄆㄠˇ ㄌㄡˊ
跑海,1,ㄆㄠˇ ㄏㄞˇ
跑票,1,ㄆㄠˇ ㄆㄧㄠˋ
跑肚,1,ㄆㄠˇ ㄉㄨˋ
跑船,1,ㄆㄠˇ ㄔㄨㄢˊ
跑街,1,ㄆㄠˊ ㄐㄧㄝ
跑表,1,ㄆㄠˇ ㄅㄧㄠˇ
跑蹄,1,ㄆㄠˊ ㄊㄧˊ
跑轍,1,ㄆㄠˇ ㄓㄜˊ
跑電,1,ㄆㄠˇ ㄉㄧㄢˋ
跕班,1,ㄊㄧㄝ ㄅㄢ
跕跕,1,ㄉㄧㄝˊ ㄉㄧㄝˊ
跖蹻,1,ㄓˊ ㄐㄧㄠˇ
跗注,1,ㄈㄨ ㄓㄨˋ
跗蹋,1,ㄈㄨ ㄊㄚˋ
跗蹠,1,ㄈㄨ ㄓˊ
跗面,1,ㄈㄨ ㄇㄧㄢˋ
跗骨,1,ㄈㄨ ㄍㄨˇ
跛倚,1,ㄅㄧˋ ㄧˇ
跛蹇,1,ㄅㄛˇ ㄐㄧㄢˇ
跛蹶,1,ㄅㄛˇ ㄐㄩㄝˊ
跛躓,1,ㄅㄛˇ ㄓˋ
距塞,1,ㄐㄩˋ ㄙㄜˋ
距躍,1,ㄐㄩˋ ㄩㄝˋ
距闉,1,ㄐㄩˋ ㄧㄣ
跟包,1,ㄍㄣ ㄅㄠ
跟婆,1,ㄍㄣ ㄆㄛˊ
跟子,1,ㄍㄣ ㄗˇ
跟官,1,ㄍㄣ ㄍㄨㄢ
跟從,1,ㄍㄣ ㄘㄨㄥˊ
跟手,1,ㄍㄣ ㄕㄡˇ
跟捕,1,ㄍㄣ ㄅㄨˇ
跟會,1,ㄍㄣ ㄏㄨㄟˋ
跟車,1,ㄍㄣ ㄔㄜ
跟頭,1,ㄍㄣ ㄊㄡ˙
跡捕,1,ㄐㄧ ㄅㄨˇ
跣子,1,ㄒㄧㄢˇ ㄗ˙
跣足,1,ㄒㄧㄢˇ ㄗㄨˊ
跦跦,1,ㄓㄨ ㄓㄨ
跧伏,1,ㄑㄩㄢˊ ㄈㄨˊ
跨刀,1,ㄎㄨㄚˋ ㄉㄠ
跨灶,1,ㄎㄨㄚˋ ㄗㄠˋ
跨頁,1,ㄎㄨㄚˋ ㄧㄝˋ
跨鶴,1,ㄎㄨㄚˋ ㄏㄜˋ
跨鼓,1,ㄎㄨㄚˋ ㄍㄨˇ
跪乳,1,ㄍㄨㄟˋ ㄖㄨˇ
跪伏,1,ㄍㄨㄟˋ ㄈㄨˊ
跪坐,1,ㄍㄨㄟˋ ㄗㄨㄛˋ
跪墊,1,ㄍㄨㄟˋ ㄉㄧㄢˋ
跪池,1,ㄍㄨㄟˋ ㄔˊ
跪爬,1,ㄍㄨㄟˋ ㄆㄚˊ
跪門,1,ㄍㄨㄟˋ ㄇㄣˊ
跫然,1,ㄑㄩㄥˊ ㄖㄢˊ
跫跫,1,ㄑㄩㄥˊ ㄑㄩㄥˊ
跬步,1,ㄎㄨㄟˇ ㄅㄨˋ
跬譽,1,ㄎㄨㄟˇ ㄩˋ
路中,1,ㄌㄨˋ ㄓㄨㄥ
路劫,1,ㄌㄨˋ ㄐㄧㄝˊ
路史,1,ㄌㄨˋ ㄕˇ
路奠,1,ㄌㄨˋ ㄉㄧㄢˋ
路岐,1,ㄌㄨˋ ㄑㄧˊ
路引,1,ㄌㄨˋ ㄧㄣˇ
路政,1,ㄌㄨˋ ㄓㄥˋ
路斃,1,ㄌㄨˋ ㄅㄧˋ
路樹,1,ㄌㄨˋ ㄕㄨˋ
路檢,1,ㄌㄨˋ ㄐㄧㄢˇ
路次,1,ㄌㄨˋ ㄘˋ
路考,1,ㄌㄨˋ ㄎㄠˇ
路衢,1,ㄌㄨˋ ㄑㄩˊ
路角,1,ㄌㄨˋ ㄐㄧㄠˇ
路試,1,ㄌㄨˋ ㄕˋ
路誌,1,ㄌㄨˋ ㄓˋ
路跑,1,ㄌㄨˋ ㄆㄠˇ
路道,1,ㄌㄨˋ ㄉㄠˋ
路遠,1,ㄌㄨˋ ㄩㄢˇ
路隅,1,ㄌㄨˋ ㄩˊ
路霸,1,ㄌㄨˋ ㄅㄚˋ
跳丸,1,ㄊㄧㄠˋ ㄨㄢˊ
跳劍,1,ㄊㄧㄠˋ ㄐㄧㄢˋ
跳彈,1,ㄊㄧㄠˋ ㄉㄢˋ
跳投,1,ㄊㄧㄠˋ ㄊㄡˊ
跳接,1,ㄊㄧㄠˋ ㄐㄧㄝ
跳月,1,ㄊㄧㄠˋ ㄩㄝˋ
跳梁,1,ㄊㄧㄠˋ ㄌㄧㄤˊ
跳橋,1,ㄊㄧㄠˋ ㄑㄧㄠˊ
跳神,1,ㄊㄧㄠˋ ㄕㄣˊ
跳空,1,ㄊㄧㄠˋ ㄎㄨㄥ
跳竄,1,ㄊㄧㄠˋ ㄘㄨㄢˋ
跳索,1,ㄊㄧㄠˋ ㄙㄨㄛˇ
跳臺,1,ㄊㄧㄠˋ ㄊㄞˊ
跳豆,1,ㄊㄧㄠˋ ㄉㄡˋ
跳踉,1,ㄊㄧㄠˋ ㄌㄧㄤˊ
跳蹋,1,ㄊㄧㄠˋ ㄊㄚˋ
跳蹬,1,ㄊㄧㄠˋ ㄉㄥˋ
跳躑,1,ㄊㄧㄠˋ ㄓˊ
跳間,1,ㄊㄧㄠˋ ㄐㄧㄢ
跳風,1,ㄊㄧㄠˋ ㄈㄥ
跳鼠,1,ㄊㄧㄠˋ ㄕㄨˇ
跴緝,1,ㄘㄞˇ ㄑㄧˋ
跴訪,1,ㄘㄞˇ ㄈㄤˇ
跴蹻,1,ㄘㄞˇ ㄑㄧㄠ
跺足,1,ㄉㄨㄛˋ ㄗㄨˊ
跼蹐,1,ㄐㄩˊ ㄐㄧˊ
踅回,1,ㄒㄩㄝˊ ㄏㄨㄟˊ
踅子,1,ㄒㄩㄝˊ ㄗ˙
踅探,1,ㄒㄩㄝˊ ㄊㄢˋ
踅摸,1,ㄒㄩㄝˊ ㄇㄛ˙
踅轉,1,ㄒㄩㄝˊ ㄓㄨㄢˇ
踆踆,1,ㄑㄩㄣ ㄑㄩㄣ
踉蹡,1,ㄌㄧㄤˋ ㄑㄧㄤˋ
踏勘,1,ㄊㄚˋ ㄎㄢ
踏地,1,ㄊㄚˋ ㄉㄧˋ
踏場,1,ㄊㄚˋ ㄔㄤˊ
踏平,1,ㄊㄚˋ ㄆㄧㄥˊ
踏床,1,ㄊㄚˋ ㄔㄨㄤˊ
踏弩,1,ㄊㄚˋ ㄋㄨˇ
踏歌,1,ㄊㄚˋ ㄍㄜ
踏看,1,ㄊㄚˋ ㄎㄢˋ
踏碓,1,ㄊㄚˋ ㄉㄨㄟˋ
踏繩,1,ㄊㄚˋ ㄕㄥˊ
踏肩,1,ㄊㄚˋ ㄐㄧㄢ
踏踐,1,ㄊㄚˋ ㄐㄧㄢˋ
踏蹺,1,ㄊㄚˋ ㄑㄧㄠ
踏車,1,ㄊㄚˋ ㄔㄜ
踏逐,1,ㄊㄚˋ ㄓㄨˊ
踏鈸,1,ㄊㄚˋ ㄅㄚˊ
踐冰,1,ㄐㄧㄢˋ ㄅㄧㄥ
踐極,1,ㄐㄧㄢˋ ㄐㄧˊ
踐石,1,ㄐㄧㄢˋ ㄕˊ
踐祚,1,ㄐㄧㄢˋ ㄗㄨㄛˋ
踐言,1,ㄐㄧㄢˋ ㄧㄢˊ
踔絕,1,ㄓㄨㄛˊ ㄐㄩㄝˊ
踖踖,1,ㄐㄧˊ ㄐㄧˊ
踞坐,1,ㄐㄩˋ ㄗㄨㄛˋ
踞肆,1,ㄐㄩˋ ㄙˋ
踟躅,1,ㄔˊ ㄓㄨˊ
踢圓,1,ㄊㄧ ㄩㄢˊ
踢弄,1,ㄊㄧ ㄋㄨㄥˋ
踢毬,1,ㄊㄧ ㄑㄧㄡˊ
踢脫,1,ㄊㄧ ㄊㄨㄛ
踢腿,1,ㄊㄧ ㄊㄨㄟˇ
踢豎,1,ㄊㄧ ㄕㄨˋ
踢蹬,1,ㄊㄧ ㄉㄥ˙
踢躂,1,ㄊㄧ ㄊㄚˋ
踢達,1,ㄊㄧ ㄉㄚˊ
踢鞠,1,ㄊㄧ ㄐㄩˊ
踢騰,1,ㄊㄧ ㄊㄥˊ
踣斃,1,ㄅㄛˊ ㄅㄧˋ
踣頓,1,ㄅㄛˊ ㄉㄨㄣˋ
踥踥,1,ㄑㄧㄝˋ ㄑㄧㄝˋ
踥蹀,1,ㄑㄧㄝˋ ㄉㄧㄝˊ
踧踖,1,ㄘㄨˋ ㄐㄧˊ
踧踧,1,ㄘㄨˋ ㄘㄨˋ
踩水,1,ㄘㄞˇ ㄕㄨㄟˇ
踰侈,1,ㄩˊ ㄔˇ
踰垣,1,ㄩˊ ㄩㄢˊ
踰封,1,ㄩˊ ㄈㄥ
踰牆,1,ㄩˊ ㄑㄧㄤˊ
踰等,1,ㄩˊ ㄉㄥˇ
踰言,1,ㄩˊ ㄧㄢˊ
踰閑,1,ㄩˊ ㄒㄧㄢˊ
踱拉,1,ㄉㄨㄛˋ ㄌㄚ
踳落,1,ㄔㄨㄣˇ ㄌㄨㄛˋ
踳駁,1,ㄔㄨㄣˇ ㄅㄛˊ
踴貴,1,ㄩㄥˇ ㄍㄨㄟˋ
踵武,1,ㄓㄨㄥˇ ㄨˇ
踵繼,1,ㄓㄨㄥˇ ㄐㄧˋ
踵謝,1,ㄓㄨㄥˇ ㄒㄧㄝˋ
踵踵,1,ㄓㄨㄥˇ ㄓㄨㄥˇ
踵門,1,ㄓㄨㄥˇ ㄇㄣˊ
踶跂,1,ㄓˋ ㄑㄧˊ
踸踔,1,ㄔㄣˇ ㄓㄨㄛˊ
踹落,1,ㄔㄨㄞˋ ㄌㄨㄛˋ
踹蹋,1,ㄔㄨㄞˋ ㄊㄚˋ
踽僂,1,ㄐㄩˇ ㄌㄡˊ
踽踽,1,ㄐㄩˇ ㄐㄩˇ
蹀血,1,ㄉㄧㄝˊ ㄒㄩㄝˋ
蹀足,1,ㄉㄧㄝˊ ㄗㄨˊ
蹀踱,1,ㄉㄧㄝˊ ㄉㄨㄛˋ
蹁躚,1,ㄆㄧㄢˊ ㄒㄧㄢ
蹄筋,1,ㄊㄧˊ ㄐㄧㄣ
蹄筌,1,ㄊㄧˊ ㄑㄩㄢˊ
蹄聲,1,ㄊㄧˊ ㄕㄥ
蹄花,1,ㄊㄧˊ ㄏㄨㄚ
蹅踏,1,ㄔㄚˇ ㄊㄚˋ
蹅雨,1,ㄔㄚˇ ㄩˇ
蹇促,1,ㄐㄧㄢˇ ㄘㄨˋ
蹇修,1,ㄐㄧㄢˇ ㄒㄧㄡ
蹇傴,1,ㄐㄧㄢˇ ㄩˇ
蹇兔,1,ㄐㄧㄢˇ ㄊㄨˋ
蹇剝,1,ㄐㄧㄢˇ ㄅㄛ
蹇吃,1,ㄐㄧㄢˇ ㄐㄧˊ
蹇澀,1,ㄐㄧㄢˇ ㄙㄜˋ
蹇產,1,ㄐㄧㄢˇ ㄔㄢˇ
蹇緩,1,ㄐㄧㄢˇ ㄏㄨㄢˇ
蹇落,1,ㄐㄧㄢˇ ㄌㄨㄛˋ
蹇蹇,1,ㄐㄧㄢˇ ㄐㄧㄢˇ
蹇連,1,ㄐㄧㄢˇ ㄌㄧㄢˊ
蹇運,1,ㄐㄧㄢˇ ㄩㄣˋ
蹇驢,1,ㄐㄧㄢˇ ㄌㄩˊ
蹈歌,1,ㄉㄠˋ ㄍㄜ
蹈義,1,ㄉㄠˋ ㄧˋ
蹈舞,1,ㄉㄠˋ ㄨˇ
蹈行,1,ㄉㄠˋ ㄒㄧㄥˊ
蹈襲,1,ㄉㄠˋ ㄒㄧˊ
蹈道,1,ㄉㄠˋ ㄉㄠˋ
蹈隙,1,ㄉㄠˋ ㄒㄧˋ
蹉對,1,ㄘㄨㄛ ㄉㄨㄟˋ
蹉跌,1,ㄘㄨㄛ ㄉㄧㄝˊ
蹊要,1,ㄒㄧ ㄧㄠˋ
蹋腳,1,ㄊㄚˋ ㄐㄧㄠˇ
蹋鞠,1,ㄊㄚˋ ㄐㄩˊ
蹌捍,1,ㄑㄧㄤ ㄏㄢˋ
蹌踉,1,ㄑㄧㄤˋ ㄌㄧㄤˋ
蹌蹌,1,ㄑㄧㄤ ㄑㄧㄤ
蹌蹌,1,ㄑㄧㄤˋ ㄑㄧㄤˋ
蹓躂,1,ㄌㄧㄡˋ ㄉㄚ˙
蹕路,1,ㄅㄧˋ ㄌㄨˋ
蹙然,1,ㄘㄨˋ ㄖㄢˊ
蹙竦,1,ㄘㄨˋ ㄙㄨㄥˇ
蹙踖,1,ㄘㄨˋ ㄐㄧˊ
蹙蹐,1,ㄘㄨˋ ㄐㄧˊ
蹙迫,1,ㄘㄨˋ ㄆㄛˋ
蹙金,1,ㄘㄨˋ ㄐㄧㄣ
蹙頞,1,ㄘㄨˋ ㄜˋ
蹙額,1,ㄘㄨˋ ㄜˊ
蹚土,1,ㄊㄤ ㄊㄨˇ
蹜蹜,1,ㄙㄨˋ ㄙㄨˋ
蹝履,1,ㄒㄧˇ ㄌㄩˇ
蹞步,1,ㄎㄨㄟˇ ㄅㄨˋ
蹟蹈,1,ㄐㄧ ㄉㄠˋ
蹠足,1,ㄓˊ ㄗㄨˊ
蹡路,1,ㄑㄧㄤ ㄌㄨˋ
蹢躅,1,ㄓˊ ㄓㄨˊ
蹣跼,1,ㄆㄢˊ ㄐㄩˊ
蹤由,1,ㄗㄨㄥ ㄧㄡˊ
蹤緒,1,ㄗㄨㄥ ㄒㄩˋ
蹦子,1,ㄅㄥˋ ㄗ˙
蹦掉,1,ㄅㄥˋ ㄉㄧㄠˋ
蹦躂,1,ㄅㄥˋ ㄊㄚˋ
蹧踐,1,ㄗㄠ ㄐㄧㄢ˙
蹧蹋,1,ㄗㄠ ㄊㄚ˙
蹩氣,1,ㄅㄧㄝˊ ㄑㄧˋ
蹩躠,1,ㄅㄧㄝˊ ㄙㄚˋ
蹬脫,1,ㄉㄥˋ ㄊㄨㄛ
蹬腳,1,ㄉㄥˋ ㄐㄧㄠˇ
蹬蹬,1,ㄉㄥˋ ㄉㄥˋ
蹲俯,1,ㄉㄨㄣ ㄈㄨˇ
蹲循,1,ㄉㄨㄣ ㄒㄩㄣˊ
蹲膘,1,ㄉㄨㄣ ㄅㄧㄠ
蹲踞,1,ㄉㄨㄣ ㄐㄩˋ
蹲蹲,1,ㄉㄨㄣ ㄉㄨㄣ
蹴圓,1,ㄘㄨˋ ㄩㄢˊ
蹴然,1,ㄘㄨˋ ㄖㄢˊ
蹴踘,1,ㄘㄨˋ ㄐㄩˊ
蹴鞠,1,ㄘㄨˋ ㄐㄩˊ
蹶子,1,ㄐㄩㄝˇ ㄗ˙
蹶子,1,ㄐㄩㄝˊ ㄗ˙
蹶張,1,ㄐㄩㄝˊ ㄓㄤ
蹶然,1,ㄐㄩㄝˊ ㄖㄢˊ
蹶痿,1,ㄐㄩㄝˊ ㄨㄟˇ
蹶角,1,ㄐㄩㄝˊ ㄐㄩㄝˊ
蹶踶,1,ㄐㄩㄝˊ ㄉㄧˋ
蹶蹶,1,ㄐㄩㄝˊ ㄐㄩㄝˊ
蹺家,1,ㄑㄧㄠ ㄐㄧㄚ
蹺敧,1,ㄑㄧㄠ ㄑㄧ
蹻工,1,ㄑㄧㄠ ㄍㄨㄥ
蹻捷,1,ㄐㄧㄠˇ ㄐㄧㄝˊ
蹻足,1,ㄑㄧㄠ ㄗㄨˊ
蹻跖,1,ㄐㄧㄠˇ ㄓˊ
蹻蹻,1,ㄐㄧㄠˇ ㄐㄧㄠˇ
蹼辣,1,ㄆㄨˊ ㄌㄚˋ
躁佻,1,ㄗㄠˋ ㄊㄧㄠ
躁動,1,ㄗㄠˋ ㄉㄨㄥˋ
躁暴,1,ㄗㄠˋ ㄅㄠˋ
躁殺,1,ㄗㄠˋ ㄕㄚ
躁熱,1,ㄗㄠˋ ㄖㄜˋ
躁競,1,ㄗㄠˋ ㄐㄧㄥˋ
躄出,1,ㄅㄧˋ ㄔㄨ
躄疾,1,ㄅㄧˋ ㄐㄧˊ
躄踊,1,ㄅㄧˋ ㄩㄥˇ
躇階,1,ㄔㄨˊ ㄐㄧㄝ
躉兒,1,ㄉㄨㄣˇ ㄦˊ
躉當,1,ㄉㄨㄣˇ ㄉㄤˋ
躉船,1,ㄉㄨㄣˇ ㄔㄨㄢˊ
躉賣,1,ㄉㄨㄣˇ ㄇㄞˋ
躊佇,1,ㄔㄡˊ ㄓㄨˋ
躊躕,1,ㄔㄡˊ ㄔㄨˊ
躍變,1,ㄩㄝˋ ㄅㄧㄢˋ
躍躍,1,ㄩㄝˋ ㄩㄝˋ
躐席,1,ㄌㄧㄝˋ ㄒㄧˊ
躐等,1,ㄌㄧㄝˋ ㄉㄥˇ
躐胡,1,ㄌㄧㄝˋ ㄏㄨˊ
躒躁,1,ㄌㄧˋ ㄗㄠˋ
躓踣,1,ㄓˋ ㄅㄛˊ
躕躇,1,ㄔㄨˊ ㄔㄨˊ
躚躚,1,ㄒㄧㄢ ㄒㄧㄢ
躞蹀,1,ㄒㄧㄝˋ ㄉㄧㄝˊ
躡景,1,ㄋㄧㄝˋ ㄧㄥˇ
躡蹤,1,ㄋㄧㄝˋ ㄗㄨㄥ
躥稀,1,ㄘㄨㄢ ㄒㄧ
躧履,1,ㄒㄧˇ ㄌㄩˇ
躧平,1,ㄒㄧˇ ㄆㄧㄥˊ
躧拿,1,ㄒㄧˇ ㄋㄚˊ
躧步,1,ㄒㄧˇ ㄅㄨˋ
躧盤,1,ㄒㄧˇ ㄆㄢˊ
躩步,1,ㄐㄩㄝˊ ㄅㄨˋ
躩躍,1,ㄐㄩㄝˊ ㄩㄝˋ
躪藉,1,ㄌㄧㄣˋ ㄐㄧㄝˋ
身下,1,ㄕㄣ ㄒㄧㄚˋ
身命,1,ㄕㄣ ㄇㄧㄥˋ
身己,1,ㄕㄣ ㄐㄧˇ
身毒,1,ㄐㄩㄢ ㄉㄨˊ
身起,1,ㄕㄣ ㄑㄧˇ
身量,1,ㄕㄣ ㄌㄧㄤ˙
躬圭,1,ㄍㄨㄥ ㄍㄨㄟ
躬往,1,ㄍㄨㄥ ㄨㄤˇ
躬桑,1,ㄍㄨㄥ ㄙㄤ
躬稼,1,ㄍㄨㄥ ㄐㄧㄚˋ
躬自,1,ㄍㄨㄥ ㄗˋ
躬詣,1,ㄍㄨㄥ ㄧˋ
躲煞,1,ㄉㄨㄛˇ ㄕㄚˋ
躲開,1,ㄉㄨㄛˇ ㄎㄞ˙
躺棍,1,ㄊㄤˇ ㄍㄨㄣˋ
躺船,1,ㄊㄤˇ ㄔㄨㄢˊ
軀命,1,ㄑㄩ ㄇㄧㄥˋ
軀老,1,ㄑㄩ ㄌㄠˇ
車人,1,ㄐㄩ ㄖㄣˊ
車仗,1,ㄔㄜ ㄓㄤˋ
車位,1,ㄔㄜ ㄨㄟˋ
車僮,1,ㄔㄜ ㄊㄨㄥˊ
車右,1,ㄐㄩ ㄧㄡˋ
車喝,1,ㄔㄜ ㄏㄜ˙
車圍,1,ㄔㄜ ㄨㄟˊ
車塵,1,ㄔㄜ ㄔㄣˊ
車士,1,ㄐㄩ ㄕˋ
車夫,1,ㄔㄜ ㄈㄨ˙
車客,1,ㄔㄜ ㄎㄜˋ
車宮,1,ㄔㄜ ㄍㄨㄥ
車容,1,ㄔㄜ ㄖㄨㄥˊ
車尾,1,ㄔㄜ ㄨㄟˇ
車帷,1,ㄔㄜ ㄨㄟˊ
車式,1,ㄔㄜ ㄕˋ
車徒,1,ㄔㄜ ㄊㄨˊ
車技,1,ㄔㄜ ㄐㄧˋ
車攻,1,ㄔㄜ ㄍㄨㄥ
車斗,1,ㄔㄜ ㄉㄡˇ
車書,1,ㄔㄜ ㄕㄨ
車服,1,ㄔㄜ ㄈㄨˊ
車架,1,ㄔㄜ ㄐㄧㄚˋ
車次,1,ㄔㄜ ㄘˋ
車水,1,ㄔㄜ ㄕㄨㄟˇ
車照,1,ㄔㄜ ㄓㄠˋ
車舝,1,ㄔㄜ ㄒㄧㄚˊ
車螯,1,ㄔㄜ ㄠˊ
車軌,1,ㄔㄜ ㄍㄨㄟˇ
車輔,1,ㄔㄜ ㄈㄨˇ
車輦,1,ㄔㄜ ㄋㄧㄢˇ
車輻,1,ㄔㄜ ㄈㄨˊ
車輿,1,ㄔㄜ ㄩˊ
車轂,1,ㄔㄜ ㄍㄨˇ
車轅,1,ㄔㄜ ㄩㄢˊ
車鄰,1,ㄔㄜ ㄌㄧㄣˊ
車長,1,ㄔㄜ ㄔㄤˊ
車陣,1,ㄔㄜ ㄓㄣˋ
車馬,1,ㄔㄜ ㄇㄚˇ
車駕,1,ㄐㄩ ㄐㄧㄚˋ
車騎,1,ㄐㄩ ㄐㄧˋ
軋忽,1,ㄧㄚˋ ㄏㄨ
軋染,1,ㄧㄚˋ ㄖㄢˇ
軋然,1,ㄍㄚˊ ㄖㄢˊ
軋紋,1,ㄧㄚˋ ㄨㄣˊ
軋製,1,ㄧㄚˋ ㄓˋ
軋輥,1,ㄓㄚˊ ㄍㄨㄣˇ
軋轢,1,ㄧㄚˋ ㄌㄧˋ
軋進,1,ㄍㄚˊ ㄐㄧㄣˋ
軌儀,1,ㄍㄨㄟˇ ㄧˊ
軌制,1,ㄍㄨㄟˇ ㄓˋ
軌則,1,ㄍㄨㄟˇ ㄗㄜˊ
軌度,1,ㄍㄨㄟˇ ㄉㄨˋ
軌枕,1,ㄍㄨㄟˇ ㄓㄣˇ
軌模,1,ㄍㄨㄟˇ ㄇㄛˊ
軌漏,1,ㄍㄨㄟˇ ㄌㄡˋ
軌躅,1,ㄍㄨㄟˇ ㄓㄨˊ
軌轍,1,ㄍㄨㄟˇ ㄔㄜˋ
軌量,1,ㄍㄨㄟˇ ㄌㄧㄤˋ
軌革,1,ㄍㄨㄟˇ ㄍㄜˊ
軍仗,1,ㄐㄩㄣ ㄓㄤˋ
軍品,1,ㄐㄩㄣ ㄆㄧㄣˇ
軍實,1,ㄐㄩㄣ ㄕˊ
軍帖,1,ㄐㄩㄣ ㄊㄧㄝˋ
軍徽,1,ㄐㄩㄣ ㄏㄨㄟ
軍所,1,ㄐㄩㄣ ㄙㄨㄛˇ
軍操,1,ㄐㄩㄣ ㄘㄠ
軍棋,1,ㄐㄩㄣ ㄑㄧˊ
軍爺,1,ㄐㄩㄣ ㄧㄝˊ
軍牢,1,ㄐㄩㄣ ㄌㄠˊ
軍眷,1,ㄐㄩㄣ ㄐㄩㄢˋ
軍符,1,ㄐㄩㄣ ㄈㄨˊ
軍行,1,ㄐㄩㄣ ㄒㄧㄥˊ
軍資,1,ㄐㄩㄣ ㄗ
軍銜,1,ㄐㄩㄣ ㄒㄧㄢˊ
軍門,1,ㄐㄩㄣ ㄇㄣˊ
軍頭,1,ㄐㄩㄣ ㄊㄡˊ
軍齡,1,ㄐㄩㄣ ㄌㄧㄥˊ
軒冕,1,ㄒㄩㄢ ㄇㄧㄢˇ
軒城,1,ㄒㄩㄢ ㄔㄥˊ
軒宇,1,ㄒㄩㄢ ㄩˇ
軒掖,1,ㄒㄩㄢ ㄧㄝˋ
軒檻,1,ㄒㄩㄢ ㄐㄧㄢˋ
軒渠,1,ㄒㄩㄢ ㄑㄩˊ
軒然,1,ㄒㄩㄢ ㄖㄢˊ
軒眉,1,ㄒㄩㄢ ㄇㄟˊ
軒秀,1,ㄒㄩㄢ ㄒㄧㄡˋ
軒翥,1,ㄒㄩㄢ ㄓㄨˋ
軒舉,1,ㄒㄩㄢ ㄐㄩˇ
軒裳,1,ㄒㄩㄢ ㄔㄤˊ
軒豁,1,ㄒㄩㄢ ㄏㄨㄛˋ
軒車,1,ㄒㄩㄢ ㄔㄜ
軒軒,1,ㄒㄩㄢ ㄒㄩㄢ
軒輖,1,ㄒㄩㄢ ㄓㄡ
軒闢,1,ㄒㄩㄢ ㄆㄧˋ
軒駕,1,ㄒㄩㄢ ㄐㄧㄚˋ
軒騫,1,ㄒㄩㄢ ㄑㄧㄢ
軘車,1,ㄊㄨㄣˊ ㄔㄜ
軟半,1,ㄖㄨㄢˇ ㄅㄢˋ
軟協,1,ㄖㄨㄢˇ ㄒㄧㄝˊ
軟善,1,ㄖㄨㄢˇ ㄕㄢˋ
軟困,1,ㄖㄨㄢˇ ㄎㄨㄣˋ
軟壁,1,ㄖㄨㄢˇ ㄅㄧˋ
軟席,1,ㄖㄨㄢˇ ㄒㄧˊ
軟床,1,ㄖㄨㄢˇ ㄔㄨㄤˊ
軟戰,1,ㄖㄨㄢˇ ㄓㄢˋ
軟材,1,ㄖㄨㄢˇ ㄘㄞˊ
軟款,1,ㄖㄨㄢˇ ㄎㄨㄢˇ
軟毫,1,ㄖㄨㄢˇ ㄏㄠˊ
軟求,1,ㄖㄨㄢˇ ㄑㄧㄡˊ
軟活,1,ㄖㄨㄢˇ ㄏㄨㄛˊ
軟熟,1,ㄖㄨㄢˇ ㄕㄨˊ
軟紅,1,ㄖㄨㄢˇ ㄏㄨㄥˊ
軟繩,1,ㄖㄨㄢˇ ㄕㄥˊ
軟轎,1,ㄖㄨㄢˇ ㄐㄧㄠˋ
軟顎,1,ㄖㄨㄢˇ ㄜˋ
軟飽,1,ㄖㄨㄢˇ ㄅㄠˇ
軥車,1,ㄑㄩˊ ㄔㄜ
軨軒,1,ㄌㄧㄥˊ ㄒㄩㄢ
軨軨,1,ㄌㄧㄥˊ ㄌㄧㄥˊ
軫恤,1,ㄓㄣˇ ㄒㄩˋ
軫悼,1,ㄓㄣˇ ㄉㄠˋ
軫惜,1,ㄓㄣˇ ㄒㄧˊ
軫慕,1,ㄓㄣˇ ㄇㄨˋ
軫慨,1,ㄓㄣˇ ㄎㄞˋ
軫憂,1,ㄓㄣˇ ㄧㄡ
軫懷,1,ㄓㄣˇ ㄏㄨㄞˊ
軫軫,1,ㄓㄣˇ ㄓㄣˇ
軷涉,1,ㄅㄚˊ ㄕㄜˋ
軸子,1,ㄓㄡˋ ㄗ˙
軸突,1,ㄓㄡˊ ㄊㄨˊ
軹道,1,ㄓˇ ㄉㄠˋ
軺車,1,ㄧㄠˊ ㄔㄜ
軻峨,1,ㄎㄜ ㄜˊ
軼倫,1,ㄧˋ ㄌㄨㄣˊ
軼材,1,ㄧˋ ㄘㄞˊ
軼群,1,ㄧˋ ㄑㄩㄣˊ
軼蕩,1,ㄧˋ ㄉㄤˋ
軿湊,1,ㄆㄧㄥˊ ㄘㄡˋ
軿訇,1,ㄆㄧㄥˊ ㄏㄨㄥ
較切,1,ㄐㄧㄠˋ ㄑㄧㄝˋ
較場,1,ㄐㄧㄠˋ ㄔㄤˊ
較然,1,ㄐㄧㄠˋ ㄖㄢˊ
較略,1,ㄐㄧㄠˋ ㄌㄩㄝˋ
較著,1,ㄐㄧㄠˋ ㄓㄨˋ
較親,1,ㄐㄧㄠˋ ㄑㄧㄣ
較計,1,ㄐㄧㄠˋ ㄐㄧˋ
較證,1,ㄐㄧㄠˋ ㄓㄥˋ
輇才,1,ㄑㄩㄢˊ ㄘㄞˊ
輈張,1,ㄓㄡ ㄓㄤ
載書,1,ㄗㄞˋ ㄕㄨ
載機,1,ㄗㄞˋ ㄐㄧ
載福,1,ㄗㄞˋ ㄈㄨˊ
載籍,1,ㄗㄞˋ ㄐㄧˊ
載芟,1,ㄗㄞˋ ㄕㄢ
載見,1,ㄗㄞˋ ㄐㄧㄢˋ
載譽,1,ㄗㄞˋ ㄩˋ
載酒,1,ㄗㄞˋ ㄐㄧㄡˇ
載馳,1,ㄗㄞˋ ㄔˊ
載驅,1,ㄗㄞˋ ㄑㄩ
輓夫,1,ㄨㄢˇ ㄈㄨ
輓額,1,ㄨㄢˇ ㄜˊ
輔光,1,ㄈㄨˇ ㄍㄨㄤ
輔國,1,ㄈㄨˇ ㄍㄨㄛˊ
輔時,1,ㄈㄨˇ ㄕˊ
輔相,1,ㄈㄨˇ ㄒㄧㄤˋ
輔行,1,ㄈㄨˇ ㄒㄧㄥˊ
輔贊,1,ㄈㄨˇ ㄗㄢˋ
輕佻,1,ㄑㄧㄥ ㄊㄧㄠ
輕侮,1,ㄑㄧㄥ ㄨˇ
輕倨,1,ㄑㄧㄥ ㄐㄩˋ
輕健,1,ㄑㄧㄥ ㄐㄧㄢˋ
輕刑,1,ㄑㄧㄥ ㄒㄧㄥˊ
輕剽,1,ㄑㄧㄥ ㄆㄧㄠˋ
輕妝,1,ㄑㄧㄥ ㄓㄨㄤ
輕子,1,ㄑㄧㄥ ㄗˇ
輕寒,1,ㄑㄧㄥ ㄏㄢˊ
輕怠,1,ㄑㄧㄥ ㄉㄞˋ
輕意,1,ㄑㄧㄥ ㄧˋ
輕水,1,ㄑㄧㄥ ㄕㄨㄟˇ
輕汗,1,ㄑㄧㄥ ㄏㄢˋ
輕活,1,ㄑㄧㄥ ㄏㄨㄛˊ
輕淳,1,ㄑㄧㄥ ㄔㄨㄣˊ
輕瀆,1,ㄑㄧㄥ ㄉㄨˊ
輕煙,1,ㄑㄧㄥ ㄧㄢ
輕省,1,ㄑㄧㄥ ㄕㄥˇ
輕省,1,ㄑㄧㄥ ㄕㄥ˙
輕縱,1,ㄑㄧㄥ ㄗㄨㄥˋ
輕肥,1,ㄑㄧㄥ ㄈㄟˊ
輕脫,1,ㄑㄧㄥ ㄊㄨㄛ
輕舉,1,ㄑㄧㄥ ㄐㄩˇ
輕褻,1,ㄑㄧㄥ ㄒㄧㄝˋ
輕財,1,ㄑㄧㄥ ㄘㄞˊ
輕資,1,ㄑㄧㄥ ㄗ
輕賤,1,ㄑㄧㄥ ㄐㄧㄢˋ
輕趬,1,ㄑㄧㄥ ㄑㄧㄠ
輕躁,1,ㄑㄧㄥ ㄗㄠˋ
輕身,1,ㄑㄧㄥ ㄕㄣ
輕車,1,ㄑㄧㄥ ㄐㄩ
輕鄙,1,ㄑㄧㄥ ㄅㄧˇ
輕銳,1,ㄑㄧㄥ ㄖㄨㄟˋ
輕颺,1,ㄑㄧㄥ ㄧㄤˊ
輕齎,1,ㄑㄧㄥ ㄐㄧ
輗軏,1,ㄋㄧˊ ㄩㄝˋ
輘轢,1,ㄌㄧㄥˊ ㄌㄧˋ
輚輅,1,ㄓㄢˋ ㄌㄨˋ
輛起,1,ㄌㄧㄤˋ ㄑㄧˇ
輜車,1,ㄗ ㄔㄜ
輜軿,1,ㄗ ㄆㄧㄥˊ
輜騎,1,ㄗ ㄑㄧˊ
輝石,1,ㄏㄨㄟ ㄕˊ
輝赫,1,ㄏㄨㄟ ㄏㄜˋ
輞川,1,ㄨㄤˇ ㄔㄨㄢ
輟斤,1,ㄔㄨㄛˋ ㄐㄧㄣ
輟筆,1,ㄔㄨㄛˋ ㄅㄧˇ
輟讀,1,ㄔㄨㄛˋ ㄉㄨˊ
輣軋,1,ㄆㄥˊ ㄧㄚˋ
輦下,1,ㄋㄧㄢˇ ㄒㄧㄚˋ
輦夫,1,ㄋㄧㄢˇ ㄈㄨ
輦席,1,ㄋㄧㄢˇ ㄒㄧˊ
輦路,1,ㄋㄧㄢˇ ㄌㄨˋ
輦載,1,ㄋㄧㄢˇ ㄗㄞˋ
輦轂,1,ㄋㄧㄢˇ ㄍㄨˇ
輦道,1,ㄋㄧㄢˇ ㄉㄠˋ
輩分,1,ㄅㄟˋ ㄈㄣ˙
輩數,1,ㄅㄟˋ ㄕㄨˋ
輩流,1,ㄅㄟˋ ㄌㄧㄡˊ
輪互,1,ㄌㄨㄣˊ ㄏㄨˋ
輪人,1,ㄌㄨㄣˊ ㄖㄣˊ
輪充,1,ㄌㄨㄣˊ ㄔㄨㄥ
輪囷,1,ㄌㄨㄣˊ ㄐㄩㄣ
輪扁,1,ㄌㄨㄣˊ ㄅㄧㄢˇ
輪指,1,ㄌㄨㄣˊ ㄓˇ
輪掣,1,ㄌㄨㄣˊ ㄔㄜˋ
輪渡,1,ㄌㄨㄣˊ ㄉㄨˋ
輪牧,1,ㄌㄨㄣˊ ㄇㄨˋ
輪王,1,ㄌㄨㄣˊ ㄨㄤˊ
輪生,1,ㄌㄨㄣˊ ㄕㄥ
輪系,1,ㄌㄨㄣˊ ㄒㄧˋ
輪臺,1,ㄌㄨㄣˊ ㄊㄞˊ
輪藻,1,ㄌㄨㄣˊ ㄗㄠˇ
輪距,1,ㄌㄨㄣˊ ㄐㄩˋ
輪蹄,1,ㄌㄨㄣˊ ㄊㄧˊ
輪軒,1,ㄌㄨㄣˊ ㄒㄩㄢ
輪輻,1,ㄌㄨㄣˊ ㄈㄨˊ
輪輿,1,ㄌㄨㄣˊ ㄩˊ
輪遞,1,ㄌㄨㄣˊ ㄉㄧˋ
輪鉤,1,ㄌㄨㄣˊ ㄍㄡ
輪鍘,1,ㄌㄨㄣˊ ㄓㄚˊ
輮轢,1,ㄖㄡˊ ㄌㄧˋ
輯柔,1,ㄐㄧˊ ㄖㄡˊ
輯略,1,ㄐㄧˊ ㄌㄩㄝˋ
輯睦,1,ㄐㄧˊ ㄇㄨˋ
輯穆,1,ㄐㄧˊ ㄇㄨˋ
輯輯,1,ㄐㄧˊ ㄐㄧˊ
輲車,1,ㄔㄨㄢˊ ㄔㄜ
輳遇,1,ㄘㄡˋ ㄩˋ
輶車,1,ㄧㄡˊ ㄔㄜ
輶軒,1,ㄧㄡˊ ㄒㄩㄢ
輸實,1,ㄕㄨ ㄕˊ
輸寫,1,ㄕㄨ ㄒㄧㄝˋ
輸將,1,ㄕㄨ ㄐㄧㄤ
輸征,1,ㄕㄨ ㄓㄥ
輸心,1,ㄕㄨ ㄒㄧㄣ
輸捐,1,ㄕㄨ ㄐㄩㄢ
輸液,1,ㄕㄨ ㄧㄝˋ
輸身,1,ㄕㄨ ㄕㄣ
輻條,1,ㄈㄨˊ ㄊㄧㄠˊ
輻照,1,ㄈㄨˊ ㄓㄠˋ
輻衡,1,ㄈㄨˊ ㄏㄥˊ
輿人,1,ㄩˊ ㄖㄣˊ
輿地,1,ㄩˊ ㄉㄧˋ
輿尸,1,ㄩˊ ㄕ
輿從,1,ㄩˊ ㄗㄨㄥˋ
輿志,1,ㄩˊ ㄓˋ
輿服,1,ㄩˊ ㄈㄨˊ
輿櫬,1,ㄩˊ ㄔㄣˋ
輿臺,1,ㄩˊ ㄊㄞˊ
輿薪,1,ㄩˊ ㄒㄧㄣ
輿誦,1,ㄩˊ ㄙㄨㄥˋ
輿謣,1,ㄩˊ ㄒㄩ
輿車,1,ㄩˊ ㄔㄜ
輿馬,1,ㄩˊ ㄇㄚˇ
轀車,1,ㄨㄣ ㄔㄜ
轀輬,1,ㄨㄣ ㄌㄧㄤˊ
轂下,1,ㄍㄨˇ ㄒㄧㄚˋ
轂轆,1,ㄍㄨ ㄌㄨ˙
轄床,1,ㄒㄧㄚˊ ㄔㄨㄤˊ
轄押,1,ㄒㄧㄚˊ ㄧㄚ
轅固,1,ㄩㄢˊ ㄍㄨˋ
轆軸,1,ㄌㄨˋ ㄓㄡˊ
轆集,1,ㄌㄨˋ ㄐㄧˊ
轇轕,1,ㄐㄧㄡ ㄍㄜˊ
轉丸,1,ㄓㄨㄢˇ ㄨㄢˊ
轉伸,1,ㄓㄨㄢˇ ㄕㄣ
轉作,1,ㄓㄨㄢˇ ㄗㄨㄛˋ
轉依,1,ㄓㄨㄢˇ ㄧ
轉側,1,ㄓㄨㄢˇ ㄘㄜˋ
轉動,1,ㄓㄨㄢˋ ㄉㄨㄥˋ
轉包,1,ㄓㄨㄢˇ ㄅㄠ
轉印,1,ㄓㄨㄢˇ ㄧㄣˋ
轉向,1,ㄓㄨㄢˋ ㄒㄧㄤˋ
轉子,1,ㄓㄨㄢˋ ㄗ˙
轉彎,1,ㄓㄨㄢˋ ㄨㄢ
轉役,1,ㄓㄨㄢˇ ㄧˋ
轉椅,1,ㄓㄨㄢˇ ㄧˇ
轉漏,1,ㄓㄨㄢˇ ㄌㄡˋ
轉漕,1,ㄓㄨㄢˇ ㄘㄠˊ
轉燈,1,ㄓㄨㄢˋ ㄉㄥ
轉燭,1,ㄓㄨㄢˇ ㄓㄨˊ
轉盤,1,ㄓㄨㄢˋ ㄆㄢˊ
轉盼,1,ㄓㄨㄢˇ ㄆㄢˋ
轉磨,1,ㄓㄨㄢˋ ㄇㄛˋ
轉糧,1,ㄓㄨㄢˇ ㄌㄧㄤˊ
轉背,1,ㄓㄨㄢˇ ㄅㄟˋ
轉臺,1,ㄓㄨㄢˇ ㄊㄞˊ
轉臺,1,ㄓㄨㄢˋ ㄊㄞˊ
轉舵,1,ㄓㄨㄢˇ ㄉㄨㄛˋ
轉蓬,1,ㄓㄨㄢˇ ㄆㄥˊ
轉行,1,ㄓㄨㄢˇ ㄏㄤˊ
轉話,1,ㄓㄨㄢˇ ㄏㄨㄚˋ
轉語,1,ㄓㄨㄢˇ ㄩˇ
轉讀,1,ㄓㄨㄢˇ ㄉㄨˊ
轉赴,1,ㄓㄨㄢˇ ㄈㄨˋ
轉踏,1,ㄓㄨㄢˇ ㄊㄚˋ
轉軸,1,ㄓㄨㄢˋ ㄓㄡˊ
轉輪,1,ㄓㄨㄢˇ ㄌㄨㄣˊ
轉轂,1,ㄓㄨㄢˇ ㄍㄨˇ
轉轍,1,ㄓㄨㄢˇ ㄔㄜˋ
轉風,1,ㄓㄨㄢˇ ㄈㄥ
轉首,1,ㄓㄨㄢˇ ㄕㄡˇ
轍跡,1,ㄔㄜˋ ㄐㄧ
轍鮒,1,ㄔㄜˋ ㄈㄨˋ
轎廳,1,ㄐㄧㄠˋ ㄊㄧㄥ
轒櫓,1,ㄈㄣˊ ㄌㄨˇ
轒轀,1,ㄈㄣˊ ㄨㄣ
轔轢,1,ㄌㄧㄣˊ ㄌㄧˋ
轗軻,1,ㄎㄢˇ ㄎㄜ
轘磔,1,ㄏㄨㄢˋ ㄓㄜˊ
轘轅,1,ㄏㄨㄢˋ ㄩㄢˊ
轚互,1,ㄐㄧˊ ㄏㄨˋ
轟沉,1,ㄏㄨㄥ ㄔㄣˊ
轟烈,1,ㄏㄨㄥ ㄌㄧㄝˋ
轟的,1,ㄏㄨㄥ ㄉㄧˋ
轟醉,1,ㄏㄨㄥ ㄗㄨㄟˋ
轟飲,1,ㄏㄨㄥ ㄧㄣˇ
轡勒,1,ㄆㄟˋ ㄌㄜˋ
轡銜,1,ㄆㄟˋ ㄒㄧㄢˊ
轡頭,1,ㄆㄟˋ ㄊㄡˊ
轢古,1,ㄌㄧˋ ㄍㄨˇ
轢蹙,1,ㄌㄧˋ ㄘㄨˋ
辛夷,1,ㄒㄧㄣ ㄧˊ
辛盤,1,ㄒㄧㄣ ㄆㄢˊ
辛螫,1,ㄒㄧㄣ ㄓㄜ
辜人,1,ㄍㄨ ㄖㄣˊ
辟世,1,ㄅㄧˋ ㄕˋ
辟匿,1,ㄆㄧˋ ㄋㄧˋ
辟召,1,ㄅㄧˋ ㄓㄠˋ
辟命,1,ㄅㄧˋ ㄇㄧㄥˋ
辟咡,1,ㄆㄧˋ ㄦˋ
辟地,1,ㄅㄧˋ ㄉㄧˋ
辟廱,1,ㄅㄧˋ ㄩㄥ
辟引,1,ㄅㄧˋ ㄧㄣˇ
辟惡,1,ㄅㄧˋ ㄜˋ
辟易,1,ㄅㄧˋ ㄧˋ
辟書,1,ㄅㄧˋ ㄕㄨ
辟淫,1,ㄅㄧˋ ㄧㄣˊ
辟然,1,ㄆㄧˋ ㄖㄢˊ
辟穀,1,ㄆㄧˋ ㄍㄨˇ
辟纑,1,ㄆㄧˋ ㄌㄨˊ
辟舉,1,ㄅㄧˋ ㄐㄩˇ
辟色,1,ㄅㄧˋ ㄙㄜˋ
辟芷,1,ㄅㄧˋ ㄓˇ
辟言,1,ㄅㄧˋ ㄧㄢˊ
辟違,1,ㄆㄧˋ ㄨㄟˊ
辟邏,1,ㄅㄧˋ ㄌㄨㄛˊ
辟邪,1,ㄆㄧˋ ㄒㄧㄝˊ
辟雍,1,ㄅㄧˋ ㄩㄥ
辣子,1,ㄌㄚˋ ㄗ˙
辣實,1,ㄌㄚˋ ㄕ˙
辣氣,1,ㄌㄚˋ ㄑㄧˋ
辣浪,1,ㄌㄚˋ ㄌㄤˋ
辣燥,1,ㄌㄚˋ ㄗㄠˋ
辣菜,1,ㄌㄚˋ ㄘㄞ˙
辣貨,1,ㄌㄚˋ ㄏㄨㄛˋ
辦人,1,ㄅㄢˋ ㄖㄣˊ
辦備,1,ㄅㄢˋ ㄅㄟˋ
辦好,1,ㄅㄢˋ ㄏㄠˇ
辦差,1,ㄅㄢˋ ㄔㄞ
辦心,1,ㄅㄢˋ ㄒㄧㄣ
辦抽,1,ㄅㄢˋ ㄔㄡ
辦桌,1,ㄅㄢˋ ㄓㄨㄛ
辦稿,1,ㄅㄢˋ ㄍㄠˇ
辨味,1,ㄅㄧㄢˋ ㄨㄟˋ
辨復,1,ㄅㄧㄢˋ ㄈㄨˋ
辨志,1,ㄅㄧㄢˋ ㄓˋ
辨惑,1,ㄅㄧㄢˋ ㄏㄨㄛˋ
辨折,1,ㄅㄧㄢˋ ㄓㄜˊ
辨敏,1,ㄅㄧㄢˋ ㄇㄧㄣˇ
辨本,1,ㄅㄧㄢˋ ㄅㄣˇ
辨章,1,ㄅㄧㄢˋ ㄓㄤ
辨給,1,ㄅㄧㄢˋ ㄐㄧˇ
辨處,1,ㄅㄧㄢˋ ㄔㄨˋ
辨裁,1,ㄅㄧㄢˋ ㄘㄞˊ
辨覈,1,ㄅㄧㄢˋ ㄏㄜˊ
辨論,1,ㄅㄧㄢˋ ㄌㄨㄣˋ
辨證,1,ㄅㄧㄢˋ ㄓㄥˋ
辨駁,1,ㄅㄧㄢˋ ㄅㄛˊ
辭卻,1,ㄘˊ ㄑㄩㄝˋ
辭吐,1,ㄘˊ ㄊㄨˇ
辭命,1,ㄘˊ ㄇㄧㄥˋ
辭廟,1,ㄘˊ ㄇㄧㄠˋ
辭情,1,ㄘˊ ㄑㄧㄥˊ
辭旨,1,ㄘˊ ㄓˇ
辭書,1,ㄘˊ ㄕㄨ
辭林,1,ㄘˊ ㄌㄧㄣˊ
辭條,1,ㄘˊ ㄊㄧㄠˊ
辭氣,1,ㄘˊ ㄑㄧˋ
辭活,1,ㄘˊ ㄏㄨㄛˊ
辭疾,1,ㄘˊ ㄐㄧˊ
辭窮,1,ㄘˊ ㄑㄩㄥˊ
辭給,1,ㄘˊ ㄐㄧˇ
辭聘,1,ㄘˊ ㄆㄧㄣˋ
辭致,1,ㄘˊ ㄓˋ
辭託,1,ㄘˊ ㄊㄨㄛ
辭訟,1,ㄘˊ ㄙㄨㄥˋ
辭費,1,ㄘˊ ㄈㄟˋ
辭趣,1,ㄘˊ ㄑㄩˋ
辭通,1,ㄘˊ ㄊㄨㄥ
辭達,1,ㄘˊ ㄉㄚˊ
辭采,1,ㄘˊ ㄘㄞˇ
辭鈍,1,ㄘˊ ㄉㄨㄣˋ
辭鋒,1,ㄘˊ ㄈㄥ
辭靈,1,ㄘˊ ㄌㄧㄥˊ
辭頭,1,ㄘˊ ㄊㄡ˙
辭館,1,ㄘˊ ㄍㄨㄢˇ
辮髮,1,ㄅㄧㄢˋ ㄈㄚˇ
辯人,1,ㄅㄧㄢˋ ㄖㄣˊ
辯冤,1,ㄅㄧㄢˋ ㄩㄢ
辯惠,1,ㄅㄧㄢˋ ㄏㄨㄟˋ
辯捷,1,ㄅㄧㄢˋ ㄐㄧㄝˊ
辯析,1,ㄅㄧㄢˋ ㄒㄧ
辯章,1,ㄅㄧㄢˋ ㄓㄤ
辯給,1,ㄅㄧㄢˋ ㄐㄧˇ
辯誣,1,ㄅㄧㄢˋ ㄨ
辯賴,1,ㄅㄧㄢˋ ㄌㄞˋ
辯贍,1,ㄅㄧㄢˋ ㄕㄢˋ
辯難,1,ㄅㄧㄢˋ ㄋㄢˋ
辯鬥,1,ㄅㄧㄢˋ ㄉㄡˋ
辰勾,1,ㄔㄣˊ ㄍㄡ
辰星,1,ㄔㄣˊ ㄒㄧㄥ
辰時,1,ㄔㄣˊ ㄕˊ
辱子,1,ㄖㄨˋ ㄗˇ
辱抹,1,ㄖㄨˋ ㄇㄛˇ
辱游,1,ㄖㄨˋ ㄧㄡˊ
辱荷,1,ㄖㄨˋ ㄏㄜˋ
農保,1,ㄋㄨㄥˊ ㄅㄠˇ
農功,1,ㄋㄨㄥˊ ㄍㄨㄥ
農圃,1,ㄋㄨㄥˊ ㄆㄨˇ
農宅,1,ㄋㄨㄥˊ ㄓㄞˊ
農戰,1,ㄋㄨㄥˊ ㄓㄢˋ
農月,1,ㄋㄨㄥˊ ㄩㄝˋ
農桑,1,ㄋㄨㄥˊ ㄙㄤ
農歌,1,ㄋㄨㄥˊ ㄍㄜ
農運,1,ㄋㄨㄥˊ ㄩㄣˋ
迂叟,1,ㄩ ㄙㄡˇ
迂拙,1,ㄩ ㄓㄨㄛˊ
迂摸,1,ㄩ ㄇㄛ
迂氣,1,ㄩ ㄑㄧ˙
迂見,1,ㄩ ㄐㄧㄢˋ
迂言,1,ㄩ ㄧㄢˊ
迂誕,1,ㄩ ㄉㄢˋ
迂論,1,ㄩ ㄌㄨㄣˋ
迂道,1,ㄩ ㄉㄠˋ
迅急,1,ㄒㄩㄣˋ ㄐㄧˊ
迅指,1,ㄒㄩㄣˋ ㄓˇ
迅羽,1,ㄒㄩㄣˋ ㄩˇ
迅走,1,ㄒㄩㄣˋ ㄗㄡˇ
迅電,1,ㄒㄩㄣˋ ㄉㄧㄢˋ
迆涎,1,ㄧˇ ㄧㄢˋ
迆迆,1,ㄧˇ ㄧˇ
迆逗,1,ㄧˇ ㄉㄡˋ
迆靡,1,ㄧˇ ㄇㄧˇ
迋迋,1,ㄍㄨㄤˇ ㄍㄨㄤˇ
迍災,1,ㄓㄨㄣ ㄗㄞ
迍迍,1,ㄓㄨㄣ ㄓㄨㄣ
迎妝,1,ㄧㄥˊ ㄓㄨㄤ
迎年,1,ㄧㄥˊ ㄋㄧㄢˊ
迎手,1,ㄧㄥˊ ㄕㄡˇ
迎會,1,ㄧㄥˊ ㄏㄨㄟˋ
迎睇,1,ㄧㄥˊ ㄉㄧˋ
迎迓,1,ㄧㄥˊ ㄧㄚˋ
迎阿,1,ㄧㄥˊ ㄜ
迎靈,1,ㄧㄥˊ ㄌㄧㄥˊ
迎養,1,ㄧㄥˊ ㄧㄤˋ
近上,1,ㄐㄧㄣˋ ㄕㄤˋ
近侍,1,ㄐㄧㄣˋ ㄕˋ
近傍,1,ㄐㄧㄣˋ ㄅㄤˋ
近名,1,ㄐㄧㄣˋ ㄇㄧㄥˊ
近房,1,ㄐㄧㄣˋ ㄈㄤˊ
近景,1,ㄐㄧㄣˋ ㄐㄧㄥˇ
近甸,1,ㄐㄧㄣˋ ㄉㄧㄢˋ
近習,1,ㄐㄧㄣˋ ㄒㄧˊ
近觀,1,ㄐㄧㄣˋ ㄍㄨㄢ
迓衡,1,ㄧㄚˋ ㄏㄥˊ
返來,1,ㄈㄢˇ ㄌㄞˊ
返勾,1,ㄈㄢˇ ㄍㄡ
返哺,1,ㄈㄢˇ ㄅㄨˇ
返旆,1,ㄈㄢˇ ㄆㄟˋ
返景,1,ㄈㄢˇ ㄧㄥˇ
返棹,1,ㄈㄢˇ ㄓㄠˋ
返璧,1,ㄈㄢˇ ㄅㄧˋ
返轡,1,ㄈㄢˇ ㄆㄟˋ
返里,1,ㄈㄢˇ ㄌㄧˇ
返防,1,ㄈㄢˇ ㄈㄤˊ
返魂,1,ㄈㄢˇ ㄏㄨㄣˊ
迕目,1,ㄨˇ ㄇㄨˋ
迢嶢,1,ㄊㄧㄠˊ ㄧㄠˊ
迥拔,1,ㄐㄩㄥˇ ㄅㄚˊ
迥空,1,ㄐㄩㄥˇ ㄎㄨㄥ
迥迥,1,ㄐㄩㄥˇ ㄐㄩㄥˇ
迥野,1,ㄐㄩㄥˇ ㄧㄝˇ
迥非,1,ㄐㄩㄥˇ ㄈㄟ
迦葉,1,ㄐㄧㄚ ㄧㄝˋ
迦藍,1,ㄐㄧㄚ ㄌㄢˊ
迫窄,1,ㄆㄛˋ ㄓㄞˇ
迫脅,1,ㄆㄛˋ ㄒㄧㄝˊ
迫臨,1,ㄆㄛˋ ㄌㄧㄣˊ
迫遽,1,ㄆㄛˋ ㄐㄩˋ
迫隘,1,ㄆㄛˋ ㄞˋ
迭乘,1,ㄉㄧㄝˊ ㄔㄥˊ
迭料,1,ㄉㄧㄝˊ ㄌㄧㄠˋ
迭興,1,ㄉㄧㄝˊ ㄒㄧㄥ
迭辦,1,ㄉㄧㄝˊ ㄅㄢˋ
迭配,1,ㄉㄧㄝˊ ㄆㄟˋ
迭頭,1,ㄉㄧㄝˊ ㄊㄡˊ
述古,1,ㄕㄨˋ ㄍㄨˇ
迴匝,1,ㄏㄨㄟˊ ㄗㄚ
迴合,1,ㄏㄨㄟˊ ㄏㄜˊ
迴天,1,ㄏㄨㄟˊ ㄊㄧㄢ
迴帶,1,ㄏㄨㄟˊ ㄉㄞˋ
迴心,1,ㄏㄨㄟˊ ㄒㄧㄣ
迴斡,1,ㄏㄨㄟˊ ㄨㄛˋ
迴穴,1,ㄏㄨㄟˊ ㄒㄩㄝˋ
迴翔,1,ㄏㄨㄟˊ ㄒㄧㄤˊ
迴腕,1,ㄏㄨㄟˊ ㄨㄢˋ
迴護,1,ㄏㄨㄟˊ ㄏㄨˋ
迴車,1,ㄏㄨㄟˊ ㄔㄜ
迴雪,1,ㄏㄨㄟˊ ㄒㄩㄝˇ
迴飆,1,ㄏㄨㄟˊ ㄅㄧㄠ
迷奚,1,ㄇㄧˊ ㄒㄧ
迷懵,1,ㄇㄧˊ ㄇㄥˇ
迷暗,1,ㄇㄧˊ ㄢˋ
迷樓,1,ㄇㄧˊ ㄌㄡˊ
迷眼,1,ㄇㄧˊ ㄧㄢˇ
迷網,1,ㄇㄧˊ ㄨㄤˇ
迷胡,1,ㄇㄧˊ ㄏㄨˊ
迷蝶,1,ㄇㄧˊ ㄉㄧㄝˊ
迷醉,1,ㄇㄧˊ ㄗㄨㄟˋ
迷錯,1,ㄇㄧˊ ㄘㄨㄛˋ
迷頭,1,ㄇㄧˊ ㄊㄡˊ
迸散,1,ㄅㄥˋ ㄙㄢˋ
迸脆,1,ㄅㄥˋ ㄘㄨㄟˋ
迸跳,1,ㄅㄥˋ ㄊㄧㄠˋ
迸迸,1,ㄅㄥˋ ㄅㄥˋ
追拿,1,ㄓㄨㄟ ㄋㄚˊ
追晉,1,ㄓㄨㄟ ㄐㄧㄣˋ
追歡,1,ㄓㄨㄟ ㄏㄨㄢ
追胥,1,ㄓㄨㄟ ㄒㄩ
追薦,1,ㄓㄨㄟ ㄐㄧㄢˋ
追諡,1,ㄓㄨㄟ ㄕˋ
追賠,1,ㄓㄨㄟ ㄆㄟˊ
追逼,1,ㄓㄨㄟ ㄅㄧ
退佃,1,ㄊㄨㄟˋ ㄉㄧㄢˋ
退息,1,ㄊㄨㄟˋ ㄒㄧˊ
退悔,1,ㄊㄨㄟˋ ㄏㄨㄟˇ
退故,1,ㄊㄨㄟˋ ㄍㄨˋ
退省,1,ㄊㄨㄟˋ ㄒㄧㄥˇ
退筆,1,ㄊㄨㄟˋ ㄅㄧˇ
退老,1,ㄊㄨㄟˋ ㄌㄠˇ
退賠,1,ㄊㄨㄟˋ ㄆㄟˊ
退軍,1,ㄊㄨㄟˋ ㄐㄩㄣ
退送,1,ㄊㄨㄟˋ ㄙㄨㄥˋ
退針,1,ㄊㄨㄟˋ ㄓㄣ
退食,1,ㄊㄨㄟˋ ㄕˊ
送喪,1,ㄙㄨㄥˋ ㄙㄤ
送官,1,ㄙㄨㄥˋ ㄍㄨㄢ
送情,1,ㄙㄨㄥˋ ㄑㄧㄥˊ
送故,1,ㄙㄨㄥˋ ㄍㄨˋ
送新,1,ㄙㄨㄥˋ ㄒㄧㄣ
送灶,1,ㄙㄨㄥˋ ㄗㄠˋ
送目,1,ㄙㄨㄥˋ ㄇㄨˋ
送祟,1,ㄙㄨㄥˋ ㄙㄨㄟˋ
送窮,1,ㄙㄨㄥˋ ㄑㄩㄥˊ
送茶,1,ㄙㄨㄥˋ ㄔㄚˊ
送路,1,ㄙㄨㄥˋ ㄌㄨˋ
送餞,1,ㄙㄨㄥˋ ㄐㄧㄢˋ
送鬼,1,ㄙㄨㄥˋ ㄍㄨㄟˇ
送鮮,1,ㄙㄨㄥˋ ㄒㄧㄢ
逃世,1,ㄊㄠˊ ㄕˋ
逃刑,1,ㄊㄠˊ ㄒㄧㄥˊ
逃勇,1,ㄊㄠˊ ㄩㄥˇ
逃北,1,ㄊㄠˊ ㄅㄛˋ
逃名,1,ㄊㄠˊ ㄇㄧㄥˊ
逃奔,1,ㄊㄠˊ ㄅㄣˋ
逃奴,1,ㄊㄠˊ ㄋㄨˊ
逃嫁,1,ㄊㄠˊ ㄐㄧㄚˋ
逃席,1,ㄊㄠˊ ㄒㄧˊ
逃死,1,ㄊㄠˊ ㄙˇ
逃獄,1,ㄊㄠˊ ㄩˋ
逃瘧,1,ㄊㄠˊ ㄋㄩㄝˋ
逃石,1,ㄊㄠˊ ㄕˊ
逃躲,1,ㄊㄠˊ ㄉㄨㄛˇ
逃軍,1,ㄊㄠˊ ㄐㄩㄣ
逃速,1,ㄊㄠˊ ㄙㄨˋ
逃閃,1,ㄊㄠˊ ㄕㄢˇ
逆亂,1,ㄋㄧˋ ㄌㄨㄢˋ
逆叛,1,ㄋㄧˋ ㄆㄢˋ
逆增,1,ㄋㄧˋ ㄗㄥ
逆女,1,ㄋㄧˋ ㄋㄩˇ
逆折,1,ㄋㄧˋ ㄓㄜˊ
逆接,1,ㄋㄧˋ ㄐㄧㄝ
逆旅,1,ㄋㄧˋ ㄌㄩˇ
逆產,1,ㄋㄧˋ ㄔㄢˇ
逆睹,1,ㄋㄧˋ ㄉㄨˇ
逆訪,1,ㄋㄧˋ ㄈㄤˇ
逆詐,1,ㄋㄧˋ ㄓㄚˋ
逆證,1,ㄋㄧˋ ㄓㄥˋ
逆豎,1,ㄋㄧˋ ㄕㄨˋ
逆鋒,1,ㄋㄧˋ ㄈㄥ
逆鱗,1,ㄋㄧˋ ㄌㄧㄣˊ
逋人,1,ㄅㄨ ㄖㄣˊ
逋客,1,ㄅㄨ ㄎㄜˋ
逋峭,1,ㄅㄨ ㄑㄧㄠˋ
逋慢,1,ㄅㄨ ㄇㄢˋ
逋懸,1,ㄅㄨ ㄒㄩㄢˊ
逋播,1,ㄅㄨ ㄅㄛˋ
逋民,1,ㄅㄨ ㄇㄧㄣˊ
逋留,1,ㄅㄨ ㄌㄧㄡˊ
逋租,1,ㄅㄨ ㄗㄨ
逋脫,1,ㄅㄨ ㄊㄨㄛ
逋蕩,1,ㄅㄨ ㄉㄤˋ
逋負,1,ㄅㄨ ㄈㄨˋ
逋髮,1,ㄅㄨ ㄈㄚˇ
逌然,1,ㄧㄡˊ ㄖㄢˊ
逌爾,1,ㄧㄡˊ ㄦˇ
透亮,1,ㄊㄡˋ ㄌㄧㄤ˙
透底,1,ㄊㄡˋ ㄉㄧˇ
透脫,1,ㄊㄡˋ ㄊㄨㄛ
透雨,1,ㄊㄡˋ ㄩˇ
逐勢,1,ㄓㄨˊ ㄕˋ
逐北,1,ㄓㄨˊ ㄅㄟˇ
逐定,1,ㄓㄨˊ ㄉㄧㄥˋ
逐戶,1,ㄓㄨˊ ㄏㄨˋ
逐拿,1,ㄓㄨˊ ㄋㄚˊ
逐旋,1,ㄓㄨˊ ㄒㄩㄢˊ
逐末,1,ㄓㄨˊ ㄇㄛˋ
逐涼,1,ㄓㄨˊ ㄌㄧㄤˊ
逐細,1,ㄓㄨˊ ㄒㄧˋ
逐臣,1,ㄓㄨˊ ㄔㄣˊ
逐進,1,ㄓㄨˊ ㄐㄧㄣˋ
逐食,1,ㄓㄨˊ ㄕˊ
途人,1,ㄊㄨˊ ㄖㄣˊ
途次,1,ㄊㄨˊ ㄘˋ
逕入,1,ㄐㄧㄥˋ ㄖㄨˋ
逕到,1,ㄐㄧㄥˋ ㄉㄠˋ
逕取,1,ㄐㄧㄥˋ ㄑㄩˇ
逖聽,1,ㄊㄧˋ ㄊㄧㄥ
逗哏,1,ㄉㄡˋ ㄍㄣˊ
逗弄,1,ㄉㄡˋ ㄋㄨㄥ˙
逗攏,1,ㄉㄡˋ ㄌㄨㄥˇ
逗橈,1,ㄉㄡˋ ㄋㄠˊ
逗氣,1,ㄉㄡˋ ㄑㄧˋ
逗遛,1,ㄉㄡˋ ㄌㄧㄡˊ
逗陣,1,ㄉㄡˋ ㄓㄣˋ
逗音,1,ㄉㄡˋ ㄧㄣ
這們,1,ㄓㄜˋ ㄇㄣ˙
這咱,1,ㄓㄜˋ ㄗㄢ˙
這天,1,ㄓㄜˋ ㄊㄧㄢ
這年,1,ㄓㄜˋ ㄋㄧㄢˊ
這廂,1,ㄓㄜˋ ㄒㄧㄤ
這注,1,ㄓㄜˋ ㄓㄨˋ
這番,1,ㄓㄜˋ ㄈㄢ
這的,1,ㄓㄜˋ ㄉㄧˋ
這等,1,ㄓㄜˋ ㄉㄥˇ
這頭,1,ㄓㄜˋ ㄊㄡ˙
通侻,1,ㄊㄨㄥ ㄊㄨㄛ
通假,1,ㄊㄨㄥ ㄐㄧㄚˇ
通函,1,ㄊㄨㄥ ㄏㄢˊ
通判,1,ㄊㄨㄥ ㄆㄢˋ
通刺,1,ㄊㄨㄥ ㄘˋ
通劑,1,ㄊㄨㄥ ㄐㄧˋ
通口,1,ㄊㄨㄥ ㄎㄡˇ
通吃,1,ㄊㄨㄥ ㄔ
通問,1,ㄊㄨㄥ ㄨㄣˋ
通塞,1,ㄊㄨㄥ ㄙㄜˋ
通套,1,ㄊㄨㄥ ㄊㄠˋ
通官,1,ㄊㄨㄥ ㄍㄨㄢ
通家,1,ㄊㄨㄥ ㄐㄧㄚ
通宿,1,ㄊㄨㄥ ㄒㄧㄡˇ
通年,1,ㄊㄨㄥ ㄋㄧㄢˊ
通徹,1,ㄊㄨㄥ ㄔㄜˋ
通心,1,ㄊㄨㄥ ㄒㄧㄣ
通情,1,ㄊㄨㄥ ㄑㄧㄥˊ
通房,1,ㄊㄨㄥ ㄈㄤˊ
通曆,1,ㄊㄨㄥ ㄌㄧˋ
通朗,1,ㄊㄨㄥ ㄌㄤˇ
通欄,1,ㄊㄨㄥ ㄌㄢˊ
通款,1,ㄊㄨㄥ ㄎㄨㄢˇ
通殺,1,ㄊㄨㄥ ㄕㄚ
通泰,1,ㄊㄨㄥ ㄊㄞˋ
通玄,1,ㄊㄨㄥ ㄒㄩㄢˊ
通理,1,ㄊㄨㄥ ㄌㄧˇ
通疏,1,ㄊㄨㄥ ㄕㄨ
通票,1,ㄊㄨㄥ ㄆㄧㄠˋ
通禮,1,ㄊㄨㄥ ㄌㄧˇ
通算,1,ㄊㄨㄥ ㄙㄨㄢˋ
通籍,1,ㄊㄨㄥ ㄐㄧˊ
通統,1,ㄊㄨㄥ ㄊㄨㄥˇ
通經,1,ㄊㄨㄥ ㄐㄧㄥ
通脫,1,ㄊㄨㄥ ㄊㄨㄛ
通腳,1,ㄊㄨㄥ ㄐㄧㄠˇ
通草,1,ㄊㄨㄥ ㄘㄠˇ
通莊,1,ㄊㄨㄥ ㄓㄨㄤ
通觀,1,ㄊㄨㄥ ㄍㄨㄢ
通解,1,ㄊㄨㄥ ㄐㄧㄝˇ
通語,1,ㄊㄨㄥ ㄩˇ
通誠,1,ㄊㄨㄥ ㄔㄥˊ
通謀,1,ㄊㄨㄥ ㄇㄡˊ
通譜,1,ㄊㄨㄥ ㄆㄨˇ
通議,1,ㄊㄨㄥ ㄧˋ
通身,1,ㄊㄨㄥ ㄕㄣ
通透,1,ㄊㄨㄥ ㄊㄡˋ
通連,1,ㄊㄨㄥ ㄌㄧㄢˊ
通鋪,1,ㄊㄨㄥ ㄆㄨˋ
通陳,1,ㄊㄨㄥ ㄔㄣˊ
通雅,1,ㄊㄨㄥ ㄧㄚˇ
通韻,1,ㄊㄨㄥ ㄩㄣˋ
通頭,1,ㄊㄨㄥ ㄊㄡˊ
通飭,1,ㄊㄨㄥ ㄔˋ
逛燈,1,ㄍㄨㄤˋ ㄉㄥ
逛蕩,1,ㄍㄨㄤˋ ㄉㄤˋ
逝川,1,ㄕˋ ㄔㄨㄢ
逞勢,1,ㄔㄥˇ ㄕˋ
逞志,1,ㄔㄥˇ ㄓˋ
逞暴,1,ㄔㄥˇ ㄅㄠˋ
逞縱,1,ㄔㄥˇ ㄗㄨㄥˋ
逞臉,1,ㄔㄥˇ ㄌㄧㄢˇ
逞著,1,ㄔㄥˇ ㄓㄜ˙
速駕,1,ㄙㄨˋ ㄐㄧㄚˋ
造亂,1,ㄗㄠˋ ㄌㄨㄢˋ
造化,1,ㄗㄠˋ ㄏㄨㄚ˙
造命,1,ㄗㄠˋ ㄇㄧㄥˋ
造士,1,ㄗㄠˋ ㄕˋ
造府,1,ㄗㄠˋ ㄈㄨˇ
造父,1,ㄗㄠˋ ㄈㄨˇ
造端,1,ㄗㄠˋ ㄉㄨㄢ
造罪,1,ㄗㄠˋ ㄗㄨㄟˋ
造謁,1,ㄗㄠˋ ㄧㄝˋ
造陸,1,ㄗㄠˋ ㄌㄨˋ
逡次,1,ㄑㄩㄣ ㄘˋ
逢世,1,ㄈㄥˊ ㄕˋ
逢原,1,ㄈㄥˊ ㄩㄢˊ
逢君,1,ㄈㄥˊ ㄐㄩㄣ
逢尤,1,ㄈㄥˊ ㄧㄡˊ
逢掖,1,ㄈㄥˊ ㄧㄝˋ
逢殆,1,ㄈㄥˊ ㄉㄞˋ
逢紛,1,ㄈㄥˊ ㄈㄣ
逢蒙,1,ㄈㄥˊ ㄇㄥˊ
逢處,1,ㄈㄥˊ ㄔㄨˋ
逢逢,1,ㄆㄥˊ ㄆㄥˊ
逢門,1,ㄈㄥˊ ㄇㄣˊ
連冠,1,ㄌㄧㄢˊ ㄍㄨㄢˋ
連卷,1,ㄌㄧㄢˊ ㄑㄩㄢˊ
連句,1,ㄌㄧㄢˊ ㄐㄩˋ
連和,1,ㄌㄧㄢˊ ㄏㄜˊ
連姻,1,ㄌㄧㄢˊ ㄧㄣ
連娟,1,ㄌㄧㄢˊ ㄐㄩㄢ
連屬,1,ㄌㄧㄢˊ ㄓㄨˇ
連屬,1,ㄌㄧㄢˊ ㄕㄨˇ
連廂,1,ㄌㄧㄢˊ ㄒㄧㄤ
連延,1,ㄌㄧㄢˊ ㄧㄢˊ
連捷,1,ㄌㄧㄢˊ ㄐㄧㄝˊ
連擊,1,ㄌㄧㄢˊ ㄐㄧˊ
連枷,1,ㄌㄧㄢˊ ㄐㄧㄚ
連檣,1,ㄌㄧㄢˊ ㄑㄧㄤˊ
連歲,1,ㄌㄧㄢˊ ㄙㄨㄟˋ
連比,1,ㄌㄧㄢˊ ㄅㄧˇ
連璧,1,ㄌㄧㄢˊ ㄅㄧˋ
連番,1,ㄌㄧㄢˊ ㄈㄢ
連真,1,ㄌㄧㄢˊ ㄓㄣ
連索,1,ㄌㄧㄢˊ ㄙㄨㄛˇ
連綴,1,ㄌㄧㄢˊ ㄓㄨㄟˋ
連翩,1,ㄌㄧㄢˊ ㄆㄧㄢ
連翹,1,ㄌㄧㄢˊ ㄑㄧㄠˊ
連臺,1,ㄌㄧㄢˊ ㄊㄞˊ
連蜷,1,ㄌㄧㄢˊ ㄑㄩㄢˊ
連貼,1,ㄌㄧㄢˊ ㄊㄧㄝ
連輿,1,ㄌㄧㄢˊ ㄩˊ
連銜,1,ㄌㄧㄢˊ ㄒㄧㄢˊ
連錢,1,ㄌㄧㄢˊ ㄑㄧㄢˊ
連陰,1,ㄌㄧㄢˊ ㄧㄣ
連雀,1,ㄌㄧㄢˊ ㄑㄩㄝˋ
連霸,1,ㄌㄧㄢˊ ㄅㄚˋ
連類,1,ㄌㄧㄢˊ ㄌㄟˋ
逭暑,1,ㄏㄨㄢˋ ㄕㄨˇ
逮下,1,ㄉㄞˋ ㄒㄧㄚˋ
逮治,1,ㄉㄞˋ ㄓˋ
逮繫,1,ㄉㄞˋ ㄒㄧˋ
逮逮,1,ㄉㄧˋ ㄉㄧˋ
逯逯,1,ㄌㄨˋ ㄌㄨˋ
週考,1,ㄓㄡ ㄎㄠˇ
週記,1,ㄓㄡ ㄐㄧˋ
週近,1,ㄓㄡ ㄐㄧㄣˋ
週迴,1,ㄓㄡ ㄏㄨㄟˊ
進奉,1,ㄐㄧㄣˋ ㄈㄥˋ
進奏,1,ㄐㄧㄣˋ ㄗㄡˋ
進官,1,ㄐㄧㄣˋ ㄍㄨㄢ
進幸,1,ㄐㄧㄣˋ ㄒㄧㄥˋ
進廠,1,ㄐㄧㄣˋ ㄔㄤˇ
進房,1,ㄐㄧㄣˋ ㄈㄤˊ
進止,1,ㄐㄧㄣˋ ㄓˇ
進氣,1,ㄐㄧㄣˋ ㄑㄧˋ
進獻,1,ㄐㄧㄣˋ ㄒㄧㄢˋ
進益,1,ㄐㄧㄣˋ ㄧˋ
進膳,1,ㄐㄧㄣˋ ㄕㄢˋ
進舉,1,ㄐㄧㄣˋ ㄐㄩˇ
進襲,1,ㄐㄧㄣˋ ㄒㄧˊ
進見,1,ㄐㄧㄣˋ ㄐㄧㄢˋ
進諫,1,ㄐㄧㄣˋ ㄐㄧㄢˋ
進讒,1,ㄐㄧㄣˋ ㄔㄢˊ
進身,1,ㄐㄧㄣˋ ㄕㄣ
進門,1,ㄐㄧㄣˋ ㄇㄣˊ
逴躒,1,ㄔㄨㄛˋ ㄌㄨㄛˋ
逴逴,1,ㄔㄨㄛˋ ㄔㄨㄛˋ
逶迆,1,ㄨㄟ ㄧˊ
逶遲,1,ㄨㄟ ㄔˊ
逶隨,1,ㄨㄟ ㄙㄨㄟˊ
逸口,1,ㄧˋ ㄎㄡˇ
逸品,1,ㄧˋ ㄆㄧㄣˇ
逸居,1,ㄧˋ ㄐㄩ
逸度,1,ㄧˋ ㄉㄨˋ
逸想,1,ㄧˋ ㄒㄧㄤˇ
逸暇,1,ㄧˋ ㄒㄧㄚˊ
逸材,1,ㄧˋ ㄘㄞˊ
逸欲,1,ㄧˋ ㄩˋ
逸步,1,ㄧˋ ㄅㄨˋ
逸禮,1,ㄧˋ ㄌㄧˇ
逸經,1,ㄧˋ ㄐㄧㄥ
逸群,1,ㄧˋ ㄑㄩㄣˊ
逸翮,1,ㄧˋ ㄏㄜˊ
逸聞,1,ㄧˋ ㄨㄣˊ
逸聲,1,ㄧˋ ㄕㄥ
逸豫,1,ㄧˋ ㄩˋ
逸足,1,ㄧˋ ㄗㄨˊ
逸逸,1,ㄧˋ ㄧˋ
逸雅,1,ㄧˋ ㄧㄚˇ
逼仄,1,ㄅㄧ ㄗㄜˋ
逼併,1,ㄅㄧ ㄅㄧㄥˋ
逼促,1,ㄅㄧ ㄘㄨˋ
逼側,1,ㄅㄧ ㄘㄜˋ
逼債,1,ㄅㄧ ㄓㄞˋ
逼勒,1,ㄅㄧ ㄌㄜˋ
逼匝,1,ㄅㄧ ㄗㄚ
逼問,1,ㄅㄧ ㄨㄣˋ
逼宮,1,ㄅㄧ ㄍㄨㄥ
逼殺,1,ㄅㄧ ㄕㄚ
逼直,1,ㄅㄧ ㄓˊ
逼綽,1,ㄅㄧ ㄔㄨㄛˋ
逼肖,1,ㄅㄧ ㄒㄧㄠˋ
逼臨,1,ㄅㄧ ㄌㄧㄣˊ
逼遣,1,ㄅㄧ ㄑㄧㄢˇ
逼邏,1,ㄅㄧ ㄌㄨㄛˊ
逾常,1,ㄩˊ ㄔㄤˊ
逾格,1,ㄩˊ ㄍㄜˊ
逾法,1,ㄩˊ ㄈㄚˇ
逾矩,1,ㄩˊ ㄐㄩˇ
逾邁,1,ㄩˊ ㄇㄞˋ
遁佚,1,ㄉㄨㄣˋ ㄧˋ
遁化,1,ㄉㄨㄣˋ ㄏㄨㄚˋ
遁北,1,ㄉㄨㄣˋ ㄅㄟˇ
遁甲,1,ㄉㄨㄣˋ ㄐㄧㄚˇ
遁身,1,ㄉㄨㄣˋ ㄕㄣ
遂事,1,ㄙㄨㄟˋ ㄕˋ
遂初,1,ㄙㄨㄟˋ ㄔㄨ
遂遂,1,ㄙㄨㄟˋ ㄙㄨㄟˋ
遄征,1,ㄔㄨㄢˊ ㄓㄥ
遄疾,1,ㄔㄨㄢˊ ㄐㄧˊ
遇便,1,ㄩˋ ㄅㄧㄢˋ
遊仙,1,ㄧㄡˊ ㄒㄧㄢ
遊冶,1,ㄧㄡˊ ㄧㄝˇ
遊尺,1,ㄧㄡˊ ㄔˇ
遊幕,1,ㄧㄡˊ ㄇㄨˋ
遊庠,1,ㄧㄡˊ ㄒㄧㄤˊ
遊廊,1,ㄧㄡˊ ㄌㄤˊ
遊惰,1,ㄧㄡˊ ㄉㄨㄛˋ
遊方,1,ㄧㄡˊ ㄈㄤ
遊氣,1,ㄧㄡˊ ㄑㄧˋ
遊湖,1,ㄧㄡˊ ㄏㄨˊ
遊畋,1,ㄧㄡˊ ㄊㄧㄢˊ
遊目,1,ㄧㄡˊ ㄇㄨˋ
遊觀,1,ㄧㄡˊ ㄍㄨㄢ
遊豫,1,ㄧㄡˊ ㄩˋ
遊賞,1,ㄧㄡˊ ㄕㄤˇ
遊鄉,1,ㄧㄡˊ ㄒㄧㄤ
遊食,1,ㄧㄡˊ ㄕˊ
遊騎,1,ㄧㄡˊ ㄐㄧˋ
運力,1,ㄩㄣˋ ㄌㄧˋ
運動,1,ㄩㄣˋ ㄉㄨㄥ˙
運弄,1,ㄩㄣˋ ㄋㄨㄥˋ
運思,1,ㄩㄣˋ ㄙ
運智,1,ㄩㄣˋ ㄓˋ
運氣,1,ㄩㄣˋ ㄑㄧ˙
運漕,1,ㄩㄣˋ ㄘㄠˊ
運能,1,ㄩㄣˋ ㄋㄥˊ
運腕,1,ㄩㄣˋ ㄨㄢˋ
運腳,1,ㄩㄣˋ ㄐㄧㄠˇ
運限,1,ㄩㄣˋ ㄒㄧㄢˋ
遍告,1,ㄅㄧㄢˋ ㄍㄠˋ
遍歷,1,ㄅㄧㄢˋ ㄌㄧˋ
遍處,1,ㄅㄧㄢˋ ㄔㄨˋ
遍行,1,ㄅㄧㄢˋ ㄒㄧㄥˊ
遍視,1,ㄅㄧㄢˋ ㄕˋ
遍觀,1,ㄅㄧㄢˋ ㄍㄨㄢ
遍請,1,ㄅㄧㄢˋ ㄑㄧㄥˇ
過之,1,ㄍㄨㄛˋ ㄓ
過付,1,ㄍㄨㄛˋ ㄈㄨˋ
過來,1,ㄍㄨㄛˋ ㄌㄞ˙
過午,1,ㄍㄨㄛˋ ㄨˇ
過去,1,ㄍㄨㄛˋ ㄑㄩ˙
過口,1,ㄍㄨㄛˋ ㄎㄡˇ
過夏,1,ㄍㄨㄛˋ ㄒㄧㄚˋ
過天,1,ㄍㄨㄛˋ ㄊㄧㄢ˙
過如,1,ㄍㄨㄛˋ ㄖㄨˊ
過子,1,ㄍㄨㄛˋ ㄗ˙
過山,1,ㄍㄨㄛˋ ㄕㄢ
過年,1,ㄍㄨㄛˋ ㄋㄧㄢ˙
過庭,1,ㄍㄨㄛˋ ㄊㄧㄥˊ
過廳,1,ㄍㄨㄛˋ ㄊㄧㄥ
過愛,1,ㄍㄨㄛˋ ㄞˋ
過排,1,ㄍㄨㄛˋ ㄆㄞˊ
過日,1,ㄍㄨㄛˋ ㄖˋ
過是,1,ㄍㄨㄛˋ ㄕˋ
過晌,1,ㄍㄨㄛˋ ㄕㄤˇ
過景,1,ㄍㄨㄛˋ ㄐㄧㄥˇ
過會,1,ㄍㄨㄛˋ ㄏㄨㄟˋ
過梁,1,ㄍㄨㄛˋ ㄌㄧㄤˊ
過歷,1,ㄍㄨㄛˋ ㄌㄧˋ
過沖,1,ㄍㄨㄛˋ ㄔㄨㄥ
過淋,1,ㄍㄨㄛˋ ㄌㄧㄣˊ
過漫,1,ㄍㄨㄛˋ ㄇㄢˋ
過犯,1,ㄍㄨㄛˋ ㄈㄢˋ
過班,1,ㄍㄨㄛˋ ㄅㄢ
過福,1,ㄍㄨㄛˋ ㄈㄨˊ
過禮,1,ㄍㄨㄛˋ ㄌㄧˇ
過稱,1,ㄍㄨㄛˋ ㄔㄥ
過稱,1,ㄍㄨㄛˋ ㄔㄥˋ
過網,1,ㄍㄨㄛˋ ㄨㄤˇ
過縱,1,ㄍㄨㄛˋ ㄗㄨㄥˋ
過羅,1,ㄍㄨㄛˋ ㄌㄨㄛˊ
過聽,1,ㄍㄨㄛˋ ㄊㄧㄥ
過與,1,ㄍㄨㄛˋ ㄩˇ
過舌,1,ㄍㄨㄛˋ ㄕㄜˊ
過茶,1,ㄍㄨㄛˋ ㄔㄚˊ
過蒙,1,ㄍㄨㄛˋ ㄇㄥˊ
過言,1,ㄍㄨㄛˋ ㄧㄢˊ
過誤,1,ㄍㄨㄛˋ ㄨˋ
過費,1,ㄍㄨㄛˋ ㄈㄟˋ
過賣,1,ㄍㄨㄛˋ ㄇㄞˋ
過身,1,ㄍㄨㄛˋ ㄕㄣ
過逾,1,ㄍㄨㄛˋ ㄩˊ
過遣,1,ㄍㄨㄛˋ ㄑㄧㄢˇ
過酒,1,ㄍㄨㄛˋ ㄐㄧㄡˇ
過錄,1,ㄍㄨㄛˋ ㄌㄨˋ
過錢,1,ㄍㄨㄛˋ ㄑㄧㄢˊ
過限,1,ㄍㄨㄛˋ ㄒㄧㄢˋ
過陰,1,ㄍㄨㄛˋ ㄧㄣ
過隙,1,ㄍㄨㄛˋ ㄒㄧˋ
過電,1,ㄍㄨㄛˋ ㄉㄧㄢˋ
過露,1,ㄍㄨㄛˋ ㄌㄨˋ
過風,1,ㄍㄨㄛˋ ㄈㄥ
過飯,1,ㄍㄨㄛˋ ㄈㄢˋ
遏密,1,ㄜˋ ㄇㄧˋ
遏雲,1,ㄜˋ ㄩㄣˊ
遐國,1,ㄒㄧㄚˊ ㄍㄨㄛˊ
遐布,1,ㄒㄧㄚˊ ㄅㄨˋ
遐心,1,ㄒㄧㄚˊ ㄒㄧㄣ
遐方,1,ㄒㄧㄚˊ ㄈㄤ
遐棄,1,ㄒㄧㄚˊ ㄑㄧˋ
遐眺,1,ㄒㄧㄚˊ ㄊㄧㄠˋ
遐福,1,ㄒㄧㄚˊ ㄈㄨˊ
遐胄,1,ㄒㄧㄚˊ ㄓㄡˋ
遐舉,1,ㄒㄧㄚˊ ㄐㄩˇ
遐荒,1,ㄒㄧㄚˊ ㄏㄨㄤ
遐跡,1,ㄒㄧㄚˊ ㄐㄧ
遐軌,1,ㄒㄧㄚˊ ㄍㄨㄟˇ
遑急,1,ㄏㄨㄤˊ ㄐㄧˊ
遑遑,1,ㄏㄨㄤˊ ㄏㄨㄤˊ
遑遽,1,ㄏㄨㄤˊ ㄐㄩˋ
遒勁,1,ㄑㄧㄡˊ ㄐㄧㄥˋ
遒緊,1,ㄑㄧㄡˊ ㄐㄧㄣˇ
遒美,1,ㄑㄧㄡˊ ㄇㄟˇ
遒逸,1,ㄑㄧㄡˊ ㄧˋ
道一,1,ㄉㄠˋ ㄧ
道上,1,ㄉㄠˋ ㄕㄤ˙
道乏,1,ㄉㄠˋ ㄈㄚˊ
道分,1,ㄉㄠˋ ㄈㄣ˙
道力,1,ㄉㄠˋ ㄌㄧˋ
道君,1,ㄉㄠˋ ㄐㄩㄣ
道契,1,ㄉㄠˋ ㄑㄧˋ
道婆,1,ㄉㄠˋ ㄆㄛˊ
道字,1,ㄉㄠˋ ㄗˋ
道安,1,ㄉㄠˋ ㄢ
道定,1,ㄉㄠˋ ㄉㄧㄥˋ
道尊,1,ㄉㄠˋ ㄗㄨㄣ
道山,1,ㄉㄠˋ ㄕㄢ
道左,1,ㄉㄠˋ ㄗㄨㄛˇ
道帙,1,ㄉㄠˋ ㄓˋ
道店,1,ㄉㄠˋ ㄉㄧㄢˋ
道引,1,ㄉㄠˋ ㄧㄣˇ
道惱,1,ㄉㄠˋ ㄋㄠˇ
道揆,1,ㄉㄠˋ ㄎㄨㄟˊ
道擾,1,ㄉㄠˋ ㄖㄠˇ
道故,1,ㄉㄠˋ ㄍㄨˋ
道數,1,ㄉㄠˋ ㄕㄨˋ
道斷,1,ㄉㄠˋ ㄉㄨㄢˋ
道曲,1,ㄉㄠˋ ㄑㄩˇ
道木,1,ㄉㄠˋ ㄇㄨˋ
道果,1,ㄉㄠˋ ㄍㄨㄛˇ
道根,1,ㄉㄠˋ ㄍㄣ
道業,1,ㄉㄠˋ ㄧㄝˋ
道樹,1,ㄉㄠˋ ㄕㄨˋ
道次,1,ㄉㄠˋ ㄘˋ
道殣,1,ㄉㄠˋ ㄐㄧㄣˇ
道濟,1,ㄉㄠˋ ㄐㄧˋ
道班,1,ㄉㄠˋ ㄅㄢ
道生,1,ㄉㄠˋ ㄕㄥ
道碴,1,ㄉㄠˋ ㄔㄚˊ
道禮,1,ㄉㄠˋ ㄌㄧˇ
道童,1,ㄉㄠˋ ㄊㄨㄥˊ
道籙,1,ㄉㄠˋ ㄌㄨˋ
道糧,1,ㄉㄠˋ ㄌㄧㄤˊ
道經,1,ㄉㄠˋ ㄐㄧㄥ
道綽,1,ㄉㄠˋ ㄔㄨㄛˋ
道考,1,ㄉㄠˋ ㄎㄠˇ
道者,1,ㄉㄠˋ ㄓㄜˇ
道著,1,ㄉㄠˋ ㄓㄠˊ
道藏,1,ㄉㄠˋ ㄗㄤˋ
道藝,1,ㄉㄠˋ ㄧˋ
道行,1,ㄉㄠˋ ㄏㄤ˙
道衣,1,ㄉㄠˋ ㄧ
道要,1,ㄉㄠˋ ㄧㄠˋ
道話,1,ㄉㄠˋ ㄏㄨㄚˋ
道調,1,ㄉㄠˋ ㄉㄧㄠˋ
道謀,1,ㄉㄠˋ ㄇㄡˊ
道途,1,ㄉㄠˋ ㄊㄨˊ
道達,1,ㄉㄠˋ ㄉㄚˊ
道鑒,1,ㄉㄠˋ ㄐㄧㄢˋ
道院,1,ㄉㄠˋ ㄩㄢˋ
道體,1,ㄉㄠˋ ㄊㄧˇ
達子,1,ㄉㄚˊ ㄗ˙
達孝,1,ㄉㄚˊ ㄒㄧㄠˋ
達尊,1,ㄉㄚˊ ㄗㄨㄣ
達心,1,ㄉㄚˊ ㄒㄧㄣ
達書,1,ㄉㄚˊ ㄕㄨ
達標,1,ㄉㄚˊ ㄅㄧㄠ
達權,1,ㄉㄚˊ ㄑㄩㄢˊ
達知,1,ㄉㄚˊ ㄓ
違命,1,ㄨㄟˊ ㄇㄧㄥˋ
違旨,1,ㄨㄟˊ ㄓˇ
違言,1,ㄨㄟˊ ㄧㄢˊ
違越,1,ㄨㄟˊ ㄩㄝˋ
遘疾,1,ㄍㄡˋ ㄐㄧˊ
遘閔,1,ㄍㄡˋ ㄇㄧㄣˇ
遙夜,1,ㄧㄠˊ ㄧㄝˋ
遙悲,1,ㄧㄠˊ ㄅㄟ
遙感,1,ㄧㄠˊ ㄍㄢˇ
遙憶,1,ㄧㄠˊ ㄧˋ
遙拜,1,ㄧㄠˊ ㄅㄞˋ
遙裔,1,ㄧㄠˊ ㄧˋ
遙郡,1,ㄧㄠˊ ㄐㄩㄣˋ
遙隔,1,ㄧㄠˊ ㄍㄜˊ
遙領,1,ㄧㄠˊ ㄌㄧㄥˇ
遛活,1,ㄌㄧㄡˋ ㄏㄨㄛˊ
遛馬,1,ㄌㄧㄡˋ ㄇㄚˇ
遜謝,1,ㄒㄩㄣˋ ㄒㄧㄝˋ
遜遁,1,ㄒㄩㄣˋ ㄉㄨㄣˋ
遜順,1,ㄒㄩㄣˋ ㄕㄨㄣˋ
遞嬗,1,ㄉㄧˋ ㄕㄢˋ
遞局,1,ㄉㄧˋ ㄐㄩˊ
遞春,1,ㄉㄧˋ ㄔㄨㄣ
遞次,1,ㄉㄧˋ ㄘˋ
遞流,1,ㄉㄧˋ ㄌㄧㄡˊ
遞訓,1,ㄉㄧˋ ㄒㄩㄣˋ
遞鋪,1,ㄉㄧˋ ㄆㄨˋ
遠人,1,ㄩㄢˇ ㄖㄣˊ
遠嫌,1,ㄩㄢˋ ㄒㄧㄢˊ
遠惡,1,ㄩㄢˇ ㄜˋ
遠愁,1,ㄩㄢˇ ㄔㄡˊ
遠意,1,ㄩㄢˇ ㄧˋ
遠裔,1,ㄩㄢˇ ㄧˋ
遠話,1,ㄩㄢˇ ㄏㄨㄚˋ
遠謀,1,ㄩㄢˇ ㄇㄡˊ
遠赴,1,ㄩㄢˇ ㄈㄨˋ
遠迎,1,ㄩㄢˇ ㄧㄥˊ
遠遁,1,ㄩㄢˇ ㄉㄨㄣˋ
遣人,1,ㄑㄧㄢˇ ㄖㄣˊ
遣兵,1,ㄑㄧㄢˇ ㄅㄧㄥ
遣刑,1,ㄑㄧㄢˇ ㄒㄧㄥˊ
遣回,1,ㄑㄧㄢˇ ㄏㄨㄟˊ
遣奠,1,ㄑㄧㄢˇ ㄉㄧㄢˋ
遣戍,1,ㄑㄧㄢˇ ㄕㄨˋ
遣撥,1,ㄑㄧㄢˇ ㄅㄛ
遣施,1,ㄑㄧㄢˇ ㄕ
遣時,1,ㄑㄧㄢˇ ㄕˊ
遣發,1,ㄑㄧㄢˇ ㄈㄚ
遣車,1,ㄑㄧㄢˇ ㄔㄜ
遣辭,1,ㄑㄧㄢˇ ㄘˊ
遨頭,1,ㄠˊ ㄊㄡˊ
適人,1,ㄕˋ ㄖㄣˊ
適來,1,ㄕˋ ㄌㄞˊ
適值,1,ㄕˋ ㄓˊ
適孫,1,ㄉㄧˊ ㄙㄨㄣ
適從,1,ㄕˋ ㄘㄨㄥˊ
適性,1,ㄕˋ ㄒㄧㄥˋ
適悶,1,ㄕˋ ㄇㄣˋ
適然,1,ㄕˋ ㄖㄢˊ
適銷,1,ㄕˋ ㄒㄧㄠ
適間,1,ㄕˋ ㄐㄧㄢ
遭心,1,ㄗㄠ ㄒㄧㄣ
遭業,1,ㄗㄠ ㄧㄝˋ
遭瘟,1,ㄗㄠ ㄨㄣ
遭罪,1,ㄗㄠ ㄗㄨㄟˋ
遭際,1,ㄗㄠ ㄐㄧˋ
遮堂,1,ㄓㄜ ㄊㄤˊ
遮天,1,ㄓㄜ ㄊㄧㄢ
遮挽,1,ㄓㄜ ㄨㄢˇ
遮擊,1,ㄓㄜ ㄐㄧˊ
遮止,1,ㄓㄜ ㄓˇ
遮沒,1,ㄓㄜ ㄇㄛˋ
遮羅,1,ㄓㄜ ㄌㄨㄛˊ
遮莫,1,ㄓㄜ ㄇㄛˋ
遮藏,1,ㄓㄜ ㄘㄤˊ
遮說,1,ㄓㄜˇ ㄕㄨㄛ˙
遮護,1,ㄓㄜ ㄏㄨˋ
遮道,1,ㄓㄜ ㄉㄠˋ
遮飾,1,ㄓㄜ ㄕˋ
遯心,1,ㄉㄨㄣˋ ㄒㄧㄣ
遯辭,1,ㄉㄨㄣˋ ㄘˊ
遲回,1,ㄔˊ ㄏㄨㄟˊ
遲明,1,ㄓˋ ㄇㄧㄥˊ
遲歸,1,ㄔˊ ㄍㄨㄟ
遲留,1,ㄔˊ ㄌㄧㄡˊ
遲累,1,ㄔˊ ㄌㄟˋ
遲脈,1,ㄔˊ ㄇㄞˋ
遲迴,1,ㄔˊ ㄏㄨㄟˊ
遲速,1,ㄔˊ ㄙㄨˋ
遴嗇,1,ㄌㄧㄣˋ ㄙㄜˋ
遴定,1,ㄌㄧㄣˊ ㄉㄧㄥˋ
遴柬,1,ㄌㄧㄣˊ ㄐㄧㄢˇ
遴派,1,ㄌㄧㄣˊ ㄆㄞˋ
遴聘,1,ㄌㄧㄣˊ ㄆㄧㄣˋ
遵紬,1,ㄗㄨㄣ ㄔㄡˊ
遶境,1,ㄖㄠˋ ㄐㄧㄥˋ
遷人,1,ㄑㄧㄢ ㄖㄣˊ
遷化,1,ㄑㄧㄢ ㄏㄨㄚˋ
遷喬,1,ㄑㄧㄢ ㄑㄧㄠˊ
遷客,1,ㄑㄧㄢ ㄎㄜˋ
遷斥,1,ㄑㄧㄢ ㄔˋ
遷染,1,ㄑㄧㄢ ㄖㄢˇ
遷次,1,ㄑㄧㄢ ㄘˋ
遷正,1,ㄑㄧㄢ ㄓㄥˋ
遷神,1,ㄑㄧㄢ ㄕㄣˊ
遷葬,1,ㄑㄧㄢ ㄗㄤˋ
遷訛,1,ㄑㄧㄢ ㄜˊ
遷謫,1,ㄑㄧㄢ ㄓㄜˊ
遷貿,1,ㄑㄧㄢ ㄇㄠˋ
遷除,1,ㄑㄧㄢ ㄔㄨˊ
遷離,1,ㄑㄧㄢ ㄌㄧˊ
遷鼎,1,ㄑㄧㄢ ㄉㄧㄥˇ
選事,1,ㄒㄩㄢˇ ㄕˋ
選人,1,ㄒㄩㄢˇ ㄖㄣˊ
選侍,1,ㄒㄩㄢˇ ㄕˋ
選刊,1,ㄒㄩㄢˇ ㄎㄢ
選場,1,ㄒㄩㄢˇ ㄔㄤˊ
選填,1,ㄒㄩㄢˇ ㄊㄧㄢˊ
選士,1,ㄒㄩㄢˇ ㄕˋ
選官,1,ㄒㄩㄢˇ ㄍㄨㄢ
選家,1,ㄒㄩㄢˇ ㄐㄧㄚ
選懦,1,ㄒㄩㄢˇ ㄋㄨㄛˋ
選聘,1,ㄒㄩㄢˇ ㄆㄧㄣˋ
選調,1,ㄒㄩㄢˇ ㄉㄧㄠˋ
選閱,1,ㄒㄩㄢˇ ㄩㄝˋ
選體,1,ㄒㄩㄢˇ ㄊㄧˇ
遹皇,1,ㄩˋ ㄏㄨㄤˊ
遹追,1,ㄩˋ ㄓㄨㄟ
遺世,1,ㄧˊ ㄕˋ
遺事,1,ㄧˊ ㄕˋ
遺光,1,ㄧˊ ㄍㄨㄤ
遺少,1,ㄧˊ ㄕㄠˋ
遺才,1,ㄧˊ ㄘㄞˊ
遺挂,1,ㄧˊ ㄍㄨㄚˋ
遺書,1,ㄨㄟˋ ㄕㄨ
遺澤,1,ㄧˊ ㄗㄜˊ
遺火,1,ㄧˊ ㄏㄨㄛˇ
遺烈,1,ㄧˊ ㄌㄧㄝˋ
遺直,1,ㄧˊ ㄓˊ
遺筆,1,ㄧˊ ㄅㄧˇ
遺篇,1,ㄧˊ ㄆㄧㄢ
遺聞,1,ㄧˊ ㄨㄣˊ
遺腹,1,ㄧˊ ㄈㄨˋ
遺臭,1,ㄧˊ ㄔㄡˋ
遺行,1,ㄧˊ ㄒㄧㄥˋ
遺表,1,ㄧˊ ㄅㄧㄠˇ
遺音,1,ㄧˊ ㄧㄣ
遺響,1,ㄧˊ ㄒㄧㄤˇ
遼朗,1,ㄌㄧㄠˊ ㄌㄤˇ
遼朝,1,ㄌㄧㄠˊ ㄔㄠˊ
遼落,1,ㄌㄧㄠˊ ㄌㄨㄛˋ
遼遼,1,ㄌㄧㄠˊ ㄌㄧㄠˊ
遽人,1,ㄐㄩˋ ㄖㄣˊ
遽色,1,ㄐㄩˋ ㄙㄜˋ
遽變,1,ㄐㄩˋ ㄅㄧㄢˋ
遽退,1,ㄐㄩˋ ㄊㄨㄟˋ
避乖,1,ㄅㄧˋ ㄍㄨㄞ
避地,1,ㄅㄧˋ ㄉㄧˋ
避宅,1,ㄅㄧˋ ㄓㄞˊ
避就,1,ㄅㄧˋ ㄐㄧㄡˋ
避煞,1,ㄅㄧˋ ㄕㄚˋ
避衰,1,ㄅㄧˋ ㄕㄨㄞ
避賢,1,ㄅㄧˋ ㄒㄧㄢˊ
邀劫,1,ㄧㄠ ㄐㄧㄝˊ
邀勒,1,ㄧㄠ ㄌㄜˋ
邀喝,1,ㄧㄠ ㄏㄜˋ
邀擊,1,ㄧㄠ ㄐㄧˊ
邀斤,1,ㄧㄠ ㄐㄧㄣ
邀會,1,ㄧㄠ ㄏㄨㄟˋ
邀求,1,ㄧㄠ ㄑㄧㄡˊ
邀留,1,ㄧㄠ ㄌㄧㄡˊ
邀舞,1,ㄧㄠ ㄨˇ
邀訪,1,ㄧㄠ ㄈㄤˇ
邀遮,1,ㄧㄠ ㄓㄜ
邁上,1,ㄇㄞˋ ㄕㄤˋ
邁世,1,ㄇㄞˋ ㄕˋ
邁跡,1,ㄇㄞˋ ㄐㄧ
邁達,1,ㄇㄞˋ ㄉㄚˊ
邃宇,1,ㄙㄨㄟˋ ㄩˇ
邃戶,1,ㄙㄨㄟˋ ㄏㄨˋ
還丹,1,ㄏㄨㄢˊ ㄉㄢ
還來,1,ㄏㄨㄢˊ ㄌㄞˊ
還券,1,ㄏㄨㄢˊ ㄑㄩㄢˋ
還嬰,1,ㄏㄨㄢˊ ㄧㄥ
還忌,1,ㄏㄨㄢˊ ㄐㄧˋ
還性,1,ㄏㄨㄢˊ ㄒㄧㄥˋ
還惺,1,ㄏㄨㄢˊ ㄒㄧㄥ
還目,1,ㄏㄨㄢˊ ㄇㄨˋ
還翰,1,ㄏㄨㄢˊ ㄏㄢˋ
還言,1,ㄏㄨㄢˊ ㄧㄢˊ
還辟,1,ㄏㄨㄢˊ ㄅㄧˋ
還都,1,ㄏㄨㄢˊ ㄉㄨ
還飆,1,ㄏㄨㄢˊ ㄅㄧㄠ
還首,1,ㄏㄨㄢˊ ㄕㄡˇ
邅回,1,ㄓㄢ ㄏㄨㄟˊ
邇言,1,ㄦˇ ㄧㄢˊ
邊亭,1,ㄅㄧㄢ ㄊㄧㄥˊ
邊儲,1,ㄅㄧㄢ ㄔㄨˊ
邊務,1,ㄅㄧㄢ ㄨˋ
邊卡,1,ㄅㄧㄢ ㄑㄧㄚˇ
邊土,1,ㄅㄧㄢ ㄊㄨˇ
邊坡,1,ㄅㄧㄢ ㄆㄛ
邊報,1,ㄅㄧㄢ ㄅㄠˋ
邊塵,1,ㄅㄧㄢ ㄔㄣˊ
邊客,1,ㄅㄧㄢ ㄎㄜˋ
邊將,1,ㄅㄧㄢ ㄐㄧㄤˋ
邊庭,1,ㄅㄧㄢ ㄊㄧㄥˊ
邊廂,1,ㄅㄧㄢ ㄒㄧㄤ
邊心,1,ㄅㄧㄢ ㄒㄧㄣ
邊方,1,ㄅㄧㄢ ㄈㄤ
邊果,1,ㄅㄧㄢ ㄍㄨㄛˇ
邊燧,1,ㄅㄧㄢ ㄙㄨㄟˋ
邊罏,1,ㄅㄧㄢ ㄌㄨˊ
邊聲,1,ㄅㄧㄢ ㄕㄥ
邊荒,1,ㄅㄧㄢ ㄏㄨㄤ
邊裔,1,ㄅㄧㄢ ㄧˋ
邊警,1,ㄅㄧㄢ ㄐㄧㄥˇ
邊鄙,1,ㄅㄧㄢ ㄅㄧˇ
邊音,1,ㄅㄧㄢ ㄧㄣ
邊頭,1,ㄅㄧㄢ ㄊㄡˊ
邊騎,1,ㄅㄧㄢ ㄐㄧˋ
邊鸞,1,ㄅㄧㄢ ㄌㄨㄢˊ
邊鼓,1,ㄅㄧㄢ ㄍㄨˇ
邋邋,1,ㄌㄧㄝˋ ㄌㄧㄝˋ
邏卒,1,ㄌㄨㄛˊ ㄗㄨˊ
邏娑,1,ㄌㄨㄛˊ ㄙㄨㄛ
邏所,1,ㄌㄨㄛˊ ㄙㄨㄛˇ
邏騎,1,ㄌㄨㄛˊ ㄐㄧˋ
邑侯,1,ㄧˋ ㄏㄡˊ
邑君,1,ㄧˋ ㄐㄩㄣ
邑子,1,ㄧˋ ㄗˇ
邑庠,1,ㄧˋ ㄒㄧㄤˊ
邑邑,1,ㄧˋ ㄧˋ
邑里,1,ㄧˋ ㄌㄧˇ
邕劇,1,ㄩㄥ ㄐㄩˋ
邕邕,1,ㄩㄥ ㄩㄥ
邗溝,1,ㄏㄢˊ ㄍㄡ
邛杖,1,ㄑㄩㄥˊ ㄓㄤˋ
邠如,1,ㄅㄧㄣ ㄖㄨˊ
邠州,1,ㄅㄧㄣ ㄓㄡ
邠縣,1,ㄅㄧㄣ ㄒㄧㄢˋ
邢侗,1,ㄒㄧㄥˊ ㄊㄨㄥˊ
邢昺,1,ㄒㄧㄥˊ ㄅㄧㄥˇ
邢窯,1,ㄒㄧㄥˊ ㄧㄠˊ
那下,1,ㄋㄚˋ ㄒㄧㄚˋ
那借,1,ㄋㄨㄛˊ ㄐㄧㄝˋ
那動,1,ㄋㄨㄛˊ ㄉㄨㄥˋ
那匡,1,ㄋㄚˇ ㄎㄨㄤ
那咱,1,ㄋㄚˋ ㄗㄢ˙
那哼,1,ㄋㄚˇ ㄏㄥ
那得,1,ㄋㄚˇ ㄉㄜˊ
那搭,1,ㄋㄚˇ ㄉㄚ
那搭,1,ㄋㄚˋ ㄉㄚ
那更,1,ㄋㄚˋ ㄍㄥˋ
那步,1,ㄋㄨㄛˊ ㄅㄨˋ
那爭,1,ㄋㄚˇ ㄓㄥ
那等,1,ㄋㄚˇ ㄉㄥˇ
那等,1,ㄋㄚˋ ㄉㄥˇ
那般,1,ㄋㄚˇ ㄅㄢ
邥垂,1,ㄕㄣˇ ㄔㄨㄟˊ
邦伯,1,ㄅㄤ ㄅㄛˊ
邦域,1,ㄅㄤ ㄩˋ
邦士,1,ㄅㄤ ㄕˋ
邦媛,1,ㄅㄤ ㄩㄢˋ
邦教,1,ㄅㄤ ㄐㄧㄠˋ
邦族,1,ㄅㄤ ㄗㄨˊ
邦甸,1,ㄅㄤ ㄉㄧㄢˋ
邦禁,1,ㄅㄤ ㄐㄧㄣˋ
邦老,1,ㄅㄤ ㄌㄠˇ
邦門,1,ㄅㄤ ㄇㄣˊ
邪偽,1,ㄒㄧㄝˊ ㄨㄟˋ
邪呼,1,ㄧㄝˊ ㄏㄨ
邪徑,1,ㄒㄧㄝˊ ㄐㄧㄥˋ
邪曲,1,ㄒㄧㄝˊ ㄑㄩ
邪派,1,ㄒㄧㄝˊ ㄆㄞˋ
邪皮,1,ㄒㄧㄝˊ ㄆㄧˊ
邪神,1,ㄒㄧㄝˊ ㄕㄣˊ
邪祟,1,ㄒㄧㄝˊ ㄙㄨㄟˋ
邪行,1,ㄒㄧㄝˊ ㄒㄧㄥˋ
邪行,1,ㄒㄧㄝˊ ㄒㄧㄥ˙
邪視,1,ㄒㄧㄝˊ ㄕˋ
邪許,1,ㄧㄝˊ ㄏㄨˇ
邪謀,1,ㄒㄧㄝˊ ㄇㄡˊ
邪道,1,ㄒㄧㄝˊ ㄉㄠ˙
邱壑,1,ㄑㄧㄡ ㄏㄨㄛˋ
邳縣,1,ㄆㄟˊ ㄒㄧㄢˋ
邳邳,1,ㄆㄟˊ ㄆㄟˊ
邴邴,1,ㄅㄧㄥˇ ㄅㄧㄥˇ
邵美,1,ㄕㄠˋ ㄇㄟˇ
邵雍,1,ㄕㄠˋ ㄩㄥ
邶風,1,ㄅㄟˋ ㄈㄥ
邸報,1,ㄉㄧˇ ㄅㄠˋ
邸弟,1,ㄉㄧˇ ㄉㄧˋ
邸抄,1,ㄉㄧˇ ㄔㄠ
邸舍,1,ㄉㄧˇ ㄕㄜˋ
邾婁,1,ㄓㄨ ㄌㄡˊ
郁哉,1,ㄩˋ ㄗㄞ
郁李,1,ㄩˋ ㄌㄧˇ
郁樸,1,ㄩˋ ㄆㄨˊ
郅支,1,ㄓˋ ㄓ
郅治,1,ㄓˋ ㄓˋ
郅隆,1,ㄓˋ ㄌㄨㄥˊ
郇廚,1,ㄒㄩㄣˊ ㄔㄨˊ
郊坰,1,ㄐㄧㄠ ㄐㄩㄥ
郊壇,1,ㄐㄧㄠ ㄊㄢˊ
郊廟,1,ㄐㄧㄠ ㄇㄧㄠˋ
郊甸,1,ㄐㄧㄠ ㄉㄧㄢˋ
郊社,1,ㄐㄧㄠ ㄕㄜˋ
郊祭,1,ㄐㄧㄠ ㄐㄧˋ
郊禋,1,ㄐㄧㄠ ㄧㄣ
郊迎,1,ㄐㄧㄠ ㄧㄥˊ
郎主,1,ㄌㄤˊ ㄓㄨˇ
郎伯,1,ㄌㄤˊ ㄅㄛˊ
郎個,1,ㄌㄤˊ ㄍㄜ˙
郎子,1,ㄌㄤˊ ㄗˇ
郎格,1,ㄌㄤˊ ㄍㄜˊ
郎當,1,ㄌㄤˊ ㄉㄤ
郎窯,1,ㄌㄤˊ ㄧㄠˊ
郎署,1,ㄌㄤˊ ㄕㄨˇ
郎貓,1,ㄌㄤˊ ㄇㄠ
郗鑒,1,ㄔ ㄐㄧㄢˋ
郘鐘,1,ㄌㄩˇ ㄓㄨㄥ
郛郭,1,ㄈㄨˊ ㄍㄨㄛ
郜鼎,1,ㄍㄠˋ ㄉㄧㄥˇ
郟室,1,ㄐㄧㄚˊ ㄕˋ
郡丞,1,ㄐㄩㄣˋ ㄔㄥˊ
郡侯,1,ㄐㄩㄣˋ ㄏㄡˊ
郡公,1,ㄐㄩㄣˋ ㄍㄨㄥ
郡君,1,ㄐㄩㄣˋ ㄐㄩㄣ
郡尉,1,ㄐㄩㄣˋ ㄨㄟˋ
郡府,1,ㄐㄩㄣˋ ㄈㄨˇ
郡庠,1,ㄐㄩㄣˋ ㄒㄧㄤˊ
郡望,1,ㄐㄩㄣˋ ㄨㄤˋ
郡邑,1,ㄐㄩㄣˋ ㄧˋ
郡馬,1,ㄐㄩㄣˋ ㄇㄚˇ
郢匠,1,ㄧㄥˇ ㄐㄧㄤˋ
郢政,1,ㄧㄥˇ ㄓㄥˋ
郢斲,1,ㄧㄥˇ ㄓㄨㄛˊ
郢正,1,ㄧㄥˇ ㄓㄥˋ
郢都,1,ㄧㄥˇ ㄉㄨ
部伍,1,ㄅㄨˋ ㄨˇ
部分,1,ㄅㄨˋ ㄈㄣ˙
部列,1,ㄅㄨˋ ㄌㄧㄝˋ
部勒,1,ㄅㄨˋ ㄌㄜˋ
部務,1,ㄅㄨˋ ㄨˋ
部卒,1,ㄅㄨˋ ㄗㄨˊ
部堂,1,ㄅㄨˋ ㄊㄤˊ
部尺,1,ㄅㄨˋ ㄔˇ
部帙,1,ㄅㄨˋ ㄓˋ
部從,1,ㄅㄨˋ ㄗㄨㄥˋ
部曲,1,ㄅㄨˋ ㄑㄩ
部曹,1,ㄅㄨˋ ㄘㄠˊ
部照,1,ㄅㄨˋ ㄓㄠˋ
部眾,1,ㄅㄨˋ ㄓㄨㄥˋ
部縣,1,ㄅㄨˋ ㄒㄧㄢˋ
部陣,1,ㄅㄨˋ ㄓㄣˋ
部陳,1,ㄅㄨˋ ㄓㄣˋ
部黨,1,ㄅㄨˋ ㄉㄤˇ
郪江,1,ㄑㄧ ㄐㄧㄤ
郫筒,1,ㄆㄧˊ ㄊㄨㄥˇ
郭公,1,ㄍㄨㄛ ㄍㄨㄥ
郭巨,1,ㄍㄨㄛ ㄐㄩˋ
郭熙,1,ㄍㄨㄛ ㄒㄧ
郭璞,1,ㄍㄨㄛ ㄆㄨˊ
郭索,1,ㄍㄨㄛ ㄙㄨㄛˇ
郭解,1,ㄍㄨㄛ ㄐㄧㄝˇ
郭門,1,ㄍㄨㄛ ㄇㄣˊ
郯子,1,ㄊㄢˊ ㄗˇ
郴江,1,ㄔㄣ ㄐㄧㄤ
郵傳,1,ㄧㄡˊ ㄔㄨㄢˊ
郵吏,1,ㄧㄡˊ ㄌㄧˋ
郵子,1,ㄧㄡˊ ㄗˇ
郵官,1,ㄧㄡˊ ㄍㄨㄢ
郵展,1,ㄧㄡˊ ㄓㄢˇ
郵片,1,ㄧㄡˊ ㄆㄧㄢˋ
郵花,1,ㄧㄡˊ ㄏㄨㄚ
郵館,1,ㄧㄡˊ ㄍㄨㄢˇ
郵驛,1,ㄧㄡˊ ㄧˋ
都中,1,ㄉㄨ ㄓㄨㄥ
都來,1,ㄉㄨ ㄌㄞˊ
都保,1,ㄉㄨ ㄅㄠˇ
都嚕,1,ㄉㄨ ㄌㄨ˙
都坑,1,ㄉㄨ ㄎㄥ
都大,1,ㄉㄨ ㄉㄚˋ
都子,1,ㄉㄨ ㄗˇ
都寺,1,ㄉㄨ ㄙˋ
都抹,1,ㄉㄨ ㄇㄛˇ
都管,1,ㄉㄨ ㄍㄨㄢˇ
都纂,1,ㄉㄨ ㄗㄨㄢˇ
都試,1,ㄉㄨ ㄕˋ
都講,1,ㄉㄨ ㄐㄧㄤˇ
都護,1,ㄉㄨ ㄏㄨˋ
都轄,1,ㄉㄨ ㄒㄧㄚˊ
都鄙,1,ㄉㄨ ㄅㄧˇ
都門,1,ㄉㄨ ㄇㄣˊ
都雅,1,ㄉㄨ ㄧㄚˇ
都頭,1,ㄉㄨ ㄊㄡˊ
都鬼,1,ㄉㄨ ㄍㄨㄟˇ
都齊,1,ㄉㄡ ㄑㄧˊ
郿塢,1,ㄇㄟˊ ㄨˋ
郿縣,1,ㄇㄟˊ ㄒㄧㄢˋ
郿鄠,1,ㄇㄟˊ ㄏㄨˋ
鄂博,1,ㄜˋ ㄅㄛˊ
鄂鄂,1,ㄜˋ ㄜˋ
鄄城,1,ㄐㄩㄢˋ ㄔㄥˊ
鄉中,1,ㄒㄧㄤ ㄓㄨㄥ
鄉佐,1,ㄒㄧㄤ ㄗㄨㄛˇ
鄉侯,1,ㄒㄧㄤ ㄏㄡˊ
鄉信,1,ㄒㄧㄤ ㄒㄧㄣˋ
鄉僻,1,ㄒㄧㄤ ㄆㄧˋ
鄉國,1,ㄒㄧㄤ ㄍㄨㄛˊ
鄉團,1,ㄒㄧㄤ ㄊㄨㄢˊ
鄉學,1,ㄒㄧㄤ ㄒㄩㄝˊ
鄉官,1,ㄒㄧㄤ ㄍㄨㄢ
鄉宦,1,ㄒㄧㄤ ㄏㄨㄢˋ
鄉愚,1,ㄒㄧㄤ ㄩˊ
鄉戶,1,ㄒㄧㄤ ㄏㄨˋ
鄉故,1,ㄒㄧㄤ ㄍㄨˋ
鄉方,1,ㄒㄧㄤˋ ㄈㄤ
鄉曲,1,ㄒㄧㄤ ㄑㄩ
鄉書,1,ㄒㄧㄤ ㄕㄨ
鄉望,1,ㄒㄧㄤ ㄨㄤˋ
鄉梓,1,ㄒㄧㄤ ㄗˇ
鄉歌,1,ㄒㄧㄤ ㄍㄜ
鄉氣,1,ㄒㄧㄤ ㄑㄧˋ
鄉約,1,ㄒㄧㄤ ㄩㄝ
鄉老,1,ㄒㄧㄤ ㄌㄠˇ
鄉豪,1,ㄒㄧㄤ ㄏㄠˊ
鄉貢,1,ㄒㄧㄤ ㄍㄨㄥˋ
鄉貫,1,ㄒㄧㄤ ㄍㄨㄢˋ
鄉郵,1,ㄒㄧㄤ ㄧㄡˊ
鄉面,1,ㄒㄧㄤ ㄇㄧㄢˋ
鄉頭,1,ㄒㄧㄤ ㄊㄡˊ
鄉風,1,ㄒㄧㄤ ㄈㄥ
鄒忌,1,ㄗㄡ ㄐㄧˋ
鄒衍,1,ㄗㄡ ㄧㄢˇ
鄒魯,1,ㄗㄡ ㄌㄨˇ
鄖縣,1,ㄩㄣˊ ㄒㄧㄢˋ
鄖陽,1,ㄩㄣˊ ㄧㄤˊ
鄙事,1,ㄅㄧˇ ㄕˋ
鄙俗,1,ㄅㄧˇ ㄙㄨˊ
鄙俚,1,ㄅㄧˇ ㄌㄧˇ
鄙倍,1,ㄅㄧˇ ㄅㄟˋ
鄙厭,1,ㄅㄧˇ ㄧㄢˋ
鄙固,1,ㄅㄧˇ ㄍㄨˋ
鄙家,1,ㄅㄧˇ ㄐㄧㄚ
鄙屑,1,ㄅㄧˇ ㄒㄧㄝˋ
鄙師,1,ㄅㄧˇ ㄕ
鄙悃,1,ㄅㄧˇ ㄎㄨㄣˇ
鄙懷,1,ㄅㄧˇ ㄏㄨㄞˊ
鄙斥,1,ㄅㄧˇ ㄔˋ
鄙易,1,ㄅㄧˇ ㄧˋ
鄙猥,1,ㄅㄧˇ ㄨㄟˇ
鄙生,1,ㄅㄧˇ ㄕㄥ
鄙累,1,ㄅㄧˇ ㄌㄟˋ
鄙背,1,ㄅㄧˇ ㄅㄟˋ
鄙袒,1,ㄅㄧˇ ㄊㄢˇ
鄙詐,1,ㄅㄧˇ ㄓㄚˋ
鄙語,1,ㄅㄧˇ ㄩˇ
鄙誠,1,ㄅㄧˇ ㄔㄥˊ
鄙諺,1,ㄅㄧˇ ㄧㄢˋ
鄙近,1,ㄅㄧˇ ㄐㄧㄣˋ
鄙遠,1,ㄅㄧˇ ㄩㄢˇ
鄙野,1,ㄅㄧˇ ㄧㄝˇ
鄜州,1,ㄈㄨ ㄓㄡ
鄜縣,1,ㄈㄨ ㄒㄧㄢˋ
鄞縣,1,ㄧㄣˊ ㄒㄧㄢˋ
鄢水,1,ㄧㄢ ㄕㄨㄟˇ
鄣壅,1,ㄓㄤ ㄩㄥ
鄧沙,1,ㄉㄥˋ ㄕㄚ
鄧通,1,ㄉㄥˋ ㄊㄨㄥ
鄭吉,1,ㄓㄥˋ ㄐㄧˊ
鄭履,1,ㄓㄥˋ ㄌㄩˇ
鄭旦,1,ㄓㄥˋ ㄉㄢˋ
鄭樵,1,ㄓㄥˋ ㄑㄧㄠˊ
鄭燮,1,ㄓㄥˋ ㄒㄧㄝˋ
鄭玄,1,ㄓㄥˋ ㄒㄩㄢˊ
鄭眾,1,ㄓㄥˋ ㄓㄨㄥˋ
鄭箋,1,ㄓㄥˋ ㄐㄧㄢ
鄭聲,1,ㄓㄥˋ ㄕㄥ
鄭虔,1,ㄓㄥˋ ㄑㄧㄢˊ
鄭音,1,ㄓㄥˋ ㄧㄣ
鄮縣,1,ㄇㄠˋ ㄒㄧㄢˋ
鄯善,1,ㄕㄢˋ ㄕㄢˋ
鄰佑,1,ㄌㄧㄣˊ ㄧㄡˋ
鄰右,1,ㄌㄧㄣˊ ㄧㄡˋ
鄰左,1,ㄌㄧㄣˊ ㄗㄨㄛˇ
鄰座,1,ㄌㄧㄣˊ ㄗㄨㄛˋ
鄰敵,1,ㄌㄧㄣˊ ㄉㄧˊ
鄰曲,1,ㄌㄧㄣˊ ㄑㄩ
鄰比,1,ㄌㄧㄣˊ ㄅㄧˋ
鄰熟,1,ㄌㄧㄣˊ ㄕㄨˊ
鄰睦,1,ㄌㄧㄣˊ ㄇㄨˋ
鄴架,1,ㄧㄝˋ ㄐㄧㄚˋ
鄹邑,1,ㄗㄡ ㄧˋ
酃淥,1,ㄌㄧㄥˊ ㄌㄨˋ
酃湖,1,ㄌㄧㄥˊ ㄏㄨˊ
酃縣,1,ㄌㄧㄥˊ ㄒㄧㄢˋ
酆都,1,ㄈㄥ ㄉㄨ
酉時,1,ㄧㄡˇ ㄕˊ
酋矛,1,ㄑㄧㄡˊ ㄇㄠˊ
酌中,1,ㄓㄨㄛˊ ㄓㄨㄥ
酌奪,1,ㄓㄨㄛˊ ㄉㄨㄛˊ
酌定,1,ㄓㄨㄛˊ ㄉㄧㄥˋ
酌獻,1,ㄓㄨㄛˊ ㄒㄧㄢˋ
酌飲,1,ㄓㄨㄛˊ ㄧㄣˇ
配上,1,ㄆㄟˋ ㄕㄤ˙
配享,1,ㄆㄟˋ ㄒㄧㄤˇ
配伍,1,ㄆㄟˋ ㄨˇ
配光,1,ㄆㄟˋ ㄍㄨㄤ
配客,1,ㄆㄟˋ ㄎㄜˋ
配屬,1,ㄆㄟˋ ㄕㄨˇ
配所,1,ㄆㄟˋ ㄙㄨㄛˇ
配搭,1,ㄆㄟˋ ㄉㄚ
配景,1,ㄆㄟˋ ㄐㄧㄥˇ
配本,1,ㄆㄟˋ ㄅㄣˇ
配業,1,ㄆㄟˋ ㄧㄝˋ
配殿,1,ㄆㄟˋ ㄉㄧㄢˋ
配流,1,ㄆㄟˋ ㄌㄧㄡˊ
配票,1,ㄆㄟˋ ㄆㄧㄠˋ
配稱,1,ㄆㄟˋ ㄔㄥˋ
配藜,1,ㄆㄟˋ ㄌㄧˊ
配貨,1,ㄆㄟˋ ㄏㄨㄛˋ
配購,1,ㄆㄟˋ ㄍㄡˋ
配送,1,ㄆㄟˋ ㄙㄨㄥˋ
配隸,1,ㄆㄟˋ ㄌㄧˋ
配頭,1,ㄆㄟˋ ㄊㄡ˙
配飾,1,ㄆㄟˋ ㄕˋ
配饗,1,ㄆㄟˋ ㄒㄧㄤˇ
酎金,1,ㄓㄡˋ ㄐㄧㄣ
酏劑,1,ㄧˊ ㄐㄧˋ
酒人,1,ㄐㄧㄡˇ ㄖㄣˊ
酒務,1,ㄐㄧㄡˇ ㄨˋ
酒困,1,ㄐㄧㄡˇ ㄎㄨㄣˋ
酒坐,1,ㄐㄧㄡˇ ㄗㄨㄛˋ
酒帘,1,ㄐㄧㄡˇ ㄌㄧㄢˊ
酒幌,1,ㄐㄧㄡˇ ㄏㄨㄤˇ
酒底,1,ㄐㄧㄡˇ ㄉㄧˇ
酒廊,1,ㄐㄧㄡˇ ㄌㄤˊ
酒德,1,ㄐㄧㄡˇ ㄉㄜˊ
酒惡,1,ㄐㄧㄡˇ ㄜˇ
酒戒,1,ㄐㄧㄡˇ ㄐㄧㄝˋ
酒戶,1,ㄐㄧㄡˇ ㄏㄨˋ
酒提,1,ㄐㄧㄡˇ ㄊㄧˊ
酒旆,1,ㄐㄧㄡˇ ㄆㄟˋ
酒星,1,ㄐㄧㄡˇ ㄒㄧㄥ
酒暈,1,ㄐㄧㄡˇ ㄩㄣˋ
酒曲,1,ㄐㄧㄡˇ ㄑㄩˇ
酒材,1,ㄐㄧㄡˇ ㄘㄞˊ
酒水,1,ㄐㄧㄡˇ ㄕㄨㄟˇ
酒汁,1,ㄐㄧㄡˇ ㄓ
酒池,1,ㄐㄧㄡˇ ㄔˊ
酒漿,1,ㄐㄧㄡˇ ㄐㄧㄤ
酒疹,1,ㄐㄧㄡˇ ㄓㄣˇ
酒硬,1,ㄐㄧㄡˇ ㄧㄥˋ
酒社,1,ㄐㄧㄡˇ ㄕㄜˋ
酒窖,1,ㄐㄧㄡˇ ㄐㄧㄠˋ
酒筵,1,ㄐㄧㄡˇ ㄧㄢˊ
酒聖,1,ㄐㄧㄡˇ ㄕㄥˋ
酒肴,1,ㄐㄧㄡˇ ㄧㄠˊ
酒胡,1,ㄐㄧㄡˇ ㄏㄨˊ
酒觴,1,ㄐㄧㄡˇ ㄕㄤ
酒誥,1,ㄐㄧㄡˇ ㄍㄠˋ
酒酣,1,ㄐㄧㄡˇ ㄏㄢ
酒鋪,1,ㄐㄧㄡˇ ㄆㄨˋ
酒錢,1,ㄐㄧㄡˇ ㄑㄧㄢ˙
酒闌,1,ㄐㄧㄡˇ ㄌㄢˊ
酒面,1,ㄐㄧㄡˇ ㄇㄧㄢˋ
酒靨,1,ㄐㄧㄡˇ ㄧㄝˋ
酒饌,1,ㄐㄧㄡˇ ㄓㄨㄢˋ
酒香,1,ㄐㄧㄡˇ ㄒㄧㄤ
酒鱉,1,ㄐㄧㄡˇ ㄅㄧㄝ
酖毒,1,ㄓㄣˋ ㄉㄨˊ
酖酖,1,ㄉㄢ ㄉㄢ
酗訟,1,ㄒㄩˋ ㄙㄨㄥˋ
酚類,1,ㄈㄣ ㄌㄟˋ
酡顏,1,ㄊㄨㄛˊ ㄧㄢˊ
酢敗,1,ㄘㄨˋ ㄅㄞˋ
酣夢,1,ㄏㄢ ㄇㄥˋ
酣放,1,ㄏㄢ ㄈㄤˋ
酣豢,1,ㄏㄢ ㄏㄨㄢˋ
酣邊,1,ㄏㄢ ㄅㄧㄢ
酣酣,1,ㄏㄢ ㄏㄢ
酣飫,1,ㄏㄢ ㄩˋ
酥倒,1,ㄙㄨ ㄉㄠˇ
酥燒,1,ㄙㄨ ㄕㄠ
酥簽,1,ㄙㄨ ㄑㄧㄢ
酥酪,1,ㄙㄨ ㄌㄨㄛˋ
酩酊,1,ㄇㄧㄥˇ ㄉㄧㄥˇ
酪乳,1,ㄌㄨㄛˋ ㄖㄨˇ
酪奴,1,ㄌㄨㄛˋ ㄋㄨˊ
酪素,1,ㄌㄨㄛˋ ㄙㄨˋ
酪農,1,ㄌㄨㄛˋ ㄋㄨㄥˊ
酪酥,1,ㄌㄨㄛˋ ㄙㄨ
酬和,1,ㄔㄡˊ ㄏㄜˋ
酬唱,1,ㄔㄡˊ ㄔㄤˋ
酬對,1,ㄔㄡˊ ㄉㄨㄟˋ
酬庸,1,ㄔㄡˊ ㄩㄥˊ
酬應,1,ㄔㄡˊ ㄧㄥˋ
酬直,1,ㄔㄡˊ ㄓˊ
酬賓,1,ㄔㄡˊ ㄅㄧㄣ
酬賽,1,ㄔㄡˊ ㄙㄞˋ
酯酶,1,ㄓˇ ㄇㄟˊ
酴酥,1,ㄊㄨˊ ㄙㄨ
酴醾,1,ㄊㄨˊ ㄇㄧˊ
酷嗜,1,ㄎㄨˋ ㄕˋ
酸丁,1,ㄙㄨㄢ ㄉㄧㄥ
酸乳,1,ㄙㄨㄢ ㄖㄨˇ
酸嘶,1,ㄙㄨㄢ ㄙ
酸子,1,ㄙㄨㄢ ㄗˇ
酸寒,1,ㄙㄨㄢ ㄏㄢˊ
酸心,1,ㄙㄨㄢ ㄒㄧㄣ
酸愴,1,ㄙㄨㄢ ㄔㄨㄤˋ
酸懶,1,ㄙㄨㄢ ㄌㄢˇ
酸懷,1,ㄙㄨㄢ ㄏㄨㄞˊ
酸棗,1,ㄙㄨㄢ ㄗㄠˇ
酸模,1,ㄙㄨㄢ ㄇㄛˊ
酸漿,1,ㄙㄨㄢ ㄐㄧㄤ
酸礦,1,ㄙㄨㄢ ㄎㄨㄤˋ
酸藤,1,ㄙㄨㄢ ㄊㄥˊ
酸餡,1,ㄙㄨㄢ ㄒㄧㄢˋ
酺宴,1,ㄆㄨˊ ㄧㄢˋ
酺燕,1,ㄆㄨˊ ㄧㄢˋ
醃臘,1,ㄧㄢ ㄌㄚˋ
醇備,1,ㄔㄨㄣˊ ㄅㄟˋ
醇儒,1,ㄔㄨㄣˊ ㄖㄨˊ
醇和,1,ㄔㄨㄣˊ ㄏㄜˊ
醇朴,1,ㄔㄨㄣˊ ㄆㄨˊ
醇碧,1,ㄔㄨㄣˊ ㄅㄧˋ
醇粹,1,ㄔㄨㄣˊ ㄘㄨㄟˋ
醇郁,1,ㄔㄨㄣˊ ㄩˋ
醇酎,1,ㄔㄨㄣˊ ㄓㄡˋ
醇醲,1,ㄔㄨㄣˊ ㄋㄨㄥˊ
醉墨,1,ㄗㄨㄟˋ ㄇㄛˋ
醉妝,1,ㄗㄨㄟˋ ㄓㄨㄤ
醉尉,1,ㄗㄨㄟˋ ㄨㄟˋ
醉拳,1,ㄗㄨㄟˋ ㄑㄩㄢˊ
醉瓜,1,ㄗㄨㄟˋ ㄍㄨㄚ
醉眼,1,ㄗㄨㄟˋ ㄧㄢˇ
醉聖,1,ㄗㄨㄟˋ ㄕㄥˋ
醉蟹,1,ㄗㄨㄟˋ ㄒㄧㄝˋ
醋大,1,ㄘㄨˋ ㄉㄚˋ
醋妒,1,ㄘㄨˋ ㄉㄨˋ
醋心,1,ㄘㄨˋ ㄒㄧㄣ˙
醋栗,1,ㄘㄨˋ ㄌㄧˋ
醑劑,1,ㄒㄩˇ ㄐㄧˋ
醒木,1,ㄒㄧㄥˇ ㄇㄨˋ
醒狂,1,ㄒㄧㄥˇ ㄎㄨㄤˊ
醒睡,1,ㄒㄧㄥˇ ㄕㄨㄟˋ
醒脾,1,ㄒㄧㄥˇ ㄆㄧˊ
醒豁,1,ㄒㄧㄥˇ ㄏㄨㄛˋ
醓醢,1,ㄊㄢˇ ㄏㄞˇ
醛醣,1,ㄑㄩㄢˊ ㄊㄤˊ
醜吒,1,ㄔㄡˇ ㄓㄚˋ
醜地,1,ㄔㄡˇ ㄉㄧˋ
醜夷,1,ㄔㄡˇ ㄧˊ
醜婦,1,ㄔㄡˇ ㄈㄨˋ
醜末,1,ㄔㄡˇ ㄇㄛˋ
醜生,1,ㄔㄡˇ ㄕㄥ
醜虜,1,ㄔㄡˇ ㄌㄨˇ
醜話,1,ㄔㄡˇ ㄏㄨㄚˋ
醪糟,1,ㄌㄠˊ ㄗㄠ
醫匠,1,ㄧ ㄐㄧㄤˋ
醫囑,1,ㄧ ㄓㄨˇ
醫婆,1,ㄧ ㄆㄛˊ
醫家,1,ㄧ ㄐㄧㄚ˙
醫經,1,ㄧ ㄐㄧㄥ
醫聖,1,ㄧ ㄕㄥˋ
醬坊,1,ㄐㄧㄤˋ ㄈㄤ
醬蝦,1,ㄐㄧㄤˋ ㄒㄧㄚ
醮壇,1,ㄐㄧㄠˋ ㄊㄢˊ
醯人,1,ㄒㄧ ㄖㄣˊ
醯醬,1,ㄒㄧ ㄐㄧㄤˋ
醯雞,1,ㄒㄧ ㄐㄧ
醰醰,1,ㄊㄢˊ ㄊㄢˊ
醴泉,1,ㄌㄧˇ ㄑㄩㄢˊ
醵資,1,ㄐㄩˋ ㄗ
醵金,1,ㄐㄩˋ ㄐㄧㄣ
醽醁,1,ㄌㄧㄥˊ ㄌㄨˋ
釀器,1,ㄋㄧㄤˋ ㄑㄧˋ
釁惡,1,ㄒㄧㄣˋ ㄜˋ
釁浴,1,ㄒㄧㄣˋ ㄩˋ
釁鐘,1,ㄒㄧㄣˋ ㄓㄨㄥ
釁面,1,ㄒㄧㄣˋ ㄇㄧㄢˋ
釅酒,1,ㄧㄢˋ ㄐㄧㄡˇ
釅釅,1,ㄧㄢˋ ㄧㄢˋ
采綠,1,ㄘㄞˇ ㄌㄨˋ
采緝,1,ㄘㄞˇ ㄑㄧˋ
采芑,1,ㄘㄞˇ ㄑㄧˇ
采芹,1,ㄘㄞˇ ㄑㄧㄣˊ
采苓,1,ㄘㄞˇ ㄌㄧㄥˊ
采菽,1,ㄘㄞˇ ㄕㄨˊ
采葛,1,ㄘㄞˇ ㄍㄜˊ
采薇,1,ㄘㄞˇ ㄨㄟˊ
采蘋,1,ㄘㄞˇ ㄆㄧㄣˊ
采蘩,1,ㄘㄞˇ ㄈㄢˊ
采詩,1,ㄘㄞˇ ㄕ
采采,1,ㄘㄞˇ ㄘㄞˇ
采頭,1,ㄘㄞˇ ㄊㄡˊ
采風,1,ㄘㄞˇ ㄈㄥ
釉燒,1,ㄧㄡˋ ㄕㄠ
釉綠,1,ㄧㄡˋ ㄌㄩˋ
釋卷,1,ㄕˋ ㄐㄩㄢˋ
釋口,1,ㄕˋ ㄎㄡˇ
釋名,1,ㄕˋ ㄇㄧㄥˊ
釋子,1,ㄕˋ ㄗˇ
釋憾,1,ㄕˋ ㄏㄢˋ
釋氏,1,ㄕˋ ㄕˋ
釋老,1,ㄕˋ ㄌㄠˇ
釋菜,1,ㄕˋ ㄘㄞˋ
釋藏,1,ㄕˋ ㄗㄤˋ
釋褐,1,ㄕˋ ㄏㄜˊ
釋部,1,ㄕˋ ㄅㄨˋ
釋門,1,ㄕˋ ㄇㄣˊ
里君,1,ㄌㄧˇ ㄐㄩㄣ
里宰,1,ㄌㄧˇ ㄗㄞˇ
里居,1,ㄌㄧˇ ㄐㄩ
里正,1,ㄌㄧˇ ㄓㄥˋ
里爾,1,ㄌㄧˇ ㄦˇ
里社,1,ㄌㄧˇ ㄕㄜˋ
里老,1,ㄌㄧˇ ㄌㄠˇ
里耳,1,ㄌㄧˇ ㄦˇ
里肌,1,ㄌㄧˇ ㄐㄧ
里胥,1,ㄌㄧˇ ㄒㄩ
里舍,1,ㄌㄧˇ ㄕㄜˋ
里語,1,ㄌㄧˇ ㄩˇ
里諺,1,ㄌㄧˇ ㄧㄢˋ
里豪,1,ㄌㄧˇ ㄏㄠˊ
里門,1,ㄌㄧˇ ㄇㄣˊ
里閈,1,ㄌㄧˇ ㄏㄢˋ
里黨,1,ㄌㄧˇ ㄉㄤˇ
重三,1,ㄔㄨㄥˊ ㄙㄢ
重世,1,ㄔㄨㄥˊ ㄕˋ
重倒,1,ㄓㄨㄥˋ ㄉㄠˇ
重傷,1,ㄔㄨㄥˊ ㄕㄤ
重價,1,ㄓㄨㄥˋ ㄐㄧㄚˋ
重光,1,ㄔㄨㄥˊ ㄍㄨㄤ
重出,1,ㄔㄨㄥˊ ㄔㄨ
重創,1,ㄓㄨㄥˋ ㄔㄨㄤ
重創,1,ㄔㄨㄥˊ ㄔㄨㄤ
重午,1,ㄔㄨㄥˊ ㄨˇ
重卵,1,ㄔㄨㄥˊ ㄌㄨㄢˇ
重厚,1,ㄓㄨㄥˋ ㄏㄡˋ
重名,1,ㄔㄨㄥˊ ㄇㄧㄥˊ
重器,1,ㄓㄨㄥˋ ㄑㄧˋ
重囚,1,ㄓㄨㄥˋ ㄑㄧㄡˊ
重壁,1,ㄔㄨㄥˊ ㄅㄧˋ
重嫌,1,ㄓㄨㄥˋ ㄒㄧㄢˊ
重寄,1,ㄓㄨㄥˋ ㄐㄧˋ
重屋,1,ㄔㄨㄥˊ ㄨ
重山,1,ㄔㄨㄥˊ ㄕㄢ
重幃,1,ㄔㄨㄥˊ ㄨㄟˊ
重張,1,ㄔㄨㄥˊ ㄓㄤ
重患,1,ㄓㄨㄥˋ ㄏㄨㄢˋ
重戴,1,ㄔㄨㄥˊ ㄉㄞˋ
重托,1,ㄓㄨㄥˋ ㄊㄨㄛ
重文,1,ㄓㄨㄥˋ ㄨㄣˊ
重文,1,ㄔㄨㄥˊ ㄨㄣˊ
重明,1,ㄔㄨㄥˊ ㄇㄧㄥˊ
重杖,1,ㄓㄨㄥˋ ㄓㄤˋ
重根,1,ㄔㄨㄥˊ ㄍㄣ
重棗,1,ㄓㄨㄥˋ ㄗㄠˇ
重樓,1,ㄔㄨㄥˊ ㄌㄡˊ
重檐,1,ㄔㄨㄥˊ ㄧㄢˊ
重殘,1,ㄓㄨㄥˋ ㄘㄢˊ
重比,1,ㄓㄨㄥˋ ㄅㄧˇ
重氣,1,ㄓㄨㄥˋ ㄑㄧˋ
重沓,1,ㄔㄨㄥˊ ㄊㄚˋ
重泉,1,ㄔㄨㄥˊ ㄑㄩㄢˊ
重淵,1,ㄔㄨㄥˊ ㄩㄢ
重溟,1,ㄔㄨㄥˊ ㄇㄧㄥˊ
重熙,1,ㄔㄨㄥˊ ㄒㄧ
重犯,1,ㄔㄨㄥˊ ㄈㄢˋ
重疾,1,ㄓㄨㄥˋ ㄐㄧˊ
重瞳,1,ㄔㄨㄥˊ ㄊㄨㄥˊ
重砂,1,ㄓㄨㄥˋ ㄕㄚ
重禮,1,ㄓㄨㄥˋ ㄌㄧˇ
重穎,1,ㄔㄨㄥˊ ㄧㄥˇ
重繭,1,ㄔㄨㄥˊ ㄐㄧㄢˇ
重聚,1,ㄔㄨㄥˊ ㄐㄩˋ
重臺,1,ㄔㄨㄥˊ ㄊㄞˊ
重舌,1,ㄔㄨㄥˊ ㄕㄜˊ
重華,1,ㄔㄨㄥˊ ㄏㄨㄚˊ
重落,1,ㄔㄨㄥˊ ㄌㄨㄛ˙
重處,1,ㄓㄨㄥˋ ㄔㄨˇ
重親,1,ㄔㄨㄥˊ ㄑㄧㄣ
重言,1,ㄓㄨㄥˋ ㄧㄢˊ
重言,1,ㄔㄨㄥˊ ㄧㄢˊ
重謝,1,ㄓㄨㄥˋ ㄒㄧㄝˋ
重讀,1,ㄓㄨㄥˋ ㄉㄨˊ
重資,1,ㄓㄨㄥˋ ㄗ
重趼,1,ㄔㄨㄥˊ ㄐㄧㄢˇ
重身,1,ㄓㄨㄥˋ ㄕㄣ
重軒,1,ㄔㄨㄥˊ ㄒㄩㄢ
重辦,1,ㄔㄨㄥˊ ㄅㄢˋ
重遷,1,ㄓㄨㄥˋ ㄑㄧㄢ
重酒,1,ㄓㄨㄥˋ ㄐㄧㄡˇ
重門,1,ㄔㄨㄥˊ ㄇㄣˊ
重閨,1,ㄔㄨㄥˊ ㄍㄨㄟ
重闈,1,ㄔㄨㄥˊ ㄨㄟˊ
重關,1,ㄔㄨㄥˊ ㄍㄨㄢ
重阻,1,ㄔㄨㄥˊ ㄗㄨˇ
重陰,1,ㄔㄨㄥˊ ㄧㄣ
重霄,1,ㄔㄨㄥˊ ㄒㄧㄠ
重霤,1,ㄔㄨㄥˊ ㄌㄧㄡˋ
重馬,1,ㄓㄨㄥˋ ㄇㄚˇ
重黎,1,ㄔㄨㄥˊ ㄌㄧˊ
野乘,1,ㄧㄝˇ ㄕㄥˋ
野唱,1,ㄧㄝˇ ㄔㄤˋ
野客,1,ㄧㄝˇ ㄎㄜˋ
野宿,1,ㄧㄝˇ ㄙㄨˋ
野店,1,ㄧㄝˇ ㄉㄧㄢˋ
野情,1,ㄧㄝˇ ㄑㄧㄥˊ
野意,1,ㄧㄝˇ ㄧˋ
野服,1,ㄧㄝˇ ㄈㄨˊ
野炊,1,ㄧㄝˇ ㄔㄨㄟ
野燒,1,ㄧㄝˇ ㄕㄠ
野狠,1,ㄧㄝˇ ㄏㄣˇ
野獵,1,ㄧㄝˇ ㄌㄧㄝˋ
野莩,1,ㄧㄝˇ ㄆㄧㄠˇ
野菇,1,ㄧㄝˇ ㄍㄨ
野菰,1,ㄧㄝˇ ㄍㄨ
野蠶,1,ㄧㄝˇ ㄘㄢˊ
野話,1,ㄧㄝˇ ㄏㄨㄚˋ
野語,1,ㄧㄝˇ ㄩˇ
野諺,1,ㄧㄝˇ ㄧㄢˋ
量值,1,ㄌㄧㄤˊ ㄓˊ
量匙,1,ㄌㄧㄤˊ ㄔˊ
量大,1,ㄌㄧㄤˋ ㄉㄚˋ
量感,1,ㄌㄧㄤˋ ㄍㄢˇ
量移,1,ㄌㄧㄤˋ ㄧˊ
量窄,1,ㄌㄧㄤˋ ㄓㄞˇ
量變,1,ㄌㄧㄤˋ ㄅㄧㄢˋ
量輕,1,ㄌㄧㄤˋ ㄑㄧㄥ
量酒,1,ㄌㄧㄤˊ ㄐㄧㄡˇ
量雅,1,ㄌㄧㄤˋ ㄧㄚˇ
釐改,1,ㄌㄧˊ ㄍㄞˇ
釐整,1,ㄌㄧˊ ㄓㄥˇ
釐革,1,ㄌㄧˊ ㄍㄜˊ
金丸,1,ㄐㄧㄣ ㄨㄢˊ
金仔,1,ㄐㄧㄣ ㄗˇ
金公,1,ㄐㄧㄣ ㄍㄨㄥ
金冠,1,ㄐㄧㄣ ㄍㄨㄢ
金刀,1,ㄐㄧㄣ ㄉㄠ
金勒,1,ㄐㄧㄣ ㄌㄜˋ
金印,1,ㄐㄧㄣ ㄧㄣˋ
金史,1,ㄐㄧㄣ ㄕˇ
金壺,1,ㄐㄧㄣ ㄏㄨˊ
金天,1,ㄐㄧㄣ ㄊㄧㄢ
金奏,1,ㄐㄧㄣ ㄗㄡˋ
金奴,1,ㄐㄧㄣ ㄋㄨˊ
金帛,1,ㄐㄧㄣ ㄅㄛˊ
金帶,1,ㄐㄧㄣ ㄉㄞˋ
金張,1,ㄐㄧㄣ ㄓㄤ
金恩,1,ㄐㄧㄣ ㄣ
金曜,1,ㄐㄧㄣ ㄧㄠˋ
金朝,1,ㄐㄧㄣ ㄔㄠˊ
金柝,1,ㄐㄧㄣ ㄊㄨㄛˋ
金棺,1,ㄐㄧㄣ ㄍㄨㄢ
金檢,1,ㄐㄧㄣ ㄐㄧㄢˇ
金母,1,ㄐㄧㄣ ㄇㄨˇ
金汁,1,ㄐㄧㄣ ㄓ
金油,1,ㄐㄧㄣ ㄧㄡˊ
金泥,1,ㄐㄧㄣ ㄋㄧˊ
金湯,1,ㄐㄧㄣ ㄊㄤ
金灶,1,ㄐㄧㄣ ㄗㄠˋ
金烏,1,ㄐㄧㄣ ㄨ
金猊,1,ㄐㄧㄣ ㄋㄧˊ
金璫,1,ㄐㄧㄣ ㄉㄤ
金碧,1,ㄐㄧㄣ ㄅㄧˋ
金科,1,ㄐㄧㄣ ㄎㄜ
金穴,1,ㄐㄧㄣ ㄒㄩㄝˋ
金童,1,ㄐㄧㄣ ㄊㄨㄥˊ
金粟,1,ㄐㄧㄣ ㄙㄨˋ
金糕,1,ㄐㄧㄣ ㄍㄠ
金素,1,ㄐㄧㄣ ㄙㄨˋ
金紫,1,ㄐㄧㄣ ㄗˇ
金縢,1,ㄐㄧㄣ ㄊㄥˊ
金罍,1,ㄐㄧㄣ ㄌㄟˊ
金衣,1,ㄐㄧㄣ ㄧ
金諾,1,ㄐㄧㄣ ㄋㄨㄛˋ
金谷,1,ㄐㄧㄣ ㄍㄨˇ
金輪,1,ㄐㄧㄣ ㄌㄨㄣˊ
金農,1,ㄐㄧㄣ ㄋㄨㄥˊ
金釭,1,ㄐㄧㄣ ㄍㄤ
金鉤,1,ㄐㄧㄣ ㄍㄡ
金鉦,1,ㄐㄧㄣ ㄓㄥ
金鋪,1,ㄐㄧㄣ ㄆㄨˋ
金鎖,1,ㄐㄧㄣ ㄙㄨㄛˇ
金鏤,1,ㄐㄧㄣ ㄌㄡˋ
金鑪,1,ㄐㄧㄣ ㄌㄨˊ
金鑾,1,ㄐㄧㄣ ㄌㄨㄢˊ
金閨,1,ㄐㄧㄣ ㄍㄨㄟ
金闕,1,ㄐㄧㄣ ㄑㄩㄝˋ
金霓,1,ㄐㄧㄣ ㄋㄧˊ
金面,1,ㄐㄧㄣ ㄇㄧㄢˋ
金革,1,ㄐㄧㄣ ㄍㄜˊ
金鞍,1,ㄐㄧㄣ ㄢ
金鴨,1,ㄐㄧㄣ ㄧㄚ
金鼓,1,ㄐㄧㄣ ㄍㄨˇ
釘耙,1,ㄉㄧㄥ ㄆㄚˊ
釘鈀,1,ㄉㄧㄥ ㄅㄚˇ
針指,1,ㄓㄣ ㄓˇ
針眼,1,ㄓㄣ ㄧㄢ˙
針神,1,ㄓㄣ ㄕㄣˊ
針筆,1,ㄓㄣ ㄅㄧˇ
針線,1,ㄓㄣ ㄒㄧㄢ˙
針鋩,1,ㄓㄣ ㄇㄤˊ
針關,1,ㄓㄣ ㄍㄨㄢ
針頭,1,ㄓㄣ ㄊㄡ˙
針鼹,1,ㄓㄣ ㄧㄢˇ
釣人,1,ㄉㄧㄠˋ ㄖㄣˊ
釣友,1,ㄉㄧㄠˋ ㄧㄡˇ
釣叟,1,ㄉㄧㄠˋ ㄙㄡˇ
釣名,1,ㄉㄧㄠˋ ㄇㄧㄥˊ
釣篷,1,ㄉㄧㄠˋ ㄆㄥˊ
釣鼇,1,ㄉㄧㄠˋ ㄠˊ
釧臂,1,ㄔㄨㄢˋ ㄅㄧˋ
釵股,1,ㄔㄞ ㄍㄨˇ
釵釧,1,ㄔㄞ ㄔㄨㄢˋ
釵雲,1,ㄔㄞ ㄩㄣˊ
釷石,1,ㄊㄨˇ ㄕˊ
釿鍔,1,ㄧㄣˊ ㄜˋ
鈇質,1,ㄈㄨ ㄓˋ
鈇鉞,1,ㄈㄨ ㄩㄝˋ
鈍器,1,ㄉㄨㄣˋ ㄑㄧˋ
鈍根,1,ㄉㄨㄣˋ ㄍㄣ
鈍漢,1,ㄉㄨㄣˋ ㄏㄢˋ
鈍眊,1,ㄉㄨㄣˋ ㄇㄠˋ
鈍頭,1,ㄉㄨㄣˋ ㄊㄡˊ
鈐束,1,ㄑㄧㄢˊ ㄕㄨˋ
鈐鍵,1,ㄑㄧㄢˊ ㄐㄧㄢˋ
鈑梁,1,ㄅㄢˇ ㄌㄧㄤˊ
鈒鏤,1,ㄐㄧˊ ㄌㄡˋ
鈔引,1,ㄔㄠ ㄧㄣˇ
鈔掠,1,ㄔㄠ ㄌㄩㄝˋ
鈔暴,1,ㄔㄠ ㄅㄠˋ
鈔袋,1,ㄔㄠ ㄉㄞˋ
鈔邏,1,ㄔㄠ ㄌㄨㄛˊ
鈔關,1,ㄔㄠ ㄍㄨㄢ
鈕絆,1,ㄋㄧㄡˇ ㄅㄢˋ
鈚箭,1,ㄆㄧˊ ㄐㄧㄢˋ
鈞令,1,ㄐㄩㄣ ㄌㄧㄥˋ
鈞命,1,ㄐㄩㄣ ㄇㄧㄥˋ
鈞天,1,ㄐㄩㄣ ㄊㄧㄢ
鈞威,1,ㄐㄩㄣ ㄨㄟ
鈞帖,1,ㄐㄩㄣ ㄊㄧㄝˇ
鈞座,1,ㄐㄩㄣ ㄗㄨㄛˋ
鈞意,1,ㄐㄩㄣ ㄧˋ
鈞旨,1,ㄐㄩㄣ ㄓˇ
鈞樞,1,ㄐㄩㄣ ㄕㄨ
鈞瓷,1,ㄐㄩㄣ ㄘˊ
鈞窯,1,ㄐㄩㄣ ㄧㄠˊ
鈞覆,1,ㄐㄩㄣ ㄈㄨˋ
鈞語,1,ㄐㄩㄣ ㄩˇ
鈞軸,1,ㄐㄩㄣ ㄓㄡˊ
鈞部,1,ㄐㄩㄣ ㄅㄨˋ
鈞長,1,ㄐㄩㄣ ㄓㄤˇ
鈞陶,1,ㄐㄩㄣ ㄊㄠˊ
鈞顏,1,ㄐㄩㄣ ㄧㄢˊ
鈴鐺,1,ㄌㄧㄥˊ ㄉㄤ˙
鈴閣,1,ㄌㄧㄥˊ ㄍㄜˊ
鈷藍,1,ㄍㄨ ㄌㄢˊ
鈷鉧,1,ㄍㄨˇ ㄇㄨˇ
鈹滑,1,ㄆㄧ ㄏㄨㄚˊ
鈽彈,1,ㄅㄨˋ ㄉㄢˋ
鈿合,1,ㄉㄧㄢˋ ㄏㄜˊ
鈿尺,1,ㄉㄧㄢˋ ㄔˇ
鈿帶,1,ㄉㄧㄢˋ ㄉㄞˋ
鈿朵,1,ㄉㄧㄢˋ ㄉㄨㄛˇ
鈿盒,1,ㄉㄧㄢˋ ㄏㄜˊ
鈿箏,1,ㄉㄧㄢˋ ㄓㄥ
鈿粟,1,ㄉㄧㄢˋ ㄙㄨˋ
鈿螺,1,ㄉㄧㄢˋ ㄌㄨㄛˊ
鈿車,1,ㄉㄧㄢˋ ㄔㄜ
鉀皂,1,ㄐㄧㄚˇ ㄗㄠˋ
鉀鑪,1,ㄐㄧㄚˇ ㄌㄨˊ
鉅公,1,ㄐㄩˋ ㄍㄨㄥ
鉅萬,1,ㄐㄩˋ ㄨㄢˋ
鉅鹿,1,ㄐㄩˋ ㄌㄨˋ
鉅黍,1,ㄐㄩˋ ㄕㄨˇ
鉉臺,1,ㄒㄩㄢˋ ㄊㄞˊ
鉋凳,1,ㄅㄠˋ ㄉㄥˋ
鉋工,1,ㄅㄠˋ ㄍㄨㄥ
鉋床,1,ㄅㄠˋ ㄔㄨㄤˊ
鉏耘,1,ㄔㄨˊ ㄩㄣˊ
鉏麑,1,ㄔㄨˊ ㄋㄧˊ
鉑黑,1,ㄅㄛˊ ㄏㄟ
鉗且,1,ㄑㄧㄢˊ ㄐㄩ
鉗忌,1,ㄑㄧㄢˊ ㄐㄧˋ
鉗鉗,1,ㄑㄧㄢˊ ㄑㄧㄢˊ
鉚接,1,ㄇㄠˇ ㄐㄧㄝ
鉛刀,1,ㄑㄧㄢ ㄉㄠ
鉛封,1,ㄑㄧㄢ ㄈㄥ
鉛槧,1,ㄑㄧㄢ ㄑㄧㄢˋ
鉛淚,1,ㄑㄧㄢ ㄌㄟˋ
鉛白,1,ㄑㄧㄢ ㄅㄞˊ
鉛素,1,ㄑㄧㄢ ㄙㄨˋ
鉛鐵,1,ㄑㄧㄢ ㄊㄧㄝˇ
鉛駑,1,ㄑㄧㄢ ㄋㄨˊ
鉞鉞,1,ㄩㄝˋ ㄩㄝˋ
鉤吻,1,ㄍㄡ ㄨㄣˇ
鉤弦,1,ㄍㄡ ㄒㄧㄢˊ
鉤戟,1,ㄍㄡ ㄐㄧˇ
鉤手,1,ㄍㄡ ㄕㄡˇ
鉤援,1,ㄍㄡ ㄩㄢˊ
鉤搭,1,ㄍㄡ ㄉㄚ˙
鉤摭,1,ㄍㄡ ㄓˊ
鉤校,1,ㄍㄡ ㄐㄧㄠˋ
鉤梯,1,ㄍㄡ ㄊㄧ
鉤欄,1,ㄍㄡ ㄌㄢˊ
鉤沉,1,ㄍㄡ ㄔㄣˊ
鉤藤,1,ㄍㄡ ㄊㄥˊ
鉤邊,1,ㄍㄡ ㄅㄧㄢ
鉤黨,1,ㄍㄡ ㄉㄤˇ
鉦鼓,1,ㄓㄥ ㄍㄨˇ
鉬鋼,1,ㄇㄨˋ ㄍㄤ
鉶羹,1,ㄒㄧㄥˊ ㄍㄥ
鉸剪,1,ㄐㄧㄠˇ ㄐㄧㄢˇ
鉸釘,1,ㄐㄧㄠˇ ㄉㄧㄥ
銀刀,1,ㄧㄣˊ ㄉㄠ
銀字,1,ㄧㄣˊ ㄗˋ
銀市,1,ㄧㄣˊ ㄕˋ
銀朱,1,ㄧㄣˊ ㄓㄨ
銀桂,1,ㄧㄣˊ ㄍㄨㄟˋ
銀水,1,ㄧㄣˊ ㄕㄨㄟˇ
銀海,1,ㄧㄣˊ ㄏㄞˇ
銀潢,1,ㄧㄣˊ ㄏㄨㄤˊ
銀爐,1,ㄧㄣˊ ㄌㄨˊ
銀狐,1,ㄧㄣˊ ㄏㄨˊ
銀瓶,1,ㄧㄣˊ ㄆㄧㄥˊ
銀箋,1,ㄧㄣˊ ㄐㄧㄢ
銀管,1,ㄧㄣˊ ㄍㄨㄢˇ
銀箭,1,ㄧㄣˊ ㄐㄧㄢˋ
銀絲,1,ㄧㄣˊ ㄙ
銀臺,1,ㄧㄣˊ ㄊㄞˊ
銀艾,1,ㄧㄣˊ ㄞˋ
銀苗,1,ㄧㄣˊ ㄇㄧㄠˊ
銀號,1,ㄧㄣˊ ㄏㄠˋ
銀蟾,1,ㄧㄣˊ ㄔㄢˊ
銀輝,1,ㄧㄣˊ ㄏㄨㄟ
銀釭,1,ㄧㄣˊ ㄍㄤ
銀鉤,1,ㄧㄣˊ ㄍㄡ
銀闕,1,ㄧㄣˊ ㄑㄩㄝˋ
銀青,1,ㄧㄣˊ ㄑㄧㄥ
銀鞘,1,ㄧㄣˊ ㄑㄧㄠˋ
銀魚,1,ㄧㄣˊ ㄩˊ
銀鮫,1,ㄧㄣˊ ㄐㄧㄠ
銀鴨,1,ㄧㄣˊ ㄧㄚ
銃子,1,ㄔㄨㄥˋ ㄗ˙
銅圓,1,ㄊㄨㄥˊ ㄩㄢˊ
銅婚,1,ㄊㄨㄥˊ ㄏㄨㄣ
銅活,1,ㄊㄨㄥˊ ㄏㄨㄛˊ
銅烏,1,ㄊㄨㄥˊ ㄨ
銅獸,1,ㄊㄨㄥˊ ㄕㄡˋ
銅瓦,1,ㄊㄨㄥˊ ㄨㄚˇ
銅簧,1,ㄊㄨㄥˊ ㄏㄨㄤˊ
銅粉,1,ㄊㄨㄥˊ ㄈㄣˇ
銅臭,1,ㄊㄨㄥˊ ㄒㄧㄡˋ
銅落,1,ㄊㄨㄥˊ ㄌㄨㄛˋ
銅葉,1,ㄊㄨㄥˊ ㄧㄝˋ
銅街,1,ㄊㄨㄥˊ ㄐㄧㄝ
銅鈸,1,ㄊㄨㄥˊ ㄅㄚˊ
銅銲,1,ㄊㄨㄥˊ ㄏㄢˋ
銅鎚,1,ㄊㄨㄥˊ ㄔㄨㄟˊ
銅雀,1,ㄊㄨㄥˊ ㄑㄩㄝˋ
銅駝,1,ㄊㄨㄥˊ ㄊㄨㄛˊ
銅黛,1,ㄊㄨㄥˊ ㄉㄞˋ
銅龍,1,ㄊㄨㄥˊ ㄌㄨㄥˊ
銍艾,1,ㄓˋ ㄧˋ
銗筩,1,ㄒㄧㄤˋ ㄊㄨㄥˇ
銗鏤,1,ㄒㄧㄤˋ ㄌㄡˋ
銚子,1,ㄉㄧㄠˋ ㄗ˙
銚芅,1,ㄧㄠˊ ㄧˋ
銛利,1,ㄒㄧㄢ ㄌㄧˋ
銛諸,1,ㄒㄧㄢ ㄓㄨ
銜勒,1,ㄒㄧㄢˊ ㄌㄜˋ
銜名,1,ㄒㄧㄢˊ ㄇㄧㄥˊ
銜尾,1,ㄒㄧㄢˊ ㄨㄟˇ
銜恤,1,ㄒㄧㄢˊ ㄒㄩˋ
銜杯,1,ㄒㄧㄢˊ ㄅㄟ
銜璧,1,ㄒㄧㄢˊ ㄅㄧˋ
銜羞,1,ㄒㄧㄢˊ ㄒㄧㄡ
銜觴,1,ㄒㄧㄢˊ ㄕㄤ
銜轡,1,ㄒㄧㄢˊ ㄆㄟˋ
銦鋼,1,ㄧㄣ ㄍㄤ
銬鐐,1,ㄎㄠˋ ㄌㄧㄠˋ
銱子,1,ㄉㄧㄠˋ ㄗ˙
銳士,1,ㄖㄨㄟˋ ㄕˋ
銳意,1,ㄖㄨㄟˋ ㄧˋ
銳變,1,ㄖㄨㄟˋ ㄅㄧㄢˋ
銷乏,1,ㄒㄧㄠ ㄈㄚˊ
銷勢,1,ㄒㄧㄠ ㄕˋ
銷字,1,ㄒㄧㄠ ㄗˋ
銷差,1,ㄒㄧㄠ ㄔㄞ
銷磨,1,ㄒㄧㄠ ㄇㄛˊ
銷耗,1,ㄒㄧㄠ ㄏㄠˋ
銷行,1,ㄒㄧㄠ ㄒㄧㄥˊ
銼削,1,ㄘㄨㄛˋ ㄒㄧㄠ
鋁板,1,ㄌㄩˇ ㄅㄢˇ
鋁罐,1,ㄌㄩˇ ㄍㄨㄢˋ
鋁鹽,1,ㄌㄩˇ ㄧㄢˊ
鋇餐,1,ㄅㄟˋ ㄘㄢ
鋏腳,1,ㄐㄧㄚˊ ㄐㄧㄠˇ
鋒出,1,ㄈㄥ ㄔㄨ
鋒穎,1,ㄈㄥ ㄧㄥˇ
鋒起,1,ㄈㄥ ㄑㄧˇ
鋒車,1,ㄈㄥ ㄔㄜ
鋒鏑,1,ㄈㄥ ㄉㄧˊ
鋒頭,1,ㄈㄥ ㄊㄡ˙
鋤地,1,ㄔㄨˊ ㄉㄧˋ
鋤耘,1,ㄔㄨˊ ㄩㄣˊ
鋤頭,1,ㄔㄨˊ ㄊㄡ˙
鋤骨,1,ㄔㄨˊ ㄍㄨˇ
鋩鑼,1,ㄇㄤˊ ㄌㄨㄛˊ
鋪兵,1,ㄆㄨˋ ㄅㄧㄥ
鋪呈,1,ㄆㄨ ㄔㄥˊ
鋪塔,1,ㄆㄨ ㄊㄚˇ
鋪夥,1,ㄆㄨˋ ㄏㄨㄛˇ
鋪家,1,ㄆㄨˋ ㄐㄧㄚ
鋪尺,1,ㄆㄨ ㄔˇ
鋪屋,1,ㄆㄨ ㄨ
鋪席,1,ㄆㄨˋ ㄒㄧˊ
鋪底,1,ㄆㄨˋ ㄉㄧˇ
鋪戶,1,ㄆㄨˋ ㄏㄨˋ
鋪房,1,ㄆㄨ ㄈㄤˊ
鋪拉,1,ㄆㄨ ㄌㄚ
鋪持,1,ㄆㄨ ㄔˊ
鋪捐,1,ㄆㄨˋ ㄐㄩㄢ
鋪排,1,ㄆㄨ ㄆㄞ˙
鋪攤,1,ㄆㄨ ㄊㄢ
鋪派,1,ㄆㄨ ㄆㄞˋ
鋪灑,1,ㄆㄨ ㄙㄚˇ
鋪炕,1,ㄆㄨ ㄎㄤˋ
鋪牌,1,ㄆㄨ ㄆㄞˊ
鋪的,1,ㄆㄨ ㄉㄜ˙
鋪程,1,ㄆㄨ ㄔㄥˊ
鋪結,1,ㄆㄨ ㄐㄧㄝˊ
鋪臥,1,ㄆㄨ ㄨㄛˋ
鋪蓋,1,ㄆㄨ ㄍㄞ˙
鋪襯,1,ㄆㄨ ㄔㄣˋ
鋪規,1,ㄆㄨˋ ㄍㄨㄟ
鋪觀,1,ㄆㄨ ㄍㄨㄢ
鋪謀,1,ㄆㄨ ㄇㄡˊ
鋪買,1,ㄆㄨ ㄇㄞˇ
鋪遞,1,ㄆㄨˋ ㄉㄧˋ
鋪遲,1,ㄆㄨ ㄔˊ
鋪長,1,ㄆㄨˋ ㄓㄤˇ
鋪面,1,ㄆㄨˋ ㄇㄧㄢˋ
鋪頭,1,ㄆㄨ ㄊㄡˊ
鋪首,1,ㄆㄨ ㄕㄡˇ
鋪馬,1,ㄆㄨˋ ㄇㄚˇ
鋪騰,1,ㄆㄨˋ ㄊㄥˊ
鋸子,1,ㄐㄩ ㄗ˙
鋸牙,1,ㄐㄩˋ ㄧㄚˊ
鋸蜂,1,ㄐㄩˋ ㄈㄥ
鋸鮫,1,ㄐㄩˋ ㄐㄧㄠ
鋼剪,1,ㄍㄤ ㄐㄧㄢˇ
鋼婚,1,ㄍㄤ ㄏㄨㄣ
鋼尺,1,ㄍㄤ ㄔˇ
鋼牙,1,ㄍㄤ ㄧㄚˊ
鋼砂,1,ㄍㄤ ㄕㄚ
鋼砧,1,ㄍㄤ ㄓㄣ
鋼紙,1,ㄍㄤ ㄓˇ
鋼胚,1,ㄍㄤ ㄆㄟ
錁子,1,ㄎㄜˋ ㄗ˙
錄供,1,ㄌㄨˋ ㄍㄨㄥ
錄囚,1,ㄌㄨˋ ㄑㄧㄡˊ
錄灌,1,ㄌㄨˋ ㄍㄨㄢˋ
錄科,1,ㄌㄨˋ ㄎㄜ
錄遺,1,ㄌㄨˋ ㄧˊ
錆色,1,ㄑㄧㄤ ㄙㄜˋ
錐刀,1,ㄓㄨㄟ ㄉㄠ
錐指,1,ㄓㄨㄟ ㄓˇ
錐股,1,ㄓㄨㄟ ㄍㄨˇ
錕鋙,1,ㄎㄨㄣ ㄨˊ
錘骨,1,ㄔㄨㄟˊ ㄍㄨˇ
錙毫,1,ㄗ ㄏㄠˊ
錚鏦,1,ㄓㄥ ㄘㄨㄥ
錛鋤,1,ㄅㄣ ㄔㄨˊ
錞于,1,ㄔㄨㄣˊ ㄩˊ
錢坫,1,ㄑㄧㄢˊ ㄉㄧㄢˋ
錢垛,1,ㄑㄧㄢˊ ㄉㄨㄛˋ
錢市,1,ㄑㄧㄢˊ ㄕˋ
錢布,1,ㄑㄧㄢˊ ㄅㄨˋ
錢帛,1,ㄑㄧㄢˊ ㄅㄛˊ
錢引,1,ㄑㄧㄢˊ ㄧㄣˇ
錢文,1,ㄑㄧㄢˊ ㄨㄣˊ
錢會,1,ㄑㄧㄢˊ ㄏㄨㄟˋ
錢泳,1,ㄑㄧㄢˊ ㄩㄥˇ
錢潮,1,ㄑㄧㄢˊ ㄔㄠˊ
錢灃,1,ㄑㄧㄢˊ ㄈㄥ
錢穀,1,ㄑㄧㄢˊ ㄍㄨˇ
錢筒,1,ㄑㄧㄢˊ ㄊㄨㄥˇ
錢紙,1,ㄑㄧㄢˊ ㄓˇ
錢起,1,ㄑㄧㄢˊ ㄑㄧˇ
錢通,1,ㄑㄧㄢˊ ㄊㄨㄥ
錢鈔,1,ㄑㄧㄢˊ ㄔㄠ
錢陌,1,ㄑㄧㄢˊ ㄇㄛˋ
錢龍,1,ㄑㄧㄢˊ ㄌㄨㄥˊ
錦屏,1,ㄐㄧㄣˇ ㄆㄧㄥˊ
錦帆,1,ㄐㄧㄣˇ ㄈㄢˊ
錦旋,1,ㄐㄧㄣˇ ㄒㄩㄢˊ
錦書,1,ㄐㄧㄣˇ ㄕㄨ
錦樣,1,ㄐㄧㄣˇ ㄧㄤˋ
錦歌,1,ㄐㄧㄣˇ ㄍㄜ
錦江,1,ㄐㄧㄣˇ ㄐㄧㄤ
錦片,1,ㄐㄧㄣˇ ㄆㄧㄢˋ
錦牋,1,ㄐㄧㄣˇ ㄐㄧㄢ
錦瑟,1,ㄐㄧㄣˇ ㄙㄜˋ
錦絃,1,ㄐㄧㄣˇ ㄒㄧㄢˊ
錦茵,1,ㄐㄧㄣˇ ㄧㄣ
錦葵,1,ㄐㄧㄣˇ ㄎㄨㄟˊ
錦蛇,1,ㄐㄧㄣˇ ㄕㄜˊ
錦袍,1,ㄐㄧㄣˇ ㄆㄠˊ
錦襖,1,ㄐㄧㄣˇ ㄠˇ
錦還,1,ㄐㄧㄣˇ ㄏㄨㄢˊ
錦靴,1,ㄐㄧㄣˇ ㄒㄩㄝ
錦鞋,1,ㄐㄧㄣˇ ㄒㄧㄝˊ
錨具,1,ㄇㄠˊ ㄐㄩˋ
錨冰,1,ㄇㄠˊ ㄅㄧㄥ
錨地,1,ㄇㄠˊ ㄉㄧˋ
錨蟲,1,ㄇㄠˊ ㄔㄨㄥˊ
錫人,1,ㄒㄧˊ ㄖㄣˊ
錫命,1,ㄒㄧˊ ㄇㄧㄥˋ
錫奴,1,ㄒㄧˊ ㄋㄨˊ
錫婚,1,ㄒㄧˊ ㄏㄨㄣ
錫安,1,ㄒㄧˊ ㄢ
錫焊,1,ㄒㄧˊ ㄏㄢˋ
錫衣,1,ㄒㄧˊ ㄧ
錫賚,1,ㄒㄧˊ ㄌㄞˋ
錫鑞,1,ㄒㄧˊ ㄌㄚˋ
錮漏,1,ㄍㄨˋ ㄌㄡˋ
錮蔽,1,ㄍㄨˋ ㄅㄧˋ
錮身,1,ㄍㄨˋ ㄕㄣ
錯刀,1,ㄘㄨㄛˋ ㄉㄠ
錯勘,1,ㄘㄨㄛˋ ㄎㄢˋ
錯漏,1,ㄘㄨㄛˋ ㄌㄡˋ
錯疑,1,ㄘㄨㄛˋ ㄧˊ
錯眼,1,ㄘㄨㄛˋ ㄧㄢˇ
錯簡,1,ㄘㄨㄛˋ ㄐㄧㄢˇ
錯置,1,ㄘㄨˋ ㄓˋ
錯臂,1,ㄘㄨㄛˋ ㄅㄧˋ
錯莫,1,ㄘㄨㄛˋ ㄇㄛˋ
錯處,1,ㄘㄨㄛˋ ㄔㄨ˙
錯見,1,ㄘㄨㄛˋ ㄐㄧㄢˋ
錯角,1,ㄘㄨㄛˋ ㄐㄧㄠˇ
錯話,1,ㄘㄨㄛˋ ㄏㄨㄚˋ
錯車,1,ㄘㄨㄛˋ ㄔㄜ
錯迕,1,ㄘㄨㄛˋ ㄨˋ
錯金,1,ㄘㄨㄛˋ ㄐㄧㄣ
錯非,1,ㄘㄨㄛˋ ㄈㄟ
錶針,1,ㄅㄧㄠˇ ㄓㄣ
鍉針,1,ㄉㄧ ㄓㄣ
鍊冶,1,ㄌㄧㄢˋ ㄧㄝˇ
鍊句,1,ㄌㄧㄢˋ ㄐㄩˋ
鍊字,1,ㄌㄧㄢˋ ㄗˋ
鍊師,1,ㄌㄧㄢˋ ㄕ
鍊度,1,ㄌㄧㄢˋ ㄉㄨˋ
鍊形,1,ㄌㄧㄢˋ ㄒㄧㄥˊ
鍊氣,1,ㄌㄧㄢˋ ㄑㄧˋ
鍊貧,1,ㄌㄧㄢˋ ㄆㄧㄣˊ
鍋伙,1,ㄍㄨㄛ ㄏㄨㄛ˙
鍋渣,1,ㄍㄨㄛ ㄓㄚ˙
鍋煙,1,ㄍㄨㄛ ㄧㄢ
鍋莊,1,ㄍㄨㄛ ㄓㄨㄤ
鍋鏟,1,ㄍㄨㄛ ㄔㄢˇ
鍋門,1,ㄍㄨㄛ ㄇㄣˊ
鍋餅,1,ㄍㄨㄛ ㄅㄧㄥ˙
鍔鍔,1,ㄜˋ ㄜˋ
鍘草,1,ㄓㄚˊ ㄘㄠˇ
鍛矢,1,ㄉㄨㄢˋ ㄕˇ
鍠聒,1,ㄏㄨㄤˊ ㄍㄨㄚ
鍠鍠,1,ㄏㄨㄤˊ ㄏㄨㄤˊ
鍥薄,1,ㄑㄧㄝˋ ㄅㄛˊ
鍮石,1,ㄊㄡ ㄕˊ
鍼口,1,ㄓㄣ ㄎㄡˇ
鍼灸,1,ㄓㄣ ㄐㄧㄡˇ
鍼砭,1,ㄓㄣ ㄅㄧㄢ
鍼芒,1,ㄓㄣ ㄇㄤˊ
鍼關,1,ㄓㄣ ㄍㄨㄢ
鍾嶸,1,ㄓㄨㄥ ㄖㄨㄥˊ
鍾會,1,ㄓㄨㄥ ㄏㄨㄟˋ
鍾期,1,ㄓㄨㄥ ㄑㄧˊ
鍾溺,1,ㄓㄨㄥ ㄋㄧˋ
鍾王,1,ㄓㄨㄥ ㄨㄤˊ
鍾繇,1,ㄓㄨㄥ ㄧㄡˊ
鍾釜,1,ㄓㄨㄥ ㄈㄨˇ
鎂土,1,ㄇㄟˇ ㄊㄨˇ
鎔冶,1,ㄖㄨㄥˊ ㄧㄝˇ
鎔裁,1,ㄖㄨㄥˊ ㄘㄞˊ
鎖子,1,ㄙㄨㄛˇ ㄗ˙
鎖廳,1,ㄙㄨㄛˇ ㄊㄧㄥ
鎖枷,1,ㄙㄨㄛˇ ㄐㄧㄚ
鎖眉,1,ㄙㄨㄛˇ ㄇㄟˊ
鎖禁,1,ㄙㄨㄛˇ ㄐㄧㄣˋ
鎖線,1,ㄙㄨㄛˇ ㄒㄧㄢˋ
鎖院,1,ㄙㄨㄛˇ ㄩㄢˋ
鎖陽,1,ㄙㄨㄛˇ ㄧㄤˊ
鎖頭,1,ㄙㄨㄛˇ ㄊㄡ˙
鎖骨,1,ㄙㄨㄛˇ ㄍㄨˇ
鎗刺,1,ㄑㄧㄤ ㄘˋ
鎗子,1,ㄑㄧㄤ ㄗˇ
鎗手,1,ㄑㄧㄤ ㄕㄡ˙
鎗機,1,ㄑㄧㄤ ㄐㄧ
鎗眼,1,ㄑㄧㄤ ㄧㄢˇ
鎗筒,1,ㄑㄧㄤ ㄊㄨㄥˇ
鎗鍠,1,ㄑㄧㄤ ㄏㄨㄤˊ
鎗靶,1,ㄑㄧㄤ ㄅㄚˇ
鎡基,1,ㄗ ㄐㄧ
鎢鋼,1,ㄨ ㄍㄤ
鎧仗,1,ㄎㄞˇ ㄓㄤˋ
鎧馬,1,ㄎㄞˇ ㄇㄚˇ
鎬鎬,1,ㄏㄠˋ ㄏㄠˋ
鎬頭,1,ㄍㄠˇ ㄊㄡˊ
鎮嚇,1,ㄓㄣˋ ㄏㄜˋ
鎮圭,1,ㄓㄣˋ ㄍㄨㄟ
鎮懾,1,ㄓㄣˋ ㄓㄜˊ
鎮撫,1,ㄓㄣˋ ㄈㄨˇ
鎮星,1,ㄓㄣˋ ㄒㄧㄥ
鎮物,1,ㄓㄣˋ ㄨ˙
鎮臺,1,ㄓㄣˋ ㄊㄞˊ
鎮邪,1,ㄓㄣˋ ㄒㄧㄝˊ
鏇子,1,ㄒㄩㄢˋ ㄗ˙
鏇粉,1,ㄒㄩㄢˋ ㄈㄣˇ
鏈椎,1,ㄌㄧㄢˋ ㄔㄨㄟˊ
鏈軌,1,ㄌㄧㄢˋ ㄍㄨㄟˇ
鏊子,1,ㄠˊ ㄗ˙
鏌釾,1,ㄇㄛˋ ㄧㄝˊ
鏑銜,1,ㄉㄧˊ ㄒㄧㄢˊ
鏑鋒,1,ㄉㄧˊ ㄈㄥ
鏖糟,1,ㄠˊ ㄗㄠ
鏗爾,1,ㄎㄥ ㄦˇ
鏘鳴,1,ㄑㄧㄤ ㄇㄧㄥˊ
鏜鏜,1,ㄊㄤ ㄊㄤ
鏟幣,1,ㄔㄢˇ ㄅㄧˋ
鏟蹚,1,ㄔㄢˇ ㄊㄤ
鏟頭,1,ㄔㄢˇ ㄊㄡˊ
鏡湖,1,ㄐㄧㄥˋ ㄏㄨˊ
鏡筒,1,ㄐㄧㄥˋ ㄊㄨㄥˇ
鏡考,1,ㄐㄧㄥˋ ㄎㄠˇ
鏡聽,1,ㄐㄧㄥˋ ㄊㄧㄥ
鏡袱,1,ㄐㄧㄥˋ ㄈㄨˊ
鏡貝,1,ㄐㄧㄥˋ ㄅㄟˋ
鏢師,1,ㄅㄧㄠ ㄕ
鏢旗,1,ㄅㄧㄠ ㄑㄧˊ
鏤刻,1,ㄌㄡˋ ㄎㄜˋ
鏤榜,1,ㄌㄡˋ ㄅㄤˇ
鏤花,1,ㄌㄡˋ ㄏㄨㄚ
鏤身,1,ㄌㄡˋ ㄕㄣ
鏦鏦,1,ㄘㄨㄥ ㄘㄨㄥ
鏹水,1,ㄑㄧㄤ ㄕㄨㄟˇ
鐃吹,1,ㄋㄠˊ ㄔㄨㄟˋ
鐃歌,1,ㄋㄠˊ ㄍㄜ
鐎斗,1,ㄐㄧㄠ ㄉㄡˇ
鐐子,1,ㄌㄧㄠˊ ㄗˇ
鐐鑪,1,ㄌㄧㄠˊ ㄌㄨˊ
鐘塔,1,ㄓㄨㄥ ㄊㄚˇ
鐘漏,1,ㄓㄨㄥ ㄌㄡˋ
鐘琴,1,ㄓㄨㄥ ㄑㄧㄣˊ
鐘磬,1,ㄓㄨㄥ ㄑㄧㄥˋ
鐫刻,1,ㄐㄩㄢ ㄎㄜˋ
鐫汰,1,ㄐㄩㄢ ㄊㄞˋ
鐫罰,1,ㄐㄩㄢ ㄈㄚˊ
鐫諭,1,ㄐㄩㄢ ㄩˋ
鐫譙,1,ㄐㄩㄢ ㄑㄧㄠˋ
鐮倉,1,ㄌㄧㄢˊ ㄘㄤ
鐵價,1,ㄊㄧㄝˇ ㄐㄧㄚˋ
鐵券,1,ㄊㄧㄝˇ ㄑㄩㄢˋ
鐵匠,1,ㄊㄧㄝˇ ㄐㄧㄤ˙
鐵婚,1,ㄊㄧㄝˇ ㄏㄨㄣ
鐵掀,1,ㄊㄧㄝˇ ㄒㄧㄢ
鐵搭,1,ㄊㄧㄝˇ ㄉㄚ
鐵杉,1,ㄊㄧㄝˇ ㄕㄢ
鐵活,1,ㄊㄧㄝˇ ㄏㄨㄛˊ
鐵牌,1,ㄊㄧㄝˇ ㄆㄞˊ
鐵琴,1,ㄊㄧㄝˇ ㄑㄧㄣˊ
鐵畫,1,ㄊㄧㄝˇ ㄏㄨㄚˋ
鐵簡,1,ㄊㄧㄝˇ ㄐㄧㄢˇ
鐵肺,1,ㄊㄧㄝˇ ㄈㄟˋ
鐵落,1,ㄊㄧㄝˇ ㄌㄨㄛˋ
鐵葉,1,ㄊㄧㄝˇ ㄧㄝˋ
鐵貓,1,ㄊㄧㄝˇ ㄇㄠ
鐵都,1,ㄊㄧㄝˇ ㄉㄨ
鐵鉗,1,ㄊㄧㄝˇ ㄑㄧㄢˊ
鐵鍋,1,ㄊㄧㄝˇ ㄍㄨㄛ
鐵鎖,1,ㄊㄧㄝˇ ㄙㄨㄛˇ
鐵鐐,1,ㄊㄧㄝˇ ㄌㄧㄠˊ
鐵鞋,1,ㄊㄧㄝˇ ㄒㄧㄝˊ
鐵鞭,1,ㄊㄧㄝˇ ㄅㄧㄢ
鐵骨,1,ㄊㄧㄝˇ ㄍㄨˇ
鐵鳥,1,ㄊㄧㄝˇ ㄋㄧㄠˇ
鐵齒,1,ㄊㄧㄝˇ ㄔˇ
鐶釵,1,ㄏㄨㄢˊ ㄔㄞ
鐺頭,1,ㄔㄥ ㄊㄡˊ
鑄字,1,ㄓㄨˋ ㄗ˙
鑄模,1,ㄓㄨˋ ㄇㄨˊ
鑊烹,1,ㄏㄨㄛˋ ㄆㄥ
鑊鐸,1,ㄏㄨㄛˋ ㄉㄨㄛˊ
鑌鐵,1,ㄅㄧㄣ ㄊㄧㄝˇ
鑑湖,1,ㄐㄧㄢˋ ㄏㄨˊ
鑒戒,1,ㄐㄧㄢˋ ㄐㄧㄝˋ
鑒諒,1,ㄐㄧㄢˋ ㄌㄧㄤˋ
鑞箔,1,ㄌㄚˋ ㄅㄛˊ
鑠鑠,1,ㄕㄨㄛˋ ㄕㄨㄛˋ
鑣鑣,1,ㄅㄧㄠ ㄅㄧㄠ
鑪冶,1,ㄌㄨˊ ㄧㄝˇ
鑪捶,1,ㄌㄨˊ ㄔㄨㄟˊ
鑰管,1,ㄧㄠˋ ㄍㄨㄢˇ
鑲滾,1,ㄒㄧㄤ ㄍㄨㄣˇ
鑹子,1,ㄘㄨㄢ ㄗ˙
鑼鍋,1,ㄌㄨㄛˊ ㄍㄨㄛ
鑽仰,1,ㄗㄨㄢ ㄧㄤˇ
鑽刺,1,ㄗㄨㄢ ㄘˋ
鑽天,1,ㄗㄨㄢ ㄊㄧㄢ
鑽子,1,ㄗㄨㄢˋ ㄗ˙
鑽機,1,ㄗㄨㄢ ㄐㄧ˙
鑽火,1,ㄗㄨㄢ ㄏㄨㄛˇ
鑽灼,1,ㄗㄨㄢ ㄓㄨㄛˊ
鑽燧,1,ㄗㄨㄢ ㄙㄨㄟˋ
鑽疾,1,ㄗㄨㄢ ㄐㄧˊ
鑽頭,1,ㄗㄨㄢˋ ㄊㄡˊ
鑾鈴,1,ㄌㄨㄢˊ ㄌㄧㄥˊ
鑿井,1,ㄗㄠˊ ㄐㄧㄥˇ
鑿坏,1,ㄗㄨㄛˋ ㄆㄟˊ
鑿枘,1,ㄗㄨㄛˋ ㄖㄨㄟˋ
鑿空,1,ㄗㄨㄛˋ ㄎㄨㄥ
鑿竅,1,ㄗㄨㄛˋ ㄑㄧㄠˋ
鑿鑿,1,ㄗㄨㄛˋ ㄗㄨㄛˋ
钂叉,1,ㄊㄤˇ ㄔㄚ
钂鈀,1,ㄊㄤˇ ㄅㄚˇ
長三,1,ㄔㄤˊ ㄙㄢ
長亭,1,ㄔㄤˊ ㄊㄧㄥˊ
長便,1,ㄔㄤˊ ㄅㄧㄢˋ
長俊,1,ㄓㄤˇ ㄐㄩㄣˋ
長兵,1,ㄔㄤˊ ㄅㄧㄥ
長冊,1,ㄔㄤˊ ㄘㄜˋ
長刀,1,ㄔㄤˊ ㄉㄠ
長句,1,ㄔㄤˊ ㄐㄩˋ
長史,1,ㄓㄤˇ ㄕˇ
長吁,1,ㄔㄤˊ ㄒㄩ
長君,1,ㄓㄤˇ ㄐㄩㄣ
長吟,1,ㄔㄤˊ ㄧㄣˊ
長噸,1,ㄔㄤˊ ㄉㄨㄣˋ
長圍,1,ㄔㄤˊ ㄨㄟˊ
長坂,1,ㄔㄤˊ ㄅㄢˇ
長堤,1,ㄔㄤˊ ㄊㄧˊ
長大,1,ㄔㄤˊ ㄉㄚˋ
長夫,1,ㄔㄤˊ ㄈㄨ
長子,1,ㄔㄤˊ ㄗˇ
長子,1,ㄔㄤˊ ㄗ˙
長局,1,ㄔㄤˊ ㄐㄩˊ
長居,1,ㄔㄤˊ ㄐㄩ
長島,1,ㄔㄤˊ ㄉㄠˇ
長川,1,ㄔㄤˊ ㄔㄨㄢ
長廊,1,ㄔㄤˊ ㄌㄤˊ
長思,1,ㄔㄤˊ ㄙ
長性,1,ㄔㄤˊ ㄒㄧㄥˋ
長戳,1,ㄔㄤˊ ㄔㄨㄛ
長才,1,ㄔㄤˊ ㄘㄞˊ
長技,1,ㄔㄤˊ ㄐㄧˋ
長曆,1,ㄔㄤˊ ㄌㄧˋ
長書,1,ㄔㄤˊ ㄕㄨ
長材,1,ㄔㄤˊ ㄘㄞˊ
長板,1,ㄔㄤˊ ㄅㄢˇ
長林,1,ㄔㄤˊ ㄌㄧㄣˊ
長枷,1,ㄔㄤˊ ㄐㄧㄚ
長案,1,ㄔㄤˊ ㄢˋ
長楊,1,ㄔㄤˊ ㄧㄤˊ
長楸,1,ㄔㄤˊ ㄑㄧㄡ
長機,1,ㄓㄤˇ ㄐㄧ
長歌,1,ㄔㄤˊ ㄍㄜ
長法,1,ㄔㄤˊ ㄈㄚˇ
長漏,1,ㄔㄤˊ ㄌㄡˋ
長灘,1,ㄔㄤˊ ㄊㄢ
長班,1,ㄔㄤˊ ㄅㄢ
長發,1,ㄔㄤˊ ㄈㄚ
長空,1,ㄔㄤˊ ㄎㄨㄥ
長竿,1,ㄔㄤˊ ㄍㄢ
長箋,1,ㄔㄤˊ ㄐㄧㄢ
長算,1,ㄔㄤˊ ㄙㄨㄢˋ
長纓,1,ㄔㄤˊ ㄧㄥ
長腰,1,ㄔㄤˊ ㄧㄠ
長至,1,ㄔㄤˊ ㄓˋ
長號,1,ㄔㄤˊ ㄏㄠˊ
長行,1,ㄔㄤˊ ㄒㄧㄥˊ
長袂,1,ㄔㄤˊ ㄇㄟˋ
長親,1,ㄓㄤˇ ㄑㄧㄣ
長解,1,ㄔㄤˊ ㄐㄧㄝˋ
長話,1,ㄔㄤˊ ㄏㄨㄚˋ
長路,1,ㄔㄤˊ ㄌㄨˋ
長車,1,ㄔㄤˊ ㄐㄩ
長轂,1,ㄔㄤˊ ㄍㄨˇ
長辭,1,ㄔㄤˊ ㄘˊ
長邁,1,ㄔㄤˊ ㄇㄞˋ
長鋏,1,ㄔㄤˊ ㄐㄧㄚˊ
長錢,1,ㄔㄤˊ ㄑㄧㄢˊ
長鎗,1,ㄔㄤˊ ㄑㄧㄤ
長鎩,1,ㄔㄤˊ ㄕㄚ
長鑱,1,ㄔㄤˊ ㄔㄢˊ
長門,1,ㄔㄤˊ ㄇㄣˊ
長關,1,ㄔㄤˊ ㄍㄨㄢ
長陵,1,ㄔㄤˊ ㄌㄧㄥˊ
長隨,1,ㄔㄤˊ ㄙㄨㄟˊ
長離,1,ㄔㄤˊ ㄌㄧˊ
長項,1,ㄔㄤˊ ㄒㄧㄤˋ
長風,1,ㄔㄤˊ ㄈㄥ
長馬,1,ㄔㄤˊ ㄇㄚˇ
長骨,1,ㄔㄤˊ ㄍㄨˇ
長鬣,1,ㄔㄤˊ ㄌㄧㄝˋ
長鯨,1,ㄔㄤˊ ㄐㄧㄥ
長鳴,1,ㄔㄤˊ ㄇㄧㄥˊ
長鼓,1,ㄔㄤˊ ㄍㄨˇ
長齡,1,ㄔㄤˊ ㄌㄧㄥˊ
門丁,1,ㄇㄣˊ ㄉㄧㄥ
門上,1,ㄇㄣˊ ㄕㄤˋ
門僧,1,ㄇㄣˊ ㄙㄥ
門公,1,ㄇㄣˊ ㄍㄨㄥ
門刺,1,ㄇㄣˊ ㄘˋ
門功,1,ㄇㄣˊ ㄍㄨㄥ
門包,1,ㄇㄣˊ ㄅㄠ
門地,1,ㄇㄣˊ ㄉㄧˋ
門坊,1,ㄇㄣˊ ㄈㄤ
門坎,1,ㄇㄣˊ ㄎㄢˇ
門堂,1,ㄇㄣˊ ㄊㄤˊ
門塾,1,ㄇㄣˊ ㄕㄨˊ
門墩,1,ㄇㄣˊ ㄉㄨㄣ
門子,1,ㄇㄣˊ ㄗ˙
門對,1,ㄇㄣˊ ㄉㄨㄟˋ
門崗,1,ㄇㄣˊ ㄍㄤˇ
門帖,1,ㄇㄣˊ ㄊㄧㄝˇ
門幕,1,ㄇㄣˊ ㄇㄨˋ
門庇,1,ㄇㄣˊ ㄅㄧˋ
門役,1,ㄇㄣˊ ㄧˋ
門戟,1,ㄇㄣˊ ㄐㄧˇ
門旗,1,ㄇㄣˊ ㄑㄧˊ
門杯,1,ㄇㄣˊ ㄅㄟ
門桄,1,ㄇㄣˊ ㄍㄨㄤ
門桯,1,ㄇㄣˊ ㄊㄧㄥ
門業,1,ㄇㄣˊ ㄧㄝˋ
門楹,1,ㄇㄣˊ ㄧㄥˊ
門橋,1,ㄇㄣˊ ㄑㄧㄠˊ
門牓,1,ㄇㄣˊ ㄅㄤˇ
門牡,1,ㄇㄣˊ ㄇㄨˇ
門狀,1,ㄇㄣˊ ㄓㄨㄤˋ
門皁,1,ㄇㄣˊ ㄗㄠˋ
門祚,1,ㄇㄣˊ ㄗㄨㄛˋ
門禮,1,ㄇㄣˊ ㄌㄧˇ
門簿,1,ㄇㄣˊ ㄅㄨˋ
門籍,1,ㄇㄣˊ ㄐㄧˊ
門者,1,ㄇㄣˊ ㄓㄜˇ
門臉,1,ㄇㄣˊ ㄌㄧㄢˇ
門臼,1,ㄇㄣˊ ㄐㄧㄡˋ
門蔭,1,ㄇㄣˊ ㄧㄣˋ
門資,1,ㄇㄣˊ ㄗ
門軍,1,ㄇㄣˊ ㄐㄩㄣ
門道,1,ㄇㄣˊ ㄉㄠ˙
門鈸,1,ㄇㄣˊ ㄅㄚˊ
門錢,1,ㄇㄣˊ ㄑㄧㄢˊ
門鎗,1,ㄇㄣˊ ㄑㄧㄤ
門閭,1,ㄇㄣˊ ㄌㄩˊ
門頭,1,ㄇㄣˊ ㄊㄡˊ
門首,1,ㄇㄣˊ ㄕㄡˇ
閃灼,1,ㄕㄢˇ ㄓㄨㄛˊ
閃賺,1,ㄕㄢˇ ㄓㄨㄢˋ
閃音,1,ㄕㄢˇ ㄧㄣ
閃風,1,ㄕㄢˇ ㄈㄥ
閈閎,1,ㄏㄢˋ ㄏㄨㄥˊ
閉上,1,ㄅㄧˋ ㄕㄤ˙
閉十,1,ㄅㄧˋ ㄕˊ
閉心,1,ㄅㄧˋ ㄒㄧㄣ
閉戹,1,ㄅㄧˋ ㄜˋ
閉攏,1,ㄅㄧˋ ㄌㄨㄥˇ
閉果,1,ㄅㄧˋ ㄍㄨㄛˇ
閉結,1,ㄅㄧˋ ㄐㄧㄝˊ
閉經,1,ㄅㄧˋ ㄐㄧㄥ
閉聲,1,ㄅㄧˋ ㄕㄥ
閉蟄,1,ㄅㄧˋ ㄓˊ
閉面,1,ㄅㄧˋ ㄇㄧㄢˋ
開交,1,ㄎㄞ ㄐㄧㄠ
開刃,1,ㄎㄞ ㄖㄣˋ
開初,1,ㄎㄞ ㄔㄨ
開化,1,ㄎㄞ ㄏㄨㄚ˙
開取,1,ㄎㄞ ㄑㄩˇ
開呵,1,ㄎㄞ ㄏㄜ
開喪,1,ㄎㄞ ㄙㄤ
開嗙,1,ㄎㄞ ㄆㄤˇ
開坊,1,ㄎㄞ ㄈㄤ
開基,1,ㄎㄞ ㄐㄧ
開士,1,ㄎㄞ ㄕˋ
開差,1,ㄎㄞ ㄔㄞ
開席,1,ㄎㄞ ㄒㄧˊ
開帳,1,ㄎㄞ ㄓㄤˋ
開幫,1,ㄎㄞ ㄅㄤ
開廟,1,ㄎㄞ ㄇㄧㄠˋ
開弓,1,ㄎㄞ ㄍㄨㄥ
開復,1,ㄎㄞ ㄈㄨˋ
開悟,1,ㄎㄞ ㄨˋ
開手,1,ㄎㄞ ㄕㄡˇ
開排,1,ㄎㄞ ㄆㄞˊ
開敏,1,ㄎㄞ ㄇㄧㄣˇ
開數,1,ㄎㄞ ㄕㄨˋ
開暢,1,ㄎㄞ ㄔㄤˋ
開槓,1,ㄎㄞ ㄍㄤˋ
開江,1,ㄎㄞ ㄐㄧㄤ
開河,1,ㄎㄞ ㄏㄜˊ
開洋,1,ㄎㄞ ㄧㄤˊ
開濟,1,ㄎㄞ ㄐㄧˋ
開濬,1,ㄎㄞ ㄐㄩㄣˋ
開爐,1,ㄎㄞ ㄌㄨˊ
開片,1,ㄎㄞ ㄆㄧㄢˋ
開秋,1,ㄎㄞ ㄑㄧㄡ
開科,1,ㄎㄞ ㄎㄜ
開秤,1,ㄎㄞ ㄔㄥˋ
開第,1,ㄎㄞ ㄉㄧˋ
開篇,1,ㄎㄞ ㄆㄧㄢ
開素,1,ㄎㄞ ㄙㄨˋ
開罵,1,ㄎㄞ ㄇㄚˋ
開臺,1,ㄎㄞ ㄊㄞˊ
開落,1,ㄎㄞ ㄌㄨㄛˋ
開行,1,ㄎㄞ ㄒㄧㄥˊ
開診,1,ㄎㄞ ㄓㄣˇ
開話,1,ㄎㄞ ㄏㄨㄚˋ
開豁,1,ㄎㄞ ㄏㄨㄛˋ
開賀,1,ㄎㄞ ㄏㄜˋ
開路,1,ㄎㄞ ㄌㄨ˙
開通,1,ㄎㄞ ㄊㄨㄥ˙
開酒,1,ㄎㄞ ㄐㄧㄡˇ
開鏡,1,ㄎㄞ ㄐㄧㄥˋ
開鑿,1,ㄎㄞ ㄗㄨㄛˋ
開闔,1,ㄎㄞ ㄏㄜˊ
開霽,1,ㄎㄞ ㄐㄧˋ
開靜,1,ㄎㄞ ㄐㄧㄥˋ
開面,1,ㄎㄞ ㄇㄧㄢˋ
開靨,1,ㄎㄞ ㄧㄝˋ
開革,1,ㄎㄞ ㄍㄜˊ
開風,1,ㄎㄞ ㄈㄥ
開首,1,ㄎㄞ ㄕㄡˇ
開鬨,1,ㄎㄞ ㄏㄨㄥˋ
開齋,1,ㄎㄞ ㄓㄞ
閎壯,1,ㄏㄨㄥˊ ㄓㄨㄤˋ
閎誕,1,ㄏㄨㄥˊ ㄉㄢˋ
閏統,1,ㄖㄨㄣˋ ㄊㄨㄥˇ
閑冗,1,ㄒㄧㄢˊ ㄖㄨㄥˇ
閑常,1,ㄒㄧㄢˊ ㄔㄤˊ
閑耍,1,ㄒㄧㄢˊ ㄕㄨㄚˇ
閑講,1,ㄒㄧㄢˊ ㄐㄧㄤˇ
閑閑,1,ㄒㄧㄢˊ ㄒㄧㄢˊ
閑雅,1,ㄒㄧㄢˊ ㄧㄚˇ
閑食,1,ㄒㄧㄢˊ ㄕˊ
閒住,1,ㄒㄧㄢˊ ㄓㄨˋ
閒出,1,ㄐㄧㄢˋ ㄔㄨ
閒可,1,ㄒㄧㄢˊ ㄎㄜˇ
閒地,1,ㄒㄧㄢˊ ㄉㄧˋ
閒宴,1,ㄒㄧㄢˊ ㄧㄢˋ
閒家,1,ㄒㄧㄢˊ ㄐㄧㄚ
閒愁,1,ㄒㄧㄢˊ ㄔㄡˊ
閒房,1,ㄒㄧㄢˊ ㄈㄤˊ
閒敘,1,ㄒㄧㄢˊ ㄒㄩˋ
閒月,1,ㄒㄧㄢˊ ㄩㄝˋ
閒步,1,ㄐㄧㄢˋ ㄅㄨˋ
閒步,1,ㄒㄧㄢˊ ㄅㄨˋ
閒氣,1,ㄐㄧㄢˋ ㄑㄧˋ
閒燕,1,ㄒㄧㄢˊ ㄧㄢˋ
閒田,1,ㄒㄧㄢˊ ㄊㄧㄢˊ
閒章,1,ㄒㄧㄢˊ ㄓㄤ
閒職,1,ㄒㄧㄢˊ ㄓˊ
閒行,1,ㄐㄧㄢˋ ㄒㄧㄥˊ
閒覷,1,ㄐㄧㄢˋ ㄑㄩˋ
閒言,1,ㄐㄧㄢˋ ㄧㄢˊ
閒言,1,ㄒㄧㄢˊ ㄧㄢˊ
閒語,1,ㄐㄧㄢˋ ㄩˇ
閒語,1,ㄒㄧㄢˊ ㄩˇ
閒逸,1,ㄒㄧㄢˊ ㄧˋ
閒道,1,ㄐㄧㄢˋ ㄉㄠˋ
閒隙,1,ㄐㄧㄢˋ ㄒㄧˋ
間入,1,ㄐㄧㄢˋ ㄖㄨˋ
間出,1,ㄐㄧㄢˋ ㄔㄨ
間別,1,ㄐㄧㄢˋ ㄅㄧㄝˊ
間壁,1,ㄐㄧㄢˋ ㄅㄧˋ
間奏,1,ㄐㄧㄢ ㄗㄡˋ
間捕,1,ㄐㄧㄢˋ ㄅㄨˇ
間日,1,ㄐㄧㄢˋ ㄖˋ
間有,1,ㄐㄧㄢˋ ㄧㄡˇ
間架,1,ㄐㄧㄢ ㄐㄧㄚˋ
間歲,1,ㄐㄧㄢˋ ㄙㄨㄟˋ
間腦,1,ㄐㄧㄢ ㄋㄠˇ
間色,1,ㄐㄧㄢˋ ㄙㄜˋ
間行,1,ㄐㄧㄢˋ ㄒㄧㄥˊ
間裂,1,ㄐㄧㄢˋ ㄌㄧㄝˋ
間道,1,ㄐㄧㄢˋ ㄉㄠˋ
間量,1,ㄐㄧㄢ ㄌㄧㄤˋ
間闊,1,ㄐㄧㄢˋ ㄎㄨㄛˋ
間關,1,ㄐㄧㄢ ㄍㄨㄢ
間阻,1,ㄐㄧㄢˋ ㄗㄨˇ
閔惜,1,ㄇㄧㄣˇ ㄒㄧˊ
閔然,1,ㄇㄧㄣˇ ㄖㄢˊ
閔閔,1,ㄇㄧㄣˇ ㄇㄧㄣˇ
閘夜,1,ㄓㄚˊ ㄧㄝˋ
閘盒,1,ㄓㄚˊ ㄏㄜˊ
閘看,1,ㄓㄚˊ ㄎㄢˋ
閟宮,1,ㄅㄧˋ ㄍㄨㄥ
閣主,1,ㄍㄜˊ ㄓㄨˇ
閣楞,1,ㄍㄜˊ ㄌㄥˊ
閣正,1,ㄍㄜˊ ㄓㄥˋ
閣氣,1,ㄍㄜˊ ㄑㄧˋ
閣淚,1,ㄍㄜˊ ㄌㄟˋ
閣落,1,ㄍㄜˊ ㄌㄨㄛˋ
閣道,1,ㄍㄜˊ ㄉㄠˋ
閣鈔,1,ㄍㄜˊ ㄔㄠ
閣閣,1,ㄍㄜˊ ㄍㄜˊ
閤中,1,ㄍㄜˊ ㄓㄨㄥ
閤家,1,ㄏㄜˊ ㄐㄧㄚ
閤眼,1,ㄏㄜˊ ㄧㄢˇ
閥閱,1,ㄈㄚˊ ㄩㄝˋ
閨中,1,ㄍㄨㄟ ㄓㄨㄥ
閨友,1,ㄍㄨㄟ ㄧㄡˇ
閨器,1,ㄍㄨㄟ ㄑㄧˋ
閨情,1,ㄍㄨㄟ ㄑㄧㄥˊ
閨閫,1,ㄍㄨㄟ ㄎㄨㄣˇ
閨闥,1,ㄍㄨㄟ ㄊㄚˋ
閩中,1,ㄇㄧㄣˊ ㄓㄨㄥ
閩侯,1,ㄇㄧㄣˊ ㄏㄡˊ
閩劇,1,ㄇㄧㄣˊ ㄐㄩˋ
閩南,1,ㄇㄧㄣˊ ㄋㄢˊ
閩學,1,ㄇㄧㄣˇ ㄒㄩㄝˊ
閩本,1,ㄇㄧㄣˊ ㄅㄣˇ
閩江,1,ㄇㄧㄣˊ ㄐㄧㄤ
閩語,1,ㄇㄧㄣˊ ㄩˇ
閫令,1,ㄎㄨㄣˇ ㄌㄧㄥˋ
閫奧,1,ㄎㄨㄣˇ ㄠˋ
閫威,1,ㄎㄨㄣˇ ㄨㄟ
閫寄,1,ㄎㄨㄣˇ ㄐㄧˋ
閫範,1,ㄎㄨㄣˇ ㄈㄢˋ
閫闈,1,ㄎㄨㄣˇ ㄨㄟˊ
閬苑,1,ㄌㄤˊ ㄩㄢˋ
閬閬,1,ㄌㄤˊ ㄌㄤˊ
閬風,1,ㄌㄤˊ ㄈㄥ
閭左,1,ㄌㄩˊ ㄗㄨㄛˇ
閭巷,1,ㄌㄩˊ ㄒㄧㄤˋ
閱世,1,ㄩㄝˋ ㄕˋ
閱實,1,ㄩㄝˋ ㄕˊ
閱年,1,ㄩㄝˋ ㄋㄧㄢˊ
閱處,1,ㄩㄝˋ ㄔㄨˇ
閱辦,1,ㄩㄝˋ ㄅㄢˋ
閶闔,1,ㄔㄤ ㄏㄜˊ
閶風,1,ㄔㄤ ㄈㄥ
閹官,1,ㄧㄢ ㄍㄨㄢ
閹宦,1,ㄧㄢ ㄏㄨㄢˋ
閹然,1,ㄧㄢ ㄖㄢˊ
閹豎,1,ㄧㄢ ㄕㄨˋ
閻君,1,ㄧㄢˊ ㄐㄩㄣ
閻摩,1,ㄧㄢˊ ㄇㄛˊ
閻浮,1,ㄧㄢˊ ㄈㄨˊ
閻羅,1,ㄧㄢˊ ㄌㄨㄛˊ
閼伯,1,ㄜˋ ㄅㄛˊ
閼塞,1,ㄜˋ ㄙㄜˋ
閼氏,1,ㄧㄢ ㄓ
閼與,1,ㄩˋ ㄩˇ
閼逢,1,ㄜˋ ㄈㄥˊ
閽侍,1,ㄏㄨㄣ ㄕˋ
閽寺,1,ㄏㄨㄣ ㄙˋ
閽者,1,ㄏㄨㄣ ㄓㄜˇ
閿鄉,1,ㄨㄣˊ ㄒㄧㄤ
闃寂,1,ㄑㄩˋ ㄐㄧˊ
闃然,1,ㄑㄩˋ ㄖㄢˊ
闇亂,1,ㄢˋ ㄌㄨㄢˋ
闇淺,1,ㄢˋ ㄑㄧㄢˇ
闇然,1,ㄢˋ ㄖㄢˊ
闇莫,1,ㄢˋ ㄇㄨˋ
闇誦,1,ㄢˋ ㄙㄨㄥˋ
闇跳,1,ㄢˋ ㄊㄧㄠˋ
闈墨,1,ㄨㄟˊ ㄇㄛˋ
闉闍,1,ㄧㄣ ㄉㄨ
闊大,1,ㄎㄨㄛˋ ㄉㄚˋ
闊氣,1,ㄎㄨㄛˋ ㄑㄧ˙
闊略,1,ㄎㄨㄛˋ ㄌㄩㄝˋ
闌單,1,ㄌㄢˊ ㄉㄢ
闌暑,1,ㄌㄢˊ ㄕㄨˇ
闌街,1,ㄌㄢˊ ㄐㄧㄝ
闌門,1,ㄌㄢˊ ㄇㄣˊ
闌風,1,ㄌㄢˊ ㄈㄥ
闍黎,1,ㄕㄜˊ ㄌㄧˊ
闐咽,1,ㄊㄧㄢˊ ㄧㄝˋ
闐溢,1,ㄊㄧㄢˊ ㄧˋ
闐然,1,ㄊㄧㄢˊ ㄖㄢˊ
闐闐,1,ㄊㄧㄢˊ ㄊㄧㄢˊ
闒懦,1,ㄊㄚˋ ㄋㄨㄛˋ
闒茸,1,ㄊㄚˋ ㄖㄨㄥˊ
闓懌,1,ㄎㄞˇ ㄧˋ
闓闡,1,ㄎㄞˇ ㄔㄢˇ
闔國,1,ㄏㄜˊ ㄍㄨㄛˊ
闔廬,1,ㄏㄜˊ ㄌㄨˊ
闔門,1,ㄏㄜˊ ㄇㄣˊ
闔閭,1,ㄏㄜˊ ㄌㄩˊ
闕下,1,ㄑㄩㄝˋ ㄒㄧㄚˋ
闕乏,1,ㄑㄩㄝ ㄈㄚˊ
闕字,1,ㄑㄩㄝ ㄗˋ
闕庭,1,ㄑㄩㄝˋ ㄊㄧㄥˊ
闕翦,1,ㄑㄩㄝ ㄐㄧㄢˇ
闕里,1,ㄑㄩㄝˋ ㄌㄧˇ
闖喪,1,ㄔㄨㄤˋ ㄙㄤ
闖子,1,ㄔㄨㄤˇ ㄗ˙
闖越,1,ㄔㄨㄤˇ ㄩㄝˋ
闖鍊,1,ㄔㄨㄤˇ ㄌㄧㄢ˙
關乎,1,ㄍㄨㄢ ㄏㄨ
關令,1,ㄍㄨㄢ ㄌㄧㄥˋ
關俸,1,ㄍㄨㄢ ㄈㄥˋ
關元,1,ㄍㄨㄢ ㄩㄢˊ
關取,1,ㄍㄨㄢ ㄑㄩˇ
關召,1,ㄍㄨㄢ ㄓㄠˋ
關合,1,ㄍㄨㄢ ㄏㄜˊ
關同,1,ㄍㄨㄢ ㄊㄨㄥˊ
關堡,1,ㄍㄨㄢ ㄅㄠˇ
關報,1,ㄍㄨㄢ ㄅㄠˋ
關塞,1,ㄍㄨㄢ ㄙㄞˋ
關尹,1,ㄍㄨㄢ ㄧㄣˇ
關岳,1,ㄍㄨㄢ ㄩㄝˋ
關嶺,1,ㄍㄨㄢ ㄌㄧㄥˇ
關帝,1,ㄍㄨㄢ ㄉㄧˋ
關席,1,ㄍㄨㄢ ㄒㄧˊ
關平,1,ㄍㄨㄢ ㄆㄧㄥˊ
關店,1,ㄍㄨㄢ ㄉㄧㄢˋ
關廂,1,ㄍㄨㄢ ㄒㄧㄤ
關弓,1,ㄍㄨㄢ ㄍㄨㄥ
關張,1,ㄍㄨㄢ ㄓㄤ
關征,1,ㄍㄨㄢ ㄓㄥ
關情,1,ㄍㄨㄢ ㄑㄧㄥˊ
關手,1,ㄍㄨㄢ ㄕㄡˇ
關提,1,ㄍㄨㄢ ㄊㄧˊ
關撲,1,ㄍㄨㄢ ㄆㄨ
關支,1,ㄍㄨㄢ ㄓ
關政,1,ㄍㄨㄢ ㄓㄥˋ
關文,1,ㄍㄨㄢ ㄨㄣˊ
關暇,1,ㄍㄨㄢ ㄒㄧㄚˊ
關會,1,ㄍㄨㄢ ㄏㄨㄟˋ
關河,1,ㄍㄨㄢ ㄏㄜˊ
關津,1,ㄍㄨㄢ ㄐㄧㄣ
關涉,1,ㄍㄨㄢ ㄕㄜˋ
關煞,1,ㄍㄨㄢ ㄕㄚˋ
關牡,1,ㄍㄨㄢ ㄇㄨˇ
關白,1,ㄍㄨㄢ ㄅㄛˊ
關目,1,ㄍㄨㄢ ㄇㄨˋ
關礙,1,ㄍㄨㄢ ㄞˋ
關禁,1,ㄍㄨㄢ ㄐㄧㄣˋ
關竅,1,ㄍㄨㄢ ㄑㄧㄠˋ
關紐,1,ㄍㄨㄢ ㄋㄧㄡˇ
關聖,1,ㄍㄨㄢ ㄕㄥˋ
關聘,1,ㄍㄨㄢ ㄆㄧㄣˋ
關脈,1,ㄍㄨㄢ ㄇㄞˋ
關親,1,ㄍㄨㄢ ㄑㄧㄣ
關覽,1,ㄍㄨㄢ ㄌㄢˇ
關託,1,ㄍㄨㄢ ㄊㄨㄛ
關輔,1,ㄍㄨㄢ ㄈㄨˇ
關通,1,ㄍㄨㄢ ㄊㄨㄥ
關雎,1,ㄍㄨㄢ ㄐㄩ
關風,1,ㄍㄨㄢ ㄈㄥ
關餉,1,ㄍㄨㄢ ㄒㄧㄤˇ
闞闞,1,ㄎㄢˋ ㄎㄢˋ
闞闞,1,ㄏㄢˇ ㄏㄢˇ
闡士,1,ㄔㄢˇ ㄕˋ
闡幽,1,ㄔㄢˇ ㄧㄡ
闡微,1,ㄔㄢˇ ㄨㄟˊ
闡究,1,ㄔㄢˇ ㄐㄧㄡˋ
闡緩,1,ㄔㄢˇ ㄏㄨㄢˇ
闢佛,1,ㄆㄧˋ ㄈㄛˊ
闢室,1,ㄆㄧˋ ㄕˋ
闢築,1,ㄆㄧˋ ㄓㄨˊ
闤闠,1,ㄏㄨㄢˊ ㄏㄨㄟˋ
阜盛,1,ㄈㄨˋ ㄕㄥˋ
阜蕃,1,ㄈㄨˋ ㄈㄢˊ
阜螽,1,ㄈㄨˋ ㄓㄨㄥ
阡阡,1,ㄑㄧㄢ ㄑㄧㄢ
阢隉,1,ㄨˋ ㄋㄧㄝˋ
阤靡,1,ㄧˇ ㄇㄧˇ
阪泉,1,ㄅㄢˇ ㄑㄩㄢˊ
阪阻,1,ㄅㄢˇ ㄗㄨˇ
阮元,1,ㄖㄨㄢˇ ㄩㄢˊ
阮咸,1,ㄖㄨㄢˇ ㄒㄧㄢˊ
阮瑀,1,ㄖㄨㄢˇ ㄩˇ
防固,1,ㄈㄤˊ ㄍㄨˋ
防嫌,1,ㄈㄤˊ ㄒㄧㄢˊ
防癌,1,ㄈㄤˊ ㄞˊ
防秋,1,ㄈㄤˊ ㄑㄧㄡ
防閑,1,ㄈㄤˊ ㄒㄧㄢˊ
防除,1,ㄈㄤˊ ㄔㄨˊ
阻修,1,ㄗㄨˇ ㄒㄧㄡ
阻截,1,ㄗㄨˇ ㄐㄧㄝˊ
阻援,1,ㄗㄨˇ ㄩㄢˊ
阻梗,1,ㄗㄨˇ ㄍㄥˇ
阻隘,1,ㄗㄨˇ ㄞˋ
阻險,1,ㄗㄨˇ ㄒㄧㄢˇ
阻難,1,ㄗㄨˇ ㄋㄢˊ
阼階,1,ㄗㄨㄛˋ ㄐㄧㄝ
阽危,1,ㄉㄧㄢˋ ㄨㄟˊ
阿也,1,ㄚ ㄧㄝˇ
阿井,1,ㄜ ㄐㄧㄥˇ
阿保,1,ㄜ ㄅㄠˇ
阿匼,1,ㄜ ㄢˇ
阿吽,1,ㄚ ㄏㄨㄥ
阿咸,1,ㄚ ㄒㄧㄢˊ
阿哥,1,ㄚˋ ㄍㄜ˙
阿嚏,1,ㄚ ㄊㄧˋ
阿堵,1,ㄚ ㄉㄨˇ
阿大,1,ㄚ ㄉㄚˋ
阿奴,1,ㄚ ㄋㄨˊ
阿好,1,ㄜ ㄏㄠˋ
阿姆,1,ㄚ ㄇㄨˇ
阿媚,1,ㄜ ㄇㄟˋ
阿嬌,1,ㄚ ㄐㄧㄠ
阿嬭,1,ㄚ ㄋㄞˇ
阿家,1,ㄚ ㄍㄨ
阿小,1,ㄚ ㄒㄧㄠˇ
阿屎,1,ㄜ ㄕˇ
阿戎,1,ㄚ ㄖㄨㄥˊ
阿旁,1,ㄚ ㄆㄤˊ
阿檀,1,ㄚ ㄊㄢˊ
阿洪,1,ㄚ ㄏㄨㄥˊ
阿混,1,ㄚ ㄏㄨㄣˋ
阿父,1,ㄚ ㄈㄨˋ
阿片,1,ㄚ ㄆㄧㄢˋ
阿獃,1,ㄚ ㄉㄞ
阿環,1,ㄚ ㄏㄨㄢˊ
阿瓦,1,ㄚ ㄨㄚˇ
阿監,1,ㄚ ㄐㄧㄢˋ
阿瞞,1,ㄚ ㄇㄢˊ
阿私,1,ㄜ ㄙ
阿翁,1,ㄚ ㄨㄥ
阿者,1,ㄚˋ ㄓㄜˇ
阿耶,1,ㄚ ㄧㄝˊ
阿膠,1,ㄜ ㄐㄧㄠ
阿衡,1,ㄜ ㄏㄥˊ
阿訇,1,ㄚ ㄏㄨㄥ
阿誰,1,ㄚ ㄕㄨㄟˊ
阿諂,1,ㄜ ㄔㄢˇ
阿連,1,ㄚ ㄌㄧㄢˊ
阿達,1,ㄚ ㄉㄚ˙
阿邑,1,ㄜ ㄧˋ
阿郎,1,ㄚ ㄌㄤˊ
阿閣,1,ㄜ ㄍㄜˊ
阿阿,1,ㄚ ㄚ
阿難,1,ㄚ ㄋㄢˊ
阿香,1,ㄚ ㄒㄧㄤ
阿馬,1,ㄚ ㄇㄚˇ
阿魏,1,ㄜ ㄨㄟˋ
阿魯,1,ㄚ ㄌㄨˇ
阿黨,1,ㄜ ㄉㄤˇ
附學,1,ㄈㄨˋ ㄒㄩㄝˊ
附書,1,ㄈㄨˋ ㄕㄨ
附添,1,ㄈㄨˋ ㄊㄧㄢ
附炎,1,ㄈㄨˋ ㄧㄢˊ
附片,1,ㄈㄨˋ ㄆㄧㄢˋ
附獎,1,ㄈㄨˋ ㄐㄧㄤˇ
附益,1,ㄈㄨˋ ㄧˋ
附識,1,ㄈㄨˋ ㄓˋ
附讀,1,ㄈㄨˋ ㄉㄨˊ
附賊,1,ㄈㄨˋ ㄗㄟˊ
附載,1,ㄈㄨˋ ㄗㄞˋ
附逆,1,ㄈㄨˋ ㄋㄧˋ
附郭,1,ㄈㄨˋ ㄍㄨㄛ
附陳,1,ㄈㄨˋ ㄔㄣˊ
附驥,1,ㄈㄨˋ ㄐㄧˋ
附體,1,ㄈㄨˋ ㄊㄧˇ
附麗,1,ㄈㄨˋ ㄌㄧˋ
陋儒,1,ㄌㄡˋ ㄖㄨˊ
陋劣,1,ㄌㄡˋ ㄌㄧㄝˋ
陋淫,1,ㄌㄡˋ ㄧㄣˊ
陌刀,1,ㄇㄛˋ ㄉㄠ
陌地,1,ㄇㄛˋ ㄉㄧˋ
陌然,1,ㄇㄛˋ ㄖㄢˊ
陌頭,1,ㄇㄛˋ ㄊㄡˊ
降乩,1,ㄐㄧㄤˋ ㄐㄧ
降凡,1,ㄐㄧㄤˋ ㄈㄢˊ
降咎,1,ㄐㄧㄤˋ ㄐㄧㄡˋ
降席,1,ㄐㄧㄤˋ ㄒㄧˊ
降情,1,ㄐㄧㄤˋ ㄑㄧㄥˊ
降旗,1,ㄒㄧㄤˊ ㄑㄧˊ
降書,1,ㄒㄧㄤˊ ㄕㄨ
降服,1,ㄐㄧㄤˋ ㄈㄨˊ
降災,1,ㄐㄧㄤˋ ㄗㄞ
降神,1,ㄐㄧㄤˋ ㄕㄣˊ
降祥,1,ㄐㄧㄤˋ ㄒㄧㄤˊ
降罪,1,ㄐㄧㄤˋ ㄗㄨㄟˋ
降薪,1,ㄐㄧㄤˋ ㄒㄧㄣ
降表,1,ㄒㄧㄤˊ ㄅㄧㄠˇ
降詔,1,ㄐㄧㄤˋ ㄓㄠˋ
降階,1,ㄐㄧㄤˋ ㄐㄧㄝ
降順,1,ㄒㄧㄤˊ ㄕㄨㄣˋ
降香,1,ㄐㄧㄤˋ ㄒㄧㄤ
限日,1,ㄒㄧㄢˋ ㄖˋ
限棒,1,ㄒㄧㄢˋ ㄅㄤˋ
限次,1,ㄒㄧㄢˋ ㄘˋ
限盡,1,ㄒㄧㄢˋ ㄐㄧㄣˋ
限量,1,ㄒㄧㄢˋ ㄌㄧㄤˊ
限阻,1,ㄒㄧㄢˋ ㄗㄨˇ
限電,1,ㄒㄧㄢˋ ㄉㄧㄢˋ
限韻,1,ㄒㄧㄢˋ ㄩㄣˋ
限齡,1,ㄒㄧㄢˋ ㄌㄧㄥˊ
陔步,1,ㄍㄞ ㄅㄨˋ
陘山,1,ㄒㄧㄥˊ ㄕㄢ
陟屺,1,ㄓˋ ㄑㄧˇ
陟岵,1,ㄓˋ ㄏㄨˋ
陟方,1,ㄓˋ ㄈㄤ
陟黜,1,ㄓˋ ㄔㄨˋ
陡增,1,ㄉㄡˇ ㄗㄥ
陡搜,1,ㄉㄡˇ ㄙㄡ
陡斜,1,ㄉㄡˇ ㄒㄧㄝˊ
陡立,1,ㄉㄡˇ ㄌㄧˋ
陡長,1,ㄉㄡˇ ㄓㄤˇ
陡頓,1,ㄉㄡˇ ㄉㄨㄣˋ
院主,1,ㄩㄢˋ ㄓㄨˇ
院公,1,ㄩㄢˋ ㄍㄨㄥ
院君,1,ㄩㄢˋ ㄐㄩㄣ
院家,1,ㄩㄢˋ ㄐㄧㄚ
院畫,1,ㄩㄢˋ ㄏㄨㄚˋ
院試,1,ㄩㄢˋ ㄕˋ
陣仗,1,ㄓㄣˋ ㄓㄤ˙
陣圓,1,ㄓㄣˋ ㄩㄢˊ
陣角,1,ㄓㄣˋ ㄐㄧㄠˇ
陣門,1,ㄓㄣˋ ㄇㄣˊ
陣陣,1,ㄓㄣˋ ㄓㄣˋ
陣頭,1,ㄓㄣˋ ㄊㄡˊ
陣馬,1,ㄓㄣˋ ㄇㄚˇ
除召,1,ㄔㄨˊ ㄓㄠˋ
除地,1,ㄔㄨˊ ㄉㄧˋ
除夜,1,ㄔㄨˊ ㄧㄝˋ
除孝,1,ㄔㄨˊ ㄒㄧㄠˋ
除息,1,ㄔㄨˊ ㄒㄧˊ
除拜,1,ㄔㄨˊ ㄅㄞˋ
除授,1,ㄔㄨˊ ㄕㄡˋ
除日,1,ㄔㄨˊ ㄖˋ
除書,1,ㄔㄨˊ ㄕㄨ
除月,1,ㄔㄨˊ ㄩㄝˋ
除服,1,ㄔㄨˊ ㄈㄨˊ
除汙,1,ㄔㄨˊ ㄨ
除汰,1,ㄔㄨˊ ㄊㄞˋ
除阻,1,ㄔㄨˊ ㄗㄨˇ
除靈,1,ㄔㄨˊ ㄌㄧㄥˊ
陪乘,1,ㄆㄟˊ ㄔㄥˊ
陪京,1,ㄆㄟˊ ㄐㄧㄥ
陪位,1,ㄆㄟˊ ㄨㄟˋ
陪口,1,ㄆㄟˊ ㄎㄡˇ
陪告,1,ㄆㄟˊ ㄍㄠˋ
陪坐,1,ㄆㄟˊ ㄗㄨㄛˋ
陪堂,1,ㄆㄟˊ ㄊㄤˊ
陪奩,1,ㄆㄟˊ ㄌㄧㄢˊ
陪客,1,ㄆㄟˊ ㄎㄜ˙
陪弔,1,ㄆㄟˊ ㄉㄧㄠˋ
陪房,1,ㄆㄟˊ ㄈㄤ˙
陪敦,1,ㄆㄟˊ ㄉㄨㄣ
陪榜,1,ㄆㄟˊ ㄅㄤˇ
陪祀,1,ㄆㄟˊ ㄙˋ
陪祭,1,ㄆㄟˊ ㄐㄧˋ
陪綁,1,ㄆㄟˊ ㄅㄤˇ
陪考,1,ㄆㄟˊ ㄎㄠˇ
陪臣,1,ㄆㄟˊ ㄔㄣˊ
陪裝,1,ㄆㄟˊ ㄓㄨㄤ
陪話,1,ㄆㄟˊ ㄏㄨㄚˋ
陪貳,1,ㄆㄟˊ ㄦˋ
陪送,1,ㄆㄟˊ ㄙㄨㄥˋ
陪音,1,ㄆㄟˊ ㄧㄣ
陪飲,1,ㄆㄟˊ ㄧㄣˇ
陬月,1,ㄗㄡ ㄩㄝˋ
陬落,1,ㄗㄡ ㄌㄨㄛˋ
陰世,1,ㄧㄣ ㄕˋ
陰事,1,ㄧㄣ ㄕˋ
陰人,1,ㄧㄣ ㄖㄣˊ
陰伏,1,ㄧㄣ ㄈㄨˊ
陰兵,1,ㄧㄣ ㄅㄧㄥ
陰功,1,ㄧㄣ ㄍㄨㄥ
陰占,1,ㄧㄣ ㄓㄢˋ
陰哂,1,ㄧㄣ ㄕㄣˇ
陰子,1,ㄧㄣ ㄗ˙
陰官,1,ㄧㄣ ㄍㄨㄢ
陰害,1,ㄧㄣ ㄏㄞˋ
陰寒,1,ㄧㄣ ㄏㄢˊ
陰干,1,ㄧㄣ ㄍㄢ
陰廟,1,ㄧㄣ ㄇㄧㄠˋ
陰惡,1,ㄧㄣ ㄜˋ
陰挺,1,ㄧㄣ ㄊㄧㄥˇ
陰捕,1,ㄧㄣ ㄅㄨˇ
陰教,1,ㄧㄣ ㄐㄧㄠˋ
陰毒,1,ㄧㄣ ㄉㄨˊ
陰河,1,ㄧㄣ ㄏㄜˊ
陰消,1,ㄧㄣ ㄒㄧㄠ
陰溼,1,ㄧㄣ ㄕ
陰火,1,ㄧㄣ ㄏㄨㄛˇ
陰燧,1,ㄧㄣ ㄙㄨㄟˋ
陰狀,1,ㄧㄣ ㄓㄨㄤˋ
陰珓,1,ㄧㄣ ㄐㄧㄠˋ
陰生,1,ㄧㄣ ㄕㄥ
陰禮,1,ㄧㄣ ㄌㄧˇ
陰空,1,ㄧㄣ ㄎㄨㄥ
陰精,1,ㄧㄣ ㄐㄧㄥ
陰紋,1,ㄧㄣ ㄨㄣˊ
陰絡,1,ㄧㄣ ㄌㄨㄛˋ
陰緩,1,ㄧㄣ ㄏㄨㄢˇ
陰翳,1,ㄧㄣ ㄧˋ
陰聲,1,ㄧㄣ ㄕㄥ
陰臣,1,ㄧㄣ ㄔㄣˊ
陰蝨,1,ㄧㄣ ㄕ
陰調,1,ㄧㄣ ㄉㄧㄠˋ
陰識,1,ㄧㄣ ㄓˋ
陰譴,1,ㄧㄣ ㄑㄧㄢˇ
陰賊,1,ㄧㄣ ㄗㄜˊ
陰躁,1,ㄧㄣ ㄗㄠˋ
陰辰,1,ㄧㄣ ㄔㄣˊ
陰重,1,ㄧㄣ ㄓㄨㄥˋ
陰鏗,1,ㄧㄣ ㄎㄥ
陰門,1,ㄧㄣ ㄇㄣˊ
陰阜,1,ㄧㄣ ㄈㄨˋ
陰雕,1,ㄧㄣ ㄉㄧㄠ
陰韻,1,ㄧㄣ ㄩㄣˋ
陰騭,1,ㄧㄣ ㄓˋ
陰鬼,1,ㄧㄣ ㄍㄨㄟˇ
陰魄,1,ㄧㄣ ㄆㄛˋ
陰鷙,1,ㄧㄣ ㄓˋ
陳亮,1,ㄔㄣˊ ㄌㄧㄤˋ
陳人,1,ㄔㄣˊ ㄖㄣˊ
陳器,1,ㄔㄣˊ ㄑㄧˋ
陳垣,1,ㄔㄣˊ ㄩㄢˊ
陳墨,1,ㄔㄣˊ ㄇㄛˋ
陳套,1,ㄔㄣˊ ㄊㄠˋ
陳寔,1,ㄔㄣˊ ㄕˊ
陳帳,1,ㄔㄣˊ ㄓㄤˋ
陳慥,1,ㄔㄣˊ ㄗㄠˋ
陳書,1,ㄔㄣˊ ㄕㄨ
陳橋,1,ㄔㄣˊ ㄑㄧㄠˊ
陳洵,1,ㄔㄣˊ ㄒㄩㄣˊ
陳涉,1,ㄔㄣˊ ㄕㄜˋ
陳淳,1,ㄔㄣˊ ㄔㄨㄣˊ
陳源,1,ㄔㄣˊ ㄩㄢˊ
陳澧,1,ㄔㄣˊ ㄌㄧˇ
陳狀,1,ㄔㄣˊ ㄓㄨㄤˋ
陳玄,1,ㄔㄣˊ ㄒㄩㄢˊ
陳琳,1,ㄔㄣˊ ㄌㄧㄣˊ
陳病,1,ㄔㄣˊ ㄅㄧㄥˋ
陳登,1,ㄔㄣˊ ㄉㄥ
陳第,1,ㄔㄣˊ ㄉㄧˋ
陳米,1,ㄔㄣˊ ㄇㄧˇ
陳紹,1,ㄔㄣˊ ㄕㄠˋ
陳編,1,ㄔㄣˊ ㄅㄧㄢ
陳蕃,1,ㄔㄣˊ ㄈㄢˊ
陳見,1,ㄔㄣˊ ㄐㄧㄢˋ
陳設,1,ㄔㄣˊ ㄕㄜ˙
陳詩,1,ㄔㄣˊ ㄕ
陳說,1,ㄔㄣˊ ㄕㄨㄛ
陳造,1,ㄔㄣˊ ㄗㄠˋ
陳遵,1,ㄔㄣˊ ㄗㄨㄣ
陳那,1,ㄔㄣˊ ㄋㄚˋ
陳鍊,1,ㄔㄣˊ ㄌㄧㄢ˙
陳食,1,ㄔㄣˊ ㄕˊ
陳首,1,ㄔㄣˊ ㄕㄡˇ
陳鴻,1,ㄔㄣˊ ㄏㄨㄥˊ
陵丘,1,ㄌㄧㄥˊ ㄑㄧㄡ
陵壓,1,ㄌㄧㄥˊ ㄧㄚ
陵廟,1,ㄌㄧㄥˊ ㄇㄧㄠˋ
陵忽,1,ㄌㄧㄥˊ ㄏㄨ
陵折,1,ㄌㄧㄥˊ ㄓㄜˊ
陵暴,1,ㄌㄧㄥˊ ㄅㄠˋ
陵替,1,ㄌㄧㄥˊ ㄊㄧˋ
陵犯,1,ㄌㄧㄥˊ ㄈㄢˋ
陵苕,1,ㄌㄧㄥˊ ㄊㄧㄠˊ
陵虐,1,ㄌㄧㄥˊ ㄋㄩㄝˋ
陵谷,1,ㄌㄧㄥˊ ㄍㄨˇ
陵遲,1,ㄌㄧㄥˊ ㄔˊ
陵雨,1,ㄌㄧㄥˊ ㄩˇ
陶侃,1,ㄊㄠˊ ㄎㄢˇ
陶偶,1,ㄊㄠˊ ㄡˇ
陶兀,1,ㄊㄠˊ ㄨˋ
陶化,1,ㄊㄠˊ ㄏㄨㄚˋ
陶唐,1,ㄊㄠˊ ㄊㄤˊ
陶塑,1,ㄊㄠˊ ㄙㄨˋ
陶寫,1,ㄊㄠˊ ㄒㄧㄝˇ
陶成,1,ㄊㄠˊ ㄔㄥˊ
陶文,1,ㄊㄠˊ ㄨㄣˊ
陶業,1,ㄊㄠˊ ㄧㄝˋ
陶泓,1,ㄊㄠˊ ㄏㄨㄥˊ
陶猗,1,ㄊㄠˊ ㄧ
陶甄,1,ㄊㄠˊ ㄓㄣ
陶真,1,ㄊㄠˊ ㄓㄣ
陶石,1,ㄊㄠˊ ㄕˊ
陶硯,1,ㄊㄠˊ ㄧㄢˋ
陶笵,1,ㄊㄠˊ ㄈㄢˋ
陶西,1,ㄊㄠˊ ㄒㄧ
陶誕,1,ㄧㄠˊ ㄉㄢˋ
陶鈞,1,ㄊㄠˊ ㄐㄩㄣ
陶鎔,1,ㄊㄠˊ ㄖㄨㄥˊ
陶養,1,ㄊㄠˊ ㄧㄤˇ
陷坑,1,ㄒㄧㄢˋ ㄎㄥ
陷身,1,ㄒㄧㄢˋ ㄕㄣ
陷車,1,ㄒㄧㄢˋ ㄔㄜ
陸凱,1,ㄌㄨˋ ㄎㄞˇ
陸抗,1,ㄌㄨˋ ㄎㄤˋ
陸架,1,ㄌㄨˋ ㄐㄧㄚˋ
陸梁,1,ㄌㄨˋ ㄌㄧㄤˊ
陸棚,1,ㄌㄨˋ ㄆㄥˊ
陸機,1,ㄌㄨˋ ㄐㄧ
陸沉,1,ㄌㄨˋ ㄔㄣˊ
陸田,1,ㄌㄨˋ ㄊㄧㄢˊ
陸績,1,ㄌㄨˋ ㄐㄧ
陸羽,1,ㄌㄨˋ ㄩˇ
陸行,1,ㄌㄨˋ ㄒㄧㄥˊ
陸贄,1,ㄌㄨˋ ㄓˋ
陸鈔,1,ㄌㄨˋ ㄔㄠ
陸雲,1,ㄌㄨˋ ㄩㄣˊ
陸風,1,ㄌㄨˋ ㄈㄥ
陽中,1,ㄧㄤˊ ㄓㄨㄥ
陽九,1,ㄧㄤˊ ㄐㄧㄡˇ
陽侯,1,ㄧㄤˊ ㄏㄡˊ
陽和,1,ㄧㄤˊ ㄏㄜˊ
陽報,1,ㄧㄤˊ ㄅㄠˋ
陽墳,1,ㄧㄤˊ ㄈㄣˊ
陽德,1,ㄧㄤˊ ㄉㄜˊ
陽文,1,ㄧㄤˊ ㄨㄣˊ
陽景,1,ㄧㄤˊ ㄐㄧㄥˇ
陽月,1,ㄧㄤˊ ㄩㄝˋ
陽溝,1,ㄧㄤˊ ㄍㄡ
陽烏,1,ㄧㄤˊ ㄨ
陽燧,1,ㄧㄤˊ ㄙㄨㄟˋ
陽狂,1,ㄧㄤˊ ㄎㄨㄤˊ
陽珓,1,ㄧㄤˊ ㄐㄧㄠˋ
陽秋,1,ㄧㄤˊ ㄑㄧㄡ
陽羨,1,ㄧㄤˊ ㄒㄧㄢˋ
陽聲,1,ㄧㄤˊ ㄕㄥ
陽萎,1,ㄧㄤˊ ㄨㄟ
陽虎,1,ㄧㄤˊ ㄏㄨˇ
陽調,1,ㄧㄤˊ ㄉㄧㄠˋ
陽識,1,ㄧㄤˊ ㄓˋ
陽谷,1,ㄧㄤˊ ㄍㄨˇ
陽道,1,ㄧㄤˊ ㄉㄠˋ
陽阿,1,ㄧㄤˊ ㄜ
陽陽,1,ㄧㄤˊ ㄧㄤˊ
陽面,1,ㄧㄤˊ ㄇㄧㄢˋ
陽韻,1,ㄧㄤˊ ㄩㄣˋ
陽鳥,1,ㄧㄤˊ ㄋㄧㄠˇ
陾陾,1,ㄖㄥˊ ㄖㄥˊ
隃望,1,ㄧㄠˊ ㄨㄤˋ
隃麋,1,ㄩˊ ㄇㄧˊ
隄備,1,ㄊㄧˊ ㄅㄟˋ
隅中,1,ㄩˊ ㄓㄨㄥ
隅反,1,ㄩˊ ㄈㄢˇ
隅坐,1,ㄩˊ ㄗㄨㄛˋ
隅頭,1,ㄩˊ ㄊㄡˊ
隆名,1,ㄌㄨㄥˊ ㄇㄧㄥˊ
隆崇,1,ㄌㄨㄥˊ ㄔㄨㄥˊ
隆情,1,ㄌㄨㄥˊ ㄑㄧㄥˊ
隆正,1,ㄌㄨㄥˊ ㄓㄥˋ
隆汙,1,ㄌㄨㄥˊ ㄨ
隆河,1,ㄌㄨㄥˊ ㄏㄜˊ
隆渥,1,ㄌㄨㄥˊ ㄨㄛˋ
隆準,1,ㄌㄨㄥˊ ㄓㄨㄣˇ
隆穹,1,ㄌㄨㄥˊ ㄑㄩㄥ
隆窯,1,ㄌㄨㄥˊ ㄧㄠˊ
隆窳,1,ㄌㄨㄥˊ ㄩˇ
隆貴,1,ㄌㄨㄥˊ ㄍㄨㄟˋ
隆運,1,ㄌㄨㄥˊ ㄩㄣˋ
隆顏,1,ㄌㄨㄥˊ ㄧㄢˊ
隈隩,1,ㄨㄟ ㄩˋ
隊主,1,ㄉㄨㄟˋ ㄓㄨˇ
隊舞,1,ㄉㄨㄟˋ ㄨˇ
隋珠,1,ㄙㄨㄟˊ ㄓㄨ
隋隄,1,ㄙㄨㄟˊ ㄊㄧˊ
階心,1,ㄐㄧㄝ ㄒㄧㄣ
階砌,1,ㄐㄧㄝ ㄑㄧˋ
階緣,1,ㄐㄧㄝ ㄩㄢˊ
階進,1,ㄐㄧㄝ ㄐㄧㄣˋ
階陛,1,ㄐㄧㄝ ㄅㄧˋ
階除,1,ㄐㄧㄝ ㄔㄨˊ
隔座,1,ㄍㄜˊ ㄗㄨㄛˋ
隔從,1,ㄍㄜˊ ㄘㄨㄥˊ
隔房,1,ㄍㄜˊ ㄈㄤˊ
隔手,1,ㄍㄜˊ ㄕㄡˇ
隔海,1,ㄍㄜˊ ㄏㄞˇ
隔涉,1,ㄍㄜˊ ㄕㄜˋ
隔火,1,ㄍㄜˊ ㄏㄨㄛˇ
隔肢,1,ㄍㄜˊ ㄓ˙
隔越,1,ㄍㄜˊ ㄩㄝˋ
隕墜,1,ㄩㄣˇ ㄓㄨㄟˋ
隕涕,1,ㄩㄣˇ ㄊㄧˋ
隕滅,1,ㄩㄣˇ ㄇㄧㄝˋ
隕穫,1,ㄩㄣˇ ㄏㄨㄛˋ
隕越,1,ㄩㄣˇ ㄩㄝˋ
隕鐵,1,ㄩㄣˇ ㄊㄧㄝˇ
隗囂,1,ㄨㄟˇ ㄒㄧㄠ
隘懾,1,ㄞˋ ㄓㄜˊ
隘窘,1,ㄞˋ ㄐㄩㄥˇ
隙地,1,ㄒㄧˋ ㄉㄧˋ
隙宇,1,ㄒㄧˋ ㄩˇ
障塞,1,ㄓㄤˋ ㄙㄜˋ
障子,1,ㄓㄤˋ ㄗ˙
障泥,1,ㄓㄤˋ ㄋㄧˊ
障蔽,1,ㄓㄤˋ ㄅㄧˋ
隤然,1,ㄊㄨㄟˊ ㄖㄢˊ
隤隕,1,ㄊㄨㄟˊ ㄩㄣˇ
隥道,1,ㄉㄥˋ ㄉㄠˋ
隧蜂,1,ㄙㄨㄟˋ ㄈㄥ
隨事,1,ㄙㄨㄟˊ ㄕˋ
隨兕,1,ㄙㄨㄟˊ ㄙˋ
隨分,1,ㄙㄨㄟˊ ㄈㄣˋ
隨和,1,ㄙㄨㄟˊ ㄏㄜˋ
隨和,1,ㄙㄨㄟˊ ㄏㄜ˙
隨喜,1,ㄙㄨㄟˊ ㄒㄧˇ
隨園,1,ㄙㄨㄟˊ ㄩㄢˊ
隨坐,1,ㄙㄨㄟˊ ㄗㄨㄛˋ
隨宜,1,ㄙㄨㄟˊ ㄧˊ
隨封,1,ㄙㄨㄟˊ ㄈㄥ
隨常,1,ㄙㄨㄟˊ ㄔㄤˊ
隨從,1,ㄙㄨㄟˊ ㄗㄨㄥˋ
隨心,1,ㄙㄨㄟˊ ㄒㄧㄣ
隨次,1,ㄙㄨㄟˊ ㄘˋ
隨直,1,ㄙㄨㄟˊ ㄓˊ
隨群,1,ㄙㄨㄟˊ ㄑㄩㄣˊ
隨興,1,ㄙㄨㄟˊ ㄒㄧㄥˋ
隨葬,1,ㄙㄨㄟˊ ㄗㄤˋ
隨趁,1,ㄙㄨㄟˊ ㄔㄣˋ
隨軒,1,ㄙㄨㄟˊ ㄒㄩㄢ
隨輩,1,ㄙㄨㄟˊ ㄅㄟˋ
隨逮,1,ㄙㄨㄟˊ ㄉㄞˋ
隨邪,1,ㄙㄨㄟˊ ㄒㄧㄝˊ
隨鑾,1,ㄙㄨㄟˊ ㄌㄨㄢˊ
隨順,1,ㄙㄨㄟˊ ㄕㄨㄣˋ
隨類,1,ㄙㄨㄟˊ ㄌㄟˋ
險句,1,ㄒㄧㄢˇ ㄐㄩˋ
險地,1,ㄒㄧㄢˇ ㄉㄧˋ
險塞,1,ㄒㄧㄢˇ ㄙㄜˋ
險峰,1,ㄒㄧㄢˇ ㄈㄥ
險巇,1,ㄒㄧㄢˇ ㄒㄧ
險工,1,ㄒㄧㄢˇ ㄍㄨㄥ
險戲,1,ㄒㄧㄢˇ ㄒㄧˋ
險易,1,ㄒㄧㄢˇ ㄧˋ
險滑,1,ㄒㄧㄢˇ ㄏㄨㄚˊ
險症,1,ㄒㄧㄢˇ ㄓㄥˋ
險詖,1,ㄒㄧㄢˇ ㄅㄧˋ
險語,1,ㄒㄧㄢˇ ㄩˇ
險路,1,ㄒㄧㄢˇ ㄌㄨˋ
險途,1,ㄒㄧㄢˇ ㄊㄨˊ
險釁,1,ㄒㄧㄢˇ ㄒㄧㄣˋ
隰桑,1,ㄒㄧˊ ㄙㄤ
隰皋,1,ㄒㄧˊ ㄍㄠ
隰草,1,ㄒㄧˊ ㄘㄠˇ
隱佔,1,ㄧㄣˇ ㄓㄢˋ
隱几,1,ㄧㄣˋ ㄐㄧˇ
隱囊,1,ㄧㄣˇ ㄋㄤˊ
隱宮,1,ㄧㄣˇ ㄍㄨㄥ
隱度,1,ㄧㄣˇ ㄉㄨˋ
隱微,1,ㄧㄣˇ ㄨㄟˊ
隱惻,1,ㄧㄣˇ ㄘㄜˋ
隱戮,1,ㄧㄣˇ ㄌㄨˋ
隱括,1,ㄧㄣˇ ㄍㄨㄚ
隱文,1,ㄧㄣˇ ㄨㄣˊ
隱比,1,ㄧㄣˇ ㄅㄧˇ
隱淪,1,ㄧㄣˇ ㄌㄨㄣˊ
隱現,1,ㄧㄣˇ ㄒㄧㄢˋ
隱盜,1,ㄧㄣˇ ㄉㄠˋ
隱祕,1,ㄧㄣˇ ㄇㄧˋ
隱秀,1,ㄧㄣˇ ㄒㄧㄡˋ
隱聽,1,ㄧㄣˇ ㄊㄧㄥ
隱荵,1,ㄧㄣˇ ㄖㄣˇ
隱血,1,ㄧㄣˇ ㄒㄧㄝˇ
隱衷,1,ㄧㄣˇ ㄓㄨㄥ
隱親,1,ㄧㄣˇ ㄑㄧㄣ
隱賑,1,ㄧㄣˇ ㄓㄣˋ
隱轔,1,ㄧㄣˇ ㄌㄧㄣˊ
隱間,1,ㄧㄣˇ ㄐㄧㄢˋ
隱閔,1,ㄧㄣˇ ㄇㄧㄣˇ
隳壞,1,ㄏㄨㄟ ㄏㄨㄞˋ
隳好,1,ㄏㄨㄟ ㄏㄠˇ
隳突,1,ㄏㄨㄟ ㄊㄨˊ
隴斷,1,ㄌㄨㄥˇ ㄉㄨㄢˋ
隴種,1,ㄌㄨㄥˇ ㄓㄨㄥˋ
隴鳥,1,ㄌㄨㄥˇ ㄋㄧㄠˇ
隸人,1,ㄌㄧˋ ㄖㄣˊ
隸僕,1,ㄌㄧˋ ㄆㄨˊ
隸定,1,ㄌㄧˋ ㄉㄧㄥˋ
隸篆,1,ㄌㄧˋ ㄓㄨㄢˋ
隸草,1,ㄌㄧˋ ㄘㄠˇ
隸變,1,ㄌㄧˋ ㄅㄧㄢˋ
隸辨,1,ㄌㄧˋ ㄅㄧㄢˋ
隸釋,1,ㄌㄧˋ ㄕˋ
隻日,1,ㄓ ㄖˋ
隻立,1,ㄓ ㄌㄧˋ
雀息,1,ㄑㄩㄝˋ ㄒㄧˊ
雀戰,1,ㄑㄩㄝˋ ㄓㄢˋ
雀榕,1,ㄑㄩㄝˋ ㄖㄨㄥˊ
雀瞀,1,ㄑㄩㄝˋ ㄇㄠˋ
雀羅,1,ㄑㄩㄝˋ ㄌㄨㄛˊ
雀舌,1,ㄑㄩㄝˋ ㄕㄜˊ
雀釵,1,ㄑㄩㄝˋ ㄔㄞ
雀頂,1,ㄑㄩㄝˋ ㄉㄧㄥˇ
雀鯛,1,ㄑㄩㄝˋ ㄉㄧㄠ
雀鷹,1,ㄑㄩㄝˋ ㄧㄥ
雀麥,1,ㄑㄩㄝˋ ㄇㄞˋ
雀鼠,1,ㄑㄩㄝˋ ㄕㄨˇ
雁塔,1,ㄧㄢˋ ㄊㄚˇ
雁奴,1,ㄧㄢˋ ㄋㄨˊ
雁字,1,ㄧㄢˋ ㄗˋ
雁帛,1,ㄧㄢˋ ㄅㄛˊ
雁幣,1,ㄧㄢˋ ㄅㄧˋ
雁戶,1,ㄧㄢˋ ㄏㄨˋ
雁書,1,ㄧㄢˋ ㄕㄨ
雁柱,1,ㄧㄢˋ ㄓㄨˋ
雁皮,1,ㄧㄢˋ ㄆㄧˊ
雁翅,1,ㄧㄢˋ ㄔˋ
雁行,1,ㄧㄢˋ ㄏㄤˊ
雁足,1,ㄧㄢˋ ㄗㄨˊ
雁陣,1,ㄧㄢˋ ㄓㄣˋ
雁齒,1,ㄧㄢˋ ㄔˇ
雄主,1,ㄒㄩㄥˊ ㄓㄨˇ
雄兒,1,ㄒㄩㄥˊ ㄦˊ
雄劍,1,ㄒㄩㄥˊ ㄐㄧㄢˋ
雄勁,1,ㄒㄩㄥˊ ㄐㄧㄥˋ
雄勝,1,ㄒㄩㄥˊ ㄕㄥˋ
雄器,1,ㄒㄩㄥˊ ㄑㄧˋ
雄大,1,ㄒㄩㄥˊ ㄉㄚˋ
雄威,1,ㄒㄩㄥˊ ㄨㄟ
雄將,1,ㄒㄩㄥˊ ㄐㄧㄤˋ
雄張,1,ㄒㄩㄥˊ ㄓㄤ
雄文,1,ㄒㄩㄥˊ ㄨㄣˊ
雄株,1,ㄒㄩㄥˊ ㄓㄨ
雄氣,1,ㄒㄩㄥˊ ㄑㄧˋ
雄狐,1,ㄒㄩㄥˊ ㄏㄨˊ
雄精,1,ㄒㄩㄥˊ ㄐㄧㄥ
雄藩,1,ㄒㄩㄥˊ ㄈㄢˊ
雄鎮,1,ㄒㄩㄥˊ ㄓㄣˋ
雄長,1,ㄒㄩㄥˊ ㄓㄤˇ
雄關,1,ㄒㄩㄥˊ ㄍㄨㄢ
雄雉,1,ㄒㄩㄥˊ ㄓˋ
雄飛,1,ㄒㄩㄥˊ ㄈㄟ
雅健,1,ㄧㄚˇ ㄐㄧㄢˋ
雅囑,1,ㄧㄚˇ ㄓㄨˇ
雅客,1,ㄧㄚˇ ㄎㄜˋ
雅懷,1,ㄧㄚˇ ㄏㄨㄞˊ
雅會,1,ㄧㄚˇ ㄏㄨㄟˋ
雅望,1,ㄧㄚˇ ㄨㄤˋ
雅正,1,ㄧㄚˇ ㄓㄥˋ
雅步,1,ㄧㄚˇ ㄅㄨˋ
雅淡,1,ㄧㄚˇ ㄉㄢˋ
雅游,1,ㄧㄚˇ ㄧㄡˊ
雅潔,1,ㄧㄚˇ ㄐㄧㄝˊ
雅片,1,ㄧㄚ ㄆㄧㄢˋ
雅玩,1,ㄧㄚˇ ㄨㄢˋ
雅痞,1,ㄧㄚˇ ㄆㄧˇ
雅範,1,ㄧㄚˇ ㄈㄢˋ
雅素,1,ㄧㄚˇ ㄙㄨˋ
雅致,1,ㄧㄚˇ ㄓ˙
雅誨,1,ㄧㄚˇ ㄏㄨㄟˋ
雅謔,1,ㄧㄚˇ ㄋㄩㄝˋ
雅賊,1,ㄧㄚˇ ㄗㄟˊ
雅趣,1,ㄧㄚˇ ㄑㄩˋ
雅道,1,ㄧㄚˇ ㄉㄠˋ
雅部,1,ㄧㄚˇ ㄅㄨˋ
雅鄭,1,ㄧㄚˇ ㄓㄥˋ
雅重,1,ㄧㄚˇ ㄓㄨㄥˋ
雅韻,1,ㄧㄚˇ ㄩㄣˋ
雅頌,1,ㄧㄚˇ ㄙㄨㄥˋ
雅馴,1,ㄧㄚˇ ㄒㄩㄣˊ
集保,1,ㄐㄧˊ ㄅㄠˇ
集刊,1,ㄐㄧˊ ㄎㄢ
集句,1,ㄐㄧˊ ㄐㄩˋ
集居,1,ㄐㄧˊ ㄐㄩ
集村,1,ㄐㄧˊ ㄘㄨㄣ
集矢,1,ㄐㄧˊ ㄕˇ
集納,1,ㄐㄧˊ ㄋㄚˋ
集部,1,ㄐㄧˊ ㄅㄨˋ
集韻,1,ㄐㄧˊ ㄩㄣˋ
雇倩,1,ㄍㄨˋ ㄑㄧㄢˋ
雉堞,1,ㄓˋ ㄉㄧㄝˊ
雉媒,1,ㄓˋ ㄇㄟˊ
雉經,1,ㄓˋ ㄐㄧㄥ
雉門,1,ㄓˋ ㄇㄣˊ
雉雉,1,ㄓˋ ㄓˋ
雉雊,1,ㄓˋ ㄍㄡˋ
雋拔,1,ㄐㄩㄣˋ ㄅㄚˊ
雋朗,1,ㄐㄩㄣˋ ㄌㄤˇ
雋楚,1,ㄐㄩㄣˋ ㄔㄨˇ
雋爽,1,ㄐㄩㄢˋ ㄕㄨㄤˇ
雋語,1,ㄐㄩㄢˋ ㄩˇ
雋譽,1,ㄐㄩㄣˋ ㄩˋ
雌兒,1,ㄘ ㄦˊ
雌漢,1,ㄘ ㄏㄢˋ
雌答,1,ㄘ ㄉㄚˊ
雌聲,1,ㄘ ㄕㄥ
雌蜂,1,ㄘ ㄈㄥ
雌貨,1,ㄘ ㄏㄨㄛˋ
雌風,1,ㄘ ㄈㄥ
雍和,1,ㄩㄥ ㄏㄜˊ
雍州,1,ㄩㄥ ㄓㄡ
雍熙,1,ㄩㄥ ㄒㄧ
雍穆,1,ㄩㄥ ㄇㄨˋ
雍門,1,ㄩㄥ ㄇㄣˊ
雍閼,1,ㄩㄥ ㄜˋ
雍雍,1,ㄩㄥ ㄩㄥ
雒雒,1,ㄌㄨㄛˋ ㄌㄨㄛˋ
雕悍,1,ㄉㄧㄠ ㄏㄢˋ
雕戈,1,ㄉㄧㄠ ㄍㄜ
雕欄,1,ㄉㄧㄠ ㄌㄢˊ
雕砌,1,ㄉㄧㄠ ㄑㄧˋ
雕空,1,ㄉㄧㄠ ㄎㄨㄥ
雕簇,1,ㄉㄧㄠ ㄘㄨˋ
雕色,1,ㄉㄧㄠ ㄙㄜˋ
雕蟲,1,ㄉㄧㄠ ㄔㄨㄥˊ
雕鐫,1,ㄉㄧㄠ ㄐㄩㄢ
雕雲,1,ㄉㄧㄠ ㄩㄣˊ
雕青,1,ㄉㄧㄠ ㄑㄧㄥ
雕題,1,ㄉㄧㄠ ㄊㄧˊ
雖故,1,ㄙㄨㄟ ㄍㄨˋ
雙九,1,ㄕㄨㄤ ㄐㄧㄡˇ
雙差,1,ㄕㄨㄤ ㄔㄚ
雙戟,1,ㄕㄨㄤ ㄐㄧˇ
雙扶,1,ㄕㄨㄤ ㄈㄨˊ
雙款,1,ㄕㄨㄤ ㄎㄨㄢˇ
雙殺,1,ㄕㄨㄤ ㄕㄚ
雙活,1,ㄕㄨㄤ ㄏㄨㄛˊ
雙清,1,ㄕㄨㄤ ㄑㄧㄥ
雙環,1,ㄕㄨㄤ ㄏㄨㄢˊ
雙禮,1,ㄕㄨㄤ ㄌㄧˇ
雙紅,1,ㄕㄨㄤ ㄏㄨㄥˊ
雙脣,1,ㄕㄨㄤ ㄔㄨㄣˊ
雙蛾,1,ㄕㄨㄤ ㄜˊ
雙調,1,ㄕㄨㄤ ㄉㄧㄠˋ
雙醣,1,ㄕㄨㄤ ㄊㄤˊ
雙鉤,1,ㄕㄨㄤ ㄍㄡ
雙陸,1,ㄕㄨㄤ ㄌㄨˋ
雙鬟,1,ㄕㄨㄤ ㄏㄨㄢˊ
雛燕,1,ㄔㄨˊ ㄧㄢˋ
雜俎,1,ㄗㄚˊ ㄗㄨˇ
雜學,1,ㄗㄚˊ ㄒㄩㄝˊ
雜工,1,ㄗㄚˊ ㄍㄨㄥ
雜廁,1,ㄗㄚˊ ㄘˋ
雜書,1,ㄗㄚˊ ㄕㄨ
雜流,1,ㄗㄚˊ ㄌㄧㄡˊ
雜然,1,ㄗㄚˊ ㄖㄢˊ
雜當,1,ㄗㄚˊ ㄉㄤ
雜症,1,ㄗㄚˊ ㄓㄥˋ
雜碎,1,ㄗㄚˊ ㄙㄨㄟ˙
雜糅,1,ㄗㄚˊ ㄖㄡˇ
雜職,1,ㄗㄚˊ ㄓˊ
雜興,1,ㄗㄚˊ ㄒㄧㄥˋ
雜著,1,ㄗㄚˊ ㄓㄨˋ
雜覽,1,ㄗㄚˊ ㄌㄢˇ
雜評,1,ㄗㄚˊ ㄆㄧㄥˊ
雜趁,1,ㄗㄚˊ ㄔㄣˋ
雜遝,1,ㄗㄚˊ ㄊㄚˋ
雜陳,1,ㄗㄚˊ ㄔㄣˊ
雜霸,1,ㄗㄚˊ ㄅㄚˋ
雜麵,1,ㄗㄚˊ ㄇㄧㄢˋ
雝雝,1,ㄩㄥ ㄩㄥ
雞人,1,ㄐㄧ ㄖㄣˊ
雞卵,1,ㄐㄧ ㄌㄨㄢˇ
雞唱,1,ㄐㄧ ㄔㄤˋ
雞坊,1,ㄐㄧ ㄈㄤ
雞子,1,ㄐㄧ ㄗˇ
雞巴,1,ㄐㄧ ㄅㄚ˙
雞窗,1,ㄐㄧ ㄔㄨㄤ
雞舌,1,ㄐㄧ ㄕㄜˊ
雞蝨,1,ㄐㄧ ㄕ
雞鞠,1,ㄐㄧ ㄐㄩˊ
雞鶩,1,ㄐㄧ ㄨˋ
雞黍,1,ㄐㄧ ㄕㄨˇ
離亂,1,ㄌㄧˊ ㄌㄨㄢˋ
離俗,1,ㄌㄧˊ ㄙㄨˊ
離叛,1,ㄌㄧˊ ㄆㄢˋ
離土,1,ㄌㄧˊ ㄊㄨˇ
離婁,1,ㄌㄧˊ ㄌㄡˊ
離披,1,ㄌㄧˊ ㄆㄧ
離拆,1,ㄌㄧˊ ㄔㄞ
離書,1,ㄌㄧˊ ㄕㄨ
離會,1,ㄌㄧˊ ㄏㄨㄟˋ
離樓,1,ㄌㄧˊ ㄌㄡˊ
離母,1,ㄌㄧˊ ㄇㄨˇ
離缺,1,ㄌㄧˊ ㄑㄩㄝ
離脫,1,ㄌㄧˊ ㄊㄨㄛ
離腸,1,ㄌㄧˊ ㄔㄤˊ
離萼,1,ㄌㄧˊ ㄜˋ
離貳,1,ㄌㄧˊ ㄦˋ
離轍,1,ㄌㄧˊ ㄔㄜˋ
離逖,1,ㄌㄧˊ ㄊㄧˋ
離隊,1,ㄌㄧˊ ㄉㄨㄟˋ
離隔,1,ㄌㄧˊ ㄍㄜˊ
離離,1,ㄌㄧˊ ㄌㄧˊ
難人,1,ㄋㄢˊ ㄖㄣˊ
難任,1,ㄋㄢˊ ㄖㄣˋ
難僑,1,ㄋㄢˋ ㄑㄧㄠˊ
難廕,1,ㄋㄢˋ ㄧㄣˋ
難拿,1,ㄋㄢˊ ㄋㄚˊ
難敵,1,ㄋㄢˊ ㄉㄧˊ
難測,1,ㄋㄢˊ ㄘㄜˋ
難熬,1,ㄋㄢˊ ㄠˊ
難處,1,ㄋㄢˊ ㄔㄨˇ
難行,1,ㄋㄢˊ ㄒㄧㄥˊ
難走,1,ㄋㄢˊ ㄗㄡˇ
難關,1,ㄋㄢˋ ㄍㄨㄢ
難陀,1,ㄋㄢˊ ㄊㄨㄛˊ
雨人,1,ㄩˋ ㄖㄣˊ
雨工,1,ㄩˇ ㄍㄨㄥ
雨布,1,ㄩˇ ㄅㄨˋ
雨師,1,ㄩˇ ㄕ
雨施,1,ㄩˇ ㄕ
雨日,1,ㄩˇ ㄖˋ
雨果,1,ㄩˇ ㄍㄨㄛˇ
雨淚,1,ㄩˋ ㄌㄟˋ
雨澤,1,ㄩˇ ㄗㄜˊ
雨燕,1,ㄩˇ ㄧㄢˋ
雨纓,1,ㄩˇ ㄧㄥ
雨腳,1,ㄩˇ ㄐㄧㄠˇ
雨蓋,1,ㄩˇ ㄍㄞˋ
雨虎,1,ㄩˇ ㄏㄨˇ
雨遮,1,ㄩˇ ㄓㄜ
雨集,1,ㄩˇ ㄐㄧˊ
雩壇,1,ㄩˊ ㄊㄢˊ
雩山,1,ㄩˊ ㄕㄢ
雩帝,1,ㄩˊ ㄉㄧˋ
雩祀,1,ㄩˊ ㄙˋ
雩祭,1,ㄩˊ ㄐㄧˋ
雪冤,1,ㄒㄩㄝˇ ㄩㄢ
雪姑,1,ㄒㄩㄝˇ ㄍㄨ
雪子,1,ㄒㄩㄝˇ ㄗˇ
雪屋,1,ㄒㄩㄝˇ ㄨ
雪恥,1,ㄒㄩㄝˇ ㄔˇ
雪恨,1,ㄒㄩㄝˇ ㄏㄣˋ
雪柳,1,ㄒㄩㄝˇ ㄌㄧㄡˇ
雪案,1,ㄒㄩㄝˇ ㄢˋ
雪條,1,ㄒㄩㄝˇ ㄊㄧㄠˊ
雪櫃,1,ㄒㄩㄝˇ ㄍㄨㄟˋ
雪汙,1,ㄒㄩㄝˇ ㄨ
雪深,1,ㄒㄩㄝˇ ㄕㄣ
雪蓮,1,ㄒㄩㄝˇ ㄌㄧㄢˊ
雪豹,1,ㄒㄩㄝˇ ㄅㄠˋ
雪霰,1,ㄒㄩㄝˇ ㄒㄧㄢˋ
雪餅,1,ㄒㄩㄝˇ ㄅㄧㄥˇ
雰圍,1,ㄈㄣ ㄨㄟˊ
雰埃,1,ㄈㄣ ㄞ
雰雰,1,ㄈㄣ ㄈㄣ
雲中,1,ㄩㄣˊ ㄓㄨㄥ
雲子,1,ㄩㄣˊ ㄗˇ
雲孫,1,ㄩㄣˊ ㄙㄨㄣ
雲實,1,ㄩㄣˊ ㄕˊ
雲屏,1,ㄩㄣˊ ㄆㄧㄥˊ
雲峰,1,ㄩㄣˊ ㄈㄥ
雲帚,1,ㄩㄣˊ ㄓㄡˇ
雲師,1,ㄩㄣˊ ㄕ
雲彩,1,ㄩㄣˊ ㄘㄞ˙
雲房,1,ㄩㄣˊ ㄈㄤˊ
雲手,1,ㄩㄣˊ ㄕㄡˇ
雲擾,1,ㄩㄣˊ ㄖㄠˇ
雲散,1,ㄩㄣˊ ㄙㄢˋ
雲板,1,ㄩㄣˊ ㄅㄢˇ
雲根,1,ㄩㄣˊ ㄍㄣ
雲棧,1,ㄩㄣˊ ㄓㄢˋ
雲步,1,ㄩㄣˊ ㄅㄨˋ
雲水,1,ㄩㄣˊ ㄕㄨㄟˇ
雲泥,1,ㄩㄣˊ ㄋㄧˊ
雲液,1,ㄩㄣˊ ㄧㄝˋ
雲游,1,ㄩㄣˊ ㄧㄡˊ
雲濤,1,ㄩㄣˊ ㄊㄠˊ
雲版,1,ㄩㄣˊ ㄅㄢˇ
雲物,1,ㄩㄣˊ ㄨˋ
雲石,1,ㄩㄣˊ ㄕˊ
雲章,1,ㄩㄣˊ ㄓㄤ
雲精,1,ㄩㄣˊ ㄐㄧㄥ
雲肩,1,ㄩㄣˊ ㄐㄧㄢ
雲腿,1,ㄩㄣˊ ㄊㄨㄟˇ
雲芝,1,ㄩㄣˊ ㄓ
雲華,1,ㄩㄣˊ ㄏㄨㄚˊ
雲谷,1,ㄩㄣˊ ㄍㄨˇ
雲豆,1,ㄩㄣˊ ㄉㄡˋ
雲路,1,ㄩㄣˊ ㄌㄨˋ
雲車,1,ㄩㄣˊ ㄔㄜ
雲錦,1,ㄩㄣˊ ㄐㄧㄣˇ
雲鑼,1,ㄩㄣˊ ㄌㄨㄛˊ
雲陽,1,ㄩㄣˊ ㄧㄤˊ
雲際,1,ㄩㄣˊ ㄐㄧˋ
雲頭,1,ㄩㄣˊ ㄊㄡˊ
零利,1,ㄌㄧㄥˊ ㄌㄧˋ
零吃,1,ㄌㄧㄥˊ ㄔ
零和,1,ㄌㄧㄥˊ ㄏㄜˊ
零布,1,ㄌㄧㄥˊ ㄅㄨˋ
零座,1,ㄌㄧㄥˊ ㄗㄨㄛˋ
零替,1,ㄌㄧㄥˊ ㄊㄧˋ
零淚,1,ㄌㄧㄥˊ ㄌㄟˋ
零碼,1,ㄌㄧㄥˊ ㄇㄚˇ
零雨,1,ㄌㄧㄥˊ ㄩˇ
雷丸,1,ㄌㄟˊ ㄨㄢˊ
雷厲,1,ㄌㄟˊ ㄌㄧˋ
雷堆,1,ㄌㄟˊ ㄉㄨㄟ
雷塘,1,ㄌㄟˊ ㄊㄤˊ
雷害,1,ㄌㄟˊ ㄏㄞˋ
雷巾,1,ㄌㄟˊ ㄐㄧㄣ
雷師,1,ㄌㄟˊ ㄕ
雷抃,1,ㄌㄟˊ ㄅㄧㄢˋ
雷暴,1,ㄌㄟˊ ㄅㄠˋ
雷殛,1,ㄌㄟˊ ㄐㄧˊ
雷琴,1,ㄌㄟˊ ㄑㄧㄣˊ
雷神,1,ㄌㄟˊ ㄕㄣˊ
雷芽,1,ㄌㄟˊ ㄧㄚˊ
雷車,1,ㄌㄟˊ ㄔㄜ
雷部,1,ㄌㄟˊ ㄅㄨˋ
雷雲,1,ㄌㄟˊ ㄩㄣˊ
雷震,1,ㄌㄟˊ ㄓㄣˋ
雷鞭,1,ㄌㄟˊ ㄅㄧㄢ
雷鼓,1,ㄌㄟˊ ㄍㄨˇ
雹神,1,ㄅㄠˊ ㄕㄣˊ
雺晦,1,ㄇㄥˊ ㄏㄨㄟˋ
雺淞,1,ㄇㄥˊ ㄙㄨㄥ
電傷,1,ㄉㄧㄢˋ ㄕㄤ
電冶,1,ㄉㄧㄢˋ ㄧㄝˇ
電大,1,ㄉㄧㄢˋ ㄉㄚˋ
電帚,1,ㄉㄧㄢˋ ㄓㄡˇ
電掣,1,ㄉㄧㄢˋ ㄔㄜˋ
電教,1,ㄉㄧㄢˋ ㄐㄧㄠˋ
電母,1,ㄉㄧㄢˋ ㄇㄨˇ
電毯,1,ㄉㄧㄢˋ ㄊㄢˇ
電碗,1,ㄉㄧㄢˋ ㄨㄢˇ
電窯,1,ㄉㄧㄢˋ ㄧㄠˊ
電紐,1,ㄉㄧㄢˋ ㄋㄧㄡˇ
電赴,1,ㄉㄧㄢˋ ㄈㄨˋ
電針,1,ㄉㄧㄢˋ ㄓㄣ
電鎖,1,ㄉㄧㄢˋ ㄙㄨㄛˇ
電閘,1,ㄉㄧㄢˋ ㄓㄚˊ
電震,1,ㄉㄧㄢˋ ㄓㄣˋ
需索,1,ㄒㄩ ㄙㄨㄛˇ
霅溪,1,ㄓㄚˊ ㄒㄧ
霅霅,1,ㄓㄚˊ ㄓㄚˊ
霆擊,1,ㄊㄧㄥˊ ㄐㄧˊ
震中,1,ㄓㄣˋ ㄓㄨㄥ
震嚇,1,ㄓㄣˋ ㄒㄧㄚˋ
震宕,1,ㄓㄣˋ ㄉㄤˋ
震度,1,ㄓㄣˋ ㄉㄨˋ
震怖,1,ㄓㄣˋ ㄅㄨˋ
震恐,1,ㄓㄣˋ ㄎㄨㄥˇ
震悚,1,ㄓㄣˋ ㄙㄨㄥˇ
震愕,1,ㄓㄣˋ ㄜˋ
震曜,1,ㄓㄣˋ ㄧㄠˋ
震服,1,ㄓㄣˋ ㄈㄨˊ
震測,1,ㄓㄣˋ ㄘㄜˋ
震澤,1,ㄓㄣˋ ㄗㄜˊ
震級,1,ㄓㄣˋ ㄐㄧˊ
震譜,1,ㄓㄣˋ ㄆㄨˇ
震霆,1,ㄓㄣˋ ㄊㄧㄥˊ
震音,1,ㄓㄣˋ ㄧㄣ
霈霈,1,ㄆㄟˋ ㄆㄟˋ
霉溼,1,ㄇㄟˊ ㄕ
霉頭,1,ㄇㄟˊ ㄊㄡ˙
霍光,1,ㄏㄨㄛˋ ㄍㄨㄤ
霍索,1,ㄏㄨㄛˋ ㄙㄨㄛˇ
霍綽,1,ㄏㄨㄛˋ ㄔㄨㄛˋ
霍里,1,ㄏㄨㄛˋ ㄌㄧˇ
霍閃,1,ㄏㄨㄛˋ ㄕㄢˇ
霎霎,1,ㄕㄚˋ ㄕㄚˋ
霏微,1,ㄈㄟ ㄨㄟˊ
霏霜,1,ㄈㄟ ㄕㄨㄤ
霑裳,1,ㄓㄢ ㄔㄤˊ
霑醉,1,ㄓㄢ ㄗㄨㄟˋ
霓旌,1,ㄋㄧˊ ㄐㄧㄥ
霓裳,1,ㄋㄧˊ ㄔㄤˊ
霖霖,1,ㄌㄧㄣˊ ㄌㄧㄣˊ
霜威,1,ㄕㄨㄤ ㄨㄟ
霜月,1,ㄕㄨㄤ ㄩㄝˋ
霜毫,1,ㄕㄨㄤ ㄏㄠˊ
霜鋒,1,ㄕㄨㄤ ㄈㄥ
霜隕,1,ㄕㄨㄤ ㄩㄣˇ
霞石,1,ㄒㄧㄚˊ ㄕˊ
霞表,1,ㄒㄧㄚˊ ㄅㄧㄠˇ
霞頭,1,ㄒㄧㄚˊ ㄊㄡˊ
霢霂,1,ㄇㄛˋ ㄇㄨˋ
霢霢,1,ㄇㄛˋ ㄇㄛˋ
霧氣,1,ㄨˋ ㄑㄧ˙
霧淞,1,ㄨˋ ㄙㄨㄥ
霧縠,1,ㄨˋ ㄏㄨˊ
霧豹,1,ㄨˋ ㄅㄠˋ
霧鬢,1,ㄨˋ ㄅㄧㄣˋ
露井,1,ㄌㄨˋ ㄐㄧㄥˇ
露地,1,ㄌㄨˋ ㄉㄧˋ
露堂,1,ㄌㄨˋ ㄊㄤˊ
露富,1,ㄌㄡˋ ㄈㄨˋ
露封,1,ㄌㄨˋ ㄈㄥ
露形,1,ㄌㄡˋ ㄒㄧㄥˊ
露板,1,ㄌㄨˋ ㄅㄢˇ
露柱,1,ㄌㄨˋ ㄓㄨˋ
露申,1,ㄌㄨˋ ㄕㄣ
露眼,1,ㄌㄡˋ ㄧㄢˇ
露空,1,ㄌㄡˋ ㄎㄨㄥ
露章,1,ㄌㄨˋ ㄓㄤ
露草,1,ㄌㄨˋ ㄘㄠˇ
露華,1,ㄌㄨˋ ㄏㄨㄚˊ
露葵,1,ㄌㄨˋ ㄎㄨㄟˊ
露覆,1,ㄌㄨˋ ㄈㄨˋ
露車,1,ㄌㄨˋ ㄔㄜ
露鋒,1,ㄌㄨˋ ㄈㄥ
露電,1,ㄌㄨˋ ㄉㄧㄢˋ
露風,1,ㄌㄡˋ ㄈㄥ
露體,1,ㄌㄨˋ ㄊㄧˇ
霸上,1,ㄅㄚˋ ㄕㄤˋ
霸功,1,ㄅㄚˋ ㄍㄨㄥ
霸府,1,ㄅㄚˋ ㄈㄨˇ
霸才,1,ㄅㄚˋ ㄘㄞˊ
霸據,1,ㄅㄚˋ ㄐㄩˋ
霸略,1,ㄅㄚˋ ㄌㄩㄝˋ
霸突,1,ㄅㄚˋ ㄊㄨˊ
霸縣,1,ㄅㄚˋ ㄒㄧㄢˋ
霸術,1,ㄅㄚˋ ㄕㄨˋ
霹空,1,ㄆㄧ ㄎㄨㄥ
霹誣,1,ㄆㄧ ㄨ
霽威,1,ㄐㄧˋ ㄨㄟ
霽景,1,ㄐㄧˋ ㄐㄧㄥˇ
霽色,1,ㄐㄧˋ ㄙㄜˋ
霽顏,1,ㄐㄧˋ ㄧㄢˊ
靈人,1,ㄌㄧㄥˊ ㄖㄣˊ
靈便,1,ㄌㄧㄥˊ ㄅㄧㄢˋ
靈保,1,ㄌㄧㄥˊ ㄅㄠˇ
靈信,1,ㄌㄧㄥˊ ㄒㄧㄣˋ
靈境,1,ㄌㄧㄥˊ ㄐㄧㄥˋ
靈妃,1,ㄌㄧㄥˊ ㄈㄟ
靈官,1,ㄌㄧㄥˊ ㄍㄨㄢ
靈寢,1,ㄌㄧㄥˊ ㄑㄧㄣˇ
靈幔,1,ㄌㄧㄥˊ ㄇㄢˋ
靈怪,1,ㄌㄧㄥˊ ㄍㄨㄞˋ
靈慧,1,ㄌㄧㄥˊ ㄏㄨㄟˋ
靈景,1,ㄌㄧㄥˊ ㄧㄥˇ
靈桌,1,ㄌㄧㄥˊ ㄓㄨㄛ
靈椿,1,ㄌㄧㄥˊ ㄔㄨㄣ
靈櫬,1,ㄌㄧㄥˊ ㄔㄣˋ
靈歌,1,ㄌㄧㄥˊ ㄍㄜ
靈氛,1,ㄌㄧㄥˊ ㄈㄣ
靈液,1,ㄌㄧㄥˊ ㄧㄝˋ
靈物,1,ㄌㄧㄥˊ ㄨˋ
靈祇,1,ㄌㄧㄥˊ ㄑㄧˊ
靈祐,1,ㄌㄧㄥˊ ㄧㄡˋ
靈童,1,ㄌㄧㄥˊ ㄊㄨㄥˊ
靈聖,1,ㄌㄧㄥˊ ㄕㄥˋ
靈脩,1,ㄌㄧㄥˊ ㄒㄧㄡ
靈蓋,1,ㄌㄧㄥˊ ㄍㄞˋ
靈變,1,ㄌㄧㄥˊ ㄅㄧㄢˋ
靈貓,1,ㄌㄧㄥˊ ㄇㄠ
靈透,1,ㄌㄧㄥˊ ㄊㄡˋ
靈鑒,1,ㄌㄧㄥˊ ㄐㄧㄢˋ
靈雨,1,ㄌㄧㄥˊ ㄩˇ
靈顯,1,ㄌㄧㄥˊ ㄒㄧㄢˇ
靈飆,1,ㄌㄧㄥˊ ㄅㄧㄠ
靉靉,1,ㄞˋ ㄞˋ
青丹,1,ㄑㄧㄥ ㄉㄢ
青冥,1,ㄑㄧㄥ ㄇㄧㄥˊ
青壯,1,ㄑㄧㄥ ㄓㄨㄤˋ
青女,1,ㄑㄧㄥ ㄋㄩˇ
青奴,1,ㄑㄧㄥ ㄋㄨˊ
青娥,1,ㄑㄧㄥ ㄜˊ
青宮,1,ㄑㄧㄥ ㄍㄨㄥ
青帘,1,ㄑㄧㄥ ㄌㄧㄢˊ
青廬,1,ㄑㄧㄥ ㄌㄨˊ
青旌,1,ㄑㄧㄥ ㄐㄧㄥ
青楊,1,ㄑㄧㄥ ㄧㄤˊ
青楓,1,ㄑㄧㄥ ㄈㄥ
青泥,1,ㄑㄧㄥ ㄋㄧˊ
青煙,1,ㄑㄧㄥ ㄧㄢ
青牛,1,ㄑㄧㄥ ㄋㄧㄡˊ
青發,1,ㄑㄧㄥ ㄈㄚ
青目,1,ㄑㄧㄥ ㄇㄨˋ
青盲,1,ㄑㄧㄥ ㄇㄤˊ
青簡,1,ㄑㄧㄥ ㄐㄧㄢˇ
青萍,1,ㄑㄧㄥ ㄆㄧㄥˊ
青蒿,1,ㄑㄧㄥ ㄏㄠ
青蕪,1,ㄑㄧㄥ ㄨˊ
青蘋,1,ㄑㄧㄥ ㄆㄧㄣˊ
青蚨,1,ㄑㄧㄥ ㄈㄨˊ
青蚵,1,ㄑㄧㄥ ㄜˊ
青蛇,1,ㄑㄧㄥ ㄕㄜˊ
青蛉,1,ㄑㄧㄥ ㄌㄧㄥˊ
青蜂,1,ㄑㄧㄥ ㄈㄥ
青蝦,1,ㄑㄧㄥ ㄒㄧㄚ
青蟲,1,ㄑㄧㄥ ㄔㄨㄥˊ
青袍,1,ㄑㄧㄥ ㄆㄠˊ
青覽,1,ㄑㄧㄥ ㄌㄢˇ
青詞,1,ㄑㄧㄥ ㄘˊ
青錢,1,ㄑㄧㄥ ㄑㄧㄢˊ
青鎖,1,ㄑㄧㄥ ㄙㄨㄛˇ
青鑒,1,ㄑㄧㄥ ㄐㄧㄢˋ
青門,1,ㄑㄧㄥ ㄇㄣˊ
青陽,1,ㄑㄧㄥ ㄧㄤˊ
青霄,1,ㄑㄧㄥ ㄒㄧㄠ
青青,1,ㄐㄧㄥ ㄐㄧㄥ
青鮫,1,ㄑㄧㄥ ㄐㄧㄠ
青鶴,1,ㄑㄧㄥ ㄏㄜˋ
青鷺,1,ㄑㄧㄥ ㄌㄨˋ
青鸞,1,ㄑㄧㄥ ㄌㄨㄢˊ
青黃,1,ㄑㄧㄥ ㄏㄨㄤˊ
青鼬,1,ㄑㄧㄥ ㄧㄡˋ
靖匡,1,ㄐㄧㄥˋ ㄎㄨㄤ
靖國,1,ㄐㄧㄥˋ ㄍㄨㄛˊ
靖安,1,ㄐㄧㄥˋ ㄢ
靖綏,1,ㄐㄧㄥˋ ㄙㄨㄟ
靚女,1,ㄐㄧㄥˋ ㄋㄩˇ
靚妝,1,ㄐㄧㄥˋ ㄓㄨㄤ
靚衣,1,ㄐㄧㄥˋ ㄧ
靛油,1,ㄉㄧㄢˋ ㄧㄡˊ
靜女,1,ㄐㄧㄥˋ ㄋㄩˇ
靜守,1,ㄐㄧㄥˋ ㄕㄡˇ
靜岡,1,ㄐㄧㄥˋ ㄍㄤ
靜待,1,ㄐㄧㄥˋ ㄉㄞˋ
靜悄,1,ㄐㄧㄥˋ ㄑㄧㄠˇ
靜淵,1,ㄐㄧㄥˋ ㄩㄢ
靜言,1,ㄐㄧㄥˋ ㄧㄢˊ
靜辦,1,ㄐㄧㄥˋ ㄅㄢˋ
靜鞭,1,ㄐㄧㄥˋ ㄅㄧㄢ
非一,1,ㄈㄟ ㄧ
非俗,1,ㄈㄟ ㄙㄨˊ
非冀,1,ㄈㄟ ㄐㄧˋ
非子,1,ㄈㄟ ㄗˇ
非徒,1,ㄈㄟ ㄊㄨˊ
非惟,1,ㄈㄟ ㄨㄟˊ
非意,1,ㄈㄟ ㄧˋ
非才,1,ㄈㄟ ㄘㄞˊ
非據,1,ㄈㄟ ㄐㄩˋ
非攻,1,ㄈㄟ ㄍㄨㄥ
非時,1,ㄈㄟ ㄕˊ
非望,1,ㄈㄟ ㄨㄤˋ
非毀,1,ㄈㄟ ㄏㄨㄟˇ
非災,1,ㄈㄟ ㄗㄞ
非無,1,ㄈㄟ ㄨˊ
非熊,1,ㄈㄟ ㄒㄩㄥˊ
非細,1,ㄈㄟ ㄒㄧˋ
非羆,1,ㄈㄟ ㄆㄧˊ
非聖,1,ㄈㄟ ㄕㄥˋ
非言,1,ㄈㄟ ㄧㄢˊ
非計,1,ㄈㄟ ㄐㄧˋ
非語,1,ㄈㄟ ㄩˇ
非論,1,ㄈㄟ ㄌㄨㄣˋ
靠傍,1,ㄎㄠˋ ㄅㄤˋ
靠天,1,ㄎㄠˋ ㄊㄧㄢ
靠子,1,ㄎㄠˋ ㄗ˙
靠山,1,ㄎㄠˋ ㄕㄢ˙
靠把,1,ㄎㄠˋ ㄅㄚˇ
靠旗,1,ㄎㄠˋ ㄑㄧˊ
靠枕,1,ㄎㄠˋ ㄓㄣˇ
靠身,1,ㄎㄠˋ ㄕㄣ
靡密,1,ㄇㄧˇ ㄇㄧˋ
靡愬,1,ㄇㄧˊ ㄙㄨˋ
靡敝,1,ㄇㄧˇ ㄅㄧˋ
靡曼,1,ㄇㄧˇ ㄇㄢˋ
靡然,1,ㄇㄧˇ ㄖㄢˊ
靡費,1,ㄇㄧˊ ㄈㄟˋ
靡追,1,ㄇㄧˇ ㄓㄨㄟ
靡靡,1,ㄇㄧˇ ㄇㄧˇ
面允,1,ㄇㄧㄢˋ ㄩㄣˇ
面光,1,ㄇㄧㄢˋ ㄍㄨㄤ
面分,1,ㄇㄧㄢˋ ㄈㄣˋ
面刺,1,ㄇㄧㄢˋ ㄘˋ
面君,1,ㄇㄧㄢˋ ㄐㄩㄣ
面嘴,1,ㄇㄧㄢˋ ㄗㄨㄟˇ
面垢,1,ㄇㄧㄢˋ ㄍㄡˋ
面塵,1,ㄇㄧㄢˋ ㄔㄣˊ
面寬,1,ㄇㄧㄢˋ ㄎㄨㄢ
面市,1,ㄇㄧㄢˋ ㄕˋ
面弱,1,ㄇㄧㄢˋ ㄖㄨㄛˋ
面從,1,ㄇㄧㄢˋ ㄘㄨㄥˊ
面情,1,ㄇㄧㄢˋ ㄑㄧㄥˊ
面數,1,ㄇㄧㄢˋ ㄕㄨˇ
面旋,1,ㄇㄧㄢˋ ㄒㄩㄢˊ
面朋,1,ㄇㄧㄢˋ ㄆㄥˊ
面染,1,ㄇㄧㄢˋ ㄖㄢˇ
面桌,1,ㄇㄧㄢˋ ㄓㄨㄛ
面水,1,ㄇㄧㄢˋ ㄕㄨㄟˇ
面湯,1,ㄇㄧㄢˋ ㄊㄤ
面熟,1,ㄇㄧㄢˋ ㄕㄨˊ
面甜,1,ㄇㄧㄢˋ ㄊㄧㄢˊ
面疔,1,ㄇㄧㄢˋ ㄉㄧㄥ
面縛,1,ㄇㄧㄢˋ ㄈㄨˊ
面罄,1,ㄇㄧㄢˋ ㄑㄧㄥˋ
面聖,1,ㄇㄧㄢˋ ㄕㄥˋ
面聽,1,ㄇㄧㄢˋ ㄊㄧㄥ
面致,1,ㄇㄧㄢˋ ㄓˋ
面般,1,ㄇㄧㄢˋ ㄆㄢˊ
面衣,1,ㄇㄧㄢˋ ㄧ
面諛,1,ㄇㄧㄢˋ ㄩˊ
面譽,1,ㄇㄧㄢˋ ㄩˋ
面質,1,ㄇㄧㄢˋ ㄓˊ
面辭,1,ㄇㄧㄢˋ ㄘˊ
面重,1,ㄇㄧㄢˋ ㄓㄨㄥˋ
面門,1,ㄇㄧㄢˋ ㄇㄣˊ
面靨,1,ㄇㄧㄢˋ ㄧㄝˋ
面飾,1,ㄇㄧㄢˋ ㄕˋ
面首,1,ㄇㄧㄢˋ ㄕㄡˇ
面駕,1,ㄇㄧㄢˋ ㄐㄧㄚˋ
靦冒,1,ㄊㄧㄢˇ ㄇㄠˋ
靦然,1,ㄊㄧㄢˇ ㄖㄢˊ
靦面,1,ㄊㄧㄢˇ ㄇㄧㄢˋ
靦靦,1,ㄇㄧㄢˇ ㄊㄧㄢˇ
靨輔,1,ㄧㄝˋ ㄈㄨˇ
靨鈿,1,ㄧㄝˋ ㄉㄧㄢˋ
靨靨,1,ㄧㄝˋ ㄧㄝˋ
革名,1,ㄍㄜˊ ㄇㄧㄥˊ
革囊,1,ㄍㄜˊ ㄋㄤˊ
革容,1,ㄍㄜˊ ㄖㄨㄥˊ
革弊,1,ㄍㄜˊ ㄅㄧˋ
革役,1,ㄍㄜˊ ㄧˋ
革易,1,ㄍㄜˊ ㄧˋ
革爭,1,ㄍㄜˊ ㄓㄥ
革留,1,ㄍㄜˊ ㄌㄧㄡˊ
革舄,1,ㄍㄜˊ ㄒㄧˋ
革舊,1,ㄍㄜˊ ㄐㄧㄡˋ
革車,1,ㄍㄜˊ ㄐㄩ
革面,1,ㄍㄜˊ ㄇㄧㄢˋ
靳固,1,ㄐㄧㄣˋ ㄍㄨˋ
靴掖,1,ㄒㄩㄝ ㄧㄝˋ
靴筒,1,ㄒㄩㄝ ㄊㄨㄥˇ
靴靿,1,ㄒㄩㄝ ㄧㄠˋ
靸拉,1,ㄊㄚ ㄌㄚ˙
靸鞋,1,ㄙㄚˇ ㄒㄧㄝˊ
靺鞨,1,ㄇㄛˋ ㄏㄜˊ
靿子,1,ㄧㄠˋ ㄗ˙
鞀鼓,1,ㄊㄠˊ ㄍㄨˇ
鞅掌,1,ㄧㄤ ㄓㄤˇ
鞅鞅,1,ㄧㄤ ㄧㄤ
鞋墊,1,ㄒㄧㄝˊ ㄉㄧㄢˋ
鞋扇,1,ㄒㄧㄝˊ ㄕㄢˋ
鞋臉,1,ㄒㄧㄝˊ ㄌㄧㄢˇ
鞍甲,1,ㄢ ㄐㄧㄚˇ
鞍韂,1,ㄢ ㄔㄢˋ
鞍韉,1,ㄢ ㄐㄧㄢ
鞍鼻,1,ㄢ ㄅㄧˊ
鞏珍,1,ㄍㄨㄥˇ ㄓㄣ
鞏膜,1,ㄍㄨㄥˇ ㄇㄛˋ
鞓帶,1,ㄊㄧㄥ ㄉㄞˋ
鞔鼓,1,ㄇㄢˊ ㄍㄨˇ
鞗革,1,ㄊㄧㄠˊ ㄍㄜˊ
鞞琫,1,ㄅㄧㄥˇ ㄅㄥˇ
鞞舞,1,ㄅㄧㄥˇ ㄨˇ
鞠場,1,ㄐㄩˊ ㄔㄤˊ
鞠子,1,ㄐㄩˊ ㄗˇ
鞠旅,1,ㄐㄩˊ ㄌㄩˇ
鞠部,1,ㄐㄩˊ ㄅㄨˋ
鞣料,1,ㄖㄡˊ ㄌㄧㄠˋ
鞨巾,1,ㄏㄜˊ ㄐㄧㄣ
鞫審,1,ㄐㄩˊ ㄕㄣˇ
鞫治,1,ㄐㄩˊ ㄓˋ
鞫訊,1,ㄐㄩˊ ㄒㄩㄣˋ
鞬服,1,ㄐㄧㄢ ㄈㄨˊ
鞭墓,1,ㄅㄧㄢ ㄇㄨˋ
鞭尸,1,ㄅㄧㄢ ㄕ
鞭扑,1,ㄅㄧㄢ ㄆㄨ
鞭撾,1,ㄅㄧㄢ ㄓㄨㄚ
鞭春,1,ㄅㄧㄢ ㄔㄨㄣ
鞭牛,1,ㄅㄧㄢ ㄋㄧㄡˊ
鞭背,1,ㄅㄧㄢ ㄅㄟˋ
鞭蒲,1,ㄅㄧㄢ ㄆㄨˊ
鞭韃,1,ㄅㄧㄢ ㄉㄚˊ
鞮譯,1,ㄉㄧ ㄧˋ
鞮鍪,1,ㄉㄧ ㄇㄡˊ
鞮鞻,1,ㄉㄧ ㄌㄡˊ
鞴馬,1,ㄅㄟˋ ㄇㄚˇ
鞶帨,1,ㄆㄢˊ ㄕㄨㄟˋ
鞶帶,1,ㄆㄢˊ ㄉㄞˋ
鞶鑑,1,ㄆㄢˊ ㄐㄧㄢˋ
鞶鑒,1,ㄆㄢˊ ㄐㄧㄢˋ
韁繩,1,ㄐㄧㄤ ㄕㄥ˙
韁轡,1,ㄐㄧㄤ ㄆㄟˋ
韁鎖,1,ㄐㄧㄤ ㄙㄨㄛˇ
韋后,1,ㄨㄟˊ ㄏㄡˋ
韋娘,1,ㄨㄟˊ ㄋㄧㄤˊ
韋布,1,ㄨㄟˊ ㄅㄨˋ
韋弁,1,ㄨㄟˊ ㄅㄧㄢˋ
韋弦,1,ㄨㄟˊ ㄒㄧㄢˊ
韋昭,1,ㄨㄟˊ ㄓㄠ
韋杜,1,ㄨㄟˊ ㄉㄨˋ
韋柔,1,ㄨㄟˊ ㄖㄡˊ
韋編,1,ㄨㄟˊ ㄅㄧㄢ
韋莊,1,ㄨㄟˊ ㄓㄨㄤ
韋衣,1,ㄨㄟˊ ㄧ
韋轂,1,ㄨㄟˊ ㄍㄨˇ
韋馱,1,ㄨㄟˊ ㄊㄨㄛˊ
韎韐,1,ㄇㄟˋ ㄍㄜˊ
韓偓,1,ㄏㄢˊ ㄨㄛˋ
韓奕,1,ㄏㄢˊ ㄧˋ
韓嬰,1,ㄏㄢˊ ㄧㄥ
韓幹,1,ㄏㄢˊ ㄍㄢˋ
韓朋,1,ㄏㄢˊ ㄆㄥˊ
韓柳,1,ㄏㄢˊ ㄌㄧㄡˇ
韓盧,1,ㄏㄢˊ ㄌㄨˊ
韓翃,1,ㄏㄢˊ ㄏㄨㄥˊ
韓詩,1,ㄏㄢˊ ㄕ
韜弓,1,ㄊㄠ ㄍㄨㄥ
韜筆,1,ㄊㄠ ㄅㄧˇ
韞櫝,1,ㄩㄣˋ ㄉㄨˊ
韠琫,1,ㄅㄧˋ ㄅㄥˇ
韡曄,1,ㄨㄟˇ ㄧㄝˋ
韡韡,1,ㄨㄟˇ ㄨㄟˇ
音值,1,ㄧㄣ ㄓˊ
音勢,1,ㄧㄣ ㄕˋ
音呂,1,ㄧㄣ ㄌㄩˇ
音問,1,ㄧㄣ ㄨㄣˋ
音塵,1,ㄧㄣ ㄔㄣˊ
音學,1,ㄧㄣ ㄒㄩㄝˊ
音強,1,ㄧㄣ ㄑㄧㄤˊ
音徽,1,ㄧㄣ ㄏㄨㄟ
音書,1,ㄧㄣ ㄕㄨ
音爆,1,ㄧㄣ ㄅㄠˋ
音畫,1,ㄧㄣ ㄏㄨㄚˋ
音痴,1,ㄧㄣ ㄔ
音系,1,ㄧㄣ ㄒㄧˋ
音綴,1,ㄧㄣ ㄓㄨㄟˋ
音訓,1,ㄧㄣ ㄒㄩㄣˋ
音讀,1,ㄧㄣ ㄉㄨˊ
音變,1,ㄧㄣ ㄅㄧㄢˋ
音重,1,ㄧㄣ ㄓㄨㄥˋ
音長,1,ㄧㄣ ㄔㄤˊ
音障,1,ㄧㄣ ㄓㄤˋ
韶刀,1,ㄕㄠˊ ㄉㄠ˙
韶樂,1,ㄕㄠˊ ㄩㄝˋ
韻史,1,ㄩㄣˋ ㄕˇ
韻學,1,ㄩㄣˋ ㄒㄩㄝˊ
韻宇,1,ㄩㄣˋ ㄩˇ
韻客,1,ㄩㄣˋ ㄎㄜˋ
韻尾,1,ㄩㄣˋ ㄨㄟˇ
韻度,1,ㄩㄣˋ ㄉㄨˋ
韻攝,1,ㄩㄣˋ ㄕㄜˋ
韻略,1,ㄩㄣˋ ㄌㄩㄝˋ
韻白,1,ㄩㄣˋ ㄅㄞˊ
韻腹,1,ㄩㄣˋ ㄈㄨˋ
韻語,1,ㄩㄣˋ ㄩˇ
韻鏡,1,ㄩㄣˋ ㄐㄧㄥˋ
韻頭,1,ㄩㄣˋ ㄊㄡˊ
韻類,1,ㄩㄣˋ ㄌㄟˋ
韻首,1,ㄩㄣˋ ㄕㄡˇ
響卜,1,ㄒㄧㄤˇ ㄅㄨˇ
響器,1,ㄒㄧㄤˇ ㄑㄧˋ
響振,1,ㄒㄧㄤˇ ㄓㄣˋ
響排,1,ㄒㄧㄤˇ ㄆㄞˊ
響搨,1,ㄒㄧㄤˇ ㄊㄚˋ
響晴,1,ㄒㄧㄤˇ ㄑㄧㄥˊ
響楊,1,ㄒㄧㄤˇ ㄧㄤˊ
響炕,1,ㄒㄧㄤˇ ㄎㄤˋ
響箭,1,ㄒㄧㄤˇ ㄐㄧㄢˋ
響糖,1,ㄒㄧㄤˇ ㄊㄤˊ
響鞭,1,ㄒㄧㄤˇ ㄅㄧㄢ
響音,1,ㄒㄧㄤˇ ㄧㄣ
響頭,1,ㄒㄧㄤˇ ㄊㄡˊ
響飽,1,ㄒㄧㄤˇ ㄅㄠˇ
頁心,1,ㄧㄝˋ ㄒㄧㄣ
頂丁,1,ㄉㄧㄥˇ ㄉㄧㄥ
頂兇,1,ㄉㄧㄥˇ ㄒㄩㄥ
頂子,1,ㄉㄧㄥˇ ㄗ˙
頂技,1,ㄉㄧㄥˇ ㄐㄧˋ
頂拜,1,ㄉㄧㄥˇ ㄅㄞˋ
頂搭,1,ㄉㄧㄥˇ ㄉㄚ
頂數,1,ㄉㄧㄥˇ ㄕㄨˋ
頂格,1,ㄉㄧㄥˇ ㄍㄜˊ
頂癮,1,ㄉㄧㄥˇ ㄧㄣˇ
頂盤,1,ㄉㄧㄥˇ ㄆㄢˊ
頂真,1,ㄉㄧㄥˇ ㄓㄣ
頂線,1,ㄉㄧㄥˇ ㄒㄧㄢˋ
頂老,1,ㄉㄧㄥˇ ㄌㄠˇ
頂顙,1,ㄉㄧㄥˇ ㄙㄤˇ
頂顛,1,ㄉㄧㄥˇ ㄉㄧㄢ
頂首,1,ㄉㄧㄥˇ ㄕㄡˇ
頃久,1,ㄑㄧㄥˇ ㄐㄧㄡˇ
頃筐,1,ㄑㄧㄥ ㄎㄨㄤ
項伯,1,ㄒㄧㄤˋ ㄅㄛˊ
項梁,1,ㄒㄧㄤˋ ㄌㄧㄤˊ
項牌,1,ㄒㄧㄤˋ ㄆㄞˊ
項籍,1,ㄒㄧㄤˋ ㄐㄧˊ
順事,1,ㄕㄨㄣˋ ㄕˋ
順俗,1,ㄕㄨㄣˋ ㄙㄨˊ
順候,1,ㄕㄨㄣˋ ㄏㄡˋ
順刀,1,ㄕㄨㄣˋ ㄉㄠ
順和,1,ㄕㄨㄣˋ ㄏㄜˊ
順子,1,ㄕㄨㄣˋ ㄗ˙
順守,1,ㄕㄨㄣˋ ㄕㄡˇ
順導,1,ㄕㄨㄣˋ ㄉㄠˇ
順帶,1,ㄕㄨㄣˋ ㄉㄞˋ
順序,1,ㄕㄨㄣˋ ㄒㄩ˙
順性,1,ㄕㄨㄣˋ ㄒㄧㄥˋ
順情,1,ㄕㄨㄣˋ ㄑㄧㄥˊ
順把,1,ㄕㄨㄣˋ ㄅㄚˇ
順敘,1,ㄕㄨㄣˋ ㄒㄩˋ
順星,1,ㄕㄨㄣˋ ㄒㄧㄥ
順溜,1,ㄕㄨㄣˋ ㄌㄧㄡ˙
順理,1,ㄕㄨㄣˋ ㄌㄧˇ
順產,1,ㄕㄨㄣˋ ㄔㄢˇ
順當,1,ㄕㄨㄣˋ ㄉㄤ˙
順職,1,ㄕㄨㄣˋ ㄓˊ
順腳,1,ㄕㄨㄣˋ ㄐㄧㄠˇ
順行,1,ㄕㄨㄣˋ ㄒㄧㄥˊ
順袋,1,ㄕㄨㄣˋ ㄉㄞˋ
順證,1,ㄕㄨㄣˋ ㄓㄥˋ
順運,1,ㄕㄨㄣˋ ㄩㄣˋ
頇臉,1,ㄏㄢ ㄌㄧㄢˇ
須待,1,ㄒㄩ ㄉㄞˋ
須慮,1,ㄒㄩ ㄌㄩˋ
須捷,1,ㄒㄩ ㄐㄧㄝˊ
須是,1,ㄒㄩ ㄕˋ
須然,1,ㄒㄩ ㄖㄢˊ
須用,1,ㄒㄩ ㄩㄥˋ
須留,1,ㄒㄩ ㄌㄧㄡˊ
須眉,1,ㄒㄩ ㄇㄟˊ
須索,1,ㄒㄩ ㄙㄨㄛˇ
須至,1,ㄒㄩ ㄓˋ
頊頊,1,ㄒㄩˋ ㄒㄩˋ
頌壎,1,ㄙㄨㄥˋ ㄒㄩㄣ
頌禮,1,ㄖㄨㄥˊ ㄌㄧˇ
頌繫,1,ㄖㄨㄥˊ ㄒㄧˋ
頌美,1,ㄙㄨㄥˋ ㄇㄟˇ
頍弁,1,ㄎㄨㄟˇ ㄅㄧㄢˋ
頎長,1,ㄑㄧˊ ㄔㄤˊ
頎頎,1,ㄑㄧˊ ㄑㄧˊ
預力,1,ㄩˋ ㄌㄧˋ
預後,1,ㄩˋ ㄏㄡˋ
預斷,1,ㄩˋ ㄉㄨㄢˋ
預科,1,ㄩˋ ㄎㄜ
預聞,1,ㄩˋ ㄨㄣˊ
預行,1,ㄩˋ ㄒㄧㄥˊ
頑健,1,ㄨㄢˊ ㄐㄧㄢˋ
頑梗,1,ㄨㄢˊ ㄍㄥˇ
頑涎,1,ㄨㄢˊ ㄒㄧㄢˊ
頑疾,1,ㄨㄢˊ ㄐㄧˊ
頑症,1,ㄨㄢˊ ㄓㄥˋ
頑笑,1,ㄨㄢˊ ㄒㄧㄠˋ
頑耍,1,ㄨㄢˊ ㄕㄨㄚˇ
頑蒙,1,ㄨㄢˊ ㄇㄥˊ
頑話,1,ㄨㄢˊ ㄏㄨㄚˋ
頑軀,1,ㄨㄢˊ ㄑㄩ
頑鹵,1,ㄨㄢˊ ㄌㄨˇ
頒斌,1,ㄅㄢ ㄅㄧㄣ
頒白,1,ㄅㄢ ㄅㄞˊ
頒詔,1,ㄅㄢ ㄓㄠˋ
頓地,1,ㄉㄨㄣˋ ㄉㄧˋ
頓息,1,ㄉㄨㄣˋ ㄒㄧˊ
頓捽,1,ㄉㄨㄣˋ ㄗㄨˊ
頓放,1,ㄉㄨㄣˋ ㄈㄤˋ
頓段,1,ㄉㄨㄣˋ ㄉㄨㄢˋ
頓牟,1,ㄉㄨㄣˋ ㄇㄡˊ
頓碌,1,ㄉㄨㄣˋ ㄌㄨˋ
頓絕,1,ㄉㄨㄣˋ ㄐㄩㄝˊ
頓脫,1,ㄉㄨㄣˋ ㄊㄨㄛ
頓躓,1,ㄉㄨㄣˋ ㄓˋ
頓轡,1,ㄉㄨㄣˋ ㄆㄟˋ
頓開,1,ㄉㄨㄣˋ ㄎㄞ
頓顙,1,ㄉㄨㄣˋ ㄙㄤˇ
頖宮,1,ㄆㄢˋ ㄍㄨㄥ
頗可,1,ㄆㄛˇ ㄎㄜˇ
頗奈,1,ㄆㄛˇ ㄋㄞˋ
頗我,1,ㄆㄛˇ ㄨㄛˇ
頗耐,1,ㄆㄛˇ ㄋㄞˋ
頗覆,1,ㄆㄛ ㄈㄨˋ
頗頗,1,ㄆㄛˇ ㄆㄛˇ
頗黎,1,ㄆㄛˇ ㄌㄧˊ
領命,1,ㄌㄧㄥˇ ㄇㄧㄥˋ
領圈,1,ㄌㄧㄥˇ ㄑㄩㄢ
領字,1,ㄌㄧㄥˇ ㄗˋ
領屬,1,ㄌㄧㄥˇ ㄕㄨˇ
領帖,1,ㄌㄧㄥˇ ㄊㄧㄝˇ
領抹,1,ㄌㄧㄥˇ ㄇㄛˇ
領掇,1,ㄌㄧㄥˇ ㄉㄨㄛˊ
領旨,1,ㄌㄧㄥˇ ㄓˇ
領檯,1,ㄌㄧㄥˇ ㄊㄞˊ
領罰,1,ㄌㄧㄥˇ ㄈㄚˊ
領解,1,ㄌㄧㄥˇ ㄐㄧㄝˇ
領解,1,ㄌㄧㄥˇ ㄐㄧㄝˋ
領諾,1,ㄌㄧㄥˇ ㄋㄨㄛˋ
領謝,1,ㄌㄧㄥˇ ㄒㄧㄝˋ
領責,1,ㄌㄧㄥˇ ㄗㄜˊ
領賞,1,ㄌㄧㄥˇ ㄕㄤˇ
領贓,1,ㄌㄧㄥˇ ㄗㄤ
頟頟,1,ㄜˊ ㄜˊ
頡滑,1,ㄒㄧㄝˊ ㄏㄨㄚˊ
頤帶,1,ㄧˊ ㄉㄞˋ
頤指,1,ㄧˊ ㄓˇ
頫囟,1,ㄈㄨˇ ㄒㄧㄣˋ
頭一,1,ㄊㄡˊ ㄧ
頭七,1,ㄊㄡˊ ㄑㄧ
頭主,1,ㄊㄡˊ ㄓㄨˇ
頭人,1,ㄊㄡˊ ㄖㄣˊ
頭伏,1,ㄊㄡˊ ㄈㄨˊ
頭位,1,ㄊㄡˊ ㄨㄟˋ
頭信,1,ㄊㄡˊ ㄒㄧㄣˋ
頭到,1,ㄊㄡˊ ㄉㄠˋ
頭功,1,ㄊㄡˊ ㄍㄨㄥ
頭勢,1,ㄊㄡˊ ㄕˋ
頭匹,1,ㄊㄡˊ ㄆㄧ
頭口,1,ㄊㄡˊ ㄎㄡˇ
頭哨,1,ㄊㄡˊ ㄕㄠˋ
頭回,1,ㄊㄡˊ ㄏㄨㄟˊ
頭囟,1,ㄊㄡˊ ㄒㄧㄣˋ
頭場,1,ㄊㄡˊ ㄔㄤˊ
頭妻,1,ㄊㄡˊ ㄑㄧ
頭對,1,ㄊㄡˊ ㄉㄨㄟˋ
頭廳,1,ㄊㄡˊ ㄊㄧㄥ
頭影,1,ㄊㄡˊ ㄧㄥˇ
頭役,1,ㄊㄡˊ ㄧˋ
頭房,1,ㄊㄡˊ ㄈㄤˊ
頭抵,1,ㄊㄡˊ ㄉㄧˇ
頭挑,1,ㄊㄡˊ ㄊㄧㄠ
頭攔,1,ㄊㄡˊ ㄌㄢˊ
頭敵,1,ㄊㄡˊ ㄉㄧˊ
頭明,1,ㄊㄡˊ ㄇㄧㄥˊ
頭晌,1,ㄊㄡˊ ㄕㄤˇ
頭板,1,ㄊㄡˊ ㄅㄢˇ
頭梢,1,ㄊㄡˊ ㄕㄠ
頭櫃,1,ㄊㄡˊ ㄍㄨㄟˋ
頭正,1,ㄊㄡˊ ㄓㄥˋ
頭牙,1,ㄊㄡˊ ㄧㄚˊ
頭由,1,ㄊㄡˊ ㄧㄡˊ
頭當,1,ㄊㄡˊ ㄉㄤˋ
頭眩,1,ㄊㄡˊ ㄒㄩㄢˋ
頭眼,1,ㄊㄡˊ ㄧㄢˇ
頭稍,1,ㄊㄡˊ ㄕㄠ
頭管,1,ㄊㄡˊ ㄍㄨㄢˇ
頭翁,1,ㄊㄡˊ ㄨㄥ
頭行,1,ㄊㄡˊ ㄏㄤˊ
頭行,1,ㄊㄡˊ ㄒㄧㄥˊ
頭裡,1,ㄊㄡˊ ㄌㄧ˙
頭踏,1,ㄊㄡˊ ㄊㄚˋ
頭迓,1,ㄊㄡˊ ㄧㄚˋ
頭道,1,ㄊㄡˊ ㄉㄠˋ
頭達,1,ㄊㄡˊ ㄉㄚˊ
頭醋,1,ㄊㄡˊ ㄘㄨˋ
頭錢,1,ㄊㄡˊ ㄑㄧㄢˊ
頭雁,1,ㄊㄡˊ ㄧㄢˋ
頭難,1,ㄊㄡˊ ㄋㄢˊ
頭面,1,ㄊㄡˊ ㄇㄧㄢˋ
頭頭,1,ㄊㄡˊ ㄊㄡˊ
頭食,1,ㄊㄡˊ ㄕˊ
頭飾,1,ㄊㄡˊ ㄕˋ
頭首,1,ㄊㄡˊ ㄕㄡˇ
頭香,1,ㄊㄡˊ ㄒㄧㄤ
頭馬,1,ㄊㄡˊ ㄇㄚˇ
頭高,1,ㄊㄡˊ ㄍㄠ
頭髲,1,ㄊㄡˊ ㄅㄧˋ
頭髻,1,ㄊㄡˊ ㄐㄧˋ
頭鵝,1,ㄊㄡˊ ㄜˊ
頮濯,1,ㄏㄨㄟˋ ㄓㄨㄛˊ
頰囊,1,ㄐㄧㄚˊ ㄋㄤˊ
頰線,1,ㄐㄧㄚˊ ㄒㄧㄢˋ
頰輔,1,ㄐㄧㄚˊ ㄈㄨˇ
頸肌,1,ㄐㄧㄥˇ ㄐㄧ
頸血,1,ㄐㄧㄥˇ ㄒㄧㄝˇ
頹人,1,ㄊㄨㄟˊ ㄖㄣˊ
頹氣,1,ㄊㄨㄟˊ ㄑㄧˋ
頹波,1,ㄊㄨㄟˊ ㄅㄛ
頹落,1,ㄊㄨㄟˊ ㄌㄨㄛˋ
頹運,1,ㄊㄨㄟˊ ㄩㄣˋ
頹陽,1,ㄊㄨㄟˊ ㄧㄤˊ
頹靡,1,ㄊㄨㄟˊ ㄇㄧˇ
頹風,1,ㄊㄨㄟˊ ㄈㄥ
頻婆,1,ㄆㄧㄣˊ ㄆㄛˊ
頻尿,1,ㄆㄧㄣˊ ㄋㄧㄠˋ
頻年,1,ㄆㄧㄣˊ ㄋㄧㄢˊ
頻果,1,ㄆㄧㄣˊ ㄍㄨㄛˇ
頻次,1,ㄆㄧㄣˊ ㄘˋ
頻煩,1,ㄆㄧㄣˊ ㄈㄢˊ
顄淡,1,ㄏㄢˋ ㄉㄢˋ
題主,1,ㄊㄧˊ ㄓㄨˇ
題位,1,ㄊㄧˊ ㄨㄟˋ
題品,1,ㄊㄧˊ ㄆㄧㄣˇ
題型,1,ㄊㄧˊ ㄒㄧㄥˊ
題奏,1,ㄊㄧˊ ㄗㄡˋ
題念,1,ㄊㄧˊ ㄋㄧㄢˋ
題柱,1,ㄊㄧˊ ㄓㄨˋ
題破,1,ㄊㄧˊ ㄆㄛˋ
題筆,1,ㄊㄧˊ ㄅㄧˇ
題結,1,ㄊㄧˊ ㄐㄧㄝˊ
題補,1,ㄊㄧˊ ㄅㄨˇ
題親,1,ㄊㄧˊ ㄑㄧㄣ
題詠,1,ㄊㄧˊ ㄩㄥˇ
題識,1,ㄊㄧˊ ㄓˋ
題額,1,ㄊㄧˊ ㄜˊ
題鳳,1,ㄊㄧˊ ㄈㄥˋ
額分,1,ㄜˊ ㄈㄣˋ
額子,1,ㄜˊ ㄗ˙
額徵,1,ㄜˊ ㄓㄥ
額支,1,ㄜˊ ㄓ
額顱,1,ㄜˊ ㄌㄨˊ
額駙,1,ㄜˊ ㄈㄨˋ
額黃,1,ㄜˊ ㄏㄨㄤˊ
顎裂,1,ㄜˋ ㄌㄧㄝˋ
顏元,1,ㄧㄢˊ ㄩㄢˊ
顏字,1,ㄧㄢˊ ㄗˋ
顏柳,1,ㄧㄢˊ ㄌㄧㄡˇ
顏範,1,ㄧㄢˊ ㄈㄢˋ
顏色,1,ㄧㄢˊ ㄕㄞ˙
顏體,1,ㄧㄢˊ ㄊㄧˇ
顑頷,1,ㄎㄢˇ ㄏㄢˋ
顒坐,1,ㄩㄥˊ ㄗㄨㄛˋ
顒望,1,ㄩㄥˊ ㄨㄤˋ
顒顒,1,ㄩㄥˊ ㄩㄥˊ
顓兵,1,ㄓㄨㄢ ㄅㄧㄥ
顓制,1,ㄓㄨㄢ ㄓˋ
顓民,1,ㄓㄨㄢ ㄇㄧㄣˊ
顓蒙,1,ㄓㄨㄢ ㄇㄥˊ
顓門,1,ㄓㄨㄢ ㄇㄣˊ
顓頊,1,ㄓㄨㄢ ㄒㄩˋ
顓顓,1,ㄓㄨㄢ ㄓㄨㄢ
願力,1,ㄩㄢˋ ㄌㄧˋ
願心,1,ㄩㄢˋ ㄒㄧㄣ
願行,1,ㄩㄢˋ ㄒㄧㄥˋ
顙子,1,ㄙㄤˇ ㄗ˙
顛播,1,ㄉㄧㄢ ㄅㄛˋ
顛毛,1,ㄉㄧㄢ ㄇㄠˊ
顛狽,1,ㄉㄧㄢ ㄅㄟˋ
顛耍,1,ㄉㄧㄢ ㄕㄨㄚˇ
顛蕀,1,ㄉㄧㄢ ㄐㄧˊ
顛越,1,ㄉㄧㄢ ㄩㄝˋ
顛躓,1,ㄉㄧㄢ ㄓˋ
顛隕,1,ㄉㄧㄢ ㄩㄣˇ
顛頓,1,ㄉㄧㄢ ㄉㄨㄣˋ
顛風,1,ㄉㄧㄢ ㄈㄥ
顛飲,1,ㄉㄧㄢ ㄧㄣˇ
類名,1,ㄌㄟˋ ㄇㄧㄥˊ
類疊,1,ㄌㄟˋ ㄉㄧㄝˊ
類碼,1,ㄌㄟˋ ㄇㄚˇ
類篇,1,ㄌㄟˋ ㄆㄧㄢ
類編,1,ㄌㄟˋ ㄅㄧㄢ
類聚,1,ㄌㄟˋ ㄐㄩˋ
類隔,1,ㄌㄟˋ ㄍㄜˊ
類音,1,ㄌㄟˋ ㄧㄣ
顥氣,1,ㄏㄠˋ ㄑㄧˋ
顥穹,1,ㄏㄠˋ ㄑㄩㄥ
顥顥,1,ㄏㄠˋ ㄏㄠˋ
顧人,1,ㄍㄨˋ ㄖㄣˊ
顧兔,1,ㄍㄨˋ ㄊㄨˋ
顧喚,1,ㄍㄨˋ ㄏㄨㄢˋ
顧影,1,ㄍㄨˋ ㄧㄥˇ
顧思,1,ㄍㄨˋ ㄙ
顧懷,1,ㄍㄨˋ ㄏㄨㄞˊ
顧指,1,ㄍㄨˋ ㄓˇ
顧盻,1,ㄍㄨˋ ㄒㄧˋ
顧眄,1,ㄍㄨˋ ㄇㄧㄢˇ
顧睦,1,ㄍㄨˋ ㄇㄨˋ
顧繡,1,ㄍㄨˋ ㄒㄧㄡˋ
顧臉,1,ㄍㄨˋ ㄌㄧㄢˇ
顧菟,1,ㄍㄨˋ ㄊㄨˋ
顧藉,1,ㄍㄨˋ ㄐㄧㄝˋ
顧賣,1,ㄍㄨˋ ㄇㄞˋ
顧贍,1,ㄍㄨˋ ㄕㄢˋ
顧遇,1,ㄍㄨˋ ㄩˋ
顯化,1,ㄒㄧㄢˇ ㄏㄨㄚˋ
顯弄,1,ㄒㄧㄢˇ ㄋㄨㄥˋ
顯形,1,ㄒㄧㄢˇ ㄒㄧㄥˊ
顯得,1,ㄒㄧㄢˇ ㄉㄜ˙
顯德,1,ㄒㄧㄢˇ ㄉㄜˊ
顯應,1,ㄒㄧㄢˇ ㄧㄥˋ
顯敞,1,ㄒㄧㄢˇ ㄔㄤˇ
顯晦,1,ㄒㄧㄢˇ ㄏㄨㄟˋ
顯煥,1,ㄒㄧㄢˇ ㄏㄨㄢˋ
顯父,1,ㄒㄧㄢˇ ㄈㄨˇ
顯秩,1,ㄒㄧㄢˇ ㄓˋ
顯著,1,ㄒㄧㄢˇ ㄓㄜ˙
顯融,1,ㄒㄧㄢˇ ㄖㄨㄥˊ
顯親,1,ㄒㄧㄢˇ ㄑㄧㄣ
顯道,1,ㄒㄧㄢˇ ㄉㄠˋ
顯顯,1,ㄒㄧㄢˇ ㄒㄧㄢˇ
顯魂,1,ㄒㄧㄢˇ ㄏㄨㄣˊ
顰伸,1,ㄆㄧㄣˊ ㄕㄣ
顰兒,1,ㄆㄧㄣˊ ㄦˊ
顱腔,1,ㄌㄨˊ ㄑㄧㄤ
顴骨,1,ㄑㄩㄢˊ ㄍㄨˇ
風人,1,ㄈㄥ ㄖㄣˊ
風什,1,ㄈㄥ ㄕˊ
風伯,1,ㄈㄥ ㄅㄛˊ
風俗,1,ㄈㄥ ㄙㄨ˙
風候,1,ㄈㄥ ㄏㄡˋ
風剪,1,ㄈㄥ ㄐㄧㄢˇ
風厲,1,ㄈㄥ ㄌㄧˋ
風后,1,ㄈㄥ ㄏㄡˋ
風團,1,ㄈㄥ ㄊㄨㄢˊ
風姓,1,ㄈㄥ ㄒㄧㄥˋ
風姨,1,ㄈㄥ ㄧˊ
風子,1,ㄈㄥ ㄗ˙
風家,1,ㄈㄥ ㄐㄧㄚ
風從,1,ㄈㄥ ㄘㄨㄥˊ
風息,1,ㄈㄥ ㄒㄧˊ
風態,1,ㄈㄥ ㄊㄞˋ
風憲,1,ㄈㄥ ㄒㄧㄢˋ
風戽,1,ㄈㄥ ㄏㄨˋ
風措,1,ㄈㄥ ㄘㄨㄛˋ
風操,1,ㄈㄥ ㄘㄠ
風教,1,ㄈㄥ ㄐㄧㄠˋ
風日,1,ㄈㄥ ㄖˋ
風望,1,ㄈㄥ ㄨㄤˋ
風概,1,ㄈㄥ ㄍㄞˋ
風機,1,ㄈㄥ ㄐㄧ
風欠,1,ㄈㄥ ㄑㄧㄢˋ
風水,1,ㄈㄥ ㄕㄨㄟ˙
風汛,1,ㄈㄥ ㄒㄩㄣˋ
風浴,1,ㄈㄥ ㄩˋ
風涼,1,ㄈㄥ ㄌㄧㄤ˙
風源,1,ㄈㄥ ㄩㄢˊ
風潑,1,ㄈㄥ ㄆㄛ
風烈,1,ㄈㄥ ㄌㄧㄝˋ
風煙,1,ㄈㄥ ㄧㄢ
風熱,1,ㄈㄥ ㄖㄜˋ
風燭,1,ㄈㄥ ㄓㄨˊ
風牽,1,ㄈㄥ ㄑㄧㄢ
風猷,1,ㄈㄥ ㄧㄡˊ
風疾,1,ㄈㄥ ㄐㄧˊ
風病,1,ㄈㄥ ㄅㄧㄥˋ
風痴,1,ㄈㄥ ㄔ
風痺,1,ㄈㄥ ㄅㄧˋ
風癱,1,ㄈㄥ ㄊㄢ
風磨,1,ㄈㄥ ㄇㄛˋ
風示,1,ㄈㄥˋ ㄕˋ
風穴,1,ㄈㄥ ㄒㄩㄝˋ
風節,1,ㄈㄥ ㄐㄧㄝˊ
風篷,1,ㄈㄥ ㄆㄥˊ
風簷,1,ㄈㄥ ㄧㄢˊ
風羊,1,ㄈㄥ ㄧㄤˊ
風義,1,ㄈㄥ ㄧˋ
風肉,1,ㄈㄥ ㄖㄡˋ
風能,1,ㄈㄥ ㄋㄥˊ
風色,1,ㄈㄥ ㄙㄜˋ
風草,1,ㄈㄥ ㄘㄠˇ
風藥,1,ㄈㄥ ㄧㄠˋ
風虔,1,ㄈㄥ ㄑㄧㄢˊ
風蝶,1,ㄈㄥ ㄉㄧㄝˊ
風角,1,ㄈㄥ ㄐㄧㄠˇ
風言,1,ㄈㄥ ㄧㄢˊ
風話,1,ㄈㄥ ㄏㄨㄚˋ
風語,1,ㄈㄥ ㄩˇ
風調,1,ㄈㄥ ㄉㄧㄠˋ
風謠,1,ㄈㄥ ㄧㄠˊ
風議,1,ㄈㄥˋ ㄧˋ
風起,1,ㄈㄥ ㄑㄧˇ
風路,1,ㄈㄥ ㄌㄨˋ
風邁,1,ㄈㄥ ㄇㄞˋ
風鐸,1,ㄈㄥ ㄉㄨㄛˊ
風鑒,1,ㄈㄥ ㄐㄧㄢˋ
風阻,1,ㄈㄥ ㄗㄨˇ
風障,1,ㄈㄥ ㄓㄤˋ
風雞,1,ㄈㄥ ㄐㄧ
風霆,1,ㄈㄥ ㄊㄧㄥˊ
風霾,1,ㄈㄥ ㄇㄞˊ
風靜,1,ㄈㄥ ㄐㄧㄥˋ
風響,1,ㄈㄥ ㄒㄧㄤˇ
風領,1,ㄈㄥ ㄌㄧㄥˇ
風頭,1,ㄈㄥ ㄊㄡ˙
風飄,1,ㄈㄥ ㄆㄧㄠ
風馳,1,ㄈㄥ ㄔˊ
風驅,1,ㄈㄥ ㄑㄩ
風高,1,ㄈㄥ ㄍㄠ
風鶴,1,ㄈㄥ ㄏㄜˋ
風鼓,1,ㄈㄥ ㄍㄨˇ
颩抹,1,ㄉㄧㄡ ㄇㄛˇ
颭灩,1,ㄓㄢˇ ㄧㄢˋ
颭颭,1,ㄓㄢˇ ㄓㄢˇ
颮線,1,ㄆㄠˊ ㄒㄧㄢˋ
颮颮,1,ㄅㄧㄠ ㄅㄧㄠ
颯戾,1,ㄙㄚˋ ㄌㄧˋ
颯爽,1,ㄙㄚˋ ㄕㄨㄤˇ
颯遝,1,ㄙㄚˋ ㄊㄚˋ
颯飁,1,ㄙㄚˋ ㄒㄧˊ
颶母,1,ㄐㄩˋ ㄇㄨˇ
颸颸,1,ㄙ ㄙ
颺颺,1,ㄧㄤˊ ㄧㄤˊ
颻颺,1,ㄧㄠˊ ㄧㄤˊ
颼飀,1,ㄙㄡ ㄌㄧㄡˊ
颿颿,1,ㄈㄢˊ ㄈㄢˊ
飂戾,1,ㄌㄧㄠˊ ㄌㄧˋ
飂飂,1,ㄌㄧㄠˊ ㄌㄧㄠˊ
飄塵,1,ㄆㄧㄠ ㄔㄣˊ
飄字,1,ㄆㄧㄠ ㄗˋ
飄悠,1,ㄆㄧㄠ ㄧㄡ
飄拂,1,ㄆㄧㄠ ㄈㄨˊ
飄泛,1,ㄆㄧㄠ ㄈㄢˋ
飄溢,1,ㄆㄧㄠ ㄧˋ
飄畦,1,ㄆㄧㄠ ㄒㄧ
飄疾,1,ㄆㄧㄠ ㄐㄧˊ
飄眇,1,ㄆㄧㄠ ㄇㄧㄠˇ
飄舉,1,ㄆㄧㄠ ㄐㄩˇ
飄蓬,1,ㄆㄧㄠ ㄆㄥˊ
飄蕭,1,ㄆㄧㄠ ㄒㄧㄠ
飄薄,1,ㄆㄧㄠ ㄅㄛˊ
飄開,1,ㄆㄧㄠ ㄎㄞ
飄風,1,ㄆㄧㄠ ㄈㄥ
飄颺,1,ㄆㄧㄠ ㄧㄤˊ
飄颻,1,ㄆㄧㄠ ㄧㄠˊ
飆信,1,ㄅㄧㄠ ㄒㄧㄣˋ
飆塵,1,ㄅㄧㄠ ㄔㄣˊ
飆武,1,ㄅㄧㄠ ㄨˇ
飆流,1,ㄅㄧㄠ ㄌㄧㄡˊ
飆輪,1,ㄅㄧㄠ ㄌㄨㄣˊ
飆風,1,ㄅㄧㄠ ㄈㄥ
飛仙,1,ㄈㄟ ㄒㄧㄢ
飛光,1,ㄈㄟ ㄍㄨㄤ
飛兔,1,ㄈㄟ ㄊㄨˋ
飛券,1,ㄈㄟ ㄑㄩㄢˋ
飛劍,1,ㄈㄟ ㄐㄧㄢˋ
飛叉,1,ㄈㄟ ㄔㄚ
飛報,1,ㄈㄟ ㄅㄠˋ
飛奴,1,ㄈㄟ ㄋㄨˊ
飛子,1,ㄈㄟ ㄗˇ
飛子,1,ㄈㄟ ㄗ˙
飛宇,1,ㄈㄟ ㄩˇ
飛將,1,ㄈㄟ ㄐㄧㄤˋ
飛帖,1,ㄈㄟ ㄊㄧㄝˇ
飛廉,1,ㄈㄟ ㄌㄧㄢˊ
飛征,1,ㄈㄟ ㄓㄥ
飛抓,1,ㄈㄟ ㄓㄨㄚ
飛播,1,ㄈㄟ ㄅㄛˋ
飛撾,1,ㄈㄟ ㄓㄨㄚ
飛放,1,ㄈㄟ ㄈㄤˋ
飛文,1,ㄈㄟ ㄨㄣˊ
飛梁,1,ㄈㄟ ㄌㄧㄤˊ
飛梯,1,ㄈㄟ ㄊㄧ
飛棹,1,ㄈㄟ ㄓㄠˋ
飛榮,1,ㄈㄟ ㄖㄨㄥˊ
飛橋,1,ㄈㄟ ㄑㄧㄠˊ
飛歌,1,ㄈㄟ ㄍㄜ
飛步,1,ㄈㄟ ㄅㄨˋ
飛歸,1,ㄈㄟ ㄍㄨㄟ
飛水,1,ㄈㄟ ㄕㄨㄟˇ
飛沉,1,ㄈㄟ ㄔㄣˊ
飛沙,1,ㄈㄟ ㄕㄚ
飛流,1,ㄈㄟ ㄌㄧㄡˊ
飛溜,1,ㄈㄟ ㄌㄧㄡ
飛漱,1,ㄈㄟ ㄙㄡˋ
飛漾,1,ㄈㄟ ㄧㄤˋ
飛潛,1,ㄈㄟ ㄑㄧㄢˊ
飛災,1,ㄈㄟ ㄗㄞ
飛熟,1,ㄈㄟ ㄕㄨˊ
飛狐,1,ㄈㄟ ㄏㄨˊ
飛甍,1,ㄈㄟ ㄇㄥˊ
飛白,1,ㄈㄟ ㄅㄞˊ
飛眼,1,ㄈㄟ ㄧㄢˇ
飛砂,1,ㄈㄟ ㄕㄚ
飛礫,1,ㄈㄟ ㄌㄧˋ
飛票,1,ㄈㄟ ㄆㄧㄠˋ
飛紮,1,ㄈㄟ ㄓㄚˊ
飛翮,1,ㄈㄟ ㄏㄜˊ
飛翻,1,ㄈㄟ ㄈㄢ
飛耳,1,ㄈㄟ ㄦˇ
飛聲,1,ㄈㄟ ㄕㄥ
飛腿,1,ㄈㄟ ㄊㄨㄟˇ
飛舟,1,ㄈㄟ ㄓㄡ
飛莖,1,ㄈㄟ ㄐㄧㄥ
飛蓋,1,ㄈㄟ ㄍㄞˋ
飛蓬,1,ㄈㄟ ㄆㄥˊ
飛薄,1,ㄈㄟ ㄅㄛˊ
飛蛇,1,ㄈㄟ ㄕㄜˊ
飛蝨,1,ㄈㄟ ㄕ
飛衛,1,ㄈㄟ ㄨㄟˋ
飛觀,1,ㄈㄟ ㄍㄨㄢ
飛觴,1,ㄈㄟ ㄕㄤ
飛變,1,ㄈㄟ ㄅㄧㄢˋ
飛谷,1,ㄈㄟ ㄍㄨˇ
飛身,1,ㄈㄟ ㄕㄣ
飛軒,1,ㄈㄟ ㄒㄩㄢ
飛軨,1,ㄈㄟ ㄌㄧㄥˊ
飛轉,1,ㄈㄟ ㄓㄨㄢˋ
飛轡,1,ㄈㄟ ㄆㄟˋ
飛辯,1,ㄈㄟ ㄅㄧㄢˋ
飛遞,1,ㄈㄟ ㄉㄧˋ
飛醋,1,ㄈㄟ ㄘㄨˋ
飛鋒,1,ㄈㄟ ㄈㄥ
飛錢,1,ㄈㄟ ㄑㄧㄢˊ
飛錫,1,ㄈㄟ ㄒㄧˊ
飛鏃,1,ㄈㄟ ㄗㄨˊ
飛閣,1,ㄈㄟ ㄍㄜˊ
飛雨,1,ㄈㄟ ㄩˇ
飛雲,1,ㄈㄟ ㄩㄣˊ
飛霜,1,ㄈㄟ ㄕㄨㄤ
飛霞,1,ㄈㄟ ㄒㄧㄚˊ
飛靈,1,ㄈㄟ ㄌㄧㄥˊ
飛靡,1,ㄈㄟ ㄇㄧˇ
飛鞚,1,ㄈㄟ ㄎㄨㄥˋ
飛頁,1,ㄈㄟ ㄧㄝˋ
飛風,1,ㄈㄟ ㄈㄥ
飛颺,1,ㄈㄟ ㄧㄤˊ
飛飆,1,ㄈㄟ ㄅㄧㄠ
飛馬,1,ㄈㄟ ㄇㄚˇ
飛鳧,1,ㄈㄟ ㄈㄨˊ
飛鴻,1,ㄈㄟ ㄏㄨㄥˊ
飛鵠,1,ㄈㄟ ㄏㄨˊ
飛黃,1,ㄈㄟ ㄏㄨㄤˊ
飛龍,1,ㄈㄟ ㄌㄨㄥˊ
食力,1,ㄕˊ ㄌㄧˋ
食單,1,ㄕˊ ㄉㄢ
食土,1,ㄕˊ ㄊㄨˇ
食地,1,ㄕˊ ㄉㄧˋ
食墨,1,ㄕˊ ㄇㄛˋ
食壘,1,ㄕˊ ㄌㄟˇ
食忌,1,ㄕˊ ㄐㄧˋ
食既,1,ㄕˊ ㄐㄧˋ
食次,1,ㄕˊ ㄘˋ
食母,1,ㄙˋ ㄇㄨˇ
食氣,1,ㄕˊ ㄑㄧˋ
食療,1,ㄕˊ ㄌㄧㄠˊ
食盒,1,ㄕˊ ㄏㄜˊ
食積,1,ㄕˊ ㄐㄧ
食罍,1,ㄕˊ ㄌㄟˊ
食膳,1,ㄕˊ ㄕㄢˋ
食補,1,ㄕˊ ㄅㄨˇ
食面,1,ㄕˊ ㄇㄧㄢˋ
食頃,1,ㄕˊ ㄑㄧㄥˇ
飢火,1,ㄐㄧ ㄏㄨㄛˇ
飢餒,1,ㄐㄧ ㄋㄟˇ
飣餖,1,ㄉㄧㄥˋ ㄉㄡˋ
飫宴,1,ㄩˋ ㄧㄢˋ
飫聞,1,ㄩˋ ㄨㄣˊ
飭厲,1,ㄔˋ ㄌㄧˋ
飭呈,1,ㄔˋ ㄔㄥˊ
飭拿,1,ㄔˋ ㄋㄚˊ
飭派,1,ㄔˋ ㄆㄞˋ
飭知,1,ㄔˋ ㄓ
飭紀,1,ㄔˋ ㄐㄧˋ
飭躬,1,ㄔˋ ㄍㄨㄥ
飯勺,1,ㄈㄢˋ ㄕㄠˊ
飯磬,1,ㄈㄢˋ ㄑㄧㄥˋ
飯籮,1,ㄈㄢˋ ㄌㄨㄛˊ
飯粘,1,ㄈㄢˋ ㄋㄧㄢˊ
飯糝,1,ㄈㄢˋ ㄙㄢˇ
飯腥,1,ㄈㄢˋ ㄒㄧㄥ
飯量,1,ㄈㄢˋ ㄌㄧㄤ˙
飯錢,1,ㄈㄢˋ ㄑㄧㄢˊ
飯頭,1,ㄈㄢˋ ㄊㄡˊ
飲冰,1,ㄧㄣˇ ㄅㄧㄥ
飲和,1,ㄧㄣˋ ㄏㄜˊ
飲器,1,ㄧㄣˇ ㄑㄧˋ
飲場,1,ㄧㄣˋ ㄔㄤˊ
飲子,1,ㄧㄣˇ ㄗˇ
飲片,1,ㄧㄣˇ ㄆㄧㄢˋ
飲福,1,ㄧㄣˇ ㄈㄨˊ
飲章,1,ㄧㄣˇ ㄓㄤ
飲羊,1,ㄧㄣˋ ㄧㄤˊ
飲羽,1,ㄧㄣˇ ㄩˇ
飲至,1,ㄧㄣˇ ㄓˋ
飲血,1,ㄧㄣˇ ㄒㄩㄝˋ
飲餞,1,ㄧㄣˇ ㄐㄧㄢˋ
飲饌,1,ㄧㄣˇ ㄓㄨㄢˋ
飲馬,1,ㄧㄣˋ ㄇㄚˇ
飼牧,1,ㄙˋ ㄇㄨˋ
飼秣,1,ㄙˋ ㄇㄛˋ
飽參,1,ㄅㄠˇ ㄘㄢ
飽壯,1,ㄅㄠˇ ㄓㄨㄤˋ
飽德,1,ㄅㄠˇ ㄉㄜˊ
飽打,1,ㄅㄠˇ ㄉㄚˇ
飽看,1,ㄅㄠˇ ㄎㄢˋ
飽聞,1,ㄅㄠˇ ㄨㄣˊ
飽覽,1,ㄅㄠˇ ㄌㄢˇ
飽颺,1,ㄅㄠˇ ㄧㄤˊ
飾偽,1,ㄕˋ ㄨㄟˋ
飾器,1,ㄕˋ ㄑㄧˋ
飾智,1,ㄕˋ ㄓˋ
飾裝,1,ㄕˋ ㄓㄨㄤ
飾金,1,ㄕˋ ㄐㄧㄣ
飾非,1,ㄕˋ ㄈㄟ
飾饌,1,ㄕˋ ㄓㄨㄢˋ
餅師,1,ㄅㄧㄥˇ ㄕ
餅金,1,ㄅㄧㄥˇ ㄐㄧㄣ
餅銀,1,ㄅㄧㄥˇ ㄧㄣˊ
餅錠,1,ㄅㄧㄥˇ ㄉㄧㄥˋ
餅鐺,1,ㄅㄧㄥˇ ㄔㄥ
餅餌,1,ㄅㄧㄥˇ ㄦˇ
餈粑,1,ㄘˊ ㄅㄚ˙
餉億,1,ㄒㄧㄤˇ ㄧˋ
餉午,1,ㄒㄧㄤˇ ㄨˇ
餉遺,1,ㄒㄧㄤˇ ㄨㄟˋ
餉饋,1,ㄒㄧㄤˇ ㄎㄨㄟˋ
養乏,1,ㄧㄤˇ ㄈㄚˊ
養元,1,ㄧㄤˇ ㄩㄢˊ
養和,1,ㄧㄤˇ ㄏㄜˊ
養娘,1,ㄧㄤˇ ㄋㄧㄤˊ
養寇,1,ㄧㄤˇ ㄎㄡˋ
養志,1,ㄧㄤˋ ㄓˋ
養怡,1,ㄧㄤˇ ㄧˊ
養息,1,ㄧㄤˇ ㄒㄧˊ
養拙,1,ㄧㄤˇ ㄓㄨㄛˊ
養會,1,ㄧㄤˇ ㄏㄨㄟˋ
養望,1,ㄧㄤˇ ㄨㄤˋ
養母,1,ㄧㄤˋ ㄇㄨˇ
養活,1,ㄧㄤˇ ㄏㄨㄛ˙
養漢,1,ㄧㄤˇ ㄏㄢˋ
養濟,1,ㄧㄤˇ ㄐㄧ˙
養父,1,ㄧㄤˋ ㄈㄨˋ
養痾,1,ㄧㄤˇ ㄜ
養真,1,ㄧㄤˇ ㄓㄣ
養膳,1,ㄧㄤˇ ㄕㄢˋ
養贍,1,ㄧㄤˇ ㄕㄢˋ
養軍,1,ㄧㄤˇ ㄐㄩㄣ
養靜,1,ㄧㄤˇ ㄐㄧㄥˋ
餌釣,1,ㄦˇ ㄉㄧㄠˋ
餐刀,1,ㄘㄢ ㄉㄠ
餐劇,1,ㄘㄢ ㄐㄩˋ
餐衛,1,ㄘㄢ ㄨㄟˋ
餐霞,1,ㄘㄢ ㄒㄧㄚˊ
餐鴿,1,ㄘㄢ ㄍㄜ
餒士,1,ㄋㄟˇ ㄕˋ
餒怯,1,ㄋㄟˇ ㄑㄩㄝˋ
餒死,1,ㄋㄟˇ ㄙˇ
餒病,1,ㄋㄟˇ ㄅㄧㄥˋ
餒餓,1,ㄋㄟˇ ㄜˋ
餓紋,1,ㄜˋ ㄨㄣˊ
餔啜,1,ㄅㄨ ㄔㄨㄛˋ
餔子,1,ㄅㄨˋ ㄗ˙
餔時,1,ㄅㄨ ㄕˊ
餔歠,1,ㄅㄨ ㄔㄨㄛˋ
餔菜,1,ㄅㄨˋ ㄘㄞˋ
餕餘,1,ㄐㄩㄣˋ ㄩˊ
餖版,1,ㄉㄡˋ ㄅㄢˇ
餖飣,1,ㄉㄡˋ ㄉㄧㄥˋ
餘刃,1,ㄩˊ ㄖㄣˋ
餘喘,1,ㄩˊ ㄔㄨㄢˇ
餘外,1,ㄩˊ ㄨㄞˋ
餘子,1,ㄩˊ ㄗˇ
餘存,1,ㄩˊ ㄘㄨㄣˊ
餘慶,1,ㄩˊ ㄑㄧㄥˋ
餘明,1,ㄩˊ ㄇㄧㄥˊ
餘映,1,ㄩˊ ㄧㄥˋ
餘桶,1,ㄩˊ ㄊㄨㄥˇ
餘殃,1,ㄩˊ ㄧㄤ
餘瀝,1,ㄩˊ ㄌㄧˋ
餘烈,1,ㄩˊ ㄌㄧㄝˋ
餘熱,1,ㄩˊ ㄖㄜˋ
餘眾,1,ㄩˊ ㄓㄨㄥˋ
餘竅,1,ㄩˊ ㄑㄧㄠˋ
餘緒,1,ㄩˊ ㄒㄩˋ
餘羨,1,ㄩˊ ㄒㄧㄢˋ
餘論,1,ㄩˊ ㄌㄨㄣˋ
餘貾,1,ㄩˊ ㄔˊ
餘酲,1,ㄩˊ ㄔㄥˊ
餘閏,1,ㄩˊ ㄖㄨㄣˋ
餚羞,1,ㄧㄠˊ ㄒㄧㄡ
餚饌,1,ㄧㄠˊ ㄓㄨㄢˋ
餛飩,1,ㄏㄨㄣˊ ㄉㄨㄣ˙
餜子,1,ㄍㄨㄛˇ ㄗ˙
餞路,1,ㄐㄧㄢˋ ㄌㄨˋ
餡子,1,ㄒㄧㄢˋ ㄗ˙
餦餭,1,ㄓㄤ ㄏㄨㄤˊ
館人,1,ㄍㄨㄢˇ ㄖㄣˊ
館伴,1,ㄍㄨㄢˇ ㄅㄢˋ
館地,1,ㄍㄨㄢˇ ㄉㄧˋ
館址,1,ㄍㄨㄢˇ ㄓˇ
館客,1,ㄍㄨㄢˇ ㄎㄜˋ
館待,1,ㄍㄨㄢˇ ㄉㄞˋ
館田,1,ㄍㄨㄢˇ ㄊㄧㄢˊ
館穀,1,ㄍㄨㄢˇ ㄍㄨˇ
館職,1,ㄍㄨㄢˇ ㄓˊ
館賓,1,ㄍㄨㄢˇ ㄅㄧㄣ
館金,1,ㄍㄨㄢˇ ㄐㄧㄣ
館驛,1,ㄍㄨㄢˇ ㄧˋ
餪女,1,ㄋㄨㄢˇ ㄋㄩˇ
餪盤,1,ㄋㄨㄢˇ ㄆㄢˊ
餳澀,1,ㄒㄧㄥˊ ㄙㄜˋ
餳眼,1,ㄒㄧㄥˊ ㄧㄢˇ
餳糖,1,ㄒㄧㄥˊ ㄊㄤˊ
餶飿,1,ㄍㄨˇ ㄉㄨㄛˋ
餺飥,1,ㄅㄛˊ ㄊㄨㄛ
餼廩,1,ㄒㄧˋ ㄌㄧㄣˇ
餼牢,1,ㄒㄧˋ ㄌㄠˊ
餼牽,1,ㄒㄧˋ ㄑㄧㄢ
餼羊,1,ㄒㄧˋ ㄧㄤˊ
餽贐,1,ㄎㄨㄟˋ ㄐㄧㄣˋ
饅首,1,ㄇㄢˊ ㄕㄡˇ
饆饠,1,ㄅㄧˋ ㄌㄨㄛˊ
饊子,1,ㄙㄢˇ ㄗ˙
饋人,1,ㄎㄨㄟˋ ㄖㄣˊ
饋奠,1,ㄎㄨㄟˋ ㄉㄧㄢˋ
饋糧,1,ㄎㄨㄟˋ ㄌㄧㄤˊ
饋線,1,ㄎㄨㄟˋ ㄒㄧㄢˋ
饋路,1,ㄎㄨㄟˋ ㄌㄨˋ
饋食,1,ㄎㄨㄟˋ ㄕˊ
饋饌,1,ㄎㄨㄟˋ ㄓㄨㄢˋ
饌玉,1,ㄓㄨㄢˋ ㄩˋ
饑年,1,ㄐㄧ ㄋㄧㄢˊ
饒人,1,ㄖㄠˊ ㄖㄣˊ
饒侈,1,ㄖㄠˊ ㄔˇ
饒免,1,ㄖㄠˊ ㄇㄧㄢˇ
饒樂,1,ㄖㄠˊ ㄌㄜˋ
饒益,1,ㄖㄠˊ ㄧˋ
饒衍,1,ㄖㄠˊ ㄧㄢˇ
饒讓,1,ㄖㄠˊ ㄖㄤˋ
饒頭,1,ㄖㄠˊ ㄊㄡ˙
饔餼,1,ㄩㄥ ㄒㄧˋ
饕家,1,ㄊㄠ ㄐㄧㄚ
饕戾,1,ㄊㄠ ㄌㄧˋ
饕饗,1,ㄊㄠ ㄒㄧㄤˇ
饗告,1,ㄒㄧㄤˇ ㄍㄠˋ
饗國,1,ㄒㄧㄤˇ ㄍㄨㄛˊ
饗薦,1,ㄒㄧㄤˇ ㄐㄧㄢˋ
饙餾,1,ㄈㄣ ㄌㄧㄡˋ
饜飫,1,ㄧㄢˋ ㄩˋ
饞唾,1,ㄔㄢˊ ㄊㄨㄛˋ
饞涎,1,ㄔㄢˊ ㄒㄧㄢˊ
饞獠,1,ㄔㄢˊ ㄌㄧㄠˊ
饞癆,1,ㄔㄢˊ ㄌㄠˊ
饟道,1,ㄒㄧㄤˇ ㄉㄠˋ
首七,1,ㄕㄡˇ ㄑㄧ
首丘,1,ㄕㄡˇ ㄑㄧㄡ
首事,1,ㄕㄡˇ ㄕˋ
首人,1,ㄕㄡˇ ㄖㄣˊ
首呈,1,ㄕㄡˇ ㄔㄥˊ
首告,1,ㄕㄡˇ ㄍㄠˋ
首妻,1,ㄕㄡˇ ㄑㄧ
首展,1,ㄕㄡˇ ㄓㄢˇ
首從,1,ㄕㄡˇ ㄗㄨㄥˋ
首施,1,ㄕㄡˇ ㄕ
首時,1,ㄕㄡˇ ㄕˊ
首服,1,ㄕㄡˇ ㄈㄨˊ
首演,1,ㄕㄡˇ ㄧㄢˇ
首狀,1,ㄕㄡˇ ㄓㄨㄤˋ
首縣,1,ㄕㄡˇ ㄒㄧㄢˋ
首薦,1,ㄕㄡˇ ㄐㄧㄢˋ
首路,1,ㄕㄡˇ ㄌㄨˋ
首身,1,ㄕㄡˇ ㄕㄣ
首車,1,ㄕㄡˇ ㄔㄜ
首鼠,1,ㄕㄡˇ ㄕㄨˇ
香乾,1,ㄒㄧㄤ ㄍㄢ
香公,1,ㄒㄧㄤ ㄍㄨㄥ
香冢,1,ㄒㄧㄤ ㄓㄨㄥˇ
香分,1,ㄒㄧㄤ ㄈㄣˋ
香印,1,ㄒㄧㄤ ㄧㄣˋ
香奩,1,ㄒㄧㄤ ㄌㄧㄢˊ
香妃,1,ㄒㄧㄤ ㄈㄟ
香市,1,ㄒㄧㄤ ㄕˋ
香帛,1,ㄒㄧㄤ ㄅㄛˊ
香房,1,ㄒㄧㄤ ㄈㄤˊ
香扇,1,ㄒㄧㄤ ㄕㄢˋ
香斗,1,ㄒㄧㄤ ㄉㄡˇ
香會,1,ㄒㄧㄤ ㄏㄨㄟˋ
香染,1,ㄒㄧㄤ ㄖㄢˇ
香橙,1,ㄒㄧㄤ ㄔㄥˊ
香毬,1,ㄒㄧㄤ ㄑㄧㄡˊ
香汗,1,ㄒㄧㄤ ㄏㄢˋ
香燈,1,ㄒㄧㄤ ㄉㄥ
香界,1,ㄒㄧㄤ ㄐㄧㄝˋ
香稻,1,ㄒㄧㄤ ㄉㄠˋ
香筒,1,ㄒㄧㄤ ㄊㄨㄥˇ
香筵,1,ㄒㄧㄤ ㄧㄢˊ
香篆,1,ㄒㄧㄤ ㄓㄨㄢˋ
香纓,1,ㄒㄧㄤ ㄧㄥ
香脆,1,ㄒㄧㄤ ㄘㄨㄟˋ
香腮,1,ㄒㄧㄤ ㄙㄞ
香色,1,ㄒㄧㄤ ㄙㄜˋ
香菌,1,ㄒㄧㄤ ㄐㄩㄣˋ
香蒲,1,ㄒㄧㄤ ㄆㄨˊ
香蓼,1,ㄒㄧㄤ ㄌㄧㄠˇ
香薷,1,ㄒㄧㄤ ㄖㄨˊ
香貍,1,ㄒㄧㄤ ㄌㄧˊ
香鋪,1,ㄒㄧㄤ ㄆㄨˋ
香附,1,ㄒㄧㄤ ㄈㄨˋ
香頌,1,ㄒㄧㄤ ㄙㄨㄥˋ
香頭,1,ㄒㄧㄤ ㄊㄡˊ
香頭,1,ㄒㄧㄤ ㄊㄡ˙
香願,1,ㄒㄧㄤ ㄩㄢˋ
香麝,1,ㄒㄧㄤ ㄕㄜˋ
香麞,1,ㄒㄧㄤ ㄓㄤ
馡馡,1,ㄈㄟ ㄈㄟ
馥馥,1,ㄈㄨˋ ㄈㄨˋ
馨逸,1,ㄒㄧㄣ ㄧˋ
馬乾,1,ㄇㄚˇ ㄍㄢ
馬內,1,ㄇㄚˇ ㄋㄟˋ
馬冠,1,ㄇㄚˇ ㄍㄨㄢ
馬勃,1,ㄇㄚˇ ㄅㄛˊ
馬吊,1,ㄇㄚˇ ㄉㄧㄠˋ
馬哨,1,ㄇㄚˇ ㄕㄠˋ
馬圈,1,ㄇㄚˇ ㄐㄩㄢˋ
馬圖,1,ㄇㄚˇ ㄊㄨˊ
馬埒,1,ㄇㄚˇ ㄌㄜˋ
馬奴,1,ㄇㄚˇ ㄋㄨˊ
馬封,1,ㄇㄚˇ ㄈㄥ
馬將,1,ㄇㄚˇ ㄐㄧㄤˋ
馬嵬,1,ㄇㄚˇ ㄨㄟˊ
馬帳,1,ㄇㄚˇ ㄓㄤˋ
馬幣,1,ㄇㄚˇ ㄅㄧˋ
馬幫,1,ㄇㄚˇ ㄅㄤ
馬店,1,ㄇㄚˇ ㄉㄧㄢˋ
馬廠,1,ㄇㄚˇ ㄔㄤˇ
馬弁,1,ㄇㄚˇ ㄅㄧㄢˋ
馬扁,1,ㄇㄚˇ ㄅㄧㄢˇ
馬援,1,ㄇㄚˇ ㄩㄢˊ
馬札,1,ㄇㄚˇ ㄓㄚˊ
馬杆,1,ㄇㄚˇ ㄍㄢ
馬杓,1,ㄇㄚˇ ㄕㄠˊ
馬架,1,ㄇㄚˇ ㄐㄧㄚˋ
馬棒,1,ㄇㄚˇ ㄅㄤˋ
馬槍,1,ㄇㄚˇ ㄑㄧㄤ
馬樁,1,ㄇㄚˇ ㄓㄨㄤ
馬江,1,ㄇㄚˇ ㄐㄧㄤ
馬流,1,ㄇㄚˇ ㄌㄧㄡˊ
馬熊,1,ㄇㄚˇ ㄒㄩㄥˊ
馬王,1,ㄇㄚˇ ㄨㄤˊ
馬班,1,ㄇㄚˇ ㄅㄢ
馬留,1,ㄇㄚˇ ㄌㄧㄡˊ
馬眼,1,ㄇㄚˇ ㄧㄢˇ
馬票,1,ㄇㄚˇ ㄆㄧㄠˋ
馬童,1,ㄇㄚˇ ㄊㄨㄥˊ
馬策,1,ㄇㄚˇ ㄘㄜˋ
馬腦,1,ㄇㄚˇ ㄋㄠˇ
馬臺,1,ㄇㄚˇ ㄊㄞˊ
馬船,1,ㄇㄚˇ ㄔㄨㄢˊ
馬虎,1,ㄇㄚˇ ㄏㄨ˙
馬融,1,ㄇㄚˇ ㄖㄨㄥˊ
馬蟬,1,ㄇㄚˇ ㄔㄢˊ
馬蟻,1,ㄇㄚˇ ㄧˇ
馬蠲,1,ㄇㄚˇ ㄐㄩㄢ
馬補,1,ㄇㄚˇ ㄅㄨˇ
馬調,1,ㄇㄚˇ ㄉㄧㄠˋ
馬謖,1,ㄇㄚˇ ㄙㄨˋ
馬趴,1,ㄇㄚˇ ㄆㄚ
馬軍,1,ㄇㄚˇ ㄐㄩㄣ
馬通,1,ㄇㄚˇ ㄊㄨㄥ
馬道,1,ㄇㄚˇ ㄉㄠˋ
馬遞,1,ㄇㄚˇ ㄉㄧˋ
馬邑,1,ㄇㄚˇ ㄧˋ
馬郎,1,ㄇㄚˇ ㄌㄤˊ
馬銜,1,ㄇㄚˇ ㄒㄧㄢˊ
馬鋪,1,ㄇㄚˇ ㄆㄨˋ
馬鐙,1,ㄇㄚˇ ㄉㄥˋ
馬門,1,ㄇㄚˇ ㄇㄣˊ
馬陸,1,ㄇㄚˇ ㄌㄨˋ
馬面,1,ㄇㄚˇ ㄇㄧㄢˋ
馬頭,1,ㄇㄚˇ ㄊㄡ˙
馬頰,1,ㄇㄚˇ ㄐㄧㄚˊ
馬食,1,ㄇㄚˇ ㄕˊ
馬駒,1,ㄇㄚˇ ㄐㄩ
馬騾,1,ㄇㄚˇ ㄌㄨㄛˊ
馬鬣,1,ㄇㄚˇ ㄌㄧㄝˋ
馬鱉,1,ㄇㄚˇ ㄅㄧㄝ
馭手,1,ㄩˋ ㄕㄡˇ
馭氣,1,ㄩˋ ㄑㄧˋ
馮唐,1,ㄈㄥˊ ㄊㄤˊ
馮夷,1,ㄈㄥˊ ㄧˊ
馮心,1,ㄆㄧㄥˊ ㄒㄧㄣ
馮河,1,ㄆㄧㄥˊ ㄏㄜˊ
馮虛,1,ㄆㄧㄥˊ ㄒㄩ
馮諼,1,ㄈㄥˊ ㄒㄩㄢ
馮軾,1,ㄆㄧㄥˊ ㄕˋ
馮驩,1,ㄈㄥˊ ㄏㄨㄢ
馮魁,1,ㄈㄥˊ ㄎㄨㄟˊ
馱子,1,ㄉㄨㄛˋ ㄗ˙
馱子,1,ㄊㄨㄛˊ ㄗ˙
馱轎,1,ㄊㄨㄛˊ ㄐㄧㄠˋ
馳傳,1,ㄔˊ ㄓㄨㄢˋ
馳年,1,ㄔˊ ㄋㄧㄢˊ
馳援,1,ㄔˊ ㄩㄢˊ
馳暉,1,ㄔˊ ㄏㄨㄟ
馳檄,1,ㄔˊ ㄒㄧˊ
馳爽,1,ㄔˊ ㄕㄨㄤˇ
馳突,1,ㄔˊ ㄊㄨˊ
馳聲,1,ㄔˊ ㄕㄥ
馳譽,1,ㄔˊ ㄩˋ
馳赴,1,ㄔˊ ㄈㄨˋ
馳辯,1,ㄔˊ ㄅㄧㄢˋ
馳逐,1,ㄔˊ ㄓㄨˊ
馳道,1,ㄔˊ ㄉㄠˋ
馳騖,1,ㄔˊ ㄨˋ
馳驛,1,ㄔˊ ㄧˋ
馳驟,1,ㄔˊ ㄗㄡˋ
馴伏,1,ㄒㄩㄣˊ ㄈㄨˊ
馴善,1,ㄒㄩㄣˊ ㄕㄢˋ
馴擾,1,ㄒㄩㄣˊ ㄖㄠˇ
馴行,1,ㄒㄩㄣˊ ㄒㄧㄥˋ
馴象,1,ㄒㄩㄣˊ ㄒㄧㄤˋ
馴鴿,1,ㄒㄩㄣˊ ㄍㄜ
駁勘,1,ㄅㄛˊ ㄎㄢ
駁岸,1,ㄅㄛˊ ㄢˋ
駁犖,1,ㄅㄛˊ ㄌㄨㄛˋ
駁落,1,ㄅㄛˊ ㄌㄨㄛˋ
駁詰,1,ㄅㄛˊ ㄐㄧㄝˊ
駁議,1,ㄅㄛˊ ㄧˋ
駁辭,1,ㄅㄛˊ ㄘˊ
駁難,1,ㄅㄛˊ ㄋㄢˋ
駁頭,1,ㄅㄛˊ ㄊㄡ˙
駃騠,1,ㄐㄩㄝˊ ㄊㄧˊ
駉駉,1,ㄐㄩㄥ ㄐㄩㄥ
駊騀,1,ㄆㄛˇ ㄜˇ
駏驉,1,ㄐㄩˋ ㄒㄩ
駐劄,1,ㄓㄨˋ ㄓㄚˊ
駐唱,1,ㄓㄨˋ ㄔㄤˋ
駐形,1,ㄓㄨˋ ㄒㄧㄥˊ
駐氣,1,ㄓㄨˋ ㄑㄧˋ
駐波,1,ㄓㄨˋ ㄅㄛ
駐節,1,ㄓㄨˋ ㄐㄧㄝˊ
駐診,1,ㄓㄨˋ ㄓㄣˇ
駐蹕,1,ㄓㄨˋ ㄅㄧˋ
駑散,1,ㄋㄨˊ ㄙㄢˇ
駑鉛,1,ㄋㄨˊ ㄑㄧㄢ
駒光,1,ㄐㄩ ㄍㄨㄤ
駒影,1,ㄐㄩ ㄧㄥˇ
駔儈,1,ㄗㄤˇ ㄎㄨㄞˋ
駔子,1,ㄘㄤˇ ㄗ˙
駕凌,1,ㄐㄧㄚˋ ㄌㄧㄥˊ
駕娘,1,ㄐㄧㄚˋ ㄋㄧㄤˊ
駕帖,1,ㄐㄧㄚˋ ㄊㄧㄝˋ
駕說,1,ㄐㄧㄚˋ ㄕㄨㄛ
駕長,1,ㄐㄧㄚˋ ㄓㄤˇ
駕靈,1,ㄐㄧㄚˋ ㄌㄧㄥˊ
駕頭,1,ㄐㄧㄚˋ ㄊㄡˊ
駘背,1,ㄊㄞˊ ㄅㄟˋ
駘蕩,1,ㄉㄞˋ ㄉㄤˋ
駘藉,1,ㄊㄞˊ ㄐㄧˊ
駙駕,1,ㄈㄨˋ ㄐㄧㄚˋ
駛流,1,ㄕˇ ㄌㄧㄡˊ
駝員,1,ㄊㄨㄛˊ ㄩㄢˊ
駝垛,1,ㄊㄨㄛˊ ㄉㄨㄛˋ
駝色,1,ㄊㄨㄛˊ ㄙㄜˋ
駝販,1,ㄊㄨㄛˊ ㄈㄢˋ
駝鹿,1,ㄊㄨㄛˊ ㄌㄨˋ
駟驖,1,ㄙˋ ㄊㄧㄝˇ
駢填,1,ㄆㄧㄢˊ ㄊㄧㄢˊ
駢字,1,ㄆㄧㄢˊ ㄗˋ
駢比,1,ㄆㄧㄢˊ ㄅㄧˋ
駢田,1,ㄆㄧㄢˊ ㄊㄧㄢˊ
駢肩,1,ㄆㄧㄢˊ ㄐㄧㄢ
駢脅,1,ㄆㄧㄢˊ ㄒㄧㄝˊ
駢賦,1,ㄆㄧㄢˊ ㄈㄨˋ
駢進,1,ㄆㄧㄢˊ ㄐㄧㄣˋ
駢闐,1,ㄆㄧㄢˊ ㄊㄧㄢˊ
駢集,1,ㄆㄧㄢˊ ㄐㄧˊ
駢馳,1,ㄆㄧㄢˊ ㄔˊ
駪駪,1,ㄕㄣ ㄕㄣ
駭怪,1,ㄏㄞˋ ㄍㄨㄞˋ
駭汗,1,ㄏㄞˋ ㄏㄢˋ
駭矚,1,ㄏㄞˋ ㄓㄨˇ
駭聽,1,ㄏㄞˋ ㄊㄧㄥ
駭遽,1,ㄏㄞˋ ㄐㄩˋ
駮正,1,ㄅㄛˊ ㄓㄥˋ
駮議,1,ㄅㄛˊ ㄧˋ
駱駝,1,ㄌㄨㄛˋ ㄊㄨㄛ˙
駸駸,1,ㄑㄧㄣ ㄑㄧㄣ
駻馬,1,ㄏㄢˋ ㄇㄚˇ
駿命,1,ㄐㄩㄣˋ ㄇㄧㄥˋ
駿惠,1,ㄐㄩㄣˋ ㄏㄨㄟˋ
駿良,1,ㄐㄩㄣˋ ㄌㄧㄤˊ
駿駒,1,ㄐㄩㄣˋ ㄐㄩ
騁能,1,ㄔㄥˇ ㄋㄥˊ
騁藻,1,ㄔㄥˇ ㄗㄠˇ
騁足,1,ㄔㄥˇ ㄗㄨˊ
騁騖,1,ㄔㄥˇ ㄨˋ
騂剛,1,ㄒㄧㄥ ㄍㄤ
騂旄,1,ㄒㄧㄥ ㄇㄠˊ
騂騂,1,ㄒㄧㄥ ㄒㄧㄥ
騃子,1,ㄞˊ ㄗ˙
騄耳,1,ㄌㄨˋ ㄦˇ
騄駬,1,ㄌㄨˋ ㄦˇ
騉蹄,1,ㄎㄨㄣ ㄊㄧˊ
騉駼,1,ㄎㄨㄣ ㄊㄨˊ
騊駼,1,ㄊㄠˊ ㄊㄨˊ
騋牝,1,ㄌㄞˊ ㄆㄧㄣˋ
騍驢,1,ㄎㄜˋ ㄌㄩˊ
騎兵,1,ㄑㄧˊ ㄅㄧㄥ
騑騑,1,ㄈㄟ ㄈㄟ
騕褭,1,ㄧㄠˇ ㄋㄧㄠˇ
騖外,1,ㄨˋ ㄨㄞˋ
騖望,1,ㄨˋ ㄨㄤˋ
騙徒,1,ㄆㄧㄢˋ ㄊㄨˊ
騙案,1,ㄆㄧㄢˋ ㄢˋ
騙線,1,ㄆㄧㄢˋ ㄒㄧㄢˋ
騙詞,1,ㄆㄧㄢˋ ㄘˊ
騙馬,1,ㄆㄧㄢˋ ㄇㄚˇ
騙鬼,1,ㄆㄧㄢˋ ㄍㄨㄟˇ
騞然,1,ㄏㄨㄛˋ ㄖㄢˊ
騤騤,1,ㄎㄨㄟˊ ㄎㄨㄟˊ
騧馬,1,ㄍㄨㄚ ㄇㄚˇ
騫期,1,ㄑㄧㄢ ㄑㄧˊ
騫汙,1,ㄑㄧㄢ ㄨ
騫舉,1,ㄑㄧㄢ ㄐㄩˇ
騫騫,1,ㄑㄧㄢ ㄑㄧㄢ
騫騰,1,ㄑㄧㄢ ㄊㄥˊ
騰倒,1,ㄊㄥˊ ㄉㄠˇ
騰挪,1,ㄊㄥˊ ㄋㄨㄛˊ
騰捷,1,ㄊㄥˊ ㄐㄧㄝˊ
騰掀,1,ㄊㄥˊ ㄒㄧㄢ
騰歡,1,ㄊㄥˊ ㄏㄨㄢ
騰笑,1,ㄊㄥˊ ㄒㄧㄠˋ
騰蛇,1,ㄊㄥˊ ㄕㄜˊ
騰裝,1,ㄊㄥˊ ㄓㄨㄤ
騰趠,1,ㄊㄥˊ ㄔㄠˋ
騰踊,1,ㄊㄥˊ ㄩㄥˇ
騰踏,1,ㄊㄥˊ ㄊㄚˋ
騰踔,1,ㄊㄥˊ ㄓㄨㄛˊ
騰躍,1,ㄊㄥˊ ㄩㄝˋ
騰身,1,ㄊㄥˊ ㄕㄣ
騰那,1,ㄊㄥˊ ㄋㄨㄛˊ
騰閃,1,ㄊㄥˊ ㄕㄢˇ
騰霧,1,ㄊㄥˊ ㄨˋ
騰飛,1,ㄊㄥˊ ㄈㄟ
騰驤,1,ㄊㄥˊ ㄒㄧㄤ
騰黃,1,ㄊㄥˊ ㄏㄨㄤˊ
騶人,1,ㄗㄡ ㄖㄣˊ
騶卒,1,ㄗㄡ ㄗㄨˊ
騶奴,1,ㄗㄡ ㄋㄨˊ
騶從,1,ㄗㄡ ㄗㄨㄥˋ
騶虞,1,ㄗㄡ ㄩˊ
騷國,1,ㄙㄠ ㄍㄨㄛˊ
騷屑,1,ㄙㄠ ㄒㄧㄝˋ
騷然,1,ㄙㄠ ㄖㄢˊ
騷經,1,ㄙㄠ ㄐㄧㄥ
騷貨,1,ㄙㄠ ㄏㄨㄛˋ
騷騷,1,ㄙㄠ ㄙㄠ
騷體,1,ㄙㄠ ㄊㄧˇ
騷鬧,1,ㄙㄠ ㄋㄠˋ
騸馬,1,ㄕㄢˋ ㄇㄚˇ
騾綱,1,ㄌㄨㄛˊ ㄍㄤ
騾鮫,1,ㄌㄨㄛˊ ㄐㄧㄠ
驀地,1,ㄇㄛˋ ㄉㄧˋ
驀忽,1,ㄇㄛˋ ㄏㄨ
驀生,1,ㄇㄛˋ ㄕㄥ
驀的,1,ㄇㄛˋ ㄉㄧˋ
驁放,1,ㄠˊ ㄈㄤˋ
驂靳,1,ㄘㄢ ㄐㄧㄣˋ
驃姚,1,ㄆㄧㄠˋ ㄧㄠˊ
驄馬,1,ㄘㄨㄥ ㄇㄚˇ
驅丁,1,ㄑㄩ ㄉㄧㄥ
驅兵,1,ㄑㄩ ㄅㄧㄥ
驅口,1,ㄑㄩ ㄎㄡˇ
驅風,1,ㄑㄩ ㄈㄥ
驊騮,1,ㄏㄨㄚˊ ㄌㄧㄡˊ
驌驦,1,ㄙㄨˋ ㄕㄨㄤ
驍悍,1,ㄒㄧㄠ ㄏㄢˋ
驍衛,1,ㄒㄧㄠ ㄨㄟˋ
驍騰,1,ㄒㄧㄠ ㄊㄥˊ
驍驍,1,ㄒㄧㄠ ㄒㄧㄠ
驕人,1,ㄐㄧㄠ ㄖㄣˊ
驕兵,1,ㄐㄧㄠ ㄅㄧㄥ
驕奢,1,ㄐㄧㄠ ㄕㄜ
驕寵,1,ㄐㄧㄠ ㄔㄨㄥˇ
驕戰,1,ㄐㄧㄠ ㄓㄢˋ
驕易,1,ㄐㄧㄠ ㄧˋ
驕民,1,ㄐㄧㄠ ㄇㄧㄣˊ
驕淫,1,ㄐㄧㄠ ㄧㄣˊ
驕貴,1,ㄐㄧㄠ ㄍㄨㄟˋ
驕蹇,1,ㄐㄧㄠ ㄐㄧㄢˇ
驕驕,1,ㄐㄧㄠ ㄐㄧㄠ
驗契,1,ㄧㄢˋ ㄑㄧˋ
驗左,1,ㄧㄢˋ ㄗㄨㄛˇ
驗放,1,ㄧㄢˋ ㄈㄤˋ
驗疫,1,ㄧㄢˋ ㄧˋ
驗票,1,ㄧㄢˋ ㄆㄧㄠˋ
驚乍,1,ㄐㄧㄥ ㄓㄚˋ
驚厥,1,ㄐㄧㄥ ㄐㄩㄝˊ
驚坐,1,ㄐㄧㄥ ㄗㄨㄛˋ
驚堂,1,ㄐㄧㄥ ㄊㄤˊ
驚塵,1,ㄐㄧㄥ ㄔㄣˊ
驚張,1,ㄐㄧㄥ ㄓㄤ
驚怖,1,ㄐㄧㄥ ㄅㄨˋ
驚惋,1,ㄐㄧㄥ ㄨㄢˋ
驚汗,1,ㄐㄧㄥ ㄏㄢˋ
驚湍,1,ㄐㄧㄥ ㄊㄨㄢ
驚癇,1,ㄐㄧㄥ ㄒㄧㄢˊ
驚羨,1,ㄐㄧㄥ ㄒㄧㄢˋ
驚耳,1,ㄐㄧㄥ ㄦˇ
驚誑,1,ㄐㄧㄥ ㄎㄨㄤˊ
驚諕,1,ㄐㄧㄥ ㄒㄧㄚˋ
驚走,1,ㄐㄧㄥ ㄗㄡˇ
驚遽,1,ㄐㄧㄥ ㄐㄩˋ
驚醒,1,ㄐㄧㄥ ㄒㄧㄥ˙
驚閨,1,ㄐㄧㄥ ㄍㄨㄟ
驚駕,1,ㄐㄧㄥ ㄐㄧㄚˋ
驛亭,1,ㄧˋ ㄊㄧㄥˊ
驛傳,1,ㄧˋ ㄔㄨㄢˊ
驛券,1,ㄧˋ ㄑㄩㄢˋ
驛樓,1,ㄧˋ ㄌㄡˊ
驛遞,1,ㄧˋ ㄉㄧˋ
驛驛,1,ㄧˋ ㄧˋ
驟跌,1,ㄗㄡˋ ㄉㄧㄝˊ
驟降,1,ㄗㄡˋ ㄐㄧㄤˋ
驢年,1,ㄌㄩˊ ㄋㄧㄢˊ
驢臉,1,ㄌㄩˊ ㄌㄧㄢˇ
驢騾,1,ㄌㄩˊ ㄌㄨㄛˊ
驤騰,1,ㄒㄧㄤ ㄊㄥˊ
驥足,1,ㄐㄧˋ ㄗㄨˊ
驥騄,1,ㄐㄧˋ ㄌㄨˋ
驩洽,1,ㄏㄨㄢ ㄒㄧㄚˊ
驩附,1,ㄏㄨㄢ ㄈㄨˋ
驪山,1,ㄌㄧˊ ㄕㄢ
驪戎,1,ㄌㄧˊ ㄖㄨㄥˊ
骨力,1,ㄍㄨˊ ㄌㄧ˙
骨嘟,1,ㄍㄨ ㄉㄨ
骨扇,1,ㄍㄨˇ ㄕㄢˋ
骨朵,1,ㄍㄨˇ ㄉㄨㄛˇ
骨材,1,ㄍㄨˇ ㄘㄞˊ
骨柮,1,ㄍㄨˇ ㄉㄨㄛˋ
骨格,1,ㄍㄨˇ ㄍㄜˊ
骨殖,1,ㄍㄨˇ ㄓˊ
骨法,1,ㄍㄨˇ ㄈㄚˇ
骨痂,1,ㄍㄨˇ ㄐㄧㄚ
骨癆,1,ㄍㄨˇ ㄌㄠˊ
骨癌,1,ㄍㄨˇ ㄧㄢˊ
骨相,1,ㄍㄨˇ ㄒㄧㄤ˙
骨碌,1,ㄍㄨˊ ㄌㄨ˙
骨笄,1,ㄍㄨˇ ㄐㄧ
骨罈,1,ㄍㄨˇ ㄊㄢˊ
骨肥,1,ㄍㄨˇ ㄈㄟˊ
骨膜,1,ㄍㄨˇ ㄇㄛˋ
骨膠,1,ㄍㄨˇ ㄐㄧㄠ
骨蒸,1,ㄍㄨˇ ㄓㄥ
骨血,1,ㄍㄨˇ ㄒㄧㄝˇ
骨襯,1,ㄍㄨˇ ㄔㄣˋ
骨都,1,ㄍㄨ ㄉㄨ
骨骾,1,ㄍㄨˇ ㄍㄥˇ
骨齡,1,ㄍㄨˇ ㄌㄧㄥˊ
骫法,1,ㄨㄟˇ ㄈㄚˇ
骫骳,1,ㄨㄟˇ ㄅㄧˋ
骯髒,1,ㄎㄤˇ ㄗㄤˇ
骰子,1,ㄊㄡˊ ㄗ˙
骲箭,1,ㄅㄛˊ ㄐㄧㄢˋ
骲頭,1,ㄅㄛˊ ㄊㄡˊ
骾朴,1,ㄍㄥˇ ㄆㄨˊ
骾訐,1,ㄍㄥˇ ㄐㄧㄝˊ
髀樞,1,ㄅㄧˋ ㄕㄨ
髀肉,1,ㄅㄧˋ ㄖㄡˋ
髀骶,1,ㄅㄧˋ ㄉㄧˇ
髂骨,1,ㄎㄚˋ ㄍㄨˇ
髒心,1,ㄗㄤ ㄒㄧㄣ
髓室,1,ㄙㄨㄟˇ ㄕˋ
髓腔,1,ㄙㄨㄟˇ ㄑㄧㄤ
髓鞘,1,ㄙㄨㄟˇ ㄑㄧㄠˋ
體下,1,ㄊㄧˇ ㄒㄧㄚˋ
體信,1,ㄊㄧˇ ㄒㄧㄣˋ
體勢,1,ㄊㄧˇ ㄕˋ
體問,1,ㄊㄧˇ ㄨㄣˋ
體己,1,ㄊㄧˇ ㄐㄧ˙
體度,1,ㄊㄧˇ ㄉㄨˋ
體性,1,ㄊㄧˇ ㄒㄧㄥˋ
體惜,1,ㄊㄧˇ ㄒㄧˊ
體憲,1,ㄊㄧˇ ㄒㄧㄢˋ
體探,1,ㄊㄧˇ ㄊㄢˋ
體改,1,ㄊㄧˇ ㄍㄞˇ
體段,1,ㄊㄧˇ ㄉㄨㄢˋ
體毛,1,ㄊㄧˇ ㄇㄠˊ
體氣,1,ㄊㄧˇ ㄑㄧˋ
體沉,1,ㄊㄧˇ ㄔㄣˊ
體物,1,ㄊㄧˇ ㄨˋ
體癬,1,ㄊㄧˇ ㄒㄧㄢˇ
體知,1,ㄊㄧˇ ㄓ
體究,1,ㄊㄧˇ ㄐㄧㄡˋ
體臭,1,ㄊㄧˇ ㄒㄧㄡˋ
體色,1,ㄊㄧˇ ㄙㄜˋ
體蝨,1,ㄊㄧˇ ㄕ
體行,1,ㄊㄧˇ ㄒㄧㄥˊ
體製,1,ㄊㄧˇ ㄓˋ
體解,1,ㄊㄧˇ ㄐㄧㄝˇ
體訪,1,ㄊㄧˇ ㄈㄤˇ
體詞,1,ㄊㄧˇ ㄘˊ
體語,1,ㄊㄧˇ ㄩˇ
體調,1,ㄊㄧˇ ㄉㄧㄠˋ
體諒,1,ㄊㄧˇ ㄌㄧㄤ˙
髕骨,1,ㄅㄧㄣˋ ㄍㄨˇ
高上,1,ㄍㄠ ㄕㄤˋ
高世,1,ㄍㄠ ㄕˋ
高作,1,ㄍㄠ ㄗㄨㄛˋ
高几,1,ㄍㄠ ㄐㄧ
高功,1,ㄍㄠ ㄍㄨㄥ
高卓,1,ㄍㄠ ㄓㄨㄛˊ
高古,1,ㄍㄠ ㄍㄨˇ
高品,1,ㄍㄠ ㄆㄧㄣˇ
高喚,1,ㄍㄠ ㄏㄨㄢˋ
高壯,1,ㄍㄠ ㄓㄨㄤˋ
高姓,1,ㄍㄠ ㄒㄧㄥˋ
高岡,1,ㄍㄠ ㄍㄤ
高底,1,ㄍㄠ ㄉㄧˇ
高心,1,ㄍㄠ ㄒㄧㄣ
高志,1,ㄍㄠ ㄓˋ
高情,1,ㄍㄠ ㄑㄧㄥˊ
高意,1,ㄍㄠ ㄧˋ
高慢,1,ㄍㄠ ㄇㄢˋ
高房,1,ㄍㄠ ㄈㄤˊ
高抗,1,ㄍㄠ ㄎㄤˋ
高拱,1,ㄍㄠ ㄍㄨㄥˇ
高教,1,ㄍㄠ ㄐㄧㄠˋ
高文,1,ㄍㄠ ㄨㄣˊ
高昇,1,ㄍㄠ ㄕㄥ
高曠,1,ㄍㄠ ㄎㄨㄤˋ
高朋,1,ㄍㄠ ㄆㄥˊ
高朗,1,ㄍㄠ ㄌㄤˇ
高栖,1,ㄍㄠ ㄒㄧ
高根,1,ㄍㄠ ㄍㄣ
高樂,1,ㄍㄠ ㄌㄜˋ
高檔,1,ㄍㄠ ㄉㄤˋ
高牙,1,ㄍㄠ ㄧㄚˊ
高眼,1,ㄍㄠ ㄧㄢˇ
高科,1,ㄍㄠ ㄎㄜ
高第,1,ㄍㄠ ㄉㄧˋ
高胡,1,ㄍㄠ ㄏㄨˊ
高致,1,ㄍㄠ ㄓˋ
高言,1,ㄍㄠ ㄧㄢˊ
高調,1,ㄍㄠ ㄊㄧㄠˊ
高趫,1,ㄍㄠ ㄑㄧㄠˊ
高踞,1,ㄍㄠ ㄐㄩˋ
高蹈,1,ㄍㄠ ㄉㄠˋ
高蹤,1,ㄍㄠ ㄗㄨㄥ
高軒,1,ㄍㄠ ㄒㄩㄢ
高門,1,ㄍㄠ ㄇㄣˊ
高領,1,ㄍㄠ ㄌㄧㄥˇ
高頭,1,ㄍㄠ ㄊㄡ˙
高顴,1,ㄍㄠ ㄑㄩㄢˊ
高颺,1,ㄍㄠ ㄧㄤˊ
高香,1,ㄍㄠ ㄒㄧㄤ
髡殘,1,ㄎㄨㄣ ㄘㄢˊ
髡鉗,1,ㄎㄨㄣ ㄑㄧㄢˊ
髡髮,1,ㄎㄨㄣ ㄈㄚˇ
髣髴,1,ㄈㄤˇ ㄈㄨˊ
髦俊,1,ㄇㄠˊ ㄐㄩㄣˋ
髦士,1,ㄇㄠˊ ㄕˋ
髦彥,1,ㄇㄠˊ ㄧㄢˋ
髦秀,1,ㄇㄠˊ ㄒㄧㄡˋ
髦頭,1,ㄇㄠˊ ㄊㄡˊ
髦髫,1,ㄇㄠˊ ㄊㄧㄠˊ
髫辮,1,ㄊㄧㄠˊ ㄅㄧㄢˋ
髫齡,1,ㄊㄧㄠˊ ㄌㄧㄥˊ
髮乳,1,ㄈㄚˇ ㄖㄨˇ
髮匪,1,ㄈㄚˇ ㄈㄟˇ
髮屋,1,ㄈㄚˇ ㄨ
髮漂,1,ㄈㄚˇ ㄆㄧㄠ
髮癬,1,ㄈㄚˇ ㄒㄧㄢˇ
髮禁,1,ㄈㄚˇ ㄐㄧㄣˋ
髮箋,1,ㄈㄚˇ ㄐㄧㄢ
髮紗,1,ㄈㄚˇ ㄕㄚ
髮腳,1,ㄈㄚˇ ㄐㄧㄠˇ
髮釵,1,ㄈㄚˇ ㄔㄞ
髮雕,1,ㄈㄚˇ ㄉㄧㄠ
髯口,1,ㄖㄢˊ ㄎㄡ˙
髯毛,1,ㄖㄢˊ ㄇㄠˊ
髯蛇,1,ㄖㄢˊ ㄕㄜˊ
髹工,1,ㄒㄧㄡ ㄍㄨㄥ
髻子,1,ㄐㄧˋ ㄗ˙
髼鬆,1,ㄆㄥˊ ㄙㄨㄥ
髽髻,1,ㄓㄨㄚ ㄐㄧ˙
髿髿,1,ㄙㄨㄛ ㄙㄨㄛ
鬄鬄,1,ㄊㄧˋ ㄊㄧˋ
鬅頭,1,ㄆㄥˊ ㄊㄡˊ
鬅鬙,1,ㄆㄥˊ ㄙㄥ
鬆寬,1,ㄙㄨㄥ ㄎㄨㄢ
鬆快,1,ㄙㄨㄥ ㄎㄨㄞ˙
鬆氣,1,ㄙㄨㄥ ㄑㄧˋ
鬆通,1,ㄙㄨㄥ ㄊㄨㄥ˙
鬇鬡,1,ㄓㄥ ㄋㄧㄥˊ
鬍匪,1,ㄏㄨˊ ㄈㄟˇ
鬑鬑,1,ㄌㄧㄢˊ ㄌㄧㄢˊ
鬒髮,1,ㄓㄣˇ ㄈㄚˇ
鬒黑,1,ㄓㄣˇ ㄏㄟ
鬖髿,1,ㄙㄢ ㄙㄨㄛ
鬖鬖,1,ㄙㄢ ㄙㄢ
鬚子,1,ㄒㄩ ㄗ˙
鬢絲,1,ㄅㄧㄣˋ ㄙ
鬢脣,1,ㄅㄧㄣˋ ㄔㄨㄣˊ
鬢雲,1,ㄅㄧㄣˋ ㄩㄣˊ
鬣蜥,1,ㄌㄧㄝˋ ㄒㄧ
鬥力,1,ㄉㄡˋ ㄌㄧˋ
鬥合,1,ㄉㄡˋ ㄏㄜˊ
鬥富,1,ㄉㄡˋ ㄈㄨˋ
鬥巧,1,ㄉㄡˋ ㄑㄧㄠˇ
鬥引,1,ㄉㄡˋ ㄧㄣˇ
鬥彩,1,ㄉㄡˋ ㄘㄞˇ
鬥很,1,ㄉㄡˋ ㄏㄣˇ
鬥打,1,ㄉㄡˋ ㄉㄚˇ
鬥文,1,ㄉㄡˋ ㄨㄣˊ
鬥暴,1,ㄉㄡˋ ㄅㄠˋ
鬥武,1,ㄉㄡˋ ㄨˇ
鬥牌,1,ㄉㄡˋ ㄆㄞˊ
鬥犬,1,ㄉㄡˋ ㄑㄩㄢˇ
鬥疊,1,ㄉㄡˋ ㄉㄧㄝˊ
鬥腳,1,ㄉㄡˋ ㄐㄧㄠˇ
鬥艦,1,ㄉㄡˋ ㄐㄧㄢˋ
鬥茶,1,ㄉㄡˋ ㄔㄚˊ
鬥話,1,ㄉㄡˋ ㄏㄨㄚˋ
鬥趣,1,ㄉㄡˋ ㄑㄩˋ
鬥頭,1,ㄉㄡˋ ㄊㄡˊ
鬥風,1,ㄉㄡˋ ㄈㄥ
鬥飣,1,ㄉㄡˋ ㄉㄧㄥˋ
鬥鬨,1,ㄉㄡˋ ㄏㄨㄥˋ
鬥鴨,1,ㄉㄡˋ ㄧㄚ
鬥麗,1,ㄉㄡˋ ㄌㄧˋ
鬧動,1,ㄋㄠˋ ㄉㄨㄥˋ
鬧娥,1,ㄋㄠˋ ㄜˊ
鬧忙,1,ㄋㄠˋ ㄇㄤˊ
鬧攘,1,ㄋㄠˋ ㄖㄤˇ
鬧架,1,ㄋㄠˋ ㄐㄧㄚˋ
鬧油,1,ㄋㄠˋ ㄧㄡˊ
鬧災,1,ㄋㄠˋ ㄗㄞ
鬧炒,1,ㄋㄠˋ ㄔㄠˇ
鬧聲,1,ㄋㄠˋ ㄕㄥ
鬧臺,1,ㄋㄠˋ ㄊㄞˊ
鬧荒,1,ㄋㄠˋ ㄏㄨㄤ
鬧虛,1,ㄋㄠˋ ㄒㄩ
鬧裝,1,ㄋㄠˋ ㄓㄨㄤ
鬧賊,1,ㄋㄠˋ ㄗㄟˊ
鬧酒,1,ㄋㄠˋ ㄐㄧㄡˇ
鬧錯,1,ㄋㄠˋ ㄘㄨㄛˋ
鬧騰,1,ㄋㄠˋ ㄊㄥ˙
鬧鬨,1,ㄋㄠˋ ㄏㄨㄥ˙
鬧魔,1,ㄋㄠˋ ㄇㄛˊ
鬨動,1,ㄏㄨㄥˋ ㄉㄨㄥˋ
鬨夥,1,ㄏㄨㄥˋ ㄏㄨㄛˇ
鬨然,1,ㄏㄨㄥˋ ㄖㄢˊ
鬱伊,1,ㄩˋ ㄧ
鬱勃,1,ㄩˋ ㄅㄛˊ
鬱壘,1,ㄩˋ ㄌㄩˋ
鬱律,1,ㄩˋ ㄌㄩˋ
鬱江,1,ㄩˋ ㄐㄧㄤ
鬱泱,1,ㄩˋ ㄧㄤ
鬱火,1,ㄩˋ ㄏㄨㄛˇ
鬱熱,1,ㄩˋ ㄖㄜˋ
鬱燠,1,ㄩˋ ㄩˋ
鬱症,1,ㄩˋ ㄓㄥˋ
鬱紆,1,ㄩˋ ㄩ
鬱蒸,1,ㄩˋ ㄓㄥ
鬱蓊,1,ㄩˋ ㄨㄥˇ
鬱血,1,ㄩˋ ㄒㄧㄝˇ
鬱邑,1,ㄩˋ ㄧˋ
鬱陶,1,ㄩˋ ㄊㄠˊ
鬻子,1,ㄩˋ ㄗˇ
鬻德,1,ㄩˋ ㄉㄜˊ
鬻文,1,ㄩˋ ㄨㄣˊ
鬻歌,1,ㄩˋ ㄍㄜ
鬻獄,1,ㄩˋ ㄩˋ
鬼串,1,ㄍㄨㄟˇ ㄔㄨㄢˋ
鬼亂,1,ㄍㄨㄟˇ ㄌㄨㄢˋ
鬼力,1,ㄍㄨㄟˇ ㄌㄧˋ
鬼卒,1,ㄍㄨㄟˇ ㄗㄨˊ
鬼名,1,ㄍㄨㄟˇ ㄇㄧㄥˊ
鬼域,1,ㄍㄨㄟˇ ㄩˋ
鬼工,1,ㄍㄨㄟˇ ㄍㄨㄥ
鬼弄,1,ㄍㄨㄟˇ ㄋㄨㄥˋ
鬼影,1,ㄍㄨㄟˇ ㄧㄥˇ
鬼慌,1,ㄍㄨㄟˇ ㄏㄨㄤ
鬼擊,1,ㄍㄨㄟˇ ㄐㄧˊ
鬼斧,1,ㄍㄨㄟˇ ㄈㄨˇ
鬼方,1,ㄍㄨㄟˇ ㄈㄤ
鬼母,1,ㄍㄨㄟˇ ㄇㄨˇ
鬼燐,1,ㄍㄨㄟˇ ㄌㄧㄣˊ
鬼牌,1,ㄍㄨㄟˇ ㄆㄞˊ
鬼狐,1,ㄍㄨㄟˇ ㄏㄨˊ
鬼病,1,ㄍㄨㄟˇ ㄅㄧㄥˋ
鬼筆,1,ㄍㄨㄟˇ ㄅㄧˇ
鬼精,1,ㄍㄨㄟˇ ㄐㄧㄥ
鬼薪,1,ㄍㄨㄟˇ ㄒㄧㄣ
鬼諢,1,ㄍㄨㄟˇ ㄏㄨㄣˋ
鬼質,1,ㄍㄨㄟˇ ㄓˊ
鬼道,1,ㄍㄨㄟˇ ㄉㄠˋ
鬼錄,1,ㄍㄨㄟˇ ㄌㄨˋ
鬼雄,1,ㄍㄨㄟˇ ㄒㄩㄥˊ
鬼靈,1,ㄍㄨㄟˇ ㄌㄧㄥˊ
鬼頭,1,ㄍㄨㄟˇ ㄊㄡ˙
魁堆,1,ㄎㄨㄟˊ ㄉㄨㄟ
魁壘,1,ㄎㄨㄟˊ ㄌㄟˇ
魁士,1,ㄎㄨㄟˊ ㄕˋ
魁岸,1,ㄎㄨㄟˊ ㄢˋ
魁手,1,ㄎㄨㄟˊ ㄕㄡˇ
魁柄,1,ㄎㄨㄟˊ ㄅㄧㄥˇ
魁甲,1,ㄎㄨㄟˊ ㄐㄧㄚˇ
魁頭,1,ㄎㄨㄟˊ ㄊㄡˊ
魂子,1,ㄏㄨㄣˊ ㄗ˙
魂衣,1,ㄏㄨㄣˊ ㄧ
魂魂,1,ㄏㄨㄣˊ ㄏㄨㄣˊ
魄動,1,ㄆㄛˋ ㄉㄨㄥˋ
魆地,1,ㄒㄩˋ ㄉㄧˋ
魆魆,1,ㄒㄩˋ ㄒㄩˋ
魆黑,1,ㄒㄩˋ ㄏㄟ
魏然,1,ㄨㄟˊ ㄖㄢˊ
魔媼,1,ㄇㄛˊ ㄠˇ
魔山,1,ㄇㄛˊ ㄕㄢ
魔念,1,ㄇㄛˊ ㄋㄧㄢˋ
魔怔,1,ㄇㄛˊ ㄓㄥ
魔怪,1,ㄇㄛˊ ㄍㄨㄞˋ
魔意,1,ㄇㄛˊ ㄧˋ
魔手,1,ㄇㄛˊ ㄕㄡˇ
魔數,1,ㄇㄛˊ ㄕㄨˋ
魔方,1,ㄇㄛˊ ㄈㄤ
魔星,1,ㄇㄛˊ ㄒㄧㄥ
魔板,1,ㄇㄛˊ ㄅㄢˇ
魔棍,1,ㄇㄛˊ ㄍㄨㄣˋ
魔爪,1,ㄇㄛˊ ㄓㄨㄚˇ
魔羅,1,ㄇㄛˊ ㄌㄨㄛˊ
魔難,1,ㄇㄛˊ ㄋㄢˋ
魔頭,1,ㄇㄛˊ ㄊㄡˊ
魔駝,1,ㄇㄛˊ ㄊㄨㄛˊ
魘樣,1,ㄧㄢˇ ㄧㄤˋ
魘禳,1,ㄧㄢˇ ㄖㄤˊ
魚伯,1,ㄩˊ ㄅㄛˊ
魚信,1,ㄩˊ ㄒㄧㄣˋ
魚刀,1,ㄩˊ ㄉㄠ
魚口,1,ㄩˊ ㄎㄡˇ
魚塭,1,ㄩˊ ㄨㄣ
魚封,1,ㄩˊ ㄈㄥ
魚拓,1,ㄩˊ ㄊㄚˋ
魚書,1,ㄩˊ ㄕㄨ
魚服,1,ㄩˊ ㄈㄨˊ
魚木,1,ㄩˊ ㄇㄨˋ
魚板,1,ㄩˊ ㄅㄢˇ
魚梁,1,ㄩˊ ㄌㄧㄤˊ
魚梯,1,ㄩˊ ㄊㄧ
魚樂,1,ㄩˊ ㄌㄜˋ
魚沉,1,ㄩˊ ㄔㄣˊ
魚漂,1,ㄩˊ ㄆㄧㄠ
魚爛,1,ㄩˊ ㄌㄢˋ
魚白,1,ㄩˊ ㄅㄞˊ
魚眼,1,ㄩˊ ㄧㄢˇ
魚符,1,ㄩˊ ㄈㄨˊ
魚笱,1,ㄩˊ ㄍㄡˇ
魚箋,1,ㄩˊ ㄐㄧㄢ
魚粕,1,ㄩˊ ㄆㄛˋ
魚紋,1,ㄩˊ ㄨㄣˊ
魚線,1,ㄩˊ ㄒㄧㄢˋ
魚繭,1,ㄩˊ ㄐㄧㄢˇ
魚罟,1,ㄩˊ ㄍㄨˇ
魚肚,1,ㄩˊ ㄉㄨˇ
魚肥,1,ㄩˊ ㄈㄟˊ
魚脣,1,ㄩˊ ㄔㄨㄣˊ
魚藤,1,ㄩˊ ㄊㄥˊ
魚藻,1,ㄩˊ ㄗㄠˇ
魚虎,1,ㄩˊ ㄏㄨˇ
魚蝨,1,ㄩˊ ㄕ
魚蟲,1,ㄩˊ ㄔㄨㄥˊ
魚袋,1,ㄩˊ ㄉㄞˋ
魚鮓,1,ㄩˊ ㄓㄚˇ
魚鮮,1,ㄩˊ ㄒㄧㄢ
魚鳥,1,ㄩˊ ㄋㄧㄠˇ
魚鷹,1,ㄩˊ ㄧㄥ
魚麗,1,ㄩˊ ㄌㄧˋ
魚鼓,1,ㄩˊ ㄍㄨˇ
魚龍,1,ㄩˊ ㄌㄨㄥˊ
魭斷,1,ㄨㄢˇ ㄉㄨㄢˋ
魯人,1,ㄌㄨˇ ㄖㄣˊ
魯禽,1,ㄌㄨˇ ㄑㄧㄣˊ
魯般,1,ㄌㄨˇ ㄅㄢ
魯詩,1,ㄌㄨˇ ㄕ
魯論,1,ㄌㄨˇ ㄌㄨㄣˊ
魯連,1,ㄌㄨˇ ㄌㄧㄢˊ
魯酒,1,ㄌㄨˇ ㄐㄧㄡˇ
魯頌,1,ㄌㄨˇ ㄙㄨㄥˋ
魯館,1,ㄌㄨˇ ㄍㄨㄢˇ
鮐背,1,ㄊㄞˊ ㄅㄟˋ
鮑人,1,ㄅㄠˋ ㄖㄣˊ
鮑焦,1,ㄅㄠˋ ㄐㄧㄠ
鮑老,1,ㄅㄠˋ ㄌㄠˇ
鮑肆,1,ㄅㄠˋ ㄙˋ
鮑螺,1,ㄅㄠˋ ㄌㄨㄛˊ
鮑超,1,ㄅㄠˋ ㄔㄠ
鮒魚,1,ㄈㄨˋ ㄩˊ
鮓肉,1,ㄓㄚˇ ㄖㄡˋ
鮓醬,1,ㄓㄚˇ ㄐㄧㄤˋ
鮟鱇,1,ㄢˋ ㄎㄤ
鮫人,1,ㄐㄧㄠ ㄖㄣˊ
鮫函,1,ㄐㄧㄠ ㄏㄢˊ
鮫綃,1,ㄐㄧㄠ ㄒㄧㄠ
鮭目,1,ㄍㄨㄟ ㄇㄨˋ
鮭菜,1,ㄒㄧㄝˊ ㄘㄞˋ
鮮榮,1,ㄒㄧㄢ ㄖㄨㄥˊ
鮮民,1,ㄒㄧㄢˇ ㄇㄧㄣˊ
鮮潤,1,ㄒㄧㄢ ㄖㄨㄣˋ
鮮貨,1,ㄒㄧㄢ ㄏㄨㄛˋ
鮮飾,1,ㄒㄧㄢ ㄕˋ
鯁住,1,ㄍㄥˇ ㄓㄨˋ
鯉庭,1,ㄌㄧˇ ㄊㄧㄥˊ
鯗蠹,1,ㄒㄧㄤˇ ㄉㄨˋ
鯗魚,1,ㄒㄧㄤˇ ㄩˊ
鯢魚,1,ㄋㄧˊ ㄩˊ
鯢鮒,1,ㄋㄧˊ ㄈㄨˋ
鯤鯓,1,ㄎㄨㄣ ㄕㄣ
鯨波,1,ㄐㄧㄥ ㄅㄛ
鯨蠟,1,ㄐㄧㄥ ㄌㄚˋ
鯨音,1,ㄐㄧㄥ ㄧㄣ
鯨鯢,1,ㄐㄧㄥ ㄋㄧˊ
鯫生,1,ㄗㄡ ㄕㄥ
鯽溜,1,ㄐㄧˋ ㄌㄧㄡ
鯽跳,1,ㄐㄧˋ ㄊㄧㄠˋ
鰉魚,1,ㄏㄨㄤˊ ㄩˊ
鰒魚,1,ㄈㄨˋ ㄩˊ
鰓葉,1,ㄙㄞ ㄧㄝˋ
鰓蓋,1,ㄙㄞ ㄍㄞˋ
鰓蝨,1,ㄙㄞ ㄕ
鰓鰓,1,ㄒㄧˇ ㄒㄧˇ
鰥守,1,ㄍㄨㄢ ㄕㄡˇ
鰥曠,1,ㄍㄨㄢ ㄎㄨㄤˋ
鰥鰥,1,ㄍㄨㄢ ㄍㄨㄢ
鰭刺,1,ㄑㄧˊ ㄘˋ
鰻精,1,ㄇㄢˊ ㄐㄧㄥ
鱄魚,1,ㄓㄨㄢ ㄩˊ
鱉悶,1,ㄅㄧㄝ ㄇㄣˋ
鱉懆,1,ㄅㄧㄝ ㄘㄠˇ
鱉煞,1,ㄅㄧㄝ ㄕㄚˋ
鱉燥,1,ㄅㄧㄝ ㄗㄠˋ
鱉爪,1,ㄅㄧㄝ ㄓㄠˇ
鱉裙,1,ㄅㄧㄝ ㄑㄩㄣˊ
鱉鳥,1,ㄅㄧㄝ ㄋㄧㄠˇ
鱍鱍,1,ㄅㄛ ㄅㄛ
鱖魚,1,ㄍㄨㄟˋ ㄩˊ
鱗比,1,ㄌㄧㄣˊ ㄅㄧˋ
鱗波,1,ㄌㄧㄣˊ ㄅㄛ
鱗淪,1,ㄌㄧㄣˊ ㄌㄨㄣˊ
鱗游,1,ㄌㄧㄣˊ ㄧㄡˊ
鱗紋,1,ㄌㄧㄣˊ ㄨㄣˊ
鱗萃,1,ㄌㄧㄣˊ ㄘㄨㄟˋ
鱗蟲,1,ㄌㄧㄣˊ ㄔㄨㄥˊ
鱗被,1,ㄌㄧㄣˊ ㄅㄟˋ
鱗鱗,1,ㄌㄧㄣˊ ㄌㄧㄣˊ
鱗鴻,1,ㄌㄧㄣˊ ㄏㄨㄥˊ
鱟帆,1,ㄏㄡˋ ㄈㄢˊ
鱟科,1,ㄏㄡˋ ㄎㄜ
鱣堂,1,ㄕㄢˋ ㄊㄤˊ
鱣舍,1,ㄕㄢˋ ㄕㄜˋ
鱧腸,1,ㄌㄧˇ ㄔㄤˊ
鱷溪,1,ㄜˋ ㄒㄧ
鱸鱠,1,ㄌㄨˊ ㄎㄨㄞˋ
鳥人,1,ㄉㄧㄠˇ ㄖㄣˊ
鳥信,1,ㄋㄧㄠˇ ㄒㄧㄣˋ
鳥卜,1,ㄋㄧㄠˇ ㄅㄨˇ
鳥喙,1,ㄋㄧㄠˇ ㄏㄨㄟˋ
鳥囀,1,ㄋㄧㄠˇ ㄓㄨㄢˇ
鳥夷,1,ㄋㄧㄠˇ ㄧˊ
鳥庭,1,ㄋㄧㄠˇ ㄊㄧㄥˊ
鳥房,1,ㄋㄧㄠˇ ㄈㄤˊ
鳥散,1,ㄋㄧㄠˇ ㄙㄢˋ
鳥梨,1,ㄋㄧㄠˇ ㄌㄧˊ
鳥王,1,ㄋㄧㄠˇ ㄨㄤˊ
鳥篆,1,ㄋㄧㄠˇ ㄓㄨㄢˋ
鳥紋,1,ㄋㄧㄠˇ ㄨㄣˊ
鳥舉,1,ㄋㄧㄠˇ ㄐㄩˇ
鳥葬,1,ㄋㄧㄠˇ ㄗㄤˋ
鳥道,1,ㄋㄧㄠˇ ㄉㄠˋ
鳥銃,1,ㄋㄧㄠˇ ㄔㄨㄥˋ
鳥食,1,ㄋㄧㄠˇ ㄕˊ
鳧乙,1,ㄈㄨˊ ㄧˇ
鳧舄,1,ㄈㄨˊ ㄒㄧˋ
鳧茈,1,ㄈㄨˊ ㄘˊ
鳧茨,1,ㄈㄨˊ ㄘˊ
鳧葵,1,ㄈㄨˊ ㄎㄨㄟˊ
鳧藻,1,ㄈㄨˊ ㄗㄠˇ
鳧趨,1,ㄈㄨˊ ㄑㄩ
鳧雁,1,ㄈㄨˊ ㄧㄢˋ
鳧鷖,1,ㄈㄨˊ ㄧ
鳩居,1,ㄐㄧㄡ ㄐㄩ
鳩工,1,ㄐㄧㄡ ㄍㄨㄥ
鳩拙,1,ㄐㄧㄡ ㄓㄨㄛˊ
鳩斂,1,ㄐㄧㄡ ㄌㄧㄢˋ
鳩杖,1,ㄐㄧㄡ ㄓㄤˋ
鳩率,1,ㄐㄧㄡ ㄕㄨㄞˋ
鳲鳩,1,ㄕ ㄐㄧㄡ
鳳冠,1,ㄈㄥˋ ㄍㄨㄢ
鳳占,1,ㄈㄥˋ ㄓㄢ
鳳友,1,ㄈㄥˋ ㄧㄡˇ
鳳吹,1,ㄈㄥˋ ㄔㄨㄟˋ
鳳城,1,ㄈㄥˋ ㄔㄥˊ
鳳奩,1,ㄈㄥˋ ㄌㄧㄢˊ
鳳姐,1,ㄈㄥˋ ㄐㄧㄝˇ
鳳子,1,ㄈㄥˋ ㄗ˙
鳳毛,1,ㄈㄥˋ ㄇㄠˊ
鳳池,1,ㄈㄥˋ ㄔˊ
鳳目,1,ㄈㄥˋ ㄇㄨˋ
鳳穴,1,ㄈㄥˋ ㄒㄩㄝˋ
鳳笙,1,ㄈㄥˋ ㄕㄥ
鳳簪,1,ㄈㄥˋ ㄗㄢ
鳳簫,1,ㄈㄥˋ ㄒㄧㄠ
鳳紙,1,ㄈㄥˋ ㄓˇ
鳳翹,1,ㄈㄥˋ ㄑㄧㄠˊ
鳳舄,1,ㄈㄥˋ ㄒㄧˋ
鳳舉,1,ㄈㄥˋ ㄐㄩˇ
鳳蓋,1,ㄈㄥˋ ㄍㄞˋ
鳳藻,1,ㄈㄥˋ ㄗㄠˇ
鳳詔,1,ㄈㄥˋ ㄓㄠˋ
鳳邸,1,ㄈㄥˋ ㄉㄧˇ
鳳釵,1,ㄈㄥˋ ㄔㄞ
鳳閣,1,ㄈㄥˋ ㄍㄜˊ
鳳闕,1,ㄈㄥˋ ㄑㄩㄝˋ
鳴唱,1,ㄇㄧㄥˊ ㄔㄤˋ
鳴器,1,ㄇㄧㄥˊ ㄑㄧˋ
鳴噪,1,ㄇㄧㄥˊ ㄗㄠˋ
鳴彈,1,ㄇㄧㄥˊ ㄊㄢˊ
鳴條,1,ㄇㄧㄥˊ ㄊㄧㄠˊ
鳴榔,1,ㄇㄧㄥˊ ㄌㄤˊ
鳴沙,1,ㄇㄧㄥˊ ㄕㄚ
鳴玉,1,ㄇㄧㄥˊ ㄩˋ
鳴蜩,1,ㄇㄧㄥˊ ㄊㄧㄠˊ
鳴謝,1,ㄇㄧㄥˊ ㄒㄧㄝˋ
鳴鏑,1,ㄇㄧㄥˊ ㄉㄧˊ
鳴鐘,1,ㄇㄧㄥˊ ㄓㄨㄥ
鳴鞘,1,ㄇㄧㄥˊ ㄑㄧㄠˋ
鳴鞭,1,ㄇㄧㄥˊ ㄅㄧㄢ
鳴騶,1,ㄇㄧㄥˊ ㄗㄡ
鳴鳩,1,ㄇㄧㄥˊ ㄐㄧㄡ
鳶尾,1,ㄩㄢ ㄨㄟˇ
鳶形,1,ㄩㄢ ㄒㄧㄥˊ
鳷鵲,1,ㄓ ㄑㄩㄝˋ
鴆害,1,ㄓㄣˋ ㄏㄞˋ
鴆殺,1,ㄓㄣˋ ㄕㄚ
鴆毒,1,ㄓㄣˋ ㄉㄨˊ
鴆湯,1,ㄓㄣˋ ㄊㄤ
鴇子,1,ㄅㄠˇ ㄗ˙
鴇羽,1,ㄅㄠˇ ㄩˇ
鴇鳥,1,ㄅㄠˇ ㄋㄧㄠˇ
鴈序,1,ㄧㄢˋ ㄒㄩˋ
鴉舅,1,ㄧㄚ ㄐㄧㄡˋ
鴉鬟,1,ㄧㄚ ㄏㄨㄢˊ
鴉黃,1,ㄧㄚ ㄏㄨㄤˊ
鴒原,1,ㄌㄧㄥˊ ㄩㄢˊ
鴛行,1,ㄩㄢ ㄏㄤˊ
鴛衾,1,ㄩㄢ ㄑㄧㄣ
鴛鷺,1,ㄩㄢ ㄌㄨˋ
鴝鵒,1,ㄑㄩˊ ㄩˋ
鴞炙,1,ㄒㄧㄠ ㄓˋ
鴟吻,1,ㄔ ㄨㄣˇ
鴟嚇,1,ㄔ ㄏㄜˋ
鴟夷,1,ㄔ ㄧˊ
鴟峙,1,ㄔ ㄓˋ
鴟張,1,ㄔ ㄓㄤ
鴟梟,1,ㄔ ㄒㄧㄠ
鴟甍,1,ㄔ ㄇㄥˊ
鴟視,1,ㄔ ㄕˋ
鴟蹲,1,ㄔ ㄘㄨㄣˊ
鴟顧,1,ㄔ ㄍㄨˋ
鴨信,1,ㄧㄚ ㄒㄧㄣˋ
鴨條,1,ㄧㄚ ㄊㄧㄠˊ
鴨瘟,1,ㄧㄚ ㄨㄣ
鴨票,1,ㄧㄚ ㄆㄧㄠˋ
鴨黃,1,ㄧㄚ ㄏㄨㄤˊ
鴳雀,1,ㄧㄢˋ ㄑㄩㄝˋ
鴻儀,1,ㄏㄨㄥˊ ㄧˊ
鴻名,1,ㄏㄨㄥˊ ㄇㄧㄥˊ
鴻嗷,1,ㄏㄨㄥˊ ㄠˊ
鴻均,1,ㄏㄨㄥˊ ㄐㄩㄣ
鴻案,1,ㄏㄨㄥˊ ㄢˋ
鴻洞,1,ㄏㄨㄥˊ ㄊㄨㄥˊ
鴻烈,1,ㄏㄨㄥˊ ㄌㄧㄝˋ
鴻爪,1,ㄏㄨㄥˊ ㄓㄠˇ
鴻猷,1,ㄏㄨㄥˊ ㄧㄡˊ
鴻禧,1,ㄏㄨㄥˊ ㄒㄧ
鴻私,1,ㄏㄨㄥˊ ㄙ
鴻筆,1,ㄏㄨㄥˊ ㄅㄧˇ
鴻緒,1,ㄏㄨㄥˊ ㄒㄩˋ
鴻臚,1,ㄏㄨㄥˊ ㄌㄨˊ
鴻蒙,1,ㄏㄨㄥˊ ㄇㄥˊ
鴻藻,1,ㄏㄨㄥˊ ㄗㄠˇ
鴻裁,1,ㄏㄨㄥˊ ㄘㄞˊ
鴻都,1,ㄏㄨㄥˊ ㄉㄨ
鴻門,1,ㄏㄨㄥˊ ㄇㄣˊ
鴻飛,1,ㄏㄨㄥˊ ㄈㄟ
鴻鴈,1,ㄏㄨㄥˊ ㄧㄢˋ
鴾母,1,ㄇㄡˊ ㄇㄨˇ
鴿市,1,ㄍㄜ ㄕˋ
鴿樓,1,ㄍㄜ ㄌㄡˊ
鵁鶄,1,ㄐㄧㄠ ㄐㄧㄥ
鵂鶹,1,ㄒㄧㄡ ㄌㄧㄡˊ
鵓角,1,ㄅㄛˊ ㄐㄧㄠˇ
鵓鴣,1,ㄅㄛˊ ㄍㄨ
鵝梨,1,ㄜˊ ㄌㄧˊ
鵝池,1,ㄜˊ ㄔˊ
鵝湖,1,ㄜˊ ㄏㄨˊ
鵝準,1,ㄜˊ ㄓㄨㄣˇ
鵝素,1,ㄜˊ ㄙㄨˋ
鵝脂,1,ㄜˊ ㄓ
鵝鸛,1,ㄜˊ ㄍㄨㄢˋ
鵠侍,1,ㄏㄨˊ ㄕˋ
鵠候,1,ㄏㄨˊ ㄏㄡˋ
鵠望,1,ㄏㄨˊ ㄨㄤˋ
鵠的,1,ㄍㄨˇ ㄉㄧˋ
鵠面,1,ㄏㄨˊ ㄇㄧㄢˋ
鵠髮,1,ㄏㄨˊ ㄈㄚˇ
鵧鷑,1,ㄆㄧㄥˊ ㄌㄧˋ
鵬圖,1,ㄆㄥˊ ㄊㄨˊ
鵬摶,1,ㄆㄥˊ ㄊㄨㄢˊ
鵬鯤,1,ㄆㄥˊ ㄎㄨㄣ
鵬鷃,1,ㄆㄥˊ ㄧㄢˋ
鵯鵊,1,ㄅㄟ ㄐㄧㄚˊ
鵯鶋,1,ㄅㄟ ㄐㄩ
鵰鶚,1,ㄉㄧㄠ ㄜˋ
鵲印,1,ㄑㄩㄝˋ ㄧㄣˋ
鵲噪,1,ㄑㄩㄝˋ ㄗㄠˋ
鵲語,1,ㄑㄩㄝˋ ㄩˇ
鵷行,1,ㄩㄢ ㄏㄤˊ
鵷雛,1,ㄩㄢ ㄔㄨˊ
鵷鷺,1,ㄩㄢ ㄌㄨˋ
鶂鶂,1,ㄧˋ ㄧˋ
鶉尾,1,ㄔㄨㄣˊ ㄨㄟˇ
鶉服,1,ㄔㄨㄣˊ ㄈㄨˊ
鶉火,1,ㄔㄨㄣˊ ㄏㄨㄛˇ
鶉結,1,ㄔㄨㄣˊ ㄐㄧㄝˊ
鶉首,1,ㄔㄨㄣˊ ㄕㄡˇ
鶉鳥,1,ㄔㄨㄣˊ ㄋㄧㄠˇ
鶗鴃,1,ㄊㄧˊ ㄐㄩㄝˊ
鶚薦,1,ㄜˋ ㄐㄧㄢˋ
鶚視,1,ㄜˋ ㄕˋ
鶚顧,1,ㄜˋ ㄍㄨˋ
鶡冠,1,ㄏㄜˊ ㄍㄨㄢ
鶡旦,1,ㄏㄜˊ ㄉㄢˋ
鶢鶋,1,ㄩㄢˊ ㄐㄩ
鶩舲,1,ㄨˋ ㄌㄧㄥˊ
鶬鴰,1,ㄘㄤ ㄍㄨㄚ
鶬鶊,1,ㄘㄤ ㄍㄥ
鶬鶬,1,ㄘㄤ ㄘㄤ
鶯啼,1,ㄧㄥ ㄊㄧˊ
鶯梭,1,ㄧㄥ ㄙㄨㄛ
鶯燕,1,ㄧㄥ ㄧㄢˋ
鶯粉,1,ㄧㄥ ㄈㄣˇ
鶯花,1,ㄧㄥ ㄏㄨㄚ
鶯遷,1,ㄧㄥ ㄑㄧㄢ
鶴企,1,ㄏㄜˋ ㄑㄧˋ
鶴俸,1,ㄏㄜˋ ㄈㄥˋ
鶴列,1,ㄏㄜˋ ㄌㄧㄝˋ
鶴壽,1,ㄏㄜˋ ㄕㄡˋ
鶴宮,1,ㄏㄜˋ ㄍㄨㄥ
鶴岡,1,ㄏㄜˋ ㄍㄤ
鶴弔,1,ㄏㄜˋ ㄉㄧㄠˋ
鶴書,1,ㄏㄜˋ ㄕㄨ
鶴望,1,ㄏㄜˋ ㄨㄤˋ
鶴板,1,ㄏㄜˋ ㄅㄢˇ
鶴林,1,ㄏㄜˋ ㄌㄧㄣˊ
鶴步,1,ㄏㄜˋ ㄅㄨˋ
鶴氅,1,ㄏㄜˋ ㄔㄤˇ
鶴神,1,ㄏㄜˋ ㄕㄣˊ
鶴禁,1,ㄏㄜˋ ㄐㄧㄣˋ
鶴科,1,ㄏㄜˋ ㄎㄜ
鶴膝,1,ㄏㄜˋ ㄒㄧ
鶴舞,1,ㄏㄜˋ ㄨˇ
鶴觴,1,ㄏㄜˋ ㄕㄤ
鶴警,1,ㄏㄜˋ ㄐㄧㄥˇ
鶴馭,1,ㄏㄜˋ ㄩˋ
鶴駕,1,ㄏㄜˋ ㄐㄧㄚˋ
鶴鳴,1,ㄏㄜˋ ㄇㄧㄥˊ
鶴鶴,1,ㄏㄜˋ ㄏㄜˋ
鶴齡,1,ㄏㄜˋ ㄌㄧㄥˊ
鶹鷅,1,ㄌㄧㄡˊ ㄌㄧˋ
鶻鳩,1,ㄍㄨˇ ㄐㄧㄡ
鶻鵃,1,ㄍㄨˇ ㄓㄡ
鶼鶼,1,ㄐㄧㄢ ㄐㄧㄢ
鷂魚,1,ㄧㄠˋ ㄩˊ
鷂鷹,1,ㄧㄠˋ ㄧㄥ
鷃鵬,1,ㄧㄢˋ ㄆㄥˊ
鷇食,1,ㄎㄡˋ ㄕˊ
鷗盟,1,ㄡ ㄇㄥˊ
鷙悍,1,ㄓˋ ㄏㄢˋ
鷙蟲,1,ㄓˋ ㄔㄨㄥˊ
鷦鷯,1,ㄐㄧㄠ ㄌㄧㄠˊ
鷩冕,1,ㄅㄧˋ ㄇㄧㄢˇ
鷩衣,1,ㄅㄧˋ ㄧ
鷫鷞,1,ㄙㄨˋ ㄕㄨㄤ
鷯鶉,1,ㄌㄧㄠˊ ㄔㄨㄣˊ
鷲山,1,ㄐㄧㄡˋ ㄕㄢ
鷲嶺,1,ㄐㄧㄡˋ ㄌㄧㄥˇ
鷸冠,1,ㄩˋ ㄍㄨㄢ
鷸鴕,1,ㄩˋ ㄊㄨㄛˊ
鷹師,1,ㄧㄥ ㄕ
鷹洋,1,ㄧㄥ ㄧㄤˊ
鷹視,1,ㄧㄥ ㄕˋ
鷹鸇,1,ㄧㄥ ㄓㄢ
鷺翿,1,ㄌㄨˋ ㄉㄠˋ
鷿鵜,1,ㄆㄧˋ ㄊㄧˊ
鷿鷈,1,ㄆㄧˋ ㄊㄧˊ
鸂鶒,1,ㄒㄧ ㄔˋ
鸐雉,1,ㄉㄧˊ ㄓˋ
鸑鷟,1,ㄩㄝˋ ㄓㄨㄛˊ
鸚哥,1,ㄧㄥ ㄍㄜ
鸛骨,1,ㄍㄨㄢˋ ㄍㄨˇ
鸝黃,1,ㄌㄧˊ ㄏㄨㄤˊ
鸞刀,1,ㄌㄨㄢˊ ㄉㄠ
鸞和,1,ㄌㄨㄢˊ ㄏㄜˊ
鸞皇,1,ㄌㄨㄢˊ ㄏㄨㄤˊ
鸞箋,1,ㄌㄨㄢˊ ㄐㄧㄢ
鸞膠,1,ㄌㄨㄢˊ ㄐㄧㄠ
鸞路,1,ㄌㄨㄢˊ ㄌㄨˋ
鸞車,1,ㄌㄨㄢˊ ㄔㄜ
鸞鈴,1,ㄌㄨㄢˊ ㄌㄧㄥˊ
鸞鑑,1,ㄌㄨㄢˊ ㄐㄧㄢˋ
鸞駕,1,ㄌㄨㄢˊ ㄐㄧㄚˋ
鸞鶴,1,ㄌㄨㄢˊ ㄏㄜˋ
鹵人,1,ㄌㄨˇ ㄖㄣˊ
鹵地,1,ㄌㄨˇ ㄉㄧˋ
鹹潟,1,ㄒㄧㄢˊ ㄒㄧˋ
鹺使,1,ㄘㄨㄛˊ ㄕˇ
鹺務,1,ㄘㄨㄛˊ ㄨˋ
鹼土,1,ㄐㄧㄢˇ ㄊㄨˇ
鹼大,1,ㄐㄧㄢˇ ㄉㄚˋ
鹼粽,1,ㄐㄧㄢˇ ㄗㄨㄥˋ
鹼酐,1,ㄐㄧㄢˇ ㄍㄢ
鹽務,1,ㄧㄢˊ ㄨˋ
鹽基,1,ㄧㄢˊ ㄐㄧ
鹽墾,1,ㄧㄢˊ ㄎㄣˇ
鹽客,1,ㄧㄢˊ ㄎㄜˋ
鹽害,1,ㄧㄢˊ ㄏㄞˋ
鹽引,1,ㄧㄢˊ ㄧㄣˇ
鹽徒,1,ㄧㄢˊ ㄊㄨˊ
鹽梅,1,ㄧㄢˊ ㄇㄟˊ
鹽橋,1,ㄧㄢˊ ㄑㄧㄠˊ
鹽泉,1,ㄧㄢˊ ㄑㄩㄢˊ
鹽漏,1,ㄧㄢˊ ㄌㄡˋ
鹽灘,1,ㄧㄢˊ ㄊㄢ
鹽硝,1,ㄧㄢˊ ㄒㄧㄠ
鹽票,1,ㄧㄢˊ ㄆㄧㄠˋ
鹽筴,1,ㄧㄢˊ ㄘㄜˋ
鹽綱,1,ㄧㄢˊ ㄍㄤ
鹽課,1,ㄧㄢˊ ㄎㄜˋ
鹽車,1,ㄧㄢˊ ㄔㄜ
鹽鈔,1,ㄧㄢˊ ㄔㄠ
鹽霜,1,ㄧㄢˊ ㄕㄨㄤ
鹽餘,1,ㄧㄢˊ ㄩˊ
鹿場,1,ㄌㄨˋ ㄔㄤˇ
鹿寨,1,ㄌㄨˋ ㄓㄞˋ
鹿巾,1,ㄌㄨˋ ㄐㄧㄣ
鹿盧,1,ㄌㄨˋ ㄌㄨˊ
鹿脯,1,ㄌㄨˋ ㄈㄨˇ
鹿臺,1,ㄌㄨˋ ㄊㄞˊ
鹿藿,1,ㄌㄨˋ ㄏㄨㄛˋ
鹿豕,1,ㄌㄨˋ ㄕˇ
鹿車,1,ㄌㄨˋ ㄐㄩ
鹿頂,1,ㄌㄨˋ ㄉㄧㄥˇ
鹿駭,1,ㄌㄨˋ ㄏㄞˋ
鹿鳴,1,ㄌㄨˋ ㄇㄧㄥˊ
麀聚,1,ㄧㄡ ㄐㄩˋ
麂子,1,ㄐㄧˇ ㄗ˙
麂眼,1,ㄐㄧˇ ㄧㄢˇ
麃麃,1,ㄅㄧㄠ ㄅㄧㄠ
麇聚,1,ㄑㄩㄣˊ ㄐㄩˋ
麇至,1,ㄑㄩㄣˊ ㄓˋ
麇集,1,ㄑㄩㄣˊ ㄐㄧˊ
麈尾,1,ㄓㄨˇ ㄨㄟˇ
麈拂,1,ㄓㄨˇ ㄈㄨˊ
麈談,1,ㄓㄨˇ ㄊㄢˊ
麋茸,1,ㄇㄧˊ ㄖㄨㄥˊ
麋集,1,ㄇㄧˊ ㄐㄧˊ
麑裘,1,ㄋㄧˊ ㄑㄧㄡˊ
麑鹿,1,ㄋㄧˊ ㄌㄨˋ
麓川,1,ㄌㄨˋ ㄔㄨㄢ
麗則,1,ㄌㄧˋ ㄗㄜˊ
麗天,1,ㄌㄧˋ ㄊㄧㄢ
麗山,1,ㄌㄧˋ ㄕㄢ
麗影,1,ㄌㄧˋ ㄧㄥˇ
麗日,1,ㄌㄧˋ ㄖˋ
麗月,1,ㄌㄧˋ ㄩㄝˋ
麗澤,1,ㄌㄧˋ ㄗㄜˊ
麗矚,1,ㄌㄧˋ ㄓㄨˇ
麗絨,1,ㄌㄧˋ ㄖㄨㄥˊ
麗辭,1,ㄌㄧˋ ㄘˊ
麗靡,1,ㄌㄧˋ ㄇㄧˇ
麗風,1,ㄌㄧˋ ㄈㄥ
麛夭,1,ㄇㄧˊ ㄠˇ
麝月,1,ㄕㄜˋ ㄩㄝˋ
麝煤,1,ㄕㄜˋ ㄇㄟˊ
麝雉,1,ㄕㄜˋ ㄓˋ
麝鼠,1,ㄕㄜˋ ㄕㄨˇ
麟史,1,ㄌㄧㄣˊ ㄕˇ
麟種,1,ㄌㄧㄣˊ ㄓㄨㄥˇ
麟臺,1,ㄌㄧㄣˊ ㄊㄞˊ
麟閣,1,ㄌㄧㄣˊ ㄍㄜˊ
麟鳳,1,ㄌㄧㄣˊ ㄈㄥˋ
麤疏,1,ㄘㄨ ㄕㄨ
麤糲,1,ㄘㄨ ㄌㄧˋ
麥候,1,ㄇㄞˋ ㄏㄡˋ
麥末,1,ㄇㄞˋ ㄇㄛˋ
麥燒,1,ㄇㄞˋ ㄕㄠ
麥畦,1,ㄇㄞˋ ㄒㄧ
麥秀,1,ㄇㄞˋ ㄒㄧㄡˋ
麥秋,1,ㄇㄞˋ ㄑㄧㄡ
麥舟,1,ㄇㄞˋ ㄓㄡ
麥茬,1,ㄇㄞˋ ㄔㄚˊ
麥蚜,1,ㄇㄞˋ ㄧㄚˊ
麥蚻,1,ㄇㄞˋ ㄓㄚˊ
麥西,1,ㄇㄞˋ ㄒㄧ
麥隴,1,ㄇㄞˋ ㄌㄨㄥˇ
麥飯,1,ㄇㄞˋ ㄈㄢˋ
麩子,1,ㄈㄨ ㄗ˙
麩料,1,ㄈㄨ ㄌㄧㄠˋ
麩炭,1,ㄈㄨ ㄊㄢˋ
麩金,1,ㄈㄨ ㄐㄧㄣ
麴塵,1,ㄑㄩˊ ㄔㄣˊ
麴生,1,ㄑㄩˊ ㄕㄥ
麴車,1,ㄑㄩˊ ㄔㄜ
麴錢,1,ㄑㄩˊ ㄑㄧㄢˊ
麴院,1,ㄑㄩˊ ㄩㄢˋ
麴黴,1,ㄑㄩˊ ㄇㄟˊ
麵人,1,ㄇㄧㄢˋ ㄖㄣˊ
麵坊,1,ㄇㄧㄢˋ ㄈㄤ
麵塑,1,ㄇㄧㄢˋ ㄙㄨˋ
麵子,1,ㄇㄧㄢˋ ㄗ˙
麵湯,1,ㄇㄧㄢˋ ㄊㄤ
麵漿,1,ㄇㄧㄢˋ ㄐㄧㄤ
麵肥,1,ㄇㄧㄢˋ ㄈㄟˊ
麵館,1,ㄇㄧㄢˋ ㄍㄨㄢˇ
麻仁,1,ㄇㄚˊ ㄖㄣˊ
麻俐,1,ㄇㄚˊ ㄌㄧ˙
麻刀,1,ㄇㄚˊ ㄉㄠ˙
麻利,1,ㄇㄚˊ ㄌㄧˋ
麻包,1,ㄇㄚˊ ㄅㄠ
麻嘴,1,ㄇㄚˊ ㄗㄨㄟˇ
麻團,1,ㄇㄚˊ ㄊㄨㄢˊ
麻姑,1,ㄇㄚˊ ㄍㄨ
麻婚,1,ㄇㄚˊ ㄏㄨㄣ
麻屨,1,ㄇㄚˊ ㄐㄩˋ
麻搗,1,ㄇㄚˊ ㄉㄠˇ
麻搭,1,ㄇㄚˊ ㄉㄚ
麻札,1,ㄇㄚˊ ㄓㄚˊ
麻枯,1,ㄇㄚˊ ㄎㄨ
麻森,1,ㄇㄚˊ ㄙㄣ
麻槌,1,ㄇㄚˊ ㄔㄨㄟˊ
麻沸,1,ㄇㄚˊ ㄈㄟˋ
麻渣,1,ㄇㄚˊ ㄓㄚ
麻溜,1,ㄇㄚˊ ㄌㄧㄡ
麻炬,1,ㄇㄚˊ ㄐㄩˋ
麻煩,1,ㄇㄚˊ ㄈㄢ˙
麻犯,1,ㄇㄚˊ ㄈㄢˋ
麻瘋,1,ㄇㄚˊ ㄈㄥ
麻秸,1,ㄇㄚˊ ㄐㄧㄝ
麻竹,1,ㄇㄚˊ ㄓㄨˊ
麻糊,1,ㄇㄚˊ ㄏㄨˊ
麻紙,1,ㄇㄚˊ ㄓˇ
麻苧,1,ㄇㄚˊ ㄓㄨˋ
麻蠅,1,ㄇㄚˊ ㄧㄥˊ
麻鞋,1,ㄇㄚˊ ㄒㄧㄝˊ
麻餅,1,ㄇㄚˊ ㄅㄧㄥˇ
麻骨,1,ㄇㄚˊ ㄍㄨˇ
麻鴨,1,ㄇㄚˊ ㄧㄚ
麻鷺,1,ㄇㄚˊ ㄌㄨˋ
麻點,1,ㄇㄚˊ ㄉㄧㄢˇ
麼娘,1,ㄇㄛˊ ㄋㄧㄤˊ
麼子,1,ㄇㄛˊ ㄗ˙
麼波,1,ㄇㄛˊ ㄅㄛ
麼那,1,ㄇㄛˊ ㄋㄚˋ
麼陋,1,ㄇㄛˊ ㄌㄡˋ
麾安,1,ㄏㄨㄟ ㄢ
麾幢,1,ㄏㄨㄟ ㄔㄨㄤˊ
麾節,1,ㄏㄨㄟ ㄐㄧㄝˊ
麾蓋,1,ㄏㄨㄟ ㄍㄞˋ
黃侃,1,ㄏㄨㄤˊ ㄎㄢˇ
黃六,1,ㄏㄨㄤˊ ㄌㄧㄡˋ
黃冊,1,ㄏㄨㄤˊ ㄘㄜˋ
黃化,1,ㄏㄨㄤˊ ㄏㄨㄚˋ
黃卷,1,ㄏㄨㄤˊ ㄐㄩㄢˋ
黃口,1,ㄏㄨㄤˊ ㄎㄡˇ
黃吻,1,ㄏㄨㄤˊ ㄨㄣˇ
黃堂,1,ㄏㄨㄤˊ ㄊㄤˊ
黃堊,1,ㄏㄨㄤˊ ㄜˋ
黃塵,1,ㄏㄨㄤˊ ㄔㄣˊ
黃壚,1,ㄏㄨㄤˊ ㄌㄨˊ
黃天,1,ㄏㄨㄤˊ ㄊㄧㄢ
黃姑,1,ㄏㄨㄤˊ ㄍㄨ
黃婆,1,ㄏㄨㄤˊ ㄆㄛˊ
黃子,1,ㄏㄨㄤˊ ㄗˇ
黃宮,1,ㄏㄨㄤˊ ㄍㄨㄥ
黃封,1,ㄏㄨㄤˊ ㄈㄥ
黃帽,1,ㄏㄨㄤˊ ㄇㄠˋ
黃庭,1,ㄏㄨㄤˊ ㄊㄧㄥˊ
黃扉,1,ㄏㄨㄤˊ ㄈㄟ
黃明,1,ㄏㄨㄤˊ ㄇㄧㄥˊ
黃曆,1,ㄏㄨㄤˊ ㄌㄧ˙
黃柏,1,ㄏㄨㄤˊ ㄅㄛˊ
黃榜,1,ㄏㄨㄤˊ ㄅㄤˇ
黃樓,1,ㄏㄨㄤˊ ㄌㄡˊ
黃歇,1,ㄏㄨㄤˊ ㄒㄧㄝ
黃池,1,ㄏㄨㄤˊ ㄔˊ
黃流,1,ㄏㄨㄤˊ ㄌㄧㄡˊ
黃熟,1,ㄏㄨㄤˊ ㄕㄨˊ
黃牌,1,ㄏㄨㄤˊ ㄆㄞˊ
黃琮,1,ㄏㄨㄤˊ ㄘㄨㄥˊ
黃甲,1,ㄏㄨㄤˊ ㄐㄧㄚˇ
黃瘦,1,ㄏㄨㄤˊ ㄕㄡˋ
黃癬,1,ㄏㄨㄤˊ ㄒㄧㄢˇ
黃祚,1,ㄏㄨㄤˊ ㄗㄨㄛˋ
黃禾,1,ㄏㄨㄤˊ ㄏㄜˊ
黃童,1,ㄏㄨㄤˊ ㄊㄨㄥˊ
黃精,1,ㄏㄨㄤˊ ㄐㄧㄥ
黃紙,1,ㄏㄨㄤˊ ㄓˇ
黃絁,1,ㄏㄨㄤˊ ㄕ
黃耉,1,ㄏㄨㄤˊ ㄍㄡˇ
黃胖,1,ㄏㄨㄤˊ ㄆㄤˋ
黃腸,1,ㄏㄨㄤˊ ㄔㄤˊ
黃自,1,ㄏㄨㄤˊ ㄗˋ
黃芩,1,ㄏㄨㄤˊ ㄑㄧㄣˊ
黃芪,1,ㄏㄨㄤˊ ㄑㄧˊ
黃芽,1,ㄏㄨㄤˊ ㄧㄚˊ
黃落,1,ㄏㄨㄤˊ ㄌㄨㄛˋ
黃蓋,1,ㄏㄨㄤˊ ㄍㄞˋ
黃話,1,ㄏㄨㄤˊ ㄏㄨㄚˋ
黃貨,1,ㄏㄨㄤˊ ㄏㄨㄛˋ
黃農,1,ㄏㄨㄤˊ ㄋㄨㄥˊ
黃鉞,1,ㄏㄨㄤˊ ㄩㄝˋ
黃錢,1,ㄏㄨㄤˊ ㄑㄧㄢˊ
黃門,1,ㄏㄨㄤˊ ㄇㄣˊ
黃閣,1,ㄏㄨㄤˊ ㄍㄜˊ
黃頁,1,ㄏㄨㄤˊ ㄧㄝˋ
黃風,1,ㄏㄨㄤˊ ㄈㄥ
黃馘,1,ㄏㄨㄤˊ ㄒㄩˋ
黃香,1,ㄏㄨㄤˊ ㄒㄧㄤ
黃髮,1,ㄏㄨㄤˊ ㄈㄚˇ
黃鬚,1,ㄏㄨㄤˊ ㄒㄩ
黃鱔,1,ㄏㄨㄤˊ ㄕㄢˋ
黃鵠,1,ㄏㄨㄤˊ ㄏㄨˊ
黃鼠,1,ㄏㄨㄤˊ ㄕㄨˇ
黃鼬,1,ㄏㄨㄤˊ ㄧㄡˋ
黈益,1,ㄊㄡˇ ㄧˋ
黈纊,1,ㄊㄡˇ ㄎㄨㄤˋ
黌宇,1,ㄏㄨㄥˊ ㄩˇ
黌校,1,ㄏㄨㄥˊ ㄒㄧㄠˋ
黌門,1,ㄏㄨㄥˊ ㄇㄣˊ
黍稷,1,ㄕㄨˇ ㄐㄧˋ
黍苗,1,ㄕㄨˇ ㄇㄧㄠˊ
黍醅,1,ㄕㄨˇ ㄆㄟ
黍離,1,ㄕㄨˇ ㄌㄧˊ
黎人,1,ㄌㄧˊ ㄖㄣˊ
黎元,1,ㄌㄧˊ ㄩㄢˊ
黎峒,1,ㄌㄧˊ ㄉㄨㄥˋ
黎庶,1,ㄌㄧˊ ㄕㄨˋ
黎獻,1,ㄌㄧˊ ㄒㄧㄢˋ
黎苗,1,ㄌㄧˊ ㄇㄧㄠˊ
黎語,1,ㄌㄧˊ ㄩˇ
黎錦,1,ㄌㄧˊ ㄐㄧㄣˇ
黏油,1,ㄋㄧㄢˊ ㄧㄡˊ
黏涎,1,ㄋㄧㄢˊ ㄒㄧㄢ˙
黏糊,1,ㄋㄧㄢˊ ㄏㄨ˙
黏膜,1,ㄋㄧㄢˊ ㄇㄛˋ
黏質,1,ㄋㄧㄢˊ ㄓˊ
黑下,1,ㄏㄟ ㄒㄧㄚ˙
黑口,1,ㄏㄟ ㄎㄡˇ
黑天,1,ㄏㄟ ㄊㄧㄢ
黑帝,1,ㄏㄟ ㄉㄧˋ
黑早,1,ㄏㄟ ㄗㄠˇ
黑杵,1,ㄏㄟ ㄔㄨˇ
黑煤,1,ㄏㄟ ㄇㄟˊ
黑玉,1,ㄏㄟ ㄩˋ
黑甜,1,ㄏㄟ ㄊㄧㄢˊ
黑眸,1,ㄏㄟ ㄇㄡˊ
黑裡,1,ㄏㄟ ㄌㄧ˙
黑豆,1,ㄏㄟˇ ㄉㄡˋ
黑豹,1,ㄏㄟ ㄅㄠˋ
黑貓,1,ㄏㄟ ㄇㄠ
黑醋,1,ㄏㄟ ㄘㄨˋ
黑麵,1,ㄏㄟ ㄇㄧㄢˋ
黑黝,1,ㄏㄟ ㄧㄡˇ
黑點,1,ㄏㄟ ㄉㄧㄢˇ
黔劇,1,ㄑㄧㄢˊ ㄐㄩˋ
黔黎,1,ㄑㄧㄢˊ ㄌㄧˊ
默劇,1,ㄇㄛˋ ㄐㄩˋ
默唸,1,ㄇㄛˋ ㄋㄧㄢˋ
默示,1,ㄇㄛˋ ㄕˋ
默祐,1,ㄇㄛˋ ㄧㄡˋ
默稿,1,ㄇㄛˋ ㄍㄠˇ
默識,1,ㄇㄛˋ ㄓˋ
黛樹,1,ㄉㄞˋ ㄕㄨˋ
黛螺,1,ㄉㄞˋ ㄌㄨㄛˊ
黛黑,1,ㄉㄞˋ ㄏㄟ
黜官,1,ㄔㄨˋ ㄍㄨㄢ
黜治,1,ㄔㄨˋ ㄓˋ
黜罷,1,ㄔㄨˋ ㄅㄚˋ
黜華,1,ㄔㄨˋ ㄏㄨㄚˊ
黜降,1,ㄔㄨˋ ㄐㄧㄤˋ
黝堊,1,ㄧㄡˇ ㄜˋ
黝暗,1,ㄧㄡˇ ㄢˋ
黝糾,1,ㄧㄡˇ ㄐㄧㄡ
黝黝,1,ㄧㄡˇ ㄧㄡˇ
黝黯,1,ㄧㄡˇ ㄢˋ
點刺,1,ㄉㄧㄢˇ ㄘˋ
點劄,1,ㄉㄧㄢˇ ㄓㄚˊ
點卯,1,ㄉㄧㄢˇ ㄇㄠˇ
點唱,1,ㄉㄧㄢˇ ㄔㄤˋ
點垛,1,ㄉㄧㄢˇ ㄉㄨㄛˋ
點對,1,ㄉㄧㄢˇ ㄉㄨㄟˋ
點差,1,ㄉㄧㄢˇ ㄔㄞ
點手,1,ㄉㄧㄢˇ ㄕㄡˇ
點扎,1,ㄉㄧㄢˇ ㄓㄚˊ
點把,1,ㄉㄧㄢˇ ㄅㄚˇ
點拗,1,ㄉㄧㄢˇ ㄠˇ
點撥,1,ㄉㄧㄢˇ ㄅㄛ
點景,1,ㄉㄧㄢˇ ㄐㄧㄥˇ
點札,1,ㄉㄧㄢˇ ㄓㄚˊ
點榜,1,ㄉㄧㄢˇ ㄅㄤˇ
點水,1,ㄉㄧㄢˇ ㄕㄨㄟˇ
點汙,1,ㄉㄧㄢˇ ㄨ
點漆,1,ㄉㄧㄢˇ ㄑㄧ
點照,1,ㄉㄧㄢˇ ㄓㄠˋ
點痣,1,ㄉㄧㄢˇ ㄓˋ
點眼,1,ㄉㄧㄢˇ ㄧㄢˇ
點砌,1,ㄉㄧㄢˇ ㄑㄧㄝˋ
點穴,1,ㄉㄧㄢˇ ㄒㄩㄝˊ
點紙,1,ㄉㄧㄢˇ ㄓˇ
點索,1,ㄉㄧㄢˇ ㄙㄨㄛˇ
點翠,1,ㄉㄧㄢˇ ㄘㄨㄟˋ
點翳,1,ㄉㄧㄢˇ ㄧˋ
點脣,1,ㄉㄧㄢˇ ㄔㄨㄣˊ
點苔,1,ㄉㄧㄢˇ ㄊㄞˊ
點茶,1,ㄉㄧㄢˇ ㄔㄚˊ
點行,1,ㄉㄧㄢˇ ㄒㄧㄥˊ
點補,1,ㄉㄧㄢˇ ㄅㄨ˙
點視,1,ㄉㄧㄢˇ ㄕˋ
點評,1,ㄉㄧㄢˇ ㄆㄧㄥˊ
點軍,1,ㄉㄧㄢˇ ㄐㄩㄣ
點酥,1,ㄉㄧㄢˇ ㄙㄨ
點閘,1,ㄉㄧㄢˇ ㄓㄚˊ
點題,1,ㄉㄧㄢˇ ㄊㄧˊ
點額,1,ㄉㄧㄢˇ ㄜˊ
點飢,1,ㄉㄧㄢˇ ㄐㄧ
點首,1,ㄉㄧㄢˇ ㄕㄡˇ
點香,1,ㄉㄧㄢˇ ㄒㄧㄤ
黠吏,1,ㄒㄧㄚˊ ㄌㄧˋ
黤黮,1,ㄧㄢˇ ㄊㄢˇ
黥布,1,ㄑㄧㄥˊ ㄅㄨˋ
黥首,1,ㄑㄧㄥˊ ㄕㄡˇ
黧牛,1,ㄌㄧˊ ㄋㄧㄡˊ
黧老,1,ㄌㄧˊ ㄌㄠˇ
黧雞,1,ㄌㄧˊ ㄐㄧ
黧黑,1,ㄌㄧˊ ㄏㄟ
黨伍,1,ㄉㄤˇ ㄨˇ
黨校,1,ㄉㄤˇ ㄒㄧㄠˋ
黨見,1,ㄉㄤˇ ㄐㄧㄢˋ
黨論,1,ㄉㄤˇ ㄌㄨㄣˋ
黨閥,1,ㄉㄤˇ ㄈㄚˊ
黨齡,1,ㄉㄤˇ ㄌㄧㄥˊ
黯慘,1,ㄢˋ ㄘㄢˇ
黯黮,1,ㄢˋ ㄊㄢˇ
黯黯,1,ㄢˋ ㄢˋ
黲淡,1,ㄘㄢˇ ㄉㄢˋ
黲黷,1,ㄘㄢˇ ㄉㄨˊ
黳珀,1,ㄧ ㄆㄛˋ
黳石,1,ㄧ ㄕˊ
黳黑,1,ㄧ ㄏㄟ
黴黑,1,ㄇㄟˊ ㄏㄟ
黴黧,1,ㄇㄟˊ ㄌㄧˊ
黶子,1,ㄧㄢˇ ㄗ˙
黶翳,1,ㄧㄢˇ ㄧˋ
黻冕,1,ㄈㄨˊ ㄇㄧㄢˇ
黼帳,1,ㄈㄨˇ ㄓㄤˋ
黼座,1,ㄈㄨˇ ㄗㄨㄛˋ
黼扆,1,ㄈㄨˇ ㄧˇ
黼繡,1,ㄈㄨˇ ㄒㄧㄡˋ
黼黻,1,ㄈㄨˇ ㄈㄨˊ
黿魚,1,ㄩㄢˊ ㄩˊ
鼂錯,1,ㄔㄠˊ ㄘㄨㄛˋ
鼇山,1,ㄠˊ ㄕㄢ
鼇峰,1,ㄠˊ ㄈㄥ
鼇戴,1,ㄠˊ ㄉㄞˋ
鼇抃,1,ㄠˊ ㄅㄧㄢˋ
鼇拜,1,ㄠˊ ㄅㄞˋ
鼇署,1,ㄠˊ ㄕㄨˇ
鼇頭,1,ㄠˊ ㄊㄡˊ
鼉更,1,ㄊㄨㄛˊ ㄍㄥ
鼉龍,1,ㄊㄨㄛˊ ㄌㄨㄥˊ
鼎位,1,ㄉㄧㄥˇ ㄨㄟˋ
鼎俎,1,ㄉㄧㄥˇ ㄗㄨˇ
鼎元,1,ㄉㄧㄥˇ ㄩㄢˊ
鼎席,1,ㄉㄧㄥˇ ㄒㄧˊ
鼎彞,1,ㄉㄧㄥˇ ㄧˊ
鼎新,1,ㄉㄧㄥˇ ㄒㄧㄣ
鼎族,1,ㄉㄧㄥˇ ㄗㄨˊ
鼎湖,1,ㄉㄧㄥˇ ㄏㄨˊ
鼎甲,1,ㄉㄧㄥˇ ㄐㄧㄚˇ
鼎祚,1,ㄉㄧㄥˇ ㄗㄨㄛˋ
鼎臣,1,ㄉㄧㄥˇ ㄔㄣˊ
鼎輔,1,ㄉㄧㄥˇ ㄈㄨˇ
鼎鍾,1,ㄉㄧㄥˇ ㄓㄨㄥ
鼎食,1,ㄉㄧㄥˇ ㄕˊ
鼎鼐,1,ㄉㄧㄥˇ ㄋㄞˋ
鼓下,1,ㄍㄨˇ ㄒㄧㄚˋ
鼓令,1,ㄍㄨˇ ㄌㄧㄥˋ
鼓刀,1,ㄍㄨˇ ㄉㄠ
鼓吹,1,ㄍㄨˇ ㄔㄨㄟˋ
鼓姬,1,ㄍㄨˇ ㄐㄧ
鼓師,1,ㄍㄨˇ ㄕ
鼓床,1,ㄍㄨˇ ㄔㄨㄤˊ
鼓惑,1,ㄍㄨˇ ㄏㄨㄛˋ
鼓搗,1,ㄍㄨˇ ㄉㄠ˙
鼓書,1,ㄍㄨˇ ㄕㄨ
鼓板,1,ㄍㄨˇ ㄅㄢˇ
鼓枻,1,ㄍㄨˇ ㄧˋ
鼓琴,1,ㄍㄨˇ ㄑㄧㄣˊ
鼓盆,1,ㄍㄨˇ ㄆㄣˊ
鼓笛,1,ㄍㄨˇ ㄉㄧˊ
鼓簧,1,ㄍㄨˇ ㄏㄨㄤˊ
鼓翮,1,ㄍㄨˇ ㄏㄜˊ
鼓膜,1,ㄍㄨˇ ㄇㄛˋ
鼓興,1,ㄍㄨˇ ㄒㄧㄥˋ
鼓藻,1,ㄍㄨˇ ㄗㄠˇ
鼓角,1,ㄍㄨˇ ㄐㄩㄝˊ
鼓詞,1,ㄍㄨˇ ㄘˊ
鼓鈸,1,ㄍㄨˇ ㄅㄚˊ
鼓錘,1,ㄍㄨˇ ㄔㄨㄟˊ
鼓鍾,1,ㄍㄨˇ ㄓㄨㄥ
鼓鑄,1,ㄍㄨˇ ㄓㄨˋ
鼓鼙,1,ㄍㄨˇ ㄆㄧˊ
鼙婆,1,ㄆㄧˊ ㄆㄛˊ
鼠壤,1,ㄕㄨˇ ㄖㄤˇ
鼠子,1,ㄕㄨˇ ㄗˇ
鼠思,1,ㄕㄨˇ ㄙ
鼠技,1,ㄕㄨˇ ㄐㄧˋ
鼠攛,1,ㄕㄨˇ ㄘㄨㄢ
鼠盜,1,ㄕㄨˇ ㄉㄠˋ
鼢鼠,1,ㄈㄣˊ ㄕㄨˇ
鼩鼱,1,ㄑㄩˊ ㄐㄧㄥ
鼫鼠,1,ㄕˊ ㄕㄨˇ
鼲鼠,1,ㄏㄨㄣˊ ㄕㄨˇ
鼴腹,1,ㄧㄢˇ ㄈㄨˋ
鼷穴,1,ㄒㄧ ㄒㄩㄝˋ
鼷鼠,1,ㄒㄧ ㄕㄨˇ
鼻丘,1,ㄅㄧˊ ㄑㄧㄡ
鼻凹,1,ㄅㄧˊ ㄠ
鼻化,1,ㄅㄧˊ ㄏㄨㄚˋ
鼻子,1,ㄅㄧˊ ㄗˇ
鼻窩,1,ㄅㄧˊ ㄨㄛ
鼻笛,1,ㄅㄧˊ ㄉㄧˊ
鼻紋,1,ㄅㄧˊ ㄨㄣˊ
鼻翼,1,ㄅㄧˊ ㄧˋ
鼻衄,1,ㄅㄧˊ ㄋㄩˋ
鼻觀,1,ㄅㄧˊ ㄍㄨㄢˋ
鼻輪,1,ㄅㄧˊ ㄌㄨㄣˊ
鼻頭,1,ㄅㄧˊ ㄊㄡˊ
鼻飼,1,ㄅㄧˊ ㄙˋ
鼻骨,1,ㄅㄧˊ ㄍㄨˇ
鼽嚏,1,ㄑㄧㄡˊ ㄊㄧˋ
鼾鼻,1,ㄏㄢ ㄅㄧˊ
鼾鼾,1,ㄏㄢ ㄏㄢ
鼾齁,1,ㄏㄢ ㄏㄡ
齁聲,1,ㄏㄡ ㄕㄥ
齁齁,1,ㄏㄡ ㄏㄡ
齊口,1,ㄑㄧˊ ㄎㄡˇ
齊女,1,ㄑㄧˊ ㄋㄩˇ
齊姜,1,ㄑㄧˊ ㄐㄧㄤ
齊宿,1,ㄓㄞ ㄙㄨˋ
齊巧,1,ㄑㄧˊ ㄑㄧㄠˇ
齊年,1,ㄑㄧˊ ㄋㄧㄢˊ
齊截,1,ㄑㄧˊ ㄐㄧㄝ˙
齊攢,1,ㄑㄧˊ ㄘㄨㄢˊ
齊楚,1,ㄑㄧˊ ㄔㄨˇ
齊民,1,ㄑㄧˊ ㄇㄧㄣˊ
齊盛,1,ㄗ ㄔㄥˊ
齊盟,1,ㄑㄧˊ ㄇㄥˊ
齊給,1,ㄑㄧˊ ㄐㄧˇ
齊肅,1,ㄑㄧˊ ㄙㄨˋ
齊肅,1,ㄓㄞ ㄙㄨˋ
齊腰,1,ㄑㄧˊ ㄧㄠ
齊莊,1,ㄓㄞ ㄓㄨㄤ
齊詩,1,ㄑㄧˊ ㄕ
齊論,1,ㄑㄧˊ ㄌㄨㄣˊ
齊諧,1,ㄑㄧˊ ㄒㄧㄝˊ
齊諾,1,ㄑㄧˊ ㄋㄨㄛˋ
齊驅,1,ㄑㄧˊ ㄑㄩ
齊魯,1,ㄑㄧˊ ㄌㄨˇ
齊齒,1,ㄑㄧˊ ㄔˇ
齋供,1,ㄓㄞ ㄍㄨㄥˋ
齋公,1,ㄓㄞ ㄍㄨㄥ
齋夫,1,ㄓㄞ ㄈㄨ
齋慄,1,ㄓㄞ ㄌㄧˋ
齋文,1,ㄓㄞ ㄨㄣˊ
齋會,1,ㄓㄞ ㄏㄨㄟˋ
齋月,1,ㄓㄞ ㄩㄝˋ
齋果,1,ㄓㄞ ㄍㄨㄛˇ
齋沐,1,ㄓㄞ ㄇㄨˋ
齋潔,1,ㄓㄞ ㄐㄧㄝˊ
齋襯,1,ㄓㄞ ㄔㄣˋ
齋長,1,ㄓㄞ ㄓㄤˇ
齎助,1,ㄐㄧ ㄓㄨˋ
齎恨,1,ㄐㄧ ㄏㄣˋ
齎發,1,ㄐㄧ ㄈㄚ
齏臼,1,ㄐㄧ ㄐㄧㄡˋ
齏鹽,1,ㄐㄧ ㄧㄢˊ
齒列,1,ㄔˇ ㄌㄧㄝˋ
齒劍,1,ㄔˇ ㄐㄧㄢˋ
齒及,1,ㄔˇ ㄐㄧˊ
齒吻,1,ㄔˇ ㄨㄣˇ
齒尊,1,ㄔˇ ㄗㄨㄣ
齒式,1,ㄔˇ ㄕˋ
齒擊,1,ㄔˇ ㄐㄧˊ
齒杖,1,ㄔˇ ㄓㄤˋ
齒槽,1,ㄔˇ ㄘㄠˊ
齒次,1,ㄔˇ ㄘˋ
齒決,1,ㄔˇ ㄐㄩㄝˊ
齒牙,1,ㄔˇ ㄧㄚˊ
齒石,1,ㄔˇ ㄕˊ
齒縫,1,ㄔˇ ㄈㄥˋ
齒耙,1,ㄔˇ ㄆㄚˊ
齒讓,1,ㄔˇ ㄖㄤˋ
齒遇,1,ㄔˇ ㄩˋ
齒錄,1,ㄔˇ ㄌㄨˋ
齒髓,1,ㄔˇ ㄙㄨㄟˇ
齒髮,1,ㄔˇ ㄈㄚˇ
齒齲,1,ㄔˇ ㄑㄩˇ
齙牙,1,ㄅㄠ ㄧㄚˊ
齠始,1,ㄊㄧㄠˊ ㄕˇ
齠容,1,ㄊㄧㄠˊ ㄖㄨㄥˊ
齠齔,1,ㄊㄧㄠˊ ㄔㄣˋ
齡組,1,ㄌㄧㄥˊ ㄗㄨˇ
齡蟲,1,ㄌㄧㄥˊ ㄔㄨㄥˊ
齣子,1,ㄔㄨ ㄗ˙
齦溝,1,ㄧㄣˊ ㄍㄡ
齦齶,1,ㄧㄣˊ ㄜˋ
齧臂,1,ㄋㄧㄝˋ ㄅㄧˋ
齪齪,1,ㄔㄨㄛˋ ㄔㄨㄛˋ
齮齕,1,ㄧˇ ㄏㄜˊ
齯齒,1,ㄋㄧˊ ㄔˇ
齵差,1,ㄩˊ ㄘ
齶骨,1,ㄜˋ ㄍㄨˇ
齾齾,1,ㄧㄚˋ ㄧㄚˋ
龍介,1,ㄌㄨㄥˊ ㄐㄧㄝˋ
龍位,1,ㄌㄨㄥˊ ㄨㄟˋ
龍光,1,ㄌㄨㄥˊ ㄍㄨㄤ
龍具,1,ㄌㄨㄥˊ ㄐㄩˋ
龍勺,1,ㄌㄨㄥˊ ㄕㄨㄛˋ
龍吟,1,ㄌㄨㄥˊ ㄧㄣˊ
龍圖,1,ㄌㄨㄥˊ ㄊㄨˊ
龍團,1,ㄌㄨㄥˊ ㄊㄨㄢˊ
龍城,1,ㄌㄨㄥˊ ㄔㄥˊ
龍威,1,ㄌㄨㄥˊ ㄨㄟ
龍媒,1,ㄌㄨㄥˊ ㄇㄟˊ
龍孫,1,ㄌㄨㄥˊ ㄙㄨㄣ
龍性,1,ㄌㄨㄥˊ ㄒㄧㄥˋ
龍恩,1,ㄌㄨㄥˊ ㄣ
龍戰,1,ㄌㄨㄥˊ ㄓㄢˋ
龍文,1,ㄌㄨㄥˊ ㄨㄣˊ
龍旗,1,ㄌㄨㄥˊ ㄑㄧˊ
龍柏,1,ㄌㄨㄥˊ ㄅㄛˊ
龍榻,1,ㄌㄨㄥˊ ㄊㄚˋ
龍樓,1,ㄌㄨㄥˊ ㄌㄡˊ
龍樹,1,ㄌㄨㄥˊ ㄕㄨˋ
龍池,1,ㄌㄨㄥˊ ㄔˊ
龍沙,1,ㄌㄨㄥˊ ㄕㄚ
龍洋,1,ㄌㄨㄥˊ ㄧㄤˊ
龍洞,1,ㄌㄨㄥˊ ㄉㄨㄥˋ
龍淵,1,ㄌㄨㄥˊ ㄩㄢ
龍漦,1,ㄌㄨㄥˊ ㄌㄧˊ
龍潛,1,ㄌㄨㄥˊ ㄑㄧㄢˊ
龍爪,1,ㄌㄨㄥˊ ㄓㄠˇ
龍牌,1,ㄌㄨㄥˊ ㄆㄞˊ
龍牙,1,ㄌㄨㄥˊ ㄧㄚˊ
龍疏,1,ㄌㄨㄥˊ ㄕㄨ
龍目,1,ㄌㄨㄥˊ ㄇㄨˋ
龍神,1,ㄌㄨㄥˊ ㄕㄣˊ
龍祠,1,ㄌㄨㄥˊ ㄘˊ
龍章,1,ㄌㄨㄥˊ ㄓㄤ
龍節,1,ㄌㄨㄥˊ ㄐㄧㄝˊ
龍紋,1,ㄌㄨㄥˊ ㄨㄣˊ
龍膽,1,ㄌㄨㄥˊ ㄉㄢˇ
龍荒,1,ㄌㄨㄥˊ ㄏㄨㄤ
龍葵,1,ㄌㄨㄥˊ ㄎㄨㄟˊ
龍藏,1,ㄌㄨㄥˊ ㄗㄤˋ
龍蝨,1,ㄌㄨㄥˊ ㄕ
龍袞,1,ㄌㄨㄥˊ ㄍㄨㄣˇ
龍象,1,ㄌㄨㄥˊ ㄒㄧㄤˋ
龍邸,1,ㄌㄨㄥˊ ㄉㄧˇ
龍陽,1,ㄌㄨㄥˊ ㄧㄤˊ
龍集,1,ㄌㄨㄥˊ ㄐㄧˊ
龍韜,1,ㄌㄨㄥˊ ㄊㄠ
龍首,1,ㄌㄨㄥˊ ㄕㄡˇ
龍香,1,ㄌㄨㄥˊ ㄒㄧㄤ
龍馭,1,ㄌㄨㄥˊ ㄩˋ
龍駕,1,ㄌㄨㄥˊ ㄐㄧㄚˋ
龍鱗,1,ㄌㄨㄥˊ ㄌㄧㄣˊ
龍麝,1,ㄌㄨㄥˊ ㄕㄜˋ
龐公,1,ㄆㄤˊ ㄍㄨㄥ
龐暖,1,ㄆㄤˊ ㄋㄨㄢˇ
龐涓,1,ㄆㄤˊ ㄐㄩㄢ
龐統,1,ㄆㄤˊ ㄊㄨㄥˇ
龐貝,1,ㄆㄤˊ ㄅㄟˋ
龐道,1,ㄆㄤˊ ㄉㄠˋ
龐龐,1,ㄆㄤˊ ㄆㄤˊ
龔勝,1,ㄍㄨㄥ ㄕㄥˋ
龔生,1,ㄍㄨㄥ ㄕㄥ
龔賢,1,ㄍㄨㄥ ㄒㄧㄢˊ
龔遂,1,ㄍㄨㄥ ㄙㄨㄟˋ
龔開,1,ㄍㄨㄥ ㄎㄞ
龕子,1,ㄎㄢ ㄗ˙
龕山,1,ㄎㄢ ㄕㄢ
龕影,1,ㄎㄢ ㄧㄥˇ
龜卦,1,ㄍㄨㄟ ㄍㄨㄚˋ
龜坼,1,ㄍㄨㄟ ㄔㄜˋ
龜奴,1,ㄍㄨㄟ ㄋㄨˊ
龜婆,1,ㄍㄨㄟ ㄆㄛˊ
龜子,1,ㄍㄨㄟ ㄗˇ
龜年,1,ㄍㄨㄟ ㄋㄧㄢˊ
龜手,1,ㄐㄩㄣ ㄕㄡˇ
龜灼,1,ㄍㄨㄟ ㄓㄨㄛˊ
龜版,1,ㄍㄨㄟ ㄅㄢˇ
龜策,1,ㄍㄨㄟ ㄘㄜˋ
龜筴,1,ㄍㄨㄟ ㄘㄜˋ
龜紐,1,ㄍㄨㄟ ㄋㄧㄡˇ
龜綬,1,ㄍㄨㄟ ㄕㄡˋ
龜行,1,ㄍㄨㄟ ㄒㄧㄥˊ
龜貝,1,ㄍㄨㄟ ㄅㄟˋ
龜趺,1,ㄍㄨㄟ ㄈㄨ
龜鶴,1,ㄍㄨㄟ ㄏㄜˋ
龜鼎,1,ㄍㄨㄟ ㄉㄧㄥˇ
龜齡,1,ㄍㄨㄟ ㄌㄧㄥˊ
𣘨橠,1,ㄜˇ ㄋㄨㄛˇ
𣝓弧,1,ㄧㄢˇ ㄏㄨˊ
𣝓絲,1,ㄧㄢˇ ㄙ
𣶐飯,1,ㄆㄠˋ ㄈㄢˋ
𧑗蝦,1,ㄋㄧㄥˊ ㄒㄧㄚ
𨉣腰,1,ㄏㄚ ㄧㄠ
㑳憋憋,1,ㄓㄡˋ ㄅㄧㄝ ㄅㄧㄝ
一一○,1,ㄧ ㄧ ㄌㄧㄥˊ
一一九,1,ㄧ ㄧ ㄐㄧㄡˇ
一丈青,1,ㄧ ㄓㄤˋ ㄑㄧㄥ
一不溜,1,ㄧ ㄅㄨˋ ㄌㄧㄡ
一世界,1,ㄧ ㄕˋ ㄐㄧㄝˋ
一串珠,1,ㄧ ㄔㄨㄢˋ ㄓㄨ
一串紅,1,ㄧ ㄔㄨㄢˋ ㄏㄨㄥˊ
一丸泥,1,ㄧ ㄨㄢˊ ㄋㄧˊ
一人班,1,ㄧ ㄖㄣˊ ㄅㄢ
一元酸,1,ㄧ ㄩㄢˊ ㄙㄨㄢ
一刀切,1,ㄧ ㄉㄠ ㄑㄧㄝ
一刀圭,1,ㄧ ㄉㄠ ㄍㄨㄟ
一到處,1,ㄧ ㄉㄠˋ ㄔㄨˋ
一匹錦,1,ㄧ ㄆㄧˇ ㄐㄧㄣˇ
一口中,1,ㄧ ㄎㄡˇ ㄓㄨㄥ
一口鐘,1,ㄧ ㄎㄡˇ ㄓㄨㄥ
一味禪,1,ㄧ ㄨㄟˋ ㄔㄢˊ
一品紅,1,ㄧ ㄆㄧㄣˇ ㄏㄨㄥˊ
一嘟嚕,1,ㄧ ㄉㄨ ㄌㄨ
一團火,1,ㄧ ㄊㄨㄢˊ ㄏㄨㄛˇ
一壁廂,1,ㄧ ㄅㄧˋ ㄒㄧㄤ
一大半,1,ㄧ ㄉㄚˋ ㄅㄢˋ
一大溜,1,ㄧ ㄉㄚˋ ㄌㄧㄡˋ
一天火,1,ㄧ ㄊㄧㄢ ㄏㄨㄛˇ
一字王,1,ㄧ ㄗˋ ㄨㄤˊ
一字眉,1,ㄧ ㄗˋ ㄇㄟˊ
一字髯,1,ㄧ ㄗˋ ㄖㄢˊ
一家言,1,ㄧ ㄐㄧㄚ ㄧㄢˊ
一層天,1,ㄧ ㄘㄥˊ ㄊㄧㄢ
一席地,1,ㄧ ㄒㄧˊ ㄉㄧˋ
一弦琴,1,ㄧ ㄒㄧㄢˊ ㄑㄧㄣˊ
一彆頭,1,ㄧ ㄅㄧㄝˋ ㄊㄡˊ
一扎腳,1,ㄧ ㄓㄚ ㄐㄧㄠˇ
一托氣,1,ㄧ ㄊㄨㄛ ㄑㄧˋ
一托頭,1,ㄧ ㄊㄨㄛ ㄊㄡˊ
一把子,1,ㄧ ㄅㄚˇ ㄗ˙
一把罩,1,ㄧ ㄅㄚˇ ㄓㄠˋ
一抔土,1,ㄧ ㄆㄡˊ ㄊㄨˇ
一抿子,1,ㄧ ㄇㄧㄣˇ ㄗ˙
一捧雪,1,ㄧ ㄆㄥˇ ㄒㄩㄝˇ
一捻紅,1,ㄧ ㄋㄧㄢˇ ㄏㄨㄥˊ
一攪果,1,ㄧ ㄐㄧㄠˇ ㄍㄨㄛˇ
一攬子,1,ㄧ ㄌㄢˇ ㄗ˙
一整天,1,ㄧ ㄓㄥˇ ㄊㄧㄢ
一日家,1,ㄧ ㄖˋ ㄐㄧㄚ
一早起,1,ㄧ ㄗㄠˇ ㄑㄧˇ
一星子,1,ㄧ ㄒㄧㄥ ㄗ˙
一星星,1,ㄧ ㄒㄧㄥ ㄒㄧㄥ
一會子,1,ㄧ ㄏㄨㄟˇ ㄗ˙
一會家,1,ㄧ ㄏㄨㄟˇ ㄐㄧㄚ˙
一枝棲,1,ㄧ ㄓ ㄑㄧ
一架子,1,ㄧ ㄐㄧㄚˋ ㄗ˙
一條心,1,ㄧ ㄊㄧㄠˊ ㄒㄧㄣ
一條提,1,ㄧ ㄊㄧㄠˊ ㄊㄧˊ
一機靈,1,ㄧ ㄐㄧ ㄌㄧㄥ˙
一檔子,1,ㄧ ㄉㄤˇ ㄗ˙
一步棋,1,ㄧ ㄅㄨˋ ㄑㄧˊ
一江山,1,ㄧ ㄐㄧㄤ ㄕㄢ
一泡子,1,ㄧ ㄆㄠˋ ㄗ˙
一浪淌,1,ㄧ ㄌㄤˋ ㄊㄤˇ
一溜子,1,ㄧ ㄌㄧㄡˋ ㄗ˙
一溜風,1,ㄧ ㄌㄧㄡˋ ㄈㄥ
一滅行,1,ㄧ ㄇㄧㄝˋ ㄒㄧㄥˊ
一灣子,1,ㄧ ㄨㄢ ㄗ˙
一片石,1,ㄧ ㄆㄧㄢˋ ㄕˊ
一片聲,1,ㄧ ㄆㄧㄢˋ ㄕㄥ
一疊聲,1,ㄧ ㄉㄧㄝˊ ㄕㄥ
一百一,1,ㄧ ㄅㄞˇ ㄧ
一百分,1,ㄧ ㄅㄞˇ ㄈㄣ
一碼子,1,ㄧ ㄇㄚˇ ㄗ˙
一磔手,1,ㄧ ㄓㄜˊ ㄕㄡˇ
一程子,1,ㄧ ㄔㄥˊ ㄗ˙
一窩子,1,ㄧ ㄨㄛ ㄗ˙
一窩絲,1,ㄧ ㄨㄛ ㄙ
一筆勾,1,ㄧ ㄅㄧˇ ㄍㄡ
一筆畫,1,ㄧ ㄅㄧˇ ㄏㄨㄚˋ
一簍油,1,ㄧ ㄌㄡˇ ㄧㄡˊ
一納頭,1,ㄧ ㄋㄚˋ ㄊㄡˊ
一統志,1,ㄧ ㄊㄨㄥˇ ㄓˋ
一絲絲,1,ㄧ ㄙ ㄙ
一肚皮,1,ㄧ ㄉㄨˋ ㄆㄧˊ
一肩挑,1,ㄧ ㄐㄧㄢ ㄊㄧㄠ
一腔火,1,ㄧ ㄑㄧㄤ ㄏㄨㄛˇ
一腳地,1,ㄧ ㄐㄧㄠˇ ㄉㄧˋ
一腳指,1,ㄧ ㄐㄧㄠˇ ㄓˇ
一般法,1,ㄧ ㄅㄢ ㄈㄚˇ
一落索,1,ㄧ ㄌㄨㄛˋ ㄙㄨㄛˇ
一葉蘭,1,ㄧ ㄧㄝˋ ㄌㄢˊ
一裹圓,1,ㄧ ㄍㄨㄛˇ ㄩㄢˊ
一讀會,1,ㄧ ㄉㄨˊ ㄏㄨㄟˋ
一路人,1,ㄧ ㄌㄨˋ ㄖㄣˊ
一路哭,1,ㄧ ㄌㄨˋ ㄎㄨ
一路貨,1,ㄧ ㄌㄨˋ ㄏㄨㄛˋ
一踅頭,1,ㄧ ㄒㄩㄝˊ ㄊㄡˊ
一轉語,1,ㄧ ㄓㄨㄢˇ ㄩˇ
一連氣,1,ㄧ ㄌㄧㄢˊ ㄑㄧˋ
一週遭,1,ㄧ ㄓㄡ ㄗㄠ
一道湯,1,ㄧ ㄉㄠˋ ㄊㄤ
一道煙,1,ㄧ ㄉㄠˋ ㄧㄢ
一道風,1,ㄧ ㄉㄠˋ ㄈㄥ
一遞裡,1,ㄧ ㄉㄧˋ ㄌㄧˇ
一鍋煮,1,ㄧ ㄍㄨㄛ ㄓㄨˇ
一鍋粥,1,ㄧ ㄍㄨㄛ ㄓㄡ
一鍋麵,1,ㄧ ㄍㄨㄛ ㄇㄧㄢˋ
一閃神,1,ㄧ ㄕㄢˇ ㄕㄣˊ
一闡提,1,ㄧ ㄔㄢˊ ㄊㄧˊ
一院制,1,ㄧ ㄩㄢˋ ㄓˋ
一陽生,1,ㄧ ㄧㄤˊ ㄕㄥ
一音教,1,ㄧ ㄧㄣ ㄐㄧㄠˋ
一頭水,1,ㄧ ㄊㄡˊ ㄕㄨㄟˇ
一頭蹉,1,ㄧ ㄊㄡˊ ㄘㄨㄛ
一風吹,1,ㄧ ㄈㄥ ㄔㄨㄟ
一黑早,1,ㄧ ㄏㄟ ㄗㄠˇ
一點點,1,ㄧ ㄉㄧㄢˇ ㄉㄧㄢˇ
丁丁糖,1,ㄉㄧㄥ ㄉㄧㄥ ㄊㄤˊ
丁內艱,1,ㄉㄧㄥ ㄋㄟˋ ㄐㄧㄢ
丁口冊,1,ㄉㄧㄥ ㄎㄡˇ ㄘㄜˋ
丁外艱,1,ㄉㄧㄥ ㄨㄞˋ ㄐㄧㄢ
丁字帶,1,ㄉㄧㄥ ㄗˋ ㄉㄞˋ
丁字腳,1,ㄉㄧㄥ ㄗˋ ㄐㄧㄠˇ
丁字路,1,ㄉㄧㄥ ㄗˋ ㄌㄨˋ
丁字鋪,1,ㄉㄧㄥ ㄗˋ ㄆㄨˋ
丁父憂,1,ㄉㄧㄥ ㄈㄨˋ ㄧㄡ
丁甲山,1,ㄉㄧㄥ ㄐㄧㄚˇ ㄕㄢ
丁祭肉,1,ㄉㄧㄥ ㄐㄧˋ ㄖㄡˋ
丁香結,1,ㄉㄧㄥ ㄒㄧㄤ ㄐㄧㄝˊ
七件事,1,ㄑㄧ ㄐㄧㄢˋ ㄕˋ
七八成,1,ㄑㄧ ㄅㄚ ㄔㄥˊ
七十子,1,ㄑㄧ ㄕˊ ㄗˇ
七大洲,1,ㄑㄧ ㄉㄚˋ ㄓㄡ
七娘媽,1,ㄑㄧ ㄋㄧㄤˊ ㄇㄚ
七字法,1,ㄑㄧ ㄗˋ ㄈㄚˇ
七尺軀,1,ㄑㄧ ㄔˇ ㄑㄩ
七林林,1,ㄑㄧ ㄌㄧㄣˊ ㄌㄧㄣˊ
七碗茶,1,ㄑㄧ ㄨㄢˇ ㄔㄚˊ
七香車,1,ㄑㄧ ㄒㄧㄤ ㄔㄜ
丈人峰,1,ㄓㄤˋ ㄖㄣˊ ㄈㄥ
丈人行,1,ㄓㄤˋ ㄖㄣˊ ㄏㄤˊ
丈夫女,1,ㄓㄤˋ ㄈㄨ ㄋㄩˇ
丈夫子,1,ㄓㄤˋ ㄈㄨ ㄗˇ
三一律,1,ㄙㄢ ㄧ ㄌㄩˋ
三七仔,1,ㄙㄢ ㄑㄧ ㄗˇ
三不去,1,ㄙㄢ ㄅㄨˋ ㄑㄩˋ
三不易,1,ㄙㄢ ㄅㄨˋ ㄧˋ
三不歸,1,ㄙㄢ ㄅㄨˋ ㄍㄨㄟ
三不留,1,ㄙㄢ ㄅㄨˋ ㄌㄧㄡˊ
三不知,1,ㄙㄢ ㄅㄨˋ ㄓ
三世佛,1,ㄙㄢ ㄕˋ ㄈㄛˊ
三乘比,1,ㄙㄢ ㄔㄥˊ ㄅㄧˇ
三九天,1,ㄙㄢ ㄐㄧㄡˇ ㄊㄧㄢ
三伏天,1,ㄙㄢ ㄈㄨˊ ㄊㄧㄢ
三停刀,1,ㄙㄢ ㄊㄧㄥˊ ㄉㄠ
三兩步,1,ㄙㄢ ㄌㄧㄤˇ ㄅㄨˋ
三八制,1,ㄙㄢ ㄅㄚ ㄓˋ
三八節,1,ㄙㄢ ㄅㄚ ㄐㄧㄝˊ
三冠王,1,ㄙㄢ ㄍㄨㄢˋ ㄨㄤˊ
三刀夢,1,ㄙㄢ ㄉㄠ ㄇㄥˋ
三叉口,1,ㄙㄢ ㄔㄚ ㄎㄡˇ
三叉路,1,ㄙㄢ ㄔㄚ ㄌㄨˋ
三司使,1,ㄙㄢ ㄙ ㄕˇ
三合房,1,ㄙㄢ ㄏㄜˊ ㄈㄤˊ
三合院,1,ㄙㄢ ㄏㄜˊ ㄩㄢˋ
三善道,1,ㄙㄢ ㄕㄢˋ ㄉㄠˋ
三大件,1,ㄙㄢ ㄉㄚˋ ㄐㄧㄢˋ
三大球,1,ㄙㄢ ㄉㄚˋ ㄑㄧㄡˊ
三大節,1,ㄙㄢ ㄉㄚˋ ㄐㄧㄝˊ
三字獄,1,ㄙㄢ ㄗˋ ㄩˋ
三家村,1,ㄙㄢ ㄐㄧㄚ ㄘㄨㄣ
三家詩,1,ㄙㄢ ㄐㄧㄚ ㄕ
三寸貨,1,ㄙㄢ ㄘㄨㄣˋ ㄏㄨㄛˋ
三小子,1,ㄙㄢ ㄒㄧㄠˇ ㄗ˙
三尖瓣,1,ㄙㄢ ㄐㄧㄢ ㄅㄢˋ
三尸神,1,ㄙㄢ ㄕ ㄕㄣˊ
三尺劍,1,ㄙㄢ ㄔˇ ㄐㄧㄢˋ
三尺喙,1,ㄙㄢ ㄔˇ ㄏㄨㄟˋ
三尺法,1,ㄙㄢ ㄔˇ ㄈㄚˇ
三巨頭,1,ㄙㄢ ㄐㄩˋ ㄊㄡˊ
三希堂,1,ㄙㄢ ㄒㄧ ㄊㄤˊ
三年艾,1,ㄙㄢ ㄋㄧㄢˊ ㄞˋ
三弦書,1,ㄙㄢ ㄒㄧㄢˊ ㄕㄨ
三思臺,1,ㄙㄢˋ ㄙ ㄊㄞˊ
三惡道,1,ㄙㄢ ㄜˋ ㄉㄠˋ
三折肱,1,ㄙㄢ ㄓㄜˊ ㄍㄨㄥ
三拼音,1,ㄙㄢ ㄆㄧㄣ ㄧㄣ
三擊掌,1,ㄙㄢ ㄐㄧˊ ㄓㄤˇ
三春暉,1,ㄙㄢ ㄔㄨㄣ ㄏㄨㄟ
三時教,1,ㄙㄢ ㄕˊ ㄐㄧㄠˋ
三月黃,1,ㄙㄢ ㄩㄝˋ ㄏㄨㄤˊ
三槐堂,1,ㄙㄢ ㄏㄨㄞˊ ㄊㄤˊ
三次方,1,ㄙㄢ ㄘˋ ㄈㄤ
三歸依,1,ㄙㄢ ㄍㄨㄟ ㄧ
三段論,1,ㄙㄢ ㄉㄨㄢˋ ㄌㄨㄣˋ
三水縣,1,ㄙㄢ ㄕㄨㄟˇ ㄒㄧㄢˋ
三法司,1,ㄙㄢ ㄈㄚˇ ㄙ
三無性,1,ㄙㄢ ㄨˊ ㄒㄧㄥˋ
三珠樹,1,ㄙㄢ ㄓㄨ ㄕㄨˋ
三瓣嘴,1,ㄙㄢ ㄅㄢˋ ㄗㄨㄟˇ
三生石,1,ㄙㄢ ㄕㄥ ㄕˊ
三界公,1,ㄙㄢ ㄐㄧㄝˋ ㄍㄨㄥ
三疊紀,1,ㄙㄢ ㄉㄧㄝˊ ㄐㄧˋ
三白草,1,ㄙㄢ ㄅㄞˊ ㄘㄠˇ
三神山,1,ㄙㄢ ㄕㄣˊ ㄕㄢ
三福田,1,ㄙㄢ ㄈㄨˊ ㄊㄧㄢˊ
三稜體,1,ㄙㄢ ㄌㄥˊ ㄊㄧˇ
三節棍,1,ㄙㄢ ㄐㄧㄝˊ ㄍㄨㄣˋ
三簷傘,1,ㄙㄢ ㄧㄢˊ ㄙㄢˇ
三級片,1,ㄙㄢ ㄐㄧˊ ㄆㄧㄢˋ
三統曆,1,ㄙㄢ ㄊㄨㄥˇ ㄌㄧˋ
三線蝶,1,ㄙㄢ ㄒㄧㄢˋ ㄉㄧㄝˊ
三義廟,1,ㄙㄢ ㄧˋ ㄇㄧㄠˋ
三腳櫈,1,ㄙㄢ ㄐㄧㄠˇ ㄉㄥˋ
三色版,1,ㄙㄢ ㄙㄜˋ ㄅㄢˇ
三色菫,1,ㄙㄢ ㄙㄜˋ ㄐㄧㄣˇ
三花臉,1,ㄙㄢ ㄏㄨㄚ ㄌㄧㄢˇ
三葉松,1,ㄙㄢ ㄧㄝˋ ㄙㄨㄥ
三衙家,1,ㄙㄢ ㄧㄚˊ ㄐㄧㄚ
三親等,1,ㄙㄢ ㄑㄧㄣ ㄉㄥˇ
三角尺,1,ㄙㄢ ㄐㄧㄠˇ ㄔˇ
三角巾,1,ㄙㄢ ㄐㄧㄠˇ ㄐㄧㄣ
三角楓,1,ㄙㄢ ㄐㄧㄠˇ ㄈㄥ
三角江,1,ㄙㄢ ㄐㄧㄠˇ ㄐㄧㄤ
三角法,1,ㄙㄢ ㄐㄧㄠˇ ㄈㄚˇ
三角眼,1,ㄙㄢ ㄐㄧㄠˇ ㄧㄢˇ
三角表,1,ㄙㄢ ㄐㄧㄠˇ ㄅㄧㄠˇ
三角點,1,ㄙㄢ ㄐㄧㄠˇ ㄉㄧㄢˇ
三觭龍,1,ㄙㄢ ㄐㄧ ㄌㄨㄥˊ
三語掾,1,ㄙㄢ ㄩˇ ㄩㄢˋ
三論宗,1,ㄙㄢ ㄌㄨㄣˋ ㄗㄨㄥ
三足烏,1,ㄙㄢ ㄗㄨˊ ㄨ
三轉身,1,ㄙㄢ ㄓㄨㄢˇ ㄕㄣ
三道頭,1,ㄙㄢ ㄉㄠˋ ㄊㄡˊ
三都賦,1,ㄙㄢ ㄉㄨ ㄈㄨˋ
三重埔,1,ㄙㄢ ㄔㄨㄥˊ ㄆㄨˇ
三重門,1,ㄙㄢ ㄔㄨㄥˊ ㄇㄣˊ
三銖錢,1,ㄙㄢ ㄓㄨ ㄑㄧㄢˊ
三階教,1,ㄙㄢ ㄐㄧㄝ ㄐㄧㄠˋ
三青子,1,ㄙㄢ ㄑㄧㄥ ㄗ˙
三面網,1,ㄙㄢ ㄇㄧㄢˋ ㄨㄤˇ
三面角,1,ㄙㄢ ㄇㄧㄢˋ ㄐㄧㄠˇ
三鞠躬,1,ㄙㄢ ㄐㄩˊ ㄍㄨㄥ
三鼎甲,1,ㄙㄢ ㄉㄧㄥˇ ㄐㄧㄚˇ
上下床,1,ㄕㄤˋ ㄒㄧㄚˋ ㄔㄨㄤˊ
上刀山,1,ㄕㄤˋ ㄉㄠ ㄕㄢ
上半晌,1,ㄕㄤˋ ㄅㄢˋ ㄕㄤˇ
上口字,1,ㄕㄤˋ ㄎㄡˇ ㄗˋ
上圈套,1,ㄕㄤˋ ㄑㄩㄢ ㄊㄠˋ
上場白,1,ㄕㄤˋ ㄔㄤˇ ㄅㄞˊ
上大人,1,ㄕㄤˋ ㄉㄚˋ ㄖㄣˊ
上年紀,1,ㄕㄤˋ ㄋㄧㄢˊ ㄐㄧ˙
上新世,1,ㄕㄤˋ ㄒㄧㄣ ㄕˋ
上木驢,1,ㄕㄤˋ ㄇㄨˋ ㄌㄩˊ
上林苑,1,ㄕㄤˋ ㄌㄧㄣˊ ㄩㄢˋ
上林賦,1,ㄕㄤˋ ㄌㄧㄣˊ ㄈㄨˋ
上梁文,1,ㄕㄤˋ ㄌㄧㄤˊ ㄨㄣˊ
上水道,1,ㄕㄤˋ ㄕㄨㄟˇ ㄉㄠˋ
上洞人,1,ㄕㄤˋ ㄉㄨㄥˋ ㄖㄣˊ
上流頭,1,ㄕㄤˋ ㄌㄧㄡˊ ㄊㄡˊ
上腰包,1,ㄕㄤˋ ㄧㄠ ㄅㄠ
上花臺,1,ㄕㄤˋ ㄏㄨㄚ ㄊㄞˊ
上西天,1,ㄕㄤˋ ㄒㄧ ㄊㄧㄢ
上陽宮,1,ㄕㄤˋ ㄧㄤˊ ㄍㄨㄥ
上館子,1,ㄕㄤˋ ㄍㄨㄢˇ ㄗ˙
上馬杯,1,ㄕㄤˋ ㄇㄚˇ ㄅㄟ
上馬石,1,ㄕㄤˋ ㄇㄚˇ ㄕˊ
上高坐,1,ㄕㄤˋ ㄍㄠ ㄗㄨㄛˋ
下一肩,1,ㄒㄧㄚˋ ㄧ ㄐㄧㄢ
下三濫,1,ㄒㄧㄚˋ ㄙㄢ ㄌㄢˋ
下三爛,1,ㄒㄧㄚˋ ㄙㄢ ㄌㄢˋ
下三等,1,ㄒㄧㄚˋ ㄙㄢ ㄉㄥˇ
下三面,1,ㄒㄧㄚˋ ㄙㄢ ㄇㄧㄢˋ
下不去,1,ㄒㄧㄚˋ ㄅㄨˋ ㄑㄩˋ
下元節,1,ㄒㄧㄚˋ ㄩㄢˊ ㄐㄧㄝˊ
下功夫,1,ㄒㄧㄚˋ ㄍㄨㄥ ㄈㄨ˙
下半天,1,ㄒㄧㄚˋ ㄅㄢˋ ㄊㄧㄢ
下半晌,1,ㄒㄧㄚˋ ㄅㄢˋ ㄕㄤˇ
下地獄,1,ㄒㄧㄚˋ ㄉㄧˋ ㄩˋ
下城里,1,ㄒㄧㄚˋ ㄔㄥˊ ㄌㄧˇ
下堂妻,1,ㄒㄧㄚˋ ㄊㄤˊ ㄑㄧ
下場白,1,ㄒㄧㄚˋ ㄔㄤˊ ㄅㄞˊ
下場門,1,ㄒㄧㄚˋ ㄔㄤˊ ㄇㄣˊ
下場頭,1,ㄒㄧㄚˋ ㄔㄤ˙ ㄊㄡˊ
下壓力,1,ㄒㄧㄚˋ ㄧㄚ ㄌㄧˋ
下大夫,1,ㄒㄧㄚˋ ㄉㄚˋ ㄈㄨ
下小茶,1,ㄒㄧㄚˋ ㄒㄧㄠˇ ㄔㄚˊ
下工夫,1,ㄒㄧㄚˋ ㄍㄨㄥ ㄈㄨ˙
下巴頦,1,ㄒㄧㄚˋ ㄅㄚ˙ ㄎㄜ
下床氣,1,ㄒㄧㄚˋ ㄔㄨㄤˊ ㄑㄧˋ
下得去,1,ㄒㄧㄚˋ ㄉㄜ˙ ㄑㄩˋ
下戰書,1,ㄒㄧㄚˋ ㄓㄢˋ ㄕㄨ
下插定,1,ㄒㄧㄚˋ ㄔㄚ ㄉㄧㄥˋ
下本錢,1,ㄒㄧㄚˋ ㄅㄣˇ ㄑㄧㄢˊ
下梆子,1,ㄒㄧㄚˋ ㄅㄤ ㄗ˙
下梢頭,1,ㄒㄧㄚˋ ㄕㄠ ㄊㄡˊ
下死勁,1,ㄒㄧㄚˋ ㄙˇ ㄐㄧㄣˋ
下死的,1,ㄒㄧㄚˋ ㄙˇ ㄉㄜ˙
下死眼,1,ㄒㄧㄚˋ ㄙˇ ㄧㄢˇ
下江人,1,ㄒㄧㄚˋ ㄐㄧㄤ ㄖㄣˊ
下油鍋,1,ㄒㄧㄚˋ ㄧㄡˊ ㄍㄨㄛ
下溜頭,1,ㄒㄧㄚˋ ㄌㄧㄡ ㄊㄡ˙
下澤車,1,ㄒㄧㄚˋ ㄗㄜˊ ㄔㄜ
下焉者,1,ㄒㄧㄚˋ ㄧㄢ ㄓㄜˇ
下緬甸,1,ㄒㄧㄚˋ ㄇㄧㄢˇ ㄉㄧㄢˋ
下腳貨,1,ㄒㄧㄚˋ ㄐㄧㄠˇ ㄏㄨㄛˋ
下臺階,1,ㄒㄧㄚˋ ㄊㄞˊ ㄐㄧㄝ
下蛋雞,1,ㄒㄧㄚˋ ㄉㄢˋ ㄐㄧ
下行文,1,ㄒㄧㄚˋ ㄒㄧㄥˊ ㄨㄣˊ
下路人,1,ㄒㄧㄚˋ ㄌㄨˋ ㄖㄣˊ
下酒物,1,ㄒㄧㄚˋ ㄐㄧㄡˇ ㄨˋ
下酒菜,1,ㄒㄧㄚˋ ㄐㄧㄡˇ ㄘㄞˋ
下頭人,1,ㄒㄧㄚˋ ㄊㄡ˙ ㄖㄣˊ
下馬杯,1,ㄒㄧㄚˋ ㄇㄚˇ ㄅㄟ
下馬碑,1,ㄒㄧㄚˋ ㄇㄚˇ ㄅㄟ
下馬陵,1,ㄒㄧㄚˋ ㄇㄚˇ ㄌㄧㄥˊ
下馬飯,1,ㄒㄧㄚˋ ㄇㄚˇ ㄈㄢˋ
不一一,1,ㄅㄨˋ ㄧ ㄧ
不一日,1,ㄅㄨˋ ㄧ ㄖˋ
不一時,1,ㄅㄨˋ ㄧ ㄕˊ
不一致,1,ㄅㄨˋ ㄧ ㄓˋ
不丁點,1,ㄅㄨˋ ㄉㄧㄥ ㄉㄧㄢˇ
不丈夫,1,ㄅㄨˋ ㄓㄤˋ ㄈㄨ
不三思,1,ㄅㄨˋ ㄙㄢ ㄙ
不上串,1,ㄅㄨˋ ㄕㄤˋ ㄔㄨㄢˋ
不上心,1,ㄅㄨˋ ㄕㄤˋ ㄒㄧㄣ
不上眼,1,ㄅㄨˋ ㄕㄤˋ ㄧㄢˇ
不上算,1,ㄅㄨˋ ㄕㄤˋ ㄙㄨㄢˋ
不上路,1,ㄅㄨˋ ㄕㄤˋ ㄌㄨˋ
不下氣,1,ㄅㄨˋ ㄒㄧㄚˋ ㄑㄧˋ
不世出,1,ㄅㄨˋ ㄕˋ ㄔㄨ
不中事,1,ㄅㄨˋ ㄓㄨㄥ ㄕˋ
不中使,1,ㄅㄨˋ ㄓㄨㄥˋ ㄕˇ
不中意,1,ㄅㄨˋ ㄓㄨㄥˋ ㄧˋ
不中手,1,ㄅㄨˋ ㄓㄨㄥ ㄕㄡˇ
不中用,1,ㄅㄨˋ ㄓㄨㄥ ㄩㄥˋ
不中留,1,ㄅㄨˋ ㄓㄨㄥ ㄌㄧㄡˊ
不中聽,1,ㄅㄨˋ ㄓㄨㄥˋ ㄊㄧㄥ
不乾淨,1,ㄅㄨˋ ㄍㄢ ㄐㄧㄥˋ
不了漢,1,ㄅㄨˋ ㄌㄧㄠˇ ㄏㄢˋ
不了解,1,ㄅㄨˋ ㄌㄧㄠˇ ㄐㄧㄝˇ
不二價,1,ㄅㄨˋ ㄦˋ ㄐㄧㄚˋ
不二心,1,ㄅㄨˋ ㄦˋ ㄒㄧㄣ
不二門,1,ㄅㄨˋ ㄦˋ ㄇㄣˊ
不介意,1,ㄅㄨˋ ㄐㄧㄝˋ ㄧˋ
不付得,1,ㄅㄨˋ ㄈㄨˋ ㄉㄜˊ
不付能,1,ㄅㄨˋ ㄈㄨˋ ㄋㄥˊ
不以為,1,ㄅㄨˋ ㄧˇ ㄨㄟˊ
不伏手,1,ㄅㄨˋ ㄈㄨˊ ㄕㄡˇ
不伏老,1,ㄅㄨˋ ㄈㄨˊ ㄌㄠˇ
不伶俐,1,ㄅㄨˋ ㄌㄧㄥˊ ㄌㄧˋ
不住口,1,ㄅㄨˋ ㄓㄨˋ ㄎㄡˇ
不住嘴,1,ㄅㄨˋ ㄓㄨˋ ㄗㄨㄟˇ
不住眼,1,ㄅㄨˋ ㄓㄨˋ ㄧㄢˇ
不作數,1,ㄅㄨˋ ㄗㄨㄛˋ ㄕㄨˋ
不作準,1,ㄅㄨˋ ㄗㄨㄛˋ ㄓㄨㄣˇ
不作為,1,ㄅㄨˋ ㄗㄨㄛˋ ㄨㄟˊ
不作美,1,ㄅㄨˋ ㄗㄨㄛˋ ㄇㄟˇ
不作聲,1,ㄅㄨˋ ㄗㄨㄛˋ ㄕㄥ
不作興,1,ㄅㄨˋ ㄗㄨㄛˋ ㄒㄧㄥ
不來頭,1,ㄅㄨˋ ㄌㄞˊ ㄊㄡˊ
不便宜,1,ㄅㄨˋ ㄅㄧㄢˋ ㄧˊ
不便宜,1,ㄅㄨˋ ㄆㄧㄢˊ ㄧ˙
不便處,1,ㄅㄨˋ ㄅㄧㄢˋ ㄔㄨˋ
不便道,1,ㄅㄨˋ ㄅㄧㄢˋ ㄉㄠˋ
不信道,1,ㄅㄨˋ ㄒㄧㄣˋ ㄉㄠˋ
不倒口,1,ㄅㄨˋ ㄉㄠˇ ㄎㄡˇ
不值當,1,ㄅㄨˋ ㄓˊ ㄉㄤ
不值錢,1,ㄅㄨˋ ㄓˊ ㄑㄧㄢˊ
不做聲,1,ㄅㄨˋ ㄗㄨㄛˋ ㄕㄥ
不做肉,1,ㄅㄨˋ ㄗㄨㄛˋ ㄖㄡˋ
不停住,1,ㄅㄨˋ ㄊㄧㄥˊ ㄓㄨˋ
不停當,1,ㄅㄨˋ ㄊㄧㄥˊ ㄉㄤˋ
不偶世,1,ㄅㄨˋ ㄡˇ ㄕˋ
不像意,1,ㄅㄨˋ ㄒㄧㄤˋ ㄧˋ
不像樣,1,ㄅㄨˋ ㄒㄧㄤˋ ㄧㄤˋ
不像話,1,ㄅㄨˋ ㄒㄧㄤˋ ㄏㄨㄚˋ
不光棍,1,ㄅㄨˋ ㄍㄨㄤ ㄍㄨㄣˋ
不入流,1,ㄅㄨˋ ㄖㄨˋ ㄌㄧㄡˊ
不入眼,1,ㄅㄨˋ ㄖㄨˋ ㄧㄢˇ
不入耳,1,ㄅㄨˋ ㄖㄨˋ ㄦˇ
不入調,1,ㄅㄨˋ ㄖㄨˋ ㄉㄧㄠˋ
不入隊,1,ㄅㄨˋ ㄖㄨˋ ㄉㄨㄟˋ
不共鑣,1,ㄅㄨˋ ㄍㄨㄥˋ ㄅㄧㄠ
不其然,1,ㄅㄨˋ ㄑㄧˊ ㄖㄢˊ
不具名,1,ㄅㄨˋ ㄐㄩˋ ㄇㄧㄥˊ
不凍港,1,ㄅㄨˋ ㄉㄨㄥˋ ㄍㄤˇ
不出材,1,ㄅㄨˋ ㄔㄨ ㄘㄞˊ
不分曉,1,ㄅㄨˋ ㄈㄣ ㄒㄧㄠˇ
不划算,1,ㄅㄨˋ ㄏㄨㄚˊ ㄙㄨㄢˋ
不利市,1,ㄅㄨˋ ㄌㄧˋ ㄕˋ
不利落,1,ㄅㄨˋ ㄌㄧˋ ㄌㄨㄛˋ
不到家,1,ㄅㄨˋ ㄉㄠˋ ㄐㄧㄚ
不到得,1,ㄅㄨˋ ㄉㄠˋ ㄉㄜ˙
不到的,1,ㄅㄨˋ ㄉㄠˋ ㄉㄜ˙
不到頭,1,ㄅㄨˋ ㄉㄠˋ ㄊㄡˊ
不則聲,1,ㄅㄨˋ ㄗㄜˊ ㄕㄥ
不剌剌,1,ㄅㄨˋ ㄌㄚˋ ㄌㄚˋ
不動產,1,ㄅㄨˋ ㄉㄨㄥˋ ㄔㄢˇ
不勝春,1,ㄅㄨˋ ㄕㄥ ㄔㄨㄣ
不勝衣,1,ㄅㄨˋ ㄕㄥ ㄧ
不十分,1,ㄅㄨˋ ㄕˊ ㄈㄣ
不去手,1,ㄅㄨˋ ㄑㄩˋ ㄕㄡˇ
不反顧,1,ㄅㄨˋ ㄈㄢˇ ㄍㄨˋ
不受理,1,ㄅㄨˋ ㄕㄡˋ ㄌㄧˇ
不受用,1,ㄅㄨˋ ㄕㄡˋ ㄩㄥ˙
不受聽,1,ㄅㄨˋ ㄕㄡˋ ㄊㄧㄥ
不可得,1,ㄅㄨˋ ㄎㄜˇ ㄉㄜˊ
不可意,1,ㄅㄨˋ ㄎㄜˇ ㄧˋ
不可期,1,ㄅㄨˋ ㄎㄜˇ ㄑㄧˊ
不可測,1,ㄅㄨˋ ㄎㄜˇ ㄘㄜˋ
不可為,1,ㄅㄨˋ ㄎㄜˇ ㄨㄟˊ
不可狀,1,ㄅㄨˋ ㄎㄜˇ ㄓㄨㄤˋ
不可當,1,ㄅㄨˋ ㄎㄜˇ ㄉㄤ
不可當,1,ㄅㄨˋ ㄎㄜˇ ㄉㄤˇ
不可知,1,ㄅㄨˋ ㄎㄜˇ ㄓ
不可耐,1,ㄅㄨˋ ㄎㄜˇ ㄋㄞˋ
不可言,1,ㄅㄨˋ ㄎㄜˇ ㄧㄢˊ
不可靠,1,ㄅㄨˋ ㄎㄜˇ ㄎㄠˋ
不吃虧,1,ㄅㄨˋ ㄔ ㄎㄨㄟ
不合式,1,ㄅㄨˋ ㄏㄜˊ ㄕˋ
不合格,1,ㄅㄨˋ ㄏㄜˊ ㄍㄜˊ
不合算,1,ㄅㄨˋ ㄏㄜˊ ㄙㄨㄢˋ
不合節,1,ㄅㄨˋ ㄏㄜˊ ㄐㄧㄝˊ
不同意,1,ㄅㄨˋ ㄊㄨㄥˊ ㄧˋ
不君子,1,ㄅㄨˋ ㄐㄩㄣ ㄗˇ
不含糊,1,ㄅㄨˋ ㄏㄢˊ ㄏㄨ˙
不吭氣,1,ㄅㄨˋ ㄎㄥ ㄑㄧˋ
不周到,1,ㄅㄨˋ ㄓㄡ ㄉㄠˋ
不周山,1,ㄅㄨˋ ㄓㄡ ㄕㄢ
不周延,1,ㄅㄨˋ ㄓㄡ ㄧㄢˊ
不周風,1,ㄅㄨˋ ㄓㄡ ㄈㄥ
不唧𠺕,1,ㄅㄨˋ ㄐㄧ ㄌㄧㄡ
不因熱,1,ㄅㄨˋ ㄧㄣ ㄖㄜˋ
不因親,1,ㄅㄨˋ ㄧㄣ ㄑㄧㄣ
不在乎,1,ㄅㄨˋ ㄗㄞˋ ㄏㄨ
不在了,1,ㄅㄨˋ ㄗㄞˋ ㄌㄜ˙
不在意,1,ㄅㄨˋ ㄗㄞˋ ㄧˋ
不在行,1,ㄅㄨˋ ㄗㄞˋ ㄏㄤˊ
不地著,1,ㄅㄨˋ ㄉㄧˋ ㄓㄨㄛˊ
不塵俗,1,ㄅㄨˋ ㄔㄣˊ ㄙㄨˊ
不外乎,1,ㄅㄨˋ ㄨㄞˋ ㄏㄨ
不多時,1,ㄅㄨˋ ㄉㄨㄛ ㄕˊ
不夜國,1,ㄅㄨˋ ㄧㄝˋ ㄍㄨㄛˊ
不夜城,1,ㄅㄨˋ ㄧㄝˋ ㄔㄥˊ
不夜族,1,ㄅㄨˋ ㄧㄝˋ ㄗㄨˊ
不夠味,1,ㄅㄨˋ ㄍㄡˋ ㄨㄟˋ
不夠料,1,ㄅㄨˋ ㄍㄡˋ ㄌㄧㄠˋ
不夠格,1,ㄅㄨˋ ㄍㄡˋ ㄍㄜˊ
不夠瞧,1,ㄅㄨˋ ㄍㄡˋ ㄑㄧㄠˊ
不大緊,1,ㄅㄨˋ ㄉㄚˋ ㄐㄧㄣˇ
不大離,1,ㄅㄨˋ ㄉㄚˋ ㄌㄧˊ
不奈何,1,ㄅㄨˋ ㄋㄞˋ ㄏㄜˊ
不奈煩,1,ㄅㄨˋ ㄋㄞˋ ㄈㄢˊ
不好了,1,ㄅㄨˋ ㄏㄠˇ ㄌㄜ˙
不好弄,1,ㄅㄨˋ ㄏㄠˇ ㄋㄨㄥˋ
不好看,1,ㄅㄨˋ ㄏㄠˇ ㄎㄢˋ
不如意,1,ㄅㄨˋ ㄖㄨˊ ㄧˋ
不如歸,1,ㄅㄨˋ ㄖㄨˊ ㄍㄨㄟ
不妨事,1,ㄅㄨˋ ㄈㄤˊ ㄕˋ
不妨頭,1,ㄅㄨˋ ㄈㄤˊ ㄊㄡˊ
不婚族,1,ㄅㄨˋ ㄏㄨㄣ ㄗㄨˊ
不孕性,1,ㄅㄨˋ ㄩㄣˋ ㄒㄧㄥˋ
不孕症,1,ㄅㄨˋ ㄩㄣˋ ㄓㄥˋ
不存濟,1,ㄅㄨˋ ㄘㄨㄣˊ ㄐㄧˋ
不孝子,1,ㄅㄨˋ ㄒㄧㄠˋ ㄗˇ
不安分,1,ㄅㄨˋ ㄢ ㄈㄣˋ
不安席,1,ㄅㄨˋ ㄢ ㄒㄧˊ
不安生,1,ㄅㄨˋ ㄢ ㄕㄥ
不定交,1,ㄅㄨˋ ㄉㄧㄥˋ ㄐㄧㄠ
不定量,1,ㄅㄨˋ ㄉㄧㄥˋ ㄌㄧㄤˋ
不客氣,1,ㄅㄨˋ ㄎㄜˋ ㄑㄧˋ
不害事,1,ㄅㄨˋ ㄏㄞˋ ㄕˋ
不容人,1,ㄅㄨˋ ㄖㄨㄥˊ ㄖㄣˊ
不容情,1,ㄅㄨˋ ㄖㄨㄥˊ ㄑㄧㄥˊ
不容易,1,ㄅㄨˋ ㄖㄨㄥˊ ㄧˋ
不容物,1,ㄅㄨˋ ㄖㄨㄥˊ ㄨˋ
不寧奈,1,ㄅㄨˋ ㄋㄧㄥˊ ㄋㄞˋ
不尋俗,1,ㄅㄨˋ ㄒㄩㄣˊ ㄙㄨˊ
不對勁,1,ㄅㄨˋ ㄉㄨㄟˋ ㄐㄧㄣˋ
不對盤,1,ㄅㄨˋ ㄉㄨㄟˋ ㄆㄢˊ
不對眼,1,ㄅㄨˋ ㄉㄨㄟˋ ㄧㄢˇ
不對賬,1,ㄅㄨˋ ㄉㄨㄟˋ ㄓㄤˋ
不對頭,1,ㄅㄨˋ ㄉㄨㄟˋ ㄊㄡˊ
不導體,1,ㄅㄨˋ ㄉㄠˇ ㄊㄧˇ
不小可,1,ㄅㄨˋ ㄒㄧㄠˇ ㄎㄜˇ
不小心,1,ㄅㄨˋ ㄒㄧㄠˇ ㄒㄧㄣ
不尷尬,1,ㄅㄨˋ ㄍㄢ ㄍㄚˋ
不巴譜,1,ㄅㄨˋ ㄅㄚ ㄆㄨˇ
不希罕,1,ㄅㄨˋ ㄒㄧ ㄏㄢˇ
不幫襯,1,ㄅㄨˋ ㄅㄤ ㄔㄣˋ
不平凡,1,ㄅㄨˋ ㄆㄧㄥˊ ㄈㄢˊ
不平均,1,ㄅㄨˋ ㄆㄧㄥˊ ㄐㄩㄣ
不平等,1,ㄅㄨˋ ㄆㄧㄥˊ ㄉㄥˇ
不弱似,1,ㄅㄨˋ ㄖㄨㄛˋ ㄙˋ
不弱如,1,ㄅㄨˋ ㄖㄨㄛˋ ㄖㄨˊ
不彀味,1,ㄅㄨˋ ㄍㄡˋ ㄨㄟˋ
不待要,1,ㄅㄨˋ ㄉㄞˋ ㄧㄠˋ
不律頭,1,ㄅㄨˋ ㄌㄩˋ ㄊㄡˊ
不得便,1,ㄅㄨˋ ㄉㄜˊ ㄅㄧㄢˋ
不得勁,1,ㄅㄨˋ ㄉㄜˊ ㄐㄧㄣˋ
不得地,1,ㄅㄨˋ ㄉㄜˊ ㄉㄧˋ
不得志,1,ㄅㄨˋ ㄉㄜˊ ㄓˋ
不得意,1,ㄅㄨˋ ㄉㄜˊ ㄧˋ
不得空,1,ㄅㄨˋ ㄉㄜˊ ㄎㄨㄥˋ
不得臉,1,ㄅㄨˋ ㄉㄜˊ ㄌㄧㄢˇ
不得閒,1,ㄅㄨˋ ㄉㄜˊ ㄒㄧㄢˊ
不徹頭,1,ㄅㄨˋ ㄔㄜˋ ㄊㄡˊ
不忍言,1,ㄅㄨˋ ㄖㄣˇ ㄧㄢˊ
不忘本,1,ㄅㄨˋ ㄨㄤˋ ㄅㄣˇ
不快活,1,ㄅㄨˋ ㄎㄨㄞˋ ㄏㄨㄛˊ
不忿氣,1,ㄅㄨˋ ㄈㄣˋ ㄑㄧˋ
不怕臊,1,ㄅㄨˋ ㄆㄚˋ ㄙㄠˋ
不怯氣,1,ㄅㄨˋ ㄑㄩㄝˋ ㄑㄧˋ
不恁麼,1,ㄅㄨˋ ㄖㄣˋ ㄇㄜ˙
不恰好,1,ㄅㄨˋ ㄑㄧㄚˋ ㄏㄠˇ
不惹氣,1,ㄅㄨˋ ㄖㄜˇ ㄑㄧˋ
不愜氣,1,ㄅㄨˋ ㄑㄧㄝˋ ㄑㄧˋ
不憚煩,1,ㄅㄨˋ ㄉㄢˋ ㄈㄢˊ
不成人,1,ㄅㄨˋ ㄔㄥˊ ㄖㄣˊ
不成字,1,ㄅㄨˋ ㄔㄥˊ ㄗˋ
不成才,1,ㄅㄨˋ ㄔㄥˊ ㄘㄞˊ
不成文,1,ㄅㄨˋ ㄔㄥˊ ㄨㄣˊ
不成章,1,ㄅㄨˋ ㄔㄥˊ ㄓㄤ
不成話,1,ㄅㄨˋ ㄔㄥˊ ㄏㄨㄚˋ
不打慳,1,ㄅㄨˋ ㄉㄚˇ ㄑㄧㄢ
不打話,1,ㄅㄨˋ ㄉㄚˇ ㄏㄨㄚˋ
不打量,1,ㄅㄨˋ ㄉㄚˇ ㄌㄧㄤ˙
不打點,1,ㄅㄨˋ ㄉㄚˇ ㄉㄧㄢˇ
不承望,1,ㄅㄨˋ ㄔㄥˊ ㄨㄤˋ
不抵事,1,ㄅㄨˋ ㄉㄧˇ ㄕˋ
不挂眼,1,ㄅㄨˋ ㄍㄨㄚˋ ㄧㄢˇ
不指望,1,ㄅㄨˋ ㄓˇ ㄨㄤˋ
不捨得,1,ㄅㄨˋ ㄕㄜˇ ㄉㄜ˙
不提防,1,ㄅㄨˋ ㄊㄧˊ ㄈㄤˊ
不搭嘴,1,ㄅㄨˋ ㄉㄚ ㄗㄨㄟˇ
不搭對,1,ㄅㄨˋ ㄉㄚ ㄉㄨㄟˋ
不搭檔,1,ㄅㄨˋ ㄉㄚ ㄉㄤˇ
不搭腔,1,ㄅㄨˋ ㄉㄚ ㄑㄧㄤ
不搭調,1,ㄅㄨˋ ㄉㄚ ㄉㄧㄠˋ
不摸頭,1,ㄅㄨˋ ㄇㄛ ㄊㄡˊ
不放心,1,ㄅㄨˋ ㄈㄤˋ ㄒㄧㄣ
不放逸,1,ㄅㄨˋ ㄈㄤˋ ㄧˋ
不放鬆,1,ㄅㄨˋ ㄈㄤˋ ㄙㄨㄥ
不敢欺,1,ㄅㄨˋ ㄍㄢˇ ㄑㄧ
不整合,1,ㄅㄨˋ ㄓㄥˇ ㄏㄜˊ
不整脈,1,ㄅㄨˋ ㄓㄥˇ ㄇㄞˋ
不數日,1,ㄅㄨˋ ㄕㄨˋ ㄖˋ
不料量,1,ㄅㄨˋ ㄌㄧㄠˋ ㄌㄧㄤˋ
不斷頭,1,ㄅㄨˋ ㄉㄨㄢˋ ㄊㄡˊ
不方便,1,ㄅㄨˋ ㄈㄤ ㄅㄧㄢˋ
不旋踵,1,ㄅㄨˋ ㄒㄩㄢˊ ㄓㄨㄥˇ
不是不,1,ㄅㄨˋ ㄕˋ ㄅㄨˋ
不是事,1,ㄅㄨˋ ㄕˋ ㄕˋ
不是人,1,ㄅㄨˋ ㄕˋ ㄖㄣˊ
不是味,1,ㄅㄨˋ ㄕˋ ㄨㄟˋ
不是算,1,ㄅㄨˋ ㄕˋ ㄙㄨㄢˋ
不是處,1,ㄅㄨˋ ㄕˋ ㄔㄨˋ
不是話,1,ㄅㄨˋ ㄕˋ ㄏㄨㄚˋ
不是路,1,ㄅㄨˋ ㄕˋ ㄌㄨˋ
不是過,1,ㄅㄨˋ ㄕˋ ㄍㄨㄛˋ
不是頭,1,ㄅㄨˋ ㄕˋ ㄊㄡˊ
不時間,1,ㄅㄨˋ ㄕˊ ㄐㄧㄢ
不暖席,1,ㄅㄨˋ ㄋㄨㄢˇ ㄒㄧˊ
不曉事,1,ㄅㄨˋ ㄒㄧㄠˇ ㄕˋ
不朗朗,1,ㄅㄨˋ ㄌㄤˇ ㄌㄤˇ
不查梨,1,ㄅㄨˋ ㄔㄚˊ ㄌㄧˊ
不樂觀,1,ㄅㄨˋ ㄌㄜˋ ㄍㄨㄢ
不正知,1,ㄅㄨˋ ㄓㄥˋ ㄓ
不正經,1,ㄅㄨˋ ㄓㄥˋ ㄐㄧㄥ˙
不歸路,1,ㄅㄨˋ ㄍㄨㄟ ㄌㄨˋ
不死國,1,ㄅㄨˋ ㄙˇ ㄍㄨㄛˊ
不死山,1,ㄅㄨˋ ㄙˇ ㄕㄢ
不死樹,1,ㄅㄨˋ ㄙˇ ㄕㄨˋ
不死民,1,ㄅㄨˋ ㄙˇ ㄇㄧㄣˊ
不死草,1,ㄅㄨˋ ㄙˇ ㄘㄠˇ
不死藥,1,ㄅㄨˋ ㄙˇ ㄧㄠˋ
不氣干,1,ㄅㄨˋ ㄑㄧˋ ㄍㄢ
不氣長,1,ㄅㄨˋ ㄑㄧˋ ㄔㄤˊ
不求人,1,ㄅㄨˋ ㄑㄧㄡˊ ㄖㄣˊ
不沉木,1,ㄅㄨˋ ㄔㄣˊ ㄇㄨˋ
不消得,1,ㄅㄨˋ ㄒㄧㄠ ㄉㄜˊ
不淘神,1,ㄅㄨˋ ㄊㄠˊ ㄕㄣˊ
不湊手,1,ㄅㄨˋ ㄘㄡˋ ㄕㄡˇ
不滿足,1,ㄅㄨˋ ㄇㄢˇ ㄗㄨˊ
不濟事,1,ㄅㄨˋ ㄐㄧˋ ㄕˋ
不灰木,1,ㄅㄨˋ ㄏㄨㄟ ㄇㄨˋ
不為過,1,ㄅㄨˋ ㄨㄟˊ ㄍㄨㄛˋ
不為難,1,ㄅㄨˋ ㄨㄟˊ ㄋㄢˊ
不煩惱,1,ㄅㄨˋ ㄈㄢˊ ㄋㄠˇ
不燼木,1,ㄅㄨˋ ㄐㄧㄣˋ ㄇㄨˋ
不爭多,1,ㄅㄨˋ ㄓㄥ ㄉㄨㄛ
不爭得,1,ㄅㄨˋ ㄓㄥ ㄉㄜ˙
不爽利,1,ㄅㄨˋ ㄕㄨㄤˇ ㄌㄧˋ
不爽快,1,ㄅㄨˋ ㄕㄨㄤˇ ㄎㄨㄞˋ
不犯著,1,ㄅㄨˋ ㄈㄢˋ ㄓㄠˊ
不琅琅,1,ㄅㄨˋ ㄌㄤˊ ㄌㄤˊ
不琅鼓,1,ㄅㄨˋ ㄌㄤˊ ㄍㄨˇ
不理會,1,ㄅㄨˋ ㄌㄧˇ ㄏㄨㄟˋ
不生心,1,ㄅㄨˋ ㄕㄥ ㄒㄧㄣ
不用心,1,ㄅㄨˋ ㄩㄥˋ ㄒㄧㄣ
不用忙,1,ㄅㄨˋ ㄩㄥˋ ㄇㄤˊ
不用愁,1,ㄅㄨˋ ㄩㄥˋ ㄔㄡˊ
不用看,1,ㄅㄨˋ ㄩㄥˋ ㄎㄢˋ
不用說,1,ㄅㄨˋ ㄩㄥˋ ㄕㄨㄛ
不甫能,1,ㄅㄨˋ ㄈㄨˇ ㄋㄥˊ
不由人,1,ㄅㄨˋ ㄧㄡˊ ㄖㄣˊ
不由的,1,ㄅㄨˋ ㄧㄡˊ ㄉㄜ˙
不留心,1,ㄅㄨˋ ㄌㄧㄡˊ ㄒㄧㄣ
不留神,1,ㄅㄨˋ ㄌㄧㄡˊ ㄕㄣˊ
不當人,1,ㄅㄨˋ ㄉㄤ ㄖㄣˊ
不當官,1,ㄅㄨˋ ㄉㄤ ㄍㄨㄢ
不當家,1,ㄅㄨˋ ㄉㄤ ㄐㄧㄚ
不當數,1,ㄅㄨˋ ㄉㄤˋ ㄕㄨˋ
不當準,1,ㄅㄨˋ ㄉㄤˋ ㄓㄨㄣˇ
不當道,1,ㄅㄨˋ ㄉㄤ ㄉㄠˋ
不疑貳,1,ㄅㄨˋ ㄧˊ ㄦˋ
不登登,1,ㄅㄨˋ ㄉㄥ ㄉㄥ
不發心,1,ㄅㄨˋ ㄈㄚ ㄒㄧㄣ
不盡年,1,ㄅㄨˋ ㄐㄧㄣˋ ㄋㄧㄢˊ
不盡心,1,ㄅㄨˋ ㄐㄧㄣˋ ㄒㄧㄣ
不盡木,1,ㄅㄨˋ ㄐㄧㄣˋ ㄇㄨˋ
不盡然,1,ㄅㄨˋ ㄐㄧㄣˋ ㄖㄢˊ
不相投,1,ㄅㄨˋ ㄒㄧㄤ ㄊㄡˊ
不相登,1,ㄅㄨˋ ㄒㄧㄤ ㄉㄥ
不相稱,1,ㄅㄨˋ ㄒㄧㄤ ㄔㄥˋ
不相能,1,ㄅㄨˋ ㄒㄧㄤ ㄋㄥˊ
不相識,1,ㄅㄨˋ ㄒㄧㄤ ㄕˋ
不相關,1,ㄅㄨˋ ㄒㄧㄤ ㄍㄨㄢ
不省事,1,ㄅㄨˋ ㄒㄧㄥˇ ㄕˋ
不省得,1,ㄅㄨˋ ㄒㄧㄥˇ ㄉㄜ˙
不真切,1,ㄅㄨˋ ㄓㄣ ㄑㄧㄝˋ
不眨眼,1,ㄅㄨˋ ㄓㄚˇ ㄧㄢˇ
不睹事,1,ㄅㄨˋ ㄉㄨˇ ㄕˋ
不睹是,1,ㄅㄨˋ ㄉㄨˇ ㄕˋ
不瞑目,1,ㄅㄨˋ ㄇㄧㄥˊ ㄇㄨˋ
不知事,1,ㄅㄨˋ ㄓ ㄕˋ
不知務,1,ㄅㄨˋ ㄓ ㄨˋ
不知名,1,ㄅㄨˋ ㄓ ㄇㄧㄥˊ
不知死,1,ㄅㄨˋ ㄓ ㄙˇ
不知羞,1,ㄅㄨˋ ㄓ ㄒㄧㄡ
不知趣,1,ㄅㄨˋ ㄓ ㄑㄩˋ
不知足,1,ㄅㄨˋ ㄓ ㄗㄨˊ
不礙事,1,ㄅㄨˋ ㄞˋ ㄕˋ
不秀氣,1,ㄅㄨˋ ㄒㄧㄡˋ ㄑㄧˋ
不移時,1,ㄅㄨˋ ㄧˊ ㄕˊ
不稀奇,1,ㄅㄨˋ ㄒㄧ ㄑㄧˊ
不稀罕,1,ㄅㄨˋ ㄒㄧ ㄏㄢˇ
不稱心,1,ㄅㄨˋ ㄔㄥˋ ㄒㄧㄣ
不稱職,1,ㄅㄨˋ ㄔㄥˋ ㄓˊ
不穩便,1,ㄅㄨˋ ㄨㄣˇ ㄅㄧㄢˋ
不答腔,1,ㄅㄨˋ ㄉㄚ ㄑㄧㄤ
不算數,1,ㄅㄨˋ ㄙㄨㄢˋ ㄕㄨˋ
不終朝,1,ㄅㄨˋ ㄓㄨㄥ ㄓㄠ
不結實,1,ㄅㄨˋ ㄐㄧㄝ ㄕ˙
不絕口,1,ㄅㄨˋ ㄐㄩㄝˊ ㄎㄡˇ
不統口,1,ㄅㄨˋ ㄊㄨㄥˇ ㄎㄡˇ
不經心,1,ㄅㄨˋ ㄐㄧㄥ ㄒㄧㄣ
不經打,1,ㄅㄨˋ ㄐㄧㄥ ㄉㄚˇ
不經用,1,ㄅㄨˋ ㄐㄧㄥ ㄩㄥˋ
不織布,1,ㄅㄨˋ ㄓ ㄅㄨˋ
不繫舟,1,ㄅㄨˋ ㄒㄧˋ ㄓㄡ
不羞見,1,ㄅㄨˋ ㄒㄧㄡ ㄐㄧㄢˋ
不老氣,1,ㄅㄨˋ ㄌㄠˇ ㄑㄧˋ
不老藥,1,ㄅㄨˋ ㄌㄠˇ ㄧㄠˋ
不耐煩,1,ㄅㄨˋ ㄋㄞˋ ㄈㄢˊ
不聽使,1,ㄅㄨˋ ㄊㄧㄥ ㄕˇ
不聽手,1,ㄅㄨˋ ㄊㄧㄥ ㄕㄡˇ
不聽話,1,ㄅㄨˋ ㄊㄧㄥ ㄏㄨㄚˋ
不肖子,1,ㄅㄨˋ ㄒㄧㄠˋ ㄗˇ
不能勾,1,ㄅㄨˋ ㄋㄥˊ ㄍㄡ
不能彀,1,ㄅㄨˋ ㄋㄥˊ ㄍㄡˋ
不能為,1,ㄅㄨˋ ㄋㄥˊ ㄨㄟˊ
不自在,1,ㄅㄨˋ ㄗˋ ㄗㄞˋ
不自外,1,ㄅㄨˋ ㄗˋ ㄨㄞˋ
不自涯,1,ㄅㄨˋ ㄗˋ ㄧㄚˊ
不自然,1,ㄅㄨˋ ㄗˋ ㄖㄢˊ
不自知,1,ㄅㄨˋ ㄗˋ ㄓ
不自禁,1,ㄅㄨˋ ㄗˋ ㄐㄧㄣ
不自覺,1,ㄅㄨˋ ㄗˋ ㄐㄩㄝˊ
不自量,1,ㄅㄨˋ ㄗˋ ㄌㄧㄤˋ
不至於,1,ㄅㄨˋ ㄓˋ ㄩˊ
不致於,1,ㄅㄨˋ ㄓˋ ㄩˊ
不舒坦,1,ㄅㄨˋ ㄕㄨ ㄊㄢ˙
不舒服,1,ㄅㄨˋ ㄕㄨ ㄈㄨ˙
不良人,1,ㄅㄨˋ ㄌㄧㄤˊ ㄖㄣˊ
不良帥,1,ㄅㄨˋ ㄌㄧㄤˊ ㄕㄨㄞˋ
不良才,1,ㄅㄨˋ ㄌㄧㄤˊ ㄘㄞˊ
不良會,1,ㄅㄨˋ ㄌㄧㄤˊ ㄏㄨㄟˋ
不苟且,1,ㄅㄨˋ ㄍㄡˇ ㄑㄧㄝˇ
不苦歡,1,ㄅㄨˋ ㄎㄨˇ ㄏㄨㄢ
不苦詐,1,ㄅㄨˋ ㄎㄨˇ ㄓㄚˋ
不落屋,1,ㄅㄨˋ ㄌㄨㄛˋ ㄨ
不落眼,1,ㄅㄨˋ ㄌㄨㄛˋ ㄧㄢˇ
不落空,1,ㄅㄨˋ ㄌㄨㄛˋ ㄎㄨㄥ
不著人,1,ㄅㄨˋ ㄓㄨㄛˊ ㄖㄣˊ
不著家,1,ㄅㄨˋ ㄓㄨㄛˊ ㄐㄧㄚ
不著忙,1,ㄅㄨˋ ㄓㄠˊ ㄇㄤˊ
不著急,1,ㄅㄨˋ ㄓㄠ ㄐㄧˊ
不著情,1,ㄅㄨˋ ㄓㄨㄛˊ ㄑㄧㄥˊ
不著意,1,ㄅㄨˋ ㄓㄨㄛˊ ㄧˋ
不著腳,1,ㄅㄨˋ ㄓㄨㄛˊ ㄐㄧㄠˇ
不著要,1,ㄅㄨˋ ㄓㄨㄛˊ ㄧㄠˋ
不著親,1,ㄅㄨˋ ㄓㄨㄛˊ ㄑㄧㄣ
不著調,1,ㄅㄨˋ ㄓㄨㄛˊ ㄉㄧㄠˋ
不虛發,1,ㄅㄨˋ ㄒㄩ ㄈㄚ
不要忙,1,ㄅㄨˋ ㄧㄠˋ ㄇㄤˊ
不要緊,1,ㄅㄨˋ ㄧㄠˋ ㄐㄧㄣˇ
不要臉,1,ㄅㄨˋ ㄧㄠˋ ㄌㄧㄢˇ
不見便,1,ㄅㄨˋ ㄐㄧㄢˋ ㄅㄧㄢˋ
不見得,1,ㄅㄨˋ ㄐㄧㄢˋ ㄉㄜ˙
不見怪,1,ㄅㄨˋ ㄐㄧㄢˋ ㄍㄨㄞˋ
不見輕,1,ㄅㄨˋ ㄐㄧㄢˋ ㄑㄧㄥ
不見面,1,ㄅㄨˋ ㄐㄧㄢˋ ㄇㄧㄢˋ
不言語,1,ㄅㄨˋ ㄧㄢˊ ㄩ˙
不計較,1,ㄅㄨˋ ㄐㄧˋ ㄐㄧㄠˋ
不討采,1,ㄅㄨˋ ㄊㄠˇ ㄘㄞˇ
不記省,1,ㄅㄨˋ ㄐㄧˋ ㄒㄧㄥˇ
不認人,1,ㄅㄨˋ ㄖㄣˋ ㄖㄣˊ
不認帳,1,ㄅㄨˋ ㄖㄣˋ ㄓㄤˋ
不認得,1,ㄅㄨˋ ㄖㄣˋ ㄉㄜ˙
不說價,1,ㄅㄨˋ ㄕㄨㄛ ㄐㄧㄚˋ
不調勻,1,ㄅㄨˋ ㄊㄧㄠˊ ㄩㄣˊ
不調貼,1,ㄅㄨˋ ㄊㄧㄠˊ ㄊㄧㄝ
不諧當,1,ㄅㄨˋ ㄒㄧㄝˊ ㄉㄤˋ
不諱言,1,ㄅㄨˋ ㄏㄨㄟˋ ㄧㄢˊ
不講究,1,ㄅㄨˋ ㄐㄧㄤˇ ㄐㄧㄡˋ
不識事,1,ㄅㄨˋ ㄕˋ ㄕˋ
不識數,1,ㄅㄨˋ ㄕˋ ㄕㄨˋ
不識氣,1,ㄅㄨˋ ㄕˋ ㄑㄧˋ
不識相,1,ㄅㄨˋ ㄕˋ ㄒㄧㄤˋ
不識竅,1,ㄅㄨˋ ㄕˋ ㄑㄧㄠˋ
不識閒,1,ㄅㄨˋ ㄕˋ ㄒㄧㄢˊ
不貳過,1,ㄅㄨˋ ㄦˋ ㄍㄨㄛˋ
不費力,1,ㄅㄨˋ ㄈㄟˋ ㄌㄧˋ
不賭是,1,ㄅㄨˋ ㄉㄨˇ ㄕˋ
不賭時,1,ㄅㄨˋ ㄉㄨˇ ㄕˊ
不足以,1,ㄅㄨˋ ㄗㄨˊ ㄧˇ
不足多,1,ㄅㄨˋ ㄗㄨˊ ㄉㄨㄛ
不足慮,1,ㄅㄨˋ ㄗㄨˊ ㄌㄩˋ
不足數,1,ㄅㄨˋ ㄗㄨˊ ㄕㄨˋ
不足齒,1,ㄅㄨˋ ㄗㄨˊ ㄔˇ
不踰矩,1,ㄅㄨˋ ㄩˊ ㄐㄩˇ
不送氣,1,ㄅㄨˋ ㄙㄨㄥˋ ㄑㄧˋ
不通濟,1,ㄅㄨˋ ㄊㄨㄥ ㄐㄧˋ
不遂心,1,ㄅㄨˋ ㄙㄨㄟˋ ㄒㄧㄣ
不遂意,1,ㄅㄨˋ ㄙㄨㄟˋ ㄧˋ
不過問,1,ㄅㄨˋ ㄍㄨㄛˋ ㄨㄣˋ
不過意,1,ㄅㄨˋ ㄍㄨㄛˋ ㄧˋ
不過是,1,ㄅㄨˋ ㄍㄨㄛˋ ㄕˋ
不道得,1,ㄅㄨˋ ㄉㄠˋ ㄉㄜ˙
不道德,1,ㄅㄨˋ ㄉㄠˋ ㄉㄜˊ
不道的,1,ㄅㄨˋ ㄉㄠˋ ㄉㄜ˙
不鄧鄧,1,ㄅㄨˋ ㄉㄥˋ ㄉㄥˋ
不釋口,1,ㄅㄨˋ ㄕˋ ㄎㄡˇ
不量力,1,ㄅㄨˋ ㄌㄧㄤˋ ㄌㄧˋ
不錯眼,1,ㄅㄨˋ ㄘㄨㄛˋ ㄧㄢˇ
不鏽鋼,1,ㄅㄨˋ ㄒㄧㄡˋ ㄍㄤ
不鑽營,1,ㄅㄨˋ ㄗㄨㄢ ㄧㄥˊ
不長進,1,ㄅㄨˋ ㄓㄤˇ ㄐㄧㄣˋ
不開交,1,ㄅㄨˋ ㄎㄞ ㄐㄧㄠ
不開眼,1,ㄅㄨˋ ㄎㄞ ㄧㄢˇ
不關心,1,ㄅㄨˋ ㄍㄨㄢ ㄒㄧㄣ
不關親,1,ㄅㄨˋ ㄍㄨㄢ ㄑㄧㄣ
不防頭,1,ㄅㄨˋ ㄈㄤˊ ㄊㄡˊ
不隄防,1,ㄅㄨˋ ㄊㄧˊ ㄈㄤˊ
不離眼,1,ㄅㄨˋ ㄌㄧˊ ㄧㄢˇ
不靈光,1,ㄅㄨˋ ㄌㄧㄥˊ ㄍㄨㄤ
不靈驗,1,ㄅㄨˋ ㄌㄧㄥˊ ㄧㄢˋ
不順手,1,ㄅㄨˋ ㄕㄨㄣˋ ㄕㄡˇ
不順溜,1,ㄅㄨˋ ㄕㄨㄣˋ ㄌㄧㄡ˙
不順眼,1,ㄅㄨˋ ㄕㄨㄣˋ ㄧㄢˇ
不順耳,1,ㄅㄨˋ ㄕㄨㄣˋ ㄦˇ
不順臉,1,ㄅㄨˋ ㄕㄨㄣˋ ㄌㄧㄢˇ
不願意,1,ㄅㄨˋ ㄩㄢˋ ㄧˋ
不食言,1,ㄅㄨˋ ㄕˊ ㄧㄢˊ
不騰騰,1,ㄅㄨˋ ㄊㄥˊ ㄊㄥˊ
不高興,1,ㄅㄨˋ ㄍㄠ ㄒㄧㄥˋ
不齊全,1,ㄅㄨˋ ㄑㄧˊ ㄑㄩㄢˊ
不龜藥,1,ㄅㄨˋ ㄐㄩㄣ ㄧㄠˋ
丑婆子,1,ㄔㄡˇ ㄆㄛˊ ㄗ˙
丑表功,1,ㄔㄡˇ ㄅㄧㄠˇ ㄍㄨㄥ
丕林島,1,ㄆㄧ ㄌㄧㄣˊ ㄉㄠˇ
丙字法,1,ㄅㄧㄥˇ ㄗˋ ㄈㄚˇ
丟不掉,1,ㄉㄧㄡ ㄅㄨˋ ㄉㄧㄠˋ
丟倒頭,1,ㄉㄧㄡ ㄉㄠˇ ㄊㄡˊ
丟包術,1,ㄉㄧㄡ ㄅㄠ ㄕㄨˋ
丟巧針,1,ㄉㄧㄡ ㄑㄧㄠˇ ㄓㄣ
丟紙扇,1,ㄉㄧㄡ ㄓˇ ㄕㄢˋ
丟連扯,1,ㄉㄧㄡ ㄌㄧㄢˊ ㄔㄜˇ
丟門戶,1,ㄉㄧㄡ ㄇㄣˊ ㄏㄨˋ
丟開手,1,ㄉㄧㄡ ㄎㄞ ㄕㄡˇ
丟面子,1,ㄉㄧㄡ ㄇㄧㄢˋ ㄗ˙
丟飯碗,1,ㄉㄧㄡ ㄈㄢˋ ㄨㄢˇ
丟體面,1,ㄉㄧㄡ ㄊㄧˇ ㄇㄧㄢˋ
並不是,1,ㄅㄧㄥˋ ㄅㄨˋ ㄕˋ
並蒂蓮,1,ㄅㄧㄥˋ ㄉㄧˋ ㄌㄧㄢˊ
並頭蓮,1,ㄅㄧㄥˋ ㄊㄡˊ ㄌㄧㄢˊ
丫頭襪,1,ㄧㄚ ㄊㄡˊ ㄨㄚˋ
中信局,1,ㄓㄨㄥ ㄒㄧㄣˋ ㄐㄩˊ
中和殿,1,ㄓㄨㄥ ㄏㄜˊ ㄉㄧㄢˋ
中和節,1,ㄓㄨㄥ ㄏㄜˊ ㄐㄧㄝˊ
中國結,1,ㄓㄨㄥ ㄍㄨㄛˊ ㄐㄧㄝˊ
中山樵,1,ㄓㄨㄥ ㄕㄢ ㄑㄧㄠˊ
中山狼,1,ㄓㄨㄥ ㄕㄢ ㄌㄤˊ
中山縣,1,ㄓㄨㄥ ㄕㄢ ㄒㄧㄢˋ
中州韻,1,ㄓㄨㄥ ㄓㄡ ㄩㄣˋ
中常侍,1,ㄓㄨㄥ ㄔㄤˊ ㄕˋ
中幡會,1,ㄓㄨㄥ ㄈㄢ ㄏㄨㄟˋ
中庶子,1,ㄓㄨㄥ ㄕㄨˋ ㄗˇ
中性花,1,ㄓㄨㄥ ㄒㄧㄥˋ ㄏㄨㄚ
中情局,1,ㄓㄨㄥ ㄑㄧㄥˊ ㄐㄩˊ
中新世,1,ㄓㄨㄥ ㄒㄧㄣ ㄕˋ
中星儀,1,ㄓㄨㄥ ㄒㄧㄥ ㄧˊ
中暗箭,1,ㄓㄨㄥˋ ㄢˋ ㄐㄧㄢˋ
中書君,1,ㄓㄨㄥ ㄕㄨ ㄐㄩㄣ
中果皮,1,ㄓㄨㄥ ㄍㄨㄛˇ ㄆㄧˊ
中條山,1,ㄓㄨㄥ ㄊㄧㄠˊ ㄕㄢ
中氣層,1,ㄓㄨㄥ ㄑㄧˋ ㄘㄥˊ
中洋脊,1,ㄓㄨㄥ ㄧㄤˊ ㄐㄧˊ
中狀元,1,ㄓㄨㄥˋ ㄓㄨㄤˋ ㄩㄢˊ
中用錢,1,ㄓㄨㄥ ㄩㄥˋ ㄑㄧㄢˊ
中祕書,1,ㄓㄨㄥ ㄇㄧˋ ㄕㄨ
中秋帖,1,ㄓㄨㄥ ㄑㄧㄡ ㄊㄧㄝˋ
中立詞,1,ㄓㄨㄥ ㄌㄧˋ ㄘˊ
中藥鋪,1,ㄓㄨㄥ ㄧㄠˋ ㄆㄨˋ
中觀派,1,ㄓㄨㄥ ㄍㄨㄢ ㄆㄞˋ
中觀論,1,ㄓㄨㄥ ㄍㄨㄢ ㄌㄨㄣˋ
中貴人,1,ㄓㄨㄥ ㄍㄨㄟˋ ㄖㄣˊ
中軍帳,1,ㄓㄨㄥ ㄐㄩㄣ ㄓㄤˋ
中近景,1,ㄓㄨㄥ ㄐㄧㄣˋ ㄐㄧㄥˇ
中選區,1,ㄓㄨㄥ ㄒㄩㄢˇ ㄑㄩ
串花家,1,ㄔㄨㄢˋ ㄏㄨㄚ ㄐㄧㄚ
串親戚,1,ㄔㄨㄢˋ ㄑㄧㄣ ㄑㄧ˙
串鼻子,1,ㄔㄨㄢˋ ㄅㄧˊ ㄗ˙
丹珠爾,1,ㄉㄢ ㄓㄨ ㄦˇ
丹砂井,1,ㄉㄢ ㄕㄚ ㄐㄧㄥˇ
丹青手,1,ㄉㄢ ㄑㄧㄥ ㄕㄡˇ
丹鳳城,1,ㄉㄢ ㄈㄥˋ ㄔㄥˊ
丹麥語,1,ㄉㄢ ㄇㄞˋ ㄩˇ
主人婆,1,ㄓㄨˇ ㄖㄣˊ ㄆㄛˊ
主元音,1,ㄓㄨˇ ㄩㄢˊ ㄧㄣ
主動式,1,ㄓㄨˇ ㄉㄨㄥˋ ㄕˋ
主和弦,1,ㄓㄨˇ ㄏㄜˊ ㄒㄧㄢˊ
主契約,1,ㄓㄨˇ ㄑㄧˋ ㄩㄝ
主導詞,1,ㄓㄨˇ ㄉㄠˇ ㄘˊ
主序帶,1,ㄓㄨˇ ㄒㄩˋ ㄉㄞˋ
主序星,1,ㄓㄨˇ ㄒㄩˋ ㄒㄧㄥ
主打歌,1,ㄓㄨˇ ㄉㄚˇ ㄍㄜ
主知說,1,ㄓㄨˇ ㄓ ㄕㄨㄛ
主航道,1,ㄓㄨˇ ㄏㄤˊ ㄉㄠˋ
主調音,1,ㄓㄨˇ ㄉㄧㄠˋ ㄧㄣ
乍猛的,1,ㄓㄚˋ ㄇㄥˇ ㄉㄜ˙
乏樣子,1,ㄈㄚˊ ㄧㄤˋ ㄗ˙
乖乖嘴,1,ㄍㄨㄞ ㄍㄨㄞ ㄗㄨㄟˇ
乖乖的,1,ㄍㄨㄞ ㄍㄨㄞ ㄉㄜ˙
乖離率,1,ㄍㄨㄞ ㄌㄧˊ ㄌㄩˋ
乘務員,1,ㄔㄥˊ ㄨˋ ㄩㄢˊ
乘軒鶴,1,ㄔㄥˊ ㄒㄩㄢ ㄏㄜˋ
乜斜眼,1,ㄇㄧㄝ ㄒㄧㄝ˙ ㄧㄢˇ
九一四,1,ㄐㄧㄡˇ ㄧ ㄙˋ
九品詞,1,ㄐㄧㄡˇ ㄆㄧㄣˇ ㄘˊ
九如鄉,1,ㄐㄧㄡˇ ㄖㄨˊ ㄒㄧㄤ
九子母,1,ㄐㄧㄡˇ ㄗˇ ㄇㄨˇ
九官鳥,1,ㄐㄧㄡˇ ㄍㄨㄢ ㄋㄧㄠˇ
九尾狐,1,ㄐㄧㄡˇ ㄨㄟˇ ㄏㄨˊ
九尾龜,1,ㄐㄧㄡˇ ㄨㄟˇ ㄍㄨㄟ
九嶷山,1,ㄐㄧㄡˇ ㄧˊ ㄕㄢ
九成九,1,ㄐㄧㄡˇ ㄔㄥˊ ㄐㄧㄡˇ
九成宮,1,ㄐㄧㄡˇ ㄔㄥˊ ㄍㄨㄥ
九折臂,1,ㄐㄧㄡˇ ㄓㄜˊ ㄅㄧˋ
九方皋,1,ㄐㄧㄡˇ ㄈㄤ ㄍㄠ
九更天,1,ㄐㄧㄡˇ ㄍㄥ ㄊㄧㄢ
九江市,1,ㄐㄧㄡˇ ㄐㄧㄤ ㄕˋ
九牛毛,1,ㄐㄧㄡˇ ㄋㄧㄡˊ ㄇㄠˊ
九疊篆,1,ㄐㄧㄡˇ ㄉㄧㄝˊ ㄓㄨㄢˋ
九疑山,1,ㄐㄧㄡˇ ㄧˊ ㄕㄢ
九章律,1,ㄐㄧㄡˇ ㄓㄤ ㄌㄩˋ
九節鞭,1,ㄐㄧㄡˇ ㄐㄧㄝˊ ㄅㄧㄢ
九老會,1,ㄐㄧㄡˇ ㄌㄠˇ ㄏㄨㄟˋ
九華山,1,ㄐㄧㄡˇ ㄏㄨㄚˊ ㄕㄢ
九華帳,1,ㄐㄧㄡˇ ㄏㄨㄚˊ ㄓㄤˋ
九蓮燈,1,ㄐㄧㄡˇ ㄌㄧㄢˊ ㄉㄥ
九轉丹,1,ㄐㄧㄡˇ ㄓㄨㄢˇ ㄉㄢ
九迴腸,1,ㄐㄧㄡˇ ㄏㄨㄟˊ ㄔㄤˊ
九連環,1,ㄐㄧㄡˇ ㄌㄧㄢˊ ㄏㄨㄢˊ
九還丹,1,ㄐㄧㄡˇ ㄏㄨㄢˊ ㄉㄢ
九重霄,1,ㄐㄧㄡˇ ㄔㄨㄥˊ ㄒㄧㄠ
九音鑼,1,ㄐㄧㄡˇ ㄧㄣ ㄌㄨㄛˊ
九香蟲,1,ㄐㄧㄡˇ ㄒㄧㄤ ㄔㄨㄥˊ
九龍壁,1,ㄐㄧㄡˇ ㄌㄨㄥˊ ㄅㄧˋ
九龍杯,1,ㄐㄧㄡˇ ㄌㄨㄥˊ ㄅㄟ
乞骸骨,1,ㄑㄧˇ ㄏㄞˊ ㄍㄨˇ
也速該,1,ㄧㄝˇ ㄙㄨˋ ㄍㄞ
也麼哥,1,ㄧㄝˇ ㄇㄛˊ ㄍㄜ
乳腺炎,1,ㄖㄨˇ ㄒㄧㄢˋ ㄧㄢˊ
乾刻版,1,ㄍㄢ ㄎㄜˋ ㄅㄢˇ
乾剝剝,1,ㄍㄢ ㄅㄛ ㄅㄛ
乾嚥唾,1,ㄍㄢ ㄧㄢˋ ㄊㄨㄛˋ
乾回付,1,ㄍㄢ ㄏㄨㄟˊ ㄈㄨˋ
乾奴才,1,ㄍㄢ ㄋㄨˊ ㄘㄞˊ
乾妹妹,1,ㄍㄢ ㄇㄟˋ ㄇㄟ˙
乾屎橛,1,ㄍㄢ ㄕˇ ㄐㄩㄝˊ
乾撂臺,1,ㄍㄢ ㄌㄧㄠˋ ㄊㄞˊ
乾撇下,1,ㄍㄢ ㄆㄧㄝ ㄒㄧㄚˋ
乾支剌,1,ㄍㄢ ㄓ ㄌㄚˋ
乾支支,1,ㄍㄢ ㄓ ㄓ
乾村沙,1,ㄍㄢ ㄘㄨㄣ ㄕㄚ
乾清宮,1,ㄑㄧㄢˊ ㄑㄧㄥ ㄍㄨㄥ
乾燥花,1,ㄍㄢ ㄗㄠˋ ㄏㄨㄚ
乾生受,1,ㄍㄢ ㄕㄥ ㄕㄡˋ
乾生子,1,ㄍㄢ ㄕㄥ ㄗˇ
乾篾片,1,ㄍㄢ ㄇㄧㄝˋ ㄆㄧㄢˋ
乾茨臘,1,ㄍㄢ ㄘˊ ㄌㄚˋ
乾茶錢,1,ㄍㄢ ㄔㄚˊ ㄑㄧㄢˊ
乾落得,1,ㄍㄢ ㄌㄠˋ ㄉㄜ˙
乾衣機,1,ㄍㄢ ㄧ ㄐㄧ
乾親家,1,ㄍㄢ ㄑㄧㄥˋ ㄐㄧㄚ
乾貨船,1,ㄍㄢ ㄏㄨㄛˋ ㄔㄨㄢˊ
乾阿嬭,1,ㄍㄢ ㄚˋ ㄋㄞˇ
乾霍亂,1,ㄍㄢ ㄏㄨㄛˋ ㄌㄨㄢˋ
亂反射,1,ㄌㄨㄢˋ ㄈㄢˇ ㄕㄜˋ
亂墳崗,1,ㄌㄨㄢˋ ㄈㄣˊ ㄍㄤ
亂天常,1,ㄌㄨㄢˋ ㄊㄧㄢ ㄔㄤˊ
亂家子,1,ㄌㄨㄢˋ ㄐㄧㄚ ㄗˇ
亂岔岔,1,ㄌㄨㄢˋ ㄔㄚˋ ㄔㄚ˙
亂得慌,1,ㄌㄨㄢˋ ㄉㄜ˙ ㄏㄨㄤ
亂擾擾,1,ㄌㄨㄢˋ ㄖㄠˇ ㄖㄠˇ
亂攛攛,1,ㄌㄨㄢˋ ㄘㄨㄢ ㄘㄨㄢ
亂放炮,1,ㄌㄨㄢˋ ㄈㄤˋ ㄆㄠˋ
亂氣流,1,ㄌㄨㄢˋ ㄑㄧˋ ㄌㄧㄡˊ
亂穿靴,1,ㄌㄨㄢˋ ㄔㄨㄢ ㄒㄩㄝ
亂紛紛,1,ㄌㄨㄢˋ ㄈㄣ ㄈㄣ
亂葬埂,1,ㄌㄨㄢˋ ㄗㄤˋ ㄍㄥˇ
亂針繡,1,ㄌㄨㄢˋ ㄓㄣ ㄒㄧㄡˋ
亂集團,1,ㄌㄨㄢˋ ㄐㄧˊ ㄊㄨㄢˊ
亂騰騰,1,ㄌㄨㄢˋ ㄊㄥ ㄊㄥ
亂騰騰,1,ㄌㄨㄢˋ ㄊㄥˊ ㄊㄥˊ
亂鬆鬆,1,ㄌㄨㄢˋ ㄙㄨㄥ ㄙㄨㄥ
了不得,1,ㄌㄧㄠˇ ㄅㄨ˙ ㄉㄜ˙
了不成,1,ㄌㄧㄠˇ ㄅㄨ˙ ㄔㄥˊ
了事環,1,ㄌㄧㄠˇ ㄕˋ ㄏㄨㄢˊ
了得了,1,ㄌㄧㄠˇ ㄉㄜ˙ ㄌㄧㄠˇ
予一人,1,ㄩˊ ㄧ ㄖㄣˊ
予小子,1,ㄩˊ ㄒㄧㄠˇ ㄗˇ
二三子,1,ㄦˋ ㄙㄢ ㄗˇ
二不愣,1,ㄦˋ ㄅㄨ˙ ㄌㄥˋ
二五八,1,ㄦˋ ㄨˇ ㄅㄚ
二五更,1,ㄦˋ ㄨˇ ㄍㄥ
二五眼,1,ㄦˋ ㄨ˙ ㄧㄢˇ
二五耦,1,ㄦˋ ㄨˇ ㄡˇ
二人臺,1,ㄦˋ ㄖㄣˊ ㄊㄞˊ
二人轉,1,ㄦˋ ㄖㄣˊ ㄓㄨㄢˇ
二元酸,1,ㄦˋ ㄩㄢˊ ㄙㄨㄢ
二六板,1,ㄦˋ ㄌㄧㄡˋ ㄅㄢˇ
二化螟,1,ㄦˋ ㄏㄨㄚˋ ㄇㄧㄥˊ
二千石,1,ㄦˋ ㄑㄧㄢ ㄉㄢˋ
二口蟲,1,ㄦˋ ㄎㄡˇ ㄔㄨㄥˊ
二吊六,1,ㄦˋ ㄉㄧㄠˋ ㄌㄧㄡˋ
二名法,1,ㄦˋ ㄇㄧㄥˊ ㄈㄚˇ
二和藥,1,ㄦˋ ㄏㄨㄛˋ ㄧㄠˋ
二哥大,1,ㄦˋ ㄍㄜ ㄉㄚˋ
二地主,1,ㄦˋ ㄉㄧˋ ㄓㄨˇ
二太爺,1,ㄦˋ ㄊㄞˋ ㄧㄝˊ
二夫人,1,ㄦˋ ㄈㄨ ㄖㄣˊ
二娘子,1,ㄦˋ ㄋㄧㄤˊ ㄗ˙
二婚頭,1,ㄦˋ ㄏㄨㄣ ㄊㄡˊ
二家花,1,ㄦˋ ㄐㄧㄚ ㄏㄨㄚ
二尺半,1,ㄦˋ ㄔˇ ㄅㄢˋ
二尾子,1,ㄦˋ ㄨㄟˇ ㄗ˙
二屋裡,1,ㄦˋ ㄨ ㄌㄧ˙
二崙鄉,1,ㄦˋ ㄌㄨㄣˊ ㄒㄧㄤ
二年根,1,ㄦˋ ㄋㄧㄢˊ ㄍㄣ
二形花,1,ㄦˋ ㄒㄧㄥˊ ㄏㄨㄚ
二性子,1,ㄦˋ ㄒㄧㄥˋ ㄗ˙
二愣子,1,ㄦˋ ㄌㄥˋ ㄗ˙
二把刀,1,ㄦˋ ㄅㄚˇ ㄉㄠ
二拇指,1,ㄦˋ ㄇㄨˇ ㄓˇ
二會子,1,ㄦˋ ㄏㄨㄟˋ ㄗ˙
二月二,1,ㄦˋ ㄩㄝˋ ㄦˋ
二朝廷,1,ㄦˋ ㄔㄠˊ ㄊㄧㄥˊ
二林鎮,1,ㄦˋ ㄌㄧㄣˊ ㄓㄣˋ
二桿子,1,ㄦˋ ㄍㄢˇ ㄗ˙
二毛子,1,ㄦˋ ㄇㄠˊ ㄗ˙
二水鄉,1,ㄦˋ ㄕㄨㄟˇ ㄒㄧㄤ
二流子,1,ㄦˋ ㄌㄧㄡˊ ㄗ˙
二混子,1,ㄦˋ ㄏㄨㄣˋ ㄗ˙
二王帖,1,ㄦˋ ㄨㄤˊ ㄊㄧㄝˋ
二田制,1,ㄦˋ ㄊㄧㄢˊ ㄓˋ
二疊系,1,ㄦˋ ㄉㄧㄝˊ ㄒㄧˋ
二疊紀,1,ㄦˋ ㄉㄧㄝˊ ㄐㄧˋ
二等分,1,ㄦˋ ㄉㄥˇ ㄈㄣ
二等國,1,ㄦˋ ㄉㄥˇ ㄍㄨㄛˊ
二缸湯,1,ㄦˋ ㄍㄤ ㄊㄤ
二聖環,1,ㄦˋ ㄕㄥˋ ㄏㄨㄢˊ
二腮類,1,ㄦˋ ㄙㄞ ㄌㄟˋ
二花臉,1,ㄦˋ ㄏㄨㄚ ㄌㄧㄢˇ
二葷鋪,1,ㄦˋ ㄏㄨㄣ ㄆㄨˋ
二親等,1,ㄦˋ ㄑㄧㄣ ㄉㄥˇ
二賴子,1,ㄦˋ ㄌㄞˋ ㄗ˙
二足尊,1,ㄦˋ ㄗㄨˊ ㄗㄨㄣ
二踢腳,1,ㄦˋ ㄊㄧ ㄐㄧㄠˇ
二軸晶,1,ㄦˋ ㄓㄡˊ ㄐㄧㄥ
二進宮,1,ㄦˋ ㄐㄧㄣˋ ㄍㄨㄥ
二進法,1,ㄦˋ ㄐㄧㄣˋ ㄈㄚˇ
二郎神,1,ㄦˋ ㄌㄤˊ ㄕㄣˊ
二陳湯,1,ㄦˋ ㄔㄣˊ ㄊㄤ
互感應,1,ㄏㄨˋ ㄍㄢˇ ㄧㄥˋ
五代史,1,ㄨˇ ㄉㄞˋ ㄕˇ
五侯鯖,1,ㄨˇ ㄏㄡˊ ㄓㄥ
五大夫,1,ㄨˇ ㄉㄚˋ ㄈㄨ
五大洋,1,ㄨˇ ㄉㄚˋ ㄧㄤˊ
五失本,1,ㄨˇ ㄕ ㄅㄣˇ
五妃廟,1,ㄨˇ ㄈㄟ ㄇㄧㄠˋ
五字訣,1,ㄨˇ ㄗˋ ㄐㄩㄝˊ
五斂子,1,ㄨˇ ㄌㄧㄢˋ ㄗˇ
五斗米,1,ㄨˇ ㄉㄡˇ ㄇㄧˇ
五方佛,1,ㄨˇ ㄈㄤ ㄈㄛˊ
五更天,1,ㄨˇ ㄍㄥ ㄊㄧㄢ
五更雞,1,ㄨˇ ㄍㄥ ㄐㄧ
五更頭,1,ㄨˇ ㄍㄥ ㄊㄡˊ
五步蛇,1,ㄨˇ ㄅㄨˋ ㄕㄜˊ
五熟行,1,ㄨˇ ㄕㄡˊ ㄏㄤˊ
五瘟使,1,ㄨˇ ㄨㄣ ㄕˇ
五眼雞,1,ㄨˇ ㄧㄢˇ ㄐㄧ
五福紙,1,ㄨˇ ㄈㄨˊ ㄓˇ
五禽戲,1,ㄨˇ ㄑㄧㄣˊ ㄒㄧˋ
五種性,1,ㄨˇ ㄓㄨㄥˇ ㄒㄧㄥˋ
五經笥,1,ㄨˇ ㄐㄧㄥ ㄙˋ
五臟神,1,ㄨˇ ㄗㄤˋ ㄕㄣˊ
五臺山,1,ㄨˇ ㄊㄞˊ ㄕㄢ
五色筆,1,ㄨˇ ㄙㄜˋ ㄅㄧˇ
五花馬,1,ㄨˇ ㄏㄨㄚ ㄇㄚˇ
五路酒,1,ㄨˇ ㄌㄨˋ ㄐㄧㄡˇ
五通神,1,ㄨˇ ㄊㄨㄥ ㄕㄣˊ
五量店,1,ㄨˇ ㄌㄧㄤˊ ㄉㄧㄢˋ
井窩子,1,ㄐㄧㄥˇ ㄨㄛ ㄗ˙
井陘縣,1,ㄐㄧㄥˇ ㄒㄧㄥˊ ㄒㄧㄢˋ
些娘大,1,ㄒㄧㄝ ㄋㄧㄤˊ ㄉㄚˋ
亞丁灣,1,ㄧㄚˋ ㄉㄧㄥ ㄨㄢ
亞喬木,1,ㄧㄚˋ ㄑㄧㄠˊ ㄇㄨˋ
亞格拉,1,ㄧㄚˋ ㄍㄜˊ ㄌㄚ
亞熱帶,1,ㄧㄚˋ ㄖㄜˋ ㄉㄞˋ
亞瑟王,1,ㄧㄚˋ ㄙㄜˋ ㄨㄤˊ
亞硝酸,1,ㄧㄚˋ ㄒㄧㄠ ㄙㄨㄢ
亞硫酐,1,ㄧㄚˋ ㄌㄧㄡˊ ㄍㄢ
亞硫酸,1,ㄧㄚˋ ㄌㄧㄡˊ ㄙㄨㄢ
亡是公,1,ㄨˊ ㄕˋ ㄍㄨㄥ
亡血家,1,ㄨㄤˊ ㄒㄧㄝˇ ㄐㄧㄚ
交叉線,1,ㄐㄧㄠ ㄔㄚ ㄒㄧㄢˋ
交杯盞,1,ㄐㄧㄠ ㄅㄟ ㄓㄢˇ
交流區,1,ㄐㄧㄠ ㄌㄧㄡˊ ㄑㄩ
交節氣,1,ㄐㄧㄠ ㄐㄧㄝˊ ㄑㄧˋ
交織線,1,ㄐㄧㄠ ㄓ ㄒㄧㄢˋ
交誼舞,1,ㄐㄧㄠ ㄧˋ ㄨˇ
交趾燒,1,ㄐㄧㄠ ㄓˇ ㄕㄠ
交趾陶,1,ㄐㄧㄠ ㄓˇ ㄊㄠˊ
交通島,1,ㄐㄧㄠ ㄊㄨㄥ ㄉㄠˇ
交通量,1,ㄐㄧㄠ ㄊㄨㄥ ㄌㄧㄤˋ
交配色,1,ㄐㄧㄠ ㄆㄟˋ ㄙㄜˋ
京二胡,1,ㄐㄧㄥ ㄦˋ ㄏㄨˊ
京八寸,1,ㄐㄧㄥ ㄅㄚ ㄘㄨㄣˋ
京油子,1,ㄐㄧㄥ ㄧㄡˊ ㄗ˙
京畿令,1,ㄐㄧㄥ ㄐㄧ ㄌㄧㄥˋ
京花子,1,ㄐㄧㄥ ㄏㄨㄚ ㄗ˙
亭子間,1,ㄊㄧㄥˊ ㄗ˙ ㄐㄧㄢ
亭彩店,1,ㄊㄧㄥˊ ㄘㄞˇ ㄉㄧㄢˋ
亮光光,1,ㄌㄧㄤˋ ㄍㄨㄤ ㄍㄨㄤ
亮光漆,1,ㄌㄧㄤˋ ㄍㄨㄤ ㄑㄧ
亮光蠟,1,ㄌㄧㄤˋ ㄍㄨㄤ ㄌㄚˋ
亮堂堂,1,ㄌㄧㄤˋ ㄊㄤ˙ ㄊㄤ˙
亮場子,1,ㄌㄧㄤˋ ㄔㄤˊ ㄗ˙
亮底牌,1,ㄌㄧㄤˋ ㄉㄧˇ ㄆㄞˊ
亮晃晃,1,ㄌㄧㄤˋ ㄏㄨㄤˇ ㄏㄨㄤˇ
亮梆子,1,ㄌㄧㄤˋ ㄅㄤ ㄗ˙
亮灼灼,1,ㄌㄧㄤˋ ㄓㄨㄛˊ ㄓㄨㄛˊ
亮眼人,1,ㄌㄧㄤˋ ㄧㄢˇ ㄖㄣˊ
亮紅燈,1,ㄌㄧㄤˋ ㄏㄨㄥˊ ㄉㄥ
亮色調,1,ㄌㄧㄤˋ ㄙㄜˋ ㄉㄧㄠˋ
亮錚錚,1,ㄌㄧㄤˋ ㄓㄥ ㄓㄥ
人上人,1,ㄖㄣˊ ㄕㄤˋ ㄖㄣˊ
人中龍,1,ㄖㄣˊ ㄓㄨㄥ ㄌㄨㄥˊ
人來瘋,1,ㄖㄣˊ ㄌㄞˊ ㄈㄥ
人勝節,1,ㄖㄣˊ ㄕㄥˋ ㄐㄧㄝˊ
人情貨,1,ㄖㄣˊ ㄑㄧㄥˊ ㄏㄨㄛˋ
人才庫,1,ㄖㄣˊ ㄘㄞˊ ㄎㄨˋ
人樣子,1,ㄖㄣˊ ㄧㄤˋ ㄗ˙
人猿科,1,ㄖㄣˊ ㄩㄢˊ ㄎㄜ
人窩子,1,ㄖㄣˊ ㄨㄛ ㄗ˙
人與鼠,1,ㄖㄣˊ ㄩˇ ㄕㄨˇ
人販子,1,ㄖㄣˊ ㄈㄢˋ ㄗ˙
人非人,1,ㄖㄣˊ ㄈㄟ ㄖㄣˊ
人面上,1,ㄖㄣˊ ㄇㄧㄢˋ ㄕㄤˋ
人頭保,1,ㄖㄣˊ ㄊㄡˊ ㄅㄠˇ
人頭戶,1,ㄖㄣˊ ㄊㄡˊ ㄏㄨˋ
什不閑,1,ㄕˊ ㄅㄨˋ ㄒㄧㄢˊ
仄起體,1,ㄗㄜˋ ㄑㄧˇ ㄊㄧˇ
仇國論,1,ㄔㄡˊ ㄍㄨㄛˊ ㄌㄨㄣˋ
仇疙瘩,1,ㄔㄡˊ ㄍㄜ ㄉㄚ˙
今世說,1,ㄐㄧㄣ ㄕˋ ㄕㄨㄛ
今文家,1,ㄐㄧㄣ ㄨㄣˊ ㄐㄧㄚ
今文經,1,ㄐㄧㄣ ㄨㄣˊ ㄐㄧㄥ
今體詩,1,ㄐㄧㄣ ㄊㄧˇ ㄕ
介之推,1,ㄐㄧㄝˋ ㄓ ㄊㄨㄟ
介殼蟲,1,ㄐㄧㄝˋ ㄎㄜˊ ㄔㄨㄥˊ
介電質,1,ㄐㄧㄝˋ ㄉㄧㄢˋ ㄓˊ
介面板,1,ㄐㄧㄝˋ ㄇㄧㄢˋ ㄅㄢˇ
仔牛肉,1,ㄗㄞˇ ㄋㄧㄡˊ ㄖㄡˋ
他敘式,1,ㄊㄚ ㄒㄩˋ ㄕˋ
他方說,1,ㄊㄚ ㄈㄤ ㄕㄨㄛ
仗腰子,1,ㄓㄤˋ ㄧㄠ ㄗ˙
付丙丁,1,ㄈㄨˋ ㄅㄧㄥˇ ㄉㄧㄥ
付衣缽,1,ㄈㄨˋ ㄧ ㄅㄛ
仙人拳,1,ㄒㄧㄢ ㄖㄣˊ ㄑㄩㄢˊ
仙人擔,1,ㄒㄧㄢ ㄖㄣˊ ㄉㄢˋ
仙公廟,1,ㄒㄧㄢ ㄍㄨㄥ ㄇㄧㄠˋ
仙女廟,1,ㄒㄧㄢ ㄋㄩˇ ㄇㄧㄠˋ
仙霞嶺,1,ㄒㄧㄢ ㄒㄧㄚˊ ㄌㄧㄥˇ
仙鶴草,1,ㄒㄧㄢ ㄏㄜˋ ㄘㄠˇ
仡佬族,1,ㄑㄧˋ ㄌㄠˇ ㄗㄨˊ
代位權,1,ㄉㄞˋ ㄨㄟˋ ㄑㄩㄢˊ
代執行,1,ㄉㄞˋ ㄓˊ ㄒㄧㄥˊ
代替物,1,ㄉㄞˋ ㄊㄧˋ ㄨˋ
代替財,1,ㄉㄞˋ ㄊㄧˋ ㄘㄞˊ
代田法,1,ㄉㄞˋ ㄊㄧㄢˊ ㄈㄚˇ
代碼機,1,ㄉㄞˋ ㄇㄚˇ ㄐㄧ
代議士,1,ㄉㄞˋ ㄧˋ ㄕˋ
令字旗,1,ㄌㄧㄥˋ ㄗˋ ㄑㄧˊ
以利亞,1,ㄧˇ ㄌㄧˋ ㄧㄚˇ
以字行,1,ㄧˇ ㄗˋ ㄒㄧㄥˊ
以賽亞,1,ㄧˇ ㄙㄞˋ ㄧㄚˇ
仰八叉,1,ㄧㄤˇ ㄅㄚ˙ ㄔㄚ
仰剌叉,1,ㄧㄤˇ ㄌㄚˋ ㄔㄚ
仲長統,1,ㄓㄨㄥˋ ㄔㄤˊ ㄊㄨㄥˇ
任免權,1,ㄖㄣˋ ㄇㄧㄢˇ ㄑㄩㄢˊ
仿宋本,1,ㄈㄤˇ ㄙㄨㄥˋ ㄅㄣˇ
仿譯詞,1,ㄈㄤˇ ㄧˋ ㄘˊ
伊利湖,1,ㄧ ㄌㄧˋ ㄏㄨˊ
伊士曼,1,ㄧ ㄕˋ ㄇㄢˋ
伊多語,1,ㄧ ㄉㄨㄛ ㄩˇ
伊寧縣,1,ㄧ ㄋㄧㄥˊ ㄒㄧㄢˋ
伊府麵,1,ㄧ ㄈㄨˇ ㄇㄧㄢˋ
伊犁馬,1,ㄧ ㄌㄧˊ ㄇㄚˇ
伊瑪目,1,ㄧ ㄇㄚˇ ㄇㄨˋ
伊留申,1,ㄧ ㄌㄧㄡˊ ㄕㄣ
伊秉綬,1,ㄧ ㄅㄧㄥˇ ㄕㄡˋ
伊羅斯,1,ㄧ ㄌㄨㄛˊ ㄙ
伊耆氏,1,ㄧ ㄑㄧˊ ㄕˋ
伊蒲饌,1,ㄧ ㄆㄨˊ ㄓㄨㄢˋ
伊里布,1,ㄧ ㄌㄧˇ ㄅㄨˋ
伊闕山,1,ㄧ ㄑㄩㄝˋ ㄕㄢ
伏不是,1,ㄈㄨˊ ㄅㄨˋ ㄕˋ
伏犧氏,1,ㄈㄨˊ ㄒㄧ ㄕˋ
伐子都,1,ㄈㄚ ㄗˇ ㄉㄨ
伐東吳,1,ㄈㄚ ㄉㄨㄥ ㄨˊ
伐柯人,1,ㄈㄚ ㄎㄜ ㄖㄣˊ
休崙湖,1,ㄒㄧㄡ ㄌㄨㄣˊ ㄏㄨˊ
休火山,1,ㄒㄧㄡ ㄏㄨㄛˇ ㄕㄢ
伙食團,1,ㄏㄨㄛˇ ㄕˊ ㄊㄨㄢˊ
伯克來,1,ㄅㄛˊ ㄎㄜˋ ㄌㄞˊ
伯多祿,1,ㄅㄛˊ ㄉㄨㄛ ㄌㄨˋ
伯夷父,1,ㄅㄛˊ ㄧˊ ㄈㄨˋ
伯子牙,1,ㄅㄛˊ ㄗˇ ㄧㄚˊ
伯希和,1,ㄅㄛˊ ㄒㄧ ㄏㄜˊ
伯慮國,1,ㄅㄛˊ ㄌㄩˋ ㄍㄨㄛˊ
伯林頓,1,ㄅㄛˊ ㄌㄧㄣˊ ㄉㄨㄣˋ
伯濟國,1,ㄅㄛˊ ㄐㄧˋ ㄍㄨㄛˊ
伯趙氏,1,ㄅㄛˊ ㄓㄠˋ ㄕˋ
伯遠帖,1,ㄅㄛˊ ㄩㄢˇ ㄊㄧㄝˇ
伯邑考,1,ㄅㄛˊ ㄧˋ ㄎㄠˇ
估價行,1,ㄍㄨ ㄐㄧㄚˋ ㄏㄤˊ
估著眼,1,ㄍㄨ ㄓㄜ˙ ㄧㄢˇ
估衣鋪,1,ㄍㄨˋ ㄧ ㄆㄨˋ
伴唱帶,1,ㄅㄢˋ ㄔㄤˋ ㄉㄞˋ
伴大夜,1,ㄅㄢˋ ㄉㄚˋ ㄧㄝˋ
伶仃洋,1,ㄌㄧㄥˊ ㄉㄧㄥ ㄧㄤˊ
伶仃話,1,ㄌㄧㄥˊ ㄉㄧㄥ ㄏㄨㄚˋ
伶俐人,1,ㄌㄧㄥˊ ㄌㄧˋ ㄖㄣˊ
伸手牌,1,ㄕㄣ ㄕㄡˇ ㄆㄞˊ
伸縮縫,1,ㄕㄣ ㄙㄨㄛ ㄈㄥˋ
伺晨鳥,1,ㄙˋ ㄔㄣˊ ㄋㄧㄠˇ
伽南香,1,ㄑㄧㄝˊ ㄋㄢˊ ㄒㄧㄤ
伽藍鳥,1,ㄑㄧㄝˊ ㄌㄢˊ ㄋㄧㄠˇ
位元組,1,ㄨㄟˋ ㄩㄢˊ ㄗㄨˇ
低元音,1,ㄉㄧ ㄩㄢˊ ㄧㄣ
低利率,1,ㄉㄧ ㄌㄧˋ ㄌㄩˋ
低地國,1,ㄉㄧ ㄉㄧˋ ㄍㄨㄛˊ
低壓帶,1,ㄉㄧ ㄧㄚ ㄉㄞˋ
低標準,1,ㄉㄧ ㄅㄧㄠ ㄓㄨㄣˇ
低物件,1,ㄉㄧ ㄨˋ ㄐㄧㄢˋ
低緯度,1,ㄉㄧ ㄨㄟˇ ㄉㄨˋ
低速檔,1,ㄉㄧ ㄙㄨˋ ㄉㄤˇ
低鈉鹽,1,ㄉㄧ ㄋㄚˋ ㄧㄢˊ
低頻率,1,ㄉㄧ ㄆㄧㄣˊ ㄌㄩˋ
佐助器,1,ㄗㄨㄛˇ ㄓㄨˋ ㄑㄧˋ
佔頭籌,1,ㄓㄢˋ ㄊㄡˊ ㄔㄡˊ
何人斯,1,ㄏㄜˊ ㄖㄣˊ ㄙ
何如帖,1,ㄏㄜˊ ㄖㄨˊ ㄊㄧㄝˇ
何景明,1,ㄏㄜˊ ㄐㄧㄥˇ ㄇㄧㄥˊ
何消說,1,ㄏㄜˊ ㄒㄧㄠ ㄕㄨㄛ
何滿子,1,ㄏㄜˊ ㄇㄢˇ ㄗˇ
何紹基,1,ㄏㄜˊ ㄕㄠˋ ㄐㄧ
何聊賴,1,ㄏㄜˊ ㄌㄧㄠˊ ㄌㄞˋ
何苦來,1,ㄏㄜˊ ㄎㄨˇ ㄌㄞˊ
何足算,1,ㄏㄜˊ ㄗㄨˊ ㄙㄨㄢˋ
余吾鎮,1,ㄒㄩˊ ㄨˊ ㄓㄣˋ
佛克納,1,ㄈㄛˊ ㄎㄜˋ ㄋㄚˋ
佛國記,1,ㄈㄛˊ ㄍㄨㄛˊ ㄐㄧˋ
佛圖戶,1,ㄈㄛˊ ㄊㄨˊ ㄏㄨˋ
佛心宗,1,ㄈㄛˊ ㄒㄧㄣ ㄗㄨㄥ
佛手瓜,1,ㄈㄛˊ ㄕㄡˇ ㄍㄨㄚ
佛指甲,1,ㄈㄛˊ ㄓˇ ㄐㄧㄚ˙
佛朗哥,1,ㄈㄛˊ ㄌㄤˇ ㄍㄜ
佛生日,1,ㄈㄛˊ ㄕㄥ ㄖˋ
佛科擺,1,ㄈㄛˊ ㄎㄜ ㄅㄞˇ
佛舍利,1,ㄈㄛˊ ㄕㄜˋ ㄌㄧˋ
佛誕日,1,ㄈㄛˊ ㄉㄢˋ ㄖˋ
佛誕節,1,ㄈㄛˊ ㄉㄢˋ ㄐㄧㄝˊ
佛跳牆,1,ㄈㄛˊ ㄊㄧㄠˋ ㄑㄧㄤˊ
佛郎機,1,ㄈㄛˊ ㄌㄤˊ ㄐㄧ
作佛事,1,ㄗㄨㄛˋ ㄈㄛˊ ㄕ˙
作幌子,1,ㄗㄨㄛˋ ㄏㄨㄤˇ ㄗ˙
作持戒,1,ㄗㄨㄛˋ ㄔˊ ㄐㄧㄝˋ
作文章,1,ㄗㄨㄛˋ ㄨㄣˊ ㄓㄤ
作為犯,1,ㄗㄨㄛˋ ㄨㄟˊ ㄈㄢˋ
作癟子,1,ㄗㄨㄛ ㄅㄧㄝˇ ㄗ˙
作筏子,1,ㄗㄨㄛˋ ㄈㄚˊ ㄗ˙
作耍子,1,ㄗㄨㄛˋ ㄕㄨㄚˇ ㄗ˙
作證費,1,ㄗㄨㄛˋ ㄓㄥˋ ㄈㄟˋ
作麼生,1,ㄗㄨㄛˋ ㄇㄛˊ ㄕㄥ
你家的,1,ㄋㄧˇ ㄐㄧㄚ ㄉㄜ˙
佩斯坦,1,ㄆㄟˋ ㄙ ㄊㄢˇ
佩西芬,1,ㄆㄟˋ ㄒㄧ ㄈㄣ
佳冬鄉,1,ㄐㄧㄚ ㄉㄨㄥ ㄒㄧㄤ
佳子弟,1,ㄐㄧㄚ ㄗˇ ㄉㄧˋ
佳構劇,1,ㄐㄧㄚ ㄍㄡˋ ㄐㄩˋ
併肩子,1,ㄅㄧㄥˋ ㄐㄧㄢ ㄗ˙
使低嘴,1,ㄕˇ ㄉㄧ ㄗㄨㄟˇ
使君子,1,ㄕˇ ㄐㄩㄣ ㄗˇ
使用錢,1,ㄕˇ ㄩㄥˋ ㄑㄧㄢˊ
使絆子,1,ㄕˇ ㄅㄢˋ ㄗ˙
使脾氣,1,ㄕˇ ㄆㄧˊ ㄑㄧ˙
來亨雞,1,ㄌㄞˊ ㄏㄥ ㄐㄧ
來令片,1,ㄌㄞˊ ㄌㄧㄥˋ ㄆㄧㄢˋ
來俊臣,1,ㄌㄞˊ ㄐㄩㄣˋ ㄔㄣˊ
來得巧,1,ㄌㄞˊ ㄉㄜ˙ ㄑㄧㄠˇ
來復日,1,ㄌㄞˊ ㄈㄨˋ ㄖˋ
來復槍,1,ㄌㄞˊ ㄈㄨˋ ㄑㄧㄤ
來復線,1,ㄌㄞˊ ㄈㄨˋ ㄒㄧㄢˋ
來扇館,1,ㄌㄞˊ ㄕㄢ ㄍㄨㄢˇ
來比錫,1,ㄌㄞˊ ㄅㄧˇ ㄒㄧˊ
來蘇水,1,ㄌㄞˊ ㄙㄨ ㄕㄨㄟˇ
來路貨,1,ㄌㄞˊ ㄌㄨ˙ ㄏㄨㄛˋ
來頓瓶,1,ㄌㄞˊ ㄉㄨㄣˋ ㄆㄧㄥˊ
來頭貨,1,ㄌㄞˊ ㄊㄡ˙ ㄏㄨㄛˋ
侍巾櫛,1,ㄕˋ ㄐㄧㄣ ㄐㄧㄝˊ
侍應生,1,ㄕˋ ㄧㄥˋ ㄕㄥ
侏羅系,1,ㄓㄨ ㄌㄨㄛˊ ㄒㄧˋ
侏羅紀,1,ㄓㄨ ㄌㄨㄛˊ ㄐㄧˋ
供不上,1,ㄍㄨㄥ ㄅㄨ˙ ㄕㄤˋ
供銷員,1,ㄍㄨㄥ ㄒㄧㄠ ㄩㄢˊ
侯方域,1,ㄏㄡˊ ㄈㄤ ㄩˋ
侯萬戶,1,ㄏㄡˊ ㄨㄢˋ ㄏㄨˋ
侵徹力,1,ㄑㄧㄣ ㄔㄜˋ ㄌㄧˋ
便不然,1,ㄅㄧㄢˋ ㄅㄨˋ ㄖㄢˊ
便假若,1,ㄅㄧㄢˋ ㄐㄧㄚˇ ㄖㄨㄛˋ
便做到,1,ㄅㄧㄢˋ ㄗㄨㄛˋ ㄉㄠˋ
便做道,1,ㄅㄧㄢˋ ㄗㄨㄛˋ ㄉㄠˋ
便則道,1,ㄅㄧㄢˋ ㄗㄜˊ ㄉㄠˋ
便好道,1,ㄅㄧㄢˋ ㄏㄠˇ ㄉㄠˋ
便宜話,1,ㄆㄧㄢˊ ㄧ˙ ㄏㄨㄚˋ
便宜貨,1,ㄆㄧㄢˊ ㄧ˙ ㄏㄨㄛˋ
便是呢,1,ㄅㄧㄢˋ ㄕˋ ㄋㄜ˙
係爭物,1,ㄒㄧˋ ㄓㄥ ㄨˋ
促狹鬼,1,ㄘㄨˋ ㄒㄧㄚˊ ㄍㄨㄟˇ
俏冤家,1,ㄑㄧㄠˋ ㄩㄢ ㄐㄧㄚ
俏模樣,1,ㄑㄧㄠˋ ㄇㄨˊ ㄧㄤˋ
俏皮話,1,ㄑㄧㄠˋ ㄆㄧ˙ ㄏㄨㄚˋ
保不住,1,ㄅㄠˇ ㄅㄨˋ ㄓㄨˋ
保不嚴,1,ㄅㄠˇ ㄅㄨˋ ㄧㄢˊ
保不定,1,ㄅㄠˇ ㄅㄨˋ ㄉㄧㄥˋ
保不齊,1,ㄅㄠˇ ㄅㄨˋ ㄑㄧˊ
保亭縣,1,ㄅㄠˇ ㄊㄧㄥˊ ㄒㄧㄢˋ
保佐人,1,ㄅㄠˇ ㄗㄨㄛˇ ㄖㄣˊ
保俶塔,1,ㄅㄠˇ ㄔㄨˋ ㄊㄚˇ
保健操,1,ㄅㄠˇ ㄐㄧㄢˋ ㄘㄠ
保兀赤,1,ㄅㄠˇ ㄨˋ ㄔˋ
保全業,1,ㄅㄠˇ ㄑㄩㄢˊ ㄧㄝˋ
保叔塔,1,ㄅㄠˇ ㄕㄨˊ ㄊㄚˇ
保和殿,1,ㄅㄠˇ ㄏㄜˊ ㄉㄧㄢˋ
保安族,1,ㄅㄠˇ ㄢ ㄗㄨˊ
保定府,1,ㄅㄠˇ ㄉㄧㄥˋ ㄈㄨˇ
保定法,1,ㄅㄠˇ ㄉㄧㄥˋ ㄈㄚˇ
保家的,1,ㄅㄠˇ ㄐㄧㄚ ㄉㄜ˙
保寧縣,1,ㄅㄠˇ ㄋㄧㄥˊ ㄒㄧㄢˋ
保山縣,1,ㄅㄠˇ ㄕㄢ ㄒㄧㄢˋ
保康縣,1,ㄅㄠˇ ㄎㄤ ㄒㄧㄢˋ
保德縣,1,ㄅㄠˇ ㄉㄜˊ ㄒㄧㄢˋ
保暖杯,1,ㄅㄠˇ ㄋㄨㄢˇ ㄅㄟ
保民官,1,ㄅㄠˇ ㄇㄧㄣˊ ㄍㄨㄢ
保留戶,1,ㄅㄠˇ ㄌㄧㄡˊ ㄏㄨˋ
保留林,1,ㄅㄠˇ ㄌㄧㄡˊ ㄌㄧㄣˊ
保皇會,1,ㄅㄠˇ ㄏㄨㄤˊ ㄏㄨㄟˋ
保章氏,1,ㄅㄠˇ ㄓㄤ ㄕˋ
保見人,1,ㄅㄠˇ ㄐㄧㄢˋ ㄖㄣˊ
保識人,1,ㄅㄠˇ ㄕˋ ㄖㄣˊ
保護級,1,ㄅㄠˇ ㄏㄨˋ ㄐㄧˊ
保辜限,1,ㄅㄠˇ ㄍㄨ ㄒㄧㄢˋ
保防網,1,ㄅㄠˇ ㄈㄤˊ ㄨㄤˇ
保險業,1,ㄅㄠˇ ㄒㄧㄢˇ ㄧㄝˋ
保險燈,1,ㄅㄠˇ ㄒㄧㄢˇ ㄉㄥ
保頭錢,1,ㄅㄠˇ ㄊㄡˊ ㄑㄧㄢˊ
保養廠,1,ㄅㄠˇ ㄧㄤˇ ㄔㄤˇ
保鮮盒,1,ㄅㄠˇ ㄒㄧㄢ ㄏㄜˊ
保鮮膜,1,ㄅㄠˇ ㄒㄧㄢ ㄇㄛˋ
俞大猷,1,ㄩˊ ㄉㄚˋ ㄧㄡˊ
信任狀,1,ㄒㄧㄣˋ ㄖㄣˋ ㄓㄨㄤˋ
信南山,1,ㄒㄧㄣˋ ㄋㄢˊ ㄕㄢ
信天游,1,ㄒㄧㄣˋ ㄊㄧㄢ ㄧㄡˊ
信濃川,1,ㄒㄧㄣˋ ㄋㄨㄥˊ ㄔㄨㄢ
信陵君,1,ㄒㄧㄣˋ ㄌㄧㄥˊ ㄐㄩㄣ
修正液,1,ㄒㄧㄡ ㄓㄥˋ ㄧˋ
修邊幅,1,ㄒㄧㄡ ㄅㄧㄢ ㄈㄨˊ
俱舍師,1,ㄐㄩˋ ㄕㄜˋ ㄕ
俱舍論,1,ㄐㄩˋ ㄕㄜˋ ㄌㄨㄣˋ
俳優體,1,ㄆㄞˊ ㄧㄡ ㄊㄧˇ
俺家的,1,ㄢˇ ㄐㄧㄚ ㄉㄜ˙
倉頡篇,1,ㄘㄤ ㄐㄧㄝˊ ㄆㄧㄢ
個中人,1,ㄍㄜˋ ㄓㄨㄥ ㄖㄣˊ
個人秀,1,ㄍㄜˋ ㄖㄣˊ ㄒㄧㄡˋ
倍力橋,1,ㄅㄟˋ ㄌㄧˋ ㄑㄧㄠˊ
倍足綱,1,ㄅㄟˋ ㄗㄨˊ ㄍㄤ
倒不是,1,ㄉㄠˋ ㄅㄨˋ ㄕˋ
倒了架,1,ㄉㄠˇ ㄌㄜ˙ ㄐㄧㄚˋ
倒了柴,1,ㄉㄠˇ ㄌㄜ˙ ㄔㄞˊ
倒包錢,1,ㄉㄠˋ ㄅㄠ ㄑㄧㄢˊ
倒反帳,1,ㄉㄠˋ ㄈㄢˇ ㄓㄤˋ
倒啖蔗,1,ㄉㄠˋ ㄉㄢˋ ㄓㄜˋ
倒大來,1,ㄉㄠˋ ㄉㄚˋ ㄌㄞˊ
倒宅計,1,ㄉㄠˇ ㄓㄞˊ ㄐㄧˋ
倒寨計,1,ㄉㄠˇ ㄓㄞˋ ㄐㄧˋ
倒拔蛇,1,ㄉㄠˋ ㄅㄚˊ ㄕㄜˊ
倒插門,1,ㄉㄠˋ ㄔㄚ ㄇㄣˊ
倒旗鎗,1,ㄉㄠˇ ㄑㄧˊ ㄑㄧㄤ
倒暈妝,1,ㄉㄠˋ ㄩㄣ ㄓㄨㄤ
倒楣相,1,ㄉㄠˇ ㄇㄟˊ ㄒㄧㄤˋ
倒水的,1,ㄉㄠˋ ㄕㄨㄟˇ ㄉㄜ˙
倒流刺,1,ㄉㄠˋ ㄌㄧㄡˊ ㄘˋ
倒清尊,1,ㄉㄠˋ ㄑㄧㄥ ㄗㄨㄣ
倒熟話,1,ㄉㄠˋ ㄕㄨˊ ㄏㄨㄚˋ
倒置法,1,ㄉㄠˋ ㄓˋ ㄈㄚˇ
倒背剪,1,ㄉㄠˋ ㄅㄟˋ ㄐㄧㄢˇ
倒脫靴,1,ㄉㄠˋ ㄊㄨㄛ ㄒㄩㄝ
倒路死,1,ㄉㄠˇ ㄌㄨˋ ㄙˇ
倒踏門,1,ㄉㄠˋ ㄊㄚˋ ㄇㄣˊ
倒蹅門,1,ㄉㄠˋ ㄔㄚˇ ㄇㄣˊ
倒頭的,1,ㄉㄠˇ ㄊㄡˊ ㄉㄜ˙
倒頭經,1,ㄉㄠˇ ㄊㄡˊ ㄐㄧㄥ
倒頭飯,1,ㄉㄠˇ ㄊㄡˊ ㄈㄢˋ
倒馬毒,1,ㄉㄠˇ ㄇㄚˇ ㄉㄨˊ
倔槓頭,1,ㄐㄩㄝˋ ㄍㄤˋ ㄊㄡ˙
借一步,1,ㄐㄧㄝˋ ㄧ ㄅㄨˋ
借寇恂,1,ㄐㄧㄝˋ ㄎㄡˋ ㄒㄩㄣˊ
借東風,1,ㄐㄧㄝˋ ㄉㄨㄥ ㄈㄥ
借齒牙,1,ㄐㄧㄝˋ ㄔˇ ㄧㄚˊ
倪元璐,1,ㄋㄧˊ ㄩㄢˊ ㄌㄨˋ
倭墮髻,1,ㄨㄛ ㄉㄨㄛˋ ㄐㄧˋ
偃師縣,1,ㄧㄢˇ ㄕ ㄒㄧㄢˋ
偃波書,1,ㄧㄢˇ ㄅㄛ ㄕㄨ
假借義,1,ㄐㄧㄚˇ ㄐㄧㄝˋ ㄧˋ
假嗓子,1,ㄐㄧㄚˇ ㄙㄤˇ ㄗ˙
假局子,1,ㄐㄧㄚˇ ㄐㄩˊ ㄗ˙
假平等,1,ㄐㄧㄚˇ ㄆㄧㄥˊ ㄉㄥˇ
假廝兒,1,ㄐㄧㄚˇ ㄙ ㄦˊ
假批子,1,ㄐㄧㄚˇ ㄆㄧ ㄗ˙
假招子,1,ㄐㄧㄚˇ ㄓㄠ ㄗ˙
假撇清,1,ㄐㄧㄚˇ ㄆㄧㄝ ㄑㄧㄥ
假正經,1,ㄐㄧㄚˇ ㄓㄥˋ ㄐㄧㄥ˙
假決議,1,ㄐㄧㄚˇ ㄐㄩㄝˊ ㄧˋ
假處分,1,ㄐㄧㄚˇ ㄔㄨˇ ㄈㄣˋ
假面劇,1,ㄐㄧㄚˇ ㄇㄧㄢˋ ㄐㄩˋ
偉丈夫,1,ㄨㄟˇ ㄓㄤˋ ㄈㄨ
偉晶岩,1,ㄨㄟˇ ㄐㄧㄥ ㄧㄢˊ
偏不的,1,ㄆㄧㄢ ㄅㄨˋ ㄉㄜ˙
偏反者,1,ㄆㄧㄢ ㄈㄢˇ ㄓㄜˇ
偏口魚,1,ㄆㄧㄢ ㄎㄡˇ ㄩˊ
偏執症,1,ㄆㄧㄢ ㄓˊ ㄓㄥˋ
偏差者,1,ㄆㄧㄢ ㄔㄚ ㄓㄜˇ
偏怪題,1,ㄆㄧㄢ ㄍㄨㄞˋ ㄊㄧˊ
偏極光,1,ㄆㄧㄢ ㄐㄧˊ ㄍㄨㄤ
偏轉軛,1,ㄆㄧㄢ ㄓㄨㄢˇ ㄜˋ
偏關縣,1,ㄆㄧㄢ ㄍㄨㄢ ㄒㄧㄢˋ
做一路,1,ㄗㄨㄛˋ ㄧ ㄌㄨˋ
做三日,1,ㄗㄨㄛˋ ㄙㄢ ㄖˋ
做下來,1,ㄗㄨㄛˋ ㄒㄧㄚ˙ ㄌㄞˊ
做不是,1,ㄗㄨㄛˋ ㄅㄨˋ ㄕˋ
做人家,1,ㄗㄨㄛˋ ㄖㄣˊ ㄐㄧㄚ
做倒包,1,ㄗㄨㄛˋ ㄉㄠˇ ㄅㄠ
做公的,1,ㄗㄨㄛˋ ㄍㄨㄥ ㄉㄜ˙
做出場,1,ㄗㄨㄛˋ ㄔㄨ ㄔㄤˊ
做分上,1,ㄗㄨㄛˋ ㄈㄣˋ ㄕㄤˋ
做功果,1,ㄗㄨㄛˋ ㄍㄨㄥ ㄍㄨㄛˇ
做功課,1,ㄗㄨㄛˋ ㄍㄨㄥ ㄎㄜˋ
做嘴臉,1,ㄗㄨㄛˋ ㄗㄨㄟˇ ㄌㄧㄢˇ
做大頭,1,ㄗㄨㄛˋ ㄉㄚˋ ㄊㄡˊ
做好事,1,ㄗㄨㄛˋ ㄏㄠˇ ㄕˋ
做好看,1,ㄗㄨㄛˋ ㄏㄠˇ ㄎㄢˋ
做學問,1,ㄗㄨㄛˋ ㄒㄩㄝˊ ㄨㄣˋ
做尾巴,1,ㄗㄨㄛˋ ㄨㄟˇ ㄅㄚ˙
做屏風,1,ㄗㄨㄛˋ ㄆㄧㄥˊ ㄈㄥ
做工夫,1,ㄗㄨㄛˋ ㄍㄨㄥ ㄈㄨ˙
做幌子,1,ㄗㄨㄛˋ ㄏㄨㄤˇ ㄗ˙
做廣告,1,ㄗㄨㄛˋ ㄍㄨㄤˇ ㄍㄠˋ
做引線,1,ㄗㄨㄛˋ ㄧㄣˇ ㄒㄧㄢˋ
做後門,1,ㄗㄨㄛˋ ㄏㄡˋ ㄇㄣˊ
做得了,1,ㄗㄨㄛˋ ㄉㄜˊ ㄌㄜ˙
做得了,1,ㄗㄨㄛˋ ㄉㄜ˙ ㄌㄧㄠˇ
做排場,1,ㄗㄨㄛˋ ㄆㄞˊ ㄔㄤˊ
做春夢,1,ㄗㄨㄛˋ ㄔㄨㄣ ㄇㄥˋ
做東道,1,ㄗㄨㄛˋ ㄉㄨㄥ ㄉㄠˋ
做法子,1,ㄗㄨㄛˋ ㄈㄚˊ ㄗ˙
做牽頭,1,ㄗㄨㄛˋ ㄑㄧㄢ ㄊㄡˊ
做生意,1,ㄗㄨㄛˋ ㄕㄥ ㄧ˙
做生活,1,ㄗㄨㄛˋ ㄕㄥ ㄏㄨㄛˊ
做百日,1,ㄗㄨㄛˋ ㄅㄞˇ ㄖˋ
做的個,1,ㄗㄨㄛˋ ㄉㄜ˙ ㄍㄜ˙
做眉眼,1,ㄗㄨㄛˋ ㄇㄟˊ ㄧㄢˇ
做眼色,1,ㄗㄨㄛˋ ㄧㄢˇ ㄙㄜˋ
做空頭,1,ㄗㄨㄛˋ ㄎㄨㄥˋ ㄊㄡˊ
做道場,1,ㄗㄨㄛˋ ㄉㄠˋ ㄔㄤˊ
做道理,1,ㄗㄨㄛˋ ㄉㄠˋ ㄌㄧˇ
做道路,1,ㄗㄨㄛˋ ㄉㄠˋ ㄌㄨˋ
做針線,1,ㄗㄨㄛˋ ㄓㄣ ㄒㄧㄢˋ
做門戶,1,ㄗㄨㄛˋ ㄇㄣˊ ㄏㄨˋ
做面子,1,ㄗㄨㄛˋ ㄇㄧㄢˋ ㄗ˙
做面皮,1,ㄗㄨㄛˋ ㄇㄧㄢˋ ㄆㄧˊ
停一停,1,ㄊㄧㄥˊ ㄧ ㄊㄧㄥˊ
健力舞,1,ㄐㄧㄢˋ ㄌㄧˋ ㄨˇ
健康襪,1,ㄐㄧㄢˋ ㄎㄤ ㄨㄚˋ
健康醋,1,ㄐㄧㄢˋ ㄎㄤ ㄘㄨˋ
健胃劑,1,ㄐㄧㄢˋ ㄨㄟˋ ㄐㄧˋ
健身院,1,ㄐㄧㄢˋ ㄕㄣ ㄩㄢˋ
偰列箎,1,ㄒㄧㄝˋ ㄌㄧㄝˋ ㄔˊ
側壓力,1,ㄘㄜˋ ㄧㄚ ㄌㄧˋ
側手翻,1,ㄘㄜˋ ㄕㄡˇ ㄈㄢ
側理紙,1,ㄘㄜˋ ㄌㄧˇ ㄓˇ
側蝕力,1,ㄘㄜˋ ㄕˊ ㄌㄧˋ
側視圖,1,ㄘㄜˋ ㄕˋ ㄊㄨˊ
偵緝隊,1,ㄓㄣ ㄑㄧˋ ㄉㄨㄟˋ
偶函數,1,ㄡˇ ㄏㄢˊ ㄕㄨˋ
偶句對,1,ㄡˇ ㄐㄩˋ ㄉㄨㄟˋ
偶戲人,1,ㄡˇ ㄒㄧˋ ㄖㄣˊ
偶然論,1,ㄡˇ ㄖㄢˊ ㄌㄨㄣˋ
偶蹄目,1,ㄡˇ ㄊㄧˊ ㄇㄨˋ
偷偷的,1,ㄊㄡ ㄊㄡ ㄉㄜ˙
偷婆娘,1,ㄊㄡ ㄆㄛˊ ㄋㄧㄤ˙
偷春體,1,ㄊㄡ ㄔㄨㄣ ㄊㄧˇ
偷漢子,1,ㄊㄡ ㄏㄢˋ ㄗ˙
偷聽器,1,ㄊㄡ ㄊㄧㄥ ㄑㄧˋ
偽組織,1,ㄨㄟˋ ㄗㄨˇ ㄓ
傅抱石,1,ㄈㄨˋ ㄅㄠˋ ㄕˊ
傅粉郎,1,ㄈㄨˋ ㄈㄣˇ ㄌㄤˊ
傈僳族,1,ㄌㄧˋ ㄙㄨˋ ㄗㄨˊ
傑佛士,1,ㄐㄧㄝˊ ㄈㄛˊ ㄕˋ
傑克遜,1,ㄐㄧㄝˊ ㄎㄜˋ ㄙㄨㄣˋ
傑弗遜,1,ㄐㄧㄝˊ ㄈㄨˊ ㄙㄨㄣˋ
備安庫,1,ㄅㄟˋ ㄢ ㄎㄨˋ
備身府,1,ㄅㄟˋ ㄕㄣ ㄈㄨˇ
催吐劑,1,ㄘㄨㄟ ㄊㄨˋ ㄐㄧˋ
催告書,1,ㄘㄨㄟ ㄍㄠˋ ㄕㄨ
催命符,1,ㄘㄨㄟ ㄇㄧㄥˋ ㄈㄨˊ
催命鬼,1,ㄘㄨㄟ ㄇㄧㄥˋ ㄍㄨㄟˇ
催明鳥,1,ㄘㄨㄟ ㄇㄧㄥˊ ㄋㄧㄠˇ
催眠劑,1,ㄘㄨㄟ ㄇㄧㄢˊ ㄐㄧˋ
催花雨,1,ㄘㄨㄟ ㄏㄨㄚ ㄩˇ
傲霜枝,1,ㄠˋ ㄕㄨㄤ ㄓ
傳信牌,1,ㄔㄨㄢˊ ㄒㄧㄣˋ ㄆㄞˊ
傳呼機,1,ㄔㄨㄢˊ ㄏㄨ ㄐㄧ
傳國璽,1,ㄔㄨㄢˊ ㄍㄨㄛˊ ㄒㄧˇ
傳染力,1,ㄔㄨㄢˊ ㄖㄢˇ ㄌㄧˋ
傳染原,1,ㄔㄨㄢˊ ㄖㄢˇ ㄩㄢˊ
傳燈錄,1,ㄔㄨㄢˊ ㄉㄥ ㄌㄨˋ
傳紅線,1,ㄔㄨㄢˊ ㄏㄨㄥˊ ㄒㄧㄢˋ
傳習錄,1,ㄔㄨㄢˊ ㄒㄧˊ ㄌㄨˋ
傳聲器,1,ㄔㄨㄢˊ ㄕㄥ ㄑㄧˋ
傳譯員,1,ㄔㄨㄢˊ ㄧˋ ㄩㄢˊ
傷元氣,1,ㄕㄤ ㄩㄢˊ ㄑㄧˋ
傷和氣,1,ㄕㄤ ㄏㄜˊ ㄑㄧ˙
傷寒論,1,ㄕㄤ ㄏㄢˊ ㄌㄨㄣˋ
傷殘人,1,ㄕㄤ ㄘㄢˊ ㄖㄣˊ
傻乎乎,1,ㄕㄚˇ ㄏㄨ ㄏㄨ
傻大頭,1,ㄕㄚˇ ㄉㄚˋ ㄊㄡˊ
傻孩子,1,ㄕㄚˇ ㄏㄞˊ ㄗ˙
傻楞楞,1,ㄕㄚˇ ㄌㄥˋ ㄌㄥˋ
傾卸機,1,ㄑㄧㄥ ㄒㄧㄝˋ ㄐㄧ
傾斜流,1,ㄑㄧㄥ ㄒㄧㄝˊ ㄌㄧㄡˊ
傾銀罐,1,ㄑㄧㄥ ㄧㄣˊ ㄍㄨㄢˋ
像生花,1,ㄒㄧㄤˋ ㄕㄥ ㄏㄨㄚ
僕射姑,1,ㄆㄨˊ ㄧㄝˋ ㄍㄨ
僗什子,1,ㄌㄠˊ ㄕˊ ㄗ˙
僧伽藍,1,ㄙㄥ ㄑㄧㄝˊ ㄌㄢˊ
僱不起,1,ㄍㄨˋ ㄅㄨˋ ㄑㄧˇ
儒略曆,1,ㄖㄨˊ ㄌㄩㄝˋ ㄌㄧˋ
儘底下,1,ㄐㄧㄣˇ ㄉㄧˇ ㄒㄧㄚˋ
儘落尾,1,ㄐㄧㄣˇ ㄌㄚˋ ㄨㄟˇ
優勢種,1,ㄧㄡ ㄕˋ ㄓㄨㄥˇ
優地槽,1,ㄧㄡ ㄉㄧˋ ㄘㄠˊ
優境學,1,ㄧㄡ ㄐㄧㄥˋ ㄒㄩㄝˊ
優婆塞,1,ㄧㄡ ㄆㄛˊ ㄙㄜˋ
優婆夷,1,ㄧㄡ ㄆㄛˊ ㄧˊ
優婆離,1,ㄧㄡ ㄆㄛˊ ㄌㄧˊ
優曇華,1,ㄧㄡ ㄊㄢˊ ㄏㄨㄚ
優缽羅,1,ㄧㄡ ㄅㄛ ㄌㄨㄛˊ
儲蓄券,1,ㄔㄨˊ ㄒㄩˋ ㄑㄩㄢˋ
兀剌赤,1,ㄨˋ ㄌㄚˋ ㄔˋ
兀的不,1,ㄨˋ ㄉㄧˋ ㄅㄨˋ
元和腳,1,ㄩㄢˊ ㄏㄜˊ ㄐㄧㄠˇ
元和體,1,ㄩㄢˊ ㄏㄜˊ ㄊㄧˇ
元太宗,1,ㄩㄢˊ ㄊㄞˋ ㄗㄨㄥ
元好問,1,ㄩㄢˊ ㄏㄠˋ ㄨㄣˋ
元寶楓,1,ㄩㄢˊ ㄅㄠˇ ㄈㄥ
元尚篇,1,ㄩㄢˊ ㄕㄤˋ ㄆㄧㄢ
元微之,1,ㄩㄢˊ ㄨㄟˊ ㄓ
元書紙,1,ㄩㄢˊ ㄕㄨ ㄓˇ
元生代,1,ㄩㄢˊ ㄕㄥ ㄉㄞˋ
元祕史,1,ㄩㄢˊ ㄇㄧˋ ㄕˇ
元雜劇,1,ㄩㄢˊ ㄗㄚˊ ㄐㄩˋ
充光棍,1,ㄔㄨㄥ ㄍㄨㄤ ㄍㄨㄣˋ
充內行,1,ㄔㄨㄥ ㄋㄟˋ ㄏㄤˊ
充場面,1,ㄔㄨㄥ ㄔㄤˊ ㄇㄧㄢˋ
充排場,1,ㄔㄨㄥ ㄆㄞˊ ㄔㄤˊ
充能幹,1,ㄔㄨㄥ ㄋㄥˊ ㄍㄢ˙
充行家,1,ㄔㄨㄥ ㄏㄤˊ ㄐㄧㄚ˙
充門面,1,ㄔㄨㄥ ㄇㄣˊ ㄇㄧㄢˋ
先天說,1,ㄒㄧㄢ ㄊㄧㄢ ㄕㄨㄛ
先祖妣,1,ㄒㄧㄢ ㄗㄨˇ ㄅㄧˇ
先祖考,1,ㄒㄧㄢ ㄗㄨˇ ㄎㄠˇ
先行官,1,ㄒㄧㄢ ㄒㄧㄥˊ ㄍㄨㄢ
先議權,1,ㄒㄧㄢ ㄧˋ ㄑㄩㄢˊ
先驅者,1,ㄒㄧㄢ ㄑㄩ ㄓㄜˇ
光了了,1,ㄍㄨㄤ ㄌㄧㄠˇ ㄌㄧㄠˇ
光出律,1,ㄍㄨㄤ ㄔㄨ ㄌㄩˋ
光出溜,1,ㄍㄨㄤ ㄔㄨ ㄌㄧㄡ
光反應,1,ㄍㄨㄤ ㄈㄢˇ ㄧㄥˋ
光周期,1,ㄍㄨㄤ ㄓㄡ ㄑㄧˊ
光圈數,1,ㄍㄨㄤ ㄑㄩㄢ ㄕㄨˋ
光塌塌,1,ㄍㄨㄤ ㄊㄚ ㄊㄚ
光屁股,1,ㄍㄨㄤ ㄆㄧˋ ㄍㄨ˙
光撻撻,1,ㄍㄨㄤ ㄊㄚˋ ㄊㄚˋ
光敏症,1,ㄍㄨㄤ ㄇㄧㄣˇ ㄓㄥˋ
光朗朗,1,ㄍㄨㄤ ㄌㄤˇ ㄌㄤˇ
光期性,1,ㄍㄨㄤ ㄑㄧˊ ㄒㄧㄥˋ
光煙霧,1,ㄍㄨㄤ ㄧㄢ ㄨˋ
光碟櫃,1,ㄍㄨㄤ ㄉㄧㄝˊ ㄍㄨㄟˋ
光祿寺,1,ㄍㄨㄤ ㄌㄨˋ ㄙˋ
光綽綽,1,ㄍㄨㄤ ㄔㄨㄛˋ ㄔㄨㄛˋ
光緻緻,1,ㄍㄨㄤ ㄓˋ ㄓˋ
光纖維,1,ㄍㄨㄤ ㄒㄧㄢ ㄨㄟˊ
光耀耀,1,ㄍㄨㄤ ㄧㄠˋ ㄧㄠˋ
光脊梁,1,ㄍㄨㄤ ㄐㄧˊ ㄌㄧㄤ˙
光著眼,1,ㄍㄨㄤ ㄓㄜ˙ ㄧㄢˇ
光藝術,1,ㄍㄨㄤ ㄧˋ ㄕㄨˋ
光行差,1,ㄍㄨㄤ ㄒㄧㄥˊ ㄔㄚ
光譜計,1,ㄍㄨㄤ ㄆㄨˇ ㄐㄧˋ
光資訊,1,ㄍㄨㄤ ㄗ ㄒㄩㄣˋ
光身子,1,ㄍㄨㄤ ㄕㄣ ㄗ˙
光身漢,1,ㄍㄨㄤ ㄕㄣ ㄏㄢˋ
光辣撻,1,ㄍㄨㄤ ㄌㄚˋ ㄊㄚˋ
光通量,1,ㄍㄨㄤ ㄊㄨㄥ ㄌㄧㄤˋ
光陸離,1,ㄍㄨㄤ ㄌㄨˋ ㄌㄧˊ
光面子,1,ㄍㄨㄤ ㄇㄧㄢˋ ㄗ˙
光鹵石,1,ㄍㄨㄤ ㄌㄨˇ ㄕˊ
克勒特,1,ㄎㄜˋ ㄌㄜˋ ㄊㄜˋ
克卜勒,1,ㄎㄜˋ ㄅㄨˇ ㄌㄜˋ
克家子,1,ㄎㄜˋ ㄐㄧㄚ ㄗˇ
克羅德,1,ㄎㄜˋ ㄌㄨㄛˊ ㄉㄜˊ
克耳文,1,ㄎㄜˋ ㄦˇ ㄨㄣˊ
克雷因,1,ㄎㄜˋ ㄌㄟˊ ㄧㄣ
兌換券,1,ㄉㄨㄟˋ ㄏㄨㄢˋ ㄑㄩㄢˋ
免不了,1,ㄇㄧㄢˇ ㄅㄨ˙ ㄌㄧㄠˇ
免稅額,1,ㄇㄧㄢˇ ㄕㄨㄟˋ ㄜˊ
免苦錢,1,ㄇㄧㄢˇ ㄎㄨˇ ㄑㄧㄢˊ
兒化音,1,ㄦˊ ㄏㄨㄚˋ ㄧㄣ
兒化韻,1,ㄦˊ ㄏㄨㄚˋ ㄩㄣˋ
兒女像,1,ㄦˊ ㄋㄩˇ ㄒㄧㄤˋ
兒女態,1,ㄦˊ ㄋㄩˇ ㄊㄞˋ
兒皇帝,1,ㄦˊ ㄏㄨㄤˊ ㄉㄧˋ
兒童學,1,ㄦˊ ㄊㄨㄥˊ ㄒㄩㄝˊ
兒童畫,1,ㄦˊ ㄊㄨㄥˊ ㄏㄨㄚˋ
兔園冊,1,ㄊㄨˋ ㄩㄢˊ ㄘㄜˋ
兔女郎,1,ㄊㄨˋ ㄋㄩˇ ㄌㄤˊ
兔寶寶,1,ㄊㄨˋ ㄅㄠˇ ㄅㄠ˙
兔羔子,1,ㄊㄨˋ ㄍㄠ ㄗ˙
兜得轉,1,ㄉㄡ ㄉㄜ˙ ㄓㄨㄢˇ
兜率宮,1,ㄉㄡ ㄕㄨㄞˋ ㄍㄨㄥ
兜老底,1,ㄉㄡ ㄌㄠˇ ㄉㄧˇ
入眼貨,1,ㄖㄨˋ ㄧㄢˇ ㄏㄨㄛˋ
內丹功,1,ㄋㄟˋ ㄉㄢ ㄍㄨㄥ
內兄弟,1,ㄋㄟˋ ㄒㄩㄥ ㄉㄧˋ
內動詞,1,ㄋㄟˋ ㄉㄨㄥˋ ㄘˊ
內呼吸,1,ㄋㄟˋ ㄏㄨ ㄒㄧ
內在論,1,ㄋㄟˋ ㄗㄞˋ ㄌㄨㄣˋ
內地稅,1,ㄋㄟˋ ㄉㄧˋ ㄕㄨㄟˋ
內堂屋,1,ㄋㄟˋ ㄊㄤˊ ㄨ
內姪女,1,ㄋㄟˋ ㄓˊ ㄋㄩˇ
內婚制,1,ㄋㄟˋ ㄏㄨㄣ ㄓˋ
內家妝,1,ㄋㄟˋ ㄐㄧㄚ ㄓㄨㄤ
內府本,1,ㄋㄟˋ ㄈㄨˇ ㄅㄣˇ
內心戲,1,ㄋㄟˋ ㄒㄧㄣ ㄒㄧˋ
內毒素,1,ㄋㄟˋ ㄉㄨˊ ㄙㄨˋ
內流區,1,ㄋㄟˋ ㄌㄧㄡˊ ㄑㄩ
內耳炎,1,ㄋㄟˋ ㄦˇ ㄧㄢˊ
內聚力,1,ㄋㄟˋ ㄐㄩˋ ㄌㄧˋ
內行星,1,ㄋㄟˋ ㄒㄧㄥˊ ㄒㄧㄥ
內製作,1,ㄋㄟˋ ㄓˋ ㄗㄨㄛˋ
內道場,1,ㄋㄟˋ ㄉㄠˋ ㄔㄤˊ
內長城,1,ㄋㄟˋ ㄔㄤˊ ㄔㄥˊ
內陸湖,1,ㄋㄟˋ ㄌㄨˋ ㄏㄨˊ
全中文,1,ㄑㄩㄢˊ ㄓㄨㄥ ㄨㄣˊ
全唐文,1,ㄑㄩㄢˊ ㄊㄤˊ ㄨㄣˊ
全唐詩,1,ㄑㄩㄢˊ ㄊㄤˊ ㄕ
全天域,1,ㄑㄩㄢˊ ㄊㄧㄢ ㄩˋ
全掛子,1,ㄑㄩㄢˊ ㄍㄨㄚˋ ㄗ˙
全方位,1,ㄑㄩㄢˊ ㄈㄤ ㄨㄟˋ
全武行,1,ㄑㄩㄢˊ ㄨˇ ㄏㄤˊ
全緣葉,1,ㄑㄩㄢˊ ㄩㄢˊ ㄧㄝˋ
全裂葉,1,ㄑㄩㄢˊ ㄌㄧㄝˋ ㄧㄝˋ
全閉音,1,ㄑㄩㄢˊ ㄅㄧˋ ㄧㄣ
兩三下,1,ㄌㄧㄤˇ ㄙㄢ ㄒㄧㄚˋ
兩三天,1,ㄌㄧㄤˇ ㄙㄢ ㄊㄧㄢ
兩上領,1,ㄌㄧㄤˇ ㄕㄤˋ ㄌㄧㄥˇ
兩下裡,1,ㄌㄧㄤˇ ㄒㄧㄚˋ ㄌㄧˇ
兩不找,1,ㄌㄧㄤˇ ㄅㄨˋ ㄓㄠˇ
兩事家,1,ㄌㄧㄤˇ ㄕˋ ㄐㄧㄚ
兩公婆,1,ㄌㄧㄤˇ ㄍㄨㄥ ㄆㄛˊ
兩勢下,1,ㄌㄧㄤˇ ㄕˋ ㄒㄧㄚˋ
兩句半,1,ㄌㄧㄤˇ ㄐㄩˋ ㄅㄢˋ
兩姨親,1,ㄌㄧㄤˇ ㄧˊ ㄑㄧㄣ
兩娘女,1,ㄌㄧㄤˇ ㄋㄧㄤˊ ㄋㄩˇ
兩張皮,1,ㄌㄧㄤˇ ㄓㄤ ㄆㄧˊ
兩截子,1,ㄌㄧㄤˇ ㄐㄧㄝˊ ㄗ˙
兩扇皮,1,ㄌㄧㄤˇ ㄕㄢˋ ㄆㄧˊ
兩把頭,1,ㄌㄧㄤˇ ㄅㄚˇ ㄊㄡˊ
兩撇鬍,1,ㄌㄧㄤˇ ㄆㄧㄝˇ ㄏㄨˊ
兩爺子,1,ㄌㄧㄤˇ ㄧㄝˊ ㄗ˙
兩片罐,1,ㄌㄧㄤˇ ㄆㄧㄢˋ ㄍㄨㄢˋ
兩當一,1,ㄌㄧㄤˇ ㄉㄤ ㄧ
兩白日,1,ㄌㄧㄤˇ ㄅㄞˊ ㄖˋ
兩相好,1,ㄌㄧㄤˇ ㄒㄧㄤ ㄏㄠˇ
兩瞪眼,1,ㄌㄧㄤˇ ㄉㄥˋ ㄧㄢˇ
兩破三,1,ㄌㄧㄤˇ ㄆㄛˋ ㄙㄢ
兩稅法,1,ㄌㄧㄤˇ ㄕㄨㄟˋ ㄈㄚˇ
兩腳貨,1,ㄌㄧㄤˇ ㄐㄧㄠˇ ㄏㄨㄛˋ
兩賴子,1,ㄌㄧㄤˇ ㄌㄞˋ ㄗ˙
兩路人,1,ㄌㄧㄤˇ ㄌㄨˋ ㄖㄣˊ
兩邊廂,1,ㄌㄧㄤˇ ㄅㄧㄢ ㄒㄧㄤ
兩都賦,1,ㄌㄧㄤˇ ㄉㄨ ㄈㄨˋ
兩重親,1,ㄌㄧㄤˇ ㄔㄨㄥˊ ㄑㄧㄣ
兩面刀,1,ㄌㄧㄤˇ ㄇㄧㄢˋ ㄉㄠ
兩面鋸,1,ㄌㄧㄤˇ ㄇㄧㄢˋ ㄐㄩˋ
兩頭大,1,ㄌㄧㄤˇ ㄊㄡˊ ㄉㄚˋ
兩頭春,1,ㄌㄧㄤˇ ㄊㄡˊ ㄔㄨㄣ
八九分,1,ㄅㄚ ㄐㄧㄡˇ ㄈㄣ
八人轎,1,ㄅㄚ ㄖㄣˊ ㄐㄧㄠˋ
八仙山,1,ㄅㄚ ㄒㄧㄢ ㄕㄢ
八仙花,1,ㄅㄚ ㄒㄧㄢ ㄏㄨㄚ
八公山,1,ㄅㄚ ㄍㄨㄥ ㄕㄢ
八分儀,1,ㄅㄚ ㄈㄣ ㄧˊ
八分書,1,ㄅㄚ ㄈㄣ ㄕㄨ
八卦圖,1,ㄅㄚ ㄍㄨㄚˋ ㄊㄨˊ
八卦拳,1,ㄅㄚ ㄍㄨㄚˋ ㄑㄩㄢˊ
八卦教,1,ㄅㄚ ㄍㄨㄚˋ ㄐㄧㄠˋ
八卦鏡,1,ㄅㄚ ㄍㄨㄚˋ ㄐㄧㄥˋ
八大八,1,ㄅㄚ ㄉㄚˋ ㄅㄚ
八大家,1,ㄅㄚ ㄉㄚˋ ㄐㄧㄚ
八大錘,1,ㄅㄚ ㄉㄚˋ ㄔㄨㄟˊ
八字帖,1,ㄅㄚ ㄗˋ ㄊㄧㄝˇ
八字眉,1,ㄅㄚ ㄗˋ ㄇㄟˊ
八字軍,1,ㄅㄚ ㄗˋ ㄐㄩㄣ
八家將,1,ㄅㄚ ㄐㄧㄚ ㄐㄧㄤˋ
八寶菜,1,ㄅㄚ ㄅㄠˇ ㄘㄞˋ
八帶魚,1,ㄅㄚ ㄉㄞˋ ㄩˊ
八思巴,1,ㄅㄚ ㄙ ㄅㄚ
八抬轎,1,ㄅㄚ ㄊㄞˊ ㄐㄧㄠˋ
八拜交,1,ㄅㄚ ㄅㄞˋ ㄐㄧㄠ
八敗命,1,ㄅㄚ ㄅㄞˋ ㄇㄧㄥˋ
八斗子,1,ㄅㄚ ㄉㄡˇ ㄗˇ
八斗才,1,ㄅㄚ ㄉㄡˇ ㄘㄞˊ
八會穴,1,ㄅㄚ ㄏㄨㄟˋ ㄒㄩㄝˋ
八月春,1,ㄅㄚ ㄩㄝˋ ㄔㄨㄣ
八月節,1,ㄅㄚ ㄩㄝˋ ㄐㄧㄝˊ
八月菊,1,ㄅㄚ ㄩㄝˋ ㄐㄩˊ
八極拳,1,ㄅㄚ ㄐㄧˊ ㄑㄩㄢˊ
八步床,1,ㄅㄚ ㄅㄨˋ ㄔㄨㄤˊ
八法頌,1,ㄅㄚ ㄈㄚˇ ㄙㄨㄥˋ
八無暇,1,ㄅㄚ ㄨˊ ㄒㄧㄚˊ
八王日,1,ㄅㄚ ㄨㄤˊ ㄖˋ
八答鞋,1,ㄅㄚ ㄉㄚ ㄒㄧㄝˊ
八聖道,1,ㄅㄚ ㄕㄥˋ ㄉㄠˋ
八角蓮,1,ㄅㄚ ㄐㄧㄠˇ ㄌㄧㄢˊ
八角鼓,1,ㄅㄚ ㄐㄧㄠˇ ㄍㄨˇ
八言詩,1,ㄅㄚ ㄧㄢˊ ㄕ
八輩子,1,ㄅㄚ ㄅㄟˋ ㄗ˙
八進制,1,ㄅㄚ ㄐㄧㄣˋ ㄓˋ
八達嶺,1,ㄅㄚ ㄉㄚˊ ㄌㄧㄥˇ
八都兒,1,ㄅㄚ ㄉㄨ ㄦˊ
八都魯,1,ㄅㄚ ㄉㄨ ㄌㄨˇ
八關齋,1,ㄅㄚ ㄍㄨㄢ ㄓㄞ
八面光,1,ㄅㄚ ㄇㄧㄢˋ ㄍㄨㄤ
八面鋒,1,ㄅㄚ ㄇㄧㄢˋ ㄈㄥ
八音匣,1,ㄅㄚ ㄧㄣ ㄒㄧㄚˊ
八音琴,1,ㄅㄚ ㄧㄣ ㄑㄧㄣˊ
八駿馬,1,ㄅㄚ ㄐㄩㄣˋ ㄇㄚˇ
公事人,1,ㄍㄨㄥ ㄕˋ ㄖㄣˊ
公事錢,1,ㄍㄨㄥ ㄕˋ ㄑㄧㄢˊ
公事飯,1,ㄍㄨㄥ ㄕˋ ㄈㄢˋ
公估局,1,ㄍㄨㄥ ㄍㄨ ㄐㄩˊ
公冶長,1,ㄍㄨㄥ ㄧㄝˇ ㄔㄤˊ
公切面,1,ㄍㄨㄥ ㄑㄧㄝ ㄇㄧㄢˋ
公割線,1,ㄍㄨㄥ ㄍㄜ ㄒㄧㄢˋ
公古哩,1,ㄍㄨㄥ ㄍㄨˇ ㄌㄧ
公央婆,1,ㄍㄨㄥ ㄧㄤ ㄆㄛˊ
公子家,1,ㄍㄨㄥ ㄗˇ ㄐㄧㄚ
公子糾,1,ㄍㄨㄥ ㄗˇ ㄐㄧㄡ
公孫丑,1,ㄍㄨㄥ ㄙㄨㄣ ㄔㄡˇ
公孫弘,1,ㄍㄨㄥ ㄙㄨㄣ ㄏㄨㄥˊ
公孫樹,1,ㄍㄨㄥ ㄙㄨㄣ ㄕㄨˋ
公安體,1,ㄍㄨㄥ ㄢ ㄊㄧˇ
公害病,1,ㄍㄨㄥ ㄏㄞˋ ㄅㄧㄥˋ
公家人,1,ㄍㄨㄥ ㄐㄧㄚ˙ ㄖㄣˊ
公平法,1,ㄍㄨㄥ ㄆㄧㄥˊ ㄈㄚˇ
公斷人,1,ㄍㄨㄥ ㄉㄨㄢˋ ㄖㄣˊ
公昆弟,1,ㄍㄨㄥ ㄎㄨㄣ ㄉㄧˋ
公有林,1,ㄍㄨㄥ ㄧㄡˇ ㄌㄧㄣˊ
公母倆,1,ㄍㄨㄥ ㄇㄨ˙ ㄌㄧㄚˇ
公法人,1,ㄍㄨㄥ ㄈㄚˇ ㄖㄣˊ
公生明,1,ㄍㄨㄥ ㄕㄥ ㄇㄧㄥˊ
公益捐,1,ㄍㄨㄥ ㄧˋ ㄐㄩㄢ
公羊經,1,ㄍㄨㄥ ㄧㄤˊ ㄐㄧㄥ
公羊高,1,ㄍㄨㄥ ㄧㄤˊ ㄍㄠ
公義務,1,ㄍㄨㄥ ㄧˋ ㄨˋ
公莫舞,1,ㄍㄨㄥ ㄇㄛˋ ㄨˇ
公西華,1,ㄍㄨㄥ ㄒㄧ ㄏㄨㄚˊ
公西赤,1,ㄍㄨㄥ ㄒㄧ ㄔˋ
公訴權,1,ㄍㄨㄥ ㄙㄨˋ ㄑㄩㄢˊ
公議會,1,ㄍㄨㄥ ㄧˋ ㄏㄨㄟˋ
公超市,1,ㄍㄨㄥ ㄔㄠ ㄕˋ
公路節,1,ㄍㄨㄥ ㄌㄨˋ ㄐㄧㄝˊ
公輸子,1,ㄍㄨㄥ ㄕㄨ ㄗˇ
公輸般,1,ㄍㄨㄥ ㄕㄨ ㄅㄢ
公道伯,1,ㄍㄨㄥ ㄉㄠ˙ ㄅㄛˊ
公道話,1,ㄍㄨㄥ ㄉㄠ˙ ㄏㄨㄚˋ
六仙桌,1,ㄌㄧㄡˋ ㄒㄧㄢ ㄓㄨㄛ
六出花,1,ㄌㄧㄡˋ ㄔㄨ ㄏㄨㄚ
六十調,1,ㄌㄧㄡˋ ㄕˊ ㄉㄧㄠˋ
六君子,1,ㄌㄧㄡˋ ㄐㄩㄣ ㄗˇ
六國論,1,ㄌㄧㄡˋ ㄍㄨㄛˊ ㄌㄨㄣˋ
六大六,1,ㄌㄧㄡˋ ㄉㄚˋ ㄌㄧㄡˋ
六大洲,1,ㄌㄧㄡˋ ㄉㄚˋ ㄓㄡ
六安縣,1,ㄌㄧㄡˋ ㄢ ㄒㄧㄢˋ
六安茶,1,ㄌㄧㄡˋ ㄢ ㄔㄚˊ
六扇門,1,ㄌㄧㄡˋ ㄕㄢˋ ㄇㄣˊ
六言詩,1,ㄌㄧㄡˋ ㄧㄢˊ ㄕ
六陳鋪,1,ㄌㄧㄡˋ ㄔㄣˊ ㄆㄨˋ
六龜茶,1,ㄌㄧㄡˋ ㄍㄨㄟ ㄔㄚˊ
共命鳥,1,ㄍㄨㄥˋ ㄇㄧㄥˋ ㄋㄧㄠˇ
共有人,1,ㄍㄨㄥˋ ㄧㄡˇ ㄖㄣˊ
共榮辱,1,ㄍㄨㄥˋ ㄖㄨㄥˊ ㄖㄨˋ
共犯罪,1,ㄍㄨㄥˋ ㄈㄢˋ ㄗㄨㄟˋ
共生礦,1,ㄍㄨㄥˋ ㄕㄥ ㄎㄨㄤˋ
共益權,1,ㄍㄨㄥˋ ㄧˋ ㄑㄩㄢˊ
共筆硯,1,ㄍㄨㄥˋ ㄅㄧˇ ㄧㄢˋ
共線點,1,ㄍㄨㄥˋ ㄒㄧㄢˋ ㄉㄧㄢˇ
共識決,1,ㄍㄨㄥˋ ㄕˋ ㄐㄩㄝˊ
共軛弧,1,ㄍㄨㄥˋ ㄜˋ ㄏㄨˊ
共點線,1,ㄍㄨㄥˋ ㄉㄧㄢˇ ㄒㄧㄢˋ
兵役課,1,ㄅㄧㄥ ㄧˋ ㄎㄜˋ
兵書匣,1,ㄅㄧㄥ ㄕㄨ ㄒㄧㄚˊ
兵法家,1,ㄅㄧㄥ ㄈㄚˇ ㄐㄧㄚ
兵要圖,1,ㄅㄧㄥ ㄧㄠˋ ㄊㄨˊ
兵車行,1,ㄅㄧㄥ ㄔㄜ ㄒㄧㄥˊ
兵馬司,1,ㄅㄧㄥ ㄇㄚˇ ㄙ
典藏本,1,ㄉㄧㄢˇ ㄘㄤˊ ㄅㄣˇ
冉伯牛,1,ㄖㄢˇ ㄅㄛˊ ㄋㄧㄡˊ
再不然,1,ㄗㄞˋ ㄅㄨ˙ ㄖㄢˊ
再世交,1,ㄗㄞˋ ㄕˋ ㄐㄧㄠ
再來過,1,ㄗㄞˋ ㄌㄞˊ ㄍㄨㄛˋ
再啟者,1,ㄗㄞˋ ㄑㄧˇ ㄓㄜˇ
再寒暑,1,ㄗㄞˋ ㄏㄢˊ ㄕㄨˇ
再犯率,1,ㄗㄞˋ ㄈㄢˋ ㄌㄩˋ
再生紙,1,ㄗㄞˋ ㄕㄥ ㄓˇ
再製紙,1,ㄗㄞˋ ㄓˋ ㄓˇ
冒冷汗,1,ㄇㄠˋ ㄌㄥˇ ㄏㄢˋ
冒失鬼,1,ㄇㄠˋ ㄕ˙ ㄍㄨㄟˇ
冒支銀,1,ㄇㄠˋ ㄓ ㄧㄣˊ
冒涼腔,1,ㄇㄠˋ ㄌㄧㄤˊ ㄑㄧㄤ
冒熱氣,1,ㄇㄠˋ ㄖㄜˋ ㄑㄧˋ
冠子蟲,1,ㄍㄨㄢ ㄗ˙ ㄔㄨㄥˊ
冠帶官,1,ㄍㄨㄢ ㄉㄞˋ ㄍㄨㄢ
冤枉氣,1,ㄩㄢ ㄨㄤˇ ㄑㄧˋ
冤枉路,1,ㄩㄢ ㄨㄤˇ ㄌㄨˋ
冤枉錢,1,ㄩㄢ ㄨㄤˇ ㄑㄧㄢˊ
冤苦錢,1,ㄩㄢ ㄎㄨˇ ㄑㄧㄢˊ
冥子裡,1,ㄇㄧㄥˊ ㄗ˙ ㄌㄧˇ
冥漠君,1,ㄇㄧㄥˊ ㄇㄛˋ ㄐㄩㄣ
冪級數,1,ㄇㄧˋ ㄐㄧˊ ㄕㄨˋ
冰炸紋,1,ㄅㄧㄥ ㄓㄚˋ ㄨㄣˊ
冰磧岩,1,ㄅㄧㄥ ㄑㄧˋ ㄧㄢˊ
冰磧湖,1,ㄅㄧㄥ ㄑㄧˋ ㄏㄨˊ
冰翼紙,1,ㄅㄧㄥ ㄧˋ ㄓˇ
冰花糖,1,ㄅㄧㄥ ㄏㄨㄚ ㄊㄤˊ
冰裂紋,1,ㄅㄧㄥ ㄌㄧㄝˋ ㄨㄣˊ
冰雪堂,1,ㄅㄧㄥ ㄒㄩㄝˇ ㄊㄤˊ
冰雪心,1,ㄅㄧㄥ ㄒㄩㄝˇ ㄒㄧㄣ
冷丁丁,1,ㄌㄥˇ ㄉㄧㄥ ㄉㄧㄥ
冷不丁,1,ㄌㄥˇ ㄅㄨˋ ㄉㄧㄥ
冷低壓,1,ㄌㄥˇ ㄉㄧ ㄧㄚ
冷凝管,1,ㄌㄥˇ ㄋㄧㄥˊ ㄍㄨㄢˇ
冷呵呵,1,ㄌㄥˇ ㄏㄜ ㄏㄜ
冷噓噓,1,ㄌㄥˇ ㄒㄩ ㄒㄩ
冷地裡,1,ㄌㄥˇ ㄉㄧˋ ㄌㄧˇ
冷孤丁,1,ㄌㄥˇ ㄍㄨ ㄉㄧㄥ
冷平流,1,ㄌㄥˇ ㄆㄧㄥˊ ㄌㄧㄡˊ
冷心腸,1,ㄌㄥˇ ㄒㄧㄣ ㄔㄤˊ
冷板曲,1,ㄌㄥˇ ㄅㄢˇ ㄑㄩˇ
冷森森,1,ㄌㄥˇ ㄙㄣ ㄙㄣ
冷氣房,1,ㄌㄥˇ ㄑㄧˋ ㄈㄤˊ
冷氣車,1,ㄌㄥˇ ㄑㄧˋ ㄔㄜ
冷水塔,1,ㄌㄥˇ ㄕㄨㄟˇ ㄊㄚˇ
冷水澡,1,ㄌㄥˇ ㄕㄨㄟˇ ㄗㄠˇ
冷眼人,1,ㄌㄥˇ ㄧㄢˇ ㄖㄣˊ
冷絲絲,1,ㄌㄥˇ ㄙ ㄙ
冷肩膀,1,ㄌㄥˇ ㄐㄧㄢ ㄅㄤˇ
冷臉子,1,ㄌㄥˇ ㄌㄧㄢˇ ㄗ˙
冷莊子,1,ㄌㄥˇ ㄓㄨㄤ ㄗ˙
冷藏船,1,ㄌㄥˇ ㄘㄤˊ ㄔㄨㄢˊ
冷藏間,1,ㄌㄥˇ ㄘㄤˊ ㄐㄧㄢ
冷處理,1,ㄌㄥˇ ㄔㄨˇ ㄌㄧˇ
冷金箋,1,ㄌㄥˇ ㄐㄧㄣ ㄐㄧㄢ
冷門貨,1,ㄌㄥˇ ㄇㄣˊ ㄏㄨㄛˋ
冷霜霜,1,ㄌㄥˇ ㄕㄨㄤ ㄕㄨㄤ
冷高壓,1,ㄌㄥˇ ㄍㄠ ㄧㄚ
冷鼻凹,1,ㄌㄥˇ ㄅㄧˊ ㄠ
凌波殿,1,ㄌㄧㄥˊ ㄅㄛ ㄉㄧㄢˋ
凌波舞,1,ㄌㄧㄥˊ ㄅㄛ ㄨˇ
凌波襪,1,ㄌㄧㄥˊ ㄅㄛ ㄨㄚˋ
凌濛初,1,ㄌㄧㄥˊ ㄇㄥˊ ㄔㄨ
凌煙閣,1,ㄌㄧㄥˊ ㄧㄢ ㄍㄜˊ
凌霄殿,1,ㄌㄧㄥˊ ㄒㄧㄠ ㄉㄧㄢˋ
凌霄花,1,ㄌㄧㄥˊ ㄒㄧㄠ ㄏㄨㄚ
凍剝剝,1,ㄉㄨㄥˋ ㄅㄛ ㄅㄛ
凍天行,1,ㄉㄨㄥˋ ㄊㄧㄢ ㄒㄧㄥˊ
凍欽欽,1,ㄉㄨㄥˋ ㄑㄧㄣ ㄑㄧㄣ
凍豆腐,1,ㄉㄨㄥˋ ㄉㄡˋ ㄈㄨ˙
凝固劑,1,ㄋㄧㄥˊ ㄍㄨˋ ㄐㄧˋ
凝水石,1,ㄋㄧㄥˊ ㄕㄨㄟˇ ㄕˊ
凝灰岩,1,ㄋㄧㄥˊ ㄏㄨㄟ ㄧㄢˊ
凝膠體,1,ㄋㄧㄥˊ ㄐㄧㄠ ㄊㄧˇ
凝視點,1,ㄋㄧㄥˊ ㄕˋ ㄉㄧㄢˇ
凱末爾,1,ㄎㄞˇ ㄇㄛˋ ㄦˇ
凱薩琳,1,ㄎㄞˇ ㄙㄚˋ ㄌㄧㄣˊ
凶巴巴,1,ㄒㄩㄥ ㄅㄚ ㄅㄚ
凹心硯,1,ㄠ ㄒㄧㄣ ㄧㄢˋ
凹版畫,1,ㄠ ㄅㄢˇ ㄏㄨㄚˋ
出世作,1,ㄔㄨ ㄕˋ ㄗㄨㄛˋ
出了月,1,ㄔㄨ ㄌㄜ˙ ㄩㄝˋ
出事情,1,ㄔㄨ ㄕˋ ㄑㄧㄥ˙
出人命,1,ㄔㄨ ㄖㄣˊ ㄇㄧㄥˋ
出冷門,1,ㄔㄨ ㄌㄥˇ ㄇㄣˊ
出分子,1,ㄔㄨ ㄈㄣˋ ㄗ˙
出問題,1,ㄔㄨ ㄨㄣˋ ㄊㄧˊ
出土物,1,ㄔㄨ ㄊㄨˇ ㄨˋ
出大差,1,ㄔㄨ ㄉㄚˋ ㄔㄞ
出大恭,1,ㄔㄨ ㄉㄚˋ ㄍㄨㄥ
出太陽,1,ㄔㄨ ㄊㄞˋ ㄧㄤˊ
出娘胎,1,ㄔㄨ ㄋㄧㄤˊ ㄊㄞ
出小恭,1,ㄔㄨ ㄒㄧㄠˇ ㄍㄨㄥ
出差錯,1,ㄔㄨ ㄔㄚ ㄘㄨㄛˋ
出意外,1,ㄔㄨ ㄧˋ ㄨㄞˋ
出把戲,1,ㄔㄨ ㄅㄚˇ ㄒㄧˋ
出故典,1,ㄔㄨ ㄍㄨˋ ㄉㄧㄢˇ
出月子,1,ㄔㄨ ㄩㄝˋ ㄗ˙
出條子,1,ㄔㄨ ㄊㄧㄠˊ ㄗ˙
出水口,1,ㄔㄨ ㄕㄨㄟˇ ㄎㄡˇ
出漏子,1,ㄔㄨ ㄌㄡˋ ㄗ˙
出火坑,1,ㄔㄨ ㄏㄨㄛˇ ㄎㄥ
出火炕,1,ㄔㄨ ㄏㄨㄛˇ ㄎㄥ
出版品,1,ㄔㄨ ㄅㄢˇ ㄆㄧㄣˇ
出版法,1,ㄔㄨ ㄅㄢˇ ㄈㄚˇ
出版節,1,ㄔㄨ ㄅㄢˇ ㄐㄧㄝˊ
出狀況,1,ㄔㄨ ㄓㄨㄤˋ ㄎㄨㄤˋ
出生別,1,ㄔㄨ ㄕㄥ ㄅㄧㄝˊ
出生牙,1,ㄔㄨ ㄕㄥ ㄧㄚˊ
出疹子,1,ㄔㄨ ㄓㄣˇ ㄗ˙
出窩老,1,ㄔㄨ ㄨㄛ ㄌㄠˇ
出籠鳥,1,ㄔㄨ ㄌㄨㄥˊ ㄋㄧㄠˇ
出紅差,1,ㄔㄨ ㄏㄨㄥˊ ㄔㄞ
出花樣,1,ㄔㄨ ㄏㄨㄚ ㄧㄤˋ
出虛恭,1,ㄔㄨ ㄒㄩ ㄍㄨㄥ
出鏡頭,1,ㄔㄨ ㄐㄧㄥˋ ㄊㄡˊ
出門子,1,ㄔㄨ ㄇㄣˊ ㄗ˙
出難題,1,ㄔㄨ ㄋㄢˊ ㄊㄧˊ
出頭棍,1,ㄔㄨ ㄊㄡˊ ㄍㄨㄣˋ
出頭鳥,1,ㄔㄨ ㄊㄡˊ ㄋㄧㄠˇ
出點子,1,ㄔㄨ ㄉㄧㄢˇ ㄗ˙
函谷關,1,ㄏㄢˊ ㄍㄨˇ ㄍㄨㄢ
刀削冰,1,ㄉㄠ ㄒㄧㄠ ㄅㄧㄥ
刀創藥,1,ㄉㄠ ㄔㄨㄤ ㄧㄠˋ
刀子嘴,1,ㄉㄠ ㄗ˙ ㄗㄨㄟˇ
刀斧手,1,ㄉㄠ ㄈㄨˇ ㄕㄡˇ
刀牌手,1,ㄉㄠ ㄆㄞˊ ㄕㄡˇ
刀筆吏,1,ㄉㄠ ㄅㄧˇ ㄌㄧˋ
刀鑷工,1,ㄉㄠ ㄋㄧㄝˋ ㄍㄨㄥ
刀頭蜜,1,ㄉㄠ ㄊㄡˊ ㄇㄧˋ
分光儀,1,ㄈㄣ ㄍㄨㄤ ㄧˊ
分內事,1,ㄈㄣˋ ㄋㄟˋ ㄕˋ
分向島,1,ㄈㄣ ㄒㄧㄤˋ ㄉㄠˇ
分大小,1,ㄈㄣ ㄉㄚˋ ㄒㄧㄠˇ
分杯羹,1,ㄈㄣ ㄅㄟ ㄍㄥ
分析法,1,ㄈㄣ ㄒㄧ ㄈㄚˇ
分水隄,1,ㄈㄣ ㄕㄨㄟˇ ㄊㄧˊ
分渾元,1,ㄈㄣ ㄏㄨㄣˋ ㄩㄢˊ
分界牌,1,ㄈㄣ ㄐㄧㄝˋ ㄆㄞˊ
分神福,1,ㄈㄣ ㄕㄣˊ ㄈㄨˊ
分筋術,1,ㄈㄣ ㄐㄧㄣ ㄕㄨˋ
分至點,1,ㄈㄣ ㄓˋ ㄉㄧㄢˇ
分角線,1,ㄈㄣ ㄐㄧㄠˇ ㄒㄧㄢˋ
分解力,1,ㄈㄣ ㄐㄧㄝˇ ㄌㄧˋ
分解者,1,ㄈㄣ ㄐㄧㄝˇ ㄓㄜˇ
分路數,1,ㄈㄣ ㄌㄨˋ ㄕㄨˋ
分身法,1,ㄈㄣ ㄕㄣ ㄈㄚˇ
分身術,1,ㄈㄣ ㄕㄣ ㄕㄨˋ
分道島,1,ㄈㄣ ㄉㄠˋ ㄉㄠˇ
分釐卡,1,ㄈㄣ ㄌㄧˊ ㄎㄚˇ
分鏡頭,1,ㄈㄣ ㄐㄧㄥˋ ㄊㄡˊ
分門書,1,ㄈㄣ ㄇㄣˊ ㄕㄨ
分駐所,1,ㄈㄣ ㄓㄨˋ ㄙㄨㄛˇ
分高下,1,ㄈㄣ ㄍㄠ ㄒㄧㄚˋ
切分法,1,ㄑㄧㄝ ㄈㄣ ㄈㄚˇ
切接法,1,ㄑㄧㄝ ㄐㄧㄝ ㄈㄚˇ
切韻考,1,ㄑㄧㄝˋ ㄩㄣˋ ㄎㄠˇ
刊誤表,1,ㄎㄢ ㄨˋ ㄅㄧㄠˇ
刎頸交,1,ㄨㄣˇ ㄐㄧㄥˇ ㄐㄧㄠ
刑事學,1,ㄒㄧㄥˊ ㄕˋ ㄒㄩㄝˊ
刑事案,1,ㄒㄧㄥˊ ㄕˋ ㄢˋ
刑法學,1,ㄒㄧㄥˊ ㄈㄚˇ ㄒㄩㄝˊ
列女傳,1,ㄌㄧㄝˋ ㄋㄩˇ ㄓㄨㄢˋ
列禦寇,1,ㄌㄧㄝˋ ㄩˋ ㄎㄡˋ
初印本,1,ㄔㄨ ㄧㄣˋ ㄅㄣˇ
初夜權,1,ㄔㄨ ㄧㄝˋ ㄑㄩㄢˊ
初學記,1,ㄔㄨ ㄒㄩㄝˊ ㄐㄧˋ
初秋圖,1,ㄔㄨ ㄑㄧㄡ ㄊㄨˊ
初選制,1,ㄔㄨ ㄒㄩㄢˇ ㄓˋ
判官筆,1,ㄆㄢˋ ㄍㄨㄢ ㄅㄧˇ
判官頭,1,ㄆㄢˋ ㄍㄨㄢ ㄊㄡˊ
判斷詞,1,ㄆㄢˋ ㄉㄨㄢˋ ㄘˊ
判酩酊,1,ㄆㄢˋ ㄇㄧㄥˊ ㄉㄧㄥˇ
別苗頭,1,ㄅㄧㄝˊ ㄇㄧㄠˊ ㄊㄡˊ
別除權,1,ㄅㄧㄝˊ ㄔㄨˊ ㄑㄩㄢˊ
別頦腮,1,ㄅㄧㄝˊ ㄎㄜ ㄙㄞ
別鶴操,1,ㄅㄧㄝˊ ㄏㄜˋ ㄘㄠ
刨冰機,1,ㄅㄠˋ ㄅㄧㄥ ㄐㄧ
刨花水,1,ㄅㄠˋ ㄏㄨㄚ ㄕㄨㄟˇ
利樂包,1,ㄌㄧˋ ㄌㄜˋ ㄅㄠ
刮冷風,1,ㄍㄨㄚ ㄌㄥˇ ㄈㄥ
刮剌剌,1,ㄍㄨㄚ ㄌㄚˋ ㄌㄚˋ
刮地器,1,ㄍㄨㄚ ㄉㄧˋ ㄑㄧˋ
刮宮術,1,ㄍㄨㄚ ㄍㄨㄥ ㄕㄨˋ
刮書背,1,ㄍㄨㄚ ㄕㄨ ㄅㄟˋ
刮臉皮,1,ㄍㄨㄚ ㄌㄧㄢˇ ㄆㄧˊ
刮舌子,1,ㄍㄨㄚ ㄕㄜˊ ㄗ˙
到不的,1,ㄉㄠˋ ㄅㄨˋ ㄉㄜ˙
到大來,1,ㄉㄠˋ ㄉㄚˋ ㄌㄞˊ
制憲權,1,ㄓˋ ㄒㄧㄢˋ ㄑㄩㄢˊ
制水閥,1,ㄓˋ ㄕㄨㄟˇ ㄈㄚˊ
刺史天,1,ㄘˋ ㄕˇ ㄊㄧㄢ
刺激素,1,ㄘˋ ㄐㄧ ㄙㄨˋ
刺絲鞭,1,ㄘˋ ㄙ ㄅㄧㄢ
刻鏤刀,1,ㄎㄜˋ ㄌㄡˋ ㄉㄠ
剃光頭,1,ㄊㄧˋ ㄍㄨㄤ ㄊㄡˊ
剃胎頭,1,ㄊㄧˋ ㄊㄞ ㄊㄡˊ
剃頭刀,1,ㄊㄧˋ ㄊㄡˊ ㄉㄠ
剃頭匠,1,ㄊㄧˋ ㄊㄡˊ ㄐㄧㄤˋ
剃頭店,1,ㄊㄧˋ ㄊㄡˊ ㄉㄧㄢˋ
剃髮鋪,1,ㄊㄧˋ ㄈㄚˇ ㄆㄨˋ
剃鬚刀,1,ㄊㄧˋ ㄒㄩ ㄉㄠ
剌口子,1,ㄌㄚˊ ㄎㄡˇ ㄗ˙
前七子,1,ㄑㄧㄢˊ ㄑㄧ ㄗˇ
前元音,1,ㄑㄧㄢˊ ㄩㄢˊ ㄧㄣ
前半晌,1,ㄑㄧㄢˊ ㄅㄢˋ ㄕㄤˇ
前家兒,1,ㄑㄧㄢˊ ㄐㄧㄚ ㄦˊ
前意識,1,ㄑㄧㄢˊ ㄧˋ ㄕˋ
前理解,1,ㄑㄧㄢˊ ㄌㄧˇ ㄐㄧㄝˇ
前科犯,1,ㄑㄧㄢˊ ㄎㄜ ㄈㄢˋ
前空翻,1,ㄑㄧㄢˊ ㄎㄨㄥ ㄈㄢ
前進色,1,ㄑㄧㄢˊ ㄐㄧㄣˋ ㄙㄜˋ
前鋸肌,1,ㄑㄧㄢˊ ㄐㄩˋ ㄐㄧ
前頭人,1,ㄑㄧㄢˊ ㄊㄡˊ ㄖㄣˊ
剎帝利,1,ㄔㄚˋ ㄉㄧˋ ㄌㄧˋ
剔團圓,1,ㄊㄧ ㄊㄨㄢˊ ㄩㄢˊ
剔團圞,1,ㄊㄧ ㄊㄨㄢˊ ㄌㄨㄢˊ
剔莊貨,1,ㄊㄧ ㄓㄨㄤ ㄏㄨㄛˋ
剔齒纖,1,ㄊㄧ ㄔˇ ㄒㄧㄢ
剖面圖,1,ㄆㄡˇ ㄇㄧㄢˋ ㄊㄨˊ
剗子箭,1,ㄔㄢˇ ㄗ˙ ㄐㄧㄢˋ
剛果紅,1,ㄍㄤ ㄍㄨㄛˇ ㄏㄨㄥˊ
剛毫筆,1,ㄍㄤ ㄏㄠˊ ㄅㄧˇ
剝削者,1,ㄅㄛ ㄒㄩㄝˋ ㄓㄜˇ
剝痛瘡,1,ㄅㄛ ㄊㄨㄥˋ ㄔㄨㄤ
剝面皮,1,ㄅㄛ ㄇㄧㄢˋ ㄆㄧˊ
剪夏羅,1,ㄐㄧㄢˇ ㄒㄧㄚˋ ㄌㄨㄛˊ
剪子股,1,ㄐㄧㄢˇ ㄗ˙ ㄍㄨˇ
剪春羅,1,ㄐㄧㄢˇ ㄔㄨㄣ ㄌㄨㄛˊ
剪票口,1,ㄐㄧㄢˇ ㄆㄧㄠˋ ㄎㄡˇ
剪票夾,1,ㄐㄧㄢˇ ㄆㄧㄠˋ ㄐㄧㄚˊ
剪秋羅,1,ㄐㄧㄢˇ ㄑㄧㄡ ㄌㄨㄛˊ
剪窗花,1,ㄐㄧㄢˇ ㄔㄨㄤ ㄏㄨㄚ
副性徵,1,ㄈㄨˋ ㄒㄧㄥˋ ㄓㄥ
副控室,1,ㄈㄨˋ ㄎㄨㄥˋ ㄕˋ
副文化,1,ㄈㄨˋ ㄨㄣˊ ㄏㄨㄚˋ
副睪丸,1,ㄈㄨˋ ㄍㄠ ㄨㄢˊ
副語言,1,ㄈㄨˋ ㄩˇ ㄧㄢˊ
副領事,1,ㄈㄨˋ ㄌㄧㄥˇ ㄕˋ
副食物,1,ㄈㄨˋ ㄕˊ ㄨˋ
割尾巴,1,ㄍㄜ ㄨㄟˇ ㄅㄚ
割接法,1,ㄍㄜ ㄐㄧㄝ ㄈㄚˇ
割田藨,1,ㄍㄜ ㄊㄧㄢˊ ㄅㄧㄠ
割腸子,1,ㄍㄜ ㄔㄤˊ ㄗ˙
割臂盟,1,ㄍㄜ ㄅㄧˋ ㄇㄥˊ
創意曲,1,ㄔㄨㄤˋ ㄧˋ ㄑㄩˇ
劃座位,1,ㄏㄨㄚˋ ㄗㄨㄛˋ ㄨㄟˋ
劈初頭,1,ㄆㄧ ㄔㄨ ㄊㄡˊ
劈心裡,1,ㄆㄧ ㄒㄧㄣ ㄌㄧˇ
劈接法,1,ㄆㄧ ㄐㄧㄝ ㄈㄚˇ
劈腦後,1,ㄆㄧ ㄋㄠˇ ㄏㄡˋ
劈腳跟,1,ㄆㄧ ㄐㄧㄠˇ ㄍㄣ
劈頭子,1,ㄆㄧ ㄊㄡˊ ㄗ˙
劉克莊,1,ㄌㄧㄡˊ ㄎㄜˋ ㄓㄨㄤ
劉半農,1,ㄌㄧㄡˊ ㄅㄢˋ ㄋㄨㄥˊ
劉天華,1,ㄌㄧㄡˊ ㄊㄧㄢ ㄏㄨㄚˊ
劉子翬,1,ㄌㄧㄡˊ ㄗˇ ㄏㄨㄟ
劉子驥,1,ㄌㄧㄡˊ ㄗˇ ㄐㄧˋ
劉完素,1,ㄌㄧㄡˊ ㄨㄢˊ ㄙㄨˋ
劉宗周,1,ㄌㄧㄡˊ ㄗㄨㄥ ㄓㄡ
劉寄奴,1,ㄌㄧㄡˊ ㄐㄧˋ ㄋㄨˊ
劉寶全,1,ㄌㄧㄡˊ ㄅㄠˇ ㄑㄩㄢˊ
劉彥和,1,ㄌㄧㄡˊ ㄧㄢˋ ㄏㄜˊ
劉松年,1,ㄌㄧㄡˊ ㄙㄨㄥ ㄋㄧㄢˊ
劉永福,1,ㄌㄧㄡˊ ㄩㄥˇ ㄈㄨˊ
劉海蟾,1,ㄌㄧㄡˊ ㄏㄞˇ ㄔㄢˊ
劉白墮,1,ㄌㄧㄡˊ ㄅㄞˊ ㄉㄨㄛˋ
劉知幾,1,ㄌㄧㄡˊ ㄓ ㄐㄧ
劉知遠,1,ㄌㄧㄡˊ ㄓ ㄩㄢˇ
劉禹錫,1,ㄌㄧㄡˊ ㄩˇ ㄒㄧˊ
劉義慶,1,ㄌㄧㄡˊ ㄧˋ ㄑㄧㄥˋ
劉蘭芝,1,ㄌㄧㄡˊ ㄌㄢˊ ㄓ
劉長卿,1,ㄌㄧㄡˊ ㄓㄤˇ ㄑㄧㄥ
劍尾魚,1,ㄐㄧㄢˋ ㄨㄟˇ ㄩˊ
劍旗魚,1,ㄐㄧㄢˋ ㄑㄧˊ ㄩˊ
劍水蚤,1,ㄐㄧㄢˋ ㄕㄨㄟˇ ㄗㄠˇ
劍門山,1,ㄐㄧㄢˋ ㄇㄣˊ ㄕㄢ
劍魚座,1,ㄐㄧㄢˋ ㄩˊ ㄗㄨㄛˋ
劍齒虎,1,ㄐㄧㄢˋ ㄔˇ ㄏㄨˇ
劍齒象,1,ㄐㄧㄢˋ ㄔˇ ㄒㄧㄤˋ
力巴頭,1,ㄌㄧˋ ㄅㄚ˙ ㄊㄡˊ
力平衡,1,ㄌㄧˋ ㄆㄧㄥˊ ㄏㄥˊ
力氣活,1,ㄌㄧˋ ㄑㄧ˙ ㄏㄨㄛˊ
功利派,1,ㄍㄨㄥ ㄌㄧˋ ㄆㄞˋ
功利論,1,ㄍㄨㄥ ㄌㄧˋ ㄌㄨㄣˋ
功名心,1,ㄍㄨㄥ ㄇㄧㄥˊ ㄒㄧㄣ
功夫片,1,ㄍㄨㄥ ㄈㄨ ㄆㄧㄢˋ
功率比,1,ㄍㄨㄥ ㄌㄩˋ ㄅㄧˇ
功率表,1,ㄍㄨㄥ ㄌㄩˋ ㄅㄧㄠˇ
功績制,1,ㄍㄨㄥ ㄐㄧ ㄓˋ
加伏特,1,ㄐㄧㄚ ㄈㄨˊ ㄊㄜˋ
加值稅,1,ㄐㄧㄚ ㄓˊ ㄕㄨㄟˋ
加力騷,1,ㄐㄧㄚ ㄌㄧˋ ㄙㄠ
加害人,1,ㄐㄧㄚ ㄏㄞˋ ㄖㄣˊ
加巴拉,1,ㄐㄧㄚ ㄅㄚ ㄌㄚ
加氯量,1,ㄐㄧㄚ ㄌㄩˋ ㄌㄧㄤˋ
加油機,1,ㄐㄧㄚ ㄧㄡˊ ㄐㄧ
加簽證,1,ㄐㄧㄚ ㄑㄧㄢ ㄓㄥˋ
加農炮,1,ㄐㄧㄚ ㄋㄨㄥˊ ㄆㄠˋ
劣把頭,1,ㄌㄧㄝˋ ㄅㄚ˙ ㄊㄡˊ
劣等生,1,ㄌㄧㄝˋ ㄉㄥˇ ㄕㄥ
助產婆,1,ㄓㄨˋ ㄔㄢˇ ㄆㄛˊ
劫法場,1,ㄐㄧㄝˊ ㄈㄚˇ ㄔㄤˊ
勃喇喇,1,ㄅㄛˊ ㄌㄚ ㄌㄚ
勃拿爾,1,ㄅㄛˊ ㄋㄚˊ ㄦˇ
勃朗寧,1,ㄅㄛˊ ㄌㄤˇ ㄋㄧㄥˊ
勃朗峰,1,ㄅㄛˊ ㄌㄤˇ ㄈㄥ
勃朗特,1,ㄅㄛˊ ㄌㄤˇ ㄊㄜˋ
勃極烈,1,ㄅㄛˊ ㄐㄧˊ ㄌㄧㄝˋ
勃浪鼓,1,ㄅㄛˊ ㄌㄤˋ ㄍㄨˇ
勃露斯,1,ㄅㄛˊ ㄌㄨˋ ㄙ
勃騰騰,1,ㄅㄛˊ ㄊㄥˊ ㄊㄥˊ
勒克司,1,ㄌㄜˋ ㄎㄜˋ ㄙ
動不動,1,ㄉㄨㄥˋ ㄅㄨˋ ㄉㄨㄥˋ
動刀兵,1,ㄉㄨㄥˋ ㄉㄠ ㄅㄧㄥ
動情素,1,ㄉㄨㄥˋ ㄑㄧㄥˊ ㄙㄨˋ
動漫畫,1,ㄉㄨㄥˋ ㄇㄢˋ ㄏㄨㄚˋ
動物膠,1,ㄉㄨㄥˋ ㄨˋ ㄐㄧㄠ
動肝火,1,ㄉㄨㄥˋ ㄍㄢ ㄏㄨㄛˇ
動遷戶,1,ㄉㄨㄥˋ ㄑㄧㄢ ㄏㄨˋ
勞乃宣,1,ㄌㄠˊ ㄋㄞˇ ㄒㄩㄢ
勞什子,1,ㄌㄠˊ ㄕˊ ㄗ˙
勞尊重,1,ㄌㄠˊ ㄗㄨㄣ ㄓㄨㄥˋ
勞改場,1,ㄌㄠˊ ㄍㄞˇ ㄔㄤˊ
勞臺重,1,ㄌㄠˊ ㄊㄞˊ ㄓㄨㄥˋ
勢利眼,1,ㄕˋ ㄌㄧ˙ ㄧㄢˇ
勢利鬼,1,ㄕˋ ㄌㄧ˙ ㄍㄨㄟˇ
勾使鬼,1,ㄍㄡ ㄕˇ ㄍㄨㄟˇ
勾司人,1,ㄍㄡ ㄙ ㄖㄣˊ
勾死人,1,ㄍㄡ ㄙˇ ㄖㄣˊ
勾死鬼,1,ㄍㄡ ㄙˇ ㄍㄨㄟˇ
勾股形,1,ㄍㄡ ㄍㄨˇ ㄒㄧㄥˊ
勾臉譜,1,ㄍㄡ ㄌㄧㄢˇ ㄆㄨˇ
包世臣,1,ㄅㄠ ㄕˋ ㄔㄣˊ
包孕句,1,ㄅㄠ ㄩㄣˋ ㄐㄩˋ
包待制,1,ㄅㄠ ㄉㄞˋ ㄓˋ
包浩斯,1,ㄅㄠ ㄏㄠˋ ㄙ
包焦尼,1,ㄅㄠ ㄐㄧㄠ ㄋㄧˊ
包班制,1,ㄅㄠ ㄅㄢ ㄓˋ
包種茶,1,ㄅㄠ ㄓㄨㄥˇ ㄔㄚˊ
包背裝,1,ㄅㄠ ㄅㄟˋ ㄓㄨㄤ
包裝水,1,ㄅㄠ ㄓㄨㄤ ㄕㄨㄟˇ
包谷花,1,ㄅㄠ ㄍㄨˇ ㄏㄨㄚ
包身工,1,ㄅㄠ ㄕㄣ ㄍㄨㄥ
包遵彭,1,ㄅㄠ ㄗㄨㄣ ㄆㄥˊ
包頭的,1,ㄅㄠ ㄊㄡˊ ㄉㄜ˙
包頭縣,1,ㄅㄠ ㄊㄡˊ ㄒㄧㄢˋ
包龍圖,1,ㄅㄠ ㄌㄨㄥˊ ㄊㄨˊ
匍匐莖,1,ㄆㄨˊ ㄈㄨˊ ㄐㄧㄥ
化人場,1,ㄏㄨㄚˋ ㄖㄣˊ ㄔㄤˊ
化妝劇,1,ㄏㄨㄚˋ ㄓㄨㄤ ㄐㄩˋ
化瓦糧,1,ㄏㄨㄚˋ ㄨㄚˇ ㄌㄧㄤˊ
化石學,1,ㄏㄨㄚˋ ㄕˊ ㄒㄩㄝˊ
化驗單,1,ㄏㄨㄚˋ ㄧㄢˋ ㄉㄢ
北七真,1,ㄅㄟˇ ㄑㄧ ㄓㄣ
北九州,1,ㄅㄟˇ ㄐㄧㄡˇ ㄓㄡ
北冕座,1,ㄅㄟˇ ㄇㄧㄢˇ ㄗㄨㄛˋ
北口馬,1,ㄅㄟˇ ㄎㄡˇ ㄇㄚˇ
北固山,1,ㄅㄟˇ ㄍㄨˋ ㄕㄢ
北固樓,1,ㄅㄟˇ ㄍㄨˋ ㄌㄡˊ
北埔鄉,1,ㄅㄟˇ ㄆㄨˇ ㄒㄧㄤ
北塔山,1,ㄅㄟˇ ㄊㄚˇ ㄕㄢ
北安市,1,ㄅㄟˇ ㄢ ㄕˋ
北宮黝,1,ㄅㄟˇ ㄍㄨㄥ ㄧㄡˇ
北山羊,1,ㄅㄟˇ ㄕㄢ ㄧㄤˊ
北斗鎮,1,ㄅㄟˇ ㄉㄡˇ ㄓㄣˋ
北極犬,1,ㄅㄟˇ ㄐㄧˊ ㄑㄩㄢˇ
北極狐,1,ㄅㄟˇ ㄐㄧˊ ㄏㄨˊ
北極鋒,1,ㄅㄟˇ ㄐㄧˊ ㄈㄥ
北極鯨,1,ㄅㄟˇ ㄐㄧˊ ㄐㄧㄥ
北直隸,1,ㄅㄟˇ ㄓˊ ㄌㄧˋ
北管戲,1,ㄅㄟˇ ㄍㄨㄢˇ ㄒㄧˋ
北美狼,1,ㄅㄟˇ ㄇㄟˇ ㄌㄤˊ
北苑茶,1,ㄅㄟˇ ㄩㄢˋ ㄔㄚˊ
北葉門,1,ㄅㄟˇ ㄧㄝˋ ㄇㄣˊ
北運河,1,ㄅㄟˇ ㄩㄣˋ ㄏㄜˊ
北邙山,1,ㄅㄟˇ ㄇㄤˊ ㄕㄢ
北齊書,1,ㄅㄟˇ ㄑㄧˊ ㄕㄨ
匹似閑,1,ㄆㄧ ㄙˋ ㄒㄧㄢˊ
匹如閑,1,ㄆㄧ ㄖㄨˊ ㄒㄧㄢˊ
匹如閒,1,ㄆㄧ ㄖㄨˊ ㄒㄧㄢˊ
匹特曼,1,ㄆㄧ ㄊㄜˋ ㄇㄢˋ
匹頭裡,1,ㄆㄧ ㄊㄡˊ ㄌㄧˇ
匾匾的,1,ㄅㄧㄢˇ ㄅㄧㄢˇ ㄉㄜ˙
區中緣,1,ㄑㄩ ㄓㄨㄥ ㄩㄢˊ
十七帖,1,ㄕˊ ㄑㄧ ㄊㄧㄝˋ
十三行,1,ㄕˊ ㄙㄢ ㄏㄤˊ
十三轍,1,ㄕˊ ㄙㄢ ㄓㄜˊ
十二子,1,ㄕˊ ㄦˋ ㄗˇ
十二宮,1,ㄕˊ ㄦˋ ㄍㄨㄥ
十二支,1,ㄕˊ ㄦˋ ㄓ
十二時,1,ㄕˊ ㄦˋ ㄕˊ
十二次,1,ㄕˊ ㄦˋ ㄘˋ
十二經,1,ㄕˊ ㄦˋ ㄐㄧㄥ
十二辰,1,ㄕˊ ㄦˋ ㄔㄣˊ
十八九,1,ㄕˊ ㄅㄚ ㄐㄧㄡˇ
十八姨,1,ㄕˊ ㄅㄚ ㄧˊ
十六國,1,ㄕˊ ㄌㄧㄡˋ ㄍㄨㄛˊ
十如是,1,ㄕˊ ㄖㄨˊ ㄕˋ
十字坡,1,ㄕˊ ㄗˋ ㄆㄛ
十字街,1,ㄕˊ ㄗˋ ㄐㄧㄝ
十抽一,1,ㄕˊ ㄔㄡ ㄧ
十日談,1,ㄕˊ ㄖˋ ㄊㄢˊ
十樣錦,1,ㄕˊ ㄧㄤˋ ㄐㄧㄣˇ
十玄門,1,ㄕˊ ㄒㄩㄢˊ ㄇㄣˊ
十體書,1,ㄕˊ ㄊㄧˇ ㄕㄨ
千佛塔,1,ㄑㄧㄢ ㄈㄛˊ ㄊㄚˇ
千佛山,1,ㄑㄧㄢ ㄈㄛˊ ㄕㄢ
千古事,1,ㄑㄧㄢ ㄍㄨˇ ㄕˋ
千夫長,1,ㄑㄧㄢ ㄈㄨ ㄓㄤˇ
千家姓,1,ㄑㄧㄢ ㄐㄧㄚ ㄒㄧㄥˋ
千年艾,1,ㄑㄧㄢ ㄋㄧㄢˊ ㄞˋ
千日紅,1,ㄑㄧㄢ ㄖˋ ㄏㄨㄥˊ
千日菊,1,ㄑㄧㄢ ㄖˋ ㄐㄩˊ
千日酒,1,ㄑㄧㄢ ㄖˋ ㄐㄧㄡˇ
千湖國,1,ㄑㄧㄢ ㄏㄨˊ ㄍㄨㄛˊ
千牛刀,1,ㄑㄧㄢ ㄋㄧㄡˊ ㄉㄠ
千瓦時,1,ㄑㄧㄢ ㄨㄚˇ ㄕˊ
千秋節,1,ㄑㄧㄢ ㄑㄧㄡ ㄐㄧㄝˊ
千里足,1,ㄑㄧㄢ ㄌㄧˇ ㄗㄨˊ
千里駒,1,ㄑㄧㄢ ㄌㄧˇ ㄐㄩ
千金裘,1,ㄑㄧㄢ ㄐㄧㄣ ㄑㄧㄡˊ
千金記,1,ㄑㄧㄢ ㄐㄧㄣ ㄐㄧˋ
千金軀,1,ㄑㄧㄢ ㄐㄧㄣ ㄑㄩ
千鍾粟,1,ㄑㄧㄢ ㄓㄨㄥ ㄙㄨˋ
千頃陂,1,ㄑㄧㄢ ㄑㄧㄥˇ ㄆㄧˊ
升降舵,1,ㄕㄥ ㄐㄧㄤˋ ㄉㄨㄛˋ
半中腰,1,ㄅㄢˋ ㄓㄨㄥ ㄧㄠ
半仙戲,1,ㄅㄢˋ ㄒㄧㄢ ㄒㄧˋ
半個人,1,ㄅㄢˋ ㄍㄜ˙ ㄖㄣˊ
半元音,1,ㄅㄢˋ ㄩㄢˊ ㄧㄣ
半官方,1,ㄅㄢˋ ㄍㄨㄢ ㄈㄤ
半屏山,1,ㄅㄢˋ ㄆㄧㄥˊ ㄕㄢ
半彪子,1,ㄅㄢˋ ㄅㄧㄠ ㄗ˙
半憨子,1,ㄅㄢˋ ㄏㄢ ㄗ˙
半截塔,1,ㄅㄢˋ ㄐㄧㄝˊ ㄊㄚˇ
半抖音,1,ㄅㄢˋ ㄉㄡˇ ㄧㄣ
半月瓣,1,ㄅㄢˋ ㄩㄝˋ ㄅㄢˋ
半母音,1,ㄅㄢˋ ㄇㄨˇ ㄧㄣ
半流體,1,ㄅㄢˋ ㄌㄧㄡˊ ㄊㄧˇ
半灌木,1,ㄅㄢˋ ㄍㄨㄢˋ ㄇㄨˋ
半熟茶,1,ㄅㄢˋ ㄕㄨˊ ㄔㄚˊ
半球體,1,ㄅㄢˋ ㄑㄧㄡˊ ㄊㄧˇ
半空裡,1,ㄅㄢˋ ㄎㄨㄥ ㄌㄧˇ
半籃腳,1,ㄅㄢˋ ㄌㄢˊ ㄐㄧㄠˇ
半舌音,1,ㄅㄢˋ ㄕㄜˊ ㄧㄣ
半規管,1,ㄅㄢˋ ㄍㄨㄟ ㄍㄨㄢˇ
半語子,1,ㄅㄢˋ ㄩˇ ㄗ˙
半邊蓮,1,ㄅㄢˋ ㄅㄧㄢ ㄌㄧㄢˊ
半金屬,1,ㄅㄢˋ ㄐㄧㄣ ㄕㄨˇ
半門子,1,ㄅㄢˋ ㄇㄣˊ ㄗ˙
半開化,1,ㄅㄢˋ ㄎㄞ ㄏㄨㄚˋ
半開眼,1,ㄅㄢˋ ㄎㄞ ㄧㄢˇ
半開門,1,ㄅㄢˋ ㄎㄞ ㄇㄣˊ
半齒音,1,ㄅㄢˋ ㄔˇ ㄧㄣ
卑南鄉,1,ㄅㄟ ㄋㄢˊ ㄒㄧㄤ
卑爾根,1,ㄅㄟ ㄦˇ ㄍㄣ
卑田院,1,ㄅㄟ ㄊㄧㄢˊ ㄩㄢˋ
卑金屬,1,ㄅㄟ ㄐㄧㄣ ㄕㄨˇ
卒律律,1,ㄘㄨˋ ㄌㄩˋ ㄌㄩˋ
卓別林,1,ㄓㄨㄛˊ ㄅㄧㄝˊ ㄌㄧㄣˊ
卓文君,1,ㄓㄨㄛˊ ㄨㄣˊ ㄐㄩㄣ
卓蘭鎮,1,ㄓㄨㄛˊ ㄌㄢˊ ㄓㄣˋ
協議書,1,ㄒㄧㄝˊ ㄧˋ ㄕㄨ
南冰洋,1,ㄋㄢˊ ㄅㄧㄥ ㄧㄤˊ
南北學,1,ㄋㄢˊ ㄅㄟˇ ㄒㄩㄝˊ
南北宗,1,ㄋㄢˊ ㄅㄟˇ ㄗㄨㄥ
南北洋,1,ㄋㄢˊ ㄅㄟˇ ㄧㄤˊ
南史氏,1,ㄋㄢˊ ㄕˇ ㄕˋ
南天門,1,ㄋㄢˊ ㄊㄧㄢ ㄇㄣˊ
南山壽,1,ㄋㄢˊ ㄕㄢ ㄕㄡˋ
南山宗,1,ㄋㄢˊ ㄕㄢ ㄗㄨㄥ
南柯夢,1,ㄋㄢˊ ㄎㄜ ㄇㄥˋ
南梆子,1,ㄋㄢˊ ㄅㄤ ㄗ˙
南海子,1,ㄋㄢˊ ㄏㄞˇ ㄗ˙
南滿洲,1,ㄋㄢˊ ㄇㄢˇ ㄓㄡ
南無佛,1,ㄋㄚˊ ㄇㄛˊ ㄈㄛˊ
南班子,1,ㄋㄢˊ ㄅㄢ ㄗ˙
南瓦子,1,ㄋㄢˊ ㄨㄚˇ ㄗ˙
南臺灣,1,ㄋㄢˊ ㄊㄞˊ ㄨㄢ
南華經,1,ㄋㄢˊ ㄏㄨㄚˊ ㄐㄧㄥ
南葉門,1,ㄋㄢˊ ㄧㄝˋ ㄇㄣˊ
南蠻子,1,ㄋㄢˊ ㄇㄢˊ ㄗ˙
南西廂,1,ㄋㄢˊ ㄒㄧ ㄒㄧㄤ
南運河,1,ㄋㄢˊ ㄩㄣˋ ㄏㄜˊ
南鄭縣,1,ㄋㄢˊ ㄓㄥˋ ㄒㄧㄢˋ
南雜劇,1,ㄋㄢˊ ㄗㄚˊ ㄐㄩˋ
南風窗,1,ㄋㄢˊ ㄈㄥ ㄔㄨㄤ
博學篇,1,ㄅㄛˊ ㄒㄩㄝˊ ㄆㄧㄢ
博山縣,1,ㄅㄛˊ ㄕㄢ ㄒㄧㄢˋ
博平縣,1,ㄅㄛˊ ㄆㄧㄥˊ ㄒㄧㄢˋ
博望侯,1,ㄅㄛˊ ㄨㄤˋ ㄏㄡˊ
博望坡,1,ㄅㄛˊ ㄨㄤˋ ㄆㄛ
博望縣,1,ㄅㄛˊ ㄨㄤˋ ㄒㄧㄢˋ
博樂縣,1,ㄅㄛˊ ㄌㄜˋ ㄒㄧㄢˋ
博浪沙,1,ㄅㄛˊ ㄌㄤˋ ㄕㄚ
博父國,1,ㄅㄛˊ ㄈㄨˋ ㄍㄨㄛˊ
博爾赤,1,ㄅㄛˊ ㄦˇ ㄔˋ
博物志,1,ㄅㄛˊ ㄨˋ ㄓˋ
博白縣,1,ㄅㄛˊ ㄅㄞˊ ㄒㄧㄢˋ
博郎鼓,1,ㄅㄛˊ ㄌㄤˊ ㄍㄨˇ
博野縣,1,ㄅㄛˊ ㄧㄝˇ ㄒㄧㄢˋ
卜窀穸,1,ㄅㄨˇ ㄓㄨㄣ ㄒㄧˋ
卜舫濟,1,ㄅㄨˇ ㄈㄤˇ ㄐㄧˋ
卞嚴子,1,ㄅㄧㄢˋ ㄧㄢˊ ㄗˇ
卞氏龍,1,ㄅㄧㄢˋ ㄕˋ ㄌㄨㄥˊ
卞莊子,1,ㄅㄧㄢˋ ㄓㄨㄤ ㄗˇ
占上游,1,ㄓㄢˋ ㄕㄤˋ ㄧㄡˊ
占便宜,1,ㄓㄢˋ ㄆㄧㄢˊ ㄧ˙
占地步,1,ㄓㄢˋ ㄉㄧˋ ㄅㄨˋ
占地盤,1,ㄓㄢˋ ㄉㄧˋ ㄆㄢˊ
占花魁,1,ㄓㄢˋ ㄏㄨㄚ ㄎㄨㄟˊ
占頭籌,1,ㄓㄢˋ ㄊㄡˊ ㄔㄡˊ
占鰲頭,1,ㄓㄢˋ ㄠˊ ㄊㄡˊ
卡內基,1,ㄎㄚˇ ㄋㄟˋ ㄐㄧ
卡利撒,1,ㄎㄚˇ ㄌㄧˋ ㄙㄚ
卡利撒,1,ㄎㄚˇ ㄌㄧˋ ㄙㄚˋ
卡土穆,1,ㄎㄚˇ ㄊㄨˇ ㄇㄨˋ
卡巴迪,1,ㄎㄚˇ ㄅㄚ ㄉㄧˊ
卡片碼,1,ㄎㄚˇ ㄆㄧㄢˋ ㄇㄚˇ
卡脖子,1,ㄑㄧㄚˇ ㄅㄛˊ ㄗ˙
卡通劇,1,ㄎㄚˇ ㄊㄨㄥ ㄐㄩˋ
卯後酒,1,ㄇㄠˇ ㄏㄡˋ ㄐㄧㄡˇ
印人傳,1,ㄧㄣˋ ㄖㄣˊ ㄓㄨㄢˋ
印像紙,1,ㄧㄣˋ ㄒㄧㄤˋ ㄓˇ
印加人,1,ㄧㄣˋ ㄐㄧㄚ ㄖㄣˊ
印子錢,1,ㄧㄣˋ ㄗ˙ ㄑㄧㄢˊ
印度河,1,ㄧㄣˋ ㄉㄨˋ ㄏㄜˊ
印度綢,1,ㄧㄣˋ ㄉㄨˋ ㄔㄡˊ
印相箱,1,ㄧㄣˋ ㄒㄧㄤˋ ㄒㄧㄤ
印相紙,1,ㄧㄣˋ ㄒㄧㄤˋ ㄓˇ
印章學,1,ㄧㄣˋ ㄓㄤ ㄒㄩㄝˊ
危險期,1,ㄨㄟˊ ㄒㄧㄢˇ ㄑㄧˊ
即事詩,1,ㄐㄧˊ ㄕˋ ㄕ
即墨侯,1,ㄐㄧˊ ㄇㄛˋ ㄏㄡˊ
即墨縣,1,ㄐㄧˊ ㄇㄛˋ ㄒㄧㄢˋ
即色宗,1,ㄐㄧˊ ㄙㄜˋ ㄗㄨㄥ
卵囊球,1,ㄌㄨㄢˇ ㄋㄤˊ ㄑㄧㄡˊ
卵巢炎,1,ㄌㄨㄢˇ ㄔㄠˊ ㄧㄢˊ
卵用雞,1,ㄌㄨㄢˇ ㄩㄥˋ ㄐㄧ
卷地皮,1,ㄐㄩㄢˇ ㄉㄧˋ ㄆㄧˊ
卷尾猴,1,ㄐㄩㄢˇ ㄨㄟˇ ㄏㄡˊ
卷心菜,1,ㄐㄩㄢˇ ㄒㄧㄣ ㄘㄞˋ
卷積雲,1,ㄐㄩㄢˇ ㄐㄧ ㄩㄣˊ
卷葉蛾,1,ㄐㄩㄢˇ ㄧㄝˋ ㄜˊ
卷軸裝,1,ㄐㄩㄢˋ ㄓㄡˊ ㄓㄨㄤ
卸包袱,1,ㄒㄧㄝˋ ㄅㄠ ㄈㄨ˙
卸擔子,1,ㄒㄧㄝˋ ㄉㄢˋ ㄗ˙
卻不道,1,ㄑㄩㄝˋ ㄅㄨˋ ㄉㄠˋ
厚墩墩,1,ㄏㄡˋ ㄉㄨㄣ ㄉㄨㄣ
厚生省,1,ㄏㄡˋ ㄕㄥ ㄕㄥˇ
厚皮香,1,ㄏㄡˋ ㄆㄧˊ ㄒㄧㄤ
原因論,1,ㄩㄢˊ ㄧㄣ ㄌㄨㄣˋ
原圖卡,1,ㄩㄢˊ ㄊㄨˊ ㄎㄚˇ
原始林,1,ㄩㄢˊ ㄕˇ ㄌㄧㄣˊ
原子團,1,ㄩㄢˊ ㄗˇ ㄊㄨㄢˊ
原子熱,1,ㄩㄢˊ ㄗˇ ㄖㄜˋ
原子鐘,1,ㄩㄢˊ ㄗˇ ㄓㄨㄥ
原子雲,1,ㄩㄢˊ ㄗˇ ㄩㄣˊ
原憲貧,1,ㄩㄢˊ ㄒㄧㄢˋ ㄆㄧㄣˊ
原生代,1,ㄩㄢˊ ㄕㄥ ㄉㄞˋ
原生林,1,ㄩㄢˊ ㄕㄥ ㄌㄧㄣˊ
原舞者,1,ㄩㄢˊ ㄨˇ ㄓㄜˇ
原音帶,1,ㄩㄢˊ ㄧㄣ ㄉㄞˋ
厭世觀,1,ㄧㄢˋ ㄕˋ ㄍㄨㄢ
厭氣菌,1,ㄧㄢˋ ㄑㄧˋ ㄐㄩㄣˋ
厭氧菌,1,ㄧㄢˋ ㄧㄤˇ ㄐㄩㄣˋ
去梯言,1,ㄑㄩˋ ㄊㄧ ㄧㄢˊ
參同契,1,ㄘㄢ ㄊㄨㄥˊ ㄑㄧˋ
參話頭,1,ㄘㄢ ㄏㄨㄚˋ ㄊㄡˊ
參議會,1,ㄘㄢ ㄧˋ ㄏㄨㄟˋ
叉手吟,1,ㄔㄚ ㄕㄡˇ ㄧㄣˊ
叉灰泥,1,ㄔㄚˇ ㄏㄨㄟ ㄋㄧˊ
叉爬子,1,ㄔㄚ ㄆㄚˊ ㄗ˙
叉角羚,1,ㄔㄚ ㄐㄧㄠˇ ㄌㄧㄥˊ
叉路貨,1,ㄔㄚ ㄌㄨˋ ㄏㄨㄛˋ
叉麻雀,1,ㄔㄚ ㄇㄚˊ ㄑㄩㄝˋ
及第花,1,ㄐㄧˊ ㄉㄧˋ ㄏㄨㄚ
反不似,1,ㄈㄢˇ ㄅㄨˋ ㄙˋ
反二簧,1,ㄈㄢˇ ㄦˋ ㄏㄨㄤˊ
反光板,1,ㄈㄢˇ ㄍㄨㄤ ㄅㄢˇ
反其真,1,ㄈㄢˇ ㄑㄧˊ ㄓㄣ
反初服,1,ㄈㄢˇ ㄔㄨ ㄈㄨˊ
反叛型,1,ㄈㄢˇ ㄆㄢˋ ㄒㄧㄥˊ
反宣傳,1,ㄈㄢˇ ㄒㄩㄢ ㄔㄨㄢˊ
反射線,1,ㄈㄢˇ ㄕㄜˋ ㄒㄧㄢˋ
反射鏡,1,ㄈㄢˇ ㄕㄜˋ ㄐㄧㄥˋ
反將計,1,ㄈㄢˇ ㄐㄧㄤˋ ㄐㄧˋ
反專利,1,ㄈㄢˇ ㄓㄨㄢ ㄌㄧˋ
反左書,1,ㄈㄢˇ ㄗㄨㄛˇ ㄕㄨ
反巴掌,1,ㄈㄢˇ ㄅㄚ ㄓㄤ˙
反打瓦,1,ㄈㄢˇ ㄉㄚˇ ㄨㄚˇ
反抗期,1,ㄈㄢˇ ㄎㄤˋ ㄑㄧˊ
反效果,1,ㄈㄢˇ ㄒㄧㄠˋ ㄍㄨㄛˇ
反方向,1,ㄈㄢˇ ㄈㄤ ㄒㄧㄤˋ
反氣旋,1,ㄈㄢˇ ㄑㄧˋ ㄒㄩㄢˊ
反滲透,1,ㄈㄢˇ ㄕㄣˋ ㄊㄡˋ
反眼猴,1,ㄈㄢˇ ㄧㄢˇ ㄏㄡˊ
反綰髻,1,ㄈㄢˇ ㄨㄢˇ ㄐㄧˋ
反舌鳥,1,ㄈㄢˇ ㄕㄜˊ ㄋㄧㄠˇ
反芻胃,1,ㄈㄢˇ ㄔㄨˊ ㄨㄟˋ
反親疏,1,ㄈㄢˇ ㄑㄧㄣ ㄕㄨ
反飛彈,1,ㄈㄢˇ ㄈㄟ ㄉㄢˋ
反高潮,1,ㄈㄢˇ ㄍㄠ ㄔㄠˊ
叔于田,1,ㄕㄨˊ ㄩˊ ㄊㄧㄢˊ
叔梁紇,1,ㄕㄨˊ ㄌㄧㄤˊ ㄏㄜˊ
受不了,1,ㄕㄡˋ ㄅㄨ˙ ㄌㄧㄠˇ
受不起,1,ㄕㄡˋ ㄅㄨ˙ ㄑㄧˇ
受僱人,1,ㄕㄡˋ ㄍㄨˋ ㄖㄣˊ
受冷落,1,ㄕㄡˋ ㄌㄥˇ ㄌㄨㄛˋ
受委屈,1,ㄕㄡˋ ㄨㄟˇ ㄑㄩ˙
受悶氣,1,ㄕㄡˋ ㄇㄣˋ ㄑㄧˋ
受播者,1,ㄕㄡˋ ㄅㄛˋ ㄓㄜˇ
受款人,1,ㄕㄡˋ ㄎㄨㄢˇ ㄖㄣˊ
受鉗鎚,1,ㄕㄡˋ ㄑㄧㄢˊ ㄔㄨㄟˊ
受降城,1,ㄕㄡˋ ㄒㄧㄤˊ ㄔㄥˊ
受難曲,1,ㄕㄡˋ ㄋㄢˋ ㄑㄩˇ
受難節,1,ㄕㄡˋ ㄋㄢˋ ㄐㄧㄝˊ
叛亂罪,1,ㄆㄢˋ ㄌㄨㄢˋ ㄗㄨㄟˋ
叢塊根,1,ㄘㄨㄥˊ ㄎㄨㄞˋ ㄍㄣ
叢生葉,1,ㄘㄨㄥˊ ㄕㄥ ㄧㄝˋ
口分田,1,ㄎㄡˇ ㄈㄣ ㄊㄧㄢˊ
口水歌,1,ㄎㄡˇ ㄕㄨㄟˇ ㄍㄜ
口腳類,1,ㄎㄡˇ ㄐㄧㄠˇ ㄌㄟˋ
口輪肌,1,ㄎㄡˇ ㄌㄨㄣˊ ㄐㄧ
口頭交,1,ㄎㄡˇ ㄊㄡˊ ㄐㄧㄠ
口頭信,1,ㄎㄡˇ ㄊㄡˊ ㄒㄧㄣˋ
古事記,1,ㄍㄨˇ ㄕˋ ㄐㄧˋ
古今注,1,ㄍㄨˇ ㄐㄧㄣ ㄓㄨˋ
古剌水,1,ㄍㄨˇ ㄌㄚˋ ㄕㄨㄟˇ
古坑鄉,1,ㄍㄨˇ ㄎㄥ ㄒㄧㄤ
古城會,1,ㄍㄨˇ ㄔㄥˊ ㄏㄨㄟˋ
古定刀,1,ㄍㄨˇ ㄉㄧㄥˋ ㄉㄠ
古文家,1,ㄍㄨˇ ㄨㄣˊ ㄐㄧㄚ
古文經,1,ㄍㄨˇ ㄨㄣˊ ㄐㄧㄥ
古新世,1,ㄍㄨˇ ㄒㄧㄣ ㄕˋ
古璽文,1,ㄍㄨˇ ㄒㄧˇ ㄨㄣˊ
古生界,1,ㄍㄨˇ ㄕㄥ ㄐㄧㄝˋ
古語詞,1,ㄍㄨˇ ㄩˇ ㄘˊ
古道人,1,ㄍㄨˇ ㄉㄠˋ ㄖㄣˊ
古門道,1,ㄍㄨˇ ㄇㄣˊ ㄉㄠˋ
古魯魯,1,ㄍㄨˇ ㄌㄨˇ ㄌㄨˇ
句重音,1,ㄐㄩˋ ㄓㄨㄥˋ ㄧㄣ
另一半,1,ㄌㄧㄥˋ ㄧ ㄅㄢˋ
另巍巍,1,ㄌㄧㄥˋ ㄨㄟˊ ㄨㄟˊ
另碼事,1,ㄌㄧㄥˋ ㄇㄚˇ ㄕˋ
叩頭蟲,1,ㄎㄡˋ ㄊㄡˊ ㄔㄨㄥˊ
叫名頭,1,ㄐㄧㄠˋ ㄇㄧㄥˊ ㄊㄡˊ
叫哥哥,1,ㄐㄧㄠˋ ㄍㄜ ㄍㄜ˙
叫字號,1,ㄐㄧㄠˋ ㄗˋ ㄏㄠ˙
叫條子,1,ㄐㄧㄠˋ ㄊㄧㄠˊ ㄗ˙
可不好,1,ㄎㄜˇ ㄅㄨ˙ ㄏㄠˇ
可不是,1,ㄎㄜˇ ㄅㄨ˙ ㄕˋ
可不道,1,ㄎㄜˇ ㄅㄨ˙ ㄉㄠˋ
可人意,1,ㄎㄜˇ ㄖㄣˊ ㄧˋ
可人憎,1,ㄎㄜˇ ㄖㄣˊ ㄗㄥ
可人憐,1,ㄎㄜˇ ㄖㄣˊ ㄌㄧㄢˊ
可什麼,1,ㄎㄜˇ ㄕㄣˊ ㄇㄜ˙
可兀的,1,ㄎㄜˇ ㄨˋ ㄉㄜ˙
可厭相,1,ㄎㄜˇ ㄧㄢˋ ㄒㄧㄤˋ
可又來,1,ㄎㄜˇ ㄧㄡˋ ㄌㄞˊ
可可的,1,ㄎㄜˇ ㄎㄜˇ ㄉㄜ˙
可喜娘,1,ㄎㄜˇ ㄒㄧˇ ㄋㄧㄤˊ
可待因,1,ㄎㄜˇ ㄉㄞˋ ㄧㄣ
可意人,1,ㄎㄜˇ ㄧˋ ㄖㄣˊ
可憎娘,1,ㄎㄜˇ ㄗㄥ ㄋㄧㄤˊ
可憎才,1,ㄎㄜˇ ㄗㄥ ㄘㄞˊ
可憐生,1,ㄎㄜˇ ㄌㄧㄢˊ ㄕㄥ
可憐見,1,ㄎㄜˇ ㄌㄧㄢˊ ㄐㄧㄢˋ
可擦擦,1,ㄎㄜˇ ㄘㄚ ㄘㄚ
可教性,1,ㄎㄜˇ ㄐㄧㄠˋ ㄒㄧㄥˋ
可是來,1,ㄎㄜˇ ㄕˋ ㄌㄞˊ
可正是,1,ㄎㄜˇ ㄓㄥˋ ㄕˋ
可甚麼,1,ㄎㄜˇ ㄕㄣˊ ㄇㄜ˙
可知道,1,ㄎㄜˇ ㄓ ㄉㄠˋ
可磕擦,1,ㄎㄜˇ ㄎㄜ ㄘㄚ
可耕地,1,ㄎㄜˇ ㄍㄥ ㄉㄧˋ
可賀敦,1,ㄎㄜˇ ㄏㄜˋ ㄉㄨㄣ
可飲水,1,ㄎㄜˇ ㄧㄣˇ ㄕㄨㄟˇ
史前史,1,ㄕˇ ㄑㄧㄢˊ ㄕˇ
史可法,1,ㄕˇ ㄎㄜˇ ㄈㄚˇ
史奴比,1,ㄕˇ ㄋㄨˊ ㄅㄧˇ
史思明,1,ㄕˇ ㄙ ㄇㄧㄥˊ
史懷哲,1,ㄕˇ ㄏㄨㄞˊ ㄓㄜˊ
史晨碑,1,ㄕˇ ㄔㄣˊ ㄅㄟ
史籀篇,1,ㄕˇ ㄓㄡˋ ㄆㄧㄢ
史賓塞,1,ㄕˇ ㄅㄧㄣ ㄙㄜˋ
司馬法,1,ㄙ ㄇㄚˇ ㄈㄚˇ
司馬炎,1,ㄙ ㄇㄚˇ ㄧㄢˊ
司馬牛,1,ㄙ ㄇㄚˇ ㄋㄧㄡˊ
司馬談,1,ㄙ ㄇㄚˇ ㄊㄢˊ
司馬門,1,ㄙ ㄇㄚˇ ㄇㄣˊ
吃不上,1,ㄔ ㄅㄨ˙ ㄕㄤˋ
吃不下,1,ㄔ ㄅㄨ˙ ㄒㄧㄚˋ
吃不了,1,ㄔ ㄅㄨ˙ ㄌㄧㄠˇ
吃不住,1,ㄔ ㄅㄨ˙ ㄓㄨˋ
吃不來,1,ㄔ ㄅㄨ˙ ㄌㄞˊ
吃不得,1,ㄔ ㄅㄨ˙ ㄉㄜ˙
吃不服,1,ㄔ ㄅㄨ˙ ㄈㄨˊ
吃不消,1,ㄔ ㄅㄨ˙ ㄒㄧㄠ
吃不開,1,ㄔ ㄅㄨ˙ ㄎㄞ
吃乾醋,1,ㄔ ㄍㄢ ㄘㄨˋ
吃人蟲,1,ㄔ ㄖㄣˊ ㄔㄨㄥˊ
吃偏食,1,ㄔ ㄆㄧㄢ ㄕˊ
吃偏飯,1,ㄔ ㄆㄧㄢ ㄈㄢˋ
吃傷了,1,ㄔ ㄕㄤ ㄌㄜ˙
吃冤枉,1,ㄔ ㄩㄢ ㄨㄤˇ
吃勞金,1,ㄔ ㄌㄠˊ ㄐㄧㄣ
吃口令,1,ㄐㄧˊ ㄎㄡˇ ㄌㄧㄥˋ
吃喜酒,1,ㄔ ㄒㄧˇ ㄐㄧㄡˇ
吃地面,1,ㄔ ㄉㄧˋ ㄇㄧㄢˋ
吃夜草,1,ㄔ ㄧㄝˋ ㄘㄠˇ
吃大戶,1,ㄔ ㄉㄚˋ ㄏㄨˋ
吃大項,1,ㄔ ㄉㄚˋ ㄒㄧㄤˋ
吃官司,1,ㄔ ㄍㄨㄢ ㄙ˙
吃寡酒,1,ㄔ ㄍㄨㄚˇ ㄐㄧㄡˇ
吃寡醋,1,ㄔ ㄍㄨㄚˇ ㄘㄨˋ
吃小灶,1,ㄔ ㄒㄧㄠˇ ㄗㄠˋ
吃床腿,1,ㄔ ㄔㄨㄤˊ ㄊㄨㄟˇ
吃得住,1,ㄔ ㄉㄜ˙ ㄓㄨˋ
吃得光,1,ㄔ ㄉㄜ˙ ㄍㄨㄤ
吃拜拜,1,ㄔ ㄅㄞˋ ㄅㄞˋ
吃排落,1,ㄔ ㄆㄞˊ ㄌㄨㄛˋ
吃排頭,1,ㄔ ㄆㄞˊ ㄊㄡ˙
吃敲才,1,ㄔ ㄑㄧㄠ ㄘㄞˊ
吃槍藥,1,ㄔ ㄑㄧㄤ ㄧㄠˋ
吃死飯,1,ㄔ ㄙˇ ㄈㄢˋ
吃洋飯,1,ㄔ ㄧㄤˊ ㄈㄢˋ
吃派飯,1,ㄔ ㄆㄞˋ ㄈㄢˋ
吃火鍋,1,ㄔ ㄏㄨㄛˇ ㄍㄨㄛ
吃燒餅,1,ㄔ ㄕㄠ ㄅㄧㄥˇ
吃犒勞,1,ㄔ ㄎㄠˋ ㄌㄠ˙
吃獨食,1,ㄔ ㄉㄨˊ ㄕˊ
吃現成,1,ㄔ ㄒㄧㄢˋ ㄔㄥˊ
吃生活,1,ㄔ ㄕㄥ ㄏㄨㄛˊ
吃白食,1,ㄔ ㄅㄞˊ ㄕˊ
吃白飯,1,ㄔ ㄅㄞˊ ㄈㄢˋ
吃空茶,1,ㄔ ㄎㄨㄥ ㄔㄚˊ
吃老本,1,ㄔ ㄌㄠˇ ㄅㄣˇ
吃花酒,1,ㄔ ㄏㄨㄚ ㄐㄧㄡˇ
吃葷飯,1,ㄔ ㄏㄨㄣ ㄈㄢˋ
吃螺絲,1,ㄔ ㄌㄨㄛˊ ㄙ
吃豆腐,1,ㄔ ㄉㄡˋ ㄈㄨ˙
吃賠賬,1,ㄔ ㄆㄟˊ ㄓㄤˋ
吃辣麵,1,ㄔ ㄌㄚˋ ㄇㄧㄢˋ
吃釘子,1,ㄔ ㄉㄧㄥ ㄗ˙
吃釘板,1,ㄔ ㄉㄧㄥ ㄅㄢˇ
吃閒話,1,ㄔ ㄒㄧㄢˊ ㄏㄨㄚˋ
吃飛醋,1,ㄔ ㄈㄟ ㄘㄨˋ
吃館子,1,ㄔ ㄍㄨㄢˇ ㄗ˙
各剌剌,1,ㄍㄜˋ ㄌㄚˋ ㄌㄚˋ
各支支,1,ㄍㄜˋ ㄓ ㄓ
各琅琅,1,ㄍㄜˋ ㄌㄤˊ ㄌㄤˊ
合不來,1,ㄏㄜˊ ㄅㄨ˙ ㄌㄞˊ
合不著,1,ㄏㄜˊ ㄅㄨ˙ ㄓㄠˊ
合作節,1,ㄏㄜˊ ㄗㄨㄛˋ ㄐㄧㄝˊ
合併症,1,ㄏㄜˊ ㄅㄧㄥˋ ㄓㄥˋ
合八字,1,ㄏㄜˊ ㄅㄚ ㄗˋ
合口味,1,ㄏㄜˊ ㄎㄡˇ ㄨㄟˋ
合口呼,1,ㄏㄜˊ ㄎㄡˇ ㄏㄨ
合子錢,1,ㄏㄜˊ ㄗ˙ ㄑㄧㄢˊ
合子餅,1,ㄏㄜˊ ㄗ˙ ㄅㄧㄥˇ
合家子,1,ㄏㄜˊ ㄐㄧㄚ ㄗ˙
合得著,1,ㄏㄜˊ ㄉㄜ˙ ㄓㄠˊ
合恩角,1,ㄏㄜˊ ㄣ ㄐㄧㄠˇ
合成乳,1,ㄏㄜˊ ㄔㄥˊ ㄖㄨˇ
合成皮,1,ㄏㄜˊ ㄔㄥˊ ㄆㄧˊ
合成詞,1,ㄏㄜˊ ㄔㄥˊ ㄘˊ
合指症,1,ㄏㄜˊ ㄓˇ ㄓㄥˋ
合時宜,1,ㄏㄜˊ ㄕˊ ㄧˊ
合板眼,1,ㄏㄜˊ ㄅㄢˇ ㄧㄢˇ
合格賽,1,ㄏㄜˊ ㄍㄜˊ ㄙㄞˋ
合歡扇,1,ㄏㄜˊ ㄏㄨㄢ ㄕㄢˋ
合歡結,1,ㄏㄜˊ ㄏㄨㄢ ㄐㄧㄝˊ
合氣道,1,ㄏㄜˊ ㄑㄧˋ ㄉㄠˋ
合浦縣,1,ㄏㄜˊ ㄆㄨˇ ㄒㄧㄢˋ
合理標,1,ㄏㄜˊ ㄌㄧˇ ㄅㄧㄠ
合肥縣,1,ㄏㄜˊ ㄈㄟˊ ㄒㄧㄢˋ
合色鞋,1,ㄏㄜˊ ㄙㄜˋ ㄒㄧㄝˊ
合邏輯,1,ㄏㄜˊ ㄌㄨㄛˊ ㄐㄧˊ
合龍門,1,ㄏㄜˊ ㄌㄨㄥˊ ㄇㄣˊ
吉丁當,1,ㄐㄧˊ ㄉㄧㄥ ㄉㄤ
吉卜齡,1,ㄐㄧˊ ㄅㄨˇ ㄌㄧㄥˊ
吉娃娃,1,ㄐㄧˊ ㄨㄚˊ ㄨㄚ˙
吉安縣,1,ㄐㄧˊ ㄢ ㄒㄧㄢˋ
吉安鄉,1,ㄐㄧˊ ㄢ ㄒㄧㄤ
吉州窯,1,ㄐㄧˊ ㄓㄡ ㄧㄠˊ
吉星文,1,ㄐㄧˊ ㄒㄧㄥ ㄨㄣˊ
吉特巴,1,ㄐㄧˊ ㄊㄜˋ ㄅㄚ
吉玎玎,1,ㄐㄧˊ ㄉㄧㄥ ㄉㄧㄥ
吉田茂,1,ㄐㄧˊ ㄊㄧㄢˊ ㄇㄠˋ
吉祥物,1,ㄐㄧˊ ㄒㄧㄤˊ ㄨˋ
吉賽爾,1,ㄐㄧˊ ㄙㄞˋ ㄦˇ
吉金文,1,ㄐㄧˊ ㄐㄧㄣ ㄨㄣˊ
吉魯巴,1,ㄐㄧˊ ㄌㄨˇ ㄅㄚ
吊客眉,1,ㄉㄧㄠˋ ㄎㄜˋ ㄇㄟˊ
吊死鬼,1,ㄉㄧㄠˋ ㄙˇ ㄍㄨㄟˇ
吊胃口,1,ㄉㄧㄠˋ ㄨㄟˋ ㄎㄡˇ
吊衣架,1,ㄉㄧㄠˋ ㄧ ㄐㄧㄚˋ
吊車尾,1,ㄉㄧㄠˋ ㄔㄜ ㄨㄟˇ
吊鋼絲,1,ㄉㄧㄠˋ ㄍㄤ ㄙ
同動詞,1,ㄊㄨㄥˊ ㄉㄨㄥˋ ㄘˊ
同命鳥,1,ㄊㄨㄥˊ ㄇㄧㄥˋ ㄋㄧㄠˇ
同形詞,1,ㄊㄨㄥˊ ㄒㄧㄥˊ ㄘˊ
同心結,1,ㄊㄨㄥˊ ㄒㄧㄣ ㄐㄧㄝˊ
同心髻,1,ㄊㄨㄥˊ ㄒㄧㄣ ㄐㄧˋ
同文館,1,ㄊㄨㄥˊ ㄨㄣˊ ㄍㄨㄢˇ
同林鳥,1,ㄊㄨㄥˊ ㄌㄧㄣˊ ㄋㄧㄠˇ
同源詞,1,ㄊㄨㄥˊ ㄩㄢˊ ㄘˊ
同理心,1,ㄊㄨㄥˊ ㄌㄧˇ ㄒㄧㄣ
同盟者,1,ㄊㄨㄥˊ ㄇㄥˊ ㄓㄜˇ
同羅杯,1,ㄊㄨㄥˊ ㄌㄨㄛˊ ㄅㄟ
同考官,1,ㄊㄨㄥˊ ㄎㄠˇ ㄍㄨㄢ
同舍生,1,ㄊㄨㄥˊ ㄕㄜˋ ㄕㄥ
同行語,1,ㄊㄨㄥˊ ㄏㄤˊ ㄩˇ
同衾幬,1,ㄊㄨㄥˊ ㄑㄧㄣ ㄔㄡˊ
同言線,1,ㄊㄨㄥˊ ㄧㄢˊ ㄒㄧㄢˋ
同語線,1,ㄊㄨㄥˊ ㄩˇ ㄒㄧㄢˋ
同軸圓,1,ㄊㄨㄥˊ ㄓㄡˊ ㄩㄢˊ
同門友,1,ㄊㄨㄥˊ ㄇㄣˊ ㄧㄡˇ
同類色,1,ㄊㄨㄥˊ ㄌㄟˋ ㄙㄜˋ
名利場,1,ㄇㄧㄥˊ ㄌㄧˋ ㄔㄤˊ
名利奴,1,ㄇㄧㄥˊ ㄌㄧˋ ㄋㄨˊ
名士派,1,ㄇㄧㄥˊ ㄕˋ ㄆㄞˋ
名正具,1,ㄇㄧㄥˊ ㄓㄥˋ ㄐㄩˋ
名正肅,1,ㄇㄧㄥˊ ㄓㄥˋ ㄙㄨˋ
名號侯,1,ㄇㄧㄥˊ ㄏㄠˋ ㄏㄡˊ
吐架子,1,ㄊㄨˇ ㄐㄧㄚˋ ㄗ˙
吐根鹼,1,ㄊㄨˇ ㄍㄣ ㄐㄧㄢˇ
吐氣音,1,ㄊㄨˇ ㄑㄧˋ ㄧㄣ
吐綬雞,1,ㄊㄨˇ ㄕㄡˋ ㄐㄧ
吐芳訊,1,ㄊㄨˇ ㄈㄤ ㄒㄩㄣˋ
吐門戶,1,ㄊㄨˇ ㄇㄣˊ ㄏㄨˋ
向溼性,1,ㄒㄧㄤˋ ㄕ ㄒㄧㄥˋ
向錢看,1,ㄒㄧㄤˋ ㄑㄧㄢˊ ㄎㄢˋ
向電性,1,ㄒㄧㄤˋ ㄉㄧㄢˋ ㄒㄧㄥˋ
君合國,1,ㄐㄩㄣ ㄏㄜˊ ㄍㄨㄛˊ
君子國,1,ㄐㄩㄣ ㄗˇ ㄍㄨㄛˊ
君子花,1,ㄐㄩㄣ ㄗˇ ㄏㄨㄚ
君子鄉,1,ㄐㄩㄣ ㄗˇ ㄒㄧㄤ
君影草,1,ㄐㄩㄣ ㄧㄥˇ ㄘㄠˇ
君遷子,1,ㄐㄩㄣ ㄑㄧㄢ ㄗˇ
含水物,1,ㄏㄢˊ ㄕㄨㄟˇ ㄨˋ
含漱劑,1,ㄏㄢˊ ㄕㄨˋ ㄐㄧˋ
含笑花,1,ㄏㄢˊ ㄒㄧㄠˋ ㄏㄨㄚ
吳三桂,1,ㄨˊ ㄙㄢ ㄍㄨㄟˋ
吳偉業,1,ㄨˊ ㄨㄟˇ ㄧㄝˋ
吳大澂,1,ㄨˊ ㄉㄚˋ ㄔㄥˊ
吳承恩,1,ㄨˊ ㄔㄥˊ ㄣ
吳敬恆,1,ㄨˊ ㄐㄧㄥˋ ㄏㄥˊ
吳文英,1,ㄨˊ ㄨㄣˊ ㄧㄥ
吳昌碩,1,ㄨˊ ㄔㄤ ㄕˊ
吳沃堯,1,ㄨˊ ㄨㄛˋ ㄧㄠˊ
吳爾芙,1,ㄨˊ ㄦˇ ㄈㄨˊ
吳稚暉,1,ㄨˊ ㄓˋ ㄏㄨㄟ
吳興縣,1,ㄨˊ ㄒㄧㄥ ㄒㄧㄢˋ
吳茱萸,1,ㄨˊ ㄓㄨ ㄩˊ
吳道子,1,ㄨˊ ㄉㄠˋ ㄗˇ
吳鳳鄉,1,ㄨˊ ㄈㄥˋ ㄒㄧㄤ
吵窩子,1,ㄔㄠˇ ㄨㄛ ㄗ˙
吸振器,1,ㄒㄧ ㄓㄣˋ ㄑㄧˋ
吸收口,1,ㄒㄧ ㄕㄡ ㄎㄡˇ
吸水力,1,ㄒㄧ ㄕㄨㄟˇ ㄌㄧˋ
吸水管,1,ㄒㄧ ㄕㄨㄟˇ ㄍㄨㄢˇ
吸溼性,1,ㄒㄧ ㄕ ㄒㄧㄥˋ
吸血蛭,1,ㄒㄧ ㄒㄧㄝˇ ㄓˋ
吸血蟲,1,ㄒㄧ ㄒㄧㄝˇ ㄔㄨㄥˊ
吹冷風,1,ㄔㄨㄟ ㄌㄥˇ ㄈㄥ
吹喇叭,1,ㄔㄨㄟ ㄌㄚˇ ㄅㄚ˙
吹大氣,1,ㄔㄨㄟ ㄉㄚˋ ㄑㄧˋ
吹大炮,1,ㄔㄨㄟ ㄉㄚˋ ㄆㄠˋ
吹樂器,1,ㄔㄨㄟ ㄩㄝˋ ㄑㄧˋ
吹毛毛,1,ㄔㄨㄟ ㄇㄠˊ ㄇㄠˊ
吹牛皮,1,ㄔㄨㄟ ㄋㄧㄡˊ ㄆㄧˊ
吹玻璃,1,ㄔㄨㄟ ㄅㄛ ㄌㄧ˙
吹送流,1,ㄔㄨㄟ ㄙㄨㄥˋ ㄌㄧㄡˊ
吹鬍子,1,ㄔㄨㄟ ㄏㄨˊ ㄗ˙
呀呀乎,1,ㄧㄚ ㄧㄚ ㄏㄨ
呂公枕,1,ㄌㄩˇ ㄍㄨㄥ ㄓㄣˇ
呂宋島,1,ㄌㄩˇ ㄙㄨㄥˋ ㄉㄠˇ
呂宋菸,1,ㄌㄩˇ ㄙㄨㄥˋ ㄧㄢ
呂本中,1,ㄌㄩˇ ㄅㄣˇ ㄓㄨㄥ
呂梁山,1,ㄌㄩˇ ㄌㄧㄤˊ ㄕㄢ
呂留良,1,ㄌㄩˇ ㄌㄧㄡˊ ㄌㄧㄤˊ
呂祖謙,1,ㄌㄩˇ ㄗㄨˇ ㄑㄧㄢ
呂蒙正,1,ㄌㄩˇ ㄇㄥˊ ㄓㄥˋ
呆呆地,1,ㄉㄞ ㄉㄞ ㄉㄜ˙
呆小症,1,ㄉㄞ ㄒㄧㄠˇ ㄓㄥˋ
呆打頦,1,ㄉㄞ ㄉㄚˊ ㄏㄞˊ
呆木大,1,ㄉㄞ ㄇㄨˋ ㄉㄚˋ
呆水位,1,ㄉㄞ ㄕㄨㄟˇ ㄨㄟˋ
呆登登,1,ㄉㄞ ㄉㄥ ㄉㄥ
呆答孩,1,ㄉㄞ ㄉㄚˊ ㄏㄞˊ
呆答答,1,ㄉㄞ ㄉㄚ ㄉㄚ
呆緻緻,1,ㄉㄞ ㄓˋ ㄓˋ
呆老漢,1,ㄉㄞ ㄌㄠˇ ㄏㄢˋ
呆著臉,1,ㄉㄞ ㄓㄜ˙ ㄌㄧㄢˇ
呆鄧鄧,1,ㄉㄞ ㄉㄥˋ ㄉㄥˋ
告喪帖,1,ㄍㄠˋ ㄙㄤ ㄊㄧㄝˇ
告奮勇,1,ㄍㄠˋ ㄈㄣˋ ㄩㄥˇ
告密人,1,ㄍㄠˋ ㄇㄧˋ ㄖㄣˊ
告御狀,1,ㄍㄠˋ ㄩˋ ㄓㄨㄤˋ
告狀本,1,ㄍㄠˋ ㄓㄨㄤˋ ㄅㄣˇ
告珠玉,1,ㄍㄠˋ ㄓㄨ ㄩˋ
告終養,1,ㄍㄠˋ ㄓㄨㄥ ㄧㄤˇ
告誡書,1,ㄍㄠˋ ㄐㄧㄝˋ ㄕㄨ
告謊假,1,ㄍㄠˋ ㄏㄨㄤˇ ㄐㄧㄚˋ
告陰狀,1,ㄍㄠˋ ㄧㄣ ㄓㄨㄤˋ
呎燭光,1,ㄔˇ ㄓㄨˊ ㄍㄨㄤ
呦嚄說,1,ㄧㄡ ㄏㄨㄛˋ ㄕㄨㄛ
周亞夫,1,ㄓㄡ ㄧㄚˋ ㄈㄨ
周公瑾,1,ㄓㄡ ㄍㄨㄥ ㄐㄧㄣˇ
周厲王,1,ㄓㄡ ㄌㄧˋ ㄨㄤˊ
周口店,1,ㄓㄡ ㄎㄡˇ ㄉㄧㄢˋ
周宣王,1,ㄓㄡ ㄒㄩㄢ ㄨㄤˊ
周平王,1,ㄓㄡ ㄆㄧㄥˊ ㄨㄤˊ
周幽王,1,ㄓㄡ ㄧㄡ ㄨㄤˊ
周康王,1,ㄓㄡ ㄎㄤ ㄨㄤˊ
周成王,1,ㄓㄡ ㄔㄥˊ ㄨㄤˊ
周敦頤,1,ㄓㄡ ㄉㄨㄣ ㄧˊ
周穆王,1,ㄓㄡ ㄇㄨˋ ㄨㄤˊ
周莊王,1,ㄓㄡ ㄓㄨㄤ ㄨㄤˊ
周赧王,1,ㄓㄡ ㄋㄢˇ ㄨㄤˊ
周邦彥,1,ㄓㄡ ㄅㄤ ㄧㄢˋ
周郎癖,1,ㄓㄡ ㄌㄤˊ ㄆㄧˇ
味外味,1,ㄨㄟˋ ㄨㄞˋ ㄨㄟˋ
呶呶嘴,1,ㄋㄠˊ ㄋㄠˊ ㄗㄨㄟˇ
呼倫池,1,ㄏㄨ ㄌㄨㄣˊ ㄔˊ
呼吸孔,1,ㄏㄨ ㄒㄧ ㄎㄨㄥˇ
呼吸根,1,ㄏㄨ ㄒㄧ ㄍㄣ
呼吸音,1,ㄏㄨ ㄒㄧ ㄧㄣ
呼家將,1,ㄏㄨ ㄐㄧㄚ ㄐㄧㄤˋ
呼拉舞,1,ㄏㄨ ㄌㄚ ㄨˇ
呼蘭河,1,ㄏㄨ ㄌㄢˊ ㄏㄜˊ
呼蘭縣,1,ㄏㄨ ㄌㄢˊ ㄒㄧㄢˋ
命不牢,1,ㄇㄧㄥˋ ㄅㄨˋ ㄌㄠˊ
命世才,1,ㄇㄧㄥˋ ㄕˋ ㄘㄞˊ
命如紙,1,ㄇㄧㄥˋ ㄖㄨˊ ㄓˇ
咀吸口,1,ㄐㄩˇ ㄒㄧ ㄎㄡˇ
咀嚼肌,1,ㄐㄩˇ ㄐㄩㄝˊ ㄐㄧ
和合僧,1,ㄏㄜˊ ㄏㄜˊ ㄙㄥ
和合日,1,ㄏㄜˊ ㄏㄜˊ ㄖˋ
和合湯,1,ㄏㄜˊ ㄏㄜˊ ㄊㄤ
和囉槌,1,ㄏㄜˊ ㄌㄨㄛˊ ㄔㄨㄟˊ
和平日,1,ㄏㄜˊ ㄆㄧㄥˊ ㄖˋ
和稀泥,1,ㄏㄨㄛˋ ㄒㄧ ㄋㄧˊ
和聲學,1,ㄏㄜˊ ㄕㄥ ㄒㄩㄝˊ
和解書,1,ㄏㄜˊ ㄐㄧㄝˇ ㄕㄨ
和誘罪,1,ㄏㄜˊ ㄧㄡˋ ㄗㄨㄟˋ
和闐玉,1,ㄏㄜˊ ㄊㄧㄢˊ ㄩˋ
和闐縣,1,ㄏㄜˊ ㄊㄧㄢˊ ㄒㄧㄢˋ
和闐語,1,ㄏㄜˊ ㄊㄧㄢˊ ㄩˇ
和韻詩,1,ㄏㄜˋ ㄩㄣˋ ㄕ
咕咕丟,1,ㄍㄨ ㄍㄨ ㄉㄧㄡ
咖啡座,1,ㄎㄚ ㄈㄟ ㄗㄨㄛˋ
咖啡鹼,1,ㄎㄚ ㄈㄟ ㄐㄧㄢˇ
咖嗶丁,1,ㄎㄚ ㄅㄧˋ ㄉㄧㄥ
咬人狗,1,ㄧㄠˇ ㄖㄣˊ ㄍㄡˇ
咬人貓,1,ㄧㄠˇ ㄖㄣˊ ㄇㄠ
咬斷鐵,1,ㄧㄠˇ ㄉㄨㄢˋ ㄊㄧㄝˇ
咬耳朵,1,ㄧㄠˇ ㄦˇ ㄉㄨㄛ˙
咬舌子,1,ㄧㄠˇ ㄕㄜˊ ㄗ˙
咬舌根,1,ㄧㄠˇ ㄕㄜˊ ㄍㄣ
咬舌頭,1,ㄧㄠˇ ㄕㄜˊ ㄊㄡ˙
咭叮噹,1,ㄐㄧ ㄉㄧㄥ ㄉㄤ
咭噹噹,1,ㄐㄧ ㄉㄤ ㄉㄤ
咸陽宮,1,ㄒㄧㄢˊ ㄧㄤˊ ㄍㄨㄥ
咸陽火,1,ㄒㄧㄢˊ ㄧㄤˊ ㄏㄨㄛˇ
咽刀子,1,ㄧㄢˋ ㄉㄠ ㄗ˙
哀江頭,1,ㄞ ㄐㄧㄤ ㄊㄡˊ
哀王孫,1,ㄞ ㄨㄤˊ ㄙㄨㄣ
品管員,1,ㄆㄧㄣˇ ㄍㄨㄢˇ ㄩㄢˊ
品蓮臺,1,ㄆㄧㄣˇ ㄌㄧㄢˊ ㄊㄞˊ
品酒師,1,ㄆㄧㄣˇ ㄐㄧㄡˇ ㄕ
哈利發,1,ㄏㄚ ㄌㄧˋ ㄈㄚ
哈喇子,1,ㄏㄚ ㄌㄚˊ ㄗ˙
哈士蟆,1,ㄏㄚ ㄕˋ ㄇㄚˊ
哈密縣,1,ㄏㄚ ㄇㄧˋ ㄒㄧㄢˋ
哈德門,1,ㄏㄚˇ ㄉㄜˊ ㄇㄣˊ
哈林式,1,ㄏㄚ ㄌㄧㄣˊ ㄕˋ
哉生明,1,ㄗㄞ ㄕㄥ ㄇㄧㄥˊ
哉生魄,1,ㄗㄞ ㄕㄥ ㄆㄛˋ
員丘山,1,ㄩㄢˊ ㄑㄧㄡ ㄕㄢ
員外郎,1,ㄩㄢˊ ㄨㄞˋ ㄌㄤˊ
員林鎮,1,ㄩㄢˊ ㄌㄧㄣˊ ㄓㄣˋ
哥倆好,1,ㄍㄜ ㄌㄧㄚˇ ㄏㄠˇ
哥舒翰,1,ㄍㄜ ㄕㄨ ㄏㄢˋ
哥薩克,1,ㄍㄜ ㄙㄚˋ ㄎㄜˋ
哪門子,1,ㄋㄚˇ ㄇㄣˊ ㄗ˙
哭昭陵,1,ㄎㄨ ㄓㄠ ㄌㄧㄥˊ
哭窮途,1,ㄎㄨ ㄑㄩㄥˊ ㄊㄨˊ
哭竹棒,1,ㄎㄨ ㄓㄨˊ ㄅㄤˋ
哭雨風,1,ㄎㄨ ㄩˇ ㄈㄥ
哺乳器,1,ㄅㄨˇ ㄖㄨˇ ㄑㄧˋ
哺育袋,1,ㄅㄨˇ ㄩˋ ㄉㄞˋ
唐三彩,1,ㄊㄤˊ ㄙㄢ ㄘㄞˇ
唐三絕,1,ㄊㄤˊ ㄙㄢ ㄐㄩㄝˊ
唐君毅,1,ㄊㄤˊ ㄐㄩㄣ ㄧˋ
唐寧街,1,ㄊㄤˊ ㄋㄧㄥˊ ㄐㄧㄝ
唐山市,1,ㄊㄤˊ ㄕㄢ ㄕˋ
唐會要,1,ㄊㄤˊ ㄏㄨㄟˋ ㄧㄠˋ
唐菖蒲,1,ㄊㄤˊ ㄔㄤ ㄆㄨˊ
唯名論,1,ㄨㄟˊ ㄇㄧㄥˊ ㄌㄨㄣˋ
唯實論,1,ㄨㄟˊ ㄕˊ ㄌㄨㄣˋ
唯我論,1,ㄨㄟˊ ㄨㄛˇ ㄌㄨㄣˋ
唯識宗,1,ㄨㄟˊ ㄕˋ ㄗㄨㄥ
唯識論,1,ㄨㄟˊ ㄕˋ ㄌㄨㄣˋ
唱哩嗹,1,ㄔㄤˋ ㄌㄧ ㄌㄧㄢˊ
唱陽關,1,ㄔㄤˋ ㄧㄤˊ ㄍㄨㄢ
唱雙簧,1,ㄔㄤˋ ㄕㄨㄤ ㄏㄨㄤˊ
唱題目,1,ㄔㄤˋ ㄊㄧˊ ㄇㄨˋ
唾是命,1,ㄊㄨㄛˋ ㄕˋ ㄇㄧㄥˋ
唾津兒,1,ㄊㄨㄛˋ ㄐㄧㄣ ㄦˊ
啃骨頭,1,ㄎㄣˇ ㄍㄨˊ ㄊㄡ˙
商旅店,1,ㄕㄤ ㄌㄩˇ ㄉㄧㄢˋ
問題劇,1,ㄨㄣˋ ㄊㄧˊ ㄐㄩˋ
啞巴虧,1,ㄧㄚˇ ㄅㄚ˙ ㄎㄨㄟ
啟手足,1,ㄑㄧˇ ㄕㄡˇ ㄗㄨˊ
啤酒屋,1,ㄆㄧˊ ㄐㄧㄡˇ ㄨ
啤酒花,1,ㄆㄧˊ ㄐㄧㄡˇ ㄏㄨㄚ
喀布爾,1,ㄎㄚˋ ㄅㄨˋ ㄦˇ
喀拉蚩,1,ㄎㄚˋ ㄌㄚ ㄔ
喀麥隆,1,ㄎㄚˋ ㄇㄞˋ ㄌㄨㄥˊ
喂偏食,1,ㄨㄟˋ ㄆㄧㄢ ㄕˊ
善無畏,1,ㄕㄢˋ ㄨˊ ㄨㄟˋ
喇叭手,1,ㄌㄚˇ ㄅㄚ˙ ㄕㄡˇ
喇叭筒,1,ㄌㄚˇ ㄅㄚ˙ ㄊㄨㄥˇ
喇叭花,1,ㄌㄚˇ ㄅㄚ˙ ㄏㄨㄚ
喇叭蟲,1,ㄌㄚˇ ㄅㄚ˙ ㄔㄨㄥˊ
喇叭褲,1,ㄌㄚˇ ㄅㄚ˙ ㄎㄨˋ
喉塞音,1,ㄏㄡˊ ㄙㄜˋ ㄧㄣ
喉擦音,1,ㄏㄡˊ ㄘㄚ ㄧㄣ
喊口令,1,ㄏㄢˇ ㄎㄡˇ ㄌㄧㄥˋ
喊嗓子,1,ㄏㄢˇ ㄙㄤˇ ㄗ˙
喘吁吁,1,ㄔㄨㄢˇ ㄒㄩ ㄒㄩ
喜峰口,1,ㄒㄧˇ ㄈㄥ ㄎㄡˇ
喜歌劇,1,ㄒㄧˇ ㄍㄜ ㄐㄩˋ
喝交杯,1,ㄏㄜ ㄐㄧㄠ ㄅㄟ
喝倒采,1,ㄏㄜˋ ㄉㄠˋ ㄘㄞˇ
喝喜酒,1,ㄏㄜ ㄒㄧˇ ㄐㄧㄡˇ
喝墨水,1,ㄏㄜ ㄇㄛˋ ㄕㄨㄟˇ
喝寡酒,1,ㄏㄜ ㄍㄨㄚˇ ㄐㄧㄡˇ
喝攛箱,1,ㄏㄜˋ ㄘㄨㄢ ㄒㄧㄤ
喝洋水,1,ㄏㄜ ㄧㄤˊ ㄕㄨㄟˇ
喪亂帖,1,ㄙㄤ ㄌㄨㄢˋ ㄊㄧㄝˋ
喪著臉,1,ㄙㄤˋ ㄓㄜ˙ ㄌㄧㄢˇ
喪門星,1,ㄙㄤ ㄇㄣˊ ㄒㄧㄥ
喫東道,1,ㄔ ㄉㄨㄥ ㄉㄠˋ
喫淡酒,1,ㄔ ㄉㄢˋ ㄐㄧㄡˇ
喫甜頭,1,ㄔ ㄊㄧㄢˊ ㄊㄡ˙
喫虎膽,1,ㄔ ㄏㄨˇ ㄉㄢˇ
喬主張,1,ㄑㄧㄠˊ ㄓㄨˇ ㄓㄤ
喬家公,1,ㄑㄧㄠˊ ㄐㄧㄚ ㄍㄨㄥ
喬男女,1,ㄑㄧㄠˊ ㄋㄢˊ ㄋㄩˇ
單一稅,1,ㄉㄢ ㄧ ㄕㄨㄟˋ
單位詞,1,ㄉㄢ ㄨㄟˋ ㄘˊ
單元劇,1,ㄉㄢ ㄩㄢˊ ㄐㄩˋ
單元音,1,ㄉㄢ ㄩㄢˊ ㄧㄣ
單刀會,1,ㄉㄢ ㄉㄠ ㄏㄨㄟˋ
單利法,1,ㄉㄢ ㄌㄧˋ ㄈㄚˇ
單則是,1,ㄉㄢ ㄗㄜˊ ㄕˋ
單句對,1,ㄉㄢ ㄐㄩˋ ㄉㄨㄟˋ
單向道,1,ㄉㄢ ㄒㄧㄤˋ ㄉㄠˋ
單婚制,1,ㄉㄢ ㄏㄨㄣ ㄓˋ
單孢子,1,ㄉㄢ ㄅㄠ ㄗˇ
單季田,1,ㄉㄢ ㄐㄧˋ ㄊㄧㄢˊ
單季稻,1,ㄉㄢ ㄐㄧˋ ㄉㄠˋ
單幹戶,1,ㄉㄢ ㄍㄢˋ ㄏㄨˋ
單思病,1,ㄉㄢ ㄙ ㄅㄧㄥˋ
單打一,1,ㄉㄢ ㄉㄚˇ ㄧ
單拍子,1,ㄉㄢ ㄆㄞ ㄗ˙
單拼法,1,ㄉㄢ ㄆㄧㄣ ㄈㄚˇ
單斜脊,1,ㄉㄢ ㄒㄧㄝˊ ㄐㄧˇ
單注著,1,ㄉㄢ ㄓㄨˋ ㄓㄜ˙
單淘汰,1,ㄉㄢ ㄊㄠˊ ㄊㄞˋ
單火輪,1,ㄉㄢ ㄏㄨㄛˇ ㄌㄨㄣˊ
單皮鼓,1,ㄉㄢ ㄆㄧˊ ㄍㄨˇ
單純林,1,ㄉㄢ ㄔㄨㄣˊ ㄌㄧㄣˊ
單純詞,1,ㄉㄢ ㄔㄨㄣˊ ㄘˊ
單絲羅,1,ㄉㄢ ㄙ ㄌㄨㄛˊ
單色瓷,1,ㄉㄢ ㄙㄜˋ ㄘˊ
單行犯,1,ㄉㄢ ㄒㄧㄥˊ ㄈㄢˋ
單行線,1,ㄉㄢ ㄒㄧㄥˊ ㄒㄧㄢˋ
單行路,1,ㄉㄢ ㄒㄧㄥˊ ㄌㄨˋ
單被花,1,ㄉㄢ ㄅㄟˋ ㄏㄨㄚ
單部句,1,ㄉㄢ ㄅㄨˋ ㄐㄩˋ
單面山,1,ㄉㄢ ㄇㄧㄢˋ ㄕㄢ
單音程,1,ㄉㄢ ㄧㄣ ㄔㄥˊ
單音語,1,ㄉㄢ ㄧㄣ ㄩˇ
單韻母,1,ㄉㄢ ㄩㄣˋ ㄇㄨˇ
單食性,1,ㄉㄢ ㄕˊ ㄒㄧㄥˋ
單體字,1,ㄉㄢ ㄊㄧˇ ㄗˋ
嗅覺器,1,ㄒㄧㄡˋ ㄐㄩㄝˊ ㄑㄧˋ
嗎啡針,1,ㄇㄚˇ ㄈㄟ ㄓㄣ
嗑瓜子,1,ㄎㄜˋ ㄍㄨㄚ ㄗˇ
嗒笞笞,1,ㄉㄚ ㄔ ㄔ
嗜睡症,1,ㄕˋ ㄕㄨㄟˋ ㄓㄥˋ
嗣父母,1,ㄙˋ ㄈㄨˋ ㄇㄨˇ
嗩吶草,1,ㄙㄨㄛˇ ㄋㄚˋ ㄘㄠˇ
嘉祐集,1,ㄐㄧㄚ ㄧㄡˋ ㄐㄧˊ
嘗湯戲,1,ㄔㄤˊ ㄊㄤ ㄒㄧˋ
嘟嚕嘴,1,ㄉㄨ ㄌㄨ˙ ㄗㄨㄟˇ
嘴不好,1,ㄗㄨㄟˇ ㄅㄨˋ ㄏㄠˇ
嘴不穩,1,ㄗㄨㄟˇ ㄅㄨˋ ㄨㄣˇ
嘴吃屎,1,ㄗㄨㄟˇ ㄔ ㄕˇ
嘴啃地,1,ㄗㄨㄟˇ ㄎㄣˇ ㄉㄧˋ
嘴喳喳,1,ㄗㄨㄟˇ ㄓㄚ ㄓㄚ
嘴巴子,1,ㄗㄨㄟˇ ㄅㄚ˙ ㄗ˙
嘴巴巴,1,ㄗㄨㄟˇ ㄅㄚ ㄅㄚ
嘴打人,1,ㄗㄨㄟˇ ㄉㄚˇ ㄖㄣˊ
嘴把子,1,ㄗㄨㄟˇ ㄅㄚˋ ㄗ˙
嘴把式,1,ㄗㄨㄟˇ ㄅㄚˇ ㄕ˙
嘴皮子,1,ㄗㄨㄟˇ ㄆㄧˊ ㄗ˙
嘴盧都,1,ㄗㄨㄟˇ ㄌㄨˊ ㄉㄨ
嘴答谷,1,ㄗㄨㄟˇ ㄉㄚ ㄍㄨˇ
嘴頭子,1,ㄗㄨㄟˇ ㄊㄡˊ ㄗ˙
噗嚕嚕,1,ㄆㄨ ㄌㄨ ㄌㄨ
噗碌碌,1,ㄆㄨ ㄌㄨˋ ㄌㄨˋ
噤口痢,1,ㄐㄧㄣˋ ㄎㄡˇ ㄌㄧˋ
器世間,1,ㄑㄧˋ ㄕˋ ㄐㄧㄢ
噫吁戲,1,ㄧ ㄒㄩ ㄏㄨ
噫吁戲,1,ㄧ ㄒㄩ ㄒㄧ
噬人菌,1,ㄕˋ ㄖㄣˊ ㄐㄩㄣˋ
噯喲喲,1,ㄞˋ ㄧㄠ ㄧㄠ
噴出岩,1,ㄆㄣ ㄔㄨ ㄧㄢˊ
噴漆器,1,ㄆㄣ ㄑㄧ ㄑㄧˋ
噴灑機,1,ㄆㄣ ㄙㄚˇ ㄐㄧ
噴赤河,1,ㄆㄣ ㄔˋ ㄏㄜˊ
噴霧機,1,ㄆㄣ ㄨˋ ㄐㄧ
噴香獸,1,ㄆㄣˋ ㄒㄧㄤ ㄕㄡˋ
噴鼻香,1,ㄆㄣˋ ㄅㄧˊ ㄒㄧㄤ
噶大克,1,ㄍㄜˊ ㄉㄚˋ ㄎㄜˋ
噶當派,1,ㄍㄚˊ ㄉㄤ ㄆㄞˋ
噶舉派,1,ㄍㄚˊ ㄐㄩˇ ㄆㄞˋ
噹噹船,1,ㄉㄤ ㄉㄤ ㄔㄨㄢˊ
嚥氣症,1,ㄧㄢˋ ㄑㄧˋ ㄓㄥˋ
嚭嚭地,1,ㄆㄧˇ ㄆㄧˇ ㄉㄜ˙
嚮導犬,1,ㄒㄧㄤˋ ㄉㄠˇ ㄑㄩㄢˇ
嚴世蕃,1,ㄧㄢˊ ㄕˋ ㄈㄢˊ
嚴可均,1,ㄧㄢˊ ㄎㄜˇ ㄐㄩㄣ
嚼咬人,1,ㄐㄧㄠˊ ㄧㄠˇ ㄖㄣˊ
嚼舌頭,1,ㄐㄧㄠˊ ㄕㄜˊ ㄊㄡ˙
嚼菜根,1,ㄐㄧㄠˊ ㄘㄞˋ ㄍㄣ
囊中穎,1,ㄋㄤˊ ㄓㄨㄥ ㄧㄥˇ
囊底智,1,ㄋㄤˊ ㄉㄧˇ ㄓˋ
囊底路,1,ㄋㄤˊ ㄉㄧˇ ㄌㄨˋ
囚攮的,1,ㄑㄧㄡˊ ㄋㄤˇ ㄉㄜ˙
囚錮鋒,1,ㄑㄧㄡˊ ㄍㄨˋ ㄈㄥ
四下裡,1,ㄙˋ ㄒㄧㄚˋ ㄌㄧˇ
四不像,1,ㄙˋ ㄅㄨˋ ㄒㄧㄤˋ
四仙桌,1,ㄙˋ ㄒㄧㄢ ㄓㄨㄛ
四公子,1,ㄙˋ ㄍㄨㄥ ㄗˇ
四六版,1,ㄙˋ ㄌㄧㄡˋ ㄅㄢˇ
四六體,1,ㄙˋ ㄌㄧㄡˋ ㄊㄧˇ
四分儀,1,ㄙˋ ㄈㄣ ㄧˊ
四分律,1,ㄙˋ ㄈㄣ ㄌㄩˋ
四分曆,1,ㄙˋ ㄈㄣ ㄌㄧˋ
四分衛,1,ㄙˋ ㄈㄣ ㄨㄟˋ
四加行,1,ㄙˋ ㄐㄧㄚ ㄒㄧㄥˊ
四合房,1,ㄙˋ ㄏㄜˊ ㄈㄤˊ
四君子,1,ㄙˋ ㄐㄩㄣ ㄗˇ
四喜袋,1,ㄙˋ ㄒㄧˇ ㄉㄞˋ
四壞球,1,ㄙˋ ㄏㄨㄞˋ ㄑㄧㄡˊ
四大洲,1,ㄙˋ ㄉㄚˋ ㄓㄡ
四家詩,1,ㄙˋ ㄐㄧㄚ ㄕ
四平市,1,ㄙˋ ㄆㄧㄥˊ ㄕˋ
四弦琴,1,ㄙˋ ㄒㄧㄢˊ ㄑㄧㄣˊ
四愁詩,1,ㄙˋ ㄔㄡˊ ㄕ
四才子,1,ㄙˋ ㄘㄞˊ ㄗˇ
四料簡,1,ㄙˋ ㄌㄧㄠˋ ㄐㄧㄢˇ
四方步,1,ㄙˋ ㄈㄤ ㄅㄨˋ
四書文,1,ㄙˋ ㄕㄨ ㄨㄣˊ
四柱冊,1,ㄙˋ ㄓㄨˋ ㄘㄜˋ
四照花,1,ㄙˋ ㄓㄠˋ ㄏㄨㄚ
四環素,1,ㄙˋ ㄏㄨㄢˊ ㄙㄨˋ
四絕碑,1,ㄙˋ ㄐㄩㄝˊ ㄅㄟ
四聯單,1,ㄙˋ ㄌㄧㄢˊ ㄉㄢ
四進士,1,ㄙˋ ㄐㄧㄣˋ ㄕˋ
四體書,1,ㄙˋ ㄊㄧˇ ㄕㄨ
回一回,1,ㄏㄨㄟˊ ㄧ ㄏㄨㄟˊ
回力棒,1,ㄏㄨㄟˊ ㄌㄧˋ ㄅㄤˋ
回力球,1,ㄏㄨㄟˊ ㄌㄧˋ ㄑㄧㄡˊ
回回曆,1,ㄏㄨㄟˊ ㄏㄨㄟ˙ ㄌㄧˋ
回數票,1,ㄏㄨㄟˊ ㄕㄨˋ ㄆㄧㄠˋ
回旋梯,1,ㄏㄨㄟˊ ㄒㄩㄢˊ ㄊㄧ
回歸年,1,ㄏㄨㄟˊ ㄍㄨㄟ ㄋㄧㄢˊ
回歸潮,1,ㄏㄨㄟˊ ㄍㄨㄟ ㄔㄠˊ
回票面,1,ㄏㄨㄟˊ ㄆㄧㄠˋ ㄇㄧㄢˋ
回西流,1,ㄏㄨㄟˊ ㄒㄧ ㄌㄧㄡˊ
回頭人,1,ㄏㄨㄟˊ ㄊㄡˊ ㄖㄣˊ
回頭書,1,ㄏㄨㄟˊ ㄊㄡˊ ㄕㄨ
回顧展,1,ㄏㄨㄟˊ ㄍㄨˋ ㄓㄢˇ
回魚箸,1,ㄏㄨㄟˊ ㄩˊ ㄓㄨˋ
回鶻文,1,ㄏㄨㄟˊ ㄏㄨˊ ㄨㄣˊ
因此上,1,ㄧㄣ ㄘˇ ㄕㄤ˙
因變數,1,ㄧㄣ ㄅㄧㄢˋ ㄕㄨˋ
因陀羅,1,ㄧㄣ ㄊㄨㄛˊ ㄌㄨㄛˊ
囫圇睡,1,ㄏㄨˊ ㄌㄨㄣˊ ㄕㄨㄟˋ
囫圇課,1,ㄏㄨˊ ㄌㄨㄣˊ ㄎㄜˋ
囫圇謎,1,ㄏㄨˊ ㄌㄨㄣˊ ㄇㄧˊ
困騰騰,1,ㄎㄨㄣˋ ㄊㄥˊ ㄊㄥˊ
固定液,1,ㄍㄨˋ ㄉㄧㄥˋ ㄧㄝˋ
固時俗,1,ㄍㄨˋ ㄕˊ ㄙㄨˊ
固氮菌,1,ㄍㄨˋ ㄉㄢˋ ㄐㄩㄣˋ
固沙林,1,ㄍㄨˋ ㄕㄚ ㄌㄧㄣˊ
固金甌,1,ㄍㄨˋ ㄐㄧㄣ ㄡ
圈子陣,1,ㄑㄩㄢ ㄗ˙ ㄓㄣˋ
國之貳,1,ㄍㄨㄛˊ ㄓ ㄦˋ
國別史,1,ㄍㄨㄛˊ ㄅㄧㄝˊ ㄕˇ
國姓鄉,1,ㄍㄨㄛˊ ㄒㄧㄥˋ ㄒㄧㄤ
國旗法,1,ㄍㄨㄛˊ ㄑㄧˊ ㄈㄚˇ
國有林,1,ㄍㄨㄛˊ ㄧㄡˇ ㄌㄧㄣˊ
國民權,1,ㄍㄨㄛˊ ㄇㄧㄣˊ ㄑㄩㄢˊ
國民車,1,ㄍㄨㄛˊ ㄇㄧㄣˊ ㄔㄜ
國產車,1,ㄍㄨㄛˊ ㄔㄢˇ ㄔㄜ
國籍法,1,ㄍㄨㄛˊ ㄐㄧˊ ㄈㄚˇ
國術館,1,ㄍㄨㄛˊ ㄕㄨˋ ㄍㄨㄢˇ
國語會,1,ㄍㄨㄛˊ ㄩˇ ㄏㄨㄟˋ
國醫節,1,ㄍㄨㄛˊ ㄧ ㄐㄧㄝˊ
國際人,1,ㄍㄨㄛˊ ㄐㄧˋ ㄖㄣˊ
國際標,1,ㄍㄨㄛˊ ㄐㄧˋ ㄅㄧㄠ
國際臺,1,ㄍㄨㄛˊ ㄐㄧˋ ㄊㄞˊ
圍阻體,1,ㄨㄟˊ ㄗㄨˇ ㄊㄧˇ
園有桃,1,ㄩㄢˊ ㄧㄡˇ ㄊㄠˊ
園藝學,1,ㄩㄢˊ ㄧˋ ㄒㄩㄝˊ
圓仔湯,1,ㄩㄢˊ ㄗ˙ ㄊㄤ
圓月門,1,ㄩㄢˊ ㄩㄝˋ ㄇㄣˊ
圓滾滾,1,ㄩㄢˊ ㄍㄨㄣˇ ㄍㄨㄣˇ
圓鼓鼓,1,ㄩㄢˊ ㄍㄨˇ ㄍㄨˇ
圖案畫,1,ㄊㄨˊ ㄢˋ ㄏㄨㄚˋ
團扇妾,1,ㄊㄨㄢˊ ㄕㄢˋ ㄑㄧㄝˋ
團香扇,1,ㄊㄨㄢˊ ㄒㄧㄤ ㄕㄢˋ
土伯特,1,ㄊㄨˇ ㄅㄛˊ ㄊㄜˋ
土俗書,1,ㄊㄨˇ ㄙㄨˊ ㄕㄨ
土八路,1,ㄊㄨˇ ㄅㄚ ㄌㄨˋ
土博士,1,ㄊㄨˇ ㄅㄛˊ ㄕˋ
土圍子,1,ㄊㄨˇ ㄨㄟˊ ㄗ˙
土地法,1,ㄊㄨˇ ㄉㄧˋ ㄈㄚˇ
土家族,1,ㄊㄨˇ ㄐㄧㄚ ㄗㄨˊ
土巴號,1,ㄊㄨˇ ㄅㄚ ㄏㄠˋ
土庫鎮,1,ㄊㄨˇ ㄎㄨˋ ㄓㄣˋ
土房子,1,ㄊㄨˇ ㄈㄤˊ ㄗ˙
土托魚,1,ㄊㄨˇ ㄊㄨㄛ ㄩˊ
土撥鼠,1,ㄊㄨˇ ㄅㄛ ㄕㄨˇ
土族語,1,ㄊㄨˇ ㄗㄨˊ ㄩˇ
土木堡,1,ㄊㄨˇ ㄇㄨˋ ㄅㄠˇ
土瀝青,1,ㄊㄨˇ ㄌㄧˋ ㄑㄧㄥ
土番鴨,1,ㄊㄨˇ ㄈㄢ ㄧㄚ
土窯子,1,ㄊㄨˇ ㄧㄠˊ ㄗ˙
土笵法,1,ㄊㄨˇ ㄈㄢˋ ㄈㄚˇ
土篾片,1,ㄊㄨˇ ㄇㄧㄝˋ ㄆㄧㄢˋ
土粉子,1,ㄊㄨˇ ㄈㄣˇ ㄗ˙
土網友,1,ㄊㄨˇ ㄨㄤˇ ㄧㄡˇ
土腥氣,1,ㄊㄨˇ ㄒㄧㄥ ㄑㄧˋ
土行孫,1,ㄊㄨˇ ㄒㄧㄥˊ ㄙㄨㄣ
土財主,1,ㄊㄨˇ ㄘㄞˊ ㄓㄨˇ
土金屬,1,ㄊㄨˇ ㄐㄧㄣ ㄕㄨˇ
土錦蛇,1,ㄊㄨˇ ㄐㄧㄣˇ ㄕㄜˊ
土霸王,1,ㄊㄨˇ ㄅㄚˋ ㄨㄤˊ
土饅頭,1,ㄊㄨˇ ㄇㄢˊ ㄊㄡ˙
土馬騣,1,ㄊㄨˇ ㄇㄚˇ ㄗㄨㄥ
土魠魚,1,ㄊㄨˇ ㄊㄨㄛ ㄩˊ
在室女,1,ㄗㄞˋ ㄕˋ ㄋㄩˇ
在家修,1,ㄗㄞˋ ㄐㄧㄚ ㄒㄧㄡ
圭亞那,1,ㄍㄨㄟ ㄧㄚˋ ㄋㄚˋ
地上權,1,ㄉㄧˋ ㄕㄤˋ ㄑㄩㄢˊ
地上物,1,ㄉㄧˋ ㄕㄤˋ ㄨˋ
地下化,1,ㄉㄧˋ ㄒㄧㄚˋ ㄏㄨㄚˋ
地下的,1,ㄉㄧˋ ㄒㄧㄚ˙ ㄉㄜ˙
地土蛇,1,ㄉㄧˋ ㄊㄨˇ ㄕㄜˊ
地形雨,1,ㄉㄧˋ ㄒㄧㄥˊ ㄩˇ
地擲球,1,ㄉㄧˋ ㄓˊ ㄑㄧㄡˊ
地攤貨,1,ㄉㄧˋ ㄊㄢ ㄏㄨㄛˋ
地方上,1,ㄉㄧˋ ㄈㄤ ㄕㄤˋ
地板操,1,ㄉㄧˋ ㄅㄢˇ ㄘㄠ
地毯式,1,ㄉㄧˋ ㄊㄢˇ ㄕˋ
地球史,1,ㄉㄧˋ ㄑㄧㄡˊ ㄕˇ
地理師,1,ㄉㄧˋ ㄌㄧˇ ㄕ
地理鬼,1,ㄉㄧˋ ㄌㄧˇ ㄍㄨㄟˇ
地瓜簽,1,ㄉㄧˋ ㄍㄨㄚ ㄑㄧㄢ
地老鼠,1,ㄉㄧˋ ㄌㄠˇ ㄕㄨ˙
地藏寺,1,ㄉㄧˋ ㄗㄤˋ ㄙˋ
地裡鬼,1,ㄉㄧˋ ㄌㄧˇ ㄍㄨㄟˇ
地論師,1,ㄉㄧˋ ㄌㄨㄣˋ ㄕ
地震帶,1,ㄉㄧˋ ㄓㄣˋ ㄉㄞˋ
地頭人,1,ㄉㄧˋ ㄊㄡˊ ㄖㄣˊ
地頭鬼,1,ㄉㄧˋ ㄊㄡˊ ㄍㄨㄟˇ
地黃牛,1,ㄉㄧˋ ㄏㄨㄤˊ ㄋㄧㄡˊ
坊刻本,1,ㄈㄤ ㄎㄜ ㄅㄣˇ
坍縮星,1,ㄊㄢ ㄙㄨㄛ ㄒㄧㄥ
坐上客,1,ㄗㄨㄛˋ ㄕㄤˋ ㄎㄜˋ
坐不住,1,ㄗㄨㄛˋ ㄅㄨ˙ ㄓㄨˋ
坐不穩,1,ㄗㄨㄛˋ ㄅㄨ˙ ㄨㄣˇ
坐交椅,1,ㄗㄨㄛˋ ㄐㄧㄠ ㄧˇ
坐冷子,1,ㄗㄨㄛˋ ㄌㄥˇ ㄗ˙
坐天下,1,ㄗㄨㄛˋ ㄊㄧㄢ ㄒㄧㄚˋ
坐家虎,1,ㄗㄨㄛˋ ㄐㄧㄚ ㄏㄨˇ
坐富貴,1,ㄗㄨㄛˋ ㄈㄨˋ ㄍㄨㄟˋ
坐春風,1,ㄗㄨㄛˋ ㄔㄨㄣ ㄈㄥ
坐板瘡,1,ㄗㄨㄛˋ ㄅㄢˇ ㄔㄨㄤ
坐標軸,1,ㄗㄨㄛˋ ㄅㄧㄠ ㄓㄡˊ
坐檯子,1,ㄗㄨㄛˋ ㄊㄞˊ ㄗ˙
坐江山,1,ㄗㄨㄛˋ ㄐㄧㄤ ㄕㄢ
坐窩子,1,ㄗㄨㄛˋ ㄨㄛ ㄗ˙
坐蘿蔔,1,ㄗㄨㄛˋ ㄌㄨㄛˊ ㄅㄛ˙
坐部伎,1,ㄗㄨㄛˋ ㄅㄨˋ ㄐㄧˋ
坤寧宮,1,ㄎㄨㄣ ㄋㄧㄥˊ ㄍㄨㄥ
坤書館,1,ㄎㄨㄣ ㄕㄨ ㄍㄨㄢˇ
坩子土,1,ㄍㄢ ㄗ˙ ㄊㄨˇ
垂楊柳,1,ㄔㄨㄟˊ ㄧㄤˊ ㄌㄧㄡˇ
垂線足,1,ㄔㄨㄟˊ ㄒㄧㄢˋ ㄗㄨˊ
垂花門,1,ㄔㄨㄟˊ ㄏㄨㄚ˙ ㄇㄣˊ
垃圾山,1,ㄌㄜˋ ㄙㄜˋ ㄕㄢ
垃圾相,1,ㄌㄜˋ ㄙㄜˋ ㄒㄧㄤˋ
垃圾量,1,ㄌㄜˋ ㄙㄜˋ ㄌㄧㄤˋ
垓下歌,1,ㄍㄞ ㄒㄧㄚˋ ㄍㄜ
埃及曆,1,ㄞ ㄐㄧˊ ㄌㄧˋ
埋釘子,1,ㄇㄞˊ ㄉㄧㄥ ㄗ˙
埋香骨,1,ㄇㄞˊ ㄒㄧㄤ ㄍㄨˇ
城垛口,1,ㄔㄥˊ ㄉㄨㄛˇ ㄎㄡˇ
城市病,1,ㄔㄥˊ ㄕˋ ㄅㄧㄥˋ
城門捐,1,ㄔㄥˊ ㄇㄣˊ ㄐㄩㄢ
埤頭鄉,1,ㄆㄧˊ ㄊㄡˊ ㄒㄧㄤ
執巾櫛,1,ㄓˊ ㄐㄧㄣ ㄐㄧㄝˊ
執旗將,1,ㄓˊ ㄑㄧˊ ㄐㄧㄤˋ
執箕帚,1,ㄓˊ ㄐㄧ ㄓㄡˇ
培土器,1,ㄆㄟˊ ㄊㄨˇ ㄑㄧˋ
培根論,1,ㄆㄟˊ ㄍㄣ ㄌㄨㄣˋ
培芮圖,1,ㄆㄟˊ ㄖㄨㄟˋ ㄊㄨˊ
培養土,1,ㄆㄟˊ ㄧㄤˇ ㄊㄨˇ
基本法,1,ㄐㄧ ㄅㄣˇ ㄈㄚˇ
基爾特,1,ㄐㄧ ㄦˇ ㄊㄜˋ
基礎音,1,ㄐㄧ ㄔㄨˇ ㄧㄣ
基諾族,1,ㄐㄧ ㄋㄨㄛˋ ㄗㄨˊ
堂候官,1,ㄊㄤˊ ㄏㄡˋ ㄍㄨㄢ
堂客船,1,ㄊㄤˊ ㄎㄜ˙ ㄔㄨㄢˊ
堂後官,1,ㄊㄤˊ ㄏㄡˋ ㄍㄨㄢ
堆下笑,1,ㄉㄨㄟ ㄒㄧㄚˋ ㄒㄧㄠˋ
堤岸市,1,ㄊㄧˊ ㄢˋ ㄕˋ
堪輿術,1,ㄎㄢ ㄩˊ ㄕㄨˋ
堯山縣,1,ㄧㄠˊ ㄕㄢ ㄒㄧㄢˋ
堰塞湖,1,ㄧㄢˋ ㄙㄜˋ ㄏㄨˊ
報事人,1,ㄅㄠˋ ㄕˋ ㄖㄣˊ
報君知,1,ㄅㄠˋ ㄐㄩㄣ ㄓ
報喜人,1,ㄅㄠˋ ㄒㄧˇ ㄖㄣˊ
報喪帖,1,ㄅㄠˋ ㄙㄤ ㄊㄧㄝˇ
報官囚,1,ㄅㄠˋ ㄍㄨㄢ ㄑㄧㄡˊ
報屁股,1,ㄅㄠˋ ㄆㄧˋ ㄍㄨ˙
報幕員,1,ㄅㄠˋ ㄇㄨˋ ㄩㄢˊ
報應刑,1,ㄅㄠˋ ㄧㄥˋ ㄒㄧㄥˊ
報戶口,1,ㄅㄠˋ ㄏㄨˋ ㄎㄡˇ
報歲蘭,1,ㄅㄠˋ ㄙㄨㄟˋ ㄌㄢˊ
報登科,1,ㄅㄠˋ ㄉㄥ ㄎㄜ
報話機,1,ㄅㄠˋ ㄏㄨㄚˋ ㄐㄧ
報錄人,1,ㄅㄠˋ ㄌㄨˋ ㄖㄣˊ
堵得慌,1,ㄉㄨˇ ㄉㄜ˙ ㄏㄨㄤ
塌拉骨,1,ㄊㄚ ㄌㄚ˙ ㄍㄨˇ
塑膠布,1,ㄙㄨˋ ㄐㄧㄠ ㄅㄨˋ
塑膠花,1,ㄙㄨˋ ㄐㄧㄠ ㄏㄨㄚ
塔手綢,1,ㄊㄚˇ ㄕㄡˇ ㄔㄡˊ
塞上曲,1,ㄙㄞˋ ㄕㄤˋ ㄑㄩˇ
塞下曲,1,ㄙㄞˋ ㄒㄧㄚˋ ㄑㄩˇ
塞席爾,1,ㄙㄜˋ ㄒㄧˊ ㄦˇ
塞得港,1,ㄙㄞˋ ㄉㄜˊ ㄍㄤˇ
塞擦音,1,ㄙㄜˋ ㄘㄚ ㄧㄣ
塞爆音,1,ㄙㄜˋ ㄅㄠˋ ㄧㄣ
塞牙縫,1,ㄙㄞ ㄧㄚˊ ㄈㄥˋ
塞狗洞,1,ㄙㄞ ㄍㄡˇ ㄉㄨㄥˋ
填充物,1,ㄊㄧㄢˊ ㄔㄨㄥ ㄨˋ
填溝壑,1,ㄊㄧㄢˊ ㄍㄡ ㄏㄨㄛˋ
填窟窿,1,ㄊㄧㄢˊ ㄎㄨ ㄌㄨㄥ˙
塵捲風,1,ㄔㄣˊ ㄐㄩㄢˇ ㄈㄥ
塵肺症,1,ㄔㄣˊ ㄈㄟˋ ㄓㄥˋ
塵芥蟲,1,ㄔㄣˊ ㄐㄧㄝˋ ㄔㄨㄥˊ
墊刀頭,1,ㄉㄧㄢˋ ㄉㄠ ㄊㄡˊ
墊箱錢,1,ㄉㄧㄢˋ ㄒㄧㄤ ㄑㄧㄢˊ
墊背錢,1,ㄉㄧㄢˋ ㄅㄟˋ ㄑㄧㄢˊ
墊舌根,1,ㄉㄧㄢˋ ㄕㄜˊ ㄍㄣ
墊踹窩,1,ㄉㄧㄢˋ ㄔㄨㄞˋ ㄨㄛ
墜子戲,1,ㄓㄨㄟˋ ㄗ˙ ㄒㄧˋ
增訂版,1,ㄗㄥ ㄉㄧㄥˋ ㄅㄢˇ
墨斗魚,1,ㄇㄛˋ ㄉㄡˇ ㄩˊ
墨水池,1,ㄇㄛˋ ㄕㄨㄟˇ ㄔˊ
墨水規,1,ㄇㄛˋ ㄕㄨㄟˇ ㄍㄨㄟ
墨玉縣,1,ㄇㄛˋ ㄩˋ ㄒㄧㄢˋ
墨盪子,1,ㄇㄛˋ ㄉㄤˋ ㄗ˙
墯馬髻,1,ㄉㄨㄛˋ ㄇㄚˇ ㄐㄧˋ
墳圈子,1,ㄈㄣˊ ㄑㄩㄢˋ ㄗ˙
壁中書,1,ㄅㄧˋ ㄓㄨㄥ ㄕㄨ
壁報紙,1,ㄅㄧˋ ㄅㄠˋ ㄓˇ
壓不住,1,ㄧㄚ ㄅㄨ˙ ㄓㄨˋ
壓冑子,1,ㄧㄚ ㄓㄡˋ ㄗ˙
壓力艙,1,ㄧㄚ ㄌㄧˋ ㄘㄤ
壓子息,1,ㄧㄚ ㄗˇ ㄒㄧˊ
壓花會,1,ㄧㄚ ㄏㄨㄚ ㄏㄨㄟˋ
壓衣刀,1,ㄧㄚ ㄧ ㄉㄠ
壓角章,1,ㄧㄚ ㄐㄧㄠˇ ㄓㄤ
壓軸子,1,ㄧㄚ ㄓㄡˊ ㄗ˙
壓酒囊,1,ㄧㄚ ㄐㄧㄡˇ ㄋㄤˊ
壓金線,1,ㄧㄚ ㄐㄧㄣ ㄒㄧㄢˋ
壞分子,1,ㄏㄨㄞˋ ㄈㄣˋ ㄗˇ
壞坯子,1,ㄏㄨㄞˋ ㄆㄟ ㄗ˙
壞心肝,1,ㄏㄨㄞˋ ㄒㄧㄣ ㄍㄢ
壞痞子,1,ㄏㄨㄞˋ ㄆㄧˇ ㄗ˙
壞腸子,1,ㄏㄨㄞˋ ㄔㄤˊ ㄗ˙
壞色衣,1,ㄏㄨㄞˋ ㄙㄜˋ ㄧ
壞血病,1,ㄏㄨㄞˋ ㄒㄧㄝˇ ㄅㄧㄥˋ
士君子,1,ㄕˋ ㄐㄩㄣ ㄗˇ
士巴拿,1,ㄕˋ ㄅㄚ ㄋㄚˊ
壽山石,1,ㄕㄡˋ ㄕㄢ ㄕˊ
壽陽妝,1,ㄕㄡˋ ㄧㄤˊ ㄓㄨㄤ
夏丏尊,1,ㄒㄧㄚˋ ㄇㄧㄢˇ ㄗㄨㄣ
夏侯建,1,ㄒㄧㄚˋ ㄏㄡˊ ㄐㄧㄢˋ
夏侯惇,1,ㄒㄧㄚˋ ㄏㄡˊ ㄉㄨㄣ
夏侯湛,1,ㄒㄧㄚˋ ㄏㄡˊ ㄓㄢˋ
夏候鳥,1,ㄒㄧㄚˋ ㄏㄡˋ ㄋㄧㄠˇ
夏元瑜,1,ㄒㄧㄚˋ ㄩㄢˊ ㄩˊ
夏元瑜,1,ㄒㄧㄚˋ ㄩㄢˊ ㄩˋ
夏后氏,1,ㄒㄧㄚˋ ㄏㄡˋ ㄕˋ
夏枯草,1,ㄒㄧㄚˋ ㄎㄨ ㄘㄠˇ
夏河縣,1,ㄒㄧㄚˋ ㄏㄜˊ ㄒㄧㄢˋ
夏綠蒂,1,ㄒㄧㄚˋ ㄌㄩˋ ㄉㄧˋ
夏至線,1,ㄒㄧㄚˋ ㄓˋ ㄒㄧㄢˋ
夏至點,1,ㄒㄧㄚˋ ㄓˋ ㄉㄧㄢˇ
外丹功,1,ㄨㄞˋ ㄉㄢ ㄍㄨㄥ
外來錢,1,ㄨㄞˋ ㄌㄞˊ ㄑㄧㄢˊ
外光派,1,ㄨㄞˋ ㄍㄨㄤ ㄆㄞˋ
外動詞,1,ㄨㄞˋ ㄉㄨㄥˋ ㄘˊ
外呈答,1,ㄨㄞˋ ㄔㄥˊ ㄉㄚˊ
外呼吸,1,ㄨㄞˋ ㄏㄨ ㄒㄧ
外四路,1,ㄨㄞˋ ㄙˋ ㄌㄨˋ
外場人,1,ㄨㄞˋ ㄔㄤˊ ㄖㄣˊ
外後日,1,ㄨㄞˋ ㄏㄡˋ ㄖˋ
外快子,1,ㄨㄞˋ ㄎㄨㄞˋ ㄗ˙
外果皮,1,ㄨㄞˋ ㄍㄨㄛˇ ㄆㄧˊ
外毒素,1,ㄨㄞˋ ㄉㄨˊ ㄙㄨˋ
外流區,1,ㄨㄞˋ ㄌㄧㄡˊ ㄑㄩ
外流河,1,ㄨㄞˋ ㄌㄧㄡˊ ㄏㄜˊ
外燃機,1,ㄨㄞˋ ㄖㄢˊ ㄐㄧ
外耳道,1,ㄨㄞˋ ㄦˇ ㄉㄠˋ
外行星,1,ㄨㄞˋ ㄒㄧㄥˊ ㄒㄧㄥ
外路人,1,ㄨㄞˋ ㄌㄨ˙ ㄖㄣˊ
外道話,1,ㄨㄞˋ ㄉㄠ˙ ㄏㄨㄚˋ
外錯角,1,ㄨㄞˋ ㄘㄨㄛˋ ㄐㄧㄠˇ
外面情,1,ㄨㄞˋ ㄇㄧㄢˋ ㄑㄧㄥˊ
多共少,1,ㄉㄨㄛ ㄍㄨㄥˋ ㄕㄠˇ
多半日,1,ㄉㄨㄛ ㄅㄢˋ ㄖˋ
多大小,1,ㄉㄨㄛ ㄉㄚˋ ㄒㄧㄠˇ
多寶塔,1,ㄉㄨㄛ ㄅㄠˇ ㄊㄚˇ
多寶槅,1,ㄉㄨㄛ ㄅㄠˇ ㄍㄜˊ
多幕劇,1,ㄉㄨㄛ ㄇㄨˋ ㄐㄩˋ
多指症,1,ㄉㄨㄛ ㄓˇ ㄓㄥˋ
多數決,1,ㄉㄨㄛ ㄕㄨˋ ㄐㄩㄝˊ
多早晚,1,ㄉㄨㄛ ㄗㄠˇ ㄨㄢˇ
多神教,1,ㄉㄨㄛ ㄕㄣˊ ㄐㄧㄠˋ
多管是,1,ㄉㄨㄛ ㄍㄨㄢˇ ㄕˋ
多羅麻,1,ㄉㄨㄛ ㄌㄨㄛˊ ㄇㄚˊ
多胞胎,1,ㄉㄨㄛ ㄅㄠ ㄊㄞ
多醣體,1,ㄉㄨㄛ ㄊㄤˊ ㄊㄧˇ
多面手,1,ㄉㄨㄛ ㄇㄧㄢˋ ㄕㄡˇ
多音字,1,ㄉㄨㄛ ㄧㄣ ㄗˋ
夜不收,1,ㄧㄝˋ ㄅㄨˋ ㄕㄡ
夜光璧,1,ㄧㄝˋ ㄍㄨㄤ ㄅㄧˋ
夜光蟲,1,ㄧㄝˋ ㄍㄨㄤ ㄔㄨㄥˊ
夜光雲,1,ㄧㄝˋ ㄍㄨㄤ ㄩㄣˊ
夜叉婆,1,ㄧㄝˋ ㄔㄚ ㄆㄛˊ
夜叉星,1,ㄧㄝˋ ㄔㄚ ㄒㄧㄥ
夜合花,1,ㄧㄝˋ ㄏㄜˊ ㄏㄨㄚ
夜合錢,1,ㄧㄝˋ ㄏㄜˊ ㄑㄧㄢˊ
夜尿症,1,ㄧㄝˋ ㄋㄧㄠˋ ㄓㄥˋ
夜度娘,1,ㄧㄝˋ ㄉㄨˋ ㄋㄧㄤˊ
夜度資,1,ㄧㄝˋ ㄉㄨˋ ㄗ
夜未央,1,ㄧㄝˋ ㄨㄟˋ ㄧㄤ
夜禽類,1,ㄧㄝˋ ㄑㄧㄣˊ ㄌㄟˋ
夜行衣,1,ㄧㄝˋ ㄒㄧㄥˊ ㄧ
夜貓子,1,ㄧㄝˋ ㄇㄠ˙ ㄗ˙
夜遊子,1,ㄧㄝˋ ㄧㄡˊ ㄗ˙
夜遊神,1,ㄧㄝˋ ㄧㄡˊ ㄕㄣˊ
夜驚症,1,ㄧㄝˋ ㄐㄧㄥ ㄓㄥˋ
夠不上,1,ㄍㄡˋ ㄅㄨˋ ㄕㄤˋ
夠交情,1,ㄍㄡˋ ㄐㄧㄠ ㄑㄧㄥˊ
夠分量,1,ㄍㄡˋ ㄈㄣˋ ㄌㄧㄤˋ
夠情調,1,ㄍㄡˋ ㄑㄧㄥˊ ㄉㄧㄠˋ
夠朋友,1,ㄍㄡˋ ㄆㄥˊ ㄧㄡ˙
夠瞧的,1,ㄍㄡˋ ㄑㄧㄠˊ ㄉㄜ˙
夠義氣,1,ㄍㄡˋ ㄧˋ ㄑㄧˋ
夢周公,1,ㄇㄥˋ ㄓㄡ ㄍㄨㄥ
夢幻劇,1,ㄇㄥˋ ㄏㄨㄢˋ ㄐㄩˋ
夢粱錄,1,ㄇㄥˋ ㄌㄧㄤˊ ㄌㄨˋ
夢行症,1,ㄇㄥˋ ㄒㄧㄥˊ ㄓㄥˋ
大三元,1,ㄉㄚˋ ㄙㄢ ㄩㄢˊ
大三弦,1,ㄉㄚˋ ㄙㄢ ㄒㄧㄢˊ
大三通,1,ㄉㄚˋ ㄙㄢ ㄊㄨㄥ
大不安,1,ㄉㄚˋ ㄅㄨˋ ㄢ
大不敬,1,ㄉㄚˋ ㄅㄨˋ ㄐㄧㄥˋ
大不易,1,ㄉㄚˋ ㄅㄨˋ ㄧˋ
大不是,1,ㄉㄚˋ ㄅㄨˋ ㄕˋ
大不過,1,ㄉㄚˋ ㄅㄨˋ ㄍㄨㄛˋ
大中人,1,ㄉㄚˋ ㄓㄨㄥ ㄖㄣˊ
大丹狗,1,ㄉㄚˋ ㄉㄢ ㄍㄡˇ
大主考,1,ㄉㄚˋ ㄓㄨˇ ㄎㄠˇ
大亂子,1,ㄉㄚˋ ㄌㄨㄢˋ ㄗ˙
大事業,1,ㄉㄚˋ ㄕˋ ㄧㄝˋ
大事記,1,ㄉㄚˋ ㄕˋ ㄐㄧˋ
大五金,1,ㄉㄚˋ ㄨˇ ㄐㄧㄣ
大人國,1,ㄉㄚˋ ㄖㄣˊ ㄍㄨㄛˊ
大人氣,1,ㄉㄚˋ ㄖㄣˊ ㄑㄧˋ
大仙爺,1,ㄉㄚˋ ㄒㄧㄢ ㄧㄝˊ
大伯子,1,ㄉㄚˋ ㄅㄞˇ ㄗ˙
大作家,1,ㄉㄚˋ ㄗㄨㄛˋ ㄐㄧㄚ
大來歷,1,ㄉㄚˋ ㄌㄞˊ ㄌㄧˋ
大來頭,1,ㄉㄚˋ ㄌㄞˊ ㄊㄡˊ
大俗賣,1,ㄉㄚˋ ㄙㄨˊ ㄇㄞˋ
大保國,1,ㄉㄚˋ ㄅㄠˇ ㄍㄨㄛˊ
大借款,1,ㄉㄚˋ ㄐㄧㄝˋ ㄎㄨㄢˇ
大傳統,1,ㄉㄚˋ ㄔㄨㄢˊ ㄊㄨㄥˇ
大價錢,1,ㄉㄚˋ ㄐㄧㄚˋ ㄑㄧㄢˊ
大先生,1,ㄉㄚˋ ㄒㄧㄢ ㄕㄥ˙
大全張,1,ㄉㄚˋ ㄑㄩㄢˊ ㄓㄤ
大八丈,1,ㄉㄚˋ ㄅㄚ ㄓㄤˋ
大八成,1,ㄉㄚˋ ㄅㄚ ㄔㄥˊ
大公館,1,ㄉㄚˋ ㄍㄨㄥ ㄍㄨㄢˇ
大兵團,1,ㄉㄚˋ ㄅㄧㄥ ㄊㄨㄢˊ
大冢宰,1,ㄉㄚˋ ㄓㄨㄥˇ ㄗㄞˇ
大出喪,1,ㄉㄚˋ ㄔㄨ ㄙㄤ
大出手,1,ㄉㄚˋ ㄔㄨ ㄕㄡˇ
大出血,1,ㄉㄚˋ ㄔㄨ ㄒㄧㄝˇ
大刀會,1,ㄉㄚˋ ㄉㄠ ㄏㄨㄟˋ
大刀頭,1,ㄉㄚˋ ㄉㄠ ㄊㄡˊ
大剛來,1,ㄉㄞˋ ㄍㄤ ㄌㄞˊ
大剛喒,1,ㄉㄞˋ ㄍㄤ ㄗㄢˊ
大劈棺,1,ㄉㄚˋ ㄆㄧ ㄍㄨㄢ
大動亂,1,ㄉㄚˋ ㄉㄨㄥˋ ㄌㄨㄢˋ
大動作,1,ㄉㄚˋ ㄉㄨㄥˋ ㄗㄨㄛˋ
大半年,1,ㄉㄚˋ ㄅㄢˋ ㄋㄧㄢˊ
大半拉,1,ㄉㄚˋ ㄅㄢˋ ㄌㄚ˙
大原則,1,ㄉㄚˋ ㄩㄢˊ ㄗㄜˊ
大司客,1,ㄉㄚˋ ㄙ ㄎㄜˋ
大司徒,1,ㄉㄚˋ ㄙ ㄊㄨˊ
大司空,1,ㄉㄚˋ ㄙ ㄎㄨㄥ
大吉嶺,1,ㄉㄚˋ ㄐㄧˊ ㄌㄧㄥˇ
大同教,1,ㄉㄚˋ ㄊㄨㄥˊ ㄐㄧㄠˋ
大同盟,1,ㄉㄚˋ ㄊㄨㄥˊ ㄇㄥˊ
大呼隆,1,ㄉㄚˋ ㄏㄨ ㄌㄨㄥˊ
大和尚,1,ㄉㄚˋ ㄏㄜˊ ㄕㄤˋ
大和繪,1,ㄉㄚˋ ㄏㄜˊ ㄏㄨㄟˋ
大喇叭,1,ㄉㄚˋ ㄌㄚˇ ㄅㄚ˙
大喉嚨,1,ㄉㄚˋ ㄏㄡˊ ㄌㄨㄥˊ
大喜事,1,ㄉㄚˋ ㄒㄧˇ ㄕˋ
大單于,1,ㄉㄚˋ ㄔㄢˊ ㄩˊ
大嗓門,1,ㄉㄚˋ ㄙㄤˇ ㄇㄣˊ
大嘴巴,1,ㄉㄚˋ ㄗㄨㄟˇ ㄅㄚ˙
大四喜,1,ㄉㄚˋ ㄙˋ ㄒㄧˇ
大回朝,1,ㄉㄚˋ ㄏㄨㄟˊ ㄔㄠˊ
大圈仔,1,ㄉㄚˋ ㄑㄩㄢ ㄗˇ
大團結,1,ㄉㄚˋ ㄊㄨㄢˊ ㄐㄧㄝˊ
大埤湖,1,ㄉㄚˋ ㄆㄧˊ ㄏㄨˊ
大場面,1,ㄉㄚˋ ㄔㄤˊ ㄇㄧㄢˋ
大塊頭,1,ㄉㄚˋ ㄎㄨㄞˋ ㄊㄡˊ
大天亮,1,ㄉㄚˋ ㄊㄧㄢ ㄌㄧㄤˋ
大夫松,1,ㄉㄚˋ ㄈㄨ ㄙㄨㄥ
大好老,1,ㄉㄚˋ ㄏㄠˇ ㄌㄠˇ
大妗子,1,ㄉㄚˋ ㄐㄧㄣˋ ㄗ˙
大姆子,1,ㄉㄚˋ ㄇㄨˇ ㄗ˙
大姊頭,1,ㄉㄚˋ ㄐㄧㄝˇ ㄊㄡˊ
大姐姐,1,ㄉㄚˋ ㄐㄧㄝˇ ㄐㄧㄝ˙
大姐頭,1,ㄉㄚˋ ㄐㄧㄝˇ ㄊㄡˊ
大姑娘,1,ㄉㄚˋ ㄍㄨ ㄋㄧㄤ˙
大娘子,1,ㄉㄚˋ ㄋㄧㄤˊ ㄗ˙
大媳婦,1,ㄉㄚˋ ㄒㄧˊ ㄈㄨˋ
大媽媽,1,ㄉㄚˋ ㄇㄚ ㄇㄚ˙
大字本,1,ㄉㄚˋ ㄗˋ ㄅㄣˇ
大學區,1,ㄉㄚˋ ㄒㄩㄝˊ ㄑㄩ
大學問,1,ㄉㄚˋ ㄒㄩㄝˊ ㄨㄣˋ
大學服,1,ㄉㄚˋ ㄒㄩㄝˊ ㄈㄨˊ
大學法,1,ㄉㄚˋ ㄒㄩㄝˊ ㄈㄚˇ
大學院,1,ㄉㄚˋ ㄒㄩㄝˊ ㄩㄢˋ
大孺人,1,ㄉㄚˋ ㄖㄨˊ ㄖㄣˊ
大宗師,1,ㄉㄚˋ ㄗㄨㄥ ㄕ
大家事,1,ㄉㄚˋ ㄐㄧㄚ ㄕˋ
大家子,1,ㄉㄚˋ ㄐㄧㄚ ㄗ˙
大家族,1,ㄉㄚˋ ㄐㄧㄚ ㄗㄨˊ
大家長,1,ㄉㄚˋ ㄐㄧㄚ ㄓㄤˇ
大富翁,1,ㄉㄚˋ ㄈㄨˋ ㄨㄥ
大寬轉,1,ㄉㄚˋ ㄎㄨㄢ ㄓㄨㄢˇ
大專生,1,ㄉㄚˋ ㄓㄨㄢ ㄕㄥ
大對決,1,ㄉㄚˋ ㄉㄨㄟˋ ㄐㄩㄝˊ
大小事,1,ㄉㄚˋ ㄒㄧㄠˇ ㄕˋ
大小廝,1,ㄉㄚˋ ㄒㄧㄠˇ ㄙ
大尖山,1,ㄉㄚˋ ㄐㄧㄢ ㄕㄢ
大岩桐,1,ㄉㄚˋ ㄧㄢˊ ㄊㄨㄥˊ
大巡行,1,ㄉㄚˋ ㄒㄩㄣˊ ㄒㄧㄥˊ
大巫嫗,1,ㄉㄚˋ ㄨˊ ㄩˋ
大布棚,1,ㄉㄚˋ ㄅㄨˋ ㄆㄥˊ
大師兄,1,ㄉㄚˋ ㄕ ㄒㄩㄥ
大帶型,1,ㄉㄚˋ ㄉㄞˋ ㄒㄧㄥˊ
大年日,1,ㄉㄚˋ ㄋㄧㄢˊ ㄖˋ
大年節,1,ㄉㄚˋ ㄋㄧㄢˊ ㄐㄧㄝˊ
大庾嶺,1,ㄉㄚˋ ㄩˇ ㄌㄧㄥˇ
大廉價,1,ㄉㄚˋ ㄌㄧㄢˊ ㄐㄧㄚˋ
大彬壺,1,ㄉㄚˋ ㄅㄧㄣ ㄏㄨˊ
大忙人,1,ㄉㄚˋ ㄇㄤˊ ㄖㄣˊ
大恩人,1,ㄉㄚˋ ㄣ ㄖㄣˊ
大悲心,1,ㄉㄚˋ ㄅㄟ ㄒㄧㄣ
大悲懺,1,ㄉㄚˋ ㄅㄟ ㄔㄢˋ
大悲水,1,ㄉㄚˋ ㄅㄟ ㄕㄨㄟˇ
大憲章,1,ㄉㄚˋ ㄒㄧㄢˋ ㄓㄤ
大戈壁,1,ㄉㄚˋ ㄍㄜ ㄅㄧˋ
大成殿,1,ㄉㄚˋ ㄔㄥˊ ㄉㄧㄢˋ
大戰略,1,ㄉㄚˋ ㄓㄢˋ ㄌㄩㄝˋ
大戰詩,1,ㄉㄚˋ ㄓㄢˋ ㄕ
大戴禮,1,ㄉㄚˋ ㄉㄞˋ ㄌㄧˇ
大手印,1,ㄉㄚˋ ㄕㄡˇ ㄧㄣˋ
大手段,1,ㄉㄚˋ ㄕㄡˇ ㄉㄨㄢˋ
大手腳,1,ㄉㄚˋ ㄕㄡˇ ㄐㄧㄠˇ
大拉翅,1,ㄉㄚˋ ㄌㄚ ㄔˋ
大拍頭,1,ㄉㄚˋ ㄆㄞ ㄊㄡˊ
大招寺,1,ㄉㄚˋ ㄓㄠ ㄙˋ
大括弧,1,ㄉㄚˋ ㄍㄨㄚ ㄏㄨˊ
大排行,1,ㄉㄚˋ ㄆㄞˊ ㄏㄤˊ
大掾史,1,ㄉㄚˋ ㄩㄢˋ ㄕˇ
大換血,1,ㄉㄚˋ ㄏㄨㄢˋ ㄒㄧㄝˇ
大搬風,1,ㄉㄚˋ ㄅㄢ ㄈㄥ
大搶購,1,ㄉㄚˋ ㄑㄧㄤˇ ㄍㄡˋ
大撫臺,1,ㄉㄚˋ ㄈㄨˇ ㄊㄞˊ
大放盤,1,ㄉㄚˋ ㄈㄤˋ ㄆㄢˊ
大散關,1,ㄉㄚˋ ㄙㄢˋ ㄍㄨㄢ
大文衡,1,ㄉㄚˋ ㄨㄣˊ ㄏㄥˊ
大文豪,1,ㄉㄚˋ ㄨㄣˊ ㄏㄠˊ
大斧劈,1,ㄉㄚˋ ㄈㄨˇ ㄆㄧ
大方家,1,ㄉㄚˋ ㄈㄤ ㄐㄧㄚ
大日經,1,ㄉㄚˋ ㄖˋ ㄐㄧㄥ
大明星,1,ㄉㄚˋ ㄇㄧㄥˊ ㄒㄧㄥ
大明曆,1,ㄉㄚˋ ㄇㄧㄥˊ ㄌㄧˋ
大明湖,1,ㄉㄚˋ ㄇㄧㄥˊ ㄏㄨˊ
大春元,1,ㄉㄚˋ ㄔㄨㄣ ㄩㄢˊ
大晟府,1,ㄉㄚˋ ㄕㄥˋ ㄈㄨˇ
大會串,1,ㄉㄚˋ ㄏㄨㄟˋ ㄔㄨㄢˋ
大會垓,1,ㄉㄚˋ ㄏㄨㄟˋ ㄍㄞ
大會師,1,ㄉㄚˋ ㄏㄨㄟˋ ㄕ
大會廳,1,ㄉㄚˋ ㄏㄨㄟˋ ㄊㄧㄥ
大會狀,1,ㄉㄚˋ ㄏㄨㄟˋ ㄓㄨㄤˋ
大月氏,1,ㄉㄚˋ ㄩㄝˋ ㄓ
大板車,1,ㄉㄚˋ ㄅㄢˇ ㄔㄜ
大柱史,1,ㄉㄚˋ ㄓㄨˋ ㄕˇ
大根腳,1,ㄉㄚˋ ㄍㄣ ㄐㄧㄠˇ
大梵天,1,ㄉㄚˋ ㄈㄢˋ ㄊㄧㄢ
大槐宮,1,ㄉㄚˋ ㄏㄨㄞˊ ㄍㄨㄥ
大歌劇,1,ㄉㄚˋ ㄍㄜ ㄐㄩˋ
大殿選,1,ㄉㄚˋ ㄉㄧㄢˋ ㄒㄩㄢˇ
大氣候,1,ㄉㄚˋ ㄑㄧˋ ㄏㄡˋ
大氣圈,1,ㄉㄚˋ ㄑㄧˋ ㄑㄩㄢ
大氣電,1,ㄉㄚˋ ㄑㄧˋ ㄉㄧㄢˋ
大水牯,1,ㄉㄚˋ ㄕㄨㄟˇ ㄍㄨˇ
大沽口,1,ㄉㄚˋ ㄍㄨ ㄎㄡˇ
大法螺,1,ㄉㄚˋ ㄈㄚˇ ㄌㄨㄛˊ
大洞果,1,ㄉㄚˋ ㄉㄨㄥˋ ㄍㄨㄛˇ
大洪水,1,ㄉㄚˋ ㄏㄨㄥˊ ㄕㄨㄟˇ
大淩河,1,ㄉㄚˋ ㄌㄧㄥˊ ㄏㄜˊ
大清律,1,ㄉㄚˋ ㄑㄧㄥ ㄌㄩˋ
大清河,1,ㄉㄚˋ ㄑㄧㄥ ㄏㄜˊ
大減價,1,ㄉㄚˋ ㄐㄧㄢˇ ㄐㄧㄚˋ
大渾家,1,ㄉㄚˋ ㄏㄨㄣˊ ㄐㄧㄚ
大湖區,1,ㄉㄚˋ ㄏㄨˊ ㄑㄩ
大熊湖,1,ㄉㄚˋ ㄒㄩㄥˊ ㄏㄨˊ
大爆滿,1,ㄉㄚˋ ㄅㄠˋ ㄇㄢˇ
大爺公,1,ㄉㄚˋ ㄧㄝ˙ ㄍㄨㄥ
大爺氣,1,ㄉㄚˋ ㄧㄝˊ ㄑㄧˋ
大特寫,1,ㄉㄚˋ ㄊㄜˋ ㄒㄧㄝˇ
大猩猩,1,ㄉㄚˋ ㄒㄧㄥ ㄒㄧㄥ˙
大玩偶,1,ㄉㄚˋ ㄨㄢˊ ㄡˇ
大理國,1,ㄉㄚˋ ㄌㄧˇ ㄍㄨㄛˊ
大理縣,1,ㄉㄚˋ ㄌㄧˇ ㄒㄧㄢˋ
大理花,1,ㄉㄚˋ ㄌㄧˇ ㄏㄨㄚ
大理菊,1,ㄉㄚˋ ㄌㄧˇ ㄐㄩˊ
大環境,1,ㄉㄚˋ ㄏㄨㄢˊ ㄐㄧㄥˋ
大甲蓆,1,ㄉㄚˋ ㄐㄧㄚˇ ㄒㄧˊ
大疏脫,1,ㄉㄚˋ ㄕㄨ ㄊㄨㄛ
大登殿,1,ㄉㄚˋ ㄉㄥ ㄉㄧㄢˋ
大白臉,1,ㄉㄚˋ ㄅㄞˊ ㄌㄧㄢˇ
大盆地,1,ㄉㄚˋ ㄆㄣˊ ㄉㄧˋ
大盼盼,1,ㄉㄚˋ ㄆㄢˋ ㄆㄢˋ
大眼賊,1,ㄉㄚˋ ㄧㄢˇ ㄗㄟˊ
大眾部,1,ㄉㄚˋ ㄓㄨㄥˋ ㄅㄨˋ
大睹是,1,ㄉㄚˋ ㄉㄨˇ ㄕˋ
大瞧瞧,1,ㄉㄚˋ ㄑㄧㄠˊ ㄑㄧㄠ˙
大碑落,1,ㄉㄚˋ ㄅㄟ ㄌㄨㄛˋ
大碗公,1,ㄉㄚˋ ㄨㄢˇ ㄍㄨㄥ
大神通,1,ㄉㄚˋ ㄕㄣˊ ㄊㄨㄥ
大禮帽,1,ㄉㄚˋ ㄌㄧˇ ㄇㄠˋ
大禮拜,1,ㄉㄚˋ ㄌㄧˇ ㄅㄞˋ
大禮服,1,ㄉㄚˋ ㄌㄧˇ ㄈㄨˊ
大秋元,1,ㄉㄚˋ ㄑㄧㄡ ㄩㄢˊ
大突破,1,ㄉㄚˋ ㄊㄨˊ ㄆㄛˋ
大管是,1,ㄉㄚˋ ㄍㄨㄢˇ ㄕˋ
大節夜,1,ㄉㄚˋ ㄐㄧㄝˊ ㄧㄝˋ
大節目,1,ㄉㄚˋ ㄐㄧㄝˊ ㄇㄨˋ
大篷車,1,ㄉㄚˋ ㄆㄥˊ ㄔㄜ
大紅人,1,ㄉㄚˋ ㄏㄨㄥˊ ㄖㄣˊ
大紅袍,1,ㄉㄚˋ ㄏㄨㄥˊ ㄆㄠˊ
大經元,1,ㄉㄚˋ ㄐㄧㄥ ㄩㄢˊ
大總戎,1,ㄉㄚˋ ㄗㄨㄥˇ ㄖㄨㄥˊ
大總腦,1,ㄉㄚˋ ㄗㄨㄥˇ ㄋㄠˇ
大羅天,1,ㄉㄚˋ ㄌㄨㄛˊ ㄊㄧㄢ
大羚羊,1,ㄉㄚˋ ㄌㄧㄥˊ ㄧㄤˊ
大翅鯨,1,ㄉㄚˋ ㄔˋ ㄐㄧㄥ
大老婆,1,ㄉㄚˋ ㄌㄠˇ ㄆㄛ˙
大老爹,1,ㄉㄚˋ ㄌㄠˇ ㄉㄧㄝ
大老粗,1,ㄉㄚˋ ㄌㄠˇ ㄘㄨ
大老遠,1,ㄉㄚˋ ㄌㄠˇ ㄩㄢˇ
大老闆,1,ㄉㄚˋ ㄌㄠˇ ㄅㄢˇ
大耳朵,1,ㄉㄚˋ ㄦˇ ㄉㄨㄛ˙
大聖爺,1,ㄉㄚˋ ㄕㄥˋ ㄧㄝˊ
大肚漢,1,ㄉㄚˋ ㄉㄨˋ ㄏㄢˋ
大股東,1,ㄉㄚˋ ㄍㄨˇ ㄉㄨㄥ
大胸肌,1,ㄉㄚˋ ㄒㄩㄥ ㄐㄧ
大脖子,1,ㄉㄚˋ ㄅㄛˊ ㄗ˙
大腔當,1,ㄉㄚˋ ㄑㄧㄤ ㄉㄤˋ
大腦腳,1,ㄉㄚˋ ㄋㄠˇ ㄐㄧㄠˇ
大腳三,1,ㄉㄚˋ ㄐㄧㄠˇ ㄙㄢ
大腳丫,1,ㄉㄚˋ ㄐㄧㄠˇ ㄧㄚ
大腳力,1,ㄉㄚˋ ㄐㄧㄠˇ ㄌㄧˋ
大腸炎,1,ㄉㄚˋ ㄔㄤˊ ㄧㄢˊ
大腸癌,1,ㄉㄚˋ ㄔㄤˊ ㄧㄢˊ
大腹賈,1,ㄉㄚˋ ㄈㄨˋ ㄍㄨˇ
大腿舞,1,ㄉㄚˋ ㄊㄨㄟˇ ㄨˇ
大花邊,1,ㄉㄚˋ ㄏㄨㄚ ㄅㄧㄢ
大花面,1,ㄉㄚˋ ㄏㄨㄚ ㄇㄧㄢˋ
大茅埔,1,ㄉㄚˋ ㄇㄠˊ ㄆㄨˇ
大茶壺,1,ㄉㄚˋ ㄔㄚˊ ㄏㄨˊ
大菜間,1,ㄉㄚˋ ㄘㄞˋ ㄐㄧㄢ
大落落,1,ㄉㄚˋ ㄌㄨㄛˋ ㄌㄨㄛˋ
大行人,1,ㄉㄚˋ ㄒㄧㄥˊ ㄖㄣˊ
大行院,1,ㄉㄚˋ ㄏㄤˊ ㄩㄢˋ
大製作,1,ㄉㄚˋ ㄓˋ ㄗㄨㄛˋ
大西北,1,ㄉㄚˋ ㄒㄧ ㄅㄟˇ
大覺醒,1,ㄉㄚˋ ㄐㄩㄝˊ ㄒㄧㄥˇ
大觀帖,1,ㄉㄚˋ ㄍㄨㄢ ㄊㄧㄝˋ
大設設,1,ㄉㄚˋ ㄕㄜˋ ㄕㄜˋ
大諫章,1,ㄉㄚˋ ㄐㄧㄢˋ ㄓㄤ
大議會,1,ㄉㄚˋ ㄧˋ ㄏㄨㄟˋ
大豆油,1,ㄉㄚˋ ㄉㄡˋ ㄧㄡˊ
大豐簋,1,ㄉㄚˋ ㄈㄥ ㄍㄨㄟˇ
大貝湖,1,ㄉㄚˋ ㄅㄟˋ ㄏㄨˊ
大財主,1,ㄉㄚˋ ㄘㄞˊ ㄓㄨˇ
大貨車,1,ㄉㄚˋ ㄏㄨㄛˋ ㄔㄜ
大贏家,1,ㄉㄚˋ ㄧㄥˊ ㄐㄧㄚ
大路貨,1,ㄉㄚˋ ㄌㄨˋ ㄏㄨㄛˋ
大車拼,1,ㄉㄚˋ ㄔㄜ ㄆㄧㄣ
大軍機,1,ㄉㄚˋ ㄐㄩㄣ ㄐㄧ
大軸子,1,ㄉㄚˋ ㄓㄡˋ ㄗ˙
大辣酥,1,ㄉㄚˋ ㄌㄚˋ ㄙㄨ
大迎枕,1,ㄉㄚˋ ㄧㄥˊ ㄓㄣˇ
大迦葉,1,ㄉㄚˋ ㄐㄧㄚ ㄧㄝˋ
大逃亡,1,ㄉㄚˋ ㄊㄠˊ ㄨㄤˊ
大通套,1,ㄉㄚˋ ㄊㄨㄥ ㄊㄠˋ
大通年,1,ㄉㄚˋ ㄊㄨㄥ ㄋㄧㄢˊ
大通河,1,ㄉㄚˋ ㄊㄨㄥ ㄏㄜˊ
大連灣,1,ㄉㄚˋ ㄌㄧㄢˊ ㄨㄢ
大週摺,1,ㄉㄚˋ ㄓㄡ ㄓㄜˊ
大進擊,1,ㄉㄚˋ ㄐㄧㄣˋ ㄐㄧˊ
大道公,1,ㄉㄚˋ ㄉㄠˋ ㄍㄨㄥ
大遠景,1,ㄉㄚˋ ㄩㄢˇ ㄐㄧㄥˇ
大選區,1,ㄉㄚˋ ㄒㄩㄢˇ ㄑㄩ
大都來,1,ㄉㄚˋ ㄉㄨ ㄌㄞˊ
大都護,1,ㄉㄚˋ ㄉㄨ ㄏㄨˋ
大金川,1,ㄉㄚˋ ㄐㄧㄣ ㄔㄨㄢ
大銀幕,1,ㄉㄚˋ ㄧㄣˊ ㄇㄨˋ
大鍋菜,1,ㄉㄚˋ ㄍㄨㄛ ㄘㄞˋ
大鎮國,1,ㄉㄚˋ ㄓㄣˋ ㄍㄨㄛˊ
大阿哥,1,ㄉㄚˋ ㄚˋ ㄍㄜ˙
大阿姐,1,ㄉㄚˋ ㄚˋ ㄐㄧㄝˇ
大陣仗,1,ㄉㄚˋ ㄓㄣˋ ㄓㄤˋ
大除夕,1,ㄉㄚˋ ㄔㄨˊ ㄒㄧˋ
大陰脣,1,ㄉㄚˋ ㄧㄣ ㄔㄨㄣˊ
大陳島,1,ㄉㄚˋ ㄔㄣˊ ㄉㄠˇ
大陸國,1,ㄉㄚˋ ㄌㄨˋ ㄍㄨㄛˊ
大陸坡,1,ㄉㄚˋ ㄌㄨˋ ㄆㄛ
大陸客,1,ㄉㄚˋ ㄌㄨˋ ㄎㄜˋ
大陸棉,1,ㄉㄚˋ ㄌㄨˋ ㄇㄧㄢˊ
大陸海,1,ㄉㄚˋ ㄌㄨˋ ㄏㄞˇ
大陸片,1,ㄉㄚˋ ㄌㄨˋ ㄆㄧㄢˋ
大雁塔,1,ㄉㄚˋ ㄧㄢˋ ㄊㄚˇ
大雷雨,1,ㄉㄚˋ ㄌㄟˊ ㄩˇ
大青年,1,ㄉㄚˋ ㄑㄧㄥ ㄋㄧㄢˊ
大頂風,1,ㄉㄚˋ ㄉㄧㄥˇ ㄈㄥ
大頭子,1,ㄉㄚˋ ㄊㄡˊ ㄗ˙
大頭巾,1,ㄉㄚˋ ㄊㄡˊ ㄐㄧㄣ
大頭目,1,ㄉㄚˋ ㄊㄡˊ ㄇㄨˋ
大頭腦,1,ㄉㄚˋ ㄊㄡˊ ㄋㄠˇ
大頭芥,1,ㄉㄚˋ ㄊㄡˊ ㄐㄧㄝˋ
大頭覺,1,ㄉㄚˋ ㄊㄡˊ ㄐㄧㄠˋ
大頭項,1,ㄉㄚˋ ㄊㄡˊ ㄒㄧㄤˋ
大風暴,1,ㄉㄚˋ ㄈㄥ ㄅㄠˋ
大風歌,1,ㄉㄚˋ ㄈㄥ ㄍㄜ
大風鑑,1,ㄉㄚˋ ㄈㄥ ㄐㄧㄢˋ
大飯店,1,ㄉㄚˋ ㄈㄢˋ ㄉㄧㄢˋ
大鹽湖,1,ㄉㄚˋ ㄧㄢˊ ㄏㄨˊ
大麗花,1,ㄉㄚˋ ㄌㄧˋ ㄏㄨㄚ
大麥籽,1,ㄉㄚˋ ㄇㄞˋ ㄗˇ
大麻竹,1,ㄉㄚˋ ㄇㄚˊ ㄓㄨˊ
大麻風,1,ㄉㄚˋ ㄇㄚˊ ㄈㄥ
大黑山,1,ㄉㄚˋ ㄏㄟ ㄕㄢ
大鼓書,1,ㄉㄚˋ ㄍㄨˇ ㄕㄨ
大鼓陣,1,ㄉㄚˋ ㄍㄨˇ ㄓㄣˋ
大齒輪,1,ㄉㄚˋ ㄔˇ ㄌㄨㄣˊ
天一閣,1,ㄊㄧㄢ ㄧ ㄍㄜˊ
天下事,1,ㄊㄧㄢ ㄒㄧㄚˋ ㄕˋ
天下人,1,ㄊㄧㄢ ㄒㄧㄚˋ ㄖㄣˊ
天中節,1,ㄊㄧㄢ ㄓㄨㄥ ㄐㄧㄝˊ
天作孽,1,ㄊㄧㄢ ㄗㄨㄛˋ ㄋㄧㄝˋ
天使魚,1,ㄊㄧㄢ ㄕˇ ㄩˊ
天來大,1,ㄊㄧㄢ ㄌㄞˊ ㄉㄚˋ
天公生,1,ㄊㄧㄢ ㄍㄨㄥ ㄕㄥ
天公祖,1,ㄊㄧㄢ ㄍㄨㄥ ㄗㄨˇ
天動說,1,ㄊㄧㄢ ㄉㄨㄥˋ ㄕㄨㄛ
天南星,1,ㄊㄧㄢ ㄋㄢˊ ㄒㄧㄥ
天可汗,1,ㄊㄧㄢ ㄎㄜˋ ㄏㄢˊ
天台女,1,ㄊㄧㄢ ㄊㄞˊ ㄋㄩˇ
天台宗,1,ㄊㄧㄢ ㄊㄞˊ ㄗㄨㄥ
天台山,1,ㄊㄧㄢ ㄊㄞˊ ㄕㄢ
天台縣,1,ㄊㄧㄢ ㄊㄞˊ ㄒㄧㄢˋ
天地頭,1,ㄊㄧㄢ ㄉㄧˋ ㄊㄡˊ
天壽山,1,ㄊㄧㄢ ㄕㄡˋ ㄕㄢ
天姥山,1,ㄊㄧㄢ ㄇㄨˇ ㄕㄢ
天字號,1,ㄊㄧㄢ ㄗˋ ㄏㄠˋ
天官書,1,ㄊㄧㄢ ㄍㄨㄢ ㄕㄨ
天底下,1,ㄊㄧㄢ ㄉㄧˇ ㄒㄧㄚ˙
天文時,1,ㄊㄧㄢ ㄨㄣˊ ㄕˊ
天文生,1,ㄊㄧㄢ ㄨㄣˊ ㄕㄥ
天文鐘,1,ㄊㄧㄢ ㄨㄣˊ ㄓㄨㄥ
天方教,1,ㄊㄧㄢ ㄈㄤ ㄐㄧㄠˋ
天殺的,1,ㄊㄧㄢ ㄕㄚ ㄉㄜ˙
天河配,1,ㄊㄧㄢ ㄏㄜˊ ㄆㄟˋ
天然橋,1,ㄊㄧㄢ ㄖㄢˊ ㄑㄧㄠˊ
天然鈾,1,ㄊㄧㄢ ㄖㄢˊ ㄧㄡˊ
天狗熱,1,ㄊㄧㄢ ㄍㄡˇ ㄖㄜˋ
天狗螺,1,ㄊㄧㄢ ㄍㄡˇ ㄌㄨㄛˊ
天王殿,1,ㄊㄧㄢ ㄨㄤˊ ㄉㄧㄢˋ
天甲經,1,ㄊㄧㄢ ㄐㄧㄚˇ ㄐㄧㄥ
天疱瘡,1,ㄊㄧㄢ ㄆㄠˋ ㄔㄨㄤ
天睜眼,1,ㄊㄧㄢ ㄓㄥ ㄧㄢˇ
天祿閣,1,ㄊㄧㄢ ㄌㄨˋ ㄍㄜˊ
天穿節,1,ㄊㄧㄢ ㄔㄨㄢ ㄐㄧㄝˊ
天竺書,1,ㄊㄧㄢ ㄓㄨˊ ㄕㄨ
天罡星,1,ㄊㄧㄢ ㄍㄤ ㄒㄧㄥ
天老爺,1,ㄊㄧㄢ ㄌㄠˇ ㄧㄝˊ
天舟座,1,ㄊㄧㄢ ㄓㄡ ㄗㄨㄛˋ
天花粉,1,ㄊㄧㄢ ㄏㄨㄚ ㄈㄣˇ
天蠶絲,1,ㄊㄧㄢ ㄘㄢˊ ㄙ
天蠶蛾,1,ㄊㄧㄢ ㄘㄢˊ ㄜˊ
天貴星,1,ㄊㄧㄢ ㄍㄨㄟˋ ㄒㄧㄥ
天貺節,1,ㄊㄧㄢ ㄎㄨㄤˋ ㄐㄧㄝˊ
天足會,1,ㄊㄧㄢ ㄗㄨˊ ㄏㄨㄟˋ
天長節,1,ㄊㄧㄢ ㄔㄤˊ ㄐㄧㄝˊ
天門冬,1,ㄊㄧㄢ ㄇㄣˊ ㄉㄨㄥ
天開眼,1,ㄊㄧㄢ ㄎㄞ ㄧㄢˇ
天關星,1,ㄊㄧㄢ ㄍㄨㄢ ㄒㄧㄥ
天雨花,1,ㄊㄧㄢ ㄩˇ ㄏㄨㄚ
天靈蓋,1,ㄊㄧㄢ ㄌㄧㄥ˙ ㄍㄞˋ
天魔舞,1,ㄊㄧㄢ ㄇㄛˊ ㄨˇ
太乙數,1,ㄊㄞˋ ㄧˇ ㄕㄨˋ
太公望,1,ㄊㄞˋ ㄍㄨㄥ ㄨㄤˋ
太初曆,1,ㄊㄞˋ ㄔㄨ ㄌㄧˋ
太古代,1,ㄊㄞˋ ㄍㄨˇ ㄉㄞˋ
太古界,1,ㄊㄞˋ ㄍㄨˇ ㄐㄧㄝˋ
太史令,1,ㄊㄞˋ ㄕˇ ㄌㄧㄥˋ
太史公,1,ㄊㄞˋ ㄕˇ ㄍㄨㄥ
太和殿,1,ㄊㄞˋ ㄏㄜˊ ㄉㄧㄢˋ
太夫子,1,ㄊㄞˋ ㄈㄨ ㄗˇ
太子黨,1,ㄊㄞˋ ㄗˇ ㄉㄤˇ
太學生,1,ㄊㄞˋ ㄒㄩㄝˊ ㄕㄥ
太師母,1,ㄊㄞˋ ㄕ ㄇㄨˇ
太常寺,1,ㄊㄞˋ ㄔㄤˊ ㄙˋ
太平官,1,ㄊㄞˋ ㄆㄧㄥˊ ㄍㄨㄢ
太平年,1,ㄊㄞˋ ㄆㄧㄥˊ ㄋㄧㄢˊ
太平經,1,ㄊㄞˋ ㄆㄧㄥˊ ㄐㄧㄥ
太平花,1,ㄊㄞˋ ㄆㄧㄥˊ ㄏㄨㄚ
太平話,1,ㄊㄞˋ ㄆㄧㄥˊ ㄏㄨㄚˋ
太平車,1,ㄊㄞˋ ㄆㄧㄥˊ ㄔㄜ
太平鼓,1,ㄊㄞˋ ㄆㄧㄥˊ ㄍㄨˇ
太康體,1,ㄊㄞˋ ㄎㄤ ㄊㄧˇ
太憨生,1,ㄊㄞˋ ㄏㄢ ㄕㄥ
太極劍,1,ㄊㄞˋ ㄐㄧˊ ㄐㄧㄢˋ
太液池,1,ㄊㄞˋ ㄧㄝˋ ㄔˊ
太玄經,1,ㄊㄞˋ ㄒㄩㄢˊ ㄐㄧㄥ
太瘦生,1,ㄊㄞˋ ㄕㄡˋ ㄕㄥ
太空城,1,ㄊㄞˋ ㄎㄨㄥ ㄔㄥˊ
太空塵,1,ㄊㄞˋ ㄎㄨㄥ ㄔㄣˊ
太空槍,1,ㄊㄞˋ ㄎㄨㄥ ㄑㄧㄤ
太空病,1,ㄊㄞˋ ㄎㄨㄥ ㄅㄧㄥˋ
太老師,1,ㄊㄞˋ ㄌㄠˇ ㄕ
太華山,1,ㄊㄞˋ ㄏㄨㄚˋ ㄕㄢ
太谷燈,1,ㄊㄞˋ ㄍㄨˇ ㄉㄥ
太陰星,1,ㄊㄞˋ ㄧㄣ ㄒㄧㄥ
太陰月,1,ㄊㄞˋ ㄧㄣ ㄩㄝˋ
太陰潮,1,ㄊㄞˋ ㄧㄣ ㄔㄠˊ
太陰病,1,ㄊㄞˋ ㄧㄣ ㄅㄧㄥˋ
太陽地,1,ㄊㄞˋ ㄧㄤˊ ㄉㄧˋ
太陽時,1,ㄊㄞˋ ㄧㄤˊ ㄕˊ
太陽爐,1,ㄊㄞˋ ㄧㄤˊ ㄌㄨˊ
太陽病,1,ㄊㄞˋ ㄧㄤˊ ㄅㄧㄥˋ
太陽糕,1,ㄊㄞˋ ㄧㄤˊ ㄍㄠ
太陽膏,1,ㄊㄞˋ ㄧㄤˊ ㄍㄠ
太陽風,1,ㄊㄞˋ ㄧㄤˊ ㄈㄥ
太陽餅,1,ㄊㄞˋ ㄧㄤˊ ㄅㄧㄥˇ
太陽鳥,1,ㄊㄞˋ ㄧㄤˊ ㄋㄧㄠˇ
太陽麻,1,ㄊㄞˋ ㄧㄤˊ ㄇㄚˊ
夫人城,1,ㄈㄨ ㄖㄣˊ ㄔㄥˊ
夫兄弟,1,ㄈㄨ ㄒㄩㄥ ㄉㄧˋ
夫妻店,1,ㄈㄨ ㄑㄧ ㄉㄧㄢˋ
夫婦和,1,ㄈㄨ ㄈㄨˋ ㄏㄜˊ
央元音,1,ㄧㄤ ㄩㄢˊ ㄧㄣ
失心風,1,ㄕ ㄒㄧㄣ ㄈㄥ
失憶症,1,ㄕ ㄧˋ ㄓㄥˋ
失街亭,1,ㄕ ㄐㄧㄝ ㄊㄧㄥˊ
失身分,1,ㄕ ㄕㄣ ㄈㄣ˙
夷三族,1,ㄧˊ ㄙㄢ ㄗㄨˊ
夷九族,1,ㄧˊ ㄐㄧㄡˇ ㄗㄨˊ
夷堅志,1,ㄧˊ ㄐㄧㄢ ㄓˋ
夾剪艙,1,ㄐㄧㄚˊ ㄐㄧㄢˇ ㄘㄤ
夾屁股,1,ㄐㄧㄚˊ ㄆㄧˋ ㄍㄨ˙
夾層屋,1,ㄐㄧㄚˊ ㄘㄥˊ ㄨ
夾布子,1,ㄐㄧㄚˊ ㄅㄨˋ ㄗ˙
夾彩塑,1,ㄐㄧㄚˊ ㄘㄞˇ ㄙㄨˋ
夾生飯,1,ㄐㄧㄚˋ ㄕㄥ˙ ㄈㄢˋ
夾肢窩,1,ㄐㄧㄚˊ ㄓ ㄨㄛ
夾腦風,1,ㄐㄧㄚˊ ㄋㄠˇ ㄈㄥ
奇男子,1,ㄑㄧˊ ㄋㄢˊ ㄗˇ
奇蹄目,1,ㄐㄧ ㄊㄧˊ ㄇㄨˋ
奇蹟劇,1,ㄑㄧˊ ㄐㄧ ㄐㄩˋ
奈何橋,1,ㄋㄞˋ ㄏㄜˊ ㄑㄧㄠˊ
奉枕席,1,ㄈㄥˋ ㄓㄣˇ ㄒㄧˊ
奉氂纓,1,ㄈㄥˋ ㄇㄠˊ ㄧㄥ
奉獻物,1,ㄈㄥˋ ㄒㄧㄢˋ ㄨˋ
奉獻箱,1,ㄈㄥˋ ㄒㄧㄢˋ ㄒㄧㄤ
奉箕帚,1,ㄈㄥˋ ㄐㄧ ㄓㄡˇ
奉蒸嘗,1,ㄈㄥˋ ㄓㄥ ㄔㄤˊ
奉蘋蘩,1,ㄈㄥˋ ㄆㄧㄣˊ ㄈㄢˊ
契約書,1,ㄑㄧˋ ㄩㄝ ㄕㄨ
契約說,1,ㄑㄧˋ ㄩㄝ ㄕㄨㄛ
套交情,1,ㄊㄠˋ ㄐㄧㄠ ㄑㄧㄥ˙
套半車,1,ㄊㄠˋ ㄅㄢˋ ㄔㄜ
套拉攏,1,ㄊㄠˋ ㄌㄚ ㄌㄨㄥ˙
套炕子,1,ㄊㄠˋ ㄎㄤˋ ㄗ˙
套白狼,1,ㄊㄠˋ ㄅㄞˊ ㄌㄤˊ
套筒槍,1,ㄊㄠˋ ㄊㄨㄥˇ ㄑㄧㄤ
套近乎,1,ㄊㄠˋ ㄐㄧㄣˋ ㄏㄨ
套頭話,1,ㄊㄠˋ ㄊㄡˊ ㄏㄨㄚˋ
奧亨利,1,ㄠˋ ㄏㄥ ㄌㄧˋ
奧克蘭,1,ㄠˋ ㄎㄜˋ ㄌㄢˊ
奧得河,1,ㄠˋ ㄉㄜˊ ㄏㄜˊ
奧德賽,1,ㄠˋ ㄉㄜˊ ㄙㄞˋ
奧爾良,1,ㄠˋ ㄦˇ ㄌㄧㄤˊ
奧理略,1,ㄠˋ ㄌㄧˇ ㄌㄩㄝˋ
奧登塞,1,ㄠˋ ㄉㄥ ㄙㄜˋ
奧賽羅,1,ㄠˋ ㄙㄞˋ ㄌㄨㄛˊ
奧陶紀,1,ㄠˋ ㄊㄠˊ ㄐㄧˋ
奪錦袍,1,ㄉㄨㄛˊ ㄐㄧㄣˇ ㄆㄠˊ
奮逸響,1,ㄈㄣˋ ㄧˋ ㄒㄧㄤˇ
女丈夫,1,ㄋㄩˇ ㄓㄤˋ ㄈㄨ
女人味,1,ㄋㄩˇ ㄖㄣˊ ㄨㄟˋ
女人國,1,ㄋㄩˇ ㄖㄣˊ ㄍㄨㄛˊ
女修士,1,ㄋㄩˇ ㄒㄧㄡ ㄕˋ
女先生,1,ㄋㄩˇ ㄒㄧㄢ ㄕㄥ˙
女光棍,1,ㄋㄩˇ ㄍㄨㄤ ㄍㄨㄣ˙
女兒國,1,ㄋㄩˇ ㄦˊ ㄍㄨㄛˊ
女兒家,1,ㄋㄩˇ ㄦˊ ㄐㄧㄚ
女兒寡,1,ㄋㄩˇ ㄦˊ ㄍㄨㄚˇ
女兒態,1,ㄋㄩˇ ㄦˊ ㄊㄞˋ
女兒氣,1,ㄋㄩˇ ㄦˊ ㄑㄧˋ
女兒節,1,ㄋㄩˇ ㄦˊ ㄐㄧㄝˊ
女兒身,1,ㄋㄩˇ ㄦˊ ㄕㄣ
女兒酒,1,ㄋㄩˇ ㄦˊ ㄐㄧㄡˇ
女四書,1,ㄋㄩˇ ㄙˋ ㄕㄨ
女招的,1,ㄋㄩˇ ㄓㄠ ㄉㄜ˙
女校尉,1,ㄋㄩˇ ㄐㄧㄠˋ ㄨㄟˋ
女校書,1,ㄋㄩˇ ㄐㄧㄠˋ ㄕㄨ
女班頭,1,ㄋㄩˇ ㄅㄢ ㄊㄡˊ
女真文,1,ㄋㄩˇ ㄓㄣ ㄨㄣˊ
女聯會,1,ㄋㄩˇ ㄌㄧㄢˊ ㄏㄨㄟˋ
女落子,1,ㄋㄩˇ ㄌㄠˋ ㄗ˙
女貞酒,1,ㄋㄩˇ ㄓㄣ ㄐㄧㄡˇ
女起解,1,ㄋㄩˇ ㄑㄧˇ ㄐㄧㄝˋ
女陪堂,1,ㄋㄩˇ ㄆㄟˊ ㄊㄤˊ
奴廝兒,1,ㄋㄨˊ ㄙ ㄦˊ
奴產子,1,ㄋㄨˊ ㄔㄢˇ ㄗˇ
奶嬤嬤,1,ㄋㄞˇ ㄇㄚ ㄇㄚ˙
奶子酒,1,ㄋㄞˇ ㄗ˙ ㄐㄧㄡˇ
奶膀子,1,ㄋㄞˇ ㄆㄤ ㄗ˙
好一會,1,ㄏㄠˇ ㄧ ㄏㄨㄟˇ
好一陣,1,ㄏㄠˇ ㄧ ㄓㄣˋ
好主兒,1,ㄏㄠˇ ㄓㄨˇ ㄦˊ
好了歌,1,ㄏㄠˇ ㄌㄧㄠˇ ㄍㄜ
好些時,1,ㄏㄠˇ ㄒㄧㄝ ㄕˊ
好人家,1,ㄏㄠˇ ㄖㄣˊ ㄐㄧㄚ
好人物,1,ㄏㄠˇ ㄖㄣˊ ㄨˋ
好來寶,1,ㄏㄠˇ ㄌㄞˊ ㄅㄠˇ
好兆頭,1,ㄏㄠˇ ㄓㄠˋ ㄊㄡˊ
好剛口,1,ㄏㄠˇ ㄍㄤ ㄎㄡˇ
好力寶,1,ㄏㄠˇ ㄌㄧˋ ㄅㄠˇ
好大膽,1,ㄏㄠˇ ㄉㄚˋ ㄉㄢˇ
好姻緣,1,ㄏㄠˇ ㄧㄣ ㄩㄢˊ
好心腸,1,ㄏㄠˇ ㄒㄧㄣ ㄔㄤˊ
好性子,1,ㄏㄠˇ ㄒㄧㄥˋ ㄗ˙
好性氣,1,ㄏㄠˇ ㄒㄧㄥˋ ㄑㄧˋ
好意思,1,ㄏㄠˇ ㄧˋ ㄙ˙
好把式,1,ㄏㄠˇ ㄅㄚˇ ㄕˋ
好搭檔,1,ㄏㄠˇ ㄉㄚ ㄉㄤˇ
好收場,1,ㄏㄠˇ ㄕㄡ ㄔㄤˊ
好早晚,1,ㄏㄠˇ ㄗㄠˇ ㄨㄢˇ
好本領,1,ㄏㄠˇ ㄅㄣˇ ㄌㄧㄥˇ
好東西,1,ㄏㄠˇ ㄉㄨㄥ ㄒㄧ
好樣子,1,ㄏㄠˇ ㄧㄤˋ ㄗ˙
好欺負,1,ㄏㄠˇ ㄑㄧ ㄈㄨˋ
好沒生,1,ㄏㄠˇ ㄇㄟˊ ㄕㄥ
好法子,1,ㄏㄠˇ ㄈㄚˊ ㄗ˙
好消息,1,ㄏㄠˇ ㄒㄧㄠ ㄒㄧ˙
好球帶,1,ㄏㄠˇ ㄑㄧㄡˊ ㄉㄞˋ
好生意,1,ㄏㄠˇ ㄕㄥ ㄧ˙
好相識,1,ㄏㄠˇ ㄒㄧㄤ ㄕˋ
好看錢,1,ㄏㄠˇ ㄎㄢˋ ㄑㄧㄢˊ
好眼力,1,ㄏㄠˇ ㄧㄢˇ ㄌㄧˋ
好自在,1,ㄏㄠˇ ㄗˋ ㄗㄞˋ
好買賣,1,ㄏㄠˇ ㄇㄞˇ ㄇㄞˋ
好身手,1,ㄏㄠˇ ㄕㄣ ㄕㄡˇ
好造化,1,ㄏㄠˇ ㄗㄠˋ ㄏㄨㄚˋ
好頭腦,1,ㄏㄠˇ ㄊㄡˊ ㄋㄠˇ
好體面,1,ㄏㄠˇ ㄊㄧˇ ㄇㄧㄢˋ
如兄弟,1,ㄖㄨˊ ㄒㄩㄥ ㄉㄧˋ
如椽筆,1,ㄖㄨˊ ㄔㄨㄢˊ ㄅㄧˇ
妃子笑,1,ㄈㄟ ㄗˇ ㄒㄧㄠˋ
妄想症,1,ㄨㄤˋ ㄒㄧㄤˇ ㄓㄥˋ
妊娠紋,1,ㄖㄣˋ ㄕㄣ ㄨㄣˊ
妥當人,1,ㄊㄨㄛˇ ㄉㄤ˙ ㄖㄣˊ
妻管嚴,1,ㄑㄧ ㄍㄨㄢˇ ㄧㄢˊ
姊妹校,1,ㄗˇ ㄇㄟˋ ㄒㄧㄠˋ
姊妹盟,1,ㄗˇ ㄇㄟˋ ㄇㄥˊ
姊妹行,1,ㄗˇ ㄇㄟˋ ㄏㄤˊ
始生魄,1,ㄕˇ ㄕㄥ ㄆㄛˋ
姐妹花,1,ㄐㄧㄝˇ ㄇㄟˋ ㄏㄨㄚ
姑丈人,1,ㄍㄨ ㄓㄤˋ ㄖㄣ˙
姑太太,1,ㄍㄨ ㄊㄞˋ ㄊㄞ˙
姑奶奶,1,ㄍㄨ ㄋㄞˇ ㄋㄞ˙
姑娘家,1,ㄍㄨ ㄋㄧㄤ˙ ㄐㄧㄚ
姑娘氣,1,ㄍㄨ ㄋㄧㄤ˙ ㄑㄧˋ
姑爺爺,1,ㄍㄨ ㄧㄝˊ ㄧㄝ˙
姑老爺,1,ㄍㄨ ㄌㄠˇ ㄧㄝ˙
姓名權,1,ㄒㄧㄥˋ ㄇㄧㄥˊ ㄑㄩㄢˊ
委託書,1,ㄨㄟˇ ㄊㄨㄛ ㄕㄨ
姘出去,1,ㄆㄧㄣ ㄔㄨ ㄑㄩˋ
姚名達,1,ㄧㄠˊ ㄇㄧㄥˊ ㄉㄚˊ
姚廣孝,1,ㄧㄠˊ ㄍㄨㄤˇ ㄒㄧㄠˋ
姚際恆,1,ㄧㄠˊ ㄐㄧˋ ㄏㄥˊ
姚雪垠,1,ㄧㄠˊ ㄒㄩㄝˇ ㄧㄣˊ
姚黃紙,1,ㄧㄠˊ ㄏㄨㄤˊ ㄓˇ
姜宸英,1,ㄐㄧㄤ ㄔㄣˊ ㄧㄥ
姨太太,1,ㄧˊ ㄊㄞˋ ㄊㄞ˙
姨奶奶,1,ㄧˊ ㄋㄞˇ ㄋㄞ˙
姻兄弟,1,ㄧㄣ ㄒㄩㄥ ㄉㄧˋ
姻緣簿,1,ㄧㄣ ㄩㄢˊ ㄅㄨˋ
威克島,1,ㄨㄟ ㄎㄜˋ ㄉㄠˇ
威化餅,1,ㄨㄟ ㄏㄨㄚˋ ㄅㄧㄥˇ
威悉河,1,ㄨㄟ ㄒㄧ ㄏㄜˊ
威爾遜,1,ㄨㄟ ㄦˇ ㄙㄨㄣˋ
娃娃生,1,ㄨㄚˊ ㄨㄚ˙ ㄕㄥ
娃娃裝,1,ㄨㄚˊ ㄨㄚ˙ ㄓㄨㄤ
娃娃車,1,ㄨㄚˊ ㄨㄚ˙ ㄔㄜ
娃娃魚,1,ㄨㄚˊ ㄨㄚ˙ ㄩˊ
娑羅樹,1,ㄙㄨㄛ ㄌㄨㄛˊ ㄕㄨˋ
娘娘腔,1,ㄋㄧㄤˊ ㄋㄧㄤ˙ ㄑㄧㄤ
娘子關,1,ㄋㄧㄤˊ ㄗˇ ㄍㄨㄢ
娘母子,1,ㄋㄧㄤˊ ㄇㄨ˙ ㄗ˙
娘老子,1,ㄋㄧㄤˊ ㄌㄠˇ ㄗ˙
娛樂片,1,ㄩˊ ㄌㄜˋ ㄆㄧㄢˋ
娛樂稅,1,ㄩˊ ㄌㄜˋ ㄕㄨㄟˋ
娶媳婦,1,ㄑㄩˇ ㄒㄧˊ ㄈㄨ˙
婁師德,1,ㄌㄡˊ ㄕ ㄉㄜˊ
婁東派,1,ㄌㄡˊ ㄉㄨㄥ ㄆㄞˋ
婆娘子,1,ㄆㄛˊ ㄋㄧㄤˊ ㄗ˙
婆那娑,1,ㄆㄛˊ ㄋㄨㄛˊ ㄙㄨㄛ
婉約派,1,ㄨㄢˇ ㄩㄝ ㄆㄞˋ
婚友社,1,ㄏㄨㄣ ㄧㄡˇ ㄕㄜˋ
婦人家,1,ㄈㄨˋ ㄖㄣˊ ㄐㄧㄚ˙
婦女病,1,ㄈㄨˋ ㄋㄩˇ ㄅㄧㄥˋ
婦援會,1,ㄈㄨˋ ㄩㄢˊ ㄏㄨㄟˋ
婦道家,1,ㄈㄨˋ ㄉㄠ˙ ㄐㄧㄚ˙
婪尾酒,1,ㄌㄢˊ ㄨㄟˇ ㄐㄧㄡˇ
婺川縣,1,ㄨˋ ㄔㄨㄢ ㄒㄧㄢˋ
媒人嘴,1,ㄇㄟˊ ㄖㄣ˙ ㄗㄨㄟˇ
媚姿姿,1,ㄇㄟˋ ㄗ ㄗ
媽媽樂,1,ㄇㄚ ㄇㄚ˙ ㄌㄜˋ
媽媽頭,1,ㄇㄚ ㄇㄚ˙ ㄊㄡˊ
媽祖婆,1,ㄇㄚ ㄗㄨˇ ㄆㄛˊ
媽祖生,1,ㄇㄚ ㄗㄨˇ ㄕㄥ
嫂夫人,1,ㄙㄠˇ ㄈㄨ ㄖㄣ˙
嫖婊子,1,ㄆㄧㄠˊ ㄅㄧㄠˇ ㄗ˙
嫡堂姪,1,ㄉㄧˊ ㄊㄤˊ ㄓˊ
嫩綽綽,1,ㄋㄣˋ ㄔㄨㄛˋ ㄔㄨㄛˋ
嫩肩膀,1,ㄋㄣˋ ㄐㄧㄢ ㄅㄤˇ
嫩骨頭,1,ㄋㄣˋ ㄍㄨˊ ㄊㄡ˙
嬋娟刃,1,ㄔㄢˊ ㄐㄩㄢ ㄖㄣˋ
嬌怯怯,1,ㄐㄧㄠ ㄑㄩㄝˋ ㄑㄩㄝˋ
嬤嬤媽,1,ㄇㄚ ㄇㄚ˙ ㄇㄚ
嬤嬤爹,1,ㄇㄚ ㄇㄚ˙ ㄉㄧㄝ
嬰兒室,1,ㄧㄥ ㄦˊ ㄕˋ
嬰兒車,1,ㄧㄥ ㄦˊ ㄔㄜ
子午蓮,1,ㄗˇ ㄨˇ ㄌㄧㄢˊ
子囊果,1,ㄗˇ ㄋㄤˊ ㄍㄨㄛˇ
子囊菌,1,ㄗˇ ㄋㄤˊ ㄐㄩㄣˋ
子夏肥,1,ㄗˇ ㄒㄧㄚˋ ㄈㄟˊ
子夜歌,1,ㄗˇ ㄧㄝˋ ㄍㄜ
子大夫,1,ㄗˇ ㄉㄚˋ ㄈㄨ
子孫桶,1,ㄗˇ ㄙㄨㄣ ㄊㄨㄥˇ
子宮環,1,ㄗˇ ㄍㄨㄥ ㄏㄨㄢˊ
子弟戲,1,ㄗˇ ㄉㄧˋ ㄒㄧˋ
子弟書,1,ㄗˇ ㄉㄧˋ ㄕㄨ
子曰行,1,ㄗˇ ㄩㄝ ㄏㄤˊ
子母印,1,ㄗˇ ㄇㄨˇ ㄧㄣˋ
子牙河,1,ㄗˇ ㄧㄚˊ ㄏㄜˊ
子細胞,1,ㄗˇ ㄒㄧˋ ㄅㄠ
子虛賦,1,ㄗˇ ㄒㄩ ㄈㄨˋ
孔叢子,1,ㄎㄨㄥˇ ㄘㄨㄥˊ ㄗˇ
孔安國,1,ㄎㄨㄥˇ ㄢ ㄍㄨㄛˊ
孔宙碑,1,ㄎㄨㄥˇ ㄓㄡˋ ㄅㄟ
孔廣森,1,ㄎㄨㄥˇ ㄍㄨㄤˇ ㄙㄣ
孔明燈,1,ㄎㄨㄥˇ ㄇㄧㄥˊ ㄉㄥ
孔父嘉,1,ㄎㄨㄥˇ ㄈㄨˇ ㄐㄧㄚ
孔版畫,1,ㄎㄨㄥˇ ㄅㄢˇ ㄏㄨㄚˋ
孔目房,1,ㄎㄨㄥˇ ㄇㄨˋ ㄈㄤˊ
孔祥熙,1,ㄎㄨㄥˇ ㄒㄧㄤˊ ㄒㄧ
孔稚珪,1,ㄎㄨㄥˇ ㄓˋ ㄍㄨㄟ
孔雀舞,1,ㄎㄨㄥˇ ㄑㄩㄝˋ ㄨˇ
字幕匣,1,ㄗˋ ㄇㄨˋ ㄒㄧㄚˊ
字樣學,1,ㄗˋ ㄧㄤˋ ㄒㄩㄝˊ
字相學,1,ㄗˋ ㄒㄧㄤˋ ㄒㄩㄝˊ
存包處,1,ㄘㄨㄣˊ ㄅㄠ ㄔㄨˋ
孝經序,1,ㄒㄧㄠˋ ㄐㄧㄥ ㄒㄩˋ
孟嘗君,1,ㄇㄥˋ ㄔㄤˊ ㄐㄩㄣ
孟懿子,1,ㄇㄥˋ ㄧˋ ㄗˇ
孟津縣,1,ㄇㄥˋ ㄐㄧㄣ ㄒㄧㄢˋ
孟非斯,1,ㄇㄥˋ ㄈㄟ ㄙ
孟麗君,1,ㄇㄥˋ ㄌㄧˋ ㄐㄩㄣ
孢囊柄,1,ㄅㄠ ㄋㄤˊ ㄅㄧㄥˇ
孢子器,1,ㄅㄠ ㄗˇ ㄑㄧˋ
孢子葉,1,ㄅㄠ ㄗˇ ㄧㄝˋ
孢子蟲,1,ㄅㄠ ㄗˇ ㄔㄨㄥˊ
季常癖,1,ㄐㄧˋ ㄔㄤˊ ㄆㄧˇ
孤丁丁,1,ㄍㄨ ㄉㄧㄥ ㄉㄧㄥ
孤另另,1,ㄍㄨ ㄌㄧㄥˋ ㄌㄧㄥˋ
孤拐臉,1,ㄍㄨ ㄍㄨㄞˇ ㄌㄧㄢˇ
孤拐面,1,ㄍㄨ ㄍㄨㄞˇ ㄇㄧㄢˋ
孤星淚,1,ㄍㄨ ㄒㄧㄥ ㄌㄟˋ
孤獨園,1,ㄍㄨ ㄉㄨˊ ㄩㄢˊ
孤立語,1,ㄍㄨ ㄌㄧˋ ㄩˇ
孤竹君,1,ㄍㄨ ㄓㄨˊ ㄐㄩㄣ
孤老院,1,ㄍㄨ ㄌㄠˇ ㄩㄢˋ
孤調調,1,ㄍㄨ ㄉㄧㄠˋ ㄉㄧㄠˋ
孤雛淚,1,ㄍㄨ ㄔㄨˊ ㄌㄟˋ
孤鸞年,1,ㄍㄨ ㄌㄨㄢˊ ㄋㄧㄢˊ
孩兒面,1,ㄏㄞˊ ㄦˊ ㄇㄧㄢˋ
孩子家,1,ㄏㄞˊ ㄗ˙ ㄐㄧㄚ
孩子王,1,ㄏㄞˊ ㄗ˙ ㄨㄤˊ
孫叔敖,1,ㄙㄨㄣ ㄕㄨˊ ㄠˊ
孫思邈,1,ㄙㄨㄣ ㄙ ㄇㄧㄠˇ
孫過庭,1,ㄙㄨㄣ ㄍㄨㄛˋ ㄊㄧㄥˊ
孱頭貨,1,ㄘㄢˋ ㄊㄡ˙ ㄏㄨㄛˋ
孵化期,1,ㄈㄨ ㄏㄨㄚˋ ㄑㄧˊ
孵卵機,1,ㄈㄨ ㄌㄨㄢˇ ㄐㄧ
學分費,1,ㄒㄩㄝˊ ㄈㄣ ㄈㄟˋ
學士服,1,ㄒㄩㄝˊ ㄕˋ ㄈㄨˊ
學書紙,1,ㄒㄩㄝˊ ㄕㄨ ㄓˇ
學步車,1,ㄒㄩㄝˊ ㄅㄨˋ ㄔㄜ
學籍卡,1,ㄒㄩㄝˊ ㄐㄧˊ ㄎㄚˇ
學籍簿,1,ㄒㄩㄝˊ ㄐㄧˊ ㄅㄨˋ
學課錢,1,ㄒㄩㄝˊ ㄎㄜˋ ㄑㄧㄢˊ
孺子嬰,1,ㄖㄨˊ ㄗˇ ㄧㄥ
孺子牛,1,ㄖㄨˊ ㄗˇ ㄋㄧㄡˊ
宇宙塵,1,ㄩˇ ㄓㄡˋ ㄔㄣˊ
宇宙年,1,ㄩˇ ㄓㄡˋ ㄋㄧㄢˊ
宇宙站,1,ㄩˇ ㄓㄡˋ ㄓㄢˋ
宇宙鋒,1,ㄩˇ ㄓㄡˋ ㄈㄥ
宇文覺,1,ㄩˇ ㄨㄣˊ ㄐㄩㄝˊ
宇文護,1,ㄩˇ ㄨㄣˊ ㄏㄨˋ
守備率,1,ㄕㄡˇ ㄅㄟˋ ㄌㄩˋ
守宮砂,1,ㄕㄡˇ ㄍㄨㄥ ㄕㄚ
守庚申,1,ㄕㄡˇ ㄍㄥ ㄕㄣ
守活寡,1,ㄕㄡˇ ㄏㄨㄛˊ ㄍㄨㄚˇ
守財虜,1,ㄕㄡˇ ㄘㄞˊ ㄌㄨˇ
守錢奴,1,ㄕㄡˇ ㄑㄧㄢˊ ㄋㄨˊ
守錢虜,1,ㄕㄡˇ ㄑㄧㄢˊ ㄌㄨˇ
安世高,1,ㄢ ㄕˋ ㄍㄠ
安全率,1,ㄢ ㄑㄩㄢˊ ㄌㄩˋ
安全門,1,ㄢ ㄑㄩㄢˊ ㄇㄣˊ
安公子,1,ㄢ ㄍㄨㄥ ㄗˇ
安南子,1,ㄢ ㄋㄢˊ ㄗˇ
安多尼,1,ㄢ ㄉㄨㄛ ㄋㄧˊ
安定器,1,ㄢ ㄉㄧㄥˋ ㄑㄧˋ
安定翼,1,ㄢ ㄉㄧㄥˋ ㄧˋ
安家帖,1,ㄢ ㄐㄧㄚ ㄊㄧㄝˇ
安提阿,1,ㄢ ㄊㄧˊ ㄚˋ
安期生,1,ㄢ ㄑㄧˊ ㄕㄥ
安根子,1,ㄢ ㄍㄣ ㄗ˙
安格爾,1,ㄢ ㄍㄜˊ ㄦˇ
安汶島,1,ㄢ ㄨㄣˋ ㄉㄠˇ
安濟坊,1,ㄢ ㄐㄧˋ ㄈㄤ
安石榴,1,ㄢ ㄕˊ ㄌㄧㄡˊ
安碓磑,1,ㄢ ㄉㄨㄟˋ ㄨㄟˋ
安童哥,1,ㄢ ㄊㄨㄥˊ ㄍㄜ
安老院,1,ㄢ ㄌㄠˇ ㄩㄢˋ
安胎符,1,ㄢ ㄊㄞ ㄈㄨˊ
安釘子,1,ㄢ ㄉㄧㄥ ㄗ˙
安闍那,1,ㄢ ㄕㄜˊ ㄋㄚˋ
安陽河,1,ㄢ ㄧㄤˊ ㄏㄜˊ
安陽縣,1,ㄢ ㄧㄤˊ ㄒㄧㄢˋ
安魂曲,1,ㄢ ㄏㄨㄣˊ ㄑㄩˇ
宋三彩,1,ㄙㄨㄥˋ ㄙㄢ ㄘㄞˇ
宋之問,1,ㄙㄨㄥˋ ㄓ ㄨㄣˋ
宋仁宗,1,ㄙㄨㄥˋ ㄖㄣˊ ㄗㄨㄥ
宋哲宗,1,ㄙㄨㄥˋ ㄓㄜˊ ㄗㄨㄥ
宋太宗,1,ㄙㄨㄥˋ ㄊㄞˋ ㄗㄨㄥ
宋應星,1,ㄙㄨㄥˋ ㄧㄥˋ ㄒㄧㄥ
宋會要,1,ㄙㄨㄥˋ ㄏㄨㄟˋ ㄧㄠˋ
宋欽宗,1,ㄙㄨㄥˋ ㄑㄧㄣ ㄗㄨㄥ
宋江陣,1,ㄙㄨㄥˋ ㄐㄧㄤ ㄓㄣˋ
宋真宗,1,ㄙㄨㄥˋ ㄓㄣ ㄗㄨㄥ
宋神宗,1,ㄙㄨㄥˋ ㄕㄣˊ ㄗㄨㄥ
宋詩鈔,1,ㄙㄨㄥˋ ㄕ ㄔㄠ
宋頭巾,1,ㄙㄨㄥˋ ㄊㄡˊ ㄐㄧㄣ
宋高宗,1,ㄙㄨㄥˋ ㄍㄠ ㄗㄨㄥ
完全數,1,ㄨㄢˊ ㄑㄩㄢˊ ㄕㄨˋ
完全花,1,ㄨㄢˊ ㄑㄩㄢˊ ㄏㄨㄚ
完結篇,1,ㄨㄢˊ ㄐㄧㄝˊ ㄆㄧㄢ
宓契爾,1,ㄇㄧˋ ㄑㄧˋ ㄦˇ
宗人府,1,ㄗㄨㄥ ㄖㄣˊ ㄈㄨˇ
宗周鐘,1,ㄗㄨㄥ ㄓㄡ ㄓㄨㄥ
宗喀巴,1,ㄗㄨㄥ ㄎㄚˋ ㄅㄚ
宗教學,1,ㄗㄨㄥ ㄐㄧㄠˋ ㄒㄩㄝˊ
官刻本,1,ㄍㄨㄢ ㄎㄜ ㄅㄣˇ
官古戶,1,ㄍㄨㄢ ㄍㄨˇ ㄏㄨˋ
官料藥,1,ㄍㄨㄢ ㄌㄧㄠˋ ㄧㄠˋ
官會子,1,ㄍㄨㄢ ㄏㄨㄟˋ ㄗˇ
官費生,1,ㄍㄨㄢ ㄈㄟˋ ㄕㄥ
官銜牌,1,ㄍㄨㄢ ㄒㄧㄢˊ ㄆㄞˊ
定勝敗,1,ㄉㄧㄥˋ ㄕㄥˋ ㄅㄞˋ
定場白,1,ㄉㄧㄥˋ ㄔㄤˊ ㄅㄞˊ
定場詩,1,ㄉㄧㄥˋ ㄔㄤˊ ㄕ
定天下,1,ㄉㄧㄥˋ ㄊㄧㄢ ㄒㄧㄚˋ
定弓田,1,ㄉㄧㄥˋ ㄍㄨㄥ ㄊㄧㄢˊ
定時鐘,1,ㄉㄧㄥˋ ㄕˊ ㄓㄨㄥ
定期票,1,ㄉㄧㄥˋ ㄑㄧˊ ㄆㄧㄠˋ
定盤星,1,ㄉㄧㄥˋ ㄆㄢˊ ㄒㄧㄥ
定置網,1,ㄉㄧㄥˋ ㄓˋ ㄨㄤˇ
定裝照,1,ㄉㄧㄥˋ ㄓㄨㄤ ㄓㄠˋ
定軍山,1,ㄉㄧㄥˋ ㄐㄩㄣ ㄕㄢ
定風旗,1,ㄉㄧㄥˋ ㄈㄥ ㄑㄧˊ
宜昌縣,1,ㄧˊ ㄔㄤ ㄒㄧㄢˋ
宜春縣,1,ㄧˊ ㄔㄨㄣ ㄒㄧㄢˋ
宜母子,1,ㄧˊ ㄇㄨˇ ㄗˇ
宜興壺,1,ㄧˊ ㄒㄧㄥ ㄏㄨˊ
宜興瓷,1,ㄧˊ ㄒㄧㄥ ㄘˊ
宜興縣,1,ㄧˊ ㄒㄧㄥ ㄒㄧㄢˋ
宜賓縣,1,ㄧˊ ㄅㄧㄣ ㄒㄧㄢˋ
宜黃縣,1,ㄧˊ ㄏㄨㄤˊ ㄒㄧㄢˋ
宜黃腔,1,ㄧˊ ㄏㄨㄤˊ ㄑㄧㄤ
客將司,1,ㄎㄜˋ ㄐㄧㄤˋ ㄙ
客帳司,1,ㄎㄜˋ ㄓㄤˋ ㄙ
客氣話,1,ㄎㄜˋ ㄑㄧ˙ ㄏㄨㄚˋ
客籍軍,1,ㄎㄜˋ ㄐㄧˊ ㄐㄩㄣ
宣傳彈,1,ㄒㄩㄢ ㄔㄨㄢˊ ㄉㄢˋ
宣傳畫,1,ㄒㄩㄢ ㄔㄨㄢˊ ㄏㄨㄚˋ
宣化縣,1,ㄒㄩㄢ ㄏㄨㄚˋ ㄒㄧㄢˋ
宣城縣,1,ㄒㄩㄢ ㄔㄥˊ ㄒㄧㄢˋ
宣威縣,1,ㄒㄩㄢ ㄨㄟ ㄒㄧㄢˋ
宣室志,1,ㄒㄩㄢ ㄕˋ ㄓˋ
宣德鑪,1,ㄒㄩㄢ ㄉㄜˊ ㄌㄨˊ
宣議郎,1,ㄒㄩㄢ ㄧˋ ㄌㄤˊ
宥坐器,1,ㄧㄡˋ ㄗㄨㄛˋ ㄑㄧˋ
宮古島,1,ㄍㄨㄥ ㄍㄨˇ ㄉㄠˇ
宮燈花,1,ㄍㄨㄥ ㄉㄥ ㄏㄨㄚ
宮門帶,1,ㄍㄨㄥ ㄇㄣˊ ㄉㄞˋ
宮門鈔,1,ㄍㄨㄥ ㄇㄣˊ ㄔㄠ
宰牲節,1,ㄗㄞˇ ㄕㄥ ㄐㄧㄝˊ
害人蟲,1,ㄏㄞˋ ㄖㄣˊ ㄔㄨㄥˊ
害天災,1,ㄏㄞˋ ㄊㄧㄢ ㄗㄞ
害死人,1,ㄏㄞˋ ㄙˇ ㄖㄣˊ
害肚子,1,ㄏㄞˋ ㄉㄨˋ ㄗ˙
害頭疼,1,ㄏㄞˋ ㄊㄡˊ ㄊㄥˊ
家丈人,1,ㄐㄧㄚ ㄓㄤˋ ㄖㄣˊ
家下人,1,ㄐㄧㄚ ㄒㄧㄚˋ ㄖㄣˊ
家中俏,1,ㄐㄧㄚ ㄓㄨㄥ ㄑㄧㄠˋ
家中哨,1,ㄐㄧㄚ ㄓㄨㄥ ㄕㄠˋ
家中寶,1,ㄐㄧㄚ ㄓㄨㄥ ㄅㄠˇ
家主公,1,ㄐㄧㄚ ㄓㄨˇ ㄍㄨㄥ
家主婆,1,ㄐㄧㄚ ㄓㄨˇ ㄆㄛˊ
家人子,1,ㄐㄧㄚ ㄖㄣˊ ㄗˇ
家傳學,1,ㄐㄧㄚ ㄔㄨㄢˊ ㄒㄩㄝˊ
家刻本,1,ㄐㄧㄚ ㄎㄜˋ ㄅㄣˇ
家大人,1,ㄐㄧㄚ ㄉㄚˋ ㄖㄣˊ
家天下,1,ㄐㄧㄚ ㄊㄧㄢ ㄒㄧㄚˋ
家山藥,1,ㄐㄧㄚ ㄕㄢ ㄧㄠˋ
家機布,1,ㄐㄧㄚ ㄐㄧ ㄅㄨˋ
家生哨,1,ㄐㄧㄚ ㄕㄥ ㄕㄠˋ
家生奴,1,ㄐㄧㄚ ㄕㄥ ㄋㄨˊ
家生婢,1,ㄐㄧㄚ ㄕㄥ ㄅㄧˋ
家祖母,1,ㄐㄧㄚ ㄗㄨˇ ㄇㄨˇ
家秧子,1,ㄐㄧㄚ ㄧㄤ ㄗ˙
家裡的,1,ㄐㄧㄚ ㄌㄧ˙ ㄉㄜ˙
家鄉味,1,ㄐㄧㄚ ㄒㄧㄤ ㄨㄟˋ
容不下,1,ㄖㄨㄥˊ ㄅㄨ˙ ㄒㄧㄚˋ
容足地,1,ㄖㄨㄥˊ ㄗㄨˊ ㄉㄧˋ
容長臉,1,ㄖㄨㄥˊ ㄔㄤˊ ㄌㄧㄢˇ
寄書郵,1,ㄐㄧˋ ㄕㄨ ㄧㄡˊ
寄生蜂,1,ㄐㄧˋ ㄕㄥ ㄈㄥ
寄生蠅,1,ㄐㄧˋ ㄕㄥ ㄧㄥˊ
寄附鋪,1,ㄐㄧˋ ㄈㄨˋ ㄆㄨˋ
密司脫,1,ㄇㄧˋ ㄙ ㄊㄨㄛ
密支那,1,ㄇㄧˋ ㄓ ㄋㄚˋ
密斯忒,1,ㄇㄧˋ ㄙ ㄊㄜˋ
密斯特,1,ㄇㄧˋ ㄙ ㄊㄜˋ
密昔司,1,ㄇㄧˋ ㄒㄧˊ ㄙ
密昔斯,1,ㄇㄧˋ ㄒㄧˊ ㄙ
密歇斯,1,ㄇㄧˋ ㄒㄧㄝ ㄙ
密涅瓦,1,ㄇㄧˋ ㄋㄧㄝˋ ㄨㄚˇ
寇萊公,1,ㄎㄡˋ ㄌㄞˊ ㄍㄨㄥ
寇謙之,1,ㄎㄡˋ ㄑㄧㄢ ㄓ
富家翁,1,ㄈㄨˋ ㄐㄧㄚ ㄨㄥ
富春秋,1,ㄈㄨˋ ㄔㄨㄣ ㄑㄧㄡ
富樓那,1,ㄈㄨˋ ㄌㄡˊ ㄋㄚˋ
富貴衣,1,ㄈㄨˋ ㄍㄨㄟˋ ㄧ
寒傖相,1,ㄏㄢˊ ㄘㄤ ㄒㄧㄤˋ
寒山子,1,ㄏㄢˊ ㄕㄢ ㄗˇ
寒山寺,1,ㄏㄢˊ ㄕㄢ ㄙˋ
寒慘慘,1,ㄏㄢˊ ㄘㄢˇ ㄘㄢˇ
寒抖抖,1,ㄏㄢˊ ㄉㄡˇ ㄉㄡˇ
寒暄書,1,ㄏㄢˊ ㄒㄩㄢ ㄕㄨ
寒暖色,1,ㄏㄢˊ ㄋㄨㄢˇ ㄙㄜˋ
寒森森,1,ㄏㄢˊ ㄙㄣ ㄙㄣ
寒武系,1,ㄏㄢˊ ㄨˇ ㄒㄧˋ
寒溫序,1,ㄏㄢˊ ㄨㄣ ㄒㄩˋ
寒粟子,1,ㄏㄢˊ ㄙㄨˋ ㄗ˙
寒號蟲,1,ㄏㄢˊ ㄏㄠˊ ㄔㄨㄥˊ
寒衣節,1,ㄏㄢˊ ㄧ ㄐㄧㄝˊ
寒食節,1,ㄏㄢˊ ㄕˊ ㄐㄧㄝˊ
寡小君,1,ㄍㄨㄚˇ ㄒㄧㄠˇ ㄐㄩㄣ
寧獻王,1,ㄋㄧㄥˊ ㄒㄧㄢˋ ㄨㄤˊ
寧瑪派,1,ㄋㄧㄥˊ ㄇㄚˇ ㄆㄞˋ
寫字樓,1,ㄒㄧㄝˇ ㄗˋ ㄌㄡˊ
寫真版,1,ㄒㄧㄝˇ ㄓㄣ ㄅㄢˇ
寬減額,1,ㄎㄨㄢ ㄐㄧㄢˇ ㄜˊ
寬皮毛,1,ㄎㄨㄢ ㄆㄧˊ ㄇㄠˊ
寬綽綽,1,ㄎㄨㄢ ㄔㄨㄛˋ ㄔㄨㄛˋ
寬限日,1,ㄎㄨㄢ ㄒㄧㄢˋ ㄖˋ
寰宇記,1,ㄏㄨㄢˊ ㄩˇ ㄐㄧˋ
寶兒赤,1,ㄅㄠˇ ㄦˊ ㄔˋ
寶坻縣,1,ㄅㄠˇ ㄉㄧˇ ㄒㄧㄢˋ
寶塔糖,1,ㄅㄠˇ ㄊㄚˇ ㄊㄤˊ
寶塔線,1,ㄅㄠˇ ㄊㄚˇ ㄒㄧㄢˋ
寶塔菜,1,ㄅㄠˇ ㄊㄚˇ ㄘㄞˋ
寶塔詩,1,ㄅㄠˇ ㄊㄚˇ ㄕ
寶安縣,1,ㄅㄠˇ ㄢ ㄒㄧㄢˋ
寶帶橋,1,ㄅㄠˇ ㄉㄞˋ ㄑㄧㄠˊ
寶應縣,1,ㄅㄠˇ ㄧㄥˋ ㄒㄧㄢˋ
寶泉局,1,ㄅㄠˇ ㄑㄩㄢˊ ㄐㄩˊ
寶源局,1,ㄅㄠˇ ㄩㄢˊ ㄐㄩˊ
寶珠茶,1,ㄅㄠˇ ㄓㄨ ㄔㄚˊ
寶瓶座,1,ㄅㄠˇ ㄆㄧㄥˊ ㄗㄨㄛˋ
寶生佛,1,ㄅㄠˇ ㄕㄥ ㄈㄛˊ
寶石婚,1,ㄅㄠˇ ㄕˊ ㄏㄨㄣ
寶興縣,1,ㄅㄠˇ ㄒㄧㄥ ㄒㄧㄢˋ
寶蓋山,1,ㄅㄠˇ ㄍㄞˋ ㄕㄢ
寶蓮燈,1,ㄅㄠˇ ㄌㄧㄢˊ ㄉㄥ
寶軒燈,1,ㄅㄠˇ ㄒㄩㄢ ㄉㄥ
寶釵樓,1,ㄅㄠˇ ㄔㄞ ㄌㄡˊ
寶雞縣,1,ㄅㄠˇ ㄐㄧ ㄒㄧㄢˋ
寶麗來,1,ㄅㄠˇ ㄌㄧˋ ㄌㄞˊ
寸草心,1,ㄘㄨㄣˋ ㄘㄠˇ ㄒㄧㄣ
封了火,1,ㄈㄥ ㄌㄜ˙ ㄏㄨㄛˇ
封神傳,1,ㄈㄥ ㄕㄣˊ ㄓㄨㄢˋ
封箱戲,1,ㄈㄥ ㄒㄧㄤ ㄒㄧˋ
封緘器,1,ㄈㄥ ㄐㄧㄢ ㄑㄧˋ
封缸酒,1,ㄈㄥ ㄍㄤ ㄐㄧㄡˇ
射水器,1,ㄕㄜˋ ㄕㄨㄟˇ ㄑㄧˋ
射精管,1,ㄕㄜˋ ㄐㄧㄥ ㄍㄨㄢˇ
射鵰手,1,ㄕㄜˋ ㄉㄧㄠ ㄕㄡˇ
將仕郎,1,ㄐㄧㄤ ㄕˋ ㄌㄤˊ
將仲子,1,ㄐㄧㄤ ㄓㄨㄥˋ ㄗˇ
將無同,1,ㄐㄧㄤ ㄨˊ ㄊㄨㄥˊ
將相和,1,ㄐㄧㄤˋ ㄒㄧㄤˋ ㄏㄜˊ
將相器,1,ㄐㄧㄤˋ ㄒㄧㄤˋ ㄑㄧˋ
將臨期,1,ㄐㄧㄤ ㄌㄧㄣˊ ㄑㄧˊ
將軍府,1,ㄐㄧㄤ ㄐㄩㄣ ㄈㄨˇ
將軍柱,1,ㄐㄧㄤ ㄐㄩㄣ ㄓㄨˋ
將進酒,1,ㄐㄧㄤ ㄐㄧㄣˋ ㄐㄧㄡˇ
專名號,1,ㄓㄨㄢ ㄇㄧㄥˊ ㄏㄠˋ
專業區,1,ㄓㄨㄢ ㄧㄝˋ ㄑㄩ
專業村,1,ㄓㄨㄢ ㄧㄝˋ ㄘㄨㄣ
尉犁縣,1,ㄩˋ ㄌㄧˊ ㄒㄧㄢˋ
尊前集,1,ㄗㄨㄣ ㄑㄧㄢˊ ㄐㄧˊ
尊嚴死,1,ㄗㄨㄣ ㄧㄢˊ ㄙˇ
尊大君,1,ㄗㄨㄣ ㄉㄚˋ ㄐㄩㄣ
尊親屬,1,ㄗㄨㄣ ㄑㄧㄣ ㄕㄨˇ
尋親記,1,ㄒㄩㄣˊ ㄑㄧㄣ ㄐㄧˋ
尋道路,1,ㄒㄩㄣˊ ㄉㄠˋ ㄌㄨˋ
對不住,1,ㄉㄨㄟˋ ㄅㄨ˙ ㄓㄨˋ
對不是,1,ㄉㄨㄟˋ ㄅㄨˋ ㄕˋ
對不起,1,ㄉㄨㄟˋ ㄅㄨ˙ ㄑㄧˇ
對口瘡,1,ㄉㄨㄟˋ ㄎㄡˇ ㄔㄨㄤ
對口詞,1,ㄉㄨㄟˋ ㄎㄡˇ ㄘˊ
對嘴子,1,ㄉㄨㄟˋ ㄗㄨㄟˇ ㄗ˙
對對胡,1,ㄉㄨㄟˋ ㄉㄨㄟˋ ㄏㄨˊ
對對角,1,ㄉㄨㄟˋ ㄉㄨㄟˋ ㄐㄧㄠˇ
對比色,1,ㄉㄨㄟˋ ㄅㄧˇ ㄙㄜˋ
對空策,1,ㄉㄨㄟˋ ㄎㄨㄥ ㄘㄜˋ
對筆跡,1,ㄉㄨㄟˋ ㄅㄧˇ ㄐㄧ
對臺戲,1,ㄉㄨㄟˋ ㄊㄞˊ ㄒㄧˋ
對號鎖,1,ㄉㄨㄟˋ ㄏㄠˋ ㄙㄨㄛˇ
對頭親,1,ㄉㄨㄟˋ ㄊㄡˊ ㄑㄧㄣ
導函數,1,ㄉㄠˇ ㄏㄢˊ ㄕㄨˋ
導師制,1,ㄉㄠˇ ㄕ ㄓˋ
導流板,1,ㄉㄠˇ ㄌㄧㄡˊ ㄅㄢˇ
導爆索,1,ㄉㄠˇ ㄅㄠˋ ㄙㄨㄛˇ
導生制,1,ㄉㄠˇ ㄕㄥ ㄓˋ
導盲磚,1,ㄉㄠˇ ㄇㄤˊ ㄓㄨㄢ
導航器,1,ㄉㄠˇ ㄏㄤˊ ㄑㄧˋ
小三通,1,ㄒㄧㄠˇ ㄙㄢ ㄊㄨㄥ
小上墳,1,ㄒㄧㄠˇ ㄕㄤˋ ㄈㄣˊ
小上海,1,ㄒㄧㄠˇ ㄕㄤˋ ㄏㄞˇ
小不平,1,ㄒㄧㄠˇ ㄅㄨˋ ㄆㄧㄥˊ
小乖乖,1,ㄒㄧㄠˇ ㄍㄨㄞ ㄍㄨㄞ
小乘戒,1,ㄒㄧㄠˇ ㄕㄥˋ ㄐㄧㄝˋ
小九九,1,ㄒㄧㄠˇ ㄐㄧㄡˇ ㄐㄧㄡˇ
小五義,1,ㄒㄧㄠˇ ㄨˇ ㄧˋ
小人家,1,ㄒㄧㄠˇ ㄖㄣˊ ㄐㄧㄚ
小人樣,1,ㄒㄧㄠˇ ㄖㄣˊ ㄧㄤˋ
小便宜,1,ㄒㄧㄠˇ ㄆㄧㄢˊ ㄧˊ
小倆口,1,ㄒㄧㄠˇ ㄌㄧㄤˇ ㄎㄡˇ
小倉山,1,ㄒㄧㄠˇ ㄘㄤ ㄕㄢ
小先生,1,ㄒㄧㄠˇ ㄒㄧㄢ ㄕㄥ˙
小全張,1,ㄒㄧㄠˇ ㄑㄩㄢˊ ㄓㄤ
小六壬,1,ㄒㄧㄠˇ ㄌㄧㄡˋ ㄖㄣˊ
小冤家,1,ㄒㄧㄠˇ ㄩㄢ ㄐㄧㄚ
小划子,1,ㄒㄧㄠˇ ㄏㄨㄚˊ ㄗ˙
小劇場,1,ㄒㄧㄠˇ ㄐㄩˋ ㄔㄤˊ
小加九,1,ㄒㄧㄠˇ ㄐㄧㄚ ㄐㄧㄡˇ
小原流,1,ㄒㄧㄠˇ ㄩㄢˊ ㄌㄧㄡˊ
小喇叭,1,ㄒㄧㄠˇ ㄌㄚˇ ㄅㄚ˙
小器作,1,ㄒㄧㄠˇ ㄑㄧˋ ㄗㄨㄛˋ
小器相,1,ㄒㄧㄠˇ ㄑㄧˋ ㄒㄧㄤˋ
小四輪,1,ㄒㄧㄠˇ ㄙˋ ㄌㄨㄣˊ
小地方,1,ㄒㄧㄠˇ ㄉㄧˋ ㄈㄤ
小型報,1,ㄒㄧㄠˇ ㄒㄧㄥˊ ㄅㄠˋ
小型股,1,ㄒㄧㄠˇ ㄒㄧㄥˊ ㄍㄨˇ
小報告,1,ㄒㄧㄠˇ ㄅㄠˋ ㄍㄠˋ
小場面,1,ㄒㄧㄠˇ ㄔㄤˊ ㄇㄧㄢˋ
小夥計,1,ㄒㄧㄠˇ ㄏㄨㄛˇ ㄐㄧ˙
小夫人,1,ㄒㄧㄠˇ ㄈㄨ ㄖㄣˊ
小奚奴,1,ㄒㄧㄠˇ ㄒㄧ ㄋㄨˊ
小女人,1,ㄒㄧㄠˇ ㄋㄩˇ ㄖㄣ˙
小奶奶,1,ㄒㄧㄠˇ ㄋㄞˇ ㄋㄞˇ
小姑娘,1,ㄒㄧㄠˇ ㄍㄨ ㄋㄧㄤ˙
小姑子,1,ㄒㄧㄠˇ ㄍㄨ ㄗ˙
小娃娃,1,ㄒㄧㄠˇ ㄨㄚˊ ㄨㄚ˙
小娘子,1,ㄒㄧㄠˇ ㄋㄧㄤˊ ㄗˇ
小字報,1,ㄒㄧㄠˇ ㄗˋ ㄅㄠˋ
小字本,1,ㄒㄧㄠˇ ㄗˋ ㄅㄣˇ
小字輩,1,ㄒㄧㄠˇ ㄗˋ ㄅㄟˋ
小宗伯,1,ㄒㄧㄠˇ ㄗㄨㄥ ㄅㄛˊ
小官人,1,ㄒㄧㄠˇ ㄍㄨㄢ ㄖㄣˊ
小家子,1,ㄒㄧㄠˇ ㄐㄧㄚ ㄗˇ
小家氣,1,ㄒㄧㄠˇ ㄐㄧㄚ ㄑㄧˋ
小家電,1,ㄒㄧㄠˇ ㄐㄧㄚ ㄉㄧㄢˋ
小寒食,1,ㄒㄧㄠˇ ㄏㄢˊ ㄕˊ
小小子,1,ㄒㄧㄠˇ ㄒㄧㄠˇ ㄗ˙
小小說,1,ㄒㄧㄠˇ ㄒㄧㄠˇ ㄕㄨㄛ
小山詞,1,ㄒㄧㄠˇ ㄕㄢ ㄘˊ
小工藝,1,ㄒㄧㄠˇ ㄍㄨㄥ ㄧˋ
小平頭,1,ㄒㄧㄠˇ ㄆㄧㄥˊ ㄊㄡˊ
小年朝,1,ㄒㄧㄠˇ ㄋㄧㄢˊ ㄓㄠ
小廣播,1,ㄒㄧㄠˇ ㄍㄨㄤˇ ㄅㄛˋ
小後生,1,ㄒㄧㄠˇ ㄏㄡˋ ㄕㄥ
小循環,1,ㄒㄧㄠˇ ㄒㄩㄣˊ ㄏㄨㄢˊ
小意思,1,ㄒㄧㄠˇ ㄧˋ ㄙ˙
小扒頭,1,ㄒㄧㄠˇ ㄆㄚˊ ㄊㄡ˙
小拇指,1,ㄒㄧㄠˇ ㄇㄨ˙ ㄓˇ
小插曲,1,ㄒㄧㄠˇ ㄔㄚ ㄑㄩˇ
小放牛,1,ㄒㄧㄠˇ ㄈㄤˋ ㄋㄧㄡˊ
小斧劈,1,ㄒㄧㄠˇ ㄈㄨˇ ㄆㄧ
小日子,1,ㄒㄧㄠˇ ㄖˋ ㄗ˙
小東西,1,ㄒㄧㄠˇ ㄉㄨㄥ ㄒㄧ˙
小業種,1,ㄒㄧㄠˇ ㄧㄝˋ ㄓㄨㄥˇ
小歌劇,1,ㄒㄧㄠˇ ㄍㄜ ㄐㄩˋ
小毛賊,1,ㄒㄧㄠˇ ㄇㄠˊ ㄗㄟˊ
小淨手,1,ㄒㄧㄠˇ ㄐㄧㄥˋ ㄕㄡˇ
小滑頭,1,ㄒㄧㄠˇ ㄏㄨㄚˊ ㄊㄡ˙
小火輪,1,ㄒㄧㄠˇ ㄏㄨㄛˇ ㄌㄨㄣˊ
小猢猻,1,ㄒㄧㄠˇ ㄏㄨˊ ㄙㄨㄣ
小猴子,1,ㄒㄧㄠˇ ㄏㄡˊ ㄗ˙
小獅座,1,ㄒㄧㄠˇ ㄕ ㄗㄨㄛˋ
小王爺,1,ㄒㄧㄠˇ ㄨㄤˊ ㄧㄝˊ
小男女,1,ㄒㄧㄠˇ ㄋㄢˊ ㄋㄩˇ
小番子,1,ㄒㄧㄠˇ ㄈㄢ ㄗ˙
小相公,1,ㄒㄧㄠˇ ㄒㄧㄤˋ ㄍㄨㄥ
小禮拜,1,ㄒㄧㄠˇ ㄌㄧˇ ㄅㄞˋ
小節目,1,ㄒㄧㄠˇ ㄐㄧㄝˊ ㄇㄨˋ
小米麵,1,ㄒㄧㄠˇ ㄇㄧˇ ㄇㄧㄢˋ
小精靈,1,ㄒㄧㄠˇ ㄐㄧㄥ ㄌㄧㄥˊ
小紕漏,1,ㄒㄧㄠˇ ㄆㄧ ㄌㄡˋ
小經紀,1,ㄒㄧㄠˇ ㄐㄧㄥ ㄐㄧˋ
小老婆,1,ㄒㄧㄠˇ ㄌㄠˇ ㄆㄛ˙
小老媽,1,ㄒㄧㄠˇ ㄌㄠˇ ㄇㄚ
小老爹,1,ㄒㄧㄠˇ ㄌㄠˇ ㄉㄧㄝ
小老闆,1,ㄒㄧㄠˇ ㄌㄠˇ ㄅㄢˇ
小耳朵,1,ㄒㄧㄠˇ ㄦˇ ㄉㄨㄛ˙
小胡桃,1,ㄒㄧㄠˇ ㄏㄨˊ ㄊㄠˊ
小胸肌,1,ㄒㄧㄠˇ ㄒㄩㄥ ㄐㄧ
小腳色,1,ㄒㄧㄠˇ ㄐㄧㄠˇ ㄙㄜˋ
小腿骨,1,ㄒㄧㄠˇ ㄊㄨㄟˇ ㄍㄨˇ
小臼齒,1,ㄒㄧㄠˇ ㄐㄧㄡˋ ㄔˇ
小舍人,1,ㄒㄧㄠˇ ㄕㄜˋ ㄖㄣˊ
小茴香,1,ㄒㄧㄠˇ ㄏㄨㄟˊ ㄒㄧㄤ
小菜飯,1,ㄒㄧㄠˇ ㄘㄞˋ ㄈㄢˋ
小衣裳,1,ㄒㄧㄠˇ ㄧ ㄕㄤ˙
小見識,1,ㄒㄧㄠˇ ㄐㄧㄢˋ ㄕˋ
小貓熊,1,ㄒㄧㄠˇ ㄇㄠ ㄒㄩㄥˊ
小貨車,1,ㄒㄧㄠˇ ㄏㄨㄛˋ ㄔㄜ
小賣部,1,ㄒㄧㄠˇ ㄇㄞˋ ㄅㄨˋ
小赤老,1,ㄒㄧㄠˇ ㄔˋ ㄌㄠˇ
小蹄子,1,ㄒㄧㄠˇ ㄊㄧˊ ㄗ˙
小過年,1,ㄒㄧㄠˇ ㄍㄨㄛˋ ㄋㄧㄢˊ
小選區,1,ㄒㄧㄠˇ ㄒㄩㄢˇ ㄑㄩ
小鋼炮,1,ㄒㄧㄠˇ ㄍㄤ ㄆㄠˋ
小鍋菜,1,ㄒㄧㄠˇ ㄍㄨㄛ ㄘㄞˋ
小門生,1,ㄒㄧㄠˇ ㄇㄣˊ ㄕㄥ
小雪山,1,ㄒㄧㄠˇ ㄒㄩㄝˇ ㄕㄢ
小霸王,1,ㄒㄧㄠˇ ㄅㄚˋ ㄨㄤˊ
小青瓦,1,ㄒㄧㄠˇ ㄑㄧㄥ ㄨㄚˇ
小音階,1,ㄒㄧㄠˇ ㄧㄣ ㄐㄧㄝ
小頂人,1,ㄒㄧㄠˇ ㄉㄧㄥˇ ㄖㄣˊ
小鬼頭,1,ㄒㄧㄠˇ ㄍㄨㄟˇ ㄊㄡˊ
小黃門,1,ㄒㄧㄠˇ ㄏㄨㄤˊ ㄇㄣˊ
少不了,1,ㄕㄠˇ ㄅㄨ˙ ㄌㄧㄠˇ
少不得,1,ㄕㄠˇ ㄅㄨ˙ ㄉㄜ˙
少奶奶,1,ㄕㄠˋ ㄋㄞˇ ㄋㄞ˙
少心眼,1,ㄕㄠˇ ㄒㄧㄣ ㄧㄢˇ
少林拳,1,ㄕㄠˋ ㄌㄧㄣˊ ㄑㄩㄢˊ
少林派,1,ㄕㄠˋ ㄌㄧㄣˊ ㄆㄞˋ
少白頭,1,ㄕㄠˋ ㄅㄞˊ ㄊㄡˊ
尖元音,1,ㄐㄧㄢ ㄩㄢˊ ㄧㄣ
尖嘴鉗,1,ㄐㄧㄢ ㄗㄨㄟˇ ㄑㄧㄢˊ
尖團音,1,ㄐㄧㄢ ㄊㄨㄢˊ ㄧㄣ
尖溜溜,1,ㄐㄧㄢ ㄌㄧㄡ ㄌㄧㄡ
尖裂葉,1,ㄐㄧㄢ ㄌㄧㄝˋ ㄧㄝˋ
尖頭鰻,1,ㄐㄧㄢ ㄊㄡˊ ㄇㄢˊ
尚古自,1,ㄕㄤˋ ㄍㄨˇ ㄗˋ
尚可喜,1,ㄕㄤˋ ㄎㄜˇ ㄒㄧˇ
尚書令,1,ㄕㄤˋ ㄕㄨ ㄌㄧㄥˋ
尚書郎,1,ㄕㄤˋ ㄕㄨ ㄌㄤˊ
尪仔標,1,ㄨㄤ ㄗˇ ㄅㄧㄠ
就就的,1,ㄐㄧㄡˋ ㄐㄧㄡˋ ㄉㄜ˙
就裡人,1,ㄐㄧㄡˋ ㄌㄧˇ ㄖㄣˊ
尸陀林,1,ㄕ ㄊㄨㄛˊ ㄌㄧㄣˊ
尹文子,1,ㄧㄣˇ ㄨㄣˊ ㄗˇ
尺蠖蛾,1,ㄔˇ ㄏㄨㄛˋ ㄜˊ
尼童子,1,ㄋㄧˊ ㄊㄨㄥˊ ㄗˇ
尿出子,1,ㄋㄧㄠˋ ㄔㄨ ㄗ˙
尿布疹,1,ㄋㄧㄠˋ ㄅㄨˋ ㄓㄣˇ
尿療法,1,ㄋㄧㄠˋ ㄌㄧㄠˊ ㄈㄚˇ
尿鱉子,1,ㄋㄧㄠˋ ㄅㄧㄝ ㄗ˙
局內人,1,ㄐㄩˊ ㄋㄟˋ ㄖㄣˊ
局部雨,1,ㄐㄩˊ ㄅㄨˋ ㄩˇ
屁支支,1,ㄆㄧˋ ㄓ ㄓ
屁股沉,1,ㄆㄧˋ ㄍㄨ˙ ㄔㄣˊ
屁股眼,1,ㄆㄧˋ ㄍㄨ˙ ㄧㄢˇ
屁鳥人,1,ㄆㄧˋ ㄉㄧㄠˇ ㄖㄣˊ
居士屩,1,ㄐㄩ ㄕˋ ㄐㄩㄝˊ
居庸關,1,ㄐㄩ ㄩㄥ ㄍㄨㄢ
居延海,1,ㄐㄩ ㄧㄢˊ ㄏㄞˇ
居民樓,1,ㄐㄩ ㄇㄧㄣˊ ㄌㄡˊ
屈大均,1,ㄑㄩ ㄉㄚˋ ㄐㄩㄣ
屈折語,1,ㄑㄩ ㄓㄜˊ ㄩˇ
屈死鬼,1,ㄑㄩ ㄙˇ ㄍㄨㄟˇ
屈萬里,1,ㄑㄩ ㄨㄢˋ ㄌㄧˇ
屋大維,1,ㄨ ㄉㄚˋ ㄨㄟˊ
屋裡人,1,ㄨ ㄌㄧ˙ ㄖㄣˊ
屋裡的,1,ㄨ ㄌㄧˇ ㄉㄜ˙
屎盆子,1,ㄕˇ ㄆㄣˊ ㄗ˙
屎蚵蜋,1,ㄕˇ ㄎㄜ ㄌㄤˊ
屎頭巾,1,ㄕˇ ㄊㄡˊ ㄐㄧㄣ
展子虔,1,ㄓㄢˇ ㄗˇ ㄑㄧㄢˊ
屠沽兒,1,ㄊㄨˊ ㄍㄨ ㄦˊ
屠沽子,1,ㄊㄨˊ ㄍㄨ ㄗˇ
屠蘇酒,1,ㄊㄨˊ ㄙㄨ ㄐㄧㄡˇ
層壓法,1,ㄘㄥˊ ㄧㄚ ㄈㄚˇ
層積法,1,ㄘㄥˊ ㄐㄧ ㄈㄚˇ
層積雲,1,ㄘㄥˊ ㄐㄧ ㄩㄣˊ
履帶車,1,ㄌㄩˇ ㄉㄞˋ ㄔㄜ
履虎尾,1,ㄌㄩˇ ㄏㄨˇ ㄨㄟˇ
屬地法,1,ㄕㄨˇ ㄉㄧˋ ㄈㄚˇ
屬耳目,1,ㄓㄨˇ ㄦˇ ㄇㄨˋ
屬草稿,1,ㄓㄨˇ ㄘㄠˇ ㄍㄠˇ
屯留縣,1,ㄔㄨㄣˊ ㄌㄧㄡˊ ㄒㄧㄢˋ
山和尚,1,ㄕㄢ ㄏㄜˊ ㄕㄤˋ
山扁豆,1,ㄕㄢ ㄅㄧㄢˇ ㄉㄡˋ
山打根,1,ㄕㄢ ㄉㄚˇ ㄍㄣ
山有樞,1,ㄕㄢ ㄧㄡˇ ㄕㄨ
山核桃,1,ㄕㄢ ㄏㄜˊ ㄊㄠˊ
山桐子,1,ㄕㄢ ㄊㄨㄥˊ ㄗˇ
山楂糕,1,ㄕㄢ ㄓㄚ ㄍㄠ
山櫻桃,1,ㄕㄢ ㄧㄥ ㄊㄠˊ
山粉圓,1,ㄕㄢ ㄈㄣˇ ㄩㄢˊ
山芙蓉,1,ㄕㄢ ㄈㄨˊ ㄖㄨㄥˊ
山萆薢,1,ㄕㄢ ㄅㄧˋ ㄒㄧㄝˋ
山葡萄,1,ㄕㄢ ㄆㄨˊ ㄊㄠ˙
山藥蛋,1,ㄕㄢ ㄧㄠ˙ ㄉㄢˋ
山豆根,1,ㄕㄢ ㄉㄡˋ ㄍㄣ
山躑躅,1,ㄕㄢ ㄓˊ ㄓㄨˊ
山道年,1,ㄕㄢ ㄉㄠˋ ㄋㄧㄢˊ
山陰縣,1,ㄕㄢ ㄧㄣ ㄒㄧㄢˋ
山陵崩,1,ㄕㄢ ㄌㄧㄥˊ ㄅㄥ
山陽笛,1,ㄕㄢ ㄧㄤˊ ㄉㄧˊ
山馬蝗,1,ㄕㄢ ㄇㄚˇ ㄏㄨㄤˊ
山鹽青,1,ㄕㄢ ㄧㄢˊ ㄑㄧㄥ
屹蹬蹬,1,ㄧˋ ㄉㄥˋ ㄉㄥˋ
岑毓英,1,ㄘㄣˊ ㄩˋ ㄧㄥ
岡渡拉,1,ㄍㄤ ㄉㄨˋ ㄌㄚ
岢嵐縣,1,ㄎㄜˇ ㄌㄢˊ ㄒㄧㄢˋ
岣嶁碑,1,ㄍㄡˇ ㄌㄡˇ ㄅㄟ
岩石圈,1,ㄧㄢˊ ㄕˊ ㄑㄩㄢ
岩石學,1,ㄧㄢˊ ㄕˊ ㄒㄩㄝˊ
岳家軍,1,ㄩㄝˋ ㄐㄧㄚ ㄐㄩㄣ
岳陽縣,1,ㄩㄝˋ ㄧㄤˊ ㄒㄧㄢˋ
峴山碑,1,ㄒㄧㄢˋ ㄕㄢ ㄅㄟ
島宇宙,1,ㄉㄠˇ ㄩˇ ㄓㄡˋ
崇她社,1,ㄔㄨㄥˊ ㄊㄚ ㄕㄜˋ
崇文門,1,ㄔㄨㄥˊ ㄨㄣˊ ㄇㄣˊ
崇文館,1,ㄔㄨㄥˊ ㄨㄣˊ ㄍㄨㄢˇ
崇明縣,1,ㄔㄨㄥˊ ㄇㄧㄥˊ ㄒㄧㄢˋ
崇有論,1,ㄔㄨㄥˊ ㄧㄡˇ ㄌㄨㄣˋ
崑山玉,1,ㄎㄨㄣ ㄕㄢ ㄩˋ
崑山腔,1,ㄎㄨㄣ ㄕㄢ ㄑㄧㄤ
崑崙奴,1,ㄎㄨㄣ ㄌㄨㄣˊ ㄋㄨˊ
崔子忠,1,ㄘㄨㄟ ㄗˇ ㄓㄨㄥ
崔鶯鶯,1,ㄘㄨㄟ ㄧㄥ ㄧㄥ
崙背鄉,1,ㄌㄨㄣˊ ㄅㄟˋ ㄒㄧㄤ
崩龍族,1,ㄅㄥ ㄌㄨㄥˊ ㄗㄨˊ
崴拉骨,1,ㄨㄟ ㄌㄚ ㄍㄨˇ
嵇中散,1,ㄐㄧ ㄓㄨㄥ ㄙㄢˇ
嵌埋法,1,ㄑㄧㄢ ㄇㄞˊ ㄈㄚˇ
嵌玻璃,1,ㄑㄧㄢ ㄅㄛ ㄌㄧ˙
嵌瓷畫,1,ㄑㄧㄢ ㄘˊ ㄏㄨㄚˋ
嵌鑲磚,1,ㄑㄧㄢ ㄒㄧㄤ ㄓㄨㄢ
川崎症,1,ㄔㄨㄢ ㄑㄧˊ ㄓㄥˋ
巡指間,1,ㄒㄩㄣˊ ㄓˇ ㄐㄧㄢ
巡捕房,1,ㄒㄩㄣˊ ㄅㄨˇ ㄈㄤˊ
巡邊員,1,ㄒㄩㄣˊ ㄅㄧㄢ ㄩㄢˊ
巡防營,1,ㄒㄩㄣˊ ㄈㄤˊ ㄧㄥˊ
工作單,1,ㄍㄨㄥ ㄗㄨㄛˋ ㄉㄢ
工作圖,1,ㄍㄨㄥ ㄗㄨㄛˋ ㄊㄨˊ
工作坊,1,ㄍㄨㄥ ㄗㄨㄛˋ ㄈㄤ
工作權,1,ㄍㄨㄥ ㄗㄨㄛˋ ㄑㄩㄢˊ
工作物,1,ㄍㄨㄥ ㄗㄨㄛˋ ㄨˋ
工作網,1,ㄍㄨㄥ ㄗㄨㄛˋ ㄨㄤˇ
工作臺,1,ㄍㄨㄥ ㄗㄨㄛˋ ㄊㄞˊ
工夫茶,1,ㄍㄨㄥ ㄈㄨ˙ ㄔㄚˊ
工尺譜,1,ㄍㄨㄥ ㄔㄜˇ ㄆㄨˇ
工廠法,1,ㄍㄨㄥ ㄔㄤˇ ㄈㄚˇ
工心計,1,ㄍㄨㄥ ㄒㄧㄣ ㄐㄧˋ
工業權,1,ㄍㄨㄥ ㄧㄝˋ ㄑㄩㄢˊ
工業節,1,ㄍㄨㄥ ㄧㄝˋ ㄐㄧㄝˊ
工藝學,1,ㄍㄨㄥ ㄧˋ ㄒㄩㄝˊ
工間操,1,ㄍㄨㄥ ㄐㄧㄢ ㄘㄠ
工顧錢,1,ㄍㄨㄥ ㄍㄨˋ ㄑㄧㄢˊ
左不過,1,ㄗㄨㄛˇ ㄅㄨ˙ ㄍㄨㄛˋ
左丘明,1,ㄗㄨㄛˇ ㄑㄧㄡ ㄇㄧㄥˊ
左伯桃,1,ㄗㄨㄛˇ ㄅㄛˊ ㄊㄠˊ
左光斗,1,ㄗㄨㄛˇ ㄍㄨㄤ ㄉㄡˇ
左右袒,1,ㄗㄨㄛˇ ㄧㄡˋ ㄊㄢˇ
左嗓子,1,ㄗㄨㄛˇ ㄙㄤˇ ㄗ˙
左宗棠,1,ㄗㄨㄛˇ ㄗㄨㄥ ㄊㄤˊ
左心室,1,ㄗㄨㄛˇ ㄒㄧㄣ ㄕˋ
左拾遺,1,ㄗㄨㄛˇ ㄕˊ ㄧˊ
左皮氣,1,ㄗㄨㄛˇ ㄆㄧˊ ㄑㄧˋ
左賢王,1,ㄗㄨㄛˇ ㄒㄧㄢˊ ㄨㄤˊ
巨人族,1,ㄐㄩˋ ㄖㄣˊ ㄗㄨˊ
巨人症,1,ㄐㄩˋ ㄖㄣˊ ㄓㄥˋ
巨毋霸,1,ㄐㄩˋ ㄨˊ ㄅㄚˋ
巨爵座,1,ㄐㄩˋ ㄐㄩㄝˊ ㄗㄨㄛˋ
巨脾症,1,ㄐㄩˋ ㄆㄧˊ ㄓㄥˋ
巨蛇座,1,ㄐㄩˋ ㄕㄜˊ ㄗㄨㄛˋ
差不多,1,ㄔㄚˋ ㄅㄨ˙ ㄉㄨㄛ
差不離,1,ㄔㄚˋ ㄅㄨˋ ㄌㄧˊ
差異法,1,ㄔㄚ ㄧˋ ㄈㄚˇ
巴不得,1,ㄅㄚ ㄅㄨ˙ ㄉㄜ˙
巴人調,1,ㄅㄚ ㄖㄣˊ ㄉㄧㄠˋ
巴利語,1,ㄅㄚ ㄌㄧˋ ㄩˇ
巴力門,1,ㄅㄚ ㄌㄧˋ ㄇㄣˊ
巴勒摩,1,ㄅㄚ ㄌㄜˋ ㄇㄛˊ
巴勒特,1,ㄅㄚ ㄌㄜˋ ㄊㄜˋ
巴勒維,1,ㄅㄚ ㄌㄜˋ ㄨㄟˊ
巴圖爾,1,ㄅㄚ ㄊㄨˊ ㄦˇ
巴圖魯,1,ㄅㄚ ㄊㄨˊ ㄌㄨˇ
巴塞爾,1,ㄅㄚ ㄙㄞˋ ㄦˇ
巴多尼,1,ㄅㄚ ㄉㄨㄛ ㄋㄧˊ
巴子拳,1,ㄅㄚ ㄗˇ ㄑㄩㄢˊ
巴安縣,1,ㄅㄚ ㄢ ㄒㄧㄢˋ
巴山縣,1,ㄅㄚ ㄕㄢ ㄒㄧㄢˋ
巴戟天,1,ㄅㄚ ㄐㄧˇ ㄊㄧㄢ
巴拉芬,1,ㄅㄚ ㄌㄚ ㄈㄣ
巴斯噶,1,ㄅㄚ ㄙ ㄍㄜˊ
巴斯德,1,ㄅㄚ ㄙ ㄉㄜˊ
巴旦杏,1,ㄅㄚ ㄉㄢˋ ㄒㄧㄥˋ
巴東縣,1,ㄅㄚ ㄉㄨㄥ ㄒㄧㄢˋ
巴楚縣,1,ㄅㄚ ㄔㄨˇ ㄒㄧㄢˋ
巴氏體,1,ㄅㄚ ㄕˋ ㄊㄧˇ
巴油池,1,ㄅㄚ ㄧㄡˊ ㄔˊ
巴波亞,1,ㄅㄚ ㄅㄛ ㄧㄚˋ
巴渝詞,1,ㄅㄚ ㄩˊ ㄘˊ
巴爾定,1,ㄅㄚ ㄦˇ ㄉㄧㄥˋ
巴爾沙,1,ㄅㄚ ㄦˇ ㄕㄚ
巴特那,1,ㄅㄚ ㄊㄜˋ ㄋㄚˋ
巴米揚,1,ㄅㄚ ㄇㄧˇ ㄧㄤˊ
巴羔子,1,ㄅㄚ ㄍㄠ ㄗ˙
巴芬島,1,ㄅㄚ ㄈㄣ ㄉㄠˇ
巴茲卡,1,ㄅㄚ ㄗ ㄎㄚˇ
巴貝克,1,ㄅㄚ ㄅㄟˋ ㄎㄜˋ
巴貝基,1,ㄅㄚ ㄅㄟˋ ㄐㄧ
巴達桑,1,ㄅㄚ ㄉㄚˊ ㄙㄤ
巴郎鼓,1,ㄅㄚ ㄌㄤˊ ㄍㄨˇ
巴都兒,1,ㄅㄚ ㄉㄨ ㄦˊ
巴里斯,1,ㄅㄚ ㄌㄧˇ ㄙ
巴陵山,1,ㄅㄚ ㄌㄧㄥˊ ㄕㄢ
巴陵戲,1,ㄅㄚ ㄌㄧㄥˊ ㄒㄧˋ
巴陵郡,1,ㄅㄚ ㄌㄧㄥˊ ㄐㄩㄣˋ
巴雷利,1,ㄅㄚ ㄌㄟˊ ㄌㄧˋ
巴駱和,1,ㄅㄚ ㄌㄨㄛˋ ㄏㄜˊ
巴黎綠,1,ㄅㄚ ㄌㄧˊ ㄌㄩˋ
巾箱本,1,ㄐㄧㄣ ㄒㄧㄤ ㄅㄣˇ
市舶司,1,ㄕˋ ㄅㄛˊ ㄙ
市道交,1,ㄕˋ ㄉㄠˋ ㄐㄧㄠ
布倫森,1,ㄅㄨˋ ㄌㄨㄣˊ ㄙㄣ
布勞恩,1,ㄅㄨˋ ㄌㄠˊ ㄣ
布卡拉,1,ㄅㄨˋ ㄎㄚˇ ㄌㄚ
布告牌,1,ㄅㄨˋ ㄍㄠˋ ㄆㄞˊ
布喀河,1,ㄅㄨˋ ㄎㄚˋ ㄏㄜˊ
布宜諾,1,ㄅㄨˋ ㄧˊ ㄋㄨㄛˋ
布希曼,1,ㄅㄨˋ ㄒㄧ ㄇㄢˋ
布德爾,1,ㄅㄨˋ ㄉㄜˊ ㄦˇ
布拉克,1,ㄅㄨˋ ㄌㄚ ㄎㄜˋ
布撣子,1,ㄅㄨˋ ㄉㄢˇ ㄗ˙
布政使,1,ㄅㄨˋ ㄓㄥˋ ㄕˇ
布政司,1,ㄅㄨˋ ㄓㄥˋ ㄙ
布朗族,1,ㄅㄨˋ ㄌㄤˇ ㄗㄨˊ
布格河,1,ㄅㄨˋ ㄍㄜˊ ㄏㄜˊ
布法羅,1,ㄅㄨˋ ㄈㄚˇ ㄌㄨㄛˊ
布洛克,1,ㄅㄨˋ ㄌㄨㄛˋ ㄎㄜˋ
布爾茲,1,ㄅㄨˋ ㄦˇ ㄗ
布爾諾,1,ㄅㄨˋ ㄦˇ ㄋㄨㄛˋ
布瑞頓,1,ㄅㄨˋ ㄖㄨㄟˋ ㄉㄨㄣˋ
布累爾,1,ㄅㄨˋ ㄌㄟˊ ㄦˇ
布綸堡,1,ㄅㄨˋ ㄌㄨㄣˊ ㄅㄠˇ
布萊特,1,ㄅㄨˋ ㄌㄞˊ ㄊㄜˋ
布衣交,1,ㄅㄨˋ ㄧ ㄐㄧㄠ
布袋蓮,1,ㄅㄨˋ ㄉㄞˋ ㄌㄧㄢˊ
布達式,1,ㄅㄨˋ ㄉㄚˊ ㄕˋ
布那喀,1,ㄅㄨˋ ㄋㄚˋ ㄎㄚˋ
布雷克,1,ㄅㄨˋ ㄌㄟˊ ㄎㄜˋ
布馬雪,1,ㄅㄨˋ ㄇㄚˇ ㄒㄩㄝˇ
布魯勒,1,ㄅㄨˋ ㄌㄨˇ ㄌㄜˋ
布魯日,1,ㄅㄨˋ ㄌㄨˇ ㄖˋ
帕修斯,1,ㄆㄚˋ ㄒㄧㄡ ㄙ
帕巴拉,1,ㄆㄚˋ ㄅㄚ ㄌㄚ
帕息吉,1,ㄆㄚˋ ㄒㄧˊ ㄐㄧˊ
帕提亞,1,ㄆㄚˋ ㄊㄧˊ ㄧㄚˋ
帕斯卡,1,ㄆㄚˋ ㄙ ㄎㄚˇ
帖子詞,1,ㄊㄧㄝˇ ㄗ˙ ㄘˊ
帖括業,1,ㄊㄧㄝˋ ㄍㄨㄚ ㄧㄝˋ
帖木兒,1,ㄊㄧㄝˋ ㄇㄨˋ ㄦˊ
帖花黃,1,ㄊㄧㄝ ㄏㄨㄚ ㄏㄨㄤˊ
帝釋天,1,ㄉㄧˋ ㄕˋ ㄊㄧㄢ
帥字旗,1,ㄕㄨㄞˋ ㄗˋ ㄑㄧˊ
師兄弟,1,ㄕ ㄒㄩㄥ ㄉㄧˋ
席夢思,1,ㄒㄧˊ ㄇㄥˋ ㄙ
帳中歌,1,ㄓㄤˋ ㄓㄨㄥ ㄍㄜ
帳主子,1,ㄓㄤˋ ㄓㄨˇ ㄗ˙
帶上門,1,ㄉㄞˋ ㄕㄤˋ ㄇㄣˊ
帶個好,1,ㄉㄞˋ ㄍㄜ˙ ㄏㄠˇ
帶動唱,1,ㄉㄞˋ ㄉㄨㄥˋ ㄔㄤˋ
帶孩子,1,ㄉㄞˋ ㄏㄞˊ ㄗ˙
帶徒弟,1,ㄉㄞˋ ㄊㄨˊ ㄉㄧˋ
帶徵銀,1,ㄉㄞˋ ㄓㄥ ㄧㄣˊ
帶把子,1,ㄉㄞˋ ㄅㄚˇ ㄗ˙
帶條的,1,ㄉㄞˋ ㄊㄧㄠˊ ㄉㄜ˙
帶球跑,1,ㄉㄞˋ ㄑㄧㄡˊ ㄆㄠˇ
帶肚子,1,ㄉㄞˋ ㄉㄨˋ ㄗ˙
帶身子,1,ㄉㄞˋ ㄕㄣ ㄗ˙
帶鋸機,1,ㄉㄞˋ ㄐㄩˋ ㄐㄧ
常例錢,1,ㄔㄤˊ ㄌㄧˋ ㄑㄧㄢˊ
常勝家,1,ㄔㄤˊ ㄕㄥˋ ㄐㄧㄚ
常山蛇,1,ㄔㄤˊ ㄕㄢ ㄕㄜˊ
常德縣,1,ㄔㄤˊ ㄉㄜˊ ㄒㄧㄢˋ
常態法,1,ㄔㄤˊ ㄊㄞˋ ㄈㄚˇ
常業犯,1,ㄔㄤˊ ㄧㄝˋ ㄈㄢˋ
常溫層,1,ㄔㄤˊ ㄨㄣ ㄘㄥˊ
常熟縣,1,ㄔㄤˊ ㄕㄨˊ ㄒㄧㄢˋ
常綠林,1,ㄔㄤˊ ㄌㄩˋ ㄌㄧㄣˊ
常遇春,1,ㄔㄤˊ ㄩˋ ㄔㄨㄣ
帽兜子,1,ㄇㄠˋ ㄉㄡ ㄗ˙
幕侵天,1,ㄇㄨˋ ㄑㄧㄣ ㄊㄧㄢ
幫門戶,1,ㄅㄤ ㄇㄣˊ ㄏㄨˋ
干擾素,1,ㄍㄢ ㄖㄠˇ ㄙㄨˋ
干證人,1,ㄍㄢ ㄓㄥˋ ㄖㄣˊ
干青雲,1,ㄍㄢ ㄑㄧㄥ ㄩㄣˊ
干鳥氣,1,ㄍㄢ ㄋㄧㄠˇ ㄑㄧˋ
平下氣,1,ㄆㄧㄥˊ ㄒㄧㄚˋ ㄑㄧˋ
平原君,1,ㄆㄧㄥˊ ㄩㄢˊ ㄐㄩㄣ
平土機,1,ㄆㄧㄥˊ ㄊㄨˇ ㄐㄧ
平均律,1,ㄆㄧㄥˊ ㄐㄩㄣ ㄌㄩˋ
平天下,1,ㄆㄧㄥˊ ㄊㄧㄢ ㄒㄧㄚˋ
平天冠,1,ㄆㄧㄥˊ ㄊㄧㄢ ㄍㄨㄢ
平妖傳,1,ㄆㄧㄥˊ ㄧㄠ ㄓㄨㄢˋ
平安帖,1,ㄆㄧㄥˊ ㄢ ㄊㄧㄝˇ
平安火,1,ㄆㄧㄥˊ ㄢ ㄏㄨㄛˇ
平定縣,1,ㄆㄧㄥˊ ㄉㄧㄥˋ ㄒㄧㄢˋ
平射炮,1,ㄆㄧㄥˊ ㄕㄜˋ ㄆㄠˋ
平山堂,1,ㄆㄧㄥˊ ㄕㄢ ㄊㄤˊ
平常人,1,ㄆㄧㄥˊ ㄔㄤˊ ㄖㄣˊ
平康坊,1,ㄆㄧㄥˊ ㄎㄤ ㄈㄤ
平康巷,1,ㄆㄧㄥˊ ㄎㄤ ㄒㄧㄤˋ
平康里,1,ㄆㄧㄥˊ ㄎㄤ ㄌㄧˇ
平復帖,1,ㄆㄧㄥˊ ㄈㄨˋ ㄊㄧㄝˋ
平擊球,1,ㄆㄧㄥˊ ㄐㄧˊ ㄑㄧㄡˊ
平政院,1,ㄆㄧㄥˊ ㄓㄥˋ ㄩㄢˋ
平水期,1,ㄆㄧㄥˊ ㄕㄨㄟˇ ㄑㄧˊ
平水韻,1,ㄆㄧㄥˊ ㄕㄨㄟˇ ㄩㄣˋ
平泉莊,1,ㄆㄧㄥˊ ㄑㄩㄢˊ ㄓㄨㄤ
平流霧,1,ㄆㄧㄥˊ ㄌㄧㄡˊ ㄨˋ
平版畫,1,ㄆㄧㄥˊ ㄅㄢˇ ㄏㄨㄚˋ
平生歡,1,ㄆㄧㄥˊ ㄕㄥ ㄏㄨㄢ
平等權,1,ㄆㄧㄥˊ ㄉㄥˇ ㄑㄩㄢˊ
平臥莖,1,ㄆㄧㄥˊ ㄨㄛˋ ㄐㄧㄥ
平行文,1,ㄆㄧㄥˊ ㄒㄧㄥˊ ㄨㄣˊ
平衡力,1,ㄆㄧㄥˊ ㄏㄥˊ ㄌㄧˋ
平衡稅,1,ㄆㄧㄥˊ ㄏㄥˊ ㄕㄨㄟˋ
平衡覺,1,ㄆㄧㄥˊ ㄏㄥˊ ㄐㄩㄝˊ
平裝書,1,ㄆㄧㄥˊ ㄓㄨㄤ ㄕㄨ
平足症,1,ㄆㄧㄥˊ ㄗㄨˊ ㄓㄥˋ
平針縫,1,ㄆㄧㄥˊ ㄓㄣ ㄈㄥˊ
平面子,1,ㄆㄧㄥˊ ㄇㄧㄢˋ ㄗ˙
平頭數,1,ㄆㄧㄥˊ ㄊㄡˊ ㄕㄨˋ
平頭鞋,1,ㄆㄧㄥˊ ㄊㄡˊ ㄒㄧㄝˊ
年三十,1,ㄋㄧㄢˊ ㄙㄢ ㄕˊ
年功俸,1,ㄋㄧㄢˊ ㄍㄨㄥ ㄈㄥˋ
年團子,1,ㄋㄧㄢˊ ㄊㄨㄢˊ ㄗ˙
年家子,1,ㄋㄧㄢˊ ㄐㄧㄚ ㄗˇ
年產值,1,ㄋㄧㄢˊ ㄔㄢˇ ㄓˊ
年羹堯,1,ㄋㄧㄢˊ ㄍㄥ ㄧㄠˊ
年跟腳,1,ㄋㄧㄢˊ ㄍㄣ ㄐㄧㄠˇ
年輕化,1,ㄋㄧㄢˊ ㄑㄧㄥ ㄏㄨㄚˋ
并州剪,1,ㄅㄧㄥ ㄓㄡ ㄐㄧㄢˇ
幹上了,1,ㄍㄢˋ ㄕㄤ˙ ㄌㄜ˙
幹家緣,1,ㄍㄢˋ ㄐㄧㄚ ㄩㄢˊ
幹得來,1,ㄍㄢˋ ㄉㄜ˙ ㄌㄞˊ
幹營生,1,ㄍㄢˋ ㄧㄥˊ ㄕㄥ
幻想力,1,ㄏㄨㄢˋ ㄒㄧㄤˇ ㄌㄧˋ
幻想派,1,ㄏㄨㄢˋ ㄒㄧㄤˇ ㄆㄞˋ
幽冥戒,1,ㄧㄡ ㄇㄧㄥˊ ㄐㄧㄝˋ
幽夢影,1,ㄧㄡ ㄇㄥˋ ㄧㄥˇ
幽明錄,1,ㄧㄡ ㄇㄧㄥˊ ㄌㄨˋ
幽特貝,1,ㄧㄡ ㄊㄜˋ ㄅㄟˋ
幽靈車,1,ㄧㄡ ㄌㄧㄥˊ ㄔㄜ
幾內亞,1,ㄐㄧ ㄋㄟˋ ㄧㄚˋ
幾回價,1,ㄐㄧˇ ㄏㄨㄟˊ ㄐㄧㄚˋ
幾番家,1,ㄐㄧˇ ㄈㄢ ㄐㄧㄚ
幾能勾,1,ㄐㄧˇ ㄋㄥˊ ㄍㄡ
庇護權,1,ㄅㄧˋ ㄏㄨˋ ㄑㄩㄢˊ
底下人,1,ㄉㄧˇ ㄒㄧㄚ˙ ㄖㄣˊ
底子錢,1,ㄉㄧˇ ㄗ˙ ㄑㄧㄢˊ
店都知,1,ㄉㄧㄢˋ ㄉㄨ ㄓ
府小吏,1,ㄈㄨˇ ㄒㄧㄠˇ ㄌㄧˋ
度假村,1,ㄉㄨˋ ㄐㄧㄚˋ ㄘㄨㄣ
度小月,1,ㄉㄨˋ ㄒㄧㄠˇ ㄩㄝˋ
度蜜月,1,ㄉㄨˋ ㄇㄧˋ ㄩㄝˋ
度量器,1,ㄉㄨˋ ㄌㄧㄤˋ ㄑㄧˋ
庫勒山,1,ㄎㄨˋ ㄌㄜˋ ㄕㄢ
庫大使,1,ㄎㄨˋ ㄉㄚˋ ㄕˇ
庫爾河,1,ㄎㄨˋ ㄦˇ ㄏㄜˊ
康濟錄,1,ㄎㄤ ㄐㄧˋ ㄌㄨˋ
康白度,1,ㄎㄤ ㄅㄛˊ ㄉㄨˋ
康黴素,1,ㄎㄤ ㄇㄟˊ ㄙㄨˋ
庾公塵,1,ㄩˇ ㄍㄨㄥ ㄔㄣˊ
庾肩吾,1,ㄩˇ ㄐㄧㄢ ㄨˊ
廉錦楓,1,ㄌㄧㄢˊ ㄐㄧㄣˇ ㄈㄥ
廊廟器,1,ㄌㄤˊ ㄇㄧㄠˋ ㄑㄧˋ
廊廟宰,1,ㄌㄤˊ ㄇㄧㄠˋ ㄗㄞˇ
廊廟材,1,ㄌㄤˊ ㄇㄧㄠˋ ㄘㄞˊ
廚下兒,1,ㄔㄨˊ ㄒㄧㄚˋ ㄦˊ
廚養臣,1,ㄔㄨˊ ㄧㄤˇ ㄔㄣˊ
廝撲行,1,ㄙ ㄆㄨ ㄏㄤˊ
廝琅琅,1,ㄙ ㄌㄤˊ ㄌㄤˊ
廠禮拜,1,ㄔㄤˇ ㄌㄧˇ ㄅㄞˋ
廢五金,1,ㄈㄟˋ ㄨˇ ㄐㄧㄣ
廣儲司,1,ㄍㄨㄤˇ ㄔㄨˊ ㄙ
廣告人,1,ㄍㄨㄤˇ ㄍㄠˋ ㄖㄣˊ
廣告詞,1,ㄍㄨㄤˇ ㄍㄠˋ ㄘˊ
廣寒宮,1,ㄍㄨㄤˇ ㄏㄢˊ ㄍㄨㄥ
廣州戲,1,ㄍㄨㄤˇ ㄓㄡ ㄒㄧˋ
廣府幫,1,ㄍㄨㄤˇ ㄈㄨˇ ㄅㄤ
廣府戲,1,ㄍㄨㄤˇ ㄈㄨˇ ㄒㄧˋ
廣惠倉,1,ㄍㄨㄤˇ ㄏㄨㄟˋ ㄘㄤ
廣成子,1,ㄍㄨㄤˇ ㄔㄥˊ ㄗˇ
廣播段,1,ㄍㄨㄤˇ ㄅㄛˋ ㄉㄨㄢˋ
廣播節,1,ㄍㄨㄤˇ ㄅㄛˋ ㄐㄧㄝˊ
廣東灣,1,ㄍㄨㄤˇ ㄉㄨㄥ ㄨㄢ
廣東粥,1,ㄍㄨㄤˇ ㄉㄨㄥ ㄓㄡ
廣柳車,1,ㄍㄨㄤˇ ㄌㄧㄡˇ ㄔㄜ
廣武嘆,1,ㄍㄨㄤˇ ㄨˇ ㄊㄢˋ
廣溪峽,1,ㄍㄨㄤˇ ㄒㄧ ㄒㄧㄚˊ
廣莫門,1,ㄍㄨㄤˇ ㄇㄛˋ ㄇㄣˊ
廣莫風,1,ㄍㄨㄤˇ ㄇㄛˋ ㄈㄥ
廣角鏡,1,ㄍㄨㄤˇ ㄐㄧㄠˇ ㄐㄧㄥˋ
廣通渠,1,ㄍㄨㄤˇ ㄊㄨㄥ ㄑㄩˊ
廣長舌,1,ㄍㄨㄤˇ ㄔㄤˊ ㄕㄜˊ
廣陵客,1,ㄍㄨㄤˇ ㄌㄧㄥˊ ㄎㄜˋ
廣陵散,1,ㄍㄨㄤˇ ㄌㄧㄥˊ ㄙㄢˇ
廣電處,1,ㄍㄨㄤˇ ㄉㄧㄢˋ ㄔㄨˋ
廣鼻類,1,ㄍㄨㄤˇ ㄅㄧˊ ㄌㄟˋ
延吉縣,1,ㄧㄢˊ ㄐㄧˊ ㄒㄧㄢˋ
延命菊,1,ㄧㄢˊ ㄇㄧㄥˋ ㄐㄩˊ
延地裡,1,ㄧㄢˊ ㄉㄧˋ ㄌㄧˇ
延安縣,1,ㄧㄢˊ ㄢ ㄒㄧㄢˋ
延長賽,1,ㄧㄢˊ ㄔㄤˊ ㄙㄞˋ
延齡客,1,ㄧㄢˊ ㄌㄧㄥˊ ㄎㄜˋ
建安體,1,ㄐㄧㄢˋ ㄢ ㄊㄧˇ
建管處,1,ㄐㄧㄢˋ ㄍㄨㄢˇ ㄔㄨˋ
建築學,1,ㄐㄧㄢˋ ㄓㄨˊ ㄒㄩㄝˊ
弄乾坤,1,ㄋㄨㄥˋ ㄑㄧㄢˊ ㄎㄨㄣ
弄左性,1,ㄋㄨㄥˋ ㄗㄨㄛˇ ㄒㄧㄥˋ
弄手腳,1,ㄋㄨㄥˋ ㄕㄡˇ ㄐㄧㄠˇ
弄擰了,1,ㄋㄨㄥˋ ㄋㄧㄥˇ ㄌㄜ˙
弄白相,1,ㄋㄨㄥˋ ㄅㄞˊ ㄒㄧㄤˋ
弄空頭,1,ㄋㄨㄥˋ ㄎㄨㄥ ㄊㄡ˙
弄窩子,1,ㄋㄨㄥˋ ㄨㄛ ㄗ˙
弄筆墨,1,ㄋㄨㄥˋ ㄅㄧˇ ㄇㄛˋ
弄筆端,1,ㄋㄨㄥˋ ㄅㄧˇ ㄉㄨㄢ
弄精神,1,ㄋㄨㄥˋ ㄐㄧㄥ ㄕㄣˊ
弄精細,1,ㄋㄨㄥˋ ㄐㄧㄥ ㄒㄧˋ
弄精魂,1,ㄋㄨㄥˋ ㄐㄧㄥ ㄏㄨㄣˊ
弄腔調,1,ㄋㄨㄥˋ ㄑㄧㄤ ㄉㄧㄠˋ
弄虛頭,1,ㄋㄨㄥˋ ㄒㄩ ㄊㄡ˙
弄車鼓,1,ㄋㄨㄥˋ ㄔㄜ ㄍㄨˇ
弋陽腔,1,ㄧˋ ㄧㄤˊ ㄑㄧㄤ
弓形鑽,1,ㄍㄨㄥ ㄒㄧㄥˊ ㄗㄨㄢˋ
弓硯緣,1,ㄍㄨㄥ ㄧㄢˋ ㄩㄢˊ
弓鰭魚,1,ㄍㄨㄥ ㄑㄧˊ ㄩˊ
弔膀子,1,ㄉㄧㄠˋ ㄅㄤˋ ㄗ˙
引光奴,1,ㄧㄣˇ ㄍㄨㄤ ㄋㄨˊ
引水權,1,ㄧㄣˇ ㄕㄨㄟˇ ㄑㄩㄢˊ
引渡法,1,ㄧㄣˇ ㄉㄨˋ ㄈㄚˇ
引申義,1,ㄧㄣˇ ㄕㄣ ㄧˋ
引路人,1,ㄧㄣˇ ㄌㄨˋ ㄖㄣˊ
引路幡,1,ㄧㄣˇ ㄌㄨˋ ㄈㄢ
引首章,1,ㄧㄣˇ ㄕㄡˇ ㄓㄤ
引魂旛,1,ㄧㄣˇ ㄏㄨㄣˊ ㄈㄢ
弘文館,1,ㄏㄨㄥˊ ㄨㄣˊ ㄍㄨㄢˇ
弟媳婦,1,ㄉㄧˋ ㄒㄧˊ ㄈㄨ˙
弟子員,1,ㄉㄧˋ ㄗˇ ㄩㄢˊ
弦心距,1,ㄒㄧㄢˊ ㄒㄧㄣ ㄐㄩˋ
弦面板,1,ㄒㄧㄢˊ ㄇㄧㄢˋ ㄅㄢˇ
弧光譜,1,ㄏㄨˊ ㄍㄨㄤ ㄆㄨˇ
弧放電,1,ㄏㄨˊ ㄈㄤˋ ㄉㄧㄢˋ
弱怯怯,1,ㄖㄨㄛˋ ㄑㄩㄝˋ ㄑㄩㄝˋ
張三丰,1,ㄓㄤ ㄙㄢ ㄈㄥ
張三影,1,ㄓㄤ ㄙㄢ ㄧㄥˇ
張世傑,1,ㄓㄤ ㄕˋ ㄐㄧㄝˊ
張九齡,1,ㄓㄤ ㄐㄧㄡˇ ㄌㄧㄥˊ
張介賓,1,ㄓㄤ ㄐㄧㄝˋ ㄅㄧㄣ
張僧繇,1,ㄓㄤ ㄙㄥ ㄧㄡˊ
張儀舌,1,ㄓㄤ ㄧˊ ㄕㄜˊ
張公藝,1,ㄓㄤ ㄍㄨㄥ ㄧˋ
張可久,1,ㄓㄤ ㄎㄜˇ ㄐㄧㄡˇ
張君房,1,ㄓㄤ ㄐㄩㄣ ㄈㄤˊ
張士誠,1,ㄓㄤ ㄕˋ ㄔㄥˊ
張大千,1,ㄓㄤ ㄉㄚˋ ㄑㄧㄢ
張志和,1,ㄓㄤ ㄓˋ ㄏㄜˊ
張懷瓘,1,ㄓㄤ ㄏㄨㄞˊ ㄍㄨㄢˋ
張掖縣,1,ㄓㄤ ㄧˋ ㄒㄧㄢˋ
張果老,1,ㄓㄤ ㄍㄨㄛˇ ㄌㄠˇ
張瑞圖,1,ㄓㄤ ㄖㄨㄟˋ ㄊㄨˊ
張自忠,1,ㄓㄤ ㄗˋ ㄓㄨㄥ
張舜民,1,ㄓㄤ ㄕㄨㄣˋ ㄇㄧㄣˊ
張若虛,1,ㄓㄤ ㄖㄨㄛˋ ㄒㄩ
張道陵,1,ㄓㄤ ㄉㄠˋ ㄌㄧㄥˊ
張遷碑,1,ㄓㄤ ㄑㄧㄢ ㄅㄟ
張邦昌,1,ㄓㄤ ㄅㄤ ㄔㄤ
張麗華,1,ㄓㄤ ㄌㄧˋ ㄏㄨㄚˊ
強制罪,1,ㄑㄧㄤˇ ㄓˋ ㄗㄨㄟˋ
強強滾,1,ㄑㄧㄤˊ ㄑㄧㄤˊ ㄍㄨㄣˇ
強波器,1,ㄑㄧㄤˊ ㄅㄛ ㄑㄧˋ
強行法,1,ㄑㄧㄤˇ ㄒㄧㄥˊ ㄈㄚˇ
弼馬溫,1,ㄅㄧˋ ㄇㄚˇ ㄨㄣ
彆口氣,1,ㄅㄧㄝˋ ㄎㄡˇ ㄑㄧˋ
彈塗魚,1,ㄊㄢˊ ㄊㄨˊ ㄩˊ
彈布爾,1,ㄊㄢˊ ㄅㄨˋ ㄦˇ
彈珠檯,1,ㄉㄢˋ ㄓㄨ ㄊㄞˊ
彈琵琶,1,ㄊㄢˊ ㄆㄧˊ ㄆㄚ˙
彈簧刀,1,ㄊㄢˊ ㄏㄨㄤˊ ㄉㄠ
彈簧門,1,ㄊㄢˊ ㄏㄨㄤˊ ㄇㄣˊ
彈著點,1,ㄉㄢˋ ㄓㄨㄛˊ ㄉㄧㄢˇ
彈黃調,1,ㄊㄢˊ ㄏㄨㄤˊ ㄉㄧㄠˋ
彌天案,1,ㄇㄧˊ ㄊㄧㄢ ㄢˋ
彌撒曲,1,ㄇㄧˊ ㄙㄚ ㄑㄩˇ
彌月酒,1,ㄇㄧˊ ㄩㄝˋ ㄐㄧㄡˇ
彌賽亞,1,ㄇㄧˊ ㄙㄞˋ ㄧㄚˋ
彌迦書,1,ㄇㄧˊ ㄐㄧㄚ ㄕㄨ
形上學,1,ㄒㄧㄥˊ ㄕㄤˋ ㄒㄩㄝˊ
形容句,1,ㄒㄧㄥˊ ㄖㄨㄥˊ ㄐㄩˋ
彤管貽,1,ㄊㄨㄥˊ ㄍㄨㄢˇ ㄧˊ
彩帶舞,1,ㄘㄞˇ ㄉㄞˋ ㄨˇ
彩樓配,1,ㄘㄞˇ ㄌㄡˊ ㄆㄟˋ
彩色照,1,ㄘㄞˇ ㄙㄜˋ ㄓㄠˋ
彩葉芋,1,ㄘㄞˇ ㄧㄝˋ ㄩˋ
彩葉草,1,ㄘㄞˇ ㄧㄝˋ ㄘㄠˇ
彭公案,1,ㄆㄥˊ ㄍㄨㄥ ㄢˋ
彭女山,1,ㄆㄥˊ ㄋㄩˇ ㄕㄢ
彭孫遹,1,ㄆㄥˊ ㄙㄨㄣ ㄩˋ
彭山縣,1,ㄆㄥˊ ㄕㄢ ㄒㄧㄢˋ
彭水縣,1,ㄆㄥˊ ㄕㄨㄟˇ ㄒㄧㄢˋ
彭澤宰,1,ㄆㄥˊ ㄗㄜˊ ㄗㄞˇ
彭澤縣,1,ㄆㄥˊ ㄗㄜˊ ㄒㄧㄢˋ
彭特莫,1,ㄆㄥˊ ㄊㄜˋ ㄇㄛˋ
彭玉麟,1,ㄆㄥˊ ㄩˋ ㄌㄧㄣˊ
彭紹升,1,ㄆㄥˊ ㄕㄠˋ ㄕㄥ
彭蠡湖,1,ㄆㄥˊ ㄌㄧˇ ㄏㄨˊ
彭郎磯,1,ㄆㄥˊ ㄌㄤˊ ㄐㄧ
彭醇士,1,ㄆㄥˊ ㄔㄨㄣˊ ㄕˋ
彭門山,1,ㄆㄥˊ ㄇㄣˊ ㄕㄢ
影中蛇,1,ㄧㄥˇ ㄓㄨㄥ ㄕㄜˊ
影友會,1,ㄧㄥˇ ㄧㄡˇ ㄏㄨㄟˋ
影子花,1,ㄧㄥˇ ㄗ˙ ㄏㄨㄚ
影寫本,1,ㄧㄥˇ ㄒㄧㄝˇ ㄅㄣˇ
影視卡,1,ㄧㄥˇ ㄕˋ ㄎㄚˇ
影調劇,1,ㄧㄥˇ ㄉㄧㄠˋ ㄐㄩˋ
影鈔本,1,ㄧㄥˇ ㄔㄠ ㄅㄣˇ
往常間,1,ㄨㄤˇ ㄔㄤˊ ㄐㄧㄢ
往生論,1,ㄨㄤˇ ㄕㄥ ㄌㄨㄣˋ
徂徠山,1,ㄘㄨˊ ㄌㄞˊ ㄕㄢ
待不了,1,ㄉㄞ ㄅㄨˋ ㄌㄧㄠˇ
待不見,1,ㄉㄞˋ ㄅㄨˋ ㄐㄧㄢˋ
待剛來,1,ㄉㄞˋ ㄍㄤ ㄌㄞˊ
待客廳,1,ㄉㄞˋ ㄎㄜˋ ㄊㄧㄥ
律動感,1,ㄌㄩˋ ㄉㄨㄥˋ ㄍㄢˇ
律曆志,1,ㄌㄩˋ ㄌㄧˋ ㄓˋ
後七子,1,ㄏㄡˋ ㄑㄧ ㄗˇ
後元音,1,ㄏㄡˋ ㄩㄢˊ ㄧㄣ
後半世,1,ㄏㄡˋ ㄅㄢˋ ㄕˋ
後半天,1,ㄏㄡˋ ㄅㄢˋ ㄊㄧㄢ
後半晌,1,ㄏㄡˋ ㄅㄢˋ ㄕㄤˇ
後堯婆,1,ㄏㄡˋ ㄧㄠˊ ㄆㄛˊ
後手錢,1,ㄏㄡˋ ㄕㄡˇ ㄑㄧㄢˊ
後掠翼,1,ㄏㄡˋ ㄌㄩㄝˋ ㄧˋ
後援會,1,ㄏㄡˋ ㄩㄢˊ ㄏㄨㄟˋ
後段班,1,ㄏㄡˋ ㄉㄨㄢˋ ㄅㄢ
後滾翻,1,ㄏㄡˋ ㄍㄨㄣˇ ㄈㄢ
後漢紀,1,ㄏㄡˋ ㄏㄢˋ ㄐㄧˋ
後罩房,1,ㄏㄡˋ ㄓㄠˋ ㄈㄤˊ
後起字,1,ㄏㄡˋ ㄑㄧˇ ㄗˋ
後退色,1,ㄏㄡˋ ㄊㄨㄟˋ ㄙㄜˋ
後醫系,1,ㄏㄡˋ ㄧ ㄒㄧˋ
後龍鎮,1,ㄏㄡˋ ㄌㄨㄥˊ ㄓㄣˋ
徐偃王,1,ㄒㄩˊ ㄧㄢˇ ㄨㄤˊ
徐崇嗣,1,ㄒㄩˊ ㄔㄨㄥˊ ㄙˋ
徐州市,1,ㄒㄩˊ ㄓㄡ ㄕˋ
徐庾體,1,ㄒㄩˊ ㄩˇ ㄊㄧˇ
徐悲鴻,1,ㄒㄩˊ ㄅㄟ ㄏㄨㄥˊ
徐敬業,1,ㄒㄩˊ ㄐㄧㄥˋ ㄧㄝˋ
徐永昌,1,ㄒㄩˊ ㄩㄥˇ ㄔㄤ
徐禎卿,1,ㄒㄩˊ ㄓㄣ ㄑㄧㄥ
徐聞縣,1,ㄒㄩˊ ㄨㄣˊ ㄒㄧㄢˋ
徒手操,1,ㄊㄨˊ ㄕㄡˇ ㄘㄠ
得人心,1,ㄉㄜˊ ㄖㄣˊ ㄒㄧㄣ
得人意,1,ㄉㄜˊ ㄖㄣˊ ㄧˋ
得先手,1,ㄉㄜˊ ㄒㄧㄢ ㄕㄡˇ
得其所,1,ㄉㄜˊ ㄑㄧˊ ㄙㄨㄛˇ
得勝口,1,ㄉㄜˊ ㄕㄥˋ ㄎㄡˇ
得意緣,1,ㄉㄜˊ ㄧˋ ㄩㄢˊ
得票率,1,ㄉㄜˊ ㄆㄧㄠˋ ㄌㄩˋ
從兄弟,1,ㄗㄨㄥˋ ㄒㄩㄥ ㄉㄧˋ
御史臺,1,ㄩˋ ㄕˇ ㄊㄞˊ
御史雨,1,ㄩˋ ㄕˇ ㄩˇ
御夫座,1,ㄩˋ ㄈㄨ ㄗㄨㄛˋ
御書房,1,ㄩˋ ㄕㄨ ㄈㄤˊ
御碑亭,1,ㄩˋ ㄅㄟ ㄊㄧㄥˊ
御膳房,1,ㄩˋ ㄕㄢˋ ㄈㄤˊ
復甦期,1,ㄈㄨˋ ㄙㄨ ㄑㄧˊ
循環制,1,ㄒㄩㄣˊ ㄏㄨㄢˊ ㄓˋ
循環賽,1,ㄒㄩㄣˊ ㄏㄨㄢˊ ㄙㄞˋ
德先生,1,ㄉㄜˊ ㄒㄧㄢ ㄕㄥ
德律風,1,ㄉㄜˊ ㄌㄩˋ ㄈㄥ
德政碑,1,ㄉㄜˊ ㄓㄥˋ ㄅㄟ
德昂族,1,ㄉㄜˊ ㄤˊ ㄗㄨˊ
德爾班,1,ㄉㄜˊ ㄦˇ ㄅㄢ
德蕾莎,1,ㄉㄜˊ ㄌㄟˇ ㄕㄚ
德黑蘭,1,ㄉㄜˊ ㄏㄜˋ ㄌㄢˊ
心內膜,1,ㄒㄧㄣ ㄋㄟˋ ㄇㄛˋ
心包絡,1,ㄒㄧㄣ ㄅㄠ ㄌㄨㄛˋ
心外膜,1,ㄒㄧㄣ ㄨㄞˋ ㄇㄛˋ
心攘攘,1,ㄒㄧㄣ ㄖㄤˇ ㄖㄤˇ
心無宗,1,ㄒㄧㄣ ㄨˊ ㄗㄨㄥ
心瓣膜,1,ㄒㄧㄣ ㄅㄢˋ ㄇㄛˋ
心縮壓,1,ㄒㄧㄣ ㄙㄨㄛ ㄧㄚ
心肝肉,1,ㄒㄧㄣ ㄍㄢ ㄖㄡˋ
心腹事,1,ㄒㄧㄣ ㄈㄨˋ ㄕˋ
心腹話,1,ㄒㄧㄣ ㄈㄨˋ ㄏㄨㄚˋ
心臟瓣,1,ㄒㄧㄣ ㄗㄤˋ ㄅㄢˋ
心舒壓,1,ㄒㄧㄣ ㄕㄨ ㄧㄚ
心雜音,1,ㄒㄧㄣ ㄗㄚˊ ㄧㄣ
心音圖,1,ㄒㄧㄣ ㄧㄣ ㄊㄨˊ
心頭肉,1,ㄒㄧㄣ ㄊㄡˊ ㄖㄡˋ
必律律,1,ㄅㄧˋ ㄌㄩˋ ㄌㄩˋ
忍不住,1,ㄖㄣˇ ㄅㄨˋ ㄓㄨˋ
忒敬思,1,ㄊㄜˋ ㄐㄧㄥˋ ㄙ
忒沒意,1,ㄊㄜˋ ㄇㄟˊ ㄧˋ
志願兵,1,ㄓˋ ㄩㄢˋ ㄅㄧㄥ
志願卡,1,ㄓˋ ㄩㄢˋ ㄎㄚˇ
忘形交,1,ㄨㄤˋ ㄒㄧㄥˊ ㄐㄧㄠ
忘憂物,1,ㄨㄤˋ ㄧㄡ ㄨˋ
忙劫劫,1,ㄇㄤˊ ㄐㄧㄝˊ ㄐㄧㄝˊ
忙哈哈,1,ㄇㄤˊ ㄏㄚ ㄏㄚ
快動作,1,ㄎㄨㄞˋ ㄉㄨㄥˋ ㄗㄨㄛˋ
快樂丸,1,ㄎㄨㄞˋ ㄌㄜˋ ㄨㄢˊ
快活三,1,ㄎㄨㄞˋ ㄏㄨㄛˊ ㄙㄢ
快活林,1,ㄎㄨㄞˋ ㄏㄨㄛˊ ㄌㄧㄣˊ
快蟹船,1,ㄎㄨㄞˋ ㄒㄧㄝˋ ㄔㄨㄢˊ
快速麵,1,ㄎㄨㄞˋ ㄙㄨˋ ㄇㄧㄢˋ
快雪堂,1,ㄎㄨㄞˋ ㄒㄩㄝˇ ㄊㄤˊ
念子曰,1,ㄋㄧㄢˋ ㄗˇ ㄩㄝ
念孜孜,1,ㄋㄧㄢˋ ㄗ ㄗ
念米佛,1,ㄋㄧㄢˋ ㄇㄧˇ ㄈㄛˊ
忽剌八,1,ㄏㄨ ㄌㄚˋ ㄅㄚ
忽剌巴,1,ㄏㄨ ㄌㄚˋ ㄅㄚ
忽魯魯,1,ㄏㄨ ㄌㄨˇ ㄌㄨˇ
怒烘烘,1,ㄋㄨˋ ㄏㄨㄥ ㄏㄨㄥ
怔呵呵,1,ㄌㄥˋ ㄏㄜ ㄏㄜ
怕不大,1,ㄆㄚˋ ㄅㄨˋ ㄉㄚˋ
怕不待,1,ㄆㄚˋ ㄅㄨˋ ㄉㄞˋ
怕不是,1,ㄆㄚˋ ㄅㄨˋ ㄕˋ
怕不道,1,ㄆㄚˋ ㄅㄨˋ ㄉㄠˋ
怕人子,1,ㄆㄚˋ ㄖㄣˊ ㄗ˙
怕勢勢,1,ㄆㄚˋ ㄕˋ ㄕˋ
思想庫,1,ㄙ ㄒㄧㄤˇ ㄎㄨˋ
思想戰,1,ㄙ ㄒㄧㄤˇ ㄓㄢˋ
思無邪,1,ㄙ ㄨˊ ㄒㄧㄝˊ
思過半,1,ㄙ ㄍㄨㄛˋ ㄅㄢˋ
急三槍,1,ㄐㄧˊ ㄙㄢ ㄑㄧㄤ
急伶俐,1,ㄐㄧˊ ㄌㄧㄥˊ ㄌㄧ˙
急吼吼,1,ㄐㄧˊ ㄏㄡˇ ㄏㄡˇ
急就篇,1,ㄐㄧˊ ㄐㄧㄡˋ ㄆㄧㄢ
急巴巴,1,ㄐㄧˊ ㄅㄚ ㄅㄚ
急急風,1,ㄐㄧˊ ㄐㄧˊ ㄈㄥ
急攘攘,1,ㄐㄧˊ ㄖㄤˇ ㄖㄤˇ
急料子,1,ㄐㄧˊ ㄌㄧㄠˋ ㄗ˙
急旋旋,1,ㄐㄧˊ ㄒㄩㄢˊ ㄒㄩㄢˊ
急波波,1,ㄐㄧˊ ㄅㄛ ㄅㄛ
急煎煎,1,ㄐㄧˊ ㄐㄧㄢ ㄐㄧㄢ
急穰穰,1,ㄐㄧˊ ㄖㄤˇ ㄖㄤˇ
急簌簌,1,ㄐㄧˊ ㄙㄨˋ ㄙㄨˋ
急腳信,1,ㄐㄧˊ ㄐㄧㄠˇ ㄒㄧㄣˋ
急腳遞,1,ㄐㄧˊ ㄐㄧㄠˇ ㄉㄧˋ
急腳鬼,1,ㄐㄧˊ ㄐㄧㄠˇ ㄍㄨㄟˇ
急遞鋪,1,ㄐㄧˊ ㄉㄧˋ ㄆㄨˋ
急颭颭,1,ㄐㄧˊ ㄓㄢˇ ㄓㄢˇ
急鬆鬆,1,ㄐㄧˊ ㄙㄨㄥ ㄙㄨㄥ
性冷感,1,ㄒㄧㄥˋ ㄌㄥˇ ㄍㄢˇ
性善說,1,ㄒㄧㄥˋ ㄕㄢˋ ㄕㄨㄛ
性惡說,1,ㄒㄧㄥˋ ㄜˋ ㄕㄨㄛ
性犯罪,1,ㄒㄧㄥˋ ㄈㄢˋ ㄗㄨㄟˋ
性理學,1,ㄒㄧㄥˋ ㄌㄧˇ ㄒㄩㄝˊ
性生活,1,ㄒㄧㄥˋ ㄕㄥ ㄏㄨㄛˊ
性細胞,1,ㄒㄧㄥˋ ㄒㄧˋ ㄅㄠ
性靈派,1,ㄒㄧㄥˋ ㄌㄧㄥˊ ㄆㄞˋ
怨不得,1,ㄩㄢˋ ㄅㄨ˙ ㄉㄜ˙
怪不得,1,ㄍㄨㄞˋ ㄅㄨˋ ㄉㄜ˙
怪不的,1,ㄍㄨㄞˋ ㄅㄨˋ ㄉㄜ˙
怪俊的,1,ㄍㄨㄞˋ ㄐㄩㄣˋ ㄉㄜ˙
怪樣子,1,ㄍㄨㄞˋ ㄧㄤˋ ㄗ˙
怪物相,1,ㄍㄨㄞˋ ㄨˋ ㄒㄧㄤˋ
怪膩的,1,ㄍㄨㄞˋ ㄋㄧˋ ㄉㄜ˙
怪誕劇,1,ㄍㄨㄞˋ ㄉㄢˋ ㄐㄩˋ
怯憐戶,1,ㄑㄩㄝˋ ㄌㄧㄢˊ ㄏㄨˋ
恆星月,1,ㄏㄥˊ ㄒㄧㄥ ㄩㄝˋ
恆星系,1,ㄏㄥˊ ㄒㄧㄥ ㄒㄧˋ
恆春鎮,1,ㄏㄥˊ ㄔㄨㄣ ㄓㄣˋ
恆言錄,1,ㄏㄥˊ ㄧㄢˊ ㄌㄨˋ
恐恐然,1,ㄎㄨㄥˇ ㄎㄨㄥˇ ㄖㄢˊ
恐慌症,1,ㄎㄨㄥˇ ㄏㄨㄤ ㄓㄥˋ
恐懼症,1,ㄎㄨㄥˇ ㄐㄩˋ ㄓㄥˋ
恐變症,1,ㄎㄨㄥˇ ㄅㄧㄢˋ ㄓㄥˋ
恙蟲病,1,ㄧㄤˋ ㄔㄨㄥˊ ㄅㄧㄥˋ
恢先緒,1,ㄏㄨㄟ ㄒㄧㄢ ㄒㄩˋ
恢復室,1,ㄏㄨㄟ ㄈㄨˋ ㄕˋ
恨不得,1,ㄏㄣˋ ㄅㄨ˙ ㄉㄜ˙
恩榮宴,1,ㄣ ㄖㄨㄥˊ ㄧㄢˋ
恩給制,1,ㄣ ㄐㄧˇ ㄓˋ
恩養錢,1,ㄣ ㄧㄤˇ ㄑㄧㄢˊ
恭維話,1,ㄍㄨㄥ ㄨㄟ˙ ㄏㄨㄚˋ
息夫人,1,ㄒㄧˊ ㄈㄨ ㄖㄣˊ
恰不道,1,ㄑㄧㄚˋ ㄅㄨˋ ㄉㄠˋ
恰便似,1,ㄑㄧㄚˋ ㄅㄧㄢˋ ㄙˋ
悄冥冥,1,ㄑㄧㄠˇ ㄇㄧㄥˊ ㄇㄧㄥˊ
悄悄的,1,ㄑㄧㄠˇ ㄑㄧㄠˇ ㄉㄜ˙
悉達多,1,ㄒㄧ ㄉㄚˊ ㄉㄨㄛ
悖時鬼,1,ㄅㄟˋ ㄕˊ ㄍㄨㄟˇ
悟頭詩,1,ㄨˋ ㄊㄡˊ ㄕ
悲傷感,1,ㄅㄟ ㄕㄤ ㄍㄢˇ
悲喜劇,1,ㄅㄟ ㄒㄧˇ ㄐㄩˋ
悲回風,1,ㄅㄟ ㄏㄨㄟˊ ㄈㄥ
悲天院,1,ㄅㄟ ㄊㄧㄢ ㄩㄢˋ
悲憤詩,1,ㄅㄟ ㄈㄣˋ ㄕ
悲田院,1,ㄅㄟ ㄊㄧㄢˊ ㄩㄢˋ
悶厭厭,1,ㄇㄣˋ ㄧㄢ ㄧㄢ
悶子車,1,ㄇㄣˋ ㄗ˙ ㄔㄜ
悶得慌,1,ㄇㄣ ㄉㄜ˙ ㄏㄨㄤ˙
悶得慌,1,ㄇㄣˋ ㄉㄜ˙ ㄏㄨㄤ˙
悶懨懨,1,ㄇㄣˋ ㄧㄢ ㄧㄢ
悶昏昏,1,ㄇㄣˋ ㄏㄨㄣ ㄏㄨㄣ
悶沉沉,1,ㄇㄣˋ ㄔㄣˊ ㄔㄣˊ
悶沌沌,1,ㄇㄣˋ ㄉㄨㄣˋ ㄉㄨㄣˋ
悶淹淹,1,ㄇㄣˋ ㄧㄢ ㄧㄢ
悶葫蘆,1,ㄇㄣˋ ㄏㄨˊ ㄌㄨ˙
悶騰騰,1,ㄇㄣˋ ㄊㄥ ㄊㄥ
悼亡詩,1,ㄉㄠˋ ㄨㄤˊ ㄕ
情人果,1,ㄑㄧㄥˊ ㄖㄣˊ ㄍㄨㄛˇ
情僧錄,1,ㄑㄧㄥˊ ㄙㄥ ㄌㄨˋ
情報站,1,ㄑㄧㄥˊ ㄅㄠˋ ㄓㄢˋ
惜分陰,1,ㄒㄧˊ ㄈㄣ ㄧㄣ
惜墨法,1,ㄒㄧˊ ㄇㄛˋ ㄈㄚˇ
惠士奇,1,ㄏㄨㄟˋ ㄕˋ ㄑㄧˊ
惠安縣,1,ㄏㄨㄟˋ ㄢ ㄒㄧㄢˋ
惠特曼,1,ㄏㄨㄟˋ ㄊㄜˋ ㄇㄢˋ
惠陽縣,1,ㄏㄨㄟˋ ㄧㄤˊ ㄒㄧㄢˋ
惡哏哏,1,ㄜˋ ㄏㄣ ㄏㄣ
惡支殺,1,ㄜˋ ㄓ ㄕㄚ
惡病質,1,ㄜˋ ㄅㄧㄥˋ ㄓˊ
惱巴巴,1,ㄋㄠˇ ㄅㄚ ㄅㄚ
惱忿忿,1,ㄋㄠˇ ㄈㄣˋ ㄈㄣˋ
惲壽平,1,ㄩㄣˋ ㄕㄡˋ ㄆㄧㄥˊ
想一想,1,ㄒㄧㄤˇ ㄧ ㄒㄧㄤˇ
想不到,1,ㄒㄧㄤˇ ㄅㄨˋ ㄉㄠˋ
想不透,1,ㄒㄧㄤˇ ㄅㄨ˙ ㄊㄡˋ
想得美,1,ㄒㄧㄤˇ ㄉㄜ˙ ㄇㄟˇ
惹口面,1,ㄖㄜˇ ㄎㄡˇ ㄇㄧㄢˋ
惹麻煩,1,ㄖㄜˇ ㄇㄚˊ ㄈㄢˊ
惺惺人,1,ㄒㄧㄥ ㄒㄧㄥ ㄖㄣˊ
愁布袋,1,ㄔㄡˊ ㄅㄨˋ ㄉㄞˋ
愁戚戚,1,ㄔㄡˊ ㄑㄧ ㄑㄧ
意中緣,1,ㄧˋ ㄓㄨㄥ ㄩㄢˊ
意孜孜,1,ㄧˋ ㄗ ㄗ
意見箱,1,ㄧˋ ㄐㄧㄢˋ ㄒㄧㄤ
意象派,1,ㄧˋ ㄒㄧㄤˋ ㄆㄞˋ
意遲遲,1,ㄧˋ ㄔˊ ㄔˊ
意飛族,1,ㄧˋ ㄈㄟ ㄗㄨˊ
愚公谷,1,ㄩˊ ㄍㄨㄥ ㄍㄨˇ
愛丁堡,1,ㄞˋ ㄉㄧㄥ ㄅㄠˇ
愛倫凱,1,ㄞˋ ㄌㄨㄣˊ ㄎㄞˇ
愛倫坡,1,ㄞˋ ㄌㄨㄣˊ ㄆㄛ
愛彌兒,1,ㄞˋ ㄇㄧˊ ㄦˊ
愛心券,1,ㄞˋ ㄒㄧㄣ ㄑㄩㄢˋ
愛洛娜,1,ㄞˋ ㄌㄨㄛˋ ㄋㄚˋ
愛羅斯,1,ㄞˋ ㄌㄨㄛˊ ㄙ
愛面子,1,ㄞˋ ㄇㄧㄢˋ ㄗ˙
感嘆句,1,ㄍㄢˇ ㄊㄢˋ ㄐㄩˋ
感情戲,1,ㄍㄢˇ ㄑㄧㄥˊ ㄒㄧˋ
感染症,1,ㄍㄢˇ ㄖㄢˇ ㄓㄥˋ
慈恩宗,1,ㄘˊ ㄣ ㄗㄨㄥ
慈恩寺,1,ㄘˊ ㄣ ㄙˋ
慌腳雞,1,ㄏㄨㄤ ㄐㄧㄠˇ ㄐㄧ
慢俄延,1,ㄇㄢˋ ㄜˊ ㄧㄢˊ
慢吐蓮,1,ㄇㄢˋ ㄊㄨˇ ㄌㄧㄢˊ
慢哼哼,1,ㄇㄢˋ ㄏㄥ ㄏㄥ
慢調子,1,ㄇㄢˋ ㄉㄧㄠˋ ㄗ˙
慢郎中,1,ㄇㄢˋ ㄌㄤˊ ㄓㄨㄥ
慢驚風,1,ㄇㄢˋ ㄐㄧㄥ ㄈㄥ
慣行犯,1,ㄍㄨㄢˋ ㄒㄧㄥˊ ㄈㄢˋ
慳嗇霖,1,ㄑㄧㄢ ㄙㄜˋ ㄌㄧㄣˊ
慶伯利,1,ㄑㄧㄥˋ ㄅㄛˊ ㄌㄧˋ
憋不住,1,ㄅㄧㄝ ㄅㄨˋ ㄓㄨˋ
憋支支,1,ㄅㄧㄝ ㄓ ㄓ
憋死貓,1,ㄅㄧㄝ ㄙˇ ㄇㄠ
憖憖然,1,ㄧㄣˋ ㄧㄣˋ ㄖㄢˊ
應召站,1,ㄧㄥˋ ㄓㄠˋ ㄓㄢˋ
應天府,1,ㄧㄥˋ ㄊㄧㄢ ㄈㄨˇ
應山縣,1,ㄧㄥˋ ㄕㄢ ㄒㄧㄢˋ
應徵信,1,ㄧㄥˋ ㄓㄥ ㄒㄧㄣˋ
應繼分,1,ㄧㄥ ㄐㄧˋ ㄈㄣˋ
懋勤殿,1,ㄇㄠˋ ㄑㄧㄣˊ ㄉㄧㄢˋ
懶懶的,1,ㄌㄢˇ ㄌㄢˇ ㄉㄜ˙
懶設設,1,ㄌㄢˇ ㄕㄜˋ ㄕㄜˋ
懶黃病,1,ㄌㄢˇ ㄏㄨㄤˊ ㄅㄧㄥˋ
懷風藻,1,ㄏㄨㄞˊ ㄈㄥ ㄗㄠˇ
懷鬼胎,1,ㄏㄨㄞˊ ㄍㄨㄟˇ ㄊㄞ
懸壅垂,1,ㄒㄩㄢˊ ㄩㄥ ㄔㄨㄟˊ
懸棺葬,1,ㄒㄩㄢˊ ㄍㄨㄢ ㄗㄤˋ
懸浮物,1,ㄒㄩㄢˊ ㄈㄨˊ ㄨˋ
懸液劑,1,ㄒㄩㄢˊ ㄧㄝˋ ㄐㄧˋ
懸鉤子,1,ㄒㄩㄢˊ ㄍㄡ ㄗˇ
懸風槌,1,ㄒㄩㄢˊ ㄈㄥ ㄔㄨㄟˊ
懸麻雨,1,ㄒㄩㄢˊ ㄇㄚˊ ㄩˇ
戇小子,1,ㄓㄨㄤˋ ㄒㄧㄠˇ ㄗ˙
戈什哈,1,ㄍㄜ ㄕˊ ㄏㄚ
我的天,1,ㄨㄛˇ ㄉㄜ˙ ㄊㄧㄢ
戚夫人,1,ㄑㄧ ㄈㄨ ㄖㄣˊ
截流管,1,ㄐㄧㄝˊ ㄌㄧㄡˊ ㄍㄨㄢˇ
截短拳,1,ㄐㄧㄝˊ ㄉㄨㄢˇ ㄑㄩㄢˊ
截碼機,1,ㄐㄧㄝˊ ㄇㄚˇ ㄐㄧ
截頭渡,1,ㄐㄧㄝˊ ㄊㄡˊ ㄉㄨˋ
戰兢兢,1,ㄓㄢˋ ㄐㄧㄥ ㄐㄧㄥ
戰索索,1,ㄓㄢˋ ㄙㄨㄛˇ ㄙㄨㄛˇ
戲劇家,1,ㄒㄧˋ ㄐㄩˋ ㄐㄧㄚ
戲劇節,1,ㄒㄧˋ ㄐㄩˋ ㄐㄧㄝˊ
戲包袱,1,ㄒㄧˋ ㄅㄠ ㄈㄨ˙
戲園子,1,ㄒㄧˋ ㄩㄢˊ ㄗ˙
戲報子,1,ㄒㄧˋ ㄅㄠˋ ㄗ˙
戲提調,1,ㄒㄧˋ ㄊㄧˊ ㄉㄧㄠˋ
戲碼單,1,ㄒㄧˋ ㄇㄚˇ ㄉㄢ
戳得住,1,ㄔㄨㄛ ㄉㄜ˙ ㄓㄨˋ
戳短拳,1,ㄔㄨㄛ ㄉㄨㄢˇ ㄑㄩㄢˊ
戴名世,1,ㄉㄞˋ ㄇㄧㄥˊ ㄕˋ
戴帽子,1,ㄉㄞˋ ㄇㄠˋ ㄗ˙
戴表元,1,ㄉㄞˋ ㄅㄧㄠˇ ㄩㄢˊ
戴頂子,1,ㄉㄞˋ ㄉㄧㄥˇ ㄗ˙
戶籍法,1,ㄏㄨˋ ㄐㄧˊ ㄈㄚˇ
戹屯歌,1,ㄜˋ ㄓㄨㄣ ㄍㄜ
房中樂,1,ㄈㄤˊ ㄓㄨㄥ ㄩㄝˋ
房中術,1,ㄈㄤˊ ㄓㄨㄥ ㄕㄨˋ
房宿錢,1,ㄈㄤˊ ㄙㄨˋ ㄑㄧㄢˊ
房屋稅,1,ㄈㄤˊ ㄨ ㄕㄨㄟˋ
房牙子,1,ㄈㄤˊ ㄧㄚˊ ㄗˇ
房玄齡,1,ㄈㄤˊ ㄒㄩㄢˊ ㄌㄧㄥˊ
房飯錢,1,ㄈㄤˊ ㄈㄢˋ ㄑㄧㄢˊ
扁塌臉,1,ㄅㄧㄢˇ ㄊㄚ ㄌㄧㄢˇ
扁底舟,1,ㄅㄧㄢˇ ㄉㄧˇ ㄓㄡ
扁擔戲,1,ㄅㄧㄢˇ ㄉㄢ˙ ㄒㄧˋ
扁擔飯,1,ㄅㄧㄢˇ ㄉㄢ˙ ㄈㄢˋ
扇子生,1,ㄕㄢˋ ㄗ˙ ㄕㄥ
扇形角,1,ㄕㄢˋ ㄒㄧㄥˊ ㄐㄧㄠˇ
扇面對,1,ㄕㄢˋ ㄇㄧㄢˋ ㄉㄨㄟˋ
扇骨子,1,ㄕㄢˋ ㄍㄨˇ ㄗ˙
扊扅歌,1,ㄧㄢˇ ㄧˊ ㄍㄜ
手下人,1,ㄕㄡˇ ㄒㄧㄚˋ ㄖㄣˊ
手不穩,1,ㄕㄡˇ ㄅㄨˋ ㄨㄣˇ
手寫體,1,ㄕㄡˇ ㄒㄧㄝˇ ㄊㄧˇ
手帕子,1,ㄕㄡˇ ㄆㄚˋ ㄗ˙
手底下,1,ㄕㄡˇ ㄉㄧˇ ㄒㄧㄚ˙
手弓鋸,1,ㄕㄡˇ ㄍㄨㄥ ㄐㄩˋ
手把子,1,ㄕㄡˇ ㄅㄚˇ ㄗ˙
手拿花,1,ㄕㄡˇ ㄋㄚˊ ㄏㄨㄚ
手擊子,1,ㄕㄡˇ ㄐㄧˊ ㄗ˙
手攜手,1,ㄕㄡˇ ㄒㄧ ㄕㄡˇ
手板子,1,ㄕㄡˇ ㄅㄢˇ ㄗ˙
手相學,1,ㄕㄡˇ ㄒㄧㄤˋ ㄒㄩㄝˊ
手磬子,1,ㄕㄡˇ ㄑㄧㄥˋ ㄗ˙
手語歌,1,ㄕㄡˇ ㄩˇ ㄍㄜ
手長的,1,ㄕㄡˇ ㄔㄤˊ ㄉㄜ˙
手頭字,1,ㄕㄡˇ ㄊㄡˊ ㄗˋ
才子書,1,ㄘㄞˊ ㄗˇ ㄕㄨ
扎猛子,1,ㄓㄚ ㄇㄥˇ ㄗ˙
扎空槍,1,ㄓㄚ ㄎㄨㄥ ㄑㄧㄤ
扎窩子,1,ㄓㄚ ㄨㄛ ㄗ˙
扎筏子,1,ㄓㄚ ㄈㄚˊ ㄗ˙
扎罰子,1,ㄓㄚ ㄈㄚˊ ㄗ˙
扎耳朵,1,ㄓㄚ ㄦˇ ㄉㄨㄛ˙
扒糞的,1,ㄆㄚˊ ㄈㄣˋ ㄉㄜ˙
打中伙,1,ㄉㄚˇ ㄓㄨㄥ ㄏㄨㄛˇ
打中火,1,ㄉㄚˇ ㄓㄨㄥ ㄏㄨㄛˇ
打乾噦,1,ㄉㄚˇ ㄍㄢ ㄩㄝ
打來回,1,ㄉㄚˇ ㄌㄞˊ ㄏㄨㄟˊ
打保票,1,ㄉㄚˇ ㄅㄠˇ ㄆㄧㄠˋ
打個花,1,ㄉㄚˇ ㄍㄜ˙ ㄏㄨㄚ
打倒褪,1,ㄉㄚˇ ㄉㄠˋ ㄊㄨㄣˋ
打偏手,1,ㄉㄚˇ ㄆㄧㄢ ㄕㄡˇ
打冷槍,1,ㄉㄚˇ ㄌㄥˇ ㄑㄧㄤ
打出手,1,ㄉㄚˇ ㄔㄨ ㄕㄡˇ
打剌孫,1,ㄉㄚˇ ㄌㄚˋ ㄙㄨㄣ
打前失,1,ㄉㄚˇ ㄑㄧㄢˊ ㄕ
打前站,1,ㄉㄚˇ ㄑㄧㄢˊ ㄓㄢˋ
打加官,1,ㄉㄚˇ ㄐㄧㄚ ㄍㄨㄢ
打勤勞,1,ㄉㄚˇ ㄑㄧㄣˊ ㄌㄠˊ
打十三,1,ㄉㄚˇ ㄕˊ ㄙㄢ
打午尖,1,ㄉㄚˇ ㄨˇ ㄐㄧㄢ
打印子,1,ㄉㄚˇ ㄧㄣˋ ㄗ˙
打印臺,1,ㄉㄚˇ ㄧㄣˋ ㄊㄞˊ
打吵子,1,ㄉㄚˇ ㄔㄠˇ ㄗ˙
打呆歌,1,ㄉㄚˇ ㄉㄞ ㄍㄜ
打呼嚕,1,ㄉㄚˇ ㄏㄨ ㄌㄨ
打和哄,1,ㄉㄚˇ ㄏㄨㄛˋ ㄏㄨㄥ
打哈哈,1,ㄉㄚˇ ㄏㄚ ㄏㄚ˙
打哈欠,1,ㄉㄚˇ ㄏㄚ ㄑㄧㄢ˙
打哈氣,1,ㄉㄚˇ ㄏㄚ ㄑㄧˋ
打哨子,1,ㄉㄚˇ ㄕㄠˋ ㄗ˙
打問訊,1,ㄉㄚˇ ㄨㄣˋ ㄒㄩㄣˋ
打啞謎,1,ㄉㄚˇ ㄧㄚˇ ㄇㄧˊ
打喳喳,1,ㄉㄚˇ ㄔㄚ ㄔㄚ
打嚏噴,1,ㄉㄚˇ ㄊㄧˋ ㄈㄣ˙
打嚴嵩,1,ㄉㄚˇ ㄧㄢˊ ㄙㄨㄥ
打回票,1,ㄉㄚˇ ㄏㄨㄟˊ ㄆㄧㄠˋ
打圓相,1,ㄉㄚˇ ㄩㄢˊ ㄒㄧㄤˋ
打圖書,1,ㄉㄚˇ ㄊㄨˊ ㄕㄨ
打坐坡,1,ㄉㄚˇ ㄗㄨㄛˋ ㄆㄛ
打城隍,1,ㄉㄚˇ ㄔㄥˊ ㄏㄨㄤˊ
打塔墩,1,ㄉㄚˇ ㄊㄚˇ ㄉㄨㄣ
打夜作,1,ㄉㄚˇ ㄧㄝˋ ㄗㄨㄛ
打夜狐,1,ㄉㄚˇ ㄧㄝˋ ㄏㄨˊ
打夜胡,1,ㄉㄚˇ ㄧㄝˋ ㄏㄨˊ
打太極,1,ㄉㄚˇ ㄊㄞˋ ㄐㄧˊ
打失驚,1,ㄉㄚˇ ㄕ ㄐㄧㄥ
打夾帳,1,ㄉㄚˇ ㄐㄧㄚˊ ㄓㄤˋ
打字帶,1,ㄉㄚˇ ㄗˋ ㄉㄞˋ
打字紙,1,ㄉㄚˇ ㄗˋ ㄓˇ
打孩歌,1,ㄉㄚˇ ㄏㄞˊ ㄍㄜ
打官事,1,ㄉㄚˇ ㄍㄨㄢ ㄕˋ
打官話,1,ㄉㄚˇ ㄍㄨㄢ ㄏㄨㄚˋ
打官鋪,1,ㄉㄚˇ ㄍㄨㄢ ㄆㄨˋ
打官防,1,ㄉㄚˇ ㄍㄨㄢ ㄈㄤˊ
打寒噤,1,ㄉㄚˇ ㄏㄢˊ ㄐㄧㄣˋ
打寒戰,1,ㄉㄚˇ ㄏㄢˊ ㄓㄢˋ
打寬轉,1,ㄉㄚˇ ㄎㄨㄢ ㄓㄨㄢˇ
打對臺,1,ㄉㄚˇ ㄉㄨㄟˋ ㄊㄞˊ
打屁版,1,ㄉㄚˇ ㄆㄧˋ ㄅㄢˇ
打屁股,1,ㄉㄚˇ ㄆㄧˋ ㄍㄨ˙
打市語,1,ㄉㄚˇ ㄕˋ ㄩˇ
打平火,1,ㄉㄚˇ ㄆㄧㄥˊ ㄏㄨㄛˇ
打年貨,1,ㄉㄚˇ ㄋㄧㄢˊ ㄏㄨㄛˋ
打底子,1,ㄉㄚˇ ㄉㄧˇ ㄗ˙
打底稿,1,ㄉㄚˇ ㄉㄧˇ ㄍㄠˇ
打廣告,1,ㄉㄚˇ ㄍㄨㄤˇ ㄍㄠˋ
打息氣,1,ㄉㄚˇ ㄒㄧˊ ㄑㄧˋ
打悲阿,1,ㄉㄚˇ ㄅㄟ ㄜ
打悶雷,1,ㄉㄚˇ ㄇㄣˋ ㄌㄟˊ
打惡心,1,ㄉㄚˇ ㄜˇ ㄒㄧㄣ
打手心,1,ㄉㄚˇ ㄕㄡˇ ㄒㄧㄣ
打把勢,1,ㄉㄚˇ ㄅㄚˇ ㄕ˙
打把式,1,ㄉㄚˇ ㄅㄚˇ ㄕ˙
打把攔,1,ㄉㄚˇ ㄅㄚˇ ㄌㄢˊ
打抽豐,1,ㄉㄚˇ ㄔㄡ ㄈㄥ
打拍浮,1,ㄉㄚˇ ㄆㄞ ㄈㄨˊ
打掩護,1,ㄉㄚˇ ㄧㄢˇ ㄏㄨˋ
打搊拾,1,ㄉㄚˇ ㄔㄡ ㄕˊ
打搶跪,1,ㄉㄚˇ ㄑㄧㄤˇ ㄍㄨㄟˋ
打撒手,1,ㄉㄚˇ ㄙㄚ ㄕㄡˇ
打擊樂,1,ㄉㄚˇ ㄐㄧˊ ㄩㄝˋ
打擺子,1,ㄉㄚˇ ㄅㄞˇ ㄗ˙
打攢盤,1,ㄉㄚˇ ㄘㄨㄢˊ ㄆㄢˊ
打敗子,1,ㄉㄚˇ ㄅㄞˋ ㄗ˙
打料帳,1,ㄉㄚˇ ㄌㄧㄠˋ ㄓㄤˋ
打旋磨,1,ㄉㄚˇ ㄒㄩㄢˊ ㄇㄛˋ
打旺壯,1,ㄉㄚˇ ㄨㄤˋ ㄓㄨㄤˋ
打明火,1,ㄉㄚˇ ㄇㄧㄥˊ ㄏㄨㄛˇ
打梆子,1,ㄉㄚˇ ㄅㄤ ㄗ˙
打業錢,1,ㄉㄚˇ ㄧㄝˋ ㄑㄧㄢˊ
打槳桿,1,ㄉㄚˇ ㄐㄧㄤˇ ㄍㄢˇ
打樁機,1,ㄉㄚˇ ㄓㄨㄤ ㄐㄧ
打樣棍,1,ㄉㄚˇ ㄧㄤˋ ㄍㄨㄣˋ
打櫻桃,1,ㄉㄚˇ ㄧㄥ ㄊㄠˊ
打正快,1,ㄉㄚˇ ㄓㄥˋ ㄎㄨㄞˋ
打毷氉,1,ㄉㄚˇ ㄇㄠˋ ㄗㄠˋ
打氣爐,1,ㄉㄚˇ ㄑㄧˋ ㄌㄨˊ
打水平,1,ㄉㄚˇ ㄕㄨㄟˇ ㄆㄧㄥˊ
打水機,1,ㄉㄚˇ ㄕㄨㄟˇ ㄐㄧ
打水鼓,1,ㄉㄚˇ ㄕㄨㄟˇ ㄍㄨˇ
打油飛,1,ㄉㄚˇ ㄧㄡˊ ㄈㄟ
打游飛,1,ㄉㄚˇ ㄧㄡˊ ㄈㄟ
打滴溜,1,ㄉㄚˇ ㄉㄧ ㄌㄧㄡ
打漢子,1,ㄉㄚˇ ㄏㄢˋ ㄗ˙
打火店,1,ㄉㄚˇ ㄏㄨㄛˇ ㄉㄧㄢˋ
打火石,1,ㄉㄚˇ ㄏㄨㄛˇ ㄕˊ
打火鐮,1,ㄉㄚˇ ㄏㄨㄛˇ ㄌㄧㄢˊ
打灰堆,1,ㄉㄚˇ ㄏㄨㄟ ㄉㄨㄟ
打炮戲,1,ㄉㄚˇ ㄆㄠˋ ㄒㄧˋ
打照會,1,ㄉㄚˇ ㄓㄠˋ ㄏㄨㄟˋ
打照面,1,ㄉㄚˇ ㄓㄠˋ ㄇㄧㄢˋ
打熱椎,1,ㄉㄚˇ ㄖㄜˋ ㄓㄨㄟ
打燈虎,1,ㄉㄚˇ ㄉㄥ ㄏㄨˇ
打爛帳,1,ㄉㄚˇ ㄌㄢˋ ㄓㄤˋ
打牆腳,1,ㄉㄚˇ ㄑㄧㄤˊ ㄐㄧㄠˇ
打牙戰,1,ㄉㄚˇ ㄧㄚˊ ㄓㄢˋ
打猛子,1,ㄉㄚˇ ㄇㄥˇ ㄗ˙
打獨磨,1,ㄉㄚˇ ㄉㄨˊ ㄇㄛˋ
打獵鼓,1,ㄉㄚˇ ㄌㄧㄝˋ ㄍㄨˇ
打瓜子,1,ㄉㄚˇ ㄍㄨㄚ ㄗ˙
打白賴,1,ㄉㄚˇ ㄅㄞˊ ㄌㄞˋ
打盤旋,1,ㄉㄚˇ ㄆㄢˊ ㄒㄩㄢˊ
打眼的,1,ㄉㄚˇ ㄧㄢˇ ㄉㄜ˙
打眼目,1,ㄉㄚˇ ㄧㄢˇ ㄇㄨˋ
打眼色,1,ㄉㄚˇ ㄧㄢˇ ㄙㄜˋ
打眼號,1,ㄉㄚˇ ㄧㄢˇ ㄏㄠˋ
打瞌銃,1,ㄉㄚˇ ㄎㄜ ㄔㄨㄥˋ
打破網,1,ㄉㄚˇ ㄆㄛˋ ㄨㄤˇ
打破頭,1,ㄉㄚˇ ㄆㄛˋ ㄊㄡˊ
打碗頭,1,ㄉㄚˇ ㄨㄢˇ ㄊㄡˊ
打票子,1,ㄉㄚˇ ㄆㄧㄠˋ ㄗ˙
打祭銀,1,ㄉㄚˇ ㄐㄧˋ ㄧㄣˊ
打禪七,1,ㄉㄚˇ ㄔㄢˊ ㄑㄧ
打秋豐,1,ㄉㄚˇ ㄑㄧㄡ ㄈㄥ
打稻場,1,ㄉㄚˇ ㄉㄠˋ ㄔㄤˊ
打穀機,1,ㄉㄚˇ ㄍㄨˇ ㄐㄧ
打窠地,1,ㄉㄚˇ ㄎㄜ ㄉㄧˋ
打竄鼓,1,ㄉㄚˇ ㄘㄨㄢˋ ㄍㄨˇ
打竹舞,1,ㄉㄚˇ ㄓㄨˊ ㄨˇ
打筋斗,1,ㄉㄚˇ ㄐㄧㄣ ㄉㄡˇ
打箭爐,1,ㄉㄚˇ ㄐㄧㄢˋ ㄌㄨˊ
打篤磨,1,ㄉㄚˇ ㄉㄨˇ ㄇㄛˋ
打簧錶,1,ㄉㄚˇ ㄏㄨㄤˊ ㄅㄧㄠˇ
打簸箕,1,ㄉㄚˇ ㄅㄛˋ ㄐㄧ
打粉底,1,ㄉㄚˇ ㄈㄣˇ ㄉㄧˇ
打細泊,1,ㄉㄚˇ ㄒㄧˋ ㄅㄛˊ
打絕板,1,ㄉㄚˇ ㄐㄩㄝˊ ㄅㄢˇ
打絲線,1,ㄉㄚˇ ㄙ ㄒㄧㄢˋ
打緊板,1,ㄉㄚˇ ㄐㄧㄣˇ ㄅㄢˇ
打羅羅,1,ㄉㄚˇ ㄌㄨㄛˊ ㄌㄨㄛˊ
打耳光,1,ㄉㄚˇ ㄦˇ ㄍㄨㄤ
打耳喑,1,ㄉㄚˇ ㄦˇ ㄧㄣ
打耳祭,1,ㄉㄚˇ ㄦˇ ㄐㄧˋ
打背公,1,ㄉㄚˇ ㄅㄟˋ ㄍㄨㄥ
打背弓,1,ㄉㄚˇ ㄅㄟˋ ㄍㄨㄥ
打背花,1,ㄉㄚˇ ㄅㄟˋ ㄏㄨㄚ
打胡哨,1,ㄉㄚˇ ㄏㄨˊ ㄕㄠˋ
打脫冒,1,ㄉㄚˇ ㄊㄨㄛ ㄇㄠˋ
打腹稿,1,ㄉㄚˇ ㄈㄨˋ ㄍㄠˇ
打臉子,1,ㄉㄚˇ ㄌㄧㄢˇ ㄗ˙
打花臉,1,ㄉㄚˇ ㄏㄨㄚ ㄌㄧㄢˇ
打花鼓,1,ㄉㄚˇ ㄏㄨㄚ ㄍㄨˇ
打茶圍,1,ㄉㄚˇ ㄔㄚˊ ㄨㄟˊ
打茶會,1,ㄉㄚˇ ㄔㄚˊ ㄏㄨㄟˋ
打衣糧,1,ㄉㄚˇ ㄧ ㄌㄧㄤˊ
打補釘,1,ㄉㄚˇ ㄅㄨˇ ㄉㄧㄥ
打診法,1,ㄉㄚˇ ㄓㄣˇ ㄈㄚˇ
打談的,1,ㄉㄚˇ ㄊㄢˊ ㄉㄜ˙
打談者,1,ㄉㄚˇ ㄊㄢˊ ㄓㄜˇ
打貼補,1,ㄉㄚˇ ㄊㄧㄝ ㄅㄨˇ
打踅磨,1,ㄉㄚˇ ㄒㄩㄝˊ ㄇㄛ˙
打車子,1,ㄉㄚˇ ㄔㄜ ㄗ˙
打輪頭,1,ㄉㄚˇ ㄌㄨㄣˊ ㄊㄡˊ
打辮子,1,ㄉㄚˇ ㄅㄧㄢˋ ㄗ˙
打通狀,1,ㄉㄚˇ ㄊㄨㄥ ㄓㄨㄤˋ
打連廂,1,ㄉㄚˇ ㄌㄧㄢˊ ㄒㄧㄤ
打道子,1,ㄉㄚˇ ㄉㄠˋ ㄗ˙
打遲局,1,ㄉㄚˇ ㄔˊ ㄐㄩˊ
打那麼,1,ㄉㄚˇ ㄋㄚˋ ㄇㄜ˙
打鄉談,1,ㄉㄚˇ ㄒㄧㄤ ㄊㄢˊ
打酒坐,1,ㄉㄚˇ ㄐㄧㄡˇ ㄗㄨㄛˋ
打醋炭,1,ㄉㄚˇ ㄘㄨˋ ㄊㄢˋ
打醮水,1,ㄉㄚˇ ㄐㄧㄠˋ ㄕㄨㄟˇ
打野呵,1,ㄉㄚˇ ㄧㄝˇ ㄏㄜ
打野火,1,ㄉㄚˇ ㄧㄝˇ ㄏㄨㄛˇ
打野胡,1,ㄉㄚˇ ㄧㄝˇ ㄏㄨˊ
打野雞,1,ㄉㄚˇ ㄧㄝˇ ㄐㄧ
打野食,1,ㄉㄚˇ ㄧㄝˇ ㄕˊ
打金印,1,ㄉㄚˇ ㄐㄧㄣ ㄧㄣˋ
打金枝,1,ㄉㄚˇ ㄐㄧㄣ ㄓ
打金磚,1,ㄉㄚˇ ㄐㄧㄣ ㄓㄨㄢ
打鋪蓋,1,ㄉㄚˇ ㄆㄨ ㄍㄞ˙
打鐵匠,1,ㄉㄚˇ ㄊㄧㄝˇ ㄐㄧㄤˋ
打鐵的,1,ㄉㄚˇ ㄊㄧㄝˇ ㄉㄜ˙
打鑾駕,1,ㄉㄚˇ ㄌㄨㄢˊ ㄐㄧㄚˋ
打門子,1,ㄉㄚˇ ㄇㄣˊ ㄗ˙
打阿老,1,ㄉㄚˇ ㄚ ㄌㄠˇ
打雜的,1,ㄉㄚˇ ㄗㄚˊ ㄉㄜ˙
打雞窩,1,ㄉㄚˇ ㄐㄧ ㄨㄛ
打雪戰,1,ㄉㄚˇ ㄒㄩㄝˇ ㄓㄢˋ
打電玩,1,ㄉㄚˇ ㄉㄧㄢˋ ㄨㄢˊ
打靠後,1,ㄉㄚˇ ㄎㄠˋ ㄏㄡˋ
打頦歌,1,ㄉㄚˇ ㄏㄞˊ ㄍㄜ
打頭炮,1,ㄉㄚˇ ㄊㄡˊ ㄆㄠˋ
打頭的,1,ㄉㄚˇ ㄊㄡˊ ㄉㄜ˙
打頭風,1,ㄉㄚˇ ㄊㄡˊ ㄈㄥ
打飢荒,1,ㄉㄚˇ ㄐㄧ ㄏㄨㄤ
打飽咯,1,ㄉㄚˇ ㄅㄠˇ ㄍㄜ
打飽嗝,1,ㄉㄚˇ ㄅㄠˇ ㄍㄜˊ
打饑荒,1,ㄉㄚˇ ㄐㄧ ㄏㄨㄤ
打香印,1,ㄉㄚˇ ㄒㄧㄤ ㄧㄣˋ
打馬將,1,ㄉㄚˇ ㄇㄚˇ ㄐㄧㄤˋ
打馬虎,1,ㄉㄚˇ ㄇㄚˇ ㄏㄨ˙
打骸垢,1,ㄉㄚˇ ㄏㄞˊ ㄍㄡˋ
打體己,1,ㄉㄚˇ ㄊㄧˇ ㄐㄧˇ
打麥場,1,ㄉㄚˇ ㄇㄞˋ ㄔㄤˊ
打麻雀,1,ㄉㄚˇ ㄇㄚˊ ㄑㄩㄝˋ
打黑線,1,ㄉㄚˇ ㄏㄟ ㄒㄧㄢˋ
打齁睡,1,ㄉㄚˇ ㄏㄡ ㄕㄨㄟˋ
打齋飯,1,ㄉㄚˇ ㄓㄞ ㄈㄢˋ
打龍袍,1,ㄉㄚˇ ㄌㄨㄥˊ ㄆㄠˊ
托缽人,1,ㄊㄨㄛ ㄅㄛ ㄖㄣˊ
托老院,1,ㄊㄨㄛ ㄌㄠˇ ㄩㄢˋ
扛叉的,1,ㄎㄤˊ ㄔㄚ ㄉㄜ˙
扛大梁,1,ㄎㄤˊ ㄉㄚˋ ㄌㄧㄤˊ
扛長活,1,ㄎㄤˊ ㄔㄤˊ ㄏㄨㄛˊ
扛鼎士,1,ㄍㄤ ㄉㄧㄥˇ ㄕˋ
扣子繩,1,ㄎㄡˋ ㄗ˙ ㄕㄥˊ
扣戥頭,1,ㄎㄡˋ ㄉㄥˇ ㄊㄡˊ
扣日子,1,ㄎㄡˋ ㄖˋ ㄗ˙
扣繳率,1,ㄎㄡˋ ㄐㄧㄠˇ ㄌㄩˋ
扣黑鍋,1,ㄎㄡˋ ㄏㄟ ㄍㄨㄛ
扦子手,1,ㄑㄧㄢ ㄗ˙ ㄕㄡˇ
扮故事,1,ㄅㄢˋ ㄍㄨˋ ㄕˋ
扮白臉,1,ㄅㄢˋ ㄅㄞˊ ㄌㄧㄢˇ
扯不清,1,ㄔㄜˇ ㄅㄨˋ ㄑㄧㄥ
扯尾巴,1,ㄔㄜˇ ㄨㄟˇ ㄅㄚ˙
扯平點,1,ㄔㄜˇ ㄆㄧㄥˊ ㄉㄧㄢˇ
扯底線,1,ㄔㄜˇ ㄉㄧˇ ㄒㄧㄢˋ
扯架子,1,ㄔㄜˇ ㄐㄧㄚˋ ㄗ˙
扯爛汙,1,ㄔㄜˇ ㄌㄢˋ ㄨ
扯簸箕,1,ㄔㄜˇ ㄅㄛˋ ㄐㄧ
扯閑篇,1,ㄔㄜˇ ㄒㄧㄢˊ ㄆㄧㄢ
扯閒白,1,ㄔㄜˇ ㄒㄧㄢˊ ㄅㄞˊ
扳岔子,1,ㄅㄢ ㄔㄚˋ ㄗ˙
扳差頭,1,ㄅㄢ ㄘㄨㄛ ㄊㄡˊ
扶上馬,1,ㄈㄨˊ ㄕㄤˋ ㄇㄚˇ
扶堂屋,1,ㄈㄨˊ ㄊㄤˊ ㄨ
扶幼週,1,ㄈㄨˊ ㄧㄡˋ ㄓㄡ
扶手匣,1,ㄈㄨˊ ㄕㄡ˙ ㄒㄧㄚˊ
扶桑花,1,ㄈㄨˊ ㄙㄤ ㄏㄨㄚ
扶頭酒,1,ㄈㄨˊ ㄊㄡˊ ㄐㄧㄡˇ
扶風縣,1,ㄈㄨˊ ㄈㄥ ㄒㄧㄢˋ
扶餘國,1,ㄈㄨˊ ㄩˊ ㄍㄨㄛˊ
批八字,1,ㄆㄧ ㄅㄚ ㄗˋ
批逆鱗,1,ㄆㄧ ㄋㄧˋ ㄌㄧㄣˊ
批頭棍,1,ㄆㄧ ㄊㄡˊ ㄍㄨㄣˋ
找上門,1,ㄓㄠˇ ㄕㄤˋ ㄇㄣˊ
找岔子,1,ㄓㄠˇ ㄔㄚˋ ㄗ˙
找樂子,1,ㄓㄠˇ ㄌㄜˋ ㄗ˙
找機會,1,ㄓㄠˇ ㄐㄧ ㄏㄨㄟˋ
找縫子,1,ㄓㄠˇ ㄈㄥˋ ㄗ˙
找臺階,1,ㄓㄠˇ ㄊㄞˊ ㄐㄧㄝ
找踏級,1,ㄓㄠˇ ㄊㄚˋ ㄐㄧˊ
找野食,1,ㄓㄠˇ ㄧㄝˇ ㄕˊ
找面子,1,ㄓㄠˇ ㄇㄧㄢˋ ㄗ˙
找飯碗,1,ㄓㄠˇ ㄈㄢˋ ㄨㄢˇ
找麻煩,1,ㄓㄠˇ ㄇㄚˊ ㄈㄢ˙
承審員,1,ㄔㄥˊ ㄕㄣˇ ㄩㄢˊ
承德縣,1,ㄔㄥˊ ㄉㄜˊ ㄒㄧㄢˋ
承恩門,1,ㄔㄥˊ ㄣ ㄇㄣˊ
承諾值,1,ㄔㄥˊ ㄋㄨㄛˋ ㄓˊ
承購權,1,ㄔㄥˊ ㄍㄡˋ ㄑㄩㄢˊ
承重孫,1,ㄔㄥˊ ㄓㄨㄥˋ ㄙㄨㄣ
承重牆,1,ㄔㄥˊ ㄓㄨㄥˋ ㄑㄧㄤˊ
承銷商,1,ㄔㄥˊ ㄒㄧㄠ ㄕㄤ
抄靶子,1,ㄔㄠ ㄅㄚˇ ㄗ˙
把上了,1,ㄅㄚˇ ㄕㄤˋ ㄌㄜ˙
把不住,1,ㄅㄚˇ ㄅㄨˋ ㄓㄨˋ
把不到,1,ㄅㄚˇ ㄅㄨˋ ㄉㄠˋ
把定物,1,ㄅㄚˇ ㄉㄧㄥˋ ㄨˋ
把式匠,1,ㄅㄚˇ ㄕˋ ㄐㄧㄤˋ
把梢的,1,ㄅㄚˇ ㄕㄠ ㄉㄜ˙
把都兒,1,ㄅㄚˇ ㄉㄨ ㄦˊ
把門人,1,ㄅㄚˇ ㄇㄣˊ ㄖㄣˊ
抓一把,1,ㄓㄨㄚ ㄧ ㄅㄚˇ
抓工夫,1,ㄓㄨㄚ ㄍㄨㄥ ㄈㄨ˙
投名狀,1,ㄊㄡˊ ㄇㄧㄥˊ ㄓㄨㄤˋ
投機股,1,ㄊㄡˊ ㄐㄧ ㄍㄨˇ
投球機,1,ㄊㄡˊ ㄑㄧㄡˊ ㄐㄧ
投票機,1,ㄊㄡˊ ㄆㄧㄠˋ ㄐㄧ
投脾胃,1,ㄊㄡˊ ㄆㄧˊ ㄨㄟˋ
投腦酒,1,ㄊㄡˊ ㄋㄠˇ ㄐㄧㄡˇ
投至得,1,ㄊㄡˊ ㄓˋ ㄉㄜ˙
投資額,1,ㄊㄡˊ ㄗ ㄜˊ
投身紙,1,ㄊㄡˊ ㄕㄣ ㄓˇ
投遞員,1,ㄊㄡˊ ㄉㄧˋ ㄩㄢˊ
投門路,1,ㄊㄡˊ ㄇㄣˊ ㄌㄨ˙
抖空竹,1,ㄉㄡˇ ㄎㄨㄥ ㄓㄨˊ
抗溼紙,1,ㄎㄤˋ ㄕ ㄓˇ
抗血清,1,ㄎㄤˋ ㄒㄧㄝˇ ㄑㄧㄥ
折壁腳,1,ㄓㄜˊ ㄅㄧˋ ㄐㄧㄠˇ
折子戲,1,ㄓㄜˊ ㄗ˙ ㄒㄧˋ
折腰步,1,ㄓㄜˊ ㄧㄠ ㄅㄨˋ
披亞諾,1,ㄆㄧ ㄧㄚˋ ㄋㄨㄛˋ
披心腹,1,ㄆㄧ ㄒㄧㄣ ㄈㄨˋ
披毛犀,1,ㄆㄧ ㄇㄠˊ ㄒㄧ
披腹心,1,ㄆㄧ ㄈㄨˋ ㄒㄧㄣ
披荊棘,1,ㄆㄧ ㄐㄧㄥ ㄐㄧˊ
披蓑衣,1,ㄆㄧ ㄙㄨㄛ ㄧ
披麻皴,1,ㄆㄧ ㄇㄚˊ ㄘㄨㄣ
抬行市,1,ㄊㄞˊ ㄏㄤˊ ㄕˋ
抬轎子,1,ㄊㄞˊ ㄐㄧㄠˋ ㄗ˙
抬頭紋,1,ㄊㄞˊ ㄊㄡˊ ㄨㄣˊ
抬鼓弄,1,ㄊㄞˊ ㄍㄨˇ ㄋㄨㄥˋ
抱出籠,1,ㄅㄠˋ ㄔㄨ ㄌㄨㄥˊ
抱官囚,1,ㄅㄠˋ ㄍㄨㄢ ㄑㄧㄡˊ
抱廈廳,1,ㄅㄠˋ ㄒㄧㄚˋ ㄊㄧㄥ
抱朴子,1,ㄅㄠˋ ㄆㄨˊ ㄗˇ
抱柱信,1,ㄅㄠˋ ㄓㄨˋ ㄒㄧㄣˋ
抱柱對,1,ㄅㄠˋ ㄓㄨˋ ㄉㄨㄟˋ
抱犢山,1,ㄅㄠˋ ㄉㄨˊ ㄕㄢ
抱砂鍋,1,ㄅㄠˋ ㄕㄚ ㄍㄨㄛ
抱節君,1,ㄅㄠˋ ㄐㄧㄝˊ ㄐㄩㄣ
抱粗腿,1,ㄅㄠˋ ㄘㄨ ㄊㄨㄟˇ
抱草瘟,1,ㄅㄠˋ ㄘㄠˇ ㄨㄣ
抱角床,1,ㄅㄠˋ ㄐㄧㄠˇ ㄔㄨㄤˊ
抵不住,1,ㄉㄧˇ ㄅㄨˋ ㄓㄨˋ
抵不過,1,ㄉㄧˇ ㄅㄨ˙ ㄍㄨㄛˋ
抵多少,1,ㄉㄧˇ ㄉㄨㄛ ㄕㄠˇ
抵抗權,1,ㄉㄧˇ ㄎㄤˋ ㄑㄩㄢˊ
抹下臉,1,ㄇㄛˇ ㄒㄧㄚˋ ㄌㄧㄢˇ
抹不開,1,ㄇㄛˋ ㄅㄨˋ ㄎㄞ
抹嘴吃,1,ㄇㄛˇ ㄗㄨㄟˇ ㄔ
抹油嘴,1,ㄇㄛˇ ㄧㄡˊ ㄗㄨㄟˇ
抹稀泥,1,ㄇㄛˇ ㄒㄧ ㄋㄧˊ
抹芒頭,1,ㄇㄛˇ ㄇㄤˊ ㄊㄡˊ
抹香鯨,1,ㄇㄛˇ ㄒㄧㄤ ㄐㄧㄥ
押孤丁,1,ㄧㄚ ㄍㄨ ㄉㄧㄥ
押座文,1,ㄧㄚ ㄗㄨㄛˋ ㄨㄣˊ
抽公籤,1,ㄔㄡ ㄍㄨㄥ ㄑㄧㄢ
抽冷子,1,ㄔㄡ ㄌㄥˇ ㄗ˙
抽功夫,1,ㄔㄡ ㄍㄨㄥ ㄈㄨ˙
抽後腿,1,ㄔㄡ ㄏㄡˋ ㄊㄨㄟˇ
抽梯子,1,ㄔㄡ ㄊㄧ ㄗ˙
抽鞭子,1,ㄔㄡ ㄅㄧㄢ ㄗ˙
拂塵酒,1,ㄈㄨˊ ㄔㄣˊ ㄐㄧㄡˇ
拂枕席,1,ㄈㄨˊ ㄓㄣˇ ㄒㄧˊ
拂毛羽,1,ㄈㄨˊ ㄇㄠˊ ㄩˇ
拆壁腳,1,ㄔㄞ ㄅㄧˋ ㄐㄧㄠˇ
拆字格,1,ㄔㄞ ㄗˋ ㄍㄜˊ
拆家精,1,ㄔㄞ ㄐㄧㄚ ㄐㄧㄥ
拆爛汙,1,ㄔㄜˋ ㄌㄢˋ ㄨ
拆爛汙,1,ㄔㄞ ㄌㄢˋ ㄨ
拆牆腳,1,ㄔㄞ ㄑㄧㄤˊ ㄐㄧㄠˇ
拆白黨,1,ㄔㄞ ㄅㄞˊ ㄉㄤˇ
拆遷戶,1,ㄔㄞ ㄑㄧㄢ ㄏㄨˋ
拈針指,1,ㄋㄧㄢˊ ㄓㄣ ㄓˇ
拉一把,1,ㄌㄚ ㄧ ㄅㄚˇ
拉下過,1,ㄌㄚ ㄒㄧㄚˋ ㄍㄨㄛˋ
拉下馬,1,ㄌㄚ ㄒㄧㄚˋ ㄇㄚˇ
拉主顧,1,ㄌㄚ ㄓㄨˇ ㄍㄨ˙
拉伯蘭,1,ㄌㄚ ㄅㄛˊ ㄌㄢˊ
拉保險,1,ㄌㄚ ㄅㄠˇ ㄒㄧㄢˇ
拉偏架,1,ㄌㄚ ㄆㄧㄢ ㄐㄧㄚˋ
拉力器,1,ㄌㄚ ㄌㄧˋ ㄑㄧˋ
拉卜楞,1,ㄌㄚ ㄅㄨˇ ㄌㄥˊ
拉合子,1,ㄌㄚ ㄏㄜˊ ㄗ˙
拉合爾,1,ㄌㄚ ㄏㄜˊ ㄦˇ
拉場子,1,ㄌㄚ ㄔㄤˊ ㄗ˙
拉塞福,1,ㄌㄚ ㄙㄜˋ ㄈㄨˊ
拉大片,1,ㄌㄚ ㄉㄚˋ ㄆㄧㄢ
拉孜縣,1,ㄌㄚ ㄗ ㄒㄧㄢˋ
拉山頭,1,ㄌㄚ ㄕㄢ ㄊㄡˊ
拉弦子,1,ㄌㄚ ㄒㄧㄢˊ ㄗ˙
拉愛麥,1,ㄌㄚ ㄞˋ ㄇㄞˋ
拉抽屜,1,ㄌㄚ ㄔㄡ ㄊㄧ˙
拉桿子,1,ㄌㄚ ㄍㄢˇ ㄗ˙
拉洋片,1,ㄌㄚ ㄧㄤˊ ㄆㄧㄢ
拉瑪猿,1,ㄌㄚ ㄇㄚˇ ㄩㄢˊ
拉生意,1,ㄌㄚ ㄕㄥ ㄧ˙
拉相好,1,ㄌㄚ ㄒㄧㄤ ㄏㄠˇ
拉硬屎,1,ㄌㄚ ㄧㄥˋ ㄕˇ
拉硬弓,1,ㄌㄚ ㄧㄥˋ ㄍㄨㄥ
拉祜族,1,ㄌㄚ ㄏㄨˋ ㄗㄨˊ
拉祜語,1,ㄌㄚ ㄏㄨˋ ㄩˇ
拉票子,1,ㄌㄚ ㄆㄧㄠˋ ㄗ˙
拉窟窿,1,ㄌㄚ ㄎㄨ ㄌㄨㄥ˙
拉絆著,1,ㄌㄚ ㄅㄢ˙ ㄓㄜ˙
拉腳屋,1,ㄌㄚ ㄐㄧㄠˇ ㄨ
拉舌頭,1,ㄌㄚ ㄕㄜˊ ㄊㄡ˙
拉花繩,1,ㄌㄚ ㄏㄨㄚ ㄕㄥˊ
拉虧空,1,ㄌㄚ ㄎㄨㄟ ㄎㄨㄥ˙
拉警報,1,ㄌㄚ ㄐㄧㄥˇ ㄅㄠˋ
拉買賣,1,ㄌㄚ ㄇㄞˇ ㄇㄞ˙
拉躺下,1,ㄌㄚ ㄊㄤˇ ㄒㄧㄚˋ
拉近乎,1,ㄌㄚ ㄐㄧㄣˋ ㄏㄨ
拉鎖子,1,ㄌㄚ ㄙㄨㄛˇ ㄗ˙
拉鏡頭,1,ㄌㄚ ㄐㄧㄥˋ ㄊㄡˊ
拉長線,1,ㄌㄚ ㄔㄤˊ ㄒㄧㄢˋ
拉長臉,1,ㄌㄚ ㄔㄤˊ ㄌㄧㄢˇ
拉飢荒,1,ㄌㄚ ㄐㄧ ㄏㄨㄤ˙
拉駱駝,1,ㄌㄚ ㄌㄨㄛˋ ㄊㄨㄛ˙
拉魂腔,1,ㄌㄚ ㄏㄨㄣˊ ㄑㄧㄤ
拌嘴舌,1,ㄅㄢˋ ㄗㄨㄟˇ ㄕㄜˊ
拍腦袋,1,ㄆㄞ ㄋㄠˇ ㄉㄞˋ
拍花的,1,ㄆㄞ ㄏㄨㄚ ㄉㄜ˙
拍鬼臉,1,ㄆㄞ ㄍㄨㄟˇ ㄌㄧㄢˇ
拐子臉,1,ㄍㄨㄞˇ ㄗ˙ ㄌㄧㄢˇ
拐子頭,1,ㄍㄨㄞˇ ㄗ˙ ㄊㄡˊ
拐子馬,1,ㄍㄨㄞˇ ㄗ˙ ㄇㄚˇ
拐裨子,1,ㄍㄨㄞˇ ㄆㄧˊ ㄗˇ
拓撲學,1,ㄊㄨㄛˋ ㄆㄨ ㄒㄩㄝˊ
拔山力,1,ㄅㄚˊ ㄕㄢ ㄌㄧˋ
拔山志,1,ㄅㄚˊ ㄕㄢ ㄓˋ
拔山曲,1,ㄅㄚˊ ㄕㄢ ㄑㄩˇ
拔步床,1,ㄅㄚˊ ㄅㄨˋ ㄔㄨㄤˊ
拔火罐,1,ㄅㄚˊ ㄏㄨㄛˇ ㄍㄨㄢˋ
拔睹兒,1,ㄅㄚˊ ㄉㄨˇ ㄦˊ
拔短梯,1,ㄅㄚˊ ㄉㄨㄢˇ ㄊㄧ
拔短籌,1,ㄅㄚˊ ㄉㄨㄢˇ ㄔㄡˊ
拔罐子,1,ㄅㄚˊ ㄍㄨㄢˋ ㄗ˙
拔脯子,1,ㄅㄚˊ ㄆㄨˊ ㄗ˙
拔虎鬚,1,ㄅㄚˊ ㄏㄨˇ ㄒㄩ
拔達嶺,1,ㄅㄚˊ ㄉㄚˊ ㄌㄧㄥˇ
拔都魯,1,ㄅㄚˊ ㄉㄨ ㄌㄨˇ
拔釘鎚,1,ㄅㄚˊ ㄉㄧㄥ ㄔㄨㄟˊ
拔頭籌,1,ㄅㄚˊ ㄊㄡˊ ㄔㄡˊ
拖刀計,1,ㄊㄨㄛ ㄉㄠ ㄐㄧˋ
拖地膽,1,ㄊㄨㄛ ㄉㄧˋ ㄉㄢˇ
拖地錦,1,ㄊㄨㄛ ㄉㄧˋ ㄐㄧㄣˇ
拖尾巴,1,ㄊㄨㄛ ㄨㄟˇ ㄅㄚ˙
拖後腿,1,ㄊㄨㄛ ㄏㄡˋ ㄊㄨㄟˇ
拖曳傘,1,ㄊㄨㄛ ㄧㄝˋ ㄙㄢˇ
拖曳機,1,ㄊㄨㄛ ㄧㄝˋ ㄐㄧ
拖漢精,1,ㄊㄨㄛ ㄏㄢˋ ㄐㄧㄥ
拖牢洞,1,ㄊㄨㄛ ㄌㄠˊ ㄉㄨㄥˋ
拖狗皮,1,ㄊㄨㄛ ㄍㄡˇ ㄆㄧˊ
拖空子,1,ㄊㄨㄛ ㄎㄨㄥˋ ㄗ˙
拗不登,1,ㄠˋ ㄅㄨ˙ ㄉㄥ
拗不過,1,ㄠˋ ㄅㄨ˙ ㄍㄨㄛˋ
拗口風,1,ㄠˋ ㄎㄡˇ ㄈㄥ
拗相公,1,ㄋㄧㄡˋ ㄒㄧㄤˋ ㄍㄨㄥ
拗體詩,1,ㄠˋ ㄊㄧˇ ㄕ
拚老命,1,ㄆㄢˋ ㄌㄠˇ ㄇㄧㄥˋ
招呼站,1,ㄓㄠ ㄏㄨ˙ ㄓㄢˋ
招商店,1,ㄓㄠ ㄕㄤ ㄉㄧㄢˋ
招招手,1,ㄓㄠ ㄓㄠ˙ ㄕㄡˇ
招文袋,1,ㄓㄠ ㄨㄣˊ ㄉㄞˋ
招漢子,1,ㄓㄠ ㄏㄢˋ ㄗ˙
招貼畫,1,ㄓㄠ ㄊㄧㄝ ㄏㄨㄚˋ
招駙馬,1,ㄓㄠ ㄈㄨˋ ㄇㄚˇ
拜夜節,1,ㄅㄞˋ ㄧㄝˋ ㄐㄧㄝˊ
拜家慶,1,ㄅㄞˋ ㄐㄧㄚ ㄑㄧㄥˋ
拜把子,1,ㄅㄞˋ ㄅㄚˇ ㄗ˙
拜早年,1,ㄅㄞˋ ㄗㄠˇ ㄋㄧㄢˊ
拜晚年,1,ㄅㄞˋ ㄨㄢˇ ㄋㄧㄢˊ
拜月亭,1,ㄅㄞˋ ㄩㄝˋ ㄊㄧㄥˊ
拜水懺,1,ㄅㄞˋ ㄕㄨㄟˇ ㄔㄢˋ
拜泉縣,1,ㄅㄞˋ ㄑㄩㄢˊ ㄒㄧㄢˋ
拜燈節,1,ㄅㄞˋ ㄉㄥ ㄐㄧㄝˊ
拜爾德,1,ㄅㄞˋ ㄦˇ ㄉㄜˊ
拜物教,1,ㄅㄞˋ ㄨˋ ㄐㄧㄠˋ
拜碼頭,1,ㄅㄞˋ ㄇㄚˇ ㄊㄡ˙
拜稽首,1,ㄅㄞˋ ㄑㄧˇ ㄕㄡˇ
拜經堂,1,ㄅㄞˋ ㄐㄧㄥ ㄊㄤˊ
拜經樓,1,ㄅㄞˋ ㄐㄧㄥ ㄌㄡˊ
拜見禮,1,ㄅㄞˋ ㄐㄧㄢˋ ㄌㄧˇ
拜見錢,1,ㄅㄞˋ ㄐㄧㄢˋ ㄑㄧㄢˊ
括剌剌,1,ㄍㄨㄚ ㄌㄚˋ ㄌㄚˋ
括地皮,1,ㄍㄨㄚ ㄉㄧˋ ㄆㄧˊ
括括叫,1,ㄍㄨㄚ ㄍㄨㄚ ㄐㄧㄠˋ
拱極星,1,ㄍㄨㄥˇ ㄐㄧˊ ㄒㄧㄥ
拴娃娃,1,ㄕㄨㄢ ㄨㄚˊ ㄨㄚ˙
拷克機,1,ㄎㄠˇ ㄎㄜˋ ㄐㄧ
拷貝筆,1,ㄎㄠˇ ㄅㄟˋ ㄅㄧˇ
拷貝紙,1,ㄎㄠˇ ㄅㄟˋ ㄓˇ
拼生死,1,ㄆㄧㄣ ㄕㄥ ㄙˇ
拼裝車,1,ㄆㄧㄣ ㄓㄨㄤ ㄔㄜ
拽大拳,1,ㄓㄨㄞ ㄉㄚˋ ㄑㄩㄢˊ
拾玉鐲,1,ㄕˊ ㄩˋ ㄓㄨㄛˊ
拾糞人,1,ㄕˊ ㄈㄣˋ ㄖㄣˊ
拾遺記,1,ㄕˊ ㄧˊ ㄐㄧˋ
拿一把,1,ㄋㄚˊ ㄧ ㄅㄚˇ
拿不了,1,ㄋㄚˊ ㄅㄨˋ ㄌㄧㄠˇ
拿不住,1,ㄋㄚˊ ㄅㄨˋ ㄓㄨˋ
拿不准,1,ㄋㄚˊ ㄅㄨˋ ㄓㄨㄣˇ
拿不定,1,ㄋㄚˊ ㄅㄨˋ ㄉㄧㄥˋ
拿不穩,1,ㄋㄚˊ ㄅㄨˋ ㄨㄣˇ
拿主意,1,ㄋㄚˊ ㄓㄨˇ ㄧ˙
拿大頂,1,ㄋㄚˊ ㄉㄚˋ ㄉㄧㄥˇ
拿得住,1,ㄋㄚˊ ㄉㄜ˙ ㄓㄨˋ
拿手菜,1,ㄋㄚˊ ㄕㄡˇ ㄘㄞˋ
拿架子,1,ㄋㄚˊ ㄐㄧㄚˋ ㄗ˙
拿槍桿,1,ㄋㄚˊ ㄑㄧㄤ ㄍㄢˇ
拿死蛇,1,ㄋㄚˊ ㄙˇ ㄕㄜˊ
拿派頭,1,ㄋㄚˊ ㄆㄞˋ ㄊㄡ˙
拿空子,1,ㄋㄚˊ ㄎㄨㄥˋ ㄗ˙
拿筆桿,1,ㄋㄚˊ ㄅㄧˇ ㄍㄢˇ
拿訛頭,1,ㄋㄚˊ ㄜˊ ㄊㄡ˙
拿身分,1,ㄋㄚˊ ㄕㄣ ㄈㄣˋ
拿雲手,1,ㄋㄚˊ ㄩㄣˊ ㄕㄡˇ
拿鴨子,1,ㄋㄚˊ ㄧㄚ ㄗ˙
持兩端,1,ㄔˊ ㄌㄧㄤˇ ㄉㄨㄢ
持左券,1,ㄔˊ ㄗㄨㄛˇ ㄑㄩㄢˋ
挂衣冠,1,ㄍㄨㄚˋ ㄧ ㄍㄨㄢ
指南宮,1,ㄓˇ ㄋㄢˊ ㄍㄨㄥ
指極星,1,ㄓˇ ㄐㄧˊ ㄒㄧㄥ
指甲剪,1,ㄓˇ ㄐㄧㄚ˙ ㄐㄧㄢˇ
指甲油,1,ㄓˇ ㄐㄧㄚ˙ ㄧㄡˊ
指甲花,1,ㄓˇ ㄐㄧㄚ˙ ㄏㄨㄚ
指甲草,1,ㄓˇ ㄐㄧㄚ˙ ㄘㄠˇ
指稱詞,1,ㄓˇ ㄔㄥ ㄘˊ
指路人,1,ㄓˇ ㄌㄨˋ ㄖㄣˊ
指頭畫,1,ㄓˇ ㄊㄡ˙ ㄏㄨㄚˋ
按摩器,1,ㄢˋ ㄇㄛˊ ㄑㄧˋ
按摩椅,1,ㄢˋ ㄇㄛˊ ㄧˇ
按摩襪,1,ㄢˋ ㄇㄛˊ ㄨㄚˋ
挑大梁,1,ㄊㄧㄠ ㄉㄚˋ ㄌㄧㄤˊ
挑擔子,1,ㄊㄧㄠ ㄉㄢˋ ㄗ˙
挑正梁,1,ㄊㄧㄠ ㄓㄥˋ ㄌㄧㄤˊ
挑腳漢,1,ㄊㄧㄠ ㄐㄧㄠˇ ㄏㄢˋ
挑花法,1,ㄊㄧㄠˇ ㄏㄨㄚ ㄈㄚˇ
挑重擔,1,ㄊㄧㄠ ㄓㄨㄥˋ ㄉㄢˋ
挑頭子,1,ㄊㄧㄠˇ ㄊㄡˊ ㄗ˙
挑鼻子,1,ㄊㄧㄠ ㄅㄧˊ ㄗ˙
挖地彈,1,ㄨㄚ ㄉㄧˋ ㄉㄢˋ
挖基腳,1,ㄨㄚ ㄐㄧ ㄐㄧㄠˇ
挖牆根,1,ㄨㄚ ㄑㄧㄤˊ ㄍㄣ
挖牆角,1,ㄨㄚ ㄑㄧㄤˊ ㄐㄧㄠˇ
挖老根,1,ㄨㄚ ㄌㄠˇ ㄍㄣ
挨刀的,1,ㄞ ㄉㄠ ㄉㄜ˙
挨棍子,1,ㄞ ㄍㄨㄣˋ ㄗ˙
挺腰子,1,ㄊㄧㄥˇ ㄧㄠ ㄗ˙
挺過去,1,ㄊㄧㄥˇ ㄍㄨㄛˋ ㄑㄩˋ
挽歌郎,1,ㄨㄢˇ ㄍㄜ ㄌㄤˊ
挽眉毛,1,ㄨㄢˇ ㄇㄟˊ ㄇㄠ˙
挽麥子,1,ㄨㄢˇ ㄇㄞˋ ㄗ˙
挾書律,1,ㄒㄧㄝˊ ㄕㄨ ㄌㄩˋ
捂蓋子,1,ㄨˇ ㄍㄞˋ ㄗ˙
捅嘍子,1,ㄊㄨㄥˇ ㄌㄡˊ ㄗ˙
捅婁子,1,ㄊㄨㄥˇ ㄌㄡˊ ㄗ˙
捅漏子,1,ㄊㄨㄥˇ ㄌㄡˋ ㄗ˙
捅窟窿,1,ㄊㄨㄥˇ ㄎㄨ ㄌㄨㄥ˙
捉事人,1,ㄓㄨㄛ ㄕˋ ㄖㄣˊ
捉冷眼,1,ㄓㄨㄛ ㄌㄥˇ ㄧㄢˇ
捉刀人,1,ㄓㄨㄛ ㄉㄠ ㄖㄣˊ
捉大頭,1,ㄓㄨㄛ ㄉㄚˋ ㄊㄡˊ
捉搦歌,1,ㄓㄨㄛ ㄋㄨㄛˋ ㄍㄜ
捉放曹,1,ㄓㄨㄛ ㄈㄤˋ ㄘㄠˊ
捉盲盲,1,ㄓㄨㄛ ㄇㄤˊ ㄇㄤˊ
捉腳步,1,ㄓㄨㄛ ㄐㄧㄠˇ ㄅㄨˋ
捎馬子,1,ㄕㄠˋ ㄇㄚˇ ㄗ˙
捏胎鬼,1,ㄋㄧㄝ ㄊㄞ ㄍㄨㄟˇ
捏舌頭,1,ㄋㄧㄝ ㄕㄜˊ ㄊㄡ˙
捏麵人,1,ㄋㄧㄝ ㄇㄧㄢˋ ㄖㄣˊ
捐前程,1,ㄐㄩㄢ ㄑㄧㄢˊ ㄔㄥˊ
捕蚊燈,1,ㄅㄨˇ ㄨㄣˊ ㄉㄥ
捕蟲燈,1,ㄅㄨˇ ㄔㄨㄥˊ ㄉㄥ
捕蟲網,1,ㄅㄨˇ ㄔㄨㄥˊ ㄨㄤˇ
捕蠅草,1,ㄅㄨˇ ㄧㄥˊ ㄘㄠˇ
捕魚權,1,ㄅㄨˇ ㄩˊ ㄑㄩㄢˊ
捧心妍,1,ㄆㄥˇ ㄒㄧㄣ ㄧㄢˊ
捧心學,1,ㄆㄥˇ ㄒㄧㄣ ㄒㄩㄝˊ
捧心顰,1,ㄆㄥˇ ㄒㄧㄣ ㄆㄧㄣˊ
捧日心,1,ㄆㄥˇ ㄖˋ ㄒㄧㄣ
捧臭腳,1,ㄆㄥˇ ㄔㄡˋ ㄐㄧㄠˇ
捱日子,1,ㄞˊ ㄖˋ ㄗ˙
捲揚機,1,ㄐㄩㄢˇ ㄧㄤˊ ㄐㄧ
捲腿褲,1,ㄐㄩㄢˇ ㄊㄨㄟˇ ㄎㄨˋ
掃帚星,1,ㄙㄠˋ ㄓㄡ˙ ㄒㄧㄥ
掃愁帚,1,ㄙㄠˇ ㄔㄡˊ ㄓㄡˇ
掃晴娘,1,ㄙㄠˇ ㄑㄧㄥˊ ㄋㄧㄤˊ
掃街機,1,ㄙㄠˇ ㄐㄧㄝ ㄐㄧ
掄不到,1,ㄌㄨㄣˊ ㄅㄨˋ ㄉㄠˋ
授官廳,1,ㄕㄡˋ ㄍㄨㄢ ㄊㄧㄥ
掉嘴口,1,ㄉㄧㄠˋ ㄗㄨㄟˇ ㄎㄡˇ
掉回頭,1,ㄉㄧㄠˋ ㄏㄨㄟˊ ㄊㄡˊ
掉背臉,1,ㄉㄧㄠˋ ㄅㄟˋ ㄌㄧㄢˇ
掉過來,1,ㄉㄧㄠˋ ㄍㄨㄛˋ ㄌㄞˊ
掉過頭,1,ㄉㄧㄠˋ ㄍㄨㄛˋ ㄊㄡˊ
掉鎗花,1,ㄉㄧㄠˋ ㄑㄧㄤ ㄏㄨㄚ
掌上珠,1,ㄓㄤˇ ㄕㄤˋ ㄓㄨ
掌上舞,1,ㄓㄤˇ ㄕㄤˋ ㄨˇ
掌不住,1,ㄓㄤˇ ㄅㄨ˙ ㄓㄨˋ
掌不起,1,ㄓㄤˇ ㄅㄨ˙ ㄑㄧˇ
掌中輕,1,ㄓㄤˇ ㄓㄨㄥ ㄑㄧㄥ
掌案的,1,ㄓㄤˇ ㄢˋ ㄉㄜ˙
掌灶的,1,ㄓㄤˇ ㄗㄠˋ ㄉㄜ˙
排中律,1,ㄆㄞˊ ㄓㄨㄥ ㄌㄩˋ
排子車,1,ㄆㄞˇ ㄗ˙ ㄔㄜ
排氣機,1,ㄆㄞˊ ㄑㄧˋ ㄐㄧ
排泥閥,1,ㄆㄞˊ ㄋㄧˊ ㄈㄚˊ
排牆倒,1,ㄆㄞˊ ㄑㄧㄤˊ ㄉㄠˇ
排蟻陣,1,ㄆㄞˊ ㄧˇ ㄓㄣˋ
排風機,1,ㄆㄞˊ ㄈㄥ ㄐㄧ
排香草,1,ㄆㄞˊ ㄒㄧㄤ ㄘㄠˇ
掗相知,1,ㄧㄚˋ ㄒㄧㄤ ㄓ
掘土機,1,ㄐㄩㄝˊ ㄊㄨˇ ㄐㄧ
掘墓人,1,ㄐㄩㄝˊ ㄇㄨˋ ㄖㄣˊ
掘子軍,1,ㄐㄩㄝˊ ㄗ˙ ㄐㄩㄣ
掘足類,1,ㄐㄩㄝˊ ㄗㄨˊ ㄌㄟˋ
掛不住,1,ㄍㄨㄚˋ ㄅㄨˋ ㄓㄨˋ
掛幌子,1,ㄍㄨㄚˋ ㄏㄨㄤˇ ㄗ˙
掛招牌,1,ㄍㄨㄚˋ ㄓㄠ ㄆㄞˊ
掛杯架,1,ㄍㄨㄚˋ ㄅㄟ ㄐㄧㄚˋ
掛球蛋,1,ㄍㄨㄚˋ ㄑㄧㄡˊ ㄉㄢˋ
掛紅燈,1,ㄍㄨㄚˋ ㄏㄨㄥˊ ㄉㄥ
掛貨鋪,1,ㄍㄨㄚˋ ㄏㄨㄛˋ ㄆㄨˋ
掛鉤子,1,ㄍㄨㄚˋ ㄍㄡ ㄗ˙
掛頭牌,1,ㄍㄨㄚˋ ㄊㄡˊ ㄆㄞˊ
掛龍雨,1,ㄍㄨㄚˋ ㄌㄨㄥˊ ㄩˇ
掠食者,1,ㄌㄩㄝˋ ㄕˊ ㄓㄜˇ
採樹種,1,ㄘㄞˇ ㄕㄨˋ ㄓㄨㄥˇ
採芹人,1,ㄘㄞˇ ㄑㄧㄣˊ ㄖㄣˊ
採茶戲,1,ㄘㄞˇ ㄔㄚˊ ㄒㄧˋ
採茶歌,1,ㄘㄞˇ ㄔㄚˊ ㄍㄜ
採蓮曲,1,ㄘㄞˇ ㄌㄧㄢˊ ㄑㄩˇ
採蓮船,1,ㄘㄞˇ ㄌㄧㄢˊ ㄔㄨㄢˊ
採訪使,1,ㄘㄞˇ ㄈㄤˇ ㄕˇ
探事人,1,ㄊㄢˋ ㄕˋ ㄖㄣˊ
探消息,1,ㄊㄢˋ ㄒㄧㄠ ㄒㄧ˙
探細人,1,ㄊㄢˋ ㄒㄧˋ ㄖㄣˊ
探花宴,1,ㄊㄢˋ ㄏㄨㄚ ㄧㄢˋ
探花郎,1,ㄊㄢˋ ㄏㄨㄚ ㄌㄤˊ
探虎口,1,ㄊㄢˋ ㄏㄨˇ ㄎㄡˇ
探親家,1,ㄊㄢˋ ㄑㄧㄥˋ ㄐㄧㄚ˙
探身子,1,ㄊㄢˋ ㄕㄣ ㄗ˙
探軍人,1,ㄊㄢˋ ㄐㄩㄣ ㄖㄣˊ
探陰山,1,ㄊㄢˋ ㄧㄣ ㄕㄢ
探風聲,1,ㄊㄢˋ ㄈㄥ ㄕㄥ
接吻病,1,ㄐㄧㄝ ㄨㄣˇ ㄅㄧㄥˋ
接捻子,1,ㄐㄧㄝ ㄋㄧㄢˇ ㄗ˙
接物鏡,1,ㄐㄧㄝ ㄨˋ ㄐㄧㄥˋ
接目鏡,1,ㄐㄧㄝ ㄇㄨˋ ㄐㄧㄥˋ
接絲鞭,1,ㄐㄧㄝ ㄙ ㄅㄧㄢ
接舌子,1,ㄐㄧㄝ ㄕㄜˊ ㄗ˙
接路頭,1,ㄐㄧㄝ ㄌㄨˋ ㄊㄡˊ
接關係,1,ㄐㄧㄝ ㄍㄨㄢ ㄒㄧ˙
接骨匠,1,ㄐㄧㄝ ㄍㄨˇ ㄐㄧㄤˋ
控制卡,1,ㄎㄨㄥˋ ㄓˋ ㄎㄚˇ
控制桿,1,ㄎㄨㄥˋ ㄓˋ ㄍㄢˇ
推光頭,1,ㄊㄨㄟ ㄍㄨㄤ ㄊㄡˊ
推橫車,1,ㄊㄨㄟ ㄏㄥˊ ㄔㄜ
推蓬裝,1,ㄊㄨㄟ ㄆㄥˊ ㄓㄨㄤ
推進劑,1,ㄊㄨㄟ ㄐㄧㄣˋ ㄐㄧˋ
掩不住,1,ㄧㄢˇ ㄅㄨˋ ㄓㄨˋ
掩咯雞,1,ㄧㄢˇ ㄌㄨㄛˋ ㄐㄧ
掩蔽部,1,ㄧㄢˇ ㄅㄧˋ ㄅㄨˋ
措支剌,1,ㄘㄨㄛˋ ㄓ ㄌㄚˋ
掰交情,1,ㄅㄞ ㄐㄧㄠ ㄑㄧㄥ˙
揀便宜,1,ㄐㄧㄢˇ ㄆㄧㄢˊ ㄧˊ
揀破爛,1,ㄐㄧㄢˇ ㄆㄛˋ ㄌㄢˋ
描寫句,1,ㄇㄧㄠˊ ㄒㄧㄝˇ ㄐㄩˋ
提壺蘆,1,ㄊㄧˊ ㄏㄨˊ ㄌㄨˊ
提學道,1,ㄊㄧˊ ㄒㄩㄝˊ ㄉㄠˋ
提款卡,1,ㄊㄧˊ ㄎㄨㄢˇ ㄎㄚˇ
提款機,1,ㄊㄧˊ ㄎㄨㄢˇ ㄐㄧ
提牢官,1,ㄊㄧˊ ㄌㄠˊ ㄍㄨㄢ
提示人,1,ㄊㄧˊ ㄕˋ ㄖㄣˊ
提稱語,1,ㄊㄧˊ ㄔㄥ ㄩˇ
提舍尼,1,ㄊㄧˊ ㄕㄜˋ ㄋㄧˊ
提葫蘆,1,ㄊㄧˊ ㄏㄨˊ ㄌㄨˊ
插扛子,1,ㄔㄚ ㄍㄤˋ ㄗ˙
插槓子,1,ㄔㄚ ㄍㄤˋ ㄗ˙
插火坑,1,ㄔㄚ ㄏㄨㄛˇ ㄎㄤˋ
揚之水,1,ㄧㄤˊ ㄓ ㄕㄨㄟˇ
揚州夢,1,ㄧㄤˊ ㄓㄡ ㄇㄥˋ
揚州鶴,1,ㄧㄤˊ ㄓㄡ ㄏㄜˋ
換腦筋,1,ㄏㄨㄢˋ ㄋㄠˇ ㄐㄧㄣ
揣身體,1,ㄔㄨㄞˇ ㄕㄣ ㄊㄧˇ
揪尾巴,1,ㄐㄧㄡ ㄨㄟˇ ㄅㄚ˙
揪心錢,1,ㄐㄧㄡ ㄒㄧㄣ ㄑㄧㄢˊ
揪腸子,1,ㄐㄧㄡ ㄔㄤˊ ㄗ˙
揪辮子,1,ㄐㄧㄡ ㄅㄧㄢˋ ㄗ˙
揭傒斯,1,ㄐㄧㄝ ㄒㄧ ㄙ
揭底牌,1,ㄐㄧㄝ ㄉㄧˇ ㄆㄞˊ
揭白旗,1,ㄐㄧㄝ ㄅㄞˊ ㄑㄧˊ
揭老底,1,ㄐㄧㄝ ㄌㄠˇ ㄉㄧˇ
揭蓋子,1,ㄐㄧㄝ ㄍㄞˋ ㄗ˙
搊彈詞,1,ㄔㄡ ㄊㄢˊ ㄘˊ
損到家,1,ㄙㄨㄣˇ ㄉㄠˋ ㄐㄧㄚ
損陰騭,1,ㄙㄨㄣˇ ㄧㄣ ㄓ˙
搓圓仔,1,ㄘㄨㄛ ㄩㄢˊ ㄗˇ
搓湯圓,1,ㄘㄨㄛ ㄊㄤ ㄩㄢˊ
搓麻將,1,ㄘㄨㄛ ㄇㄚˊ ㄐㄧㄤˋ
搔背爬,1,ㄙㄠ ㄅㄟˋ ㄆㄚˊ
搖元宵,1,ㄧㄠˊ ㄩㄢˊ ㄒㄧㄠ
搖擺樂,1,ㄧㄠˊ ㄅㄞˇ ㄩㄝˋ
搖籃歌,1,ㄧㄠˊ ㄌㄢˊ ㄍㄜ
搖鏡頭,1,ㄧㄠˊ ㄐㄧㄥˋ ㄊㄡˊ
搗叉子,1,ㄉㄠˇ ㄔㄚ ㄗ˙
搗嗓子,1,ㄉㄠˇ ㄙㄤˇ ㄗ˙
搗衣杵,1,ㄉㄠˇ ㄧ ㄔㄨˇ
搗麻煩,1,ㄉㄠˇ ㄇㄚˊ ㄈㄢ˙
搜神記,1,ㄙㄡ ㄕㄣˊ ㄐㄧˋ
搜索票,1,ㄙㄡ ㄙㄨㄛˇ ㄆㄧㄠˋ
搞不好,1,ㄍㄠˇ ㄅㄨ˙ ㄏㄠˇ
搞不懂,1,ㄍㄠˇ ㄅㄨ˙ ㄉㄨㄥˇ
搞破鞋,1,ㄍㄠˇ ㄆㄛˋ ㄒㄧㄝˊ
搞飛機,1,ㄍㄠˇ ㄈㄟ ㄐㄧ
搢紳錄,1,ㄐㄧㄣˋ ㄕㄣ ㄌㄨˋ
搪差使,1,ㄊㄤˊ ㄔㄞ ㄕ˙
搪酒吃,1,ㄊㄤˊ ㄐㄧㄡˇ ㄔ
搬假戲,1,ㄅㄢ ㄐㄧㄚˇ ㄒㄧˋ
搬楦頭,1,ㄅㄢ ㄒㄩㄢˋ ㄊㄡˊ
搭乾鋪,1,ㄉㄚ ㄍㄢ ㄆㄨˋ
搭伏定,1,ㄉㄚ ㄈㄨˊ ㄉㄧㄥˋ
搭伴兒,1,ㄉㄚ ㄅㄢˋ ㄦˊ
搭便車,1,ㄉㄚ ㄅㄧㄢˋ ㄔㄜ
搭克露,1,ㄉㄚ ㄎㄜˋ ㄌㄨˋ
搭剌子,1,ㄉㄚ ㄌㄚˋ ㄗ˙
搭扶定,1,ㄉㄚ ㄈㄨˊ ㄉㄧㄥˋ
搭架子,1,ㄉㄚ ㄐㄧㄚˋ ㄗ˙
搭梯子,1,ㄉㄚ ㄊㄧ ㄗ˙
搭涼篷,1,ㄉㄚ ㄌㄧㄤˊ ㄆㄥˊ
搭班子,1,ㄉㄚ ㄅㄢ ㄗ˙
搶生吃,1,ㄑㄧㄤˇ ㄕㄥ ㄔ
搶風頭,1,ㄑㄧㄤˇ ㄈㄥ ㄊㄡ˙
搶飯碗,1,ㄑㄧㄤˇ ㄈㄢˋ ㄨㄢˇ
摀不住,1,ㄨˇ ㄅㄨˋ ㄓㄨˋ
摔臉子,1,ㄕㄨㄞ ㄌㄧㄢˇ ㄗ˙
摘星樓,1,ㄓㄞ ㄒㄧㄥ ㄌㄡˊ
摘棉花,1,ㄓㄞ ㄇㄧㄢˊ ㄏㄨㄚ
摘綿術,1,ㄓㄞ ㄇㄧㄢˊ ㄕㄨˋ
摜紗帽,1,ㄍㄨㄢˋ ㄕㄚ ㄇㄠˋ
摟溝子,1,ㄌㄡ ㄍㄡ ㄗ˙
摟衣裳,1,ㄌㄡ ㄧ ㄕㄤ˙
摩侯羅,1,ㄇㄛˊ ㄏㄡˊ ㄌㄨㄛˊ
摩合羅,1,ㄇㄛˊ ㄏㄜˊ ㄌㄨㄛˊ
摩喉羅,1,ㄇㄛˊ ㄏㄡˊ ㄌㄨㄛˊ
摩孩羅,1,ㄇㄛˊ ㄏㄞˊ ㄌㄨㄛˊ
摩尼教,1,ㄇㄛˊ ㄋㄧˊ ㄐㄧㄠˋ
摩擦法,1,ㄇㄛˊ ㄘㄚ ㄈㄚˇ
摩擦電,1,ㄇㄛˊ ㄘㄚ ㄉㄧㄢˋ
摩爾人,1,ㄇㄛˊ ㄦˇ ㄖㄣˊ
摩睺羅,1,ㄇㄛˊ ㄏㄡˊ ㄌㄨㄛˊ
摩電燈,1,ㄇㄛˊ ㄉㄧㄢˋ ㄉㄥ
摭溜子,1,ㄓˊ ㄌㄧㄡˋ ㄗ˙
摶風板,1,ㄊㄨㄢˊ ㄈㄥ ㄅㄢˇ
摸手熟,1,ㄇㄛ ㄕㄡˇ ㄕㄡˊ
摸春牛,1,ㄇㄛ ㄔㄨㄣ ㄋㄧㄡˊ
摸氣候,1,ㄇㄛ ㄑㄧˋ ㄏㄡˋ
摸盲盲,1,ㄇㄛ ㄇㄤˊ ㄇㄤˊ
摸米桶,1,ㄇㄛ ㄇㄧˇ ㄊㄨㄥˇ
摸魚公,1,ㄇㄛ ㄩˊ ㄍㄨㄥ
摹聲詞,1,ㄇㄛˊ ㄕㄥ ㄘˊ
摻分子,1,ㄔㄢ ㄈㄣˋ ㄗ˙
摽有梅,1,ㄆㄧㄠˇ ㄧㄡˇ ㄇㄟˊ
撂地幫,1,ㄌㄧㄠˋ ㄉㄧˋ ㄅㄤ
撂挑子,1,ㄌㄧㄠˋ ㄊㄧㄠ ㄗ˙
撂過手,1,ㄌㄧㄠˋ ㄍㄨㄛˋ ㄕㄡˇ
撂開手,1,ㄌㄧㄠˋ ㄎㄞ ㄕㄡˇ
撇架子,1,ㄆㄧㄝ ㄐㄧㄚˋ ㄗ˙
撇火石,1,ㄆㄧㄝ ㄏㄨㄛˇ ㄕˊ
撈一把,1,ㄌㄠ ㄧ ㄅㄚˇ
撈什子,1,ㄌㄠˊ ㄕˊ ㄗ˙
撈毛的,1,ㄌㄠ ㄇㄠˊ ㄉㄜ˙
撈油水,1,ㄌㄠ ㄧㄡˊ ㄕㄨㄟ˙
撈稻草,1,ㄌㄠ ㄉㄠˋ ㄘㄠˇ
撈過界,1,ㄌㄠ ㄍㄨㄛˋ ㄐㄧㄝˋ
撐不住,1,ㄔㄥ ㄅㄨˋ ㄓㄨˋ
撐市面,1,ㄔㄥ ㄕˋ ㄇㄧㄢˋ
撐得住,1,ㄔㄥ ㄉㄜ˙ ㄓㄨˋ
撐旱船,1,ㄔㄥ ㄏㄢˋ ㄔㄨㄢˊ
撐的慌,1,ㄔㄥ ㄉㄜ˙ ㄏㄨㄤ˙
撐門戶,1,ㄔㄥ ㄇㄣˊ ㄏㄨˋ
撒巴掌,1,ㄙㄚ ㄅㄚ ㄓㄤˇ
撒手鐧,1,ㄙㄚ ㄕㄡˇ ㄐㄧㄢˋ
撒播機,1,ㄙㄚˇ ㄅㄛˋ ㄐㄧ
撒滯殢,1,ㄙㄚ ㄓˋ ㄊㄧˋ
撒紙錢,1,ㄙㄚˇ ㄓˇ ㄑㄧㄢˊ
撒西米,1,ㄙㄚ ㄒㄧ ㄇㄧˇ
撒謎語,1,ㄙㄚˇ ㄇㄧˊ ㄩˇ
撒酒風,1,ㄙㄚ ㄐㄧㄡˇ ㄈㄥ
撓癢癢,1,ㄋㄠˊ ㄧㄤˇ ㄧㄤ˙
撚分子,1,ㄋㄧㄢˇ ㄈㄣˋ ㄗ˙
撞天婚,1,ㄓㄨㄤˋ ㄊㄧㄢ ㄏㄨㄣ
撞天屈,1,ㄓㄨㄤˋ ㄊㄧㄢ ㄑㄩ
撞太歲,1,ㄓㄨㄤˋ ㄊㄞˋ ㄙㄨㄟˋ
撞心拳,1,ㄓㄨㄤˋ ㄒㄧㄣ ㄑㄩㄢˊ
撞木鐘,1,ㄓㄨㄤˋ ㄇㄨˋ ㄓㄨㄥ
撞牆期,1,ㄓㄨㄤˋ ㄑㄧㄤˊ ㄑㄧˊ
撞碼頭,1,ㄓㄨㄤˋ ㄇㄚˇ ㄊㄡ˙
撞警鐘,1,ㄓㄨㄤˋ ㄐㄧㄥˇ ㄓㄨㄥ
撞釘子,1,ㄓㄨㄤˋ ㄉㄧㄥ ㄗ˙
撞門羊,1,ㄓㄨㄤˋ ㄇㄣˊ ㄧㄤˊ
撤銷權,1,ㄔㄜˋ ㄒㄧㄠ ㄑㄩㄢˊ
撥協銀,1,ㄅㄛ ㄒㄧㄝˊ ㄧㄣˊ
撥弗倒,1,ㄅㄛ ㄈㄨˊ ㄉㄠˇ
撥接費,1,ㄅㄛ ㄐㄧㄝ ㄈㄟˋ
撥改貸,1,ㄅㄛ ㄍㄞˇ ㄉㄞˋ
撥浪鼓,1,ㄅㄛ ㄌㄤˋ ㄍㄨˇ
撥火棍,1,ㄅㄛ ㄏㄨㄛˇ ㄍㄨㄣˋ
撥火棒,1,ㄅㄛ ㄏㄨㄛˇ ㄅㄤˋ
撥算盤,1,ㄅㄛ ㄙㄨㄢˋ ㄆㄢˊ
撥蠟法,1,ㄅㄛ ㄌㄚˋ ㄈㄚˇ
撥鐙法,1,ㄅㄛ ㄉㄥˋ ㄈㄚˇ
撥風羽,1,ㄅㄛ ㄈㄥ ㄩˇ
撧過來,1,ㄐㄩㄝ ㄍㄨㄛˋ ㄌㄞ˙
撩水飯,1,ㄌㄧㄠˊ ㄕㄨㄟˇ ㄈㄢˋ
撩虎鬚,1,ㄌㄧㄠˊ ㄏㄨˇ ㄒㄩ
撩蹶子,1,ㄌㄧㄠˊ ㄐㄩㄝˊ ㄗ˙
撫遠縣,1,ㄈㄨˇ ㄩㄢˇ ㄒㄧㄢˋ
撫養費,1,ㄈㄨˇ ㄧㄤˇ ㄈㄟˋ
播報員,1,ㄅㄛˋ ㄅㄠˋ ㄩㄢˊ
播郎鼓,1,ㄅㄛˋ ㄌㄤˊ ㄍㄨˇ
撮合山,1,ㄘㄨㄛ ㄏㄜˊ ㄕㄢ
撮戲法,1,ㄘㄨㄛ ㄒㄧˋ ㄈㄚˇ
撲個空,1,ㄆㄨ ㄍㄜ˙ ㄎㄨㄥ
撲克牌,1,ㄆㄨ ㄎㄜ˙ ㄆㄞˊ
撲克臉,1,ㄆㄨ ㄎㄜ˙ ㄌㄧㄢˇ
撲冬冬,1,ㄆㄨ ㄉㄨㄥ ㄉㄨㄥ
撲剌剌,1,ㄆㄨ ㄌㄚˋ ㄌㄚˋ
撲咚咚,1,ㄆㄨ ㄉㄨㄥ ㄉㄨㄥ
撲唐唐,1,ㄆㄨ ㄊㄤˊ ㄊㄤˊ
撲搭地,1,ㄆㄨ ㄉㄚ ㄉㄜ˙
撲燈蛾,1,ㄆㄨ ㄉㄥ ㄜˊ
撲登登,1,ㄆㄨ ㄉㄥ ㄉㄥ
撲碌碌,1,ㄆㄨ ㄌㄨˋ ㄌㄨˋ
撲翻身,1,ㄆㄨ ㄈㄢ ㄕㄣ
撲速速,1,ㄆㄨ ㄙㄨˋ ㄙㄨˋ
撲鄧鄧,1,ㄆㄨ ㄉㄥˋ ㄉㄥˋ
撲騰騰,1,ㄆㄨ ㄊㄥˊ ㄊㄥˊ
撲魯魯,1,ㄆㄨ ㄌㄨˇ ㄌㄨˇ
撲鼕鼕,1,ㄆㄨ ㄉㄨㄥ ㄉㄨㄥ
撳頭低,1,ㄑㄧㄣˋ ㄊㄡˊ ㄉㄧ
撾婦翁,1,ㄓㄨㄚ ㄈㄨˋ ㄨㄥ
撿字紙,1,ㄐㄧㄢˇ ㄗˋ ㄓˇ
撿現成,1,ㄐㄧㄢˇ ㄒㄧㄢˋ ㄔㄥˊ
擀麵杖,1,ㄍㄢˇ ㄇㄧㄢˋ ㄓㄤˋ
擀麵棍,1,ㄍㄢˇ ㄇㄧㄢˋ ㄍㄨㄣˋ
擁鼻吟,1,ㄩㄥˇ ㄅㄧˊ ㄧㄣˊ
擂臺賽,1,ㄌㄟˋ ㄊㄞˊ ㄙㄞˋ
擇不開,1,ㄓㄞˊ ㄅㄨ˙ ㄎㄞ
擇日子,1,ㄓㄞˊ ㄖˋ ㄗ˙
擇日館,1,ㄓㄞˊ ㄖˋ ㄍㄨㄢˇ
擊壤歌,1,ㄐㄧˊ ㄖㄤˇ ㄍㄜ
擊球區,1,ㄐㄧˊ ㄑㄧㄡˊ ㄑㄩ
擋一水,1,ㄉㄤˇ ㄧ ㄕㄨㄟˇ
擋不住,1,ㄉㄤˇ ㄅㄨˋ ㄓㄨˋ
擋人牌,1,ㄉㄤˇ ㄖㄣˊ ㄆㄞˊ
擋土牆,1,ㄉㄤˇ ㄊㄨˇ ㄑㄧㄤˊ
擋油牆,1,ㄉㄤˇ ㄧㄡˊ ㄑㄧㄤˊ
擋頭陣,1,ㄉㄤˇ ㄊㄡˊ ㄓㄣˋ
操井臼,1,ㄘㄠ ㄐㄧㄥˇ ㄐㄧㄡˋ
操左券,1,ㄘㄠ ㄗㄨㄛˇ ㄑㄩㄢˋ
操縱臺,1,ㄘㄠ ㄗㄨㄥˋ ㄊㄞˊ
擎天手,1,ㄑㄧㄥˊ ㄊㄧㄢ ㄕㄡˇ
擎天柱,1,ㄑㄧㄥˊ ㄊㄧㄢ ㄓㄨˋ
擔不是,1,ㄉㄢ ㄅㄨˋ ㄕˋ
擔人情,1,ㄉㄢ ㄖㄣˊ ㄑㄧㄥˊ
擔仔麵,1,ㄉㄢˋ ㄗˇ ㄇㄧㄢˋ
擔保品,1,ㄉㄢ ㄅㄠˇ ㄆㄧㄣˇ
擔保權,1,ㄉㄢ ㄅㄠˇ ㄑㄩㄢˊ
擔子菌,1,ㄉㄢˋ ㄗˇ ㄐㄩㄣˋ
擔干係,1,ㄉㄢ ㄍㄢ ㄒㄧˋ
擔干紀,1,ㄉㄢ ㄍㄢ ㄐㄧˋ
擔擔麵,1,ㄉㄢˋ ㄉㄢˋ ㄇㄧㄢˋ
擘窠書,1,ㄅㄛˋ ㄎㄜ ㄕㄨ
擠乳機,1,ㄐㄧˇ ㄖㄨˇ ㄐㄧ
擠訛頭,1,ㄐㄧˇ ㄜˊ ㄊㄡ˙
擦俊藥,1,ㄘㄚ ㄐㄩㄣˋ ㄧㄠˋ
擦屁股,1,ㄘㄚ ㄆㄧˋ ㄍㄨˇ
擦棒球,1,ㄘㄚ ㄅㄤˋ ㄑㄧㄡˊ
擦肩膀,1,ㄘㄚ ㄐㄧㄢ ㄅㄤˇ
擦面子,1,ㄘㄚ ㄇㄧㄢˋ ㄗ˙
擬聲詞,1,ㄋㄧˇ ㄕㄥ ㄘˊ
擰脖子,1,ㄋㄧㄥˊ ㄅㄛˊ ㄗ˙
擱不下,1,ㄍㄜ ㄅㄨˋ ㄒㄧㄚˋ
擱不住,1,ㄍㄜ ㄅㄨˋ ㄓㄨˋ
擱得住,1,ㄍㄜ ㄉㄜ˙ ㄓㄨˋ
擲彈筒,1,ㄓˊ ㄉㄢˋ ㄊㄨㄥˇ
擲石子,1,ㄓˊ ㄕˊ ㄗ˙
擲骰子,1,ㄓˊ ㄊㄡˊ ㄗ˙
擴胸器,1,ㄎㄨㄛˋ ㄒㄩㄥ ㄑㄧˋ
擺不平,1,ㄅㄞˇ ㄅㄨˋ ㄆㄧㄥˊ
擺不開,1,ㄅㄞˇ ㄅㄨˋ ㄎㄞ
擺動波,1,ㄅㄞˇ ㄉㄨㄥˋ ㄅㄛ
擺姿勢,1,ㄅㄞˇ ㄗ ㄕˋ
擺擂臺,1,ㄅㄞˇ ㄌㄟˋ ㄊㄞˊ
擺浪子,1,ㄅㄞˇ ㄌㄤˋ ㄗ˙
擺渡船,1,ㄅㄞˇ ㄉㄨˋ ㄔㄨㄢˊ
擺烏龍,1,ㄅㄞˇ ㄨ ㄌㄨㄥˊ
擺行陣,1,ㄅㄞˇ ㄏㄤˊ ㄓㄣˋ
擺門子,1,ㄅㄞˇ ㄇㄣˊ ㄗ˙
擺門面,1,ㄅㄞˇ ㄇㄣˊ ㄇㄧㄢˋ
擻抖抖,1,ㄙㄡˇ ㄉㄡˇ ㄉㄡˇ
擾流器,1,ㄖㄠˇ ㄌㄧㄡˊ ㄑㄧˋ
攀仙桂,1,ㄆㄢ ㄒㄧㄢ ㄍㄨㄟˋ
攀庭檻,1,ㄆㄢ ㄊㄧㄥˊ ㄐㄧㄢˋ
攀桂客,1,ㄆㄢ ㄍㄨㄟˋ ㄎㄜˋ
攀槓子,1,ㄆㄢ ㄍㄤˋ ㄗ˙
攀相好,1,ㄆㄢ ㄒㄧㄤ ㄏㄠˇ
攀禽類,1,ㄆㄢ ㄑㄧㄣˊ ㄌㄟˋ
攀高枝,1,ㄆㄢ ㄍㄠ ㄓ
攀龍客,1,ㄆㄢ ㄌㄨㄥˊ ㄎㄜˋ
攔截機,1,ㄌㄢˊ ㄐㄧㄝˊ ㄐㄧ
攔截網,1,ㄌㄢˊ ㄐㄧㄝˊ ㄨㄤˇ
攔洪壩,1,ㄌㄢˊ ㄏㄨㄥˊ ㄅㄚˋ
攔道木,1,ㄌㄢˊ ㄉㄠˋ ㄇㄨˋ
攔門鍾,1,ㄌㄢˊ ㄇㄣˊ ㄓㄨㄥ
攙扶婆,1,ㄔㄢ ㄈㄨˊ ㄆㄛˊ
攜挾帶,1,ㄒㄧ ㄐㄧㄚˊ ㄉㄞˋ
攝摩騰,1,ㄕㄜˋ ㄇㄛˊ ㄊㄥˊ
攝論師,1,ㄕㄜˋ ㄌㄨㄣˋ ㄕ
攤了事,1,ㄊㄢ ㄌㄜ˙ ㄕˋ
攤平法,1,ㄊㄢ ㄆㄧㄥˊ ㄈㄚˇ
攤黃菜,1,ㄊㄢ ㄏㄨㄤˊ ㄘㄞˋ
攧攧看,1,ㄉㄧㄢ ㄉㄧㄢ ㄎㄢˋ
攪家精,1,ㄐㄧㄠˇ ㄐㄧㄚ ㄐㄧㄥ
攪碎機,1,ㄐㄧㄠˇ ㄙㄨㄟˋ ㄐㄧ
攪蛆扒,1,ㄐㄧㄠˇ ㄑㄩ ㄆㄚˊ
攬勝圖,1,ㄌㄢˇ ㄕㄥˋ ㄊㄨˊ
攬大頭,1,ㄌㄢˇ ㄉㄚˋ ㄊㄡˊ
攬狗屎,1,ㄌㄢˇ ㄍㄡˇ ㄕˇ
攬野火,1,ㄌㄢˇ ㄧㄝˇ ㄏㄨㄛˇ
攬閒事,1,ㄌㄢˇ ㄒㄧㄢˊ ㄕˋ
支架子,1,ㄓ ㄐㄧㄚˋ ㄗ˙
支票機,1,ㄓ ㄆㄧㄠˋ ㄐㄧ
支空頭,1,ㄓ ㄎㄨㄥˋ ㄊㄡˊ
收執聯,1,ㄕㄡ ㄓˊ ㄌㄧㄢˊ
收小的,1,ㄕㄡ ㄒㄧㄠˇ ㄉㄜ˙
收生婆,1,ㄕㄡ ㄕㄥ ㄆㄛˊ
改錯題,1,ㄍㄞˇ ㄘㄨㄛˋ ㄊㄧˊ
攻堅戰,1,ㄍㄨㄥ ㄐㄧㄢ ㄓㄢˋ
攻擊機,1,ㄍㄨㄥ ㄐㄧˊ ㄐㄧ
攻炮城,1,ㄍㄨㄥ ㄆㄠˋ ㄔㄥˊ
放下臉,1,ㄈㄤˋ ㄒㄧㄚˋ ㄌㄧㄢˇ
放乖潑,1,ㄈㄤˋ ㄍㄨㄞ ㄆㄛ
放二四,1,ㄈㄤˋ ㄦˋ ㄙˋ
放京債,1,ㄈㄤˋ ㄐㄧㄥ ㄓㄞˋ
放倒身,1,ㄈㄤˋ ㄉㄠˇ ㄕㄣ
放冷炮,1,ㄈㄤˋ ㄌㄥˇ ㄆㄠˋ
放包袱,1,ㄈㄤˋ ㄅㄠ ㄈㄨˊ
放口風,1,ㄈㄤˋ ㄎㄡˇ ㄈㄥ
放告牌,1,ㄈㄤˋ ㄍㄠˋ ㄆㄞˊ
放囊的,1,ㄈㄤˋ ㄋㄤˊ ㄉㄜ˙
放寬心,1,ㄈㄤˋ ㄎㄨㄢ ㄒㄧㄣ
放尊重,1,ㄈㄤˋ ㄗㄨㄣ ㄓㄨㄥˋ
放屁蟲,1,ㄈㄤˋ ㄆㄧˋ ㄔㄨㄥˊ
放山雞,1,ㄈㄤˋ ㄕㄢ ㄐㄧ
放年學,1,ㄈㄤˋ ㄋㄧㄢˊ ㄒㄩㄝˊ
放影機,1,ㄈㄤˋ ㄧㄥˇ ㄐㄧ
放懞掙,1,ㄈㄤˋ ㄇㄥˊ ㄓㄥˋ
放手銃,1,ㄈㄤˋ ㄕㄡˇ ㄔㄨㄥˋ
放斷鷂,1,ㄈㄤˋ ㄉㄨㄢˋ ㄧㄠˋ
放水火,1,ㄈㄤˋ ㄕㄨㄟˇ ㄏㄨㄛˇ
放水燈,1,ㄈㄤˋ ㄕㄨㄟˇ ㄉㄥ
放水鴨,1,ㄈㄤˋ ㄕㄨㄟˇ ㄧㄚ
放河燈,1,ㄈㄤˋ ㄏㄜˊ ㄉㄥ
放焰口,1,ㄈㄤˋ ㄧㄢˋ ㄎㄡ˙
放牧業,1,ㄈㄤˋ ㄇㄨˋ ㄧㄝˋ
放狂乖,1,ㄈㄤˋ ㄎㄨㄤˊ ㄍㄨㄞ
放生會,1,ㄈㄤˋ ㄕㄥ ㄏㄨㄟˋ
放肆話,1,ㄈㄤˋ ㄙˋ ㄏㄨㄚˋ
放腳隊,1,ㄈㄤˋ ㄐㄧㄠˇ ㄉㄨㄟˋ
放良書,1,ㄈㄤˋ ㄌㄧㄤˊ ㄕㄨ
放花炮,1,ㄈㄤˋ ㄏㄨㄚ ㄆㄠˋ
放邪火,1,ㄈㄤˋ ㄒㄧㄝˊ ㄏㄨㄛˇ
放野火,1,ㄈㄤˋ ㄧㄝˇ ㄏㄨㄛˇ
放青苗,1,ㄈㄤˋ ㄑㄧㄥ ㄇㄧㄠˊ
放鞭炮,1,ㄈㄤˋ ㄅㄧㄢ ㄆㄠˋ
放響炮,1,ㄈㄤˋ ㄒㄧㄤˇ ㄆㄠˋ
放響馬,1,ㄈㄤˋ ㄒㄧㄤˇ ㄇㄚˇ
放頭牌,1,ㄈㄤˋ ㄊㄡˊ ㄆㄞˊ
政治戰,1,ㄓㄥˋ ㄓˋ ㄓㄢˋ
政治秀,1,ㄓㄥˋ ㄓˋ ㄒㄧㄡˋ
故事書,1,ㄍㄨˋ ㄕ˙ ㄕㄨ
故事片,1,ㄍㄨˋ ㄕ˙ ㄆㄧㄢˋ
故事詩,1,ㄍㄨˋ ㄕ˙ ㄕ
故侯瓜,1,ㄍㄨˋ ㄏㄡˊ ㄍㄨㄚ
故家子,1,ㄍㄨˋ ㄐㄧㄚ ㄗˇ
故將軍,1,ㄍㄨˋ ㄐㄧㄤ ㄐㄩㄣ
故紙堆,1,ㄍㄨˋ ㄓˇ ㄉㄨㄟ
敏於伎,1,ㄇㄧㄣˇ ㄩˊ ㄐㄧˋ
救助金,1,ㄐㄧㄡˋ ㄓㄨˋ ㄐㄧㄣ
救濟金,1,ㄐㄧㄡˋ ㄐㄧˋ ㄐㄧㄣ
救火栓,1,ㄐㄧㄡˋ ㄏㄨㄛˇ ㄕㄨㄢ
救火機,1,ㄐㄧㄡˋ ㄏㄨㄛˇ ㄐㄧ
救難船,1,ㄐㄧㄡˋ ㄋㄢˋ ㄔㄨㄢˊ
救風塵,1,ㄐㄧㄡˋ ㄈㄥ ㄔㄣˊ
敕勒歌,1,ㄔˋ ㄌㄜˋ ㄍㄜ
敖得薩,1,ㄠˋ ㄉㄜˊ ㄙㄚˋ
敘事句,1,ㄒㄩˋ ㄕˋ ㄐㄩˋ
敘述句,1,ㄒㄩˋ ㄕㄨˋ ㄐㄩˋ
教坊司,1,ㄐㄧㄠˋ ㄈㄤ ㄙ
教坊記,1,ㄐㄧㄠˋ ㄈㄤ ㄐㄧˋ
教孝月,1,ㄐㄧㄠˋ ㄒㄧㄠˋ ㄩㄝˋ
教授學,1,ㄐㄧㄠˋ ㄕㄡˋ ㄒㄩㄝˊ
教練團,1,ㄐㄧㄠˋ ㄌㄧㄢˋ ㄊㄨㄢˊ
教育愛,1,ㄐㄧㄠˋ ㄩˋ ㄞˋ
教育會,1,ㄐㄧㄠˋ ㄩˋ ㄏㄨㄟˋ
教育費,1,ㄐㄧㄠˋ ㄩˋ ㄈㄟˋ
教誨師,1,ㄐㄧㄠˋ ㄏㄨㄟˋ ㄕ
敢則是,1,ㄍㄢˇ ㄗㄜˊ ㄕˋ
敢只是,1,ㄍㄢˇ ㄓˇ ㄕˋ
敢死士,1,ㄍㄢˇ ㄙˇ ㄕˋ
敢死軍,1,ㄍㄢˇ ㄙˇ ㄐㄩㄣ
敢莫是,1,ㄍㄢˇ ㄇㄛˋ ㄕˋ
散光眼,1,ㄙㄢˇ ㄍㄨㄤ ㄧㄢˇ
散堂鼓,1,ㄙㄢˋ ㄊㄤˊ ㄍㄨˇ
散攤子,1,ㄙㄢˋ ㄊㄢ ㄗ˙
散散的,1,ㄙㄢˇ ㄙㄢˇ ㄉㄜ˙
散氏盤,1,ㄙㄢˇ ㄕˋ ㄆㄢˊ
散血草,1,ㄙㄢˋ ㄒㄧㄝˇ ㄘㄠˇ
敬事房,1,ㄐㄧㄥˋ ㄕˋ ㄈㄤˊ
敬亭山,1,ㄐㄧㄥˋ ㄊㄧㄥˊ ㄕㄢ
敬懇者,1,ㄐㄧㄥˋ ㄎㄣˇ ㄓㄜˇ
敬稟者,1,ㄐㄧㄥˋ ㄅㄧㄥˇ ㄓㄜˇ
敬老節,1,ㄐㄧㄥˋ ㄌㄠˇ ㄐㄧㄝˊ
敬老院,1,ㄐㄧㄥˋ ㄌㄠˇ ㄩㄢˋ
敬肅者,1,ㄐㄧㄥˋ ㄙㄨˋ ㄓㄜˇ
整手甲,1,ㄓㄥˇ ㄕㄡˇ ㄐㄧㄚˇ
整流罩,1,ㄓㄥˇ ㄌㄧㄡˊ ㄓㄠˋ
整臉子,1,ㄓㄥˇ ㄌㄧㄢˇ ㄗ˙
整齊花,1,ㄓㄥˇ ㄑㄧˊ ㄏㄨㄚ
敷蓋物,1,ㄈㄨ ㄍㄞˋ ㄨˋ
數不上,1,ㄕㄨˇ ㄅㄨ˙ ㄕㄤˋ
數不清,1,ㄕㄨˇ ㄅㄨ˙ ㄑㄧㄥ
數九天,1,ㄕㄨˇ ㄐㄧㄡˇ ㄊㄧㄢ
數位板,1,ㄕㄨˋ ㄨㄟˋ ㄅㄢˇ
數位詞,1,ㄕㄨˋ ㄨㄟˋ ㄘˊ
數據卡,1,ㄕㄨˋ ㄐㄩˋ ㄎㄚˇ
數貧嘴,1,ㄕㄨˇ ㄆㄧㄣˊ ㄗㄨㄟˇ
數量詞,1,ㄕㄨˋ ㄌㄧㄤˋ ㄘˊ
敹一針,1,ㄌㄧㄠˊ ㄧ ㄓㄣ
文㑳㑳,1,ㄨㄣˊ ㄓㄡˋ ㄓㄡˋ
文中子,1,ㄨㄣˊ ㄓㄨㄥ ㄗˇ
文公尺,1,ㄨㄣˊ ㄍㄨㄥ ㄔˇ
文化層,1,ㄨㄣˊ ㄏㄨㄚˋ ㄘㄥˊ
文化村,1,ㄨㄣˊ ㄏㄨㄚˋ ㄘㄨㄣ
文字畫,1,ㄨㄣˊ ㄗˋ ㄏㄨㄚˋ
文字飲,1,ㄨㄣˊ ㄗˋ ㄧㄣˇ
文宗閣,1,ㄨㄣˊ ㄗㄨㄥ ㄍㄜˊ
文官果,1,ㄨㄣˊ ㄍㄨㄢ ㄍㄨㄛˇ
文宣王,1,ㄨㄣˊ ㄒㄩㄢ ㄨㄤˊ
文復會,1,ㄨㄣˊ ㄈㄨˋ ㄏㄨㄟˋ
文徵明,1,ㄨㄣˊ ㄓㄥ ㄇㄧㄥˊ
文昌星,1,ㄨㄣˊ ㄔㄤ ㄒㄧㄥ
文昌魚,1,ㄨㄣˊ ㄔㄤ ㄩˊ
文津閣,1,ㄨㄣˊ ㄐㄧㄣ ㄍㄜˊ
文淵閣,1,ㄨㄣˊ ㄩㄢ ㄍㄜˊ
文源閣,1,ㄨㄣˊ ㄩㄢˊ ㄍㄜˊ
文溯閣,1,ㄨㄣˊ ㄙㄨˋ ㄍㄜˊ
文滙閣,1,ㄨㄣˊ ㄏㄨㄟˋ ㄍㄜˊ
文瀾閣,1,ㄨㄣˊ ㄌㄢˊ ㄍㄜˊ
文王課,1,ㄨㄣˊ ㄨㄤˊ ㄎㄜˋ
文珠蘭,1,ㄨㄣˊ ㄓㄨ ㄌㄢˊ
文藝節,1,ㄨㄣˊ ㄧˋ ㄐㄧㄝˊ
文虎章,1,ㄨㄣˊ ㄏㄨˇ ㄓㄤ
文鰩魚,1,ㄨㄣˊ ㄧㄠˊ ㄩˊ
斐濟人,1,ㄈㄟˇ ㄐㄧˋ ㄖㄣˊ
斑狀齒,1,ㄅㄢ ㄓㄨㄤˋ ㄔˇ
斑節蝦,1,ㄅㄢ ㄐㄧㄝˊ ㄒㄧㄚ
斑銅礦,1,ㄅㄢ ㄊㄨㄥˊ ㄎㄨㄤˋ
斑頸鳩,1,ㄅㄢ ㄐㄧㄥˇ ㄐㄧㄡ
斑飛虱,1,ㄅㄢ ㄈㄟ ㄕ
斗筲役,1,ㄉㄡˇ ㄕㄠ ㄧˋ
斗蓬裝,1,ㄉㄡˇ ㄆㄥˊ ㄓㄨㄤ
料不到,1,ㄌㄧㄠˋ ㄅㄨˋ ㄉㄠˋ
料件子,1,ㄌㄧㄠˋ ㄐㄧㄢˋ ㄗ˙
料絲燈,1,ㄌㄧㄠˋ ㄙ ㄉㄥ
料羅灣,1,ㄌㄧㄠˋ ㄌㄨㄛˊ ㄨㄢ
斜溫層,1,ㄒㄧㄝˊ ㄨㄣ ㄘㄥˊ
斜腳雨,1,ㄒㄧㄝˊ ㄐㄧㄠˇ ㄩˇ
斜長石,1,ㄒㄧㄝˊ ㄔㄤˊ ㄕˊ
斡離不,1,ㄨㄛˋ ㄌㄧˊ ㄅㄨˋ
斡難河,1,ㄨㄛˋ ㄋㄢˊ ㄏㄜˊ
斧足綱,1,ㄈㄨˇ ㄗㄨˊ ㄍㄤ
斧鑿痕,1,ㄈㄨˇ ㄗㄨㄛˋ ㄏㄣˊ
斬監候,1,ㄓㄢˇ ㄐㄧㄢ ㄏㄡˋ
斬立決,1,ㄓㄢˇ ㄌㄧˋ ㄐㄩㄝˊ
斬經堂,1,ㄓㄢˇ ㄐㄧㄥ ㄊㄤˊ
斬雞頭,1,ㄓㄢˇ ㄐㄧ ㄊㄡˊ
斬馬劍,1,ㄓㄢˇ ㄇㄚˇ ㄐㄧㄢˋ
斬馬謖,1,ㄓㄢˇ ㄇㄚˇ ㄙㄨˋ
斯坦因,1,ㄙ ㄊㄢˇ ㄧㄣ
斯文人,1,ㄙ ㄨㄣˊ ㄖㄣˊ
斯賓塞,1,ㄙ ㄅㄧㄣ ㄙㄜˋ
新世紀,1,ㄒㄧㄣ ㄕˋ ㄐㄧˋ
新中橫,1,ㄒㄧㄣ ㄓㄨㄥ ㄏㄥˊ
新亭淚,1,ㄒㄧㄣ ㄊㄧㄥˊ ㄌㄟˋ
新人類,1,ㄒㄧㄣ ㄖㄣˊ ㄌㄟˋ
新儒學,1,ㄒㄧㄣ ㄖㄨˊ ㄒㄩㄝˊ
新元史,1,ㄒㄧㄣ ㄩㄢˊ ㄕˇ
新唐書,1,ㄒㄧㄣ ㄊㄤˊ ㄕㄨ
新喜劇,1,ㄒㄧㄣ ㄒㄧˇ ㄐㄩˋ
新城鄉,1,ㄒㄧㄣ ㄔㄥˊ ㄒㄧㄤ
新女性,1,ㄒㄧㄣ ㄋㄩˇ ㄒㄧㄥˋ
新娘花,1,ㄒㄧㄣ ㄋㄧㄤˊ ㄏㄨㄚ
新娘車,1,ㄒㄧㄣ ㄋㄧㄤˊ ㄔㄜ
新安派,1,ㄒㄧㄣ ㄢ ㄆㄞˋ
新市鎮,1,ㄒㄧㄣ ㄕˋ ㄓㄣˋ
新招牌,1,ㄒㄧㄣ ㄓㄠ ㄆㄞˊ
新方言,1,ㄒㄧㄣ ㄈㄤ ㄧㄢˊ
新月派,1,ㄒㄧㄣ ㄩㄝˋ ㄆㄞˋ
新月藻,1,ㄒㄧㄣ ㄩㄝˋ ㄗㄠˇ
新民縣,1,ㄒㄧㄣ ㄇㄧㄣˊ ㄒㄧㄢˋ
新民體,1,ㄒㄧㄣ ㄇㄧㄣˊ ㄊㄧˇ
新港鄉,1,ㄒㄧㄣ ㄍㄤˇ ㄒㄧㄤ
新生活,1,ㄒㄧㄣ ㄕㄥ ㄏㄨㄛˊ
新生牙,1,ㄒㄧㄣ ㄕㄥ ㄧㄚˊ
新聞鼻,1,ㄒㄧㄣ ㄨㄣˊ ㄅㄧˊ
新興國,1,ㄒㄧㄣ ㄒㄧㄥ ㄍㄨㄛˊ
新花樣,1,ㄒㄧㄣ ㄏㄨㄚ ㄧㄤˋ
新蔡縣,1,ㄒㄧㄣ ㄘㄞˋ ㄒㄧㄢˋ
新藝術,1,ㄒㄧㄣ ㄧˋ ㄕㄨˋ
新血輪,1,ㄒㄧㄣ ㄒㄧㄝˇ ㄌㄨㄣˊ
新豐縣,1,ㄒㄧㄣ ㄈㄥ ㄒㄧㄢˋ
新豐酒,1,ㄒㄧㄣ ㄈㄥ ㄐㄧㄡˇ
新造邦,1,ㄒㄧㄣ ㄗㄠˋ ㄅㄤ
新郎君,1,ㄒㄧㄣ ㄌㄤˊ ㄐㄩㄣ
新鎮縣,1,ㄒㄧㄣ ㄓㄣˋ ㄒㄧㄢˋ
新鮮事,1,ㄒㄧㄣ ㄒㄧㄢ˙ ㄕˋ
新鮮人,1,ㄒㄧㄣ ㄒㄧㄢ˙ ㄖㄣˊ
新黴素,1,ㄒㄧㄣ ㄇㄟˊ ㄙㄨˋ
斷腸花,1,ㄉㄨㄢˋ ㄔㄤˊ ㄏㄨㄚ
斷腸草,1,ㄉㄨㄢˋ ㄔㄤˊ ㄘㄠˇ
斷頭話,1,ㄉㄨㄢˋ ㄊㄡˊ ㄏㄨㄚˋ
斷頭路,1,ㄉㄨㄢˋ ㄊㄡˊ ㄌㄨˋ
斷頭食,1,ㄉㄨㄢˋ ㄊㄡˊ ㄕˊ
方位詞,1,ㄈㄤ ㄨㄟˋ ㄘˊ
方何礙,1,ㄈㄤ ㄏㄜˊ ㄞˋ
方便麵,1,ㄈㄤ ㄅㄧㄢˋ ㄇㄧㄢˋ
方信道,1,ㄈㄤ ㄒㄧㄣˋ ㄉㄠˋ
方外人,1,ㄈㄤ ㄨㄞˋ ㄖㄣˊ
方孝孺,1,ㄈㄤ ㄒㄧㄠˋ ㄖㄨˊ
方尖塔,1,ㄈㄤ ㄐㄧㄢ ㄊㄚˇ
方巾氣,1,ㄈㄤ ㄐㄧㄣ ㄑㄧˋ
方技略,1,ㄈㄤ ㄐㄧˋ ㄌㄩㄝˋ
方相氏,1,ㄈㄤ ㄒㄧㄤˋ ㄕˋ
方言志,1,ㄈㄤ ㄧㄢˊ ㄓˋ
方面官,1,ㄈㄤ ㄇㄧㄢˋ ㄍㄨㄢ
於潛縣,1,ㄩˊ ㄑㄧㄢˊ ㄒㄧㄢˋ
施子安,1,ㄕ ㄗˇ ㄢ
旁壓力,1,ㄆㄤˊ ㄧㄚ ㄌㄧˋ
旁死魄,1,ㄆㄤˊ ㄙˇ ㄆㄛˋ
旁行書,1,ㄆㄤˊ ㄒㄧㄥˊ ㄕㄨ
旁遮普,1,ㄆㄤˊ ㄓㄜ ㄆㄨˇ
旁邊人,1,ㄆㄤˊ ㄅㄧㄢ ㄖㄣˊ
旃荼羅,1,ㄓㄢ ㄊㄨˊ ㄌㄨㄛˊ
旅人蕉,1,ㄌㄩˇ ㄖㄣˊ ㄐㄧㄠ
旅館業,1,ㄌㄩˇ ㄍㄨㄢˇ ㄧㄝˋ
旋光性,1,ㄒㄩㄢˊ ㄍㄨㄤ ㄒㄧㄥˋ
旋木雀,1,ㄒㄩㄢˊ ㄇㄨˋ ㄑㄩㄝˋ
旋毛蟲,1,ㄒㄩㄢˊ ㄇㄠˊ ㄔㄨㄥˊ
旋車盤,1,ㄒㄩㄢˊ ㄔㄜ ㄆㄢˊ
旋轉球,1,ㄒㄩㄢˊ ㄓㄨㄢˇ ㄑㄧㄡˊ
旋轉體,1,ㄒㄩㄢˊ ㄓㄨㄢˇ ㄊㄧˇ
旋風腳,1,ㄒㄩㄢˋ ㄈㄥ ㄐㄧㄠˇ
旋風裝,1,ㄒㄩㄢˋ ㄈㄥ ㄓㄨㄤ
族兄弟,1,ㄗㄨˊ ㄒㄩㄥ ㄉㄧˋ
旗牌官,1,ㄑㄧˊ ㄆㄞˊ ㄍㄨㄢ
既不沙,1,ㄐㄧˋ ㄅㄨˋ ㄕㄚ
既判力,1,ㄐㄧˋ ㄆㄢˋ ㄌㄧˋ
既夕禮,1,ㄐㄧˋ ㄒㄧˋ ㄌㄧˇ
既得權,1,ㄐㄧˋ ㄉㄜˊ ㄑㄩㄢˊ
既死魄,1,ㄐㄧˋ ㄙˇ ㄆㄛˋ
既生魄,1,ㄐㄧˋ ㄕㄥ ㄆㄛˋ
既遂犯,1,ㄐㄧˋ ㄙㄨㄟˋ ㄈㄢˋ
日事錢,1,ㄖˋ ㄕˋ ㄑㄧㄢˊ
日喀則,1,ㄖˋ ㄎㄜˋ ㄗㄜˊ
日射角,1,ㄖˋ ㄕㄜˋ ㄐㄧㄠˇ
日意格,1,ㄖˋ ㄧˋ ㄍㄜˊ
日照權,1,ㄖˋ ㄓㄠˋ ㄑㄩㄢˊ
日知錄,1,ㄖˋ ㄓ ㄌㄨˋ
日蓮宗,1,ㄖˋ ㄌㄧㄢˊ ㄗㄨㄥ
日觀峰,1,ㄖˋ ㄍㄨㄢ ㄈㄥ
日頭錢,1,ㄖˋ ㄊㄡˊ ㄑㄧㄢˊ
早難道,1,ㄗㄠˇ ㄋㄢˊ ㄉㄠˋ
早餐會,1,ㄗㄠˇ ㄘㄢ ㄏㄨㄟˋ
旭烈兀,1,ㄒㄩˋ ㄌㄧㄝˋ ㄨˋ
旱天雷,1,ㄏㄢˋ ㄊㄧㄢ ㄌㄟˊ
旱煙筒,1,ㄏㄢˋ ㄧㄢ ㄊㄨㄥˇ
旱煙袋,1,ㄏㄢˋ ㄧㄢ ㄉㄞˋ
旱秧田,1,ㄏㄢˋ ㄧㄤ ㄊㄧㄢˊ
旱船舞,1,ㄏㄢˋ ㄔㄨㄢˊ ㄨˇ
昂昂溪,1,ㄤˊ ㄤˊ ㄒㄧ
昆士蘭,1,ㄎㄨㄣ ㄕˋ ㄌㄢˊ
昆蟲綱,1,ㄎㄨㄣ ㄔㄨㄥˊ ㄍㄤ
昌化石,1,ㄔㄤ ㄏㄨㄚˋ ㄕˊ
昌圖縣,1,ㄔㄤ ㄊㄨˊ ㄒㄧㄢˋ
昌平縣,1,ㄔㄤ ㄆㄧㄥˊ ㄒㄧㄢˋ
昌黎縣,1,ㄔㄤ ㄌㄧˊ ㄒㄧㄢˋ
明丟丟,1,ㄇㄧㄥˊ ㄉㄧㄡ ㄉㄧㄡ
明亮亮,1,ㄇㄧㄥˊ ㄌㄧㄤˋ ㄌㄧㄤˋ
明亮隔,1,ㄇㄧㄥˊ ㄌㄧㄤˋ ㄍㄜˊ
明倫堂,1,ㄇㄧㄥˊ ㄌㄨㄣˊ ㄊㄤˊ
明四家,1,ㄇㄧㄥˊ ㄙˋ ㄐㄧㄚ
明如翦,1,ㄇㄧㄥˊ ㄖㄨˊ ㄐㄧㄢˇ
明幌幌,1,ㄇㄧㄥˊ ㄏㄨㄤˇ ㄏㄨㄤˇ
明德茶,1,ㄇㄧㄥˊ ㄉㄜˊ ㄔㄚˊ
明忘八,1,ㄇㄧㄥˊ ㄨㄤˊ ㄅㄚ
明打明,1,ㄇㄧㄥˊ ㄉㄚˇ ㄇㄧㄥˊ
明晃晃,1,ㄇㄧㄥˊ ㄏㄨㄤˇ ㄏㄨㄤˇ
明月光,1,ㄇㄧㄥˊ ㄩㄝˋ ㄍㄨㄤ
明汪汪,1,ㄇㄧㄥˊ ㄨㄤ ㄨㄤ
明滴溜,1,ㄇㄧㄥˊ ㄉㄧ ㄌㄧㄡ
明白人,1,ㄇㄧㄥˊ ㄅㄞ˙ ㄖㄣˊ
明知道,1,ㄇㄧㄥˊ ㄓ ㄉㄠˋ
明義士,1,ㄇㄧㄥˊ ㄧˋ ㄕˋ
明肌雪,1,ㄇㄧㄥˊ ㄐㄧ ㄒㄩㄝˇ
明遠樓,1,ㄇㄧㄥˊ ㄩㄢˇ ㄌㄡˊ
昏慘慘,1,ㄏㄨㄣ ㄘㄢˇ ㄘㄢˇ
昏睡病,1,ㄏㄨㄣ ㄕㄨㄟˋ ㄅㄧㄥˋ
昏鄧鄧,1,ㄏㄨㄣ ㄉㄥˋ ㄉㄥˋ
昏黯黲,1,ㄏㄨㄣ ㄢˋ ㄘㄢˇ
易元吉,1,ㄧˋ ㄩㄢˊ ㄐㄧˊ
易加卡,1,ㄧˋ ㄐㄧㄚ ㄎㄚˇ
易感性,1,ㄧˋ ㄍㄢˇ ㄒㄧㄥˋ
易水寒,1,ㄧˋ ㄕㄨㄟˇ ㄏㄢˊ
易水歌,1,ㄧˋ ㄕㄨㄟˇ ㄍㄜ
易漢學,1,ㄧˋ ㄏㄢˋ ㄒㄩㄝˊ
易玄光,1,ㄧˋ ㄒㄩㄢˊ ㄍㄨㄤ
易筋經,1,ㄧˋ ㄐㄧㄣ ㄐㄧㄥ
易通釋,1,ㄧˋ ㄊㄨㄥ ㄕˋ
易順鼎,1,ㄧˋ ㄕㄨㄣˋ ㄉㄧㄥˇ
星宿海,1,ㄒㄧㄥ ㄒㄧㄡˋ ㄏㄞˇ
星彩性,1,ㄒㄧㄥ ㄘㄞˇ ㄒㄧㄥˋ
星曆錶,1,ㄒㄧㄥ ㄌㄧˋ ㄅㄧㄠˇ
星期報,1,ㄒㄧㄥ ㄑㄧˊ ㄅㄠˋ
星雞魚,1,ㄒㄧㄥ ㄐㄧ ㄩˊ
映山紅,1,ㄧㄥˋ ㄕㄢ ㄏㄨㄥˊ
春不老,1,ㄔㄨㄣ ㄅㄨˋ ㄌㄠˇ
春丕峽,1,ㄔㄨㄣ ㄆㄧ ㄒㄧㄚˊ
春分點,1,ㄔㄨㄣ ㄈㄣ ㄉㄧㄢˇ
春夢婆,1,ㄔㄨㄣ ㄇㄥˋ ㄆㄛˊ
春大麥,1,ㄔㄨㄣ ㄉㄚˋ ㄇㄞˋ
春宮圖,1,ㄔㄨㄣ ㄍㄨㄥ ㄊㄨˊ
春捲皮,1,ㄔㄨㄣ ㄐㄩㄢˇ ㄆㄧˊ
春消息,1,ㄔㄨㄣ ㄒㄧㄠ ㄒㄧˊ
春牛圖,1,ㄔㄨㄣ ㄋㄧㄡˊ ㄊㄨˊ
春申君,1,ㄔㄨㄣ ㄕㄣ ㄐㄩㄣ
春申江,1,ㄔㄨㄣ ㄕㄣ ㄐㄧㄤ
春秋榜,1,ㄔㄨㄣ ㄑㄧㄡ ㄅㄤˇ
春秋配,1,ㄔㄨㄣ ㄑㄧㄡ ㄆㄟˋ
春風面,1,ㄔㄨㄣ ㄈㄥ ㄇㄧㄢˋ
昧心錢,1,ㄇㄟˋ ㄒㄧㄣ ㄑㄧㄢˊ
昭君怨,1,ㄓㄠ ㄐㄩㄣ ㄩㄢˋ
昭和草,1,ㄓㄠ ㄏㄜˊ ㄘㄠˇ
昭陽殿,1,ㄓㄠ ㄧㄤˊ ㄉㄧㄢˋ
是不是,1,ㄕˋ ㄅㄨˋ ㄕˋ
是非堆,1,ㄕˋ ㄈㄟ ㄉㄨㄟ
晁公武,1,ㄔㄠˊ ㄍㄨㄥ ㄨˇ
晁補之,1,ㄔㄠˊ ㄅㄨˇ ㄓ
時代病,1,ㄕˊ ㄉㄞˋ ㄅㄧㄥˋ
時令病,1,ㄕˊ ㄌㄧㄥˋ ㄅㄧㄥˋ
時憲書,1,ㄕˊ ㄒㄧㄢˋ ㄕㄨ
晉元帝,1,ㄐㄧㄣˋ ㄩㄢˊ ㄉㄧˋ
晉惠帝,1,ㄐㄧㄣˋ ㄏㄨㄟˋ ㄉㄧˋ
晉愍帝,1,ㄐㄧㄣˋ ㄇㄧㄣˇ ㄉㄧˋ
晉懷帝,1,ㄐㄧㄣˋ ㄏㄨㄞˊ ㄉㄧˋ
晉江縣,1,ㄐㄧㄣˋ ㄐㄧㄤ ㄒㄧㄢˋ
晉陽秋,1,ㄐㄧㄣˋ ㄧㄤˊ ㄑㄧㄡ
晌午歪,1,ㄕㄤˇ ㄏㄨㄛ˙ ㄨㄞ
晏幾道,1,ㄧㄢˋ ㄐㄧ ㄉㄠˋ
晒穀場,1,ㄕㄞˋ ㄍㄨˇ ㄔㄤˊ
晒衣場,1,ㄕㄞˋ ㄧ ㄔㄤˊ
晚學生,1,ㄨㄢˇ ㄒㄩㄝˊ ㄕㄥ
晝錦堂,1,ㄓㄡˋ ㄐㄧㄣˇ ㄊㄤˊ
普利龍,1,ㄆㄨˇ ㄌㄧˋ ㄌㄨㄥˊ
普及率,1,ㄆㄨˇ ㄐㄧˊ ㄌㄩˋ
普天下,1,ㄆㄨˇ ㄊㄧㄢ ㄒㄧㄚˋ
普庵咒,1,ㄆㄨˇ ㄢ ㄓㄡˋ
普救寺,1,ㄆㄨˇ ㄐㄧㄡˋ ㄙˋ
普曜經,1,ㄆㄨˇ ㄧㄠˋ ㄐㄧㄥ
普法宗,1,ㄆㄨˇ ㄈㄚˇ ㄗㄨㄥ
普渡河,1,ㄆㄨˇ ㄉㄨˋ ㄏㄜˊ
普濟寺,1,ㄆㄨˇ ㄐㄧˋ ㄙˋ
普珥日,1,ㄆㄨˇ ㄦˇ ㄖˋ
普碌碌,1,ㄆㄨˇ ㄌㄨˋ ㄌㄨˋ
普米族,1,ㄆㄨˇ ㄇㄧˇ ㄗㄨˊ
普米語,1,ㄆㄨˇ ㄇㄧˇ ㄩˇ
普西尼,1,ㄆㄨˇ ㄒㄧ ㄋㄧˊ
普通股,1,ㄆㄨˇ ㄊㄨㄥ ㄍㄨˇ
普遍級,1,ㄆㄨˇ ㄅㄧㄢˋ ㄐㄧˊ
普門品,1,ㄆㄨˇ ㄇㄣˊ ㄆㄧㄣˇ
普鼕鼕,1,ㄆㄨˇ ㄉㄨㄥ ㄉㄨㄥ
景陽崗,1,ㄐㄧㄥˇ ㄧㄤˊ ㄍㄤ
景頗族,1,ㄐㄧㄥˇ ㄆㄛˇ ㄗㄨˊ
晴雨計,1,ㄑㄧㄥˊ ㄩˇ ㄐㄧˋ
智性化,1,ㄓˋ ㄒㄧㄥˋ ㄏㄨㄚˋ
智慧劍,1,ㄓˋ ㄏㄨㄟˋ ㄐㄧㄢˋ
智能權,1,ㄓˋ ㄋㄥˊ ㄑㄩㄢˊ
暖和和,1,ㄋㄨㄢˇ ㄏㄜˊ ㄏㄜˊ
暖寒會,1,ㄋㄨㄢˇ ㄏㄢˊ ㄏㄨㄟˋ
暖房筵,1,ㄋㄨㄢˇ ㄈㄤˊ ㄧㄢˊ
暖水瓶,1,ㄋㄨㄢˇ ㄕㄨㄟˇ ㄆㄧㄥˊ
暖火盆,1,ㄋㄨㄢˇ ㄏㄨㄛˇ ㄆㄣˊ
暖融融,1,ㄋㄨㄢˇ ㄖㄨㄥˊ ㄖㄨㄥˊ
暖雲兜,1,ㄋㄨㄢˇ ㄩㄣˊ ㄉㄡ
暗反應,1,ㄢˋ ㄈㄢˇ ㄧㄥˋ
暗樓子,1,ㄢˋ ㄌㄡˊ ㄗ˙
暗門子,1,ㄢˋ ㄇㄣˊ ㄗ˙
暗順應,1,ㄢˋ ㄕㄨㄣˋ ㄧㄥˋ
暮生兒,1,ㄇㄨˋ ㄕㄥ ㄦˊ
暴脾氣,1,ㄅㄠˋ ㄆㄧˊ ㄑㄧ˙
曆象表,1,ㄌㄧˋ ㄒㄧㄤˋ ㄅㄧㄠˇ
曲射炮,1,ㄑㄩ ㄕㄜˋ ㄆㄠˋ
曲柄笠,1,ㄑㄩ ㄅㄧㄥˇ ㄌㄧˋ
曲江宴,1,ㄑㄩ ㄐㄧㄤ ㄧㄢˋ
曲江池,1,ㄑㄩ ㄐㄧㄤ ㄔˊ
曲江縣,1,ㄑㄩ ㄐㄧㄤ ㄒㄧㄢˋ
曲躬躬,1,ㄑㄩ ㄍㄨㄥ ㄍㄨㄥ
曲辮子,1,ㄑㄩ ㄅㄧㄢˋ ㄗ˙
曲頸甑,1,ㄑㄩ ㄐㄧㄥˇ ㄗㄥˋ
曳引車,1,ㄧˋ ㄧㄣˇ ㄔㄜ
曳落河,1,ㄧˋ ㄌㄨㄛˋ ㄏㄜˊ
更做到,1,ㄍㄥˋ ㄗㄨㄛˋ ㄉㄠˋ
更做道,1,ㄍㄥˋ ㄗㄨㄛˋ ㄉㄠˋ
更則道,1,ㄍㄥˋ ㄗㄜˊ ㄉㄠˋ
更生人,1,ㄍㄥˋ ㄕㄥ ㄖㄣˊ
書帕本,1,ㄕㄨ ㄆㄚˋ ㄅㄣˇ
書底子,1,ㄕㄨ ㄉㄧˇ ㄗ˙
書扣子,1,ㄕㄨ ㄎㄡˋ ㄗ˙
書棚本,1,ㄕㄨ ㄆㄥˊ ㄅㄣˇ
書筆記,1,ㄕㄨ ㄅㄧˇ ㄐㄧˋ
書蟲子,1,ㄕㄨ ㄔㄨㄥˊ ㄗ˙
書面紙,1,ㄕㄨ ㄇㄧㄢˋ ㄓˇ
書面語,1,ㄕㄨ ㄇㄧㄢˋ ㄩˇ
曹丘生,1,ㄘㄠˊ ㄑㄧㄡ ㄕㄥ
曹全碑,1,ㄘㄠˊ ㄑㄩㄢˊ ㄅㄟ
曹國舅,1,ㄘㄠˊ ㄍㄨㄛˊ ㄐㄧㄡˋ
曹大家,1,ㄘㄠˊ ㄉㄚˋ ㄍㄨ
曹娥江,1,ㄘㄠˊ ㄜˊ ㄐㄧㄤ
曹娥碑,1,ㄘㄠˊ ㄜˊ ㄅㄟ
曹孟德,1,ㄘㄠˊ ㄇㄥˋ ㄉㄜˊ
曹洞宗,1,ㄘㄠˊ ㄉㄨㄥˋ ㄗㄨㄥ
曼荼羅,1,ㄇㄢˋ ㄊㄨˊ ㄌㄨㄛˊ
曼陀林,1,ㄇㄢˋ ㄊㄨㄛˊ ㄌㄧㄣˊ
曾國荃,1,ㄗㄥ ㄍㄨㄛˊ ㄑㄩㄢˊ
曾文正,1,ㄗㄥ ㄨㄣˊ ㄓㄥˋ
曾文溪,1,ㄗㄥ ㄨㄣˊ ㄒㄧ
曾紀澤,1,ㄗㄥ ㄐㄧˋ ㄗㄜˊ
替罪羊,1,ㄊㄧˋ ㄗㄨㄟˋ ㄧㄤˊ
最拿手,1,ㄗㄨㄟˋ ㄋㄚˊ ㄕㄡˇ
最敬禮,1,ㄗㄨㄟˋ ㄐㄧㄥˋ ㄌㄧˇ
最速件,1,ㄗㄨㄟˋ ㄙㄨˋ ㄐㄧㄢˋ
最適化,1,ㄗㄨㄟˋ ㄕˋ ㄏㄨㄚˋ
會一會,1,ㄏㄨㄟˋ ㄧ ㄏㄨㄟˋ
會厭炎,1,ㄏㄨㄟˋ ㄧㄢˋ ㄧㄢˊ
會昌縣,1,ㄏㄨㄟˋ ㄔㄤ ㄒㄧㄢˋ
會稽山,1,ㄍㄨㄟˋ ㄐㄧ ㄕㄢ
會計學,1,ㄎㄨㄞˋ ㄐㄧˋ ㄒㄩㄝˊ
會計法,1,ㄎㄨㄞˋ ㄐㄧˋ ㄈㄚˇ
月下香,1,ㄩㄝˋ ㄒㄧㄚˋ ㄒㄧㄤ
月中桂,1,ㄩㄝˋ ㄓㄨㄥ ㄍㄨㄟˋ
月儀帖,1,ㄩㄝˋ ㄧˊ ㄊㄧㄝˋ
月光族,1,ㄩㄝˋ ㄍㄨㄤ ㄗㄨˊ
月光花,1,ㄩㄝˋ ㄍㄨㄤ ㄏㄨㄚ
月分牌,1,ㄩㄝˋ ㄈㄣˋ ㄆㄞˊ
月子房,1,ㄩㄝˋ ㄗ˙ ㄈㄤˊ
月子病,1,ㄩㄝˋ ㄗ˙ ㄅㄧㄥˋ
月旦評,1,ㄩㄝˋ ㄉㄢˋ ㄆㄧㄥˊ
月月紅,1,ㄩㄝˋ ㄩㄝˋ ㄏㄨㄥˊ
月洞門,1,ㄩㄝˋ ㄉㄨㄥˋ ㄇㄣˊ
月牙鏟,1,ㄩㄝˋ ㄧㄚˊ ㄔㄢˇ
月球儀,1,ㄩㄝˋ ㄑㄧㄡˊ ㄧˊ
月經帶,1,ㄩㄝˋ ㄐㄧㄥ ㄉㄞˋ
月長石,1,ㄩㄝˋ ㄔㄤˊ ㄕˊ
月黑天,1,ㄩㄝˋ ㄏㄟ ㄊㄧㄢ
月黑頭,1,ㄩㄝˋ ㄏㄟ ㄊㄡˊ
有一腿,1,ㄧㄡˇ ㄧ ㄊㄨㄟˇ
有人家,1,ㄧㄡˇ ㄖㄣˊ ㄐㄧㄚ
有作為,1,ㄧㄡˇ ㄗㄨㄛˋ ㄨㄟˊ
有你的,1,ㄧㄡˇ ㄋㄧˇ ㄉㄜ˙
有來頭,1,ㄧㄡˇ ㄌㄞˊ ㄊㄡ˙
有光紙,1,ㄧㄡˇ ㄍㄨㄤ ㄓˇ
有兩日,1,ㄧㄡˇ ㄌㄧㄤˇ ㄖˋ
有出息,1,ㄧㄡˇ ㄔㄨ ㄒㄧ˙
有分寸,1,ㄧㄡˇ ㄈㄣ ㄘㄨㄣ˙
有分教,1,ㄧㄡˇ ㄈㄣˋ ㄐㄧㄠˋ
有勾當,1,ㄧㄡˇ ㄍㄡˋ ㄉㄤ
有南北,1,ㄧㄡˇ ㄋㄢˊ ㄅㄟˇ
有司徹,1,ㄧㄡˇ ㄙ ㄔㄜˋ
有名氣,1,ㄧㄡˇ ㄇㄧㄥˊ ㄑㄧˋ
有奔頭,1,ㄧㄡˇ ㄅㄣˋ ㄊㄡ˙
有孔蟲,1,ㄧㄡˇ ㄎㄨㄥˇ ㄔㄨㄥˊ
有工夫,1,ㄧㄡˇ ㄍㄨㄥ ㄈㄨ
有年紀,1,ㄧㄡˇ ㄋㄧㄢˊ ㄐㄧˋ
有底稿,1,ㄧㄡˇ ㄉㄧˇ ㄍㄠˇ
有想頭,1,ㄧㄡˇ ㄒㄧㄤˇ ㄊㄡ˙
有意思,1,ㄧㄡˇ ㄧˋ ㄙ˙
有戲看,1,ㄧㄡˇ ㄒㄧˋ ㄎㄢˋ
有撇斷,1,ㄧㄡˇ ㄆㄧㄝˇ ㄉㄨㄢˋ
有文章,1,ㄧㄡˇ ㄨㄣˊ ㄓㄤ
有斤兩,1,ㄧㄡˇ ㄐㄧㄣ ㄌㄧㄤˇ
有日子,1,ㄧㄡˇ ㄖˋ ㄗ˙
有時候,1,ㄧㄡˇ ㄕˊ ㄏㄡ˙
有會子,1,ㄧㄡˇ ㄏㄨㄟˇ ㄗ˙
有枝節,1,ㄧㄡˇ ㄓ ㄐㄧㄝˊ
有模子,1,ㄧㄡˇ ㄇㄨˊ ㄗ˙
有樣子,1,ㄧㄡˇ ㄧㄤˋ ㄗ˙
有機的,1,ㄧㄡˇ ㄐㄧ ㄉㄜ˙
有無句,1,ㄧㄡˇ ㄨˊ ㄐㄩˋ
有理化,1,ㄧㄡˇ ㄌㄧˇ ㄏㄨㄚˋ
有理式,1,ㄧㄡˇ ㄌㄧˇ ㄕˋ
有瓜葛,1,ㄧㄡˇ ㄍㄨㄚ ㄍㄜ˙
有眉目,1,ㄧㄡˇ ㄇㄟˊ ㄇㄨ˙
有看頭,1,ㄧㄡˇ ㄎㄢˋ ㄊㄡ˙
有眼光,1,ㄧㄡˇ ㄧㄢˇ ㄍㄨㄤ
有眼力,1,ㄧㄡˇ ㄧㄢˇ ㄌㄧˋ
有眼色,1,ㄧㄡˇ ㄧㄢˇ ㄙㄜˋ
有給職,1,ㄧㄡˇ ㄐㄧˇ ㄓˊ
有線電,1,ㄧㄡˇ ㄒㄧㄢˋ ㄉㄧㄢˋ
有肚皮,1,ㄧㄡˇ ㄉㄨˋ ㄆㄧˊ
有肚腸,1,ㄧㄡˇ ㄉㄨˋ ㄔㄤˊ
有肝膽,1,ㄧㄡˇ ㄍㄢ ㄉㄢˇ
有臉面,1,ㄧㄡˇ ㄌㄧㄢˇ ㄇㄧㄢˋ
有良心,1,ㄧㄡˇ ㄌㄧㄤˊ ㄒㄧㄣ
有苗頭,1,ㄧㄡˇ ㄇㄧㄠˊ ㄊㄡ˙
有著落,1,ㄧㄡˇ ㄓㄨㄛˊ ㄌㄨㄛ˙
有虞氏,1,ㄧㄡˇ ㄩˊ ㄕˋ
有血性,1,ㄧㄡˇ ㄒㄩㄝˋ ㄒㄧㄥˋ
有袋類,1,ㄧㄡˇ ㄉㄞˋ ㄌㄟˋ
有見識,1,ㄧㄡˇ ㄐㄧㄢˋ ㄕˋ
有講究,1,ㄧㄡˇ ㄐㄧㄤˇ ㄐㄧㄡ˙
有賺頭,1,ㄧㄡˇ ㄓㄨㄢˋ ㄊㄡ˙
有起色,1,ㄧㄡˇ ㄑㄧˇ ㄙㄜ˙
有蹄類,1,ㄧㄡˇ ㄊㄧˊ ㄌㄟˋ
有針線,1,ㄧㄡˇ ㄓㄣ ㄒㄧㄢˋ
有門路,1,ㄧㄡˇ ㄇㄣˊ ㄌㄨˋ
有靈觀,1,ㄧㄡˇ ㄌㄧㄥˊ ㄍㄨㄢ
有靳道,1,ㄧㄡˇ ㄐㄧㄣˋ ㄉㄠˋ
有頭腦,1,ㄧㄡˇ ㄊㄡˊ ㄋㄠˇ
有頭臉,1,ㄧㄡˇ ㄊㄡˊ ㄌㄧㄢˇ
有首尾,1,ㄧㄡˇ ㄕㄡˇ ㄨㄟˇ
有骨氣,1,ㄧㄡˇ ㄍㄨˇ ㄑㄧˋ
有骨頭,1,ㄧㄡˇ ㄍㄨˊ ㄊㄡ˙
有鱗目,1,ㄧㄡˇ ㄌㄧㄣˊ ㄇㄨˋ
朋黨論,1,ㄆㄥˊ ㄉㄤˇ ㄌㄨㄣˋ
服低捋,1,ㄈㄨˊ ㄉㄧ ㄌㄜˋ
服務臺,1,ㄈㄨˊ ㄨˋ ㄊㄞˊ
服務證,1,ㄈㄨˊ ㄨˋ ㄓㄥˋ
服水土,1,ㄈㄨˊ ㄕㄨㄟˇ ㄊㄨˇ
朗格的,1,ㄌㄤˇ ㄍㄜˊ ㄉㄜ˙
朗誦詩,1,ㄌㄤˇ ㄙㄨㄥˋ ㄕ
朗誦調,1,ㄌㄤˇ ㄙㄨㄥˋ ㄉㄧㄠˋ
望夫石,1,ㄨㄤˋ ㄈㄨ ㄕˊ
望巴巴,1,ㄨㄤˋ ㄅㄚ ㄅㄚ
望樓車,1,ㄨㄤˋ ㄌㄡˊ ㄔㄜ
望諸君,1,ㄨㄤˋ ㄓㄨ ㄐㄩㄣ
望鄉臺,1,ㄨㄤˋ ㄒㄧㄤ ㄊㄞˊ
望門妨,1,ㄨㄤˋ ㄇㄣˊ ㄈㄤ
望門寡,1,ㄨㄤˋ ㄇㄣˊ ㄍㄨㄚˇ
朝天宮,1,ㄔㄠˊ ㄊㄧㄢ ㄍㄨㄥ
朝天髻,1,ㄔㄠˊ ㄊㄧㄢ ㄐㄧˋ
朝暮人,1,ㄓㄠ ㄇㄨˋ ㄖㄣˊ
朝陽縣,1,ㄔㄠˊ ㄧㄤˊ ㄒㄧㄢˋ
朝陽花,1,ㄔㄠˊ ㄧㄤˊ ㄏㄨㄚ
朝鮮文,1,ㄔㄠˊ ㄒㄧㄢ ㄨㄣˊ
朝鮮薊,1,ㄔㄠˊ ㄒㄧㄢ ㄐㄧˋ
木上座,1,ㄇㄨˋ ㄕㄤˋ ㄗㄨㄛˋ
木伴哥,1,ㄇㄨˋ ㄅㄢˋ ㄍㄜ
木偶人,1,ㄇㄨˋ ㄡˇ ㄖㄣˊ
木刻畫,1,ㄇㄨˋ ㄎㄜ ㄏㄨㄚˋ
木化石,1,ㄇㄨˋ ㄏㄨㄚˋ ㄕˊ
木嗩吶,1,ㄇㄨˋ ㄙㄨㄛˇ ㄋㄚˋ
木天署,1,ㄇㄨˋ ㄊㄧㄢ ㄕㄨˇ
木心板,1,ㄇㄨˋ ㄒㄧㄣ ㄅㄢˇ
木木然,1,ㄇㄨˋ ㄇㄨˋ ㄖㄢˊ
木板畫,1,ㄇㄨˋ ㄅㄢˇ ㄏㄨㄚˋ
木柈子,1,ㄇㄨˋ ㄆㄢˋ ㄗ˙
木活字,1,ㄇㄨˋ ㄏㄨㄛˊ ㄗˋ
木焦油,1,ㄇㄨˋ ㄐㄧㄠ ㄧㄡˊ
木煤氣,1,ㄇㄨˋ ㄇㄟˊ ㄑㄧˋ
木老鴉,1,ㄇㄨˋ ㄌㄠˇ ㄧㄚ
木腳道,1,ㄇㄨˋ ㄐㄧㄠˇ ㄉㄠˋ
木芍藥,1,ㄇㄨˋ ㄕㄠˊ ㄧㄠˋ
木花油,1,ㄇㄨˋ ㄏㄨㄚ ㄧㄡˊ
木蘭步,1,ㄇㄨˋ ㄌㄢˊ ㄅㄨˋ
木蘭舟,1,ㄇㄨˋ ㄌㄢˊ ㄓㄡ
木螺釘,1,ㄇㄨˋ ㄌㄨㄛˊ ㄉㄧㄥ
木質莖,1,ㄇㄨˋ ㄓˊ ㄐㄧㄥ
木餾油,1,ㄇㄨˋ ㄌㄧㄡˋ ㄧㄡˊ
木魚書,1,ㄇㄨˋ ㄩˊ ㄕㄨ
未了因,1,ㄨㄟˋ ㄌㄧㄠˇ ㄧㄣ
未來學,1,ㄨㄟˋ ㄌㄞˊ ㄒㄩㄝˊ
未入流,1,ㄨㄟˋ ㄖㄨˋ ㄌㄧㄡˊ
未央宮,1,ㄨㄟˋ ㄧㄤ ㄍㄨㄥ
未易才,1,ㄨㄟˋ ㄧˋ ㄘㄞˊ
未決犯,1,ㄨㄟˋ ㄐㄩㄝˊ ㄈㄢˋ
未熟兒,1,ㄨㄟˋ ㄕㄨˊ ㄦˊ
未知元,1,ㄨㄟˋ ㄓ ㄩㄢˊ
未遂犯,1,ㄨㄟˋ ㄙㄨㄟˋ ㄈㄢˋ
未過門,1,ㄨㄟˋ ㄍㄨㄛˋ ㄇㄣˊ
末世論,1,ㄇㄛˋ ㄕˋ ㄌㄨㄣˋ
末奈何,1,ㄇㄛˋ ㄋㄞˋ ㄏㄜˊ
末子堆,1,ㄇㄛˋ ㄗ˙ ㄉㄨㄟ
末末了,1,ㄇㄛˋ ㄇㄛˋ ㄌㄧㄠˇ
末杪年,1,ㄇㄛˋ ㄇㄧㄠˇ ㄋㄧㄢˊ
末梢頭,1,ㄇㄛˋ ㄕㄠ ㄊㄡˊ
末耐何,1,ㄇㄛˋ ㄋㄞˋ ㄏㄜˊ
末路人,1,ㄇㄛˋ ㄌㄨˋ ㄖㄣˊ
本分事,1,ㄅㄣˇ ㄈㄣˋ ㄕˋ
本分錢,1,ㄅㄣˇ ㄈㄣˋ ㄑㄧㄢˊ
本利比,1,ㄅㄣˇ ㄌㄧˋ ㄅㄧˇ
本司院,1,ㄅㄣˇ ㄙ ㄩㄢˋ
本命年,1,ㄅㄣˇ ㄇㄧㄥˋ ㄋㄧㄢˊ
本命星,1,ㄅㄣˇ ㄇㄧㄥˋ ㄒㄧㄥ
本因坊,1,ㄅㄣˇ ㄧㄣ ㄈㄤ
本地貨,1,ㄅㄣˇ ㄉㄧˋ ㄏㄨㄛˋ
本底子,1,ㄅㄣˇ ㄉㄧˇ ㄗ˙
本無宗,1,ㄅㄣˇ ㄨˊ ㄗㄨㄥ
本科系,1,ㄅㄣˇ ㄎㄜ ㄒㄧˋ
本管官,1,ㄅㄣˇ ㄍㄨㄢˇ ㄍㄨㄢ
本色銀,1,ㄅㄣˇ ㄙㄜˋ ㄧㄣˊ
本草經,1,ㄅㄣˇ ㄘㄠˇ ㄐㄧㄥ
朱一貴,1,ㄓㄨ ㄧ ㄍㄨㄟˋ
朱仙鎮,1,ㄓㄨ ㄒㄧㄢ ㄓㄣˋ
朱全忠,1,ㄓㄨ ㄑㄩㄢˊ ㄓㄨㄥ
朱印本,1,ㄓㄨ ㄧㄣˋ ㄅㄣˇ
朱古力,1,ㄓㄨ ㄍㄨˇ ㄌㄧˋ
朱執信,1,ㄓㄨ ㄓˊ ㄒㄧㄣˋ
朱墨本,1,ㄓㄨ ㄇㄛˋ ㄅㄣˇ
朱子學,1,ㄓㄨ ㄗˇ ㄒㄩㄝˊ
朱希真,1,ㄓㄨ ㄒㄧ ㄓㄣ
朱彞尊,1,ㄓㄨ ㄧˊ ㄗㄨㄣ
朱慶餘,1,ㄓㄨ ㄑㄧㄥˋ ㄩˊ
朱敦儒,1,ㄓㄨ ㄉㄨㄣ ㄖㄨˊ
朱柏廬,1,ㄓㄨ ㄅㄛˊ ㄌㄨˊ
朱比特,1,ㄓㄨ ㄅㄧˇ ㄊㄜˋ
朱洪武,1,ㄓㄨ ㄏㄨㄥˊ ㄨˇ
朱淑真,1,ㄓㄨ ㄕㄨˊ ㄓㄣ
朱砂符,1,ㄓㄨ ㄕㄚ ㄈㄨˊ
朱祖謀,1,ㄓㄨ ㄗㄨˇ ㄇㄡˊ
朱舜水,1,ㄓㄨ ㄕㄨㄣˋ ㄕㄨㄟˇ
朱衣吏,1,ㄓㄨ ㄧ ㄌㄧˋ
朱衣神,1,ㄓㄨ ㄧ ㄕㄣˊ
朱買臣,1,ㄓㄨ ㄇㄞˇ ㄔㄣˊ
朱雀橋,1,ㄓㄨ ㄑㄩㄝˋ ㄑㄧㄠˊ
朱駿聲,1,ㄓㄨ ㄐㄩㄣˋ ㄕㄥ
朴子市,1,ㄆㄨˊ ㄗˇ ㄕˋ
朴實頭,1,ㄆㄨˊ ㄕˊ ㄊㄡˊ
朽木蟲,1,ㄒㄧㄡˇ ㄇㄨˋ ㄔㄨㄥˊ
杆子頭,1,ㄍㄢ ㄗ˙ ㄊㄡˊ
李三娘,1,ㄌㄧˇ ㄙㄢ ㄋㄧㄤˊ
李伯陽,1,ㄌㄧˇ ㄅㄛˊ ㄧㄤˊ
李公佐,1,ㄌㄧˇ ㄍㄨㄥ ㄗㄨㄛˇ
李太白,1,ㄌㄧˇ ㄊㄞˋ ㄅㄞˊ
李夫人,1,ㄌㄧˇ ㄈㄨ ㄖㄣˊ
李娃傳,1,ㄌㄧˇ ㄨㄚˊ ㄓㄨㄢˋ
李存勗,1,ㄌㄧˇ ㄘㄨㄣˊ ㄒㄩˋ
李寶嘉,1,ㄌㄧˇ ㄅㄠˇ ㄐㄧㄚ
李小龍,1,ㄌㄧˇ ㄒㄧㄠˇ ㄌㄨㄥˊ
李少君,1,ㄌㄧˇ ㄕㄠˋ ㄐㄩㄣ
李廣利,1,ㄌㄧˇ ㄍㄨㄤˇ ㄌㄧˋ
李延年,1,ㄌㄧˇ ㄧㄢˊ ㄋㄧㄢˊ
李後主,1,ㄌㄧˇ ㄏㄡˋ ㄓㄨˇ
李德裕,1,ㄌㄧˇ ㄉㄜˊ ㄩˋ
李思訓,1,ㄌㄧˇ ㄙ ㄒㄩㄣˋ
李惠堂,1,ㄌㄧˇ ㄏㄨㄟˋ ㄊㄤˊ
李慈銘,1,ㄌㄧˇ ㄘˊ ㄇㄧㄥˊ
李抱忱,1,ㄌㄧˇ ㄅㄠˋ ㄔㄣˊ
李政道,1,ㄌㄧˇ ㄓㄥˋ ㄉㄠˋ
李斯特,1,ㄌㄧˇ ㄙ ㄊㄜˋ
李方桂,1,ㄌㄧˇ ㄈㄤ ㄍㄨㄟˋ
李易安,1,ㄌㄧˇ ㄧˋ ㄢ
李汝珍,1,ㄌㄧˇ ㄖㄨˇ ㄓㄣ
李淳風,1,ㄌㄧˇ ㄔㄨㄣˊ ㄈㄥ
李漁叔,1,ㄌㄧˇ ㄩˊ ㄕㄨˊ
李爾王,1,ㄌㄧˇ ㄦˇ ㄨㄤˊ
李瑞清,1,ㄌㄧˇ ㄖㄨㄟˋ ㄑㄧㄥ
李義山,1,ㄌㄧˇ ㄧˋ ㄕㄢ
李老君,1,ㄌㄧˇ ㄌㄠˇ ㄐㄩㄣ
李膺門,1,ㄌㄧˇ ㄧㄥ ㄇㄣˊ
李蓮英,1,ㄌㄧˇ ㄌㄧㄢˊ ㄧㄥ
李陵碑,1,ㄌㄧˇ ㄌㄧㄥˊ ㄅㄟ
李陽冰,1,ㄌㄧˇ ㄧㄤˊ ㄅㄧㄥ
李隆基,1,ㄌㄧˇ ㄌㄨㄥˊ ㄐㄧ
李龜年,1,ㄌㄧˇ ㄍㄨㄟ ㄋㄧㄢˊ
杏仁槽,1,ㄒㄧㄥˋ ㄖㄣˊ ㄘㄠˊ
杏仁油,1,ㄒㄧㄥˋ ㄖㄣˊ ㄧㄡˊ
杏仁粉,1,ㄒㄧㄥˋ ㄖㄣˊ ㄈㄣˇ
村務酒,1,ㄘㄨㄣ ㄨˋ ㄐㄧㄡˇ
村天樂,1,ㄘㄨㄣ ㄊㄧㄢ ㄌㄜˋ
村夫子,1,ㄘㄨㄣ ㄈㄨ ㄗˇ
村學究,1,ㄘㄨㄣ ㄒㄩㄝˊ ㄐㄧㄡˋ
村老子,1,ㄘㄨㄣ ㄌㄠˇ ㄗˇ
村路歧,1,ㄘㄨㄣ ㄌㄨˋ ㄑㄧˊ
杖子頭,1,ㄓㄤˋ ㄗ˙ ㄊㄡˊ
杖期夫,1,ㄓㄤˋ ㄐㄧ ㄈㄨ
杖頭資,1,ㄓㄤˋ ㄊㄡˊ ㄗ
杖頭錢,1,ㄓㄤˋ ㄊㄡˊ ㄑㄧㄢˊ
杜工部,1,ㄉㄨˋ ㄍㄨㄥ ㄅㄨˋ
杜秋娘,1,ㄉㄨˋ ㄑㄧㄡ ㄋㄧㄤˊ
杜茅柴,1,ㄉㄨˋ ㄇㄠˊ ㄔㄞˊ
杜鵑窩,1,ㄉㄨˋ ㄐㄩㄢ ㄨㄛ
杞梁妻,1,ㄑㄧˇ ㄌㄧㄤˊ ㄑㄧ
杭愛山,1,ㄏㄤˊ ㄞˋ ㄕㄢ
杯盤舞,1,ㄅㄟ ㄆㄢˊ ㄨˇ
東北亞,1,ㄉㄨㄥ ㄅㄟˇ ㄧㄚˋ
東南歐,1,ㄉㄨㄥ ㄋㄢˊ ㄡ
東坡肉,1,ㄉㄨㄥ ㄆㄛ ㄖㄡˋ
東塔宗,1,ㄉㄨㄥ ㄊㄚˇ ㄗㄨㄥ
東巴文,1,ㄉㄨㄥ ㄅㄚ ㄨㄣˊ
東方熱,1,ㄉㄨㄥ ㄈㄤ ㄖㄜˋ
東方騎,1,ㄉㄨㄥ ㄈㄤ ㄐㄧˋ
東昌紙,1,ㄉㄨㄥ ㄔㄤ ㄓˇ
東林黨,1,ㄉㄨㄥ ㄌㄧㄣˊ ㄉㄤˇ
東沙島,1,ㄉㄨㄥ ㄕㄚ ㄉㄠˇ
東洋人,1,ㄉㄨㄥ ㄧㄤˊ ㄖㄣˊ
東洋劍,1,ㄉㄨㄥ ㄧㄤˊ ㄐㄧㄢˋ
東洋話,1,ㄉㄨㄥ ㄧㄤˊ ㄏㄨㄚˋ
東王公,1,ㄉㄨㄥ ㄨㄤˊ ㄍㄨㄥ
東莞縣,1,ㄉㄨㄥ ㄍㄨㄢˇ ㄒㄧㄢˋ
東華門,1,ㄉㄨㄥ ㄏㄨㄚˊ ㄇㄣˊ
東郭履,1,ㄉㄨㄥ ㄍㄨㄛ ㄌㄩˇ
東鄉族,1,ㄉㄨㄥ ㄒㄧㄤ ㄗㄨˊ
東陵瓜,1,ㄉㄨㄥ ㄌㄧㄥˊ ㄍㄨㄚ
杵臼交,1,ㄔㄨˇ ㄐㄧㄡˋ ㄐㄧㄠ
松柏園,1,ㄙㄨㄥ ㄅㄛˊ ㄩㄢˊ
松煙墨,1,ㄙㄨㄥ ㄧㄢ ㄇㄛˋ
松球魚,1,ㄙㄨㄥ ㄑㄧㄡˊ ㄩˊ
松皮癬,1,ㄙㄨㄥ ㄆㄧˊ ㄒㄧㄢˇ
松脂石,1,ㄙㄨㄥ ㄓ ㄕˊ
松花硯,1,ㄙㄨㄥ ㄏㄨㄚ ㄧㄢˋ
松花紙,1,ㄙㄨㄥ ㄏㄨㄚ ㄓˇ
松花餅,1,ㄙㄨㄥ ㄏㄨㄚ ㄅㄧㄥˇ
松葉蕨,1,ㄙㄨㄥ ㄧㄝˋ ㄐㄩㄝˊ
松藻蟲,1,ㄙㄨㄥ ㄗㄠˇ ㄔㄨㄥˊ
松風流,1,ㄙㄨㄥ ㄈㄥ ㄌㄧㄡˊ
松香油,1,ㄙㄨㄥ ㄒㄧㄤ˙ ㄧㄡˊ
板殼蟲,1,ㄅㄢˇ ㄎㄜˊ ㄔㄨㄥˊ
板牆球,1,ㄅㄢˇ ㄑㄧㄤˊ ㄑㄧㄡˊ
板腔體,1,ㄅㄢˇ ㄑㄧㄤ ㄊㄧˇ
板起臉,1,ㄅㄢˇ ㄑㄧˇ ㄌㄧㄢˇ
枇杷膏,1,ㄆㄧˊ ㄆㄚ˙ ㄍㄠ
枉死城,1,ㄨㄤˇ ㄙˇ ㄔㄥˊ
枋寮鄉,1,ㄈㄤ ㄌㄧㄠˊ ㄒㄧㄤ
枋山鄉,1,ㄈㄤ ㄕㄢ ㄒㄧㄤ
枕中記,1,ㄓㄣˇ ㄓㄨㄥ ㄐㄧˋ
枕邊靈,1,ㄓㄣˇ ㄅㄧㄢ ㄌㄧㄥˊ
枕頭箱,1,ㄓㄣˇ ㄊㄡ˙ ㄒㄧㄤ
林內鄉,1,ㄌㄧㄣˊ ㄋㄟˋ ㄒㄧㄤ
林和靖,1,ㄌㄧㄣˊ ㄏㄜˊ ㄐㄧㄥˋ
林宗巾,1,ㄌㄧㄣˊ ㄗㄨㄥ ㄐㄧㄣ
林布蘭,1,ㄌㄧㄣˊ ㄅㄨˋ ㄌㄢˊ
林投姐,1,ㄌㄧㄣˊ ㄊㄡˊ ㄐㄧㄝˇ
林樂知,1,ㄌㄧㄣˊ ㄌㄜˋ ㄓ
林爽文,1,ㄌㄧㄣˊ ㄕㄨㄤˇ ㄨㄣˊ
林獻堂,1,ㄌㄧㄣˊ ㄒㄧㄢˋ ㄊㄤˊ
林琴南,1,ㄌㄧㄣˊ ㄑㄧㄣˊ ㄋㄢˊ
林羅山,1,ㄌㄧㄣˊ ㄌㄨㄛˊ ㄕㄢ
林邊鄉,1,ㄌㄧㄣˊ ㄅㄧㄢ ㄒㄧㄤ
林風眠,1,ㄌㄧㄣˊ ㄈㄥ ㄇㄧㄢˊ
林默娘,1,ㄌㄧㄣˊ ㄇㄛˋ ㄋㄧㄤˊ
果子藥,1,ㄍㄨㄛˇ ㄗ˙ ㄧㄠˋ
果子鋪,1,ㄍㄨㄛˇ ㄗ˙ ㄆㄨˋ
果寡糖,1,ㄍㄨㄛˇ ㄍㄨㄚˇ ㄊㄤˊ
果菜類,1,ㄍㄨㄛˇ ㄘㄞˋ ㄌㄟˋ
枯葉蝶,1,ㄎㄨ ㄧㄝˋ ㄉㄧㄝˊ
枳首蛇,1,ㄓˇ ㄕㄡˇ ㄕㄜˊ
架不住,1,ㄐㄧㄚˋ ㄅㄨˋ ㄓㄨˋ
架秧子,1,ㄐㄧㄚˋ ㄧㄤ ㄗ˙
架舌頭,1,ㄐㄧㄚˋ ㄕㄜˊ ㄊㄡ˙
枸櫞酸,1,ㄐㄩˇ ㄩㄢˊ ㄙㄨㄢ
柏京其,1,ㄅㄛˊ ㄐㄧㄥ ㄑㄧˊ
柏卡里,1,ㄅㄛˊ ㄎㄚˇ ㄌㄧˇ
柏塞麥,1,ㄅㄛˊ ㄙㄜˋ ㄇㄞˋ
柏文蔚,1,ㄅㄛˊ ㄨㄣˊ ㄨㄟˋ
柏木油,1,ㄅㄛˊ ㄇㄨˋ ㄧㄡˊ
柏格曼,1,ㄅㄛˊ ㄍㄜˊ ㄇㄢˋ
柏格森,1,ㄅㄛˊ ㄍㄜˊ ㄙㄣ
柏梁臺,1,ㄅㄛˊ ㄌㄧㄤˊ ㄊㄞˊ
柏梁詩,1,ㄅㄛˊ ㄌㄧㄤˊ ㄕ
柏梁體,1,ㄅㄛˊ ㄌㄧㄤˊ ㄊㄧˇ
柏舟操,1,ㄅㄛˊ ㄓㄡ ㄘㄠ
柏鄉縣,1,ㄅㄛˊ ㄒㄧㄤ ㄒㄧㄢˋ
柏青哥,1,ㄅㄛˊ ㄑㄧㄥ ㄍㄜ
柑香酒,1,ㄍㄢ ㄒㄧㄤ ㄐㄧㄡˇ
柔光鏡,1,ㄖㄡˊ ㄍㄨㄤ ㄐㄧㄥˋ
查兌克,1,ㄔㄚˊ ㄉㄨㄟˋ ㄎㄜˋ
查士標,1,ㄓㄚ ㄕˋ ㄅㄧㄠ
查慎行,1,ㄓㄚ ㄕㄣˋ ㄒㄧㄥˊ
柯林斯,1,ㄎㄜ ㄌㄧㄣˊ ㄙ
柯梅尼,1,ㄎㄜ ㄇㄟˊ ㄋㄧˊ
柱下史,1,ㄓㄨˋ ㄒㄧㄚˋ ㄕˇ
柳公權,1,ㄌㄧㄡˇ ㄍㄨㄥ ㄑㄩㄢˊ
柳如是,1,ㄌㄧㄡˇ ㄖㄨˊ ㄕˋ
柳子戲,1,ㄌㄧㄡˇ ㄗ˙ ㄒㄧˋ
柳柳州,1,ㄌㄧㄡˇ ㄌㄧㄡˇ ㄓㄡ
柳柳驚,1,ㄌㄧㄡˇ ㄌㄧㄡˇ ㄐㄧㄥ
柳毅傳,1,ㄌㄧㄡˇ ㄧˋ ㄓㄨㄢˋ
柳氏傳,1,ㄌㄧㄡˇ ㄕˋ ㄓㄨㄢˋ
柳河東,1,ㄌㄧㄡˇ ㄏㄜˊ ㄉㄨㄥ
柳盜跖,1,ㄌㄧㄡˇ ㄉㄠˋ ㄓˊ
柳花毬,1,ㄌㄧㄡˇ ㄏㄨㄚ ㄑㄧㄡˊ
柳葉刀,1,ㄌㄧㄡˇ ㄧㄝˋ ㄉㄠ
柳葉描,1,ㄌㄧㄡˇ ㄧㄝˋ ㄇㄧㄠˊ
柳葉眉,1,ㄌㄧㄡˇ ㄧㄝˋ ㄇㄟˊ
柳詒徵,1,ㄌㄧㄡˇ ㄧˊ ㄓㄥ
柵剌子,1,ㄓㄚˋ ㄌㄚˋ ㄗ˙
柿子椒,1,ㄕˋ ㄗ˙ ㄐㄧㄠ
栒子木,1,ㄒㄩㄣˊ ㄗˇ ㄇㄨˋ
栓皮櫟,1,ㄕㄨㄢ ㄆㄧˊ ㄌㄧˋ
栝矢亞,1,ㄍㄨㄚ ㄕˇ ㄧㄚˋ
校對員,1,ㄐㄧㄠˋ ㄉㄨㄟˋ ㄩㄢˊ
校書郎,1,ㄐㄧㄠˋ ㄕㄨ ㄌㄤˊ
株送徒,1,ㄓㄨ ㄙㄨㄥˋ ㄊㄨˊ
核化學,1,ㄏㄜˊ ㄏㄨㄚˋ ㄒㄩㄝˊ
核半徑,1,ㄏㄜˊ ㄅㄢˋ ㄐㄧㄥˋ
核子力,1,ㄏㄜˊ ㄗˇ ㄌㄧˋ
核廢料,1,ㄏㄜˊ ㄈㄟˋ ㄌㄧㄠˋ
核彈頭,1,ㄏㄜˊ ㄉㄢˋ ㄊㄡˊ
核心區,1,ㄏㄜˊ ㄒㄧㄣ ㄑㄩ
核汙染,1,ㄏㄜˊ ㄨ ㄖㄢˇ
核糖體,1,ㄏㄜˊ ㄊㄤˊ ㄊㄧˇ
核苷酸,1,ㄏㄜˊ ㄍㄢ ㄙㄨㄢ
核裝置,1,ㄏㄜˊ ㄓㄨㄤ ㄓˋ
核黃疸,1,ㄏㄜˊ ㄏㄨㄤˊ ㄉㄢˇ
根菜類,1,ㄍㄣ ㄘㄞˋ ㄌㄟˋ
格任亞,1,ㄍㄜˊ ㄖㄣˋ ㄧㄚˋ
格別烏,1,ㄍㄜˊ ㄅㄧㄝˊ ㄨ
格地地,1,ㄍㄜˊ ㄉㄧˋ ㄉㄧˋ
格子眼,1,ㄍㄜˊ ㄗ˙ ㄧㄢˇ
格登登,1,ㄍㄜˊ ㄉㄥ ㄉㄥ
格里曆,1,ㄍㄜˊ ㄌㄧˇ ㄌㄧˋ
格魯派,1,ㄍㄜˊ ㄌㄨˇ ㄆㄞˋ
栽觔斗,1,ㄗㄞ ㄐㄧㄣ ㄉㄡˇ
栽跟頭,1,ㄗㄞ ㄍㄣ ㄊㄡ˙
桂皮酸,1,ㄍㄨㄟˋ ㄆㄧˊ ㄙㄨㄢ
桂竹香,1,ㄍㄨㄟˋ ㄓㄨˊ ㄒㄧㄤ
桂陽縣,1,ㄍㄨㄟˋ ㄧㄤˊ ㄒㄧㄢˋ
桃園盟,1,ㄊㄠˊ ㄩㄢˊ ㄇㄥˊ
桃核雕,1,ㄊㄠˊ ㄏㄜˊ ㄉㄧㄠ
桃源圖,1,ㄊㄠˊ ㄩㄢˊ ㄊㄨˊ
桃源行,1,ㄊㄠˊ ㄩㄢˊ ㄒㄧㄥˊ
桃花劫,1,ㄊㄠˊ ㄏㄨㄚ ㄐㄧㄝˊ
桃花妝,1,ㄊㄠˊ ㄏㄨㄚ ㄓㄨㄤ
桃花星,1,ㄊㄠˊ ㄏㄨㄚ ㄒㄧㄥ
桃花水,1,ㄊㄠˊ ㄏㄨㄚ ㄕㄨㄟˇ
桃花汛,1,ㄊㄠˊ ㄏㄨㄚ ㄒㄩㄣˋ
桃花眼,1,ㄊㄠˊ ㄏㄨㄚ ㄧㄢˇ
桃花紙,1,ㄊㄠˊ ㄏㄨㄚ ㄓˇ
桃花面,1,ㄊㄠˊ ㄏㄨㄚ ㄇㄧㄢˋ
桃葉歌,1,ㄊㄠˊ ㄧㄝˋ ㄍㄜ
桃葉渡,1,ㄊㄠˊ ㄧㄝˋ ㄉㄨˋ
案頭劇,1,ㄢˋ ㄊㄡˊ ㄐㄩˋ
案頭書,1,ㄢˋ ㄊㄡˊ ㄕㄨ
桐城縣,1,ㄊㄨㄥˊ ㄔㄥˊ ㄒㄧㄢˋ
桐花煙,1,ㄊㄨㄥˊ ㄏㄨㄚ ㄧㄢ
桐花鳳,1,ㄊㄨㄥˊ ㄏㄨㄚ ㄈㄥˋ
桑乾河,1,ㄙㄤ ㄍㄢ ㄏㄜˊ
桑弘羊,1,ㄙㄤ ㄏㄨㄥˊ ㄧㄤˊ
桑新婦,1,ㄙㄤ ㄒㄧㄣ ㄈㄨˋ
桑琅琅,1,ㄙㄤ ㄌㄤˊ ㄌㄤˊ
桑白皮,1,ㄙㄤ ㄅㄞˊ ㄆㄧˊ
桑皮紙,1,ㄙㄤ ㄆㄧˊ ㄓˇ
桑落酒,1,ㄙㄤ ㄌㄨㄛˋ ㄐㄧㄡˇ
桑那浴,1,ㄙㄤ ㄋㄚˋ ㄩˋ
桔槔烽,1,ㄐㄧㄝˊ ㄍㄠ ㄈㄥ
梁任公,1,ㄌㄧㄤˊ ㄖㄣˋ ㄍㄨㄥ
梁元帝,1,ㄌㄧㄤˊ ㄩㄢˊ ㄉㄧˋ
梁太祖,1,ㄌㄧㄤˊ ㄊㄞˋ ㄗㄨˇ
梁惠王,1,ㄌㄧㄤˊ ㄏㄨㄟˋ ㄨㄤˊ
梁敬帝,1,ㄌㄧㄤˊ ㄐㄧㄥˋ ㄉㄧˋ
梁父吟,1,ㄌㄧㄤˊ ㄈㄨˇ ㄧㄣˊ
梁皇懺,1,ㄌㄧㄤˊ ㄏㄨㄤˊ ㄔㄢˋ
梁紅玉,1,ㄌㄧㄤˊ ㄏㄨㄥˊ ㄩˋ
梁辰魚,1,ㄌㄧㄤˊ ㄔㄣˊ ㄩˊ
梅山鄉,1,ㄇㄟˊ ㄕㄢ ㄒㄧㄤ
梅花妝,1,ㄇㄟˊ ㄏㄨㄚ ㄓㄨㄤ
梅花嶺,1,ㄇㄟˊ ㄏㄨㄚ ㄌㄧㄥˇ
梅花席,1,ㄇㄟˊ ㄏㄨㄚ ㄒㄧˊ
梅花樁,1,ㄇㄟˊ ㄏㄨㄚ ㄓㄨㄤ
梅龍鎮,1,ㄇㄟˊ ㄌㄨㄥˊ ㄓㄣˋ
梆子腔,1,ㄅㄤ ㄗ˙ ㄑㄧㄤ
梏十指,1,ㄍㄨˋ ㄕˊ ㄓˇ
梔子花,1,ㄓ ㄗ˙ ㄏㄨㄚ
條件句,1,ㄊㄧㄠˊ ㄐㄧㄢˋ ㄐㄩˋ
條形圖,1,ㄊㄧㄠˊ ㄒㄧㄥˊ ㄊㄨˊ
條桑育,1,ㄊㄧㄠˊ ㄙㄤ ㄩˋ
梧州市,1,ㄨˊ ㄓㄡ ㄕˋ
梨園戲,1,ㄌㄧˊ ㄩㄢˊ ㄒㄧˋ
梨園行,1,ㄌㄧˊ ㄩㄢˊ ㄏㄤˊ
梨花片,1,ㄌㄧˊ ㄏㄨㄚ ㄆㄧㄢˋ
梨花簡,1,ㄌㄧˊ ㄏㄨㄚ ㄐㄧㄢˇ
梭微子,1,ㄙㄨㄛ ㄨㄟˊ ㄗˇ
梯恩梯,1,ㄊㄧ ㄣ ㄊㄧ
梳妝臺,1,ㄕㄨ ㄓㄨㄤ ㄊㄞˊ
梳辮子,1,ㄕㄨ ㄅㄧㄢˋ ㄗ˙
梵王宮,1,ㄈㄢˋ ㄨㄤˊ ㄍㄨㄥ
棉布婚,1,ㄇㄧㄢˊ ㄅㄨˋ ㄏㄨㄣ
棉手籠,1,ㄇㄧㄢˊ ㄕㄡˇ ㄌㄨㄥˊ
棉花嘴,1,ㄇㄧㄢˊ ㄏㄨㄚ ㄗㄨㄟˇ
棉花絨,1,ㄇㄧㄢˊ ㄏㄨㄚ ㄖㄨㄥˊ
棉花胎,1,ㄇㄧㄢˊ ㄏㄨㄚ ㄊㄞ
棉被窩,1,ㄇㄧㄢˊ ㄅㄟˋ ㄨㄛ
棒子手,1,ㄅㄤˋ ㄗ˙ ㄕㄡˇ
棒子麵,1,ㄅㄤˋ ㄗ˙ ㄇㄧㄢˋ
棒球卡,1,ㄅㄤˋ ㄑㄧㄡˊ ㄎㄚˇ
棒針衫,1,ㄅㄤˋ ㄓㄣ ㄕㄢ
棕色種,1,ㄗㄨㄥ ㄙㄜˋ ㄓㄨㄥˇ
棗核臉,1,ㄗㄠˇ ㄏㄜˊ ㄌㄧㄢˇ
棗椰子,1,ㄗㄠˇ ㄧㄝˊ ㄗˇ
棘針科,1,ㄐㄧˊ ㄓㄣ ㄎㄜ
棘針門,1,ㄐㄧˊ ㄓㄣ ㄇㄣˊ
棚蜘蛛,1,ㄆㄥˊ ㄓ ㄓㄨ
森林法,1,ㄙㄣ ㄌㄧㄣˊ ㄈㄚˇ
森羅殿,1,ㄙㄣ ㄌㄨㄛˊ ㄉㄧㄢˋ
棲息地,1,ㄑㄧ ㄒㄧˊ ㄉㄧˋ
棲流所,1,ㄑㄧ ㄌㄧㄡˊ ㄙㄨㄛˇ
棺材本,1,ㄍㄨㄢ ㄘㄞ˙ ㄅㄣˇ
棺材板,1,ㄍㄨㄢ ㄘㄞ˙ ㄅㄢˇ
植物誌,1,ㄓˊ ㄨˋ ㄓˋ
椒花頌,1,ㄐㄧㄠ ㄏㄨㄚ ㄙㄨㄥˋ
椰子油,1,ㄧㄝˊ ㄗ˙ ㄧㄡˊ
楊三郎,1,ㄧㄤˊ ㄙㄢ ㄌㄤˊ
楊乃武,1,ㄧㄤˊ ㄋㄞˇ ㄨˇ
楊國忠,1,ㄧㄤˊ ㄍㄨㄛˊ ㄓㄨㄥ
楊太真,1,ㄧㄤˊ ㄊㄞˋ ㄓㄣ
楊守敬,1,ㄧㄤˊ ㄕㄡˇ ㄐㄧㄥˋ
楊小樓,1,ㄧㄤˊ ㄒㄧㄠˇ ㄌㄡˊ
楊巨源,1,ㄧㄤˊ ㄐㄩˋ ㄩㄢˊ
楊延昭,1,ㄧㄤˊ ㄧㄢˊ ㄓㄠ
楊惠之,1,ㄧㄤˊ ㄏㄨㄟˋ ㄓ
楊振寧,1,ㄧㄤˊ ㄓㄣˋ ㄋㄧㄥˊ
楊文廣,1,ㄧㄤˊ ㄨㄣˊ ㄍㄨㄤˇ
楊文會,1,ㄧㄤˊ ㄨㄣˊ ㄏㄨㄟˋ
楊枝魚,1,ㄧㄤˊ ㄓ ㄩˊ
楊柳腰,1,ㄧㄤˊ ㄌㄧㄡˇ ㄧㄠ
楊柳青,1,ㄧㄤˊ ㄌㄧㄡˇ ㄑㄧㄥ
楊樹達,1,ㄧㄤˊ ㄕㄨˋ ㄉㄚˊ
楊沂孫,1,ㄧㄤˊ ㄧˊ ㄙㄨㄣ
楊白花,1,ㄧㄤˊ ㄅㄞˊ ㄏㄨㄚ
楊白頭,1,ㄧㄤˊ ㄅㄞˊ ㄊㄡˊ
楊維楨,1,ㄧㄤˊ ㄨㄟˊ ㄓㄣ
楊繼盛,1,ㄧㄤˊ ㄐㄧˋ ㄕㄥˋ
楊萬里,1,ㄧㄤˊ ㄨㄢˋ ㄌㄧˇ
楊行密,1,ㄧㄤˊ ㄒㄧㄥˊ ㄇㄧˋ
楊衒之,1,ㄧㄤˊ ㄒㄩㄢˋ ㄓ
楊顯之,1,ㄧㄤˊ ㄒㄧㄢˇ ㄓ
楚懷王,1,ㄔㄨˇ ㄏㄨㄞˊ ㄨㄤˊ
楚漆器,1,ㄔㄨˇ ㄑㄧ ㄑㄧˋ
楚繒書,1,ㄔㄨˇ ㄗㄥ ㄕㄨ
楝花風,1,ㄌㄧㄢˋ ㄏㄨㄚ ㄈㄥ
楞子眼,1,ㄌㄥˋ ㄗ˙ ㄧㄢˇ
楞小子,1,ㄌㄥˋ ㄒㄧㄠˇ ㄗ˙
楞柯柯,1,ㄌㄥˋ ㄎㄜ ㄎㄜ
楞頭青,1,ㄌㄥˋ ㄊㄡˊ ㄑㄧㄥ
業貫盈,1,ㄧㄝˋ ㄍㄨㄢˋ ㄧㄥˊ
楮先生,1,ㄔㄨˇ ㄒㄧㄢ ㄕㄥ
楮知白,1,ㄔㄨˇ ㄓ ㄅㄛˊ
極便當,1,ㄐㄧˊ ㄅㄧㄢˋ ㄉㄤˋ
極坐標,1,ㄐㄧˊ ㄗㄨㄛˋ ㄅㄧㄠ
極樂鳥,1,ㄐㄧˊ ㄌㄜˋ ㄋㄧㄠˇ
極短篇,1,ㄐㄧˊ ㄉㄨㄢˇ ㄆㄧㄢ
概念句,1,ㄍㄞˋ ㄋㄧㄢˋ ㄐㄩˋ
概念車,1,ㄍㄞˋ ㄋㄧㄢˋ ㄔㄜ
概然律,1,ㄍㄞˋ ㄖㄢˊ ㄌㄩˋ
榆林縣,1,ㄩˊ ㄌㄧㄣˊ ㄒㄧㄢˋ
榆次縣,1,ㄩˊ ㄘˋ ㄒㄧㄢˋ
榆白皮,1,ㄩˊ ㄅㄞˊ ㄆㄧˊ
榆莢雨,1,ㄩˊ ㄐㄧㄚˊ ㄩˇ
榆葉梅,1,ㄩˊ ㄧㄝˋ ㄇㄟˊ
榨乳器,1,ㄓㄚˋ ㄖㄨˇ ㄑㄧˋ
榨油水,1,ㄓㄚˋ ㄧㄡˊ ㄕㄨㄟˇ
榮民節,1,ㄖㄨㄥˊ ㄇㄧㄣˊ ㄐㄧㄝˊ
榴彈炮,1,ㄌㄧㄡˊ ㄉㄢˋ ㄆㄠˋ
榴霰彈,1,ㄌㄧㄡˊ ㄒㄧㄢˋ ㄉㄢˋ
槃橐城,1,ㄆㄢˊ ㄊㄨㄛˊ ㄔㄥˊ
槅子眼,1,ㄍㄜˊ ㄗ˙ ㄧㄢˇ
槍仗手,1,ㄑㄧㄤ ㄓㄤˋ ㄕㄡˇ
槐安國,1,ㄏㄨㄞˊ ㄢ ㄍㄨㄛˊ
槓上了,1,ㄍㄤˋ ㄕㄤˋ ㄌㄜ˙
槓刀布,1,ㄍㄤˋ ㄉㄠ ㄅㄨˋ
槓子頭,1,ㄍㄤˋ ㄗ˙ ㄊㄡˊ
槭糖漿,1,ㄘㄨˋ ㄊㄤˊ ㄐㄧㄤ
槲寄生,1,ㄏㄨˊ ㄐㄧˋ ㄕㄥ
樂呵呵,1,ㄌㄜˋ ㄏㄜ ㄏㄜ
樂嘻嘻,1,ㄌㄜˋ ㄒㄧ˙ ㄒㄧ
樂子館,1,ㄌㄜˋ ㄗ˙ ㄍㄨㄢˇ
樂毅論,1,ㄩㄝˋ ㄧˋ ㄌㄨㄣˋ
樂融融,1,ㄌㄜˋ ㄖㄨㄥˊ ㄖㄨㄥˊ
樂遊原,1,ㄌㄜˋ ㄧㄡˊ ㄩㄢˊ
樊於期,1,ㄈㄢˊ ㄨ ㄑㄧˊ
樊江關,1,ㄈㄢˊ ㄐㄧㄤ ㄍㄨㄢ
樓臺會,1,ㄌㄡˊ ㄊㄞˊ ㄏㄨㄟˋ
標手錢,1,ㄅㄧㄠ ㄕㄡˇ ㄑㄧㄢˊ
標準舞,1,ㄅㄧㄠ ㄓㄨㄣˇ ㄨˇ
標的物,1,ㄅㄧㄠ ㄉㄧˋ ㄨˋ
標音法,1,ㄅㄧㄠ ㄧㄣ ㄈㄚˇ
樟腦精,1,ㄓㄤ ㄋㄠˇ ㄐㄧㄥ
模寫論,1,ㄇㄛˊ ㄒㄧㄝˇ ㄌㄨㄣˋ
模板工,1,ㄇㄛˊ ㄅㄢˇ ㄍㄨㄥ
模範區,1,ㄇㄛˊ ㄈㄢˋ ㄑㄩ
模範村,1,ㄇㄛˊ ㄈㄢˋ ㄘㄨㄣ
樣冊子,1,ㄧㄤˋ ㄔㄞˇ ㄗ˙
樨枳子,1,ㄒㄧ ㄓˇ ㄗˇ
樸實頭,1,ㄆㄨˊ ㄕˊ ㄊㄡˊ
樹莓子,1,ㄕㄨˋ ㄇㄟˊ ㄗˇ
樹蟲子,1,ㄕㄨˋ ㄔㄨㄥˊ ㄗ˙
樹行子,1,ㄕㄨˋ ㄏㄤˋ ㄗ˙
橄欖枝,1,ㄍㄢˇ ㄌㄢˇ ㄓ
橈動脈,1,ㄋㄠˊ ㄉㄨㄥˋ ㄇㄞˋ
機伶人,1,ㄐㄧ ㄌㄧㄥ˙ ㄖㄣˊ
機器手,1,ㄐㄧ ㄑㄧˋ ㄕㄡˇ
機器油,1,ㄐㄧ ㄑㄧˋ ㄧㄡˊ
機械手,1,ㄐㄧ ㄒㄧㄝˋ ㄕㄡˇ
機關炮,1,ㄐㄧ ㄍㄨㄢ ㄆㄠˋ
機關頭,1,ㄐㄧ ㄍㄨㄢ ㄊㄡˊ
橢圓規,1,ㄊㄨㄛˇ ㄩㄢˊ ㄍㄨㄟ
橫了心,1,ㄏㄥˊ ㄌㄜ˙ ㄒㄧㄣ
橫剖面,1,ㄏㄥˊ ㄆㄡˇ ㄇㄧㄢˋ
橫死眼,1,ㄏㄥˋ ㄙˇ ㄧㄢˇ
橫膈膜,1,ㄏㄥˊ ㄍㄜˊ ㄇㄛˋ
檀暈妝,1,ㄊㄢˊ ㄩㄣ ㄓㄨㄤ
檀木靴,1,ㄊㄢˊ ㄇㄨˋ ㄒㄩㄝ
檀香扇,1,ㄊㄢˊ ㄒㄧㄤ ㄕㄢˋ
檔子班,1,ㄉㄤˇ ㄗ˙ ㄅㄢ
檢察署,1,ㄐㄧㄢˇ ㄔㄚˊ ㄕㄨˇ
檢察院,1,ㄐㄧㄢˇ ㄔㄚˊ ㄩㄢˋ
檢閱場,1,ㄐㄧㄢˇ ㄩㄝˋ ㄔㄤˊ
檯面上,1,ㄊㄞˊ ㄇㄧㄢˋ ㄕㄤˋ
檳榔嶼,1,ㄅㄧㄣ ㄌㄤˊ ㄩˇ
檳榔攤,1,ㄅㄧㄣ ㄌㄤˊ ㄊㄢ
檸檬素,1,ㄋㄧㄥˊ ㄇㄥˊ ㄙㄨˋ
櫃身子,1,ㄍㄨㄟˋ ㄕㄣ ㄗ˙
櫓帆船,1,ㄌㄨˇ ㄈㄢˊ ㄔㄨㄢˊ
櫛髮工,1,ㄐㄧㄝˊ ㄈㄚˇ ㄍㄨㄥ
櫺星門,1,ㄌㄧㄥˊ ㄒㄧㄥ ㄇㄣˊ
櫻桃宴,1,ㄧㄥ ㄊㄠˊ ㄧㄢˋ
欒城集,1,ㄌㄨㄢˊ ㄔㄥˊ ㄐㄧˊ
欖仁樹,1,ㄌㄢˇ ㄖㄣˊ ㄕㄨˋ
次成河,1,ㄘˋ ㄔㄥˊ ㄏㄜˊ
次程式,1,ㄘˋ ㄔㄥˊ ㄕˋ
次重音,1,ㄘˋ ㄓㄨㄥˋ ㄧㄣ
欸乃曲,1,ㄞˇ ㄋㄞˇ ㄑㄩˇ
欽天監,1,ㄑㄧㄣ ㄊㄧㄢ ㄐㄧㄢˋ
歇馬杯,1,ㄒㄧㄝ ㄇㄚˇ ㄅㄟ
歌五褲,1,ㄍㄜ ㄨˇ ㄎㄨˋ
歌仔戲,1,ㄍㄜ ㄗˇ ㄒㄧˋ
歌舞場,1,ㄍㄜ ㄨˇ ㄔㄤˊ
歌舞片,1,ㄍㄜ ㄨˇ ㄆㄧㄢˋ
歌風臺,1,ㄍㄜ ㄈㄥ ㄊㄞˊ
歎皇陵,1,ㄊㄢˋ ㄏㄨㄤˊ ㄌㄧㄥˊ
歐佩克,1,ㄡ ㄆㄟˋ ㄎㄜˋ
歐巴桑,1,ㄡ ㄅㄚ˙ ㄙㄤ
止不住,1,ㄓˇ ㄅㄨˋ ㄓㄨˋ
止持戒,1,ㄓˇ ㄔˊ ㄐㄧㄝˋ
止血法,1,ㄓˇ ㄒㄧㄝˇ ㄈㄚˇ
止血點,1,ㄓˇ ㄒㄧㄝˇ ㄉㄧㄢˇ
正事主,1,ㄓㄥˋ ㄕˋ ㄓㄨˇ
正反合,1,ㄓㄥˋ ㄈㄢˇ ㄏㄜˊ
正始體,1,ㄓㄥˋ ㄕˇ ㄊㄧˇ
正字法,1,ㄓㄥˋ ㄗˋ ㄈㄚˇ
正字通,1,ㄓㄥˋ ㄗˋ ㄊㄨㄥ
正後像,1,ㄓㄥˋ ㄏㄡˋ ㄒㄧㄤˋ
正思惟,1,ㄓㄥˋ ㄙ ㄨㄟˊ
正手板,1,ㄓㄥˋ ㄕㄡˇ ㄅㄢˇ
正斷層,1,ㄓㄥˋ ㄉㄨㄢˋ ㄘㄥˊ
正明師,1,ㄓㄥˋ ㄇㄧㄥˊ ㄕ
正番鴨,1,ㄓㄥˋ ㄈㄢ ㄧㄚ
正陽縣,1,ㄓㄥˋ ㄧㄤˊ ㄒㄧㄢˋ
正陽門,1,ㄓㄥˋ ㄧㄤˊ ㄇㄣˊ
正陽關,1,ㄓㄥˋ ㄧㄤˊ ㄍㄨㄢ
正集團,1,ㄓㄥˋ ㄐㄧˊ ㄊㄨㄢˊ
步兵炮,1,ㄅㄨˋ ㄅㄧㄥ ㄆㄠˋ
步大汗,1,ㄅㄨˋ ㄉㄚˋ ㄏㄢˋ
步後塵,1,ㄅㄨˋ ㄏㄡˋ ㄔㄣˊ
步月華,1,ㄅㄨˋ ㄩㄝˋ ㄏㄨㄚˊ
步步高,1,ㄅㄨˋ ㄅㄨˋ ㄍㄠ
步程計,1,ㄅㄨˋ ㄔㄥˊ ㄐㄧˋ
步虛聲,1,ㄅㄨˋ ㄒㄩ ㄕㄥ
步行機,1,ㄅㄨˋ ㄒㄧㄥˊ ㄐㄧ
步談機,1,ㄅㄨˋ ㄊㄢˊ ㄐㄧ
步踟躕,1,ㄅㄨˋ ㄔˊ ㄔㄨˊ
步青雲,1,ㄅㄨˋ ㄑㄧㄥ ㄩㄣˊ
步香塵,1,ㄅㄨˋ ㄒㄧㄤ ㄔㄣˊ
武勝關,1,ㄨˇ ㄕㄥˋ ㄍㄨㄢ
武士刀,1,ㄨˇ ㄕˋ ㄉㄠ
武大郎,1,ㄨˇ ㄉㄚ˙ ㄌㄤˊ
武威縣,1,ㄨˇ ㄨㄟ ㄒㄧㄢˋ
武家坡,1,ㄨˇ ㄐㄧㄚ ㄆㄛ
武成王,1,ㄨˇ ㄔㄥˊ ㄨㄤˊ
武把子,1,ㄨˇ ㄅㄚˇ ㄗ˙
武昌市,1,ㄨˇ ㄔㄤ ㄕˋ
武曲星,1,ㄨˇ ㄑㄩ ㄒㄧㄥ
武英殿,1,ㄨˇ ㄧㄥ ㄉㄧㄢˋ
武進士,1,ㄨˇ ㄐㄧㄣˋ ㄕˋ
武陵源,1,ㄨˇ ㄌㄧㄥˊ ㄩㄢˊ
歪主意,1,ㄨㄞ ㄓㄨˇ ㄧˋ
歪剌骨,1,ㄨㄞ ㄌㄚˋ ㄍㄨˇ
歪廝纏,1,ㄨㄞ ㄙ ㄔㄢˊ
歪擺佈,1,ㄨㄞ ㄅㄞˇ ㄅㄨˋ
歪行貨,1,ㄨㄞ ㄏㄤˊ ㄏㄨㄛˋ
歷城縣,1,ㄌㄧˋ ㄔㄥˊ ㄒㄧㄢˋ
歸有光,1,ㄍㄨㄟ ㄧㄡˇ ㄍㄨㄤ
歸謬法,1,ㄍㄨㄟ ㄇㄧㄡˋ ㄈㄚˇ
歹不中,1,ㄉㄞˇ ㄅㄨˋ ㄓㄨㄥˋ
歹事頭,1,ㄉㄞˇ ㄕˋ ㄊㄡˊ
歹做出,1,ㄉㄞˇ ㄗㄨㄛˋ ㄔㄨ
歹婆娘,1,ㄉㄞˇ ㄆㄛˊ ㄋㄧㄤ˙
歹生活,1,ㄉㄞˇ ㄕㄥ ㄏㄨㄛˊ
歹鬥毛,1,ㄉㄞˇ ㄉㄡˋ ㄇㄠˊ
死亡學,1,ㄙˇ ㄨㄤˊ ㄒㄩㄝˊ
死囚牢,1,ㄙˇ ㄑㄧㄡˊ ㄌㄠˊ
死套子,1,ㄙˇ ㄊㄠˋ ㄗ˙
死對頭,1,ㄙˇ ㄉㄨㄟˋ ㄊㄡ˙
死工夫,1,ㄙˇ ㄍㄨㄥ ㄈㄨ˙
死法子,1,ㄙˇ ㄈㄚˊ ㄗ˙
死約會,1,ㄙˇ ㄩㄝ ㄏㄨㄟˋ
死胡同,1,ㄙˇ ㄏㄨˊ ㄊㄨㄥ˙
死臨侵,1,ㄙˇ ㄌㄧㄣˊ ㄑㄧㄣ
死要臉,1,ㄙˇ ㄧㄠˋ ㄌㄧㄢˇ
殖毛劑,1,ㄓˊ ㄇㄠˊ ㄐㄧˋ
殷其靁,1,ㄧㄣˇ ㄑㄧˊ ㄌㄟˊ
殷文存,1,ㄧㄣ ㄨㄣˊ ㄘㄨㄣˊ
殺千刀,1,ㄕㄚ ㄑㄧㄢ ㄉㄠ
殺口甜,1,ㄕㄚ ㄎㄡˇ ㄊㄧㄢˊ
殺威棒,1,ㄕㄚ ㄨㄟ ㄅㄤˋ
殺威風,1,ㄕㄚ ㄨㄟ ㄈㄥ
殺性子,1,ㄕㄚ ㄒㄧㄥˋ ㄗ˙
殺手鐧,1,ㄕㄚ ㄕㄡˇ ㄐㄧㄢˋ
殺狗記,1,ㄕㄚ ㄍㄡˇ ㄐㄧˋ
殺蟲器,1,ㄕㄚ ㄔㄨㄥˊ ㄑㄧˋ
殿上虎,1,ㄉㄧㄢˋ ㄕㄤˋ ㄏㄨˇ
殿頭官,1,ㄉㄧㄢˋ ㄊㄡˊ ㄍㄨㄢ
毀損罪,1,ㄏㄨㄟˇ ㄙㄨㄣˇ ㄗㄨㄟˋ
毌丘儉,1,ㄍㄨㄢˋ ㄑㄧㄡ ㄐㄧㄢˇ
母哈赤,1,ㄇㄨˇ ㄏㄚ ㄔˋ
母大蟲,1,ㄇㄨˇ ㄉㄚˋ ㄔㄨㄥˊ
母姊會,1,ㄇㄨˇ ㄗˇ ㄏㄨㄟˋ
母難日,1,ㄇㄨˇ ㄋㄢˋ ㄖˋ
每事問,1,ㄇㄟˇ ㄕˋ ㄨㄣˋ
每常間,1,ㄇㄟˇ ㄔㄤˊ ㄐㄧㄢ
毒日頭,1,ㄉㄨˊ ㄖˋ ㄊㄡ˙
毒花花,1,ㄉㄨˊ ㄏㄨㄚ ㄏㄨㄚ
比不上,1,ㄅㄧˇ ㄅㄨˋ ㄕㄤˋ
比不了,1,ㄅㄧˇ ㄅㄨˋ ㄌㄧㄠˇ
比不得,1,ㄅㄧˇ ㄅㄨˋ ㄉㄜˊ
比先時,1,ㄅㄧˇ ㄒㄧㄢ ㄕˊ
比喻義,1,ㄅㄧˇ ㄩˋ ㄧˋ
比手勢,1,ㄅㄧˇ ㄕㄡˇ ㄕˋ
比手式,1,ㄅㄧˇ ㄕㄡˇ ㄕˋ
比肩人,1,ㄅㄧˋ ㄐㄧㄢ ㄖㄣˊ
毛兔子,1,ㄇㄠˊ ㄊㄨˋ ㄗ˙
毛利人,1,ㄇㄠˊ ㄌㄧˋ ㄖㄣˊ
毛刻本,1,ㄇㄠˊ ㄎㄜ ㄅㄣˇ
毛南族,1,ㄇㄠˊ ㄋㄢˊ ㄗㄨˊ
毛囊炎,1,ㄇㄠˊ ㄋㄤˊ ㄧㄢˊ
毛囊蟲,1,ㄇㄠˊ ㄋㄤˊ ㄔㄨㄥˊ
毛太紙,1,ㄇㄠˊ ㄊㄞˋ ㄓˇ
毛奇齡,1,ㄇㄠˊ ㄑㄧˊ ㄌㄧㄥˊ
毛子人,1,ㄇㄠˊ ㄗ˙ ㄖㄣˊ
毛子話,1,ㄇㄠˊ ㄗ˙ ㄏㄨㄚˋ
毛尖茶,1,ㄇㄠˊ ㄐㄧㄢ ㄔㄚˊ
毛崽子,1,ㄇㄠˊ ㄗㄞˇ ㄗ˙
毛延壽,1,ㄇㄠˊ ㄧㄢˊ ㄕㄡˋ
毛所得,1,ㄇㄠˊ ㄙㄨㄛˇ ㄉㄜˊ
毛栗子,1,ㄇㄠˊ ㄌㄧˋ ㄗ˙
毛毛匠,1,ㄇㄠˊ ㄇㄠˊ ㄐㄧㄤˋ
毛毛毛,1,ㄇㄠˊ ㄇㄠˊ ㄇㄠˊ
毛毛的,1,ㄇㄠˊ ㄇㄠˊ ㄉㄜ˙
毛毛蟲,1,ㄇㄠˊ ㄇㄠ˙ ㄔㄨㄥˊ
毛毛雨,1,ㄇㄠˊ ㄇㄠ˙ ㄩˇ
毛烘烘,1,ㄇㄠˊ ㄏㄨㄥ ㄏㄨㄥ
毛玻璃,1,ㄇㄠˊ ㄅㄛ ㄌㄧ˙
毛窩子,1,ㄇㄠˊ ㄨㄛ ㄗ˙
毛窩鞋,1,ㄇㄠˊ ㄨㄛ ㄒㄧㄝˊ
毛腳雞,1,ㄇㄠˊ ㄐㄧㄠˇ ㄐㄧ
毛裝本,1,ㄇㄠˊ ㄓㄨㄤ ㄅㄣˇ
毛錐子,1,ㄇㄠˊ ㄓㄨㄟ ㄗ˙
毛頭星,1,ㄇㄠˊ ㄊㄡˊ ㄒㄧㄥ
毛頭紙,1,ㄇㄠˊ ㄊㄡˊ ㄓˇ
毫侖目,1,ㄏㄠˊ ㄌㄨㄣˊ ㄇㄨˋ
民主牆,1,ㄇㄧㄣˊ ㄓㄨˇ ㄑㄧㄤˊ
民信局,1,ㄇㄧㄣˊ ㄒㄧㄣˋ ㄐㄩˊ
民族舞,1,ㄇㄧㄣˊ ㄗㄨˊ ㄨˇ
民用品,1,ㄇㄧㄣˊ ㄩㄥˋ ㄆㄧㄣˇ
民謠風,1,ㄇㄧㄣˊ ㄧㄠˊ ㄈㄥ
氟塑料,1,ㄈㄨˊ ㄙㄨˋ ㄌㄧㄠˋ
氟樹脂,1,ㄈㄨˊ ㄕㄨˋ ㄓ
氣不平,1,ㄑㄧˋ ㄅㄨˋ ㄆㄧㄥˊ
氣不忿,1,ㄑㄧˋ ㄅㄨˋ ㄈㄣˋ
氣不憤,1,ㄑㄧˋ ㄅㄨˋ ㄈㄣˋ
氣不過,1,ㄑㄧˋ ㄅㄨˋ ㄍㄨㄛˋ
氣丕丕,1,ㄑㄧˋ ㄆㄧ ㄆㄧ
氣勃勃,1,ㄑㄧˋ ㄅㄛˊ ㄅㄛˊ
氣包子,1,ㄑㄧˋ ㄅㄠ ㄗ˙
氣化熱,1,ㄑㄧˋ ㄏㄨㄚˋ ㄖㄜˋ
氣吁吁,1,ㄑㄧˋ ㄒㄩ ㄒㄩ
氣咻咻,1,ㄑㄧˋ ㄒㄧㄡ ㄒㄧㄡ
氣囊囊,1,ㄑㄧˋ ㄋㄤˊ ㄋㄤˊ
氣墊子,1,ㄑㄧˋ ㄉㄧㄢˋ ㄗ˙
氣墊車,1,ㄑㄧˋ ㄉㄧㄢˋ ㄔㄜ
氣壓表,1,ㄑㄧˋ ㄧㄚ ㄅㄧㄠˇ
氣忿忿,1,ㄑㄧˋ ㄈㄣˋ ㄈㄣˋ
氣死風,1,ㄑㄧˋ ㄙˇ ㄈㄥ
氣氳氳,1,ㄑㄧˋ ㄩㄣ ㄩㄣ
氣泡室,1,ㄑㄧˋ ㄆㄠˋ ㄕˋ
氣煞車,1,ㄑㄧˋ ㄕㄚ ㄔㄜ
氣爆彈,1,ㄑㄧˋ ㄅㄠˋ ㄉㄢˋ
氣狠狠,1,ㄑㄧˋ ㄏㄣˇ ㄏㄣˇ
氣絲絲,1,ㄑㄧˋ ㄙ ㄙ
氣褥子,1,ㄑㄧˋ ㄖㄨˋ ㄗ˙
氣象潮,1,ㄑㄧˋ ㄒㄧㄤˋ ㄔㄠˊ
氣輪機,1,ㄑㄧˋ ㄌㄨㄣˊ ㄐㄧ
氣騰騰,1,ㄑㄧˋ ㄊㄥˊ ㄊㄥˊ
氣鼓鼓,1,ㄑㄧˋ ㄍㄨˇ ㄍㄨˇ
氧化焰,1,ㄧㄤˇ ㄏㄨㄚˋ ㄧㄢˋ
氧化鈉,1,ㄧㄤˇ ㄏㄨㄚˋ ㄋㄚˋ
氧氣管,1,ㄧㄤˇ ㄑㄧˋ ㄍㄨㄢˇ
氧氣罩,1,ㄧㄤˇ ㄑㄧˋ ㄓㄠˋ
氮化法,1,ㄉㄢˋ ㄏㄨㄚˋ ㄈㄚˇ
氮化物,1,ㄉㄢˋ ㄏㄨㄚˋ ㄨˋ
氮平衡,1,ㄉㄢˋ ㄆㄧㄥˊ ㄏㄥˊ
氮循環,1,ㄉㄢˋ ㄒㄩㄣˊ ㄏㄨㄢˊ
氮血症,1,ㄉㄢˋ ㄒㄧㄝˇ ㄓㄥˋ
氰中毒,1,ㄑㄧㄥ ㄓㄨㄥˋ ㄉㄨˊ
水丁香,1,ㄕㄨㄟˇ ㄉㄧㄥ ㄒㄧㄤ
水上漚,1,ㄕㄨㄟˇ ㄕㄤˋ ㄡ
水中丞,1,ㄕㄨㄟˇ ㄓㄨㄥ ㄔㄥˊ
水中月,1,ㄕㄨㄟˇ ㄓㄨㄥ ㄩㄝˋ
水中毒,1,ㄕㄨㄟˇ ㄓㄨㄥˋ ㄉㄨˊ
水作坊,1,ㄕㄨㄟˇ ㄗㄨㄛ ㄈㄤ˙
水俁症,1,ㄕㄨㄟˇ ㄩˇ ㄓㄥˋ
水冷式,1,ㄕㄨㄟˇ ㄌㄥˇ ㄕˋ
水利權,1,ㄕㄨㄟˇ ㄌㄧˋ ㄑㄩㄢˊ
水刷石,1,ㄕㄨㄟˇ ㄕㄨㄚ ㄕˊ
水半球,1,ㄕㄨㄟˇ ㄅㄢˋ ㄑㄧㄡˊ
水噹噹,1,ㄕㄨㄟˇ ㄉㄤ ㄉㄤ
水媒花,1,ㄕㄨㄟˇ ㄇㄟˊ ㄏㄨㄚ
水射流,1,ㄕㄨㄟˇ ㄕㄜˋ ㄌㄧㄡˊ
水手帽,1,ㄕㄨㄟˇ ㄕㄡˇ ㄇㄠˋ
水斧蟲,1,ㄕㄨㄟˇ ㄈㄨˇ ㄔㄨㄥˊ
水晶塔,1,ㄕㄨㄟˇ ㄐㄧㄥ ㄊㄚˇ
水晶毬,1,ㄕㄨㄟˇ ㄐㄧㄥ ㄑㄧㄡˊ
水楊酸,1,ㄕㄨㄟˇ ㄧㄤˊ ㄙㄨㄢ
水樣液,1,ㄕㄨㄟˇ ㄧㄤˋ ㄧˋ
水汙染,1,ㄕㄨㄟˇ ㄨ ㄖㄢˇ
水泥船,1,ㄕㄨㄟˇ ㄋㄧˊ ㄔㄨㄢˊ
水活性,1,ㄕㄨㄟˇ ㄏㄨㄛˊ ㄒㄧㄥˋ
水深器,1,ㄕㄨㄟˇ ㄕㄣ ㄑㄧˋ
水火夫,1,ㄕㄨㄟˇ ㄏㄨㄛˇ ㄈㄨ
水火爐,1,ㄕㄨㄟˇ ㄏㄨㄛˇ ㄌㄨˊ
水狀液,1,ㄕㄨㄟˇ ㄓㄨㄤˋ ㄧㄝˋ
水玻璃,1,ㄕㄨㄟˇ ㄅㄛ ㄌㄧ˙
水田衣,1,ㄕㄨㄟˇ ㄊㄧㄢˊ ㄧ
水療法,1,ㄕㄨㄟˇ ㄌㄧㄠˊ ㄈㄚˇ
水皮子,1,ㄕㄨㄟˇ ㄆㄧˊ ㄗ˙
水磨調,1,ㄕㄨㄟˇ ㄇㄛˊ ㄉㄧㄠˋ
水禽類,1,ㄕㄨㄟˇ ㄑㄧㄣˊ ㄌㄟˋ
水筆仔,1,ㄕㄨㄟˇ ㄅㄧˇ ㄗˇ
水筆子,1,ㄕㄨㄟˇ ㄅㄧˇ ㄗˇ
水粉漆,1,ㄕㄨㄟˇ ㄈㄣˇ ㄑㄧ
水粉畫,1,ㄕㄨㄟˇ ㄈㄣˇ ㄏㄨㄚˋ
水精簾,1,ㄕㄨㄟˇ ㄐㄧㄥ ㄌㄧㄢˊ
水翼船,1,ㄕㄨㄟˇ ㄧˋ ㄔㄨㄢˊ
水老鴉,1,ㄕㄨㄟˇ ㄌㄠˇ ㄧㄚ
水老鼠,1,ㄕㄨㄟˇ ㄌㄠˇ ㄕㄨˇ
水耕法,1,ㄕㄨㄟˇ ㄍㄥ ㄈㄚˇ
水蜘蛛,1,ㄕㄨㄟˇ ㄓ ㄓㄨ
水蠟樹,1,ㄕㄨㄟˇ ㄌㄚˋ ㄕㄨˋ
水蠟蟲,1,ㄕㄨㄟˇ ㄌㄚˋ ㄔㄨㄥˊ
水資源,1,ㄕㄨㄟˇ ㄗ ㄩㄢˊ
水車前,1,ㄕㄨㄟˇ ㄔㄜ ㄑㄧㄢˊ
水錘泵,1,ㄕㄨㄟˇ ㄔㄨㄟˊ ㄅㄥˋ
水錳礦,1,ㄕㄨㄟˇ ㄇㄥˇ ㄎㄨㄤˋ
水陸畫,1,ㄕㄨㄟˇ ㄌㄨˋ ㄏㄨㄚˋ
水鞦韆,1,ㄕㄨㄟˇ ㄑㄧㄡ ㄑㄧㄢ
水黃皮,1,ㄕㄨㄟˇ ㄏㄨㄤˊ ㄆㄧˊ
永久齒,1,ㄩㄥˇ ㄐㄧㄡˇ ㄔˇ
永佃權,1,ㄩㄥˇ ㄉㄧㄢˋ ㄑㄩㄢˊ
永別酒,1,ㄩㄥˇ ㄅㄧㄝˊ ㄐㄧㄡˇ
永嘉縣,1,ㄩㄥˇ ㄐㄧㄚ ㄒㄧㄢˋ
永安宮,1,ㄩㄥˇ ㄢ ㄍㄨㄥ
永明體,1,ㄩㄥˇ ㄇㄧㄥˊ ㄊㄧˇ
永業田,1,ㄩㄥˇ ㄧㄝˋ ㄊㄧㄢˊ
永樂宮,1,ㄩㄥˇ ㄌㄜˋ ㄍㄨㄥ
永樂窯,1,ㄩㄥˇ ㄌㄜˋ ㄧㄠˊ
永樂錢,1,ㄩㄥˇ ㄌㄜˋ ㄑㄧㄢˊ
永濟渠,1,ㄩㄥˇ ㄐㄧˋ ㄑㄩˊ
永生花,1,ㄩㄥˇ ㄕㄥ ㄏㄨㄚ
永續林,1,ㄩㄥˇ ㄒㄩˋ ㄌㄧㄣˊ
求古錄,1,ㄑㄧㄡˊ ㄍㄨˇ ㄌㄨˋ
汗津津,1,ㄏㄢˋ ㄐㄧㄣ ㄐㄧㄣ
汗涔涔,1,ㄏㄢˋ ㄘㄣˊ ㄘㄣˊ
汗溶溶,1,ㄏㄢˋ ㄖㄨㄥˊ ㄖㄨㄥˊ
汗腥氣,1,ㄏㄢˋ ㄒㄧㄥ ㄑㄧˋ
汗血馬,1,ㄏㄢˋ ㄒㄧㄝˇ ㄇㄚˇ
汙染物,1,ㄨ ㄖㄢˇ ㄨˋ
江加走,1,ㄐㄧㄤ ㄐㄧㄚ ㄗㄡˇ
江北縣,1,ㄐㄧㄤ ㄅㄟˇ ㄒㄧㄢˋ
江北老,1,ㄐㄧㄤ ㄅㄟˇ ㄌㄠˇ
江南弄,1,ㄐㄧㄤ ㄋㄢˊ ㄋㄨㄥˋ
江南河,1,ㄐㄧㄤ ㄋㄢˊ ㄏㄜˊ
江南竹,1,ㄐㄧㄤ ㄋㄢˊ ㄓㄨˊ
江寧縣,1,ㄐㄧㄤ ㄋㄧㄥˊ ㄒㄧㄢˋ
江州車,1,ㄐㄧㄤ ㄓㄡ ㄔㄜ
江心坡,1,ㄐㄧㄤ ㄒㄧㄣ ㄆㄛ
江有汜,1,ㄐㄧㄤ ㄧㄡˇ ㄙˋ
江有誥,1,ㄐㄧㄤ ㄧㄡˇ ㄍㄠˋ
江東紙,1,ㄐㄧㄤ ㄉㄨㄥ ㄓˇ
江珧柱,1,ㄐㄧㄤ ㄧㄠˊ ㄓㄨˋ
江瑤柱,1,ㄐㄧㄤ ㄧㄠˊ ㄓㄨˋ
江米人,1,ㄐㄧㄤ ㄇㄧˇ ㄖㄣˊ
江米酒,1,ㄐㄧㄤ ㄇㄧˇ ㄐㄧㄡˇ
江西派,1,ㄐㄧㄤ ㄒㄧ ㄆㄞˋ
江西臘,1,ㄐㄧㄤ ㄒㄧ ㄌㄚˋ
江都縣,1,ㄐㄧㄤ ㄉㄨ ㄒㄧㄢˋ
江陰縣,1,ㄐㄧㄤ ㄧㄣ ㄒㄧㄢˋ
江陵縣,1,ㄐㄧㄤ ㄌㄧㄥˊ ㄒㄧㄢˋ
池坊流,1,ㄔˊ ㄈㄤ ㄌㄧㄡˊ
汪元量,1,ㄨㄤ ㄩㄢˊ ㄌㄧㄤˋ
汪兆銘,1,ㄨㄤ ㄓㄠˋ ㄇㄧㄥˊ
汪大淵,1,ㄨㄤ ㄉㄚˋ ㄩㄢ
汪大燮,1,ㄨㄤ ㄉㄚˋ ㄒㄧㄝˋ
汪笑儂,1,ㄨㄤ ㄒㄧㄠˋ ㄋㄨㄥˊ
汲古閣,1,ㄐㄧˊ ㄍㄨˇ ㄍㄜˊ
決勝局,1,ㄐㄩㄝˊ ㄕㄥˋ ㄐㄩˊ
決明子,1,ㄐㄩㄝˊ ㄇㄧㄥˊ ㄗˇ
汽油燈,1,ㄑㄧˋ ㄧㄡˊ ㄉㄥ
汾沮洳,1,ㄈㄣˊ ㄐㄩˋ ㄖㄨˋ
汾陽宮,1,ㄈㄣˊ ㄧㄤˊ ㄍㄨㄥ
汾陽縣,1,ㄈㄣˊ ㄧㄤˊ ㄒㄧㄢˋ
沂水縣,1,ㄧˊ ㄕㄨㄟˇ ㄒㄧㄢˋ
沈亞之,1,ㄕㄣˇ ㄧㄚˋ ㄓ
沈佺期,1,ㄕㄣˇ ㄑㄩㄢˊ ㄑㄧˊ
沈兼士,1,ㄕㄣˇ ㄐㄧㄢ ㄕˋ
沈尹默,1,ㄕㄣˇ ㄧㄣˇ ㄇㄛˋ
沈崇誨,1,ㄕㄣˇ ㄔㄨㄥˊ ㄏㄨㄟˋ
沈葆楨,1,ㄕㄣˇ ㄅㄠˇ ㄓㄣ
沉下臉,1,ㄔㄣˊ ㄒㄧㄚˋ ㄌㄧㄢˇ
沉屁股,1,ㄔㄣˊ ㄆㄧˋ ㄍㄨ˙
沉水香,1,ㄔㄣˊ ㄕㄨㄟˇ ㄒㄧㄤ
沉積岩,1,ㄔㄣˊ ㄐㄧ ㄧㄢˊ
沐浴鹽,1,ㄇㄨˋ ㄩˋ ㄧㄢˊ
沒三思,1,ㄇㄟˊ ㄙㄢ ㄙ
沒上下,1,ㄇㄟˊ ㄕㄤˋ ㄒㄧㄚˋ
沒下梢,1,ㄇㄟˊ ㄒㄧㄚˋ ㄕㄠ
沒不煞,1,ㄇㄛˋ ㄅㄨˋ ㄕㄚ
沒中用,1,ㄇㄟˊ ㄓㄨㄥ ㄩㄥˋ
沒主意,1,ㄇㄟˊ ㄓㄨˇ ㄧ˙
沒乾淨,1,ㄇㄟˊ ㄍㄢ ㄐㄧㄥˋ
沒亂死,1,ㄇㄛˋ ㄌㄨㄢˋ ㄙˇ
沒亂殺,1,ㄇㄛˋ ㄌㄨㄢˋ ㄕㄚ
沒亂煞,1,ㄇㄛˋ ㄌㄨㄢˋ ㄕㄚ
沒亂裡,1,ㄇㄛˋ ㄌㄨㄢˋ ㄌㄧˇ
沒了期,1,ㄇㄟˊ ㄌㄧㄠˇ ㄑㄧˊ
沒了法,1,ㄇㄟˊ ㄌㄜ˙ ㄈㄚˇ
沒了當,1,ㄇㄟˊ ㄌㄧㄠˇ ㄉㄤˋ
沒了落,1,ㄇㄟˊ ㄌㄧㄠˇ ㄌㄨㄛˋ
沒事哏,1,ㄇㄟˊ ㄕˋ ㄏㄣ
沒事狠,1,ㄇㄟˊ ㄕˋ ㄏㄣˇ
沒二話,1,ㄇㄟˊ ㄦˋ ㄏㄨㄚˋ
沒人味,1,ㄇㄟˊ ㄖㄣˊ ㄨㄟˋ
沒人形,1,ㄇㄟˊ ㄖㄣˊ ㄒㄧㄥˊ
沒人煙,1,ㄇㄟˊ ㄖㄣˊ ㄧㄢ
沒人處,1,ㄇㄟˊ ㄖㄣˊ ㄔㄨˋ
沒住頭,1,ㄇㄟˊ ㄓㄨˋ ㄊㄡ˙
沒來回,1,ㄇㄟˊ ㄌㄞˊ ㄏㄨㄟˊ
沒來歷,1,ㄇㄟˊ ㄌㄞˊ ㄌㄧˋ
沒信心,1,ㄇㄟˊ ㄒㄧㄣˋ ㄒㄧㄣ
沒倒斷,1,ㄇㄟˊ ㄉㄠˋ ㄉㄨㄢˋ
沒出息,1,ㄇㄟˊ ㄔㄨ ㄒㄧ˙
沒出豁,1,ㄇㄟˊ ㄔㄨ ㄏㄨㄛˋ
沒出長,1,ㄇㄟˊ ㄔㄨ ㄓㄤˇ
沒分寸,1,ㄇㄟˊ ㄈㄣ ㄘㄨㄣˋ
沒分曉,1,ㄇㄟˊ ㄈㄣ ㄒㄧㄠˇ
沒分豁,1,ㄇㄟˊ ㄈㄣ ㄏㄨㄛˋ
沒前程,1,ㄇㄟˊ ㄑㄧㄢˊ ㄔㄥˊ
沒剛性,1,ㄇㄟˊ ㄍㄤ ㄒㄧㄥˋ
沒包彈,1,ㄇㄟˊ ㄅㄠ ㄊㄢˊ
沒十成,1,ㄇㄟˊ ㄕˊ ㄔㄥˊ
沒去就,1,ㄇㄟˊ ㄑㄩˋ ㄐㄧㄡˋ
沒叉路,1,ㄇㄟˊ ㄔㄚ ㄌㄨˋ
沒口子,1,ㄇㄟˊ ㄎㄡˇ ㄗ˙
沒可得,1,ㄇㄟˊ ㄎㄜˇ ㄉㄜˊ
沒合殺,1,ㄇㄟˊ ㄏㄜˊ ㄕㄚˋ
沒合煞,1,ㄇㄟˊ ㄏㄜˊ ㄕㄚˋ
沒味道,1,ㄇㄟˊ ㄨㄟˋ ㄉㄠˋ
沒咒念,1,ㄇㄟˊ ㄓㄡˋ ㄋㄧㄢˋ
沒商量,1,ㄇㄟˊ ㄕㄤ ㄌㄧㄤ˙
沒嚼頭,1,ㄇㄟˊ ㄐㄩㄝˊ ㄊㄡ˙
沒地里,1,ㄇㄟˊ ㄉㄜ˙ ㄌㄧˇ
沒多少,1,ㄇㄟˊ ㄉㄨㄛ ㄕㄠˇ
沒多時,1,ㄇㄟˊ ㄉㄨㄛ ㄕˊ
沒天明,1,ㄇㄟˊ ㄊㄧㄢ ㄇㄧㄥˊ
沒奈何,1,ㄇㄛˋ ㄋㄞˋ ㄏㄜˊ
沒奔頭,1,ㄇㄟˊ ㄅㄣˋ ㄊㄡ˙
沒字碑,1,ㄇㄟˊ ㄗˋ ㄅㄟ
沒學問,1,ㄇㄟˊ ㄒㄩㄝˊ ㄨㄣˋ
沒實誠,1,ㄇㄟˊ ㄕˊ ㄔㄥˊ
沒尺寸,1,ㄇㄟˊ ㄔˇ ㄘㄨㄣˋ
沒工夫,1,ㄇㄟˊ ㄍㄨㄥ ㄈㄨ˙
沒巴臂,1,ㄇㄟˊ ㄅㄚ ㄅㄧˋ
沒巴避,1,ㄇㄟˊ ㄅㄚ ㄅㄧˋ
沒巴鼻,1,ㄇㄟˊ ㄅㄚ ㄅㄧˊ
沒幹頭,1,ㄇㄟˊ ㄍㄢˋ ㄊㄡˊ
沒店三,1,ㄇㄟˊ ㄉㄧㄢˋ ㄙㄢ
沒張智,1,ㄇㄟˊ ㄓㄤ ㄓˋ
沒彈剝,1,ㄇㄟˊ ㄊㄢˊ ㄅㄛ
沒影子,1,ㄇㄟˊ ㄧㄥˇ ㄗ˙
沒後跟,1,ㄇㄟˊ ㄏㄡˋ ㄍㄣ
沒得養,1,ㄇㄟˊ ㄉㄜ˙ ㄧㄤˇ
沒德行,1,ㄇㄟˊ ㄉㄜˊ ㄒㄧㄥ˙
沒心情,1,ㄇㄟˊ ㄒㄧㄣ ㄑㄧㄥˊ
沒心想,1,ㄇㄟˊ ㄒㄧㄣ ㄒㄧㄤˇ
沒心眼,1,ㄇㄟˊ ㄒㄧㄣ ㄧㄢˇ
沒心腸,1,ㄇㄟˊ ㄒㄧㄣ ㄔㄤˊ
沒志氣,1,ㄇㄟˊ ㄓˋ ㄑㄧ˙
沒志行,1,ㄇㄟˊ ㄓˋ ㄒㄧㄥˋ
沒忽的,1,ㄇㄛˋ ㄏㄨ ㄉㄧˋ
沒性氣,1,ㄇㄟˊ ㄒㄧㄥˋ ㄑㄧˋ
沒想頭,1,ㄇㄟˊ ㄒㄧㄤˇ ㄊㄡ˙
沒意志,1,ㄇㄟˊ ㄧˋ ㄓˋ
沒意思,1,ㄇㄟˊ ㄧˋ ㄙ˙
沒意智,1,ㄇㄟˊ ㄧˋ ㄓˋ
沒意頭,1,ㄇㄟˊ ㄧˋ ㄊㄡˊ
沒戲唱,1,ㄇㄟˊ ㄒㄧˋ ㄔㄤˋ
沒打弄,1,ㄇㄟˊ ㄉㄚˇ ㄋㄨㄥˋ
沒把柄,1,ㄇㄟˊ ㄅㄚˇ ㄅㄧㄥˇ
沒把鼻,1,ㄇㄟˊ ㄅㄚˇ ㄅㄧˊ
沒指望,1,ㄇㄟˊ ㄓˇ ㄨㄤ˙
沒掂三,1,ㄇㄟˊ ㄉㄧㄢ ㄙㄢ
沒掂三,1,ㄇㄟˊ ㄉㄧㄢˋ ㄙㄢ
沒揣地,1,ㄇㄟˊ ㄔㄨㄞˇ ㄉㄜ˙
沒揣的,1,ㄇㄛˋ ㄔㄨㄞˇ ㄉㄧˋ
沒揣的,1,ㄇㄟˊ ㄔㄨㄞˇ ㄉㄜ˙
沒搭撒,1,ㄇㄟˊ ㄉㄚ ㄙㄚ
沒搭撒,1,ㄇㄟˊ ㄉㄚ ㄙㄚˋ
沒搭煞,1,ㄇㄟˊ ㄉㄚ ㄕㄚˋ
沒摺至,1,ㄇㄟˊ ㄓㄜˊ ㄓˋ
沒撻煞,1,ㄇㄟˊ ㄊㄚˋ ㄕㄚˋ
沒擔當,1,ㄇㄟˊ ㄉㄢ ㄉㄤ
沒收煞,1,ㄇㄟˊ ㄕㄡ ㄕㄚˋ
沒散場,1,ㄇㄟˊ ㄙㄢˋ ㄔㄤˊ
沒斷的,1,ㄇㄟˊ ㄉㄨㄢˋ ㄉㄜ˙
沒星秤,1,ㄇㄟˊ ㄒㄧㄥ ㄔㄥˋ
沒是哏,1,ㄇㄟˊ ㄕˋ ㄏㄣ
沒是處,1,ㄇㄟˊ ㄕˋ ㄔㄨˋ
沒晝夜,1,ㄇㄟˊ ㄓㄡˋ ㄧㄝˋ
沒有人,1,ㄇㄟˊ ㄧㄡˇ ㄖㄣˊ
沒本事,1,ㄇㄟˊ ㄅㄣˇ ㄕ˙
沒架子,1,ㄇㄟˊ ㄐㄧㄚˋ ㄗ˙
沒根基,1,ㄇㄟˊ ㄍㄣ ㄐㄧ
沒根藤,1,ㄇㄟˊ ㄍㄣ ㄊㄥˊ
沒梁桶,1,ㄇㄟˊ ㄌㄧㄤˊ ㄊㄨㄥˇ
沒梢幹,1,ㄇㄟˊ ㄕㄠ ㄍㄢˋ
沒槽道,1,ㄇㄟˊ ㄘㄠˊ ㄉㄠˋ
沒樣範,1,ㄇㄟˊ ㄧㄤˋ ㄈㄢˋ
沒正經,1,ㄇㄟˊ ㄓㄥˋ ㄐㄧㄥ˙
沒死活,1,ㄇㄟˊ ㄙˇ ㄏㄨㄛˊ
沒氣性,1,ㄇㄟˊ ㄑㄧˋ ㄒㄧㄥˋ
沒氣路,1,ㄇㄟˊ ㄑㄧˋ ㄌㄨˋ
沒添貨,1,ㄇㄟˊ ㄊㄧㄢ ㄏㄨㄛˋ
沒清頭,1,ㄇㄟˊ ㄑㄧㄥ ㄊㄡˊ
沒準頭,1,ㄇㄟˊ ㄓㄨㄣˇ ㄊㄡ˙
沒營生,1,ㄇㄟˊ ㄧㄥˊ ㄕㄥ
沒營養,1,ㄇㄟˊ ㄧㄥˊ ㄧㄤˇ
沒王法,1,ㄇㄟˊ ㄨㄤˊ ㄈㄚˇ
沒理會,1,ㄇㄟˊ ㄌㄧˇ ㄏㄨㄟˋ
沒理論,1,ㄇㄟˊ ㄌㄧˇ ㄌㄨㄣˋ
沒甚麼,1,ㄇㄟˊ ㄕㄣˊ ㄇㄜ˙
沒疼熱,1,ㄇㄟˊ ㄊㄥˊ ㄖㄜˋ
沒的家,1,ㄇㄟˊ ㄉㄜ˙ ㄐㄧㄚ
沒皮子,1,ㄇㄟˊ ㄆㄧˊ ㄗ˙
沒皮條,1,ㄇㄟˊ ㄆㄧˊ ㄊㄧㄠˊ
沒看頭,1,ㄇㄟˊ ㄎㄢˋ ㄊㄡ˙
沒眼力,1,ㄇㄟˊ ㄧㄢˇ ㄌㄧˋ
沒眼斤,1,ㄇㄟˊ ㄧㄢˇ ㄐㄧㄣ
沒眼的,1,ㄇㄟˊ ㄧㄢˇ ㄉㄜ˙
沒眼色,1,ㄇㄟˊ ㄧㄢˇ ㄙㄜˋ
沒短的,1,ㄇㄟˊ ㄉㄨㄢˇ ㄉㄜ˙
沒算數,1,ㄇㄟˊ ㄙㄨㄢˋ ㄕㄨˋ
沒算當,1,ㄇㄟˊ ㄙㄨㄢˋ ㄉㄤˋ
沒算盤,1,ㄇㄟˊ ㄙㄨㄢˋ ㄆㄢˊ
沒經緯,1,ㄇㄟˊ ㄐㄧㄥ ㄨㄟˇ
沒緊要,1,ㄇㄟˊ ㄐㄧㄣˇ ㄧㄠˋ
沒耐煩,1,ㄇㄟˊ ㄋㄞˋ ㄈㄢˊ
沒耳性,1,ㄇㄟˊ ㄦˇ ㄒㄧㄥˋ
沒肚子,1,ㄇㄟˊ ㄉㄨˋ ㄗ˙
沒胃口,1,ㄇㄟˊ ㄨㄟˋ ㄎㄡˇ
沒脊梁,1,ㄇㄟˊ ㄐㄧˊ ㄌㄧㄤ˙
沒脊骨,1,ㄇㄟˊ ㄐㄧˊ ㄍㄨˇ
沒脾氣,1,ㄇㄟˊ ㄆㄧˊ ㄑㄧ˙
沒腦子,1,ㄇㄟˊ ㄋㄠˇ ㄗ˙
沒腳手,1,ㄇㄟˊ ㄐㄧㄠˇ ㄕㄡˇ
沒腳蟹,1,ㄇㄟˊ ㄐㄧㄠˇ ㄒㄧㄝˋ
沒腸肚,1,ㄇㄟˊ ㄔㄤˊ ㄉㄨˋ
沒臉面,1,ㄇㄟˊ ㄌㄧㄢˇ ㄇㄧㄢˋ
沒興頭,1,ㄇㄟˊ ㄒㄧㄥˋ ㄊㄡ˙
沒落子,1,ㄇㄟˊ ㄌㄠˋ ㄗ˙
沒著落,1,ㄇㄟˊ ㄓㄨㄛˊ ㄌㄨㄛˋ
沒血性,1,ㄇㄟˊ ㄒㄩㄝˋ ㄒㄧㄥˋ
沒行款,1,ㄇㄟˊ ㄏㄤˊ ㄎㄨㄢˇ
沒行止,1,ㄇㄟˊ ㄒㄧㄥˊ ㄓˇ
沒要緊,1,ㄇㄟˊ ㄧㄠˋ ㄐㄧㄣˇ
沒見識,1,ㄇㄟˊ ㄐㄧㄢˋ ㄕ˙
沒規矩,1,ㄇㄟˊ ㄍㄨㄟ ㄐㄩ˙
沒記性,1,ㄇㄟˊ ㄐㄧˋ ㄒㄧㄥˋ
沒話說,1,ㄇㄟˊ ㄏㄨㄚˋ ㄕㄨㄛ
沒調教,1,ㄇㄟˊ ㄊㄧㄠˊ ㄐㄧㄠˋ
沒講究,1,ㄇㄟˊ ㄐㄧㄤˇ ㄐㄧㄡ˙
沒賺頭,1,ㄇㄟˊ ㄓㄨㄢˋ ㄊㄡ˙
沒起倒,1,ㄇㄟˊ ㄑㄧˇ ㄉㄠˇ
沒造化,1,ㄇㄟˊ ㄗㄠˋ ㄏㄨㄚ˙
沒遭罹,1,ㄇㄟˊ ㄗㄠ ㄌㄧˊ
沒遮攔,1,ㄇㄟˊ ㄓㄜ ㄌㄢˊ
沒量斗,1,ㄇㄟˊ ㄌㄧㄤˊ ㄉㄡˇ
沒長眼,1,ㄇㄟˊ ㄓㄤˇ ㄧㄢˇ
沒長進,1,ㄇㄟˊ ㄓㄤˇ ㄐㄧㄣˋ
沒開交,1,ㄇㄟˊ ㄎㄞ ㄐㄧㄠ
沒關係,1,ㄇㄟˊ ㄍㄨㄢ ㄒㄧ˙
沒雕當,1,ㄇㄟˊ ㄉㄧㄠ ㄉㄤˋ
沒面皮,1,ㄇㄟˊ ㄇㄧㄢˋ ㄆㄧˊ
沒面目,1,ㄇㄟˊ ㄇㄧㄢˋ ㄇㄨˋ
沒頭事,1,ㄇㄟˊ ㄊㄡˊ ㄕˋ
沒頭當,1,ㄇㄟˊ ㄊㄡˊ ㄉㄤˋ
沒頭神,1,ㄇㄟˊ ㄊㄡˊ ㄕㄣˊ
沒頭緒,1,ㄇㄟˊ ㄊㄡˊ ㄒㄩˋ
沒頭蹲,1,ㄇㄛˋ ㄊㄡˊ ㄉㄨㄣ
沒頭鬼,1,ㄇㄟˊ ㄊㄡˊ ㄍㄨㄟˇ
沒頭鵝,1,ㄇㄟˊ ㄊㄡˊ ㄜˊ
沒顏色,1,ㄇㄟˊ ㄧㄢˊ ㄙㄜˋ
沒骨氣,1,ㄇㄟˊ ㄍㄨˇ ㄑㄧ˙
沒骨頭,1,ㄇㄟˊ ㄍㄨˊ ㄊㄡ˙
沒體面,1,ㄇㄟˊ ㄊㄧˇ ㄇㄧㄢˋ
沒高下,1,ㄇㄟˊ ㄍㄠ ㄒㄧㄚˋ
沖壓機,1,ㄔㄨㄥ ㄧㄚ ㄐㄧ
沖天炮,1,ㄔㄨㄥ ㄊㄧㄢ ㄆㄠˋ
沖服劑,1,ㄔㄨㄥ ㄈㄨˊ ㄐㄧˋ
沖積島,1,ㄔㄨㄥ ㄐㄧ ㄉㄠˇ
沖空機,1,ㄔㄨㄥ ㄎㄨㄥ ㄐㄧ
沙其馬,1,ㄕㄚ ㄑㄧ˙ ㄇㄚˇ
沙利文,1,ㄕㄚ ㄌㄧˋ ㄨㄣˊ
沙悟淨,1,ㄕㄚ ㄨˋ ㄐㄧㄥˋ
沙殼子,1,ㄕㄚ ㄎㄜˊ ㄗ˙
沙發床,1,ㄕㄚ ㄈㄚ ㄔㄨㄤˊ
沙門島,1,ㄕㄚ ㄇㄣˊ ㄉㄠˇ
河亶甲,1,ㄏㄜˊ ㄉㄢˇ ㄐㄧㄚˇ
河卵石,1,ㄏㄜˊ ㄌㄨㄢˇ ㄕˊ
河口港,1,ㄏㄜˊ ㄎㄡˇ ㄍㄤˇ
河東集,1,ㄏㄜˊ ㄉㄨㄥ ㄐㄧˊ
河汊子,1,ㄏㄜˊ ㄔㄚˋ ㄗ˙
河泊所,1,ㄏㄜˊ ㄅㄛˊ ㄙㄨㄛˇ
河漫灘,1,ㄏㄜˊ ㄇㄢˋ ㄊㄢ
河貝子,1,ㄏㄜˊ ㄅㄟˋ ㄗˇ
河間縣,1,ㄏㄜˊ ㄐㄧㄢ ㄒㄧㄢˋ
油倣紙,1,ㄧㄡˊ ㄈㄤˇ ㄓˇ
油加利,1,ㄧㄡˊ ㄐㄧㄚ ㄌㄧˋ
油壁車,1,ㄧㄡˊ ㄅㄧˋ ㄔㄜ
油幌幌,1,ㄧㄡˊ ㄏㄨㄤˇ ㄏㄨㄤˇ
油搭扇,1,ㄧㄡˊ ㄉㄚ ㄕㄢˋ
油木梳,1,ㄧㄡˊ ㄇㄨˋ ㄕㄨ
油果子,1,ㄧㄡˊ ㄍㄨㄛˇ ㄗ˙
油橄欖,1,ㄧㄡˊ ㄍㄢˇ ㄌㄢˇ
油氣彈,1,ㄧㄡˊ ㄑㄧˋ ㄉㄢˋ
油氣比,1,ㄧㄡˊ ㄑㄧˋ ㄅㄧˇ
油汙染,1,ㄧㄡˊ ㄨ ㄖㄢˇ
油渣子,1,ㄧㄡˊ ㄓㄚ ㄗ˙
油炸果,1,ㄧㄡˊ ㄓㄚˊ ㄍㄨㄛˇ
油碧幢,1,ㄧㄡˊ ㄅㄧˋ ㄔㄨㄤˊ
油碧車,1,ㄧㄡˊ ㄅㄧˋ ㄔㄜ
油紙傘,1,ㄧㄡˊ ㄓˇ ㄙㄢˇ
油紙扇,1,ㄧㄡˊ ㄓˇ ㄕㄢˋ
油花卜,1,ㄧㄡˊ ㄏㄨㄚ ㄅㄨˇ
油花嘴,1,ㄧㄡˊ ㄏㄨㄚ ㄗㄨㄟˇ
油葫蘆,1,ㄧㄡˊ ㄏㄨˊ ㄌㄨˊ
油裡滑,1,ㄧㄡˊ ㄌㄧ˙ ㄏㄨㄚˊ
油點草,1,ㄧㄡˊ ㄉㄧㄢˇ ㄘㄠˇ
治安策,1,ㄓˋ ㄢ ㄘㄜˋ
沼澤土,1,ㄓㄠˇ ㄗㄜˊ ㄊㄨˇ
沾便宜,1,ㄓㄢ ㄆㄧㄢˊ ㄧ˙
沿岸流,1,ㄧㄢˊ ㄢˋ ㄌㄧㄡˊ
沿階草,1,ㄧㄢˊ ㄐㄧㄝ ㄘㄠˇ
泂蛤仔,1,ㄐㄩㄥˇ ㄍㄜˊ ㄗˇ
泊秦淮,1,ㄅㄛˊ ㄑㄧㄣˊ ㄏㄨㄞˊ
泌水孔,1,ㄇㄧˋ ㄕㄨㄟˇ ㄎㄨㄥˇ
泔水桶,1,ㄍㄢ ㄕㄨㄟˇ ㄊㄨㄥˇ
法制局,1,ㄈㄚˇ ㄓˋ ㄐㄩˊ
法句經,1,ㄈㄚˇ ㄐㄩˋ ㄐㄧㄥ
法國菜,1,ㄈㄚˇ ㄍㄨㄛˊ ㄘㄞˋ
法國號,1,ㄈㄚˇ ㄍㄨㄛˊ ㄏㄠˋ
法堂疏,1,ㄈㄚˇ ㄊㄤˊ ㄕㄨˋ
法布爾,1,ㄈㄚˇ ㄅㄨˋ ㄦˇ
法庫縣,1,ㄈㄚˇ ㄎㄨˋ ㄒㄧㄢˋ
法律審,1,ㄈㄚˇ ㄌㄩˋ ㄕㄣˇ
法德利,1,ㄈㄚˇ ㄉㄜˊ ㄌㄧˋ
法性宗,1,ㄈㄚˇ ㄒㄧㄥˋ ㄗㄨㄥ
法源寺,1,ㄈㄚˇ ㄩㄢˊ ㄙˋ
法相宗,1,ㄈㄚˇ ㄒㄧㄤˋ ㄗㄨㄥ
法眼宗,1,ㄈㄚˇ ㄧㄢˇ ㄗㄨㄥ
法華器,1,ㄈㄚˇ ㄏㄨㄚ ㄑㄧˋ
法華宗,1,ㄈㄚˇ ㄏㄨㄚ ㄗㄨㄥ
法門寺,1,ㄈㄚˇ ㄇㄣˊ ㄙˋ
泗州戲,1,ㄙˋ ㄓㄡ ㄒㄧˋ
泛心論,1,ㄈㄢˋ ㄒㄧㄣ ㄌㄨㄣˋ
泡沫劑,1,ㄆㄠˋ ㄇㄛˋ ㄐㄧˋ
泡沫浴,1,ㄆㄠˋ ㄇㄛˋ ㄩˋ
泡沫車,1,ㄆㄠˋ ㄇㄛˋ ㄔㄜ
泡病號,1,ㄆㄠˋ ㄅㄧㄥˋ ㄏㄠˋ
泡磨菇,1,ㄆㄠˋ ㄇㄛˊ ㄍㄨ˙
泡茶館,1,ㄆㄠˋ ㄔㄚˊ ㄍㄨㄢˇ
泡蘑菇,1,ㄆㄠˋ ㄇㄛˊ ㄍㄨ˙
波以耳,1,ㄅㄛ ㄧˇ ㄦˇ
波子曼,1,ㄅㄛ ㄗˇ ㄇㄢˋ
波恩病,1,ㄅㄛ ㄣ ㄅㄧㄥˋ
波斯國,1,ㄅㄛ ㄙ ㄍㄨㄛˊ
波斯教,1,ㄅㄛ ㄙ ㄐㄧㄠˋ
波洛克,1,ㄅㄛ ㄌㄨㄛˋ ㄎㄜˋ
波浪熱,1,ㄅㄛ ㄌㄤˋ ㄖㄜˋ
波浪鼓,1,ㄅㄛ ㄌㄤˋ ㄍㄨˇ
波爾多,1,ㄅㄛ ㄦˇ ㄉㄨㄛ
波特酒,1,ㄅㄛ ㄊㄜˋ ㄐㄧㄡˇ
波狀熱,1,ㄅㄛ ㄓㄨㄤˋ ㄖㄜˋ
波稜菜,1,ㄅㄛ ㄌㄥˊ ㄘㄞˋ
波納爾,1,ㄅㄛ ㄋㄚˋ ㄦˇ
波羅夷,1,ㄅㄛ ㄌㄨㄛˊ ㄧˊ
波羅蓋,1,ㄅㄛ ㄌㄨㄛˊ ㄍㄞˋ
波臣派,1,ㄅㄛ ㄔㄣˊ ㄆㄞˋ
波隆那,1,ㄅㄛ ㄌㄨㄥˊ ㄋㄚˋ
波髮藻,1,ㄅㄛ ㄈㄚˇ ㄗㄠˇ
泥中刺,1,ㄋㄧˊ ㄓㄨㄥ ㄘˋ
泥人張,1,ㄋㄧˊ ㄖㄣˊ ㄓㄤ
泥垣宮,1,ㄋㄧˊ ㄩㄢˊ ㄍㄨㄥ
泥娃娃,1,ㄋㄧˊ ㄨㄚˊ ㄨㄚ˙
泥板岩,1,ㄋㄧˊ ㄅㄢˇ ㄧㄢˊ
泥活字,1,ㄋㄧˊ ㄏㄨㄛˊ ㄗˋ
泥火山,1,ㄋㄧˊ ㄏㄨㄛˇ ㄕㄢ
泥瓦匠,1,ㄋㄧˊ ㄨㄚˇ ㄐㄧㄤˋ
泥金箋,1,ㄋㄧˊ ㄐㄧㄣ ㄐㄧㄢ
泥頭酒,1,ㄋㄧˊ ㄊㄡˊ ㄐㄧㄡˇ
泥飯碗,1,ㄋㄧˊ ㄈㄢˋ ㄨㄢˇ
注射劑,1,ㄓㄨˋ ㄕㄜˋ ㄐㄧˋ
泰坦族,1,ㄊㄞˋ ㄊㄢˇ ㄗㄨˊ
泰王國,1,ㄊㄞˋ ㄨㄤˊ ㄍㄨㄛˊ
泰綺絲,1,ㄊㄞˋ ㄑㄧˇ ㄙ
泰階平,1,ㄊㄞˋ ㄐㄧㄝ ㄆㄧㄥˊ
泰雅族,1,ㄊㄞˋ ㄧㄚˇ ㄗㄨˊ
泳氣鐘,1,ㄩㄥˇ ㄑㄧˋ ㄓㄨㄥ
洋乾漆,1,ㄧㄤˊ ㄍㄢ ㄑㄧ
洋包子,1,ㄧㄤˊ ㄅㄠ ㄗ˙
洋名字,1,ㄧㄤˊ ㄇㄧㄥˊ ㄗ˙
洋商陸,1,ㄧㄤˊ ㄕㄤ ㄌㄨˋ
洋嗓子,1,ㄧㄤˊ ㄙㄤˇ ㄗ˙
洋地黃,1,ㄧㄤˊ ㄉㄧˋ ㄏㄨㄤˊ
洋娃娃,1,ㄧㄤˊ ㄨㄚˊ ㄨㄚ˙
洋廣貨,1,ㄧㄤˊ ㄍㄨㄤˇ ㄏㄨㄛˋ
洋橄欖,1,ㄧㄤˊ ㄍㄢˇ ㄌㄢˇ
洋火腿,1,ㄧㄤˊ ㄏㄨㄛˇ ㄊㄨㄟˇ
洋玉蘭,1,ㄧㄤˊ ㄩˋ ㄌㄢˊ
洋白菜,1,ㄧㄤˊ ㄅㄞˊ ㄘㄞˋ
洋碼子,1,ㄧㄤˊ ㄇㄚˇ ㄗ˙
洋繡球,1,ㄧㄤˊ ㄒㄧㄡˋ ㄑㄧㄡˊ
洋鐵皮,1,ㄧㄤˊ ㄊㄧㄝˇ ㄆㄧˊ
洑上水,1,ㄈㄨˊ ㄕㄤˋ ㄕㄨㄟˇ
洗手錢,1,ㄒㄧˇ ㄕㄡˇ ㄑㄧㄢˊ
洗溝球,1,ㄒㄧˇ ㄍㄡ ㄑㄧㄡˊ
洗面皂,1,ㄒㄧˇ ㄇㄧㄢˋ ㄗㄠˋ
洛可可,1,ㄌㄨㄛˋ ㄎㄜˇ ㄎㄜˇ
洛東江,1,ㄌㄨㄛˋ ㄉㄨㄥ ㄐㄧㄤ
洛神葵,1,ㄌㄨㄛˋ ㄕㄣˊ ㄎㄨㄟˊ
洛謨尼,1,ㄌㄨㄛˋ ㄇㄛˊ ㄋㄧˊ
洛謨尼,1,ㄌㄨㄛˋ ㄇㄛˋ ㄋㄧˊ
洛陽橋,1,ㄌㄨㄛˋ ㄧㄤˊ ㄑㄧㄠˊ
洪洞縣,1,ㄏㄨㄥˊ ㄊㄨㄥˊ ㄒㄧㄢˋ
洪積世,1,ㄏㄨㄥˊ ㄐㄧ ㄕˋ
洪自誠,1,ㄏㄨㄥˊ ㄗˋ ㄔㄥˊ
洴澼絖,1,ㄆㄧㄥˊ ㄆㄧˋ ㄎㄨㄤˋ
洴澼藥,1,ㄆㄧㄥˊ ㄆㄧˋ ㄧㄠˋ
活人妻,1,ㄏㄨㄛˊ ㄖㄣˊ ㄑㄧ
活化石,1,ㄏㄨㄛˊ ㄏㄨㄚˋ ㄕˊ
活口米,1,ㄏㄨㄛˊ ㄎㄡˇ ㄇㄧˇ
活喇喇,1,ㄏㄨㄛˊ ㄌㄚ ㄌㄚ
活埋人,1,ㄏㄨㄛˊ ㄇㄞˊ ㄖㄣˊ
活報劇,1,ㄏㄨㄛˊ ㄅㄠˋ ㄐㄩˋ
活太歲,1,ㄏㄨㄛˊ ㄊㄞˋ ㄙㄨㄟˋ
活套頭,1,ㄏㄨㄛˊ ㄊㄠˋ ㄊㄡˊ
活字本,1,ㄏㄨㄛˊ ㄗˋ ㄅㄣˇ
活守寡,1,ㄏㄨㄛˊ ㄕㄡˇ ㄍㄨㄚˇ
活寶貝,1,ㄏㄨㄛˊ ㄅㄠˇ ㄅㄟ˙
活局子,1,ㄏㄨㄛˊ ㄐㄩˊ ㄗ˙
活性菌,1,ㄏㄨㄛˊ ㄒㄧㄥˋ ㄐㄩㄣˋ
活支剌,1,ㄏㄨㄛˊ ㄓ ㄌㄚˋ
活教材,1,ㄏㄨㄛˊ ㄐㄧㄠˋ ㄘㄞˊ
活淘氣,1,ㄏㄨㄛˊ ㄊㄠˊ ㄑㄧˋ
活神仙,1,ㄏㄨㄛˊ ㄕㄣˊ ㄒㄧㄢ
活落圈,1,ㄏㄨㄛˊ ㄌㄨㄛˋ ㄑㄩㄢ
活觀音,1,ㄏㄨㄛˊ ㄍㄨㄢ ㄧㄣ
活閃婆,1,ㄏㄨㄛˊ ㄕㄢˇ ㄆㄛˊ
活閻王,1,ㄏㄨㄛˊ ㄧㄢˊ ㄨㄤˊ
活靶子,1,ㄏㄨㄛˊ ㄅㄚˇ ㄗ˙
活頁夾,1,ㄏㄨㄛˊ ㄧㄝˋ ㄐㄧㄚˊ
活饑荒,1,ㄏㄨㄛˊ ㄐㄧ ㄏㄨㄤ
派不是,1,ㄆㄞˋ ㄅㄨˋ ㄕˋ
派深思,1,ㄆㄞˋ ㄕㄣ ㄙ
派生法,1,ㄆㄞˋ ㄕㄥ ㄈㄚˇ
派生詞,1,ㄆㄞˋ ㄕㄥ ㄘˊ
流亡曲,1,ㄌㄧㄡˊ ㄨㄤˊ ㄑㄩˇ
流口轍,1,ㄌㄧㄡˊ ㄎㄡˇ ㄓㄜˊ
流年帳,1,ㄌㄧㄡˊ ㄋㄧㄢˊ ㄓㄤˋ
流星鎚,1,ㄌㄧㄡˊ ㄒㄧㄥ ㄔㄨㄟˊ
流星馬,1,ㄌㄧㄡˊ ㄒㄧㄥ ㄇㄚˇ
流水對,1,ㄌㄧㄡˊ ㄕㄨㄟˇ ㄉㄨㄟˋ
流水序,1,ㄌㄧㄡˊ ㄕㄨㄟˇ ㄒㄩˋ
流水板,1,ㄌㄧㄡˊ ㄕㄨㄟˇ ㄅㄢˇ
流水腰,1,ㄌㄧㄡˊ ㄕㄨㄟˇ ㄧㄠ
流水號,1,ㄌㄧㄡˊ ㄕㄨㄟˇ ㄏㄠˋ
流浪狗,1,ㄌㄧㄡˊ ㄌㄤˋ ㄍㄡˇ
流涎症,1,ㄌㄧㄡˊ ㄒㄧㄢˊ ㄓㄥˋ
流理臺,1,ㄌㄧㄡˊ ㄌㄧˇ ㄊㄞˊ
流當品,1,ㄌㄧㄡˊ ㄉㄤˋ ㄆㄧㄣˇ
流紋岩,1,ㄌㄧㄡˊ ㄨㄣˊ ㄧㄢˊ
流蘇帳,1,ㄌㄧㄡˊ ㄙㄨ ㄓㄤˋ
流蘇髻,1,ㄌㄧㄡˊ ㄙㄨ ㄐㄧˋ
流行學,1,ㄌㄧㄡˊ ㄒㄧㄥˊ ㄒㄩㄝˊ
流行症,1,ㄌㄧㄡˊ ㄒㄧㄥˊ ㄓㄥˋ
流行色,1,ㄌㄧㄡˊ ㄒㄧㄥˊ ㄙㄜˋ
流行語,1,ㄌㄧㄡˊ ㄒㄧㄥˊ ㄩˇ
浙江潮,1,ㄓㄜˋ ㄐㄧㄤ ㄔㄠˊ
浠水縣,1,ㄒㄧ ㄕㄨㄟˇ ㄒㄧㄢˋ
浣紗溪,1,ㄏㄨㄢˇ ㄕㄚ ㄒㄧ
浣紗記,1,ㄏㄨㄢˇ ㄕㄚ ㄐㄧˋ
浣花日,1,ㄏㄨㄢˇ ㄏㄨㄚ ㄖˋ
浣花溪,1,ㄏㄨㄢˇ ㄏㄨㄚ ㄒㄧ
浣花集,1,ㄏㄨㄢˇ ㄏㄨㄚ ㄐㄧˊ
浦城縣,1,ㄆㄨˇ ㄔㄥˊ ㄒㄧㄢˋ
浩然巾,1,ㄏㄠˋ ㄖㄢˊ ㄐㄧㄣ
浪兒門,1,ㄌㄤˋ ㄦˊ ㄇㄣˊ
浪淘沙,1,ㄌㄤˋ ㄊㄠˊ ㄕㄚ
浪淘淘,1,ㄌㄤˋ ㄊㄠˊ ㄊㄠˊ
浪蕩子,1,ㄌㄤˋ ㄉㄤˋ ㄗˇ
浪蕩燈,1,ㄌㄤˋ ㄉㄤˋ ㄉㄥ
浮上水,1,ㄈㄨˊ ㄕㄤˋ ㄕㄨㄟˇ
浮下水,1,ㄈㄨˊ ㄒㄧㄚˋ ㄕㄨㄟˇ
浮圓子,1,ㄈㄨˊ ㄩㄢˊ ㄗˇ
浮棧橋,1,ㄈㄨˊ ㄓㄢˋ ㄑㄧㄠˊ
浮水衣,1,ㄈㄨˊ ㄕㄨㄟˇ ㄧ
浮浪人,1,ㄈㄨˊ ㄌㄤˋ ㄖㄣˊ
浮頭食,1,ㄈㄨˊ ㄊㄡˊ ㄕˊ
海上權,1,ㄏㄞˇ ㄕㄤˋ ㄑㄩㄢˊ
海上法,1,ㄏㄞˇ ㄕㄤˋ ㄈㄚˇ
海南戲,1,ㄏㄞˇ ㄋㄢˊ ㄒㄧˋ
海參崴,1,ㄏㄞˇ ㄕㄣ ㄨㄟ
海員節,1,ㄏㄞˇ ㄩㄢˊ ㄐㄧㄝˊ
海地斯,1,ㄏㄞˇ ㄉㄧˋ ㄙ
海埔地,1,ㄏㄞˇ ㄆㄨˇ ㄉㄧˋ
海埔姜,1,ㄏㄞˇ ㄆㄨˇ ㄐㄧㄤ
海外版,1,ㄏㄞˇ ㄨㄞˋ ㄅㄢˇ
海夫人,1,ㄏㄞˇ ㄈㄨ ㄖㄣˊ
海岸流,1,ㄏㄞˇ ㄢˋ ㄌㄧㄡˊ
海帶卷,1,ㄏㄞˇ ㄉㄞˋ ㄐㄩㄢˇ
海平階,1,ㄏㄞˇ ㄆㄧㄥˊ ㄐㄧㄝ
海底山,1,ㄏㄞˇ ㄉㄧˇ ㄕㄢ
海底眼,1,ㄏㄞˇ ㄉㄧˇ ㄧㄢˇ
海成層,1,ㄏㄞˇ ㄔㄥˊ ㄘㄥˊ
海拉爾,1,ㄏㄞˇ ㄌㄚ ㄦˇ
海東青,1,ㄏㄞˇ ㄉㄨㄥ ㄑㄧㄥ
海桐科,1,ㄏㄞˇ ㄊㄨㄥˊ ㄎㄜ
海桐花,1,ㄏㄞˇ ㄊㄨㄥˊ ㄏㄨㄚ
海棠果,1,ㄏㄞˇ ㄊㄤˊ ㄍㄨㄛˇ
海森堡,1,ㄏㄞˇ ㄙㄣ ㄅㄠˇ
海檬果,1,ㄏㄞˇ ㄇㄥˊ ㄍㄨㄛˇ
海水面,1,ㄏㄞˇ ㄕㄨㄟˇ ㄇㄧㄢˋ
海水鹽,1,ㄏㄞˇ ㄕㄨㄟˇ ㄧㄢˊ
海泡石,1,ㄏㄞˇ ㄆㄠ ㄕˊ
海洋線,1,ㄏㄞˇ ㄧㄤˊ ㄒㄧㄢˋ
海洋能,1,ㄏㄞˇ ㄧㄤˊ ㄋㄥˊ
海流計,1,ㄏㄞˇ ㄌㄧㄡˊ ㄐㄧˋ
海漂杯,1,ㄏㄞˇ ㄆㄧㄠ ㄅㄟ
海潮音,1,ㄏㄞˇ ㄔㄠˊ ㄧㄣ
海狸鼠,1,ㄏㄞˇ ㄌㄧˊ ㄕㄨˇ
海白菜,1,ㄏㄞˇ ㄅㄞˊ ㄘㄞˋ
海砂屋,1,ㄏㄞˇ ㄕㄚ ㄨ
海綠石,1,ㄏㄞˇ ㄌㄩˋ ㄕˊ
海綿刷,1,ㄏㄞˇ ㄇㄧㄢˊ ㄕㄨㄚ
海綿田,1,ㄏㄞˇ ㄇㄧㄢˊ ㄊㄧㄢˊ
海綿鐵,1,ㄏㄞˇ ㄇㄧㄢˊ ㄊㄧㄝˇ
海花石,1,ㄏㄞˇ ㄏㄨㄚ ㄕˊ
海葡萄,1,ㄏㄞˇ ㄆㄨˊ ㄊㄠ˙
海藻蟲,1,ㄏㄞˇ ㄗㄠˇ ㄔㄨㄥˊ
海蛾魚,1,ㄏㄞˇ ㄜˊ ㄩˊ
海蜘蛛,1,ㄏㄞˇ ㄓ ㄓㄨ
海蝕崖,1,ㄏㄞˇ ㄕˊ ㄧㄞˊ
海蝕柱,1,ㄏㄞˇ ㄕˊ ㄓㄨˋ
海蝕門,1,ㄏㄞˇ ㄕˊ ㄇㄣˊ
海螵蛸,1,ㄏㄞˇ ㄆㄧㄠ ㄒㄧㄠ
海豐縣,1,ㄏㄞˇ ㄈㄥ ㄒㄧㄢˋ
海豚座,1,ㄏㄞˇ ㄊㄨㄣˊ ㄗㄨㄛˋ
海豚泳,1,ㄏㄞˇ ㄊㄨㄣˊ ㄩㄥˇ
海跡湖,1,ㄏㄞˇ ㄐㄧ ㄏㄨˊ
海軍旗,1,ㄏㄞˇ ㄐㄩㄣ ㄑㄧˊ
海輕風,1,ㄏㄞˇ ㄑㄧㄥ ㄈㄥ
海金沙,1,ㄏㄞˇ ㄐㄧㄣ ㄕㄚ
海防林,1,ㄏㄞˇ ㄈㄤˊ ㄌㄧㄣˊ
海鹽腔,1,ㄏㄞˇ ㄧㄢˊ ㄑㄧㄤ
浸禮會,1,ㄐㄧㄣˋ ㄌㄧˇ ㄏㄨㄟˋ
涇川縣,1,ㄐㄧㄥ ㄔㄨㄢ ㄒㄧㄢˋ
消化腔,1,ㄒㄧㄠ ㄏㄨㄚˋ ㄑㄧㄤ
消化酶,1,ㄒㄧㄠ ㄏㄨㄚˋ ㄇㄟˊ
消寒圖,1,ㄒㄧㄠ ㄏㄢˊ ㄊㄨˊ
消寒會,1,ㄒㄧㄠ ㄏㄢˊ ㄏㄨㄟˋ
消極論,1,ㄒㄧㄠ ㄐㄧˊ ㄌㄨㄣˋ
消波塊,1,ㄒㄧㄠ ㄅㄛ ㄎㄨㄞˋ
消渴症,1,ㄒㄧㄠ ㄎㄜˇ ㄓㄥˋ
消火器,1,ㄒㄧㄠ ㄏㄨㄛˇ ㄑㄧˋ
消火氣,1,ㄒㄧㄠ ㄏㄨㄛˇ ㄑㄧˋ
消炎片,1,ㄒㄧㄠ ㄧㄢˊ ㄆㄧㄢˋ
涎瞪瞪,1,ㄒㄧㄢˊ ㄉㄥˋ ㄉㄥˋ
涎鄧鄧,1,ㄒㄧㄢˊ ㄉㄥˋ ㄉㄥˋ
液晶窗,1,ㄧㄝˋ ㄐㄧㄥ ㄔㄨㄤ
液泡膜,1,ㄧㄝˋ ㄆㄠˋ ㄇㄛˋ
涼森森,1,ㄌㄧㄤˊ ㄙㄣ ㄙㄣ
涼珊珊,1,ㄌㄧㄤˊ ㄕㄢ ㄕㄢ
涼篷船,1,ㄌㄧㄤˊ ㄆㄥˊ ㄔㄨㄢˊ
涼絲絲,1,ㄌㄧㄤˊ ㄙ ㄙ
涿鹿山,1,ㄓㄨㄛˊ ㄌㄨˋ ㄕㄢ
涿鹿縣,1,ㄓㄨㄛˊ ㄌㄨˋ ㄒㄧㄢˋ
淅零零,1,ㄒㄧ ㄌㄧㄥˊ ㄌㄧㄥˊ
淋巴瘤,1,ㄌㄧㄣˊ ㄅㄚ ㄌㄧㄡˊ
淋巴節,1,ㄌㄧㄣˊ ㄅㄚ ㄐㄧㄝˊ
淋餘土,1,ㄌㄧㄣˊ ㄩˊ ㄊㄨˇ
淌板船,1,ㄊㄤˇ ㄅㄢˇ ㄔㄨㄢˊ
淘古井,1,ㄊㄠˊ ㄍㄨˇ ㄐㄧㄥˇ
淘金夢,1,ㄊㄠˊ ㄐㄧㄣ ㄇㄥˋ
淘金客,1,ㄊㄠˊ ㄐㄧㄣ ㄎㄜˋ
淘閒氣,1,ㄊㄠˊ ㄒㄧㄢˊ ㄑㄧˋ
淚囊炎,1,ㄌㄟˋ ㄋㄤˊ ㄧㄢˊ
淡不剌,1,ㄉㄢˋ ㄅㄨˋ ㄌㄚˋ
淡不淡,1,ㄉㄢˋ ㄅㄨˋ ㄉㄢˋ
淡冷處,1,ㄉㄢˋ ㄌㄥˇ ㄔㄨˋ
淡巴菰,1,ㄉㄢˋ ㄅㄚ ㄍㄨ
淡濛濛,1,ㄉㄢˋ ㄇㄥˊ ㄇㄥˊ
淨值法,1,ㄐㄧㄥˋ ㄓˊ ㄈㄚˇ
淨噸位,1,ㄐㄧㄥˋ ㄉㄨㄣˋ ㄨㄟˋ
淨投資,1,ㄐㄧㄥˋ ㄊㄡˊ ㄗ
淨琉璃,1,ㄐㄧㄥˋ ㄌㄧㄡˊ ㄌㄧˊ
淨身人,1,ㄐㄧㄥˋ ㄕㄣ ㄖㄣˊ
淨飯王,1,ㄐㄧㄥˋ ㄈㄢˋ ㄨㄤˊ
淩雲筆,1,ㄌㄧㄥˊ ㄩㄣˊ ㄅㄧˇ
淪波舟,1,ㄌㄨㄣˊ ㄅㄛ ㄓㄡ
淪落人,1,ㄌㄨㄣˊ ㄌㄨㄛˋ ㄖㄣˊ
淫羊藿,1,ㄧㄣˊ ㄧㄤˊ ㄏㄨㄛˋ
淮南子,1,ㄏㄨㄞˊ ㄋㄢˊ ㄗˇ
淮安縣,1,ㄏㄨㄞˊ ㄢ ㄒㄧㄢˋ
淮海戲,1,ㄏㄨㄞˊ ㄏㄞˇ ㄒㄧˋ
淮陰侯,1,ㄏㄨㄞˊ ㄧㄣ ㄏㄡˊ
淮陰縣,1,ㄏㄨㄞˊ ㄧㄣ ㄒㄧㄢˋ
淮陽縣,1,ㄏㄨㄞˊ ㄧㄤˊ ㄒㄧㄢˋ
深成岩,1,ㄕㄣ ㄔㄥˊ ㄧㄢˊ
淳于意,1,ㄔㄨㄣˊ ㄩˊ ㄧˋ
淳于髡,1,ㄔㄨㄣˊ ㄩˊ ㄎㄨㄣ
淵源錄,1,ㄩㄢ ㄩㄢˊ ㄌㄨˋ
混合層,1,ㄏㄨㄣˋ ㄏㄜˊ ㄘㄥˊ
混合林,1,ㄏㄨㄣˋ ㄏㄜˊ ㄌㄧㄣˊ
混合比,1,ㄏㄨㄣˋ ㄏㄜˊ ㄅㄧˇ
混合語,1,ㄏㄨㄣˋ ㄏㄜˊ ㄩˇ
混同江,1,ㄏㄨㄣˋ ㄊㄨㄥˊ ㄐㄧㄤ
混帳話,1,ㄏㄨㄣˋ ㄓㄤˋ ㄏㄨㄚˋ
混汞法,1,ㄏㄨㄣˋ ㄍㄨㄥˇ ㄈㄚˇ
混飯吃,1,ㄏㄨㄣˋ ㄈㄢˋ ㄔ
淺海區,1,ㄑㄧㄢˇ ㄏㄞˇ ㄑㄩ
淺海波,1,ㄑㄧㄢˇ ㄏㄞˇ ㄅㄛ
淺間山,1,ㄑㄧㄢˇ ㄐㄧㄢ ㄕㄢ
清世宗,1,ㄑㄧㄥ ㄕˋ ㄗㄨㄥ
清世祖,1,ㄑㄧㄥ ㄕˋ ㄗㄨˇ
清唱劇,1,ㄑㄧㄥ ㄔㄤˋ ㄐㄩˋ
清商樂,1,ㄑㄧㄥ ㄕㄤ ㄩㄝˋ
清太祖,1,ㄑㄧㄥ ㄊㄞˋ ㄗㄨˇ
清平調,1,ㄑㄧㄥ ㄆㄧㄥˊ ㄉㄧㄠˋ
清德宗,1,ㄑㄧㄥ ㄉㄜˊ ㄗㄨㄥ
清水池,1,ㄑㄧㄥ ㄕㄨㄟˇ ㄔˊ
清水煙,1,ㄑㄧㄥ ㄕㄨㄟˇ ㄧㄢ
清水貨,1,ㄑㄧㄥ ㄕㄨㄟˇ ㄏㄨㄛˋ
清江浦,1,ㄑㄧㄥ ㄐㄧㄤ ㄆㄨˇ
清潔者,1,ㄑㄧㄥ ㄐㄧㄝˊ ㄓㄜˇ
清異錄,1,ㄑㄧㄥ ㄧˋ ㄌㄨˋ
清真詞,1,ㄑㄧㄥ ㄓㄣ ㄘˊ
清眼鬼,1,ㄑㄧㄥ ㄧㄢˇ ㄍㄨㄟˇ
清稿本,1,ㄑㄧㄥ ㄍㄠˇ ㄅㄣˇ
清耿耿,1,ㄑㄧㄥ ㄍㄥˇ ㄍㄥˇ
清聖祖,1,ㄑㄧㄥ ㄕㄥˋ ㄗㄨˇ
清芬志,1,ㄑㄧㄥ ㄈㄣ ㄓˋ
清苑縣,1,ㄑㄧㄥ ㄩㄢˋ ㄒㄧㄢˋ
清華園,1,ㄑㄧㄥ ㄏㄨㄚˊ ㄩㄢˊ
清議報,1,ㄑㄧㄥ ㄧˋ ㄅㄠˋ
減壓站,1,ㄐㄧㄢˇ ㄧㄚ ㄓㄢˋ
減壓閥,1,ㄐㄧㄢˇ ㄧㄚ ㄈㄚˊ
減水河,1,ㄐㄧㄢˇ ㄕㄨㄟˇ ㄏㄜˊ
減震器,1,ㄐㄧㄢˇ ㄓㄣˋ ㄑㄧˋ
渡江楫,1,ㄉㄨˋ ㄐㄧㄤ ㄐㄧˊ
渡頭雲,1,ㄉㄨˋ ㄊㄡˊ ㄩㄣˊ
渡馬船,1,ㄉㄨˋ ㄇㄚˇ ㄔㄨㄢˊ
渤海國,1,ㄅㄛˊ ㄏㄞˇ ㄍㄨㄛˊ
測光表,1,ㄘㄜˋ ㄍㄨㄤ ㄅㄧㄠˇ
測步器,1,ㄘㄜˋ ㄅㄨˋ ㄑㄧˋ
測深器,1,ㄘㄜˋ ㄕㄣ ㄑㄧˋ
測謊機,1,ㄘㄜˋ ㄏㄨㄤˇ ㄐㄧ
渴睡漢,1,ㄎㄜˇ ㄕㄨㄟˋ ㄏㄢˋ
游仙窟,1,ㄧㄡˊ ㄒㄧㄢ ㄎㄨ
游擊區,1,ㄧㄡˊ ㄐㄧˊ ㄑㄩ
游泳圈,1,ㄧㄡˊ ㄩㄥˇ ㄑㄩㄢ
游禽類,1,ㄧㄡˊ ㄑㄧㄣˊ ㄌㄟˋ
游離層,1,ㄧㄡˊ ㄌㄧˊ ㄘㄥˊ
游離票,1,ㄧㄡˊ ㄌㄧˊ ㄆㄧㄠˋ
渾不似,1,ㄏㄨㄣˊ ㄅㄨˋ ㄙˋ
渾不比,1,ㄏㄨㄣˊ ㄅㄨˋ ㄅㄧˇ
渾可事,1,ㄏㄨㄣˊ ㄎㄜˇ ㄕˋ
渾小子,1,ㄏㄨㄣˊ ㄒㄧㄠˇ ㄗ˙
渾閑事,1,ㄏㄨㄣˊ ㄒㄧㄢˊ ㄕˋ
湊分子,1,ㄘㄡˋ ㄈㄣˋ ㄗ˙
湊現成,1,ㄘㄡˋ ㄒㄧㄢˋ ㄔㄥˊ
湊膽子,1,ㄘㄡˋ ㄉㄢˇ ㄗ˙
湖山石,1,ㄏㄨˊ ㄕㄢ ㄕˊ
湖州市,1,ㄏㄨˊ ㄓㄡ ㄕˋ
湖海氣,1,ㄏㄨˊ ㄏㄞˇ ㄑㄧˋ
湘夫人,1,ㄒㄧㄤ ㄈㄨ ㄖㄣˊ
湘妃竹,1,ㄒㄧㄤ ㄈㄟ ㄓㄨˊ
湘江竹,1,ㄒㄧㄤ ㄐㄧㄤ ㄓㄨˊ
湘潭縣,1,ㄒㄧㄤ ㄊㄢˊ ㄒㄧㄢˋ
湘鄉派,1,ㄒㄧㄤ ㄒㄧㄤ ㄆㄞˋ
湧升流,1,ㄩㄥˇ ㄕㄥ ㄌㄧㄡˊ
湯姆森,1,ㄊㄤ ㄇㄨˇ ㄕㄥ
湯婆子,1,ㄊㄤ ㄆㄛˊ ㄗ˙
湯沐邑,1,ㄊㄤ ㄇㄨˋ ㄧˋ
湯澆雪,1,ㄊㄤ ㄐㄧㄠ ㄒㄩㄝˇ
湯若望,1,ㄊㄤ ㄖㄨㄛˋ ㄨㄤˋ
湯餅會,1,ㄊㄤ ㄅㄧㄥˇ ㄏㄨㄟˋ
溈仰宗,1,ㄍㄨㄟ ㄧㄤˇ ㄗㄨㄥ
源流考,1,ㄩㄢˊ ㄌㄧㄡˊ ㄎㄠˇ
源賴朝,1,ㄩㄢˊ ㄌㄞˋ ㄔㄠˊ
準貨幣,1,ㄓㄨㄣˇ ㄏㄨㄛˋ ㄅㄧˋ
溜冰團,1,ㄌㄧㄡ ㄅㄧㄥ ㄊㄨㄢˊ
溜油光,1,ㄌㄧㄡ ㄧㄡˊ ㄍㄨㄤ
溜溜轉,1,ㄌㄧㄡ ㄌㄧㄡ ㄓㄨㄢˋ
溜溝子,1,ㄌㄧㄡ ㄍㄡ ㄗ˙
溜滑板,1,ㄌㄧㄡ ㄏㄨㄚˊ ㄅㄢˇ
溜眼睛,1,ㄌㄧㄡ ㄧㄢˇ ㄐㄧㄥ˙
溜肩膀,1,ㄌㄧㄡ ㄐㄧㄢ ㄅㄤˇ
溜骨髓,1,ㄌㄧㄡ ㄍㄨˇ ㄙㄨㄟˇ
溝中斷,1,ㄍㄡ ㄓㄨㄥ ㄉㄨㄢˋ
溝中瘠,1,ㄍㄡ ㄓㄨㄥ ㄐㄧˊ
溧陽縣,1,ㄌㄧˋ ㄧㄤˊ ㄒㄧㄢˋ
溫八叉,1,ㄨㄣ ㄅㄚ ㄔㄚ
溫吞吞,1,ㄨㄣ ㄊㄨㄣ ㄊㄨㄣ
溫尼伯,1,ㄨㄣ ㄋㄧˊ ㄅㄛˊ
溫度表,1,ㄨㄣ ㄉㄨˋ ㄅㄧㄠˇ
溫庭筠,1,ㄨㄣ ㄊㄧㄥˊ ㄩㄣˊ
溴中毒,1,ㄒㄧㄡˋ ㄓㄨㄥˋ ㄉㄨˊ
溴化鈉,1,ㄒㄧㄡˋ ㄏㄨㄚˋ ㄋㄚˋ
溴化鎂,1,ㄒㄧㄡˋ ㄏㄨㄚˋ ㄇㄟˇ
溺窩子,1,ㄋㄧㄠˋ ㄨㄛ ㄗ˙
溼壁畫,1,ㄕ ㄅㄧˋ ㄏㄨㄚˋ
溼淋淋,1,ㄕ ㄌㄧㄣˊ ㄌㄧㄣˊ
溼漉漉,1,ㄕ ㄌㄨˋ ㄌㄨˋ
溼答答,1,ㄕ ㄉㄚ ㄉㄚ
滂喜篇,1,ㄆㄤ ㄒㄧˇ ㄆㄧㄢ
滅不個,1,ㄇㄧㄝˋ ㄅㄨˋ ㄍㄜ˙
滅火沙,1,ㄇㄧㄝˋ ㄏㄨㄛˇ ㄕㄚ
滅良心,1,ㄇㄧㄝˋ ㄌㄧㄤˊ ㄒㄧㄣ
滇池縣,1,ㄉㄧㄢ ㄔˊ ㄒㄧㄢˋ
滎經縣,1,ㄧㄥˊ ㄐㄧㄥ ㄒㄧㄢˋ
滎陽縣,1,ㄒㄧㄥˊ ㄧㄤˊ ㄒㄧㄢˋ
滏陽河,1,ㄈㄨˇ ㄧㄤˊ ㄏㄜˊ
滑動面,1,ㄏㄨㄚˊ ㄉㄨㄥˋ ㄇㄧㄢˋ
滑扢虀,1,ㄏㄨㄚˊ ㄒㄧˋ ㄐㄧ
滑流水,1,ㄏㄨㄚˊ ㄌㄧㄡˊ ㄕㄨㄟˇ
滑碌碌,1,ㄏㄨㄚˊ ㄌㄨˋ ㄌㄨˋ
滑稽劇,1,ㄏㄨㄚˊ ㄐㄧ ㄐㄩˋ
滑稽戲,1,ㄍㄨˇ ㄐㄧ ㄒㄧˋ
滑航艇,1,ㄏㄨㄚˊ ㄏㄤˊ ㄊㄧㄥˇ
滑行道,1,ㄏㄨㄚˊ ㄒㄧㄥˊ ㄉㄠˋ
滑雪衫,1,ㄏㄨㄚˊ ㄒㄩㄝˇ ㄕㄢ
滕王閣,1,ㄊㄥˊ ㄨㄤˊ ㄍㄜˊ
滯育期,1,ㄓˋ ㄩˋ ㄑㄧˊ
滴了天,1,ㄉㄧ ㄌㄜ˙ ㄊㄧㄢ
滴屑屑,1,ㄉㄧ ㄒㄧㄝˋ ㄒㄧㄝˋ
滴水檐,1,ㄉㄧ ㄕㄨㄟˇ ㄧㄢˊ
滴水瓦,1,ㄉㄧ ㄕㄨㄟˇ ㄨㄚˇ
滴流撲,1,ㄉㄧ ㄌㄧㄡˊ ㄆㄨ
滴流流,1,ㄉㄧ ㄌㄧㄡˊ ㄌㄧㄡˊ
滴溜撲,1,ㄉㄧ ㄌㄧㄡ ㄆㄨ
滴留撲,1,ㄉㄧ ㄌㄧㄡˊ ㄆㄨ
滷梅水,1,ㄌㄨˇ ㄇㄟˊ ㄕㄨㄟˇ
滷蝦油,1,ㄌㄨˇ ㄒㄧㄚ ㄧㄡˊ
滾出去,1,ㄍㄨㄣˇ ㄔㄨ ㄑㄩ˙
滾刀筋,1,ㄍㄨㄣˇ ㄉㄠ ㄐㄧㄣ
滾奏法,1,ㄍㄨㄣˇ ㄗㄡˋ ㄈㄚˇ
滾白水,1,ㄍㄨㄣˇ ㄅㄞˊ ㄕㄨㄟˇ
滾肚索,1,ㄍㄨㄣˇ ㄉㄨˋ ㄙㄨㄛˇ
滾起來,1,ㄍㄨㄣˇ ㄑㄧˇ ㄌㄞ˙
滿世界,1,ㄇㄢˇ ㄕˋ ㄐㄧㄝˋ
滿世間,1,ㄇㄢˇ ㄕˋ ㄐㄧㄢ
滿可以,1,ㄇㄢˇ ㄎㄜˇ ㄧˇ
滿堂彩,1,ㄇㄢˇ ㄊㄤˊ ㄘㄞˇ
滿好個,1,ㄇㄢˇ ㄏㄠˇ ㄍㄜ˙
滿州鄉,1,ㄇㄢˇ ㄓㄡ ㄒㄧㄤ
滿市街,1,ㄇㄢˇ ㄕˋ ㄐㄧㄝ
滿庭芳,1,ㄇㄢˇ ㄊㄧㄥˊ ㄈㄤ
滿張羅,1,ㄇㄢˇ ㄓㄤ ㄌㄨㄛ˙
滿打算,1,ㄇㄢˇ ㄉㄚˇ ㄙㄨㄢˋ
滿打著,1,ㄇㄢˇ ㄉㄚˇ ㄓㄜ˙
滿月酒,1,ㄇㄢˇ ㄩㄝˋ ㄐㄧㄡˇ
滿球數,1,ㄇㄢˇ ㄑㄧㄡˊ ㄕㄨˋ
滿登登,1,ㄇㄢˇ ㄉㄥ ㄉㄥ
滿肚皮,1,ㄇㄢˇ ㄉㄨˋ ㄆㄧˊ
滿臉花,1,ㄇㄢˇ ㄌㄧㄢˇ ㄏㄨㄚ
漁樵記,1,ㄩˊ ㄑㄧㄠˊ ㄐㄧˋ
漁民節,1,ㄩˊ ㄇㄧㄣˊ ㄐㄧㄝˊ
漁陽弄,1,ㄩˊ ㄧㄤˊ ㄋㄨㄥˋ
漂亮話,1,ㄆㄧㄠˋ ㄌㄧㄤ˙ ㄏㄨㄚˋ
漂來戶,1,ㄆㄧㄠ ㄌㄞˊ ㄏㄨˋ
漂流物,1,ㄆㄧㄠ ㄌㄧㄡˊ ㄨˋ
漆器雕,1,ㄑㄧ ㄑㄧˋ ㄉㄧㄠ
漆毒疹,1,ㄑㄧ ㄉㄨˊ ㄓㄣˇ
漆砂硯,1,ㄑㄧ ㄕㄚ ㄧㄢˋ
漏了眼,1,ㄌㄡˋ ㄌㄜ˙ ㄧㄢˇ
漏斗器,1,ㄌㄡˋ ㄉㄡˇ ㄑㄧˋ
漏斗管,1,ㄌㄡˋ ㄉㄡˇ ㄍㄨㄢˇ
漏星堂,1,ㄌㄡˋ ㄒㄧㄥ ㄊㄤˊ
漏澤園,1,ㄌㄡˋ ㄗㄜˊ ㄩㄢˊ
漏瘡痘,1,ㄌㄡˋ ㄔㄨㄤ ㄉㄡˋ
漏網魚,1,ㄌㄡˋ ㄨㄤˇ ㄩˊ
漏面賊,1,ㄌㄡˋ ㄇㄧㄢˋ ㄗㄟˊ
漏風掌,1,ㄌㄡˋ ㄈㄥ ㄓㄤˇ
演啞劇,1,ㄧㄢˇ ㄧㄚˇ ㄐㄩˋ
演武廳,1,ㄧㄢˇ ㄨˇ ㄊㄧㄥ
演繁露,1,ㄧㄢˇ ㄈㄢˊ ㄌㄨˋ
演說詞,1,ㄧㄢˇ ㄕㄨㄛ ㄘˊ
演雙簧,1,ㄧㄢˇ ㄕㄨㄤ ㄏㄨㄤˊ
漠楞楞,1,ㄇㄛˋ ㄌㄥˋ ㄌㄥˋ
漠漠寒,1,ㄇㄛˋ ㄇㄛˋ ㄏㄢˊ
漢和帝,1,ㄏㄢˋ ㄏㄜˊ ㄉㄧˋ
漢宣帝,1,ㄏㄢˋ ㄒㄩㄢ ㄉㄧˋ
漢尼拔,1,ㄏㄢˋ ㄋㄧˊ ㄅㄚˊ
漢成帝,1,ㄏㄢˋ ㄔㄥˊ ㄉㄧˋ
漢文帝,1,ㄏㄢˋ ㄨㄣˊ ㄉㄧˋ
漢景帝,1,ㄏㄢˋ ㄐㄧㄥˇ ㄉㄧˋ
漢桓帝,1,ㄏㄢˋ ㄏㄨㄢˊ ㄉㄧˋ
漢民族,1,ㄏㄢˋ ㄇㄧㄣˊ ㄗㄨˊ
漢藥方,1,ㄏㄢˋ ㄧㄠˋ ㄈㄤ
漢鍾離,1,ㄏㄢˋ ㄓㄨㄥ ㄌㄧˊ
漢靈帝,1,ㄏㄢˋ ㄌㄧㄥˊ ㄉㄧˋ
漫反射,1,ㄇㄢˋ ㄈㄢˇ ㄕㄜˋ
漫騰騰,1,ㄇㄢˋ ㄊㄥˊ ㄊㄥˊ
漱口水,1,ㄕㄨˋ ㄎㄡˇ ㄕㄨㄟˇ
漱玉詞,1,ㄕㄨˋ ㄩˋ ㄘˊ
漳浦縣,1,ㄓㄤ ㄆㄨˇ ㄒㄧㄢˋ
漵浦縣,1,ㄒㄩˋ ㄆㄨˇ ㄒㄧㄢˋ
漿細胞,1,ㄐㄧㄤ ㄒㄧˋ ㄅㄠ
潁考叔,1,ㄧㄥˇ ㄎㄠˇ ㄕㄨˊ
潑剌剌,1,ㄆㄛ ㄌㄚˋ ㄌㄚˋ
潑包婁,1,ㄆㄛ ㄅㄠ ㄌㄡˊ
潑性命,1,ㄆㄛ ㄒㄧㄥˋ ㄇㄧㄥˋ
潑殘生,1,ㄆㄛ ㄘㄢˊ ㄕㄥ
潑毛團,1,ㄆㄛ ㄇㄠˊ ㄊㄨㄢˊ
潑毛神,1,ㄆㄛ ㄇㄠˊ ㄕㄣˊ
潑浪鼓,1,ㄆㄛ ㄌㄤˋ ㄍㄨˇ
潑無徒,1,ㄆㄛ ㄨˊ ㄊㄨˊ
潑煙花,1,ㄆㄛ ㄧㄢ ㄏㄨㄚ
潑男女,1,ㄆㄛ ㄋㄢˊ ㄋㄩˇ
潑皮貨,1,ㄆㄛ ㄆㄧˊ ㄏㄨㄛˋ
潑花團,1,ㄆㄛ ㄏㄨㄚ ㄊㄨㄢˊ
潑言語,1,ㄆㄛ ㄧㄢˊ ㄩˇ
潑賤人,1,ㄆㄛ ㄐㄧㄢˋ ㄖㄣˊ
潑賸飯,1,ㄆㄛ ㄕㄥˋ ㄈㄢˋ
潑辣貨,1,ㄆㄛ ㄌㄚ˙ ㄏㄨㄛˋ
潑風刀,1,ㄆㄛ ㄈㄥ ㄉㄠ
潑髒水,1,ㄆㄛ ㄗㄤ ㄕㄨㄟˇ
潔操履,1,ㄐㄧㄝˊ ㄘㄠ ㄌㄩˇ
潔齒劑,1,ㄐㄧㄝˊ ㄔˇ ㄐㄧˋ
潘乃德,1,ㄆㄢ ㄋㄞˇ ㄉㄜˊ
潘公展,1,ㄆㄢ ㄍㄨㄥ ㄓㄢˇ
潘妃步,1,ㄆㄢ ㄈㄟ ㄅㄨˋ
潘朵拉,1,ㄆㄢ ㄉㄨㄛˇ ㄌㄚ
潘河陽,1,ㄆㄢ ㄏㄜˊ ㄧㄤˊ
潘神簫,1,ㄆㄢ ㄕㄣˊ ㄒㄧㄠ
潘達微,1,ㄆㄢ ㄉㄚˊ ㄨㄟˊ
潛夫論,1,ㄑㄧㄢˊ ㄈㄨ ㄌㄨㄣˋ
潛水刀,1,ㄑㄧㄢˊ ㄕㄨㄟˇ ㄉㄠ
潛水病,1,ㄑㄧㄢˊ ㄕㄨㄟˇ ㄅㄧㄥˋ
潛水肺,1,ㄑㄧㄢˊ ㄕㄨㄟˇ ㄈㄟˋ
潛水鐘,1,ㄑㄧㄢˊ ㄕㄨㄟˇ ㄓㄨㄥ
潞涿君,1,ㄌㄨˋ ㄓㄨㄛˊ ㄐㄩㄣ
潦漿泡,1,ㄌㄧㄠˊ ㄐㄧㄤ ㄆㄠˋ
潮安縣,1,ㄔㄠˊ ㄢ ㄒㄧㄢˋ
潮音洞,1,ㄔㄠˊ ㄧㄣ ㄉㄨㄥˋ
潼關縣,1,ㄊㄨㄥˊ ㄍㄨㄢ ㄒㄧㄢˋ
澂江縣,1,ㄔㄥˊ ㄐㄧㄤ ㄒㄧㄢˋ
澄泥硯,1,ㄔㄥˊ ㄋㄧˊ ㄧㄢˋ
澄邁縣,1,ㄔㄥˊ ㄇㄞˋ ㄒㄧㄢˋ
澆梅根,1,ㄐㄧㄠ ㄇㄟˊ ㄍㄣ
澎浪磯,1,ㄆㄥˊ ㄌㄤˋ ㄐㄧ
澠池會,1,ㄇㄧㄣˇ ㄔˊ ㄏㄨㄟˋ
澠池縣,1,ㄇㄧㄣˇ ㄔˊ ㄒㄧㄢˋ
激勃素,1,ㄐㄧ ㄅㄛˊ ㄙㄨˋ
濁聲母,1,ㄓㄨㄛˊ ㄕㄥ ㄇㄨˇ
濃縮版,1,ㄋㄨㄥˊ ㄙㄨㄛ ㄅㄢˇ
濃縮鈾,1,ㄋㄨㄥˊ ㄙㄨㄛ ㄧㄡˊ
濕津津,1,ㄕ ㄐㄧㄣ ㄐㄧㄣ
濕浸浸,1,ㄕ ㄐㄧㄣˋ ㄐㄧㄣˋ
濛鬆雨,1,ㄇㄥˊ ㄙㄨㄥ ㄩˇ
濟公傳,1,ㄐㄧˋ ㄍㄨㄥ ㄓㄨㄢˋ
濟寧縣,1,ㄐㄧˇ ㄋㄧㄥˊ ㄒㄧㄢˋ
濟州島,1,ㄐㄧˇ ㄓㄡ ㄉㄠˇ
濮陽縣,1,ㄆㄨˊ ㄧㄤˊ ㄒㄧㄢˋ
濱豇豆,1,ㄅㄧㄣ ㄐㄧㄤ ㄉㄡˋ
濾光鏡,1,ㄌㄩˋ ㄍㄨㄤ ㄐㄧㄥˋ
濾泡期,1,ㄌㄩˋ ㄆㄠˋ ㄑㄧˊ
瀝青炭,1,ㄌㄧˋ ㄑㄧㄥ ㄊㄢˋ
瀝青石,1,ㄌㄧˋ ㄑㄧㄥ ㄕˊ
瀟湘雨,1,ㄒㄧㄠ ㄒㄧㄤ ㄩˇ
灌注器,1,ㄍㄨㄢˋ ㄓㄨˋ ㄑㄧˋ
灌溉渠,1,ㄍㄨㄢˋ ㄍㄞˋ ㄑㄩˊ
灌香腸,1,ㄍㄨㄢˋ ㄒㄧㄤ ㄔㄤˊ
灌黃湯,1,ㄍㄨㄢˋ ㄏㄨㄤˊ ㄊㄤ
灑金箋,1,ㄙㄚˇ ㄐㄧㄣ ㄐㄧㄢ
灞陵園,1,ㄅㄚˋ ㄌㄧㄥˊ ㄩㄢˊ
灞陵尉,1,ㄅㄚˋ ㄌㄧㄥˊ ㄨㄟˋ
灞陵縣,1,ㄅㄚˋ ㄌㄧㄥˊ ㄒㄧㄢˋ
灤州影,1,ㄌㄨㄢˊ ㄓㄡ ㄧㄥˇ
灩澦堆,1,ㄧㄢˋ ㄩˋ ㄉㄨㄟ
火不思,1,ㄏㄨㄛˇ ㄅㄨˋ ㄙ
火不登,1,ㄏㄨㄛˇ ㄅㄨˋ ㄉㄥ
火不騰,1,ㄏㄨㄛˇ ㄅㄨˋ ㄊㄥˊ
火剌剌,1,ㄏㄨㄛˇ ㄌㄚˋ ㄌㄚˋ
火匣子,1,ㄏㄨㄛˇ ㄒㄧㄚˊ ㄗ˙
火宅僧,1,ㄏㄨㄛˇ ㄓㄞˊ ㄙㄥ
火崩崩,1,ㄏㄨㄛˇ ㄅㄥ ㄅㄥ
火捻子,1,ㄏㄨㄛˇ ㄋㄧㄢˇ ㄗ˙
火摺子,1,ㄏㄨㄛˇ ㄓㄜˊ ㄗ˙
火楣子,1,ㄏㄨㄛˇ ㄇㄟˊ ㄗ˙
火浣布,1,ㄏㄨㄛˇ ㄏㄨㄢˇ ㄅㄨˋ
火焰山,1,ㄏㄨㄛˇ ㄧㄢˋ ㄕㄢ
火焰焰,1,ㄏㄨㄛˇ ㄧㄢˋ ㄧㄢˋ
火煤子,1,ㄏㄨㄛˇ ㄇㄟˊ ㄗ˙
火熹微,1,ㄏㄨㄛˇ ㄒㄧ ㄨㄟˊ
火燎腿,1,ㄏㄨㄛˇ ㄌㄧㄠˋ ㄊㄨㄟˇ
火燒心,1,ㄏㄨㄛˇ ㄕㄠ ㄒㄧㄣ
火燒車,1,ㄏㄨㄛˇ ㄕㄠ ㄔㄜ
火玻璃,1,ㄏㄨㄛˇ ㄅㄛ ㄌㄧ˙
火神廟,1,ㄏㄨㄛˇ ㄕㄣˊ ㄇㄧㄠˋ
火筷子,1,ㄏㄨㄛˇ ㄎㄨㄞˋ ㄗ˙
火箭彈,1,ㄏㄨㄛˇ ㄐㄧㄢˋ ㄉㄢˋ
火腿族,1,ㄏㄨㄛˇ ㄊㄨㄟˇ ㄗㄨˊ
火葫蘆,1,ㄏㄨㄛˇ ㄏㄨˊ ㄌㄨˊ
火蠍子,1,ㄏㄨㄛˇ ㄒㄧㄝ ㄗ˙
火裡赤,1,ㄏㄨㄛˇ ㄌㄧˇ ㄔˋ
火鏈片,1,ㄏㄨㄛˇ ㄌㄧㄢˋ ㄆㄧㄢˋ
火雜雜,1,ㄏㄨㄛˇ ㄗㄚˊ ㄗㄚˊ
火鶴花,1,ㄏㄨㄛˇ ㄏㄜˋ ㄏㄨㄚ
灰撲撲,1,ㄏㄨㄟ ㄆㄨ ㄆㄨ
灰脾氣,1,ㄏㄨㄟ ㄆㄧˊ ㄑㄧˋ
灰茫茫,1,ㄏㄨㄟ ㄇㄤˊ ㄇㄤˊ
灶上的,1,ㄗㄠˋ ㄕㄤˋ ㄉㄜ˙
灶下婢,1,ㄗㄠˋ ㄒㄧㄚˋ ㄅㄧˋ
灶下養,1,ㄗㄠˋ ㄒㄧㄚˋ ㄧㄤˇ
炒冷飯,1,ㄔㄠˇ ㄌㄥˇ ㄈㄢˋ
炕爐子,1,ㄎㄤˋ ㄌㄨˊ ㄗ˙
炕面磚,1,ㄎㄤˋ ㄇㄧㄢˋ ㄓㄨㄢ
炭筆畫,1,ㄊㄢˋ ㄅㄧˇ ㄏㄨㄚˋ
炭簍子,1,ㄊㄢˋ ㄌㄡˇ ㄗ˙
炭精棒,1,ㄊㄢˋ ㄐㄧㄥ ㄅㄤˋ
炭精筆,1,ㄊㄢˋ ㄐㄧㄥ ㄅㄧˇ
炭精紙,1,ㄊㄢˋ ㄐㄧㄥ ㄓˇ
炮目線,1,ㄆㄠˋ ㄇㄨˋ ㄒㄧㄢˋ
炮竹紅,1,ㄆㄠˋ ㄓㄨˊ ㄏㄨㄥˊ
炮筒子,1,ㄆㄠˋ ㄊㄨㄥˇ ㄗ˙
炮羊肚,1,ㄅㄠ ㄧㄤˊ ㄉㄨˇ
炳靈寺,1,ㄅㄧㄥˇ ㄌㄧㄥˊ ㄙˋ
烈丈夫,1,ㄌㄧㄝˋ ㄓㄤˋ ㄈㄨ
烈紙錢,1,ㄌㄧㄝˋ ㄓˇ ㄑㄧㄢˊ
烏塗水,1,ㄨ ㄊㄨ˙ ㄕㄨㄟˇ
烏壓壓,1,ㄨ ㄧㄚ ㄧㄚ
烏心石,1,ㄨ ㄒㄧㄣ ㄕˊ
烏毛蕨,1,ㄨ ㄇㄠˊ ㄐㄩㄝˊ
烏氏倮,1,ㄨ ㄓ ㄌㄨㄛˇ
烏油油,1,ㄨ ㄧㄡˊ ㄧㄡˊ
烏盆計,1,ㄨ ㄆㄣˊ ㄐㄧˋ
烏眼雞,1,ㄨ ㄧㄢˇ ㄐㄧ
烏絲欄,1,ㄨ ㄙ ㄌㄢˊ
烏衣巷,1,ㄨ ㄧ ㄒㄧㄤˋ
烏衣郎,1,ㄨ ㄧ ㄌㄤˊ
烏賊車,1,ㄨ ㄗㄟˊ ㄔㄜ
烏頰魚,1,ㄨ ㄐㄧㄚˊ ㄩˊ
烏魚蛋,1,ㄨ ㄩˊ ㄉㄢˋ
烏鵲橋,1,ㄨ ㄑㄩㄝˋ ㄑㄧㄠˊ
烏龍院,1,ㄨ ㄌㄨㄥˊ ㄩㄢˋ
烘培機,1,ㄏㄨㄥ ㄆㄟˊ ㄐㄧ
烘碗機,1,ㄏㄨㄥ ㄨㄢˇ ㄐㄧ
烙燒餅,1,ㄌㄠˋ ㄕㄠ ㄅㄧㄥˇ
烤乳豬,1,ㄎㄠˇ ㄖㄨˇ ㄓㄨ
烽火館,1,ㄈㄥ ㄏㄨㄛˇ ㄍㄨㄢˇ
焉支山,1,ㄧㄢ ㄓ ㄕㄢ
焉耆縣,1,ㄧㄢ ㄑㄧˊ ㄒㄧㄢˋ
無一時,1,ㄨˊ ㄧ ㄕˊ
無价事,1,ㄨˊ ㄐㄧㄝˋ ㄕˋ
無倒斷,1,ㄨˊ ㄉㄠˋ ㄉㄨㄢˋ
無光帶,1,ㄨˊ ㄍㄨㄤ ㄉㄞˋ
無名帖,1,ㄨˊ ㄇㄧㄥˊ ㄊㄧㄝˇ
無噍類,1,ㄨˊ ㄐㄧㄠˋ ㄌㄟˋ
無回豁,1,ㄨˊ ㄏㄨㄟˊ ㄏㄨㄛˋ
無垢衣,1,ㄨˊ ㄍㄡˋ ㄧ
無塵室,1,ㄨˊ ㄔㄣˊ ㄕˋ
無多子,1,ㄨˊ ㄉㄨㄛ ㄗˇ
無存濟,1,ㄨˊ ㄘㄨㄣˊ ㄐㄧˋ
無定河,1,ㄨˊ ㄉㄧㄥˋ ㄏㄜˊ
無尾目,1,ㄨˊ ㄨㄟˇ ㄇㄨˋ
無尿症,1,ㄨˊ ㄋㄧㄠˋ ㄓㄥˋ
無弦琴,1,ㄨˊ ㄒㄧㄢˊ ㄑㄧㄣˊ
無形鏡,1,ㄨˊ ㄒㄧㄥˊ ㄐㄧㄥˋ
無患子,1,ㄨˊ ㄏㄨㄢˋ ㄗˇ
無想頭,1,ㄨˊ ㄒㄧㄤˇ ㄊㄡˊ
無所得,1,ㄨˊ ㄙㄨㄛˇ ㄉㄜˊ
無指望,1,ㄨˊ ㄓˇ ㄨㄤˋ
無是處,1,ㄨˊ ㄕˋ ㄔㄨˋ
無梁斗,1,ㄨˊ ㄌㄧㄤˊ ㄉㄡˇ
無添和,1,ㄨˊ ㄊㄧㄢ ㄏㄜˊ
無理式,1,ㄨˊ ㄌㄧˇ ㄕˋ
無理根,1,ㄨˊ ㄌㄧˇ ㄍㄣ
無盡藏,1,ㄨˊ ㄐㄧㄣˋ ㄗㄤˋ
無碑記,1,ㄨˊ ㄅㄟ ㄐㄧˋ
無管腺,1,ㄨˊ ㄍㄨㄢˇ ㄒㄧㄢˋ
無聊賴,1,ㄨˊ ㄌㄧㄠˊ ㄌㄞˋ
無聲戲,1,ㄨˊ ㄕㄥ ㄒㄧˋ
無聲詩,1,ㄨˊ ㄕㄥ ㄕ
無腳蟹,1,ㄨˊ ㄐㄧㄠˇ ㄒㄧㄝˋ
無菌室,1,ㄨˊ ㄐㄩㄣˋ ㄕˋ
無行止,1,ㄨˊ ㄒㄧㄥˋ ㄓˇ
無被花,1,ㄨˊ ㄅㄟˋ ㄏㄨㄚ
無計向,1,ㄨˊ ㄐㄧˋ ㄒㄧㄤˋ
無錫縣,1,ㄨˊ ㄒㄧˊ ㄒㄧㄢˋ
無雨帶,1,ㄨˊ ㄩˇ ㄉㄞˋ
無面目,1,ㄨˊ ㄇㄧㄢˋ ㄇㄨˋ
無響室,1,ㄨˊ ㄒㄧㄤˇ ㄕˋ
無頭罪,1,ㄨˊ ㄊㄡˊ ㄗㄨㄟˋ
無頭願,1,ㄨˊ ㄊㄡˊ ㄩㄢˋ
焦三仙,1,ㄐㄧㄠ ㄙㄢ ㄒㄧㄢ
焦仲卿,1,ㄐㄧㄠ ㄓㄨㄥˋ ㄑㄧㄥ
焦尾琴,1,ㄐㄧㄠ ㄨㄟˇ ㄑㄧㄣˊ
焦霹靂,1,ㄐㄧㄠ ㄆㄧ ㄌㄧˋ
焰騰騰,1,ㄧㄢˋ ㄊㄥˊ ㄊㄥˊ
煙傢伙,1,ㄧㄢ ㄐㄧㄚ ㄏㄨㄛ˙
煙合包,1,ㄧㄢ ㄏㄜˊ ㄅㄠ
煙夜蛾,1,ㄧㄢ ㄧㄝˋ ㄜˊ
煙月場,1,ㄧㄢ ㄩㄝˋ ㄔㄤˊ
煙月牌,1,ㄧㄢ ㄩㄝˋ ㄆㄞˊ
煙波客,1,ㄧㄢ ㄅㄛ ㄎㄜˋ
煙火氣,1,ㄧㄢ ㄏㄨㄛˇ ㄑㄧˋ
煙火食,1,ㄧㄢ ㄏㄨㄛˇ ㄕˊ
煙臺市,1,ㄧㄢ ㄊㄞˊ ㄕˋ
煙花寨,1,ㄧㄢ ㄏㄨㄚ ㄓㄞˋ
煙花窟,1,ㄧㄢ ㄏㄨㄚ ㄎㄨ
煙花簿,1,ㄧㄢ ㄏㄨㄚ ㄅㄨˋ
煙花隊,1,ㄧㄢ ㄏㄨㄚ ㄉㄨㄟˋ
煙雨樓,1,ㄧㄢ ㄩˇ ㄌㄡˊ
煙霞癖,1,ㄧㄢ ㄒㄧㄚˊ ㄆㄧˇ
煞強如,1,ㄕㄚˋ ㄑㄧㄤˊ ㄖㄨˊ
煞性子,1,ㄕㄚ ㄒㄧㄥˋ ㄗ˙
煞風景,1,ㄕㄚ ㄈㄥ ㄐㄧㄥˇ
煤氣表,1,ㄇㄟˊ ㄑㄧˋ ㄅㄧㄠˇ
煤水車,1,ㄇㄟˊ ㄕㄨㄟˇ ㄔㄜ
煤砟子,1,ㄇㄟˊ ㄓㄚˇ ㄗ˙
煤黑子,1,ㄇㄟˊ ㄏㄟ ㄗ˙
煤黑油,1,ㄇㄟˊ ㄏㄟ ㄧㄡˊ
照乘珠,1,ㄓㄠˋ ㄕㄥˋ ㄓㄨ
照例話,1,ㄓㄠˋ ㄌㄧˋ ㄏㄨㄚˋ
照入籤,1,ㄓㄠˋ ㄖㄨˋ ㄑㄧㄢ
照夜璣,1,ㄓㄠˋ ㄧㄝˋ ㄐㄧ
照膽鏡,1,ㄓㄠˋ ㄉㄢˇ ㄐㄧㄥˋ
煩惱絲,1,ㄈㄢˊ ㄋㄠˇ ㄙ
熊十力,1,ㄒㄩㄥˊ ㄕˊ ㄌㄧˋ
熏草紙,1,ㄒㄩㄣ ㄘㄠˇ ㄓˇ
熔接法,1,ㄖㄨㄥˊ ㄐㄧㄝ ㄈㄚˇ
熟切店,1,ㄕㄨˊ ㄑㄧㄝ ㄉㄧㄢˋ
熟商量,1,ㄕㄨˊ ㄕㄤ ㄌㄧㄤ˙
熟套子,1,ㄕㄨˊ ㄊㄠˋ ㄗ˙
熟石膏,1,ㄕㄨˊ ㄕˊ ㄍㄠ
熟面人,1,ㄕㄨˊ ㄇㄧㄢˋ ㄖㄣˊ
熨衣枕,1,ㄩㄣˋ ㄧ ㄓㄣˇ
熬不住,1,ㄠˊ ㄅㄨ˙ ㄓㄨˋ
熬不過,1,ㄠˊ ㄅㄨ˙ ㄍㄨㄛˋ
熬心血,1,ㄠˊ ㄒㄧㄣ ㄒㄩㄝˋ
熱剌剌,1,ㄖㄜˋ ㄌㄚˋ ㄌㄚˋ
熱工學,1,ㄖㄜˋ ㄍㄨㄥ ㄒㄩㄝˊ
熱得快,1,ㄖㄜˋ ㄉㄜ˙ ㄎㄨㄞˋ
熱敏性,1,ㄖㄜˋ ㄇㄧㄣˇ ㄒㄧㄥˋ
熱氣層,1,ㄖㄜˋ ㄑㄧˋ ㄘㄥˊ
熱氣球,1,ㄖㄜˋ ㄑㄧˋ ㄑㄧㄡˊ
熱水袋,1,ㄖㄜˋ ㄕㄨㄟˇ ㄉㄞˋ
熱汙染,1,ㄖㄜˋ ㄨ ㄖㄢˇ
熱滾滾,1,ㄖㄜˋ ㄍㄨㄣˇ ㄍㄨㄣˇ
熱爪哇,1,ㄖㄜˋ ㄓㄠˇ ㄨㄚ
熱痙攣,1,ㄖㄜˋ ㄐㄧㄥˋ ㄌㄩㄢˊ
熱身賽,1,ㄖㄜˋ ㄕㄣ ㄙㄞˋ
熱那亞,1,ㄖㄜˋ ㄋㄚˋ ㄧㄚˋ
熱雷雨,1,ㄖㄜˋ ㄌㄟˊ ㄩˇ
熱電流,1,ㄖㄜˋ ㄉㄧㄢˋ ㄌㄧㄡˊ
燃燈佛,1,ㄖㄢˊ ㄉㄥ ㄈㄛˊ
燈油錢,1,ㄉㄥ ㄧㄡˊ ㄑㄧㄢˊ
燈火店,1,ㄉㄥ ㄏㄨㄛˇ ㄉㄧㄢˋ
燎漿泡,1,ㄌㄧㄠˊ ㄐㄧㄤ ㄆㄠˋ
燒冷灶,1,ㄕㄠ ㄌㄥˇ ㄗㄠˋ
燒刀子,1,ㄕㄠ ㄉㄠ ㄗ˙
燒利市,1,ㄕㄠ ㄌㄧˋ ㄕˋ
燒喇嘛,1,ㄕㄠ ㄌㄚˇ ㄇㄚ˙
燒埋錢,1,ㄕㄠ ㄇㄞˊ ㄑㄧㄢˊ
燒火焜,1,ㄕㄠ ㄏㄨㄛˇ ㄍㄨㄣˋ
燒王船,1,ㄕㄠ ㄨㄤˊ ㄔㄨㄢˊ
燒箱庫,1,ㄕㄠ ㄒㄧㄤ ㄎㄨˋ
燒頭香,1,ㄕㄠ ㄊㄡˊ ㄒㄧㄤ
燒餅歌,1,ㄕㄠ ㄅㄧㄥˇ ㄍㄜ
燒高香,1,ㄕㄠ ㄍㄠ ㄒㄧㄤ
燒鴨子,1,ㄕㄠ ㄧㄚ ㄗ˙
燕九節,1,ㄧㄢ ㄐㄧㄡˇ ㄐㄧㄝˊ
燕子樓,1,ㄧㄢˋ ㄗˇ ㄌㄡˊ
燕子磯,1,ㄧㄢˋ ㄗˇ ㄐㄧ
燕子箋,1,ㄧㄢˋ ㄗˇ ㄐㄧㄢ
燕支山,1,ㄧㄢ ㄓ ㄕㄢ
燕昭王,1,ㄧㄢ ㄓㄠ ㄨㄤˊ
燕歌行,1,ㄧㄢ ㄍㄜ ㄒㄧㄥˊ
燕然山,1,ㄧㄢ ㄖㄢˊ ㄕㄢ
燕雀伍,1,ㄧㄢˋ ㄑㄩㄝˋ ㄨˇ
營利稅,1,ㄧㄥˊ ㄌㄧˋ ㄕㄨㄟˋ
營口市,1,ㄧㄥˊ ㄎㄡˇ ㄕˋ
營業日,1,ㄧㄥˊ ㄧㄝˋ ㄖˋ
營業車,1,ㄧㄥˊ ㄧㄝˋ ㄔㄜ
營混子,1,ㄧㄥˊ ㄏㄨㄣˋ ㄗ˙
營火會,1,ㄧㄥˊ ㄏㄨㄛˇ ㄏㄨㄟˋ
燧火鏡,1,ㄙㄨㄟˋ ㄏㄨㄛˇ ㄐㄧㄥˋ
爆炸性,1,ㄅㄠˋ ㄓㄚˋ ㄒㄧㄥˋ
爆炸波,1,ㄅㄠˋ ㄓㄚˋ ㄅㄛ
爆發力,1,ㄅㄠˋ ㄈㄚ ㄌㄧˋ
爆發星,1,ㄅㄠˋ ㄈㄚ ㄒㄧㄥ
爆發音,1,ㄅㄠˋ ㄈㄚ ㄧㄣ
爆破筒,1,ㄅㄠˋ ㄆㄛˋ ㄊㄨㄥˇ
爐甘石,1,ㄌㄨˊ ㄍㄢ ㄕˊ
爛不濟,1,ㄌㄢˋ ㄅㄨˋ ㄐㄧˋ
爛了嘴,1,ㄌㄢˋ ㄌㄜ˙ ㄗㄨㄟˇ
爛忠厚,1,ㄌㄢˋ ㄓㄨㄥ ㄏㄡˋ
爛污貨,1,ㄌㄢˋ ㄨ ㄏㄨㄛˋ
爛羊頭,1,ㄌㄢˋ ㄧㄤˊ ㄊㄡˊ
爛腸子,1,ㄌㄢˋ ㄔㄤˊ ㄗ˙
爛銀盤,1,ㄌㄢˋ ㄧㄣˊ ㄆㄢˊ
爛頭寸,1,ㄌㄢˋ ㄊㄡˊ ㄘㄨㄣˋ
爪哇國,1,ㄓㄠˇ ㄨㄚ ㄍㄨㄛˊ
爪哇島,1,ㄓㄠˇ ㄨㄚ ㄉㄠˇ
爪哇族,1,ㄓㄠˇ ㄨㄚ ㄗㄨˊ
爪牙吏,1,ㄓㄠˇ ㄧㄚˊ ㄌㄧˋ
爪牙官,1,ㄓㄠˇ ㄧㄚˊ ㄍㄨㄢ
爪蹄類,1,ㄓㄠˇ ㄊㄧˊ ㄌㄟˋ
爬孤棚,1,ㄆㄚˊ ㄍㄨ ㄆㄥˊ
爬山調,1,ㄆㄚˊ ㄕㄢ ㄉㄧㄠˋ
爬格子,1,ㄆㄚˊ ㄍㄜˊ ㄗ˙
爭四角,1,ㄓㄥ ㄙˋ ㄐㄧㄠˇ
爭閑氣,1,ㄓㄥ ㄒㄧㄢˊ ㄑㄧˋ
爭面子,1,ㄓㄥ ㄇㄧㄢˋ ㄗ˙
爰歷篇,1,ㄩㄢˊ ㄌㄧˋ ㄆㄧㄢ
父子兵,1,ㄈㄨˋ ㄗˇ ㄅㄧㄥ
父母國,1,ㄈㄨˋ ㄇㄨˇ ㄍㄨㄛˊ
爾雅翼,1,ㄦˇ ㄧㄚˇ ㄧˋ
牆上草,1,ㄑㄧㄤˊ ㄕㄤˋ ㄘㄠˇ
牆垛子,1,ㄑㄧㄤˊ ㄉㄨㄛˇ ㄗ˙
牆外漢,1,ㄑㄧㄤˊ ㄨㄞˋ ㄏㄢˋ
牆有茨,1,ㄑㄧㄤˊ ㄧㄡˇ ㄘˊ
片柳子,1,ㄆㄧㄢˋ ㄌㄧㄡˇ ㄗ˙
牌子曲,1,ㄆㄞˊ ㄗ˙ ㄑㄩˇ
牌搭子,1,ㄆㄞˊ ㄉㄚ ㄗ˙
牌錢樹,1,ㄆㄞˊ ㄑㄧㄢˊ ㄕㄨˋ
牙印子,1,ㄧㄚˊ ㄧㄣˋ ㄗ˙
牙幫骨,1,ㄧㄚˊ ㄅㄤ ㄍㄨˇ
牙後慧,1,ㄧㄚˊ ㄏㄡˋ ㄏㄨㄟˋ
牙根管,1,ㄧㄚˊ ㄍㄣ ㄍㄨㄢˇ
牙疼咒,1,ㄧㄚˊ ㄊㄥˊ ㄓㄡˋ
牙癢癢,1,ㄧㄚˊ ㄧㄤˇ ㄧㄤ˙
牙盤日,1,ㄧㄚˊ ㄆㄢˊ ㄖˋ
牙釉質,1,ㄧㄚˊ ㄧㄡˋ ㄓˊ
牙髓炎,1,ㄧㄚˊ ㄙㄨㄟˇ ㄧㄢˊ
牛乳油,1,ㄋㄧㄡˊ ㄖㄨˇ ㄧㄡˊ
牛仔布,1,ㄋㄧㄡˊ ㄗˇ ㄅㄨˋ
牛仔裝,1,ㄋㄧㄡˊ ㄗˇ ㄓㄨㄤ
牛仔褲,1,ㄋㄧㄡˊ ㄗˇ ㄎㄨˋ
牛山歎,1,ㄋㄧㄡˊ ㄕㄢ ㄊㄢˋ
牛步化,1,ㄋㄧㄡˊ ㄅㄨˋ ㄏㄨㄚˋ
牛皮糖,1,ㄋㄧㄡˊ ㄆㄧˊ ㄊㄤˊ
牛眠地,1,ㄋㄧㄡˊ ㄇㄧㄢˊ ㄉㄧˋ
牛肉秀,1,ㄋㄧㄡˊ ㄖㄡˋ ㄒㄧㄡˋ
牛脾氣,1,ㄋㄧㄡˊ ㄆㄧˊ ㄑㄧ˙
牛角尖,1,ㄋㄧㄡˊ ㄐㄧㄠˇ ㄐㄧㄢ
牛蹄子,1,ㄋㄧㄡˊ ㄊㄧˊ ㄗ˙
牛頭禪,1,ㄋㄧㄡˊ ㄊㄡˊ ㄔㄢˊ
牛馬走,1,ㄋㄧㄡˊ ㄇㄚˇ ㄗㄡˇ
牛魔王,1,ㄋㄧㄡˊ ㄇㄛˊ ㄨㄤˊ
牢籠計,1,ㄌㄠˊ ㄌㄨㄥˊ ㄐㄧˋ
牢角底,1,ㄌㄠˊ ㄐㄧㄠˇ ㄉㄧˇ
牧夫座,1,ㄇㄨˋ ㄈㄨ ㄗㄨㄛˋ
牧牛兒,1,ㄇㄨˋ ㄋㄧㄡˊ ㄦˊ
牧羊神,1,ㄇㄨˋ ㄧㄤˊ ㄕㄣˊ
物理量,1,ㄨˋ ㄌㄧˇ ㄌㄧㄤˋ
特別股,1,ㄊㄜˋ ㄅㄧㄝˊ ㄍㄨˇ
特別費,1,ㄊㄜˋ ㄅㄧㄝˊ ㄈㄟˋ
特哥大,1,ㄊㄜˋ ㄍㄜ ㄉㄚˋ
特多龍,1,ㄊㄜˋ ㄉㄨㄛ ㄌㄨㄥˊ
特性美,1,ㄊㄜˋ ㄒㄧㄥˋ ㄇㄟˇ
特種鋼,1,ㄊㄜˋ ㄓㄨㄥˇ ㄍㄤ
特許費,1,ㄊㄜˋ ㄒㄩˇ ㄈㄟˋ
特赦令,1,ㄊㄜˋ ㄕㄜˋ ㄌㄧㄥˋ
特高頻,1,ㄊㄜˋ ㄍㄠ ㄆㄧㄣˊ
牽亡歌,1,ㄑㄧㄢ ㄨㄤˊ ㄍㄜ
牽亡陣,1,ㄑㄧㄢ ㄨㄤˊ ㄓㄣˋ
牽機藥,1,ㄑㄧㄢ ㄐㄧ ㄧㄠˋ
牽紅線,1,ㄑㄧㄢ ㄏㄨㄥˊ ㄒㄧㄢˋ
牽豬哥,1,ㄑㄧㄢ ㄓㄨ ㄍㄜ
牽連犯,1,ㄑㄧㄢ ㄌㄧㄢˊ ㄈㄢˋ
牽鼻子,1,ㄑㄧㄢ ㄅㄧˊ ㄗ˙
犁舌獄,1,ㄌㄧˊ ㄕㄜˊ ㄩˋ
犍陀羅,1,ㄐㄧㄢ ㄊㄨㄛˊ ㄌㄨㄛˊ
犧牲打,1,ㄒㄧ ㄕㄥ ㄉㄚˇ
犯不上,1,ㄈㄢˋ ㄅㄨˋ ㄕㄤˋ
犯不是,1,ㄈㄢˋ ㄅㄨˋ ㄕˋ
犯得上,1,ㄈㄢˋ ㄉㄜ˙ ㄕㄤˋ
犯得著,1,ㄈㄢˋ ㄉㄜ˙ ㄓㄠˊ
犯忌諱,1,ㄈㄢˋ ㄐㄧˋ ㄏㄨㄟ˙
犯牛勁,1,ㄈㄢˋ ㄋㄧㄡˊ ㄐㄧㄣˋ
犯的上,1,ㄈㄢˋ ㄉㄜ˙ ㄕㄤˋ
犯節氣,1,ㄈㄢˋ ㄐㄧㄝˊ ㄑㄧ˙
犯罪率,1,ㄈㄢˋ ㄗㄨㄟˋ ㄌㄩˋ
犯脾氣,1,ㄈㄢˋ ㄆㄧˊ ㄑㄧ˙
犵狫族,1,ㄑㄧˋ ㄌㄠˇ ㄗㄨˊ
狀元籌,1,ㄓㄨㄤˋ ㄩㄢˊ ㄔㄡˊ
狀元紅,1,ㄓㄨㄤˋ ㄩㄢˊ ㄏㄨㄥˊ
狀元餅,1,ㄓㄨㄤˋ ㄩㄢˊ ㄅㄧㄥˇ
狀聲詞,1,ㄓㄨㄤˋ ㄕㄥ ㄘˊ
狐媚子,1,ㄏㄨˊ ㄇㄟˋ ㄗ˙
狐步舞,1,ㄏㄨˊ ㄅㄨˋ ㄨˇ
狐濡尾,1,ㄏㄨˊ ㄖㄨˊ ㄨㄟˇ
狐狸狗,1,ㄏㄨˊ ㄌㄧ˙ ㄍㄡˇ
狐狸精,1,ㄏㄨˊ ㄌㄧ˙ ㄐㄧㄥ
狐騷臭,1,ㄏㄨˊ ㄙㄠ ㄔㄡˋ
狗吃屎,1,ㄍㄡˇ ㄔ ㄕˇ
狗套頭,1,ㄍㄡˇ ㄊㄠˋ ㄊㄡˊ
狗尾草,1,ㄍㄡˇ ㄨㄟˇ ㄘㄠˇ
狗屎堆,1,ㄍㄡˇ ㄕˇ ㄉㄨㄟ
狗探湯,1,ㄍㄡˇ ㄊㄢ ㄊㄤ
狗氣殺,1,ㄍㄡˇ ㄑㄧˋ ㄕㄚˋ
狗爪子,1,ㄍㄡˇ ㄓㄨㄚˇ ㄗ˙
狗豆子,1,ㄍㄡˇ ㄉㄡˋ ㄗ˙
狗雜種,1,ㄍㄡˇ ㄗㄚˊ ㄓㄨㄥˇ
狗骨頭,1,ㄍㄡˇ ㄍㄨˊ ㄊㄡ˙
狠狠的,1,ㄏㄣˇ ㄏㄣˇ ㄉㄜ˙
狼來了,1,ㄌㄤˊ ㄌㄞˊ ㄌㄜ˙
狼卜食,1,ㄌㄤˊ ㄅㄨˇ ㄕˊ
狼尾草,1,ㄌㄤˊ ㄨㄟˇ ㄘㄠˇ
狼山雞,1,ㄌㄤˊ ㄕㄢ ㄐㄧ
狼崽子,1,ㄌㄤˊ ㄗㄞˇ ㄗ˙
狼毛筆,1,ㄌㄤˊ ㄇㄠˊ ㄅㄧˇ
狼牙拍,1,ㄌㄤˊ ㄧㄚˊ ㄆㄞ
狼虎藥,1,ㄌㄤˊ ㄏㄨˇ ㄧㄠˋ
狼虎路,1,ㄌㄤˊ ㄏㄨˇ ㄌㄨˋ
狼鰭魚,1,ㄌㄤˊ ㄑㄧˊ ㄩˊ
猛不防,1,ㄇㄥˇ ㄅㄨ˙ ㄈㄤˊ
猛個勁,1,ㄇㄥˇ ㄍㄜˋ ㄐㄧㄣˋ
猛可裡,1,ㄇㄥˇ ㄎㄜˇ ㄌㄧ˙
猛回頭,1,ㄇㄥˇ ㄏㄨㄟˊ ㄊㄡˊ
猛地裡,1,ㄇㄥˇ ㄉㄧˋ ㄌㄧˇ
猛火油,1,ㄇㄥˇ ㄏㄨㄛˇ ㄧㄡˊ
猛然間,1,ㄇㄥˇ ㄖㄢˊ ㄐㄧㄢ
猛虎步,1,ㄇㄥˇ ㄏㄨˇ ㄅㄨˋ
猜啞謎,1,ㄘㄞ ㄧㄚˇ ㄇㄧˊ
猞猁孫,1,ㄕㄜˋ ㄌㄧˋ ㄙㄨㄣ
猢猻散,1,ㄏㄨˊ ㄙㄨㄣ ㄙㄢˋ
猢猻王,1,ㄏㄨˊ ㄙㄨㄣ ㄨㄤˊ
猩猩木,1,ㄒㄧㄥ ㄒㄧㄥ ㄇㄨˋ
猩猩草,1,ㄒㄧㄥ ㄒㄧㄥ ㄘㄠˇ
猴孫王,1,ㄏㄡˊ ㄙㄨㄣ ㄨㄤˊ
猴崽子,1,ㄏㄡˊ ㄗㄞˇ ㄗ˙
猶之乎,1,ㄧㄡˊ ㄓ ㄏㄨ
猶古自,1,ㄧㄡˊ ㄍㄨˇ ㄗˋ
獃憨獃,1,ㄉㄞ ㄏㄢ ㄉㄞ
獃根子,1,ㄉㄞ ㄍㄣ ㄗ˙
獃獃的,1,ㄉㄞ ㄉㄞ ㄉㄜ˙
獃磕磕,1,ㄉㄞ ㄎㄜ ㄎㄜ
獃著臉,1,ㄉㄞ ㄓㄜ˙ ㄌㄧㄢˇ
獅子口,1,ㄕ ㄗ˙ ㄎㄡˇ
獨樂樂,1,ㄉㄨˊ ㄩㄝˋ ㄌㄜˋ
獨立語,1,ㄉㄨˊ ㄌㄧˋ ㄩˇ
獨腳腿,1,ㄉㄨˊ ㄐㄧㄠˇ ㄊㄨㄟˇ
獨自個,1,ㄉㄨˊ ㄗˋ ㄍㄜˋ
獨龍族,1,ㄉㄨˊ ㄌㄨㄥˊ ㄗㄨˊ
獬豸冠,1,ㄒㄧㄝˋ ㄓˋ ㄍㄨㄢ
獲鹿縣,1,ㄏㄨㄞˊ ㄌㄨˋ ㄒㄧㄢˋ
獵犬座,1,ㄌㄧㄝˋ ㄑㄩㄢˇ ㄗㄨㄛˋ
獸力車,1,ㄕㄡˋ ㄌㄧˋ ㄔㄜ
獸醫學,1,ㄕㄡˋ ㄧ ㄒㄩㄝˊ
獺祭魚,1,ㄊㄚˋ ㄐㄧˋ ㄩˊ
獼猴桃,1,ㄇㄧˊ ㄏㄡˊ ㄊㄠˊ
玄狐蜂,1,ㄒㄩㄢˊ ㄏㄨˊ ㄈㄥ
玄鳥氏,1,ㄒㄩㄢˊ ㄋㄧㄠˇ ㄕˋ
玉參差,1,ㄩˋ ㄘㄣ ㄘ
玉堂春,1,ㄩˋ ㄊㄤˊ ㄔㄨㄣ
玉壘山,1,ㄩˋ ㄌㄟˇ ㄕㄢ
玉天仙,1,ㄩˋ ㄊㄧㄢ ㄒㄧㄢ
玉夫座,1,ㄩˋ ㄈㄨ ㄗㄨㄛˋ
玉嬌梨,1,ㄩˋ ㄐㄧㄠ ㄌㄧˊ
玉山崩,1,ㄩˋ ㄕㄢ ㄅㄥ
玉山頹,1,ㄩˋ ㄕㄢ ㄊㄨㄟˊ
玉搔頭,1,ㄩˋ ㄙㄠ ㄊㄡˊ
玉東西,1,ㄩˋ ㄉㄨㄥ ㄒㄧ
玉樓春,1,ㄩˋ ㄌㄡˊ ㄔㄨㄣ
玉版紙,1,ㄩˋ ㄅㄢˇ ㄓˇ
玉真子,1,ㄩˋ ㄓㄣ ㄗˇ
玉米螟,1,ㄩˋ ㄇㄧ˙ ㄇㄧㄥˊ
玉臺體,1,ㄩˋ ㄊㄞˊ ㄊㄧˇ
玉花驄,1,ㄩˋ ㄏㄨㄚ ㄘㄨㄥ
玉蜻蜓,1,ㄩˋ ㄑㄧㄥ ㄊㄧㄥˊ
玉蟬花,1,ㄩˋ ㄔㄢˊ ㄏㄨㄚ
玉谿生,1,ㄩˋ ㄒㄧ ㄕㄥ
玉鏡臺,1,ㄩˋ ㄐㄧㄥˋ ㄊㄞˊ
玉鐲記,1,ㄩˋ ㄓㄨㄛˊ ㄐㄧˋ
玉階怨,1,ㄩˋ ㄐㄧㄝ ㄩㄢˋ
玉面貍,1,ㄩˋ ㄇㄧㄢˋ ㄌㄧˊ
王世貞,1,ㄨㄤˊ ㄕˋ ㄓㄣ
王之渙,1,ㄨㄤˊ ㄓ ㄏㄨㄢˋ
王仙芝,1,ㄨㄤˊ ㄒㄧㄢ ㄓ
王先謙,1,ㄨㄤˊ ㄒㄧㄢ ㄑㄧㄢ
王八蛋,1,ㄨㄤˊ ㄅㄚ˙ ㄉㄢˋ
王原祁,1,ㄨㄤˊ ㄩㄢˊ ㄑㄧˊ
王叔和,1,ㄨㄤˊ ㄕㄨˊ ㄏㄜˊ
王右軍,1,ㄨㄤˊ ㄧㄡˋ ㄐㄩㄣ
王子喬,1,ㄨㄤˊ ㄗˇ ㄑㄧㄠˊ
王子晉,1,ㄨㄤˊ ㄗˇ ㄐㄧㄣˋ
王寶釧,1,ㄨㄤˊ ㄅㄠˇ ㄔㄨㄢˋ
王小玉,1,ㄨㄤˊ ㄒㄧㄠˇ ㄩˋ
王庭筠,1,ㄨㄤˊ ㄊㄧㄥˊ ㄩㄣˊ
王引之,1,ㄨㄤˊ ㄧㄣˇ ㄓ
王念孫,1,ㄨㄤˊ ㄋㄧㄢˋ ㄙㄨㄣ
王應麟,1,ㄨㄤˊ ㄧㄥˋ ㄌㄧㄣˊ
王文治,1,ㄨㄤˊ ㄨㄣˊ ㄓˋ
王昌齡,1,ㄨㄤˊ ㄔㄤ ㄌㄧㄥˊ
王次仲,1,ㄨㄤˊ ㄘˋ ㄓㄨㄥˋ
王熙鳳,1,ㄨㄤˊ ㄒㄧ ㄈㄥˋ
王猷定,1,ㄨㄤˊ ㄧㄡˊ ㄉㄧㄥˋ
王禹偁,1,ㄨㄤˊ ㄩˇ ㄔㄥ
王者師,1,ㄨㄤˊ ㄓㄜˇ ㄕ
王者香,1,ㄨㄤˊ ㄓㄜˇ ㄒㄧㄤ
王雲五,1,ㄨㄤˊ ㄩㄣˊ ㄨˇ
王餘魚,1,ㄨㄤˊ ㄩˊ ㄩˊ
玍雜子,1,ㄍㄚˇ ㄗㄚˊ ㄗ˙
玩不轉,1,ㄨㄢˊ ㄅㄨ˙ ㄓㄨㄢˋ
玩得轉,1,ㄨㄢˊ ㄉㄜ˙ ㄓㄨㄢˋ
玩把戲,1,ㄨㄢˊ ㄅㄚˇ ㄒㄧˋ
玩笑旦,1,ㄨㄢˊ ㄒㄧㄠˋ ㄉㄢˋ
玩花招,1,ㄨㄢˊ ㄏㄨㄚ ㄓㄠ
玩花頭,1,ㄨㄢˊ ㄏㄨㄚ ㄊㄡ˙
玩陰的,1,ㄨㄢˊ ㄧㄣ ㄉㄜ˙
玫瑰紅,1,ㄇㄟˊ ㄍㄨㄟ˙ ㄏㄨㄥˊ
玫瑰花,1,ㄇㄟˊ ㄍㄨㄟ˙ ㄏㄨㄚ
玳瑁梁,1,ㄉㄞˋ ㄇㄟˋ ㄌㄧㄤˊ
玳瑁筵,1,ㄉㄞˋ ㄇㄟˋ ㄧㄢˊ
玻璃圈,1,ㄅㄛ ㄌㄧ˙ ㄑㄩㄢ
玻璃布,1,ㄅㄛ ㄌㄧ˙ ㄅㄨˋ
玻璃泉,1,ㄅㄛ ㄌㄧ˙ ㄑㄩㄢˊ
玻璃液,1,ㄅㄛ ㄌㄧ˙ ㄧㄝˋ
玻璃烤,1,ㄅㄛ ㄌㄧ˙ ㄎㄠˇ
玻璃版,1,ㄅㄛ ㄌㄧ˙ ㄅㄢˇ
玻璃畫,1,ㄅㄛ ㄌㄧ˙ ㄏㄨㄚˋ
玻璃磚,1,ㄅㄛ ㄌㄧ˙ ㄓㄨㄢ
玻璃窗,1,ㄅㄛ ㄌㄧ˙ ㄔㄨㄤ
玻璃粉,1,ㄅㄛ ㄌㄧ˙ ㄈㄣˇ
玻璃紙,1,ㄅㄛ ㄌㄧ˙ ㄓˇ
玻璃絲,1,ㄅㄛ ㄌㄧ˙ ㄙ
玻璃鋼,1,ㄅㄛ ㄌㄧ˙ ㄍㄤ
玻璃體,1,ㄅㄛ ㄌㄧ˙ ㄊㄧˇ
珊瑚婚,1,ㄕㄢ ㄏㄨˊ ㄏㄨㄣ
珊瑚樹,1,ㄕㄢ ㄏㄨˊ ㄕㄨˋ
珊瑚菜,1,ㄕㄢ ㄏㄨˊ ㄘㄞˋ
珍珠塔,1,ㄓㄣ ㄓㄨ ㄊㄚˇ
珍珠婚,1,ㄓㄣ ㄓㄨ ㄏㄨㄣ
珍珠母,1,ㄓㄣ ㄓㄨ ㄇㄨˇ
珞巴族,1,ㄌㄨㄛˋ ㄅㄚ ㄗㄨˊ
珠露茶,1,ㄓㄨ ㄌㄨˋ ㄔㄚˊ
班圖族,1,ㄅㄢ ㄊㄨˊ ㄗㄨˊ
班婕妤,1,ㄅㄢ ㄐㄧㄝˊ ㄩˊ
班導師,1,ㄅㄢ ㄉㄠˇ ㄕ
班強森,1,ㄅㄢ ㄑㄧㄤˊ ㄙㄣ
班艾島,1,ㄅㄢ ㄞˋ ㄉㄠˇ
班達海,1,ㄅㄢ ㄉㄚˊ ㄏㄞˇ
現世寶,1,ㄒㄧㄢˋ ㄕˋ ㄅㄠˇ
現世界,1,ㄒㄧㄢˋ ㄕˋ ㄐㄧㄝˋ
現成話,1,ㄒㄧㄢˋ ㄔㄥˊ ㄏㄨㄚˋ
現時報,1,ㄒㄧㄢˋ ㄕˊ ㄅㄠˋ
現金帳,1,ㄒㄧㄢˋ ㄐㄧㄣ ㄓㄤˋ
球磨機,1,ㄑㄧㄡˊ ㄇㄛˊ ㄐㄧ
琅邪山,1,ㄌㄤˊ ㄧㄝˊ ㄕㄢ
理刑官,1,ㄌㄧˇ ㄒㄧㄥˊ ㄍㄨㄢ
理由書,1,ㄌㄧˇ ㄧㄡˊ ㄕㄨ
理藩院,1,ㄌㄧˇ ㄈㄢˊ ㄩㄢˋ
理鬍子,1,ㄌㄧˇ ㄏㄨˊ ㄗ˙
琉璃珠,1,ㄌㄧㄡˊ ㄌㄧˊ ㄓㄨ
琉璃磚,1,ㄌㄧㄡˊ ㄌㄧˊ ㄓㄨㄢ
琥珀酸,1,ㄏㄨˇ ㄆㄛˋ ㄙㄨㄢ
琵琶蟲,1,ㄆㄧˊ ㄆㄚˊ ㄔㄨㄥˊ
琵琶襟,1,ㄆㄧˊ ㄆㄚˊ ㄐㄧㄣ
琵琶調,1,ㄆㄧˊ ㄆㄚˊ ㄉㄧㄠˋ
琵琶譜,1,ㄆㄧˊ ㄆㄚˊ ㄆㄨˇ
琵琶錄,1,ㄆㄧˊ ㄆㄚˊ ㄌㄨˋ
琵琶鮫,1,ㄆㄧˊ ㄆㄚˊ ㄐㄧㄠ
琿春河,1,ㄏㄨㄣˊ ㄔㄨㄣ ㄏㄜˊ
琿春縣,1,ㄏㄨㄣˊ ㄔㄨㄣ ㄒㄧㄢˋ
瑚璉器,1,ㄏㄨˊ ㄌㄧㄢˊ ㄑㄧˋ
瑞穗鄉,1,ㄖㄨㄟˋ ㄙㄨㄟˋ ㄒㄧㄤ
瑤臺鏡,1,ㄧㄠˊ ㄊㄞˊ ㄐㄧㄥˋ
瑤華浦,1,ㄧㄠˊ ㄏㄨㄚˊ ㄆㄨˇ
瑤華音,1,ㄧㄠˊ ㄏㄨㄚˊ ㄧㄣ
瑪利亞,1,ㄇㄚˇ ㄌㄧˋ ㄧㄚˋ
瑪哩花,1,ㄇㄚˇ ㄌㄧˇ ㄏㄨㄚ
瑪瑙紋,1,ㄇㄚˇ ㄋㄠˇ ㄨㄣˊ
瑯嬛記,1,ㄌㄤˊ ㄏㄨㄢˊ ㄐㄧˋ
瑯琊山,1,ㄌㄤˊ ㄧㄝˊ ㄕㄢ
璇璣圖,1,ㄒㄩㄢˊ ㄐㄧ ㄊㄨˊ
璦琿縣,1,ㄞˋ ㄏㄨㄣˊ ㄒㄧㄢˋ
瓊山縣,1,ㄑㄩㄥˊ ㄕㄢ ㄒㄧㄢˋ
瓊州島,1,ㄑㄩㄥˊ ㄓㄡ ㄉㄠˇ
瓊林宴,1,ㄑㄩㄥˊ ㄌㄧㄣˊ ㄧㄢˋ
瓊林苑,1,ㄑㄩㄥˊ ㄌㄧㄣˊ ㄩㄢˋ
瓊華島,1,ㄑㄩㄥˊ ㄏㄨㄚˊ ㄉㄠˇ
瓔珞木,1,ㄧㄥ ㄌㄨㄛˋ ㄇㄨˋ
瓜子金,1,ㄍㄨㄚ ㄗˇ ㄐㄧㄣ
瓜果筵,1,ㄍㄨㄚ ㄍㄨㄛˇ ㄧㄢˊ
瓜蔓抄,1,ㄍㄨㄚ ㄇㄢˋ ㄔㄠ
瓢帽子,1,ㄆㄧㄠˊ ㄇㄠˋ ㄗ˙
瓢把子,1,ㄆㄧㄠˊ ㄅㄚˇ ㄗ˙
瓢菌素,1,ㄆㄧㄠˊ ㄐㄩㄣˋ ㄙㄨˋ
瓣鰓類,1,ㄅㄢˋ ㄙㄞ ㄌㄟˋ
瓦壟子,1,ㄨㄚˇ ㄌㄨㄥˇ ㄗ˙
瓦斯槍,1,ㄨㄚˇ ㄙ ㄑㄧㄤ
瓦斯車,1,ㄨㄚˇ ㄙ ㄔㄜ
瓦楞子,1,ㄨㄚˇ ㄌㄥˊ ㄗ˙
瓦楞帽,1,ㄨㄚˇ ㄌㄥˊ ㄇㄠˋ
瓦特表,1,ㄨㄚˇ ㄊㄜˋ ㄅㄧㄠˇ
瓦當文,1,ㄨㄚˇ ㄉㄤ ㄨㄣˊ
瓶落水,1,ㄆㄧㄥˊ ㄌㄨㄛˋ ㄕㄨㄟˇ
瓷飯碗,1,ㄘˊ ㄈㄢˋ ㄨㄢˇ
甓社湖,1,ㄆㄧˋ ㄕㄜˋ ㄏㄨˊ
甓社珠,1,ㄆㄧˋ ㄕㄜˋ ㄓㄨ
甕頭春,1,ㄨㄥˋ ㄊㄡˊ ㄔㄨㄣ
甖子口,1,ㄧㄥ ㄗˇ ㄎㄡˇ
甘比亞,1,ㄍㄢ ㄅㄧˇ ㄧㄚˋ
甘珠爾,1,ㄍㄢ ㄓㄨ ㄦˇ
甘納豆,1,ㄍㄢ ㄋㄚˋ ㄉㄡˋ
甘紫菜,1,ㄍㄢ ㄗˇ ㄘㄞˋ
甘蔗板,1,ㄍㄢ ㄓㄜˋ ㄅㄢˇ
甘薯簽,1,ㄍㄢ ㄕㄨˇ ㄑㄧㄢ
甘薯葉,1,ㄍㄢ ㄕㄨˇ ㄧㄝˋ
甘露子,1,ㄍㄢ ㄌㄨˋ ㄗˇ
甚麼樣,1,ㄕㄣˊ ㄇㄜ˙ ㄧㄤˋ
甜不辣,1,ㄊㄧㄢˊ ㄅㄨˋ ㄌㄚˋ
甜八寶,1,ㄊㄧㄢˊ ㄅㄚ ㄅㄠˇ
甜水麵,1,ㄊㄧㄢˊ ㄕㄨㄟˇ ㄇㄧㄢˋ
甜蘿蔔,1,ㄊㄧㄢˊ ㄌㄨㄛˊ ㄅㄛ˙
甜辣醬,1,ㄊㄧㄢˊ ㄌㄚˋ ㄐㄧㄤˋ
生剌剌,1,ㄕㄥ ㄌㄚˋ ㄌㄚˋ
生化湯,1,ㄕㄥ ㄏㄨㄚˋ ㄊㄤ
生地方,1,ㄕㄥ ㄉㄧˋ ㄈㄤ˙
生悶氣,1,ㄕㄥ ㄇㄣˋ ㄑㄧˋ
生意人,1,ㄕㄥ ㄧ˙ ㄖㄣˊ
生意口,1,ㄕㄥ ㄧ˙ ㄎㄡˇ
生意經,1,ㄕㄥ ㄧ˙ ㄐㄧㄥ
生日卡,1,ㄕㄥ ㄖˋ ㄎㄚˇ
生橡膠,1,ㄕㄥ ㄒㄧㄤˋ ㄐㄧㄠ
生死海,1,ㄕㄥ ㄙˇ ㄏㄞˇ
生死簿,1,ㄕㄥ ㄙˇ ㄅㄨˋ
生活照,1,ㄕㄥ ㄏㄨㄛˊ ㄓㄠˋ
生煞煞,1,ㄕㄥ ㄕㄚˋ ㄕㄚˋ
生物圈,1,ㄕㄥ ㄨˋ ㄑㄩㄢ
生物戰,1,ㄕㄥ ㄨˋ ㄓㄢˋ
生物相,1,ㄕㄥ ㄨˋ ㄒㄧㄤˋ
生物能,1,ㄕㄥ ㄨˋ ㄋㄥˊ
生物鹼,1,ㄕㄥ ㄨˋ ㄐㄧㄢˇ
生石膏,1,ㄕㄥ ㄕˊ ㄍㄠ
生藥局,1,ㄕㄥ ㄧㄠˋ ㄐㄩˊ
生虎子,1,ㄕㄥ ㄏㄨˇ ㄗ˙
生長輪,1,ㄕㄥ ㄓㄤˇ ㄌㄨㄣˊ
生面孔,1,ㄕㄥ ㄇㄧㄢˋ ㄎㄨㄥˇ
產供銷,1,ㄔㄢˇ ㄍㄨㄥ ㄒㄧㄠ
產品線,1,ㄔㄢˇ ㄆㄧㄣˇ ㄒㄧㄢˋ
產婆術,1,ㄔㄢˇ ㄆㄛˊ ㄕㄨˋ
產業稅,1,ㄔㄢˇ ㄧㄝˋ ㄕㄨㄟˋ
產褥期,1,ㄔㄢˇ ㄖㄨˋ ㄑㄧˊ
產褥熱,1,ㄔㄢˇ ㄖㄨˋ ㄖㄜˋ
用工夫,1,ㄩㄥˋ ㄍㄨㄥ ㄈㄨ˙
甩大鞋,1,ㄕㄨㄞˇ ㄉㄚˋ ㄒㄧㄝˊ
甩臉子,1,ㄕㄨㄞˇ ㄌㄧㄢˇ ㄗ˙
田中鎮,1,ㄊㄧㄢˊ ㄓㄨㄥ ㄓㄣˋ
田字面,1,ㄊㄧㄢˊ ㄗˋ ㄇㄧㄢˋ
田家子,1,ㄊㄧㄢˊ ㄐㄧㄚ ㄗˇ
田尾鄉,1,ㄊㄧㄢˊ ㄨㄟˇ ㄒㄧㄤ
田橫客,1,ㄊㄧㄢˊ ㄏㄥˊ ㄎㄜˋ
田舍奴,1,ㄊㄧㄢˊ ㄕㄜˋ ㄋㄨˊ
田舍郎,1,ㄊㄧㄢˊ ㄕㄜˋ ㄌㄤˊ
由不得,1,ㄧㄡˊ ㄅㄨ˙ ㄉㄜ˙
甲骨學,1,ㄐㄧㄚˇ ㄍㄨˇ ㄒㄩㄝˊ
申不害,1,ㄕㄣ ㄅㄨˋ ㄏㄞˋ
申包胥,1,ㄕㄣ ㄅㄠ ㄒㄩ
男配角,1,ㄋㄢˊ ㄆㄟˋ ㄐㄧㄠˇ
畏兀字,1,ㄨㄟˋ ㄨˋ ㄗˋ
留一手,1,ㄌㄧㄡˊ ㄧ ㄕㄡˇ
留侯論,1,ㄌㄧㄡˊ ㄏㄡˊ ㄌㄨㄣˋ
留客住,1,ㄌㄧㄡˊ ㄎㄜˋ ㄓㄨˋ
留客雨,1,ㄌㄧㄡˊ ㄎㄜˋ ㄩˇ
留尾巴,1,ㄌㄧㄡˊ ㄨㄟˇ ㄅㄚ˙
留後手,1,ㄌㄧㄡˊ ㄏㄡˋ ㄕㄡˇ
留後步,1,ㄌㄧㄡˊ ㄏㄡˋ ㄅㄨˋ
留扣子,1,ㄌㄧㄡˊ ㄎㄡˋ ㄗ˙
留臉面,1,ㄌㄧㄡˊ ㄌㄧㄢˇ ㄇㄧㄢˋ
留言冊,1,ㄌㄧㄡˊ ㄧㄢˊ ㄘㄜˋ
留面子,1,ㄌㄧㄡˊ ㄇㄧㄢˋ ㄗ˙
畜牧學,1,ㄒㄩˋ ㄇㄨˋ ㄒㄩㄝˊ
畢夏普,1,ㄅㄧˋ ㄒㄧㄚˋ ㄆㄨˇ
畢拉爾,1,ㄅㄧˋ ㄌㄚ ㄦˇ
畢業式,1,ㄅㄧˋ ㄧㄝˋ ㄕˋ
畢業歌,1,ㄅㄧˋ ㄧㄝˋ ㄍㄜ
番子手,1,ㄈㄢ ㄗ˙ ㄕㄡˇ
番攤館,1,ㄈㄢ ㄊㄢ ㄍㄨㄢˇ
番木鱉,1,ㄈㄢ ㄇㄨˋ ㄅㄧㄝ
番禺縣,1,ㄆㄢ ㄩˊ ㄒㄧㄢˋ
番茄素,1,ㄈㄢ ㄑㄧㄝˊ ㄙㄨˋ
番荔枝,1,ㄈㄢ ㄌㄧˋ ㄓ
番菜館,1,ㄈㄢ ㄘㄞˋ ㄍㄨㄢˇ
番麥粒,1,ㄈㄢ ㄇㄞˋ ㄌㄧˋ
畫一字,1,ㄏㄨㄚˋ ㄧ ㄗˋ
畫中人,1,ㄏㄨㄚˋ ㄓㄨㄥ ㄖㄣˊ
畫伏狀,1,ㄏㄨㄚˋ ㄈㄨˊ ㄓㄨㄤˋ
畫像石,1,ㄏㄨㄚˋ ㄒㄧㄤˋ ㄕˊ
畫像磚,1,ㄏㄨㄚˋ ㄒㄧㄤˋ ㄓㄨㄢ
畫十字,1,ㄏㄨㄚˋ ㄕˊ ㄗˋ
畫圖器,1,ㄏㄨㄚˋ ㄊㄨˊ ㄑㄧˋ
畫象磚,1,ㄏㄨㄚˋ ㄒㄧㄤˋ ㄓㄨㄢ
異形葉,1,ㄧˋ ㄒㄧㄥˊ ㄧㄝˋ
異營性,1,ㄧˋ ㄧㄥˊ ㄒㄧㄥˋ
異特龍,1,ㄧˋ ㄊㄜˋ ㄌㄨㄥˊ
異重流,1,ㄧˋ ㄓㄨㄥˋ ㄌㄧㄡˊ
異類對,1,ㄧˋ ㄌㄟˋ ㄉㄨㄟˋ
當不得,1,ㄉㄤ ㄅㄨˋ ㄉㄜ˙
當不過,1,ㄉㄤ ㄅㄨˋ ㄍㄨㄛˋ
當句對,1,ㄉㄤ ㄐㄩˋ ㄉㄨㄟˋ
當塗縣,1,ㄉㄤ ㄊㄨˊ ㄒㄧㄢˋ
當家人,1,ㄉㄤ ㄐㄧㄚ ㄖㄣˊ
當家子,1,ㄉㄤˋ ㄐㄧㄚ ㄗˇ
當差的,1,ㄉㄤ ㄔㄞ ㄉㄜ˙
當曲河,1,ㄉㄤ ㄑㄩˇ ㄏㄜˊ
當直的,1,ㄉㄤ ㄓˊ ㄉㄜ˙
當真假,1,ㄉㄤˋ ㄓㄣ ㄐㄧㄚˇ
當眼處,1,ㄉㄤ ㄧㄢˇ ㄔㄨˋ
當票子,1,ㄉㄤˋ ㄆㄧㄠˋ ㄗ˙
當艄順,1,ㄉㄤ ㄕㄠ ㄕㄨㄣˋ
當行家,1,ㄉㄤ ㄏㄤˊ ㄐㄧㄚ
當路子,1,ㄉㄤ ㄌㄨˋ ㄗˇ
當門戶,1,ㄉㄤ ㄇㄣˊ ㄏㄨˋ
當頭人,1,ㄉㄤ ㄊㄡˊ ㄖㄣˊ
當頭炮,1,ㄉㄤ ㄊㄡˊ ㄆㄠˋ
當頭陣,1,ㄉㄤ ㄊㄡˊ ㄓㄣˋ
畸角子,1,ㄐㄧ ㄐㄧㄠˇ ㄗ˙
畸零地,1,ㄐㄧ ㄌㄧㄥˊ ㄉㄧˋ
疋先裡,1,ㄆㄧˇ ㄒㄧㄢ ㄌㄧˇ
疏剌剌,1,ㄕㄨ ㄌㄚˋ ㄌㄚˋ
疏勒縣,1,ㄕㄨ ㄌㄜˋ ㄒㄧㄢˋ
疏離感,1,ㄕㄨ ㄌㄧˊ ㄍㄢˇ
疙瘩事,1,ㄍㄜ ㄉㄚ˙ ㄕˋ
疙瘩湯,1,ㄍㄜ ㄉㄚ˙ ㄊㄤ
疙瘩腔,1,ㄍㄜ ㄉㄚ˙ ㄑㄧㄤ
疙顫顫,1,ㄍㄜ ㄓㄢˋ ㄓㄢˋ
疤瘌眼,1,ㄅㄚ ㄌㄚ˙ ㄧㄢˇ
疤瘌餅,1,ㄅㄚ ㄌㄚ˙ ㄅㄧㄥˇ
疥癬蟲,1,ㄐㄧㄝˋ ㄒㄧㄢˇ ㄔㄨㄥˊ
疲勞限,1,ㄆㄧˊ ㄌㄠˊ ㄒㄧㄢˋ
病原蟲,1,ㄅㄧㄥˋ ㄩㄢˊ ㄔㄨㄥˊ
病厭厭,1,ㄅㄧㄥˋ ㄧㄢ ㄧㄢ
病患狀,1,ㄅㄧㄥˋ ㄏㄨㄢˋ ㄓㄨㄤˋ
病懨懨,1,ㄅㄧㄥˋ ㄧㄢ ㄧㄢ
病相思,1,ㄅㄧㄥˋ ㄒㄧㄤ ㄙ
病西施,1,ㄅㄧㄥˋ ㄒㄧ ㄕ
病識感,1,ㄅㄧㄥˋ ㄕˋ ㄍㄢˇ
痙攣派,1,ㄐㄧㄥˋ ㄌㄩㄢˊ ㄆㄞˋ
痛殺殺,1,ㄊㄨㄥˋ ㄕㄚˋ ㄕㄚˋ
痛痛病,1,ㄊㄨㄥˋ ㄊㄨㄥˋ ㄅㄧㄥˋ
痛痛的,1,ㄊㄨㄥˋ ㄊㄨㄥˋ ㄉㄜ˙
瘋狗潮,1,ㄈㄥ ㄍㄡˇ ㄔㄠˊ
瘖啞人,1,ㄧㄣ ㄧㄚˇ ㄖㄣˊ
瘞鶴銘,1,ㄧˋ ㄏㄜˋ ㄇㄧㄥˊ
瘟神爺,1,ㄨㄣ ㄕㄣˊ ㄧㄝˊ
瘦伶仃,1,ㄕㄡˋ ㄌㄧㄥˊ ㄉㄧㄥ
瘦岩岩,1,ㄕㄡˋ ㄧㄢˊ ㄧㄢˊ
瘦巖巖,1,ㄕㄡˋ ㄧㄢˊ ㄧㄢˊ
瘦巴巴,1,ㄕㄡˋ ㄅㄚ ㄅㄚ
瘦怯怯,1,ㄕㄡˋ ㄑㄧㄝˋ ㄑㄧㄝˋ
瘦懨懨,1,ㄕㄡˋ ㄧㄢ ㄧㄢ
瘦括括,1,ㄕㄡˋ ㄍㄨㄚ ㄍㄨㄚ
瘦皮猴,1,ㄕㄡˋ ㄆㄧˊ ㄏㄡˊ
瘦稜稜,1,ㄕㄡˋ ㄌㄥˊ ㄌㄥˊ
瘦西湖,1,ㄕㄡˋ ㄒㄧ ㄏㄨˊ
瘦金書,1,ㄕㄡˋ ㄐㄧㄣ ㄕㄨ
瘧原蟲,1,ㄋㄩㄝˋ ㄩㄢˊ ㄔㄨㄥˊ
瘧媒蚊,1,ㄋㄩㄝˋ ㄇㄟˊ ㄨㄣˊ
癆病鬼,1,ㄌㄠˊ ㄅㄧㄥˋ ㄍㄨㄟˇ
癢如如,1,ㄧㄤˇ ㄖㄨˊ ㄖㄨˊ
癩皮病,1,ㄌㄞˋ ㄆㄧˊ ㄅㄧㄥˋ
癩蝦蟆,1,ㄌㄞˋ ㄏㄚˊ ㄇㄚ˙
癩頭黿,1,ㄌㄞˋ ㄊㄡˊ ㄩㄢˊ
癸字號,1,ㄍㄨㄟˇ ㄗˋ ㄏㄠˋ
登上甲,1,ㄉㄥ ㄕㄤˋ ㄐㄧㄚˇ
登場口,1,ㄉㄥ ㄔㄤˊ ㄎㄡˇ
登大寶,1,ㄉㄥ ㄉㄚˋ ㄅㄠˇ
登山口,1,ㄉㄥ ㄕㄢ ㄎㄡˇ
登山屐,1,ㄉㄥ ㄕㄢ ㄐㄧ
登月艙,1,ㄉㄥ ㄩㄝˋ ㄘㄤ
登機室,1,ㄉㄥ ㄐㄧ ㄕˋ
登機證,1,ㄉㄥ ㄐㄧ ㄓㄥˋ
登瀛洲,1,ㄉㄥ ㄧㄥˊ ㄓㄡ
登甲第,1,ㄉㄥ ㄐㄧㄚˇ ㄉㄧˋ
登科記,1,ㄉㄥ ㄎㄜ ㄐㄧˋ
登科錄,1,ㄉㄥ ㄎㄜ ㄌㄨˋ
登聞鼓,1,ㄉㄥ ㄨㄣˊ ㄍㄨˇ
登虎榜,1,ㄉㄥ ㄏㄨˇ ㄅㄤˇ
登陸場,1,ㄉㄥ ㄌㄨˋ ㄔㄤˊ
登陸熱,1,ㄉㄥ ㄌㄨˋ ㄖㄜˋ
登雲梯,1,ㄉㄥ ㄩㄣˊ ㄊㄧ
登高會,1,ㄉㄥ ㄍㄠ ㄏㄨㄟˋ
登高枝,1,ㄉㄥ ㄍㄠ ㄓ
登高節,1,ㄉㄥ ㄍㄠ ㄐㄧㄝˊ
登龍術,1,ㄉㄥ ㄌㄨㄥˊ ㄕㄨˋ
登龍門,1,ㄉㄥ ㄌㄨㄥˊ ㄇㄣˊ
發令槍,1,ㄈㄚ ㄌㄧㄥˋ ㄑㄧㄤ
發俊科,1,ㄈㄚ ㄐㄩㄣˋ ㄎㄜ
發光器,1,ㄈㄚ ㄍㄨㄤ ㄑㄧˋ
發光屏,1,ㄈㄚ ㄍㄨㄤ ㄆㄧㄥˊ
發光度,1,ㄈㄚ ㄍㄨㄤ ㄉㄨˋ
發利市,1,ㄈㄚ ㄌㄧˋ ㄕˋ
發喉急,1,ㄈㄚ ㄏㄡˊ ㄐㄧˊ
發天陰,1,ㄈㄚ ㄊㄧㄢ ㄧㄣ
發射臺,1,ㄈㄚ ㄕㄜˋ ㄊㄞˊ
發射點,1,ㄈㄚ ㄕㄜˋ ㄉㄧㄢˇ
發擺子,1,ㄈㄚ ㄅㄞˇ ㄗ˙
發淡科,1,ㄈㄚ ㄉㄢˋ ㄎㄜ
發煙劑,1,ㄈㄚ ㄧㄢ ㄐㄧˋ
發燒友,1,ㄈㄚ ㄕㄠ ㄧㄡˇ
發燒客,1,ㄈㄚ ㄕㄠ ㄎㄜˋ
發燒度,1,ㄈㄚ ㄕㄠ ㄉㄨˋ
發牙豆,1,ㄈㄚ ㄧㄚˊ ㄉㄡˋ
發球局,1,ㄈㄚ ㄑㄧㄡˊ ㄐㄩˊ
發生學,1,ㄈㄚ ㄕㄥ ㄒㄩㄝˊ
發生率,1,ㄈㄚ ㄕㄥ ㄌㄩˋ
發皓齒,1,ㄈㄚ ㄏㄠˋ ㄔˇ
發石車,1,ㄈㄚ ㄕˊ ㄔㄜ
發端詞,1,ㄈㄚ ㄉㄨㄢ ㄘˊ
發老狠,1,ㄈㄚ ㄌㄠˇ ㄏㄣˇ
發聲法,1,ㄈㄚ ㄕㄥ ㄈㄚˇ
發脾寒,1,ㄈㄚ ㄆㄧˊ ㄏㄢˊ
發脾氣,1,ㄈㄚ ㄆㄧˊ ㄑㄧ˙
發草帖,1,ㄈㄚ ㄘㄠˇ ㄊㄧㄝˇ
發號令,1,ㄈㄚ ㄏㄠˋ ㄌㄧㄥˋ
發諢子,1,ㄈㄚ ㄏㄨㄣˋ ㄗ˙
發財票,1,ㄈㄚ ㄘㄞˊ ㄆㄧㄠˋ
發酒風,1,ㄈㄚ ㄐㄧㄡˇ ㄈㄥ
發酵乳,1,ㄈㄚ ㄒㄧㄠˋ ㄖㄨˇ
發陰天,1,ㄈㄚ ㄧㄣ ㄊㄧㄢ
發頭風,1,ㄈㄚ ㄊㄡˊ ㄈㄥ
白丁香,1,ㄅㄞˊ ㄉㄧㄥ ㄒㄧㄤ
白了了,1,ㄅㄞˊ ㄌㄧㄠˇ ㄌㄧㄠˇ
白人情,1,ㄅㄞˊ ㄖㄣˊ ㄑㄧㄥˊ
白兔記,1,ㄅㄞˊ ㄊㄨˋ ㄐㄧˋ
白公堤,1,ㄅㄞˊ ㄍㄨㄥ ㄊㄧˊ
白刃戰,1,ㄅㄞˊ ㄖㄣˋ ㄓㄢˋ
白切肉,1,ㄅㄞˊ ㄑㄧㄝ ㄖㄡˋ
白利尼,1,ㄅㄞˊ ㄌㄧˋ ㄋㄧˊ
白化症,1,ㄅㄞˊ ㄏㄨㄚˋ ㄓㄥˋ
白千層,1,ㄅㄞˊ ㄑㄧㄢ ㄘㄥˊ
白叨光,1,ㄅㄞˊ ㄊㄠ ㄍㄨㄤ
白合金,1,ㄅㄞˊ ㄏㄜˊ ㄐㄧㄣ
白喜草,1,ㄅㄞˊ ㄒㄧˇ ㄘㄠˇ
白嘩嘩,1,ㄅㄞˊ ㄏㄨㄚ ㄏㄨㄚ
白嚼人,1,ㄅㄞˊ ㄐㄩㄝˊ ㄖㄣˊ
白嚼蛆,1,ㄅㄞˊ ㄐㄩㄝˊ ㄑㄩ
白團扇,1,ㄅㄞˊ ㄊㄨㄢˊ ㄕㄢˋ
白土子,1,ㄅㄞˊ ㄊㄨˇ ㄗ˙
白堊系,1,ㄅㄞˊ ㄜˋ ㄒㄧˋ
白塞木,1,ㄅㄞˊ ㄙㄞ ㄇㄨˋ
白壁特,1,ㄅㄞˊ ㄅㄧˋ ㄊㄜˋ
白如玉,1,ㄅㄞˊ ㄖㄨˊ ㄩˋ
白娘子,1,ㄅㄞˊ ㄋㄧㄤˊ ㄗˇ
白子國,1,ㄅㄞˊ ㄗˇ ㄍㄨㄛˊ
白子魚,1,ㄅㄞˊ ㄗˇ ㄩˊ
白字戲,1,ㄅㄞˊ ㄗˋ ㄒㄧˋ
白定碗,1,ㄅㄞˊ ㄉㄧㄥˋ ㄨㄢˇ
白將軍,1,ㄅㄞˊ ㄐㄧㄤ ㄐㄩㄣ
白小豆,1,ㄅㄞˊ ㄒㄧㄠˇ ㄉㄡˋ
白尾鷲,1,ㄅㄞˊ ㄨㄟˇ ㄐㄧㄡˋ
白屈菜,1,ㄅㄞˊ ㄑㄩ ㄘㄞˋ
白嶽山,1,ㄅㄞˊ ㄩㄝˋ ㄕㄢ
白差使,1,ㄅㄞˊ ㄔㄞ ㄕˇ
白席人,1,ㄅㄞˊ ㄒㄧˊ ㄖㄣˊ
白想想,1,ㄅㄞˊ ㄒㄧㄤˇ ㄒㄧㄤˇ
白想想,1,ㄅㄞˊ ㄒㄧㄤˊ ㄒㄧㄤ˙
白手套,1,ㄅㄞˊ ㄕㄡˇ ㄊㄠˋ
白拈賊,1,ㄅㄞˊ ㄋㄧㄢˊ ㄗㄟˊ
白指病,1,ㄅㄞˊ ㄓˇ ㄅㄧㄥˋ
白日撞,1,ㄅㄞˊ ㄖˋ ㄓㄨㄤˋ
白日賊,1,ㄅㄞˊ ㄖˋ ㄗㄟˊ
白日間,1,ㄅㄞˊ ㄖˋ ㄐㄧㄢ
白日鬼,1,ㄅㄞˊ ㄖˋ ㄍㄨㄟˇ
白晃晃,1,ㄅㄞˊ ㄏㄨㄤˇ ㄏㄨㄤˇ
白朗寧,1,ㄅㄞˊ ㄌㄤˇ ㄋㄧㄥˊ
白果松,1,ㄅㄞˊ ㄍㄨㄛˇ ㄙㄨㄥ
白桿兵,1,ㄅㄞˊ ㄍㄢˇ ㄅㄧㄥ
白條豬,1,ㄅㄞˊ ㄊㄧㄠˊ ㄓㄨ
白森森,1,ㄅㄞˊ ㄙㄣ ㄙㄣ
白樂天,1,ㄅㄞˊ ㄌㄜˋ ㄊㄧㄢ
白殭蠶,1,ㄅㄞˊ ㄐㄧㄤ ㄘㄢˊ
白毛風,1,ㄅㄞˊ ㄇㄠˊ ㄈㄥ
白水灘,1,ㄅㄞˊ ㄕㄨㄟˇ ㄊㄢ
白沙島,1,ㄅㄞˊ ㄕㄚ ㄉㄠˇ
白沙鄉,1,ㄅㄞˊ ㄕㄚ ㄒㄧㄤ
白河縣,1,ㄅㄞˊ ㄏㄜˊ ㄒㄧㄢˋ
白泠泠,1,ㄅㄞˊ ㄌㄧㄥˊ ㄌㄧㄥˊ
白漭漭,1,ㄅㄞˊ ㄇㄤˇ ㄇㄤˇ
白澤圖,1,ㄅㄞˊ ㄗㄜˊ ㄊㄨˊ
白煮蛋,1,ㄅㄞˊ ㄓㄨˇ ㄉㄢˋ
白犀牛,1,ㄅㄞˊ ㄒㄧ ㄋㄧㄡˊ
白狼河,1,ㄅㄞˊ ㄌㄤˊ ㄏㄜˊ
白猿傳,1,ㄅㄞˊ ㄩㄢˊ ㄓㄨㄢˋ
白玉樓,1,ㄅㄞˊ ㄩˋ ㄌㄡˊ
白玉蘭,1,ㄅㄞˊ ㄩˋ ㄌㄢˊ
白玉霜,1,ㄅㄞˊ ㄩˋ ㄕㄨㄤ
白瑩瑩,1,ㄅㄞˊ ㄧㄥˊ ㄧㄥˊ
白生生,1,ㄅㄞˊ ㄕㄥ ㄕㄥ
白癜風,1,ㄅㄞˊ ㄉㄧㄢˋ ㄈㄥ
白相人,1,ㄅㄞˊ ㄒㄧㄤˋ ㄖㄣˊ
白眉神,1,ㄅㄞˊ ㄇㄟˊ ㄕㄣˊ
白眉鴃,1,ㄅㄞˊ ㄇㄟˊ ㄐㄩㄝˊ
白眼狼,1,ㄅㄞˊ ㄧㄢˇ ㄌㄤˊ
白瞪眼,1,ㄅㄞˊ ㄉㄥˋ ㄧㄢˇ
白石神,1,ㄅㄞˊ ㄕˊ ㄕㄣˊ
白砂糖,1,ㄅㄞˊ ㄕㄚ ㄊㄤˊ
白禿風,1,ㄅㄞˊ ㄊㄨ ㄈㄥ
白米甕,1,ㄅㄞˊ ㄇㄧˇ ㄨㄥˋ
白米飯,1,ㄅㄞˊ ㄇㄧˇ ㄈㄢˋ
白粉病,1,ㄅㄞˊ ㄈㄣˇ ㄅㄧㄥˋ
白粉蝶,1,ㄅㄞˊ ㄈㄣˇ ㄉㄧㄝˊ
白粉麵,1,ㄅㄞˊ ㄈㄣˇ ㄇㄧㄢˋ
白糠疹,1,ㄅㄞˊ ㄎㄤ ㄓㄣˇ
白紵歌,1,ㄅㄞˊ ㄓㄨˋ ㄍㄜ
白絞油,1,ㄅㄞˊ ㄐㄧㄠˇ ㄧㄡˊ
白羊子,1,ㄅㄞˊ ㄧㄤˊ ㄗˇ
白羊宮,1,ㄅㄞˊ ㄧㄤˊ ㄍㄨㄥ
白羊座,1,ㄅㄞˊ ㄧㄤˊ ㄗㄨㄛˋ
白羊鮮,1,ㄅㄞˊ ㄧㄤˊ ㄒㄧㄢ
白翎雀,1,ㄅㄞˊ ㄌㄧㄥˊ ㄑㄩㄝˋ
白脣鹿,1,ㄅㄞˊ ㄔㄨㄣˊ ㄌㄨˋ
白脫油,1,ㄅㄞˊ ㄊㄨㄛ ㄧㄡˊ
白色體,1,ㄅㄞˊ ㄙㄜˋ ㄊㄧˇ
白花花,1,ㄅㄞˊ ㄏㄨㄚ˙ ㄏㄨㄚ
白花菜,1,ㄅㄞˊ ㄏㄨㄚ ㄘㄞˋ
白花蛇,1,ㄅㄞˊ ㄏㄨㄚ ㄕㄜˊ
白蓬蓬,1,ㄅㄞˊ ㄆㄥˊ ㄆㄥˊ
白蓮社,1,ㄅㄞˊ ㄌㄧㄢˊ ㄕㄜˋ
白蘋洲,1,ㄅㄞˊ ㄆㄧㄣˊ ㄓㄡ
白蘭士,1,ㄅㄞˊ ㄌㄢˊ ㄕˋ
白蘿蔔,1,ㄅㄞˊ ㄌㄨㄛˊ ㄅㄛ˙
白虎幡,1,ㄅㄞˊ ㄏㄨˇ ㄈㄢ
白虎觀,1,ㄅㄞˊ ㄏㄨˇ ㄍㄨㄢˋ
白虎風,1,ㄅㄞˊ ㄏㄨˇ ㄈㄥ
白蛉子,1,ㄅㄞˊ ㄌㄧㄥˊ ㄗ˙
白蠟蠟,1,ㄅㄞˊ ㄌㄚˋ ㄌㄚˋ
白行簡,1,ㄅㄞˊ ㄒㄧㄥˊ ㄐㄧㄢˇ
白衣人,1,ㄅㄞˊ ㄧ ㄖㄣˊ
白袷衣,1,ㄅㄞˊ ㄐㄧㄚˊ ㄧ
白變種,1,ㄅㄞˊ ㄅㄧㄢˋ ㄓㄨㄥˇ
白豆蔻,1,ㄅㄞˊ ㄉㄡˋ ㄎㄡˋ
白賊七,1,ㄅㄞˊ ㄗㄟˊ ㄑㄧ
白蹧蹋,1,ㄅㄞˊ ㄗㄠ ㄊㄚ˙
白身人,1,ㄅㄞˊ ㄕㄣ ㄖㄣˊ
白辛樹,1,ㄅㄞˊ ㄒㄧㄣ ㄕㄨˋ
白鄧鄧,1,ㄅㄞˊ ㄉㄥˋ ㄉㄥˋ
白里安,1,ㄅㄞˊ ㄌㄧˇ ㄢ
白金婚,1,ㄅㄞˊ ㄐㄧㄣ ㄏㄨㄣ
白鉛皮,1,ㄅㄞˊ ㄑㄧㄢ ㄆㄧˊ
白鎢礦,1,ㄅㄞˊ ㄨ ㄎㄨㄤˋ
白鑄鐵,1,ㄅㄞˊ ㄓㄨˋ ㄊㄧㄝˇ
白門樓,1,ㄅㄞˊ ㄇㄣˊ ㄌㄡˊ
白閒著,1,ㄅㄞˊ ㄒㄧㄢˊ ㄓㄜ˙
白附子,1,ㄅㄞˊ ㄈㄨˋ ㄗ˙
白陶罍,1,ㄅㄞˊ ㄊㄠˊ ㄌㄟˊ
白雪曲,1,ㄅㄞˊ ㄒㄩㄝˇ ㄑㄩˇ
白雪歌,1,ㄅㄞˊ ㄒㄩㄝˇ ㄍㄜ
白雲山,1,ㄅㄞˊ ㄩㄣˊ ㄕㄢ
白雲岩,1,ㄅㄞˊ ㄩㄣˊ ㄧㄢˊ
白雲觀,1,ㄅㄞˊ ㄩㄣˊ ㄍㄨㄢˋ
白雲鄉,1,ㄅㄞˊ ㄩㄣˊ ㄒㄧㄤ
白面皮,1,ㄅㄞˊ ㄇㄧㄢˋ ㄆㄧˊ
白頂鶴,1,ㄅㄞˊ ㄉㄧㄥˇ ㄏㄜˋ
白頭吟,1,ㄅㄞˊ ㄊㄡˊ ㄧㄣˊ
白頭山,1,ㄅㄞˊ ㄊㄡˊ ㄕㄢ
白頭浪,1,ㄅㄞˊ ㄊㄡˊ ㄌㄤˋ
白額虎,1,ㄅㄞˊ ㄜˊ ㄏㄨˇ
白額雁,1,ㄅㄞˊ ㄜˊ ㄧㄢˋ
白飯王,1,ㄅㄞˊ ㄈㄢˋ ㄨㄤˊ
白飾金,1,ㄅㄞˊ ㄕˋ ㄐㄧㄣ
白馬坡,1,ㄅㄞˊ ㄇㄚˇ ㄆㄛ
白馬津,1,ㄅㄞˊ ㄇㄚˇ ㄐㄧㄣ
白馬王,1,ㄅㄞˊ ㄇㄚˇ ㄨㄤˊ
白骨松,1,ㄅㄞˊ ㄍㄨˇ ㄙㄨㄥ
白魚粉,1,ㄅㄞˊ ㄩˊ ㄈㄣˇ
白鯧魚,1,ㄅㄞˊ ㄔㄤ ㄩˊ
白鯨記,1,ㄅㄞˊ ㄐㄧㄥ ㄐㄧˋ
白鰭豚,1,ㄅㄞˊ ㄑㄧˊ ㄊㄨㄣˊ
白鷺洲,1,ㄅㄞˊ ㄌㄨˋ ㄓㄡ
白鷺鷥,1,ㄅㄞˊ ㄌㄨˋ ㄙ
白鹿洞,1,ㄅㄞˊ ㄌㄨˋ ㄉㄨㄥˋ
白鹿紙,1,ㄅㄞˊ ㄌㄨˋ ㄓˇ
白點病,1,ㄅㄞˊ ㄉㄧㄢˇ ㄅㄧㄥˋ
白黴素,1,ㄅㄞˊ ㄇㄟˊ ㄙㄨˋ
白鼻心,1,ㄅㄞˊ ㄅㄧˊ ㄒㄧㄣ
白龍堆,1,ㄅㄞˊ ㄌㄨㄥˊ ㄉㄨㄟ
白龜年,1,ㄅㄞˊ ㄍㄨㄟ ㄋㄧㄢˊ
百一詩,1,ㄅㄞˇ ㄧ ㄕ
百丈山,1,ㄅㄞˇ ㄓㄤˋ ㄕㄢ
百世師,1,ㄅㄞˇ ㄕˋ ㄕ
百中經,1,ㄅㄞˇ ㄓㄨㄥˋ ㄐㄧㄥ
百事通,1,ㄅㄞˇ ㄕˋ ㄊㄨㄥ
百八丸,1,ㄅㄞˇ ㄅㄚ ㄨㄢˊ
百分制,1,ㄅㄞˇ ㄈㄣ ㄓˋ
百分號,1,ㄅㄞˇ ㄈㄣ ㄏㄠˋ
百喻經,1,ㄅㄞˇ ㄩˋ ㄐㄧㄥ
百囊奔,1,ㄅㄞˇ ㄋㄤˊ ㄅㄣ
百夫良,1,ㄅㄞˇ ㄈㄨ ㄌㄧㄤˊ
百子圖,1,ㄅㄞˇ ㄗˇ ㄊㄨˊ
百子帳,1,ㄅㄞˇ ㄗˇ ㄓㄤˋ
百子蓮,1,ㄅㄞˇ ㄗˇ ㄌㄧㄢˊ
百家灣,1,ㄅㄞˇ ㄐㄧㄚ ㄨㄢ
百家衣,1,ㄅㄞˇ ㄐㄧㄚ ㄧ
百家鎖,1,ㄅㄞˇ ㄐㄧㄚ ㄙㄨㄛˇ
百寶嵌,1,ㄅㄞˇ ㄅㄠˇ ㄑㄧㄢ
百寶盒,1,ㄅㄞˇ ㄅㄠˇ ㄏㄜˊ
百寶箱,1,ㄅㄞˇ ㄅㄠˇ ㄒㄧㄤ
百將傳,1,ㄅㄞˇ ㄐㄧㄤˋ ㄓㄨㄢˋ
百日草,1,ㄅㄞˇ ㄖˋ ㄘㄠˇ
百枝蓮,1,ㄅㄞˇ ㄓ ㄌㄧㄢˊ
百歲羹,1,ㄅㄞˇ ㄙㄨㄟˋ ㄍㄥ
百沸湯,1,ㄅㄞˇ ㄈㄟˋ ㄊㄤ
百濯香,1,ㄅㄞˇ ㄓㄨㄛˊ ㄒㄧㄤ
百節蛇,1,ㄅㄞˇ ㄐㄧㄝˊ ㄕㄜˊ
百結衣,1,ㄅㄞˇ ㄐㄧㄝˊ ㄧ
百脈根,1,ㄅㄞˇ ㄇㄞˋ ㄍㄣ
百色縣,1,ㄅㄛˊ ㄙㄜˋ ㄒㄧㄢˋ
百花曆,1,ㄅㄞˇ ㄏㄨㄚ ㄌㄧˋ
百花洲,1,ㄅㄞˇ ㄏㄨㄚ ㄓㄡ
百花潭,1,ㄅㄞˇ ㄏㄨㄚ ㄊㄢˊ
百花王,1,ㄅㄞˇ ㄏㄨㄚ ㄨㄤˊ
百花酒,1,ㄅㄞˇ ㄏㄨㄚ ㄐㄧㄡˇ
百草霜,1,ㄅㄞˇ ㄘㄠˇ ㄕㄨㄤ
百葉捲,1,ㄅㄞˇ ㄧㄝˋ ㄐㄩㄢˇ
百葉箱,1,ㄅㄞˇ ㄧㄝˋ ㄒㄧㄤ
百衲琴,1,ㄅㄞˇ ㄋㄚˋ ㄑㄧㄣˊ
百襉裙,1,ㄅㄞˇ ㄐㄧㄢˇ ㄑㄩㄣˊ
百諫圖,1,ㄅㄞˇ ㄐㄧㄢˋ ㄊㄨˊ
百谷王,1,ㄅㄞˇ ㄍㄨˇ ㄨㄤˊ
百足蟲,1,ㄅㄞˇ ㄗㄨˊ ㄔㄨㄥˊ
百足蟹,1,ㄅㄞˇ ㄗㄨˊ ㄒㄧㄝˋ
百里侯,1,ㄅㄞˇ ㄌㄧˇ ㄏㄡˊ
百里傒,1,ㄅㄞˇ ㄌㄧˇ ㄒㄧ
百鍊剛,1,ㄅㄞˇ ㄌㄧㄢˋ ㄍㄤ
百鍊金,1,ㄅㄞˇ ㄌㄧㄢˋ ㄐㄧㄣ
百鍊鋼,1,ㄅㄞˇ ㄌㄧㄢˋ ㄍㄤ
百鍊鐵,1,ㄅㄞˇ ㄌㄧㄢˋ ㄊㄧㄝˇ
百靈廟,1,ㄅㄞˇ ㄌㄧㄥˊ ㄇㄧㄠˋ
百靈舌,1,ㄅㄞˇ ㄌㄧㄥˊ ㄕㄜˊ
百面雷,1,ㄅㄞˇ ㄇㄧㄢˋ ㄌㄟˊ
皁衣人,1,ㄗㄠˋ ㄧ ㄖㄣˊ
的溜溜,1,ㄉㄧˊ ㄌㄧㄡ ㄌㄧㄡ
的篤戲,1,ㄉㄧˊ ㄉㄨˇ ㄒㄧˋ
皇姑屯,1,ㄏㄨㄤˊ ㄍㄨ ㄊㄨㄣˊ
皇帝豆,1,ㄏㄨㄤˊ ㄉㄧˋ ㄉㄡˋ
皇恐灘,1,ㄏㄨㄤˊ ㄎㄨㄥˇ ㄊㄢ
皇極數,1,ㄏㄨㄤˊ ㄐㄧˊ ㄕㄨˋ
皇甫湜,1,ㄏㄨㄤˊ ㄈㄨˇ ㄕˊ
皇甫謐,1,ㄏㄨㄤˊ ㄈㄨˇ ㄇㄧˋ
皇祖妣,1,ㄏㄨㄤˊ ㄗㄨˇ ㄅㄧˇ
皇祖考,1,ㄏㄨㄤˊ ㄗㄨˇ ㄎㄠˇ
皕宋樓,1,ㄅㄧˋ ㄙㄨㄥˋ ㄌㄡˊ
皮以書,1,ㄆㄧˊ ㄧˇ ㄕㄨ
皮卡爾,1,ㄆㄧˊ ㄎㄚˇ ㄦˇ
皮困秋,1,ㄆㄧˊ ㄎㄨㄣˋ ㄑㄧㄡ
皮孩子,1,ㄆㄧˊ ㄏㄞˊ ㄗ˙
皮托管,1,ㄆㄧˊ ㄊㄨㄛ ㄍㄨㄢˇ
皮日休,1,ㄆㄧˊ ㄖˋ ㄒㄧㄡ
皮桶子,1,ㄆㄧˊ ㄊㄨㄥˇ ㄗ˙
皮條艇,1,ㄆㄧˊ ㄊㄧㄠˊ ㄊㄧㄥˇ
皮燈毬,1,ㄆㄧˊ ㄉㄥ ㄑㄧㄡˊ
皮燈籠,1,ㄆㄧˊ ㄉㄥ ㄌㄨㄥˊ
皮爾奈,1,ㄆㄧˊ ㄦˇ ㄋㄞˋ
皮猴戲,1,ㄆㄧˊ ㄏㄡˊ ㄒㄧˋ
皮皮的,1,ㄆㄧˊ ㄆㄧˊ ㄉㄜ˙
皮相士,1,ㄆㄧˊ ㄒㄧㄤˋ ㄕˋ
皮笊籬,1,ㄆㄧˊ ㄓㄠˋ ㄌㄧˊ
皮翼獸,1,ㄆㄧˊ ㄧˋ ㄕㄡˋ
皮翼目,1,ㄆㄧˊ ㄧˋ ㄇㄨˋ
皮膚炎,1,ㄆㄧˊ ㄈㄨ ㄧㄢˊ
皮著臉,1,ㄆㄧˊ ㄓㄜ˙ ㄌㄧㄢˇ
皮解庫,1,ㄆㄧˊ ㄐㄧㄝˋ ㄎㄨˋ
皮諾丘,1,ㄆㄧˊ ㄋㄨㄛˋ ㄑㄧㄡ
皮質素,1,ㄆㄧˊ ㄓˊ ㄙㄨˋ
皮錫瑞,1,ㄆㄧˊ ㄒㄧˊ ㄖㄨㄟˋ
皮黃劇,1,ㄆㄧˊ ㄏㄨㄤˊ ㄐㄩˋ
皮黃腔,1,ㄆㄧˊ ㄏㄨㄤˊ ㄑㄧㄤ
皴輪骨,1,ㄘㄨㄣ ㄌㄨㄣˊ ㄍㄨˇ
盂蘭會,1,ㄩˊ ㄌㄢˊ ㄏㄨㄟˋ
盂蘭盆,1,ㄩˊ ㄌㄢˊ ㄆㄣˊ
盂蘭節,1,ㄩˊ ㄌㄢˊ ㄐㄧㄝˊ
盆成括,1,ㄆㄣˊ ㄔㄥˊ ㄍㄨㄚ
益智班,1,ㄧˋ ㄓˋ ㄅㄢ
益母草,1,ㄧˋ ㄇㄨˇ ㄘㄠˇ
盒子會,1,ㄏㄜˊ ㄗ˙ ㄏㄨㄟˋ
盒子炮,1,ㄏㄜˊ ㄗ˙ ㄆㄠˋ
盒子菜,1,ㄏㄜˊ ㄗ˙ ㄘㄞˋ
盛果期,1,ㄕㄥˋ ㄍㄨㄛˇ ㄑㄧˊ
盜仙草,1,ㄉㄠˋ ㄒㄧㄢ ㄘㄠˇ
盜御馬,1,ㄉㄠˋ ㄩˋ ㄇㄚˇ
盜馬賊,1,ㄉㄠˋ ㄇㄚˇ ㄗㄟˊ
盡人情,1,ㄐㄧㄣˋ ㄖㄣˊ ㄑㄧㄥˊ
盡頭話,1,ㄐㄧㄣˋ ㄊㄡˊ ㄏㄨㄚˋ
監斬官,1,ㄐㄧㄢ ㄓㄢˇ ㄍㄨㄢ
監齋爺,1,ㄐㄧㄢ ㄓㄞ ㄧㄝˊ
盤中詩,1,ㄆㄢˊ ㄓㄨㄥ ㄕ
盤古國,1,ㄆㄢˊ ㄍㄨˇ ㄍㄨㄛˊ
盤固草,1,ㄆㄢˊ ㄍㄨˋ ㄘㄠˇ
盤子頭,1,ㄆㄢˊ ㄗ˙ ㄊㄡˊ
盤成括,1,ㄆㄢˊ ㄔㄥˊ ㄍㄨㄚ
盤桓髻,1,ㄆㄢˊ ㄏㄨㄢˊ ㄐㄧˋ
盤灌法,1,ㄆㄢˊ ㄍㄨㄢˋ ㄈㄚˇ
盤盒機,1,ㄆㄢˊ ㄏㄜˊ ㄐㄧ
盤辮子,1,ㄆㄢˊ ㄅㄧㄢˋ ㄗ˙
盤陀石,1,ㄆㄢˊ ㄊㄨㄛˊ ㄕˊ
盤陀路,1,ㄆㄢˊ ㄊㄨㄛˊ ㄌㄨˋ
盤龍癖,1,ㄆㄢˊ ㄌㄨㄥˊ ㄆㄧˇ
盤龍髻,1,ㄆㄢˊ ㄌㄨㄥˊ ㄐㄧˋ
盧文弨,1,ㄌㄨˊ ㄨㄣˊ ㄔㄠ
盧照鄰,1,ㄌㄨˊ ㄓㄠˋ ㄌㄧㄣˊ
盧稜伽,1,ㄌㄨˊ ㄌㄥˊ ㄑㄧㄝˊ
盧稜伽,1,ㄌㄨˊ ㄌㄧㄥˊ ㄑㄧㄝˊ
盩厔縣,1,ㄓㄡ ㄓˋ ㄒㄧㄢˋ
目力表,1,ㄇㄨˋ ㄌㄧˋ ㄅㄧㄠˇ
目子錢,1,ㄇㄨˋ ㄗ˙ ㄑㄧㄢˊ
目犍連,1,ㄇㄨˋ ㄐㄧㄢ ㄌㄧㄢˊ
目犍連,1,ㄇㄨˋ ㄐㄧㄢˋ ㄌㄧㄢˊ
目錄卡,1,ㄇㄨˋ ㄌㄨˋ ㄎㄚˇ
直接灸,1,ㄓˊ ㄐㄧㄝ ㄐㄧㄡˇ
直木賞,1,ㄓˊ ㄇㄨˋ ㄕㄤˇ
直桶桶,1,ㄓˊ ㄊㄨㄥˇ ㄊㄨㄥˇ
直立人,1,ㄓˊ ㄌㄧˋ ㄖㄣˊ
直立莖,1,ㄓˊ ㄌㄧˋ ㄐㄧㄥ
直筒子,1,ㄓˊ ㄊㄨㄥˇ ㄗ˙
直腸子,1,ㄓˊ ㄔㄤˊ ㄗ˙
直落三,1,ㄓˊ ㄌㄨㄛˋ ㄙㄢ
直角規,1,ㄓˊ ㄐㄧㄠˇ ㄍㄨㄟ
直譯詞,1,ㄓˊ ㄧˋ ㄘˊ
直賣店,1,ㄓˊ ㄇㄞˋ ㄉㄧㄢˋ
直蹶蹶,1,ㄓˊ ㄐㄩㄝˊ ㄐㄩㄝˊ
相人偶,1,ㄒㄧㄤ ㄖㄣˊ ㄡˇ
相似詞,1,ㄒㄧㄤ ㄙˋ ㄘˊ
相匣子,1,ㄒㄧㄤˋ ㄒㄧㄚˊ ㄗ˙
相印法,1,ㄒㄧㄤˋ ㄧㄣˋ ㄈㄚˇ
相反數,1,ㄒㄧㄤ ㄈㄢˇ ㄕㄨˋ
相和歌,1,ㄒㄧㄤ ㄏㄜˋ ㄍㄜ
相思債,1,ㄒㄧㄤ ㄙ ㄓㄞˋ
相思卦,1,ㄒㄧㄤ ㄙ ㄍㄨㄚˋ
相思套,1,ㄒㄧㄤ ㄙ ㄊㄠˋ
相思木,1,ㄒㄧㄤ ㄙ ㄇㄨˋ
相思草,1,ㄒㄧㄤ ㄙ ㄘㄠˇ
相思鳥,1,ㄒㄧㄤ ㄙ ㄋㄧㄠˇ
相腳手,1,ㄒㄧㄤˋ ㄐㄧㄠˇ ㄕㄡˇ
相腳頭,1,ㄒㄧㄤˋ ㄐㄧㄠˇ ㄊㄡˊ
相褒戲,1,ㄒㄧㄤ ㄅㄠ ㄒㄧˋ
相部宗,1,ㄒㄧㄤˋ ㄅㄨˋ ㄗㄨㄥ
盼辰勾,1,ㄆㄢˋ ㄔㄣˊ ㄍㄡ
省可裡,1,ㄕㄥˇ ㄎㄜˇ ㄌㄧˇ
省略號,1,ㄕㄥˇ ㄌㄩㄝˋ ㄏㄠˋ
省視學,1,ㄕㄥˇ ㄕˋ ㄒㄩㄝˊ
眇天末,1,ㄇㄧㄠˇ ㄊㄧㄢ ㄇㄛˋ
眉山秀,1,ㄇㄟˊ ㄕㄢ ㄒㄧㄡˋ
眉棱骨,1,ㄇㄟˊ ㄌㄥˊ ㄍㄨˇ
眉間尺,1,ㄇㄟˊ ㄐㄧㄢ ㄔˇ
眉間赤,1,ㄇㄟˊ ㄐㄧㄢ ㄔˋ
眊眊眊,1,ㄇㄠˋ ㄇㄠˋ ㄇㄠˋ
看上了,1,ㄎㄢˋ ㄕㄤˋ ㄌㄜ˙
看不上,1,ㄎㄢˋ ㄅㄨ˙ ㄕㄤˋ
看不來,1,ㄎㄢˋ ㄅㄨ˙ ㄌㄞˊ
看不出,1,ㄎㄢˋ ㄅㄨ˙ ㄔㄨ
看不得,1,ㄎㄢˋ ㄅㄨ˙ ㄉㄜˊ
看不慣,1,ㄎㄢˋ ㄅㄨ˙ ㄍㄨㄢˋ
看不起,1,ㄎㄢˋ ㄅㄨ˙ ㄑㄧˇ
看不透,1,ㄎㄢˋ ㄅㄨ˙ ㄊㄡˋ
看不過,1,ㄎㄢˋ ㄅㄨ˙ ㄍㄨㄛˋ
看中了,1,ㄎㄢˋ ㄓㄨㄥˋ ㄌㄜ˙
看冷暖,1,ㄎㄢˋ ㄌㄥˇ ㄋㄨㄢˇ
看家戲,1,ㄎㄢ ㄐㄧㄚ ㄒㄧˋ
看家狗,1,ㄎㄢ ㄐㄧㄚ ㄍㄡˇ
看得開,1,ㄎㄢˋ ㄉㄜ˙ ㄎㄞ
看房子,1,ㄎㄢ ㄈㄤˊ ㄗ˙
看房子,1,ㄎㄢˋ ㄈㄤˊ ㄗ˙
看把戲,1,ㄎㄢˋ ㄅㄚˇ ㄒㄧˋ
看白戲,1,ㄎㄢˋ ㄅㄞˊ ㄒㄧˋ
看笑話,1,ㄎㄢˋ ㄒㄧㄠˋ ㄏㄨㄚˋ
看終了,1,ㄎㄢˋ ㄓㄨㄥ ㄌㄜ˙
看臉子,1,ㄎㄢˋ ㄌㄧㄢˇ ㄗ˙
看話禪,1,ㄎㄢˋ ㄏㄨㄚˋ ㄔㄢˊ
看起來,1,ㄎㄢ ㄑㄧˇ ㄌㄞˊ
看錢奴,1,ㄎㄢ ㄑㄧㄢˊ ㄋㄨˊ
看風向,1,ㄎㄢˋ ㄈㄥ ㄒㄧㄤˋ
看風頭,1,ㄎㄢˋ ㄈㄥ ㄊㄡ˙
看麥娘,1,ㄎㄢ ㄇㄞˋ ㄋㄧㄤˊ
真格的,1,ㄓㄣ ㄍㄜˊ ㄉㄜ˙
真溶液,1,ㄓㄣ ㄖㄨㄥˊ ㄧˋ
真筆版,1,ㄓㄣ ㄅㄧˇ ㄅㄢˇ
真言宗,1,ㄓㄣ ㄧㄢˊ ㄗㄨㄥ
眵目糊,1,ㄔ ㄇㄨ˙ ㄏㄨˊ
眷晚生,1,ㄐㄩㄢˋ ㄨㄢˇ ㄕㄥ
眺望臺,1,ㄊㄧㄠˋ ㄨㄤˋ ㄊㄞˊ
眼中丁,1,ㄧㄢˇ ㄓㄨㄥ ㄉㄧㄥ
眼中疔,1,ㄧㄢˇ ㄓㄨㄥ ㄉㄧㄥ
眼前歡,1,ㄧㄢˇ ㄑㄧㄢˊ ㄏㄨㄢ
眼前花,1,ㄧㄢˇ ㄑㄧㄢˊ ㄏㄨㄚ
眼子菜,1,ㄧㄢˇ ㄗˇ ㄘㄞˋ
眼底下,1,ㄧㄢˇ ㄉㄧˇ ㄒㄧㄚ˙
眼愕愕,1,ㄧㄢˇ ㄜˋ ㄜˋ
眼懸懸,1,ㄧㄢˇ ㄒㄩㄢˊ ㄒㄩㄢˊ
眼扎毛,1,ㄧㄢˇ ㄓㄚˊ ㄇㄠˊ
眼球肌,1,ㄧㄢˇ ㄑㄧㄡˊ ㄐㄧ
眼皮子,1,ㄧㄢˇ ㄆㄧˊ ㄗ˙
眼瞪瞪,1,ㄧㄢˇ ㄉㄥˋ ㄉㄥˋ
眼禿刷,1,ㄧㄢˇ ㄊㄨ ㄕㄨㄚ
眼見得,1,ㄧㄢˇ ㄐㄧㄢˋ ㄉㄜ˙
眼鏡猴,1,ㄧㄢˇ ㄐㄧㄥˋ ㄏㄡˊ
睛球座,1,ㄐㄧㄥ ㄑㄧㄡˊ ㄗㄨㄛˋ
睡不著,1,ㄕㄨㄟˋ ㄅㄨ˙ ㄓㄠ
睡中覺,1,ㄕㄨㄟˋ ㄓㄨㄥ ㄐㄧㄠˋ
睡晌覺,1,ㄕㄨㄟˋ ㄕㄤˇ ㄐㄧㄠˋ
睡病蟲,1,ㄕㄨㄟˋ ㄅㄧㄥˋ ㄔㄨㄥˊ
睡虎子,1,ㄕㄨㄟˋ ㄏㄨˇ ㄗ˙
睡長覺,1,ㄕㄨㄟˋ ㄔㄤˊ ㄐㄧㄠˋ
睫狀肌,1,ㄐㄧㄝˊ ㄓㄨㄤˋ ㄐㄧ
瞅不得,1,ㄔㄡˇ ㄅㄨ˙ ㄉㄜ
瞅不見,1,ㄔㄡˇ ㄅㄨ˙ ㄐㄧㄢˋ
瞅不起,1,ㄔㄡˇ ㄅㄨ˙ ㄑㄧˇ
瞎扎呼,1,ㄒㄧㄚ ㄓㄚ ㄏㄨ˙
瞎扯臊,1,ㄒㄧㄚ ㄔㄜˇ ㄙㄠˋ
瞎淘淘,1,ㄒㄧㄚ ㄊㄠˊ ㄊㄠˊ
瞎炒蛋,1,ㄒㄧㄚ ㄔㄠˇ ㄉㄢˋ
瞎白貨,1,ㄒㄧㄚ ㄅㄞˊ ㄏㄨㄛˋ
瞎點子,1,ㄒㄧㄚ ㄉㄧㄢˇ ㄗ˙
瞑子裡,1,ㄇㄧㄥˊ ㄗ˙ ㄌㄧˇ
瞞眼畫,1,ㄇㄢˊ ㄧㄢˇ ㄏㄨㄚˋ
瞞瞞然,1,ㄇㄢˊ ㄇㄢˊ ㄖㄢˊ
瞞魍魎,1,ㄇㄢˊ ㄨㄤˇ ㄌㄧㄤˇ
瞥瞥然,1,ㄆㄧㄝ ㄆㄧㄝ ㄖㄢˊ
瞧不上,1,ㄑㄧㄠˊ ㄅㄨˋ ㄕㄤˋ
瞧不出,1,ㄑㄧㄠˊ ㄅㄨˋ ㄔㄨ
瞧不得,1,ㄑㄧㄠˊ ㄅㄨˋ ㄉㄜ˙
瞧不慣,1,ㄑㄧㄠˊ ㄅㄨˋ ㄍㄨㄢˋ
瞧不透,1,ㄑㄧㄠˊ ㄅㄨˋ ㄊㄡˋ
瞧不過,1,ㄑㄧㄠˊ ㄅㄨˋ ㄍㄨㄛˋ
瞧熱鬧,1,ㄑㄧㄠˊ ㄖㄜˋ ㄋㄠ˙
瞧香的,1,ㄑㄧㄠˊ ㄒㄧㄤ ㄉㄜ˙
瞪著眼,1,ㄉㄥˋ ㄓㄜ˙ ㄧㄢˇ
瞭望山,1,ㄌㄧㄠˋ ㄨㄤˋ ㄕㄢ
瞼腺炎,1,ㄐㄧㄢˇ ㄒㄧㄢˋ ㄧㄢˊ
瞿式耜,1,ㄑㄩ ㄕˋ ㄙˋ
矇松雨,1,ㄇㄥ ㄙㄨㄥ ㄩˇ
矇矇亮,1,ㄇㄥ ㄇㄥ˙ ㄌㄧㄤˋ
矛盾律,1,ㄇㄠˊ ㄉㄨㄣˋ ㄌㄩˋ
矢車菊,1,ㄕˇ ㄔㄜ ㄐㄩˊ
知事僧,1,ㄓ ㄕˋ ㄙㄥ
知制誥,1,ㄓ ㄓˋ ㄍㄠˋ
知名度,1,ㄓ ㄇㄧㄥˊ ㄉㄨˋ
知己話,1,ㄓ ㄐㄧˇ ㄏㄨㄚˋ
知貢舉,1,ㄓ ㄍㄨㄥˋ ㄐㄩˇ
知風草,1,ㄓ ㄈㄥ ㄘㄠˇ
矩形體,1,ㄐㄩˇ ㄒㄧㄥˊ ㄊㄧˇ
短不了,1,ㄉㄨㄢˇ ㄅㄨ˙ ㄌㄧㄠˇ
短命鬼,1,ㄉㄨㄢˇ ㄇㄧㄥˋ ㄍㄨㄟˇ
短局促,1,ㄉㄨㄢˇ ㄐㄩˊ ㄘㄨˋ
短平快,1,ㄉㄨㄢˇ ㄆㄧㄥˊ ㄎㄨㄞˋ
矮人族,1,ㄞˇ ㄖㄣˊ ㄗㄨˊ
矮仔財,1,ㄞˇ ㄗˇ ㄘㄞˊ
矮個子,1,ㄞˇ ㄍㄜˋ ㄗ˙
矮墩墩,1,ㄞˇ ㄉㄨㄣ ㄉㄨㄣ
矮矬子,1,ㄞˇ ㄘㄨㄛˊ ㄗ˙
矮矬矬,1,ㄞˇ ㄘㄨㄛˊ ㄘㄨㄛˊ
矮行星,1,ㄞˇ ㄒㄧㄥˊ ㄒㄧㄥ
矮趴趴,1,ㄞˇ ㄆㄚ ㄆㄚ
石刁柏,1,ㄕˊ ㄉㄧㄠ ㄅㄛˊ
石印本,1,ㄕˊ ㄧㄣˋ ㄅㄣˇ
石君寶,1,ㄕˊ ㄐㄩㄣ ㄅㄠˇ
石尤風,1,ㄕˊ ㄧㄡˊ ㄈㄥ
石敢當,1,ㄕˊ ㄍㄢˇ ㄉㄤ
石敬瑭,1,ㄕˊ ㄐㄧㄥˋ ㄊㄤˊ
石斛蘭,1,ㄕˊ ㄏㄨˊ ㄌㄢˊ
石棉瓦,1,ㄕˊ ㄇㄧㄢˊ ㄨㄚˇ
石棉症,1,ㄕˊ ㄇㄧㄢˊ ㄓㄥˋ
石油腦,1,ㄕˊ ㄧㄡˊ ㄋㄠˇ
石油蕉,1,ㄕˊ ㄧㄡˊ ㄐㄧㄠ
石版屋,1,ㄕˊ ㄅㄢˇ ㄨ
石版畫,1,ㄕˊ ㄅㄢˇ ㄏㄨㄚˋ
石版石,1,ㄕˊ ㄅㄢˇ ㄕˊ
石版路,1,ㄕˊ ㄅㄢˇ ㄌㄨˋ
石牛道,1,ㄕˊ ㄋㄧㄡˊ ㄉㄠˋ
石砫縣,1,ㄕˊ ㄓㄨˋ ㄒㄧㄢˋ
石胡荽,1,ㄕˊ ㄏㄨˊ ㄙㄨㄟ
石菖蒲,1,ㄕˊ ㄔㄤ ㄆㄨˊ
石頭城,1,ㄕˊ ㄊㄡˊ ㄔㄥˊ
石頭草,1,ㄕˊ ㄊㄡ˙ ㄘㄠˇ
石頭餅,1,ㄕˊ ㄊㄡ˙ ㄅㄧㄥˇ
石點頭,1,ㄕˊ ㄉㄧㄢˇ ㄊㄡˊ
石龍子,1,ㄕˊ ㄌㄨㄥˊ ㄗˇ
石龍芻,1,ㄕˊ ㄌㄨㄥˊ ㄔㄨˊ
矻睜睜,1,ㄎㄨˋ ㄓㄥ ㄓㄥ
矽化木,1,ㄒㄧˋ ㄏㄨㄚˋ ㄇㄨˋ
矽碳棒,1,ㄒㄧˋ ㄊㄢˋ ㄅㄤˋ
矽粉病,1,ㄒㄧˋ ㄈㄣˇ ㄅㄧㄥˋ
矽線石,1,ㄒㄧˋ ㄒㄧㄢˋ ㄕˊ
矽肺症,1,ㄒㄧˋ ㄈㄟˋ ㄓㄥˋ
矽藻土,1,ㄒㄧˋ ㄗㄠˇ ㄊㄨˇ
矽質岩,1,ㄒㄧˋ ㄓˊ ㄧㄢˊ
矽酸鹽,1,ㄒㄧˋ ㄙㄨㄢ ㄧㄢˊ
矽鎂層,1,ㄒㄧˋ ㄇㄟˇ ㄘㄥˊ
砂石場,1,ㄕㄚ ㄕˊ ㄔㄤˊ
砍大山,1,ㄎㄢˇ ㄉㄚˋ ㄕㄢ
砍頭癰,1,ㄎㄢˇ ㄊㄡˊ ㄩㄥ
砑光機,1,ㄧㄚˋ ㄍㄨㄤ ㄐㄧ
研磨機,1,ㄧㄢˊ ㄇㄛˊ ㄐㄧ
研習營,1,ㄧㄢˊ ㄒㄧˊ ㄧㄥˊ
研習班,1,ㄧㄢˊ ㄒㄧˊ ㄅㄢ
破不剌,1,ㄆㄛˋ ㄅㄨˋ ㄌㄚˋ
破了臉,1,ㄆㄛˋ ㄌㄜ˙ ㄌㄧㄢˇ
破包簍,1,ㄆㄛˋ ㄅㄠ ㄌㄡˇ
破嗓子,1,ㄆㄛˋ ㄙㄤˇ ㄗ˙
破四舊,1,ㄆㄛˋ ㄙˋ ㄐㄧㄡˋ
破天亮,1,ㄆㄛˋ ㄊㄧㄢ ㄌㄧㄤˋ
破山劍,1,ㄆㄛˋ ㄕㄢ ㄐㄧㄢˋ
破山寺,1,ㄆㄛˋ ㄕㄢ ㄙˋ
破布子,1,ㄆㄛˋ ㄅㄨˋ ㄗˇ
破承題,1,ㄆㄛˋ ㄔㄥˊ ㄊㄧˊ
破殺殺,1,ㄆㄛˋ ㄕㄚ ㄕㄚ
破碎帶,1,ㄆㄛˋ ㄙㄨㄟˋ ㄉㄞˋ
破紗帽,1,ㄆㄛˋ ㄕㄚ ㄇㄠˋ
破罐子,1,ㄆㄛˋ ㄍㄨㄢˋ ㄗ˙
破落戶,1,ㄆㄛˋ ㄌㄨㄛˋ ㄏㄨˋ
破裂音,1,ㄆㄛˋ ㄌㄧㄝˋ ㄧㄣ
破設設,1,ㄆㄛˋ ㄕㄜˋ ㄕㄜˋ
破酥包,1,ㄆㄛˋ ㄙㄨ ㄅㄠ
破陣樂,1,ㄆㄛˋ ㄓㄣˋ ㄩㄝˋ
破陸續,1,ㄆㄛˋ ㄌㄨˋ ㄒㄩˋ
破靴陣,1,ㄆㄛˋ ㄒㄩㄝ ㄓㄣˋ
破頭楔,1,ㄆㄛˋ ㄊㄡˊ ㄒㄧㄝˋ
破風刀,1,ㄆㄛˋ ㄈㄥ ㄉㄠ
破體書,1,ㄆㄛˋ ㄊㄧˇ ㄕㄨ
砸招牌,1,ㄗㄚˊ ㄓㄠ ㄆㄞˊ
砸明火,1,ㄗㄚˊ ㄇㄧㄥˊ ㄏㄨㄛˇ
硤石鎮,1,ㄒㄧㄚˊ ㄕˊ ㄓㄣˋ
硫化銀,1,ㄌㄧㄡˊ ㄏㄨㄚˋ ㄧㄣˊ
硫磺泉,1,ㄌㄧㄡˊ ㄏㄨㄤˊ ㄑㄩㄢˊ
硫磺谷,1,ㄌㄧㄡˊ ㄏㄨㄤˊ ㄍㄨˇ
硫酸銀,1,ㄌㄧㄡˊ ㄙㄨㄢ ㄧㄣˊ
硫酸鐵,1,ㄌㄧㄡˊ ㄙㄨㄢ ㄊㄧㄝˇ
硬專家,1,ㄧㄥˋ ㄓㄨㄢ ㄐㄧㄚ
硬撅撅,1,ㄧㄥˋ ㄐㄩㄝ ㄐㄩㄝ
硬文學,1,ㄧㄥˋ ㄨㄣˊ ㄒㄩㄝˊ
硬玻璃,1,ㄧㄥˋ ㄅㄛ ㄌㄧ˙
硬科學,1,ㄧㄥˋ ㄎㄜ ㄒㄩㄝˊ
硬繃繃,1,ㄧㄥˋ ㄅㄥ ㄅㄥ
硬肥皂,1,ㄧㄥˋ ㄈㄟˊ ㄗㄠˋ
硬脂酸,1,ㄧㄥˋ ㄓ ㄙㄨㄢ
硬脾氣,1,ㄧㄥˋ ㄆㄧˊ ㄑㄧˋ
硬腦膜,1,ㄧㄥˋ ㄋㄠˇ ㄇㄛˋ
硬裡子,1,ㄧㄥˋ ㄌㄧˇ ㄗ˙
硬頁岩,1,ㄧㄥˋ ㄧㄝˋ ㄧㄢˊ
硬骨魚,1,ㄧㄥˋ ㄍㄨˇ ㄩˊ
硼玻璃,1,ㄆㄥˊ ㄅㄛ ㄌㄧ˙
硼酸水,1,ㄆㄥˊ ㄙㄨㄢ ㄕㄨㄟˇ
碇泊區,1,ㄉㄧㄥˋ ㄅㄛˊ ㄑㄩ
碎紛紛,1,ㄙㄨㄟˋ ㄈㄣ ㄈㄣ
碗碗腔,1,ㄨㄢˇ ㄨㄢˇ ㄑㄧㄤ
碟影機,1,ㄉㄧㄝˊ ㄧㄥˇ ㄐㄧ
碟影片,1,ㄉㄧㄝˊ ㄧㄥˇ ㄆㄧㄢˋ
碧沉沉,1,ㄅㄧˋ ㄔㄣˊ ㄔㄣˊ
碧玉婚,1,ㄅㄧˋ ㄩˋ ㄏㄨㄣ
碧玉簪,1,ㄅㄧˋ ㄩˋ ㄗㄢ
碧眼胡,1,ㄅㄧˋ ㄧㄢˇ ㄏㄨˊ
碧紗廚,1,ㄅㄧˋ ㄕㄚ ㄔㄨˊ
碧紗籠,1,ㄅㄧˋ ㄕㄚ ㄌㄨㄥˊ
碧蘿春,1,ㄅㄧˋ ㄌㄨㄛˊ ㄔㄨㄣ
碧雲寺,1,ㄅㄧˋ ㄩㄣˊ ㄙˋ
碧鳳蝶,1,ㄅㄧˋ ㄈㄥˋ ㄉㄧㄝˊ
碰碰和,1,ㄆㄥˋ ㄆㄥˋ ㄏㄨˊ
碰碰胡,1,ㄆㄥˋ ㄆㄥˋ ㄏㄨˊ
碰碰船,1,ㄆㄥˋ ㄆㄥˋ ㄔㄨㄢˊ
碰運氣,1,ㄆㄥˋ ㄩㄣˋ ㄑㄧ˙
碳循環,1,ㄊㄢˋ ㄒㄩㄣˊ ㄏㄨㄢˊ
碳酸氣,1,ㄊㄢˋ ㄙㄨㄢ ㄑㄧˋ
磁偏角,1,ㄘˊ ㄆㄧㄢ ㄐㄧㄠˇ
磁北極,1,ㄘˊ ㄅㄟˇ ㄐㄧˊ
磁南極,1,ㄘˊ ㄋㄢˊ ㄐㄧˊ
磁州窯,1,ㄘˊ ㄓㄡ ㄧㄠˊ
磁帶機,1,ㄘˊ ㄉㄞˋ ㄐㄧ
磁性體,1,ㄘˊ ㄒㄧㄥˋ ㄊㄧˇ
磁鐵心,1,ㄘˊ ㄊㄧㄝˇ ㄒㄧㄣ
磐石縣,1,ㄆㄢˊ ㄕˊ ㄒㄧㄢˋ
磕素頭,1,ㄎㄜ ㄙㄨˋ ㄊㄡˊ
磕膝蓋,1,ㄎㄜ ㄒㄧ ㄍㄞˋ
磕響頭,1,ㄎㄜ ㄒㄧㄤˇ ㄊㄡˊ
磣可可,1,ㄔㄣˇ ㄎㄜ˙ ㄎㄜ˙
磣得慌,1,ㄔㄣˇ ㄉㄜ˙ ㄏㄨㄤ˙
磣的慌,1,ㄔㄣˇ ㄉㄜ˙ ㄏㄨㄤ˙
磣磕磕,1,ㄔㄣˇ ㄎㄜ˙ ㄎㄜ˙
磨不開,1,ㄇㄛˋ ㄅㄨˋ ㄎㄞ
磨佗子,1,ㄇㄛˊ ㄊㄨㄛˊ ㄗ˙
磨功夫,1,ㄇㄛˊ ㄍㄨㄥ ㄈㄨ˙
磨博士,1,ㄇㄛˊ ㄅㄛˊ ㄕˋ
磨合羅,1,ㄇㄛˊ ㄏㄜˊ ㄌㄨㄛˊ
磨喝樂,1,ㄇㄛˊ ㄏㄜ ㄌㄜˋ
磨嘴皮,1,ㄇㄛˊ ㄗㄨㄟˇ ㄆㄧˊ
磨它子,1,ㄇㄛˊ ㄊㄨㄛˊ ㄗ˙
磨末器,1,ㄇㄛˊ ㄇㄛˋ ㄑㄧˋ
磨洋工,1,ㄇㄛˊ ㄧㄤˊ ㄍㄨㄥ
磨漆畫,1,ㄇㄛˊ ㄑㄧ ㄏㄨㄚˋ
磨耗症,1,ㄇㄛˊ ㄏㄠˋ ㄓㄥˋ
磨脊梁,1,ㄇㄛˊ ㄐㄧˇ ㄌㄧㄤˊ
磨舌頭,1,ㄇㄛˊ ㄕㄜˊ ㄊㄡ˙
磨豆腐,1,ㄇㄛˋ ㄉㄡˋ ㄈㄨ˙
磨趄子,1,ㄇㄛˊ ㄑㄧㄝˋ ㄗ˙
磨針溪,1,ㄇㄛˊ ㄓㄣ ㄒㄧ
磨電燈,1,ㄇㄛˊ ㄉㄧㄢˋ ㄉㄥ
磷化物,1,ㄌㄧㄣˊ ㄏㄨㄚˋ ㄨˋ
磷脂質,1,ㄌㄧㄣˊ ㄓ ㄓˊ
磷酸礦,1,ㄌㄧㄣˊ ㄙㄨㄢ ㄎㄨㄤˋ
磺胺劑,1,ㄏㄨㄤˊ ㄢ ㄐㄧˋ
礁溪鄉,1,ㄐㄧㄠ ㄒㄧ ㄒㄧㄤ
礬石類,1,ㄈㄢˊ ㄕˊ ㄌㄟˋ
礱穀機,1,ㄌㄨㄥˊ ㄍㄨˇ ㄐㄧ
示範戶,1,ㄕˋ ㄈㄢˋ ㄏㄨˋ
社交舞,1,ㄕㄜˋ ㄐㄧㄠ ㄨˇ
祀灶日,1,ㄙˋ ㄗㄠˋ ㄖˋ
祁陽縣,1,ㄑㄧˊ ㄧㄤˊ ㄒㄧㄢˋ
祈年殿,1,ㄑㄧˊ ㄋㄧㄢˊ ㄉㄧㄢˋ
祕戲圖,1,ㄇㄧˋ ㄒㄧˋ ㄊㄨˊ
祕書監,1,ㄇㄧˋ ㄕㄨ ㄐㄧㄢˋ
祕書省,1,ㄇㄧˋ ㄕㄨ ㄕㄥˇ
祕雕魚,1,ㄇㄧˋ ㄉㄧㄠ ㄩˊ
祖母綠,1,ㄗㄨˇ ㄇㄨˇ ㄌㄩˋ
祖生鞭,1,ㄗㄨˇ ㄕㄥ ㄅㄧㄢ
祗候人,1,ㄓ ㄏㄡˋ ㄖㄣˊ
祛塵風,1,ㄑㄩ ㄔㄣˊ ㄈㄥ
祛痰劑,1,ㄑㄩ ㄊㄢˊ ㄐㄧˋ
祝允明,1,ㄓㄨˋ ㄩㄣˇ ㄇㄧㄥˊ
祝由科,1,ㄓㄨˋ ㄧㄡˊ ㄎㄜ
祝英臺,1,ㄓㄨˋ ㄧㄥ ㄊㄞˊ
神仙魚,1,ㄕㄣˊ ㄒㄧㄢ ㄩˊ
神經戰,1,ㄕㄣˊ ㄐㄧㄥ ㄓㄢˋ
神農獎,1,ㄕㄣˊ ㄋㄨㄥˊ ㄐㄧㄤˇ
神道碑,1,ㄕㄣˊ ㄉㄠˋ ㄅㄟ
祥雲縣,1,ㄒㄧㄤˊ ㄩㄣˊ ㄒㄧㄢˋ
票販子,1,ㄆㄧㄠˋ ㄈㄢˋ ㄗ˙
祭妹文,1,ㄐㄧˋ ㄇㄟˋ ㄨㄣˊ
祭弔文,1,ㄐㄧˋ ㄉㄧㄠˋ ㄨㄣˊ
祭灶神,1,ㄐㄧˋ ㄗㄠˋ ㄕㄣˊ
祭王爺,1,ㄐㄧˋ ㄨㄤˊ ㄧㄝˊ
禁不住,1,ㄐㄧㄣ ㄅㄨˋ ㄓㄨˋ
禁不得,1,ㄐㄧㄣ ㄅㄨˋ ㄉㄜ˙
禁製品,1,ㄐㄧㄣˋ ㄓˋ ㄆㄧㄣˇ
禍種頭,1,ㄏㄨㄛˋ ㄓㄨㄥˇ ㄊㄡˊ
福壽粥,1,ㄈㄨˊ ㄕㄡˋ ㄓㄡ
福壽膏,1,ㄈㄨˊ ㄕㄡˋ ㄍㄠ
福壽餅,1,ㄈㄨˊ ㄕㄡˋ ㄅㄧㄥˇ
福州戲,1,ㄈㄨˊ ㄓㄡ ㄒㄧˋ
福德粥,1,ㄈㄨˊ ㄉㄜˊ ㄓㄡ
福斯特,1,ㄈㄨˊ ㄙ ㄊㄜˋ
福田衣,1,ㄈㄨˊ ㄊㄧㄢˊ ㄧ
禮品書,1,ㄌㄧˇ ㄆㄧㄣˇ ㄕㄨ
禮器碑,1,ㄌㄧˇ ㄑㄧˋ ㄅㄟ
禮行貨,1,ㄌㄧˇ ㄒㄧㄥ˙ ㄏㄨㄛˋ
禮部試,1,ㄌㄧˇ ㄅㄨˋ ㄕˋ
禹王臺,1,ㄩˇ ㄨㄤˊ ㄊㄞˊ
禹餘糧,1,ㄩˇ ㄩˊ ㄌㄧㄤˊ
禽滑釐,1,ㄑㄧㄣˊ ㄍㄨˇ ㄌㄧˊ
禿歪剌,1,ㄊㄨ ㄨㄞ ㄌㄚˋ
禿禿裡,1,ㄊㄨ ㄊㄨ ㄌㄧˇ
禿科子,1,ㄊㄨ ㄎㄜ ㄗ˙
私心話,1,ㄙ ㄒㄧㄣ ㄏㄨㄚˋ
私房話,1,ㄙ ㄈㄤˊ ㄏㄨㄚˋ
私科子,1,ㄙ ㄎㄜ ㄗ˙
私窠子,1,ㄙ ㄎㄜ ㄗ˙
私窩子,1,ㄙ ㄨㄛ ㄗ˙
秉臺衡,1,ㄅㄧㄥˇ ㄊㄞˊ ㄏㄥˊ
秋分點,1,ㄑㄧㄡ ㄈㄣ ㄉㄧㄢˇ
秋牡丹,1,ㄑㄧㄡ ㄇㄨˇ ㄉㄢ
秋聲賦,1,ㄑㄧㄡ ㄕㄥ ㄈㄨˋ
秋莊稼,1,ㄑㄧㄡ ㄓㄨㄤ ㄐㄧㄚ˙
秋風辭,1,ㄑㄧㄡ ㄈㄥ ㄘˊ
种師中,1,ㄔㄨㄥˊ ㄕ ㄓㄨㄥ
种師道,1,ㄔㄨㄥˊ ㄕ ㄉㄠˋ
科布多,1,ㄎㄜ ㄅㄨˋ ㄉㄨㄛ
科斗文,1,ㄎㄜ ㄉㄡˇ ㄨㄣˊ
科斗書,1,ㄎㄜ ㄉㄡˇ ㄕㄨ
科爾沁,1,ㄎㄜ ㄦˇ ㄑㄧㄣˋ
秒差距,1,ㄇㄧㄠˇ ㄔㄚ ㄐㄩˋ
秤盤子,1,ㄔㄥˋ ㄆㄢˊ ㄗ˙
秦刻石,1,ㄑㄧㄣˊ ㄎㄜˋ ㄕˊ
秦叔寶,1,ㄑㄧㄣˊ ㄕㄨˊ ㄅㄠˇ
秦吉了,1,ㄑㄧㄣˊ ㄐㄧˊ ㄌㄧㄠˇ
秦孝公,1,ㄑㄧㄣˊ ㄒㄧㄠˋ ㄍㄨㄥ
秦少游,1,ㄑㄧㄣˊ ㄕㄠˋ ㄧㄡˊ
秦川女,1,ㄑㄧㄣˊ ㄔㄨㄢ ㄋㄩˇ
秦昭王,1,ㄑㄧㄣˊ ㄓㄠ ㄨㄤˊ
秦獻公,1,ㄑㄧㄣˊ ㄒㄧㄢˋ ㄍㄨㄥ
秦舞陽,1,ㄑㄧㄣˊ ㄨˇ ㄧㄤˊ
秦良玉,1,ㄑㄧㄣˊ ㄌㄧㄤˊ ㄩˋ
秦襄公,1,ㄑㄧㄣˊ ㄒㄧㄤ ㄍㄨㄥ
秦香蓮,1,ㄑㄧㄣˊ ㄒㄧㄤ ㄌㄧㄢˊ
秧歌劇,1,ㄧㄤ ㄍㄜ ㄐㄩˋ
移液管,1,ㄧˊ ㄧˋ ㄍㄨㄢˇ
稀巴爛,1,ㄒㄧ ㄅㄚ ㄌㄢˋ
稀釋劑,1,ㄒㄧ ㄕˋ ㄐㄧˋ
程元振,1,ㄔㄥˊ ㄩㄢˊ ㄓㄣˋ
程序圖,1,ㄔㄥˊ ㄒㄩˋ ㄊㄨˊ
程序法,1,ㄔㄥˊ ㄒㄩˋ ㄈㄚˇ
程式師,1,ㄔㄥˊ ㄕˋ ㄕ
程長庚,1,ㄔㄥˊ ㄔㄤˊ ㄍㄥ
程門雪,1,ㄔㄥˊ ㄇㄣˊ ㄒㄩㄝˇ
稗沙門,1,ㄅㄞˋ ㄕㄚ ㄇㄣˊ
稜柱體,1,ㄌㄥˊ ㄓㄨˋ ㄊㄧˇ
稜等登,1,ㄌㄥˊ ㄉㄥˇ ㄉㄥ
種源論,1,ㄓㄨㄥˇ ㄩㄢˊ ㄌㄨㄣˋ
種莊稼,1,ㄓㄨㄥˋ ㄓㄨㄤ ㄐㄧㄚ˙
稱謂錄,1,ㄔㄥ ㄨㄟˋ ㄌㄨˋ
稻粱謀,1,ㄉㄠˋ ㄌㄧㄤˊ ㄇㄡˊ
穀梁傳,1,ㄍㄨˇ ㄌㄧㄤˊ ㄓㄨㄢˋ
穀神星,1,ㄍㄨˇ ㄕㄣˊ ㄒㄧㄥ
穆思林,1,ㄇㄨˋ ㄙ ㄌㄧㄣˊ
穩定度,1,ㄨㄣˇ ㄉㄧㄥˋ ㄉㄨˋ
穩情取,1,ㄨㄣˇ ㄑㄧㄥˊ ㄑㄩˇ
穩拍拍,1,ㄨㄣˇ ㄆㄞ ㄆㄞ
穴診儀,1,ㄒㄩㄝˋ ㄓㄣˇ ㄧˊ
空口說,1,ㄎㄨㄥ ㄎㄡˇ ㄕㄨㄛ
空地稅,1,ㄎㄨㄥˋ ㄉㄧˋ ㄕㄨㄟˋ
空屋率,1,ㄎㄨㄥ ㄨ ㄌㄩˋ
空心幣,1,ㄎㄨㄥ ㄒㄧㄣ ㄅㄧˋ
空桐樹,1,ㄎㄨㄥ ㄊㄨㄥˊ ㄕㄨˋ
空桑子,1,ㄎㄨㄥ ㄙㄤ ㄗˇ
空氣機,1,ㄎㄨㄥ ㄑㄧˋ ㄐㄧ
空氣浴,1,ㄎㄨㄥ ㄑㄧˋ ㄩˋ
空氣錘,1,ㄎㄨㄥ ㄑㄧˋ ㄔㄨㄟˊ
空氣鎗,1,ㄎㄨㄥ ㄑㄧˋ ㄑㄧㄤ
空氣閥,1,ㄎㄨㄥ ㄑㄧˋ ㄈㄚˊ
空當子,1,ㄎㄨㄥˋ ㄉㄤˋ ㄗ˙
空白點,1,ㄎㄨㄥˋ ㄅㄞˊ ㄉㄧㄢˇ
空盪盪,1,ㄎㄨㄥ ㄉㄤˋ ㄉㄤˋ
空空兒,1,ㄎㄨㄥ ㄎㄨㄥ ㄦˊ
空翻多,1,ㄎㄨㄥ ㄈㄢ ㄉㄨㄛ
空腦子,1,ㄎㄨㄥ ㄋㄠˇ ㄗ˙
空興頭,1,ㄎㄨㄥ ㄒㄧㄥ ㄊㄡˊ
空落落,1,ㄎㄨㄥ ㄌㄨㄛˋ ㄌㄨㄛˋ
空藏瓶,1,ㄎㄨㄥ ㄘㄤˊ ㄆㄧㄥˊ
空調機,1,ㄎㄨㄥ ㄊㄧㄠˊ ㄐㄧ
空調症,1,ㄎㄨㄥ ㄊㄧㄠˊ ㄓㄥˋ
空鏡頭,1,ㄎㄨㄥ ㄐㄧㄥˋ ㄊㄡˊ
空間美,1,ㄎㄨㄥ ㄐㄧㄢ ㄇㄟˇ
空降兵,1,ㄎㄨㄥ ㄐㄧㄤˋ ㄅㄧㄥ
空頭事,1,ㄎㄨㄥ ㄊㄡ˙ ㄕˋ
空頭堡,1,ㄎㄨㄥ ㄊㄡ˙ ㄅㄠˇ
空頭情,1,ㄎㄨㄥ ㄊㄡ˙ ㄑㄧㄥˊ
空頭敕,1,ㄎㄨㄥˋ ㄊㄡˊ ㄔˋ
空頭禍,1,ㄎㄨㄥˋ ㄊㄡˊ ㄏㄨㄛˋ
空頭話,1,ㄎㄨㄥ ㄊㄡ˙ ㄏㄨㄚˋ
空頭謊,1,ㄎㄨㄥ ㄊㄡ˙ ㄏㄨㄤˇ
穿堂門,1,ㄔㄨㄢ ㄊㄤˊ ㄇㄣˊ
穿帶印,1,ㄔㄨㄢ ㄉㄞˋ ㄧㄣˋ
穿線裝,1,ㄔㄨㄢ ㄒㄧㄢˋ ㄓㄨㄤ
穿跟斗,1,ㄔㄨㄢ ㄍㄣ ㄉㄡˇ
突厥文,1,ㄊㄨˊ ㄐㄩㄝˊ ㄨㄣˊ
突破口,1,ㄊㄨˊ ㄆㄛˋ ㄎㄡˇ
突突的,1,ㄊㄨˊ ㄊㄨˊ ㄉㄜ˙
窄弓弓,1,ㄓㄞˇ ㄍㄨㄥ ㄍㄨㄥ
窄鱉鱉,1,ㄓㄞˇ ㄅㄧㄝ ㄅㄧㄝ
窗戶紙,1,ㄔㄨㄤ ㄏㄨ˙ ㄓˇ
窠羅圈,1,ㄎㄜ ㄌㄨㄛˊ ㄑㄩㄢ
窩囊廢,1,ㄨㄛ ㄋㄤ˙ ㄈㄟˋ
窩囊氣,1,ㄨㄛ ㄋㄤ˙ ㄑㄧˋ
窩心腳,1,ㄨㄛ ㄒㄧㄣ ㄐㄧㄠˇ
窩瞘眼,1,ㄨㄛ ㄎㄡ˙ ㄧㄢˇ
窩窩頭,1,ㄨㄛ ㄨㄛ˙ ㄊㄡˊ
窩脫銀,1,ㄨㄛ ㄊㄨㄛ ㄧㄣˊ
窩裡反,1,ㄨㄛ ㄌㄧ˙ ㄈㄢˇ
窩裡炮,1,ㄨㄛ ㄌㄧ˙ ㄆㄠˋ
窩裡翻,1,ㄨㄛ ㄌㄧˇ ㄈㄢ
窮到骨,1,ㄑㄩㄥˊ ㄉㄠˋ ㄍㄨˇ
窮巷士,1,ㄑㄩㄥˊ ㄒㄧㄤˋ ㄕˋ
窮措大,1,ㄑㄩㄥˊ ㄘㄨㄛˋ ㄉㄚˋ
窮滴滴,1,ㄑㄩㄥˊ ㄉㄧ ㄉㄧ
窯桶子,1,ㄧㄠˊ ㄊㄨㄥˇ ㄗ˙
窵遠子,1,ㄉㄧㄠˋ ㄩㄢˇ ㄗ˙
窶人子,1,ㄐㄩˋ ㄖㄣˊ ㄗˇ
竇太后,1,ㄉㄡˋ ㄊㄞˋ ㄏㄡˋ
竊占罪,1,ㄑㄧㄝˋ ㄓㄢˋ ㄗㄨㄟˋ
竊盜險,1,ㄑㄧㄝˋ ㄉㄠˋ ㄒㄧㄢˇ
立仗馬,1,ㄌㄧˋ ㄓㄤˋ ㄇㄚˇ
立功名,1,ㄌㄧˋ ㄍㄨㄥ ㄇㄧㄥˊ
立國號,1,ㄌㄧˋ ㄍㄨㄛˊ ㄏㄠˋ
立崖岸,1,ㄌㄧˋ ㄧㄞˊ ㄢˋ
立帳子,1,ㄌㄧˋ ㄓㄤˋ ㄗ˙
立欽欽,1,ㄌㄧˋ ㄑㄧㄣ ㄑㄧㄣ
立規矩,1,ㄌㄧˋ ㄍㄨㄟ ㄐㄩ˙
立足地,1,ㄌㄧˋ ㄗㄨˊ ㄉㄧˋ
立門戶,1,ㄌㄧˋ ㄇㄣˊ ㄏㄨˋ
立體派,1,ㄌㄧˋ ㄊㄧˇ ㄆㄞˋ
站不住,1,ㄓㄢˋ ㄅㄨˋ ㄓㄨˋ
站住腳,1,ㄓㄢˋ ㄓㄨˋ ㄐㄧㄠˇ
站櫃臺,1,ㄓㄢˋ ㄍㄨㄟˋ ㄊㄞˊ
站臺票,1,ㄓㄢˋ ㄊㄞˊ ㄆㄧㄠˋ
站衛兵,1,ㄓㄢˋ ㄨㄟˋ ㄅㄧㄥ
站門子,1,ㄓㄢˋ ㄇㄣˊ ㄗ˙
竟陵體,1,ㄐㄧㄥˋ ㄌㄧㄥˊ ㄊㄧˇ
章句儒,1,ㄓㄤ ㄐㄩˋ ㄖㄨˊ
章炳麟,1,ㄓㄤ ㄅㄧㄥˇ ㄌㄧㄣˊ
章臺柳,1,ㄓㄤ ㄊㄞˊ ㄌㄧㄡˇ
童天王,1,ㄊㄨㄥˊ ㄊㄧㄢ ㄨㄤˊ
童子癆,1,ㄊㄨㄥˊ ㄗˇ ㄌㄠˊ
童子試,1,ㄊㄨㄥˊ ㄗˇ ㄕˋ
童男女,1,ㄊㄨㄥˊ ㄋㄢˊ ㄋㄩˇ
童蒙訓,1,ㄊㄨㄥˊ ㄇㄥˊ ㄒㄩㄣˋ
童話劇,1,ㄊㄨㄥˊ ㄏㄨㄚˋ ㄐㄩˋ
端盤子,1,ㄉㄨㄢ ㄆㄢˊ ㄗ˙
竹地雷,1,ㄓㄨˊ ㄉㄧˋ ㄌㄟˊ
竹夫人,1,ㄓㄨˊ ㄈㄨ ㄖㄣˊ
竹夾膝,1,ㄓㄨˊ ㄐㄧㄚˊ ㄒㄧ
竹板書,1,ㄓㄨˊ ㄅㄢˇ ㄕㄨ
竹板歌,1,ㄓㄨˊ ㄅㄢˇ ㄍㄜ
竹竿舞,1,ㄓㄨˊ ㄍㄢ ㄨˇ
竹筒飯,1,ㄓㄨˊ ㄊㄨㄥˇ ㄈㄢˋ
竹筴魚,1,ㄓㄨˊ ㄐㄧㄚˊ ㄩˊ
竹節書,1,ㄓㄨˊ ㄐㄧㄝˊ ㄕㄨ
竹節蓼,1,ㄓㄨˊ ㄐㄧㄝˊ ㄌㄧㄠˇ
竹節蟲,1,ㄓㄨˊ ㄐㄧㄝˊ ㄔㄨㄥˊ
竹節鞭,1,ㄓㄨˊ ㄐㄧㄝˊ ㄅㄧㄢ
竹簡文,1,ㄓㄨˊ ㄐㄧㄢˇ ㄨㄣˊ
竹素園,1,ㄓㄨˊ ㄙㄨˋ ㄩㄢˊ
竹葉鰱,1,ㄓㄨˊ ㄧㄝˋ ㄌㄧㄢˊ
竹蜻蛉,1,ㄓㄨˊ ㄑㄧㄥ ㄌㄧㄥˊ
竹蜻蜓,1,ㄓㄨˊ ㄑㄧㄥ ㄊㄧㄥˊ
竹陀螺,1,ㄓㄨˊ ㄊㄨㄛˊ ㄌㄨㄛˊ
竺法蘭,1,ㄓㄨˊ ㄈㄚˇ ㄌㄢˊ
竺法護,1,ㄓㄨˊ ㄈㄚˇ ㄏㄨˋ
笆籬子,1,ㄅㄚ ㄌㄧˊ ㄗ˙
笑咍咍,1,ㄒㄧㄠˋ ㄏㄞ ㄏㄞ
笑迷迷,1,ㄒㄧㄠˋ ㄇㄧˊ ㄇㄧˊ
符節文,1,ㄈㄨˊ ㄐㄧㄝˊ ㄨㄣˊ
第一步,1,ㄉㄧˋ ㄧ ㄅㄨˋ
第一波,1,ㄉㄧˋ ㄧ ㄅㄛ
第一炮,1,ㄉㄧˋ ㄧ ㄆㄠˋ
第一版,1,ㄉㄧˋ ㄧ ㄅㄢˇ
第一眼,1,ㄉㄧˋ ㄧ ㄧㄢˇ
第一等,1,ㄉㄧˋ ㄧ ㄉㄥˇ
第一遭,1,ㄉㄧˋ ㄧ ㄗㄠ
第三地,1,ㄉㄧˋ ㄙㄢ ㄉㄧˋ
第二代,1,ㄉㄧˋ ㄦˋ ㄉㄞˋ
第二春,1,ㄉㄧˋ ㄦˋ ㄔㄨㄣ
第四審,1,ㄉㄧˋ ㄙˋ ㄕㄣˇ
第四臺,1,ㄉㄧˋ ㄙˋ ㄊㄞˊ
筆帖式,1,ㄅㄧˇ ㄊㄧㄝˇ ㄕˋ
筆記書,1,ㄅㄧˇ ㄐㄧˋ ㄕㄨ
筆陣圖,1,ㄅㄧˇ ㄓㄣˋ ㄊㄨˊ
筆龍膽,1,ㄅㄧˇ ㄌㄨㄥˊ ㄉㄢˇ
等不得,1,ㄉㄥˇ ㄅㄨˋ ㄉㄜˊ
等韻學,1,ㄉㄥˇ ㄩㄣˋ ㄒㄩㄝˊ
筋斗雲,1,ㄐㄧㄣ ㄉㄡˇ ㄩㄣˊ
筋膜炎,1,ㄐㄧㄣ ㄇㄛˋ ㄧㄢˊ
筋電圖,1,ㄐㄧㄣ ㄉㄧㄢˋ ㄊㄨˊ
答剌孫,1,ㄉㄚˊ ㄌㄚˋ ㄙㄨㄣ
答剌蘇,1,ㄉㄚˊ ㄌㄚˋ ㄙㄨ
答剌速,1,ㄉㄚˊ ㄌㄚˋ ㄙㄨˋ
答案卷,1,ㄉㄚˊ ㄢˋ ㄐㄩㄢˋ
筵席稅,1,ㄧㄢˊ ㄒㄧˊ ㄕㄨㄟˋ
箇舊縣,1,ㄍㄜˋ ㄐㄧㄡˋ ㄒㄧㄢˋ
算不了,1,ㄙㄨㄢˋ ㄅㄨ˙ ㄌㄧㄠˇ
算不得,1,ㄙㄨㄢˋ ㄅㄨ˙ ㄉㄜˊ
算什麼,1,ㄙㄨㄢˋ ㄕㄣˊ ㄇㄜ˙
算博士,1,ㄙㄨㄢˋ ㄅㄛˊ ㄕˋ
算盤珠,1,ㄙㄨㄢˋ ㄆㄢˊ ㄓㄨ
算總帳,1,ㄙㄨㄢˋ ㄗㄨㄥˇ ㄓㄤˋ
算舊帳,1,ㄙㄨㄢˋ ㄐㄧㄡˋ ㄓㄤˋ
算術和,1,ㄙㄨㄢˋ ㄕㄨˋ ㄏㄜˊ
算起來,1,ㄙㄨㄢˋ ㄑㄧ˙ ㄌㄞ˙
箜篌引,1,ㄎㄨㄥ ㄏㄡˊ ㄧㄣˇ
管不住,1,ㄍㄨㄢˇ ㄅㄨˋ ㄓㄨˋ
管制品,1,ㄍㄨㄢˇ ㄓˋ ㄆㄧㄣˇ
管城子,1,ㄍㄨㄢˇ ㄔㄥˊ ㄗˇ
管夫人,1,ㄍㄨㄢˇ ㄈㄨ ㄖㄣˊ
管夷吾,1,ㄍㄨㄢˇ ㄧˊ ㄨˊ
管色譜,1,ㄍㄨㄢˇ ㄙㄜˋ ㄆㄨˇ
管道昇,1,ㄍㄨㄢˇ ㄉㄠˋ ㄕㄥ
箭柄魚,1,ㄐㄧㄢˋ ㄅㄧㄥˇ ㄩˊ
箭靶子,1,ㄐㄧㄢˋ ㄅㄚˇ ㄗ˙
箱底錢,1,ㄒㄧㄤ ㄉㄧˇ ㄑㄧㄢˊ
節婦坊,1,ㄐㄧㄝˊ ㄈㄨˋ ㄈㄤ
節孢子,1,ㄐㄧㄝˊ ㄅㄠ ㄗˇ
節拍計,1,ㄐㄧㄝˊ ㄆㄞ ㄐㄧˋ
節略版,1,ㄐㄧㄝˊ ㄌㄩㄝˋ ㄅㄢˇ
節節高,1,ㄐㄧㄝˊ ㄐㄧㄝˊ ㄍㄠ
節骨眼,1,ㄐㄧㄝˊ ㄍㄨ˙ ㄧㄢˇ
篆愁君,1,ㄓㄨㄢˋ ㄔㄡˊ ㄐㄩㄣ
築底巷,1,ㄓㄨˊ ㄉㄧˇ ㄒㄧㄤˋ
篣婦公,1,ㄆㄥˊ ㄈㄨˋ ㄍㄨㄥ
篤簌簌,1,ㄉㄨˇ ㄙㄨˋ ㄙㄨˋ
篤速速,1,ㄉㄨˇ ㄙㄨˋ ㄙㄨˋ
簡化字,1,ㄐㄧㄢˇ ㄏㄨㄚˋ ㄗˋ
簡帛書,1,ㄐㄧㄢˇ ㄅㄛˊ ㄕㄨ
簡朝亮,1,ㄐㄧㄢˇ ㄔㄠˊ ㄌㄧㄤˋ
簡牘學,1,ㄐㄧㄢˇ ㄉㄨˊ ㄒㄩㄝˊ
簸箕掌,1,ㄅㄛˋ ㄐㄧ ㄓㄤˇ
簸箕甲,1,ㄅㄛˋ ㄐㄧ ㄐㄧㄚˇ
簸箕陣,1,ㄅㄛˋ ㄐㄧ ㄓㄣˋ
簽帳卡,1,ㄑㄧㄢ ㄓㄤˋ ㄎㄚˇ
簽押房,1,ㄑㄧㄢ ㄧㄚˊ ㄈㄤˊ
簿記學,1,ㄅㄨˋ ㄐㄧˋ ㄒㄩㄝˊ
米奇鼠,1,ㄇㄧˇ ㄑㄧˊ ㄕㄨˇ
米泔水,1,ㄇㄧˇ ㄍㄢ ㄕㄨㄟˇ
米苔目,1,ㄇㄧˇ ㄊㄞˊ ㄇㄨˋ
米襄陽,1,ㄇㄧˇ ㄒㄧㄤ ㄧㄤˊ
米高梅,1,ㄇㄧˇ ㄍㄠ ㄇㄟˊ
粉妝樓,1,ㄈㄣˇ ㄓㄨㄤ ㄌㄡˊ
粉籤子,1,ㄈㄣˇ ㄑㄧㄢ ㄗ˙
粉蒸肉,1,ㄈㄣˇ ㄓㄥ ㄖㄡˋ
粉骷髏,1,ㄈㄣˇ ㄎㄨ ㄌㄡˊ
粒變岩,1,ㄌㄧˋ ㄅㄧㄢˋ ㄧㄢˊ
粗滾滾,1,ㄘㄨ ㄍㄨㄣˇ ㄍㄨㄣˇ
粗肋草,1,ㄘㄨ ㄌㄜˋ ㄘㄠˇ
粗面岩,1,ㄘㄨ ㄇㄧㄢˋ ㄧㄢˊ
粘板岩,1,ㄋㄧㄢˊ ㄅㄢˇ ㄧㄢˊ
粟米草,1,ㄙㄨˋ ㄇㄧˇ ㄘㄠˇ
粥飯僧,1,ㄓㄡ ㄈㄢˋ ㄙㄥ
粵秀山,1,ㄩㄝˋ ㄒㄧㄡˋ ㄕㄢ
粽粑葉,1,ㄗㄨㄥˋ ㄅㄚ ㄧㄝˋ
精刊本,1,ㄐㄧㄥ ㄎㄢ ㄅㄣˇ
精忠旗,1,ㄐㄧㄥ ㄓㄨㄥ ㄑㄧˊ
精忠柏,1,ㄐㄧㄥ ㄓㄨㄥ ㄅㄛˊ
精抄本,1,ㄐㄧㄥ ㄔㄠ ㄅㄣˇ
精晃晃,1,ㄐㄧㄥ ㄏㄨㄤˇ ㄏㄨㄤˇ
精米機,1,ㄐㄧㄥ ㄇㄧˇ ㄐㄧ
精細胞,1,ㄐㄧㄥ ㄒㄧˋ ㄅㄠ
精英樹,1,ㄐㄧㄥ ㄧㄥ ㄕㄨˋ
精靈論,1,ㄐㄧㄥ ㄌㄧㄥˊ ㄌㄨㄣˋ
精靈鬼,1,ㄐㄧㄥ ㄌㄧㄥˊ ㄍㄨㄟˇ
精鳥賬,1,ㄐㄧㄥ ㄋㄧㄠˇ ㄓㄤˋ
糊假棺,1,ㄏㄨˊ ㄐㄧㄚˇ ㄍㄨㄢ
糊突神,1,ㄏㄨˊ ㄊㄨˊ ㄕㄣˊ
糊突突,1,ㄏㄨˊ ㄊㄨˊ ㄊㄨˊ
糊門神,1,ㄏㄨˊ ㄇㄣˊ ㄕㄣˊ
糕元寶,1,ㄍㄠ ㄩㄢˊ ㄅㄠˇ
糖苷類,1,ㄊㄤˊ ㄍㄢ ㄌㄟˋ
糖葫蘆,1,ㄊㄤˊ ㄏㄨˊ ㄌㄨ˙
糖蘿蔔,1,ㄊㄤˊ ㄌㄨㄛˊ ㄅㄛ˙
糙葉樹,1,ㄘㄠ ㄧㄝˋ ㄕㄨˋ
糜稜岩,1,ㄇㄧˊ ㄌㄥˊ ㄧㄢˊ
糞窖子,1,ㄈㄣˋ ㄐㄧㄠˋ ㄗ˙
糞箕子,1,ㄈㄣˋ ㄐㄧ ㄗ˙
糟糠妻,1,ㄗㄠ ㄎㄤ ㄑㄧ
糟豆腐,1,ㄗㄠ ㄉㄡˋ ㄈㄨ˙
糯米紙,1,ㄋㄨㄛˋ ㄇㄧˇ ㄓˇ
糯米腸,1,ㄋㄨㄛˋ ㄇㄧˇ ㄔㄤˊ
系列片,1,ㄒㄧˋ ㄌㄧㄝˋ ㄆㄧㄢˋ
系爭物,1,ㄒㄧˋ ㄓㄥ ㄨˋ
系統圖,1,ㄒㄧˋ ㄊㄨㄥˇ ㄊㄨˊ
糾正權,1,ㄐㄧㄡ ㄓㄥˋ ㄑㄩㄢˊ
糾舉權,1,ㄐㄧㄡ ㄐㄩˇ ㄑㄩㄢˊ
紀念塔,1,ㄐㄧˋ ㄋㄧㄢˋ ㄊㄚˇ
紀念幣,1,ㄐㄧˋ ㄋㄧㄢˋ ㄅㄧˋ
紀曉嵐,1,ㄐㄧˋ ㄒㄧㄠˇ ㄌㄢˊ
約克夏,1,ㄩㄝ ㄎㄜˋ ㄒㄧㄚˋ
約分數,1,ㄩㄝ ㄈㄣ ㄕㄨˋ
約拿書,1,ㄩㄝ ㄋㄚˊ ㄕㄨ
約瑟芬,1,ㄩㄝ ㄙㄜˋ ㄈㄣ
約翰牛,1,ㄩㄝ ㄏㄢˋ ㄋㄧㄡˊ
紅五類,1,ㄏㄨㄥˊ ㄨˇ ㄌㄟˋ
紅冬冬,1,ㄏㄨㄥˊ ㄉㄨㄥ ㄉㄨㄥ
紅包場,1,ㄏㄨㄥˊ ㄅㄠ ㄔㄤˊ
紅墨水,1,ㄏㄨㄥˊ ㄇㄛˋ ㄕㄨㄟˇ
紅姑娘,1,ㄏㄨㄥˊ ㄍㄨ ㄋㄧㄤ˙
紅孩兒,1,ㄏㄨㄥˊ ㄏㄞˊ ㄦˊ
紅將軍,1,ㄏㄨㄥˊ ㄐㄧㄤ ㄐㄩㄣ
紅拂記,1,ㄏㄨㄥˊ ㄈㄨˊ ㄐㄧˋ
紅撲撲,1,ㄏㄨㄥˊ ㄆㄨ ㄆㄨ
紅杉軍,1,ㄏㄨㄥˊ ㄕㄢ ㄐㄩㄣ
紅梅記,1,ㄏㄨㄥˊ ㄇㄟˊ ㄐㄧˋ
紅梨記,1,ㄏㄨㄥˊ ㄌㄧˊ ㄐㄧˋ
紅椅子,1,ㄏㄨㄥˊ ㄧˇ ㄗ˙
紅槍會,1,ㄏㄨㄥˊ ㄑㄧㄤ ㄏㄨㄟˋ
紅模子,1,ㄏㄨㄥˊ ㄇㄛˊ ㄗ˙
紅毛番,1,ㄏㄨㄥˊ ㄇㄠˊ ㄈㄢ
紅汞水,1,ㄏㄨㄥˊ ㄍㄨㄥˇ ㄕㄨㄟˇ
紅灼灼,1,ㄏㄨㄥˊ ㄓㄨㄛˊ ㄓㄨㄛˊ
紅牙板,1,ㄏㄨㄥˊ ㄧㄚˊ ㄅㄢˇ
紅白事,1,ㄏㄨㄥˊ ㄅㄞˊ ㄕˋ
紅眼病,1,ㄏㄨㄥˊ ㄧㄢˇ ㄅㄧㄥˋ
紅糯米,1,ㄏㄨㄥˊ ㄋㄨㄛˋ ㄇㄧˇ
紅納襖,1,ㄏㄨㄥˊ ㄋㄚˋ ㄠˇ
紅絲硯,1,ㄏㄨㄥˊ ㄙ ㄧㄢˋ
紅絲繩,1,ㄏㄨㄥˊ ㄙ ㄕㄥˊ
紅線傳,1,ㄏㄨㄥˊ ㄒㄧㄢˋ ㄓㄨㄢˋ
紅繡鞋,1,ㄏㄨㄥˊ ㄒㄧㄡˋ ㄒㄧㄝˊ
紅纓槍,1,ㄏㄨㄥˊ ㄧㄥ ㄑㄧㄤ
紅脣族,1,ㄏㄨㄥˊ ㄔㄨㄣˊ ㄗㄨˊ
紅腳笭,1,ㄏㄨㄥˊ ㄐㄧㄠˇ ㄌㄧㄥˊ
紅與黑,1,ㄏㄨㄥˊ ㄩˇ ㄏㄟ
紅茄苳,1,ㄏㄨㄥˊ ㄐㄧㄚ ㄉㄨㄥ
紅豔豔,1,ㄏㄨㄥˊ ㄧㄢˋ ㄧㄢˋ
紅躑躅,1,ㄏㄨㄥˊ ㄓˊ ㄓㄨˊ
紅露酒,1,ㄏㄨㄥˊ ㄌㄨˋ ㄐㄧㄡˇ
紅頂子,1,ㄏㄨㄥˊ ㄉㄧㄥˇ ㄗ˙
紅頭子,1,ㄏㄨㄥˊ ㄊㄡˊ ㄗ˙
紅頭蠅,1,ㄏㄨㄥˊ ㄊㄡˊ ㄧㄥˊ
紅黑帽,1,ㄏㄨㄥˊ ㄏㄟ ㄇㄠˋ
紇刺星,1,ㄍㄜ ㄘˋ ㄒㄧㄥ
紇剌星,1,ㄍㄜ ㄌㄚ ㄒㄧㄥ
紈綺年,1,ㄨㄢˊ ㄑㄧˇ ㄋㄧㄢˊ
納命來,1,ㄋㄚˋ ㄇㄧㄥˋ ㄌㄞˊ
納敗缺,1,ㄋㄚˋ ㄅㄞˋ ㄑㄩㄝ
納西族,1,ㄋㄚˋ ㄒㄧ ㄗㄨˊ
納西語,1,ㄋㄚˋ ㄒㄧ ㄩˇ
納鞋底,1,ㄋㄚˋ ㄒㄧㄝˊ ㄉㄧˇ
納骨塔,1,ㄋㄚˋ ㄍㄨˇ ㄊㄚˇ
純所得,1,ㄔㄨㄣˊ ㄙㄨㄛˇ ㄉㄜˊ
純水機,1,ㄔㄨㄣˊ ㄕㄨㄟˇ ㄐㄧ
純物質,1,ㄔㄨㄣˊ ㄨˋ ㄓˊ
紗包線,1,ㄕㄚ ㄅㄠ ㄒㄧㄢˋ
紙半張,1,ㄓˇ ㄅㄢˋ ㄓㄤ
紙尿布,1,ㄓˇ ㄋㄧㄠˋ ㄅㄨˋ
紙尿片,1,ㄓˇ ㄋㄧㄠˋ ㄆㄧㄢˋ
紙楣子,1,ㄓˇ ㄇㄟˊ ㄗ˙
紙煤子,1,ㄓˇ ㄇㄟˊ ㄗ˙
紙糊頭,1,ㄓˇ ㄏㄨˊ ㄊㄡ˙
紙紮店,1,ㄓˇ ㄓㄚˊ ㄉㄧㄢˋ
紙蝴蝶,1,ㄓˇ ㄏㄨˊ ㄉㄧㄝˊ
紙飯碗,1,ㄓˇ ㄈㄢˋ ㄨㄢˇ
紙馬鋪,1,ㄓˇ ㄇㄚˇ ㄆㄨˋ
紙黏土,1,ㄓˇ ㄋㄧㄢˊ ㄊㄨˇ
級任制,1,ㄐㄧˊ ㄖㄣˋ ㄓˋ
紛如煙,1,ㄈㄣ ㄖㄨˊ ㄧㄢ
素女弦,1,ㄙㄨˋ ㄋㄩˇ ㄒㄧㄢˊ
素女弦,1,ㄙㄨˋ ㄋㄩˇ ㄒㄩㄢˊ
素心蘭,1,ㄙㄨˋ ㄒㄧㄣ ㄌㄢˊ
素絲變,1,ㄙㄨˋ ㄙ ㄅㄧㄢˋ
紡棉花,1,ㄈㄤˇ ㄇㄧㄢˊ ㄏㄨㄚ
紡績器,1,ㄈㄤˇ ㄐㄧ ㄑㄧˋ
紡錘蟲,1,ㄈㄤˇ ㄔㄨㄟˊ ㄔㄨㄥˊ
紡錘體,1,ㄈㄤˇ ㄔㄨㄟˊ ㄊㄧˇ
索強如,1,ㄙㄨㄛˇ ㄑㄧㄤˊ ㄖㄨˊ
索頭虜,1,ㄙㄨㄛˇ ㄊㄡˊ ㄌㄨˇ
紫式部,1,ㄗˇ ㄕˋ ㄅㄨˋ
紫斑病,1,ㄗˇ ㄅㄢ ㄅㄧㄥˋ
紫泥封,1,ㄗˇ ㄋㄧˊ ㄈㄥ
紫玉釵,1,ㄗˇ ㄩˋ ㄔㄞ
紫砂器,1,ㄗˇ ㄕㄚ ㄑㄧˋ
紫砂陶,1,ㄗˇ ㄕㄚ ㄊㄠˊ
紫背草,1,ㄗˇ ㄅㄟˋ ㄘㄠˇ
紫茉莉,1,ㄗˇ ㄇㄛˋ ㄌㄧˋ
紫荊花,1,ㄗˇ ㄐㄧㄥ ㄏㄨㄚ
紫荊關,1,ㄗˇ ㄐㄧㄥ ㄍㄨㄢ
紫金牛,1,ㄗˇ ㄐㄧㄣ ㄋㄧㄡˊ
紫釵記,1,ㄗˇ ㄔㄞ ㄐㄧˋ
紫雲鄉,1,ㄗˇ ㄩㄣˊ ㄒㄧㄤ
累七齋,1,ㄌㄟˇ ㄑㄧ ㄓㄞ
累增字,1,ㄌㄟˇ ㄗㄥ ㄗˋ
累得慌,1,ㄌㄟˋ ㄉㄜ˙ ㄏㄨㄤ˙
細密畫,1,ㄒㄧˋ ㄇㄧˋ ㄏㄨㄚˋ
細探人,1,ㄒㄧˋ ㄊㄢˋ ㄖㄣˊ
細柳營,1,ㄒㄧˋ ㄌㄧㄡˇ ㄧㄥˊ
細毛藻,1,ㄒㄧˋ ㄇㄠˊ ㄗㄠˇ
細石器,1,ㄒㄧˋ ㄕˊ ㄑㄧˋ
細腰蜂,1,ㄒㄧˋ ㄧㄠ ㄈㄥ
細裊裊,1,ㄒㄧˋ ㄋㄧㄠˇ ㄋㄧㄠˇ
紹興縣,1,ㄕㄠˋ ㄒㄧㄥ ㄒㄧㄢˋ
終不成,1,ㄓㄨㄥ ㄅㄨˋ ㄔㄥˊ
終宿主,1,ㄓㄨㄥ ㄙㄨˋ ㄓㄨˇ
組合式,1,ㄗㄨˇ ㄏㄜˊ ㄕˋ
組合菜,1,ㄗㄨˇ ㄏㄜˊ ㄘㄞˋ
絆馬坑,1,ㄅㄢˋ ㄇㄚˇ ㄎㄥ
絆馬索,1,ㄅㄢˋ ㄇㄚˇ ㄙㄨㄛˇ
結不解,1,ㄐㄧㄝˊ ㄅㄨˋ ㄐㄧㄝˇ
結合線,1,ㄐㄧㄝˊ ㄏㄜˊ ㄒㄧㄢˋ
結合韻,1,ㄐㄧㄝˊ ㄏㄜˊ ㄩㄣˋ
結壽緣,1,ㄐㄧㄝˊ ㄕㄡˋ ㄩㄢˊ
結大義,1,ㄐㄧㄝˊ ㄉㄚˋ ㄧˋ
結巴子,1,ㄐㄧㄝ ㄅㄚ ㄗ˙
結帳日,1,ㄐㄧㄝˊ ㄓㄤˋ ㄖˋ
結晶岩,1,ㄐㄧㄝˊ ㄐㄧㄥ ㄧㄢˊ
結果論,1,ㄐㄧㄝˊ ㄍㄨㄛˇ ㄌㄨㄣˋ
結梁子,1,ㄐㄧㄝˊ ㄌㄧㄤˊ ㄗ˙
結絲蘿,1,ㄐㄧㄝˊ ㄙ ㄌㄨㄛˊ
結線頭,1,ㄐㄧㄝˊ ㄒㄧㄢˋ ㄊㄡˊ
結縷草,1,ㄐㄧㄝˊ ㄌㄩˇ ㄘㄠˇ
結膜炎,1,ㄐㄧㄝˊ ㄇㄛˋ ㄧㄢˊ
結連理,1,ㄐㄧㄝˊ ㄌㄧㄢˊ ㄌㄧˇ
結金蘭,1,ㄐㄧㄝˊ ㄐㄧㄣ ㄌㄢˊ
結髮人,1,ㄐㄧㄝˊ ㄈㄚˇ ㄖㄣˊ
絕命詞,1,ㄐㄩㄝˊ ㄇㄧㄥˋ ㄘˊ
絕對論,1,ㄐㄩㄝˊ ㄉㄨㄟˋ ㄌㄨㄣˋ
絕後患,1,ㄐㄩㄝˊ ㄏㄡˋ ㄏㄨㄢˋ
絕後計,1,ㄐㄩㄝˊ ㄏㄡˋ ㄐㄧˋ
絕戶計,1,ㄐㄩㄝˊ ㄏㄨˋ ㄐㄧˋ
絕韋編,1,ㄐㄩㄝˊ ㄨㄟˊ ㄅㄧㄢ
絕頂天,1,ㄐㄩㄝˊ ㄉㄧㄥˇ ㄊㄧㄢ
絞包針,1,ㄐㄧㄠˇ ㄅㄠ ㄓㄣ
絞腸痧,1,ㄐㄧㄠˇ ㄔㄤˊ ㄕㄚ
絡腮鬍,1,ㄌㄨㄛˋ ㄙㄞ ㄏㄨˊ
給事中,1,ㄐㄧˇ ㄕˋ ㄓㄨㄥ
絨頭繩,1,ㄖㄨㄥˊ ㄊㄡˊ ㄕㄥˊ
統帥權,1,ㄊㄨㄥˇ ㄕㄨㄞˋ ㄑㄩㄢˊ
絲光棉,1,ㄙ ㄍㄨㄤ ㄇㄧㄢˊ
絲包線,1,ㄙ ㄅㄠ ㄒㄧㄢˋ
絲瓜絡,1,ㄙ ㄍㄨㄚ ㄌㄠˋ
絲竹樂,1,ㄙ ㄓㄨˊ ㄩㄝˋ
絲蟲病,1,ㄙ ㄔㄨㄥˊ ㄅㄧㄥˋ
綏來縣,1,ㄙㄨㄟ ㄌㄞˊ ㄒㄧㄢˋ
綏芬河,1,ㄙㄨㄟ ㄈㄣ ㄏㄜˊ
經史笥,1,ㄐㄧㄥ ㄕˇ ㄙˋ
經常費,1,ㄐㄧㄥ ㄔㄤˊ ㄈㄟˋ
經廠本,1,ㄐㄧㄥ ㄔㄤˇ ㄅㄣˇ
經摺裝,1,ㄐㄧㄥ ㄓㄜˊ ㄓㄨㄤ
經石峪,1,ㄐㄧㄥ ㄕˊ ㄩˋ
經線儀,1,ㄐㄧㄥ ㄒㄧㄢˋ ㄧˊ
經義考,1,ㄐㄧㄥ ㄧˋ ㄎㄠˇ
經驗論,1,ㄐㄧㄥ ㄧㄢˋ ㄌㄨㄣˋ
綜合語,1,ㄗㄨㄥˋ ㄏㄜˊ ㄩˇ
綜藝團,1,ㄗㄨㄥˋ ㄧˋ ㄊㄨㄢˊ
綠內障,1,ㄌㄩˋ ㄋㄟˋ ㄓㄤˋ
綠旗兵,1,ㄌㄩˋ ㄑㄧˊ ㄅㄧㄥ
綠松石,1,ㄌㄩˋ ㄙㄨㄥ ㄕˊ
綠林兵,1,ㄌㄩˋ ㄌㄧㄣˊ ㄅㄧㄥ
綠柱石,1,ㄌㄩˋ ㄓㄨˋ ㄕˊ
綠椿象,1,ㄌㄩˋ ㄔㄨㄣ ㄒㄧㄤˋ
綠泥石,1,ㄌㄩˋ ㄋㄧˊ ㄕˊ
綠玉杖,1,ㄌㄩˋ ㄩˋ ㄓㄤˋ
綠珊瑚,1,ㄌㄩˋ ㄕㄢ ㄏㄨˊ
綠皮層,1,ㄌㄩˋ ㄆㄧˊ ㄘㄥˊ
綠竹筍,1,ㄌㄩˋ ㄓㄨˊ ㄙㄨㄣˇ
綠豆蠅,1,ㄌㄩˋ ㄉㄡˋ ㄧㄥˊ
綠釉陶,1,ㄌㄩˋ ㄧㄡˋ ㄊㄠˊ
綠頭巾,1,ㄌㄩˋ ㄊㄡˊ ㄐㄧㄣ
綠頭鴨,1,ㄌㄩˋ ㄊㄡˊ ㄧㄚ
綢紋紙,1,ㄔㄡˊ ㄨㄣˊ ㄓˇ
綬帶鳥,1,ㄕㄡˋ ㄉㄞˋ ㄋㄧㄠˇ
維京人,1,ㄨㄟˊ ㄐㄧㄥ ㄖㄣˊ
維多米,1,ㄨㄟˊ ㄉㄨㄛ ㄇㄧˇ
維摩經,1,ㄨㄟˊ ㄇㄛˊ ㄐㄧㄥ
維摩詰,1,ㄨㄟˊ ㄇㄛˊ ㄐㄧㄝˊ
網傘菌,1,ㄨㄤˇ ㄙㄢˇ ㄐㄩㄣˋ
網水綿,1,ㄨㄤˇ ㄕㄨㄟˇ ㄇㄧㄢˊ
網漁業,1,ㄨㄤˇ ㄩˊ ㄧㄝˋ
網球肘,1,ㄨㄤˇ ㄑㄧㄡˊ ㄓㄡˇ
網目版,1,ㄨㄤˇ ㄇㄨˋ ㄅㄢˇ
網路信,1,ㄨㄤˇ ㄌㄨˋ ㄒㄧㄣˋ
網路化,1,ㄨㄤˇ ㄌㄨˋ ㄏㄨㄚˋ
網路書,1,ㄨㄤˇ ㄌㄨˋ ㄕㄨ
綴白裘,1,ㄓㄨㄟˋ ㄅㄞˊ ㄑㄧㄡˊ
綵牌樓,1,ㄘㄞˇ ㄆㄞˊ ㄌㄡ˙
綺羅香,1,ㄑㄧˇ ㄌㄨㄛˊ ㄒㄧㄤ
綽板婆,1,ㄔㄨㄛˋ ㄅㄢˇ ㄆㄛˊ
綽酒座,1,ㄔㄨㄛˋ ㄐㄧㄡˇ ㄗㄨㄛˋ
綿花嘴,1,ㄇㄧㄢˊ ㄏㄨㄚ ㄗㄨㄟˇ
綿裡針,1,ㄇㄧㄢˊ ㄌㄧˇ ㄓㄣ
緊不緊,1,ㄐㄧㄣˇ ㄅㄨˋ ㄐㄧㄣˇ
緊包程,1,ㄐㄧㄣˇ ㄅㄠ ㄔㄥˊ
緊壓茶,1,ㄐㄧㄣˇ ㄧㄚ ㄔㄚˊ
緊巴巴,1,ㄐㄧㄣˇ ㄅㄚ ㄅㄚ
緊張病,1,ㄐㄧㄣˇ ㄓㄤ ㄅㄧㄥˋ
緊用項,1,ㄐㄧㄣˇ ㄩㄥˋ ㄒㄧㄤˋ
緊綁綁,1,ㄐㄧㄣˇ ㄅㄤˇ ㄅㄤˇ
緊要處,1,ㄐㄧㄣˇ ㄧㄠˋ ㄔㄨˋ
緊身褡,1,ㄐㄧㄣˇ ㄕㄣ ㄉㄚ
緊追權,1,ㄐㄧㄣˇ ㄓㄨㄟ ㄑㄩㄢˊ
緊關裡,1,ㄐㄧㄣˇ ㄍㄨㄢ ㄌㄧˇ
緋綠社,1,ㄈㄟ ㄌㄩˋ ㄕㄜˋ
緋衲襖,1,ㄈㄟ ㄋㄚˋ ㄠˇ
緘默權,1,ㄐㄧㄢ ㄇㄛˋ ㄑㄩㄢˊ
線圖譜,1,ㄒㄧㄢˋ ㄊㄨˊ ㄆㄨˇ
線坯子,1,ㄒㄧㄢˋ ㄆㄟ ㄗ˙
線描法,1,ㄒㄧㄢˋ ㄇㄧㄠˊ ㄈㄚˇ
線桄子,1,ㄒㄧㄢˋ ㄍㄨㄤˋ ㄗ˙
線鋸機,1,ㄒㄧㄢˋ ㄐㄩˋ ㄐㄧ
緣椿象,1,ㄩㄢˊ ㄔㄨㄣ ㄒㄧㄤˋ
編輯人,1,ㄅㄧㄢ ㄐㄧˊ ㄖㄣˊ
緩一步,1,ㄏㄨㄢˇ ㄧ ㄅㄨˋ
練家子,1,ㄌㄧㄢˋ ㄐㄧㄚ ㄗ˙
練把式,1,ㄌㄧㄢˋ ㄅㄚˇ ㄕ˙
練習生,1,ㄌㄧㄢˋ ㄒㄧˊ ㄕㄥ
練習紙,1,ㄌㄧㄢˋ ㄒㄧˊ ㄓˇ
練聲曲,1,ㄌㄧㄢˋ ㄕㄥ ㄑㄩˇ
縛虎手,1,ㄈㄨˊ ㄏㄨˇ ㄕㄡˇ
縮圖器,1,ㄙㄨㄛ ㄊㄨˊ ㄑㄧˋ
縮砂蔤,1,ㄙㄨˋ ㄕㄚ ㄇㄧˋ
縱切面,1,ㄗㄨㄥ ㄑㄧㄝ ㄇㄧㄢˋ
縱剖面,1,ㄗㄨㄥ ㄆㄡˇ ㄇㄧㄢˋ
縱壑魚,1,ㄗㄨㄥˋ ㄏㄨㄛˋ ㄩˊ
縱貫線,1,ㄗㄨㄥ ㄍㄨㄢˋ ㄒㄧㄢˋ
縱黍尺,1,ㄗㄨㄥ ㄕㄨˇ ㄔˇ
縵襠褲,1,ㄇㄢˋ ㄉㄤ ㄎㄨˋ
繃場面,1,ㄅㄥ ㄔㄤˊ ㄇㄧㄢˋ
織布娘,1,ㄓ ㄅㄨˋ ㄋㄧㄤˊ
織錦緞,1,ㄓ ㄐㄧㄣˇ ㄉㄨㄢˋ
繞彎子,1,ㄖㄠˋ ㄨㄢ ㄗ˙
繡墩草,1,ㄒㄧㄡˋ ㄉㄨㄣ ㄘㄠˇ
繡球花,1,ㄒㄧㄡˋ ㄑㄧㄡˊ ㄏㄨㄚ
繡荷包,1,ㄒㄧㄡˋ ㄏㄜˊ ㄅㄠ
繡襦記,1,ㄒㄧㄡˋ ㄖㄨˊ ㄐㄧˋ
繪圖儀,1,ㄏㄨㄟˋ ㄊㄨˊ ㄧˊ
繪彩陶,1,ㄏㄨㄟˋ ㄘㄞˇ ㄊㄠˊ
繫船樁,1,ㄒㄧˋ ㄔㄨㄢˊ ㄓㄨㄤ
繭纖維,1,ㄐㄧㄢˇ ㄒㄧㄢ ㄨㄟˊ
繳學費,1,ㄐㄧㄠˇ ㄒㄩㄝˊ ㄈㄟˋ
繼承法,1,ㄐㄧˋ ㄔㄥˊ ㄈㄚˇ
續弦膠,1,ㄒㄩˋ ㄒㄧㄢˊ ㄐㄧㄠ
續書譜,1,ㄒㄩˋ ㄕㄨ ㄆㄨˇ
續漢書,1,ㄒㄩˋ ㄏㄢˋ ㄕㄨ
續航器,1,ㄒㄩˋ ㄏㄤˊ ㄑㄧˋ
續通典,1,ㄒㄩˋ ㄊㄨㄥ ㄉㄧㄢˇ
續通志,1,ㄒㄩˋ ㄊㄨㄥ ㄓˋ
續隨子,1,ㄒㄩˋ ㄙㄨㄟˊ ㄗˇ
纏臂金,1,ㄔㄢˊ ㄅㄧˋ ㄐㄧㄣ
纓尾目,1,ㄧㄥ ㄨㄟˇ ㄇㄨˋ
纖細畫,1,ㄒㄧㄢ ㄒㄧˋ ㄏㄨㄚˋ
纖維鏡,1,ㄒㄧㄢ ㄨㄟˊ ㄐㄧㄥˋ
缸面酒,1,ㄍㄤ ㄇㄧㄢˋ ㄐㄧㄡˇ
缺一腳,1,ㄑㄩㄝ ㄧ ㄐㄧㄠˇ
缺氧症,1,ㄑㄩㄝ ㄧㄤˇ ㄓㄥˋ
缽盂頭,1,ㄅㄛ ㄩˊ ㄊㄡˊ
罌子桐,1,ㄧㄥ ㄗˇ ㄊㄨㄥˊ
罐子玉,1,ㄍㄨㄢˋ ㄗ˙ ㄩˋ
罟罟冠,1,ㄍㄨˇ ㄍㄨˇ ㄍㄨㄢ
罩不住,1,ㄓㄠˋ ㄅㄨ˙ ㄓㄨˋ
罩得住,1,ㄓㄠˋ ㄉㄜ˙ ㄓㄨˋ
罪己詔,1,ㄗㄨㄟˋ ㄐㄧˇ ㄓㄠˋ
罪與罰,1,ㄗㄨㄟˋ ㄩˇ ㄈㄚˊ
罰東道,1,ㄈㄚˊ ㄉㄨㄥ ㄉㄠˋ
罵山門,1,ㄇㄚˋ ㄕㄢ ㄇㄣˊ
羅剎國,1,ㄌㄨㄛˊ ㄔㄚˋ ㄍㄨㄛˊ
羅剎女,1,ㄌㄨㄛˊ ㄔㄚˋ ㄋㄩˇ
羅圈腿,1,ㄌㄨㄛˊ ㄑㄩㄢ ㄊㄨㄟˇ
羅塞提,1,ㄌㄨㄛˊ ㄙㄞˋ ㄊㄧˊ
羅家倫,1,ㄌㄨㄛˊ ㄐㄧㄚ ㄌㄨㄣˊ
羅常培,1,ㄌㄨㄛˊ ㄔㄤˊ ㄆㄟˊ
羅振玉,1,ㄌㄨㄛˊ ㄓㄣˋ ㄩˋ
羅望子,1,ㄌㄨㄛˊ ㄨㄤˋ ㄗˇ
羅東鎮,1,ㄌㄨㄛˊ ㄉㄨㄥ ㄓㄣˋ
羅浮夢,1,ㄌㄨㄛˊ ㄈㄨˊ ㄇㄥˋ
羅浮山,1,ㄌㄨㄛˊ ㄈㄨˊ ㄕㄢ
羅漢松,1,ㄌㄨㄛˊ ㄏㄢˋ ㄙㄨㄥ
羅漢果,1,ㄌㄨㄛˊ ㄏㄢˋ ㄍㄨㄛˇ
羅漢柏,1,ㄌㄨㄛˊ ㄏㄢˋ ㄅㄛˊ
羅漢腳,1,ㄌㄨㄛˊ ㄏㄢˋ ㄐㄧㄠˇ
羅漢菜,1,ㄌㄨㄛˊ ㄏㄢˋ ㄘㄞˋ
羅盤儀,1,ㄌㄨㄛˊ ㄆㄢˊ ㄧˊ
羅盤座,1,ㄌㄨㄛˊ ㄆㄢˊ ㄗㄨㄛˋ
羅真人,1,ㄌㄨㄛˊ ㄓㄣ ㄖㄣˊ
羅睺羅,1,ㄌㄨㄛˊ ㄏㄡˊ ㄌㄨㄛˊ
羅祖教,1,ㄌㄨㄛˊ ㄗㄨˇ ㄐㄧㄠˋ
羅福星,1,ㄌㄨㄛˊ ㄈㄨˊ ㄒㄧㄥ
羅耀拉,1,ㄌㄨㄛˊ ㄧㄠˋ ㄌㄚ
羅鍋橋,1,ㄌㄨㄛˊ ㄍㄨㄛ ㄑㄧㄠˊ
羅雀門,1,ㄌㄨㄛˊ ㄑㄩㄝˋ ㄇㄣˊ
羊公鶴,1,ㄧㄤˊ ㄍㄨㄥ ㄏㄜˋ
羊布婚,1,ㄧㄤˊ ㄅㄨˋ ㄏㄨㄣ
羊帶來,1,ㄧㄤˊ ㄉㄞˋ ㄌㄞˊ
羊栖菜,1,ㄧㄤˊ ㄒㄧ ㄘㄞˋ
羊毛猴,1,ㄧㄤˊ ㄇㄠˊ ㄏㄡˊ
羊毛疔,1,ㄧㄤˊ ㄇㄠˊ ㄉㄧㄥ
羊羔利,1,ㄧㄤˊ ㄍㄠ ㄌㄧˋ
羊羔酒,1,ㄧㄤˊ ㄍㄠ ㄐㄧㄡˇ
羊肚蕈,1,ㄧㄤˊ ㄉㄨˇ ㄒㄩㄣˋ
羊背石,1,ㄧㄤˊ ㄅㄟˋ ㄕˊ
羊胛熟,1,ㄧㄤˊ ㄐㄧㄚˇ ㄕㄨˊ
羊脂玉,1,ㄧㄤˊ ㄓ ㄩˋ
羊脂白,1,ㄧㄤˊ ㄓ ㄅㄞˊ
羊腸路,1,ㄧㄤˊ ㄔㄤˊ ㄌㄨˋ
羊膜類,1,ㄧㄤˊ ㄇㄛˋ ㄌㄟˋ
羊角哀,1,ㄧㄤˊ ㄐㄧㄠˇ ㄞ
羊蹄甲,1,ㄧㄤˊ ㄊㄧˊ ㄐㄧㄚˇ
羊躑躅,1,ㄧㄤˊ ㄓˊ ㄓㄨˊ
羊霜腸,1,ㄧㄤˊ ㄕㄨㄤ ㄔㄤ˙
羊馬城,1,ㄧㄤˊ ㄇㄚˇ ㄔㄥˊ
羊鬚瘡,1,ㄧㄤˊ ㄒㄩ ㄔㄨㄤ
羊鬚瘡,1,ㄧㄤˊ ㄒㄩ ㄘㄤ
美人局,1,ㄇㄟˇ ㄖㄣˊ ㄐㄩˊ
美人拳,1,ㄇㄟˇ ㄖㄣˊ ㄑㄩㄢˊ
美人樹,1,ㄇㄟˇ ㄖㄣˊ ㄕㄨˋ
美人癆,1,ㄇㄟˇ ㄖㄣˊ ㄌㄠˊ
美人蕉,1,ㄇㄟˇ ㄖㄣˊ ㄐㄧㄠ
美國佬,1,ㄇㄟˇ ㄍㄨㄛˊ ㄌㄠˇ
美女篇,1,ㄇㄟˇ ㄋㄩˇ ㄆㄧㄢ
美嬌娘,1,ㄇㄟˇ ㄐㄧㄠ ㄋㄧㄤˊ
美孚油,1,ㄇㄟˇ ㄈㄨˊ ㄧㄡˊ
美孚燈,1,ㄇㄟˇ ㄈㄨˊ ㄉㄥ
美甘甘,1,ㄇㄟˇ ㄍㄢ ㄍㄢ
美眷姻,1,ㄇㄟˇ ㄐㄩㄢˋ ㄧㄣ
美耐板,1,ㄇㄟˇ ㄋㄞˋ ㄅㄢˇ
美耐皿,1,ㄇㄟˇ ㄋㄞˋ ㄇㄧㄣˇ
美蒂雅,1,ㄇㄟˇ ㄉㄧˋ ㄧㄚˇ
美術燈,1,ㄇㄟˇ ㄕㄨˋ ㄉㄥ
美術節,1,ㄇㄟˇ ㄕㄨˋ ㄐㄧㄝˊ
美食家,1,ㄇㄟˇ ㄕˊ ㄐㄧㄚ
羞怯怯,1,ㄒㄧㄡ ㄑㄩㄝˋ ㄑㄩㄝˋ
群芳譜,1,ㄑㄩㄣˊ ㄈㄤ ㄆㄨˇ
羽扇豆,1,ㄩˇ ㄕㄢˋ ㄉㄡˋ
羽毛衣,1,ㄩˇ ㄇㄠˊ ㄧ
翁同龢,1,ㄨㄥ ㄊㄨㄥˊ ㄏㄜˊ
翅膀硬,1,ㄔˋ ㄅㄤˇ ㄧㄥˋ
翎毛畫,1,ㄌㄧㄥˊ ㄇㄠˊ ㄏㄨㄚˋ
翟子悲,1,ㄉㄧˊ ㄗˇ ㄅㄟ
翠微山,1,ㄘㄨㄟˋ ㄨㄟˊ ㄕㄢ
翠玉婚,1,ㄘㄨㄟˋ ㄩˋ ㄏㄨㄣ
翠生生,1,ㄘㄨㄟˋ ㄕㄥ ㄕㄥ
翠雲裘,1,ㄘㄨㄟˋ ㄩㄣˊ ㄑㄧㄡˊ
翡翠衾,1,ㄈㄟˇ ㄘㄨㄟˋ ㄑㄧㄣ
翦截鋪,1,ㄐㄧㄢˇ ㄐㄧㄝˊ ㄆㄨˋ
翰墨志,1,ㄏㄢˋ ㄇㄛˋ ㄓˋ
翹尾巴,1,ㄑㄧㄠˋ ㄧˇ ㄅㄚ
翹舌音,1,ㄑㄧㄠˊ ㄕㄜˊ ㄧㄣ
翻兩番,1,ㄈㄢ ㄌㄧㄤˇ ㄈㄢ
翻刻本,1,ㄈㄢ ㄎㄜ ㄅㄣˇ
翻梯子,1,ㄈㄢ ㄊㄧ ㄗ˙
翻滾滾,1,ㄈㄢ ㄍㄨㄣˇ ㄍㄨㄣˇ
翻版片,1,ㄈㄢ ㄅㄢˇ ㄆㄧㄢˋ
翻老帳,1,ㄈㄢ ㄌㄠˇ ㄓㄤˋ
翻花頭,1,ㄈㄢ ㄏㄨㄚ ㄊㄡ˙
翻身戶,1,ㄈㄢ ㄕㄣ ㄏㄨˋ
翻面皮,1,ㄈㄢ ㄇㄧㄢˋ ㄆㄧˊ
翼手目,1,ㄧˋ ㄕㄡˇ ㄇㄨˋ
翼手類,1,ㄧˋ ㄕㄡˇ ㄌㄟˋ
翼手龍,1,ㄧˋ ㄕㄡˇ ㄌㄨㄥˊ
耀州窯,1,ㄧㄠˋ ㄓㄡ ㄧㄠˊ
老丈人,1,ㄌㄠˇ ㄓㄤˋ ㄖㄣ˙
老三色,1,ㄌㄠˇ ㄙㄢ ㄙㄜˋ
老不死,1,ㄌㄠˇ ㄅㄨˋ ㄙˇ
老主顧,1,ㄌㄠˇ ㄓㄨˇ ㄍㄨ˙
老交情,1,ㄌㄠˇ ㄐㄧㄠ ㄑㄧㄥ˙
老人學,1,ㄌㄠˇ ㄖㄣˊ ㄒㄩㄝˊ
老人家,1,ㄌㄠˇ ㄖㄣ˙ ㄐㄧㄚ˙
老人星,1,ㄌㄠˇ ㄖㄣˊ ㄒㄧㄥ
老人會,1,ㄌㄠˇ ㄖㄣˊ ㄏㄨㄟˋ
老人茶,1,ㄌㄠˇ ㄖㄣˊ ㄔㄚˊ
老人院,1,ㄌㄠˇ ㄖㄣˊ ㄩㄢˋ
老令婆,1,ㄌㄠˇ ㄌㄧㄥˋ ㄆㄛˊ
老伯呆,1,ㄌㄠˇ ㄅㄛˊ ㄉㄞ
老佛爺,1,ㄌㄠˇ ㄈㄛˊ ㄧㄝ˙
老作人,1,ㄌㄠˇ ㄗㄨㄛˋ ㄖㄣˊ
老作家,1,ㄌㄠˇ ㄗㄨㄛˋ ㄐㄧㄚ
老來俏,1,ㄌㄠˇ ㄌㄞˊ ㄑㄧㄠˋ
老來寶,1,ㄌㄠˇ ㄌㄞˊ ㄅㄠˇ
老倭瓜,1,ㄌㄠˇ ㄨㄛ ㄍㄨㄚ
老兄弟,1,ㄌㄠˇ ㄒㄩㄥ ㄉㄧ˙
老先生,1,ㄌㄠˇ ㄒㄧㄢ ㄕㄥ˙
老光棍,1,ㄌㄠˇ ㄍㄨㄤ ㄍㄨㄣˋ
老八股,1,ㄌㄠˇ ㄅㄚ ㄍㄨˇ
老公公,1,ㄌㄠˇ ㄍㄨㄥ ㄍㄨㄥ˙
老公祖,1,ㄌㄠˇ ㄍㄨㄥ ㄗㄨˇ
老剝皮,1,ㄌㄠˇ ㄅㄛ ㄆㄧˊ
老匹夫,1,ㄌㄠˇ ㄆㄧˇ ㄈㄨ
老厭物,1,ㄌㄠˇ ㄧㄢˋ ㄨˋ
老合兒,1,ㄌㄠˇ ㄏㄜˊ ㄦˊ
老同學,1,ㄌㄠˇ ㄊㄨㄥˊ ㄒㄩㄝˊ
老君廟,1,ㄌㄠˇ ㄐㄩㄣ ㄇㄧㄠˋ
老君眉,1,ㄌㄠˇ ㄐㄩㄣ ㄇㄟˊ
老咬蟲,1,ㄌㄠˇ ㄧㄠˇ ㄔㄨㄥˊ
老哥哥,1,ㄌㄠˇ ㄍㄜ ㄍㄜ˙
老在行,1,ㄌㄠˇ ㄗㄞˋ ㄏㄤˊ
老地方,1,ㄌㄠˇ ㄉㄧˋ ㄈㄤ˙
老大小,1,ㄌㄠˇ ㄉㄚˋ ㄒㄧㄠˇ
老太太,1,ㄌㄠˇ ㄊㄞˋ ㄊㄞ˙
老夫妻,1,ㄌㄠˇ ㄈㄨ ㄑㄧ
老奶奶,1,ㄌㄠˇ ㄋㄞˇ ㄋㄞ˙
老妖精,1,ㄌㄠˇ ㄧㄠ ㄐㄧㄥ
老姑娘,1,ㄌㄠˇ ㄍㄨ ㄋㄧㄤ˙
老姑娘,1,ㄌㄠˇ ㄍㄨ˙ ㄋㄧㄤ˙
老婆娘,1,ㄌㄠˇ ㄆㄛˊ ㄋㄧㄤˊ
老婆婆,1,ㄌㄠˇ ㄆㄛˊ ㄆㄛ˙
老婆漢,1,ㄌㄠˇ ㄆㄛˊ ㄏㄢˋ
老婆餅,1,ㄌㄠˇ ㄆㄛˊ ㄅㄧㄥˇ
老婦人,1,ㄌㄠˇ ㄈㄨˋ ㄖㄣˊ
老媳婦,1,ㄌㄠˇ ㄒㄧˊ ㄈㄨˋ
老嬤嬤,1,ㄌㄠˇ ㄇㄚ ㄇㄚ˙
老宋體,1,ㄌㄠˇ ㄙㄨㄥˋ ㄊㄧˇ
老實話,1,ㄌㄠˇ ㄕ˙ ㄏㄨㄚˋ
老實頭,1,ㄌㄠˇ ㄕ˙ ㄊㄡˊ
老封君,1,ㄌㄠˇ ㄈㄥ ㄐㄩㄣ
老將行,1,ㄌㄠˇ ㄐㄧㄤˋ ㄒㄧㄥˊ
老尊堂,1,ㄌㄠˇ ㄗㄨㄣ ㄊㄤˊ
老少年,1,ㄌㄠˇ ㄕㄠˋ ㄋㄧㄢˊ
老少配,1,ㄌㄠˇ ㄕㄠˋ ㄆㄟˋ
老山東,1,ㄌㄠˇ ㄕㄢ ㄉㄨㄥ
老師傅,1,ㄌㄠˇ ㄕ ㄈㄨ˙
老師父,1,ㄌㄠˇ ㄕ ㄈㄨ˙
老年間,1,ㄌㄠˇ ㄋㄧㄢˊ ㄐㄧㄢ
老底子,1,ㄌㄠˇ ㄉㄧˇ ㄗ˙
老廢物,1,ㄌㄠˇ ㄈㄟˋ ㄨˋ
老廣廣,1,ㄌㄠˇ ㄍㄨㄤˇ ㄍㄨㄤˇ
老廣文,1,ㄌㄠˇ ㄍㄨㄤˇ ㄨㄣˊ
老忘渾,1,ㄌㄠˇ ㄨㄤˋ ㄏㄨㄣˊ
老成人,1,ㄌㄠˇ ㄔㄥˊ ㄖㄣˊ
老戲迷,1,ㄌㄠˇ ㄒㄧˋ ㄇㄧˊ
老把勢,1,ㄌㄠˇ ㄅㄚˇ ㄕ˙
老把式,1,ㄌㄠˇ ㄅㄚˇ ㄕ˙
老搭檔,1,ㄌㄠˇ ㄉㄚ ㄉㄤˇ
老教頭,1,ㄌㄠˇ ㄐㄧㄠˋ ㄊㄡˊ
老方子,1,ㄌㄠˇ ㄈㄤ ㄗ˙
老朋友,1,ㄌㄠˇ ㄆㄥˊ ㄧㄡ˙
老東西,1,ㄌㄠˇ ㄉㄨㄥ ㄒㄧ˙
老梆子,1,ㄌㄠˇ ㄅㄤ ㄗ˙
老棺材,1,ㄌㄠˇ ㄍㄨㄢ ㄘㄞˊ
老毛子,1,ㄌㄠˇ ㄇㄠˊ ㄗ˙
老江湖,1,ㄌㄠˇ ㄐㄧㄤ ㄏㄨ˙
老油子,1,ㄌㄠˇ ㄧㄡˊ ㄗ˙
老混忘,1,ㄌㄠˇ ㄏㄨㄣˋ ㄨㄤˋ
老營生,1,ㄌㄠˇ ㄧㄥˊ ㄕㄥ˙
老爺廟,1,ㄌㄠˇ ㄧㄝ˙ ㄇㄧㄠˋ
老爺爺,1,ㄌㄠˇ ㄧㄝˊ ㄧㄝ˙
老爺車,1,ㄌㄠˇ ㄧㄝˊ ㄔㄜ
老牌子,1,ㄌㄠˇ ㄆㄞˊ ㄗ˙
老牛筋,1,ㄌㄠˇ ㄋㄧㄡˊ ㄐㄧㄣ
老狐狸,1,ㄌㄠˇ ㄏㄨˊ ㄌㄧ˙
老班底,1,ㄌㄠˇ ㄅㄢ ㄉㄧˇ
老畜生,1,ㄌㄠˇ ㄔㄨˋ ㄕㄥ˙
老疙瘩,1,ㄌㄠˇ ㄍㄜ ㄉㄚ˙
老白賞,1,ㄌㄠˇ ㄅㄞˊ ㄕㄤˇ
老皇曆,1,ㄌㄠˇ ㄏㄨㄤˊ ㄌㄧˋ
老相交,1,ㄌㄠˇ ㄒㄧㄤ ㄐㄧㄠ
老相好,1,ㄌㄠˇ ㄒㄧㄤ ㄏㄠˇ
老相識,1,ㄌㄠˇ ㄒㄧㄤ ㄕˋ
老砍頭,1,ㄌㄠˇ ㄎㄢˇ ㄊㄡˊ
老祖先,1,ㄌㄠˇ ㄗㄨˇ ㄒㄧㄢ
老積年,1,ㄌㄠˇ ㄐㄧ ㄋㄧㄢˊ
老章程,1,ㄌㄠˇ ㄓㄤ ㄔㄥ˙
老米飯,1,ㄌㄠˇ ㄇㄧˇ ㄈㄢˋ
老糊塗,1,ㄌㄠˇ ㄏㄨˊ ㄊㄨ˙
老絕戶,1,ㄌㄠˇ ㄐㄩㄝˊ ㄏㄨˋ
老習慣,1,ㄌㄠˇ ㄒㄧˊ ㄍㄨㄢˋ
老背悔,1,ㄌㄠˇ ㄅㄟˋ ㄏㄨㄟ˙
老背晦,1,ㄌㄠˇ ㄅㄟˋ ㄏㄨㄟ˙
老腐敗,1,ㄌㄠˇ ㄈㄨˇ ㄅㄞˋ
老腦筋,1,ㄌㄠˇ ㄋㄠˇ ㄐㄧㄣ
老臊胡,1,ㄌㄠˇ ㄙㄠ ㄏㄨˊ
老花子,1,ㄌㄠˇ ㄏㄨㄚ ㄗ˙
老花根,1,ㄌㄠˇ ㄏㄨㄚ ㄍㄣ
老著臉,1,ㄌㄠˇ ㄓㄜ˙ ㄌㄧㄢˇ
老蒼頭,1,ㄌㄠˇ ㄘㄤ ㄊㄡˊ
老虎灶,1,ㄌㄠˇ ㄏㄨˇ ㄗㄠˋ
老虎皮,1,ㄌㄠˇ ㄏㄨˇ ㄆㄧˊ
老虔婆,1,ㄌㄠˇ ㄑㄧㄢˊ ㄆㄛˊ
老處女,1,ㄌㄠˇ ㄔㄨˇ ㄋㄩˇ
老行伍,1,ㄌㄠˇ ㄏㄤˊ ㄨˇ
老行家,1,ㄌㄠˇ ㄏㄤˊ ㄐㄧㄚ˙
老行尊,1,ㄌㄠˇ ㄏㄤˊ ㄗㄨㄣ
老規矩,1,ㄌㄠˇ ㄍㄨㄟ ㄐㄩ˙
老視眼,1,ㄌㄠˇ ㄕˋ ㄧㄢˇ
老話題,1,ㄌㄠˇ ㄏㄨㄚˋ ㄊㄧˊ
老豆腐,1,ㄌㄠˇ ㄉㄡˋ ㄈㄨ˙
老賢姪,1,ㄌㄠˇ ㄒㄧㄢˊ ㄓˊ
老走硝,1,ㄌㄠˇ ㄗㄡˇ ㄒㄧㄠ
老道長,1,ㄌㄠˇ ㄉㄠˋ ㄓㄤˇ
老郎庵,1,ㄌㄠˇ ㄌㄤˊ ㄢ
老郎神,1,ㄌㄠˇ ㄌㄤˊ ㄕㄣˊ
老都爺,1,ㄌㄠˇ ㄉㄨ ㄧㄝˊ
老鄰居,1,ㄌㄠˇ ㄌㄧㄣˊ ㄐㄩ
老醃瓜,1,ㄌㄠˇ ㄧㄢ ㄍㄨㄚ
老門檻,1,ㄌㄠˇ ㄇㄣˊ ㄎㄢˇ
老阿呆,1,ㄌㄠˇ ㄚ ㄉㄞ
老阿媽,1,ㄌㄠˇ ㄚˋ ㄇㄚ
老阿者,1,ㄌㄠˇ ㄚˋ ㄓㄜˇ
老面孔,1,ㄌㄠˇ ㄇㄧㄢˋ ㄎㄨㄥˇ
老頑固,1,ㄌㄠˇ ㄨㄢˊ ㄍㄨ˙
老風流,1,ㄌㄠˇ ㄈㄥ ㄌㄧㄡˊ
老骨頭,1,ㄌㄠˇ ㄍㄨˊ ㄊㄡ˙
老鯽溜,1,ㄌㄠˇ ㄐㄧˋ ㄌㄧㄡ
考信錄,1,ㄎㄠˇ ㄒㄧㄣˋ ㄌㄨˋ
考古圖,1,ㄎㄠˇ ㄍㄨˇ ㄊㄨˊ
考古編,1,ㄎㄠˇ ㄍㄨˇ ㄅㄧㄢ
考工令,1,ㄎㄠˇ ㄍㄨㄥ ㄌㄧㄥˋ
考工記,1,ㄎㄠˇ ㄍㄨㄥ ㄐㄧˋ
考案畫,1,ㄎㄠˇ ㄢˋ ㄏㄨㄚˋ
考試權,1,ㄎㄠˇ ㄕˋ ㄑㄩㄢˊ
耍噱頭,1,ㄕㄨㄚˇ ㄒㄩㄝ ㄊㄡˊ
耍家子,1,ㄕㄨㄚˇ ㄐㄧㄚ ㄗ˙
耍心眼,1,ㄕㄨㄚˇ ㄒㄧㄣ ㄧㄢˇ
耍手腕,1,ㄕㄨㄚˇ ㄕㄡˇ ㄨㄢˋ
耍手藝,1,ㄕㄨㄚˇ ㄕㄡˇ ㄧ˙
耍死狗,1,ㄕㄨㄚˇ ㄙˇ ㄍㄡˇ
耍水性,1,ㄕㄨㄚˇ ㄕㄨㄟˇ ㄒㄧㄥˋ
耍活寶,1,ㄕㄨㄚˇ ㄏㄨㄛˊ ㄅㄠˇ
耍流氓,1,ㄕㄨㄚˇ ㄌㄧㄡˊ ㄇㄤˊ
耍無賴,1,ㄕㄨㄚˇ ㄨˊ ㄌㄞˋ
耍狗熊,1,ㄕㄨㄚˇ ㄍㄡˇ ㄒㄩㄥˊ
耍筆桿,1,ㄕㄨㄚˇ ㄅㄧˇ ㄍㄢˇ
耍老千,1,ㄕㄨㄚˇ ㄌㄠˇ ㄑㄧㄢ
耍耗子,1,ㄕㄨㄚˇ ㄏㄠˋ ㄗ˙
耍脾氣,1,ㄕㄨㄚˇ ㄆㄧˊ ㄑㄧ˙
耍臉子,1,ㄕㄨㄚˇ ㄌㄧㄢˇ ㄗ˙
耍花腔,1,ㄕㄨㄚˇ ㄏㄨㄚ ㄑㄧㄤ
耍骨頭,1,ㄕㄨㄚˇ ㄍㄨˊ ㄊㄡ˙
耐不住,1,ㄋㄞˋ ㄅㄨˋ ㄓㄨˋ
耐久品,1,ㄋㄞˋ ㄐㄧㄡˇ ㄆㄧㄣˇ
耐久朋,1,ㄋㄞˋ ㄐㄧㄡˇ ㄆㄥˊ
耐久財,1,ㄋㄞˋ ㄐㄧㄡˇ ㄘㄞˊ
耕御路,1,ㄍㄥ ㄩˋ ㄌㄨˋ
耳咽管,1,ㄦˇ ㄧㄢ ㄍㄨㄢˇ
耳報神,1,ㄦˇ ㄅㄠˋ ㄕㄣˊ
耳小骨,1,ㄦˇ ㄒㄧㄠˇ ㄍㄨˇ
耳摑子,1,ㄦˇ ㄍㄨㄛˊ ㄗ˙
耳旁風,1,ㄦˇ ㄆㄤˊ ㄈㄥ
耳朵尖,1,ㄦˇ ㄉㄨㄛ˙ ㄐㄧㄢ
耳朵帽,1,ㄦˇ ㄉㄨㄛ˙ ㄇㄠˋ
耳朵軟,1,ㄦˇ ㄉㄨㄛ˙ ㄖㄨㄢˇ
耳根子,1,ㄦˇ ㄍㄣ ㄗ˙
耳根廂,1,ㄦˇ ㄍㄣ ㄒㄧㄤ
耳根軟,1,ㄦˇ ㄍㄣ ㄖㄨㄢˇ
耳脖子,1,ㄦˇ ㄅㄛˊ ㄗ˙
耳護子,1,ㄦˇ ㄏㄨˋ ㄗ˙
耵聹腺,1,ㄊㄧㄥ ㄋㄧㄥˊ ㄒㄧㄢˋ
耶悉茗,1,ㄧㄝ ㄒㄧ ㄇㄧㄥˊ
耶誕卡,1,ㄧㄝ ㄉㄢˋ ㄎㄚˇ
耶誕樹,1,ㄧㄝ ㄉㄢˋ ㄕㄨˋ
耽干繫,1,ㄉㄢ ㄍㄢ ㄒㄧˋ
聊城縣,1,ㄌㄧㄠˊ ㄔㄥˊ ㄒㄧㄢˋ
聊天區,1,ㄌㄧㄠˊ ㄊㄧㄢ ㄑㄩ
聖多斯,1,ㄕㄥˋ ㄉㄨㄛ ㄙ
聖德田,1,ㄕㄥˋ ㄉㄜˊ ㄊㄧㄢˊ
聖惠方,1,ㄕㄥˋ ㄏㄨㄟˋ ㄈㄤ
聖教序,1,ㄕㄥˋ ㄐㄧㄠˋ ㄒㄩˋ
聖母像,1,ㄕㄥˋ ㄇㄨˇ ㄒㄧㄤˋ
聖母峰,1,ㄕㄥˋ ㄇㄨˇ ㄈㄥ
聖經紙,1,ㄕㄥˋ ㄐㄧㄥ ㄓˇ
聖西門,1,ㄕㄥˋ ㄒㄧ ㄇㄣˊ
聖賢爺,1,ㄕㄥˋ ㄒㄧㄢˊ ㄧㄝˊ
聖路易,1,ㄕㄥˋ ㄌㄨˋ ㄧˋ
聖餅子,1,ㄕㄥˋ ㄅㄧㄥˇ ㄗ˙
聚合果,1,ㄐㄩˋ ㄏㄜˊ ㄍㄨㄛˇ
聚珍版,1,ㄐㄩˋ ㄓㄣ ㄅㄢˇ
聚酯絲,1,ㄐㄩˋ ㄓˇ ㄙ
聚頭扇,1,ㄐㄩˋ ㄊㄡˊ ㄕㄢˋ
聞一多,1,ㄨㄣˊ ㄧ ㄉㄨㄛ
聞喜宴,1,ㄨㄣˊ ㄒㄧˇ ㄧㄢˋ
聯結車,1,ㄌㄧㄢˊ ㄐㄧㄝˊ ㄔㄜ
聯網通,1,ㄌㄧㄢˊ ㄨㄤˇ ㄊㄨㄥ
聯綿字,1,ㄌㄧㄢˊ ㄇㄧㄢˊ ㄗˋ
聯綿對,1,ㄌㄧㄢˊ ㄇㄧㄢˊ ㄉㄨㄟˋ
聰明人,1,ㄘㄨㄥ ㄇㄧㄥˊ ㄖㄣˊ
聲碟機,1,ㄕㄥ ㄉㄧㄝˊ ㄐㄧ
職員錄,1,ㄓˊ ㄩㄢˊ ㄌㄨˋ
聽事官,1,ㄊㄧㄥ ㄕˋ ㄍㄨㄢ
聽事的,1,ㄊㄧㄥ ㄕˋ ㄉㄜ˙
聽壁腳,1,ㄊㄧㄥ ㄅㄧˋ ㄐㄧㄠˇ
聽天命,1,ㄊㄧㄥˋ ㄊㄧㄢ ㄇㄧㄥˋ
聽牆根,1,ㄊㄧㄥ ㄑㄧㄤˊ ㄍㄣ
聽音哨,1,ㄊㄧㄥ ㄧㄣ ㄕㄠˋ
肇禍者,1,ㄓㄠˋ ㄏㄨㄛˋ ㄓㄜˇ
肉傀儡,1,ㄖㄡˋ ㄎㄨㄟˇ ㄌㄟˇ
肉吊窗,1,ㄖㄡˋ ㄉㄧㄠˋ ㄔㄨㄤ
肉腰刀,1,ㄖㄡˋ ㄧㄠ ㄉㄠ
肉蓯蓉,1,ㄖㄡˋ ㄘㄨㄥ ㄖㄨㄥˊ
肉裡錢,1,ㄖㄡˋ ㄌㄧˇ ㄑㄧㄢˊ
肉豆蔻,1,ㄖㄡˋ ㄉㄡˋ ㄎㄡˋ
肉邊菜,1,ㄖㄡˋ ㄅㄧㄢ ㄘㄞˋ
肉飛仙,1,ㄖㄡˋ ㄈㄟ ㄒㄧㄢ
肉食者,1,ㄖㄡˋ ㄕˊ ㄓㄜˇ
肉食鴿,1,ㄖㄡˋ ㄕˊ ㄍㄜ
肋膜炎,1,ㄌㄜˋ ㄇㄛˋ ㄧㄢˊ
肋間肌,1,ㄌㄜˋ ㄐㄧㄢ ㄐㄧ
肌紅素,1,ㄐㄧ ㄏㄨㄥˊ ㄙㄨˋ
肌纖維,1,ㄐㄧ ㄒㄧㄢ ㄨㄟˊ
肌電圖,1,ㄐㄧ ㄉㄧㄢˋ ㄊㄨˊ
肐拉子,1,ㄍㄜ ㄌㄚ ㄗ˙
肘關節,1,ㄓㄡˇ ㄍㄨㄢ ㄐㄧㄝˊ
肚子疼,1,ㄉㄨˋ ㄗ˙ ㄊㄥˊ
肚皮裡,1,ㄉㄨˋ ㄆㄧˊ ㄌㄧˇ
肝火旺,1,ㄍㄢ ㄏㄨㄛˇ ㄨㄤˋ
肝火盛,1,ㄍㄢ ㄏㄨㄛˇ ㄕㄥˋ
肝腫大,1,ㄍㄢ ㄓㄨㄥˇ ㄉㄚˋ
股友社,1,ㄍㄨˇ ㄧㄡˇ ㄕㄜˋ
肥田草,1,ㄈㄟˊ ㄊㄧㄢˊ ㄘㄠˇ
肥皂絲,1,ㄈㄟˊ ㄗㄠˋ ㄙ
肥皂莢,1,ㄈㄟˊ ㄗㄠˋ ㄐㄧㄚˊ
肥羊肉,1,ㄈㄟˊ ㄧㄤˊ ㄖㄡˋ
肥蟲蟻,1,ㄈㄟˊ ㄔㄨㄥˊ ㄧˇ
肩相比,1,ㄐㄧㄢ ㄒㄧㄤ ㄅㄧˋ
肩膀窄,1,ㄐㄧㄢ ㄅㄤˇ ㄓㄞˇ
肩須拍,1,ㄐㄧㄢ ㄒㄩ ㄆㄞ
肯分的,1,ㄎㄣˇ ㄈㄣ ㄉㄜ˙
肺功能,1,ㄈㄟˋ ㄍㄨㄥ ㄋㄥˊ
肺吸蟲,1,ㄈㄟˋ ㄒㄧ ㄔㄨㄥˊ
肺呼吸,1,ㄈㄟˋ ㄏㄨ ㄒㄧ
肺囊腫,1,ㄈㄟˋ ㄋㄤˊ ㄓㄨㄥˇ
背了時,1,ㄅㄟˋ ㄌㄜ˙ ㄕˊ
背信罪,1,ㄅㄟˋ ㄒㄧㄣˋ ㄗㄨㄟˋ
背多分,1,ㄅㄟˋ ㄉㄨㄛ ㄈㄣ
背抄手,1,ㄅㄟˋ ㄔㄠ ㄕㄡˇ
背斜層,1,ㄅㄟˋ ㄒㄧㄝˊ ㄘㄥˊ
背時鬼,1,ㄅㄟˋ ㄕˊ ㄍㄨㄟˇ
背梁骨,1,ㄅㄟˋ ㄌㄧㄤˊ ㄍㄨˇ
背水陣,1,ㄅㄟˋ ㄕㄨㄟˇ ㄓㄣˋ
背理法,1,ㄅㄟˋ ㄌㄧˇ ㄈㄚˇ
背空子,1,ㄅㄟˋ ㄎㄨㄥˋ ㄗ˙
背繩墨,1,ㄅㄟˋ ㄕㄥˊ ㄇㄛˋ
背膠布,1,ㄅㄟˋ ㄐㄧㄠ ㄅㄨˋ
背風坡,1,ㄅㄟˋ ㄈㄥ ㄆㄛ
胎盤素,1,ㄊㄞ ㄆㄢˊ ㄙㄨˋ
胎裡壞,1,ㄊㄞ ㄌㄧˇ ㄏㄨㄞˋ
胎裡富,1,ㄊㄞ ㄌㄧˇ ㄈㄨˋ
胎裡毒,1,ㄊㄞ ㄌㄧˇ ㄉㄨˊ
胎裡素,1,ㄊㄞ ㄌㄧˇ ㄙㄨˋ
胖乎乎,1,ㄆㄤˋ ㄏㄨ ㄏㄨ
胖呵呵,1,ㄆㄤˋ ㄏㄜ ㄏㄜ
胖嘟嘟,1,ㄆㄤˋ ㄉㄨ ㄉㄨ
胖墩墩,1,ㄆㄤˋ ㄉㄨㄣ ㄉㄨㄣ
胖大海,1,ㄆㄤˋ ㄉㄚˋ ㄏㄞˇ
胖頭魚,1,ㄆㄤˋ ㄊㄡˊ ㄩˊ
胖高麗,1,ㄆㄤˋ ㄍㄠ ㄌㄧ˙
胚形成,1,ㄆㄟ ㄒㄧㄥˊ ㄔㄥˊ
胚根鞘,1,ㄆㄟ ㄍㄣ ㄑㄧㄠˋ
胚芽鞘,1,ㄆㄟ ㄧㄚˊ ㄑㄧㄠˋ
胞姊妹,1,ㄅㄠ ㄗˇ ㄇㄟˋ
胞子器,1,ㄅㄠ ㄗˇ ㄑㄧˋ
胞子蟲,1,ㄅㄠ ㄗˇ ㄔㄨㄥˊ
胞子體,1,ㄅㄠ ㄗˇ ㄊㄧˇ
胞芽杯,1,ㄅㄠ ㄧㄚˊ ㄅㄟ
胞間層,1,ㄅㄠ ㄐㄧㄢ ㄘㄥˊ
胡三省,1,ㄏㄨˊ ㄙㄢ ㄒㄧㄥˇ
胡姑姑,1,ㄏㄨˊ ㄍㄨ ㄍㄨ˙
胡安國,1,ㄏㄨˊ ㄢ ㄍㄨㄛˊ
胡廝哄,1,ㄏㄨˊ ㄙ ㄏㄨㄥ
胡廝混,1,ㄏㄨˊ ㄙ ㄏㄨㄣˋ
胡廝纏,1,ㄏㄨˊ ㄙ ㄔㄢˊ
胡弄局,1,ㄏㄨˊ ㄋㄨㄥˋ ㄐㄩˊ
胡惟庸,1,ㄏㄨˊ ㄨㄟˊ ㄩㄥ
胡撥四,1,ㄏㄨˊ ㄅㄛ ㄙˋ
胡撲掩,1,ㄏㄨˊ ㄆㄨ ㄧㄢˇ
胡撲搭,1,ㄏㄨˊ ㄆㄨ ㄉㄚ
胡支對,1,ㄏㄨˊ ㄓ ㄉㄨㄟˋ
胡旋舞,1,ㄏㄨˊ ㄒㄩㄢˊ ㄨˇ
胡林翼,1,ㄏㄨˊ ㄌㄧㄣˊ ㄧˋ
胡枝子,1,ㄏㄨˊ ㄓ ㄗˇ
胡桃木,1,ㄏㄨˊ ㄊㄠˊ ㄇㄨˋ
胡桃科,1,ㄏㄨˊ ㄊㄠˊ ㄎㄜ
胡樸安,1,ㄏㄨˊ ㄆㄨˊ ㄢ
胡毋敬,1,ㄏㄨˊ ㄨˊ ㄐㄧㄥˋ
胡母敬,1,ㄏㄨˊ ㄇㄨˇ ㄐㄧㄥˋ
胡盧提,1,ㄏㄨˊ ㄌㄨˊ ㄊㄧˊ
胡蔓草,1,ㄏㄨˊ ㄇㄢˋ ㄘㄠˇ
胡蔓藤,1,ㄏㄨˊ ㄇㄢˋ ㄊㄥˊ
胡蘿蔔,1,ㄏㄨˊ ㄌㄨㄛˊ ㄅㄛ˙
胡蝶夢,1,ㄏㄨˊ ㄉㄧㄝˊ ㄇㄥˋ
胡遮刺,1,ㄏㄨˊ ㄓㄜ ㄌㄚˋ
胡遮剌,1,ㄏㄨˊ ㄓㄜ ㄌㄚˋ
胡鋪搭,1,ㄏㄨˊ ㄆㄨ ㄉㄚ
胡雕刺,1,ㄏㄨˊ ㄉㄧㄠ ㄘˋ
胡頹子,1,ㄏㄨˊ ㄊㄨㄟˊ ㄗˇ
胡麻油,1,ㄏㄨˊ ㄇㄚˊ ㄧㄡˊ
胭脂井,1,ㄧㄢ ㄓ ㄐㄧㄥˇ
胭花隊,1,ㄧㄢ ㄏㄨㄚ ㄉㄨㄟˋ
胰脂酶,1,ㄧˊ ㄓ ㄇㄟˊ
胳肢窩,1,ㄍㄜ ㄓ˙ ㄨㄛ
胸廝撞,1,ㄒㄩㄥ ㄙ ㄓㄨㄤˋ
胸膜炎,1,ㄒㄩㄥ ㄇㄛˋ ㄧㄢˊ
胼胚種,1,ㄆㄧㄢˊ ㄆㄟ ㄓㄨㄥˇ
能力刑,1,ㄋㄥˊ ㄌㄧˋ ㄒㄧㄥˊ
能言鳥,1,ㄋㄥˊ ㄧㄢˊ ㄋㄧㄠˇ
能高山,1,ㄋㄥˊ ㄍㄠ ㄕㄢ
脂肪瘤,1,ㄓ ㄈㄤˊ ㄌㄧㄡˊ
脈動星,1,ㄇㄞˋ ㄉㄨㄥˋ ㄒㄧㄥ
脈波體,1,ㄇㄞˋ ㄅㄛ ㄊㄧˇ
脈絡膜,1,ㄇㄞˋ ㄌㄨㄛˋ ㄇㄛˊ
脈衝式,1,ㄇㄞˋ ㄔㄨㄥ ㄕˋ
脈衝星,1,ㄇㄞˋ ㄔㄨㄥ ㄒㄧㄥ
脊百合,1,ㄐㄧˇ ㄅㄞˇ ㄏㄜˊ
脖頸子,1,ㄅㄛˊ ㄍㄥˇ ㄗ˙
脢子肉,1,ㄇㄟˊ ㄗ˙ ㄖㄡˋ
脣形花,1,ㄔㄨㄣˊ ㄒㄧㄥˊ ㄏㄨㄚ
脣齒音,1,ㄔㄨㄣˊ ㄔˇ ㄧㄣ
脫水劑,1,ㄊㄨㄛ ㄕㄨㄟˇ ㄐㄧˋ
脫穀機,1,ㄊㄨㄛ ㄍㄨˇ ㄐㄧ
脫身計,1,ㄊㄨㄛ ㄕㄣ ㄐㄧˋ
脫韁馬,1,ㄊㄨㄛ ㄐㄧㄤ ㄇㄚˇ
腆著臉,1,ㄊㄧㄢˇ ㄓㄜ˙ ㄌㄧㄢˇ
腎臟癌,1,ㄕㄣˋ ㄗㄤˋ ㄧㄢˊ
腓腸肌,1,ㄈㄟˊ ㄔㄤˊ ㄐㄧ
腥臊味,1,ㄒㄧㄥ ㄙㄠ ㄨㄟˋ
腥衲襖,1,ㄒㄧㄥ ㄋㄚˋ ㄠˇ
腦上腺,1,ㄋㄠˇ ㄕㄤˋ ㄒㄧㄢˋ
腦下腺,1,ㄋㄠˇ ㄒㄧㄚˋ ㄒㄧㄢˋ
腦中樞,1,ㄋㄠˇ ㄓㄨㄥ ㄕㄨ
腦充血,1,ㄋㄠˇ ㄔㄨㄥ ㄒㄩㄝˋ
腦挫傷,1,ㄋㄠˇ ㄘㄨㄛˋ ㄕㄤ
腦杓子,1,ㄋㄠˇ ㄕㄠˊ ㄗ˙
腦栓塞,1,ㄋㄠˇ ㄕㄨㄢ ㄙㄜˋ
腦細胞,1,ㄋㄠˇ ㄒㄧˋ ㄅㄠ
腦組織,1,ㄋㄠˇ ㄗㄨˇ ㄓ
腦腫瘤,1,ㄋㄠˇ ㄓㄨㄥˇ ㄌㄧㄡˊ
腦袋疼,1,ㄋㄠˇ ㄉㄞ˙ ㄊㄥˊ
腦鑿子,1,ㄋㄠˇ ㄗㄠˊ ㄗ˙
腦電圖,1,ㄋㄠˇ ㄉㄧㄢˋ ㄊㄨˊ
腫骨鹿,1,ㄓㄨㄥˇ ㄍㄨˇ ㄌㄨˋ
腰把子,1,ㄧㄠ ㄅㄚˇ ㄗ˙
腰桿子,1,ㄧㄠ ㄍㄢˇ ㄗ˙
腰裡硬,1,ㄧㄠ ㄌㄧˇ ㄧㄥˋ
腰褡子,1,ㄧㄠ ㄉㄚ ㄗ˙
腰頭硬,1,ㄧㄠ ㄊㄡ˙ ㄧㄥˋ
腳下人,1,ㄐㄧㄠˇ ㄒㄧㄚˋ ㄖㄣˊ
腳划船,1,ㄐㄧㄠˇ ㄏㄨㄚˊ ㄔㄨㄢˊ
腳底下,1,ㄐㄧㄠˇ ㄉㄧˇ ㄒㄧㄚ˙
腳梢天,1,ㄐㄧㄠˇ ㄕㄠ ㄊㄧㄢ
腳步錢,1,ㄐㄧㄠˇ ㄅㄨˋ ㄑㄧㄢˊ
腳腕子,1,ㄐㄧㄠˇ ㄨㄢˋ ㄗ˙
腳邊路,1,ㄐㄧㄠˇ ㄅㄧㄢ ㄌㄨˋ
腳頭亂,1,ㄐㄧㄠˇ ㄊㄡˊ ㄌㄨㄢˋ
腳頭妻,1,ㄐㄧㄠˇ ㄊㄡˊ ㄑㄧ
腳鴨子,1,ㄐㄧㄠˇ ㄧㄚ ㄗ˙
腸傷寒,1,ㄔㄤˊ ㄕㄤ ㄏㄢˊ
腸套疊,1,ㄔㄤˊ ㄊㄠˋ ㄉㄧㄝˊ
腸泌素,1,ㄔㄤˊ ㄇㄧˋ ㄙㄨˋ
腸穿孔,1,ㄔㄤˊ ㄔㄨㄢ ㄎㄨㄥˇ
腸粘連,1,ㄔㄤˊ ㄋㄧㄢˊ ㄌㄧㄢˊ
腸結核,1,ㄔㄤˊ ㄐㄧㄝˊ ㄏㄜˊ
腸絨毛,1,ㄔㄤˊ ㄖㄨㄥˊ ㄇㄠˊ
腸繫膜,1,ㄔㄤˊ ㄒㄧˋ ㄇㄛˋ
腸阻塞,1,ㄔㄤˊ ㄗㄨˇ ㄙㄜˋ
腹便便,1,ㄈㄨˋ ㄆㄧㄢˊ ㄆㄧㄢˊ
腹婚妻,1,ㄈㄨˋ ㄏㄨㄣ ㄑㄧ
腹股溝,1,ㄈㄨˋ ㄍㄨˇ ㄍㄡ
腹膜炎,1,ㄈㄨˋ ㄇㄛˋ ㄧㄢˊ
腹語術,1,ㄈㄨˋ ㄩˇ ㄕㄨˋ
腹足類,1,ㄈㄨˋ ㄗㄨˊ ㄌㄟˋ
腺病毒,1,ㄒㄧㄢˋ ㄅㄧㄥˋ ㄉㄨˊ
腺細胞,1,ㄒㄧㄢˋ ㄒㄧˋ ㄅㄠ
腿肚子,1,ㄊㄨㄟˇ ㄉㄨˋ ㄗ˙
腿腕子,1,ㄊㄨㄟˇ ㄨㄢˋ ㄗ˙
膀胱癌,1,ㄆㄤˊ ㄍㄨㄤ ㄧㄢˊ
膀胱鏡,1,ㄆㄤˊ ㄍㄨㄤ ㄐㄧㄥˋ
膃肭臍,1,ㄨㄚˋ ㄋㄚˋ ㄑㄧˊ
膈肢窩,1,ㄍㄜˊ ㄓ˙ ㄨㄛ
膈食病,1,ㄍㄜˊ ㄕˊ ㄅㄧㄥˋ
膊風板,1,ㄅㄛˊ ㄈㄥ ㄅㄢˇ
膜翅類,1,ㄇㄛˋ ㄔˋ ㄌㄟˋ
膝反射,1,ㄒㄧ ㄈㄢˇ ㄕㄜˋ
膠皮車,1,ㄐㄧㄠ ㄆㄧˊ ㄔㄜ
膠體物,1,ㄐㄧㄠ ㄊㄧˇ ㄨˋ
膨土岩,1,ㄆㄥˊ ㄊㄨˇ ㄧㄢˊ
膨大海,1,ㄆㄥˊ ㄉㄚˋ ㄏㄞˇ
膩格格,1,ㄋㄧˋ ㄍㄜˊ ㄍㄜˊ
膩的慌,1,ㄋㄧˋ ㄉㄜ˙ ㄏㄨㄤ˙
膿包貨,1,ㄋㄨㄥˊ ㄅㄠ ㄏㄨㄛˋ
膿毒病,1,ㄋㄨㄥˊ ㄉㄨˊ ㄅㄧㄥˋ
膿疱病,1,ㄋㄨㄥˊ ㄆㄠˋ ㄅㄧㄥˋ
膿痂疹,1,ㄋㄨㄥˊ ㄐㄧㄚ ㄓㄣˇ
膿血債,1,ㄋㄨㄥˊ ㄒㄧㄝˇ ㄓㄞˋ
臆想幣,1,ㄧˋ ㄒㄧㄤˇ ㄅㄧˋ
臉巴子,1,ㄌㄧㄢˇ ㄅㄚ ㄗ˙
臉頰骨,1,ㄌㄧㄢˇ ㄐㄧㄚˊ ㄍㄨˇ
臊羯奴,1,ㄙㄠ ㄐㄧㄝˊ ㄋㄨˊ
臘腸樹,1,ㄌㄚˋ ㄔㄤˊ ㄕㄨˋ
臘鎗頭,1,ㄌㄚˋ ㄑㄧㄤ ㄊㄡˊ
臥牛城,1,ㄨㄛˋ ㄋㄧㄡˊ ㄔㄥˊ
臥蠶眉,1,ㄨㄛˋ ㄘㄢˊ ㄇㄟˊ
臥龍岡,1,ㄨㄛˋ ㄌㄨㄥˊ ㄍㄤ
臨場感,1,ㄌㄧㄣˊ ㄔㄤˇ ㄍㄢˇ
臨摹本,1,ㄌㄧㄣˊ ㄇㄛˊ ㄅㄣˇ
臨時會,1,ㄌㄧㄣˊ ㄕˊ ㄏㄨㄟˋ
臨榆縣,1,ㄌㄧㄣˊ ㄩˊ ㄒㄧㄢˋ
臨江驛,1,ㄌㄧㄣˊ ㄐㄧㄤ ㄧˋ
臨濟宗,1,ㄌㄧㄣˊ ㄐㄧˋ ㄗㄨㄥ
臨界線,1,ㄌㄧㄣˊ ㄐㄧㄝˋ ㄒㄧㄢˋ
臨邛縣,1,ㄌㄧㄣˊ ㄑㄩㄥˊ ㄒㄧㄢˋ
自主遊,1,ㄗˋ ㄓㄨˇ ㄧㄡˊ
自來火,1,ㄗˋ ㄌㄞˊ ㄏㄨㄛˇ
自在畫,1,ㄗˋ ㄗㄞˋ ㄏㄨㄚˋ
自在窗,1,ㄗˋ ㄗㄞˋ ㄔㄨㄤ
自在飯,1,ㄗˋ ㄗㄞˋ ㄈㄢˋ
自度曲,1,ㄗˋ ㄉㄨˋ ㄑㄩˇ
自感應,1,ㄗˋ ㄍㄢˇ ㄧㄥˋ
自敘帖,1,ㄗˋ ㄒㄩˋ ㄊㄧㄝˋ
自治會,1,ㄗˋ ㄓˋ ㄏㄨㄟˋ
自治領,1,ㄗˋ ㄓˋ ㄌㄧㄥˇ
自然堤,1,ㄗˋ ㄖㄢˊ ㄊㄧˊ
自然汞,1,ㄗˋ ㄖㄢˊ ㄍㄨㄥˇ
自然率,1,ㄗˋ ㄖㄢˊ ㄌㄩˋ
自然銀,1,ㄗˋ ㄖㄢˊ ㄧㄣˊ
自然銅,1,ㄗˋ ㄖㄢˊ ㄊㄨㄥˊ
自然鐵,1,ㄗˋ ㄖㄢˊ ㄊㄧㄝˇ
自營性,1,ㄗˋ ㄧㄥˊ ㄒㄧㄥˋ
自由刑,1,ㄗˋ ㄧㄡˊ ㄒㄧㄥˊ
自由泳,1,ㄗˋ ㄧㄡˊ ㄩㄥˇ
自由球,1,ㄗˋ ㄧㄡˊ ㄑㄧㄡˊ
自由畫,1,ㄗˋ ㄧㄡˊ ㄏㄨㄚˋ
自由能,1,ㄗˋ ㄧㄡˊ ㄋㄥˊ
自留山,1,ㄗˋ ㄌㄧㄡˊ ㄕㄢ
自白書,1,ㄗˋ ㄅㄛˊ ㄕㄨ
自益權,1,ㄗˋ ㄧˋ ㄑㄩㄢˊ
自貢市,1,ㄗˋ ㄍㄨㄥˋ ㄕˋ
自責分,1,ㄗˋ ㄗㄜˊ ㄈㄣ
自閉兒,1,ㄗˋ ㄅㄧˋ ㄦˊ
自顧自,1,ㄗˋ ㄍㄨˋ ㄗˋ
臭乎乎,1,ㄔㄡˋ ㄏㄨ ㄏㄨ
臭恭維,1,ㄔㄡˋ ㄍㄨㄥ ㄨㄟˊ
臭排場,1,ㄔㄡˋ ㄆㄞˊ ㄔㄤ˙
臭烘烘,1,ㄔㄡˋ ㄏㄨㄥ ㄏㄨㄥ
臭皮匠,1,ㄔㄡˋ ㄆㄧˊ ㄐㄧㄤˋ
臭豆腐,1,ㄔㄡˋ ㄉㄡˋ ㄈㄨ˙
臺中港,1,ㄊㄞˊ ㄓㄨㄥ ㄍㄤˇ
臺意怒,1,ㄊㄞˊ ㄧˋ ㄋㄨˋ
臺灣犬,1,ㄊㄞˊ ㄨㄢ ㄑㄩㄢˇ
臺胞證,1,ㄊㄞˊ ㄅㄠ ㄓㄥˋ
臺車道,1,ㄊㄞˊ ㄔㄜ ㄉㄠˋ
舀水瓢,1,ㄧㄠˇ ㄕㄨㄟˇ ㄆㄧㄠˊ
舅太太,1,ㄐㄧㄡˋ ㄊㄞˋ ㄊㄞ˙
舅奶奶,1,ㄐㄧㄡˋ ㄋㄞˇ ㄋㄞ˙
舅老爺,1,ㄐㄧㄡˋ ㄌㄠˇ ㄧㄝ˙
興凱湖,1,ㄒㄧㄥ ㄎㄞˇ ㄏㄨˊ
興化戲,1,ㄒㄧㄥ ㄏㄨㄚˋ ㄒㄧˋ
興登堡,1,ㄒㄧㄥ ㄉㄥ ㄅㄠˇ
舉孝廉,1,ㄐㄩˇ ㄒㄧㄠˋ ㄌㄧㄢˊ
舉尾蟲,1,ㄐㄩˇ ㄨㄟˇ ㄔㄨㄥˊ
舉白旗,1,ㄐㄩˇ ㄅㄞˊ ㄑㄧˊ
舊公煙,1,ㄐㄧㄡˋ ㄍㄨㄥ ㄧㄢ
舊刊本,1,ㄐㄧㄡˋ ㄎㄢ ㄅㄣˇ
舊唐書,1,ㄐㄧㄡˋ ㄊㄤˊ ㄕㄨ
舊攤子,1,ㄐㄧㄡˋ ㄊㄢ ㄗ˙
舊瘡疤,1,ㄐㄧㄡˋ ㄔㄨㄤ ㄅㄚ
舊皇曆,1,ㄐㄧㄡˋ ㄏㄨㄤˊ ㄌㄧˋ
舊相識,1,ㄐㄧㄡˋ ㄒㄧㄤ ㄕˋ
舊譜子,1,ㄐㄧㄡˋ ㄆㄨˇ ㄗ˙
舌下腺,1,ㄕㄜˊ ㄒㄧㄚˋ ㄒㄧㄢˋ
舌狀花,1,ㄕㄜˊ ㄓㄨㄤˋ ㄏㄨㄚ
舌葉音,1,ㄕㄜˊ ㄧㄝˋ ㄧㄣ
舌齒音,1,ㄕㄜˊ ㄔˇ ㄧㄣ
舍利塔,1,ㄕㄜˋ ㄌㄧˋ ㄊㄚˇ
舍利弗,1,ㄕㄜˋ ㄌㄧˋ ㄈㄨˊ
舔碗邊,1,ㄊㄧㄢˇ ㄨㄢˇ ㄅㄧㄢ
舞臺秀,1,ㄨˇ ㄊㄞˊ ㄒㄧㄡˋ
舞蹈病,1,ㄨˇ ㄉㄠˋ ㄅㄧㄥˋ
舞蹈症,1,ㄨˇ ㄉㄠˋ ㄓㄥˋ
舟山島,1,ㄓㄡ ㄕㄢ ㄉㄠˇ
航天站,1,ㄏㄤˊ ㄊㄧㄢ ㄓㄢˋ
航海節,1,ㄏㄤˊ ㄏㄞˇ ㄐㄧㄝˊ
航空版,1,ㄏㄤˊ ㄎㄨㄥ ㄅㄢˇ
航空病,1,ㄏㄤˊ ㄎㄨㄥ ㄅㄧㄥˋ
航空線,1,ㄏㄤˊ ㄎㄨㄥ ㄒㄧㄢˋ
般涉調,1,ㄆㄢˊ ㄕㄜˋ ㄉㄧㄠˋ
般若湯,1,ㄅㄛ ㄖㄜˇ ㄊㄤ
船公司,1,ㄔㄨㄢˊ ㄍㄨㄥ ㄙ
船形帽,1,ㄔㄨㄢˊ ㄒㄧㄥˊ ㄇㄠˋ
船老大,1,ㄔㄨㄢˊ ㄌㄠˇ ㄉㄚˋ
艉垂標,1,ㄨㄟˇ ㄔㄨㄟˊ ㄅㄧㄠ
艏垂標,1,ㄕㄡˇ ㄔㄨㄟˊ ㄅㄧㄠ
良質米,1,ㄌㄧㄤˊ ㄓˊ ㄇㄧˇ
色思溫,1,ㄙㄜˋ ㄙ ㄨㄣ
色瞇瞇,1,ㄙㄜˋ ㄇㄧ ㄇㄧ
艾儒略,1,ㄞˋ ㄖㄨˊ ㄌㄩㄝˋ
艾如張,1,ㄧˋ ㄖㄨˊ ㄓㄤ
艾爾加,1,ㄞˋ ㄦˇ ㄐㄧㄚ
艾窩窩,1,ㄞˋ ㄨㄛ ㄨㄛ˙
艾納香,1,ㄞˋ ㄋㄚˋ ㄒㄧㄤ
芍藥花,1,ㄕㄠˊ ㄧㄠˋ ㄏㄨㄚ
芒果青,1,ㄇㄤˊ ㄍㄨㄛˇ ㄑㄧㄥ
芒芒然,1,ㄇㄤˊ ㄇㄤˊ ㄖㄢˊ
芙蓉刃,1,ㄈㄨˊ ㄖㄨㄥˊ ㄖㄣˋ
芙蓉國,1,ㄈㄨˊ ㄖㄨㄥˊ ㄍㄨㄛˊ
芙蓉帳,1,ㄈㄨˊ ㄖㄨㄥˊ ㄓㄤˋ
芙蓉幕,1,ㄈㄨˊ ㄖㄨㄥˊ ㄇㄨˋ
芙蓉糕,1,ㄈㄨˊ ㄖㄨㄥˊ ㄍㄠ
芙蓉褥,1,ㄈㄨˊ ㄖㄨㄥˊ ㄖㄨˋ
芝麻官,1,ㄓ ㄇㄚ˙ ㄍㄨㄢ
芝麻油,1,ㄓ ㄇㄚ˙ ㄧㄡˊ
芝麻秸,1,ㄓ ㄇㄚ˙ ㄐㄧㄝ
芝麻糊,1,ㄓ ㄇㄚ˙ ㄏㄨˊ
芝麻醬,1,ㄓ ㄇㄚ˙ ㄐㄧㄤˋ
芥子油,1,ㄐㄧㄝˋ ㄗˇ ㄧㄡˊ
芥川賞,1,ㄐㄧㄝˋ ㄔㄨㄢ ㄕㄤˇ
芬蘭浴,1,ㄈㄣ ㄌㄢˊ ㄩˋ
芭樂票,1,ㄅㄚ ㄌㄜˋ ㄆㄧㄠˋ
芭蕉布,1,ㄅㄚ ㄐㄧㄠ ㄅㄨˋ
芭蕉洞,1,ㄅㄚ ㄐㄧㄠ ㄉㄨㄥˋ
芭蕉科,1,ㄅㄚ ㄐㄧㄠ ㄎㄜ
芭蕉芋,1,ㄅㄚ ㄐㄧㄠ ㄩˋ
花下子,1,ㄏㄨㄚ ㄒㄧㄚˋ ㄗˇ
花信風,1,ㄏㄨㄚ ㄒㄧㄣˋ ㄈㄥ
花六出,1,ㄏㄨㄚ ㄌㄧㄡˋ ㄔㄨ
花博士,1,ㄏㄨㄚ ㄅㄛˊ ㄕˋ
花名冊,1,ㄏㄨㄚ ㄇㄧㄥˊ ㄘㄜˋ
花和尚,1,ㄏㄨㄚ ㄏㄜˊ ㄕㄤˋ
花壇鄉,1,ㄏㄨㄚ ㄊㄢˊ ㄒㄧㄤ
花奶奶,1,ㄏㄨㄚ ㄋㄞˇ ㄋㄞ˙
花小妹,1,ㄏㄨㄚ ㄒㄧㄠˇ ㄇㄟˋ
花把戲,1,ㄏㄨㄚ ㄅㄚˇ ㄒㄧˋ
花押印,1,ㄏㄨㄚ ㄧㄚ ㄧㄣˋ
花搭著,1,ㄏㄨㄚ ㄉㄚ˙ ㄓㄜ˙
花撲撲,1,ㄏㄨㄚ ㄆㄨ ㄆㄨ
花斑癬,1,ㄏㄨㄚ ㄅㄢ ㄒㄧㄢˇ
花朝日,1,ㄏㄨㄚ ㄓㄠ ㄖˋ
花朝節,1,ㄏㄨㄚ ㄓㄠ ㄐㄧㄝˊ
花木瓜,1,ㄏㄨㄚ ㄇㄨˋ ㄍㄨㄚ
花架子,1,ㄏㄨㄚ ㄐㄧㄚˋ ㄗ˙
花柳叢,1,ㄏㄨㄚ ㄌㄧㄡˇ ㄘㄨㄥˊ
花柳營,1,ㄏㄨㄚ ㄌㄧㄡˇ ㄧㄥˊ
花柵子,1,ㄏㄨㄚ ㄓㄚˋ ㄗ˙
花栲栳,1,ㄏㄨㄚ ㄎㄠˇ ㄌㄠˇ
花栽子,1,ㄏㄨㄚ ㄗㄞ ㄗ˙
花棍舞,1,ㄏㄨㄚ ㄍㄨㄣˋ ㄨˇ
花棒舞,1,ㄏㄨㄚ ㄅㄤˋ ㄨˇ
花煙館,1,ㄏㄨㄚ ㄧㄢ ㄍㄨㄢˇ
花燈戲,1,ㄏㄨㄚ ㄉㄥ ㄒㄧˋ
花牛腿,1,ㄏㄨㄚ ㄋㄧㄡˊ ㄊㄨㄟˇ
花生樹,1,ㄏㄨㄚ ㄕㄥ ㄕㄨˋ
花田錯,1,ㄏㄨㄚ ㄊㄧㄢˊ ㄘㄨㄛˋ
花的花,1,ㄏㄨㄚ ㄉㄜ˙ ㄏㄨㄚ
花盆鼓,1,ㄏㄨㄚ ㄆㄣˊ ㄍㄨˇ
花石綱,1,ㄏㄨㄚ ㄕˊ ㄍㄤ
花粉樓,1,ㄏㄨㄚ ㄈㄣˇ ㄌㄡˊ
花臉狼,1,ㄏㄨㄚ ㄌㄧㄢˇ ㄌㄤˊ
花臘搽,1,ㄏㄨㄚ ㄌㄚˋ ㄔㄚˊ
花舌子,1,ㄏㄨㄚ ㄕㄜˊ ㄗ˙
花菜類,1,ㄏㄨㄚ ㄘㄞˋ ㄌㄟˋ
花葯瓣,1,ㄏㄨㄚ ㄧㄠˋ ㄅㄢˋ
花衚衕,1,ㄏㄨㄚ ㄏㄨˊ ㄊㄨㄥ˙
花見羞,1,ㄏㄨㄚ ㄐㄧㄢˋ ㄒㄧㄡ
花輪子,1,ㄏㄨㄚ ㄌㄨㄣˊ ㄗ˙
花邊婚,1,ㄏㄨㄚ ㄅㄧㄢ ㄏㄨㄣ
花間集,1,ㄏㄨㄚ ㄐㄧㄢ ㄐㄧˊ
花面狸,1,ㄏㄨㄚ ㄇㄧㄢˋ ㄌㄧˊ
花馬鹽,1,ㄏㄨㄚ ㄇㄚˇ ㄧㄢˊ
花鳥使,1,ㄏㄨㄚ ㄋㄧㄠˇ ㄕˇ
花鼓戲,1,ㄏㄨㄚ ㄍㄨˇ ㄒㄧˋ
芳菲節,1,ㄈㄤ ㄈㄟ ㄐㄧㄝˊ
芷江縣,1,ㄓˇ ㄐㄧㄤ ㄒㄧㄢˋ
芸香科,1,ㄩㄣˊ ㄒㄧㄤ ㄎㄜ
芽接法,1,ㄧㄚˊ ㄐㄧㄝ ㄈㄚˇ
苑裡鎮,1,ㄩㄢˋ ㄌㄧˇ ㄓㄣˋ
苕之華,1,ㄊㄧㄠˊ ㄓ ㄏㄨㄚˊ
苕華玉,1,ㄊㄧㄠˊ ㄏㄨㄚˊ ㄩˋ
苛性鹽,1,ㄎㄜ ㄒㄧㄥˋ ㄧㄢˊ
若而人,1,ㄖㄨㄛˋ ㄦˊ ㄖㄣˊ
若耶溪,1,ㄖㄨㄛˋ ㄧㄝˊ ㄒㄧ
苦啾啾,1,ㄎㄨˇ ㄐㄧㄡ ㄐㄧㄡ
苦孜孜,1,ㄎㄨˇ ㄗ ㄗ
苦寒行,1,ㄎㄨˇ ㄏㄢˊ ㄒㄧㄥˊ
苦差事,1,ㄎㄨˇ ㄔㄞ ㄕ˙
苦楝子,1,ㄎㄨˇ ㄌㄧㄢˋ ㄗˇ
苦瓠子,1,ㄎㄨˇ ㄏㄨˋ ㄗ˙
苦腦子,1,ㄎㄨˇ ㄋㄠˇ ㄗ˙
苦苣苔,1,ㄎㄨˇ ㄐㄩˋ ㄊㄞˊ
苦茶油,1,ㄎㄨˇ ㄔㄚˊ ㄧㄡˊ
苦著臉,1,ㄎㄨˇ ㄓㄜ˙ ㄌㄧㄢˇ
苦買賣,1,ㄎㄨˇ ㄇㄞˇ ㄇㄞ˙
英仙座,1,ㄧㄥ ㄒㄧㄢ ㄗㄨㄛˋ
英國管,1,ㄧㄥ ㄍㄨㄛˊ ㄍㄨㄢˇ
英雄樹,1,ㄧㄥ ㄒㄩㄥˊ ㄕㄨˋ
范公堤,1,ㄈㄢˋ ㄍㄨㄥ ㄊㄧˊ
范履霜,1,ㄈㄢˋ ㄌㄩˇ ㄕㄨㄤ
范成大,1,ㄈㄢˋ ㄔㄥˊ ㄉㄚˋ
茅廁坑,1,ㄇㄠˊ ㄙ˙ ㄎㄥ
茅柴酒,1,ㄇㄠˊ ㄔㄞˊ ㄐㄧㄡˇ
茅膏菜,1,ㄇㄠˊ ㄍㄠ ㄘㄞˋ
茨實米,1,ㄘˊ ㄕˊ ㄇㄧˇ
茭白筍,1,ㄐㄧㄠ ㄅㄞˊ ㄙㄨㄣˇ
茯苓糕,1,ㄈㄨˊ ㄌㄧㄥˊ ㄍㄠ
茯苓菜,1,ㄈㄨˊ ㄌㄧㄥˊ ㄘㄞˋ
茯苓霜,1,ㄈㄨˊ ㄌㄧㄥˊ ㄕㄨㄤ
茱萸會,1,ㄓㄨ ㄩˊ ㄏㄨㄟˋ
茱麗葉,1,ㄓㄨ ㄌㄧˋ ㄧㄝˋ
茲啟者,1,ㄗ ㄑㄧˇ ㄓㄜˇ
茲懇者,1,ㄗ ㄎㄣˇ ㄓㄜˇ
茲肅者,1,ㄗ ㄙㄨˋ ㄓㄜˇ
茵夢湖,1,ㄧㄣ ㄇㄥˋ ㄏㄨˊ
茵陳蒿,1,ㄧㄣ ㄔㄣˊ ㄏㄠ
茶博士,1,ㄔㄚˊ ㄅㄛˊ ㄕˋ
茶局子,1,ㄔㄚˊ ㄐㄩˊ ㄗ˙
茶毛蟲,1,ㄔㄚˊ ㄇㄠˊ ㄔㄨㄥˊ
茶水錢,1,ㄔㄚˊ ㄕㄨㄟ˙ ㄑㄧㄢˊ
茶湯會,1,ㄔㄚˊ ㄊㄤ ㄏㄨㄟˋ
茶碾子,1,ㄔㄚˊ ㄋㄧㄢˇ ㄗ˙
茶精油,1,ㄔㄚˊ ㄐㄧㄥ ㄧㄡˊ
茶缸子,1,ㄔㄚˊ ㄍㄤ ㄗ˙
茶葉鹼,1,ㄔㄚˊ ㄧㄝˋ ㄐㄧㄢˇ
茶藝館,1,ㄔㄚˊ ㄧˋ ㄍㄨㄢˇ
茶馬市,1,ㄔㄚˊ ㄇㄚˇ ㄕˋ
茶麵子,1,ㄔㄚˊ ㄇㄧㄢˋ ㄗ˙
荀令香,1,ㄒㄩㄣˊ ㄌㄧㄥˋ ㄒㄧㄤ
草上霜,1,ㄘㄠˇ ㄕㄤˋ ㄕㄨㄤ
草上飛,1,ㄘㄠˇ ㄕㄤˋ ㄈㄟ
草團瓢,1,ㄘㄠˇ ㄊㄨㄢˊ ㄆㄧㄠˊ
草墊子,1,ㄘㄠˇ ㄉㄧㄢˋ ㄗ˙
草字彙,1,ㄘㄠˇ ㄗˋ ㄏㄨㄟˋ
草實枳,1,ㄘㄠˇ ㄕˊ ㄓˇ
草屯鎮,1,ㄘㄠˇ ㄊㄨㄣˊ ㄓㄣˋ
草帽緶,1,ㄘㄠˇ ㄇㄠˋ ㄅㄧㄢˋ
草木樨,1,ㄘㄠˇ ㄇㄨˋ ㄒㄧ
草橋店,1,ㄘㄠˇ ㄑㄧㄠˊ ㄉㄧㄢˋ
草澤醫,1,ㄘㄠˇ ㄗㄜˊ ㄧ
草甸子,1,ㄘㄠˇ ㄉㄧㄢˋ ㄗ˙
草石蠶,1,ㄘㄠˇ ㄕˊ ㄘㄢˊ
草窩棚,1,ㄘㄠˇ ㄨㄛ ㄆㄥˊ
草紇繨,1,ㄘㄠˇ ㄍㄜ ㄉㄚ˙
草葉集,1,ㄘㄠˇ ㄧㄝˋ ㄐㄧˊ
草蜘蛛,1,ㄘㄠˇ ㄓ ㄓㄨ
草蜻蛉,1,ㄘㄠˇ ㄑㄧㄥ ㄌㄧㄥˊ
草質莖,1,ㄘㄠˇ ㄓˊ ㄐㄧㄥ
草雞毛,1,ㄘㄠˇ ㄐㄧ ㄇㄠˊ
草雞蛋,1,ㄘㄠˇ ㄐㄧ ㄉㄢˋ
草鞋親,1,ㄘㄠˇ ㄒㄧㄝˊ ㄑㄧㄣ
草鞋錢,1,ㄘㄠˇ ㄒㄧㄝˊ ㄑㄧㄢˊ
草頭神,1,ㄘㄠˇ ㄊㄡˊ ㄕㄣˊ
草頭藥,1,ㄘㄠˇ ㄊㄡˊ ㄧㄠˋ
草頭露,1,ㄘㄠˇ ㄊㄡˊ ㄌㄨˋ
荊川集,1,ㄐㄧㄥ ㄔㄨㄢ ㄐㄧˊ
荊棘律,1,ㄐㄧㄥ ㄐㄧˊ ㄌㄩˋ
荒冗冗,1,ㄏㄨㄤ ㄖㄨㄥˇ ㄖㄨㄥˇ
荒地稅,1,ㄏㄨㄤ ㄉㄧˋ ㄕㄨㄟˋ
荒年穀,1,ㄏㄨㄤ ㄋㄧㄢˊ ㄍㄨˇ
荒謬劇,1,ㄏㄨㄤ ㄇㄧㄡˋ ㄐㄩˋ
荔枝奴,1,ㄌㄧˋ ㄓ ㄋㄨˊ
荳芽菜,1,ㄉㄡˋ ㄧㄚˊ ㄘㄞˋ
荷珠配,1,ㄏㄜˊ ㄓㄨ ㄆㄟˋ
荷花燈,1,ㄏㄜˊ ㄏㄨㄚ ㄉㄥ
荷葉肉,1,ㄏㄜˊ ㄧㄝˋ ㄖㄡˋ
荷蘭水,1,ㄏㄜˊ ㄌㄢˊ ㄕㄨㄟˇ
荷蘭豆,1,ㄏㄜˊ ㄌㄢˊ ㄉㄡˋ
荷蘭豬,1,ㄏㄜˊ ㄌㄢˊ ㄓㄨ
莆仙戲,1,ㄆㄨˊ ㄒㄧㄢ ㄒㄧˋ
莆田縣,1,ㄆㄨˊ ㄊㄧㄢˊ ㄒㄧㄢˋ
莊稼人,1,ㄓㄨㄤ ㄐㄧㄚ˙ ㄖㄣˊ
莊稼地,1,ㄓㄨㄤ ㄐㄧㄚ˙ ㄉㄧˋ
莊稼漢,1,ㄓㄨㄤ ㄐㄧㄚ˙ ㄏㄢˋ
莎樂美,1,ㄕㄚ ㄌㄜˋ ㄇㄟˇ
莎車縣,1,ㄕㄚ ㄔㄜ ㄒㄧㄢˋ
莒光樓,1,ㄐㄩˇ ㄍㄨㄤ ㄌㄡˊ
莫不是,1,ㄇㄛˋ ㄅㄨˋ ㄕˋ
莫干山,1,ㄇㄛˋ ㄍㄢ ㄕㄢ
莫愁湖,1,ㄇㄛˋ ㄔㄡˊ ㄏㄨˊ
莫敢是,1,ㄇㄛˋ ㄍㄢˇ ㄕˋ
莫逆交,1,ㄇㄛˋ ㄋㄧˋ ㄐㄧㄠ
莫里葉,1,ㄇㄛˋ ㄌㄧˇ ㄧㄝˋ
莫難道,1,ㄇㄛˋ ㄋㄢˊ ㄉㄠˋ
莫高窟,1,ㄇㄛˋ ㄍㄠ ㄎㄨ
莽古歹,1,ㄇㄤˇ ㄍㄨˇ ㄉㄞˇ
莽大夫,1,ㄇㄤˇ ㄉㄚˋ ㄈㄨ
莽灌夫,1,ㄇㄤˇ ㄍㄨㄢˋ ㄈㄨ
菁芳草,1,ㄐㄧㄥ ㄈㄤ ㄘㄠˇ
菉豆眼,1,ㄌㄩˋ ㄉㄡˋ ㄧㄢˇ
菊池寬,1,ㄐㄩˊ ㄔˊ ㄎㄨㄢ
菊花酒,1,ㄐㄩˊ ㄏㄨㄚ ㄐㄧㄡˇ
菌原體,1,ㄐㄩㄣˋ ㄩㄢˊ ㄊㄧˇ
菌血症,1,ㄐㄩㄣˋ ㄒㄧㄝˇ ㄓㄥˋ
菖蒲蓮,1,ㄔㄤ ㄆㄨˊ ㄌㄧㄢˊ
菖蒲酒,1,ㄔㄤ ㄆㄨˊ ㄐㄧㄡˇ
菜市口,1,ㄘㄞˋ ㄕ˙ ㄎㄡˇ
菜殼子,1,ㄘㄞˋ ㄎㄜˊ ㄗ˙
菜油燈,1,ㄘㄞˋ ㄧㄡˊ ㄉㄥ
菜盒子,1,ㄘㄞˋ ㄏㄜˊ ㄗ˙
菜虎子,1,ㄘㄞˋ ㄏㄨˇ ㄗ˙
菜鴿子,1,ㄘㄞˋ ㄍㄜ ㄗ˙
菟絲子,1,ㄊㄨˋ ㄙ ㄗˇ
菠稜菜,1,ㄅㄛ ㄌㄥˊ ㄘㄞˋ
華勒沙,1,ㄏㄨㄚˊ ㄌㄜˋ ㄕㄚ
華山碑,1,ㄏㄨㄚˋ ㄕㄢ ㄅㄟ
華清宮,1,ㄏㄨㄚˊ ㄑㄧㄥ ㄍㄨㄥ
華爾滋,1,ㄏㄨㄚˊ ㄦˇ ㄗ
華胥世,1,ㄏㄨㄚˊ ㄒㄩ ㄕˋ
華胥調,1,ㄏㄨㄚˊ ㄒㄩ ㄉㄧㄠˋ
華萊士,1,ㄏㄨㄚˊ ㄌㄞˊ ㄕˋ
華陰縣,1,ㄏㄨㄚˋ ㄧㄣ ㄒㄧㄢˋ
華陽縣,1,ㄏㄨㄚˊ ㄧㄤˊ ㄒㄧㄢˋ
華頂峰,1,ㄏㄨㄚˊ ㄉㄧㄥˇ ㄈㄥ
菱花鏡,1,ㄌㄧㄥˊ ㄏㄨㄚ ㄐㄧㄥˋ
菱鋅礦,1,ㄌㄧㄥˊ ㄒㄧㄣ ㄎㄨㄤˋ
菱鎂礦,1,ㄌㄧㄥˊ ㄇㄟˇ ㄎㄨㄤˋ
菱鐵礦,1,ㄌㄧㄥˊ ㄊㄧㄝˇ ㄎㄨㄤˋ
菲人事,1,ㄈㄟˇ ㄖㄣˊ ㄕˋ
菸屁股,1,ㄧㄢ ㄆㄧˋ ㄍㄨˇ
菸斗絲,1,ㄧㄢ ㄉㄡˇ ㄙ
菸灰缸,1,ㄧㄢ ㄏㄨㄟ ㄍㄤ
菸紙店,1,ㄧㄢ ㄓˇ ㄉㄧㄢˋ
菸酒稅,1,ㄧㄢ ㄐㄧㄡˇ ㄕㄨㄟˋ
菸鹼酸,1,ㄧㄢ ㄐㄧㄢˇ ㄙㄨㄢ
萊公竹,1,ㄌㄞˊ ㄍㄨㄥ ㄓㄨˊ
萊姆果,1,ㄌㄞˊ ㄇㄨˇ ㄍㄨㄛˇ
萊姆酒,1,ㄌㄞˊ ㄇㄨˇ ㄐㄧㄡˇ
萊陽縣,1,ㄌㄞˊ ㄧㄤˊ ㄒㄧㄢˋ
萍鄉縣,1,ㄆㄧㄥˊ ㄒㄧㄤ ㄒㄧㄢˋ
萬人坑,1,ㄨㄢˋ ㄖㄣˊ ㄎㄥ
萬人迷,1,ㄨㄢˋ ㄖㄣˊ ㄇㄧˊ
萬元戶,1,ㄨㄢˋ ㄩㄢˊ ㄏㄨˋ
萬國旗,1,ㄨㄢˋ ㄍㄨㄛˊ ㄑㄧˊ
萬壽菊,1,ㄨㄢˋ ㄕㄡˋ ㄐㄩˊ
萬寶囊,1,ㄨㄢˋ ㄅㄠˇ ㄋㄤˊ
萬寶常,1,ㄨㄢˋ ㄅㄠˇ ㄔㄤˊ
萬巒鄉,1,ㄨㄢˋ ㄌㄨㄢˊ ㄒㄧㄤ
萬戶侯,1,ㄨㄢˋ ㄏㄨˋ ㄏㄡˊ
萬斯同,1,ㄨㄢˋ ㄙ ㄊㄨㄥˊ
萬杞良,1,ㄨㄢˋ ㄑㄧˇ ㄌㄧㄤˊ
萬步表,1,ㄨㄢˋ ㄅㄨˋ ㄅㄧㄠˇ
萬歲爺,1,ㄨㄢˋ ㄙㄨㄟˋ ㄧㄝˊ
萬民傘,1,ㄨㄢˋ ㄇㄧㄣˊ ㄙㄢˇ
萬能膠,1,ㄨㄢˋ ㄋㄥˊ ㄐㄧㄠ
萬言書,1,ㄨㄢˋ ㄧㄢˊ ㄕㄨ
萬里侯,1,ㄨㄢˋ ㄌㄧˇ ㄏㄡˊ
落不是,1,ㄌㄠˋ ㄅㄨˋ ㄕ˙
落不的,1,ㄌㄠˋ ㄅㄨˋ ㄉㄜ˙
落了灶,1,ㄌㄨㄛˋ ㄌㄜ˙ ㄗㄠˋ
落便宜,1,ㄌㄨㄛˋ ㄆㄧㄢˊ ㄧˊ
落可便,1,ㄌㄨㄛˋ ㄎㄜˇ ㄅㄧㄢˋ
落地幫,1,ㄌㄨㄛˋ ㄉㄧˋ ㄅㄤ
落地罩,1,ㄌㄠˋ ㄉㄧ˙ ㄓㄠˋ
落子館,1,ㄌㄠˋ ㄗ˙ ㄍㄨㄢˇ
落孫山,1,ㄌㄨㄛˋ ㄙㄨㄣ ㄕㄢ
落梅風,1,ㄌㄨㄛˋ ㄇㄟˊ ㄈㄥ
落水管,1,ㄌㄨㄛˋ ㄕㄨㄟˇ ㄍㄨㄢˇ
落白事,1,ㄌㄠˋ ㄅㄞˊ ㄕˋ
落背弓,1,ㄌㄨㄛˋ ㄅㄟˋ ㄍㄨㄥ
落腮鬍,1,ㄌㄨㄛˋ ㄙㄞ ㄏㄨˊ
落腳貨,1,ㄌㄨㄛˋ ㄐㄧㄠˇ ㄏㄨㄛˋ
落腳點,1,ㄌㄨㄛˋ ㄐㄧㄠˇ ㄉㄧㄢˇ
落葉林,1,ㄌㄨㄛˋ ㄧㄝˋ ㄌㄧㄣˊ
落著臉,1,ㄌㄨㄛˋ ㄓㄜ˙ ㄌㄧㄢˇ
落虧欠,1,ㄌㄨㄛˋ ㄎㄨㄟ ㄑㄧㄢˋ
落褒貶,1,ㄌㄠˋ ㄅㄠ ㄅㄧㄢ˙
落解粥,1,ㄌㄨㄛˋ ㄐㄧㄝˇ ㄓㄡ
落鼻祖,1,ㄌㄨㄛˋ ㄅㄧˊ ㄗㄨˇ
葉下珠,1,ㄧㄝˋ ㄒㄧㄚˋ ㄓㄨ
葉名琛,1,ㄧㄝˋ ㄇㄧㄥˊ ㄔㄣ
葉城縣,1,ㄧㄝˋ ㄔㄥˊ ㄒㄧㄢˋ
葉天士,1,ㄧㄝˋ ㄊㄧㄢ ㄕˋ
葉子戲,1,ㄧㄝˋ ㄗ˙ ㄒㄧˋ
葉子格,1,ㄧㄝˋ ㄗˇ ㄍㄜˊ
葉子菸,1,ㄧㄝˋ ㄗ˙ ㄧㄢ
葉德輝,1,ㄧㄝˋ ㄉㄜˊ ㄏㄨㄟ
葉憲祖,1,ㄧㄝˋ ㄒㄧㄢˋ ㄗㄨˇ
葉成忠,1,ㄧㄝˋ ㄔㄥˊ ㄓㄨㄥ
葉爾羌,1,ㄧㄝˋ ㄦˇ ㄑㄧㄤ
葉狀體,1,ㄧㄝˋ ㄓㄨㄤˋ ㄊㄧˇ
葉甜菜,1,ㄧㄝˋ ㄊㄧㄢˊ ㄘㄞˋ
葉盛蘭,1,ㄧㄝˋ ㄕㄥˋ ㄌㄢˊ
葉紅素,1,ㄧㄝˋ ㄏㄨㄥˊ ㄙㄨˋ
葉菜類,1,ㄧㄝˋ ㄘㄞˋ ㄌㄟˋ
葉蠟石,1,ㄧㄝˋ ㄌㄚˋ ㄕˊ
葉鏽病,1,ㄧㄝˋ ㄒㄧㄡˋ ㄅㄧㄥˋ
葉黃素,1,ㄧㄝˋ ㄏㄨㄤˊ ㄙㄨˋ
著作郎,1,ㄓㄨˋ ㄗㄨㄛˋ ㄌㄤˊ
著先鞭,1,ㄓㄨㄛˊ ㄒㄧㄢ ㄅㄧㄢ
著手腳,1,ㄓㄠˊ ㄕㄡˇ ㄐㄧㄠˇ
著疼熱,1,ㄓㄨㄛˊ ㄊㄥˊ ㄖㄜˋ
著衣鏡,1,ㄓㄨㄛˊ ㄧ ㄐㄧㄥˋ
葛仙米,1,ㄍㄜˇ ㄒㄧㄢ ㄇㄧˇ
葛仙翁,1,ㄍㄜˇ ㄒㄧㄢ ㄨㄥ
葛巴丁,1,ㄍㄜˊ ㄅㄚ ㄉㄧㄥ
葡萄灰,1,ㄆㄨˊ ㄊㄠˊ ㄏㄨㄟ
葡萄紫,1,ㄆㄨˊ ㄊㄠˊ ㄗˇ
葡萄綠,1,ㄆㄨˊ ㄊㄠˊ ㄌㄩˋ
董其昌,1,ㄉㄨㄥˇ ㄑㄧˊ ㄔㄤ
董狐筆,1,ㄉㄨㄥˇ ㄏㄨˊ ㄅㄧˇ
董監事,1,ㄉㄨㄥˇ ㄐㄧㄢ ㄕˋ
董西廂,1,ㄉㄨㄥˇ ㄒㄧ ㄒㄧㄤ
葫蘆島,1,ㄏㄨˊ ㄌㄨˊ ㄉㄠˇ
葫蘆提,1,ㄏㄨˊ ㄌㄨˊ ㄊㄧˊ
葫蘆架,1,ㄏㄨˊ ㄌㄨˊ ㄐㄧㄚˋ
葫蘆科,1,ㄏㄨˊ ㄌㄨˊ ㄎㄜ
葫蘆笙,1,ㄏㄨˊ ㄌㄨˊ ㄕㄥ
葷笑話,1,ㄏㄨㄣ ㄒㄧㄠˋ ㄏㄨㄚ˙
蒙古斑,1,ㄇㄥˊ ㄍㄨˇ ㄅㄢ
蒙故業,1,ㄇㄥˊ ㄍㄨˋ ㄧㄝˋ
蒙霧露,1,ㄇㄥˊ ㄨˋ ㄌㄨˋ
蒜條金,1,ㄙㄨㄢˋ ㄊㄧㄠˊ ㄐㄧㄣ
蒜球精,1,ㄙㄨㄢˋ ㄑㄧㄡˊ ㄐㄧㄥ
蒜辮子,1,ㄙㄨㄢˋ ㄅㄧㄢˋ ㄗ˙
蒲江縣,1,ㄆㄨˊ ㄐㄧㄤ ㄒㄧㄢˋ
蒲窩子,1,ㄆㄨˊ ㄨㄛ ㄗ˙
蒲笨車,1,ㄆㄨˊ ㄅㄣˋ ㄔㄜ
蒲葵扇,1,ㄆㄨˊ ㄎㄨㄟˊ ㄕㄢˋ
蒸氣壓,1,ㄓㄥ ㄑㄧˋ ㄧㄚ
蒸汽船,1,ㄓㄥ ㄑㄧˋ ㄔㄨㄢˊ
蒸發熱,1,ㄓㄥ ㄈㄚ ㄖㄜˋ
蒸餾器,1,ㄓㄥ ㄌㄧㄡˋ ㄑㄧˋ
蒸餾法,1,ㄓㄥ ㄌㄧㄡˋ ㄈㄚˇ
蒸餾瓶,1,ㄓㄥ ㄌㄧㄡˋ ㄆㄧㄥˊ
蒸餾酒,1,ㄓㄥ ㄌㄧㄡˋ ㄐㄧㄡˇ
蒼梧縣,1,ㄘㄤ ㄨˊ ㄒㄧㄢˋ
蒼蠅紙,1,ㄘㄤ ㄧㄥ˙ ㄓˇ
蓆蓋子,1,ㄒㄧˊ ㄍㄞˋ ㄗ˙
蓋天板,1,ㄍㄞˋ ㄊㄧㄢ ㄅㄢˇ
蓋火鍋,1,ㄍㄞˋ ㄏㄨㄛˇ ㄍㄨㄛ
蓋然性,1,ㄍㄞˋ ㄖㄢˊ ㄒㄧㄥˋ
蓖麻蠶,1,ㄅㄧˋ ㄇㄚˊ ㄘㄢˊ
蓬室居,1,ㄆㄥˊ ㄕˋ ㄐㄩ
蓬戶士,1,ㄆㄥˊ ㄏㄨˋ ㄕˋ
蓬溪縣,1,ㄆㄥˊ ㄒㄧ ㄒㄧㄢˋ
蓬萊宮,1,ㄆㄥˊ ㄌㄞˊ ㄍㄨㄥ
蓬萊縣,1,ㄆㄥˊ ㄌㄞˊ ㄒㄧㄢˋ
蓬蒿人,1,ㄆㄥˊ ㄏㄠ ㄖㄣˊ
蓬蓬然,1,ㄆㄥˊ ㄆㄥˊ ㄖㄢˊ
蓬頭鬼,1,ㄆㄥˊ ㄊㄡˊ ㄍㄨㄟˇ
蓮子花,1,ㄌㄧㄢˊ ㄗˇ ㄏㄨㄚ
蓮花樂,1,ㄌㄧㄢˊ ㄏㄨㄚ ㄌㄜˋ
蓮花漏,1,ㄌㄧㄢˊ ㄏㄨㄚ ㄌㄡˋ
蓮華衣,1,ㄌㄧㄢˊ ㄏㄨㄚ ㄧ
蓮蓬頭,1,ㄌㄧㄢˊ ㄆㄥ˙ ㄊㄡˊ
蔓綠絨,1,ㄇㄢˋ ㄌㄩˋ ㄖㄨㄥˊ
蔡中郎,1,ㄘㄞˋ ㄓㄨㄥ ㄌㄤˊ
蔡伯喈,1,ㄘㄞˋ ㄅㄛˊ ㄐㄧㄝ
蔡侯紙,1,ㄘㄞˋ ㄏㄡˊ ㄓˇ
蔡錫勇,1,ㄘㄞˋ ㄒㄧˊ ㄩㄥˇ
蔣士銓,1,ㄐㄧㄤˇ ㄕˋ ㄑㄩㄢˊ
蔣夢麟,1,ㄐㄧㄤˇ ㄇㄥˋ ㄌㄧㄣˊ
蔣廷錫,1,ㄐㄧㄤˇ ㄊㄧㄥˊ ㄒㄧˊ
蔣方震,1,ㄐㄧㄤˇ ㄈㄤ ㄓㄣˋ
蔣春霖,1,ㄐㄧㄤˇ ㄔㄨㄣ ㄌㄧㄣˊ
蔣百里,1,ㄐㄧㄤˇ ㄅㄛˊ ㄌㄧˇ
蔥鬍子,1,ㄘㄨㄥ ㄏㄨˊ ㄗ˙
蔫不唧,1,ㄋㄧㄢ ㄅㄨˋ ㄐㄧ
蔫呼呼,1,ㄋㄧㄢ ㄏㄨ ㄏㄨ
蔫土匪,1,ㄋㄧㄢ ㄊㄨˇ ㄈㄟˇ
蔬茹氣,1,ㄕㄨ ㄖㄨˊ ㄑㄧˋ
蔽形術,1,ㄅㄧˋ ㄒㄧㄥˊ ㄕㄨˋ
蕈狀雲,1,ㄒㄩㄣˋ ㄓㄨㄤˋ ㄩㄣˊ
蕉嶺縣,1,ㄐㄧㄠ ㄌㄧㄥˇ ㄒㄧㄢˋ
蕉鹿夢,1,ㄐㄧㄠ ㄌㄨˋ ㄇㄥˋ
蕊珠宮,1,ㄖㄨㄟˇ ㄓㄨ ㄍㄨㄥ
蕊珠經,1,ㄖㄨㄟˇ ㄓㄨ ㄐㄧㄥ
蕎麥皮,1,ㄑㄧㄠˊ ㄇㄞˋ ㄆㄧˊ
蕩悠悠,1,ㄉㄤˋ ㄧㄡ ㄧㄡ
蕪湖縣,1,ㄨˊ ㄏㄨˊ ㄒㄧㄢˋ
蕭道成,1,ㄒㄧㄠ ㄉㄠˋ ㄔㄥˊ
薄伽丘,1,ㄅㄛˊ ㄑㄧㄝˊ ㄑㄧㄡ
薄伽尼,1,ㄅㄛˊ ㄑㄧㄝˊ ㄋㄧˊ
薄倖人,1,ㄅㄛˊ ㄒㄧㄥˋ ㄖㄣˊ
薄命女,1,ㄅㄛˊ ㄇㄧㄥˋ ㄋㄩˇ
薄怯怯,1,ㄅㄛˊ ㄑㄩㄝˋ ㄑㄩㄝˋ
薄溼溼,1,ㄅㄛˊ ㄕ ㄕ
薄片子,1,ㄅㄛˊ ㄆㄧㄢˋ ㄗ˙
薄荷油,1,ㄅㄛˋ ㄏㄜ˙ ㄧㄡˊ
薄荷精,1,ㄅㄛˋ ㄏㄜ˙ ㄐㄧㄥ
薄荷腦,1,ㄅㄛˋ ㄏㄜ˙ ㄋㄠˇ
薏苡仁,1,ㄧˋ ㄧˇ ㄖㄣˊ
薔薇硝,1,ㄑㄧㄤˊ ㄨㄟˊ ㄒㄧㄠ
薔薇科,1,ㄑㄧㄤˊ ㄨㄟˊ ㄎㄜ
薔薇露,1,ㄑㄧㄤˊ ㄨㄟˊ ㄌㄨˋ
薙髮令,1,ㄊㄧˋ ㄈㄚˇ ㄌㄧㄥˋ
薛仁貴,1,ㄒㄩㄝ ㄖㄣˊ ㄍㄨㄟˋ
薛居正,1,ㄒㄩㄝ ㄐㄩ ㄓㄥˋ
薛延陀,1,ㄒㄩㄝ ㄧㄢˊ ㄊㄨㄛˊ
薛濤箋,1,ㄒㄩㄝ ㄊㄠˊ ㄐㄧㄢ
薛道衡,1,ㄒㄩㄝ ㄉㄠˋ ㄏㄥˊ
薦寢席,1,ㄐㄧㄢˋ ㄑㄧㄣˇ ㄒㄧˊ
薦新祭,1,ㄐㄧㄢˋ ㄒㄧㄣ ㄐㄧˋ
薦枕席,1,ㄐㄧㄢˋ ㄓㄣˇ ㄒㄧˊ
薦頭店,1,ㄐㄧㄢˋ ㄊㄡ˙ ㄉㄧㄢˋ
薩克管,1,ㄙㄚˋ ㄎㄜˋ ㄍㄨㄢˇ
薩克號,1,ㄙㄚˋ ㄎㄜˋ ㄏㄠˋ
薩其馬,1,ㄙㄚˋ ㄑㄧˊ ㄇㄚˇ
薩滿教,1,ㄙㄚˋ ㄇㄢˇ ㄐㄧㄠˋ
薩爾河,1,ㄙㄚˋ ㄦˇ ㄏㄜˊ
薩迦派,1,ㄙㄚˋ ㄐㄧㄚ ㄆㄞˋ
薩都剌,1,ㄙㄚˋ ㄉㄨ ㄌㄚˋ
藍姑草,1,ㄌㄢˊ ㄍㄨ ㄘㄠˇ
藍普燈,1,ㄌㄢˊ ㄆㄨˇ ㄉㄥ
藍晶晶,1,ㄌㄢˊ ㄐㄧㄥ ㄐㄧㄥ
藍晶石,1,ㄌㄢˊ ㄐㄧㄥ ㄕˊ
藍橋會,1,ㄌㄢˊ ㄑㄧㄠˊ ㄏㄨㄟˋ
藍田玉,1,ㄌㄢˊ ㄊㄧㄢˊ ㄩˋ
藍蔭鼎,1,ㄌㄢˊ ㄧㄣˋ ㄉㄧㄥˇ
藍蝴蝶,1,ㄌㄢˊ ㄏㄨˊ ㄉㄧㄝˊ
藍采和,1,ㄌㄢˊ ㄘㄞˇ ㄏㄜˊ
藍鬍子,1,ㄌㄢˊ ㄏㄨˊ ㄗ˙
藍點頦,1,ㄌㄢˊ ㄉㄧㄢˇ ㄏㄞˊ
藍鼓藻,1,ㄌㄢˊ ㄍㄨˇ ㄗㄠˇ
藏室史,1,ㄘㄤˊ ㄕˋ ㄕˇ
藏書票,1,ㄘㄤˊ ㄕㄨ ㄆㄧㄠˋ
藏精器,1,ㄘㄤˊ ㄐㄧㄥ ㄑㄧˋ
藏紅花,1,ㄗㄤˋ ㄏㄨㄥˊ ㄏㄨㄚ
藏針縫,1,ㄘㄤˊ ㄓㄣ ㄈㄥˊ
藐姑射,1,ㄇㄧㄠˇ ㄍㄨ ㄧㄝˋ
藝術字,1,ㄧˋ ㄕㄨˋ ㄗˋ
藝術季,1,ㄧˋ ㄕㄨˋ ㄐㄧˋ
藥吊子,1,ㄧㄠˋ ㄉㄧㄠˋ ㄗ˙
藥師佛,1,ㄧㄠˋ ㄕ ㄈㄛˊ
藥師節,1,ㄧㄠˋ ㄕ ㄐㄧㄝˊ
藥性氣,1,ㄧㄠˋ ㄒㄧㄥˋ ㄑㄧˋ
藥捻子,1,ㄧㄠˋ ㄋㄧㄢˇ ㄗ˙
藥衣子,1,ㄧㄠˋ ㄧ ㄗ˙
藺相如,1,ㄌㄧㄣˋ ㄒㄧㄤ ㄖㄨˊ
藻紅素,1,ㄗㄠˇ ㄏㄨㄥˊ ㄙㄨˋ
藿香薊,1,ㄏㄨㄛˋ ㄒㄧㄤ ㄐㄧˋ
蘆花蕩,1,ㄌㄨˊ ㄏㄨㄚ ㄉㄤˋ
蘆花衣,1,ㄌㄨˊ ㄏㄨㄚ ㄧ
蘆花雞,1,ㄌㄨˊ ㄏㄨㄚ ㄐㄧ
蘇公隄,1,ㄙㄨ ㄍㄨㄥ ㄊㄧˊ
蘇合香,1,ㄙㄨ ㄏㄜˊ ㄒㄧㄤ
蘇子油,1,ㄙㄨ ㄗ˙ ㄧㄡˊ
蘇小妹,1,ㄙㄨ ㄒㄧㄠˇ ㄇㄟˋ
蘇州片,1,ㄙㄨ ㄓㄡ ㄆㄧㄢˋ
蘇德曼,1,ㄙㄨ ㄉㄜˊ ㄇㄢˋ
蘇爾奈,1,ㄙㄨ ㄦˇ ㄋㄞˋ
蘇舜欽,1,ㄙㄨ ㄕㄨㄣˋ ㄑㄧㄣ
蘇黎士,1,ㄙㄨ ㄌㄧˊ ㄕˋ
蘋果臉,1,ㄆㄧㄥˊ ㄍㄨㄛˇ ㄌㄧㄢˇ
蘋果酸,1,ㄆㄧㄥˊ ㄍㄨㄛˇ ㄙㄨㄢ
蘧伯玉,1,ㄑㄩˊ ㄅㄛˊ ㄩˋ
蘭亭帖,1,ㄌㄢˊ ㄊㄧㄥˊ ㄊㄧㄝˋ
蘭亭序,1,ㄌㄢˊ ㄊㄧㄥˊ ㄒㄩˋ
蘭亭會,1,ㄌㄢˊ ㄊㄧㄥˊ ㄏㄨㄟˋ
蘭姆酒,1,ㄌㄢˊ ㄇㄨˇ ㄐㄧㄡˇ
蘭花手,1,ㄌㄢˊ ㄏㄨㄚ ㄕㄡˇ
蘭花指,1,ㄌㄢˊ ㄏㄨㄚ ㄓˇ
蘭花煙,1,ㄌㄢˊ ㄏㄨㄚ˙ ㄧㄢ
蘭葉描,1,ㄌㄢˊ ㄧㄝˋ ㄇㄧㄠˊ
蘭葉撇,1,ㄌㄢˊ ㄧㄝˋ ㄆㄧㄝˇ
蘭蕙質,1,ㄌㄢˊ ㄏㄨㄟˋ ㄓˊ
蘭開夏,1,ㄌㄢˊ ㄎㄞ ㄒㄧㄚˋ
蘭陵酒,1,ㄌㄢˊ ㄌㄧㄥˊ ㄐㄧㄡˇ
蘿芙木,1,ㄌㄨㄛˊ ㄈㄨˊ ㄇㄨˋ
蘿蔔精,1,ㄌㄨㄛˊ ㄅㄛ˙ ㄐㄧㄥ
蘿蔔糕,1,ㄌㄨㄛˊ ㄅㄛ˙ ㄍㄠ
蘿蔔頭,1,ㄌㄨㄛˊ ㄅㄛ˙ ㄊㄡˊ
虎不拉,1,ㄏㄨˇ ㄅㄨ˙ ㄌㄚ
虎克黨,1,ㄏㄨˇ ㄎㄜˋ ㄉㄤˇ
虎剌孩,1,ㄏㄨˇ ㄌㄚˋ ㄏㄞˊ
虎咬豬,1,ㄏㄨˇ ㄧㄠˇ ㄓㄨ
虎尾鎮,1,ㄏㄨˇ ㄨㄟˇ ㄓㄣˋ
虎彪彪,1,ㄏㄨˇ ㄅㄧㄠ ㄅㄧㄠ
虎急急,1,ㄏㄨˇ ㄐㄧˊ ㄐㄧˊ
虎渡江,1,ㄏㄨˇ ㄉㄨˋ ㄐㄧㄤ
虎爪拳,1,ㄏㄨˇ ㄓㄠˇ ㄑㄩㄢˊ
虎爪豆,1,ㄏㄨˇ ㄓㄠˇ ㄉㄡˋ
虎牢關,1,ㄏㄨˇ ㄌㄠˊ ㄍㄨㄢ
虎甲蟲,1,ㄏㄨˇ ㄐㄧㄚˇ ㄔㄨㄥˊ
虎皮松,1,ㄏㄨˇ ㄆㄧˊ ㄙㄨㄥ
虎磕腦,1,ㄏㄨˇ ㄎㄜ ㄋㄠˇ
虎而冠,1,ㄏㄨˇ ㄦˊ ㄍㄨㄢˋ
虎臉子,1,ㄏㄨˇ ㄌㄧㄢˇ ㄗ˙
虎負嵎,1,ㄏㄨˇ ㄈㄨˋ ㄩˊ
虎辣八,1,ㄏㄨˇ ㄌㄚˋ ㄅㄚ
虎門港,1,ㄏㄨˇ ㄇㄣˊ ㄍㄤˇ
虎頭埤,1,ㄏㄨˇ ㄊㄡˊ ㄆㄧˊ
虎頭牌,1,ㄏㄨˇ ㄊㄡˊ ㄆㄞˊ
虎頭蘭,1,ㄏㄨˇ ㄊㄡˊ ㄌㄢˊ
虎頭鉗,1,ㄏㄨˇ ㄊㄡˊ ㄑㄧㄢˊ
虎頭門,1,ㄏㄨˇ ㄊㄡˊ ㄇㄣˊ
虎頭關,1,ㄏㄨˇ ㄊㄡˊ ㄍㄨㄢ
虎頭鞋,1,ㄏㄨˇ ㄊㄡˊ ㄒㄧㄝˊ
虔婆勢,1,ㄑㄧㄢˊ ㄆㄛˊ ㄕˋ
處理品,1,ㄔㄨˇ ㄌㄧˇ ㄆㄧㄣˇ
處窩子,1,ㄔㄨˇ ㄨㄛ˙ ㄗ˙
虛套子,1,ㄒㄩ ㄊㄠˋ ㄗ˙
虛字對,1,ㄒㄩ ㄗˋ ㄉㄨㄟˋ
虛擬站,1,ㄒㄩ ㄋㄧˇ ㄓㄢˋ
虛飄飄,1,ㄒㄩ ㄆㄧㄠ ㄆㄧㄠ
虞世南,1,ㄩˊ ㄕˋ ㄋㄢˊ
虞允文,1,ㄩˊ ㄩㄣˇ ㄨㄣˊ
虞山派,1,ㄩˊ ㄕㄢ ㄆㄞˋ
號召力,1,ㄏㄠˋ ㄓㄠˋ ㄌㄧˋ
號掛子,1,ㄏㄠˋ ㄍㄨㄚˋ ㄗ˙
號碼盤,1,ㄏㄠˋ ㄇㄚˇ ㄆㄢˊ
號筒子,1,ㄏㄠˋ ㄊㄨㄥˇ ㄗ˙
號誌燈,1,ㄏㄠˋ ㄓˋ ㄉㄥ
虧不盡,1,ㄎㄨㄟ ㄅㄨ˙ ㄐㄧㄣˋ
虯髯客,1,ㄑㄧㄡˊ ㄖㄢˊ ㄎㄜˋ
虹彩膜,1,ㄏㄨㄥˊ ㄘㄞˇ ㄇㄛˋ
虼螂皮,1,ㄍㄜˋ ㄌㄤˊ ㄆㄧˊ
蚌埠市,1,ㄅㄤˋ ㄈㄨˋ ㄕˋ
蚩尤戲,1,ㄔ ㄧㄡˊ ㄒㄧˋ
蚩尤旗,1,ㄔ ㄧㄡˊ ㄑㄧˊ
蚰蜒草,1,ㄧㄡˊ ㄧㄢˊ ㄘㄠˇ
蚵仔煎,1,ㄜˊ ㄗˇ ㄐㄧㄢ
蛇皮松,1,ㄕㄜˊ ㄆㄧˊ ㄙㄨㄥ
蛇紋石,1,ㄕㄜˊ ㄨㄣˊ ㄕˊ
蛋彩畫,1,ㄉㄢˋ ㄘㄞˇ ㄏㄨㄚˋ
蛋黃精,1,ㄉㄢˋ ㄏㄨㄤˊ ㄐㄧㄥ
蛓毛蟲,1,ㄘˋ ㄇㄠˊ ㄔㄨㄥˊ
蛔蟲症,1,ㄏㄨㄟˊ ㄔㄨㄥˊ ㄓㄥˋ
蛤蟆蹲,1,ㄏㄚˊ ㄇㄚ˙ ㄉㄨㄣ
蛾眉班,1,ㄜˊ ㄇㄟˊ ㄅㄢ
蛾眉豆,1,ㄜˊ ㄇㄟˊ ㄉㄡˋ
蜀素帖,1,ㄕㄨˇ ㄙㄨˋ ㄊㄧㄝˋ
蜀道難,1,ㄕㄨˇ ㄉㄠˋ ㄋㄢˊ
蜈蚣草,1,ㄨˊ ㄍㄨㄥ ㄘㄠˇ
蜈蚣陣,1,ㄨˊ ㄍㄨㄥ ㄓㄣˋ
蜘蛛綱,1,ㄓ ㄓㄨ ㄍㄤ
蜜丸子,1,ㄇㄧˋ ㄨㄢˊ ㄗ˙
蜜月期,1,ㄇㄧˋ ㄩㄝˋ ㄑㄧˊ
蜜林檎,1,ㄇㄧˋ ㄌㄧㄣˊ ㄑㄧㄣˊ
蜜果冰,1,ㄇㄧˋ ㄍㄨㄛˇ ㄅㄧㄥ
蜜橙糕,1,ㄇㄧˋ ㄔㄥˊ ㄍㄠ
蜜豆冰,1,ㄇㄧˋ ㄉㄡˋ ㄅㄧㄥ
蝕船蟲,1,ㄕˊ ㄔㄨㄢˊ ㄔㄨㄥˊ
蝙蝠人,1,ㄅㄧㄢ ㄈㄨˊ ㄖㄣˊ
蝦蟆子,1,ㄏㄚˊ ㄇㄚ˙ ㄗ˙
蝦蟆陵,1,ㄏㄚˊ ㄇㄚ˙ ㄌㄧㄥˊ
蝨空捫,1,ㄕ ㄎㄨㄥ ㄇㄣˊ
蝲蝲蛄,1,ㄌㄚˋ ㄌㄚˋ ㄍㄨ
蝴蝶夢,1,ㄏㄨˊ ㄉㄧㄝˊ ㄇㄥˋ
蝴蝶犬,1,ㄏㄨˊ ㄉㄧㄝˊ ㄑㄩㄢˇ
蝴蝶裝,1,ㄏㄨˊ ㄉㄧㄝˊ ㄓㄨㄤ
蝴蝶骨,1,ㄏㄨˊ ㄉㄧㄝˊ ㄍㄨˇ
融通物,1,ㄖㄨㄥˊ ㄊㄨㄥ ㄨˋ
螞蚍蜉,1,ㄇㄚˇ ㄆㄧˊ ㄈㄨˊ
螞蝗釘,1,ㄇㄚˇ ㄏㄨㄤˊ ㄉㄧㄥ
螟蛉子,1,ㄇㄧㄥˊ ㄌㄧㄥˊ ㄗˇ
螢光劑,1,ㄧㄥˊ ㄍㄨㄤ ㄐㄧˋ
螢光體,1,ㄧㄥˊ ㄍㄨㄤ ㄊㄧˇ
螳螂拳,1,ㄊㄤˊ ㄌㄤˊ ㄑㄩㄢˊ
螺子黛,1,ㄌㄨㄛˊ ㄗˇ ㄉㄞˋ
螺旋狀,1,ㄌㄨㄛˊ ㄒㄩㄢˊ ㄓㄨㄤˋ
螺槳船,1,ㄌㄨㄛˊ ㄐㄧㄤˇ ㄔㄨㄢˊ
螺溪硯,1,ㄌㄨㄛˊ ㄒㄧ ㄧㄢˋ
螺紋鑽,1,ㄌㄨㄛˊ ㄨㄣˊ ㄗㄨㄢˋ
螺絲扣,1,ㄌㄨㄛˊ ㄙ ㄎㄡˋ
螺絲攻,1,ㄌㄨㄛˊ ㄙ ㄍㄨㄥ
螺絲模,1,ㄌㄨㄛˊ ㄙ ㄇㄛˊ
螺絲母,1,ㄌㄨㄛˊ ㄙ ㄇㄨˇ
螺絲髻,1,ㄌㄨㄛˊ ㄙ ㄐㄧˋ
螺線圈,1,ㄌㄨㄛˊ ㄒㄧㄢˋ ㄑㄩㄢ
蟠夔紋,1,ㄆㄢˊ ㄎㄨㄟˊ ㄨㄣˊ
蟠虯紋,1,ㄆㄢˊ ㄑㄧㄡˊ ㄨㄣˊ
蟠虺紋,1,ㄆㄢˊ ㄏㄨㄟˇ ㄨㄣˊ
蟠螭紋,1,ㄆㄢˊ ㄔ ㄨㄣˊ
蟠龍松,1,ㄆㄢˊ ㄌㄨㄥˊ ㄙㄨㄥ
蟬鳴稻,1,ㄔㄢˊ ㄇㄧㄥˊ ㄉㄠˋ
蟭蟟蟲,1,ㄐㄧㄠ ㄌㄧㄠˊ ㄔㄨㄥˊ
蟲吃牙,1,ㄔㄨㄥˊ ㄔ ㄧㄚˊ
蟲白蠟,1,ㄔㄨㄥˊ ㄅㄞˊ ㄌㄚˋ
蟹殼臉,1,ㄒㄧㄝˋ ㄎㄜˊ ㄌㄧㄢˇ
蟻鼻錢,1,ㄧˇ ㄅㄧˊ ㄑㄧㄢˊ
蟾宮客,1,ㄔㄢˊ ㄍㄨㄥ ㄎㄜˋ
蠅帚子,1,ㄧㄥˊ ㄓㄡˇ ㄗ˙
蠅甩子,1,ㄧㄥˊ ㄕㄨㄞˇ ㄗ˙
蠅蛆病,1,ㄧㄥˊ ㄑㄩ ㄅㄧㄥˋ
蠟人館,1,ㄌㄚˋ ㄖㄣˊ ㄍㄨㄢˇ
蠟光紙,1,ㄌㄚˋ ㄍㄨㄤ ㄓˇ
蠟原型,1,ㄌㄚˋ ㄩㄢˊ ㄒㄧㄥˊ
蠟槍頭,1,ㄌㄚˋ ㄑㄧㄤ ㄊㄡˊ
蠟燭相,1,ㄌㄚˋ ㄓㄨˊ ㄒㄧㄤˋ
蠟燭線,1,ㄌㄚˋ ㄓㄨˊ ㄒㄧㄢˋ
蠢東西,1,ㄔㄨㄣˇ ㄉㄨㄥ ㄒㄧ˙
蠶寶寶,1,ㄘㄢˊ ㄅㄠˇ ㄅㄠ˙
蠶蛆蠅,1,ㄘㄢˊ ㄑㄩ ㄧㄥˊ
蠶豆症,1,ㄘㄢˊ ㄉㄡˋ ㄓㄥˋ
蠹書蟲,1,ㄉㄨˋ ㄕㄨ ㄔㄨㄥˊ
血口子,1,ㄒㄧㄝˇ ㄎㄡˇ ㄗ˙
血汙池,1,ㄒㄧㄝˇ ㄨ ㄔˊ
血清病,1,ㄒㄧㄝˇ ㄑㄧㄥ ㄅㄧㄥˋ
血滴子,1,ㄒㄧㄝˇ ㄉㄧ ㄗˇ
血瀝瀝,1,ㄒㄧㄝˇ ㄌㄧˋ ㄌㄧˋ
血盆經,1,ㄒㄧㄝˇ ㄆㄣˊ ㄐㄧㄥ
血管操,1,ㄒㄧㄝˇ ㄍㄨㄢˇ ㄘㄠ
血管瘤,1,ㄒㄧㄝˇ ㄍㄨㄢˇ ㄌㄧㄡˊ
血脂肪,1,ㄒㄧㄝˇ ㄓ ㄈㄤˊ
血衚衕,1,ㄒㄧㄝˇ ㄏㄨˊ ㄊㄨㄥ˙
行人情,1,ㄒㄧㄥˊ ㄖㄣˊ ㄑㄧㄥˊ
行刑場,1,ㄒㄧㄥˊ ㄒㄧㄥˊ ㄔㄤˊ
行動派,1,ㄒㄧㄥˊ ㄉㄨㄥˋ ㄆㄞˋ
行口商,1,ㄏㄤˊ ㄎㄡˇ ㄕㄤ
行大運,1,ㄒㄧㄥˊ ㄉㄚˋ ㄩㄣˋ
行家話,1,ㄏㄤˊ ㄐㄧㄚ˙ ㄏㄨㄚˋ
行政犯,1,ㄒㄧㄥˊ ㄓㄥˋ ㄈㄢˋ
行星儀,1,ㄒㄧㄥˊ ㄒㄧㄥ ㄧˊ
行星風,1,ㄒㄧㄥˊ ㄒㄧㄥ ㄈㄥ
行業語,1,ㄏㄤˊ ㄧㄝˋ ㄩˇ
行樂圖,1,ㄒㄧㄥˊ ㄌㄜˋ ㄊㄨˊ
行為派,1,ㄒㄧㄥˊ ㄨㄟˊ ㄆㄞˋ
行看子,1,ㄒㄧㄥˊ ㄎㄢˋ ㄗ˙
行經期,1,ㄒㄧㄥˊ ㄐㄧㄥ ㄑㄧˊ
行路難,1,ㄒㄧㄥˊ ㄌㄨˋ ㄋㄢˊ
行銷學,1,ㄒㄧㄥˊ ㄒㄧㄠ ㄒㄩㄝˊ
衍聖公,1,ㄧㄢˇ ㄕㄥˋ ㄍㄨㄥ
街溜子,1,ㄐㄧㄝ ㄌㄧㄡ ㄗ˙
街頭劇,1,ㄐㄧㄝ ㄊㄡˊ ㄐㄩˋ
衛夫人,1,ㄨㄟˋ ㄈㄨ ㄖㄣˊ
衛星食,1,ㄨㄟˋ ㄒㄧㄥ ㄕˊ
衛生丸,1,ㄨㄟˋ ㄕㄥ ㄨㄢˊ
衛生球,1,ㄨㄟˋ ㄕㄥ ㄑㄧㄡˊ
衛靈公,1,ㄨㄟˋ ㄌㄧㄥˊ ㄍㄨㄥ
衝擊波,1,ㄔㄨㄥ ㄐㄧˊ ㄅㄛ
衝頭陣,1,ㄔㄨㄥ ㄊㄡˊ ㄓㄣˋ
衠一味,1,ㄓㄨㄣ ㄧ ㄨㄟˋ
衡陽市,1,ㄏㄥˊ ㄧㄤˊ ㄕˋ
衡陽縣,1,ㄏㄥˊ ㄧㄤˊ ㄒㄧㄢˋ
衣冠塚,1,ㄧ ㄍㄨㄢ ㄓㄨㄥˇ
衣原體,1,ㄧ ㄩㄢˊ ㄊㄧˇ
衣帶詔,1,ㄧ ㄉㄞˋ ㄓㄠˋ
衣帽年,1,ㄧ ㄇㄠˋ ㄋㄧㄢˊ
衣架子,1,ㄧ ㄐㄧㄚˋ ㄗ˙
衣缽塔,1,ㄧ ㄅㄛ ㄊㄚˇ
表姐妹,1,ㄅㄧㄠˇ ㄐㄧㄝˇ ㄇㄟˋ
表態句,1,ㄅㄧㄠˇ ㄊㄞˋ ㄐㄩˋ
表沃夫,1,ㄅㄧㄠˇ ㄨㄛˋ ㄈㄨ
表演會,1,ㄅㄧㄠˇ ㄧㄢˇ ㄏㄨㄟˋ
表面上,1,ㄅㄧㄠˇ ㄇㄧㄢˋ ㄕㄤ˙
表面流,1,ㄅㄧㄠˇ ㄇㄧㄢˋ ㄌㄧㄡˊ
衷腸話,1,ㄓㄨㄥ ㄔㄤˊ ㄏㄨㄚˋ
袁大頭,1,ㄩㄢˊ ㄉㄚˋ ㄊㄡˊ
袁宏道,1,ㄩㄢˊ ㄏㄨㄥˊ ㄉㄠˋ
袁崇煥,1,ㄩㄢˊ ㄔㄨㄥˊ ㄏㄨㄢˋ
被搭子,1,ㄅㄟˋ ㄉㄚ ㄗ˙
被甲兵,1,ㄆㄧ ㄐㄧㄚˇ ㄅㄧㄥ
被論人,1,ㄅㄟˋ ㄌㄨㄣˋ ㄖㄣˊ
裁判書,1,ㄘㄞˊ ㄆㄢˋ ㄕㄨ
裁縫店,1,ㄘㄞˊ ㄈㄥ˙ ㄉㄧㄢˋ
裁縫鋪,1,ㄘㄞˊ ㄈㄥ˙ ㄆㄨˋ
裁衣尺,1,ㄘㄞˊ ㄧ ㄔˇ
裂殖菌,1,ㄌㄧㄝˋ ㄓˊ ㄐㄩㄣˋ
裕固族,1,ㄩˋ ㄍㄨˋ ㄗㄨˊ
裙帶官,1,ㄑㄩㄣˊ ㄉㄞˋ ㄍㄨㄢ
裙帶菜,1,ㄑㄩㄣˊ ㄉㄞˋ ㄘㄞˋ
裙帶親,1,ㄑㄩㄣˊ ㄉㄞˋ ㄑㄧㄣ
裙帶魚,1,ㄑㄩㄣˊ ㄉㄞˋ ㄩˊ
補元氣,1,ㄅㄨˇ ㄩㄢˊ ㄑㄧˋ
補助翼,1,ㄅㄨˇ ㄓㄨˋ ㄧˋ
補精神,1,ㄅㄨˇ ㄐㄧㄥ ㄕㄣ˙
補給證,1,ㄅㄨˇ ㄐㄧˇ ㄓㄥˋ
裝兔子,1,ㄓㄨㄤ ㄊㄨˋ ㄗ˙
裝孫子,1,ㄓㄨㄤ ㄙㄨㄣ ㄗ˙
裝樣子,1,ㄓㄨㄤ ㄧㄤˋ ㄗ˙
裝糊塗,1,ㄓㄨㄤ ㄏㄨˊ ㄊㄨ˙
裝訂線,1,ㄓㄨㄤ ㄉㄧㄥˋ ㄒㄧㄢˋ
裡外裡,1,ㄌㄧˇ ㄨㄞˋ ㄌㄧˇ
裡懷裡,1,ㄌㄧˇ ㄏㄨㄞˊ ㄌㄧ˙
裡槅子,1,ㄌㄧˇ ㄍㄜˊ ㄗ˙
裡牽綿,1,ㄌㄧˇ ㄑㄧㄢ ㄇㄧㄢˊ
裡脊肉,1,ㄌㄧˇ ㄐㄧ˙ ㄖㄡˋ
裱畫店,1,ㄅㄧㄠˇ ㄏㄨㄚˋ ㄉㄧㄢˋ
裱糊匠,1,ㄅㄧㄠˇ ㄏㄨˊ ㄐㄧㄤˋ
裱褙店,1,ㄅㄧㄠˇ ㄅㄟˋ ㄉㄧㄢˋ
裴少俊,1,ㄆㄟˊ ㄕㄠˋ ㄐㄩㄣˋ
裴松之,1,ㄆㄟˊ ㄙㄨㄥ ㄓ
裴行儉,1,ㄆㄟˊ ㄒㄧㄥˊ ㄐㄧㄢˇ
裹螺螄,1,ㄍㄨㄛˇ ㄌㄨㄛˊ ㄙ
裹黃袍,1,ㄍㄨㄛˇ ㄏㄨㄤˊ ㄆㄠˊ
製圖尺,1,ㄓˋ ㄊㄨˊ ㄔˇ
製圖板,1,ㄓˋ ㄊㄨˊ ㄅㄢˇ
製圖桌,1,ㄓˋ ㄊㄨˊ ㄓㄨㄛ
複元音,1,ㄈㄨˋ ㄩㄢˊ ㄧㄣ
複利法,1,ㄈㄨˋ ㄌㄧˋ ㄈㄚˇ
複印品,1,ㄈㄨˋ ㄧㄣˋ ㄆㄧㄣˇ
複合光,1,ㄈㄨˋ ㄏㄜˊ ㄍㄨㄤ
複合國,1,ㄈㄨˋ ㄏㄜˊ ㄍㄨㄛˊ
複品牌,1,ㄈㄨˋ ㄆㄧㄣˇ ㄆㄞˊ
複婚制,1,ㄈㄨˋ ㄏㄨㄣ ㄓˋ
複拍子,1,ㄈㄨˋ ㄆㄞ ㄗ˙
複綜語,1,ㄈㄨˋ ㄗㄨㄥˋ ㄩˇ
複輔音,1,ㄈㄨˋ ㄈㄨˇ ㄧㄣ
複音詞,1,ㄈㄨˋ ㄧㄣ ㄘˊ
複韻母,1,ㄈㄨˋ ㄩㄣˋ ㄇㄨˇ
褐藻膠,1,ㄏㄜˊ ㄗㄠˇ ㄐㄧㄠ
褐錳礦,1,ㄏㄜˊ ㄇㄥˇ ㄎㄨㄤˋ
褐鐵礦,1,ㄏㄜˊ ㄊㄧㄝˇ ㄎㄨㄤˋ
褐飛蝨,1,ㄏㄜˊ ㄈㄟ ㄕ
褒城縣,1,ㄅㄠ ㄔㄥˊ ㄒㄧㄢˋ
褒忠鄉,1,ㄅㄠ ㄓㄨㄥ ㄒㄧㄤ
褒成侯,1,ㄅㄠ ㄔㄥˊ ㄏㄡˊ
褒義詞,1,ㄅㄠ ㄧˋ ㄘˊ
褓中物,1,ㄅㄠˇ ㄓㄨㄥ ㄨˋ
褙裱店,1,ㄅㄟˋ ㄅㄧㄠˇ ㄉㄧㄢˋ
褚威格,1,ㄔㄨˇ ㄨㄟ ㄍㄜˊ
褚少孫,1,ㄔㄨˇ ㄕㄠˋ ㄙㄨㄣ
褚遂良,1,ㄔㄨˇ ㄙㄨㄟˋ ㄌㄧㄤˊ
褶皺帶,1,ㄓㄜˊ ㄓㄡˋ ㄉㄞˋ
襄垣縣,1,ㄒㄧㄤ ㄩㄢˊ ㄒㄧㄢˋ
襄城縣,1,ㄒㄧㄤ ㄔㄥˊ ㄒㄧㄢˋ
襄樊市,1,ㄒㄧㄤ ㄈㄢˊ ㄕˋ
襄陽縣,1,ㄒㄧㄤ ㄧㄤˊ ㄒㄧㄢˋ
襦褲歌,1,ㄖㄨˊ ㄎㄨˋ ㄍㄜ
襲奪河,1,ㄒㄧˊ ㄉㄨㄛˊ ㄏㄜˊ
西京賦,1,ㄒㄧ ㄐㄧㄥ ㄈㄨˋ
西北雨,1,ㄒㄧ ㄅㄟˇ ㄩˇ
西北颱,1,ㄒㄧ ㄅㄟˇ ㄊㄞˊ
西南夷,1,ㄒㄧ ㄋㄢˊ ㄧˊ
西印度,1,ㄒㄧ ㄧㄣˋ ㄉㄨˋ
西域記,1,ㄒㄧ ㄩˋ ㄐㄧˋ
西塔琴,1,ㄒㄧ ㄊㄚˇ ㄑㄧㄣˊ
西塞羅,1,ㄒㄧ ㄙㄞˋ ㄌㄨㄛˊ
西夕年,1,ㄒㄧ ㄒㄧˋ ㄋㄧㄢˊ
西子顰,1,ㄒㄧ ㄗˇ ㄆㄧㄣˊ
西寧毛,1,ㄒㄧ ㄋㄧㄥˊ ㄇㄠˊ
西拉島,1,ㄒㄧ ㄌㄚ ㄉㄠˇ
西敏宮,1,ㄒㄧ ㄇㄧㄣˇ ㄍㄨㄥ
西施舌,1,ㄒㄧ ㄕ ㄕㄜˊ
西河柳,1,ㄒㄧ ㄏㄜˊ ㄌㄧㄡˇ
西泠橋,1,ㄒㄧ ㄌㄧㄥˊ ㄑㄧㄠˊ
西洋劍,1,ㄒㄧ ㄧㄤˊ ㄐㄧㄢˋ
西洋參,1,ㄒㄧ ㄧㄤˊ ㄕㄣ
西洋景,1,ㄒㄧ ㄧㄤˊ ㄐㄧㄥˇ
西狹頌,1,ㄒㄧ ㄒㄧㄚˊ ㄙㄨㄥˋ
西王母,1,ㄒㄧ ㄨㄤˊ ㄇㄨˇ
西瓜帽,1,ㄒㄧ ㄍㄨㄚ ㄇㄠˋ
西番果,1,ㄒㄧ ㄈㄢ ㄍㄨㄛˇ
西番蓮,1,ㄒㄧ ㄈㄢ ㄌㄧㄢˊ
西秦戲,1,ㄒㄧ ㄑㄧㄣˊ ㄒㄧˋ
西臺人,1,ㄒㄧ ㄊㄞˊ ㄖㄣˊ
西葫蘆,1,ㄒㄧ ㄏㄨˊ ㄌㄨˊ
西蒙遜,1,ㄒㄧ ㄇㄥˊ ㄒㄩㄣˋ
西蘭島,1,ㄒㄧ ㄌㄢˊ ㄉㄠˇ
西螺鎮,1,ㄒㄧ ㄌㄨㄛˊ ㄓㄣˋ
西迦爾,1,ㄒㄧ ㄐㄧㄚ ㄦˇ
西遊補,1,ㄒㄧ ㄧㄡˊ ㄅㄨˇ
西都賦,1,ㄒㄧ ㄉㄨ ㄈㄨˋ
西門子,1,ㄒㄧ ㄇㄣˊ ㄗˇ
西風帶,1,ㄒㄧ ㄈㄥ ㄉㄞˋ
西風波,1,ㄒㄧ ㄈㄥ ㄅㄛ
要不的,1,ㄧㄠˋ ㄅㄨ˙ ㄉㄜ˙
要命鬼,1,ㄧㄠˋ ㄇㄧㄥˋ ㄍㄨㄟˇ
要約人,1,ㄧㄠ ㄩㄝ ㄖㄣˊ
要路津,1,ㄧㄠˋ ㄌㄨˋ ㄐㄧㄣ
要面子,1,ㄧㄠˋ ㄇㄧㄢˋ ㄗ˙
覆醬瓿,1,ㄈㄨˋ ㄐㄧㄤˋ ㄆㄡˇ
見不長,1,ㄐㄧㄢˋ ㄅㄨˋ ㄓㄤˇ
見世報,1,ㄒㄧㄢˋ ㄕˋ ㄅㄠˋ
見個情,1,ㄐㄧㄢˋ ㄍㄜ˙ ㄑㄧㄥˊ
見在佛,1,ㄒㄧㄢˋ ㄗㄞˋ ㄈㄛˊ
見真章,1,ㄐㄧㄢˋ ㄓㄣ ㄓㄤ
見閻王,1,ㄐㄧㄢˋ ㄧㄢˊ ㄨㄤˊ
規範學,1,ㄍㄨㄟ ㄈㄢˋ ㄒㄩㄝˊ
覓封侯,1,ㄇㄧˋ ㄈㄥ ㄏㄡˊ
視星等,1,ㄕˋ ㄒㄧㄥ ㄉㄥˇ
視聽生,1,ㄕˋ ㄊㄧㄥ ㄕㄥ
視覺器,1,ㄕˋ ㄐㄩㄝˊ ㄑㄧˋ
視訊器,1,ㄕˋ ㄒㄩㄣˋ ㄑㄧˋ
親告罪,1,ㄑㄧㄣ ㄍㄠˋ ㄗㄨㄟˋ
親太太,1,ㄑㄧㄥˋ ㄊㄞˋ ㄊㄞ˙
親奶奶,1,ㄑㄧㄥˋ ㄋㄞˇ ㄋㄞ˙
親家公,1,ㄑㄧㄥˋ ㄐㄧㄚ˙ ㄍㄨㄥ
親家母,1,ㄑㄧㄥˋ ㄐㄧㄚ˙ ㄇㄨˇ
親家翁,1,ㄑㄧㄥˋ ㄐㄧㄚ˙ ㄨㄥ
親手足,1,ㄑㄧㄣ ㄕㄡˇ ㄗㄨˊ
觀光節,1,ㄍㄨㄢ ㄍㄨㄤ ㄐㄧㄝˊ
觀光週,1,ㄍㄨㄢ ㄍㄨㄤ ㄓㄡ
觀劇鏡,1,ㄍㄨㄢ ㄐㄩˋ ㄐㄧㄥˋ
觀察法,1,ㄍㄨㄢ ㄔㄚˊ ㄈㄚˇ
觀摩會,1,ㄍㄨㄢ ㄇㄛˊ ㄏㄨㄟˋ
觀神色,1,ㄍㄨㄢ ㄕㄣˊ ㄙㄜˋ
觀自在,1,ㄍㄨㄢ ㄗˋ ㄗㄞˋ
觀賞魚,1,ㄍㄨㄢ ㄕㄤˇ ㄩˊ
觀音兜,1,ㄍㄨㄢ ㄧㄣ ㄉㄡ
觀音土,1,ㄍㄨㄢ ㄧㄣ ㄊㄨˇ
觀音媽,1,ㄍㄨㄢ ㄧㄣ ㄇㄚ
觀音庵,1,ㄍㄨㄢ ㄧㄣ ㄢ
觀音竹,1,ㄍㄨㄢ ㄧㄣ ㄓㄨˊ
觀音粉,1,ㄍㄨㄢ ㄧㄣ ㄈㄣˇ
觀音素,1,ㄍㄨㄢ ㄧㄣ ㄙㄨˋ
觀音經,1,ㄍㄨㄢ ㄧㄣ ㄐㄧㄥ
觀音草,1,ㄍㄨㄢ ㄧㄣ ㄘㄠˇ
觀音蓮,1,ㄍㄨㄢ ㄧㄣ ㄌㄧㄢˊ
觀音誕,1,ㄍㄨㄢ ㄧㄣ ㄉㄢˋ
觀風色,1,ㄍㄨㄢ ㄈㄥ ㄙㄜˋ
角礫岩,1,ㄐㄧㄠˇ ㄌㄧˋ ㄧㄢˊ
角膜炎,1,ㄐㄧㄠˇ ㄇㄛˋ ㄧㄢˊ
角頁岩,1,ㄐㄧㄠˇ ㄧㄝˋ ㄧㄢˊ
解像力,1,ㄐㄧㄝˇ ㄒㄧㄤˋ ㄌㄧˋ
解典庫,1,ㄐㄧㄝˋ ㄉㄧㄢˇ ㄎㄨˋ
解典鋪,1,ㄐㄧㄝˋ ㄉㄧㄢˇ ㄆㄨˋ
解手刀,1,ㄐㄧㄝˇ ㄕㄡˇ ㄉㄠ
解散權,1,ㄐㄧㄝˇ ㄙㄢˋ ㄑㄩㄢˊ
解玉砂,1,ㄐㄧㄝˇ ㄩˋ ㄕㄚ
解當鋪,1,ㄐㄧㄝˋ ㄉㄤˋ ㄆㄨˋ
解語花,1,ㄐㄧㄝˇ ㄩˇ ㄏㄨㄚ
解調器,1,ㄐㄧㄝˇ ㄊㄧㄠˊ ㄑㄧˋ
觥籌獄,1,ㄍㄨㄥ ㄔㄡˊ ㄩˋ
觭龍類,1,ㄐㄧ ㄌㄨㄥˊ ㄌㄟˋ
觸霉頭,1,ㄔㄨˋ ㄇㄟˊ ㄊㄡ˙
言行錄,1,ㄧㄢˊ ㄒㄧㄥˋ ㄌㄨˋ
言身寸,1,ㄧㄢˊ ㄕㄣ ㄘㄨㄣˋ
訂久要,1,ㄉㄧㄥˋ ㄐㄧㄡˇ ㄧㄠ
訇雷震,1,ㄏㄨㄥ ㄌㄟˊ ㄓㄣˋ
討交情,1,ㄊㄠˇ ㄐㄧㄠ ㄑㄧㄥˊ
討人情,1,ㄊㄠˇ ㄖㄣˊ ㄑㄧㄥˊ
討便宜,1,ㄊㄠˇ ㄆㄧㄢˊ ㄧ˙
討公道,1,ㄊㄠˇ ㄍㄨㄥ ㄉㄠ˙
討分上,1,ㄊㄠˇ ㄈㄣˋ ㄕㄤˋ
討分曉,1,ㄊㄠˇ ㄈㄣ ㄒㄧㄠˇ
討口牙,1,ㄊㄠˇ ㄎㄡˇ ㄧㄚˊ
討安歇,1,ㄊㄠˇ ㄢ ㄒㄧㄝ
討收管,1,ㄊㄠˇ ㄕㄡ ㄍㄨㄢˇ
討救兵,1,ㄊㄠˇ ㄐㄧㄡˋ ㄅㄧㄥ
討決裂,1,ㄊㄠˇ ㄐㄩㄝˊ ㄌㄧㄝˋ
討油水,1,ㄊㄠˇ ㄧㄡˊ ㄕㄨㄟ˙
討海人,1,ㄊㄠˇ ㄏㄞˇ ㄖㄣˊ
討老腳,1,ㄊㄠˇ ㄌㄠˇ ㄐㄧㄠˇ
討論區,1,ㄊㄠˇ ㄌㄨㄣˋ ㄑㄩ
討野火,1,ㄊㄠˇ ㄧㄝˇ ㄏㄨㄛˇ
討針線,1,ㄊㄠˇ ㄓㄣ ㄒㄧㄢˋ
討面皮,1,ㄊㄠˇ ㄇㄧㄢˋ ㄆㄧˊ
討順風,1,ㄊㄠˇ ㄕㄨㄣˋ ㄈㄥ
討饒頭,1,ㄊㄠˇ ㄖㄠˊ ㄊㄡ˙
訓纂篇,1,ㄒㄩㄣˋ ㄗㄨㄢˇ ㄆㄧㄢ
託人情,1,ㄊㄨㄛ ㄖㄣˊ ㄑㄧㄥˊ
託管地,1,ㄊㄨㄛ ㄍㄨㄢˇ ㄉㄧˋ
記者節,1,ㄐㄧˋ ㄓㄜˇ ㄐㄧㄝˊ
記號環,1,ㄐㄧˋ ㄏㄠˋ ㄏㄨㄢˊ
訪問法,1,ㄈㄤˇ ㄨㄣˋ ㄈㄚˇ
訪山人,1,ㄈㄤˇ ㄕㄢ ㄖㄣˊ
訪山幫,1,ㄈㄤˇ ㄕㄢ ㄅㄤ
許地山,1,ㄒㄩˇ ㄉㄧˋ ㄕㄢ
許景澄,1,ㄒㄩˇ ㄐㄧㄥˇ ㄔㄥˊ
訴願權,1,ㄙㄨˋ ㄩㄢˋ ㄑㄩㄢˊ
訶梨勒,1,ㄏㄜ ㄌㄧˊ ㄌㄜˋ
詅痴符,1,ㄌㄧㄥˊ ㄔ ㄈㄨˊ
詔安縣,1,ㄓㄠˋ ㄢ ㄒㄧㄢˋ
評判人,1,ㄆㄧㄥˊ ㄆㄢˋ ㄖㄣˊ
評書帖,1,ㄆㄧㄥˊ ㄕㄨ ㄊㄧㄝˇ
評議員,1,ㄆㄧㄥˊ ㄧˋ ㄩㄢˊ
詛楚文,1,ㄗㄨˇ ㄔㄨˇ ㄨㄣˊ
詞典學,1,ㄘˊ ㄉㄧㄢˇ ㄒㄩㄝˊ
詞彙學,1,ㄘˊ ㄏㄨㄟˋ ㄒㄩㄝˊ
詞義學,1,ㄘˊ ㄧˋ ㄒㄩㄝˊ
詠史詩,1,ㄩㄥˇ ㄕˇ ㄕ
詠嘆調,1,ㄩㄥˇ ㄊㄢˋ ㄉㄧㄠˋ
詠物詩,1,ㄩㄥˇ ㄨˋ ㄕ
試印券,1,ㄕˋ ㄧㄣˋ ㄑㄩㄢˋ
試試看,1,ㄕˋ ㄕ˙ ㄎㄢˋ
試風頭,1,ㄕˋ ㄈㄥ ㄊㄡ˙
詩六義,1,ㄕ ㄌㄧㄡˋ ㄧˋ
話家常,1,ㄏㄨㄚˋ ㄐㄧㄚ ㄔㄤˊ
詼諧曲,1,ㄏㄨㄟ ㄒㄧㄝˊ ㄑㄩˇ
誇張法,1,ㄎㄨㄚ ㄓㄤ ㄈㄚˇ
誇海口,1,ㄎㄨㄚ ㄏㄞˇ ㄎㄡˇ
認同卡,1,ㄖㄣˋ ㄊㄨㄥˊ ㄎㄚˇ
認犯頭,1,ㄖㄣˋ ㄈㄢˋ ㄊㄡˊ
認識論,1,ㄖㄣˋ ㄕ˙ ㄌㄨㄣˋ
認養人,1,ㄖㄣˋ ㄧㄤˇ ㄖㄣˊ
誘惑色,1,ㄧㄡˋ ㄏㄨㄛˋ ㄙㄜˋ
誘蟲燈,1,ㄧㄡˋ ㄔㄨㄥˊ ㄉㄥ
語意學,1,ㄩˇ ㄧˋ ㄒㄩㄝˊ
語文學,1,ㄩˇ ㄨㄣˊ ㄒㄩㄝˊ
語料庫,1,ㄩˇ ㄌㄧㄠˋ ㄎㄨˋ
語源學,1,ㄩˇ ㄩㄢˊ ㄒㄩㄝˊ
說三分,1,ㄕㄨㄛ ㄙㄢ ㄈㄣ
說不上,1,ㄕㄨㄛ ㄅㄨ˙ ㄕㄤˋ
說不來,1,ㄕㄨㄛ ㄅㄨ˙ ㄌㄞˊ
說不出,1,ㄕㄨㄛ ㄅㄨ˙ ㄔㄨ
說不定,1,ㄕㄨㄛ ㄅㄨ˙ ㄉㄧㄥˋ
說不得,1,ㄕㄨㄛ ㄅㄨ˙ ㄉㄜ˙
說不是,1,ㄕㄨㄛ ㄅㄨ˙ ㄕˋ
說不清,1,ㄕㄨㄛ ㄅㄨ˙ ㄑㄧㄥ
說不盡,1,ㄕㄨㄛ ㄅㄨ˙ ㄐㄧㄣˋ
說不過,1,ㄕㄨㄛ ㄅㄨ˙ ㄍㄨㄛˋ
說人情,1,ㄕㄨㄛ ㄖㄣˊ ㄑㄧㄥˊ
說公案,1,ㄕㄨㄛ ㄍㄨㄥ ㄢˋ
說兵機,1,ㄕㄨㄛ ㄅㄧㄥ ㄐㄧ
說分上,1,ㄕㄨㄛ ㄈㄣˋ ㄕㄤ˙
說參請,1,ㄕㄨㄛ ㄘㄢ ㄑㄧㄥˇ
說寡嘴,1,ㄕㄨㄛ ㄍㄨㄚˇ ㄗㄨㄟˇ
說得著,1,ㄕㄨㄛ ㄉㄜ˙ ㄓㄠˊ
說得響,1,ㄕㄨㄛ ㄉㄜ˙ ㄒㄧㄤˇ
說方便,1,ㄕㄨㄛ ㄈㄤ ㄅㄧㄢˋ
說海口,1,ㄕㄨㄛ ㄏㄞˇ ㄎㄡˇ
說淡話,1,ㄕㄨㄛ ㄉㄢˋ ㄏㄨㄚˋ
說清話,1,ㄕㄨㄛ ㄑㄧㄥ ㄏㄨㄚˋ
說滿話,1,ㄕㄨㄛ ㄇㄢˇ ㄏㄨㄚˋ
說白了,1,ㄕㄨㄛ ㄅㄞˊ ㄌㄜ˙
說相聲,1,ㄕㄨㄛ ㄒㄧㄤˋ ㄕㄥ˙
說短長,1,ㄕㄨㄛ ㄉㄨㄢˇ ㄔㄤˊ
說矮話,1,ㄕㄨㄛ ㄞˇ ㄏㄨㄚˋ
說笑話,1,ㄕㄨㄛ ㄒㄧㄠˋ ㄏㄨㄚˋ
說話人,1,ㄕㄨㄛ ㄏㄨㄚˋ ㄖㄣˊ
說話的,1,ㄕㄨㄛ ㄏㄨㄚˋ ㄉㄜ˙
說諢話,1,ㄕㄨㄛ ㄏㄨㄣˋ ㄏㄨㄚˋ
說起來,1,ㄕㄨㄛ ㄑㄧ˙ ㄌㄞ˙
說長短,1,ㄕㄨㄛ ㄔㄤˊ ㄉㄨㄢˇ
說響話,1,ㄕㄨㄛ ㄒㄧㄤˇ ㄏㄨㄚˋ
說風話,1,ㄕㄨㄛ ㄈㄥ ㄏㄨㄚˋ
說鬼話,1,ㄕㄨㄛ ㄍㄨㄟˇ ㄏㄨㄚˋ
說鼓書,1,ㄕㄨㄛ ㄍㄨˇ ㄕㄨ
誰承望,1,ㄕㄟˊ ㄔㄥˊ ㄨㄤˋ
調味乳,1,ㄊㄧㄠˊ ㄨㄟˋ ㄖㄨˇ
調喉嗓,1,ㄉㄧㄠˋ ㄏㄡˊ ㄙㄤˇ
調度場,1,ㄉㄧㄠˋ ㄉㄨˋ ㄔㄤˊ
調度室,1,ㄉㄧㄠˋ ㄉㄨˋ ㄕˋ
調書袋,1,ㄉㄧㄠˋ ㄕㄨ ㄉㄞˋ
調查權,1,ㄉㄧㄠˋ ㄔㄚˊ ㄑㄩㄢˊ
調理室,1,ㄊㄧㄠˊ ㄌㄧˇ ㄕˋ
調百戲,1,ㄉㄧㄠˋ ㄅㄞˇ ㄒㄧˋ
調眼色,1,ㄉㄧㄠˋ ㄧㄢˇ ㄙㄜˋ
調虛囂,1,ㄉㄧㄠˋ ㄒㄩ ㄒㄧㄠ
調陣子,1,ㄉㄧㄠˋ ㄓㄣˋ ㄗ˙
調風月,1,ㄊㄧㄠˊ ㄈㄥ ㄩㄝˋ
談不上,1,ㄊㄢˊ ㄅㄨˋ ㄕㄤˋ
談天口,1,ㄊㄢˊ ㄊㄧㄢ ㄎㄡˇ
談天房,1,ㄊㄢˊ ㄊㄧㄢ ㄈㄤˊ
談得攏,1,ㄊㄢˊ ㄉㄜˊ ㄌㄨㄥˇ
談戀愛,1,ㄊㄢˊ ㄌㄧㄢˋ ㄞˋ
談生意,1,ㄊㄢˊ ㄕㄥ ㄧ˙
談話會,1,ㄊㄢˊ ㄏㄨㄚˋ ㄏㄨㄟˋ
請求權,1,ㄑㄧㄥˇ ㄑㄧㄡˊ ㄑㄩㄢˊ
請購單,1,ㄑㄧㄥˇ ㄍㄡˋ ㄉㄢ
請願權,1,ㄑㄧㄥˇ ㄩㄢˋ ㄑㄩㄢˊ
諒得過,1,ㄌㄧㄤˋ ㄉㄜ˙ ㄍㄨㄛˋ
論壇區,1,ㄌㄨㄣˋ ㄊㄢˊ ㄑㄩ
諷刺劇,1,ㄈㄥˋ ㄘˋ ㄐㄩˋ
諷諭詩,1,ㄈㄥˋ ㄩˋ ㄕ
諸子略,1,ㄓㄨ ㄗˇ ㄌㄩㄝˋ
諸暨縣,1,ㄓㄨ ㄐㄧˋ ㄒㄧㄢˋ
諸葛亮,1,ㄓㄨ ㄍㄜˊ ㄌㄧㄤˋ
諸葛巾,1,ㄓㄨ ㄍㄜˊ ㄐㄧㄣ
諸葛燈,1,ㄓㄨ ㄍㄜˊ ㄉㄥ
諾們罕,1,ㄋㄨㄛˋ ㄇㄣˊ ㄏㄢˇ
諾普蘭,1,ㄋㄨㄛˋ ㄆㄨˇ ㄌㄢˊ
諾曼人,1,ㄋㄨㄛˋ ㄇㄢˋ ㄖㄣˊ
謄錄所,1,ㄊㄥˊ ㄌㄨˋ ㄙㄨㄛˇ
謊喳呼,1,ㄏㄨㄤˇ ㄔㄚ ㄏㄨ
謊敲才,1,ㄏㄨㄤˇ ㄑㄧㄠ ㄘㄞˊ
講盤子,1,ㄐㄧㄤˇ ㄆㄢˊ ㄗ˙
講經文,1,ㄐㄧㄤˇ ㄐㄧㄥ ㄨㄣˊ
講道理,1,ㄐㄧㄤˇ ㄉㄠˋ ㄌㄧˇ
謝公屐,1,ㄒㄧㄝˋ ㄍㄨㄥ ㄐㄧ
謝媒錢,1,ㄒㄧㄝˋ ㄇㄟˊ ㄑㄧㄢˊ
謝惠連,1,ㄒㄧㄝˋ ㄏㄨㄟˋ ㄌㄧㄢˊ
謝晉元,1,ㄒㄧㄝˋ ㄐㄧㄣˋ ㄩㄢˊ
謝道韞,1,ㄒㄧㄝˋ ㄉㄠˋ ㄩㄣˋ
謝靈運,1,ㄒㄧㄝˋ ㄌㄧㄥˊ ㄩㄣˋ
謹於心,1,ㄐㄧㄣˇ ㄩˊ ㄒㄧㄣ
證所稅,1,ㄓㄥˋ ㄙㄨㄛˇ ㄕㄨㄟˋ
識水性,1,ㄕˋ ㄕㄨㄟˇ ㄒㄧㄥˋ
譚延闓,1,ㄊㄢˊ ㄧㄢˊ ㄎㄞˇ
譚鑫培,1,ㄊㄢˊ ㄒㄧㄣ ㄆㄟˊ
譜兄弟,1,ㄆㄨˇ ㄒㄩㄥ ㄉㄧˋ
警世鐘,1,ㄐㄧㄥˇ ㄕˋ ㄓㄨㄥ
警勤區,1,ㄐㄧㄥˇ ㄑㄧㄣˊ ㄑㄩ
警告牌,1,ㄐㄧㄥˇ ㄍㄠˋ ㄆㄞˊ
警察學,1,ㄐㄧㄥˇ ㄔㄚˊ ㄒㄩㄝˊ
警察權,1,ㄐㄧㄥˇ ㄔㄚˊ ㄑㄩㄢˊ
警察節,1,ㄐㄧㄥˇ ㄔㄚˊ ㄐㄧㄝˊ
譬似閑,1,ㄆㄧˋ ㄙˋ ㄒㄧㄢˊ
譬如閒,1,ㄆㄧˋ ㄖㄨˊ ㄒㄧㄢˊ
譯學館,1,ㄧˋ ㄒㄩㄝˊ ㄍㄨㄢˇ
護士節,1,ㄏㄨˋ ㄕˋ ㄐㄧㄝˊ
護官符,1,ㄏㄨˋ ㄍㄨㄢ ㄈㄨˊ
護心鏡,1,ㄏㄨˋ ㄒㄧㄣ ㄐㄧㄥˋ
護理師,1,ㄏㄨˋ ㄌㄧˇ ㄕ
護票卡,1,ㄏㄨˋ ㄆㄧㄠˋ ㄎㄚˇ
護身物,1,ㄏㄨˋ ㄕㄣ ㄨˋ
護身龍,1,ㄏㄨˋ ㄕㄣ ㄌㄨㄥˊ
讀死書,1,ㄉㄨˊ ㄙˇ ㄕㄨ
讀脣術,1,ㄉㄨˊ ㄔㄨㄣˊ ㄕㄨˋ
變光星,1,ㄅㄧㄢˋ ㄍㄨㄤ ㄒㄧㄥ
變嘴臉,1,ㄅㄧㄢˋ ㄗㄨㄟˇ ㄌㄧㄢˇ
變性人,1,ㄅㄧㄢˋ ㄒㄧㄥˋ ㄖㄣˊ
變把戲,1,ㄅㄧㄢˋ ㄅㄚˇ ㄒㄧˋ
變溫層,1,ㄅㄧㄢˋ ㄨㄣ ㄘㄥˊ
變色鏡,1,ㄅㄧㄢˋ ㄙㄜˋ ㄐㄧㄥˋ
變電器,1,ㄅㄧㄢˋ ㄉㄧㄢˋ ㄑㄧˋ
變魔術,1,ㄅㄧㄢˋ ㄇㄛˊ ㄕㄨˋ
讓一步,1,ㄖㄤˋ ㄧ ㄅㄨˋ
讓三分,1,ㄖㄤˋ ㄙㄢ ㄈㄣ
讖語餅,1,ㄔㄣˋ ㄩˇ ㄅㄧㄥˇ
谷中谷,1,ㄍㄨˇ ㄓㄨㄥ ㄍㄨˇ
谷樹皮,1,ㄍㄨˇ ㄕㄨˋ ㄆㄧˊ
豁剌剌,1,ㄏㄨㄛˋ ㄌㄚˋ ㄌㄚˋ
豁鼻子,1,ㄏㄨㄛ ㄅㄧˊ ㄗ˙
豆姑娘,1,ㄉㄡˋ ㄍㄨ ㄋㄧㄤˊ
豆娘子,1,ㄉㄡˋ ㄋㄧㄤˊ ㄗ˙
豆秸灰,1,ㄉㄡˋ ㄐㄧㄝ ㄏㄨㄟ
豆腐乳,1,ㄉㄡˋ ㄈㄨ˙ ㄖㄨˇ
豆腐乾,1,ㄉㄡˋ ㄈㄨ˙ ㄍㄢ
豆腐官,1,ㄉㄡˋ ㄈㄨ˙ ㄍㄨㄢ
豆腐干,1,ㄉㄡˋ ㄈㄨ˙ ㄍㄢ
豆腐心,1,ㄉㄡˋ ㄈㄨˇ ㄒㄧㄣ
豆腐皮,1,ㄉㄡˋ ㄈㄨ˙ ㄆㄧˊ
豆腐腦,1,ㄉㄡˋ ㄈㄨ˙ ㄋㄠˇ
豆腐衣,1,ㄉㄡˋ ㄈㄨ˙ ㄧ
豆腐飯,1,ㄉㄡˋ ㄈㄨˇ ㄈㄢˋ
豆腐鯊,1,ㄉㄡˋ ㄈㄨ˙ ㄕㄚ
豆豉油,1,ㄉㄡˋ ㄔˇ ㄧㄡˊ
豈不是,1,ㄑㄧˇ ㄅㄨˋ ㄕˋ
豎心旁,1,ㄕㄨˋ ㄒㄧㄣ ㄆㄤˊ
豎毛筋,1,ㄕㄨˋ ㄇㄠˊ ㄐㄧㄣ
豎燈篙,1,ㄕㄨˋ ㄉㄥ ㄍㄠ
豎白旗,1,ㄕㄨˋ ㄅㄞˊ ㄑㄧˊ
豐年玉,1,ㄈㄥ ㄋㄧㄢˊ ㄩˋ
豐樂亭,1,ㄈㄥ ㄌㄜˋ ㄊㄧㄥˊ
豐水期,1,ㄈㄥ ㄕㄨㄟˇ ㄑㄧˊ
象牙婚,1,ㄒㄧㄤˋ ㄧㄚˊ ㄏㄨㄣ
象牙木,1,ㄒㄧㄤˋ ㄧㄚˊ ㄇㄨˋ
象牙貝,1,ㄒㄧㄤˋ ㄧㄚˊ ㄅㄟˋ
象牙雕,1,ㄒㄧㄤˋ ㄧㄚˊ ㄉㄧㄠ
象皮病,1,ㄒㄧㄤˋ ㄆㄧˊ ㄅㄧㄥˋ
象皮紙,1,ㄒㄧㄤˋ ㄆㄧˊ ㄓˇ
象聲詞,1,ㄒㄧㄤˋ ㄕㄥ ㄘˊ
象腳鼓,1,ㄒㄧㄤˋ ㄐㄧㄠˇ ㄍㄨˇ
豪放派,1,ㄏㄠˊ ㄈㄤˋ ㄆㄞˋ
豪華車,1,ㄏㄠˊ ㄏㄨㄚˊ ㄔㄜ
豬婆龍,1,ㄓㄨ ㄆㄛˊ ㄌㄨㄥˊ
豬拐子,1,ㄓㄨ ㄍㄨㄞˇ ㄗ˙
豬頭肥,1,ㄓㄨ ㄊㄡˊ ㄈㄟˊ
豬鬃草,1,ㄓㄨ ㄗㄨㄥ ㄘㄠˇ
豹尾班,1,ㄅㄠˋ ㄨㄟˇ ㄅㄢ
豹尾車,1,ㄅㄠˋ ㄨㄟˇ ㄔㄜ
豹立直,1,ㄅㄠˋ ㄌㄧˋ ㄓˊ
貂蟬冠,1,ㄉㄧㄠ ㄔㄢˊ ㄍㄨㄢ
貂覆額,1,ㄉㄧㄠ ㄈㄨˋ ㄜˊ
貓尾紅,1,ㄇㄠ ㄨㄟˇ ㄏㄨㄥˊ
貓耳朵,1,ㄇㄠ ㄦˇ ㄉㄨㄛ˙
貓鼻頭,1,ㄇㄠ ㄅㄧˊ ㄊㄡˊ
貝克勒,1,ㄅㄟˋ ㄎㄜˋ ㄌㄜˋ
貝多樹,1,ㄅㄟˋ ㄉㄨㄛ ㄕㄨˋ
貝拉圖,1,ㄅㄟˋ ㄌㄚ ㄊㄨˊ
貝朗瑞,1,ㄅㄟˋ ㄌㄤˇ ㄖㄨㄟˋ
貝殼杉,1,ㄅㄟˋ ㄎㄜˊ ㄕㄢ
貝爾格,1,ㄅㄟˋ ㄦˇ ㄍㄜˊ
貝爾湖,1,ㄅㄟˋ ㄦˇ ㄏㄨˊ
貝理克,1,ㄅㄟˋ ㄌㄧˇ ㄎㄜˋ
貝義淵,1,ㄅㄟˋ ㄧˋ ㄩㄢ
貝葉書,1,ㄅㄟˋ ㄧㄝˋ ㄕㄨ
貝葉樹,1,ㄅㄟˋ ㄧㄝˋ ㄕㄨˋ
貝里拉,1,ㄅㄟˋ ㄌㄧˇ ㄌㄚ
貝開特,1,ㄅㄟˋ ㄎㄞ ㄊㄜˋ
貞女石,1,ㄓㄣ ㄋㄩˇ ㄕˊ
負子鼠,1,ㄈㄨˋ ㄗˇ ㄕㄨˇ
負後像,1,ㄈㄨˋ ㄏㄡˋ ㄒㄧㄤˋ
負成長,1,ㄈㄨˋ ㄔㄥˊ ㄓㄤˇ
負手板,1,ㄈㄨˋ ㄕㄡˇ ㄅㄢˇ
負薪裘,1,ㄈㄨˋ ㄒㄧㄣ ㄑㄧㄡˊ
財產刑,1,ㄘㄞˊ ㄔㄢˇ ㄒㄧㄥˊ
貧賤交,1,ㄆㄧㄣˊ ㄐㄧㄢˋ ㄐㄧㄠ
貧非病,1,ㄆㄧㄣˊ ㄈㄟ ㄅㄧㄥˋ
貧骨頭,1,ㄆㄧㄣˊ ㄍㄨˊ ㄊㄡ˙
貨販子,1,ㄏㄨㄛˋ ㄈㄢˋ ㄗ˙
貨郎鼓,1,ㄏㄨㄛˋ ㄌㄤˊ ㄍㄨˇ
販鹽虜,1,ㄈㄢˋ ㄧㄢˊ ㄌㄨˇ
貪便宜,1,ㄊㄢ ㄆㄧㄢˊ ㄧ˙
貫匈國,1,ㄍㄨㄢˋ ㄒㄩㄥ ㄍㄨㄛˊ
貫日月,1,ㄍㄨㄢˋ ㄖˋ ㄩㄝˋ
貫雲石,1,ㄍㄨㄢˋ ㄩㄣˊ ㄕˊ
貯氣槽,1,ㄓㄨˇ ㄑㄧˋ ㄘㄠˊ
貯精囊,1,ㄓㄨˇ ㄐㄧㄥ ㄋㄤˊ
貳臣傳,1,ㄦˋ ㄔㄣˊ ㄓㄨㄢˋ
貴族院,1,ㄍㄨㄟˋ ㄗㄨˊ ㄩㄢˋ
貴甲子,1,ㄍㄨㄟˋ ㄐㄧㄚˇ ㄗˇ
貶義詞,1,ㄅㄧㄢˇ ㄧˋ ㄘˊ
買人事,1,ㄇㄞˇ ㄖㄣˊ ㄕˋ
買俏金,1,ㄇㄞˇ ㄑㄧㄠˋ ㄐㄧㄣ
買命錢,1,ㄇㄞˇ ㄇㄧㄥˋ ㄑㄧㄢˊ
買服錢,1,ㄇㄞˇ ㄈㄨˊ ㄑㄧㄢˊ
買物歷,1,ㄇㄞˇ ㄨˋ ㄌㄧˋ
買空倉,1,ㄇㄞˇ ㄎㄨㄥ ㄘㄤ
買賣場,1,ㄇㄞˇ ㄇㄞˋ ㄔㄤˊ
買賣經,1,ㄇㄞˇ ㄇㄞˋ ㄐㄧㄥ
買路錢,1,ㄇㄞˇ ㄌㄨˋ ㄑㄧㄢˊ
買閒錢,1,ㄇㄞˇ ㄒㄧㄢˊ ㄑㄧㄢˊ
買關節,1,ㄇㄞˇ ㄍㄨㄢ ㄐㄧㄝˊ
買陳貨,1,ㄇㄞˇ ㄔㄣˊ ㄏㄨㄛˋ
買青苗,1,ㄇㄞˇ ㄑㄧㄥ ㄇㄧㄠˊ
費口舌,1,ㄈㄟˋ ㄎㄡˇ ㄕㄜˊ
費商量,1,ㄈㄟˋ ㄕㄤ ㄌㄧㄤˊ
費心機,1,ㄈㄟˋ ㄒㄧㄣ ㄐㄧ
費思量,1,ㄈㄟˋ ㄙ ㄌㄧㄤˊ
費洛蒙,1,ㄈㄟˋ ㄌㄨㄛˋ ㄇㄥˊ
費腳手,1,ㄈㄟˋ ㄐㄧㄠˇ ㄕㄡˇ
費里尼,1,ㄈㄟˋ ㄌㄧˇ ㄋㄧˊ
費雯麗,1,ㄈㄟˋ ㄨㄣˊ ㄌㄧˋ
貼心人,1,ㄊㄧㄝ ㄒㄧㄣ ㄖㄣˊ
貼本錢,1,ㄊㄧㄝ ㄅㄣˇ ㄑㄧㄢˊ
貼標籤,1,ㄊㄧㄝ ㄅㄧㄠ ㄑㄧㄢ
貼票卡,1,ㄊㄧㄝ ㄆㄧㄠˋ ㄎㄚˇ
貼軍戶,1,ㄊㄧㄝ ㄐㄩㄣ ㄏㄨˋ
貼餅子,1,ㄊㄧㄝ ㄅㄧㄥˇ ㄗ˙
貿易區,1,ㄇㄠˋ ㄧˋ ㄑㄩ
賀知章,1,ㄏㄜˋ ㄓ ㄓㄤ
資料檔,1,ㄗ ㄌㄧㄠˋ ㄉㄤˇ
資暇集,1,ㄗ ㄒㄧㄚˊ ㄐㄧˊ
資本帳,1,ㄗ ㄅㄣˇ ㄓㄤˋ
資產股,1,ㄗ ㄔㄢˇ ㄍㄨˇ
資訊站,1,ㄗ ㄒㄩㄣˋ ㄓㄢˋ
賈似道,1,ㄐㄧㄚˇ ㄙˋ ㄉㄠˋ
賈公彥,1,ㄐㄧㄚˇ ㄍㄨㄥ ㄧㄢˋ
賈女香,1,ㄐㄧㄚˇ ㄋㄩˇ ㄒㄧㄤ
賈豎子,1,ㄍㄨˇ ㄕㄨˋ ㄗˇ
賊仔星,1,ㄗㄟˊ ㄗˇ ㄒㄧㄥ
賊王八,1,ㄗㄟˊ ㄨㄤˊ ㄅㄚ
賊窩子,1,ㄗㄟˊ ㄨㄛ ㄗ˙
賓主禮,1,ㄅㄧㄣ ㄓㄨˇ ㄌㄧˇ
賞面子,1,ㄕㄤˇ ㄇㄧㄢˋ ㄗ˙
賠不是,1,ㄆㄟˊ ㄅㄨˋ ㄕˋ
賠小心,1,ㄆㄟˊ ㄒㄧㄠˇ ㄒㄧㄣ˙
賠老本,1,ㄆㄟˊ ㄌㄠˇ ㄅㄣˇ
賢喬梓,1,ㄒㄧㄢˊ ㄑㄧㄠˊ ㄗˇ
賢昆玉,1,ㄒㄧㄢˊ ㄎㄨㄣ ㄩˋ
賣力氣,1,ㄇㄞˋ ㄌㄧˋ ㄑㄧ˙
賣務場,1,ㄇㄞˋ ㄨˋ ㄔㄤˊ
賣大戶,1,ㄇㄞˋ ㄉㄚˋ ㄏㄨˋ
賣大號,1,ㄇㄞˋ ㄉㄚˋ ㄏㄠˋ
賣妖嬈,1,ㄇㄞˋ ㄧㄠ ㄖㄠˊ
賣字號,1,ㄇㄞˋ ㄗˋ ㄏㄠ˙
賣工夫,1,ㄇㄞˋ ㄍㄨㄥ ㄈㄨ˙
賣本事,1,ㄇㄞˋ ㄅㄣˇ ㄕ˙
賣查梨,1,ㄇㄞˋ ㄓㄚ ㄌㄧˊ
賣死勁,1,ㄇㄞˋ ㄙˇ ㄐㄧㄣˋ
賣痴獃,1,ㄇㄞˋ ㄔ ㄉㄞ
賣胳臂,1,ㄇㄞˋ ㄍㄜ ㄅㄟ˙
賣腰的,1,ㄇㄞˋ ㄧㄠ ㄉㄜ˙
賣良姜,1,ㄇㄞˋ ㄌㄧㄤˊ ㄐㄧㄤ
賣花錢,1,ㄇㄞˋ ㄏㄨㄚ ㄑㄧㄢˊ
賣豆腐,1,ㄇㄞˋ ㄉㄡˋ ㄈㄨˇ
賣豬仔,1,ㄇㄞˋ ㄓㄨ ㄗㄞˇ
賣長舌,1,ㄇㄞˋ ㄔㄤˊ ㄕㄜˊ
賣關節,1,ㄇㄞˋ ㄍㄨㄢ ㄐㄧㄝˊ
賣風流,1,ㄇㄞˋ ㄈㄥ ㄌㄧㄡˊ
賣鱉雞,1,ㄇㄞˋ ㄅㄧㄝ ㄐㄧ
賤丈夫,1,ㄐㄧㄢˋ ㄓㄤˋ ㄈㄨ
賤骨頭,1,ㄐㄧㄢˋ ㄍㄨˊ ㄊㄡ˙
賦形劑,1,ㄈㄨˋ ㄒㄧㄥˊ ㄐㄧˋ
賦比興,1,ㄈㄨˋ ㄅㄧˇ ㄒㄧㄥˋ
賭不信,1,ㄉㄨˇ ㄅㄨˋ ㄒㄧㄣˋ
賭博場,1,ㄉㄨˇ ㄅㄛˊ ㄔㄤˊ
賭博罪,1,ㄉㄨˇ ㄅㄛˊ ㄗㄨㄟˋ
賭東道,1,ㄉㄨˇ ㄉㄨㄥ ㄉㄠˋ
賭錢廠,1,ㄉㄨˇ ㄑㄧㄢˊ ㄔㄤˇ
賭鱉氣,1,ㄉㄨˇ ㄅㄧㄝ ㄑㄧˋ
賺外快,1,ㄓㄨㄢˋ ㄨㄞˋ ㄎㄨㄞˋ
購物袋,1,ㄍㄡˋ ㄨˋ ㄉㄞˋ
賽先生,1,ㄙㄞˋ ㄒㄧㄢ ㄕㄥ
賽夏族,1,ㄙㄞˋ ㄒㄧㄚˋ ㄗㄨˊ
賽村社,1,ㄙㄞˋ ㄘㄨㄣ ㄕㄜˋ
賽珍珠,1,ㄙㄞˋ ㄓㄣ ㄓㄨ
賽璐玢,1,ㄙㄞˋ ㄌㄨˋ ㄈㄣ
賽路神,1,ㄙㄞˋ ㄌㄨˋ ㄕㄣˊ
賽金花,1,ㄙㄞˋ ㄐㄧㄣ ㄏㄨㄚ
贄見禮,1,ㄓˋ ㄐㄧㄢˋ ㄌㄧˇ
贍表子,1,ㄕㄢˋ ㄅㄧㄠˇ ㄗ˙
贓物罪,1,ㄗㄤ ㄨˋ ㄗㄨㄟˋ
赤伏符,1,ㄔˋ ㄈㄨˊ ㄈㄨˊ
赤力力,1,ㄔˋ ㄌㄧˋ ㄌㄧˋ
赤小豆,1,ㄔˋ ㄒㄧㄠˇ ㄉㄡˋ
赤峰縣,1,ㄔˋ ㄈㄥ ㄒㄧㄢˋ
赤巴巴,1,ㄔˋ ㄅㄚ ㄅㄚ˙
赤帝子,1,ㄔˋ ㄉㄧˋ ㄗˇ
赤松子,1,ㄔˋ ㄙㄨㄥ ㄗˇ
赤津津,1,ㄔˋ ㄐㄧㄣ ㄐㄧㄣ
赤狗日,1,ㄔˋ ㄍㄡˇ ㄖˋ
赤石脂,1,ㄔˋ ㄕˊ ㄓ
赤緊的,1,ㄔˋ ㄐㄧㄣˇ ㄉㄜ˙
赤練蛇,1,ㄔˋ ㄌㄧㄢˋ ㄕㄜˊ
赤翡翠,1,ㄔˋ ㄈㄟˇ ㄘㄨㄟˋ
赤腳漢,1,ㄔˋ ㄐㄧㄠˇ ㄏㄢˋ
赤血鹽,1,ㄔˋ ㄒㄧㄝˇ ㄧㄢˊ
赤資資,1,ㄔˋ ㄗ ㄗ
赤軍旅,1,ㄔˋ ㄐㄩㄣ ㄌㄩˇ
赤道儀,1,ㄔˋ ㄉㄠˋ ㄧˊ
赤道面,1,ㄔˋ ㄉㄠˋ ㄇㄧㄢˋ
赤鉛礦,1,ㄔˋ ㄑㄧㄢ ㄎㄨㄤˋ
赤鯶公,1,ㄔˋ ㄏㄨㄣˋ ㄍㄨㄥ
赤黴素,1,ㄔˋ ㄇㄟˊ ㄙㄨˋ
赫哲族,1,ㄏㄜˋ ㄓㄜˊ ㄗㄨˊ
赫斯特,1,ㄏㄜˋ ㄙ ㄊㄜˋ
赫本頭,1,ㄏㄜˋ ㄅㄣˇ ㄊㄡˊ
赫胥氏,1,ㄏㄜˋ ㄒㄩ ㄕˋ
走不開,1,ㄗㄡˇ ㄅㄨ˙ ㄎㄞ
走單幫,1,ㄗㄡˇ ㄉㄢ ㄅㄤ
走堂的,1,ㄗㄡˇ ㄊㄤˊ ㄉㄜ˙
走報的,1,ㄗㄡˇ ㄅㄠˋ ㄉㄜ˙
走岐路,1,ㄗㄡˇ ㄑㄧˊ ㄌㄨˋ
走得開,1,ㄗㄡˇ ㄉㄜ˙ ㄎㄞ
走心經,1,ㄗㄡˇ ㄒㄧㄣ ㄐㄧㄥ˙
走板眼,1,ㄗㄡˇ ㄅㄢˇ ㄧㄢˇ
走水槽,1,ㄗㄡˇ ㄕㄨㄟˇ ㄘㄠˊ
走江湖,1,ㄗㄡˇ ㄐㄧㄤ ㄏㄨ˙
走油子,1,ㄗㄡˇ ㄧㄡˊ ㄗ˙
走無常,1,ㄗㄡˇ ㄨˊ ㄔㄤˊ
走狗烹,1,ㄗㄡˇ ㄍㄡˇ ㄆㄥ
走百病,1,ㄗㄡˇ ㄅㄛˊ ㄅㄧㄥˋ
走紅運,1,ㄗㄡˇ ㄏㄨㄥˊ ㄩㄣˋ
走繩索,1,ㄗㄡˇ ㄕㄥˊ ㄙㄨㄛˇ
走老路,1,ㄗㄡˇ ㄌㄠˇ ㄌㄨˋ
走背運,1,ㄗㄡˇ ㄅㄟˋ ㄩㄣˋ
走臘法,1,ㄗㄡˇ ㄌㄚˋ ㄈㄚˇ
走著瞧,1,ㄗㄡˇ ㄓㄜ˙ ㄑㄧㄠˊ
走讀生,1,ㄗㄡˇ ㄉㄨˊ ㄕㄥ
走路子,1,ㄗㄡˇ ㄌㄨˋ ㄗ˙
走過場,1,ㄗㄡˇ ㄍㄨㄛˋ ㄔㄤˊ
走野路,1,ㄗㄡˇ ㄧㄝˇ ㄌㄨˋ
走鋼絲,1,ㄗㄡˇ ㄍㄤ ㄙ
走門子,1,ㄗㄡˇ ㄇㄣˊ ㄗ˙
走順風,1,ㄗㄡˇ ㄕㄨㄣˋ ㄈㄥ
走黑運,1,ㄗㄡˇ ㄏㄟ ㄩㄣˋ
起功局,1,ㄑㄧˇ ㄍㄨㄥ ㄐㄩˊ
起居室,1,ㄑㄧˇ ㄐㄩ ㄕˋ
起火店,1,ㄑㄧˇ ㄏㄨㄛˇ ㄉㄧㄢˋ
起皮子,1,ㄑㄧˇ ㄆㄧˊ ㄗ˙
起花頭,1,ㄑㄧˇ ㄏㄨㄚ ㄊㄡˊ
起訴人,1,ㄑㄧˇ ㄙㄨˋ ㄖㄣˊ
起訴權,1,ㄑㄧˇ ㄙㄨˋ ㄑㄩㄢˊ
起身炮,1,ㄑㄧˇ ㄕㄣ ㄆㄠˋ
起電盤,1,ㄑㄧˇ ㄉㄧㄢˋ ㄆㄢˊ
起馬牌,1,ㄑㄧˇ ㄇㄚˇ ㄆㄞˊ
起高調,1,ㄑㄧˇ ㄍㄠ ㄉㄧㄠˋ
趁熱灶,1,ㄔㄣˋ ㄖㄜˋ ㄗㄠˋ
趁頭市,1,ㄔㄣˋ ㄊㄡˊ ㄕˋ
趁風勢,1,ㄔㄣˋ ㄈㄥ ㄕˋ
超人論,1,ㄔㄠ ㄖㄣˊ ㄌㄨㄣˋ
超博士,1,ㄔㄠ ㄅㄛˊ ㄕˋ
超固態,1,ㄔㄠ ㄍㄨˋ ㄊㄞˋ
超媒體,1,ㄔㄠ ㄇㄟˊ ㄊㄧˇ
超巨星,1,ㄔㄠ ㄐㄩˋ ㄒㄧㄥ
超感覺,1,ㄔㄠ ㄍㄢˇ ㄐㄩㄝˊ
超文本,1,ㄔㄠ ㄨㄣˊ ㄅㄣˇ
超然臺,1,ㄔㄠ ㄖㄢˊ ㄊㄞˊ
超能力,1,ㄔㄠ ㄋㄥˊ ㄌㄧˋ
越城嶺,1,ㄩㄝˋ ㄔㄥˊ ㄌㄧㄥˇ
越絕書,1,ㄩㄝˋ ㄐㄩㄝˊ ㄕㄨ
越越的,1,ㄩㄝˋ ㄩㄝˋ ㄉㄜ˙
趕不上,1,ㄍㄢˇ ㄅㄨˋ ㄕㄤˋ
趕勢利,1,ㄍㄢˇ ㄕˋ ㄌㄧˋ
趕座子,1,ㄍㄢˇ ㄗㄨㄛˋ ㄗ˙
趕得上,1,ㄍㄢˇ ㄉㄜ˙ ㄕㄤˋ
趕搶攤,1,ㄍㄢˇ ㄑㄧㄤˇ ㄊㄢ
趕浪頭,1,ㄍㄢˇ ㄌㄤˋ ㄊㄡ˙
趕熱灶,1,ㄍㄢˇ ㄖㄜˋ ㄗㄠˋ
趕眼錯,1,ㄍㄢˇ ㄧㄢˇ ㄘㄨㄛˋ
趕腳的,1,ㄍㄢˇ ㄐㄧㄠˇ ㄉㄜ˙
趕趁人,1,ㄍㄢˇ ㄔㄣˋ ㄖㄣˊ
趕路程,1,ㄍㄢˇ ㄌㄨˋ ㄔㄥˊ
趕車的,1,ㄍㄢˇ ㄔㄜ ㄉㄜ˙
趕頭水,1,ㄍㄢˇ ㄊㄡˊ ㄕㄨㄟˇ
趕飯擔,1,ㄍㄢˇ ㄈㄢˋ ㄉㄢˋ
趕麵棍,1,ㄍㄢˇ ㄇㄧㄢˋ ㄍㄨㄣˋ
趙不肖,1,ㄓㄠˋ ㄅㄨˋ ㄒㄧㄠˋ
趙之謙,1,ㄓㄠˋ ㄓ ㄑㄧㄢ
趙五娘,1,ㄓㄠˋ ㄨˇ ㄋㄧㄤˊ
趙令畤,1,ㄓㄠˋ ㄌㄧㄥˋ ㄓˋ
趙伯駒,1,ㄓㄠˋ ㄅㄛˊ ㄐㄩ
趙元昊,1,ㄓㄠˋ ㄩㄢˊ ㄏㄠˋ
趙充國,1,ㄓㄠˋ ㄔㄨㄥ ㄍㄨㄛˊ
趙公明,1,ㄓㄠˋ ㄍㄨㄥ ㄇㄧㄥˊ
趙崇祚,1,ㄓㄠˋ ㄔㄨㄥˊ ㄗㄨㄛˋ
趙明誠,1,ㄓㄠˋ ㄇㄧㄥˊ ㄔㄥˊ
趙玄壇,1,ㄓㄠˋ ㄒㄩㄢˊ ㄊㄢˊ
趙飛燕,1,ㄓㄠˋ ㄈㄟ ㄧㄢˋ
趨水性,1,ㄑㄩ ㄕㄨㄟˇ ㄒㄧㄥˋ
趨熱性,1,ㄑㄩ ㄖㄜˋ ㄒㄧㄥˋ
足律律,1,ㄗㄨˊ ㄌㄩˋ ㄌㄩˋ
趴鼻子,1,ㄆㄚ ㄅㄧˊ ㄗ˙
跋步床,1,ㄅㄚˊ ㄅㄨˋ ㄔㄨㄤˊ
跌四平,1,ㄉㄧㄝˊ ㄙˋ ㄆㄧㄥˊ
跌根頭,1,ㄉㄧㄝˊ ㄍㄣ ㄊㄡ˙
跑不掉,1,ㄆㄠˇ ㄅㄨˋ ㄉㄧㄠˋ
跑五方,1,ㄆㄠˇ ㄨˇ ㄈㄤ
跑兔子,1,ㄆㄠˇ ㄊㄨˋ ㄗ˙
跑圓場,1,ㄆㄠˇ ㄩㄢˊ ㄔㄤˊ
跑封人,1,ㄆㄠˇ ㄈㄥ ㄖㄣˊ
跑新聞,1,ㄆㄠˇ ㄒㄧㄣ ㄨㄣˊ
跑檯子,1,ㄆㄠˇ ㄊㄞˊ ㄗ˙
跑江湖,1,ㄆㄠˇ ㄐㄧㄤ ㄏㄨˊ
跑狗場,1,ㄆㄠˇ ㄍㄡˇ ㄔㄤˊ
跑碼頭,1,ㄆㄠˇ ㄇㄚˇ ㄊㄡ˙
跑竹馬,1,ㄆㄠˇ ㄓㄨˊ ㄇㄚˇ
跑腿子,1,ㄆㄠˇ ㄊㄨㄟˇ ㄗ˙
跑解馬,1,ㄆㄠˇ ㄐㄧㄝˇ ㄇㄚˇ
跑野馬,1,ㄆㄠˇ ㄧㄝˇ ㄇㄚˇ
跗蹠骨,1,ㄈㄨ ㄓˊ ㄍㄨˇ
跗關節,1,ㄈㄨ ㄍㄨㄢ ㄐㄧㄝˊ
跟不上,1,ㄍㄣ ㄅㄨˋ ㄕㄤˋ
跟了人,1,ㄍㄣ ㄌㄜ˙ ㄖㄣˊ
跟前人,1,ㄍㄣ ㄑㄧㄢ˙ ㄖㄣˊ
跟屁股,1,ㄍㄣ ㄆㄧˋ ㄍㄨ˙
跟頭蟲,1,ㄍㄣ ㄊㄡ˙ ㄔㄨㄥˊ
跨世紀,1,ㄎㄨㄚˋ ㄕˋ ㄐㄧˋ
跨子車,1,ㄎㄨㄚˋ ㄗ˙ ㄔㄜ
跨胳膊,1,ㄎㄨㄚˋ ㄍㄜ ㄅㄛ˙
跨鞍子,1,ㄎㄨㄚˋ ㄢ ㄗ˙
跨鼓舞,1,ㄎㄨㄚˋ ㄍㄨˇ ㄨˇ
跪鎖子,1,ㄍㄨㄟˋ ㄙㄨㄛˇ ㄗ˙
路岐人,1,ㄌㄨˋ ㄑㄧˊ ㄖㄣˊ
路路通,1,ㄌㄨˋ ㄌㄨˋ ㄊㄨㄥ
路頭神,1,ㄌㄨˋ ㄊㄡˊ ㄕㄣˊ
跳傀儡,1,ㄊㄧㄠˋ ㄎㄨㄟˇ ㄌㄟˇ
跳判官,1,ㄊㄧㄠˋ ㄆㄢˋ ㄍㄨㄢ
跳大神,1,ㄊㄧㄠˋ ㄉㄚˋ ㄕㄣˊ
跳架子,1,ㄊㄧㄠˋ ㄐㄧㄚˋ ㄗ˙
跳水池,1,ㄊㄧㄠˋ ㄕㄨㄟˇ ㄔˊ
跳火坑,1,ㄊㄧㄠˋ ㄏㄨㄛˇ ㄎㄥ
跳火海,1,ㄊㄧㄠˋ ㄏㄨㄛˇ ㄏㄞˇ
跳灶王,1,ㄊㄧㄠˋ ㄗㄠˋ ㄨㄤˊ
跳牆頭,1,ㄊㄧㄠˋ ㄑㄧㄤˊ ㄊㄡˊ
跳百索,1,ㄊㄧㄠˋ ㄅㄞˇ ㄙㄨㄛˇ
跳糠籮,1,ㄊㄧㄠˋ ㄎㄤ ㄌㄨㄛˊ
跳起來,1,ㄊㄧㄠˋ ㄑㄧ˙ ㄌㄞ˙
跳躥躥,1,ㄊㄧㄠˋ ㄘㄨㄢ ㄘㄨㄢ
跳馬索,1,ㄊㄧㄠˋ ㄇㄚˇ ㄙㄨㄛˇ
跳鼓陣,1,ㄊㄧㄠˋ ㄍㄨˇ ㄓㄣˋ
跳龍門,1,ㄊㄧㄠˋ ㄌㄨㄥˊ ㄇㄣˊ
跺跺腳,1,ㄉㄨㄛˋ ㄉㄨㄛ˙ ㄐㄧㄠˇ
踏步床,1,ㄊㄚˋ ㄅㄨˋ ㄔㄨㄤˊ
踏狗尾,1,ㄊㄚˋ ㄍㄡˇ ㄨㄟˇ
踏猛子,1,ㄊㄚˋ ㄇㄥˇ ㄗ˙
踏腳凳,1,ㄊㄚˋ ㄐㄧㄠˇ ㄉㄥˋ
踏足板,1,ㄊㄚˋ ㄗㄨˊ ㄅㄢˇ
踏高蹻,1,ㄊㄚˋ ㄍㄠ ㄑㄧㄠ
踢踏舞,1,ㄊㄧ ㄊㄚˋ ㄨˇ
踩窩子,1,ㄘㄞˇ ㄨㄛ ㄗ˙
踩軟索,1,ㄘㄞˇ ㄖㄨㄢˇ ㄙㄨㄛˇ
踩高蹻,1,ㄘㄞˇ ㄍㄠ ㄑㄧㄠ
踱方步,1,ㄉㄨㄛˋ ㄈㄤ ㄅㄨˋ
踹渾水,1,ㄔㄨㄞˋ ㄏㄨㄣˊ ㄕㄨㄟˇ
踹狗尾,1,ㄔㄨㄞˋ ㄍㄡˇ ㄨㄟˇ
蹈虎尾,1,ㄉㄠˋ ㄏㄨˇ ㄨㄟˇ
蹚渾水,1,ㄊㄤ ㄏㄨㄣˊ ㄕㄨㄟˇ
蹦蹦車,1,ㄅㄥˋ ㄅㄥˋ ㄔㄜ
蹩腳貨,1,ㄅㄧㄝˊ ㄐㄧㄠˇ ㄏㄨㄛˋ
蹩馬腿,1,ㄅㄧㄝˊ ㄇㄚˇ ㄊㄨㄟˇ
蹬心拳,1,ㄉㄥˋ ㄒㄧㄣ ㄑㄩㄢˊ
蹬蹬腿,1,ㄉㄥˋ ㄉㄥˋ ㄊㄨㄟˇ
蹭稜子,1,ㄘㄥˋ ㄌㄥˊ ㄗ˙
蹲風眼,1,ㄉㄨㄣ ㄈㄥ ㄧㄢˇ
蹴蹴然,1,ㄘㄨˋ ㄘㄨˋ ㄖㄢˊ
蹺辮子,1,ㄑㄧㄠ ㄅㄧㄢˋ ㄗ˙
躁鬱症,1,ㄗㄠˋ ㄩˋ ㄓㄥˋ
躧渾水,1,ㄒㄧˇ ㄏㄨㄣˊ ㄕㄨㄟˇ
身丁錢,1,ㄕㄣ ㄉㄧㄥ ㄑㄧㄢˊ
身後事,1,ㄕㄣ ㄏㄡˋ ㄕˋ
身邊人,1,ㄕㄣ ㄅㄧㄢ ㄖㄣˊ
躲不了,1,ㄉㄨㄛˇ ㄅㄨ˙ ㄌㄧㄠˇ
躲不掉,1,ㄉㄨㄛˇ ㄅㄨ˙ ㄉㄧㄠˋ
躲迷藏,1,ㄉㄨㄛˇ ㄇㄧˊ ㄘㄤˊ
躲門戶,1,ㄉㄨㄛˇ ㄇㄣˊ ㄏㄨˋ
軀幹骨,1,ㄑㄩ ㄍㄢˋ ㄍㄨˇ
車墊子,1,ㄔㄜ ㄉㄧㄢˋ ㄗ˙
車大炮,1,ㄔㄜ ㄉㄚˋ ㄆㄠˋ
車廠子,1,ㄔㄜ ㄔㄤˇ ㄗ˙
車把式,1,ㄔㄜ ㄅㄚˇ ㄕ˙
車桑仔,1,ㄔㄜ ㄙㄤ ㄗˇ
車百合,1,ㄔㄜ ㄅㄞˇ ㄏㄜˊ
車簸箕,1,ㄔㄜ ㄅㄛˋ ㄐㄧ
車腳夫,1,ㄔㄜ ㄐㄧㄠˇ ㄈㄨ
車腳錢,1,ㄔㄜ ㄐㄧㄠˇ ㄑㄧㄢˊ
車葉草,1,ㄔㄜ ㄧㄝˋ ㄘㄠˇ
車豁子,1,ㄔㄜ ㄏㄨㄛ ㄗ˙
車軸草,1,ㄔㄜ ㄓㄡˊ ㄘㄠˇ
車輪會,1,ㄔㄜ ㄌㄨㄣˊ ㄏㄨㄟˋ
車輪菜,1,ㄔㄜ ㄌㄨㄣˊ ㄘㄞˋ
車道線,1,ㄔㄜ ㄉㄠˋ ㄒㄧㄢˋ
車鼓弄,1,ㄔㄜ ㄍㄨˇ ㄋㄨㄥˋ
車鼓陣,1,ㄔㄜ ㄍㄨˇ ㄓㄣˋ
軋一腳,1,ㄍㄚˊ ㄧ ㄐㄧㄠˇ
軋姘頭,1,ㄍㄚˊ ㄆㄧㄣ ㄊㄡ˙
軋支票,1,ㄍㄚˊ ㄓ ㄆㄧㄠˋ
軋路機,1,ㄧㄚˋ ㄌㄨˋ ㄐㄧ
軋道機,1,ㄧㄚˋ ㄉㄠˋ ㄐㄧ
軋頭寸,1,ㄍㄚˊ ㄊㄡˊ ㄘㄨㄣˋ
軌道炮,1,ㄍㄨㄟˇ ㄉㄠˋ ㄆㄠˋ
軌道面,1,ㄍㄨㄟˇ ㄉㄠˋ ㄇㄧㄢˋ
軍事犯,1,ㄐㄩㄣ ㄕˋ ㄈㄢˋ
軍人節,1,ㄐㄩㄣ ㄖㄣˊ ㄐㄧㄝˊ
軍人魂,1,ㄐㄩㄣ ㄖㄣˊ ㄏㄨㄣˊ
軍巡鋪,1,ㄐㄩㄣ ㄒㄩㄣˊ ㄆㄨˋ
軟人才,1,ㄖㄨㄢˇ ㄖㄣˊ ㄘㄞˊ
軟兀剌,1,ㄖㄨㄢˇ ㄨˋ ㄌㄚˋ
軟刀子,1,ㄖㄨㄢˇ ㄉㄠ ㄗ˙
軟包裝,1,ㄖㄨㄢˇ ㄅㄠ ㄓㄨㄤ
軟口湯,1,ㄖㄨㄢˇ ㄎㄡˇ ㄊㄤ
軟專家,1,ㄖㄨㄢˇ ㄓㄨㄢ ㄐㄧㄚ
軟底子,1,ㄖㄨㄢˇ ㄉㄧˇ ㄗ˙
軟怯怯,1,ㄖㄨㄢˇ ㄑㄩㄝˋ ㄑㄩㄝˋ
軟技術,1,ㄖㄨㄢˇ ㄐㄧˋ ㄕㄨˋ
軟文學,1,ㄖㄨㄢˇ ㄨㄣˊ ㄒㄩㄝˊ
軟木畫,1,ㄖㄨㄢˇ ㄇㄨˋ ㄏㄨㄚˋ
軟柔柔,1,ㄖㄨㄢˇ ㄖㄡˊ ㄖㄡˊ
軟流圈,1,ㄖㄨㄢˇ ㄌㄧㄡˊ ㄑㄩㄢ
軟瞇𥉐,1,ㄖㄨㄢˇ ㄇㄧ ㄒㄧˋ
軟科學,1,ㄖㄨㄢˇ ㄎㄜ ㄒㄩㄝˊ
軟罐頭,1,ㄖㄨㄢˇ ㄍㄨㄢˋ ㄊㄡ˙
軟耳朵,1,ㄖㄨㄢˇ ㄦˇ ㄉㄨㄛ˙
軟肥皂,1,ㄖㄨㄢˇ ㄈㄟˊ ㄗㄠˋ
軟腳病,1,ㄖㄨㄢˇ ㄐㄧㄠˇ ㄅㄧㄥˋ
軟腳蝦,1,ㄖㄨㄢˇ ㄐㄧㄠˇ ㄒㄧㄚ
軟腳蟹,1,ㄖㄨㄢˇ ㄐㄧㄠˇ ㄒㄧㄝˋ
軟膿包,1,ㄖㄨㄢˇ ㄋㄨㄥˊ ㄅㄠ
軟調脾,1,ㄖㄨㄢˇ ㄊㄧㄠˊ ㄆㄧˊ
軟錳礦,1,ㄖㄨㄢˇ ㄇㄥˇ ㄎㄨㄤˋ
軟雞蛋,1,ㄖㄨㄢˇ ㄐㄧ ㄉㄢˋ
軟青皮,1,ㄖㄨㄢˇ ㄑㄧㄥ ㄆㄧˊ
軟面筋,1,ㄖㄨㄢˇ ㄇㄧㄢˋ ㄐㄧㄣ
軟飲料,1,ㄖㄨㄢˇ ㄧㄣˇ ㄌㄧㄠˋ
軟骨頭,1,ㄖㄨㄢˇ ㄍㄨˊ ㄊㄡ˙
軸根系,1,ㄓㄡˊ ㄍㄣ ㄒㄧˋ
軹首蛇,1,ㄓˇ ㄕㄡˇ ㄕㄜˊ
載客量,1,ㄗㄞˋ ㄎㄜˋ ㄌㄧㄤˋ
輔佐人,1,ㄈㄨˇ ㄗㄨㄛˇ ㄖㄣˊ
輔導級,1,ㄈㄨˇ ㄉㄠˇ ㄐㄧˊ
輕嬝嬝,1,ㄑㄧㄥ ㄋㄧㄠˇ ㄋㄧㄠˇ
輕歌劇,1,ㄑㄧㄥ ㄍㄜ ㄐㄩˋ
輕聲字,1,ㄑㄧㄥ ㄕㄥ ㄗˋ
輕脣音,1,ㄑㄧㄥ ㄔㄨㄣˊ ㄧㄣ
輕骨頭,1,ㄑㄧㄥ ㄍㄨˊ ㄊㄡ˙
輝格黨,1,ㄏㄨㄟ ㄍㄜˊ ㄉㄤˇ
輝綠岩,1,ㄏㄨㄟ ㄌㄩˋ ㄧㄢˊ
輝長岩,1,ㄏㄨㄟ ㄔㄤˊ ㄧㄢˊ
輟耕錄,1,ㄔㄨㄛˋ ㄍㄥ ㄌㄨˋ
輦轂下,1,ㄋㄧㄢˇ ㄍㄨˇ ㄒㄧㄚˋ
輪匝帶,1,ㄌㄨㄣˊ ㄗㄚ ㄉㄞˋ
輪唱曲,1,ㄌㄨㄣˊ ㄔㄤˋ ㄑㄩˇ
輪旋曲,1,ㄌㄨㄣˊ ㄒㄩㄢˊ ㄑㄩˇ
輪盤賭,1,ㄌㄨㄣˊ ㄆㄢˊ ㄉㄨˇ
輪臺縣,1,ㄌㄨㄣˊ ㄊㄞˊ ㄒㄧㄢˋ
輻射病,1,ㄈㄨˊ ㄕㄜˋ ㄅㄧㄥˋ
輿地志,1,ㄩˊ ㄉㄧˋ ㄓˋ
轅下駒,1,ㄩㄢˊ ㄒㄧㄚˋ ㄐㄩ
轆轤格,1,ㄌㄨˋ ㄌㄨˊ ㄍㄜˊ
轉一轉,1,ㄓㄨㄢˋ ㄧ ㄓㄨㄢˋ
轉化爐,1,ㄓㄨㄢˇ ㄏㄨㄚˋ ㄌㄨˊ
轉化酶,1,ㄓㄨㄢˇ ㄏㄨㄚˋ ㄇㄟˊ
轉印紙,1,ㄓㄨㄢˇ ㄧㄣˋ ㄓˇ
轉口稅,1,ㄓㄨㄢˇ ㄎㄡˇ ㄕㄨㄟˋ
轉型期,1,ㄓㄨㄢˇ ㄒㄧㄥˊ ㄑㄧˊ
轉彎子,1,ㄓㄨㄢˇ ㄨㄢ ㄗ˙
轉折親,1,ㄓㄨㄢˇ ㄓㄜˊ ㄑㄧㄣ
轉磨磨,1,ㄓㄨㄢˋ ㄇㄛˋ ㄇㄛˋ
轉腰子,1,ㄓㄨㄢˋ ㄧㄠ ㄗ˙
轉轍器,1,ㄓㄨㄢˇ ㄔㄜˋ ㄑㄧˋ
轉速計,1,ㄓㄨㄢˇ ㄙㄨˋ ㄐㄧˋ
轉速錶,1,ㄓㄨㄢˇ ㄙㄨˋ ㄅㄧㄠˇ
轉運使,1,ㄓㄨㄢˇ ㄩㄣˋ ㄕˇ
辛安驛,1,ㄒㄧㄣ ㄢ ㄧˋ
辛巴達,1,ㄒㄧㄣ ㄅㄚ ㄉㄚˊ
辣乎乎,1,ㄌㄚˋ ㄏㄨ ㄏㄨ
辣拐子,1,ㄌㄚˋ ㄍㄨㄞˇ ㄗ˙
辣絲絲,1,ㄌㄚˋ ㄙ ㄙ
辣豁豁,1,ㄌㄚˋ ㄏㄨㄛˋ ㄏㄨㄛˋ
辣酥酥,1,ㄌㄚˋ ㄙㄨ ㄙㄨ
辦不到,1,ㄅㄢˋ ㄅㄨ˙ ㄉㄠˋ
辦酒席,1,ㄅㄢˋ ㄐㄧㄡˇ ㄒㄧˊ
辭典學,1,ㄘˊ ㄉㄧㄢˇ ㄒㄩㄝˊ
辭典派,1,ㄘˊ ㄉㄧㄢˇ ㄆㄞˋ
辮穗頭,1,ㄅㄧㄢˋ ㄙㄨㄟˋ ㄊㄡˊ
辯論術,1,ㄅㄧㄢˋ ㄌㄨㄣˋ ㄕㄨˋ
辰河戲,1,ㄔㄣˊ ㄏㄜˊ ㄒㄧˋ
農家子,1,ㄋㄨㄥˊ ㄐㄧㄚ ㄗˇ
農民曆,1,ㄋㄨㄥˊ ㄇㄧㄣˊ ㄌㄧˋ
農民節,1,ㄋㄨㄥˊ ㄇㄧㄣˊ ㄐㄧㄝˊ
農轉非,1,ㄋㄨㄥˊ ㄓㄨㄢˇ ㄈㄟ
迂夫子,1,ㄩ ㄈㄨ ㄗˇ
迎婿日,1,ㄧㄥˊ ㄒㄩˋ ㄖˋ
迎紫姑,1,ㄧㄥˊ ㄗˇ ㄍㄨ
近世史,1,ㄐㄧㄣˋ ㄕˋ ㄕˇ
近思錄,1,ㄐㄧㄣˋ ㄙ ㄌㄨˋ
近新來,1,ㄐㄧㄣˋ ㄒㄧㄣ ㄌㄞˊ
返魂草,1,ㄈㄢˇ ㄏㄨㄣˊ ㄘㄠˇ
迦旃延,1,ㄐㄧㄚ ㄓㄢ ㄧㄢˊ
迦蘭陀,1,ㄐㄧㄚ ㄌㄢˊ ㄊㄨㄛˊ
迪化市,1,ㄉㄧˊ ㄏㄨㄚˋ ㄕˋ
迪斯科,1,ㄉㄧˊ ㄙ ㄎㄜ
迫切性,1,ㄆㄛˋ ㄑㄧㄝˋ ㄒㄧㄥˋ
迴文對,1,ㄏㄨㄟˊ ㄨㄣˊ ㄉㄨㄟˋ
迴文詩,1,ㄏㄨㄟˊ ㄨㄣˊ ㄕ
迴文錦,1,ㄏㄨㄟˊ ㄨㄣˊ ㄐㄧㄣˇ
迴盲瓣,1,ㄏㄨㄟˊ ㄇㄤˊ ㄅㄢˋ
迴轉儀,1,ㄏㄨㄟˊ ㄓㄨㄢˇ ㄧˊ
迷你豬,1,ㄇㄧˊ ㄋㄧˇ ㄓㄨ
迷忽忽,1,ㄇㄧˊ ㄏㄨ ㄏㄨ
迷糊門,1,ㄇㄧˊ ㄏㄨˊ ㄇㄣˊ
迷魂寨,1,ㄇㄧˊ ㄏㄨㄣˊ ㄓㄞˋ
迸不過,1,ㄅㄥˋ ㄅㄨˋ ㄍㄨㄛˋ
追星族,1,ㄓㄨㄟ ㄒㄧㄥ ㄗㄨˊ
追索權,1,ㄓㄨㄟ ㄙㄨㄛˇ ㄑㄩㄢˊ
退堂鼓,1,ㄊㄨㄟˋ ㄊㄤˊ ㄍㄨˇ
退婚書,1,ㄊㄨㄟˋ ㄏㄨㄣ ㄕㄨ
退怯怯,1,ㄊㄨㄟˋ ㄑㄩㄝˋ ㄑㄩㄝˋ
退送紙,1,ㄊㄨㄟˋ ㄙㄨㄥˋ ㄓˇ
送上天,1,ㄙㄨㄥˋ ㄕㄤˋ ㄊㄧㄢ
送上門,1,ㄙㄨㄥˋ ㄕㄤˋ ㄇㄣˊ
送作堆,1,ㄙㄨㄥˋ ㄗㄨㄛˋ ㄉㄨㄟ
送氣音,1,ㄙㄨㄥˋ ㄑㄧˋ ㄧㄣ
送瘟神,1,ㄙㄨㄥˋ ㄨㄣ ㄕㄣˊ
逃亡潮,1,ㄊㄠˊ ㄨㄤˊ ㄔㄠˊ
逃亡者,1,ㄊㄠˊ ㄨㄤˊ ㄓㄜˇ
逃債臺,1,ㄊㄠˊ ㄓㄞˋ ㄊㄞˊ
逃弗過,1,ㄊㄠˊ ㄈㄨˊ ㄍㄨㄛˋ
逃生子,1,ㄊㄠˊ ㄕㄥ ㄗˇ
逆家子,1,ㄋㄧˋ ㄐㄧㄚ ㄗˇ
逋逃藪,1,ㄅㄨ ㄊㄠˊ ㄙㄡˇ
逍遙遊,1,ㄒㄧㄠ ㄧㄠˊ ㄧㄡˊ
透光帶,1,ㄊㄡˋ ㄍㄨㄤ ㄉㄞˋ
透光性,1,ㄊㄡˋ ㄍㄨㄤ ㄒㄧㄥˋ
透天厝,1,ㄊㄡˋ ㄊㄧㄢ ㄘㄨㄛˋ
透平機,1,ㄊㄡˋ ㄆㄧㄥˊ ㄐㄧ
透性膜,1,ㄊㄡˋ ㄒㄧㄥˋ ㄇㄛˋ
透明化,1,ㄊㄡˋ ㄇㄧㄥˊ ㄏㄨㄚˋ
透消息,1,ㄊㄡˋ ㄒㄧㄠ ㄒㄧˊ
逕啟者,1,ㄐㄧㄥˋ ㄑㄧˇ ㄓㄜˇ
逗悶子,1,ㄉㄡˋ ㄇㄣˋ ㄗ˙
這些時,1,ㄓㄜˋ ㄒㄧㄝ ㄕˊ
這兩天,1,ㄓㄜˋ ㄌㄧㄤˇ ㄊㄧㄢ
這其間,1,ㄓㄜˋ ㄑㄧˊ ㄐㄧㄢ
這回事,1,ㄓㄜˋ ㄏㄨㄟˊ ㄕˋ
這壁廂,1,ㄓㄜˋ ㄅㄧˋ ㄒㄧㄤ
這家子,1,ㄓㄜˋ ㄐㄧㄚ ㄗ˙
這早晚,1,ㄓㄜˋ ㄗㄠˇ ㄨㄢˇ
這會子,1,ㄓㄜˋ ㄏㄨㄟˇ ㄗ˙
這的是,1,ㄓㄜˋ ㄉㄧˋ ㄕˋ
這程子,1,ㄓㄜˋ ㄔㄥˊ ㄗ˙
這筆帳,1,ㄓㄜˋ ㄅㄧˇ ㄓㄤˋ
這號事,1,ㄓㄜˋ ㄏㄠˋ ㄕˋ
這行子,1,ㄓㄜˋ ㄒㄧㄥˊ ㄗ˙
這輩子,1,ㄓㄜˋ ㄅㄟˋ ㄗ˙
這麼著,1,ㄓㄜˋ ㄇㄜ˙ ㄓㄜ˙
通事官,1,ㄊㄨㄥ ㄕˋ ㄍㄨㄢ
通俗劇,1,ㄊㄨㄥ ㄙㄨˊ ㄐㄩˋ
通俗文,1,ㄊㄨㄥ ㄙㄨˊ ㄨㄣˊ
通俗編,1,ㄊㄨㄥ ㄙㄨˊ ㄅㄧㄢ
通信社,1,ㄊㄨㄥ ㄒㄧㄣˋ ㄕㄜˋ
通勤圈,1,ㄊㄨㄥ ㄑㄧㄣˊ ㄑㄩㄢ
通化市,1,ㄊㄨㄥ ㄏㄨㄚˋ ㄕˋ
通商港,1,ㄊㄨㄥ ㄕㄤ ㄍㄤˇ
通天冠,1,ㄊㄨㄥ ㄊㄧㄢ ㄍㄨㄢ
通天塔,1,ㄊㄨㄥ ㄊㄧㄢ ㄊㄚˇ
通天河,1,ㄊㄨㄥ ㄊㄧㄢ ㄏㄜˊ
通天犀,1,ㄊㄨㄥ ㄊㄧㄢ ㄒㄧ
通條樹,1,ㄊㄨㄥ ㄊㄧㄠˊ ㄕㄨˋ
通濟渠,1,ㄊㄨㄥ ㄐㄧˋ ㄑㄩˊ
通脫木,1,ㄊㄨㄥ ㄊㄨㄛ ㄇㄨˋ
通臂拳,1,ㄊㄨㄥ ㄅㄧˋ ㄑㄩㄢˊ
通草灰,1,ㄊㄨㄥ ㄘㄠˇ ㄏㄨㄟ
通草紙,1,ㄊㄨㄥ ㄘㄠˇ ㄓˇ
通行權,1,ㄊㄨㄥ ㄒㄧㄥˊ ㄑㄩㄢˊ
通行費,1,ㄊㄨㄥ ㄒㄧㄥˊ ㄈㄟˋ
通訊卡,1,ㄊㄨㄥ ㄒㄩㄣˋ ㄎㄚˇ
通訊器,1,ㄊㄨㄥ ㄒㄩㄣˋ ㄑㄧˋ
通譯員,1,ㄊㄨㄥ ㄧˋ ㄩㄢˊ
通關手,1,ㄊㄨㄥ ㄍㄨㄢ ㄕㄡˇ
通關節,1,ㄊㄨㄥ ㄍㄨㄢ ㄐㄧㄝˊ
逛窯子,1,ㄍㄨㄤˋ ㄧㄠˊ ㄗ˙
逛花園,1,ㄍㄨㄤˋ ㄏㄨㄚ ㄩㄢˊ
逞性子,1,ㄔㄥˇ ㄒㄧㄥˋ ㄗ˙
速克達,1,ㄙㄨˋ ㄎㄜˋ ㄉㄚˊ
速賜康,1,ㄙㄨˋ ㄘˋ ㄎㄤ
造像記,1,ㄗㄠˋ ㄒㄧㄤˋ ㄐㄧˋ
造反派,1,ㄗㄠˋ ㄈㄢˇ ㄆㄞˋ
造物者,1,ㄗㄠˋ ㄨˋ ㄓㄜˇ
連不連,1,ㄌㄧㄢˊ ㄅㄨˋ ㄌㄧㄢˊ
連史紙,1,ㄌㄧㄢˊ ㄕˇ ㄓˇ
連四紙,1,ㄌㄧㄢˊ ㄙˋ ㄓˇ
連城璧,1,ㄌㄧㄢˊ ㄔㄥˊ ㄅㄧˋ
連城縣,1,ㄌㄧㄢˊ ㄔㄥˊ ㄒㄧㄢˋ
連廂棒,1,ㄌㄧㄢˊ ㄒㄧㄤ ㄅㄤˋ
連廂舞,1,ㄌㄧㄢˊ ㄒㄧㄤ ㄨˇ
連廂詞,1,ㄌㄧㄢˊ ㄒㄧㄤ ㄘˊ
連心線,1,ㄌㄧㄢˊ ㄒㄧㄣ ㄒㄧㄢˋ
連拱壩,1,ㄌㄧㄢˊ ㄍㄨㄥˇ ㄅㄚˋ
連接器,1,ㄌㄧㄢˊ ㄐㄧㄝ ㄑㄧˋ
連暮夜,1,ㄌㄧㄢˊ ㄇㄨˋ ㄧㄝˋ
連枝樹,1,ㄌㄧㄢˊ ㄓ ㄕㄨˋ
連珠對,1,ㄌㄧㄢˊ ㄓㄨ ㄉㄨㄟˋ
連珠帳,1,ㄌㄧㄢˊ ㄓㄨ ㄓㄤˋ
連珠箭,1,ㄌㄧㄢˊ ㄓㄨ ㄐㄧㄢˋ
連珠體,1,ㄌㄧㄢˊ ㄓㄨ ㄊㄧˇ
連環套,1,ㄌㄧㄢˊ ㄏㄨㄢˊ ㄊㄠˋ
連環扣,1,ㄌㄧㄢˊ ㄏㄨㄢˊ ㄎㄡˋ
連絡線,1,ㄌㄧㄢˊ ㄌㄨㄛˋ ㄒㄧㄢˋ
連綿字,1,ㄌㄧㄢˊ ㄇㄧㄢˊ ㄗˋ
連續壁,1,ㄌㄧㄢˊ ㄒㄩˋ ㄅㄧˋ
連腳褲,1,ㄌㄧㄢˊ ㄐㄧㄠˇ ㄎㄨˋ
連襠褲,1,ㄌㄧㄢˊ ㄉㄤ ㄎㄨˋ
連身裙,1,ㄌㄧㄢˊ ㄕㄣ ㄑㄩㄣˊ
連連看,1,ㄌㄧㄢˊ ㄌㄧㄢˊ ㄎㄢˋ
連錢草,1,ㄌㄧㄢˊ ㄑㄧㄢˊ ㄘㄠˇ
連錢驄,1,ㄌㄧㄢˊ ㄑㄧㄢˊ ㄘㄨㄥ
連鍋端,1,ㄌㄧㄢˊ ㄍㄨㄛ ㄉㄨㄢ
連陰天,1,ㄌㄧㄢˊ ㄧㄣ ㄊㄧㄢ
連雅堂,1,ㄌㄧㄢˊ ㄧㄚˇ ㄊㄤˊ
連音符,1,ㄌㄧㄢˊ ㄧㄣ ㄈㄨˊ
進一步,1,ㄐㄧㄣˋ ㄧ ㄅㄨˋ
進學解,1,ㄐㄧㄣˋ ㄒㄩㄝˊ ㄐㄧㄝˇ
進棺材,1,ㄐㄧㄣˋ ㄍㄨㄢ ㄘㄞˊ
進見禮,1,ㄐㄧㄣˋ ㄐㄧㄢˋ ㄌㄧˇ
進賢冠,1,ㄐㄧㄣˋ ㄒㄧㄢˊ ㄍㄨㄢ
進門盞,1,ㄐㄧㄣˋ ㄇㄣˊ ㄓㄢˇ
逸周書,1,ㄧˋ ㄓㄡ ㄕㄨ
逼綽子,1,ㄅㄧ ㄔㄨㄛˋ ㄗ˙
遊仙枕,1,ㄧㄡˊ ㄒㄧㄢ ㄓㄣˇ
遊仙詩,1,ㄧㄡˊ ㄒㄧㄢ ㄕ
遊子吟,1,ㄧㄡˊ ㄗˇ ㄧㄣˊ
遊戲說,1,ㄧㄡˊ ㄒㄧˋ ㄕㄨㄛ
遊樂林,1,ㄧㄡˊ ㄌㄜˋ ㄌㄧㄣˊ
運動衫,1,ㄩㄣˋ ㄉㄨㄥˋ ㄕㄢ
運命論,1,ㄩㄣˋ ㄇㄧㄥˋ ㄌㄨㄣˋ
運送機,1,ㄩㄣˋ ㄙㄨㄥˋ ㄐㄧ
過一過,1,ㄍㄨㄛˋ ㄧ˙ ㄍㄨㄛˋ
過下來,1,ㄍㄨㄛˋ ㄒㄧㄚˋ ㄌㄞˊ
過不去,1,ㄍㄨㄛˋ ㄅㄨ˙ ㄑㄩˋ
過傢伙,1,ㄍㄨㄛˋ ㄐㄧㄚ ㄏㄨㄛˇ
過勞死,1,ㄍㄨㄛˋ ㄌㄠˊ ㄙˇ
過境稅,1,ㄍㄨㄛˋ ㄐㄧㄥˋ ㄕㄨㄟˋ
過嫁妝,1,ㄍㄨㄛˋ ㄐㄧㄚˋ ㄓㄨㄤ˙
過小年,1,ㄍㄨㄛˋ ㄒㄧㄠˇ ㄋㄧㄢˊ
過山車,1,ㄍㄨㄛˋ ㄕㄢ ㄔㄜ
過得著,1,ㄍㄨㄛˋ ㄉㄜ˙ ㄓㄠˊ
過房書,1,ㄍㄨㄛˋ ㄈㄤˊ ㄕㄨ
過折了,1,ㄍㄨㄛˋ ㄓㄜˊ ㄌㄜ˙
過明路,1,ㄍㄨㄛˋ ㄇㄧㄥˊ ㄌㄨˋ
過木梳,1,ㄍㄨㄛˋ ㄇㄨˋ ㄕㄨ
過水麵,1,ㄍㄨㄛˋ ㄕㄨㄟˇ ㄇㄧㄢˋ
過病氣,1,ㄍㄨㄛˋ ㄅㄧㄥˋ ㄑㄧˋ
過篩子,1,ㄍㄨㄛˋ ㄕㄞ ㄗ˙
過肩摔,1,ㄍㄨㄛˋ ㄐㄧㄢ ㄕㄨㄞ
過街樓,1,ㄍㄨㄛˋ ㄐㄧㄝ ㄌㄡˊ
過路客,1,ㄍㄨㄛˋ ㄌㄨˋ ㄎㄜˋ
過路的,1,ㄍㄨㄛˋ ㄌㄨˋ ㄉㄜ˙
過過身,1,ㄍㄨㄛˋ ㄍㄨㄛ˙ ㄕㄣ
過門錢,1,ㄍㄨㄛˋ ㄇㄣˊ ㄑㄧㄢˊ
過雲雨,1,ㄍㄨㄛˋ ㄩㄣˊ ㄩˇ
遏雲社,1,ㄜˋ ㄩㄣˊ ㄕㄜˋ
道不了,1,ㄉㄠˋ ㄅㄨˋ ㄌㄧㄠˇ
道不出,1,ㄉㄠˋ ㄅㄨˋ ㄔㄨ
道不得,1,ㄉㄠˋ ㄅㄨˋ ㄉㄜˊ
道傍李,1,ㄉㄠˋ ㄆㄤˊ ㄌㄧˇ
道字號,1,ㄉㄠˋ ㄗˋ ㄏㄠˋ
道學味,1,ㄉㄠˋ ㄒㄩㄝˊ ㄨㄟˋ
道情詞,1,ㄉㄠˋ ㄑㄧㄥˊ ㄘˊ
道成溜,1,ㄉㄠˋ ㄔㄥˊ ㄌㄧㄡ
道煩惱,1,ㄉㄠˋ ㄈㄢˊ ㄋㄠˇ
道禮數,1,ㄉㄠˋ ㄌㄧˇ ㄕㄨˋ
道義交,1,ㄉㄠˋ ㄧˋ ㄐㄧㄠ
道耳吞,1,ㄉㄠˋ ㄦˇ ㄊㄨㄣ
達克龍,1,ㄉㄚˊ ㄎㄜˋ ㄌㄨㄥˊ
達公鞋,1,ㄉㄚˊ ㄍㄨㄥ ㄒㄧㄝˊ
達加馬,1,ㄉㄚˊ ㄐㄧㄚ ㄇㄚˇ
達喀爾,1,ㄉㄚˊ ㄎㄚˋ ㄦˇ
達拉密,1,ㄉㄚˊ ㄌㄚ ㄇㄧˋ
達摩衣,1,ㄉㄚˊ ㄇㄛˊ ㄧ
達達派,1,ㄉㄚˊ ㄉㄚˊ ㄆㄞˋ
遙地裡,1,ㄧㄠˊ ㄉㄧˋ ㄌㄧˇ
遞包袱,1,ㄉㄧˋ ㄅㄠ ㄈㄨˊ
遞呈紙,1,ㄉㄧˋ ㄔㄥˊ ㄓˇ
遠不如,1,ㄩㄢˇ ㄅㄨˋ ㄖㄨˊ
遠兄弟,1,ㄩㄢˇ ㄒㄩㄥ ㄉㄧˋ
遠山眉,1,ㄩㄢˇ ㄕㄢ ㄇㄟˊ
遠山黛,1,ㄩㄢˇ ㄕㄢ ㄉㄞˋ
遠遠的,1,ㄩㄢˇ ㄩㄢˇ ㄉㄜ˙
遠鄉牌,1,ㄩㄢˇ ㄒㄧㄤ ㄆㄞˊ
遣唐使,1,ㄑㄧㄢˇ ㄊㄤˊ ㄕˇ
遮場面,1,ㄓㄜ ㄔㄤˊ ㄇㄧㄢˋ
遮溜子,1,ㄓㄜˇ ㄌㄧㄡ ㄗ˙
遮箭牌,1,ㄓㄜ ㄐㄧㄢˋ ㄆㄞˊ
遮羞布,1,ㄓㄜ ㄒㄧㄡ ㄅㄨˋ
遮耳目,1,ㄓㄜ ㄦˇ ㄇㄨˋ
遵大路,1,ㄗㄨㄣ ㄉㄚˋ ㄌㄨˋ
選佛場,1,ㄒㄩㄢˇ ㄈㄛˊ ㄔㄤˊ
選舉年,1,ㄒㄩㄢˇ ㄐㄩˇ ㄋㄧㄢˊ
選舉戰,1,ㄒㄩㄢˇ ㄐㄩˇ ㄓㄢˋ
選舉頁,1,ㄒㄩㄢˇ ㄐㄩˇ ㄧㄝˋ
遺忘症,1,ㄧˊ ㄨㄤˋ ㄓㄥˋ
遺教經,1,ㄧˊ ㄐㄧㄠˋ ㄐㄧㄥ
遺棄罪,1,ㄧˊ ㄑㄧˋ ㄗㄨㄟˋ
遼三彩,1,ㄌㄧㄠˊ ㄙㄢ ㄘㄞˇ
遼太宗,1,ㄌㄧㄠˊ ㄊㄞˋ ㄗㄨㄥ
遼太祖,1,ㄌㄧㄠˊ ㄊㄞˋ ㄗㄨˇ
遼東帽,1,ㄌㄧㄠˊ ㄉㄨㄥ ㄇㄠˋ
遼東豕,1,ㄌㄧㄠˊ ㄉㄨㄥ ㄕˇ
遼東鶴,1,ㄌㄧㄠˊ ㄉㄨㄥ ㄏㄜˋ
遼源市,1,ㄌㄧㄠˊ ㄩㄢˊ ㄕˋ
遼陽縣,1,ㄌㄧㄠˊ ㄧㄤˊ ㄒㄧㄢˋ
避孕套,1,ㄅㄧˋ ㄩㄣˋ ㄊㄠˋ
避銳鋒,1,ㄅㄧˋ ㄖㄨㄟˋ ㄈㄥ
避鋒頭,1,ㄅㄧˋ ㄈㄥ ㄊㄡˊ
避風臺,1,ㄅㄧˋ ㄈㄥ ㄊㄞˊ
還了得,1,ㄏㄞˊ ㄌㄧㄠˇ ㄉㄜ˙
還原焰,1,ㄏㄨㄢˊ ㄩㄢˊ ㄧㄢˋ
還魂記,1,ㄏㄨㄢˊ ㄏㄨㄣˊ ㄐㄧˋ
邈冥冥,1,ㄇㄧㄠˇ ㄇㄧㄥˊ ㄇㄧㄥˊ
邊塞詩,1,ㄅㄧㄢ ㄙㄞˋ ㄕ
邊張子,1,ㄅㄧㄢ ㄓㄤ ㄗ˙
邊擦音,1,ㄅㄧㄢ ㄘㄚ ㄧㄣ
邊疆舞,1,ㄅㄧㄢ ㄐㄧㄤ ㄨˇ
邊防軍,1,ㄅㄧㄢ ㄈㄤˊ ㄐㄩㄣ
邊際人,1,ㄅㄧㄢ ㄐㄧˋ ㄖㄣˊ
邊頭風,1,ㄅㄧㄢ ㄊㄡˊ ㄈㄥ
邋遢本,1,ㄌㄚˊ ㄊㄚˋ ㄅㄣˇ
邏輯閘,1,ㄌㄨㄛˊ ㄐㄧˊ ㄐㄧㄚˊ
邏輯閘,1,ㄌㄨㄛˊ ㄐㄧˊ ㄓㄚˊ
邏逤檀,1,ㄌㄨㄛˊ ㄕㄚ ㄊㄢˊ
邛崍山,1,ㄑㄩㄥˊ ㄌㄞˊ ㄕㄢ
邛崍縣,1,ㄑㄩㄥˊ ㄌㄞˊ ㄒㄧㄢˋ
那卡西,1,ㄋㄚˋ ㄎㄚˇ ㄒㄧ
那壁廂,1,ㄋㄚˋ ㄅㄧˋ ㄒㄧㄤ
那會子,1,ㄋㄚˋ ㄏㄨㄟˇ ㄗ˙
那樣子,1,ㄋㄚˋ ㄧㄤˋ ㄗ˙
那爛陀,1,ㄋㄚˋ ㄌㄢˋ ㄊㄨㄛˊ
那起人,1,ㄋㄚˋ ㄑㄧˇ ㄖㄣˊ
那達慕,1,ㄋㄚˋ ㄉㄚˊ ㄇㄨˋ
邯鄲夢,1,ㄏㄢˊ ㄉㄢ ㄇㄥˋ
邯鄲淳,1,ㄏㄢˊ ㄉㄢ ㄔㄨㄣˊ
邯鄲縣,1,ㄏㄢˊ ㄉㄢ ㄒㄧㄢˋ
邱比特,1,ㄑㄧㄡ ㄅㄧˇ ㄊㄜˋ
邲之戰,1,ㄅㄧˋ ㄓ ㄓㄢˋ
郁達夫,1,ㄩˋ ㄉㄚˊ ㄈㄨ
郁離子,1,ㄩˋ ㄌㄧˊ ㄗˇ
郃陽縣,1,ㄍㄜˊ ㄧㄤˊ ㄒㄧㄢˋ
郎世寧,1,ㄌㄤˊ ㄕˋ ㄋㄧㄥˊ
郎靜山,1,ㄌㄤˊ ㄐㄧㄥˋ ㄕㄢ
郡國制,1,ㄐㄩㄣˋ ㄍㄨㄛˊ ㄓˋ
部分法,1,ㄅㄨˋ ㄈㄣˋ ㄈㄚˇ
郭令公,1,ㄍㄨㄛ ㄌㄧㄥˋ ㄍㄨㄥ
郭守敬,1,ㄍㄨㄛ ㄕㄡˇ ㄐㄧㄥˋ
郭忠恕,1,ㄍㄨㄛ ㄓㄨㄥ ㄕㄨˋ
郭景純,1,ㄍㄨㄛ ㄐㄧㄥˇ ㄔㄨㄣˊ
郭汾陽,1,ㄍㄨㄛ ㄈㄣˊ ㄧㄤˊ
郯城縣,1,ㄊㄢˊ ㄔㄥˊ ㄒㄧㄢˋ
郵務員,1,ㄧㄡˊ ㄨˋ ㄩㄢˊ
郵政節,1,ㄧㄡˊ ㄓㄥˋ ㄐㄧㄝˊ
郵遞員,1,ㄧㄡˊ ㄉㄧˋ ㄩㄢˊ
都人士,1,ㄉㄨ ㄖㄣˊ ㄕˋ
都把勢,1,ㄉㄨ ㄅㄚˇ ㄕ˙
都料匠,1,ㄉㄨ ㄌㄧㄠˋ ㄐㄧㄤˋ
都馬調,1,ㄉㄨ ㄇㄚˇ ㄉㄧㄠˋ
郾城縣,1,ㄧㄢˇ ㄔㄥˊ ㄒㄧㄢˋ
鄂爾泰,1,ㄜˋ ㄦˇ ㄊㄞˋ
鄂畢河,1,ㄜˋ ㄅㄧˋ ㄏㄜˊ
鄂諾河,1,ㄜˋ ㄋㄨㄛˋ ㄏㄜˊ
鄉先生,1,ㄒㄧㄤ ㄒㄧㄢ ㄕㄥ
鄉先達,1,ㄒㄧㄤ ㄒㄧㄢ ㄉㄚˊ
鄉土劇,1,ㄒㄧㄤ ㄊㄨˇ ㄐㄩˋ
鄉大夫,1,ㄒㄧㄤ ㄉㄚˋ ㄈㄨ
鄉射禮,1,ㄒㄧㄤ ㄕㄜˋ ㄌㄧˇ
鄙褻語,1,ㄅㄧˇ ㄒㄧㄝˋ ㄩˇ
鄢陵縣,1,ㄧㄢ ㄌㄧㄥˊ ㄒㄧㄢˋ
鄧艾吃,1,ㄉㄥˋ ㄞˋ ㄐㄧˊ
鄧通錢,1,ㄉㄥˋ ㄊㄨㄥ ㄑㄧㄢˊ
鄭元和,1,ㄓㄥˋ ㄩㄢˊ ㄏㄜˊ
鄭光祖,1,ㄓㄥˋ ㄍㄨㄤ ㄗㄨˇ
鄭克塽,1,ㄓㄥˋ ㄎㄜˋ ㄕㄨㄤˇ
鄭士良,1,ㄓㄥˋ ㄕˋ ㄌㄧㄤˊ
鄭思肖,1,ㄓㄥˋ ㄙ ㄒㄧㄠˋ
鄭振鐸,1,ㄓㄥˋ ㄓㄣˋ ㄉㄨㄛˊ
鄭文焯,1,ㄓㄥˋ ㄨㄣˊ ㄓㄨㄛˊ
鄭板橋,1,ㄓㄥˋ ㄅㄢˇ ㄑㄧㄠˊ
鄭芝龍,1,ㄓㄥˋ ㄓ ㄌㄨㄥˊ
鄭莊公,1,ㄓㄥˋ ㄓㄨㄤ ㄍㄨㄥ
鄭豐喜,1,ㄓㄥˋ ㄈㄥ ㄒㄧˇ
鄰近色,1,ㄌㄧㄣˊ ㄐㄧㄣˋ ㄙㄜˋ
鄴中記,1,ㄧㄝˋ ㄓㄨㄥ ㄐㄧˋ
酈食其,1,ㄌㄧˋ ㄧˋ ㄐㄧ
酉字牌,1,ㄧㄡˇ ㄗˋ ㄆㄞˊ
配不上,1,ㄆㄟˋ ㄅㄨ˙ ㄕㄤˋ
配合題,1,ㄆㄟˋ ㄏㄜˊ ㄊㄧˊ
配子囊,1,ㄆㄟˋ ㄗˇ ㄋㄤˊ
配子枝,1,ㄆㄟˋ ㄗˇ ㄓ
配接卡,1,ㄆㄟˋ ㄐㄧㄝ ㄎㄚˇ
配水池,1,ㄆㄟˋ ㄕㄨㄟˇ ㄔˊ
配水管,1,ㄆㄟˋ ㄕㄨㄟˇ ㄍㄨㄢˇ
配糖體,1,ㄆㄟˋ ㄊㄤˊ ㄊㄧˇ
配膳檯,1,ㄆㄟˋ ㄕㄢˋ ㄊㄞˊ
酒中仙,1,ㄐㄧㄡˇ ㄓㄨㄥ ㄒㄧㄢ
酒中趣,1,ㄐㄧㄡˇ ㄓㄨㄥ ㄑㄩˋ
酒化酶,1,ㄐㄧㄡˇ ㄏㄨㄚˋ ㄇㄟˊ
酒博士,1,ㄐㄧㄡˇ ㄅㄛˊ ㄕˋ
酒太公,1,ㄐㄧㄡˇ ㄊㄞˋ ㄍㄨㄥ
酒娘子,1,ㄐㄧㄡˇ ㄋㄧㄤˊ ㄗ˙
酒帘子,1,ㄐㄧㄡˇ ㄌㄧㄢˊ ㄗ˙
酒德頌,1,ㄐㄧㄡˇ ㄉㄜˊ ㄙㄨㄥˋ
酒望子,1,ㄐㄧㄡˇ ㄨㄤˋ ㄗ˙
酒注子,1,ㄐㄧㄡˇ ㄓㄨˋ ㄗ˙
酒渣鼻,1,ㄐㄧㄡˇ ㄓㄚ ㄅㄧˊ
酒游花,1,ㄐㄧㄡˇ ㄧㄡˊ ㄏㄨㄚ
酒糟頭,1,ㄐㄧㄡˇ ㄗㄠ ㄊㄡˊ
酒糟鼻,1,ㄐㄧㄡˇ ㄗㄠ ㄅㄧˊ
酒膆子,1,ㄐㄧㄡˇ ㄙㄨˋ ㄗ˙
酘一酘,1,ㄊㄡˊ ㄧ˙ ㄊㄡˊ
酢漿草,1,ㄘㄨˋ ㄐㄧㄤ ㄘㄠˇ
酣中客,1,ㄏㄢ ㄓㄨㄥ ㄎㄜˋ
酩子裡,1,ㄇㄧㄥˇ ㄗ˙ ㄌㄧˇ
酪蛋白,1,ㄌㄨㄛˋ ㄉㄢˋ ㄅㄞˊ
酮體症,1,ㄊㄨㄥˊ ㄊㄧˇ ㄓㄥˋ
酵素毒,1,ㄒㄧㄠˋ ㄙㄨˋ ㄉㄨˊ
酷斃了,1,ㄎㄨˋ ㄅㄧˋ ㄌㄜ˙
酸中毒,1,ㄙㄨㄢ ㄓㄨㄥˋ ㄉㄨˊ
酸凝酪,1,ㄙㄨㄢ ㄋㄧㄥˊ ㄌㄨㄛˋ
酸棗子,1,ㄙㄨㄢ ㄗㄠˇ ㄗ˙
酸牛奶,1,ㄙㄨㄢ ㄋㄧㄡˊ ㄋㄞˇ
酸酪乳,1,ㄙㄨㄢ ㄌㄨㄛˋ ㄖㄨˇ
醉兀兀,1,ㄗㄨㄟˋ ㄨˋ ㄨˋ
醉厭厭,1,ㄗㄨㄟˋ ㄧㄢ ㄧㄢ
醉如泥,1,ㄗㄨㄟˋ ㄖㄨˊ ㄋㄧˊ
醉翁亭,1,ㄗㄨㄟˋ ㄨㄥ ㄊㄧㄥˊ
醉雷公,1,ㄗㄨㄟˋ ㄌㄟˊ ㄍㄨㄥ
醋漬物,1,ㄘㄨˋ ㄗˋ ㄨˋ
醒酒石,1,ㄒㄧㄥˇ ㄐㄧㄡˇ ㄕˊ
醜丫頭,1,ㄔㄡˇ ㄧㄚ ㄊㄡ˙
醜剌剌,1,ㄔㄡˇ ㄌㄚˋ ㄌㄚˋ
醜巴怪,1,ㄔㄡˇ ㄅㄚ ㄍㄨㄞˋ
醫師節,1,ㄧ ㄕ ㄐㄧㄝˊ
醫檢師,1,ㄧ ㄐㄧㄢˇ ㄕ
醫神日,1,ㄧ ㄕㄣˊ ㄖˋ
醫肚皮,1,ㄧ ㄉㄨˋ ㄆㄧˊ
醫院船,1,ㄧ ㄩㄢˋ ㄔㄨㄢˊ
醬糊缸,1,ㄐㄧㄤˋ ㄏㄨ˙ ㄍㄤ
醬肘子,1,ㄐㄧㄤˋ ㄓㄡˇ ㄗ˙
醬豆腐,1,ㄐㄧㄤˋ ㄉㄡˋ ㄈㄨ˙
醯胺類,1,ㄒㄧ ㄢ ㄌㄟˋ
醱酵乳,1,ㄆㄛˋ ㄒㄧㄠˋ ㄖㄨˇ
采石磯,1,ㄘㄞˇ ㄕˊ ㄐㄧ
采風錄,1,ㄘㄞˇ ㄈㄥ ㄌㄨˋ
釉下彩,1,ㄧㄡˋ ㄒㄧㄚˋ ㄘㄞˇ
釋迦果,1,ㄕˋ ㄐㄧㄚ ㄍㄨㄛˇ
重侍下,1,ㄔㄨㄥˊ ㄕˋ ㄒㄧㄚˋ
重傷罪,1,ㄓㄨㄥˋ ㄕㄤ ㄗㄨㄟˋ
重力壩,1,ㄓㄨㄥˋ ㄌㄧˋ ㄅㄚˋ
重力擺,1,ㄓㄨㄥˋ ㄌㄧˋ ㄅㄞˇ
重力水,1,ㄓㄨㄥˋ ㄌㄧˋ ㄕㄨㄟˇ
重力計,1,ㄓㄨㄥˋ ㄌㄧˋ ㄐㄧˋ
重孫媳,1,ㄔㄨㄥˊ ㄙㄨㄣ ㄒㄧˊ
重整人,1,ㄔㄨㄥˊ ㄓㄥˇ ㄖㄣˊ
重晶石,1,ㄓㄨㄥˋ ㄐㄧㄥ ㄕˊ
重炮手,1,ㄓㄨㄥˋ ㄆㄠˋ ㄕㄡˇ
重然諾,1,ㄓㄨㄥˋ ㄖㄢˊ ㄋㄨㄛˋ
重環紋,1,ㄔㄨㄥˊ ㄏㄨㄢˊ ㄨㄣˊ
重瓣胃,1,ㄔㄨㄥˊ ㄅㄢˋ ㄨㄟˋ
重眉毛,1,ㄓㄨㄥˋ ㄇㄟˊ ㄇㄠ˙
重羅麵,1,ㄔㄨㄥˊ ㄌㄨㄛˊ ㄇㄧㄢˋ
重脣音,1,ㄓㄨㄥˋ ㄔㄨㄣˊ ㄧㄣ
重華宮,1,ㄔㄨㄥˊ ㄏㄨㄚˊ ㄍㄨㄥ
重身子,1,ㄓㄨㄥˋ ㄕㄣ ㄗ˙
重重的,1,ㄓㄨㄥˋ ㄓㄨㄥˋ ㄉㄜ˙
重陽日,1,ㄔㄨㄥˊ ㄧㄤˊ ㄖˋ
重陽木,1,ㄔㄨㄥˊ ㄧㄤˊ ㄇㄨˋ
重點戶,1,ㄓㄨㄥˋ ㄉㄧㄢˇ ㄏㄨˋ
野丫頭,1,ㄧㄝˇ ㄧㄚ ㄊㄡ˙
野場子,1,ㄧㄝˇ ㄔㄤˇ ㄗ˙
野小子,1,ㄧㄝˇ ㄒㄧㄠˇ ㄗ˙
野廬氏,1,ㄧㄝˇ ㄌㄨˊ ㄕˋ
野心狼,1,ㄧㄝˇ ㄒㄧㄣ ㄌㄤˊ
野櫻皮,1,ㄧㄝˇ ㄧㄥ ㄆㄧˊ
野決明,1,ㄧㄝˇ ㄐㄩㄝˊ ㄇㄧㄥˊ
野牡丹,1,ㄧㄝˇ ㄇㄨˇ ㄉㄢ
野狐涎,1,ㄧㄝˇ ㄏㄨˊ ㄒㄧㄢˊ
野狐狸,1,ㄧㄝˇ ㄏㄨˊ ㄌㄧ˙
野狐禪,1,ㄧㄝˇ ㄏㄨˊ ㄔㄢˊ
野獲編,1,ㄧㄝˇ ㄏㄨㄛˋ ㄅㄧㄢ
野芝麻,1,ㄧㄝˇ ㄓ ㄇㄚˊ
野茨菰,1,ㄧㄝˇ ㄘˊ ㄍㄨ
野莧菜,1,ㄧㄝˇ ㄒㄧㄢˋ ㄘㄞˋ
野薔薇,1,ㄧㄝˇ ㄑㄧㄤˊ ㄨㄟˊ
野豌豆,1,ㄧㄝˇ ㄨㄢ ㄉㄡˋ
野豬林,1,ㄧㄝˇ ㄓㄨ ㄌㄧㄣˊ
野路子,1,ㄧㄝˇ ㄌㄨˋ ㄗ˙
量熱計,1,ㄌㄧㄤˊ ㄖㄜˋ ㄐㄧˋ
量酒人,1,ㄌㄧㄤˊ ㄐㄧㄡˇ ㄖㄣˊ
量雨表,1,ㄌㄧㄤˊ ㄩˇ ㄅㄧㄠˇ
金三角,1,ㄐㄧㄣ ㄙㄢ ㄐㄧㄠˇ
金不換,1,ㄐㄧㄣ ㄅㄨˋ ㄏㄨㄢˋ
金僕姑,1,ㄐㄧㄣ ㄆㄨˊ ㄍㄨ
金光菊,1,ㄐㄧㄣ ㄍㄨㄤ ㄐㄩˊ
金嗓子,1,ㄐㄧㄣ ㄙㄤˇ ㄗ˙
金圓券,1,ㄐㄧㄣ ㄩㄢˊ ㄑㄩㄢˋ
金奔巴,1,ㄐㄧㄣ ㄅㄣ ㄅㄚ
金履祥,1,ㄐㄧㄣ ㄌㄩˇ ㄒㄧㄤˊ
金屬學,1,ㄐㄧㄣ ㄕㄨˇ ㄒㄩㄝˊ
金屬氫,1,ㄐㄧㄣ ㄕㄨˇ ㄑㄧㄥ
金山寺,1,ㄐㄧㄣ ㄕㄢ ㄙˋ
金文學,1,ㄐㄧㄣ ㄨㄣˊ ㄒㄩㄝˊ
金文編,1,ㄐㄧㄣ ㄨㄣˊ ㄅㄧㄢ
金日磾,1,ㄐㄧㄣ ㄇㄧˋ ㄉㄧ
金木犀,1,ㄐㄧㄣ ㄇㄨˋ ㄒㄧ
金梅草,1,ㄐㄧㄣ ㄇㄟˊ ㄘㄠˇ
金樓子,1,ㄐㄧㄣ ㄌㄡˊ ㄗ˙
金櫻子,1,ㄐㄧㄣ ㄧㄥ ㄗˇ
金步搖,1,ㄐㄧㄣ ㄅㄨˋ ㄧㄠˊ
金湯匙,1,ㄐㄧㄣ ㄊㄤ ㄔˊ
金煌煌,1,ㄐㄧㄣ ㄏㄨㄤˊ ㄏㄨㄤˊ
金燦燦,1,ㄐㄧㄣ ㄘㄢˋ ㄘㄢˋ
金牛山,1,ㄐㄧㄣ ㄋㄧㄡˊ ㄕㄢ
金牛道,1,ㄐㄧㄣ ㄋㄧㄡˊ ㄉㄠˋ
金盞花,1,ㄐㄧㄣ ㄓㄢˇ ㄏㄨㄚ
金目鱸,1,ㄐㄧㄣ ㄇㄨˋ ㄌㄨˊ
金石奏,1,ㄐㄧㄣ ㄕˊ ㄗㄡˋ
金石索,1,ㄐㄧㄣ ㄕˊ ㄙㄨㄛˇ
金石聲,1,ㄐㄧㄣ ㄕˊ ㄕㄥ
金石語,1,ㄐㄧㄣ ㄕˊ ㄩˇ
金粟箋,1,ㄐㄧㄣ ㄙㄨˋ ㄐㄧㄢ
金粟蘭,1,ㄐㄧㄣ ㄙㄨˋ ㄌㄢˊ
金糕紙,1,ㄐㄧㄣ ㄍㄠ ㄓˇ
金紅石,1,ㄐㄧㄣ ㄏㄨㄥˊ ㄕˊ
金絲棗,1,ㄐㄧㄣ ㄙ ㄗㄠˇ
金絲邊,1,ㄐㄧㄣ ㄙ ㄅㄧㄢ
金線草,1,ㄐㄧㄣ ㄒㄧㄢˋ ㄘㄠˇ
金線蛙,1,ㄐㄧㄣ ㄒㄧㄢˋ ㄨㄚ
金翅雀,1,ㄐㄧㄣ ㄔˋ ㄑㄩㄝˋ
金臂人,1,ㄐㄧㄣ ㄅㄧˋ ㄖㄣˊ
金花牋,1,ㄐㄧㄣ ㄏㄨㄚ ㄐㄧㄢ
金花蟲,1,ㄐㄧㄣ ㄏㄨㄚ ㄔㄨㄥˊ
金蘭簿,1,ㄐㄧㄣ ㄌㄢˊ ㄅㄨˋ
金谷園,1,ㄐㄧㄣ ㄍㄨˇ ㄩㄢˊ
金銀紙,1,ㄐㄧㄣ ㄧㄣˊ ㄓˇ
金錯刀,1,ㄐㄧㄣ ㄘㄨㄛˋ ㄉㄠ
金鑰匙,1,ㄐㄧㄣ ㄧㄠˋ ㄕ˙
金院本,1,ㄐㄧㄣ ㄩㄢˋ ㄅㄣˇ
金雀記,1,ㄐㄧㄣ ㄑㄩㄝˋ ㄐㄧˋ
金雲母,1,ㄐㄧㄣ ㄩㄣˊ ㄇㄨˇ
金露花,1,ㄐㄧㄣ ㄌㄨˋ ㄏㄨㄚ
金馬克,1,ㄐㄧㄣ ㄇㄚˇ ㄎㄜˋ
金馬門,1,ㄐㄧㄣ ㄇㄚˇ ㄇㄣˊ
金魚草,1,ㄐㄧㄣ ㄩˊ ㄘㄠˇ
金鸚鵡,1,ㄐㄧㄣ ㄧㄥ ㄨˇ
金龜子,1,ㄐㄧㄣ ㄍㄨㄟ ㄗˇ
釘子戶,1,ㄉㄧㄥˋ ㄗˇ ㄏㄨˋ
釘扣子,1,ㄉㄧㄥˋ ㄎㄡˋ ㄗ˙
釘頭果,1,ㄉㄧㄥ ㄊㄡˊ ㄍㄨㄛˇ
釘齒耙,1,ㄉㄧㄥ ㄔˇ ㄆㄚˊ
針筆匠,1,ㄓㄣ ㄅㄧˇ ㄐㄧㄤˋ
針線娘,1,ㄓㄣ ㄒㄧㄢˋ ㄋㄧㄤˊ
針線扁,1,ㄓㄣ ㄒㄧㄢˋ ㄅㄧㄢˇ
釣金龜,1,ㄉㄧㄠˋ ㄐㄧㄣ ㄍㄨㄟ
釣魚竿,1,ㄉㄧㄠˋ ㄩˊ ㄍㄢ
釣魚臺,1,ㄉㄧㄠˋ ㄩˊ ㄊㄞˊ
釣鼇客,1,ㄉㄧㄠˋ ㄠˊ ㄎㄜˋ
釵釧記,1,ㄔㄞ ㄔㄨㄢˋ ㄐㄧˋ
釵頭符,1,ㄔㄞ ㄊㄡˊ ㄈㄨˊ
釵頭鳳,1,ㄔㄞ ㄊㄡˊ ㄈㄥˋ
鈀子拳,1,ㄅㄚˇ ㄗˇ ㄑㄩㄢˊ
鈞天夢,1,ㄐㄩㄣ ㄊㄧㄢ ㄇㄥˋ
鈞天樂,1,ㄐㄩㄣ ㄊㄧㄢ ㄩㄝˋ
鈞容直,1,ㄐㄩㄣ ㄖㄨㄥˊ ㄓˊ
鈞州窯,1,ㄐㄩㄣ ㄓㄡ ㄧㄠˊ
鈷六十,1,ㄍㄨ ㄌㄧㄡˋ ㄕˊ
鈷玻璃,1,ㄍㄨ ㄅㄛ ㄌㄧ˙
鈷鉧潭,1,ㄍㄨˇ ㄇㄨˇ ㄊㄢˊ
鉋花水,1,ㄅㄠˋ ㄏㄨㄚ ㄕㄨㄟˇ
鉑黴素,1,ㄅㄛˊ ㄇㄟˊ ㄙㄨˋ
鉛玻璃,1,ㄑㄧㄢ ㄅㄛ ㄌㄧ˙
鉤竿子,1,ㄍㄡ ㄍㄢ ㄗ˙
鉤絡帶,1,ㄍㄡ ㄌㄨㄛˋ ㄉㄞˋ
鉤腸債,1,ㄍㄡ ㄔㄤˊ ㄓㄞˋ
鉤鐮槍,1,ㄍㄡ ㄌㄧㄢˊ ㄑㄧㄤ
銀字兒,1,ㄧㄣˊ ㄗˋ ㄦˊ
銀安殿,1,ㄧㄣˊ ㄢ ㄉㄧㄢˋ
銀揲子,1,ㄧㄣˊ ㄕㄜˊ ㄗ˙
銀條菜,1,ㄧㄣˊ ㄊㄧㄠˊ ㄘㄞˋ
銀環蛇,1,ㄧㄣˊ ㄏㄨㄢˊ ㄕㄜˊ
銀白楊,1,ㄧㄣˊ ㄅㄞˊ ㄧㄤˊ
銀空山,1,ㄧㄣˊ ㄎㄨㄥ ㄕㄢ
銀絲捲,1,ㄧㄣˊ ㄙ ㄐㄩㄢˇ
銀線草,1,ㄧㄣˊ ㄒㄧㄢˋ ㄘㄠˇ
銀鈴般,1,ㄧㄣˊ ㄌㄧㄥˊ ㄅㄢ
銅版畫,1,ㄊㄨㄥˊ ㄅㄢˇ ㄏㄨㄚˋ
銅虎符,1,ㄊㄨㄥˊ ㄏㄨˇ ㄈㄨˊ
銅豌豆,1,ㄊㄨㄥˊ ㄨㄢ ㄉㄡˋ
銅雀臺,1,ㄊㄨㄥˊ ㄑㄩㄝˋ ㄊㄞˊ
銅駝陌,1,ㄊㄨㄥˊ ㄊㄨㄛˊ ㄇㄛˋ
銅龍門,1,ㄊㄨㄥˊ ㄌㄨㄥˊ ㄇㄣˊ
銷金帳,1,ㄒㄧㄠ ㄐㄧㄣ ㄓㄤˋ
銷金紙,1,ㄒㄧㄠ ㄐㄧㄣ ㄓˇ
鋁熱法,1,ㄌㄩˇ ㄖㄜˋ ㄈㄚˇ
鋁箔裝,1,ㄌㄩˇ ㄅㄛˊ ㄓㄨㄤ
鋁鎂齊,1,ㄌㄩˇ ㄇㄟˇ ㄐㄧˋ
鋁青銅,1,ㄌㄩˇ ㄑㄧㄥ ㄊㄨㄥˊ
鋤頭雨,1,ㄔㄨˊ ㄊㄡˊ ㄩˇ
鋪路石,1,ㄆㄨ ㄌㄨˋ ㄕˊ
鋪面房,1,ㄆㄨˋ ㄇㄧㄢˋ ㄈㄤˊ
鋪頭話,1,ㄆㄨ ㄊㄡˊ ㄏㄨㄚˋ
鋸齒草,1,ㄐㄩˋ ㄔˇ ㄘㄠˇ
鋼片琴,1,ㄍㄤ ㄆㄧㄢˋ ㄑㄧㄣˊ
鋼筆畫,1,ㄍㄤ ㄅㄧˇ ㄏㄨㄚˋ
鋼絲刷,1,ㄍㄤ ㄙ ㄕㄨㄚ
錄像帶,1,ㄌㄨˋ ㄒㄧㄤˋ ㄉㄞˋ
錄像片,1,ㄌㄨˋ ㄒㄧㄤˋ ㄆㄧㄢˋ
錄影碟,1,ㄌㄨˋ ㄧㄥˇ ㄉㄧㄝˊ
錄音間,1,ㄌㄨˋ ㄧㄣ ㄐㄧㄢ
錚錚然,1,ㄓㄥ ㄓㄥ ㄖㄢˊ
錚錚響,1,ㄓㄥ ㄓㄥ ㄒㄧㄤˇ
錢串子,1,ㄑㄧㄢˊ ㄔㄨㄢˋ ㄗ˙
錢塘潮,1,ㄑㄧㄢˊ ㄊㄤˊ ㄔㄠˊ
錢多多,1,ㄑㄧㄢˊ ㄉㄨㄛ ㄉㄨㄛ
錢大昕,1,ㄑㄧㄢˊ ㄉㄚˋ ㄒㄧㄣ
錢大昭,1,ㄑㄧㄢˊ ㄉㄚˋ ㄓㄠ
錢樹子,1,ㄑㄧㄢˊ ㄕㄨˋ ㄗ˙
錢玄同,1,ㄑㄧㄢˊ ㄒㄩㄢˊ ㄊㄨㄥˊ
錢褡子,1,ㄑㄧㄢˊ ㄉㄚ ㄗ˙
錢謙益,1,ㄑㄧㄢˊ ㄑㄧㄢ ㄧˋ
錢龍宴,1,ㄑㄧㄢˊ ㄌㄨㄥˊ ㄧㄢˋ
錦囊詩,1,ㄐㄧㄣˇ ㄋㄤˊ ㄕ
錦套頭,1,ㄐㄧㄣˇ ㄊㄠˋ ㄊㄡˊ
錦字書,1,ㄐㄧㄣˇ ㄗˋ ㄕㄨ
錦官城,1,ㄐㄧㄣˇ ㄍㄨㄢ ㄔㄥˊ
錦州市,1,ㄐㄧㄣˇ ㄓㄡ ㄕˋ
錦標社,1,ㄐㄧㄣˇ ㄅㄧㄠ ㄕㄜˋ
錦熏籠,1,ㄐㄧㄣˇ ㄒㄩㄣ ㄌㄨㄥˊ
錦花鳥,1,ㄐㄧㄣˇ ㄏㄨㄚ ㄋㄧㄠˇ
錦衚衕,1,ㄐㄧㄣˇ ㄏㄨˊ ㄊㄨㄥ˙
錦迴文,1,ㄐㄧㄣˇ ㄏㄨㄟˊ ㄨㄣˊ
錦體社,1,ㄐㄧㄣˇ ㄊㄧˇ ㄕㄜˋ
錫伯族,1,ㄒㄧˊ ㄅㄛˊ ㄗㄨˊ
錫克教,1,ㄒㄧˊ ㄎㄜˋ ㄐㄧㄠˋ
錫礦山,1,ㄒㄧˊ ㄎㄨㄤˋ ㄕㄢ
錯上墳,1,ㄘㄨㄛˋ ㄕㄤˋ ㄈㄣˊ
錯中錯,1,ㄘㄨㄛˋ ㄓㄨㄥ ㄘㄨㄛˋ
鍊氣士,1,ㄌㄧㄢˋ ㄑㄧˋ ㄕˋ
鍋煙子,1,ㄍㄨㄛ ㄧㄢ ㄗ˙
鍋臍灰,1,ㄍㄨㄛ ㄑㄧˊ ㄏㄨㄟ
鍍鉻鋼,1,ㄉㄨˋ ㄍㄜˋ ㄍㄤ
鍍鋅鐵,1,ㄉㄨˋ ㄒㄧㄣ ㄊㄧㄝˇ
鍍錫鐵,1,ㄉㄨˋ ㄒㄧˊ ㄊㄧㄝˇ
鍘美案,1,ㄓㄚˊ ㄇㄟˇ ㄢˋ
鍘草機,1,ㄓㄚˊ ㄘㄠˇ ㄐㄧ
鍾嗣成,1,ㄓㄨㄥ ㄙˋ ㄔㄥˊ
鍾山縣,1,ㄓㄨㄥ ㄕㄢ ㄒㄧㄢˋ
鍾離春,1,ㄓㄨㄥ ㄌㄧˊ ㄔㄨㄣ
鍾離權,1,ㄓㄨㄥ ㄌㄧˊ ㄑㄩㄢˊ
鎖子甲,1,ㄙㄨㄛˇ ㄗˇ ㄐㄧㄚˇ
鎖麟囊,1,ㄙㄨㄛˇ ㄌㄧㄣˊ ㄋㄤˊ
鎗榴彈,1,ㄑㄧㄤ ㄌㄧㄡˊ ㄉㄢˋ
鎘中毒,1,ㄍㄜˊ ㄓㄨㄥˋ ㄉㄨˊ
鎢絲燈,1,ㄨ ㄙ ㄉㄥ
鎮墓獸,1,ㄓㄣˋ ㄇㄨˋ ㄕㄡˋ
鎮宅神,1,ㄓㄣˋ ㄓㄞˊ ㄕㄣˊ
鎮海縣,1,ㄓㄣˋ ㄏㄞˇ ㄒㄧㄢˋ
鎮遠縣,1,ㄓㄣˋ ㄩㄢˇ ㄒㄧㄢˋ
鎮邪物,1,ㄓㄣˋ ㄒㄧㄝˊ ㄨˋ
鏇床子,1,ㄒㄩㄢˋ ㄔㄨㄤˊ ㄗ˙
鏈鉗子,1,ㄌㄧㄢˋ ㄑㄧㄢˊ ㄗ˙
鏟雪車,1,ㄔㄢˇ ㄒㄩㄝˇ ㄔㄜ
鏡中花,1,ㄐㄧㄥˋ ㄓㄨㄥ ㄏㄨㄚ
鏡鐵礦,1,ㄐㄧㄥˋ ㄊㄧㄝˇ ㄎㄨㄤˋ
鏡面呢,1,ㄐㄧㄥˋ ㄇㄧㄢˋ ㄋㄧˊ
鐘乳洞,1,ㄓㄨㄥ ㄖㄨˇ ㄉㄨㄥˋ
鐘形蟲,1,ㄓㄨㄥ ㄒㄧㄥˊ ㄔㄨㄥˊ
鐳射氣,1,ㄌㄟˊ ㄕㄜˋ ㄑㄧˋ
鐵三角,1,ㄊㄧㄝˇ ㄙㄢ ㄐㄧㄠˇ
鐵下心,1,ㄊㄧㄝˇ ㄒㄧㄚˋ ㄒㄧㄣ
鐵了心,1,ㄊㄧㄝˇ ㄌㄜ˙ ㄒㄧㄣ
鐵十字,1,ㄊㄧㄝˇ ㄕˊ ㄗˋ
鐵哥們,1,ㄊㄧㄝˇ ㄍㄜ ㄇㄣ˙
鐵娘子,1,ㄊㄧㄝˇ ㄋㄧㄤˊ ㄗˇ
鐵心腸,1,ㄊㄧㄝˇ ㄒㄧㄣ ㄔㄤˊ
鐵拍板,1,ㄊㄧㄝˇ ㄆㄞ ㄅㄢˇ
鐵拐李,1,ㄊㄧㄝˇ ㄍㄨㄞˇ ㄌㄧˇ
鐵掃帚,1,ㄊㄧㄝˇ ㄙㄠˋ ㄓㄡ˙
鐵板路,1,ㄊㄧㄝˇ ㄅㄢˇ ㄌㄨˋ
鐵殼船,1,ㄊㄧㄝˇ ㄎㄜˊ ㄔㄨㄢˊ
鐵氟龍,1,ㄊㄧㄝˇ ㄈㄨˊ ㄌㄨㄥˊ
鐵牛車,1,ㄊㄧㄝˇ ㄋㄧㄡˊ ㄔㄜ
鐵甲蟲,1,ㄊㄧㄝˇ ㄐㄧㄚˇ ㄔㄨㄥˊ
鐵算盤,1,ㄊㄧㄝˇ ㄙㄨㄢˋ ㄆㄢ˙
鐵線蕨,1,ㄊㄧㄝˇ ㄒㄧㄢˋ ㄐㄩㄝˊ
鐵臥單,1,ㄊㄧㄝˇ ㄨㄛˋ ㄉㄢ
鐵衣郎,1,ㄊㄧㄝˇ ㄧ ㄌㄤˊ
鐵錚錚,1,ㄊㄧㄝˇ ㄓㄥ ㄓㄥ
鐵門峽,1,ㄊㄧㄝˇ ㄇㄣˊ ㄒㄧㄚˊ
鐵門檻,1,ㄊㄧㄝˇ ㄇㄣˊ ㄎㄢˇ
鐵門限,1,ㄊㄧㄝˇ ㄇㄣˊ ㄒㄧㄢˋ
鑄幣局,1,ㄓㄨˋ ㄅㄧˋ ㄐㄩˊ
鑑藏印,1,ㄐㄧㄢˋ ㄘㄤˊ ㄧㄣˋ
鑑賞印,1,ㄐㄧㄢˋ ㄕㄤˇ ㄧㄣˋ
鑲嵌畫,1,ㄒㄧㄤ ㄑㄧㄢ ㄏㄨㄚˋ
鑼鍋子,1,ㄌㄨㄛˊ ㄍㄨㄛ ㄗ˙
鑼鼓經,1,ㄌㄨㄛˊ ㄍㄨˇ ㄐㄧㄥ
鑽故紙,1,ㄗㄨㄢ ㄍㄨˋ ㄓˇ
鑽石婚,1,ㄗㄨㄢˋ ㄕˊ ㄏㄨㄣ
鑽空子,1,ㄗㄨㄢ ㄎㄨㄥˋ ㄗ˙
鑽錢眼,1,ㄗㄨㄢ ㄑㄧㄢˊ ㄧㄢˇ
鑽門路,1,ㄗㄨㄢ ㄇㄣˊ ㄌㄨˋ
鑿渾沌,1,ㄗㄨㄛˋ ㄏㄨㄣˊ ㄉㄨㄣˋ
鑿船蟲,1,ㄗㄨㄛˋ ㄔㄨㄢˊ ㄔㄨㄥˊ
長休告,1,ㄔㄤˊ ㄒㄧㄡ ㄍㄠˋ
長休飯,1,ㄔㄤˊ ㄒㄧㄡ ㄈㄢˋ
長信宮,1,ㄔㄤˊ ㄒㄧㄣˋ ㄍㄨㄥ
長公主,1,ㄓㄤˇ ㄍㄨㄥ ㄓㄨˇ
長吻魚,1,ㄔㄤˊ ㄨㄣˇ ㄩˊ
長命縷,1,ㄔㄤˊ ㄇㄧㄥˋ ㄌㄩˇ
長命釘,1,ㄔㄤˊ ㄇㄧㄥˋ ㄉㄧㄥ
長坂坡,1,ㄔㄤˊ ㄅㄢˇ ㄆㄛ
長壽麵,1,ㄔㄤˊ ㄕㄡˋ ㄇㄧㄢˋ
長夜飲,1,ㄔㄤˊ ㄧㄝˋ ㄧㄣˇ
長孫媳,1,ㄓㄤˇ ㄙㄨㄣ ㄒㄧˊ
長尾巴,1,ㄓㄤˇ ㄨㄟˇ ㄅㄚ˙
長尾雞,1,ㄔㄤˊ ㄨㄟˇ ㄐㄧ
長尾鮫,1,ㄔㄤˊ ㄨㄟˇ ㄐㄧㄠ
長干巷,1,ㄔㄤˊ ㄍㄢ ㄒㄧㄤˋ
長干曲,1,ㄔㄤˊ ㄍㄢ ㄑㄩˇ
長年菜,1,ㄔㄤˊ ㄋㄧㄢˊ ㄘㄞˋ
長恨傳,1,ㄔㄤˊ ㄏㄣˋ ㄓㄨㄢˋ
長慶集,1,ㄔㄤˊ ㄑㄧㄥˋ ㄐㄧˊ
長慶體,1,ㄔㄤˊ ㄑㄧㄥˋ ㄊㄧˇ
長攙攙,1,ㄔㄤˊ ㄔㄢ ㄔㄢ
長春花,1,ㄔㄤˊ ㄔㄨㄣ ㄏㄨㄚ
長樂宮,1,ㄔㄤˊ ㄌㄜˋ ㄍㄨㄥ
長歲錢,1,ㄔㄤˊ ㄙㄨㄟˋ ㄑㄧㄢˊ
長毛象,1,ㄔㄤˊ ㄇㄠˊ ㄒㄧㄤˋ
長生庫,1,ㄔㄤˊ ㄕㄥ ㄎㄨˋ
長相思,1,ㄔㄤˊ ㄒㄧㄤ ㄙ
長耳公,1,ㄔㄤˊ ㄦˇ ㄍㄨㄥ
長耳鴞,1,ㄔㄤˊ ㄦˇ ㄒㄧㄠ
長脾氣,1,ㄓㄤˇ ㄆㄧˊ ㄑㄧ˙
長腳蜂,1,ㄔㄤˊ ㄐㄧㄠˇ ㄈㄥ
長臂蝦,1,ㄔㄤˊ ㄅㄧˋ ㄒㄧㄚ
長舌頭,1,ㄔㄤˊ ㄕㄜˊ ㄊㄡ˙
長著臉,1,ㄔㄤˊ ㄓㄜ˙ ㄌㄧㄢˇ
長角果,1,ㄔㄤˊ ㄐㄧㄠˇ ㄍㄨㄛˇ
長豇豆,1,ㄔㄤˊ ㄐㄧㄤ ㄉㄡˋ
長鋒筆,1,ㄔㄤˊ ㄈㄥ ㄅㄧˇ
長鏡頭,1,ㄔㄤˊ ㄐㄧㄥˋ ㄊㄡˊ
長門賦,1,ㄔㄤˊ ㄇㄣˊ ㄈㄨˋ
長青樹,1,ㄔㄤˊ ㄑㄧㄥ ㄕㄨˋ
長頭布,1,ㄔㄤˊ ㄊㄡˊ ㄅㄨˋ
長鼻目,1,ㄔㄤˊ ㄅㄧˊ ㄇㄨˋ
門上人,1,ㄇㄣˊ ㄕㄤˋ ㄖㄣˊ
門上楣,1,ㄇㄣˊ ㄕㄤˋ ㄇㄟˊ
門上的,1,ㄇㄣˊ ㄕㄤˋ ㄉㄜ˙
門下士,1,ㄇㄣˊ ㄒㄧㄚˋ ㄕˋ
門下省,1,ㄇㄣˊ ㄒㄧㄚˋ ㄕㄥˇ
門前清,1,ㄇㄣˊ ㄑㄧㄢˊ ㄑㄧㄥ
門圈子,1,ㄇㄣˊ ㄑㄩㄢ ㄗ˙
門垛子,1,ㄇㄣˊ ㄉㄨㄛˇ ㄗ˙
門如市,1,ㄇㄣˊ ㄖㄨˊ ㄕˋ
門巴族,1,ㄇㄣˊ ㄅㄚ ㄗㄨˊ
門攤銀,1,ㄇㄣˊ ㄊㄢ ㄧㄣˊ
門樓子,1,ㄇㄣˊ ㄌㄡˊ ㄗ˙
門環子,1,ㄇㄣˊ ㄏㄨㄢˊ ㄗ˙
門第高,1,ㄇㄣˊ ㄉㄧˋ ㄍㄠ
門裡人,1,ㄇㄣˊ ㄌㄧˇ ㄖㄣˊ
門裡大,1,ㄇㄣˊ ㄌㄧˇ ㄉㄚˋ
門靜脈,1,ㄇㄣˊ ㄐㄧㄥˋ ㄇㄞˋ
門面杯,1,ㄇㄣˊ ㄇㄧㄢˋ ㄅㄟ
閉卷考,1,ㄅㄧˋ ㄐㄩㄢˋ ㄎㄠˇ
閉口韻,1,ㄅㄧˋ ㄎㄡˇ ㄩㄣˋ
閉音節,1,ㄅㄧˋ ㄧㄣ ㄐㄧㄝˊ
開元禮,1,ㄎㄞ ㄩㄢˊ ㄌㄧˇ
開元錄,1,ㄎㄞ ㄩㄢˊ ㄌㄨˋ
開先例,1,ㄎㄞ ㄒㄧㄢ ㄌㄧˋ
開化史,1,ㄎㄞ ㄏㄨㄚˋ ㄕˇ
開卷考,1,ㄎㄞ ㄐㄩㄢˋ ㄎㄠˇ
開口呼,1,ㄎㄞ ㄎㄡˇ ㄏㄨ
開口子,1,ㄎㄞ ㄎㄡˇ ㄗ˙
開口跳,1,ㄎㄞ ㄎㄡˇ ㄊㄧㄠˋ
開司米,1,ㄎㄞ ㄙ ㄇㄧˇ
開尾韻,1,ㄎㄞ ㄨㄟˇ ㄩㄣˋ
開山刀,1,ㄎㄞ ㄕㄢ ㄉㄠ
開山斧,1,ㄎㄞ ㄕㄢ ㄈㄨˇ
開山機,1,ㄎㄞ ㄕㄢ ㄐㄧ
開山門,1,ㄎㄞ ㄕㄢ ㄇㄣˊ
開平盤,1,ㄎㄞ ㄆㄧㄥˊ ㄆㄢˊ
開後門,1,ㄎㄞ ㄏㄡˋ ㄇㄣˊ
開心斧,1,ㄎㄞ ㄒㄧㄣ ㄈㄨˇ
開房間,1,ㄎㄞ ㄈㄤˊ ㄐㄧㄢ
開手錢,1,ㄎㄞ ㄕㄡˇ ㄑㄧㄢˊ
開敞地,1,ㄎㄞ ㄔㄤˇ ㄉㄧˋ
開新板,1,ㄎㄞ ㄒㄧㄣ ㄅㄢˇ
開汽水,1,ㄎㄞ ㄑㄧˋ ㄕㄨㄟˇ
開瓶費,1,ㄎㄞ ㄆㄧㄥˊ ㄈㄟˋ
開發井,1,ㄎㄞ ㄈㄚ ㄐㄧㄥˇ
開發區,1,ㄎㄞ ㄈㄚ ㄑㄩ
開盤價,1,ㄎㄞ ㄆㄢˊ ㄐㄧㄚˋ
開盤子,1,ㄎㄞ ㄆㄢˊ ㄗ˙
開碼頭,1,ㄎㄞ ㄇㄚˇ ㄊㄡ˙
開私門,1,ㄎㄞ ㄙ ㄇㄣˊ
開紅燈,1,ㄎㄞ ㄏㄨㄥˊ ㄉㄥ
開紅盤,1,ㄎㄞ ㄏㄨㄥˊ ㄆㄢˊ
開花帳,1,ㄎㄞ ㄏㄨㄚ ㄓㄤˋ
開荒劍,1,ㄎㄞ ㄏㄨㄤ ㄐㄧㄢˋ
開路神,1,ㄎㄞ ㄌㄨˋ ㄕㄣˊ
開過眼,1,ㄎㄞ ㄍㄨㄛˋ ㄧㄢˇ
開門砲,1,ㄎㄞ ㄇㄣˊ ㄆㄠˋ
開門錢,1,ㄎㄞ ㄇㄣˊ ㄑㄧㄢˊ
開頭炮,1,ㄎㄞ ㄊㄡˊ ㄆㄠˋ
開風氣,1,ㄎㄞ ㄈㄥ ㄑㄧˋ
開飲機,1,ㄎㄞ ㄧㄣˇ ㄐㄧ
開齋節,1,ㄎㄞ ㄓㄞ ㄐㄧㄝˊ
閑淘氣,1,ㄒㄧㄢˊ ㄊㄠˊ ㄑㄧˋ
閒扯淡,1,ㄒㄧㄢˊ ㄔㄜˇ ㄉㄢˋ
閒理會,1,ㄒㄧㄢˊ ㄌㄧˇ ㄏㄨㄟˋ
閒磕牙,1,ㄒㄧㄢˊ ㄎㄜ ㄧㄚˊ
閒聒七,1,ㄒㄧㄢˊ ㄍㄨㄚ ㄑㄧ
間奏曲,1,ㄐㄧㄢ ㄗㄡˋ ㄑㄩˇ
間接灸,1,ㄐㄧㄢˋ ㄐㄧㄝ ㄐㄧㄡˇ
間深裡,1,ㄐㄧㄢˋ ㄕㄣ ㄌㄧˇ
間胺黃,1,ㄐㄧㄢˋ ㄢ ㄏㄨㄤˊ
間諜戰,1,ㄐㄧㄢˋ ㄉㄧㄝˊ ㄓㄢˋ
間諜船,1,ㄐㄧㄢˋ ㄉㄧㄝˊ ㄔㄨㄢˊ
間隔號,1,ㄐㄧㄢˋ ㄍㄜˊ ㄏㄠˋ
閔刻本,1,ㄇㄧㄣˇ ㄎㄜ ㄅㄣˇ
閔子裡,1,ㄇㄧㄣˇ ㄗ˙ ㄌㄧˇ
閔子騫,1,ㄇㄧㄣˇ ㄗˇ ㄑㄧㄢ
閣不住,1,ㄍㄜˊ ㄅㄨˋ ㄓㄨˋ
閤家歡,1,ㄏㄜˊ ㄐㄧㄚ ㄏㄨㄢ
閨怨詩,1,ㄍㄨㄟ ㄩㄢˋ ㄕ
閨門旦,1,ㄍㄨㄟ ㄇㄣˊ ㄉㄢˋ
閩北話,1,ㄇㄧㄣˊ ㄅㄟˇ ㄏㄨㄚˋ
閩南話,1,ㄇㄧㄣˊ ㄋㄢˊ ㄏㄨㄚˋ
閩南語,1,ㄇㄧㄣˊ ㄋㄢˊ ㄩˇ
閬中縣,1,ㄌㄤˊ ㄓㄨㄥ ㄒㄧㄢˋ
閱兵臺,1,ㄩㄝˋ ㄅㄧㄥ ㄊㄞˊ
閱聽人,1,ㄩㄝˋ ㄊㄧㄥ ㄖㄣˊ
閻海文,1,ㄧㄢˊ ㄏㄞˇ ㄨㄣˊ
閻王帳,1,ㄧㄢˊ ㄨㄤˊ ㄓㄤˋ
閻王殿,1,ㄧㄢˊ ㄨㄤˊ ㄉㄧㄢˋ
閻立本,1,ㄧㄢˊ ㄌㄧˋ ㄅㄣˇ
閻若璩,1,ㄧㄢˊ ㄖㄨㄛˋ ㄑㄩˊ
闊大爺,1,ㄎㄨㄛˋ ㄉㄚˋ ㄧㄝˊ
闊背肌,1,ㄎㄨㄛˋ ㄅㄟˋ ㄐㄧ
闒茸貨,1,ㄊㄚˋ ㄖㄨㄥˊ ㄏㄨㄛˋ
闖亂子,1,ㄔㄨㄤˇ ㄌㄨㄢˋ ㄗ˙
闖光棍,1,ㄔㄨㄤˇ ㄍㄨㄤ ㄍㄨㄣˋ
闖場子,1,ㄔㄨㄤˇ ㄔㄤˇ ㄗ˙
闖大運,1,ㄔㄨㄤˇ ㄉㄚˋ ㄩㄣˋ
闖天下,1,ㄔㄨㄤˇ ㄊㄧㄢ ㄒㄧㄚˋ
闖天地,1,ㄔㄨㄤˇ ㄊㄧㄢ ㄉㄧˋ
闖寡門,1,ㄔㄨㄤˇ ㄍㄨㄚˇ ㄇㄣˊ
闖江湖,1,ㄔㄨㄤˇ ㄐㄧㄤ ㄏㄨ˙
闖空門,1,ㄔㄨㄤˇ ㄎㄨㄥ ㄇㄣˊ
闖門子,1,ㄔㄨㄤˇ ㄇㄣˊ ㄗ˙
闖黃燈,1,ㄔㄨㄤˇ ㄏㄨㄤˊ ㄉㄥ
關係戶,1,ㄍㄨㄢ ㄒㄧˋ ㄏㄨˋ
關係調,1,ㄍㄨㄢ ㄒㄧˋ ㄉㄧㄠˋ
關內侯,1,ㄍㄨㄢ ㄋㄟˋ ㄏㄡˊ
關夫子,1,ㄍㄨㄢ ㄈㄨ ㄗˇ
關山月,1,ㄍㄨㄢ ㄕㄢ ㄩㄝˋ
關嶺縣,1,ㄍㄨㄢ ㄌㄧㄥˇ ㄒㄧㄢˋ
關捩子,1,ㄍㄨㄢ ㄌㄧㄝˋ ㄗ˙
關東客,1,ㄍㄨㄢ ㄉㄨㄥ ㄎㄜˋ
關稅率,1,ㄍㄨㄢ ㄕㄨㄟˋ ㄌㄩˋ
關節囊,1,ㄍㄨㄢ ㄐㄧㄝˊ ㄋㄤˊ
關羽髯,1,ㄍㄨㄢ ㄩˇ ㄖㄢˊ
關都尉,1,ㄍㄨㄢ ㄉㄨ ㄨㄟˋ
關金券,1,ㄍㄨㄢ ㄐㄧㄣ ㄑㄩㄢˋ
關鍵期,1,ㄍㄨㄢ ㄐㄧㄢˋ ㄑㄧˊ
關鍵球,1,ㄍㄨㄢ ㄐㄧㄢˋ ㄑㄧㄡˊ
關門狀,1,ㄍㄨㄢ ㄇㄣˊ ㄓㄨㄤˋ
關雲長,1,ㄍㄨㄢ ㄩㄣˊ ㄓㄤˇ
防寫口,1,ㄈㄤˊ ㄒㄧㄝˇ ㄎㄡˇ
防水漆,1,ㄈㄤˊ ㄕㄨㄟˇ ㄑㄧ
防水表,1,ㄈㄤˊ ㄕㄨㄟˇ ㄅㄧㄠˇ
防沙堤,1,ㄈㄤˊ ㄕㄚ ㄊㄧˊ
防衛權,1,ㄈㄤˊ ㄨㄟˋ ㄑㄩㄢˊ
防送人,1,ㄈㄤˊ ㄙㄨㄥˋ ㄖㄣˊ
防霜林,1,ㄈㄤˊ ㄕㄨㄤ ㄌㄧㄣˊ
防音牆,1,ㄈㄤˊ ㄧㄣ ㄑㄧㄤˊ
阻生齒,1,ㄗㄨˇ ㄕㄥ ㄔˇ
阿三哥,1,ㄚ ㄙㄢ ㄍㄜ
阿仙藥,1,ㄚ ㄒㄧㄢ ㄧㄠˋ
阿伽陀,1,ㄚ ㄑㄧㄝˊ ㄊㄨㄛˊ
阿兜眼,1,ㄚ ㄉㄡ ㄧㄢˇ
阿利曼,1,ㄚ ㄌㄧˋ ㄇㄢˋ
阿勃勒,1,ㄚ ㄅㄛˊ ㄌㄜˋ
阿坶坪,1,ㄚ ㄇㄨˇ ㄆㄧㄥˊ
阿堵物,1,ㄚ ㄉㄨˇ ㄨˋ
阿奎那,1,ㄚ ㄎㄨㄟˊ ㄋㄚˋ
阿姆河,1,ㄚ ㄇㄨˇ ㄏㄜˊ
阿家翁,1,ㄚ ㄍㄨ ㄨㄥ
阿尼林,1,ㄚ ㄋㄧˊ ㄌㄧㄣˊ
阿巴丹,1,ㄚ ㄅㄚ ㄉㄢ
阿巴桑,1,ㄜ ㄅㄚ ㄙㄤ
阿底峽,1,ㄚ ㄉㄧˇ ㄒㄧㄚˊ
阿必尚,1,ㄚ ㄅㄧˋ ㄕㄤˋ
阿托品,1,ㄚ ㄊㄨㄛ ㄆㄧㄣˇ
阿昌族,1,ㄚ ㄔㄤ ㄗㄨˊ
阿是穴,1,ㄜ ㄕˋ ㄒㄩㄝˋ
阿毗曇,1,ㄚ ㄆㄧˊ ㄊㄢˊ
阿毗曇,1,ㄚ ㄆㄧˊ ㄊㄧㄢˊ
阿羅漢,1,ㄚ ㄌㄨㄛˊ ㄏㄢˋ
阿育王,1,ㄚ ㄩˋ ㄨㄤˊ
阿膠版,1,ㄚ ㄐㄧㄠ ㄅㄢˇ
阿芙蓉,1,ㄚ ㄈㄨˊ ㄖㄨㄥˊ
阿莎力,1,ㄚ ㄕㄚ ㄌㄧˋ
阿薩姆,1,ㄚ ㄙㄚˋ ㄇㄨˇ
阿蘇山,1,ㄚ ㄙㄨ ㄕㄢ
阿蘭若,1,ㄚ ㄌㄢˊ ㄖㄜˇ
阿那律,1,ㄚ ㄋㄚˋ ㄌㄩˋ
阿闍世,1,ㄚ ㄕㄜˊ ㄕˋ
阿闍梨,1,ㄚ ㄕㄜˊ ㄌㄧˊ
阿難陀,1,ㄚ ㄋㄢˊ ㄊㄨㄛˊ
阿馬達,1,ㄚ ㄇㄚˇ ㄉㄚˊ
陀羅尼,1,ㄊㄨㄛˊ ㄌㄨㄛˊ ㄋㄧˊ
附刻本,1,ㄈㄨˋ ㄎㄜˋ ㄅㄣˇ
附加刑,1,ㄈㄨˋ ㄐㄧㄚ ㄒㄧㄥˊ
附屬物,1,ㄈㄨˋ ㄕㄨˇ ㄨˋ
附致語,1,ㄈㄨˋ ㄓˋ ㄩˇ
附驥尾,1,ㄈㄨˋ ㄐㄧˋ ㄨㄟˇ
陋室銘,1,ㄌㄡˋ ㄕˋ ㄇㄧㄥˊ
陌上桑,1,ㄇㄛˋ ㄕㄤˋ ㄙㄤ
陌路人,1,ㄇㄛˋ ㄌㄨˋ ㄖㄣˊ
降交點,1,ㄐㄧㄤˋ ㄐㄧㄠ ㄉㄧㄢˇ
降元音,1,ㄐㄧㄤˋ ㄩㄢˊ ㄧㄣ
降升調,1,ㄐㄧㄤˋ ㄕㄥ ㄉㄧㄠˋ
降半旗,1,ㄐㄧㄤˋ ㄅㄢˋ ㄑㄧˊ
降壓器,1,ㄐㄧㄤˋ ㄧㄚ ㄑㄧˋ
降真香,1,ㄐㄧㄤˋ ㄓㄣ ㄒㄧㄤ
降級數,1,ㄐㄧㄤˋ ㄐㄧˊ ㄕㄨˋ
降降的,1,ㄐㄧㄤˋ ㄐㄧㄤˋ ㄉㄜ˙
限定語,1,ㄒㄧㄢˋ ㄉㄧㄥˋ ㄩˇ
陞官圖,1,ㄕㄥ ㄍㄨㄢ ㄊㄨˊ
陡然間,1,ㄉㄡˇ ㄖㄢˊ ㄐㄧㄢ
院體畫,1,ㄩㄢˋ ㄊㄧˇ ㄏㄨㄚˋ
陣面上,1,ㄓㄣˋ ㄇㄧㄢˋ ㄕㄤˋ
除霧器,1,ㄔㄨˊ ㄨˋ ㄑㄧˋ
陪不是,1,ㄆㄟˊ ㄅㄨˋ ㄕˋ
陪士特,1,ㄆㄟˊ ㄕˋ ㄊㄜˋ
陪小心,1,ㄆㄟˊ ㄒㄧㄠˇ ㄒㄧㄣ˙
陪床的,1,ㄆㄟˊ ㄔㄨㄤˊ ㄉㄜ˙
陪葬品,1,ㄆㄟˊ ㄗㄤˋ ㄆㄧㄣˇ
陪觀員,1,ㄆㄟˊ ㄍㄨㄢ ㄩㄢˊ
陪錢貨,1,ㄆㄟˊ ㄑㄧㄢˊ ㄏㄨㄛˋ
陰丹布,1,ㄧㄣ ㄉㄢ ㄅㄨˋ
陰影法,1,ㄧㄣ ㄧㄥˇ ㄈㄚˇ
陰時夫,1,ㄧㄣ ㄕˊ ㄈㄨ
陰沉木,1,ㄧㄣ ㄔㄣˊ ㄇㄨˋ
陰符經,1,ㄧㄣ ㄈㄨˊ ㄐㄧㄥ
陰聲韻,1,ㄧㄣ ㄕㄥ ㄩㄣˋ
陰道冠,1,ㄧㄣ ㄉㄠˋ ㄍㄨㄢ
陰道瓣,1,ㄧㄣ ㄉㄠˋ ㄅㄢˋ
陰陽和,1,ㄧㄣ ㄧㄤˊ ㄏㄜˊ
陰陽學,1,ㄧㄣ ㄧㄤˊ ㄒㄩㄝˊ
陰陽曆,1,ㄧㄣ ㄧㄤˊ ㄌㄧˋ
陰陽水,1,ㄧㄣ ㄧㄤˊ ㄕㄨㄟˇ
陰陽海,1,ㄧㄣ ㄧㄤˊ ㄏㄞˇ
陰陽生,1,ㄧㄣ ㄧㄤˊ ㄕㄥ
陰陽移,1,ㄧㄣ ㄧㄤˊ ㄧˊ
陰陽臉,1,ㄧㄣ ㄧㄤˊ ㄌㄧㄢˇ
陰騭文,1,ㄧㄣ ㄓˋ ㄨㄣˊ
陰騭紋,1,ㄧㄣ ㄓˋ ㄨㄣˊ
陰麗華,1,ㄧㄣ ㄌㄧˋ ㄏㄨㄚˊ
陳之藩,1,ㄔㄣˊ ㄓ ㄈㄢˊ
陳仲子,1,ㄔㄣˊ ㄓㄨㄥˋ ㄗˇ
陳伯之,1,ㄔㄣˊ ㄅㄛˊ ㄓ
陳列所,1,ㄔㄣˊ ㄌㄧㄝˋ ㄙㄨㄛˇ
陳友諒,1,ㄔㄣˊ ㄧㄡˇ ㄌㄧㄤˋ
陳媽媽,1,ㄔㄣˊ ㄇㄚ ㄇㄚ˙
陳子龍,1,ㄔㄣˊ ㄗˇ ㄌㄨㄥˊ
陳寅恪,1,ㄔㄣˊ ㄧㄣˊ ㄎㄜˋ
陳寅恪,1,ㄔㄣˊ ㄧㄣˊ ㄑㄩㄝˋ
陳布雷,1,ㄔㄣˊ ㄅㄨˋ ㄌㄟˊ
陳師道,1,ㄔㄣˊ ㄕ ㄉㄠˋ
陳彭年,1,ㄔㄣˊ ㄆㄥˊ ㄋㄧㄢˊ
陳後主,1,ㄔㄣˊ ㄏㄡˋ ㄓㄨˇ
陳思王,1,ㄔㄣˊ ㄙ ㄨㄤˊ
陳情書,1,ㄔㄣˊ ㄑㄧㄥˊ ㄕㄨ
陳情表,1,ㄔㄣˊ ㄑㄧㄥˊ ㄅㄧㄠˇ
陳懷生,1,ㄔㄣˊ ㄏㄨㄞˊ ㄕㄥ
陳果夫,1,ㄔㄣˊ ㄍㄨㄛˇ ㄈㄨ
陳武帝,1,ㄔㄣˊ ㄨˇ ㄉㄧˋ
陳洪綬,1,ㄔㄣˊ ㄏㄨㄥˊ ㄕㄡˋ
陳獻章,1,ㄔㄣˊ ㄒㄧㄢˋ ㄓㄤ
陳納德,1,ㄔㄣˊ ㄋㄚˋ ㄉㄜˊ
陳維崧,1,ㄔㄣˊ ㄨㄟˊ ㄙㄨㄥ
陳繼儒,1,ㄔㄣˊ ㄐㄧˋ ㄖㄨˊ
陳與義,1,ㄔㄣˊ ㄩˇ ㄧˋ
陳與郊,1,ㄔㄣˊ ㄩˇ ㄐㄧㄠ
陳衡恪,1,ㄔㄣˊ ㄏㄥˊ ㄎㄜˋ
陳貞慧,1,ㄔㄣˊ ㄓㄣ ㄏㄨㄟˋ
陳述句,1,ㄔㄣˊ ㄕㄨˋ ㄐㄩˋ
陳霸先,1,ㄔㄣˊ ㄅㄚˋ ㄒㄧㄢ
陳靖姑,1,ㄔㄣˊ ㄐㄧㄥˋ ㄍㄨ
陶唐氏,1,ㄊㄠˊ ㄊㄤˊ ㄕˋ
陶器婚,1,ㄊㄠˊ ㄑㄧˋ ㄏㄨㄣ
陶宗儀,1,ㄊㄠˊ ㄗㄨㄥ ㄧˊ
陶弘景,1,ㄊㄠˊ ㄏㄨㄥˊ ㄐㄧㄥˇ
陶然亭,1,ㄊㄠˊ ㄖㄢˊ ㄊㄧㄥˊ
陶笵法,1,ㄊㄠˊ ㄈㄢˋ ㄈㄚˇ
陶聲洋,1,ㄊㄠˊ ㄕㄥ ㄧㄤˊ
陷人坑,1,ㄒㄧㄢˋ ㄖㄣˊ ㄎㄥ
陸九齡,1,ㄌㄨˋ ㄐㄧㄡˇ ㄌㄧㄥˊ
陸德明,1,ㄌㄨˋ ㄉㄜˊ ㄇㄧㄥˊ
陸法言,1,ㄌㄨˋ ㄈㄚˇ ㄧㄢˊ
陸皓東,1,ㄌㄨˋ ㄏㄠˋ ㄉㄨㄥ
陸秀夫,1,ㄌㄨˋ ㄒㄧㄡˋ ㄈㄨ
陸緣海,1,ㄌㄨˋ ㄩㄢˊ ㄏㄞˇ
陸軍節,1,ㄌㄨˋ ㄐㄩㄣ ㄐㄧㄝˊ
陸鴻漸,1,ㄌㄨˋ ㄏㄨㄥˊ ㄐㄧㄢˋ
陸龜蒙,1,ㄌㄨˋ ㄍㄨㄟ ㄇㄥˊ
陽湖派,1,ㄧㄤˊ ㄏㄨˊ ㄆㄞˋ
陽聲韻,1,ㄧㄤˊ ㄕㄥ ㄩㄣˋ
陽起石,1,ㄧㄤˊ ㄑㄧˇ ㄕˊ
陽遂足,1,ㄧㄤˊ ㄙㄨㄟˋ ㄗㄨˊ
陽關道,1,ㄧㄤˊ ㄍㄨㄢ ㄉㄠˋ
陽電子,1,ㄧㄤˊ ㄉㄧㄢˋ ㄗˇ
隆中對,1,ㄌㄨㄥˊ ㄓㄨㄥ ㄉㄨㄟˋ
隆中山,1,ㄌㄨㄥˊ ㄓㄨㄥ ㄕㄢ
隆美爾,1,ㄌㄨㄥˊ ㄇㄟˇ ㄦˇ
隋文帝,1,ㄙㄨㄟˊ ㄨㄣˊ ㄉㄧˋ
隔不住,1,ㄍㄜˊ ㄅㄨˋ ㄓㄨˋ
隔壁帳,1,ㄍㄜˊ ㄅㄧˋ ㄓㄤˋ
隔壁戲,1,ㄍㄜˊ ㄅㄧˋ ㄒㄧˋ
隔壁聽,1,ㄍㄜˊ ㄅㄧˋ ㄊㄧㄥ
隔壁醋,1,ㄍㄜˊ ㄅㄧˋ ㄘㄨˋ
隔夜色,1,ㄍㄜˊ ㄧㄝˋ ㄙㄜˋ
隔日熱,1,ㄍㄜˊ ㄖˋ ㄖㄜˋ
隔音室,1,ㄍㄜˊ ㄧㄣ ㄕˋ
隔音紙,1,ㄍㄜˊ ㄧㄣ ㄓˇ
隨大流,1,ㄙㄨㄟˊ ㄉㄚˋ ㄌㄧㄡˊ
隨大溜,1,ㄙㄨㄟˊ ㄉㄚˋ ㄌㄧㄡˋ
隨意畫,1,ㄙㄨㄟˊ ㄧˋ ㄏㄨㄚˋ
隨身包,1,ㄙㄨㄟˊ ㄕㄣ ㄅㄠ
隨身寶,1,ㄙㄨㄟˊ ㄕㄣ ㄅㄠˇ
隨身燈,1,ㄙㄨㄟˊ ㄕㄣ ㄉㄥ
隨身袋,1,ㄙㄨㄟˊ ㄕㄣ ㄉㄞˋ
隨車雨,1,ㄙㄨㄟˊ ㄔㄜ ㄩˇ
隨風倒,1,ㄙㄨㄟˊ ㄈㄥ ㄉㄠˇ
險道神,1,ㄒㄧㄢˇ ㄉㄠˋ ㄕㄣˊ
隱生元,1,ㄧㄣˇ ㄕㄥ ㄩㄢˊ
隴西行,1,ㄌㄨㄥˇ ㄒㄧ ㄒㄧㄥˊ
雀鼠耗,1,ㄑㄩㄝˋ ㄕㄨˇ ㄏㄠˋ
雁來紅,1,ㄧㄢˋ ㄌㄞˊ ㄏㄨㄥˊ
雁形目,1,ㄧㄢˋ ㄒㄧㄥˊ ㄇㄨˋ
雁翎刀,1,ㄧㄢˋ ㄌㄧㄥˊ ㄉㄠ
雁蕩山,1,ㄧㄢˋ ㄉㄤˋ ㄕㄢ
雁鴨科,1,ㄧㄢˋ ㄧㄚ ㄎㄜ
雄黃油,1,ㄒㄩㄥˊ ㄏㄨㄤˊ ㄧㄡˊ
雅利安,1,ㄧㄚˇ ㄌㄧˋ ㄢ
雅片鬼,1,ㄧㄚ ㄆㄧㄢˋ ㄍㄨㄟˇ
集水區,1,ㄐㄧˊ ㄕㄨㄟˇ ㄑㄩ
集裝箱,1,ㄐㄧˊ ㄓㄨㄤ ㄒㄧㄤ
集賢殿,1,ㄐㄧˊ ㄒㄧㄢˊ ㄉㄧㄢˋ
集選區,1,ㄐㄧˊ ㄒㄩㄢˇ ㄑㄩ
集集鎮,1,ㄐㄧˊ ㄐㄧˊ ㄓㄣˋ
雉尾扇,1,ㄓˋ ㄨㄟˇ ㄕㄢˋ
雉雞翎,1,ㄓˋ ㄐㄧ ㄌㄧㄥˊ
雌牙鬼,1,ㄘ ㄧㄚˊ ㄍㄨㄟˇ
雍和宮,1,ㄩㄥ ㄏㄜˊ ㄍㄨㄥ
雕刻刀,1,ㄉㄧㄠ ㄎㄜˋ ㄉㄠ
雕刻匠,1,ㄉㄧㄠ ㄎㄜˋ ㄐㄧㄤˋ
雕刻家,1,ㄉㄧㄠ ㄎㄜˋ ㄐㄧㄚ
雕胡米,1,ㄉㄧㄠ ㄏㄨˊ ㄇㄧˇ
雕蟲篆,1,ㄉㄧㄠ ㄔㄨㄥˊ ㄓㄨㄢˋ
雙中節,1,ㄕㄨㄤ ㄓㄨㄥ ㄐㄧㄝˊ
雙回門,1,ㄕㄨㄤ ㄏㄨㄟˊ ㄇㄣˊ
雙套車,1,ㄕㄨㄤ ㄊㄠˋ ㄔㄜ
雙學位,1,ㄕㄨㄤ ㄒㄩㄝˊ ㄨㄟˋ
雙尾蠍,1,ㄕㄨㄤ ㄨㄟˇ ㄒㄧㄝ
雙捻布,1,ㄕㄨㄤ ㄋㄧㄢˇ ㄅㄨˋ
雙氣囊,1,ㄕㄨㄤ ㄑㄧˋ ㄋㄤˊ
雙石頭,1,ㄕㄨㄤ ㄕˊ ㄊㄡ˙
雙箕紋,1,ㄕㄨㄤ ㄐㄧ ㄨㄣˊ
雙線行,1,ㄕㄨㄤ ㄒㄧㄢˋ ㄏㄤˊ
雙線道,1,ㄕㄨㄤ ㄒㄧㄢˋ ㄉㄠˋ
雙翅類,1,ㄕㄨㄤ ㄔˋ ㄌㄟˋ
雙聯市,1,ㄕㄨㄤ ㄌㄧㄢˊ ㄕˋ
雙脣音,1,ㄕㄨㄤ ㄔㄨㄣˊ ㄧㄣ
雙身子,1,ㄕㄨㄤ ㄕㄣ ㄗ˙
雙部句,1,ㄕㄨㄤ ㄅㄨˋ ㄐㄩˋ
雙音節,1,ㄕㄨㄤ ㄧㄣ ㄐㄧㄝˊ
雙鯉魚,1,ㄕㄨㄤ ㄌㄧˇ ㄩˊ
雜合菜,1,ㄗㄚˊ ㄏㄜ˙ ㄘㄞˋ
雜婚制,1,ㄗㄚˊ ㄏㄨㄣ ㄓˋ
雜板令,1,ㄗㄚˊ ㄅㄢˇ ㄌㄧㄥˋ
雜燴湯,1,ㄗㄚˊ ㄏㄨㄟˋ ㄊㄤ
雜言詩,1,ㄗㄚˊ ㄧㄢˊ ㄕ
雞兒巷,1,ㄐㄧ ㄦˊ ㄒㄧㄤˋ
雞內金,1,ㄐㄧ ㄋㄟˋ ㄐㄧㄣ
雞屎藤,1,ㄐㄧ ㄕˇ ㄊㄥˊ
雞母珠,1,ㄐㄧ ㄇㄨˇ ㄓㄨ
雞毛帚,1,ㄐㄧ ㄇㄠˊ ㄓㄡˇ
雞毛店,1,ㄐㄧ ㄇㄠˊ ㄉㄧㄢˋ
雞爪釘,1,ㄐㄧ ㄓㄠˇ ㄉㄧㄥ
雞瞀眼,1,ㄐㄧ ㄇㄠˋ ㄧㄢˇ
雞肫皮,1,ㄐㄧ ㄓㄨㄣ ㄆㄧˊ
雞舌香,1,ㄐㄧ ㄕㄜˊ ㄒㄧㄤ
雞蛋餅,1,ㄐㄧ ㄉㄢˋ ㄅㄧㄥˇ
雞血石,1,ㄐㄧ ㄒㄧㄝˇ ㄕˊ
雞頭米,1,ㄐㄧ ㄊㄡˊ ㄇㄧˇ
雞鳴枕,1,ㄐㄧ ㄇㄧㄥˊ ㄓㄣˇ
雞鹿塞,1,ㄐㄧ ㄌㄨˋ ㄙㄞˋ
離不得,1,ㄌㄧˊ ㄅㄨˋ ㄉㄜˊ
離合詩,1,ㄌㄧˊ ㄏㄜˊ ㄕ
離堆山,1,ㄌㄧˊ ㄉㄨㄟ ㄕㄢ
離娘飯,1,ㄌㄧˊ ㄋㄧㄤˊ ㄈㄢˋ
離心泵,1,ㄌㄧˊ ㄒㄧㄣ ㄅㄥˋ
離心率,1,ㄌㄧˊ ㄒㄧㄣ ㄌㄩˋ
離恨天,1,ㄌㄧˊ ㄏㄣˋ ㄊㄧㄢ
離魂病,1,ㄌㄧˊ ㄏㄨㄣˊ ㄅㄧㄥˋ
離魂記,1,ㄌㄧˊ ㄏㄨㄣˊ ㄐㄧˋ
難不成,1,ㄋㄢˊ ㄅㄨˋ ㄔㄥˊ
難中人,1,ㄋㄢˋ ㄓㄨㄥ ㄖㄣˊ
難住了,1,ㄋㄢˋ ㄓㄨˋ ㄌㄜ˙
難存濟,1,ㄋㄢˊ ㄘㄨㄣˊ ㄐㄧˋ
難捉鼻,1,ㄋㄢˊ ㄓㄨㄛ ㄅㄧˊ
難為狀,1,ㄋㄢˊ ㄨㄟˊ ㄓㄨㄤˋ
難說話,1,ㄋㄢˊ ㄕㄨㄛ ㄏㄨㄚˋ
雨久花,1,ㄩˇ ㄐㄧㄡˇ ㄏㄨㄚ
雨來散,1,ㄩˇ ㄌㄞˊ ㄙㄢˋ
雨前茶,1,ㄩˇ ㄑㄧㄢˊ ㄔㄚˊ
雨層雲,1,ㄩˇ ㄘㄥˊ ㄩㄣˊ
雨打雞,1,ㄩˇ ㄉㄚˇ ㄐㄧ
雨無正,1,ㄩˇ ㄨˊ ㄓㄥˋ
雨花石,1,ㄩˇ ㄏㄨㄚ ㄕˊ
雨花臺,1,ㄩˇ ㄏㄨㄚ ㄊㄞˊ
雪花銀,1,ㄒㄩㄝˇ ㄏㄨㄚ ㄧㄣˊ
雪菲耳,1,ㄒㄩㄝˇ ㄈㄟ ㄦˇ
雪裡蕻,1,ㄒㄩㄝˇ ㄌㄧˇ ㄏㄨㄥˋ
雪連紙,1,ㄒㄩㄝˇ ㄌㄧㄢˊ ㄓˇ
雲中君,1,ㄩㄣˊ ㄓㄨㄥ ㄐㄩㄣ
雲夢縣,1,ㄩㄣˊ ㄇㄥˋ ㄒㄧㄢˋ
雲林寺,1,ㄩㄣˊ ㄌㄧㄣˊ ㄙˋ
雲水僧,1,ㄩㄣˊ ㄕㄨㄟˇ ㄙㄥ
雲片糕,1,ㄩㄣˊ ㄆㄧㄢˋ ㄍㄠ
雲臺山,1,ㄩㄣˊ ㄊㄞˊ ㄕㄢ
雲莽莽,1,ㄩㄣˊ ㄇㄤˇ ㄇㄤˇ
雲遮月,1,ㄩㄣˊ ㄓㄜ ㄩㄝˋ
雲陽市,1,ㄩㄣˊ ㄧㄤˊ ㄕˋ
零丁洋,1,ㄌㄧㄥˊ ㄉㄧㄥ ㄧㄤˊ
零付款,1,ㄌㄧㄥˊ ㄈㄨˋ ㄎㄨㄢˇ
零係數,1,ㄌㄧㄥˊ ㄒㄧˋ ㄕㄨˋ
零售點,1,ㄌㄧㄥˊ ㄕㄡˋ ㄉㄧㄢˇ
零庫存,1,ㄌㄧㄥˊ ㄎㄨˋ ㄘㄨㄣˊ
零方案,1,ㄌㄧㄥˊ ㄈㄤ ㄢˋ
零稅率,1,ㄌㄧㄥˊ ㄕㄨㄟˋ ㄌㄩˋ
零缺點,1,ㄌㄧㄥˊ ㄑㄩㄝ ㄉㄧㄢˇ
零聲母,1,ㄌㄧㄥˊ ㄕㄥ ㄇㄨˇ
零部件,1,ㄌㄧㄥˊ ㄅㄨˋ ㄐㄧㄢˋ
零配件,1,ㄌㄧㄥˊ ㄆㄟˋ ㄐㄧㄢˋ
零零七,1,ㄌㄧㄥˊ ㄌㄧㄥˊ ㄑㄧ
零餘子,1,ㄌㄧㄥˊ ㄩˊ ㄗˇ
雷公嘴,1,ㄌㄟˊ ㄍㄨㄥ ㄗㄨㄟˇ
雷公藤,1,ㄌㄟˊ ㄍㄨㄥ ㄊㄥˊ
雷射刀,1,ㄌㄟˊ ㄕㄜˋ ㄉㄠ
雷神鞭,1,ㄌㄟˊ ㄕㄣˊ ㄅㄧㄢ
雷諾瓦,1,ㄌㄟˊ ㄋㄨㄛˋ ㄨㄚˇ
雷雨胞,1,ㄌㄟˊ ㄩˇ ㄅㄠ
雷馬克,1,ㄌㄟˊ ㄇㄚˇ ㄎㄜˋ
電光源,1,ㄉㄧㄢˋ ㄍㄨㄤ ㄩㄢˊ
電匣子,1,ㄉㄧㄢˋ ㄒㄧㄚˊ ㄗ˙
電子街,1,ㄉㄧㄢˋ ㄗˇ ㄐㄧㄝ
電子鍋,1,ㄉㄧㄢˋ ㄗˇ ㄍㄨㄛ
電子鐘,1,ㄉㄧㄢˋ ㄗˇ ㄓㄨㄥ
電宰廠,1,ㄉㄧㄢˋ ㄗㄞˇ ㄔㄤˇ
電度表,1,ㄉㄧㄢˋ ㄉㄨˋ ㄅㄧㄠˇ
電影業,1,ㄉㄧㄢˋ ㄧㄥˇ ㄧㄝˋ
電影街,1,ㄉㄧㄢˋ ㄧㄥˇ ㄐㄧㄝ
電擊法,1,ㄉㄧㄢˋ ㄐㄧˊ ㄈㄚˇ
電暖器,1,ㄉㄧㄢˋ ㄋㄨㄢˇ ㄑㄧˋ
電暖鍋,1,ㄉㄧㄢˋ ㄋㄨㄢˇ ㄍㄨㄛ
電樂器,1,ㄉㄧㄢˋ ㄩㄝˋ ㄑㄧˋ
電檢制,1,ㄉㄧㄢˋ ㄐㄧㄢˇ ㄓˋ
電檢法,1,ㄉㄧㄢˋ ㄐㄧㄢˇ ㄈㄚˇ
電氣燈,1,ㄉㄧㄢˋ ㄑㄧˋ ㄉㄥ
電氣行,1,ㄉㄧㄢˋ ㄑㄧˋ ㄏㄤˊ
電熱杯,1,ㄉㄧㄢˋ ㄖㄜˋ ㄅㄟ
電熱褥,1,ㄉㄧㄢˋ ㄖㄜˋ ㄖㄨˋ
電石燈,1,ㄉㄧㄢˋ ㄕˊ ㄉㄥ
電磁灶,1,ㄉㄧㄢˋ ㄘˊ ㄗㄠˋ
電算器,1,ㄉㄧㄢˋ ㄙㄨㄢˋ ㄑㄧˋ
電算機,1,ㄉㄧㄢˋ ㄙㄨㄢˋ ㄐㄧ
電纜車,1,ㄉㄧㄢˋ ㄌㄢˇ ㄔㄜ
電腦鼠,1,ㄉㄧㄢˋ ㄋㄠˇ ㄕㄨˇ
電視車,1,ㄉㄧㄢˋ ㄕˋ ㄔㄜ
電話卡,1,ㄉㄧㄢˋ ㄏㄨㄚˋ ㄎㄚˇ
電話本,1,ㄉㄧㄢˋ ㄏㄨㄚˋ ㄅㄣˇ
電銲槍,1,ㄉㄧㄢˋ ㄏㄢˋ ㄑㄧㄤ
電飯鍋,1,ㄉㄧㄢˋ ㄈㄢˋ ㄍㄨㄛ
電驢子,1,ㄉㄧㄢˋ ㄌㄩˊ ㄗ˙
電鬍刀,1,ㄉㄧㄢˋ ㄏㄨˊ ㄉㄠ
電鬚刀,1,ㄉㄧㄢˋ ㄒㄩ ㄉㄠ
震天雷,1,ㄓㄣˋ ㄊㄧㄢ ㄌㄟˊ
震撼彈,1,ㄓㄣˋ ㄏㄢˋ ㄉㄢˋ
霍小玉,1,ㄏㄨㄛˋ ㄒㄧㄠˇ ㄩˋ
霑泥絮,1,ㄓㄢ ㄋㄧˊ ㄒㄩˋ
霧茫茫,1,ㄨˋ ㄇㄤˊ ㄇㄤˊ
露兜樹,1,ㄌㄨˋ ㄉㄡ ㄕㄨˋ
露原形,1,ㄌㄡˋ ㄩㄢˊ ㄒㄧㄥˊ
露口風,1,ㄌㄡˋ ㄎㄡˇ ㄈㄥ
露尾巴,1,ㄌㄨˋ ㄨㄟˇ ㄅㄚ
露脊鯨,1,ㄌㄨˋ ㄐㄧˇ ㄐㄧㄥ
露鋒芒,1,ㄌㄡˋ ㄈㄥ ㄇㄤˊ
露風聲,1,ㄌㄡˋ ㄈㄥ ㄕㄥ
霸王略,1,ㄅㄚˋ ㄨㄤˊ ㄌㄩㄝˋ
霸都魯,1,ㄅㄚˋ ㄉㄨ ㄌㄨˇ
霸陵尉,1,ㄅㄚˋ ㄌㄧㄥˊ ㄨㄟˋ
霸陵縣,1,ㄅㄚˋ ㄌㄧㄥˊ ㄒㄧㄢˋ
霹靂尖,1,ㄆㄧ ㄌㄧˋ ㄐㄧㄢ
霹靂引,1,ㄆㄧ ㄌㄧˋ ㄧㄣˇ
霹靂弦,1,ㄆㄧ ㄌㄧˋ ㄒㄧㄢˊ
霹靂戰,1,ㄆㄧ ㄌㄧˋ ㄓㄢˋ
霹靂手,1,ㄆㄧ ㄌㄧˋ ㄕㄡˇ
霹靂火,1,ㄆㄧ ㄌㄧˋ ㄏㄨㄛˇ
霹靂炮,1,ㄆㄧ ㄌㄧˋ ㄆㄠˋ
霹靂舞,1,ㄆㄧ ㄌㄧˋ ㄨˇ
霹靂袋,1,ㄆㄧ ㄌㄧˋ ㄉㄞˋ
霹靂說,1,ㄆㄧ ㄌㄧˋ ㄕㄨㄛ
靈安社,1,ㄌㄧㄥˊ ㄢ ㄕㄜˋ
靈武縣,1,ㄌㄧㄥˊ ㄨˇ ㄒㄧㄢˋ
靈物學,1,ㄌㄧㄥˊ ㄨˋ ㄒㄩㄝˊ
靈蛇髻,1,ㄌㄧㄥˊ ㄕㄜˊ ㄐㄧˋ
靈隱山,1,ㄌㄧㄥˊ ㄧㄣˇ ㄕㄢ
靈頭幡,1,ㄌㄧㄥˊ ㄊㄡ˙ ㄈㄢ
靈鷲山,1,ㄌㄧㄥˊ ㄐㄧㄡˋ ㄕㄢ
青城山,1,ㄑㄧㄥ ㄔㄥˊ ㄕㄢ
青弋江,1,ㄑㄧㄥ ㄧˋ ㄐㄧㄤ
青海湖,1,ㄑㄧㄥ ㄏㄞˇ ㄏㄨˊ
青湛湛,1,ㄑㄧㄥ ㄓㄢˋ ㄓㄢˋ
青田石,1,ㄑㄧㄥ ㄊㄧㄢˊ ㄕˊ
青白眼,1,ㄑㄧㄥ ㄅㄞˊ ㄧㄢˇ
青紗障,1,ㄑㄧㄥ ㄕㄚ ㄓㄤˋ
青羊觀,1,ㄑㄧㄥ ㄧㄤˊ ㄍㄨㄢˋ
青蛙肢,1,ㄑㄧㄥ ㄨㄚ ㄓ
青衫子,1,ㄑㄧㄥ ㄕㄢ ㄗ˙
青衫記,1,ㄑㄧㄥ ㄕㄢ ㄐㄧˋ
青貯塔,1,ㄑㄧㄥ ㄓㄨˇ ㄊㄚˇ
青雲志,1,ㄑㄧㄥ ㄩㄣˊ ㄓˋ
青鴉鴉,1,ㄑㄧㄥ ㄧㄚ ㄧㄚ
靖邊縣,1,ㄐㄧㄥˋ ㄅㄧㄢ ㄒㄧㄢˋ
靜夜思,1,ㄐㄧㄥˋ ㄧㄝˋ ㄙ
靜宜園,1,ㄐㄧㄥˋ ㄧˊ ㄩㄢˊ
靜巉巉,1,ㄐㄧㄥˋ ㄔㄢˊ ㄔㄢˊ
靜態說,1,ㄐㄧㄥˋ ㄊㄞˋ ㄕㄨㄛ
靜明園,1,ㄐㄧㄥˋ ㄇㄧㄥˊ ㄩㄢˊ
靜磁力,1,ㄐㄧㄥˋ ㄘˊ ㄌㄧˋ
靜落落,1,ㄐㄧㄥˋ ㄌㄨㄛ˙ ㄌㄨㄛ˙
靜蕩蕩,1,ㄐㄧㄥˋ ㄉㄤˋ ㄉㄤˋ
靜電計,1,ㄐㄧㄥˋ ㄉㄧㄢˋ ㄐㄧˋ
靜靜的,1,ㄐㄧㄥˋ ㄐㄧㄥˋ ㄉㄜ˙
非七真,1,ㄈㄟ ㄑㄧ ㄓㄣ
非塑性,1,ㄈㄟ ㄙㄨˋ ㄒㄧㄥˋ
非洲菊,1,ㄈㄟ ㄓㄡ ㄐㄩˊ
非洲菫,1,ㄈㄟ ㄓㄡ ㄐㄧㄣˇ
非洲象,1,ㄈㄟ ㄓㄡ ㄒㄧㄤˋ
非洲鼓,1,ㄈㄟ ㄓㄡ ㄍㄨˇ
非草書,1,ㄈㄟ ㄘㄠˇ ㄕㄨ
非非想,1,ㄈㄟ ㄈㄟ ㄒㄧㄤˇ
靠不住,1,ㄎㄠˋ ㄅㄨˋ ㄓㄨˋ
靠邊站,1,ㄎㄠˋ ㄅㄧㄢ ㄓㄢˋ
面團團,1,ㄇㄧㄢˋ ㄊㄨㄢˊ ㄊㄨㄢˊ
面子上,1,ㄇㄧㄢˋ ㄗ˙ ㄕㄤˋ
面子話,1,ㄇㄧㄢˋ ㄗ˙ ㄏㄨㄚˋ
面沒羅,1,ㄇㄧㄢˋ ㄇㄛˋ ㄌㄨㄛˊ
面波羅,1,ㄇㄧㄢˋ ㄅㄛ ㄌㄨㄛˊ
面皮厚,1,ㄇㄧㄢˋ ㄆㄧˊ ㄏㄡˋ
面皮薄,1,ㄇㄧㄢˋ ㄆㄧˊ ㄅㄠˊ
面糊盆,1,ㄇㄧㄢˋ ㄏㄨˊ ㄆㄣˊ
面魔羅,1,ㄇㄧㄢˋ ㄇㄛˊ ㄌㄨㄛˊ
靴後跟,1,ㄒㄩㄝ ㄏㄡˋ ㄍㄣ
鞋底錢,1,ㄒㄧㄝˊ ㄉㄧˇ ㄑㄧㄢˊ
鞋楦子,1,ㄒㄧㄝˊ ㄒㄩㄢˋ ㄗ˙
鞘馬子,1,ㄑㄧㄠˋ ㄇㄚˇ ㄗ˙
鞠部頭,1,ㄐㄩˊ ㄅㄨˋ ㄊㄡˊ
韋應物,1,ㄨㄟˊ ㄧㄥˋ ㄨˋ
韓世忠,1,ㄏㄢˊ ㄕˋ ㄓㄨㄥ
韓侂冑,1,ㄏㄢˊ ㄊㄨㄛ ㄓㄡˋ
韓德生,1,ㄏㄢˊ ㄉㄜˊ ㄕㄥ
韓擒虎,1,ㄏㄢˊ ㄑㄧㄣˊ ㄏㄨˇ
韓昌黎,1,ㄏㄢˊ ㄔㄤ ㄌㄧˊ
韓朋賦,1,ㄏㄢˊ ㄆㄥˊ ㄈㄨˋ
韓朋鳥,1,ㄏㄢˊ ㄆㄥˊ ㄋㄧㄠˇ
韓林兒,1,ㄏㄢˊ ㄌㄧㄣˊ ㄦˊ
韓湘子,1,ㄏㄢˊ ㄒㄧㄤ ㄗˇ
音位學,1,ㄧㄣ ㄨㄟˋ ㄒㄩㄝˊ
音效卡,1,ㄧㄣ ㄒㄧㄠˋ ㄎㄚˇ
音樂卡,1,ㄧㄣ ㄩㄝˋ ㄎㄚˇ
音樂盒,1,ㄧㄣ ㄩㄝˋ ㄏㄜˊ
音樂站,1,ㄧㄣ ㄩㄝˋ ㄓㄢˋ
音樂臺,1,ㄧㄣ ㄩㄝˋ ㄊㄞˊ
音樂鋸,1,ㄧㄣ ㄩㄝˋ ㄐㄩˋ
音碟機,1,ㄧㄣ ㄉㄧㄝˊ ㄐㄧ
音譯詞,1,ㄧㄣ ㄧˋ ㄘˊ
音響學,1,ㄧㄣ ㄒㄧㄤˇ ㄒㄩㄝˊ
響亮話,1,ㄒㄧㄤˇ ㄌㄧㄤˋ ㄏㄨㄚˋ
響叮噹,1,ㄒㄧㄤˇ ㄉㄧㄥ ㄉㄤ
響噹噹,1,ㄒㄧㄤˇ ㄉㄤ ㄉㄤ
響屧廊,1,ㄒㄧㄤˇ ㄒㄧㄝˋ ㄌㄤˊ
響泠泠,1,ㄒㄧㄤˇ ㄌㄧㄥˊ ㄌㄧㄥˊ
響葫蘆,1,ㄒㄧㄤˇ ㄏㄨˊ ㄌㄨ˙
響颼颼,1,ㄒㄧㄤˇ ㄙㄡ ㄙㄡ
頂刀頭,1,ㄉㄧㄥˇ ㄉㄠ ㄊㄡˊ
頂城門,1,ㄉㄧㄥˇ ㄔㄥˊ ㄇㄣˊ
頂夸克,1,ㄉㄧㄥˇ ㄎㄨㄚ ㄎㄜˋ
頂子床,1,ㄉㄧㄥˇ ㄗ˙ ㄔㄨㄤˊ
頂括括,1,ㄉㄧㄥˇ ㄍㄨㄚ ㄍㄨㄚ
頂梁柱,1,ㄉㄧㄥˇ ㄌㄧㄤˊ ㄓㄨˋ
頂瓜皮,1,ㄉㄧㄥˇ ㄍㄨㄚ ㄆㄧˊ
頂磚頭,1,ㄉㄧㄥˇ ㄓㄨㄢ ㄊㄡˊ
頂膛火,1,ㄉㄧㄥˇ ㄊㄤˊ ㄏㄨㄛˇ
頂門子,1,ㄉㄧㄥˇ ㄇㄣˊ ㄗ˙
頂門棍,1,ㄉㄧㄥˇ ㄇㄣˊ ㄍㄨㄣˋ
頂門針,1,ㄉㄧㄥˇ ㄇㄣˊ ㄓㄣ
頂陽骨,1,ㄉㄧㄥˇ ㄧㄤˊ ㄍㄨˇ
項別騅,1,ㄒㄧㄤˋ ㄅㄧㄝˊ ㄓㄨㄟ
順口溜,1,ㄕㄨㄣˋ ㄎㄡˇ ㄌㄧㄡ
順口食,1,ㄕㄨㄣˋ ㄎㄡˇ ㄕˊ
順城街,1,ㄕㄨㄣˋ ㄔㄥˊ ㄐㄧㄝ
順大流,1,ㄕㄨㄣˋ ㄉㄚˋ ㄌㄧㄡˊ
順竿子,1,ㄕㄨㄣˋ ㄍㄢ ㄗ˙
順風旗,1,ㄕㄨㄣˋ ㄈㄥ ㄑㄧˊ
順風鑼,1,ㄕㄨㄣˋ ㄈㄥ ㄌㄨㄛˊ
順風雷,1,ㄕㄨㄣˋ ㄈㄥ ㄌㄟˊ
須不是,1,ㄒㄩ ㄅㄨˋ ㄕˋ
須彌山,1,ㄒㄩ ㄇㄧˊ ㄕㄢ
須彌座,1,ㄒㄩ ㄇㄧˊ ㄗㄨㄛˋ
須菩堤,1,ㄒㄩ ㄆㄨˊ ㄊㄧˊ
預付卡,1,ㄩˋ ㄈㄨˋ ㄎㄚˇ
預備役,1,ㄩˋ ㄅㄟˋ ㄧˋ
預拌料,1,ㄩˋ ㄅㄢˋ ㄌㄧㄠˋ
頓不脫,1,ㄉㄨㄣˋ ㄅㄨˋ ㄊㄨㄛ
領位員,1,ㄌㄧㄥˇ ㄨㄟˋ ㄩㄢˊ
領家的,1,ㄌㄧㄥˇ ㄐㄧㄚ ㄉㄜ˙
領頭羊,1,ㄌㄧㄥˇ ㄊㄡˊ ㄧㄤˊ
領魂車,1,ㄌㄧㄥˇ ㄏㄨㄣˊ ㄔㄜ
頦下癭,1,ㄏㄞˊ ㄒㄧㄚˋ ㄧㄥˇ
頭半天,1,ㄊㄡˊ ㄅㄢˋ ㄊㄧㄢ
頭城鎮,1,ㄊㄡˊ ㄔㄥˊ ㄓㄣˋ
頭巾氣,1,ㄊㄡˊ ㄐㄧㄣ ㄑㄧˋ
頭廳相,1,ㄊㄡˊ ㄊㄧㄥ ㄒㄧㄤˋ
頭手鼓,1,ㄊㄡˊ ㄕㄡˇ ㄍㄨˇ
頭朝裡,1,ㄊㄡˊ ㄔㄠˊ ㄌㄧˇ
頭水絲,1,ㄊㄡˊ ㄕㄨㄟˇ ㄙ
頭直上,1,ㄊㄡˊ ㄓˊ ㄕㄤˋ
頭繩衣,1,ㄊㄡˊ ㄕㄥˊ ㄧ
頭肘子,1,ㄊㄡˊ ㄓㄡˇ ㄗ˙
頭腦派,1,ㄊㄡˊ ㄋㄠˇ ㄆㄞˋ
頭腦湯,1,ㄊㄡˊ ㄋㄠˇ ㄊㄤ
頭腦酒,1,ㄊㄡˊ ㄋㄠˇ ㄐㄧㄡˇ
頭足願,1,ㄊㄡˊ ㄗㄨˊ ㄩㄢˋ
頭頂球,1,ㄊㄡˊ ㄉㄧㄥˇ ㄑㄧㄡˊ
頭頂頭,1,ㄊㄡˊ ㄉㄧㄥˇ ㄊㄡˊ
頭髮菜,1,ㄊㄡˊ ㄈㄚˇ ㄘㄞˋ
頰黏膜,1,ㄐㄧㄚˊ ㄋㄧㄢˊ ㄇㄛˋ
顆粒性,1,ㄎㄜ ㄌㄧˋ ㄒㄧㄥˋ
題外話,1,ㄊㄧˊ ㄨㄞˋ ㄏㄨㄚˋ
額風痧,1,ㄜˊ ㄈㄥ ㄕㄚ
顏之推,1,ㄧㄢˊ ㄓ ㄊㄨㄟ
顏如玉,1,ㄧㄢˊ ㄖㄨˊ ㄩˋ
顏子淵,1,ㄧㄢˊ ㄗˇ ㄩㄢ
顏師古,1,ㄧㄢˊ ㄕ ㄍㄨˇ
顏延之,1,ㄧㄢˊ ㄧㄢˊ ㄓ
顏杲卿,1,ㄧㄢˊ ㄍㄠˇ ㄑㄧㄥ
顏水龍,1,ㄧㄢˊ ㄕㄨㄟˇ ㄌㄨㄥˊ
顏面角,1,ㄧㄢˊ ㄇㄧㄢˋ ㄐㄧㄠˇ
類同法,1,ㄌㄟˋ ㄊㄨㄥˊ ㄈㄚˇ
類新星,1,ㄌㄟˋ ㄒㄧㄣ ㄒㄧㄥ
類金屬,1,ㄌㄟˋ ㄐㄧㄣ ㄕㄨˇ
顧不的,1,ㄍㄨˋ ㄅㄨˋ ㄉㄜ˙
顯生元,1,ㄒㄧㄢˇ ㄕㄥ ㄩㄢˊ
顯祖妣,1,ㄒㄧㄢˇ ㄗㄨˇ ㄅㄧˇ
顯祖考,1,ㄒㄧㄢˇ ㄗㄨˇ ㄎㄠˇ
顰蛾眉,1,ㄆㄧㄣˊ ㄜˊ ㄇㄟˊ
顱內壓,1,ㄌㄨˊ ㄋㄟˋ ㄧㄚ
顱頂葉,1,ㄌㄨˊ ㄉㄧㄥˇ ㄧㄝˋ
風俗畫,1,ㄈㄥ ㄙㄨˊ ㄏㄨㄚˋ
風信器,1,ㄈㄥ ㄒㄧㄣˋ ㄑㄧˋ
風催電,1,ㄈㄥ ㄘㄨㄟ ㄉㄧㄢˋ
風入松,1,ㄈㄥ ㄖㄨˋ ㄙㄨㄥ
風向球,1,ㄈㄥ ㄒㄧㄤˋ ㄑㄧㄡˊ
風向袋,1,ㄈㄥ ㄒㄧㄤˋ ㄉㄞˋ
風吹砂,1,ㄈㄥ ㄔㄨㄟ ㄕㄚ
風婆婆,1,ㄈㄥ ㄆㄛˊ ㄆㄛ˙
風月場,1,ㄈㄥ ㄩㄝˋ ㄔㄤˊ
風月窩,1,ㄈㄥ ㄩㄝˋ ㄨㄛ
風波亭,1,ㄈㄥ ㄅㄛ ㄊㄧㄥˊ
風流事,1,ㄈㄥ ㄌㄧㄡˊ ㄕˋ
風流瘡,1,ㄈㄥ ㄌㄧㄡˊ ㄔㄨㄤ
風流策,1,ㄈㄥ ㄌㄧㄡˊ ㄘㄜˋ
風流罪,1,ㄈㄥ ㄌㄧㄡˊ ㄗㄨㄟˋ
風流錢,1,ㄈㄥ ㄌㄧㄡˊ ㄑㄧㄢˊ
風流陣,1,ㄈㄥ ㄌㄧㄡˊ ㄓㄣˋ
風溼熱,1,ㄈㄥ ㄕ ㄖㄜˋ
風火事,1,ㄈㄥ ㄏㄨㄛˇ ㄕˋ
風火性,1,ㄈㄥ ㄏㄨㄛˇ ㄒㄧㄥˋ
風火輪,1,ㄈㄥ ㄏㄨㄛˇ ㄌㄨㄣˊ
風獅爺,1,ㄈㄥ ㄕ ㄧㄝˊ
風聲緊,1,ㄈㄥ ㄕㄥ ㄐㄧㄣˇ
風胡子,1,ㄈㄥ ㄏㄨˊ ㄗ˙
風裡言,1,ㄈㄥ ㄌㄧˇ ㄧㄢˊ
風裡語,1,ㄈㄥ ㄌㄧˇ ㄩˇ
風速表,1,ㄈㄥ ㄙㄨˋ ㄅㄧㄠˇ
風鈴花,1,ㄈㄥ ㄌㄧㄥˊ ㄏㄨㄚ
風門子,1,ㄈㄥ ㄇㄣˊ ㄗ˙
颱風尾,1,ㄊㄞˊ ㄈㄥ ㄨㄟˇ
飀飀然,1,ㄌㄧㄡˊ ㄌㄧㄡˊ ㄖㄢˊ
飄浮球,1,ㄆㄧㄠ ㄈㄨˊ ㄑㄧㄡˊ
飄翼舵,1,ㄆㄧㄠ ㄧˋ ㄉㄨㄛˋ
飄香屑,1,ㄆㄧㄠ ㄒㄧㄤ ㄒㄧㄝˋ
飛來峰,1,ㄈㄟ ㄌㄞˊ ㄈㄥ
飛天髻,1,ㄈㄟ ㄊㄧㄢ ㄐㄧˋ
飛快車,1,ㄈㄟ ㄎㄨㄞˋ ㄔㄜ
飛沙陣,1,ㄈㄟ ㄕㄚ ㄓㄣˋ
飛煙傳,1,ㄈㄟ ㄧㄢ ㄓㄨㄢˋ
飛白書,1,ㄈㄟ ㄅㄞˊ ㄕㄨ
飛白體,1,ㄈㄟ ㄅㄞˊ ㄊㄧˇ
飛眼風,1,ㄈㄟ ㄧㄢˇ ㄈㄥ
飛碟球,1,ㄈㄟ ㄉㄧㄝˊ ㄑㄧㄡˊ
飛虎山,1,ㄈㄟ ㄏㄨˇ ㄕㄢ
飛虎隊,1,ㄈㄟ ㄏㄨˇ ㄉㄨㄟˋ
飛行傘,1,ㄈㄟ ㄒㄧㄥˊ ㄙㄢˇ
飛行家,1,ㄈㄟ ㄒㄧㄥˊ ㄐㄧㄚ
飛行雲,1,ㄈㄟ ㄒㄧㄥˊ ㄩㄣˊ
飛跎傳,1,ㄈㄟ ㄊㄨㄛˊ ㄓㄨㄢˋ
飛過海,1,ㄈㄟ ㄍㄨㄛˋ ㄏㄞˇ
飛霞妝,1,ㄈㄟ ㄒㄧㄚˊ ㄓㄨㄤ
飛馬座,1,ㄈㄟ ㄇㄚˇ ㄗㄨㄛˋ
飛鳥使,1,ㄈㄟ ㄋㄧㄠˇ ㄕˇ
飛龍菜,1,ㄈㄟ ㄌㄨㄥˊ ㄘㄞˋ
食人鯊,1,ㄕˊ ㄖㄣˊ ㄕㄚ
食廩餼,1,ㄕˊ ㄌㄧㄣˇ ㄒㄧˋ
食火雞,1,ㄕˊ ㄏㄨㄛˇ ㄐㄧ
食物網,1,ㄕˊ ㄨˋ ㄨㄤˇ
食用根,1,ㄕˊ ㄩㄥˋ ㄍㄣ
食茱萸,1,ㄕˊ ㄓㄨ ㄩˊ
食蟲虻,1,ㄕˊ ㄔㄨㄥˊ ㄇㄥˊ
飯前酒,1,ㄈㄢˋ ㄑㄧㄢˊ ㄐㄧㄡˇ
飯匙倩,1,ㄈㄢˋ ㄔˊ ㄑㄧㄢˋ
飯後鐘,1,ㄈㄢˋ ㄏㄡˋ ㄓㄨㄥ
飲水器,1,ㄧㄣˇ ㄕㄨㄟˇ ㄑㄧˋ
飲流霞,1,ㄧㄣˇ ㄌㄧㄡˊ ㄒㄧㄚˊ
飽和帶,1,ㄅㄠˇ ㄏㄜˊ ㄉㄞˋ
飽飽的,1,ㄅㄠˇ ㄅㄠˇ ㄉㄜ˙
養不住,1,ㄧㄤˇ ㄅㄨ˙ ㄓㄨˋ
養婆娘,1,ㄧㄤˇ ㄆㄛˊ ㄋㄧㄤ˙
養媳婦,1,ㄧㄤˇ ㄒㄧˊ ㄈㄨ˙
養子女,1,ㄧㄤˇ ㄗˇ ㄋㄩˇ
養家人,1,ㄧㄤˇ ㄐㄧㄚ ㄖㄣˊ
養工處,1,ㄧㄤˇ ㄍㄨㄥ ㄔㄨˋ
養心殿,1,ㄧㄤˇ ㄒㄧㄣ ㄉㄧㄢˋ
養漢精,1,ㄧㄤˇ ㄏㄢˋ ㄐㄧㄥ
養濟院,1,ㄧㄤˇ ㄐㄧˋ ㄩㄢˋ
養生堂,1,ㄧㄤˇ ㄕㄥ ㄊㄤˊ
養由基,1,ㄧㄤˇ ㄧㄡˊ ㄐㄧ
養瘦馬,1,ㄧㄤˇ ㄕㄡˋ ㄇㄚˇ
養花天,1,ㄧㄤˇ ㄏㄨㄚ ㄊㄧㄢ
餐廳秀,1,ㄘㄢ ㄊㄧㄥ ㄒㄧㄡˋ
餐霞人,1,ㄘㄢ ㄒㄧㄚˊ ㄖㄣˊ
餘姚縣,1,ㄩˊ ㄧㄠˊ ㄒㄧㄢˋ
餘杭縣,1,ㄩˊ ㄏㄤˊ ㄒㄧㄢˋ
館娃宮,1,ㄍㄨㄢˇ ㄨㄚˊ ㄍㄨㄥ
館閣氣,1,ㄍㄨㄢˇ ㄍㄜˊ ㄑㄧˋ
館閣體,1,ㄍㄨㄢˇ ㄍㄜˊ ㄊㄧˇ
饅頭果,1,ㄇㄢˊ ㄊㄡ˙ ㄍㄨㄛˇ
饋貧糧,1,ㄎㄨㄟˋ ㄆㄧㄣˊ ㄌㄧㄤˊ
饕餮紋,1,ㄊㄠ ㄊㄧㄝˋ ㄨㄣˊ
首輪片,1,ㄕㄡˇ ㄌㄨㄣˊ ㄆㄧㄢˋ
首長制,1,ㄕㄡˇ ㄓㄤˇ ㄓˋ
首陀羅,1,ㄕㄡˇ ㄊㄨㄛˊ ㄌㄨㄛˊ
首陽山,1,ㄕㄡˇ ㄧㄤˊ ㄕㄢ
香奩集,1,ㄒㄧㄤ ㄌㄧㄢˊ ㄐㄧˊ
香奩體,1,ㄒㄧㄤ ㄌㄧㄢˊ ㄊㄧˇ
香山鄉,1,ㄒㄧㄤ ㄕㄢ ㄒㄧㄤ
香水花,1,ㄒㄧㄤ ㄕㄨㄟˇ ㄏㄨㄚ
香水行,1,ㄒㄧㄤ ㄕㄨㄟˇ ㄏㄤˊ
香港衫,1,ㄒㄧㄤ ㄍㄤˇ ㄕㄢ
香火情,1,ㄒㄧㄤ ㄏㄨㄛˇ ㄑㄧㄥˊ
香火院,1,ㄒㄧㄤ ㄏㄨㄛˇ ㄩㄢˋ
香爐峰,1,ㄒㄧㄤ ㄌㄨˊ ㄈㄥ
香盤子,1,ㄒㄧㄤ ㄆㄢˊ ㄗ˙
香胰子,1,ㄒㄧㄤ ㄧˊ ㄗ˙
香腸族,1,ㄒㄧㄤ ㄔㄤˊ ㄗㄨˊ
香草醛,1,ㄒㄧㄤ ㄘㄠˇ ㄑㄩㄢˊ
香荷包,1,ㄒㄧㄤ ㄏㄜˊ ㄅㄠ
香蕉水,1,ㄒㄧㄤ ㄐㄧㄠ ㄕㄨㄟˇ
香薷飲,1,ㄒㄧㄤ ㄖㄨˊ ㄧㄣˇ
香蠟鋪,1,ㄒㄧㄤ ㄌㄚˋ ㄆㄨˋ
香馥馥,1,ㄒㄧㄤ ㄈㄨˋ ㄈㄨˋ
馬上吹,1,ㄇㄚˇ ㄕㄤˋ ㄔㄨㄟ
馬上緣,1,ㄇㄚˇ ㄕㄤˋ ㄩㄢˊ
馬中錫,1,ㄇㄚˇ ㄓㄨㄥ ㄒㄧˊ
馬伯六,1,ㄇㄚˇ ㄅㄛˊ ㄌㄧㄡˋ
馬伯樂,1,ㄇㄚˇ ㄅㄛˊ ㄌㄜˋ
馬來亞,1,ㄇㄚˇ ㄌㄞˊ ㄧㄚˋ
馬來熊,1,ㄇㄚˇ ㄌㄞˊ ㄒㄩㄥˊ
馬來糕,1,ㄇㄚˇ ㄌㄞˊ ㄍㄠ
馬八六,1,ㄇㄚˇ ㄅㄚ ㄌㄧㄡˋ
馬利亞,1,ㄇㄚˇ ㄌㄧˋ ㄧㄚˋ
馬前健,1,ㄇㄚˇ ㄑㄧㄢˊ ㄐㄧㄢˋ
馬前數,1,ㄇㄚˇ ㄑㄧㄢˊ ㄕㄨˋ
馬前課,1,ㄇㄚˇ ㄑㄧㄢˊ ㄎㄜˋ
馬口錢,1,ㄇㄚˇ ㄎㄡˇ ㄑㄧㄢˊ
馬士河,1,ㄇㄚˇ ㄕˋ ㄏㄜˊ
馬大哈,1,ㄇㄚˇ ㄉㄚˋ ㄏㄚ
馬如飛,1,ㄇㄚˇ ㄖㄨˊ ㄈㄟ
馬子蓋,1,ㄇㄚˇ ㄗ˙ ㄍㄞˋ
馬將牌,1,ㄇㄚˇ ㄐㄧㄤˋ ㄆㄞˊ
馬尾巴,1,ㄇㄚˇ ㄨㄟˇ ㄅㄚ˙
馬尾港,1,ㄇㄚˇ ㄨㄟˇ ㄍㄤˇ
馬嵬亭,1,ㄇㄚˇ ㄨㄟˊ ㄊㄧㄥˊ
馬嵬坡,1,ㄇㄚˇ ㄨㄟˊ ㄆㄛ
馬師皇,1,ㄇㄚˇ ㄕ ㄏㄨㄤˊ
馬後砲,1,ㄇㄚˇ ㄏㄡˋ ㄆㄠˋ
馬德堡,1,ㄇㄚˇ ㄉㄜˊ ㄅㄠˇ
馬快手,1,ㄇㄚˇ ㄎㄨㄞˋ ㄕㄡˇ
馬快頭,1,ㄇㄚˇ ㄎㄨㄞˋ ㄊㄡ˙
馬戲班,1,ㄇㄚˇ ㄒㄧˋ ㄅㄢ
馬拉卡,1,ㄇㄚˇ ㄌㄚ ㄎㄚˇ
馬拉犁,1,ㄇㄚˇ ㄌㄚ ㄌㄧˊ
馬拿瓜,1,ㄇㄚˇ ㄋㄚˊ ㄍㄨㄚ
馬撓子,1,ㄇㄚˇ ㄋㄠˊ ㄗ˙
馬明王,1,ㄇㄚˇ ㄇㄧㄥˊ ㄨㄤˊ
馬是得,1,ㄇㄚˇ ㄕˋ ㄉㄜˊ
馬札子,1,ㄇㄚˇ ㄓㄚˊ ㄗ˙
馬杌子,1,ㄇㄚˇ ㄨˋ ㄗ˙
馬東尼,1,ㄇㄚˇ ㄉㄨㄥ ㄋㄧˊ
馬棚風,1,ㄇㄚˇ ㄆㄥˊ ㄈㄥ
馬沙溝,1,ㄇㄚˇ ㄕㄚ ㄍㄡ
馬泊六,1,ㄇㄚˇ ㄅㄛˊ ㄌㄧㄡˋ
馬溜子,1,ㄇㄚˇ ㄌㄧㄡ ㄗ˙
馬燈調,1,ㄇㄚˇ ㄉㄥ ㄉㄧㄠˋ
馬牌子,1,ㄇㄚˇ ㄆㄞˊ ㄗ˙
馬王堆,1,ㄇㄚˇ ㄨㄤˊ ㄉㄨㄟ
馬甲子,1,ㄇㄚˇ ㄐㄧㄚˇ ㄗ˙
馬百六,1,ㄇㄚˇ ㄅㄛˊ ㄌㄧㄡˋ
馬相如,1,ㄇㄚˇ ㄒㄧㄤ ㄖㄨˊ
馬祖島,1,ㄇㄚˇ ㄗㄨˇ ㄉㄠˇ
馬端臨,1,ㄇㄚˇ ㄉㄨㄢ ㄌㄧㄣˊ
馬纓丹,1,ㄇㄚˇ ㄧㄥ ㄉㄢ
馬蓋先,1,ㄇㄚˇ ㄍㄞˋ ㄒㄧㄢ
馬薩卓,1,ㄇㄚˇ ㄙㄚˋ ㄓㄨㄛˊ
馬虎湯,1,ㄇㄚˇ ㄏㄨ˙ ㄊㄤ
馬虎眼,1,ㄇㄚˇ ㄏㄨ˙ ㄧㄢˇ
馬褂牌,1,ㄇㄚˇ ㄍㄨㄚˋ ㄆㄞˊ
馬褡子,1,ㄇㄚˇ ㄉㄚ ㄗ˙
馬褲呢,1,ㄇㄚˇ ㄎㄨˋ ㄋㄧˊ
馬見愁,1,ㄇㄚˇ ㄐㄧㄢˋ ㄔㄡˊ
馬販子,1,ㄇㄚˇ ㄈㄢˋ ㄗ˙
馬賽港,1,ㄇㄚˇ ㄙㄞˋ ㄍㄤˇ
馬起臉,1,ㄇㄚˇ ㄑㄧˇ ㄌㄧㄢˇ
馬跑泉,1,ㄇㄚˇ ㄆㄠˇ ㄑㄩㄢˊ
馬蹄表,1,ㄇㄚˇ ㄊㄧˊ ㄅㄧㄠˇ
馬蹄袖,1,ㄇㄚˇ ㄊㄧˊ ㄒㄧㄡˋ
馬蹄金,1,ㄇㄚˇ ㄊㄧˊ ㄐㄧㄣ
馬蹄銀,1,ㄇㄚˇ ㄊㄧˊ ㄧㄣˊ
馬連良,1,ㄇㄚˇ ㄌㄧㄢˊ ㄌㄧㄤˊ
馬道驛,1,ㄇㄚˇ ㄉㄠˋ ㄧˋ
馬醉木,1,ㄇㄚˇ ㄗㄨㄟˋ ㄇㄨˋ
馬鈴子,1,ㄇㄚˇ ㄌㄧㄥˊ ㄗ˙
馬錢子,1,ㄇㄚˇ ㄑㄧㄢˊ ㄗ˙
馬閘子,1,ㄇㄚˇ ㄓㄚˊ ㄗ˙
馬雅人,1,ㄇㄚˇ ㄧㄚˇ ㄖㄣˊ
馬鞍山,1,ㄇㄚˇ ㄢ ㄕㄢ
馬鞍藤,1,ㄇㄚˇ ㄢ ㄊㄥˊ
馬頭娘,1,ㄇㄚˇ ㄊㄡˊ ㄋㄧㄤˊ
馬頭琴,1,ㄇㄚˇ ㄊㄡˊ ㄑㄧㄣˊ
馬頭調,1,ㄇㄚˇ ㄊㄡˊ ㄉㄧㄠˋ
馬騎燈,1,ㄇㄚˇ ㄐㄧˋ ㄉㄥ
馬鬣封,1,ㄇㄚˇ ㄌㄧㄝˋ ㄈㄥ
馬鬣松,1,ㄇㄚˇ ㄌㄧㄝˋ ㄙㄨㄥ
馬鮫魚,1,ㄇㄚˇ ㄐㄧㄠ ㄩˊ
馬鼻疽,1,ㄇㄚˇ ㄅㄧˊ ㄐㄩ
馬齒豆,1,ㄇㄚˇ ㄔˇ ㄉㄡˋ
馬齒長,1,ㄇㄚˇ ㄔˇ ㄔㄤˊ
馭風客,1,ㄩˋ ㄈㄥ ㄎㄜˋ
馮延巳,1,ㄈㄥˊ ㄧㄢˊ ㄙˋ
馱水棍,1,ㄊㄨㄛˊ ㄕㄨㄟˇ ㄍㄨㄣˋ
駁殼槍,1,ㄅㄛˊ ㄎㄜˊ ㄑㄧㄤ
駐劄國,1,ㄓㄨˋ ㄓㄚˊ ㄍㄨㄛˊ
駐泊地,1,ㄓㄨˋ ㄅㄛˊ ㄉㄧˋ
駕上人,1,ㄐㄧㄚˋ ㄕㄤˋ ㄖㄣˊ
駱賓王,1,ㄌㄨㄛˋ ㄅㄧㄣ ㄨㄤˊ
駱駝絨,1,ㄌㄨㄛˋ ㄊㄨㄛ˙ ㄖㄨㄥˊ
騎兵團,1,ㄑㄧˊ ㄅㄧㄥ ㄊㄨㄢˊ
騎箕尾,1,ㄑㄧˊ ㄐㄧ ㄨㄟˇ
騰翅子,1,ㄊㄥˊ ㄔˋ ㄗ˙
騾馱轎,1,ㄌㄨㄛˊ ㄊㄨㄛˊ ㄐㄧㄠˋ
驀忽間,1,ㄇㄛˋ ㄏㄨ ㄐㄧㄢ
驀生人,1,ㄇㄛˋ ㄕㄥ ㄖㄣˊ
驅潛艦,1,ㄑㄩ ㄑㄧㄢˊ ㄐㄧㄢˋ
驅風劑,1,ㄑㄩ ㄈㄥ ㄐㄧˋ
驗貨單,1,ㄧㄢˋ ㄏㄨㄛˋ ㄉㄢ
驚堂木,1,ㄐㄧㄥ ㄊㄤˊ ㄇㄨˋ
驚閨葉,1,ㄐㄧㄥ ㄍㄨㄟ ㄧㄝˋ
驢皮膠,1,ㄌㄩˊ ㄆㄧˊ ㄐㄧㄠ
驢糞毬,1,ㄌㄩˊ ㄈㄣˋ ㄑㄧㄡˊ
驢肝肺,1,ㄌㄩˊ ㄍㄢ ㄈㄟˋ
驢駒子,1,ㄌㄩˊ ㄐㄩ ㄗ˙
驪珠串,1,ㄌㄧˊ ㄓㄨ ㄔㄨㄢˋ
骨岩岩,1,ㄍㄨˇ ㄧㄢˊ ㄧㄢˊ
骨崖崖,1,ㄍㄨˇ ㄧㄞˊ ㄧㄞˊ
骨查臉,1,ㄍㄨˇ ㄔㄚˊ ㄌㄧㄢˇ
骨槽風,1,ㄍㄨˇ ㄘㄠˊ ㄈㄥ
骨殖匣,1,ㄍㄨˇ ㄓˊ ㄒㄧㄚˊ
骨溜溜,1,ㄍㄨˇ ㄌㄧㄡ ㄌㄧㄡ
骨灰塔,1,ㄍㄨˇ ㄏㄨㄟ ㄊㄚˇ
骨痛熱,1,ㄍㄨˇ ㄊㄨㄥˋ ㄖㄜˋ
骨盆腔,1,ㄍㄨˇ ㄆㄣˊ ㄑㄧㄤ
骨碌碌,1,ㄍㄨˊ ㄌㄨˋ ㄌㄨ˙
骨碎補,1,ㄍㄨˇ ㄙㄨㄟˋ ㄅㄨˇ
骨細胞,1,ㄍㄨˇ ㄒㄧˋ ㄅㄠ
骨組織,1,ㄍㄨˇ ㄗㄨˇ ㄓ
骨肉情,1,ㄍㄨˇ ㄖㄡˋ ㄑㄧㄥˊ
骨腫瘤,1,ㄍㄨˇ ㄓㄨㄥˇ ㄌㄧㄡˊ
骨膜炎,1,ㄍㄨˇ ㄇㄛˋ ㄧㄢˊ
骨董行,1,ㄍㄨˇ ㄉㄨㄥˇ ㄏㄤˊ
骨蒸癆,1,ㄍㄨˇ ㄓㄥ ㄌㄠˊ
骨都都,1,ㄍㄨ ㄉㄨ ㄉㄨ
骨頭硬,1,ㄍㄨˊ ㄊㄡ˙ ㄧㄥˋ
骨髓炎,1,ㄍㄨˇ ㄙㄨㄟˇ ㄧㄢˊ
髓膜炎,1,ㄙㄨㄟˇ ㄇㄛˋ ㄧㄢˊ
體循環,1,ㄊㄧˇ ㄒㄩㄣˊ ㄏㄨㄢˊ
髖骨肌,1,ㄎㄨㄢ ㄍㄨˇ ㄐㄧ
高一籌,1,ㄍㄠ ㄧ ㄔㄡˊ
高世志,1,ㄍㄠ ㄕˋ ㄓˋ
高僧傳,1,ㄍㄠ ㄙㄥ ㄓㄨㄢˋ
高元音,1,ㄍㄠ ㄩㄢˊ ㄧㄣ
高冷地,1,ㄍㄠ ㄌㄥˇ ㄉㄧˋ
高力士,1,ㄍㄠ ㄌㄧˋ ㄕˋ
高升調,1,ㄍㄠ ㄕㄥ ㄉㄧㄠˋ
高原期,1,ㄍㄠ ㄩㄢˊ ㄑㄧˊ
高四生,1,ㄍㄠ ㄙˋ ㄕㄥ
高壓球,1,ㄍㄠ ㄧㄚ ㄑㄧㄡˊ
高壓鍋,1,ㄍㄠ ㄧㄚ ㄍㄨㄛ
高平調,1,ㄍㄠ ㄆㄧㄥˊ ㄉㄧㄠˋ
高底鞋,1,ㄍㄠ ㄉㄧˇ ㄒㄧㄝˊ
高挑子,1,ㄍㄠ ㄊㄧㄠ ㄗ˙
高格調,1,ㄍㄠ ㄍㄜˊ ㄉㄧㄠˋ
高氏症,1,ㄍㄠ ㄕˋ ㄓㄥˋ
高爆彈,1,ㄍㄠ ㄅㄠˋ ㄉㄢˋ
高球場,1,ㄍㄠ ㄑㄧㄡˊ ㄔㄤˊ
高粱米,1,ㄍㄠ ㄌㄧㄤˊ ㄇㄧˇ
高纖維,1,ㄍㄠ ㄒㄧㄢ ㄨㄟˊ
高聳聳,1,ㄍㄠ ㄙㄨㄥˇ ㄙㄨㄥˇ
高臺盤,1,ㄍㄠ ㄊㄞˊ ㄆㄢˊ
高軒過,1,ㄍㄠ ㄒㄩㄢ ㄍㄨㄛˋ
高辛氏,1,ㄍㄠ ㄒㄧㄣ ㄕˋ
高難度,1,ㄍㄠ ㄋㄢˊ ㄉㄨˋ
高飛球,1,ㄍㄠ ㄈㄟ ㄑㄧㄡˊ
高麗本,1,ㄍㄠ ㄌㄧˊ ㄅㄣˇ
高麗紙,1,ㄍㄠ ㄌㄧˊ ㄓˇ
髭髭著,1,ㄗ ㄗ˙ ㄓㄜ˙
髹飾錄,1,ㄒㄧㄡ ㄕˋ ㄌㄨˋ
鬆蛋包,1,ㄙㄨㄥ ㄉㄢˋ ㄅㄠ
鬢如漆,1,ㄅㄧㄣˋ ㄖㄨˊ ㄑㄧ
鬢成絲,1,ㄅㄧㄣˋ ㄔㄥˊ ㄙ
鬢邊牌,1,ㄅㄧㄣˋ ㄅㄧㄢ ㄆㄞˊ
鬥分子,1,ㄉㄡˋ ㄈㄣˋ ㄗ˙
鬥口齒,1,ㄉㄡˋ ㄎㄡˇ ㄔˇ
鬥幌子,1,ㄉㄡˋ ㄏㄨㄤˇ ㄗ˙
鬥彆氣,1,ㄉㄡˋ ㄅㄧㄝ ㄑㄧˋ
鬥彆氣,1,ㄉㄡˋ ㄅㄧㄝˋ ㄑㄧˋ
鬥心眼,1,ㄉㄡˋ ㄒㄧㄣ ㄧㄢˇ
鬥悶子,1,ㄉㄡˋ ㄇㄣˋ ㄗ˙
鬥牛陣,1,ㄉㄡˋ ㄋㄧㄡˊ ㄓㄣˋ
鬥犀臺,1,ㄉㄡˋ ㄒㄧ ㄊㄞˊ
鬥百草,1,ㄉㄡˋ ㄅㄞˇ ㄘㄠˇ
鬥葉子,1,ㄉㄡˋ ㄧㄝˋ ㄗ˙
鬥閑氣,1,ㄉㄡˋ ㄒㄧㄢˊ ㄑㄧˋ
鬥雞臺,1,ㄉㄡˋ ㄐㄧ ㄊㄞˊ
鬥雪紅,1,ㄉㄡˋ ㄒㄩㄝˇ ㄏㄨㄥˊ
鬧不清,1,ㄋㄠˋ ㄅㄨˋ ㄑㄧㄥ
鬧亂子,1,ㄋㄠˋ ㄌㄨㄢˋ ㄗ˙
鬧口舌,1,ㄋㄠˋ ㄎㄡˇ ㄕㄜˊ
鬧嗓子,1,ㄋㄠˋ ㄙㄤˇ ㄗ˙
鬧嘴舌,1,ㄋㄠˋ ㄗㄨㄟˇ ㄕㄜˊ
鬧嚷嚷,1,ㄋㄠˋ ㄖㄤ ㄖㄤ
鬧垓垓,1,ㄋㄠˋ ㄍㄞ ㄍㄞ
鬧天宮,1,ㄋㄠˋ ㄊㄧㄢ ㄍㄨㄥ
鬧天氣,1,ㄋㄠˋ ㄊㄧㄢ ㄑㄧˋ
鬧家務,1,ㄋㄠˋ ㄐㄧㄚ ㄨ˙
鬧小旦,1,ㄋㄠˋ ㄒㄧㄠˇ ㄉㄢˋ
鬧彆扭,1,ㄋㄠˋ ㄅㄧㄝˋ ㄋㄧㄡ˙
鬧性子,1,ㄋㄠˋ ㄒㄧㄥˋ ㄗ˙
鬧情緒,1,ㄋㄠˋ ㄑㄧㄥˊ ㄒㄩˋ
鬧意見,1,ㄋㄠˋ ㄧˋ ㄐㄧㄢ˙
鬧擰了,1,ㄋㄠˋ ㄋㄧㄥˇ ㄌㄜ˙
鬧新房,1,ㄋㄠˋ ㄒㄧㄣ ㄈㄤˊ
鬧烘烘,1,ㄋㄠˋ ㄏㄨㄥ ㄏㄨㄥ
鬧的慌,1,ㄋㄠˋ ㄉㄜ˙ ㄏㄨㄤ
鬧磨擦,1,ㄋㄠˋ ㄇㄛˊ ㄘㄚ
鬧米湯,1,ㄋㄠˋ ㄇㄧˇ ㄊㄤ
鬧翻身,1,ㄋㄠˋ ㄈㄢ ㄕㄣ
鬧耗子,1,ㄋㄠˋ ㄏㄠˋ ㄗ˙
鬧脾氣,1,ㄋㄠˋ ㄆㄧˊ ㄑㄧ˙
鬧荒荒,1,ㄋㄠˋ ㄏㄨㄤ ㄏㄨㄤ
鬧酸款,1,ㄋㄠˋ ㄙㄨㄢ ㄎㄨㄢˇ
鬧鑊鐸,1,ㄋㄠˋ ㄏㄨㄛˋ ㄉㄨㄛˊ
鬧風潮,1,ㄋㄠˋ ㄈㄥ ㄔㄠˊ
鬧饑荒,1,ㄋㄠˋ ㄐㄧ ㄏㄨㄤ˙
鬧龍燈,1,ㄋㄠˋ ㄌㄨㄥˊ ㄉㄥ
鬱沉沉,1,ㄩˋ ㄔㄣˊ ㄔㄣˊ
鬼促促,1,ㄍㄨㄟˇ ㄘㄨˋ ㄘㄨˋ
鬼化狐,1,ㄍㄨㄟˇ ㄏㄨㄚˋ ㄏㄨˊ
鬼名堂,1,ㄍㄨㄟˇ ㄇㄧㄥˊ ㄊㄤˊ
鬼吹燈,1,ㄍㄨㄟˇ ㄔㄨㄟ ㄉㄥ
鬼市子,1,ㄍㄨㄟˇ ㄕˋ ㄗ˙
鬼影子,1,ㄍㄨㄟˇ ㄧㄥˇ ㄗ˙
鬼打撲,1,ㄍㄨㄟˇ ㄉㄚˇ ㄆㄨ
鬼打更,1,ㄍㄨㄟˇ ㄉㄚˇ ㄍㄥ
鬼打渾,1,ㄍㄨㄟˇ ㄉㄚˇ ㄏㄨㄣˊ
鬼打牆,1,ㄍㄨㄟˇ ㄉㄚˇ ㄑㄧㄤˊ
鬼打鈸,1,ㄍㄨㄟˇ ㄉㄚˇ ㄅㄚˊ
鬼扯淡,1,ㄍㄨㄟˇ ㄔㄜˇ ㄉㄢˋ
鬼扯腿,1,ㄍㄨㄟˇ ㄔㄜˇ ㄊㄨㄟˇ
鬼扯蛋,1,ㄍㄨㄟˇ ㄔㄜˇ ㄉㄢˋ
鬼捏青,1,ㄍㄨㄟˇ ㄋㄧㄝ ㄑㄧㄥ
鬼推磨,1,ㄍㄨㄟˇ ㄊㄨㄟ ㄇㄛˋ
鬼擘口,1,ㄍㄨㄟˇ ㄅㄛˋ ㄎㄡˇ
鬼攛揝,1,ㄍㄨㄟˇ ㄘㄨㄢ ㄗㄨㄢˋ
鬼狐猶,1,ㄍㄨㄟˇ ㄏㄨˊ ㄧㄡˊ
鬼狐由,1,ㄍㄨㄟˇ ㄏㄨˊ ㄧㄡˊ
鬼窟洞,1,ㄍㄨㄟˇ ㄎㄨ ㄉㄨㄥˋ
鬼算盤,1,ㄍㄨㄟˇ ㄙㄨㄢˋ ㄆㄢˊ
鬼胡油,1,ㄍㄨㄟˇ ㄏㄨˊ ㄧㄡˊ
鬼胡由,1,ㄍㄨㄟˇ ㄏㄨˊ ㄧㄡˊ
鬼臉青,1,ㄍㄨㄟˇ ㄌㄧㄢˇ ㄑㄧㄥ
鬼花招,1,ㄍㄨㄟˇ ㄏㄨㄚ ㄓㄠ
鬼花樣,1,ㄍㄨㄟˇ ㄏㄨㄚ ㄧㄤˋ
鬼葸戲,1,ㄍㄨㄟˇ ㄒㄧˇ ㄒㄧˋ
鬼見愁,1,ㄍㄨㄟˇ ㄐㄧㄢˋ ㄔㄡˊ
鬼谷子,1,ㄍㄨㄟˇ ㄍㄨˇ ㄗˇ
鬼針草,1,ㄍㄨㄟˇ ㄓㄣ ㄘㄠˇ
鬼隨邪,1,ㄍㄨㄟˇ ㄙㄨㄟˊ ㄒㄧㄝˊ
鬼頭刀,1,ㄍㄨㄟˇ ㄊㄡˊ ㄉㄠ
鬼頭風,1,ㄍㄨㄟˇ ㄊㄡˊ ㄈㄥ
魏無忌,1,ㄨㄟˋ ㄨˊ ㄐㄧˋ
魏良輔,1,ㄨㄟˋ ㄌㄧㄤˊ ㄈㄨˇ
魔術蛇,1,ㄇㄛˊ ㄕㄨˋ ㄕㄜˊ
魔鬼湖,1,ㄇㄛˊ ㄍㄨㄟˇ ㄏㄨˊ
魘魔法,1,ㄧㄢˇ ㄇㄛˊ ㄈㄚˇ
魚床子,1,ㄩˊ ㄔㄨㄤˊ ㄗ˙
魚朝恩,1,ㄩˊ ㄔㄠˊ ㄣ
魚水情,1,ㄩˊ ㄕㄨㄟˇ ㄑㄧㄥˊ
魚池鄉,1,ㄩˊ ㄔˊ ㄒㄧㄤ
魚玄機,1,ㄩˊ ㄒㄩㄢˊ ㄐㄧ
魚石脂,1,ㄩˊ ㄕˊ ㄓ
魚腥草,1,ㄩˊ ㄒㄧㄥ ㄘㄠˇ
魚腸劍,1,ㄩˊ ㄔㄤˊ ㄐㄧㄢˋ
魚藏劍,1,ㄩˊ ㄘㄤˊ ㄐㄧㄢˋ
魚鱗松,1,ㄩˊ ㄌㄧㄣˊ ㄙㄨㄥ
魯仲連,1,ㄌㄨˇ ㄓㄨㄥˋ ㄌㄧㄢˊ
魯本斯,1,ㄌㄨˇ ㄅㄣˇ ㄙ
魯爾河,1,ㄌㄨˇ ㄦˇ ㄏㄜˊ
魯特琴,1,ㄌㄨˇ ㄊㄜˋ ㄑㄧㄣˊ
魯米那,1,ㄌㄨˇ ㄇㄧˇ ㄋㄚˋ
魯義姑,1,ㄌㄨˇ ㄧˋ ㄍㄨ
魯般尺,1,ㄌㄨˇ ㄅㄢ ㄔˇ
魯莽漢,1,ㄌㄨˇ ㄇㄤˇ ㄏㄢˋ
魯道夫,1,ㄌㄨˇ ㄉㄠˋ ㄈㄨ
魯隱公,1,ㄌㄨˇ ㄧㄣˇ ㄍㄨㄥ
魯齋郎,1,ㄌㄨˇ ㄓㄞ ㄌㄤˊ
鮑令暉,1,ㄅㄠˋ ㄌㄧㄥˋ ㄏㄨㄟ
鮑廷博,1,ㄅㄠˋ ㄊㄧㄥˊ ㄅㄛˊ
鮑氏囊,1,ㄅㄠˋ ㄕˋ ㄋㄤˊ
鮑羅定,1,ㄅㄠˋ ㄌㄨㄛˊ ㄉㄧㄥˋ
鮑魚菇,1,ㄅㄠˋ ㄩˊ ㄍㄨ
鮚埼亭,1,ㄐㄧㄝˊ ㄑㄧˊ ㄊㄧㄥˊ
鯨魚座,1,ㄐㄧㄥ ㄩˊ ㄗㄨㄛˋ
鰓尾類,1,ㄙㄞ ㄨㄟˇ ㄌㄟˋ
鰓足類,1,ㄙㄞ ㄗㄨˊ ㄌㄟˋ
鰭腳目,1,ㄑㄧˊ ㄐㄧㄠˇ ㄇㄨˋ
鰼水縣,1,ㄒㄧˊ ㄕㄨㄟˇ ㄒㄧㄢˋ
鱉縮頭,1,ㄅㄧㄝ ㄙㄨㄛ ㄊㄡˊ
鳥嘴銃,1,ㄋㄧㄠˇ ㄗㄨㄟˇ ㄔㄨㄥˋ
鳥尾花,1,ㄋㄧㄠˇ ㄨㄟˇ ㄏㄨㄚ
鳥獸行,1,ㄋㄧㄠˇ ㄕㄡˋ ㄒㄧㄥˋ
鳥糞層,1,ㄋㄧㄠˇ ㄈㄣˋ ㄘㄥˊ
鳥蟲書,1,ㄋㄧㄠˇ ㄔㄨㄥˊ ㄕㄨ
鳩槃荼,1,ㄐㄧㄡ ㄆㄢˊ ㄊㄨˊ
鳳仙子,1,ㄈㄥˋ ㄒㄧㄢ ㄗˇ
鳳凰池,1,ㄈㄥˋ ㄏㄨㄤˊ ㄔˊ
鳳凰簫,1,ㄈㄥˋ ㄏㄨㄤˊ ㄒㄧㄠ
鳳凰臺,1,ㄈㄥˋ ㄏㄨㄤˊ ㄊㄞˊ
鳳凰蛋,1,ㄈㄥˋ ㄏㄨㄤˊ ㄉㄢˋ
鳳眼果,1,ㄈㄥˋ ㄧㄢˇ ㄍㄨㄛˇ
鳳辣子,1,ㄈㄥˋ ㄌㄚˋ ㄗ˙
鳳還巢,1,ㄈㄥˋ ㄏㄨㄢˊ ㄔㄠˊ
鳳頭鞋,1,ㄈㄥˋ ㄊㄡˊ ㄒㄧㄝˊ
鳴天鼓,1,ㄇㄧㄥˊ ㄊㄧㄢ ㄍㄨˇ
鳴榔板,1,ㄇㄧㄥˊ ㄌㄤˊ ㄅㄢˇ
鳴沙山,1,ㄇㄧㄥˊ ㄕㄚ ㄕㄢ
鳴沙縣,1,ㄇㄧㄥˊ ㄕㄚ ㄒㄧㄢˋ
鳴珂巷,1,ㄇㄧㄥˊ ㄎㄜ ㄒㄧㄤˋ
鴉片罪,1,ㄧㄚ ㄆㄧㄢˋ ㄗㄨㄟˋ
鴉膽子,1,ㄧㄚ ㄉㄢˇ ㄗ˙
鴉青鈔,1,ㄧㄚ ㄑㄧㄥ ㄔㄠ
鴉頭襪,1,ㄧㄚ ㄊㄡˊ ㄨㄚˋ
鴕鳥蛋,1,ㄊㄨㄛˊ ㄋㄧㄠˇ ㄉㄢˋ
鴛鴦客,1,ㄩㄢ ㄧㄤ ㄎㄜˋ
鴛鴦房,1,ㄩㄢ ㄧㄤ ㄈㄤˊ
鴛鴦樓,1,ㄩㄢ ㄧㄤ ㄌㄡˊ
鴛鴦湖,1,ㄩㄢ ㄧㄤ ㄏㄨˊ
鴛鴦燈,1,ㄩㄢ ㄧㄤ ㄉㄥ
鴛鴦瓦,1,ㄩㄢ ㄧㄤ ㄨㄚˇ
鴛鴦被,1,ㄩㄢ ㄧㄤ ㄅㄟˋ
鴝鵒眼,1,ㄑㄩˊ ㄩˋ ㄧㄢˇ
鴨兒芹,1,ㄧㄚ ㄦˊ ㄑㄧㄣˊ
鴨嘴帽,1,ㄧㄚ ㄗㄨㄟˇ ㄇㄠˋ
鴨嘴龍,1,ㄧㄚ ㄗㄨㄟˇ ㄌㄨㄥˊ
鴨子腿,1,ㄧㄚ ㄗ˙ ㄊㄨㄟˇ
鴨綠江,1,ㄧㄚ ㄌㄨˋ ㄐㄧㄤ
鴨舌草,1,ㄧㄚ ㄕㄜˊ ㄘㄠˇ
鴨蛋粉,1,ㄧㄚ ㄉㄢˋ ㄈㄣˇ
鴨蛋青,1,ㄧㄚ ㄉㄢˋ ㄑㄧㄥ
鴨跖草,1,ㄧㄚ ㄓˊ ㄘㄠˇ
鴻臚寺,1,ㄏㄨㄥˊ ㄌㄨˊ ㄙˋ
鴻門會,1,ㄏㄨㄥˊ ㄇㄣˊ ㄏㄨㄟˋ
鴻門計,1,ㄏㄨㄥˊ ㄇㄣˊ ㄐㄧˋ
鵝掌草,1,ㄜˊ ㄓㄤˇ ㄘㄠˇ
鵝掌風,1,ㄜˊ ㄓㄤˇ ㄈㄥ
鵝毛扇,1,ㄜˊ ㄇㄠˊ ㄕㄢˋ
鵝毛被,1,ㄜˊ ㄇㄠˊ ㄅㄟˋ
鵝毛雪,1,ㄜˊ ㄇㄠˊ ㄒㄩㄝˇ
鵝眼錢,1,ㄜˊ ㄧㄢˇ ㄑㄧㄢˊ
鵝絨白,1,ㄜˊ ㄖㄨㄥˊ ㄅㄞˊ
鵝群帖,1,ㄜˊ ㄑㄩㄣˊ ㄊㄧㄝˋ
鵝觀草,1,ㄜˊ ㄍㄨㄢ ㄘㄠˇ
鵝項椅,1,ㄜˊ ㄒㄧㄤˋ ㄧˇ
鵝黃酒,1,ㄜˊ ㄏㄨㄤˊ ㄐㄧㄡˇ
鵰翎扇,1,ㄉㄧㄠ ㄌㄧㄥˊ ㄕㄢˋ
鶡冠子,1,ㄏㄜˊ ㄍㄨㄢ ㄗˇ
鶯花寨,1,ㄧㄥ ㄏㄨㄚ ㄓㄞˋ
鶯鶯傳,1,ㄧㄥ ㄧㄥ ㄓㄨㄢˋ
鶴乘軒,1,ㄏㄜˋ ㄔㄥˊ ㄒㄩㄢ
鶴形目,1,ㄏㄜˋ ㄒㄧㄥˊ ㄇㄨˋ
鶴膝風,1,ㄏㄜˋ ㄒㄧ ㄈㄥ
鷹揚宴,1,ㄧㄥ ㄧㄤˊ ㄧㄢˋ
鷹爪功,1,ㄧㄥ ㄓㄠˇ ㄍㄨㄥ
鷿鷈膏,1,ㄆㄧˋ ㄊㄧˊ ㄍㄠ
鸚哥綠,1,ㄧㄥ ㄍㄜ ㄌㄩˋ
鸚鵡杯,1,ㄧㄥ ㄨˇ ㄅㄟ
鸚鵡洲,1,ㄧㄥ ㄨˇ ㄓㄡ
鸚鵡熱,1,ㄧㄥ ㄨˇ ㄖㄜˋ
鸚鵡病,1,ㄧㄥ ㄨˇ ㄅㄧㄥˋ
鸚鵡目,1,ㄧㄥ ㄨˇ ㄇㄨˋ
鸚鵡科,1,ㄧㄥ ㄨˇ ㄎㄜ
鸛雀樓,1,ㄍㄨㄢˋ ㄑㄩㄝˋ ㄌㄡˊ
鸞鳳雛,1,ㄌㄨㄢˊ ㄈㄥˋ ㄔㄨˊ
鹵化銀,1,ㄌㄨˇ ㄏㄨㄚˋ ㄧㄣˊ
鹵素燈,1,ㄌㄨˇ ㄙㄨˋ ㄉㄥ
鹹水妹,1,ㄒㄧㄢˊ ㄕㄨㄟˇ ㄇㄟˋ
鹼中毒,1,ㄐㄧㄢˇ ㄓㄨㄥˋ ㄉㄨˊ
鹽坨子,1,ㄧㄢˊ ㄊㄨㄛˊ ㄗ˙
鹽水針,1,ㄧㄢˊ ㄕㄨㄟˇ ㄓㄣ
鹽水飯,1,ㄧㄢˊ ㄕㄨㄟˇ ㄈㄢˋ
鹽法道,1,ㄧㄢˊ ㄈㄚˇ ㄉㄠˋ
鹽膚木,1,ㄧㄢˊ ㄈㄨ ㄇㄨˋ
鹽藏品,1,ㄧㄢˊ ㄘㄤˊ ㄆㄧㄣˇ
鹽酸草,1,ㄧㄢˊ ㄙㄨㄢ ㄘㄠˇ
鹽醬口,1,ㄧㄢˊ ㄐㄧㄤˋ ㄎㄡˇ
鹽鐵使,1,ㄧㄢˊ ㄊㄧㄝˇ ㄕˇ
鹽鐵論,1,ㄧㄢˊ ㄊㄧㄝˇ ㄌㄨㄣˋ
鹿兒島,1,ㄌㄨˋ ㄦˊ ㄉㄠˇ
鹿皮冠,1,ㄌㄨˋ ㄆㄧˊ ㄍㄨㄢ
鹿草鄉,1,ㄌㄨˋ ㄘㄠˇ ㄒㄧㄤ
鹿角畫,1,ㄌㄨˋ ㄐㄧㄠˇ ㄏㄨㄚˋ
鹿角菜,1,ㄌㄨˋ ㄐㄧㄠˇ ㄘㄞˋ
鹿野鄉,1,ㄌㄨˋ ㄧㄝˇ ㄒㄧㄤ
鹿鳴宴,1,ㄌㄨˋ ㄇㄧㄥˊ ㄧㄢˋ
麒麟兒,1,ㄑㄧˊ ㄌㄧㄣˊ ㄦˊ
麒麟楦,1,ㄑㄧˊ ㄌㄧㄣˊ ㄒㄩㄢˋ
麒麟童,1,ㄑㄧˊ ㄌㄧㄣˊ ㄊㄨㄥˊ
麒麟閣,1,ㄑㄧˊ ㄌㄧㄣˊ ㄍㄜˊ
麒麟陣,1,ㄑㄧˊ ㄌㄧㄣˊ ㄓㄣˋ
麗人行,1,ㄌㄧˋ ㄖㄣˊ ㄒㄧㄥˊ
麗春園,1,ㄌㄧˋ ㄔㄨㄣ ㄩㄢˊ
麗春花,1,ㄌㄧˋ ㄔㄨㄣ ㄏㄨㄚ
麗水縣,1,ㄌㄧˋ ㄕㄨㄟˇ ㄒㄧㄢˋ
麟之趾,1,ㄌㄧㄣˊ ㄓ ㄓˇ
麥信風,1,ㄇㄞˋ ㄒㄧㄣˋ ㄈㄥ
麥個子,1,ㄇㄞˋ ㄍㄜˋ ㄗ˙
麥卡托,1,ㄇㄞˋ ㄎㄚˇ ㄊㄨㄛ
麥口期,1,ㄇㄞˋ ㄎㄡˇ ㄑㄧˊ
麥地那,1,ㄇㄞˋ ㄉㄧˋ ㄋㄚˋ
麥寮鄉,1,ㄇㄞˋ ㄌㄧㄠˊ ㄒㄧㄤ
麥秀歌,1,ㄇㄞˋ ㄒㄧㄡˋ ㄍㄜ
麥積山,1,ㄇㄞˋ ㄐㄧ ㄕㄢ
麥粒腫,1,ㄇㄞˋ ㄌㄧˋ ㄓㄨㄥˇ
麥考萊,1,ㄇㄞˋ ㄎㄠˇ ㄌㄞˊ
麴道士,1,ㄑㄩˊ ㄉㄠˋ ㄕˋ
麵包車,1,ㄇㄧㄢˋ ㄅㄠ ㄔㄜ
麵子藥,1,ㄇㄧㄢˋ ㄗ˙ ㄧㄠˋ
麵攤子,1,ㄇㄧㄢˋ ㄊㄢ ㄗ˙
麵疙瘩,1,ㄇㄧㄢˋ ㄍㄜ ㄉㄚ˙
麻六甲,1,ㄇㄚˊ ㄌㄨˋ ㄐㄧㄚˇ
麻姑山,1,ㄇㄚˊ ㄍㄨ ㄕㄢ
麻布袋,1,ㄇㄚˊ ㄅㄨˋ ㄉㄞˋ
麻核桃,1,ㄇㄚˊ ㄏㄜˊ ㄊㄠ˙
麻沙本,1,ㄇㄚˊ ㄕㄚ ㄅㄣˇ
麻沸散,1,ㄇㄚˊ ㄈㄟˋ ㄙㄢˇ
麻流點,1,ㄇㄚˊ ㄌㄧㄡˊ ㄉㄧㄢˇ
麻竹筍,1,ㄇㄚˊ ㄓㄨˊ ㄙㄨㄣˇ
麻線道,1,ㄇㄚˊ ㄒㄧㄢˋ ㄉㄠˋ
麻葉皮,1,ㄇㄚˊ ㄧㄝˋ ㄆㄧˊ
麻衣債,1,ㄇㄚˊ ㄧ ㄓㄞˋ
麻酥酥,1,ㄇㄚˊ ㄙㄨ ㄙㄨ
麻雀席,1,ㄇㄚˊ ㄑㄩㄝˋ ㄒㄧˊ
麻雀牌,1,ㄇㄚˊ ㄑㄩㄝˋ ㄆㄞˊ
麻雷子,1,ㄇㄚˊ ㄌㄟˊ ㄗ˙
麻麻亮,1,ㄇㄚˊ ㄇㄚˊ ㄌㄧㄤˋ
麻麻黑,1,ㄇㄚˊ ㄇㄚˊ ㄏㄟ
麼些族,1,ㄇㄛˊ ㄙㄨㄛ ㄗㄨˊ
麼子事,1,ㄇㄛˊ ㄗ˙ ㄕˋ
黃丕烈,1,ㄏㄨㄤˊ ㄆㄧ ㄌㄧㄝˋ
黃串餅,1,ㄏㄨㄤˊ ㄔㄨㄢˋ ㄅㄧㄥˇ
黃同紙,1,ㄏㄨㄤˊ ㄊㄨㄥˊ ㄓˇ
黃君璧,1,ㄏㄨㄤˊ ㄐㄩㄣ ㄅㄧˋ
黃埔鎮,1,ㄏㄨㄤˊ ㄆㄨˇ ㄓㄣˋ
黃天蕩,1,ㄏㄨㄤˊ ㄊㄧㄢ ㄉㄤˋ
黃宗羲,1,ㄏㄨㄤˊ ㄗㄨㄥ ㄒㄧ
黃屋車,1,ㄏㄨㄤˊ ㄨ ㄔㄜ
黃山派,1,ㄏㄨㄤˊ ㄕㄢ ㄆㄞˋ
黃山谷,1,ㄏㄨㄤˊ ㄕㄢ ㄍㄨˇ
黃庭堅,1,ㄏㄨㄤˊ ㄊㄧㄥˊ ㄐㄧㄢ
黃庭經,1,ㄏㄨㄤˊ ㄊㄧㄥˊ ㄐㄧㄥ
黃明膠,1,ㄏㄨㄤˊ ㄇㄧㄥˊ ㄐㄧㄠ
黃桑棒,1,ㄏㄨㄤˊ ㄙㄤ ㄅㄤˋ
黃森森,1,ㄏㄨㄤˊ ㄙㄣ ㄙㄣ
黃樟素,1,ㄏㄨㄤˊ ㄓㄤ ㄙㄨˋ
黃水茄,1,ㄏㄨㄤˊ ㄕㄨㄟˇ ㄑㄧㄝˊ
黃河清,1,ㄏㄨㄤˊ ㄏㄜˊ ㄑㄧㄥ
黃浦江,1,ㄏㄨㄤˊ ㄆㄨˇ ㄐㄧㄤ
黃燦燦,1,ㄏㄨㄤˊ ㄘㄢˋ ㄘㄢˋ
黃犬音,1,ㄏㄨㄤˊ ㄑㄩㄢˇ ㄧㄣ
黃甘甘,1,ㄏㄨㄤˊ ㄍㄢ ㄍㄢ
黃百韜,1,ㄏㄨㄤˊ ㄅㄞˇ ㄊㄠ
黃石公,1,ㄏㄨㄤˊ ㄕˊ ㄍㄨㄥ
黃石港,1,ㄏㄨㄤˊ ㄕˊ ㄍㄤˇ
黃茅瘴,1,ㄏㄨㄤˊ ㄇㄠˊ ㄓㄤˋ
黃萎病,1,ㄏㄨㄤˊ ㄨㄟ ㄅㄧㄥˋ
黃蘗宗,1,ㄏㄨㄤˊ ㄅㄛˋ ㄗㄨㄥ
黃蘗山,1,ㄏㄨㄤˊ ㄅㄛˋ ㄕㄢ
黃表紙,1,ㄏㄨㄤˊ ㄅㄧㄠˇ ㄓˇ
黃衫客,1,ㄏㄨㄤˊ ㄕㄢ ㄎㄜˋ
黃賓虹,1,ㄏㄨㄤˊ ㄅㄧㄣ ㄏㄨㄥˊ
黃道光,1,ㄏㄨㄤˊ ㄉㄠˋ ㄍㄨㄤ
黃道周,1,ㄏㄨㄤˊ ㄉㄠˋ ㄓㄡ
黃邊錢,1,ㄏㄨㄤˊ ㄅㄧㄢ ㄑㄧㄢˊ
黃金屋,1,ㄏㄨㄤˊ ㄐㄧㄣ ㄨ
黃金律,1,ㄏㄨㄤˊ ㄐㄧㄣ ㄌㄩˋ
黃金臺,1,ㄏㄨㄤˊ ㄐㄧㄣ ㄊㄞˊ
黃金葛,1,ㄏㄨㄤˊ ㄐㄧㄣ ㄍㄜˊ
黃頭郎,1,ㄏㄨㄤˊ ㄊㄡˊ ㄌㄤˊ
黃鳳蝶,1,ㄏㄨㄤˊ ㄈㄥˋ ㄉㄧㄝˊ
黃鶯語,1,ㄏㄨㄤˊ ㄧㄥ ㄩˇ
黃鶴樓,1,ㄏㄨㄤˊ ㄏㄜˋ ㄌㄡˊ
黃龍派,1,ㄏㄨㄤˊ ㄌㄨㄥˊ ㄆㄞˋ
黏巴達,1,ㄋㄧㄢˊ ㄅㄚ ㄉㄚˊ
黏涎子,1,ㄋㄧㄢˊ ㄒㄧㄢˊ ㄗ˙
黏答答,1,ㄋㄧㄢˊ ㄉㄚ ㄉㄚ
黑五類,1,ㄏㄟ ㄨˇ ㄌㄟˋ
黑凜凜,1,ㄏㄟ ㄌㄧㄣˇ ㄌㄧㄣˇ
黑匣子,1,ㄏㄟ ㄒㄧㄚˊ ㄗ˙
黑吃黑,1,ㄏㄟ ㄔ ㄏㄟ
黑婁婁,1,ㄏㄟ ㄌㄡˊ ㄌㄡˊ
黑家鼠,1,ㄏㄟ ㄐㄧㄚ ㄕㄨˇ
黑寡婦,1,ㄏㄟ ㄍㄨㄚˇ ㄈㄨ˙
黑屋子,1,ㄏㄟ ㄨ ㄗ˙
黑房子,1,ㄏㄟ ㄈㄤˊ ㄗ˙
黑曜岩,1,ㄏㄟ ㄧㄠˋ ㄧㄢˊ
黑河屯,1,ㄏㄟ ㄏㄜˊ ㄊㄨㄣˊ
黑漫漫,1,ㄏㄟ ㄇㄢˋ ㄇㄢˋ
黑澤明,1,ㄏㄟ ㄗㄜˊ ㄇㄧㄥˊ
黑牌車,1,ㄏㄟ ㄆㄞˊ ㄔㄜ
黑狗子,1,ㄏㄟ ㄍㄡˇ ㄗ˙
黑猩猩,1,ㄏㄟ ㄒㄧㄥ ㄒㄧㄥ˙
黑珍珠,1,ㄏㄟ ㄓㄣ ㄓㄨ
黑甜鄉,1,ㄏㄟ ㄊㄧㄢˊ ㄒㄧㄤ
黑白來,1,ㄏㄟ ㄅㄞˊ ㄌㄞˊ
黑白畫,1,ㄏㄟ ㄅㄞˊ ㄏㄨㄚˋ
黑白講,1,ㄏㄟ ㄅㄞˊ ㄐㄧㄤˇ
黑瞎子,1,ㄏㄟ ㄒㄧㄚ ㄗ˙
黑糊糊,1,ㄏㄟ ㄏㄨ ㄏㄨ
黑茫茫,1,ㄏㄟ ㄇㄤˊ ㄇㄤˊ
黑衫隊,1,ㄏㄟ ㄕㄢ ㄉㄨㄟˋ
黑裡俏,1,ㄏㄟ ㄌㄧ˙ ㄑㄧㄠˋ
黑醬油,1,ㄏㄟ ㄐㄧㄤˋ ㄧㄡˊ
黑雲母,1,ㄏㄟ ㄩㄣˊ ㄇㄨˇ
黑頭公,1,ㄏㄟ ㄊㄡˊ ㄍㄨㄥ
黑頭蟲,1,ㄏㄟ ㄊㄡˊ ㄔㄨㄥˊ
黑頭顱,1,ㄏㄟ ㄊㄡˊ ㄌㄨˊ
黑鬒鬒,1,ㄏㄟ ㄓㄣˇ ㄓㄣˇ
黑魆魆,1,ㄏㄟ ㄒㄩ ㄒㄩ
黑魆魆,1,ㄏㄟ ㄒㄩˋ ㄒㄩˋ
黑黴菌,1,ㄏㄟ ㄇㄟˊ ㄐㄩㄣˋ
黑黶子,1,ㄏㄟ ㄧㄢˇ ㄗ˙
黑龍會,1,ㄏㄟ ㄌㄨㄥˊ ㄏㄨㄟˋ
默照禪,1,ㄇㄛˋ ㄓㄠˋ ㄔㄢˊ
黛粉葉,1,ㄉㄞˋ ㄈㄣˇ ㄧㄝˋ
黝銅礦,1,ㄧㄡˇ ㄊㄨㄥˊ ㄎㄨㄤˋ
點召令,1,ㄉㄧㄢˇ ㄓㄠˋ ㄌㄧㄥˋ
點唱機,1,ㄉㄧㄢˇ ㄔㄤˋ ㄐㄧ
點將錄,1,ㄉㄧㄢˇ ㄐㄧㄤˋ ㄌㄨˋ
點檢所,1,ㄉㄧㄢˇ ㄐㄧㄢˇ ㄙㄨㄛˇ
點灶燈,1,ㄉㄧㄢˇ ㄗㄠˋ ㄉㄥ
點紙節,1,ㄉㄧㄢˇ ㄓˇ ㄐㄧㄝˊ
點繡女,1,ㄉㄧㄢˇ ㄒㄧㄡˋ ㄋㄩˇ
點花牌,1,ㄉㄧㄢˇ ㄏㄨㄚ ㄆㄞˊ
點花茶,1,ㄉㄧㄢˇ ㄏㄨㄚ ㄔㄚˊ
點鋼槍,1,ㄉㄧㄢˇ ㄍㄤ ㄑㄧㄤ
點鋼鍬,1,ㄉㄧㄢˇ ㄍㄤ ㄑㄧㄠ
點鬼簿,1,ㄉㄧㄢˇ ㄍㄨㄟˇ ㄅㄨˋ
點點點,1,ㄉㄧㄢˇ ㄉㄧㄢˇ ㄉㄧㄢˇ
黨政軍,1,ㄉㄤˇ ㄓㄥˋ ㄐㄩㄣ
黨籍碑,1,ㄉㄤˇ ㄐㄧˊ ㄅㄟ
黴菌病,1,ㄇㄟˊ ㄐㄩㄣˋ ㄅㄧㄥˋ
鼉皮鼓,1,ㄊㄨㄛˊ ㄆㄧˊ ㄍㄨˇ
鼎折足,1,ㄉㄧㄥˇ ㄓㄜˊ ㄗㄨˊ
鼎邊趖,1,ㄉㄧㄥˇ ㄅㄧㄢ ㄙㄨㄛ
鼎邊銼,1,ㄉㄧㄥˇ ㄅㄧㄢ ㄘㄨㄛˋ
鼎鼐臣,1,ㄉㄧㄥˇ ㄋㄞˋ ㄔㄣˊ
鼓吹弦,1,ㄍㄨˇ ㄔㄨㄟˋ ㄒㄧㄢˊ
鼓吹樂,1,ㄍㄨˇ ㄔㄨㄟˋ ㄩㄝˋ
鼓子曲,1,ㄍㄨˇ ㄗ˙ ㄑㄩˇ
鼓子詞,1,ㄍㄨˇ ㄗ˙ ㄘˊ
鼓琴悲,1,ㄍㄨˇ ㄑㄧㄣˊ ㄅㄟ
鼓盆歌,1,ㄍㄨˇ ㄆㄣˊ ㄍㄜ
鼓膜炎,1,ㄍㄨˇ ㄇㄛˋ ㄧㄢˊ
鼓點子,1,ㄍㄨˇ ㄉㄧㄢˇ ㄗ˙
鼓鼓的,1,ㄍㄨˇ ㄍㄨˇ ㄉㄜ˙
鼕鼕鼓,1,ㄉㄨㄥ ㄉㄨㄥ ㄍㄨˇ
鼠麴草,1,ㄕㄨˇ ㄑㄩˊ ㄘㄠˇ
鼻中隔,1,ㄅㄧˊ ㄓㄨㄥ ㄍㄜˊ
鼻凹糖,1,ㄅㄧˊ ㄠ ㄊㄤˊ
鼻咽道,1,ㄅㄧˊ ㄧㄢ ㄉㄠˋ
鼻子頭,1,ㄅㄧˊ ㄗ˙ ㄊㄡˊ
鼻淚管,1,ㄅㄧˊ ㄌㄟˋ ㄍㄨㄢˇ
鼻窪子,1,ㄅㄧˊ ㄨㄚ ㄗ˙
鼻黏膜,1,ㄅㄧˊ ㄋㄧㄢˊ ㄇㄛˋ
齊伯林,1,ㄑㄧˊ ㄅㄛˊ ㄌㄧㄣˊ
齊克果,1,ㄑㄧˊ ㄎㄜˋ ㄍㄨㄛˇ
齊墩果,1,ㄑㄧˊ ㄉㄨㄣ ㄍㄨㄛˇ
齊威王,1,ㄑㄧˊ ㄨㄟ ㄨㄤˊ
齊梁體,1,ㄑㄧˊ ㄌㄧㄤˊ ㄊㄧˇ
齊物論,1,ㄑㄧˊ ㄨˋ ㄌㄨㄣˋ
齊白石,1,ㄑㄧˊ ㄅㄞˊ ㄕˊ
齊臻臻,1,ㄑㄧˊ ㄓㄣ ㄓㄣ
齊鐵恨,1,ㄑㄧˊ ㄊㄧㄝˇ ㄏㄣˋ
齊齒呼,1,ㄑㄧˊ ㄔˇ ㄏㄨ
齋襯錢,1,ㄓㄞ ㄔㄣˋ ㄑㄧㄢˊ
齎盜糧,1,ㄐㄧ ㄉㄠˋ ㄌㄧㄤˊ
齒髓腔,1,ㄔˇ ㄙㄨㄟˇ ㄑㄧㄤ
齧臂盟,1,ㄋㄧㄝˋ ㄅㄧˋ ㄇㄥˊ
齲齒笑,1,ㄑㄩˇ ㄔˇ ㄒㄧㄠˋ
龍吐珠,1,ㄌㄨㄥˊ ㄊㄨˇ ㄓㄨ
龍套衣,1,ㄌㄨㄥˊ ㄊㄠˋ ㄧ
龍尾硯,1,ㄌㄨㄥˊ ㄨㄟˇ ㄧㄢˋ
龍尾車,1,ㄌㄨㄥˊ ㄨㄟˇ ㄔㄜ
龍尾道,1,ㄌㄨㄥˊ ㄨㄟˇ ㄉㄠˋ
龍山鎮,1,ㄌㄨㄥˊ ㄕㄢ ㄓㄣˋ
龍戲珠,1,ㄌㄨㄥˊ ㄒㄧˋ ㄓㄨ
龍抬頭,1,ㄌㄨㄥˊ ㄊㄞˊ ㄊㄡˊ
龍歌節,1,ㄌㄨㄥˊ ㄍㄜ ㄐㄧㄝˊ
龍泉窯,1,ㄌㄨㄥˊ ㄑㄩㄢˊ ㄧㄠˊ
龍溪縣,1,ㄌㄨㄥˊ ㄒㄧ ㄒㄧㄢˋ
龍燈舞,1,ㄌㄨㄥˊ ㄉㄥ ㄨˇ
龍爪書,1,ㄌㄨㄥˊ ㄓㄠˇ ㄕㄨ
龍爪槐,1,ㄌㄨㄥˊ ㄓㄠˇ ㄏㄨㄞˊ
龍牙草,1,ㄌㄨㄥˊ ㄧㄚˊ ㄘㄠˇ
龍生日,1,ㄌㄨㄥˊ ㄕㄥ ㄖˋ
龍腦樹,1,ㄌㄨㄥˊ ㄋㄠˇ ㄕㄨˋ
龍膽紫,1,ㄌㄨㄥˊ ㄉㄢˇ ㄗˇ
龍舌草,1,ㄌㄨㄥˊ ㄕㄜˊ ㄘㄠˇ
龍舟歌,1,ㄌㄨㄥˊ ㄓㄡ ㄍㄜ
龍船花,1,ㄌㄨㄥˊ ㄔㄨㄢˊ ㄏㄨㄚ
龍芝茶,1,ㄌㄨㄥˊ ㄓ ㄔㄚˊ
龍華會,1,ㄌㄨㄥˊ ㄏㄨㄚˊ ㄏㄨㄟˋ
龍華民,1,ㄌㄨㄥˊ ㄏㄨㄚˊ ㄇㄧㄣˊ
龍落子,1,ㄌㄨㄥˊ ㄌㄨㄛˋ ㄗ˙
龍虎山,1,ㄌㄨㄥˊ ㄏㄨˇ ㄕㄢ
龍虎榜,1,ㄌㄨㄥˊ ㄏㄨˇ ㄅㄤˇ
龍蛇字,1,ㄌㄨㄥˊ ㄕㄜˊ ㄗˋ
龍蛇陣,1,ㄌㄨㄥˊ ㄕㄜˊ ㄓㄣˋ
龍血樹,1,ㄌㄨㄥˊ ㄒㄩㄝˋ ㄕㄨˋ
龍門吊,1,ㄌㄨㄥˊ ㄇㄣˊ ㄉㄧㄠˋ
龍門山,1,ㄌㄨㄥˊ ㄇㄣˊ ㄕㄢ
龍頭鍘,1,ㄌㄨㄥˊ ㄊㄡˊ ㄓㄚˊ
龍骨木,1,ㄌㄨㄥˊ ㄍㄨˇ ㄇㄨˋ
龍鬚友,1,ㄌㄨㄥˊ ㄒㄩ ㄧㄡˇ
龍鱗裝,1,ㄌㄨㄥˊ ㄌㄧㄣˊ ㄓㄨㄤ
龍鳳帖,1,ㄌㄨㄥˊ ㄈㄥˋ ㄊㄧㄝˇ
龍鳳輦,1,ㄌㄨㄥˊ ㄈㄥˋ ㄋㄧㄢˇ
龐安時,1,ㄆㄤˊ ㄢ ㄕˊ
龐德公,1,ㄆㄤˊ ㄉㄜˊ ㄍㄨㄥ
龜兒子,1,ㄍㄨㄟ ㄦˊ ㄗ˙
龜背芋,1,ㄍㄨㄟ ㄅㄟˋ ㄩˋ
龜苓膏,1,ㄍㄨㄟ ㄌㄧㄥˊ ㄍㄠ
龜鱉目,1,ㄍㄨㄟ ㄅㄧㄝ ㄇㄨˋ
一丁不識,1,ㄧ ㄉㄧㄥ ㄅㄨˋ ㄕˋ
一不小心,1,ㄧ ㄅㄨ˙ ㄒㄧㄠˇ ㄒㄧㄣ
一不扭眾,1,ㄧ ㄅㄨˋ ㄋㄧㄡˇ ㄓㄨㄥˋ
一不拗眾,1,ㄧ ㄅㄨˋ ㄋㄧㄡˋ ㄓㄨㄥˋ
一世之雄,1,ㄧ ㄕˋ ㄓ ㄒㄩㄥˊ
一丘一壑,1,ㄧ ㄑㄧㄡ ㄧ ㄏㄨㄛˋ
一串驪珠,1,ㄧ ㄔㄨㄢˋ ㄌㄧˊ ㄓㄨ
一之為甚,1,ㄧ ㄓ ㄨㄟˊ ㄕㄣˋ
一之謂甚,1,ㄧ ㄓ ㄨㄟˋ ㄕㄣˋ
一了心願,1,ㄧ ㄌㄧㄠˇ ㄒㄧㄣ ㄩㄢˋ
一人之交,1,ㄧ ㄖㄣˊ ㄓ ㄐㄧㄠ
一仍舊貫,1,ㄧ ㄖㄥˊ ㄐㄧㄡˋ ㄍㄨㄢˋ
一代宗匠,1,ㄧ ㄉㄞˋ ㄗㄨㄥ ㄐㄧㄤˋ
一代宗臣,1,ㄧ ㄉㄞˋ ㄗㄨㄥ ㄔㄣˊ
一代楷模,1,ㄧ ㄉㄞˋ ㄎㄞˇ ㄇㄛˊ
一代風流,1,ㄧ ㄉㄞˋ ㄈㄥ ㄌㄧㄡˊ
一代鼎臣,1,ㄧ ㄉㄞˋ ㄉㄧㄥˇ ㄔㄣˊ
一以當十,1,ㄧ ㄧˇ ㄉㄤ ㄕˊ
一來二去,1,ㄧ ㄌㄞˊ ㄦˋ ㄑㄩˋ
一依舊式,1,ㄧ ㄧ ㄐㄧㄡˋ ㄕˋ
一偏之見,1,ㄧ ㄆㄧㄢ ㄓ ㄐㄧㄢˋ
一傅眾咻,1,ㄧ ㄈㄨˋ ㄓㄨㄥˋ ㄒㄧㄡ
一償宿願,1,ㄧ ㄔㄤˊ ㄙㄨˋ ㄩㄢˋ
一元大武,1,ㄧ ㄩㄢˊ ㄉㄚˋ ㄨˇ
一刀一割,1,ㄧ ㄉㄠ ㄧ ㄍㄜ
一刀兩段,1,ㄧ ㄉㄠ ㄌㄧㄤˇ ㄉㄨㄢˋ
一分一毫,1,ㄧ ㄈㄣ ㄧ ㄏㄠˊ
一切現成,1,ㄧ ㄑㄧㄝˋ ㄒㄧㄢˋ ㄔㄥˊ
一切眾生,1,ㄧ ㄑㄧㄝˋ ㄓㄨㄥˋ ㄕㄥ
一力承當,1,ㄧ ㄌㄧˋ ㄔㄥˊ ㄉㄤ
一勇之夫,1,ㄧ ㄩㄥˇ ㄓ ㄈㄨ
一勞久逸,1,ㄧ ㄌㄠˊ ㄐㄧㄡˇ ㄧˋ
一匡天下,1,ㄧ ㄎㄨㄤ ㄊㄧㄢ ㄒㄧㄚˋ
一口兩匙,1,ㄧ ㄎㄡˇ ㄌㄧㄤˇ ㄔˊ
一口咬死,1,ㄧ ㄎㄡˇ ㄧㄠˇ ㄙˇ
一名半職,1,ㄧ ㄇㄧㄥˊ ㄅㄢˋ ㄓˊ
一吹一唱,1,ㄧ ㄔㄨㄟ ㄧ ㄔㄤˋ
一呼再諾,1,ㄧ ㄏㄨ ㄗㄞˋ ㄋㄨㄛˋ
一哄而起,1,ㄧ ㄏㄨㄥ ㄦˊ ㄑㄧˇ
一哄而集,1,ㄧ ㄏㄨㄥ ㄦˊ ㄐㄧˊ
一唱三歎,1,ㄧ ㄔㄤˋ ㄙㄢ ㄊㄢˋ
一唱百和,1,ㄧ ㄔㄤˋ ㄅㄞˇ ㄏㄜˋ
一喫一添,1,ㄧ ㄔ ㄧ ㄊㄧㄢ
一國三公,1,ㄧ ㄍㄨㄛˊ ㄙㄢ ㄍㄨㄥ
一團漆黑,1,ㄧ ㄊㄨㄢˊ ㄑㄧ ㄏㄟ
一地胡拿,1,ㄧ ㄉㄧˋ ㄏㄨˊ ㄋㄚˊ
一場春夢,1,ㄧ ㄔㄤˊ ㄔㄨㄣ ㄇㄥˋ
一壺千金,1,ㄧ ㄏㄨˊ ㄑㄧㄢ ㄐㄧㄣ
一夜無眠,1,ㄧ ㄧㄝˋ ㄨˊ ㄇㄧㄢˊ
一大三大,1,ㄧ ㄉㄚˋ ㄙㄢ ㄉㄚˋ
一大二小,1,ㄧ ㄉㄚˋ ㄦˋ ㄒㄧㄠˇ
一大郎當,1,ㄧ ㄉㄚˋ ㄌㄤˊ ㄉㄤ
一天星斗,1,ㄧ ㄊㄧㄢ ㄒㄧㄥ ㄉㄡˇ
一孔出氣,1,ㄧ ㄎㄨㄥˇ ㄔㄨ ㄑㄧˋ
一字一板,1,ㄧ ㄗˋ ㄧ ㄅㄢˇ
一字一淚,1,ㄧ ㄗˋ ㄧ ㄌㄟˋ
一字一珠,1,ㄧ ㄗˋ ㄧ ㄓㄨ
一字不忘,1,ㄧ ㄗˋ ㄅㄨˋ ㄨㄤˋ
一字不提,1,ㄧ ㄗˋ ㄅㄨˋ ㄊㄧˊ
一字不苟,1,ㄧ ㄗˋ ㄅㄨˋ ㄍㄡˇ
一字不識,1,ㄧ ㄗˋ ㄅㄨˋ ㄕˋ
一字半句,1,ㄧ ㄗˋ ㄅㄢˋ ㄐㄩˋ
一字褒貶,1,ㄧ ㄗˋ ㄅㄠ ㄅㄧㄢˇ
一定不易,1,ㄧ ㄉㄧㄥˋ ㄅㄨˋ ㄧˋ
一定不移,1,ㄧ ㄉㄧㄥˋ ㄅㄨˋ ㄧˊ
一家一計,1,ㄧ ㄐㄧㄚ ㄧ ㄐㄧˋ
一家之學,1,ㄧ ㄐㄧㄚ ㄓ ㄒㄩㄝˊ
一家之言,1,ㄧ ㄐㄧㄚ ㄓ ㄧㄢˊ
一家之說,1,ㄧ ㄐㄧㄚ ㄓ ㄕㄨㄛ
一家之論,1,ㄧ ㄐㄧㄚ ㄓ ㄌㄨㄣˋ
一家眷屬,1,ㄧ ㄐㄧㄚ ㄐㄩㄢˋ ㄕㄨˇ
一家老小,1,ㄧ ㄐㄧㄚ ㄌㄠˇ ㄒㄧㄠˇ
一寒如此,1,ㄧ ㄏㄢˊ ㄖㄨˊ ㄘˇ
一寸丹心,1,ㄧ ㄘㄨㄣˋ ㄉㄢ ㄒㄧㄣ
一寸秋波,1,ㄧ ㄘㄨㄣˋ ㄑㄧㄡ ㄅㄛ
一寸赤心,1,ㄧ ㄘㄨㄣˋ ㄔˋ ㄒㄧㄣ
一差二誤,1,ㄧ ㄔㄚ ㄦˋ ㄨˋ
一差二錯,1,ㄧ ㄔㄚ ㄦˋ ㄘㄨㄛˋ
一差半錯,1,ㄧ ㄔㄚ ㄅㄢˋ ㄘㄨㄛˋ
一床一臥,1,ㄧ ㄔㄨㄤˊ ㄧ ㄨㄛˋ
一床三放,1,ㄧ ㄔㄨㄤˊ ㄙㄢ ㄈㄤˋ
一床兩好,1,ㄧ ㄔㄨㄤˊ ㄌㄧㄤˇ ㄏㄠˇ
一座皆驚,1,ㄧ ㄗㄨㄛˋ ㄐㄧㄝ ㄐㄧㄥ
一廉如水,1,ㄧ ㄌㄧㄢˊ ㄖㄨˊ ㄕㄨㄟˇ
一弛一張,1,ㄧ ㄕˇ ㄧ ㄓㄤ
一張一弛,1,ㄧ ㄓㄤ ㄧ ㄕˇ
一往無前,1,ㄧ ㄨㄤˇ ㄨˊ ㄑㄧㄢˊ
一得之功,1,ㄧ ㄉㄜˊ ㄓ ㄍㄨㄥ
一得之愚,1,ㄧ ㄉㄜˊ ㄓ ㄩˊ
一得之見,1,ㄧ ㄉㄜˊ ㄓ ㄐㄧㄢˋ
一心一德,1,ㄧ ㄒㄧㄣ ㄧ ㄉㄜˊ
一心一計,1,ㄧ ㄒㄧㄣ ㄧ ㄐㄧˋ
一心三觀,1,ㄧ ㄒㄧㄣ ㄙㄢ ㄍㄨㄢ
一心無二,1,ㄧ ㄒㄧㄣ ㄨˊ ㄦˋ
一念之錯,1,ㄧ ㄋㄧㄢˋ ㄓ ㄘㄨㄛˋ
一念堅貞,1,ㄧ ㄋㄧㄢˋ ㄐㄧㄢ ㄓㄣ
一息奄奄,1,ㄧ ㄒㄧˊ ㄧㄢ ㄧㄢ
一應俱全,1,ㄧ ㄧㄥ ㄐㄩˋ ㄑㄩㄢˊ
一成一旅,1,ㄧ ㄔㄥˊ ㄧ ㄌㄩˇ
一成不易,1,ㄧ ㄔㄥˊ ㄅㄨˋ ㄧˋ
一成不變,1,ㄧ ㄔㄥˊ ㄅㄨˋ ㄅㄧㄢˋ
一戰而霸,1,ㄧ ㄓㄢˋ ㄦˊ ㄅㄚˋ
一房一臥,1,ㄧ ㄈㄤˊ ㄧ ㄨㄛˋ
一手一足,1,ㄧ ㄕㄡˇ ㄧ ㄗㄨˊ
一手包攬,1,ㄧ ㄕㄡˇ ㄅㄠ ㄌㄢˇ
一手承運,1,ㄧ ㄕㄡˇ ㄔㄥˊ ㄩㄣˋ
一技在身,1,ㄧ ㄐㄧˋ ㄗㄞˋ ㄕㄣ
一折一磨,1,ㄧ ㄓㄜˊ ㄧ ㄇㄛˊ
一折八扣,1,ㄧ ㄓㄜˊ ㄅㄚ ㄎㄡˋ
一拐一拐,1,ㄧ ㄍㄨㄞˇ ㄧ ㄍㄨㄞˇ
一拳柱定,1,ㄧ ㄑㄩㄢˊ ㄓㄨˋ ㄉㄧㄥˋ
一探究竟,1,ㄧ ㄊㄢˋ ㄐㄧㄡˋ ㄐㄧㄥˋ
一揮而成,1,ㄧ ㄏㄨㄟ ㄦˊ ㄔㄥˊ
一搖一擺,1,ㄧ ㄧㄠˊ ㄧ ㄅㄞˇ
一搖三擺,1,ㄧ ㄧㄠˊ ㄙㄢ ㄅㄞˇ
一搖三晃,1,ㄧ ㄧㄠˊ ㄙㄢ ㄏㄨㄤˋ
一搭一唱,1,ㄧ ㄉㄚ ㄧ ㄔㄤˋ
一搭兩用,1,ㄧ ㄉㄚ ㄌㄧㄤˇ ㄩㄥˋ
一擁而進,1,ㄧ ㄩㄥˇ ㄦˊ ㄐㄧㄣˋ
一擲百萬,1,ㄧ ㄓˊ ㄅㄞˇ ㄨㄢˋ
一攬包收,1,ㄧ ㄌㄢˇ ㄅㄠ ㄕㄡ
一文如命,1,ㄧ ㄨㄣˊ ㄖㄨˊ ㄇㄧㄥˋ
一斛涼州,1,ㄧ ㄏㄨˊ ㄌㄧㄤˊ ㄓㄡ
一日之長,1,ㄧ ㄖˋ ㄓ ㄓㄤˇ
一日之長,1,ㄧ ㄖˋ ㄓ ㄔㄤˊ
一日萬機,1,ㄧ ㄖˋ ㄨㄢˋ ㄐㄧ
一早起了,1,ㄧ ㄗㄠˇ ㄑㄧˇ ㄌㄜ˙
一時之急,1,ㄧ ㄕˊ ㄓ ㄐㄧˊ
一時之秀,1,ㄧ ㄕˊ ㄓ ㄒㄧㄡˋ
一時半霎,1,ㄧ ㄕˊ ㄅㄢˋ ㄕㄚˋ
一曲千金,1,ㄧ ㄑㄩˇ ㄑㄧㄢ ㄐㄧㄣ
一曲陽關,1,ㄧ ㄑㄩˇ ㄧㄤˊ ㄍㄨㄢ
一替一句,1,ㄧ ㄊㄧˋ ㄧ ㄐㄩˋ
一板三眼,1,ㄧ ㄅㄢˇ ㄙㄢ ㄧㄢˇ
一枕黃粱,1,ㄧ ㄓㄣˇ ㄏㄨㄤˊ ㄌㄧㄤˊ
一條腸子,1,ㄧ ㄊㄧㄠˊ ㄔㄤˊ ㄗ˙
一概抹殺,1,ㄧ ㄍㄞˋ ㄇㄛˇ ㄕㄚ
一概而言,1,ㄧ ㄍㄞˋ ㄦˊ ㄧㄢˊ
一樹百穫,1,ㄧ ㄕㄨˋ ㄅㄛˊ ㄏㄨㄛˋ
一次全倒,1,ㄧ ㄘˋ ㄑㄩㄢˊ ㄉㄠˇ
一次能源,1,ㄧ ㄘˋ ㄋㄥˊ ㄩㄢˊ
一步一攧,1,ㄧ ㄅㄨˋ ㄧ ㄉㄧㄢ
一步一趨,1,ㄧ ㄅㄨˋ ㄧ ㄑㄩ
一步一踱,1,ㄧ ㄅㄨˋ ㄧ ㄉㄨㄛˋ
一步一鬼,1,ㄧ ㄅㄨˋ ㄧ ㄍㄨㄟˇ
一歲三遷,1,ㄧ ㄙㄨㄟˋ ㄙㄢ ㄑㄧㄢ
一歲九遷,1,ㄧ ㄙㄨㄟˋ ㄐㄧㄡˇ ㄑㄧㄢ
一死一生,1,ㄧ ㄙˇ ㄧ ㄕㄥ
一決高下,1,ㄧ ㄐㄩㄝˊ ㄍㄠ ㄒㄧㄚˋ
一沖性子,1,ㄧ ㄔㄨㄥ ㄒㄧㄥˋ ㄗ˙
一沖性子,1,ㄧ ㄔㄨㄥˋ ㄒㄧㄥˋ ㄗ˙
一混湯子,1,ㄧ ㄏㄨㄣˋ ㄊㄤ ㄗ˙
一溜歪斜,1,ㄧ ㄌㄧㄡˋ ㄨㄞ ㄒㄧㄝˊ
一滴無存,1,ㄧ ㄉㄧ ㄨˊ ㄘㄨㄣˊ
一漿十餅,1,ㄧ ㄐㄧㄤ ㄕˊ ㄅㄧㄥˇ
一潭死水,1,ㄧ ㄊㄢˊ ㄙˇ ㄕㄨㄟˇ
一無下落,1,ㄧ ㄨˊ ㄒㄧㄚˋ ㄌㄨㄛˋ
一無所好,1,ㄧ ㄨˊ ㄙㄨㄛˇ ㄏㄠˋ
一無所成,1,ㄧ ㄨˊ ㄙㄨㄛˇ ㄔㄥˊ
一無所求,1,ㄧ ㄨˊ ㄙㄨㄛˇ ㄑㄧㄡˊ
一片婆心,1,ㄧ ㄆㄧㄢˋ ㄆㄛˊ ㄒㄧㄣ
一片宮商,1,ㄧ ㄆㄧㄢˋ ㄍㄨㄥ ㄕㄤ
一片散沙,1,ㄧ ㄆㄧㄢˋ ㄙㄢˇ ㄕㄚ
一片真心,1,ㄧ ㄆㄧㄢˋ ㄓㄣ ㄒㄧㄣ
一片至誠,1,ㄧ ㄆㄧㄢˋ ㄓˋ ㄔㄥˊ
一片赤心,1,ㄧ ㄆㄧㄢˋ ㄔˋ ㄒㄧㄣ
一牛吼地,1,ㄧ ㄋㄧㄡˊ ㄏㄡˇ ㄉㄧˋ
一物一主,1,ㄧ ㄨˋ ㄧ ㄓㄨˇ
一物一制,1,ㄧ ㄨˋ ㄧ ㄓˋ
一物不知,1,ㄧ ㄨˋ ㄅㄨˋ ㄓ
一班一輩,1,ㄧ ㄅㄢ ㄧ ㄅㄟˋ
一班半點,1,ㄧ ㄅㄢ ㄅㄢˋ ㄉㄧㄢˇ
一琴一鶴,1,ㄧ ㄑㄧㄣˊ ㄧ ㄏㄜˋ
一瓜一蒂,1,ㄧ ㄍㄨㄚ ㄧ ㄉㄧˋ
一瓣心香,1,ㄧ ㄅㄢˋ ㄒㄧㄣ ㄒㄧㄤ
一畝之宮,1,ㄧ ㄇㄨˇ ㄓ ㄍㄨㄥ
一番口舌,1,ㄧ ㄈㄢ ㄎㄡˇ ㄕㄜˊ
一瘸一簸,1,ㄧ ㄑㄩㄝˊ ㄧ ㄅㄛˇ
一盆漿糊,1,ㄧ ㄆㄣˊ ㄐㄧㄤ ㄏㄨˊ
一盞茶時,1,ㄧ ㄓㄢˇ ㄔㄚˊ ㄕˊ
一眼看破,1,ㄧ ㄧㄢˇ ㄎㄢˋ ㄆㄛˋ
一瞑不視,1,ㄧ ㄇㄧㄥˊ ㄅㄨˋ ㄕˋ
一矢之地,1,ㄧ ㄕˇ ㄓ ㄉㄧˋ
一碧萬頃,1,ㄧ ㄅㄧˋ ㄨㄢˋ ㄑㄧㄥˇ
一祖三宗,1,ㄧ ㄗㄨˇ ㄙㄢ ㄗㄨㄥ
一票難求,1,ㄧ ㄆㄧㄠˋ ㄋㄢˊ ㄑㄧㄡˊ
一禾九穗,1,ㄧ ㄏㄜˊ ㄐㄧㄡˇ ㄙㄨㄟˋ
一秉至公,1,ㄧ ㄅㄧㄥˇ ㄓˋ ㄍㄨㄥ
一穗三秀,1,ㄧ ㄙㄨㄟˋ ㄙㄢ ㄒㄧㄡˋ
一窩一塊,1,ㄧ ㄨㄛ ㄧ ㄎㄨㄞˋ
一窩一拖,1,ㄧ ㄨㄛ ㄧ ㄊㄨㄛ
一窺堂奧,1,ㄧ ㄎㄨㄟ ㄊㄤˊ ㄠˋ
一笑千金,1,ㄧ ㄒㄧㄠˋ ㄑㄧㄢ ㄐㄧㄣ
一筆一畫,1,ㄧ ㄅㄧˇ ㄧ ㄏㄨㄚˋ
一筆勾斷,1,ㄧ ㄅㄧˇ ㄍㄡ ㄉㄨㄢˋ
一筆勾消,1,ㄧ ㄅㄧˇ ㄍㄡ ㄒㄧㄠ
一筆抹倒,1,ㄧ ㄅㄧˇ ㄇㄛˇ ㄉㄠˇ
一筆抹殺,1,ㄧ ㄅㄧˇ ㄇㄛˇ ㄕㄚ
一筆抹煞,1,ㄧ ㄅㄧˇ ㄇㄛˇ ㄕㄚ
一答一合,1,ㄧ ㄉㄚˊ ㄧ ㄏㄜˊ
一箭上垛,1,ㄧ ㄐㄧㄢˋ ㄕㄤˋ ㄉㄨㄛˇ
一箭之地,1,ㄧ ㄐㄧㄢˋ ㄓ ㄉㄧˋ
一簞一瓢,1,ㄧ ㄉㄢ ㄧ ㄆㄧㄠˊ
一紅二白,1,ㄧ ㄏㄨㄥˊ ㄦˋ ㄅㄞˊ
一級傳播,1,ㄧ ㄐㄧˊ ㄔㄨㄢˊ ㄅㄛˋ
一索得男,1,ㄧ ㄙㄨㄛˇ ㄉㄜˊ ㄋㄢˊ
一索成男,1,ㄧ ㄙㄨㄛˇ ㄔㄥˊ ㄋㄢˊ
一絲不掛,1,ㄧ ㄙ ㄅㄨˋ ㄍㄨㄚˋ
一絲兩氣,1,ㄧ ㄙ ㄌㄧㄤˇ ㄑㄧˋ
一絲兩縷,1,ㄧ ㄙ ㄌㄧㄤˇ ㄌㄩˇ
一絲半氣,1,ㄧ ㄙ ㄅㄢˋ ㄑㄧˋ
一絲半粟,1,ㄧ ㄙ ㄅㄢˋ ㄙㄨˋ
一絲半絲,1,ㄧ ㄙ ㄅㄢˋ ㄙ
一經之訓,1,ㄧ ㄐㄧㄥ ㄓ ㄒㄩㄣˋ
一網成擒,1,ㄧ ㄨㄤˇ ㄔㄥˊ ㄑㄧㄣˊ
一線曙光,1,ㄧ ㄒㄧㄢˋ ㄕㄨˋ ㄍㄨㄤ
一緣一會,1,ㄧ ㄩㄢˊ ㄧ ㄏㄨㄟˋ
一聚枯骨,1,ㄧ ㄐㄩˋ ㄎㄨ ㄍㄨˇ
一脈相通,1,ㄧ ㄇㄞˋ ㄒㄧㄤ ㄊㄨㄥ
一脈相連,1,ㄧ ㄇㄞˋ ㄒㄧㄤ ㄌㄧㄢˊ
一腦門子,1,ㄧ ㄋㄠˇ ㄇㄣˊ ㄗ˙
一至於此,1,ㄧ ㄓˋ ㄩˊ ㄘˇ
一舉兩便,1,ㄧ ㄐㄩˇ ㄌㄧㄤˇ ㄅㄧㄢˋ
一舉兩用,1,ㄧ ㄐㄩˇ ㄌㄧㄤˇ ㄩㄥˋ
一舉千里,1,ㄧ ㄐㄩˇ ㄑㄧㄢ ㄌㄧˇ
一舉揚名,1,ㄧ ㄐㄩˇ ㄧㄤˊ ㄇㄧㄥˊ
一般無二,1,ㄧ ㄅㄢ ㄨˊ ㄦˋ
一色一樣,1,ㄧ ㄙㄜˋ ㄧ ㄧㄤˋ
一薰一蕕,1,ㄧ ㄒㄩㄣ ㄧ ㄧㄡˊ
一蛇二首,1,ㄧ ㄕㄜˊ ㄦˋ ㄕㄡˇ
一行作吏,1,ㄧ ㄒㄧㄥˊ ㄗㄨㄛˋ ㄌㄧˋ
一街兩巷,1,ㄧ ㄐㄧㄝ ㄌㄧㄤˇ ㄒㄧㄤˋ
一衝一撞,1,ㄧ ㄔㄨㄥ ㄧ ㄓㄨㄤˋ
一衣帶水,1,ㄧ ㄧ ㄉㄞˋ ㄕㄨㄟˇ
一表人物,1,ㄧ ㄅㄧㄠˇ ㄖㄣˊ ㄨˋ
一表非俗,1,ㄧ ㄅㄧㄠˇ ㄈㄟ ㄙㄨˊ
一表非凡,1,ㄧ ㄅㄧㄠˇ ㄈㄟ ㄈㄢˊ
一見如舊,1,ㄧ ㄐㄧㄢˋ ㄖㄨˊ ㄐㄧㄡˋ
一觴一詠,1,ㄧ ㄕㄤ ㄧ ㄩㄥˇ
一觸即潰,1,ㄧ ㄔㄨˋ ㄐㄧˊ ㄎㄨㄟˋ
一言一動,1,ㄧ ㄧㄢˊ ㄧ ㄉㄨㄥˋ
一言兩語,1,ㄧ ㄧㄢˊ ㄌㄧㄤˇ ㄩˇ
一言千金,1,ㄧ ㄧㄢˊ ㄑㄧㄢ ㄐㄧㄣ
一言半句,1,ㄧ ㄧㄢˊ ㄅㄢˋ ㄐㄩˋ
一言半字,1,ㄧ ㄧㄢˊ ㄅㄢˋ ㄗˋ
一言半辭,1,ㄧ ㄧㄢˊ ㄅㄢˋ ㄘˊ
一言定交,1,ㄧ ㄧㄢˊ ㄉㄧㄥˋ ㄐㄧㄠ
一言而定,1,ㄧ ㄧㄢˊ ㄦˊ ㄉㄧㄥˋ
一言蔽之,1,ㄧ ㄧㄢˊ ㄅㄧˋ ㄓ
一言訂交,1,ㄧ ㄧㄢˊ ㄉㄧㄥˋ ㄐㄧㄠ
一言難罄,1,ㄧ ㄧㄢˊ ㄋㄢˊ ㄑㄧㄥˋ
一詠一觴,1,ㄧ ㄩㄥˇ ㄧ ㄕㄤ
一語中人,1,ㄧ ㄩˇ ㄓㄨㄥˋ ㄖㄣˊ
一謙四益,1,ㄧ ㄑㄧㄢ ㄙˋ ㄧˋ
一貌堂堂,1,ㄧ ㄇㄠˋ ㄊㄤˊ ㄊㄤˊ
一貫原理,1,ㄧ ㄍㄨㄢˋ ㄩㄢˊ ㄌㄧˇ
一路領先,1,ㄧ ㄌㄨˋ ㄌㄧㄥˇ ㄒㄧㄢ
一跳八丈,1,ㄧ ㄊㄧㄠˋ ㄅㄚ ㄓㄤˋ
一蹴而就,1,ㄧ ㄘㄨˋ ㄦˊ ㄐㄧㄡˋ
一蹴而得,1,ㄧ ㄘㄨˋ ㄦˊ ㄉㄜˊ
一蹶不振,1,ㄧ ㄐㄩㄝˊ ㄅㄨˋ ㄓㄣˋ
一躍而起,1,ㄧ ㄩㄝˋ ㄦˊ ㄑㄧˇ
一身一口,1,ㄧ ㄕㄣ ㄧ ㄎㄡˇ
一身二任,1,ㄧ ㄕㄣ ㄦˋ ㄖㄣˋ
一軌同風,1,ㄧ ㄍㄨㄟˇ ㄊㄨㄥˊ ㄈㄥ
一較長短,1,ㄧ ㄐㄧㄠˋ ㄔㄤˊ ㄉㄨㄢˇ
一迭連聲,1,ㄧ ㄉㄧㄝˊ ㄌㄧㄢˊ ㄕㄥ
一還一報,1,ㄧ ㄏㄨㄢˊ ㄧ ㄅㄠˋ
一酬一酢,1,ㄧ ㄔㄡˊ ㄧ ㄗㄨㄛˋ
一釐一毫,1,ㄧ ㄌㄧˊ ㄧ ㄏㄠˊ
一錢不名,1,ㄧ ㄑㄧㄢˊ ㄅㄨˋ ㄇㄧㄥˊ
一錢太守,1,ㄧ ㄑㄧㄢˊ ㄊㄞˋ ㄕㄡˇ
一錢如命,1,ㄧ ㄑㄧㄢˊ ㄖㄨˊ ㄇㄧㄥˋ
一長二短,1,ㄧ ㄔㄤˊ ㄦˋ ㄉㄨㄢˇ
一長兩短,1,ㄧ ㄔㄤˊ ㄌㄧㄤˇ ㄉㄨㄢˇ
一隅三反,1,ㄧ ㄩˊ ㄙㄢ ㄈㄢˇ
一隅之地,1,ㄧ ㄩˊ ㄓ ㄉㄧˋ
一隅之見,1,ㄧ ㄩˊ ㄓ ㄐㄧㄢˋ
一階半級,1,ㄧ ㄐㄧㄝ ㄅㄢˋ ㄐㄧˊ
一階半職,1,ㄧ ㄐㄧㄝ ㄅㄢˋ ㄓˊ
一雙兩好,1,ㄧ ㄕㄨㄤ ㄌㄧㄤˇ ㄏㄠˇ
一雞三吃,1,ㄧ ㄐㄧ ㄙㄢ ㄔ
一面之識,1,ㄧ ㄇㄧㄢˋ ㄓ ㄕˋ
一面如舊,1,ㄧ ㄇㄧㄢˋ ㄖㄨˊ ㄐㄧㄡˋ
一鞍一馬,1,ㄧ ㄢ ㄧ ㄇㄚˇ
一顧傾人,1,ㄧ ㄍㄨˋ ㄑㄧㄥ ㄖㄣˊ
一顧傾城,1,ㄧ ㄍㄨˋ ㄑㄧㄥ ㄔㄥˊ
一飛衝天,1,ㄧ ㄈㄟ ㄔㄨㄥ ㄊㄧㄢ
一食萬錢,1,ㄧ ㄕˊ ㄨㄢˋ ㄑㄧㄢˊ
一飯之恩,1,ㄧ ㄈㄢˋ ㄓ ㄣ
一饋十起,1,ㄧ ㄎㄨㄟˋ ㄕˊ ㄑㄧˇ
一馬一鞍,1,ㄧ ㄇㄚˇ ㄧ ㄢ
一馬平川,1,ㄧ ㄇㄚˇ ㄆㄧㄥˊ ㄔㄨㄢ
一體兩面,1,ㄧ ㄊㄧˇ ㄌㄧㄤˇ ㄇㄧㄢˋ
一魚兩吃,1,ㄧ ㄩˊ ㄌㄧㄤˇ ㄔ
一鱗一爪,1,ㄧ ㄌㄧㄣˊ ㄧ ㄓㄨㄚˇ
一鱗半爪,1,ㄧ ㄌㄧㄣˊ ㄅㄢˋ ㄓㄨㄚˇ
一鱗半甲,1,ㄧ ㄌㄧㄣˊ ㄅㄢˋ ㄐㄧㄚˇ
一鱗片甲,1,ㄧ ㄌㄧㄣˊ ㄆㄧㄢˋ ㄐㄧㄚˇ
一點靈犀,1,ㄧ ㄉㄧㄢˇ ㄌㄧㄥˊ ㄒㄧ
一鼓一板,1,ㄧ ㄍㄨˇ ㄧ ㄅㄢˇ
一鼓而下,1,ㄧ ㄍㄨˇ ㄦˊ ㄒㄧㄚˋ
一齊天下,1,ㄧ ㄑㄧˊ ㄊㄧㄢ ㄒㄧㄚˋ
一龍一蛇,1,ㄧ ㄌㄨㄥˊ ㄧ ㄕㄜˊ
一龍一豬,1,ㄧ ㄌㄨㄥˊ ㄧ ㄓㄨ
丁一卯二,1,ㄉㄧㄥ ㄧ ㄇㄠˇ ㄦˋ
丁一確二,1,ㄉㄧㄥ ㄧ ㄑㄩㄝˋ ㄦˋ
丁公被戮,1,ㄉㄧㄥ ㄍㄨㄥ ㄅㄟˋ ㄌㄨˋ
丁嘴鐵舌,1,ㄉㄧㄥ ㄗㄨㄟˇ ㄊㄧㄝˇ ㄕㄜˊ
丁固生松,1,ㄉㄧㄥ ㄍㄨˋ ㄕㄥ ㄙㄨㄥ
丁娘十索,1,ㄉㄧㄥ ㄋㄧㄤˊ ㄕˊ ㄙㄨㄛˇ
丁村遺址,1,ㄉㄧㄥ ㄘㄨㄣ ㄧˊ ㄓˇ
丁等特考,1,ㄉㄧㄥ ㄉㄥˇ ㄊㄜˋ ㄎㄠˇ
七上八落,1,ㄑㄧ ㄕㄤˋ ㄅㄚ ㄌㄨㄛˋ
七了八當,1,ㄑㄧ ㄌㄧㄠˇ ㄅㄚ ㄉㄤˋ
七代先靈,1,ㄑㄧ ㄉㄞˋ ㄒㄧㄢ ㄌㄧㄥˊ
七個八個,1,ㄑㄧ ㄍㄜ˙ ㄅㄚ ㄍㄜ˙
七八下裡,1,ㄑㄧ ㄅㄚ ㄒㄧㄚˋ ㄌㄧˇ
七十二行,1,ㄑㄧ ㄕˊ ㄦˋ ㄏㄤˊ
七嘴八張,1,ㄑㄧ ㄗㄨㄟˇ ㄅㄚ ㄓㄤ
七國之亂,1,ㄑㄧ ㄍㄨㄛˊ ㄓ ㄌㄨㄢˋ
七大八小,1,ㄑㄧ ㄉㄚˋ ㄅㄚ ㄒㄧㄠˇ
七大死罪,1,ㄑㄧ ㄉㄚˋ ㄙˇ ㄗㄨㄟˋ
七張八嘴,1,ㄑㄧ ㄓㄤ ㄅㄚ ㄗㄨㄟˇ
七拉八扯,1,ㄑㄧ ㄌㄚ ㄅㄚ ㄔㄜˇ
七拖八欠,1,ㄑㄧ ㄊㄨㄛ ㄅㄚ ㄑㄧㄢˋ
七損八傷,1,ㄑㄧ ㄙㄨㄣˇ ㄅㄚ ㄕㄤ
七搭八搭,1,ㄑㄧ ㄉㄚ ㄅㄚ ㄉㄚ
七斷八續,1,ㄑㄧ ㄉㄨㄢˋ ㄅㄚ ㄒㄩˋ
七橫八縱,1,ㄑㄧ ㄏㄥˊ ㄅㄚ ㄗㄨㄥ
七歪八倒,1,ㄑㄧ ㄨㄞ ㄅㄚ ㄉㄠˇ
七歪八扭,1,ㄑㄧ ㄨㄞ ㄅㄚ ㄋㄧㄡˇ
七死八活,1,ㄑㄧ ㄙˇ ㄅㄚ ㄏㄨㄛˊ
七留七林,1,ㄑㄧ ㄌㄧㄡˊ ㄑㄧ ㄌㄧㄣˊ
七病八痛,1,ㄑㄧ ㄅㄧㄥˋ ㄅㄚ ㄊㄨㄥˋ
七窩八代,1,ㄑㄧ ㄨㄛ ㄅㄚ ㄉㄞˋ
七老八老,1,ㄑㄧ ㄌㄠˇ ㄅㄚ ㄌㄠˇ
七號公園,1,ㄑㄧ ㄏㄠˋ ㄍㄨㄥ ㄩㄢˊ
七言八語,1,ㄑㄧ ㄧㄢˊ ㄅㄚ ㄩˇ
七貧八富,1,ㄑㄧ ㄆㄧㄣˊ ㄅㄚ ㄈㄨˋ
七跌八撞,1,ㄑㄧ ㄉㄧㄝˊ ㄅㄚ ㄓㄨㄤˋ
七返九還,1,ㄑㄧ ㄈㄢˇ ㄐㄧㄡˇ ㄏㄨㄢˊ
七通八達,1,ㄑㄧ ㄊㄨㄥ ㄅㄚ ㄉㄚˊ
七長八短,1,ㄑㄧ ㄔㄤˊ ㄅㄚ ㄉㄨㄢˇ
七零八散,1,ㄑㄧ ㄌㄧㄥˊ ㄅㄚ ㄙㄢˇ
七青八黃,1,ㄑㄧ ㄑㄧㄥ ㄅㄚ ㄏㄨㄤˊ
七項運動,1,ㄑㄧ ㄒㄧㄤˋ ㄩㄣˋ ㄉㄨㄥˋ
七高八低,1,ㄑㄧ ㄍㄠ ㄅㄚ ㄉㄧ
七魄三魂,1,ㄑㄧ ㄆㄛˋ ㄙㄢ ㄏㄨㄣˊ
丈八燈臺,1,ㄓㄤˋ ㄅㄚ ㄉㄥ ㄊㄞˊ
丈八蛇矛,1,ㄓㄤˋ ㄅㄚ ㄕㄜˊ ㄇㄠˊ
三三五五,1,ㄙㄢ ㄙㄢ ㄨˇ ㄨˇ
三上五落,1,ㄙㄢ ㄕㄤˋ ㄨˇ ㄌㄨㄛˋ
三世因果,1,ㄙㄢ ㄕˋ ㄧㄣ ㄍㄨㄛˇ
三侯之章,1,ㄙㄢ ㄏㄡˊ ㄓ ㄓㄤ
三元及第,1,ㄙㄢ ㄩㄢˊ ㄐㄧˊ ㄉㄧˋ
三元合金,1,ㄙㄢ ㄩㄢˊ ㄏㄜˊ ㄐㄧㄣ
三六九等,1,ㄙㄢ ㄌㄧㄡˋ ㄐㄧㄡˇ ㄉㄥˇ
三冬兩夏,1,ㄙㄢ ㄉㄨㄥ ㄌㄧㄤˇ ㄒㄧㄚˋ
三分鼎立,1,ㄙㄢ ㄈㄣ ㄉㄧㄥˇ ㄌㄧˋ
三分鼎足,1,ㄙㄢ ㄈㄣ ㄉㄧㄥˇ ㄗㄨˊ
三化螟蟲,1,ㄙㄢ ㄏㄨㄚˋ ㄇㄧㄥˊ ㄔㄨㄥˊ
三十三天,1,ㄙㄢ ㄕˊ ㄙㄢ ㄊㄧㄢ
三十六行,1,ㄙㄢ ㄕˊ ㄌㄧㄡˋ ㄏㄤˊ
三十六體,1,ㄙㄢ ㄕˊ ㄌㄧㄡˋ ㄊㄧˇ
三千世界,1,ㄙㄢ ㄑㄧㄢ ㄕˋ ㄐㄧㄝˋ
三千弟子,1,ㄙㄢ ㄑㄧㄢ ㄉㄧˋ ㄗˇ
三千珠履,1,ㄙㄢ ㄑㄧㄢ ㄓㄨ ㄌㄩˇ
三叉神經,1,ㄙㄢ ㄔㄚ ㄕㄣˊ ㄐㄧㄥ
三口兩口,1,ㄙㄢ ㄎㄡˇ ㄌㄧㄤˇ ㄎㄡˇ
三呼萬歲,1,ㄙㄢ ㄏㄨ ㄨㄢˋ ㄙㄨㄟˋ
三回九曲,1,ㄙㄢ ㄏㄨㄟˊ ㄐㄧㄡˇ ㄑㄩ
三回九轉,1,ㄙㄢ ㄏㄨㄟˊ ㄐㄧㄡˇ ㄓㄨㄢˇ
三回五次,1,ㄙㄢ ㄏㄨㄟˊ ㄨˇ ㄘˋ
三回五轉,1,ㄙㄢ ㄏㄨㄟˊ ㄨˇ ㄓㄨㄢˇ
三回兩轉,1,ㄙㄢ ㄏㄨㄟˊ ㄌㄧㄤˇ ㄓㄨㄢˇ
三因佛性,1,ㄙㄢ ㄧㄣ ㄈㄛˊ ㄒㄧㄥˋ
三墳五典,1,ㄙㄢ ㄈㄣˊ ㄨˇ ㄉㄧㄢˇ
三大發明,1,ㄙㄢ ㄉㄚˋ ㄈㄚ ㄇㄧㄥˊ
三好兩怯,1,ㄙㄢ ㄏㄠˇ ㄌㄧㄤˇ ㄑㄧㄝˋ
三好兩歉,1,ㄙㄢ ㄏㄠˇ ㄌㄧㄤˇ ㄑㄧㄢˋ
三好兩歹,1,ㄙㄢ ㄏㄠˇ ㄌㄧㄤˇ ㄉㄞˇ
三娘教子,1,ㄙㄢ ㄋㄧㄤˊ ㄐㄧㄠˋ ㄗˇ
三婆二婦,1,ㄙㄢ ㄆㄛˊ ㄦˋ ㄈㄨˋ
三媒六聘,1,ㄙㄢ ㄇㄟˊ ㄌㄧㄡˋ ㄆㄧㄣˋ
三媒六證,1,ㄙㄢ ㄇㄟˊ ㄌㄧㄡˋ ㄓㄥˋ
三宮六院,1,ㄙㄢ ㄍㄨㄥ ㄌㄧㄡˋ ㄩㄢˋ
三寸之舌,1,ㄙㄢ ㄘㄨㄣˋ ㄓ ㄕㄜˊ
三對六面,1,ㄙㄢ ㄉㄨㄟˋ ㄌㄧㄡˋ ㄇㄧㄢˋ
三差五錯,1,ㄙㄢ ㄔㄚ ㄨˇ ㄘㄨㄛˋ
三差兩錯,1,ㄙㄢ ㄔㄚ ㄌㄧㄤˇ ㄘㄨㄛˋ
三師七證,1,ㄙㄢ ㄕ ㄑㄧ ㄓㄥˋ
三平二滿,1,ㄙㄢ ㄆㄧㄥˊ ㄦˋ ㄇㄢˇ
三年不雨,1,ㄙㄢ ㄋㄧㄢˊ ㄅㄨˋ ㄩˇ
三年之喪,1,ㄙㄢ ㄋㄧㄢˊ ㄓ ㄙㄤ
三影郎中,1,ㄙㄢ ㄧㄥˇ ㄌㄤˊ ㄓㄨㄥ
三復斯言,1,ㄙㄢˋ ㄈㄨˋ ㄙ ㄧㄢˊ
三復白圭,1,ㄙㄢˋ ㄈㄨˋ ㄅㄞˊ ㄍㄨㄟ
三徵七辟,1,ㄙㄢ ㄓㄥ ㄑㄧ ㄅㄧˋ
三性一際,1,ㄙㄢ ㄒㄧㄥˋ ㄧ ㄐㄧˋ
三戰三北,1,ㄙㄢ ㄓㄢˋ ㄙㄢ ㄅㄛˋ
三房四妾,1,ㄙㄢ ㄈㄤˊ ㄙˋ ㄑㄧㄝˋ
三才圖會,1,ㄙㄢ ㄘㄞˊ ㄊㄨˊ ㄏㄨㄟˋ
三推六問,1,ㄙㄢ ㄊㄨㄟ ㄌㄧㄡˋ ㄨㄣˋ
三揖三讓,1,ㄙㄢ ㄧ ㄙㄢ ㄖㄤˋ
三教論衡,1,ㄙㄢ ㄐㄧㄠˋ ㄌㄨㄣˋ ㄏㄥˊ
三敲六問,1,ㄙㄢ ㄑㄧㄠ ㄌㄧㄡˋ ㄨㄣˋ
三方通話,1,ㄙㄢ ㄈㄤ ㄊㄨㄥ ㄏㄨㄚˋ
三明治人,1,ㄙㄢ ㄇㄧㄥˊ ㄓˋ ㄖㄣˊ
三智五猜,1,ㄙㄢ ㄓˋ ㄨˇ ㄘㄞ
三更四鼓,1,ㄙㄢ ㄍㄥ ㄙˋ ㄍㄨˇ
三曹對案,1,ㄙㄢ ㄘㄠˊ ㄉㄨㄟˋ ㄢˋ
三月三日,1,ㄙㄢ ㄩㄝˋ ㄙㄢ ㄖˋ
三朋四友,1,ㄙㄢ ㄆㄥˊ ㄙˋ ㄧㄡˇ
三朝五日,1,ㄙㄢ ㄓㄠ ㄨˇ ㄖˋ
三梢末尾,1,ㄙㄢ ㄕㄠ ㄇㄛˋ ㄨㄟˇ
三槐九棘,1,ㄙㄢ ㄏㄨㄞˊ ㄐㄧㄡˇ ㄐㄧˊ
三權憲法,1,ㄙㄢ ㄑㄩㄢˊ ㄒㄧㄢˋ ㄈㄚˇ
三步兩步,1,ㄙㄢ ㄅㄨˋ ㄌㄧㄤˇ ㄅㄨˋ
三比西河,1,ㄙㄢ ㄅㄧˇ ㄒㄧ ㄏㄜˊ
三氯乙烯,1,ㄙㄢ ㄌㄩˋ ㄧˇ ㄒㄧ
三氯乙烷,1,ㄙㄢ ㄌㄩˋ ㄧˇ ㄨㄢˊ
三江七澤,1,ㄙㄢ ㄐㄧㄤ ㄑㄧ ㄗㄜˊ
三江五湖,1,ㄙㄢ ㄐㄧㄤ ㄨˇ ㄏㄨˊ
三沐三薰,1,ㄙㄢ ㄇㄨˋ ㄙㄢ ㄒㄩㄣ
三浴三熏,1,ㄙㄢ ㄩˋ ㄙㄢ ㄒㄩㄣ
三清道觀,1,ㄙㄢ ㄑㄧㄥ ㄉㄠˋ ㄍㄨㄢˋ
三湯兩割,1,ㄙㄢ ㄊㄤ ㄌㄧㄤˇ ㄍㄜ
三災八難,1,ㄙㄢ ㄗㄞ ㄅㄚ ㄋㄢˋ
三熏三沐,1,ㄙㄢ ㄒㄩㄣ ㄙㄢ ㄇㄨˋ
三牲五鼎,1,ㄙㄢ ㄕㄥ ㄨˇ ㄉㄧㄥˇ
三班六房,1,ㄙㄢ ㄅㄢ ㄌㄧㄡˋ ㄈㄤˊ
三環五扣,1,ㄙㄢ ㄏㄨㄢˊ ㄨˇ ㄎㄡˋ
三瓦兩舍,1,ㄙㄢ ㄨㄚˇ ㄌㄧㄤˇ ㄕㄜˋ
三瓦四舍,1,ㄙㄢ ㄨㄚˇ ㄙˋ ㄕㄜˋ
三男兩女,1,ㄙㄢ ㄋㄢˊ ㄌㄧㄤˇ ㄋㄩˇ
三男四女,1,ㄙㄢ ㄋㄢˊ ㄙˋ ㄋㄩˇ
三番四復,1,ㄙㄢ ㄈㄢ ㄙˋ ㄈㄨˋ
三病四痛,1,ㄙㄢ ㄅㄧㄥˋ ㄙˋ ㄊㄨㄥˋ
三百千千,1,ㄙㄢ ㄅㄞˇ ㄑㄧㄢ ㄑㄧㄢ
三真六草,1,ㄙㄢ ㄓㄣ ㄌㄧㄡˋ ㄘㄠˇ
三窟狡兔,1,ㄙㄢ ㄎㄨ ㄐㄧㄠˇ ㄊㄨˋ
三窩兩塊,1,ㄙㄢ ㄨㄛ ㄌㄧㄤˇ ㄎㄨㄞˋ
三竿日上,1,ㄙㄢ ㄍㄢ ㄖˋ ㄕㄤˋ
三笑姻緣,1,ㄙㄢ ㄒㄧㄠˋ ㄧㄣ ㄩㄢˊ
三等九格,1,ㄙㄢ ㄉㄥˇ ㄐㄧㄡˇ ㄍㄜˊ
三紙無驢,1,ㄙㄢ ㄓˇ ㄨˊ ㄌㄩˊ
三絕韋編,1,ㄙㄢ ㄐㄩㄝˊ ㄨㄟˊ ㄅㄧㄢ
三維空間,1,ㄙㄢ ㄨㄟˊ ㄎㄨㄥ ㄐㄧㄢ
三綱八目,1,ㄙㄢ ㄍㄤ ㄅㄚ ㄇㄨˋ
三腳兩步,1,ㄙㄢ ㄐㄧㄠˇ ㄌㄧㄤˇ ㄅㄨˋ
三般兩樣,1,ㄙㄢ ㄅㄢ ㄌㄧㄤˇ ㄧㄤˋ
三茶六飯,1,ㄙㄢ ㄔㄚˊ ㄌㄧㄡˋ ㄈㄢˋ
三華聚頂,1,ㄙㄢ ㄏㄨㄚˊ ㄐㄩˋ ㄉㄧㄥˇ
三藏法師,1,ㄙㄢ ㄗㄤˋ ㄈㄚˇ ㄕ
三藩之亂,1,ㄙㄢ ㄈㄢˊ ㄓ ㄌㄨㄢˋ
三街六巷,1,ㄙㄢ ㄐㄧㄝ ㄌㄧㄡˋ ㄒㄧㄤˋ
三街六市,1,ㄙㄢ ㄐㄧㄝ ㄌㄧㄡˋ ㄕˋ
三親六眷,1,ㄙㄢ ㄑㄧㄣ ㄌㄧㄡˋ ㄐㄩㄢˋ
三親四眷,1,ㄙㄢ ㄑㄧㄣ ㄙˋ ㄐㄩㄢˋ
三角套匯,1,ㄙㄢ ㄐㄧㄠˇ ㄊㄠˋ ㄏㄨㄟˋ
三角習題,1,ㄙㄢ ㄐㄧㄠˇ ㄒㄧˊ ㄊㄧˊ
三角貿易,1,ㄙㄢ ㄐㄧㄠˇ ㄇㄠˋ ㄧˋ
三解脫門,1,ㄙㄢ ㄐㄧㄝˇ ㄊㄨㄛ ㄇㄣˊ
三言二拍,1,ㄙㄢ ㄧㄢˊ ㄦˋ ㄆㄞ
三言兩句,1,ㄙㄢ ㄧㄢˊ ㄌㄧㄤˇ ㄐㄩˋ
三豕涉河,1,ㄙㄢ ㄕˇ ㄕㄜˋ ㄏㄜˊ
三豕渡河,1,ㄙㄢ ㄕˇ ㄉㄨˋ ㄏㄜˊ
三貞九烈,1,ㄙㄢ ㄓㄣ ㄐㄧㄡˇ ㄌㄧㄝˋ
三通一平,1,ㄙㄢ ㄊㄨㄥ ㄧ ㄆㄧㄥˊ
三通四流,1,ㄙㄢ ㄊㄨㄥ ㄙˋ ㄌㄧㄡˊ
三郎爺爺,1,ㄙㄢ ㄌㄤˊ ㄧㄝˊ ㄧㄝ˙
三部九候,1,ㄙㄢ ㄅㄨˋ ㄐㄧㄡˇ ㄏㄡˋ
三釁三沐,1,ㄙㄢ ㄒㄧㄣˋ ㄙㄢ ㄇㄨˋ
三釁三浴,1,ㄙㄢ ㄒㄧㄣˋ ㄙㄢ ㄩˋ
三長齋月,1,ㄙㄢ ㄔㄤˊ ㄓㄞ ㄩㄝˋ
三門幹部,1,ㄙㄢ ㄇㄣˊ ㄍㄢˋ ㄅㄨˋ
三閭大夫,1,ㄙㄢ ㄌㄩˊ ㄉㄚˋ ㄈㄨ
三陽交泰,1,ㄙㄢ ㄧㄤˊ ㄐㄧㄠ ㄊㄞˋ
三階佛法,1,ㄙㄢ ㄐㄧㄝ ㄈㄛˊ ㄈㄚˇ
三零四散,1,ㄙㄢ ㄌㄧㄥˊ ㄙˋ ㄙㄢˋ
三頭兩日,1,ㄙㄢ ㄊㄡˊ ㄌㄧㄤˇ ㄖˋ
三頭兩緒,1,ㄙㄢ ㄊㄡˊ ㄌㄧㄤˇ ㄒㄩˋ
三頭兩面,1,ㄙㄢ ㄊㄡˊ ㄌㄧㄤˇ ㄇㄧㄢˋ
三頭對案,1,ㄙㄢ ㄊㄡˊ ㄉㄨㄟˋ ㄢˋ
三頭臂肌,1,ㄙㄢ ㄊㄡˊ ㄅㄧˋ ㄐㄧ
三餐不繼,1,ㄙㄢ ㄘㄢ ㄅㄨˋ ㄐㄧˋ
三馬同槽,1,ㄙㄢ ㄇㄚˇ ㄊㄨㄥˊ ㄘㄠˊ
三體石經,1,ㄙㄢ ㄊㄧˇ ㄕˊ ㄐㄧㄥ
三鹵甲烷,1,ㄙㄢ ㄌㄨˇ ㄐㄧㄚˇ ㄨㄢˊ
上下一心,1,ㄕㄤˋ ㄒㄧㄚˋ ㄧ ㄒㄧㄣ
上下交困,1,ㄕㄤˋ ㄒㄧㄚˋ ㄐㄧㄠ ㄎㄨㄣˋ
上下同心,1,ㄕㄤˋ ㄒㄧㄚˋ ㄊㄨㄥˊ ㄒㄧㄣ
上下爭輝,1,ㄕㄤˋ ㄒㄧㄚˋ ㄓㄥ ㄏㄨㄟ
上下相安,1,ㄕㄤˋ ㄒㄧㄚˋ ㄒㄧㄤ ㄢ
上了歲數,1,ㄕㄤˋ ㄌㄜ˙ ㄙㄨㄟˋ ㄕㄨ˙
上呼吸道,1,ㄕㄤˋ ㄏㄨ ㄒㄧ ㄉㄠˋ
上和下睦,1,ㄕㄤˋ ㄏㄜˊ ㄒㄧㄚˋ ㄇㄨˋ
上大動脈,1,ㄕㄤˋ ㄉㄚˋ ㄉㄨㄥˋ ㄇㄞˋ
上天入地,1,ㄕㄤˋ ㄊㄧㄢ ㄖㄨˋ ㄉㄧˋ
上廳行首,1,ㄕㄤˋ ㄊㄧㄥ ㄏㄤˊ ㄕㄡˇ
上朝取應,1,ㄕㄤˋ ㄔㄠˊ ㄑㄩˇ ㄧㄥˋ
上梁不正,1,ㄕㄤˋ ㄌㄧㄤˊ ㄅㄨˋ ㄓㄥˋ
上求下告,1,ㄕㄤˋ ㄑㄧㄡˊ ㄒㄧㄚˋ ㄍㄠˋ
上清童子,1,ㄕㄤˋ ㄑㄧㄥ ㄊㄨㄥˊ ㄗˇ
上漏下溼,1,ㄕㄤˋ ㄌㄡˋ ㄒㄧㄚˋ ㄕ
上竄下跳,1,ㄕㄤˋ ㄘㄨㄢˋ ㄒㄧㄚˋ ㄊㄧㄠˋ
上線服務,1,ㄕㄤˋ ㄒㄧㄢˋ ㄈㄨˊ ㄨˋ
上色徒弟,1,ㄕㄤˋ ㄙㄜˋ ㄊㄨˊ ㄉㄧˋ
上諱下諱,1,ㄕㄤˋ ㄏㄨㄟˋ ㄒㄧㄚˋ ㄏㄨㄟˋ
上門怪人,1,ㄕㄤˋ ㄇㄣˊ ㄍㄨㄞˋ ㄖㄣˊ
上頭上腦,1,ㄕㄤˋ ㄊㄡˊ ㄕㄤˋ ㄋㄠˇ
上頭上臉,1,ㄕㄤˋ ㄊㄡˊ ㄕㄤˋ ㄌㄧㄢˇ
上頭鋪臉,1,ㄕㄤˋ ㄊㄡˊ ㄆㄨ ㄌㄧㄢˇ
上首徒弟,1,ㄕㄤˋ ㄕㄡˇ ㄊㄨˊ ㄉㄧˋ
上黨梆子,1,ㄕㄤˋ ㄉㄤˇ ㄅㄤ ㄗ˙
下不來臺,1,ㄒㄧㄚˋ ㄅㄨˋ ㄌㄞˊ ㄊㄞˊ
下井投石,1,ㄒㄧㄚˋ ㄐㄧㄥˇ ㄊㄡˊ ㄕˊ
下作黃子,1,ㄒㄧㄚˋ ㄗㄨㄛ˙ ㄏㄨㄤˊ ㄗ˙
下半輩子,1,ㄒㄧㄚˋ ㄅㄢˋ ㄅㄟˋ ㄗ˙
下喬入幽,1,ㄒㄧㄚˋ ㄑㄧㄠˊ ㄖㄨˋ ㄧㄡ
下坂走丸,1,ㄒㄧㄚˋ ㄅㄢˇ ㄗㄡˇ ㄨㄢˊ
下坡走馬,1,ㄒㄧㄚˋ ㄆㄛ ㄗㄡˇ ㄇㄚˇ
下坡運動,1,ㄒㄧㄚˋ ㄆㄛ ㄩㄣˋ ㄉㄨㄥˋ
下層階級,1,ㄒㄧㄚˋ ㄘㄥˊ ㄐㄧㄝ ㄐㄧˊ
下愚不移,1,ㄒㄧㄚˋ ㄩˊ ㄅㄨˋ ㄧˊ
下氣怡色,1,ㄒㄧㄚˋ ㄑㄧˋ ㄧˊ ㄙㄜˋ
下江先生,1,ㄒㄧㄚˋ ㄐㄧㄤ ㄒㄧㄢ ㄕㄥ
下淡水溪,1,ㄒㄧㄚˋ ㄉㄢˋ ㄕㄨㄟˇ ㄒㄧ
下眼相看,1,ㄒㄧㄚˋ ㄧㄢˇ ㄒㄧㄤ ㄎㄢˋ
下筆千言,1,ㄒㄧㄚˋ ㄅㄧˇ ㄑㄧㄢ ㄧㄢˊ
下筆如神,1,ㄒㄧㄚˋ ㄅㄧˇ ㄖㄨˊ ㄕㄣˊ
下筆成篇,1,ㄒㄧㄚˋ ㄅㄧˇ ㄔㄥˊ ㄆㄧㄢ
下筆有神,1,ㄒㄧㄚˋ ㄅㄧˇ ㄧㄡˇ ㄕㄣˊ
下等植物,1,ㄒㄧㄚˋ ㄉㄥˇ ㄓˊ ㄨˋ
下車之始,1,ㄒㄧㄚˋ ㄔㄜ ㄓ ㄕˇ
下車伊始,1,ㄒㄧㄚˋ ㄔㄜ ㄧ ㄕˇ
下車作威,1,ㄒㄧㄚˋ ㄔㄜ ㄗㄨㄛˋ ㄨㄟ
下車泣罪,1,ㄒㄧㄚˋ ㄔㄜ ㄑㄧˋ ㄗㄨㄟˋ
下里巴人,1,ㄒㄧㄚˋ ㄌㄧˇ ㄅㄚ ㄖㄣˊ
不三不二,1,ㄅㄨˋ ㄙㄢ ㄅㄨˋ ㄦˋ
不三不四,1,ㄅㄨˋ ㄙㄢ ㄅㄨˋ ㄙˋ
不上不下,1,ㄅㄨˋ ㄕㄤˋ ㄅㄨˋ ㄒㄧㄚˋ
不上不落,1,ㄅㄨˋ ㄕㄤˋ ㄅㄨˋ ㄌㄨㄛˋ
不上臺盤,1,ㄅㄨˋ ㄕㄤˋ ㄊㄞˊ ㄆㄢˊ
不上蘆葦,1,ㄅㄨˋ ㄕㄤˋ ㄌㄨˊ ㄨㄟˇ
不世之功,1,ㄅㄨˋ ㄕˋ ㄓ ㄍㄨㄥ
不世之藝,1,ㄅㄨˋ ㄕˋ ㄓ ㄧˋ
不中抬舉,1,ㄅㄨˋ ㄓㄨㄥˋ ㄊㄞˊ ㄐㄩˇ
不中於款,1,ㄅㄨˋ ㄓㄨㄥ ㄩˊ ㄎㄨㄢˇ
不中相與,1,ㄅㄨˋ ㄓㄨㄥˋ ㄒㄧㄤ ㄩˇ
不丹王國,1,ㄅㄨˋ ㄉㄢ ㄨㄤˊ ㄍㄨㄛˊ
不主故常,1,ㄅㄨˋ ㄓㄨˇ ㄍㄨˋ ㄔㄤˊ
不乾不淨,1,ㄅㄨˋ ㄍㄢ ㄅㄨˋ ㄐㄧㄥˋ
不乾性油,1,ㄅㄨˋ ㄍㄢ ㄒㄧㄥˋ ㄧㄡˊ
不了之局,1,ㄅㄨˋ ㄌㄧㄠˇ ㄓ ㄐㄩˊ
不了了當,1,ㄅㄨˋ ㄌㄧㄠˇ ㄌㄧㄠˇ ㄉㄤˋ
不事張揚,1,ㄅㄨˋ ㄕˋ ㄓㄤ ㄧㄤˊ
不事生產,1,ㄅㄨˋ ㄕˋ ㄕㄥ ㄔㄢˇ
不事邊幅,1,ㄅㄨˋ ㄕˋ ㄅㄧㄢ ㄈㄨˊ
不二法門,1,ㄅㄨˋ ㄦˋ ㄈㄚˇ ㄇㄣˊ
不亢不卑,1,ㄅㄨˋ ㄎㄤˋ ㄅㄨˋ ㄅㄟ
不交一言,1,ㄅㄨˋ ㄐㄧㄠ ㄧ ㄧㄢˊ
不亦樂乎,1,ㄅㄨˋ ㄧˋ ㄌㄜˋ ㄏㄨ
不仁不義,1,ㄅㄨˋ ㄖㄣˊ ㄅㄨˋ ㄧˋ
不今不古,1,ㄅㄨˋ ㄐㄧㄣ ㄅㄨˋ ㄍㄨˇ
不付能勾,1,ㄅㄨˋ ㄈㄨˋ ㄋㄥˊ ㄍㄡ
不以人齒,1,ㄅㄨˋ ㄧˇ ㄖㄣˊ ㄔˇ
不以為奇,1,ㄅㄨˋ ㄧˇ ㄨㄟˊ ㄑㄧˊ
不以為意,1,ㄅㄨˋ ㄧˇ ㄨㄟˊ ㄧˋ
不伏水土,1,ㄅㄨˋ ㄈㄨˊ ㄕㄨㄟˇ ㄊㄨˇ
不伏燒埋,1,ㄅㄨˋ ㄈㄨˊ ㄕㄠ ㄇㄞˊ
不伶不俐,1,ㄅㄨˋ ㄌㄧㄥˊ ㄅㄨˋ ㄌㄧˋ
不作為犯,1,ㄅㄨˋ ㄗㄨㄛˋ ㄨㄟˊ ㄈㄢˋ
不侮暗室,1,ㄅㄨˋ ㄨˇ ㄢˋ ㄕˋ
不信任案,1,ㄅㄨˋ ㄒㄧㄣˋ ㄖㄣˋ ㄢˋ
不修小節,1,ㄅㄨˋ ㄒㄧㄡ ㄒㄧㄠˇ ㄐㄧㄝˊ
不修帷薄,1,ㄅㄨˋ ㄒㄧㄡ ㄨㄟˊ ㄅㄛˊ
不倫不類,1,ㄅㄨˋ ㄌㄨㄣˊ ㄅㄨˋ ㄌㄟˋ
不值一哂,1,ㄅㄨˋ ㄓˊ ㄧ ㄕㄣˇ
不值一錢,1,ㄅㄨˋ ㄓˊ ㄧ ㄑㄧㄢˊ
不假外出,1,ㄅㄨˋ ㄐㄧㄚˋ ㄨㄞˋ ㄔㄨ
不假辭色,1,ㄅㄨˋ ㄐㄧㄚˇ ㄘˊ ㄙㄜˋ
不偢不倸,1,ㄅㄨˋ ㄔㄡˇ ㄅㄨˋ ㄘㄞˇ
不傳之祕,1,ㄅㄨˋ ㄔㄨㄢˊ ㄓ ㄇㄧˋ
不傷天理,1,ㄅㄨˋ ㄕㄤ ㄊㄧㄢ ㄌㄧˇ
不傷脾胃,1,ㄅㄨˋ ㄕㄤ ㄆㄧˊ ㄨㄟˋ
不像人樣,1,ㄅㄨˋ ㄒㄧㄤˋ ㄖㄣˊ ㄧㄤˋ
不僧不俗,1,ㄅㄨˋ ㄙㄥ ㄅㄨˋ ㄙㄨˊ
不入時宜,1,ㄅㄨˋ ㄖㄨˋ ㄕˊ ㄧˊ
不共戴天,1,ㄅㄨˋ ㄍㄨㄥˋ ㄉㄞˋ ㄊㄧㄢ
不具之人,1,ㄅㄨˋ ㄐㄩˋ ㄓ ㄖㄣˊ
不冠不帶,1,ㄅㄨˋ ㄍㄨㄢ ㄅㄨˋ ㄉㄞˋ
不准翻印,1,ㄅㄨˋ ㄓㄨㄣˇ ㄈㄢ ㄧㄣˋ
不分不曉,1,ㄅㄨˋ ㄈㄣ ㄅㄨˋ ㄒㄧㄠˇ
不分主客,1,ㄅㄨˋ ㄈㄣ ㄓㄨˇ ㄎㄜˋ
不分主從,1,ㄅㄨˋ ㄈㄣ ㄓㄨˇ ㄗㄨㄥˋ
不分勝負,1,ㄅㄨˋ ㄈㄣ ㄕㄥˋ ㄈㄨˋ
不分好歹,1,ㄅㄨˋ ㄈㄣ ㄏㄠˇ ㄉㄞˇ
不分畛域,1,ㄅㄨˋ ㄈㄣ ㄓㄣˇ ㄩˋ
不分皁白,1,ㄅㄨˋ ㄈㄣ ㄗㄠˋ ㄅㄞˊ
不分高下,1,ㄅㄨˋ ㄈㄣ ㄍㄠ ㄒㄧㄚˋ
不切實際,1,ㄅㄨˋ ㄑㄧㄝˋ ㄕˊ ㄐㄧˋ
不刊之典,1,ㄅㄨˋ ㄎㄢ ㄓ ㄉㄧㄢˇ
不刊之書,1,ㄅㄨˋ ㄎㄢ ㄓ ㄕㄨ
不刊之論,1,ㄅㄨˋ ㄎㄢ ㄓ ㄌㄨㄣˋ
不列塔尼,1,ㄅㄨˋ ㄌㄧㄝˋ ㄊㄚˇ ㄋㄧˊ
不割不截,1,ㄅㄨˋ ㄍㄜ ㄅㄨˋ ㄐㄧㄝˊ
不加小心,1,ㄅㄨˋ ㄐㄧㄚ ㄒㄧㄠˇ ㄒㄧㄣ
不劣方頭,1,ㄅㄨˋ ㄌㄧㄝˋ ㄈㄤ ㄊㄡˊ
不動明王,1,ㄅㄨˋ ㄉㄨㄥˋ ㄇㄧㄥˊ ㄨㄤˊ
不動聲色,1,ㄅㄨˋ ㄉㄨㄥˋ ㄕㄥ ㄙㄜˋ
不動關節,1,ㄅㄨˋ ㄉㄨㄥˋ ㄍㄨㄢ ㄐㄧㄝˊ
不務正業,1,ㄅㄨˋ ㄨˋ ㄓㄥˋ ㄧㄝˋ
不勝之態,1,ㄅㄨˋ ㄕㄥ ㄓ ㄊㄞˋ
不勝唏噓,1,ㄅㄨˋ ㄕㄥ ㄒㄧ ㄒㄩ
不勝感喟,1,ㄅㄨˋ ㄕㄥ ㄍㄢˇ ㄎㄨㄟˋ
不卑不亢,1,ㄅㄨˋ ㄅㄟ ㄅㄨˋ ㄎㄤˋ
不卜可知,1,ㄅㄨˋ ㄅㄨˇ ㄎㄜˇ ㄓ
不厭其煩,1,ㄅㄨˋ ㄧㄢˋ ㄑㄧˊ ㄈㄢˊ
不厭其詳,1,ㄅㄨˋ ㄧㄢˋ ㄑㄧˊ ㄒㄧㄤˊ
不厭求詳,1,ㄅㄨˋ ㄧㄢˋ ㄑㄧㄡˊ ㄒㄧㄤˊ
不受抬舉,1,ㄅㄨˋ ㄕㄡˋ ㄊㄞˊ ㄐㄩ˙
不受籠絡,1,ㄅㄨˋ ㄕㄡˋ ㄌㄨㄥˊ ㄌㄨㄛˋ
不可企及,1,ㄅㄨˋ ㄎㄜˇ ㄑㄧˋ ㄐㄧˊ
不可勝原,1,ㄅㄨˋ ㄎㄜˇ ㄕㄥ ㄩㄢˊ
不可勝書,1,ㄅㄨˋ ㄎㄜˇ ㄕㄥ ㄕㄨ
不可勝紀,1,ㄅㄨˋ ㄎㄜˇ ㄕㄥ ㄐㄧˋ
不可勝言,1,ㄅㄨˋ ㄎㄜˇ ㄕㄥ ㄧㄢˊ
不可勝計,1,ㄅㄨˋ ㄎㄜˇ ㄕㄥ ㄐㄧˋ
不可勝記,1,ㄅㄨˋ ㄎㄜˇ ㄕㄥ ㄐㄧˋ
不可名字,1,ㄅㄨˋ ㄎㄜˇ ㄇㄧㄥˊ ㄗˋ
不可向邇,1,ㄅㄨˋ ㄎㄜˇ ㄒㄧㄤˋ ㄦˇ
不可抗拒,1,ㄅㄨˋ ㄎㄜˇ ㄎㄤˋ ㄐㄩˋ
不可枚舉,1,ㄅㄨˋ ㄎㄜˇ ㄇㄟˊ ㄐㄩˇ
不可理解,1,ㄅㄨˋ ㄎㄜˇ ㄌㄧˇ ㄐㄧㄝˇ
不可言宣,1,ㄅㄨˋ ㄎㄜˇ ㄧㄢˊ ㄒㄩㄢ
不可踰越,1,ㄅㄨˋ ㄎㄜˇ ㄩˊ ㄩㄝˋ
不可限量,1,ㄅㄨˋ ㄎㄜˇ ㄒㄧㄢˋ ㄌㄧㄤˊ
不合邏輯,1,ㄅㄨˋ ㄏㄜˊ ㄌㄨㄛˊ ㄐㄧˊ
不同日月,1,ㄅㄨˋ ㄊㄨㄥˊ ㄖˋ ㄩㄝˋ
不名一文,1,ㄅㄨˋ ㄇㄧㄥˊ ㄧ ㄨㄣˊ
不名一錢,1,ㄅㄨˋ ㄇㄧㄥˊ ㄧ ㄑㄧㄢˊ
不吐不快,1,ㄅㄨˋ ㄊㄨˇ ㄅㄨˋ ㄎㄨㄞˋ
不吝指教,1,ㄅㄨˋ ㄌㄧㄣˋ ㄓˇ ㄐㄧㄠˋ
不吝珠玉,1,ㄅㄨˋ ㄌㄧㄣˋ ㄓㄨ ㄩˋ
不吝賜教,1,ㄅㄨˋ ㄌㄧㄣˋ ㄙˋ ㄐㄧㄠˋ
不吝金玉,1,ㄅㄨˋ ㄌㄧㄣˋ ㄐㄧㄣ ㄩˋ
不告不理,1,ㄅㄨˋ ㄍㄠˋ ㄅㄨˋ ㄌㄧˇ
不告而別,1,ㄅㄨˋ ㄍㄠˋ ㄦˊ ㄅㄧㄝˊ
不告而去,1,ㄅㄨˋ ㄍㄠˋ ㄦˊ ㄑㄩˋ
不咎既往,1,ㄅㄨˋ ㄐㄧㄡˋ ㄐㄧˋ ㄨㄤˇ
不哼不哈,1,ㄅㄨˋ ㄏㄥ ㄅㄨˋ ㄏㄚ
不問皁白,1,ㄅㄨˋ ㄨㄣˋ ㄗㄠˋ ㄅㄞˊ
不問青黃,1,ㄅㄨˋ ㄨㄣˋ ㄑㄧㄥ ㄏㄨㄤˊ
不因不由,1,ㄅㄨˋ ㄧㄣ ㄅㄨˋ ㄧㄡˊ
不因人熱,1,ㄅㄨˋ ㄧㄣ ㄖㄣˊ ㄖㄜˋ
不在人間,1,ㄅㄨˋ ㄗㄞˋ ㄖㄣˊ ㄐㄧㄢ
不在地主,1,ㄅㄨˋ ㄗㄞˋ ㄉㄧˋ ㄓㄨˇ
不在少數,1,ㄅㄨˋ ㄗㄞˋ ㄕㄠˇ ㄕㄨˋ
不在心上,1,ㄅㄨˋ ㄗㄞˋ ㄒㄧㄣ ㄕㄤˋ
不在意下,1,ㄅㄨˋ ㄗㄞˋ ㄧˋ ㄒㄧㄚˋ
不在話下,1,ㄅㄨˋ ㄗㄞˋ ㄏㄨㄚˋ ㄒㄧㄚˋ
不堪之物,1,ㄅㄨˋ ㄎㄢ ㄓ ㄨˋ
不堪其擾,1,ㄅㄨˋ ㄎㄢ ㄑㄧˊ ㄖㄠˇ
不堪言狀,1,ㄅㄨˋ ㄎㄢ ㄧㄢˊ ㄓㄨㄤˋ
不堪負荷,1,ㄅㄨˋ ㄎㄢ ㄈㄨˋ ㄏㄜˋ
不堪造就,1,ㄅㄨˋ ㄎㄢ ㄗㄠˋ ㄐㄧㄡˋ
不多不少,1,ㄅㄨˋ ㄉㄨㄛ ㄅㄨˋ ㄕㄠˇ
不多工夫,1,ㄅㄨˋ ㄉㄨㄛ ㄍㄨㄥ ㄈㄨ˙
不多幾日,1,ㄅㄨˋ ㄉㄨㄛ ㄐㄧˇ ㄖˋ
不夠眼光,1,ㄅㄨˋ ㄍㄡˋ ㄧㄢˇ ㄍㄨㄤ
不大不小,1,ㄅㄨˋ ㄉㄚˋ ㄅㄨˋ ㄒㄧㄠˇ
不大合時,1,ㄅㄨˋ ㄉㄚˋ ㄏㄜˊ ㄕˊ
不大客氣,1,ㄅㄨˋ ㄉㄚˋ ㄎㄜˋ ㄑㄧ˙
不大管事,1,ㄅㄨˋ ㄉㄚˋ ㄍㄨㄢˇ ㄕˋ
不大精采,1,ㄅㄨˋ ㄉㄚˋ ㄐㄧㄥ ㄘㄞˇ
不夷不惠,1,ㄅㄨˋ ㄧˊ ㄅㄨˋ ㄏㄨㄟˋ
不奪農時,1,ㄅㄨˋ ㄉㄨㄛˊ ㄋㄨㄥˊ ㄕˊ
不好啟齒,1,ㄅㄨˋ ㄏㄠˇ ㄑㄧˇ ㄔˇ
不好意思,1,ㄅㄨˋ ㄏㄠˇ ㄧˋ ㄙ˙
不好言笑,1,ㄅㄨˋ ㄏㄠˋ ㄧㄢˊ ㄒㄧㄠˋ
不好說話,1,ㄅㄨˋ ㄏㄠˇ ㄕㄨㄛ ㄏㄨㄚˋ
不好說話,1,ㄅㄨˋ ㄏㄠˋ ㄕㄨㄛ ㄏㄨㄚˋ
不婚媽媽,1,ㄅㄨˋ ㄏㄨㄣ ㄇㄚ ㄇㄚ˙
不孕真菌,1,ㄅㄨˋ ㄩㄣˋ ㄓㄣ ㄐㄩㄣˋ
不存不濟,1,ㄅㄨˋ ㄘㄨㄣˊ ㄅㄨˋ ㄐㄧˋ
不存大體,1,ㄅㄨˋ ㄘㄨㄣˊ ㄉㄚˋ ㄊㄧˇ
不學亡術,1,ㄅㄨˋ ㄒㄩㄝˊ ㄨˊ ㄕㄨˋ
不學而能,1,ㄅㄨˋ ㄒㄩㄝˊ ㄦˊ ㄋㄥˊ
不學長俊,1,ㄅㄨˋ ㄒㄩㄝˊ ㄓㄤˇ ㄐㄩㄣˋ
不守婦道,1,ㄅㄨˋ ㄕㄡˇ ㄈㄨˋ ㄉㄠˋ
不守小節,1,ㄅㄨˋ ㄕㄡˇ ㄒㄧㄠˇ ㄐㄧㄝˊ
不守本分,1,ㄅㄨˋ ㄕㄡˇ ㄅㄣˇ ㄈㄣˋ
不守細行,1,ㄅㄨˋ ㄕㄡˇ ㄒㄧˋ ㄒㄧㄥˋ
不安其室,1,ㄅㄨˋ ㄢ ㄑㄧˊ ㄕˋ
不安本分,1,ㄅㄨˋ ㄢ ㄅㄣˇ ㄈㄣˋ
不完全是,1,ㄅㄨˋ ㄨㄢˊ ㄑㄩㄢˊ ㄕˋ
不完全葉,1,ㄅㄨˋ ㄨㄢˊ ㄑㄩㄢˊ ㄧㄝˋ
不定冠詞,1,ㄅㄨˋ ㄉㄧㄥˋ ㄍㄨㄢˋ ㄘˊ
不寒而栗,1,ㄅㄨˋ ㄏㄢˊ ㄦˊ ㄌㄧˋ
不寧不耐,1,ㄅㄨˋ ㄋㄧㄥˊ ㄅㄨˋ ㄋㄞˋ
不對胃口,1,ㄅㄨˋ ㄉㄨㄟˋ ㄨㄟˋ ㄎㄡˇ
不對腔板,1,ㄅㄨˋ ㄉㄨㄟˋ ㄑㄧㄤ ㄅㄢˇ
不尷不尬,1,ㄅㄨˋ ㄍㄢ ㄅㄨˋ ㄍㄚˋ
不屑一顧,1,ㄅㄨˋ ㄒㄧㄝˋ ㄧ ㄍㄨˋ
不左不右,1,ㄅㄨˋ ㄗㄨㄛˇ ㄅㄨˋ ㄧㄡˋ
不差不錯,1,ㄅㄨˋ ㄔㄚ ㄅㄨˋ ㄘㄨㄛˋ
不差什麼,1,ㄅㄨˋ ㄔㄚ ㄕㄣˊ ㄇㄜ˙
不差毫釐,1,ㄅㄨˋ ㄔㄚ ㄏㄠˊ ㄌㄧˊ
不差毫髮,1,ㄅㄨˋ ㄔㄚ ㄏㄠˊ ㄈㄚˇ
不差累黍,1,ㄅㄨˋ ㄔㄚ ㄌㄟˇ ㄕㄨˇ
不平之氣,1,ㄅㄨˋ ㄆㄧㄥˊ ㄓ ㄑㄧˋ
不幸之幸,1,ㄅㄨˋ ㄒㄧㄥˋ ㄓ ㄒㄧㄥˋ
不形於色,1,ㄅㄨˋ ㄒㄧㄥˊ ㄩˊ ㄙㄜˋ
不待蓍龜,1,ㄅㄨˋ ㄉㄞˋ ㄕ ㄍㄨㄟ
不徇顏面,1,ㄅㄨˋ ㄒㄩㄣˊ ㄧㄢˊ ㄇㄧㄢˋ
不得主意,1,ㄅㄨˋ ㄉㄜˊ ㄓㄨˇ ㄧ˙
不得其死,1,ㄅㄨˋ ㄉㄜˊ ㄑㄧˊ ㄙˇ
不得善終,1,ㄅㄨˋ ㄉㄜˊ ㄕㄢˋ ㄓㄨㄥ
不得安穩,1,ㄅㄨˋ ㄉㄜˊ ㄢ ㄨㄣˇ
不得安身,1,ㄅㄨˋ ㄉㄜˊ ㄢ ㄕㄣ
不得有誤,1,ㄅㄨˋ ㄉㄜˊ ㄧㄡˇ ㄨˋ
不得有違,1,ㄅㄨˋ ㄉㄜˊ ㄧㄡˇ ㄨㄟˊ
不得臺盤,1,ㄅㄨˋ ㄉㄜˊ ㄊㄞˊ ㄆㄢˊ
不得開交,1,ㄅㄨˋ ㄉㄜˊ ㄎㄞ ㄐㄧㄠ
不忍下手,1,ㄅㄨˋ ㄖㄣˇ ㄒㄧㄚˋ ㄕㄡˇ
不忍坐視,1,ㄅㄨˋ ㄖㄣˇ ㄗㄨㄛˋ ㄕˋ
不忍釋手,1,ㄅㄨˋ ㄖㄣˇ ㄕˋ ㄕㄡˇ
不忘溝壑,1,ㄅㄨˋ ㄨㄤˋ ㄍㄡ ㄏㄨㄛˋ
不忙不暴,1,ㄅㄨˋ ㄇㄤˊ ㄅㄨˋ ㄅㄠˋ
不忮不求,1,ㄅㄨˋ ㄓˋ ㄅㄨˋ ㄑㄧㄡˊ
不念舊惡,1,ㄅㄨˋ ㄋㄧㄢˋ ㄐㄧㄡˋ ㄜˋ
不念荷戈,1,ㄅㄨˋ ㄋㄧㄢˋ ㄏㄜˋ ㄍㄜ
不怎麼樣,1,ㄅㄨˋ ㄗㄣˇ ㄇㄜ˙ ㄧㄤˋ
不怒自威,1,ㄅㄨˋ ㄋㄨˋ ㄗˋ ㄨㄟ
不怨不尤,1,ㄅㄨˋ ㄩㄢˋ ㄅㄨˋ ㄧㄡˊ
不情不緒,1,ㄅㄨˋ ㄑㄧㄥˊ ㄅㄨˋ ㄒㄩˋ
不情不願,1,ㄅㄨˋ ㄑㄧㄥˊ ㄅㄨˋ ㄩㄢˋ
不情之請,1,ㄅㄨˋ ㄑㄧㄥˊ ㄓ ㄑㄧㄥˇ
不惡而嚴,1,ㄅㄨˋ ㄜˋ ㄦˊ ㄧㄢˊ
不意之中,1,ㄅㄨˋ ㄧˋ ㄓ ㄓㄨㄥ
不愧不怍,1,ㄅㄨˋ ㄎㄨㄟˋ ㄅㄨˋ ㄗㄨㄛˋ
不愧屋漏,1,ㄅㄨˋ ㄎㄨㄟˋ ㄨ ㄌㄡˋ
不憚其煩,1,ㄅㄨˋ ㄉㄢˋ ㄑㄧˊ ㄈㄢˊ
不憚強禦,1,ㄅㄨˋ ㄉㄢˋ ㄑㄧㄤˊ ㄩˋ
不成半器,1,ㄅㄨˋ ㄔㄥˊ ㄅㄢˋ ㄑㄧˋ
不成模樣,1,ㄅㄨˋ ㄔㄥˊ ㄇㄨˊ ㄧㄤˋ
不成樣子,1,ㄅㄨˋ ㄔㄥˊ ㄧㄤˋ ㄗ˙
不成比例,1,ㄅㄨˋ ㄔㄥˊ ㄅㄧˇ ㄌㄧˋ
不成為君,1,ㄅㄨˋ ㄔㄥˊ ㄨㄟˊ ㄐㄩㄣ
不成道理,1,ㄅㄨˋ ㄔㄥˊ ㄉㄠˋ ㄌㄧˇ
不戰而勝,1,ㄅㄨˋ ㄓㄢˋ ㄦˊ ㄕㄥˋ
不戰而潰,1,ㄅㄨˋ ㄓㄢˋ ㄦˊ ㄎㄨㄟˋ
不戰而破,1,ㄅㄨˋ ㄓㄢˋ ㄦˊ ㄆㄛˋ
不抗不卑,1,ㄅㄨˋ ㄎㄤˋ ㄅㄨˋ ㄅㄟ
不拉屎的,1,ㄅㄨˋ ㄌㄚ ㄕˇ ㄉㄜ˙
不拘細行,1,ㄅㄨˋ ㄐㄩ ㄒㄧˋ ㄒㄧㄥˋ
不按君臣,1,ㄅㄨˋ ㄢˋ ㄐㄩㄣ ㄔㄣˊ
不捨晝夜,1,ㄅㄨˋ ㄕㄜˇ ㄓㄡˋ ㄧㄝˋ
不揣冒昧,1,ㄅㄨˋ ㄔㄨㄞˇ ㄇㄠˋ ㄇㄟˋ
不揪不睬,1,ㄅㄨˋ ㄐㄧㄡ ㄅㄨˋ ㄘㄞˇ
不擊自走,1,ㄅㄨˋ ㄐㄧˊ ㄗˋ ㄗㄡˇ
不敗之地,1,ㄅㄨˋ ㄅㄞˋ ㄓ ㄉㄧˋ
不教而殺,1,ㄅㄨˋ ㄐㄧㄠˋ ㄦˊ ㄕㄚ
不教而誅,1,ㄅㄨˋ ㄐㄧㄠˋ ㄦˊ ㄓㄨ
不敢出氣,1,ㄅㄨˋ ㄍㄢˇ ㄔㄨ ㄑㄧˋ
不敢出聲,1,ㄅㄨˋ ㄍㄢˇ ㄔㄨ ㄕㄥ
不敢則聲,1,ㄅㄨˋ ㄍㄢˇ ㄗㄜˊ ㄕㄥ
不敢吭聲,1,ㄅㄨˋ ㄍㄢˇ ㄎㄥ ㄕㄥ
不敢告勞,1,ㄅㄨˋ ㄍㄢˇ ㄍㄠˋ ㄌㄠˊ
不敢妄言,1,ㄅㄨˋ ㄍㄢˇ ㄨㄤˋ ㄧㄢˊ
不敢後人,1,ㄅㄨˋ ㄍㄢˇ ㄏㄡˋ ㄖㄣˊ
不敢從命,1,ㄅㄨˋ ㄍㄢˇ ㄘㄨㄥˊ ㄇㄧㄥˋ
不整不齊,1,ㄅㄨˋ ㄓㄥˇ ㄅㄨˋ ㄑㄧˊ
不整齊花,1,ㄅㄨˋ ㄓㄥˇ ㄑㄧˊ ㄏㄨㄚ
不文不武,1,ㄅㄨˋ ㄨㄣˊ ㄅㄨˋ ㄨˇ
不施脂粉,1,ㄅㄨˋ ㄕ ㄓ ㄈㄣˇ
不日不月,1,ㄅㄨˋ ㄖˋ ㄅㄨˋ ㄩㄝˋ
不早不晚,1,ㄅㄨˋ ㄗㄠˇ ㄅㄨˋ ㄨㄢˇ
不明就裡,1,ㄅㄨˋ ㄇㄧㄥˊ ㄐㄧㄡˋ ㄌㄧˇ
不明所以,1,ㄅㄨˋ ㄇㄧㄥˊ ㄙㄨㄛˇ ㄧˇ
不明道理,1,ㄅㄨˋ ㄇㄧㄥˊ ㄉㄠˋ ㄌㄧˇ
不易一字,1,ㄅㄨˋ ㄧˋ ㄧ ㄗˋ
不易之論,1,ㄅㄨˋ ㄧˋ ㄓ ㄌㄨㄣˋ
不是了處,1,ㄅㄨˋ ㄕˋ ㄌㄧㄠˇ ㄔㄨˋ
不是別人,1,ㄅㄨˋ ㄕˋ ㄅㄧㄝˊ ㄖㄣˊ
不是東西,1,ㄅㄨˋ ㄕˋ ㄉㄨㄥ ㄒㄧ˙
不是沒有,1,ㄅㄨˋ ㄕˋ ㄇㄟˊ ㄧㄡˇ
不是滋味,1,ㄅㄨˋ ㄕˋ ㄗ ㄨㄟˋ
不是玩的,1,ㄅㄨˋ ㄕˋ ㄨㄢˊ ㄉㄜ˙
不是耍處,1,ㄅㄨˋ ㄕˋ ㄕㄨㄚˇ ㄔㄨˋ
不是話頭,1,ㄅㄨˋ ㄕˋ ㄏㄨㄚˋ ㄊㄡˊ
不是頑的,1,ㄅㄨˋ ㄕˋ ㄨㄢˊ ㄉㄜ˙
不是頭勢,1,ㄅㄨˋ ㄕˋ ㄊㄡˊ ㄕˋ
不是頭路,1,ㄅㄨˋ ㄕˋ ㄊㄡˊ ㄌㄨˋ
不是風犯,1,ㄅㄨˋ ㄕˋ ㄈㄥ ㄈㄢˋ
不時之須,1,ㄅㄨˋ ㄕˊ ㄓ ㄒㄩ
不會說話,1,ㄅㄨˋ ㄏㄨㄟˋ ㄕㄨㄛ ㄏㄨㄚˋ
不服水土,1,ㄅㄨˋ ㄈㄨˊ ㄕㄨㄟˇ ㄊㄨˇ
不服燒埋,1,ㄅㄨˋ ㄈㄨˊ ㄕㄠ ㄇㄞˊ
不期而會,1,ㄅㄨˋ ㄑㄧˊ ㄦˊ ㄏㄨㄟˋ
不期而然,1,ㄅㄨˋ ㄑㄧˊ ㄦˊ ㄖㄢˊ
不杖期夫,1,ㄅㄨˋ ㄓㄤˋ ㄐㄧ ㄈㄨ
不枉此生,1,ㄅㄨˋ ㄨㄤˇ ㄘˇ ㄕㄥ
不染纖塵,1,ㄅㄨˋ ㄖㄢˇ ㄒㄧㄢ ㄔㄣˊ
不棄糟糠,1,ㄅㄨˋ ㄑㄧˋ ㄗㄠ ㄎㄤ
不極不反,1,ㄅㄨˋ ㄐㄧˊ ㄅㄨˋ ㄈㄢˇ
不櫛進士,1,ㄅㄨˋ ㄐㄧㄝˊ ㄐㄧㄣˋ ㄕˋ
不死不活,1,ㄅㄨˋ ㄙˇ ㄅㄨˋ ㄏㄨㄛˊ
不死不生,1,ㄅㄨˋ ㄙˇ ㄅㄨˋ ㄕㄥ
不死即傷,1,ㄅㄨˋ ㄙˇ ㄐㄧˊ ㄕㄤ
不毒不發,1,ㄅㄨˋ ㄉㄨˊ ㄅㄨˋ ㄈㄚ
不比尋常,1,ㄅㄨˋ ㄅㄧˇ ㄒㄩㄣˊ ㄔㄤˊ
不求自得,1,ㄅㄨˋ ㄑㄧㄡˊ ㄗˋ ㄉㄜˊ
不治之症,1,ㄅㄨˋ ㄓˋ ㄓ ㄓㄥˋ
不流世俗,1,ㄅㄨˋ ㄌㄧㄡˊ ㄕˋ ㄙㄨˊ
不消一刻,1,ㄅㄨˋ ㄒㄧㄠ ㄧ ㄎㄜˋ
不消幾日,1,ㄅㄨˋ ㄒㄧㄠ ㄐㄧˇ ㄖˋ
不清不潔,1,ㄅㄨˋ ㄑㄧㄥ ㄅㄨˋ ㄐㄧㄝˊ
不測之淵,1,ㄅㄨˋ ㄘㄜˋ ㄓ ㄩㄢ
不測之禍,1,ㄅㄨˋ ㄘㄜˋ ㄓ ㄏㄨㄛˋ
不測風雲,1,ㄅㄨˋ ㄘㄜˋ ㄈㄥ ㄩㄣˊ
不溯既往,1,ㄅㄨˋ ㄙㄨˋ ㄐㄧˋ ㄨㄤˇ
不為人下,1,ㄅㄨˋ ㄨㄟˊ ㄖㄣˊ ㄒㄧㄚˋ
不為人用,1,ㄅㄨˋ ㄨㄟˊ ㄖㄣˊ ㄩㄥˋ
不為利誘,1,ㄅㄨˋ ㄨㄟˊ ㄌㄧˋ ㄧㄡˋ
不為已甚,1,ㄅㄨˋ ㄨㄟˊ ㄧˇ ㄕㄣˋ
不無小益,1,ㄅㄨˋ ㄨˊ ㄒㄧㄠˇ ㄧˋ
不爽不錯,1,ㄅㄨˋ ㄕㄨㄤˇ ㄅㄨˋ ㄘㄨㄛˋ
不犯尋思,1,ㄅㄨˋ ㄈㄢˋ ㄒㄩㄣˊ ㄙ
不犯王法,1,ㄅㄨˋ ㄈㄢˋ ㄨㄤˊ ㄈㄚˇ
不甘後人,1,ㄅㄨˋ ㄍㄢ ㄏㄡˋ ㄖㄣˊ
不甘雌伏,1,ㄅㄨˋ ㄍㄢ ㄘ ㄈㄨˊ
不甘食貧,1,ㄅㄨˋ ㄍㄢ ㄕˊ ㄆㄧㄣˊ
不甚了了,1,ㄅㄨˋ ㄕㄣˋ ㄌㄧㄠˇ ㄌㄧㄠˇ
不甚合意,1,ㄅㄨˋ ㄕㄣˋ ㄏㄜˊ ㄧˋ
不生不滅,1,ㄅㄨˋ ㄕㄥ ㄅㄨˋ ㄇㄧㄝˋ
不用客氣,1,ㄅㄨˋ ㄩㄥˋ ㄎㄜˋ ㄑㄧˋ
不用著急,1,ㄅㄨˋ ㄩㄥˋ ㄓㄠ ㄐㄧˊ
不用費事,1,ㄅㄨˋ ㄩㄥˋ ㄈㄟˋ ㄕˋ
不甫能勾,1,ㄅㄨˋ ㄈㄨˇ ㄋㄥˊ ㄍㄡ
不畏強禦,1,ㄅㄨˋ ㄨㄟˋ ㄑㄧㄤˊ ㄩˋ
不畏彊禦,1,ㄅㄨˋ ㄨㄟˋ ㄑㄧㄤˊ ㄩˋ
不留一字,1,ㄅㄨˋ ㄌㄧㄡˊ ㄧ ㄗˋ
不留體統,1,ㄅㄨˋ ㄌㄧㄡˊ ㄊㄧˇ ㄊㄨㄥˇ
不當不對,1,ㄅㄨˋ ㄉㄤ ㄅㄨˋ ㄉㄨㄟˋ
不當不正,1,ㄅㄨˋ ㄉㄤ ㄅㄨˋ ㄓㄥˋ
不當人子,1,ㄅㄨˋ ㄉㄤ ㄖㄣˊ ㄗˇ
不當穩便,1,ㄅㄨˋ ㄉㄤˋ ㄨㄣˇ ㄅㄧㄢˋ
不當耍處,1,ㄅㄨˋ ㄉㄤ ㄕㄨㄚˇ ㄔㄨˇ
不疑誣金,1,ㄅㄨˋ ㄧˊ ㄨˊ ㄐㄧㄣ
不痛不癢,1,ㄅㄨˋ ㄊㄨㄥˋ ㄅㄨˋ ㄧㄤˇ
不盡道理,1,ㄅㄨˋ ㄐㄧㄣˋ ㄉㄠˋ ㄌㄧˇ
不相來往,1,ㄅㄨˋ ㄒㄧㄤ ㄌㄞˊ ㄨㄤˇ
不相妨礙,1,ㄅㄨˋ ㄒㄧㄤ ㄈㄤˊ ㄞˋ
不相為謀,1,ㄅㄨˋ ㄒㄧㄤ ㄨㄟˋ ㄇㄡˊ
不瞅不睬,1,ㄅㄨˋ ㄔㄡˇ ㄅㄨˋ ㄘㄞˇ
不瞞你說,1,ㄅㄨˋ ㄇㄢˊ ㄋㄧˇ ㄕㄨㄛ
不矜不伐,1,ㄅㄨˋ ㄐㄧㄣ ㄅㄨˋ ㄈㄚˊ
不矜名節,1,ㄅㄨˋ ㄐㄧㄣ ㄇㄧㄥˊ ㄐㄧㄝˊ
不矜細行,1,ㄅㄨˋ ㄐㄧㄣ ㄒㄧˋ ㄒㄧㄥˋ
不知丁董,1,ㄅㄨˋ ㄓ ㄉㄧㄥ ㄉㄨㄥˇ
不知下落,1,ㄅㄨˋ ㄓ ㄒㄧㄚˋ ㄌㄨㄛˋ
不知不罪,1,ㄅㄨˋ ㄓ ㄅㄨˋ ㄗㄨㄟˋ
不知世事,1,ㄅㄨˋ ㄓ ㄕˋ ㄕˋ
不知世務,1,ㄅㄨˋ ㄓ ㄕˋ ㄨˋ
不知人事,1,ㄅㄨˋ ㄓ ㄖㄣˊ ㄕˋ
不知何故,1,ㄅㄨˋ ㄓ ㄏㄜˊ ㄍㄨˋ
不知分限,1,ㄅㄨˋ ㄓ ㄈㄣˋ ㄒㄧㄢˋ
不知利害,1,ㄅㄨˋ ㄓ ㄌㄧˋ ㄏㄞˋ
不知大體,1,ㄅㄨˋ ㄓ ㄉㄚˋ ㄊㄧˇ
不知好歉,1,ㄅㄨˋ ㄓ ㄏㄠˇ ㄑㄧㄢˋ
不知忌諱,1,ㄅㄨˋ ㄓ ㄐㄧˋ ㄏㄨㄟˋ
不知怎的,1,ㄅㄨˋ ㄓ ㄗㄣˇ ㄉㄜ˙
不知恩義,1,ㄅㄨˋ ㄓ ㄣ ㄧˋ
不知所以,1,ㄅㄨˋ ㄓ ㄙㄨㄛˇ ㄧˇ
不知所喻,1,ㄅㄨˋ ㄓ ㄙㄨㄛˇ ㄩˋ
不知所終,1,ㄅㄨˋ ㄓ ㄙㄨㄛˇ ㄓㄨㄥ
不知所言,1,ㄅㄨˋ ㄓ ㄙㄨㄛˇ ㄧㄢˊ
不知深淺,1,ㄅㄨˋ ㄓ ㄕㄣ ㄑㄧㄢˇ
不知疼癢,1,ㄅㄨˋ ㄓ ㄊㄥˊ ㄧㄤˇ
不知痛癢,1,ㄅㄨˋ ㄓ ㄊㄨㄥˋ ㄧㄤˇ
不知皁白,1,ㄅㄨˋ ㄓ ㄗㄠˋ ㄅㄞˊ
不知起倒,1,ㄅㄨˋ ㄓ ㄑㄧˇ ㄉㄠˇ
不知通變,1,ㄅㄨˋ ㄓ ㄊㄨㄥ ㄅㄧㄢˋ
不知進退,1,ㄅㄨˋ ㄓ ㄐㄧㄣˋ ㄊㄨㄟˋ
不知頭腦,1,ㄅㄨˋ ㄓ ㄊㄡˊ ㄋㄠˇ
不知顛倒,1,ㄅㄨˋ ㄓ ㄉㄧㄢ ㄉㄠˇ
不知香臭,1,ㄅㄨˋ ㄓ ㄒㄧㄤ ㄔㄡˋ
不知高低,1,ㄅㄨˋ ㄓ ㄍㄠ ㄉㄧ
不禁技癢,1,ㄅㄨˋ ㄐㄧㄣ ㄐㄧˋ ㄧㄤˇ
不移至理,1,ㄅㄨˋ ㄧˊ ㄓˋ ㄌㄧˇ
不稼不穡,1,ㄅㄨˋ ㄐㄧㄚˋ ㄅㄨˋ ㄙㄜˋ
不立崖岸,1,ㄅㄨˋ ㄌㄧˋ ㄧㄞˊ ㄢˋ
不立文字,1,ㄅㄨˋ ㄌㄧˋ ㄨㄣˊ ㄗˋ
不端不正,1,ㄅㄨˋ ㄉㄨㄢ ㄅㄨˋ ㄓㄥˋ
不算什麼,1,ㄅㄨˋ ㄙㄨㄢˋ ㄕㄣˊ ㄇㄜ˙
不管一二,1,ㄅㄨˋ ㄍㄨㄢˇ ㄧ ㄦˋ
不管不顧,1,ㄅㄨˋ ㄍㄨㄢˇ ㄅㄨˋ ㄍㄨˋ
不管死活,1,ㄅㄨˋ ㄍㄨㄢˇ ㄙˇ ㄏㄨㄛˊ
不管皁白,1,ㄅㄨˋ ㄍㄨㄢˇ ㄗㄠˋ ㄅㄞˊ
不管部會,1,ㄅㄨˋ ㄍㄨㄢˇ ㄅㄨˋ ㄏㄨㄟˋ
不管閒事,1,ㄅㄨˋ ㄍㄨㄢˇ ㄒㄧㄢˊ ㄕˋ
不約而合,1,ㄅㄨˋ ㄩㄝ ㄦˊ ㄏㄜˊ
不絕如線,1,ㄅㄨˋ ㄐㄩㄝˊ ㄖㄨˊ ㄒㄧㄢˋ
不絕若線,1,ㄅㄨˋ ㄐㄩㄝˊ ㄖㄨㄛˋ ㄒㄧㄢˋ
不經之談,1,ㄅㄨˋ ㄐㄧㄥ ㄓ ㄊㄢˊ
不置可否,1,ㄅㄨˋ ㄓˋ ㄎㄜˇ ㄈㄡˇ
不置齒頰,1,ㄅㄨˋ ㄓˋ ㄔˇ ㄐㄧㄚˊ
不義之財,1,ㄅㄨˋ ㄧˋ ㄓ ㄘㄞˊ
不習水土,1,ㄅㄨˋ ㄒㄧˊ ㄕㄨㄟˇ ㄊㄨˇ
不習水性,1,ㄅㄨˋ ㄒㄧˊ ㄕㄨㄟˇ ㄒㄧㄥˋ
不翼而飛,1,ㄅㄨˋ ㄧˋ ㄦˊ ㄈㄟ
不老長生,1,ㄅㄨˋ ㄌㄠˇ ㄔㄤˊ ㄕㄥ
不耐心煩,1,ㄅㄨˋ ㄋㄞˋ ㄒㄧㄣ ㄈㄢˊ
不聞不問,1,ㄅㄨˋ ㄨㄣˊ ㄅㄨˋ ㄨㄣˋ
不聽使喚,1,ㄅㄨˋ ㄊㄧㄥ ㄕˇ ㄏㄨㄢˋ
不肖之徒,1,ㄅㄨˋ ㄒㄧㄠˋ ㄓ ㄊㄨˊ
不肖子孫,1,ㄅㄨˋ ㄒㄧㄠˋ ㄗˇ ㄙㄨㄣ
不肯一世,1,ㄅㄨˋ ㄎㄣˇ ㄧ ㄕˋ
不肯干休,1,ㄅㄨˋ ㄎㄣˇ ㄍㄢ ㄒㄧㄡ
不能出口,1,ㄅㄨˋ ㄋㄥˊ ㄔㄨ ㄎㄡˇ
不能勝數,1,ㄅㄨˋ ㄋㄥˊ ㄕㄥ ㄕㄨˇ
不能盡數,1,ㄅㄨˋ ㄋㄥˊ ㄐㄧㄣˋ ㄕㄨˇ
不能自休,1,ㄅㄨˋ ㄋㄥˊ ㄗˋ ㄒㄧㄡ
不能自免,1,ㄅㄨˋ ㄋㄥˊ ㄗˋ ㄇㄧㄢˇ
不能自制,1,ㄅㄨˋ ㄋㄥˊ ㄗˋ ㄓˋ
不能自給,1,ㄅㄨˋ ㄋㄥˊ ㄗˋ ㄐㄧˇ
不脛而走,1,ㄅㄨˋ ㄐㄧㄥˋ ㄦˊ ㄗㄡˇ
不脩邊幅,1,ㄅㄨˋ ㄒㄧㄡ ㄅㄧㄢ ㄈㄨˊ
不臣之心,1,ㄅㄨˋ ㄔㄣˊ ㄓ ㄒㄧㄣ
不自量力,1,ㄅㄨˋ ㄗˋ ㄌㄧㄤˋ ㄌㄧˋ
不與不取,1,ㄅㄨˋ ㄩˇ ㄅㄨˋ ㄑㄩˇ
不舍晝夜,1,ㄅㄨˋ ㄕㄜˇ ㄓㄡˋ ㄧㄝˋ
不舞之鶴,1,ㄅㄨˋ ㄨˇ ㄓ ㄏㄜˋ
不良之心,1,ㄅㄨˋ ㄌㄧㄤˊ ㄓ ㄒㄧㄣ
不良事濟,1,ㄅㄨˋ ㄌㄧㄤˊ ㄕˋ ㄐㄧˋ
不良分子,1,ㄅㄨˋ ㄌㄧㄤˊ ㄈㄣˋ ㄗˇ
不良適應,1,ㄅㄨˋ ㄌㄧㄤˊ ㄕˋ ㄧㄥˋ
不苟言談,1,ㄅㄨˋ ㄍㄡˇ ㄧㄢˊ ㄊㄢˊ
不茶不飯,1,ㄅㄨˋ ㄔㄚˊ ㄅㄨˋ ㄈㄢˋ
不荒不忙,1,ㄅㄨˋ ㄏㄨㄤ ㄅㄨˋ ㄇㄤˊ
不落人後,1,ㄅㄨˋ ㄌㄨㄛˋ ㄖㄣˊ ㄏㄡˋ
不落俗套,1,ㄅㄨˋ ㄌㄨㄛˋ ㄙㄨˊ ㄊㄠˋ
不落窠臼,1,ㄅㄨˋ ㄌㄨㄛˋ ㄎㄜ ㄐㄧㄡˋ
不著一字,1,ㄅㄨˋ ㄓㄨㄛˊ ㄧ ㄗˋ
不著不落,1,ㄅㄨˋ ㄓㄨㄛˊ ㄅㄨˋ ㄌㄨㄛˋ
不著疼熱,1,ㄅㄨˋ ㄓㄨㄛˊ ㄊㄥˊ ㄖㄜˋ
不著痕跡,1,ㄅㄨˋ ㄓㄨㄛˊ ㄏㄣˊ ㄐㄧ
不著痛癢,1,ㄅㄨˋ ㄓㄨㄛˊ ㄊㄨㄥˋ ㄧㄤˇ
不著筋節,1,ㄅㄨˋ ㄓㄨㄛˊ ㄐㄧㄣ ㄐㄧㄝˊ
不著邊際,1,ㄅㄨˋ ㄓㄨㄛˊ ㄅㄧㄢ ㄐㄧˋ
不葷不素,1,ㄅㄨˋ ㄏㄨㄣ ㄅㄨˋ ㄙㄨˋ
不蔓不支,1,ㄅㄨˋ ㄇㄢˋ ㄅㄨˋ ㄓ
不蔓不枝,1,ㄅㄨˋ ㄇㄢˋ ㄅㄨˋ ㄓ
不藥而癒,1,ㄅㄨˋ ㄧㄠˋ ㄦˊ ㄩˋ
不虞之譽,1,ㄅㄨˋ ㄩˊ ㄓ ㄩˋ
不虞之隙,1,ㄅㄨˋ ㄩˊ ㄓ ㄒㄧˋ
不衫不履,1,ㄅㄨˋ ㄕㄢ ㄅㄨˋ ㄌㄩˇ
不見不散,1,ㄅㄨˋ ㄐㄧㄢˋ ㄅㄨˋ ㄙㄢˋ
不見世面,1,ㄅㄨˋ ㄐㄧㄢˋ ㄕˋ ㄇㄧㄢˋ
不見人影,1,ㄅㄨˋ ㄐㄧㄢˋ ㄖㄣˊ ㄧㄥˇ
不見則聲,1,ㄅㄨˋ ㄐㄧㄢˋ ㄗㄜˊ ㄕㄥ
不見動靜,1,ㄅㄨˋ ㄐㄧㄢˋ ㄉㄨㄥˋ ㄐㄧㄥˋ
不見圭角,1,ㄅㄨˋ ㄐㄧㄢˋ ㄍㄨㄟ ㄐㄧㄠˇ
不見天日,1,ㄅㄨˋ ㄐㄧㄢˋ ㄊㄧㄢ ㄖˋ
不見經傳,1,ㄅㄨˋ ㄐㄧㄢˋ ㄐㄧㄥ ㄓㄨㄢˋ
不見識面,1,ㄅㄨˋ ㄐㄧㄢˋ ㄕˋ ㄇㄧㄢˋ
不見蹤影,1,ㄅㄨˋ ㄐㄧㄢˋ ㄗㄨㄥ ㄧㄥˇ
不見輸贏,1,ㄅㄨˋ ㄐㄧㄢˋ ㄕㄨ ㄧㄥˊ
不視生產,1,ㄅㄨˋ ㄕˋ ㄕㄥ ㄔㄢˇ
不親筆硯,1,ㄅㄨˋ ㄑㄧㄣ ㄅㄧˇ ㄧㄢˋ
不解之緣,1,ㄅㄨˋ ㄐㄧㄝˇ ㄓ ㄩㄢˊ
不解其故,1,ㄅㄨˋ ㄐㄧㄝˇ ㄑㄧˊ ㄍㄨˋ
不言之教,1,ㄅㄨˋ ㄧㄢˊ ㄓ ㄐㄧㄠˋ
不言而化,1,ㄅㄨˋ ㄧㄢˊ ㄦˊ ㄏㄨㄚˋ
不計其數,1,ㄅㄨˋ ㄐㄧˋ ㄑㄧˊ ㄕㄨˋ
不計利害,1,ㄅㄨˋ ㄐㄧˋ ㄌㄧˋ ㄏㄞˋ
不計得失,1,ㄅㄨˋ ㄐㄧˋ ㄉㄜˊ ㄕ
不說虛頭,1,ㄅㄨˋ ㄕㄨㄛ ㄒㄩ ㄊㄡˊ
不論好壞,1,ㄅㄨˋ ㄌㄨㄣˋ ㄏㄠˇ ㄏㄨㄞˋ
不論秧子,1,ㄅㄨˋ ㄌㄨㄣˋ ㄧㄤ ㄗ˙
不諱之變,1,ㄅㄨˋ ㄏㄨㄟˋ ㄓ ㄅㄧㄢˋ
不諳事務,1,ㄅㄨˋ ㄢ ㄕˋ ㄨˋ
不謀而同,1,ㄅㄨˋ ㄇㄡˊ ㄦˊ ㄊㄨㄥˊ
不講情理,1,ㄅㄨˋ ㄐㄧㄤˇ ㄑㄧㄥˊ ㄌㄧˇ
不識一丁,1,ㄅㄨˋ ㄕˋ ㄧ ㄉㄧㄥ
不識之無,1,ㄅㄨˋ ㄕˋ ㄓ ㄨˊ
不識大體,1,ㄅㄨˋ ㄕˋ ㄉㄚˋ ㄊㄧˇ
不識好歹,1,ㄅㄨˋ ㄕˋ ㄏㄠˇ ㄉㄞˇ
不識局面,1,ㄅㄨˋ ㄕˋ ㄐㄩˊ ㄇㄧㄢˋ
不識抬舉,1,ㄅㄨˋ ㄕˋ ㄊㄞˊ ㄐㄩ˙
不識斤兩,1,ㄅㄨˋ ㄕˋ ㄐㄧㄣ ㄌㄧㄤˇ
不識時務,1,ㄅㄨˋ ㄕˋ ㄕˊ ㄨˋ
不識時變,1,ㄅㄨˋ ㄕˋ ㄕˊ ㄅㄧㄢˋ
不識泰山,1,ㄅㄨˋ ㄕˋ ㄊㄞˋ ㄕㄢ
不識羞恥,1,ㄅㄨˋ ㄕˋ ㄒㄧㄡ ㄔˇ
不識起倒,1,ㄅㄨˋ ㄕˋ ㄑㄧˇ ㄉㄠˇ
不識進退,1,ㄅㄨˋ ㄕˋ ㄐㄧㄣˋ ㄊㄨㄟˋ
不識風色,1,ㄅㄨˋ ㄕˋ ㄈㄥ ㄙㄜˋ
不識高低,1,ㄅㄨˋ ㄕˋ ㄍㄠ ㄉㄧ
不護細行,1,ㄅㄨˋ ㄏㄨˋ ㄒㄧˋ ㄒㄧㄥˋ
不變價格,1,ㄅㄨˋ ㄅㄧㄢˋ ㄐㄧㄚˋ ㄍㄜˊ
不讓鬚眉,1,ㄅㄨˋ ㄖㄤˋ ㄒㄩ ㄇㄟˊ
不豐不殺,1,ㄅㄨˋ ㄈㄥ ㄅㄨˋ ㄕㄞˋ
不負所托,1,ㄅㄨˋ ㄈㄨˋ ㄙㄨㄛˇ ㄊㄨㄛ
不負眾望,1,ㄅㄨˋ ㄈㄨˋ ㄓㄨㄥˋ ㄨㄤˋ
不賢都頭,1,ㄅㄨˋ ㄒㄧㄢˊ ㄉㄨ ㄊㄡˊ
不贊一辭,1,ㄅㄨˋ ㄗㄢˋ ㄧ ㄘˊ
不走旁門,1,ㄅㄨˋ ㄗㄡˇ ㄆㄤˊ ㄇㄣˊ
不起之病,1,ㄅㄨˋ ㄑㄧˇ ㄓ ㄅㄧㄥˋ
不足之症,1,ㄅㄨˋ ㄗㄨˊ ㄓ ㄓㄥˋ
不足介意,1,ㄅㄨˋ ㄗㄨˊ ㄐㄧㄝˋ ㄧˋ
不足回旋,1,ㄅㄨˋ ㄗㄨˊ ㄏㄨㄟˊ ㄒㄩㄢˊ
不足為怪,1,ㄅㄨˋ ㄗㄨˊ ㄨㄟˊ ㄍㄨㄞˋ
不足為慮,1,ㄅㄨˋ ㄗㄨˊ ㄨㄟˊ ㄌㄩˋ
不足為據,1,ㄅㄨˋ ㄗㄨˊ ㄨㄟˊ ㄐㄩˋ
不足為道,1,ㄅㄨˋ ㄗㄨˊ ㄨㄟˊ ㄉㄠˋ
不足齒及,1,ㄅㄨˋ ㄗㄨˊ ㄔˇ ㄐㄧˊ
不足齒數,1,ㄅㄨˋ ㄗㄨˊ ㄔˇ ㄕㄨˇ
不軌之心,1,ㄅㄨˋ ㄍㄨㄟˇ ㄓ ㄒㄧㄣ
不輕容易,1,ㄅㄨˋ ㄑㄧㄥ ㄖㄨㄥˊ ㄧˋ
不辨菽麥,1,ㄅㄨˋ ㄅㄧㄢˋ ㄕㄨˊ ㄇㄞˋ
不辭勞怨,1,ㄅㄨˋ ㄘˊ ㄌㄠˊ ㄩㄢˋ
不辱使命,1,ㄅㄨˋ ㄖㄨˋ ㄕˇ ㄇㄧㄥˋ
不近人情,1,ㄅㄨˋ ㄐㄧㄣˋ ㄖㄣˊ ㄑㄧㄥˊ
不近情理,1,ㄅㄨˋ ㄐㄧㄣˋ ㄑㄧㄥˊ ㄌㄧˇ
不送氣音,1,ㄅㄨˋ ㄙㄨㄥˋ ㄑㄧˋ ㄧㄣ
不透明體,1,ㄅㄨˋ ㄊㄡˋ ㄇㄧㄥˊ ㄊㄧˇ
不通弔慶,1,ㄅㄨˋ ㄊㄨㄥ ㄉㄧㄠˋ ㄑㄧㄥˋ
不通水火,1,ㄅㄨˋ ㄊㄨㄥ ㄕㄨㄟˇ ㄏㄨㄛˇ
不通痾癢,1,ㄅㄨˋ ㄊㄨㄥ ㄜ ㄧㄤˇ
不通聞問,1,ㄅㄨˋ ㄊㄨㄥ ㄨㄣˊ ㄨㄣˋ
不逞之徒,1,ㄅㄨˋ ㄔㄥˇ ㄓ ㄊㄨˊ
不速之客,1,ㄅㄨˋ ㄙㄨˋ ㄓ ㄎㄜˋ
不逮人倫,1,ㄅㄨˋ ㄉㄞˋ ㄖㄣˊ ㄌㄨㄣˊ
不遂心懷,1,ㄅㄨˋ ㄙㄨㄟˋ ㄒㄧㄣ ㄏㄨㄞˊ
不過如此,1,ㄅㄨˋ ㄍㄨㄛˋ ㄖㄨˊ ㄘˇ
不過爾爾,1,ㄅㄨˋ ㄍㄨㄛˋ ㄦˇ ㄦˇ
不遑寧處,1,ㄅㄨˋ ㄏㄨㄤˊ ㄋㄧㄥˊ ㄔㄨˇ
不遑枚舉,1,ㄅㄨˋ ㄏㄨㄤˊ ㄇㄟˊ ㄐㄩˇ
不達時務,1,ㄅㄨˋ ㄉㄚˊ ㄕˊ ㄨˋ
不達時宜,1,ㄅㄨˋ ㄉㄚˊ ㄕˊ ㄧˊ
不達道理,1,ㄅㄨˋ ㄉㄚˊ ㄉㄠˋ ㄌㄧˇ
不違農時,1,ㄅㄨˋ ㄨㄟˊ ㄋㄨㄥˊ ㄕˊ
不遠不近,1,ㄅㄨˋ ㄩㄢˇ ㄅㄨˋ ㄐㄧㄣˋ
不遠萬里,1,ㄅㄨˋ ㄩㄢˇ ㄨㄢˋ ㄌㄧˇ
不遲不疾,1,ㄅㄨˋ ㄔˊ ㄅㄨˋ ㄐㄧˊ
不避嫌疑,1,ㄅㄨˋ ㄅㄧˋ ㄒㄧㄢˊ ㄧˊ
不避彊禦,1,ㄅㄨˋ ㄅㄧˋ ㄑㄧㄤˊ ㄩˋ
不郎不秀,1,ㄅㄨˋ ㄌㄤˊ ㄅㄨˋ ㄒㄧㄡˋ
不醒人事,1,ㄅㄨˋ ㄒㄧㄥˇ ㄖㄣˊ ㄕˋ
不鏽鋼板,1,ㄅㄨˋ ㄒㄧㄡˋ ㄍㄤ ㄅㄢˇ
不長眼睛,1,ㄅㄨˋ ㄓㄤˇ ㄧㄢˇ ㄐㄧㄥ
不間不架,1,ㄅㄨˋ ㄐㄧㄢ ㄅㄨˋ ㄐㄧㄚˋ
不間不界,1,ㄅㄨˋ ㄐㄧㄢ ㄅㄨˋ ㄐㄧㄝˋ
不關緊要,1,ㄅㄨˋ ㄍㄨㄢ ㄐㄧㄣˇ ㄧㄠˋ
不陰不陽,1,ㄅㄨˋ ㄧㄣ ㄅㄨˋ ㄧㄤˊ
不雌不雄,1,ㄅㄨˋ ㄘ ㄅㄨˋ ㄒㄩㄥˊ
不零不搭,1,ㄅㄨˋ ㄌㄧㄥˊ ㄅㄨˋ ㄉㄚ
不零不落,1,ㄅㄨˋ ㄌㄧㄥˊ ㄅㄨˋ ㄌㄨㄛˋ
不露圭角,1,ㄅㄨˋ ㄌㄨˋ ㄍㄨㄟ ㄐㄧㄠˇ
不露神色,1,ㄅㄨˋ ㄌㄡˋ ㄕㄣˊ ㄙㄜˋ
不露聲色,1,ㄅㄨˋ ㄌㄡˋ ㄕㄥ ㄙㄜˋ
不露身手,1,ㄅㄨˋ ㄌㄡˋ ㄕㄣ ㄕㄡˇ
不露鋒芒,1,ㄅㄨˋ ㄌㄡˋ ㄈㄥ ㄇㄤˊ
不露風聲,1,ㄅㄨˋ ㄌㄡˋ ㄈㄥ ㄕㄥ
不露馬腳,1,ㄅㄨˋ ㄌㄡˋ ㄇㄚˇ ㄐㄧㄠˇ
不顧一切,1,ㄅㄨˋ ㄍㄨˋ ㄧ ㄑㄧㄝˋ
不顧前後,1,ㄅㄨˋ ㄍㄨˋ ㄑㄧㄢˊ ㄏㄡˋ
不顧曲直,1,ㄅㄨˋ ㄍㄨˋ ㄑㄩ ㄓˊ
不顧死活,1,ㄅㄨˋ ㄍㄨˋ ㄙˇ ㄏㄨㄛˊ
不顧生死,1,ㄅㄨˋ ㄍㄨˋ ㄕㄥ ㄙˇ
不顧而唾,1,ㄅㄨˋ ㄍㄨˋ ㄦˊ ㄊㄨㄛˋ
不顧閒野,1,ㄅㄨˋ ㄍㄨˋ ㄒㄧㄢˊ ㄧㄝˇ
不顧體統,1,ㄅㄨˋ ㄍㄨˋ ㄊㄧˇ ㄊㄨㄥˇ
不顧高低,1,ㄅㄨˋ ㄍㄨˋ ㄍㄠ ㄉㄧ
不食之地,1,ㄅㄨˋ ㄕˊ ㄓ ㄉㄧˋ
不食周粟,1,ㄅㄨˋ ㄕˊ ㄓㄡ ㄙㄨˋ
不食煙火,1,ㄅㄨˋ ㄕˊ ㄧㄢ ㄏㄨㄛˇ
不飲盜泉,1,ㄅㄨˋ ㄧㄣˇ ㄉㄠˋ ㄑㄩㄢˊ
不驕不躁,1,ㄅㄨˋ ㄐㄧㄠ ㄅㄨˋ ㄗㄠˋ
不龜手藥,1,ㄅㄨˋ ㄐㄩㄣ ㄕㄡˇ ㄧㄠˋ
且行且談,1,ㄑㄧㄝˇ ㄒㄧㄥˊ ㄑㄧㄝˇ ㄊㄢˊ
世事難料,1,ㄕˋ ㄕˋ ㄋㄢˊ ㄌㄧㄠˋ
丙吉問牛,1,ㄅㄧㄥˇ ㄐㄧˊ ㄨㄣˋ ㄋㄧㄡˊ
丙等特考,1,ㄅㄧㄥˇ ㄉㄥˇ ㄊㄜˋ ㄎㄠˇ
丙馭吐茵,1,ㄅㄧㄥˇ ㄩˋ ㄊㄨˋ ㄧㄣ
丟三忘四,1,ㄉㄧㄡ ㄙㄢ ㄨㄤˋ ㄙˋ
丟丟抹抹,1,ㄉㄧㄡ ㄉㄧㄡ ㄇㄛˇ ㄇㄛˇ
丟丟秀秀,1,ㄉㄧㄡ ㄉㄧㄡ ㄒㄧㄡˋ ㄒㄧㄡˋ
丟油撒水,1,ㄉㄧㄡ ㄧㄡˊ ㄙㄚˇ ㄕㄨㄟˇ
丟盔卸甲,1,ㄉㄧㄡ ㄎㄨㄟ ㄒㄧㄝˋ ㄐㄧㄚˇ
丟盔撩甲,1,ㄉㄧㄡ ㄎㄨㄟ ㄌㄧㄠˊ ㄐㄧㄚˇ
丟眉丟眼,1,ㄉㄧㄡ ㄇㄟˊ ㄉㄧㄡ ㄧㄢˇ
丟眉弄眼,1,ㄉㄧㄡ ㄇㄟˊ ㄋㄨㄥˋ ㄧㄢˇ
丟眉弄色,1,ㄉㄧㄡ ㄇㄟˊ ㄋㄨㄥˋ ㄙㄜˋ
丟磚料瓦,1,ㄉㄧㄡ ㄓㄨㄢ ㄌㄧㄠˋ ㄨㄚˇ
丟輪扯砲,1,ㄉㄧㄡ ㄌㄨㄣˊ ㄔㄜˇ ㄆㄠˋ
丟風撒腳,1,ㄉㄧㄡ ㄈㄥ ㄙㄚ ㄐㄧㄠˇ
並世無雙,1,ㄅㄧㄥˋ ㄕˋ ㄨˊ ㄕㄨㄤ
並垂不朽,1,ㄅㄧㄥˋ ㄔㄨㄟˊ ㄅㄨˋ ㄒㄧㄡˇ
並存不悖,1,ㄅㄧㄥˋ ㄘㄨㄣˊ ㄅㄨˋ ㄅㄟˋ
並概青雲,1,ㄅㄧㄥˋ ㄍㄞˋ ㄑㄧㄥ ㄩㄣˊ
並無不當,1,ㄅㄧㄥˋ ㄨˊ ㄅㄨˋ ㄉㄤˋ
並無此事,1,ㄅㄧㄥˋ ㄨˊ ㄘˇ ㄕˋ
並肩前進,1,ㄅㄧㄥˋ ㄐㄧㄢ ㄑㄧㄢˊ ㄐㄧㄣˋ
並頭之花,1,ㄅㄧㄥˋ ㄊㄡˊ ㄓ ㄏㄨㄚ
丫頭片子,1,ㄧㄚ ㄊㄡ˙ ㄆㄧㄢˋ ㄗ˙
中亞細亞,1,ㄓㄨㄥ ㄧㄚˋ ㄒㄧˋ ㄧㄚˋ
中介社團,1,ㄓㄨㄥ ㄐㄧㄝˋ ㄕㄜˋ ㄊㄨㄢˊ
中冓之言,1,ㄓㄨㄥ ㄍㄡˋ ㄓ ㄧㄢˊ
中千世界,1,ㄓㄨㄥ ㄑㄧㄢ ㄕˋ ㄐㄧㄝˋ
中原音韻,1,ㄓㄨㄥ ㄩㄢˊ ㄧㄣ ㄩㄣˋ
中和反應,1,ㄓㄨㄥ ㄏㄜˊ ㄈㄢˇ ㄧㄥˋ
中國之春,1,ㄓㄨㄥ ㄍㄨㄛˊ ㄓ ㄔㄨㄣ
中國文字,1,ㄓㄨㄥ ㄍㄨㄛˊ ㄨㄣˊ ㄗˋ
中外公報,1,ㄓㄨㄥ ㄨㄞˋ ㄍㄨㄥ ㄅㄠˋ
中外馳名,1,ㄓㄨㄥ ㄨㄞˋ ㄔˊ ㄇㄧㄥˊ
中州音韻,1,ㄓㄨㄥ ㄓㄡ ㄧㄣ ㄩㄣˋ
中年時期,1,ㄓㄨㄥ ㄋㄧㄢˊ ㄕˊ ㄑㄧˊ
中心匯率,1,ㄓㄨㄥ ㄒㄧㄣ ㄏㄨㄟˋ ㄌㄩˋ
中心商品,1,ㄓㄨㄥ ㄒㄧㄣ ㄕㄤ ㄆㄧㄣˇ
中懣之症,1,ㄓㄨㄥˋ ㄇㄣˋ ㄓ ㄓㄥˋ
中懷怨恨,1,ㄓㄨㄥ ㄏㄨㄞˊ ㄩㄢˋ ㄏㄣˋ
中散大夫,1,ㄓㄨㄥ ㄙㄢˇ ㄉㄚˋ ㄈㄨ
中文內碼,1,ㄓㄨㄥ ㄨㄣˊ ㄋㄟˋ ㄇㄚˇ
中書舍人,1,ㄓㄨㄥ ㄕㄨ ㄕㄜˋ ㄖㄣˊ
中樞機關,1,ㄓㄨㄥ ㄕㄨ ㄐㄧ ㄍㄨㄢ
中法戰爭,1,ㄓㄨㄥ ㄈㄚˇ ㄓㄢˋ ㄓㄥ
中波波段,1,ㄓㄨㄥ ㄅㄛ ㄅㄛ ㄉㄨㄢˋ
中注模樣,1,ㄓㄨㄥ ㄓㄨˋ ㄇㄛˊ ㄧㄤˋ
中流擊楫,1,ㄓㄨㄥ ㄌㄧㄡˊ ㄐㄧˊ ㄐㄧˊ
中源地震,1,ㄓㄨㄥ ㄩㄢˊ ㄉㄧˋ ㄓㄣˋ
中生動物,1,ㄓㄨㄥ ㄕㄥ ㄉㄨㄥˋ ㄨˋ
中立法規,1,ㄓㄨㄥ ㄌㄧˋ ㄈㄚˇ ㄍㄨㄟ
中美地峽,1,ㄓㄨㄥ ㄇㄟˇ ㄉㄧˋ ㄒㄧㄚˊ
中華新韻,1,ㄓㄨㄥ ㄏㄨㄚˊ ㄒㄧㄣ ㄩㄣˋ
中藥偏方,1,ㄓㄨㄥ ㄧㄠˋ ㄆㄧㄢ ㄈㄤ
中谷有蓷,1,ㄓㄨㄥ ㄍㄨˇ ㄧㄡˇ ㄊㄨㄟ
中質原油,1,ㄓㄨㄥ ㄓˊ ㄩㄢˊ ㄧㄡˊ
中路梆子,1,ㄓㄨㄥ ㄌㄨˋ ㄅㄤ ㄗ˙
中途之家,1,ㄓㄨㄥ ㄊㄨˊ ㄓ ㄐㄧㄚ
中途曝光,1,ㄓㄨㄥ ㄊㄨˊ ㄆㄨˋ ㄍㄨㄤ
中途而廢,1,ㄓㄨㄥ ㄊㄨˊ ㄦˊ ㄈㄟˋ
中道而廢,1,ㄓㄨㄥ ㄉㄠˋ ㄦˊ ㄈㄟˋ
中間地帶,1,ㄓㄨㄥ ㄐㄧㄢ ㄉㄧˋ ㄉㄞˋ
中間宿主,1,ㄓㄨㄥ ㄐㄧㄢ ㄙㄨˋ ㄓㄨˇ
中間產品,1,ㄓㄨㄥ ㄐㄧㄢ ㄔㄢˇ ㄆㄧㄣˇ
中間砧木,1,ㄓㄨㄥ ㄐㄧㄢ ㄓㄣ ㄇㄨˋ
中音提琴,1,ㄓㄨㄥ ㄧㄣ ㄊㄧˊ ㄑㄧㄣˊ
中饋乏人,1,ㄓㄨㄥ ㄎㄨㄟˋ ㄈㄚˊ ㄖㄣˊ
中饋猶虛,1,ㄓㄨㄥ ㄎㄨㄟˋ ㄧㄡˊ ㄒㄩ
丰姿冶麗,1,ㄈㄥ ㄗ ㄧㄝˇ ㄌㄧˋ
丰姿綽約,1,ㄈㄥ ㄗ ㄔㄨㄛˋ ㄩㄝ
丰標不凡,1,ㄈㄥ ㄅㄧㄠ ㄅㄨˋ ㄈㄢˊ
丰神俊美,1,ㄈㄥ ㄕㄣˊ ㄐㄩㄣˋ ㄇㄟˇ
丰神綽約,1,ㄈㄥ ㄕㄣˊ ㄔㄨㄛˋ ㄩㄝ
丰神飄灑,1,ㄈㄥ ㄕㄣˊ ㄆㄧㄠ ㄙㄚˇ
串聯電阻,1,ㄔㄨㄢˋ ㄌㄧㄢˊ ㄉㄧㄢˋ ㄗㄨˇ
串通一氣,1,ㄔㄨㄢˋ ㄊㄨㄥ ㄧ ㄑㄧˋ
丹徒布衣,1,ㄉㄢ ㄊㄨˊ ㄅㄨˋ ㄧ
丹心碧血,1,ㄉㄢ ㄒㄧㄣ ㄅㄧˋ ㄒㄧㄝˇ
丹書鐵契,1,ㄉㄢ ㄕㄨ ㄊㄧㄝˇ ㄑㄧˋ
丹楹刻桷,1,ㄉㄢ ㄧㄥˊ ㄎㄜˋ ㄐㄩㄝˊ
丹脣啟秀,1,ㄉㄢ ㄔㄨㄣˊ ㄑㄧˇ ㄒㄧㄡˋ
丹誠不泯,1,ㄉㄢ ㄔㄥˊ ㄅㄨˋ ㄇㄧㄣˇ
丹誠相許,1,ㄉㄢ ㄔㄥˊ ㄒㄧㄤ ㄒㄩˇ
丹青妙手,1,ㄉㄢ ㄑㄧㄥ ㄇㄧㄠˋ ㄕㄡˇ
丹麥學派,1,ㄉㄢ ㄇㄞˋ ㄒㄩㄝˊ ㄆㄞˋ
丹麥王國,1,ㄉㄢ ㄇㄞˋ ㄨㄤˊ ㄍㄨㄛˊ
主動脈弓,1,ㄓㄨˇ ㄉㄨㄥˋ ㄇㄞˋ ㄍㄨㄥ
主幹家庭,1,ㄓㄨˇ ㄍㄢˋ ㄐㄧㄚ ㄊㄧㄥˊ
主從架構,1,ㄓㄨˇ ㄗㄨㄥˋ ㄐㄧㄚˋ ㄍㄡˋ
主情造意,1,ㄓㄨˇ ㄑㄧㄥˊ ㄗㄠˋ ㄧˋ
主憂臣辱,1,ㄓㄨˇ ㄧㄡ ㄔㄣˊ ㄖㄨˋ
主敬存誠,1,ㄓㄨˇ ㄐㄧㄥˋ ㄘㄨㄣˊ ㄔㄥˊ
主文譎諫,1,ㄓㄨˇ ㄨㄣˊ ㄐㄩㄝˊ ㄐㄧㄢˋ
主治大夫,1,ㄓㄨˇ ㄓˋ ㄉㄞˋ ㄈㄨ˙
主辱臣死,1,ㄓㄨˇ ㄖㄨˋ ㄔㄣˊ ㄙˇ
主題派對,1,ㄓㄨˇ ㄊㄧˊ ㄆㄞˋ ㄉㄨㄟˋ
乃心王室,1,ㄋㄞˇ ㄒㄧㄣ ㄨㄤˊ ㄕˋ
乃文乃武,1,ㄋㄞˇ ㄨㄣˊ ㄋㄞˇ ㄨˇ
乃武乃文,1,ㄋㄞˇ ㄨˇ ㄋㄞˇ ㄨㄣˊ
久仰山斗,1,ㄐㄧㄡˇ ㄧㄤˇ ㄕㄢ ㄉㄡˇ
久假不歸,1,ㄐㄧㄡˇ ㄐㄧㄚˇ ㄅㄨˋ ㄍㄨㄟ
久停久住,1,ㄐㄧㄡˇ ㄊㄧㄥˊ ㄐㄧㄡˇ ㄓㄨˋ
久別相逢,1,ㄐㄧㄡˇ ㄅㄧㄝˊ ㄒㄧㄤ ㄈㄥˊ
久夢初醒,1,ㄐㄧㄡˇ ㄇㄥˋ ㄔㄨ ㄒㄧㄥˇ
久安長治,1,ㄐㄧㄡˇ ㄢ ㄔㄤˊ ㄓˋ
久慣牢成,1,ㄐㄧㄡˇ ㄍㄨㄢˋ ㄌㄠˊ ㄔㄥˊ
久慣老成,1,ㄐㄧㄡˇ ㄍㄨㄢˋ ㄌㄠˇ ㄔㄥˊ
久有存心,1,ㄐㄧㄡˇ ㄧㄡˇ ㄘㄨㄣˊ ㄒㄧㄣ
久病成醫,1,ㄐㄧㄡˇ ㄅㄧㄥˋ ㄔㄥˊ ㄧ
久聞大名,1,ㄐㄧㄡˇ ㄨㄣˊ ㄉㄚˋ ㄇㄧㄥˊ
久違顏範,1,ㄐㄧㄡˇ ㄨㄟˊ ㄧㄢˊ ㄈㄢˋ
么二三的,1,ㄧㄠ ㄦˋ ㄙㄢ ㄉㄜ˙
么麼小丑,1,ㄧㄠ ㄇㄛˊ ㄒㄧㄠˇ ㄔㄡˇ
之死靡他,1,ㄓ ㄙˇ ㄇㄧˇ ㄊㄨㄛ
之死靡它,1,ㄓ ㄙˇ ㄇㄧˇ ㄊㄨㄛ
乍入蘆圩,1,ㄓㄚˋ ㄖㄨˋ ㄌㄨˊ ㄩˊ
乍著膽子,1,ㄓㄚˋ ㄓㄜ˙ ㄉㄢˇ ㄗ˙
乖覺可喜,1,ㄍㄨㄞ ㄐㄩㄝˊ ㄎㄜˇ ㄒㄧˇ
乘亂坐大,1,ㄔㄥˊ ㄌㄨㄢˋ ㄗㄨㄛˋ ㄉㄚˋ
乘人不備,1,ㄔㄥˊ ㄖㄣˊ ㄅㄨˋ ㄅㄟˋ
乘人之厄,1,ㄔㄥˊ ㄖㄣˊ ㄓ ㄜˋ
乘其不備,1,ㄔㄥˊ ㄑㄧˊ ㄅㄨˋ ㄅㄟˋ
乘其不意,1,ㄔㄥˊ ㄑㄧˊ ㄅㄨˋ ㄧˋ
乘凶完配,1,ㄔㄥˊ ㄒㄩㄥ ㄨㄢˊ ㄆㄟˋ
乘勝逐北,1,ㄔㄥˊ ㄕㄥˋ ㄓㄨˊ ㄅㄛˋ
乘堅策肥,1,ㄔㄥˊ ㄐㄧㄢ ㄘㄜˋ ㄈㄟˊ
乘堅驅良,1,ㄔㄥˊ ㄐㄧㄢ ㄑㄩ ㄌㄧㄤˊ
乘奔御風,1,ㄔㄥˊ ㄅㄣ ㄩˋ ㄈㄥ
乘機坐大,1,ㄔㄥˊ ㄐㄧ ㄗㄨㄛˋ ㄉㄚˋ
乘機應變,1,ㄔㄥˊ ㄐㄧ ㄧㄥˋ ㄅㄧㄢˋ
乘火打劫,1,ㄔㄥˊ ㄏㄨㄛˇ ㄉㄚˇ ㄐㄧㄝˊ
乘肥衣輕,1,ㄔㄥˊ ㄈㄟˊ ㄧˋ ㄑㄧㄥ
乘車戴笠,1,ㄔㄥˊ ㄔㄜ ㄉㄞˋ ㄌㄧˋ
乘輕驅肥,1,ㄔㄥˊ ㄑㄧㄥ ㄑㄩ ㄈㄟˊ
乘輿播越,1,ㄔㄥˊ ㄩˊ ㄅㄛˋ ㄩㄝˋ
乘輿播遷,1,ㄔㄥˊ ㄩˊ ㄅㄛˋ ㄑㄧㄢ
乘間投隙,1,ㄔㄥˊ ㄐㄧㄢˋ ㄊㄡˊ ㄒㄧˋ
乘隙而入,1,ㄔㄥˊ ㄒㄧˋ ㄦˊ ㄖㄨˋ
乘鶴駕雲,1,ㄔㄥˊ ㄏㄜˋ ㄐㄧㄚˋ ㄩㄣˊ
乘鸞跨鳳,1,ㄔㄥˊ ㄌㄨㄢˊ ㄎㄨㄚˋ ㄈㄥˋ
乘龍佳婿,1,ㄔㄥˊ ㄌㄨㄥˊ ㄐㄧㄚ ㄒㄩˋ
乙等特考,1,ㄧˇ ㄉㄥˇ ㄊㄜˋ ㄎㄠˇ
乜乜屑屑,1,ㄇㄧㄝ ㄇㄧㄝ ㄒㄧㄝˋ ㄒㄧㄝˋ
乜乜踅踅,1,ㄇㄧㄝ ㄇㄧㄝ ㄒㄩㄝˊ ㄒㄩㄝˊ
乜斜纏帳,1,ㄇㄧㄝ ㄒㄧㄝˊ ㄔㄢˊ ㄓㄤˋ
九七大限,1,ㄐㄧㄡˇ ㄑㄧ ㄉㄚˋ ㄒㄧㄢˋ
九九歸一,1,ㄐㄧㄡˇ ㄐㄧㄡˇ ㄍㄨㄟ ㄧ
九九歸原,1,ㄐㄧㄡˇ ㄐㄧㄡˇ ㄍㄨㄟ ㄩㄢˊ
九五之位,1,ㄐㄧㄡˇ ㄨˇ ㄓ ㄨㄟˋ
九五之尊,1,ㄐㄧㄡˇ ㄨˇ ㄓ ㄗㄨㄣ
九原可作,1,ㄐㄧㄡˇ ㄩㄢˊ ㄎㄜˇ ㄗㄨㄛˋ
九合一匡,1,ㄐㄧㄡˇ ㄏㄜˊ ㄧ ㄎㄨㄤ
九吊六的,1,ㄐㄧㄡˇ ㄉㄧㄠˋ ㄌㄧㄡˋ ㄉㄜ˙
九國公約,1,ㄐㄧㄡˇ ㄍㄨㄛˊ ㄍㄨㄥ ㄩㄝ
九故十親,1,ㄐㄧㄡˇ ㄍㄨˋ ㄕˊ ㄑㄧㄣ
九朽一罷,1,ㄐㄧㄡˇ ㄒㄧㄡˇ ㄧ ㄅㄚˋ
九流三教,1,ㄐㄧㄡˇ ㄌㄧㄡˊ ㄙㄢ ㄐㄧㄠˋ
九流十家,1,ㄐㄧㄡˇ ㄌㄧㄡˊ ㄕˊ ㄐㄧㄚ
九流百家,1,ㄐㄧㄡˇ ㄌㄧㄡˊ ㄅㄞˇ ㄐㄧㄚ
九烈三貞,1,ㄐㄧㄡˇ ㄌㄧㄝˋ ㄙㄢ ㄓㄣ
九煉成鋼,1,ㄐㄧㄡˇ ㄌㄧㄢˋ ㄔㄥˊ ㄍㄤ
九畹遺容,1,ㄐㄧㄡˇ ㄨㄢˇ ㄧˊ ㄖㄨㄥˊ
九經字樣,1,ㄐㄧㄡˇ ㄐㄧㄥ ㄗˋ ㄧㄤˋ
九鼎大呂,1,ㄐㄧㄡˇ ㄉㄧㄥˇ ㄉㄚˋ ㄌㄩˇ
乞乞縮縮,1,ㄑㄧˇ ㄑㄧˇ ㄙㄨˋ ㄙㄨˋ
乞伏國仁,1,ㄑㄧˇ ㄈㄨˊ ㄍㄨㄛˊ ㄖㄣˊ
乞哀告憐,1,ㄑㄧˇ ㄞ ㄍㄠˋ ㄌㄧㄢˊ
乞憐搖尾,1,ㄑㄧˇ ㄌㄧㄢˊ ㄧㄠˊ ㄨㄟˇ
乞拉朋吉,1,ㄑㄧˇ ㄌㄚ ㄆㄥˊ ㄐㄧˊ
乞漿得酒,1,ㄑㄧˇ ㄐㄧㄤ ㄉㄜˊ ㄐㄧㄡˇ
乞留乞良,1,ㄑㄧˇ ㄌㄧㄡˊ ㄑㄧˇ ㄌㄧㄤˊ
乞留惡濫,1,ㄑㄧˇ ㄌㄧㄡˊ ㄜˋ ㄌㄢˋ
乞留曲律,1,ㄑㄧˇ ㄌㄧㄡˊ ㄑㄩ ㄌㄩˋ
乞留玎琅,1,ㄑㄧˇ ㄌㄧㄡˊ ㄉㄧㄥ ㄌㄤˊ
乞窮儉相,1,ㄑㄧˇ ㄑㄩㄥˊ ㄐㄧㄢˇ ㄒㄧㄤˋ
乞食飯牛,1,ㄑㄧˇ ㄕˊ ㄈㄢˋ ㄋㄧㄡˊ
也不盡然,1,ㄧㄝˇ ㄅㄨˋ ㄐㄧㄣˋ ㄖㄢˊ
也不見得,1,ㄧㄝˇ ㄅㄨˋ ㄐㄧㄢˋ ㄉㄜˊ
也未可知,1,ㄧㄝˇ ㄨㄟˋ ㄎㄜˇ ㄓ
乳水交融,1,ㄖㄨˇ ㄕㄨㄟˇ ㄐㄧㄠ ㄖㄨㄥˊ
乳燕雙雙,1,ㄖㄨˇ ㄧㄢˋ ㄕㄨㄤ ㄕㄨㄤ
乳臭小子,1,ㄖㄨˇ ㄒㄧㄡˋ ㄒㄧㄠˇ ㄗ˙
乳藥求死,1,ㄖㄨˇ ㄧㄠˋ ㄑㄧㄡˊ ㄙˇ
乾啼濕哭,1,ㄍㄢ ㄊㄧˊ ㄕ ㄎㄨ
乾圓潔淨,1,ㄍㄢ ㄩㄢˊ ㄐㄧㄝˊ ㄐㄧㄥˋ
乾坤一擲,1,ㄑㄧㄢˊ ㄎㄨㄣ ㄧ ㄓˊ
乾坤再造,1,ㄑㄧㄢˊ ㄎㄨㄣ ㄗㄞˋ ㄗㄠˋ
乾巴疵咧,1,ㄍㄢ ㄅㄚ˙ ㄘ ㄌㄧㄝ
乾淨俐落,1,ㄍㄢ ㄐㄧㄥˋ ㄌㄧˋ ㄌㄨㄛ˙
乾淨爽利,1,ㄍㄢ ㄐㄧㄥˋ ㄕㄨㄤˇ ㄌㄧˋ
乾燥氣候,1,ㄍㄢ ㄗㄠˋ ㄑㄧˋ ㄏㄡˋ
乾脆爽快,1,ㄍㄢ ㄘㄨㄟˋ ㄕㄨㄤˇ ㄎㄨㄞˋ
乾餱以愆,1,ㄍㄢ ㄏㄡˊ ㄧˇ ㄑㄧㄢ
亂三攪四,1,ㄌㄨㄢˋ ㄙㄢ ㄐㄧㄠˇ ㄙˋ
亂世凶年,1,ㄌㄨㄢˋ ㄕˋ ㄒㄩㄥ ㄋㄧㄢˊ
亂中有序,1,ㄌㄨㄢˋ ㄓㄨㄥ ㄧㄡˇ ㄒㄩˋ
亂亂騰騰,1,ㄌㄨㄢˋ ㄌㄨㄢˋ ㄊㄥˊ ㄊㄥˊ
亂亂騰騰,1,ㄌㄨㄢˋ ㄌㄨㄢ˙ ㄊㄥ ㄊㄥ
亂作蕭牆,1,ㄌㄨㄢˋ ㄗㄨㄛˋ ㄒㄧㄠ ㄑㄧㄤˊ
亂俗傷風,1,ㄌㄨㄢˋ ㄙㄨˊ ㄕㄤ ㄈㄥ
亂嚼舌頭,1,ㄌㄨㄢˋ ㄐㄧㄠˊ ㄕㄜˊ ㄊㄡ˙
亂墜天花,1,ㄌㄨㄢˋ ㄓㄨㄟˋ ㄊㄧㄢ ㄏㄨㄚ
亂成一團,1,ㄌㄨㄢˋ ㄔㄥˊ ㄧ ㄊㄨㄢˊ
亂棒胡敲,1,ㄌㄨㄢˋ ㄅㄤˋ ㄏㄨˊ ㄑㄧㄠ
亂極則平,1,ㄌㄨㄢˋ ㄐㄧˊ ㄗㄜˊ ㄆㄧㄥˊ
亂箭攢心,1,ㄌㄨㄢˋ ㄐㄧㄢˋ ㄘㄨㄢˊ ㄒㄧㄣ
亂箭穿心,1,ㄌㄨㄢˋ ㄐㄧㄢˋ ㄔㄨㄢ ㄒㄧㄣ
亂臣逆子,1,ㄌㄨㄢˋ ㄔㄣˊ ㄋㄧˋ ㄗˇ
亂葬崗子,1,ㄌㄨㄢˋ ㄗㄤˋ ㄍㄤ ㄗ˙
亂言片楮,1,ㄌㄨㄢˋ ㄧㄢˊ ㄆㄧㄢˋ ㄔㄨˇ
亂頭粗服,1,ㄌㄨㄢˋ ㄊㄡˊ ㄘㄨ ㄈㄨˊ
亂首垢面,1,ㄌㄨㄢˋ ㄕㄡˇ ㄍㄡˋ ㄇㄧㄢˋ
了如指掌,1,ㄌㄧㄠˇ ㄖㄨˊ ㄓˇ ㄓㄤˇ
了無牽掛,1,ㄌㄧㄠˇ ㄨˊ ㄑㄧㄢ ㄍㄨㄚˋ
了然不惑,1,ㄌㄧㄠˇ ㄖㄢˊ ㄅㄨˋ ㄏㄨㄛˋ
了當不得,1,ㄌㄧㄠˇ ㄉㄤˋ ㄅㄨˋ ㄉㄜˊ
了身達命,1,ㄌㄧㄠˇ ㄕㄣ ㄉㄚˊ ㄇㄧㄥˋ
予人口實,1,ㄩˇ ㄖㄣˊ ㄎㄡˇ ㄕˊ
事不有餘,1,ㄕˋ ㄅㄨˋ ㄧㄡˇ ㄩˊ
事以密成,1,ㄕˋ ㄧˇ ㄇㄧˋ ㄔㄥˊ
事出不意,1,ㄕˋ ㄔㄨ ㄅㄨˋ ㄧˋ
事出不測,1,ㄕˋ ㄔㄨ ㄅㄨˋ ㄘㄜˋ
事危累卵,1,ㄕˋ ㄨㄟˊ ㄌㄟˇ ㄌㄨㄢˇ
事在必行,1,ㄕˋ ㄗㄞˋ ㄅㄧˋ ㄒㄧㄥˊ
事敗垂成,1,ㄕˋ ㄅㄞˋ ㄔㄨㄟˊ ㄔㄥˊ
事文類聚,1,ㄕˋ ㄨㄣˊ ㄌㄟˋ ㄐㄩˋ
事業年度,1,ㄕˋ ㄧㄝˋ ㄋㄧㄢˊ ㄉㄨˋ
事物紀原,1,ㄕˋ ㄨˋ ㄐㄧˋ ㄩㄢˊ
事生肘腋,1,ㄕˋ ㄕㄥ ㄓㄡˇ ㄧㄝˋ
事緩則圓,1,ㄕˋ ㄏㄨㄢˇ ㄗㄜˊ ㄩㄢˊ
二三其德,1,ㄦˋ ㄙㄢ ㄑㄧˊ ㄉㄜˊ
二三其意,1,ㄦˋ ㄙㄢ ㄑㄧˊ ㄧˋ
二不稜登,1,ㄦˋ ㄅㄨˋ ㄌㄥˊ ㄉㄥ
二不稜登,1,ㄦˋ ㄅㄨ˙ ㄌㄥ ㄉㄥ
二五附稅,1,ㄦˋ ㄨˇ ㄈㄨˋ ㄕㄨㄟˋ
二元運算,1,ㄦˋ ㄩㄢˊ ㄩㄣˋ ㄙㄨㄢˋ
二分明月,1,ㄦˋ ㄈㄣ ㄇㄧㄥˊ ㄩㄝˋ
二十五弦,1,ㄦˋ ㄕˊ ㄨˇ ㄒㄧㄢˊ
二十八宿,1,ㄦˋ ㄕˊ ㄅㄚ ㄒㄧㄡˋ
二十八調,1,ㄦˋ ㄕˊ ㄅㄚ ㄉㄧㄠˋ
二十六史,1,ㄦˋ ㄕˊ ㄌㄧㄡˋ ㄕˇ
二十四時,1,ㄦˋ ㄕˊ ㄙˋ ㄕˊ
二十四橋,1,ㄦˋ ㄕˊ ㄙˋ ㄑㄧㄠˊ
二半破子,1,ㄦˋ ㄅㄢˋ ㄆㄛˋ ㄗ˙
二堂舍子,1,ㄦˋ ㄊㄤˊ ㄕㄜˇ ㄗˇ
二夾脖子,1,ㄦˋ ㄐㄧㄚˊ ㄅㄛˊ ㄗ˙
二度燒傷,1,ㄦˋ ㄉㄨˋ ㄕㄠ ㄕㄤ
二心兩意,1,ㄦˋ ㄒㄧㄣ ㄌㄧㄤˇ ㄧˋ
二手傳播,1,ㄦˋ ㄕㄡˇ ㄔㄨㄢˊ ㄅㄛˋ
二拉八當,1,ㄦˋ ㄌㄚ˙ ㄅㄚ ㄉㄤˋ
二朝王醮,1,ㄦˋ ㄓㄠ ㄨㄤˊ ㄐㄧㄠˋ
二次全倒,1,ㄦˋ ㄘˋ ㄑㄩㄢˊ ㄉㄠˇ
二次曲面,1,ㄦˋ ㄘˋ ㄑㄩ ㄇㄧㄢˋ
二次能源,1,ㄦˋ ㄘˋ ㄋㄥˊ ㄩㄢˊ
二滿三平,1,ㄦˋ ㄇㄢˇ ㄙㄢ ㄆㄧㄥˊ
二程全書,1,ㄦˋ ㄔㄥˊ ㄑㄩㄢˊ ㄕㄨ
二程遺書,1,ㄦˋ ㄔㄥˊ ㄧˊ ㄕㄨ
二等分線,1,ㄦˋ ㄉㄥˇ ㄈㄣ ㄒㄧㄢˋ
二缶鐘惑,1,ㄦˋ ㄈㄡˇ ㄓㄨㄥ ㄏㄨㄛˋ
二豎為虐,1,ㄦˋ ㄕㄨˋ ㄨㄟˊ ㄋㄩㄝˋ
二輪戲院,1,ㄦˋ ㄌㄨㄣˊ ㄒㄧˋ ㄩㄢˋ
二返投唐,1,ㄦˋ ㄈㄢˇ ㄊㄡˊ ㄊㄤˊ
二道毛子,1,ㄦˋ ㄉㄠˋ ㄇㄠˊ ㄗ˙
二重國籍,1,ㄦˋ ㄔㄨㄥˊ ㄍㄨㄛˊ ㄐㄧˊ
二門不出,1,ㄦˋ ㄇㄣˊ ㄅㄨˋ ㄔㄨ
二項定理,1,ㄦˋ ㄒㄧㄤˋ ㄉㄧㄥˋ ㄌㄧˇ
二頭股肌,1,ㄦˋ ㄊㄡˊ ㄍㄨˇ ㄐㄧ
二頭臂肌,1,ㄦˋ ㄊㄡˊ ㄅㄧˋ ㄐㄧ
于飛之樂,1,ㄩˊ ㄈㄟ ㄓ ㄌㄜˋ
互切互磋,1,ㄏㄨˋ ㄑㄧㄝ ㄏㄨˋ ㄘㄨㄛ
互別苗頭,1,ㄏㄨˋ ㄅㄧㄝˊ ㄇㄧㄠˊ ㄊㄡ˙
互動媒體,1,ㄏㄨˋ ㄉㄨㄥˋ ㄇㄟˊ ㄊㄧˇ
互惠原則,1,ㄏㄨˋ ㄏㄨㄟˋ ㄩㄢˊ ㄗㄜˊ
互惠關稅,1,ㄏㄨˋ ㄏㄨㄟˋ ㄍㄨㄢ ㄕㄨㄟˋ
互相為謀,1,ㄏㄨˋ ㄒㄧㄤ ㄨㄟˋ ㄇㄡˊ
互託肝膽,1,ㄏㄨˋ ㄊㄨㄛ ㄍㄢ ㄉㄢˇ
五世其昌,1,ㄨˇ ㄕˋ ㄑㄧˊ ㄔㄤ
五五憲草,1,ㄨˇ ㄨˇ ㄒㄧㄢˋ ㄘㄠˇ
五位君臣,1,ㄨˇ ㄨㄟˋ ㄐㄩㄣ ㄔㄣˊ
五位百法,1,ㄨˇ ㄨㄟˋ ㄅㄞˇ ㄈㄚˇ
五勞七傷,1,ㄨˇ ㄌㄠˊ ㄑㄧ ㄕㄤ
五卅慘案,1,ㄨˇ ㄙㄚˋ ㄘㄢˇ ㄢˋ
五口通商,1,ㄨˇ ㄎㄡˇ ㄊㄨㄥ ㄕㄤ
五均六管,1,ㄨˇ ㄐㄩㄣ ㄌㄧㄡˋ ㄍㄨㄢˇ
五堂功課,1,ㄨˇ ㄊㄤˊ ㄍㄨㄥ ㄎㄜˋ
五大建設,1,ㄨˇ ㄉㄚˋ ㄐㄧㄢˋ ㄕㄜˋ
五子之歌,1,ㄨˇ ㄗˇ ㄓ ㄍㄜ
五子哭墳,1,ㄨˇ ㄗˇ ㄎㄨ ㄈㄣˊ
五小工業,1,ㄨˇ ㄒㄧㄠˇ ㄍㄨㄥ ㄧㄝˋ
五尺之童,1,ㄨˇ ㄔˇ ㄓ ㄊㄨㄥˊ
五岳四瀆,1,ㄨˇ ㄩㄝˋ ㄙˋ ㄉㄨˊ
五斗折腰,1,ㄨˇ ㄉㄡˇ ㄓㄜˊ ㄧㄠ
五斗米道,1,ㄨˇ ㄉㄡˇ ㄇㄧˇ ㄉㄠˋ
五斗解酲,1,ㄨˇ ㄉㄡˇ ㄐㄧㄝˇ ㄔㄥˊ
五方雜厝,1,ㄨˇ ㄈㄤ ㄗㄚˊ ㄘㄨㄛˋ
五族共和,1,ㄨˇ ㄗㄨˊ ㄍㄨㄥˋ ㄏㄜˊ
五日京兆,1,ㄨˇ ㄖˋ ㄐㄧㄥ ㄓㄠˋ
五旦七調,1,ㄨˇ ㄉㄢˋ ㄑㄧ ㄉㄧㄠˋ
五星連珠,1,ㄨˇ ㄒㄧㄥ ㄌㄧㄢˊ ㄓㄨ
五更三點,1,ㄨˇ ㄍㄥ ㄙㄢ ㄉㄧㄢˇ
五會念佛,1,ㄨˇ ㄏㄨㄟˋ ㄋㄧㄢˋ ㄈㄛˊ
五月披裘,1,ㄨˇ ㄩㄝˋ ㄆㄧ ㄑㄧㄡˊ
五月花號,1,ㄨˇ ㄩㄝˋ ㄏㄨㄚ ㄏㄠˋ
五步成詩,1,ㄨˇ ㄅㄨˋ ㄔㄥˊ ㄕ
五洲四海,1,ㄨˇ ㄓㄡ ㄙˋ ㄏㄞˇ
五濁惡世,1,ㄨˇ ㄓㄨㄛˊ ㄜˋ ㄕˋ
五燈會元,1,ㄨˇ ㄉㄥ ㄏㄨㄟˋ ㄩㄢˊ
五牲看碗,1,ㄨˇ ㄕㄥ ㄎㄢˋ ㄨㄢˇ
五穀不分,1,ㄨˇ ㄍㄨˇ ㄅㄨˋ ㄈㄣ
五穀不升,1,ㄨˇ ㄍㄨˇ ㄅㄨˋ ㄕㄥ
五穀豐登,1,ㄨˇ ㄍㄨˇ ㄈㄥ ㄉㄥ
五穀豐稔,1,ㄨˇ ㄍㄨˇ ㄈㄥ ㄖㄣˇ
五經博士,1,ㄨˇ ㄐㄧㄥ ㄅㄛˊ ㄕˋ
五經掃地,1,ㄨˇ ㄐㄧㄥ ㄙㄠˇ ㄉㄧˋ
五羖大夫,1,ㄨˇ ㄍㄨˇ ㄉㄚˋ ㄈㄨ
五色亂目,1,ㄨˇ ㄙㄜˋ ㄌㄨㄢˋ ㄇㄨˋ
五色無主,1,ㄨˇ ㄙㄜˋ ㄨˊ ㄓㄨˇ
五色祥雲,1,ㄨˇ ㄙㄜˋ ㄒㄧㄤˊ ㄩㄣˊ
五色繽紛,1,ㄨˇ ㄙㄜˋ ㄅㄧㄣ ㄈㄣ
五花官誥,1,ㄨˇ ㄏㄨㄚ ㄍㄨㄢ ㄍㄠˋ
五花度牒,1,ㄨˇ ㄏㄨㄚ ㄉㄨˋ ㄉㄧㄝˊ
五花繃裂,1,ㄨˇ ㄏㄨㄚ ㄅㄥˋ ㄌㄧㄝˋ
五行並下,1,ㄨˇ ㄏㄤˊ ㄅㄧㄥˋ ㄒㄧㄚˋ
五行俱下,1,ㄨˇ ㄏㄤˊ ㄐㄩˋ ㄒㄧㄚˋ
五行八作,1,ㄨˇ ㄏㄤˊ ㄅㄚ ㄗㄨㄛ
五行四柱,1,ㄨˇ ㄒㄧㄥˊ ㄙˋ ㄓㄨˋ
五角六張,1,ㄨˇ ㄐㄩㄝˊ ㄌㄨˋ ㄓㄤ
五言古詩,1,ㄨˇ ㄧㄢˊ ㄍㄨˇ ㄕ
五言長城,1,ㄨˇ ㄧㄢˊ ㄔㄤˊ ㄔㄥˊ
五講四美,1,ㄨˇ ㄐㄧㄤˇ ㄙˋ ㄇㄟˇ
五路總頭,1,ㄨˇ ㄌㄨˋ ㄗㄨㄥˇ ㄊㄡˊ
五路財神,1,ㄨˇ ㄌㄨˋ ㄘㄞˊ ㄕㄣˊ
五道將軍,1,ㄨˇ ㄉㄠˋ ㄐㄧㄤ ㄐㄩㄣ
五陵年少,1,ㄨˇ ㄌㄧㄥˊ ㄋㄧㄢˊ ㄕㄠˋ
五陵豪氣,1,ㄨˇ ㄌㄧㄥˊ ㄏㄠˊ ㄑㄧˋ
五雀六燕,1,ㄨˇ ㄑㄩㄝˋ ㄌㄧㄡˋ ㄧㄢˋ
五零四散,1,ㄨˇ ㄌㄧㄥˊ ㄙˋ ㄙㄢˋ
五風十雨,1,ㄨˇ ㄈㄥ ㄕˊ ㄩˇ
五黃六月,1,ㄨˇ ㄏㄨㄤˊ ㄌㄧㄡˋ ㄩㄝˋ
井井有理,1,ㄐㄧㄥˇ ㄐㄧㄥˇ ㄧㄡˇ ㄌㄧˇ
井口邊草,1,ㄐㄧㄥˇ ㄎㄡˇ ㄅㄧㄢ ㄘㄠˇ
井柱狀圖,1,ㄐㄧㄥˇ ㄓㄨˋ ㄓㄨㄤˋ ㄊㄨˊ
井蛙之見,1,ㄐㄧㄥˇ ㄨㄚ ㄓ ㄐㄧㄢˋ
井蛙醯雞,1,ㄐㄧㄥˇ ㄨㄚ ㄒㄧ ㄐㄧ
亙古亙今,1,ㄍㄣˋ ㄍㄨˇ ㄍㄣˋ ㄐㄧㄣ
亙古未有,1,ㄍㄣˋ ㄍㄨˇ ㄨㄟˋ ㄧㄡˇ
亞伯拉罕,1,ㄧㄚˋ ㄅㄛˊ ㄌㄚ ㄏㄢˇ
亞加狄亞,1,ㄧㄚˋ ㄐㄧㄚ ㄉㄧˊ ㄧㄚˋ
亞塞拜然,1,ㄧㄚˋ ㄙㄜˋ ㄅㄞˋ ㄖㄢˊ
亞太地區,1,ㄧㄚˋ ㄊㄞˋ ㄉㄧˋ ㄑㄩ
亞洲鐵人,1,ㄧㄚˋ ㄓㄡ ㄊㄧㄝˇ ㄖㄣˊ
亞爾薩斯,1,ㄧㄚˋ ㄦˇ ㄙㄚˋ ㄙ
亞特拉斯,1,ㄧㄚˋ ㄊㄜˋ ㄌㄚ ㄙ
亞特蘭大,1,ㄧㄚˋ ㄊㄜˋ ㄌㄢˊ ㄉㄚˋ
亞當斯密,1,ㄧㄚˋ ㄉㄤ ㄙ ㄇㄧˋ
亞硝酸鹽,1,ㄧㄚˋ ㄒㄧㄠ ㄙㄨㄢ ㄧㄢˊ
亞米契斯,1,ㄧㄚˋ ㄇㄧˇ ㄑㄧˋ ㄙ
亞細亞洲,1,ㄧㄚˋ ㄒㄧˋ ㄧㄚˋ ㄓㄡ
亞美利加,1,ㄧㄚˋ ㄇㄟˇ ㄌㄧˋ ㄐㄧㄚ
亞美尼亞,1,ㄧㄚˋ ㄇㄟˇ ㄋㄧˊ ㄧㄚˋ
亞腰葫蘆,1,ㄧㄚˋ ㄧㄠ ㄏㄨˊ ㄌㄨˊ
亞蔬中心,1,ㄧㄚˋ ㄕㄨ ㄓㄨㄥ ㄒㄧㄣ
亞衛一號,1,ㄧㄚˋ ㄨㄟˋ ㄧ ㄏㄠˋ
亞述帝國,1,ㄧㄚˋ ㄕㄨˋ ㄉㄧˋ ㄍㄨㄛˊ
亞速群島,1,ㄧㄚˋ ㄙㄨˋ ㄑㄩㄣˊ ㄉㄠˇ
亞馬孫河,1,ㄧㄚˋ ㄇㄚˇ ㄙㄨㄣ ㄏㄜˊ
亞麻仁油,1,ㄧㄚˋ ㄇㄚˊ ㄖㄣˊ ㄧㄡˊ
亡人自存,1,ㄨㄤˊ ㄖㄣˊ ㄗˋ ㄘㄨㄣˊ
亡戟得矛,1,ㄨㄤˊ ㄐㄧˇ ㄉㄜˊ ㄇㄠˊ
亡羊得牛,1,ㄨㄤˊ ㄧㄤˊ ㄉㄜˊ ㄋㄧㄡˊ
亡身短命,1,ㄨㄤˊ ㄕㄣ ㄉㄨㄢˇ ㄇㄧㄥˋ
亡鄉失土,1,ㄨㄤˊ ㄒㄧㄤ ㄕ ㄊㄨˇ
亡魂喪膽,1,ㄨㄤˊ ㄏㄨㄣˊ ㄙㄤˋ ㄉㄢˇ
亡魂喪魄,1,ㄨㄤˊ ㄏㄨㄣˊ ㄙㄤˋ ㄆㄛˋ
亡魂失魄,1,ㄨㄤˊ ㄏㄨㄣˊ ㄕ ㄆㄛˋ
交光飛刃,1,ㄐㄧㄠ ㄍㄨㄤ ㄈㄟ ㄖㄣˋ
交叉感染,1,ㄐㄧㄠ ㄔㄚ ㄍㄢˇ ㄖㄢˇ
交口接耳,1,ㄐㄧㄠ ㄎㄡˇ ㄐㄧㄝ ㄦˇ
交口稱譽,1,ㄐㄧㄠ ㄎㄡˇ ㄔㄥ ㄩˋ
交口稱贊,1,ㄐㄧㄠ ㄎㄡˇ ㄔㄥ ㄗㄢˋ
交岔路口,1,ㄐㄧㄠ ㄔㄚˋ ㄌㄨˋ ㄎㄡˇ
交戰團體,1,ㄐㄧㄠ ㄓㄢˋ ㄊㄨㄢˊ ㄊㄧˇ
交換經濟,1,ㄐㄧㄠ ㄏㄨㄢˋ ㄐㄧㄥ ㄐㄧˋ
交易單位,1,ㄐㄧㄠ ㄧˋ ㄉㄢ ㄨㄟˋ
交朋結義,1,ㄐㄧㄠ ㄆㄥˊ ㄐㄧㄝˊ ㄧˋ
交梨火棗,1,ㄐㄧㄠ ㄌㄧˊ ㄏㄨㄛˇ ㄗㄠˇ
交相輝映,1,ㄐㄧㄠ ㄒㄧㄤ ㄏㄨㄟ ㄧㄥˋ
交臂失之,1,ㄐㄧㄠ ㄅㄧˋ ㄕ ㄓ
交臂屈膝,1,ㄐㄧㄠ ㄅㄧˋ ㄑㄩ ㄒㄧ
交通壅塞,1,ㄐㄧㄠ ㄊㄨㄥ ㄩㄥ ㄙㄜˋ
交通密度,1,ㄐㄧㄠ ㄊㄨㄥ ㄇㄧˋ ㄉㄨˋ
交通工程,1,ㄐㄧㄠ ㄊㄨㄥ ㄍㄨㄥ ㄔㄥˊ
交通建設,1,ㄐㄧㄠ ㄊㄨㄥ ㄐㄧㄢˋ ㄕㄜˋ
交通指揮,1,ㄐㄧㄠ ㄊㄨㄥ ㄓˇ ㄏㄨㄟ
交通標誌,1,ㄐㄧㄠ ㄊㄨㄥ ㄅㄧㄠ ㄓˋ
交通流量,1,ㄐㄧㄠ ㄊㄨㄥ ㄌㄧㄡˊ ㄌㄧㄤˋ
交通癱瘓,1,ㄐㄧㄠ ㄊㄨㄥ ㄊㄢ ㄏㄨㄢˋ
交通管制,1,ㄐㄧㄠ ㄊㄨㄥ ㄍㄨㄢˇ ㄓˋ
交通號誌,1,ㄐㄧㄠ ㄊㄨㄥ ㄏㄠˋ ㄓˋ
交錯觥籌,1,ㄐㄧㄠ ㄘㄨㄛˋ ㄍㄨㄥ ㄔㄡˊ
交門親眷,1,ㄐㄧㄠ ㄇㄣˊ ㄑㄧㄣ ㄐㄩㄢˋ
交際電報,1,ㄐㄧㄠ ㄐㄧˋ ㄉㄧㄢˋ ㄅㄠˋ
亥豕魯魚,1,ㄏㄞˋ ㄕˇ ㄌㄨˇ ㄩˊ
亨利七世,1,ㄏㄥ ㄌㄧˋ ㄑㄧ ㄕˋ
亨利五世,1,ㄏㄥ ㄌㄧˋ ㄨˇ ㄕˋ
亨利八世,1,ㄏㄥ ㄌㄧˋ ㄅㄚ ㄕˋ
亨利方達,1,ㄏㄥ ㄌㄧˋ ㄈㄤ ㄉㄚˊ
亨利福特,1,ㄏㄥ ㄌㄧˋ ㄈㄨˊ ㄊㄜˋ
亨利魯斯,1,ㄏㄥ ㄌㄧˋ ㄌㄨˇ ㄙ
京東大鼓,1,ㄐㄧㄥ ㄉㄨㄥ ㄉㄚˋ ㄍㄨˇ
京津大鼓,1,ㄐㄧㄥ ㄐㄧㄣ ㄉㄚˋ ㄍㄨˇ
京滬鐵路,1,ㄐㄧㄥ ㄏㄨˋ ㄊㄧㄝˇ ㄌㄨˋ
京韻大鼓,1,ㄐㄧㄥ ㄩㄣˋ ㄉㄚˋ ㄍㄨˇ
亭午夜分,1,ㄊㄧㄥˊ ㄨˇ ㄧㄝˋ ㄈㄣ
亭林先生,1,ㄊㄧㄥˊ ㄌㄧㄣˊ ㄒㄧㄢ ㄕㄥ
亭臺樓閣,1,ㄊㄧㄥˊ ㄊㄞˊ ㄌㄡˊ ㄍㄜˊ
亮盒子搖,1,ㄌㄧㄤˋ ㄏㄜˊ ㄗ˙ ㄧㄠˊ
人不自安,1,ㄖㄣˊ ㄅㄨˋ ㄗˋ ㄢ
人中獅子,1,ㄖㄣˊ ㄓㄨㄥ ㄕ ㄗ˙
人中騏驥,1,ㄖㄣˊ ㄓㄨㄥ ㄑㄧˊ ㄐㄧˋ
人中龍虎,1,ㄖㄣˊ ㄓㄨㄥ ㄌㄨㄥˊ ㄏㄨˇ
人事不知,1,ㄖㄣˊ ㄕˋ ㄅㄨˋ ㄓ
人事代謝,1,ㄖㄣˊ ㄕˋ ㄉㄞˋ ㄒㄧㄝˋ
人事莫定,1,ㄖㄣˊ ㄕˋ ㄇㄛˋ ㄉㄧㄥˋ
人亡家破,1,ㄖㄣˊ ㄨㄤˊ ㄐㄧㄚ ㄆㄛˋ
人來客去,1,ㄖㄣˊ ㄌㄞˊ ㄎㄜˋ ㄑㄩˋ
人來客往,1,ㄖㄣˊ ㄌㄞˊ ㄎㄜˋ ㄨㄤˇ
人力回天,1,ㄖㄣˊ ㄌㄧˋ ㄏㄨㄟˊ ㄊㄧㄢ
人力銀行,1,ㄖㄣˊ ㄌㄧˋ ㄧㄣˊ ㄏㄤˊ
人千人萬,1,ㄖㄣˊ ㄑㄧㄢ ㄖㄣˊ ㄨㄢˋ
人口政策,1,ㄖㄣˊ ㄎㄡˇ ㄓㄥˋ ㄘㄜˋ
人口老化,1,ㄖㄣˊ ㄎㄡˇ ㄌㄠˇ ㄏㄨㄚˋ
人口轉型,1,ㄖㄣˊ ㄎㄡˇ ㄓㄨㄢˇ ㄒㄧㄥˊ
人命危淺,1,ㄖㄣˊ ㄇㄧㄥˋ ㄨㄟˊ ㄑㄧㄢˇ
人喊馬嘶,1,ㄖㄣˊ ㄏㄢˇ ㄇㄚˇ ㄙ
人因工程,1,ㄖㄣˊ ㄧㄣ ㄍㄨㄥ ㄔㄥˊ
人地兩疏,1,ㄖㄣˊ ㄉㄧˋ ㄌㄧㄤˇ ㄕㄨ
人地相宜,1,ㄖㄣˊ ㄉㄧˋ ㄒㄧㄤ ㄧˊ
人壽年豐,1,ㄖㄣˊ ㄕㄡˋ ㄋㄧㄢˊ ㄈㄥ
人外無詩,1,ㄖㄣˊ ㄨㄞˋ ㄨˊ ㄕ
人多成王,1,ㄖㄣˊ ㄉㄨㄛ ㄔㄥˊ ㄨㄤˊ
人多手亂,1,ㄖㄣˊ ㄉㄨㄛ ㄕㄡˇ ㄌㄨㄢˋ
人大心大,1,ㄖㄣˊ ㄉㄚˋ ㄒㄧㄣ ㄉㄚˋ
人工免疫,1,ㄖㄣˊ ㄍㄨㄥ ㄇㄧㄢˇ ㄧˋ
人工冬眠,1,ㄖㄣˊ ㄍㄨㄥ ㄉㄨㄥ ㄇㄧㄢˊ
人工植牙,1,ㄖㄣˊ ㄍㄨㄥ ㄓˊ ㄧㄚˊ
人工氣腹,1,ㄖㄣˊ ㄍㄨㄥ ㄑㄧˋ ㄈㄨˋ
人工海鹽,1,ㄖㄣˊ ㄍㄨㄥ ㄏㄞˇ ㄧㄢˊ
人工繁殖,1,ㄖㄣˊ ㄍㄨㄥ ㄈㄢˊ ㄓˊ
人工蝸牛,1,ㄖㄣˊ ㄍㄨㄥ ㄍㄨㄚ ㄋㄧㄡˊ
人工血液,1,ㄖㄣˊ ㄍㄨㄥ ㄒㄧㄝˇ ㄧㄝˋ
人工魚礁,1,ㄖㄣˊ ㄍㄨㄥ ㄩˊ ㄐㄧㄠ
人己一視,1,ㄖㄣˊ ㄐㄧˇ ㄧ ㄕˋ
人強馬壯,1,ㄖㄣˊ ㄑㄧㄤˊ ㄇㄚˇ ㄓㄨㄤˋ
人微權輕,1,ㄖㄣˊ ㄨㄟˊ ㄑㄩㄢˊ ㄑㄧㄥ
人心叵測,1,ㄖㄣˊ ㄒㄧㄣ ㄆㄛˇ ㄘㄜˋ
人心向背,1,ㄖㄣˊ ㄒㄧㄣ ㄒㄧㄤˋ ㄅㄟˋ
人心如面,1,ㄖㄣˊ ㄒㄧㄣ ㄖㄨˊ ㄇㄧㄢˋ
人心悄悄,1,ㄖㄣˊ ㄒㄧㄣ ㄑㄧㄠˇ ㄑㄧㄠˇ
人心所歸,1,ㄖㄣˊ ㄒㄧㄣ ㄙㄨㄛˇ ㄍㄨㄟ
人心渙漓,1,ㄖㄣˊ ㄒㄧㄣ ㄏㄨㄢˋ ㄌㄧˊ
人急智生,1,ㄖㄣˊ ㄐㄧˊ ㄓˋ ㄕㄥ
人急計生,1,ㄖㄣˊ ㄐㄧˊ ㄐㄧˋ ㄕㄥ
人性枷鎖,1,ㄖㄣˊ ㄒㄧㄥˋ ㄐㄧㄚ ㄙㄨㄛˇ
人性管理,1,ㄖㄣˊ ㄒㄧㄥˋ ㄍㄨㄢˇ ㄌㄧˇ
人怨神怒,1,ㄖㄣˊ ㄩㄢˋ ㄕㄣˊ ㄋㄨˋ
人情洶洶,1,ㄖㄣˊ ㄑㄧㄥˊ ㄒㄩㄥ ㄒㄩㄥ
人情練達,1,ㄖㄣˊ ㄑㄧㄥˊ ㄌㄧㄢˋ ㄉㄚˊ
人我是非,1,ㄖㄣˊ ㄨㄛˇ ㄕˋ ㄈㄟ
人扶人興,1,ㄖㄣˊ ㄈㄨˊ ㄖㄣˊ ㄒㄧㄥ
人持各見,1,ㄖㄣˊ ㄔˊ ㄍㄜˋ ㄐㄧㄢˋ
人模狗樣,1,ㄖㄣˊ ㄇㄛˊ ㄍㄡˇ ㄧㄤˋ
人機介面,1,ㄖㄣˊ ㄐㄧ ㄐㄧㄝˋ ㄇㄧㄢˋ
人權運動,1,ㄖㄣˊ ㄑㄩㄢˊ ㄩㄣˋ ㄉㄨㄥˋ
人欲橫流,1,ㄖㄣˊ ㄩˋ ㄏㄥˊ ㄌㄧㄡˊ
人歡馬叫,1,ㄖㄣˊ ㄏㄨㄢ ㄇㄚˇ ㄐㄧㄠˋ
人殊意異,1,ㄖㄣˊ ㄕㄨ ㄧˋ ㄧˋ
人氣指標,1,ㄖㄣˊ ㄑㄧˋ ㄓˇ ㄅㄧㄠ
人煙浩穰,1,ㄖㄣˊ ㄧㄢ ㄏㄠˋ ㄖㄤˊ
人煙湊集,1,ㄖㄣˊ ㄧㄢ ㄘㄡˋ ㄐㄧˊ
人煙稠密,1,ㄖㄣˊ ㄧㄢ ㄔㄡˊ ㄇㄧˋ
人煙輻輳,1,ㄖㄣˊ ㄧㄢ ㄈㄨˊ ㄘㄡˋ
人物字號,1,ㄖㄣˊ ㄨˋ ㄗˋ ㄏㄠ˙
人物軒昂,1,ㄖㄣˊ ㄨˋ ㄒㄩㄢ ㄤˊ
人物闐咽,1,ㄖㄣˊ ㄨˋ ㄊㄧㄢˊ ㄧㄝˋ
人琴俱亡,1,ㄖㄣˊ ㄑㄧㄣˊ ㄐㄩˋ ㄨㄤˊ
人琴俱杳,1,ㄖㄣˊ ㄑㄧㄣˊ ㄐㄩˋ ㄧㄠˇ
人生如寄,1,ㄖㄣˊ ㄕㄥ ㄖㄨˊ ㄐㄧˋ
人生如戲,1,ㄖㄣˊ ㄕㄥ ㄖㄨˊ ㄒㄧˋ
人生無常,1,ㄖㄣˊ ㄕㄥ ㄨˊ ㄔㄤˊ
人百其身,1,ㄖㄣˊ ㄅㄛˊ ㄑㄧˊ ㄕㄣ
人盡其才,1,ㄖㄣˊ ㄐㄧㄣˋ ㄑㄧˊ ㄘㄞˊ
人眾勝天,1,ㄖㄣˊ ㄓㄨㄥˋ ㄕㄥˋ ㄊㄧㄢ
人神同憤,1,ㄖㄣˊ ㄕㄣˊ ㄊㄨㄥˊ ㄈㄣˋ
人稠物穰,1,ㄖㄣˊ ㄔㄡˊ ㄨˋ ㄖㄤˇ
人窮智短,1,ㄖㄣˊ ㄑㄩㄥˊ ㄓˋ ㄉㄨㄢˇ
人約黃昏,1,ㄖㄣˊ ㄩㄝ ㄏㄨㄤˊ ㄏㄨㄣ
人給家足,1,ㄖㄣˊ ㄐㄧˇ ㄐㄧㄚ ㄗㄨˊ
人義水甜,1,ㄖㄣˊ ㄧˋ ㄕㄨㄟˇ ㄊㄧㄢˊ
人自為戰,1,ㄖㄣˊ ㄗˋ ㄨㄟˊ ㄓㄢˋ
人莫予毒,1,ㄖㄣˊ ㄇㄛˋ ㄩˊ ㄉㄨˊ
人貧智短,1,ㄖㄣˊ ㄆㄧㄣˊ ㄓˋ ㄉㄨㄢˇ
人身保險,1,ㄖㄣˊ ㄕㄣ ㄅㄠˇ ㄒㄧㄢˇ
人道教育,1,ㄖㄣˊ ㄉㄠˋ ㄐㄧㄠˋ ㄩˋ
人間天上,1,ㄖㄣˊ ㄐㄧㄢ ㄊㄧㄢ ㄕㄤˋ
人間煙火,1,ㄖㄣˊ ㄐㄧㄢ ㄧㄢ ㄏㄨㄛˇ
人際傳播,1,ㄖㄣˊ ㄐㄧˋ ㄔㄨㄢˊ ㄅㄛˋ
人際關係,1,ㄖㄣˊ ㄐㄧˋ ㄍㄨㄢ ㄒㄧˋ
人離家散,1,ㄖㄣˊ ㄌㄧˊ ㄐㄧㄚ ㄙㄢˋ
人離鄉賤,1,ㄖㄣˊ ㄌㄧˊ ㄒㄧㄤ ㄐㄧㄢˋ
人非物換,1,ㄖㄣˊ ㄈㄟ ㄨˋ ㄏㄨㄢˋ
人頭帳目,1,ㄖㄣˊ ㄊㄡˊ ㄓㄤˋ ㄇㄨˋ
人頭畜鳴,1,ㄖㄣˊ ㄊㄡˊ ㄔㄨˋ ㄇㄧㄥˊ
人體彩繪,1,ㄖㄣˊ ㄊㄧˇ ㄘㄞˇ ㄏㄨㄟˋ
人體計測,1,ㄖㄣˊ ㄊㄧˇ ㄐㄧˋ ㄘㄜˋ
什一之利,1,ㄕˊ ㄧ ㄓ ㄌㄧˋ
什襲珍藏,1,ㄕˊ ㄒㄧˊ ㄓㄣ ㄘㄤˊ
仁愛之家,1,ㄖㄣˊ ㄞˋ ㄓ ㄐㄧㄚ
仁昭法外,1,ㄖㄣˊ ㄓㄠ ㄈㄚˇ ㄨㄞˋ
仁智互見,1,ㄖㄣˊ ㄓˋ ㄏㄨˋ ㄐㄧㄢˋ
仁義之師,1,ㄖㄣˊ ㄧˋ ㄓ ㄕ
仄目而視,1,ㄗㄜˋ ㄇㄨˋ ㄦˊ ㄕˋ
今不如昔,1,ㄐㄧㄣ ㄅㄨˋ ㄖㄨˊ ㄒㄧˊ
今來古往,1,ㄐㄧㄣ ㄌㄞˊ ㄍㄨˇ ㄨㄤˇ
今古學派,1,ㄐㄧㄣ ㄍㄨˇ ㄒㄩㄝˊ ㄆㄞˋ
今夕何夕,1,ㄐㄧㄣ ㄒㄧˋ ㄏㄜˊ ㄒㄧˋ
今文尚書,1,ㄐㄧㄣ ㄨㄣˊ ㄕㄤˋ ㄕㄨ
今昔之感,1,ㄐㄧㄣ ㄒㄧˊ ㄓ ㄍㄢˇ
他家的事,1,ㄊㄚ ㄐㄧㄚ ㄉㄜ˙ ㄕˋ
他山之攻,1,ㄊㄚ ㄕㄢ ㄓ ㄍㄨㄥ
他山攻錯,1,ㄊㄚ ㄕㄢ ㄍㄨㄥ ㄘㄨㄛˋ
他拉他拉,1,ㄊㄚ ㄌㄚ ㄊㄚ ㄌㄚ
他方言語,1,ㄊㄚ ㄈㄤ ㄧㄢˊ ㄩˇ
他無所有,1,ㄊㄚ ㄨˊ ㄙㄨㄛˇ ㄧㄡˇ
他瑪羅池,1,ㄊㄚ ㄇㄚˇ ㄌㄨㄛˊ ㄔˊ
他鄉外府,1,ㄊㄚ ㄒㄧㄤ ㄨㄞˋ ㄈㄨˇ
他鄉外縣,1,ㄊㄚ ㄒㄧㄤ ㄨㄞˋ ㄒㄧㄢˋ
仗勢凌人,1,ㄓㄤˋ ㄕˋ ㄌㄧㄥˊ ㄖㄣˊ
仗義直言,1,ㄓㄤˋ ㄧˋ ㄓˊ ㄧㄢˊ
仗義輕財,1,ㄓㄤˋ ㄧˋ ㄑㄧㄥ ㄘㄞˊ
仗馬無聲,1,ㄓㄤˋ ㄇㄚˇ ㄨˊ ㄕㄥ
付之一哂,1,ㄈㄨˋ ㄓ ㄧ ㄕㄣˇ
付之一嘆,1,ㄈㄨˋ ㄓ ㄧ ㄊㄢˋ
付之春夢,1,ㄈㄨˋ ㄓ ㄔㄨㄣ ㄇㄥˋ
付之烏有,1,ㄈㄨˋ ㄓ ㄨ ㄧㄡˇ
付諸一炬,1,ㄈㄨˋ ㄓㄨ ㄧ ㄐㄩˋ
付諸不理,1,ㄈㄨˋ ㄓㄨ ㄅㄨˋ ㄌㄧˇ
付諸實施,1,ㄈㄨˋ ㄓㄨ ㄕˊ ㄕ
付諸洪喬,1,ㄈㄨˋ ㄓㄨ ㄏㄨㄥˊ ㄑㄧㄠˊ
仙人放屁,1,ㄒㄧㄢ ㄖㄣˊ ㄈㄤˋ ㄆㄧˋ
仙姿玉色,1,ㄒㄧㄢ ㄗ ㄩˋ ㄙㄜˋ
仙山瓊閣,1,ㄒㄧㄢ ㄕㄢ ㄑㄩㄥˊ ㄍㄜˊ
仙童仙女,1,ㄒㄧㄢ ㄊㄨㄥˊ ㄒㄧㄢ ㄋㄩˇ
仙蒂瑞拉,1,ㄒㄧㄢ ㄉㄧˋ ㄖㄨㄟˋ ㄌㄚ
代人受過,1,ㄉㄞˋ ㄖㄣˊ ㄕㄡˋ ㄍㄨㄛˋ
代人捉刀,1,ㄉㄞˋ ㄖㄣˊ ㄓㄨㄛ ㄉㄠ
代位繼承,1,ㄉㄞˋ ㄨㄟˋ ㄐㄧˋ ㄔㄥˊ
代拆代行,1,ㄉㄞˋ ㄔㄞ ㄉㄞˋ ㄒㄧㄥˊ
代理戰爭,1,ㄉㄞˋ ㄌㄧˇ ㄓㄢˋ ㄓㄥ
代筆遺囑,1,ㄉㄞˋ ㄅㄧˇ ㄧˊ ㄓㄨˇ
令人不齒,1,ㄌㄧㄥˋ ㄖㄣˊ ㄅㄨˋ ㄔˇ
令人切齒,1,ㄌㄧㄥˋ ㄖㄣˊ ㄑㄧㄝˋ ㄔˇ
令人噴飯,1,ㄌㄧㄥˋ ㄖㄣˊ ㄆㄣ ㄈㄢˋ
令人心寒,1,ㄌㄧㄥˋ ㄖㄣˊ ㄒㄧㄣ ㄏㄢˊ
令人意外,1,ㄌㄧㄥˋ ㄖㄣˊ ㄧˋ ㄨㄞˋ
令人扼腕,1,ㄌㄧㄥˋ ㄖㄣˊ ㄜˋ ㄨㄢˋ
令人捧腹,1,ㄌㄧㄥˋ ㄖㄣˊ ㄆㄥˇ ㄈㄨˋ
令人注目,1,ㄌㄧㄥˋ ㄖㄣˊ ㄓㄨˋ ㄇㄨˋ
令人激賞,1,ㄌㄧㄥˋ ㄖㄣˊ ㄐㄧ ㄕㄤˇ
令人矚目,1,ㄌㄧㄥˋ ㄖㄣˊ ㄓㄨˇ ㄇㄨˋ
令人神往,1,ㄌㄧㄥˋ ㄖㄣˊ ㄕㄣˊ ㄨㄤˇ
令人絕倒,1,ㄌㄧㄥˋ ㄖㄣˊ ㄐㄩㄝˊ ㄉㄠˇ
令人齒冷,1,ㄌㄧㄥˋ ㄖㄣˊ ㄔˇ ㄌㄥˇ
令出必行,1,ㄌㄧㄥˋ ㄔㄨ ㄅㄧˋ ㄒㄧㄥˊ
令箭荷花,1,ㄌㄧㄥˋ ㄐㄧㄢˋ ㄏㄜˊ ㄏㄨㄚ
以一奉百,1,ㄧˇ ㄧ ㄈㄥˋ ㄅㄞˇ
以一持萬,1,ㄧˇ ㄧ ㄔˊ ㄨㄢˋ
以一擊十,1,ㄧˇ ㄧ ㄐㄧˊ ㄕˊ
以一當十,1,ㄧˇ ㄧ ㄉㄤ ㄕˊ
以一知萬,1,ㄧˇ ㄧ ㄓ ㄨㄢˋ
以一警百,1,ㄧˇ ㄧ ㄐㄧㄥˇ ㄅㄞˇ
以一馭萬,1,ㄧˇ ㄧ ㄩˋ ㄨㄢˋ
以人廢言,1,ㄧˇ ㄖㄣˊ ㄈㄟˋ ㄧㄢˊ
以人為鑑,1,ㄧˇ ㄖㄣˊ ㄨㄟˊ ㄐㄧㄢˋ
以佚待勞,1,ㄧˇ ㄧˋ ㄉㄞˋ ㄌㄠˊ
以假為真,1,ㄧˇ ㄐㄧㄚˇ ㄨㄟˊ ㄓㄣ
以公滅私,1,ㄧˇ ㄍㄨㄥ ㄇㄧㄝˋ ㄙ
以冰致蠅,1,ㄧˇ ㄅㄧㄥ ㄓˋ ㄧㄥˊ
以功補過,1,ㄧˇ ㄍㄨㄥ ㄅㄨˇ ㄍㄨㄛˋ
以功覆過,1,ㄧˇ ㄍㄨㄥ ㄈㄨˋ ㄍㄨㄛˋ
以功贖罪,1,ㄧˇ ㄍㄨㄥ ㄕㄨˊ ㄗㄨㄟˋ
以升量石,1,ㄧˇ ㄕㄥ ㄌㄧㄤˊ ㄉㄢˋ
以古方今,1,ㄧˇ ㄍㄨˇ ㄈㄤ ㄐㄧㄣ
以古為鑑,1,ㄧˇ ㄍㄨˇ ㄨㄟˊ ㄐㄧㄢˋ
以售其奸,1,ㄧˇ ㄕㄡˋ ㄑㄧˊ ㄐㄧㄢ
以售其技,1,ㄧˇ ㄕㄡˋ ㄑㄧˊ ㄐㄧˋ
以噎廢飧,1,ㄧˇ ㄧㄝ ㄈㄟˋ ㄙㄨㄣ
以夜繼日,1,ㄧˇ ㄧㄝˋ ㄐㄧˋ ㄖˋ
以夷伐夷,1,ㄧˇ ㄧˊ ㄈㄚ ㄧˊ
以夷治夷,1,ㄧˇ ㄧˊ ㄓˋ ㄧˊ
以容取人,1,ㄧˇ ㄖㄨㄥˊ ㄑㄩˇ ㄖㄣˊ
以實相告,1,ㄧˇ ㄕˊ ㄒㄧㄤ ㄍㄠˋ
以少克眾,1,ㄧˇ ㄕㄠˇ ㄎㄜˋ ㄓㄨㄥˋ
以屈求伸,1,ㄧˇ ㄑㄩ ㄑㄧㄡˊ ㄕㄣ
以己度人,1,ㄧˇ ㄐㄧˇ ㄉㄨㄛˋ ㄖㄣˊ
以弱制強,1,ㄧˇ ㄖㄨㄛˋ ㄓˋ ㄑㄧㄤˊ
以強陵弱,1,ㄧˇ ㄑㄧㄤˊ ㄌㄧㄥˊ ㄖㄨㄛˋ
以往鑒來,1,ㄧˇ ㄨㄤˇ ㄐㄧㄢˋ ㄌㄞˊ
以微知著,1,ㄧˇ ㄨㄟˊ ㄓ ㄓㄨˋ
以德報德,1,ㄧˇ ㄉㄜˊ ㄅㄠˋ ㄉㄜˊ
以德懷遠,1,ㄧˇ ㄉㄜˊ ㄏㄨㄞˊ ㄩㄢˇ
以心傳心,1,ㄧˇ ㄒㄧㄣ ㄔㄨㄢˊ ㄒㄧㄣ
以意逆志,1,ㄧˇ ㄧˋ ㄋㄧˋ ㄓˋ
以戰去戰,1,ㄧˇ ㄓㄢˋ ㄑㄩˋ ㄓㄢˋ
以戰止戰,1,ㄧˇ ㄓㄢˋ ㄓˇ ㄓㄢˋ
以戰養戰,1,ㄧˇ ㄓㄢˋ ㄧㄤˇ ㄓㄢˋ
以手加額,1,ㄧˇ ㄕㄡˇ ㄐㄧㄚ ㄜˊ
以指撓沸,1,ㄧˇ ㄓˇ ㄋㄠˊ ㄈㄟˋ
以文害辭,1,ㄧˇ ㄨㄣˊ ㄏㄞˋ ㄘˊ
以日為年,1,ㄧˇ ㄖˋ ㄨㄟˊ ㄋㄧㄢˊ
以日為歲,1,ㄧˇ ㄖˋ ㄨㄟˊ ㄙㄨㄟˋ
以日繼夜,1,ㄧˇ ㄖˋ ㄐㄧˋ ㄧㄝˋ
以暴易亂,1,ㄧˇ ㄅㄠˋ ㄧˋ ㄌㄨㄢˋ
以會養會,1,ㄧˇ ㄏㄨㄟˋ ㄧㄤˇ ㄏㄨㄟˋ
以柔制剛,1,ㄧˇ ㄖㄡˊ ㄓˋ ㄍㄤ
以殺去殺,1,ㄧˇ ㄕㄚ ㄑㄩˋ ㄕㄚ
以殺止殺,1,ㄧˇ ㄕㄚ ㄓˇ ㄕㄚ
以水救水,1,ㄧˇ ㄕㄨㄟˇ ㄐㄧㄡˋ ㄕㄨㄟˇ
以水濟水,1,ㄧˇ ㄕㄨㄟˇ ㄐㄧˋ ㄕㄨㄟˇ
以沫相濡,1,ㄧˇ ㄇㄛˋ ㄒㄧㄤ ㄖㄨˊ
以湯止沸,1,ㄧˇ ㄊㄤ ㄓˇ ㄈㄟˋ
以湯沃沸,1,ㄧˇ ㄊㄤ ㄨㄛˋ ㄈㄟˋ
以湯沃雪,1,ㄧˇ ㄊㄤ ㄨㄛˋ ㄒㄩㄝˇ
以火救火,1,ㄧˇ ㄏㄨㄛˇ ㄐㄧㄡˋ ㄏㄨㄛˇ
以物易物,1,ㄧˇ ㄨˋ ㄧˋ ㄨˋ
以狸餌鼠,1,ㄧˇ ㄌㄧˊ ㄦˇ ㄕㄨˇ
以珠彈雀,1,ㄧˇ ㄓㄨ ㄊㄢˊ ㄑㄩㄝˋ
以白為黑,1,ㄧˇ ㄅㄞˊ ㄨㄟˊ ㄏㄟ
以目相送,1,ㄧˇ ㄇㄨˋ ㄒㄧㄤ ㄙㄨㄥˋ
以目送情,1,ㄧˇ ㄇㄨˋ ㄙㄨㄥˋ ㄑㄧㄥˊ
以盲辨色,1,ㄧˇ ㄇㄤˊ ㄅㄧㄢˋ ㄙㄜˋ
以眾克寡,1,ㄧˇ ㄓㄨㄥˋ ㄎㄜˋ ㄍㄨㄚˇ
以石投卵,1,ㄧˇ ㄕˊ ㄊㄡˊ ㄌㄨㄢˇ
以石投水,1,ㄧˇ ㄕˊ ㄊㄡˊ ㄕㄨㄟˇ
以碫投卵,1,ㄧˇ ㄉㄨㄢˋ ㄊㄡˊ ㄌㄨㄢˇ
以私廢公,1,ㄧˇ ㄙ ㄈㄟˋ ㄍㄨㄥ
以筌為魚,1,ㄧˇ ㄑㄩㄢˊ ㄨㄟˊ ㄩˊ
以義割恩,1,ㄧˇ ㄧˋ ㄍㄜ ㄣ
以耳為目,1,ㄧˇ ㄦˇ ㄨㄟˊ ㄇㄨˋ
以聾辨聲,1,ㄧˇ ㄌㄨㄥˊ ㄅㄧㄢˋ ㄕㄥ
以肉餧虎,1,ㄧˇ ㄖㄡˋ ㄨㄟˋ ㄏㄨˇ
以莛叩鐘,1,ㄧˇ ㄊㄧㄥˊ ㄎㄡˋ ㄓㄨㄥ
以莛撞鐘,1,ㄧˇ ㄊㄧㄥˊ ㄓㄨㄤˋ ㄓㄨㄥ
以蚓投魚,1,ㄧˇ ㄧㄣˇ ㄊㄡˊ ㄩˊ
以蠟代薪,1,ㄧˇ ㄌㄚˋ ㄉㄞˋ ㄒㄧㄣ
以蠡測海,1,ㄧˇ ㄌㄧˊ ㄘㄜˋ ㄏㄞˇ
以血償血,1,ㄧˇ ㄒㄩㄝˋ ㄔㄤˊ ㄒㄩㄝˋ
以血洗血,1,ㄧˇ ㄒㄩㄝˋ ㄒㄧˇ ㄒㄩㄝˋ
以規為瑱,1,ㄧˇ ㄍㄨㄟ ㄨㄟˊ ㄊㄧㄢˋ
以觀後效,1,ㄧˇ ㄍㄨㄢ ㄏㄡˋ ㄒㄧㄠˋ
以言取人,1,ㄧˇ ㄧㄢˊ ㄑㄩˇ ㄖㄣˊ
以諧秦晉,1,ㄧˇ ㄒㄧㄝˊ ㄑㄧㄣˊ ㄐㄧㄣˋ
以貍致鼠,1,ㄧˇ ㄌㄧˊ ㄓˋ ㄕㄨˇ
以身報國,1,ㄧˇ ㄕㄣ ㄅㄠˋ ㄍㄨㄛˊ
以身殉國,1,ㄧˇ ㄕㄣ ㄒㄩㄣˋ ㄍㄨㄛˊ
以身殉職,1,ㄧˇ ㄕㄣ ㄒㄩㄣˋ ㄓˊ
以身殉道,1,ㄧˇ ㄕㄣ ㄒㄩㄣˋ ㄉㄠˋ
以身許國,1,ㄧˇ ㄕㄣ ㄒㄩˇ ㄍㄨㄛˊ
以逸擊勞,1,ㄧˇ ㄧˋ ㄐㄧˊ ㄌㄠˊ
以阿戰爭,1,ㄧˇ ㄚ ㄓㄢˋ ㄓㄥ
以飴沃釜,1,ㄧˇ ㄧˊ ㄨㄛˋ ㄈㄨˇ
仰不愧天,1,ㄧㄤˇ ㄅㄨˋ ㄎㄨㄟˋ ㄊㄧㄢ
仰之彌高,1,ㄧㄤˇ ㄓ ㄇㄧˊ ㄍㄠ
仰天大笑,1,ㄧㄤˇ ㄊㄧㄢ ㄉㄚˋ ㄒㄧㄠˋ
仰天太息,1,ㄧㄤˇ ㄊㄧㄢ ㄊㄞˋ ㄒㄧˊ
仰天長歎,1,ㄧㄤˇ ㄊㄧㄢ ㄔㄤˊ ㄊㄢˋ
仰屋竊歎,1,ㄧㄤˇ ㄨ ㄑㄧㄝˋ ㄊㄢˋ
仰屋興嘆,1,ㄧㄤˇ ㄨ ㄒㄧㄥ ㄊㄢˋ
仰屋著書,1,ㄧㄤˇ ㄨ ㄓㄨˋ ㄕㄨ
仰給於人,1,ㄧㄤˇ ㄐㄧˇ ㄩˊ ㄖㄣˊ
仰觀俯察,1,ㄧㄤˇ ㄍㄨㄢ ㄈㄨˇ ㄔㄚˊ
仰首伸眉,1,ㄧㄤˇ ㄕㄡˇ ㄕㄣ ㄇㄟˊ
仵作行人,1,ㄨˇ ㄗㄨㄛˋ ㄏㄤˊ ㄖㄣˊ
任人唯親,1,ㄖㄣˋ ㄖㄣˊ ㄨㄟˊ ㄑㄧㄣ
任人唯賢,1,ㄖㄣˋ ㄖㄣˊ ㄨㄟˊ ㄒㄧㄢˊ
任土作貢,1,ㄖㄣˋ ㄊㄨˇ ㄗㄨㄛˋ ㄍㄨㄥˋ
任天由命,1,ㄖㄣˋ ㄊㄧㄢ ㄧㄡˊ ㄇㄧㄥˋ
任性妄為,1,ㄖㄣˋ ㄒㄧㄥˋ ㄨㄤˋ ㄨㄟˊ
任筆沈詩,1,ㄖㄣˊ ㄅㄧˇ ㄕㄣˇ ㄕ
任賢仗能,1,ㄖㄣˋ ㄒㄧㄢˊ ㄓㄤˋ ㄋㄥˊ
任賢使能,1,ㄖㄣˋ ㄒㄧㄢˊ ㄕˇ ㄋㄥˊ
任賢用能,1,ㄖㄣˋ ㄒㄧㄢˊ ㄩㄥˋ ㄋㄥˊ
任重致遠,1,ㄖㄣˋ ㄓㄨㄥˋ ㄓˋ ㄩㄢˇ
仿羊皮紙,1,ㄈㄤˇ ㄧㄤˊ ㄆㄧˊ ㄓˇ
仿連史紙,1,ㄈㄤˇ ㄌㄧㄢˊ ㄕˇ ㄓˇ
企業網路,1,ㄑㄧˋ ㄧㄝˋ ㄨㄤˇ ㄌㄨˋ
企業行銷,1,ㄑㄧˋ ㄧㄝˋ ㄒㄧㄥˊ ㄒㄧㄠ
企業集團,1,ㄑㄧˋ ㄧㄝˋ ㄐㄧˊ ㄊㄨㄢˊ
企足矯首,1,ㄑㄧˋ ㄗㄨˊ ㄐㄧㄠˇ ㄕㄡˇ
企足而待,1,ㄑㄧˋ ㄗㄨˊ ㄦˊ ㄉㄞˋ
伈伈睍睍,1,ㄒㄧㄣˇ ㄒㄧㄣˇ ㄒㄧㄢˋ ㄒㄧㄢˋ
伊于胡底,1,ㄧ ㄩˊ ㄏㄨˊ ㄉㄧˇ
伊兒汗國,1,ㄧ ㄦˊ ㄏㄢˊ ㄍㄨㄛˊ
伊凡第三,1,ㄧ ㄈㄢˊ ㄉㄧˋ ㄙㄢ
伊凡第四,1,ㄧ ㄈㄢˊ ㄉㄧˋ ㄙˋ
伊凡諾夫,1,ㄧ ㄈㄢˊ ㄋㄨㄛˋ ㄈㄨ
伊利亞德,1,ㄧ ㄌㄧˋ ㄧㄚˋ ㄉㄜˊ
伊利諾州,1,ㄧ ㄌㄧˋ ㄋㄨㄛˋ ㄓㄡ
伊哩烏蘆,1,ㄧ ㄌㄧ ㄨ ㄌㄨˊ
伊斯巴罕,1,ㄧ ㄙ ㄅㄚ ㄏㄢˇ
伊斯特島,1,ㄧ ㄙ ㄊㄜˋ ㄉㄠˇ
伊比鳩魯,1,ㄧ ㄅㄧˇ ㄐㄧㄡ ㄌㄨˇ
伊犁條約,1,ㄧ ㄌㄧˊ ㄊㄧㄠˊ ㄩㄝ
伊犁縱谷,1,ㄧ ㄌㄧˊ ㄗㄨㄥ ㄍㄨˇ
伊科戰爭,1,ㄧ ㄎㄜ ㄓㄢˋ ㄓㄥ
伊索寓言,1,ㄧ ㄙㄨㄛˇ ㄩˋ ㄧㄢˊ
伊藤博文,1,ㄧ ㄊㄥˊ ㄅㄛˊ ㄨㄣˊ
伊豆半島,1,ㄧ ㄉㄡˋ ㄅㄢˋ ㄉㄠˇ
伊闕佛龕,1,ㄧ ㄑㄩㄝˋ ㄈㄛˊ ㄎㄢ
伍員乘潮,1,ㄨˇ ㄩㄣˊ ㄔㄥˊ ㄔㄠˊ
伍員抉目,1,ㄨˇ ㄩㄣˊ ㄐㄩㄝˊ ㄇㄨˋ
伍員鞭屍,1,ㄨˇ ㄩㄣˊ ㄅㄧㄢ ㄕ
伏低做小,1,ㄈㄨˊ ㄉㄧ ㄗㄨㄛˋ ㄒㄧㄠˇ
伏地扣子,1,ㄈㄨˊ ㄉㄧˋ ㄎㄡˋ ㄗ˙
伏地聖人,1,ㄈㄨˊ ㄉㄧˋ ㄕㄥˋ ㄖㄣˊ
伏尸流血,1,ㄈㄨˊ ㄕ ㄌㄧㄡˊ ㄒㄩㄝˋ
伏打電池,1,ㄈㄨˊ ㄉㄚˇ ㄉㄧㄢˋ ㄔˊ
伏櫪守株,1,ㄈㄨˊ ㄌㄧˋ ㄕㄡˇ ㄓㄨ
伏櫪老驥,1,ㄈㄨˊ ㄌㄧˋ ㄌㄠˇ ㄐㄧˋ
伏維尚饗,1,ㄈㄨˊ ㄨㄟˊ ㄕㄤˋ ㄒㄧㄤˇ
伏虎擒龍,1,ㄈㄨˊ ㄏㄨˇ ㄑㄧㄣˊ ㄌㄨㄥˊ
伏虎降龍,1,ㄈㄨˊ ㄏㄨˇ ㄒㄧㄤˊ ㄌㄨㄥˊ
伏首貼耳,1,ㄈㄨˊ ㄕㄡˇ ㄊㄧㄝ ㄦˇ
伏魔大帝,1,ㄈㄨˊ ㄇㄛˊ ㄉㄚˋ ㄉㄧˋ
伏龍鳳雛,1,ㄈㄨˊ ㄌㄨㄥˊ ㄈㄥˋ ㄔㄨˊ
伐性之斧,1,ㄈㄚ ㄒㄧㄥˋ ㄓ ㄈㄨˇ
伐毛洗髓,1,ㄈㄚ ㄇㄠˊ ㄒㄧˇ ㄙㄨㄟˇ
伐異黨同,1,ㄈㄚ ㄧˋ ㄉㄤˇ ㄊㄨㄥˊ
伐罪弔民,1,ㄈㄚ ㄗㄨㄟˋ ㄉㄧㄠˋ ㄇㄧㄣˊ
休士頓市,1,ㄒㄧㄡ ㄕˋ ㄉㄨㄣˋ ㄕˋ
休牛放馬,1,ㄒㄧㄡ ㄋㄧㄡˊ ㄈㄤˋ ㄇㄚˇ
休牛散馬,1,ㄒㄧㄡ ㄋㄧㄡˊ ㄙㄢˋ ㄇㄚˇ
休牛歸馬,1,ㄒㄧㄡ ㄋㄧㄡˊ ㄍㄨㄟ ㄇㄚˇ
休眠火山,1,ㄒㄧㄡ ㄇㄧㄢˊ ㄏㄨㄛˇ ㄕㄢ
伯仲叔季,1,ㄅㄛˊ ㄓㄨㄥˋ ㄕㄨˊ ㄐㄧˋ
伯俞泣杖,1,ㄅㄛˊ ㄩˊ ㄑㄧˋ ㄓㄤˋ
伯克制度,1,ㄅㄛˊ ㄎㄜˋ ㄓˋ ㄉㄨˋ
伯勞飛燕,1,ㄅㄛˊ ㄌㄠˊ ㄈㄟ ㄧㄢˋ
伯喈倒屣,1,ㄅㄛˊ ㄐㄧㄝ ㄉㄠˋ ㄒㄧˇ
伯壎仲篪,1,ㄅㄛˊ ㄒㄩㄣ ㄓㄨㄥˋ ㄔˊ
伯夷叔齊,1,ㄅㄛˊ ㄧˊ ㄕㄨˊ ㄑㄧˊ
伯恩斯坦,1,ㄅㄛˊ ㄣ ㄙ ㄊㄢˇ
伯樂一顧,1,ㄅㄛˊ ㄌㄜˋ ㄧ ㄍㄨˋ
伯歌季舞,1,ㄅㄛˊ ㄍㄜ ㄐㄧˋ ㄨˇ
伯牙絕絃,1,ㄅㄛˊ ㄧㄚˊ ㄐㄩㄝˊ ㄒㄧㄢˊ
伯牙鼓琴,1,ㄅㄛˊ ㄧㄚˊ ㄍㄨˇ ㄑㄧㄣˊ
伯舒拉嶺,1,ㄅㄛˊ ㄕㄨ ㄌㄚ ㄌㄧㄥˇ
伯道之憂,1,ㄅㄛˊ ㄉㄠˋ ㄓ ㄧㄡ
伯道無兒,1,ㄅㄛˊ ㄉㄠˋ ㄨˊ ㄦˊ
伯雍種玉,1,ㄅㄛˊ ㄩㄥ ㄓㄨㄥˋ ㄩˋ
伴侶動物,1,ㄅㄢˋ ㄌㄩˇ ㄉㄨㄥˋ ㄨˋ
伴唱影碟,1,ㄅㄢˋ ㄔㄤˋ ㄧㄥˇ ㄉㄧㄝˊ
伴食中書,1,ㄅㄢˋ ㄕˊ ㄓㄨㄥ ㄕㄨ
伴食宰相,1,ㄅㄢˋ ㄕˊ ㄗㄞˇ ㄒㄧㄤˋ
伶仃孤苦,1,ㄌㄧㄥˊ ㄉㄧㄥ ㄍㄨ ㄎㄨˇ
伶伶俐俐,1,ㄌㄧㄥˊ ㄌㄧㄥˊ ㄌㄧˋ ㄌㄧˋ
伶俐乖覺,1,ㄌㄧㄥˊ ㄌㄧˋ ㄍㄨㄞ ㄐㄩㄝˊ
伶俐嘴乖,1,ㄌㄧㄥˊ ㄌㄧˋ ㄗㄨㄟˇ ㄍㄨㄞ
伶俐聰敏,1,ㄌㄧㄥˊ ㄌㄧˋ ㄘㄨㄥ ㄇㄧㄣˇ
伶口俐舌,1,ㄌㄧㄥˊ ㄎㄡˇ ㄌㄧˋ ㄕㄜˊ
伶牙俐嘴,1,ㄌㄧㄥˊ ㄧㄚˊ ㄌㄧˋ ㄗㄨㄟˇ
伸出援手,1,ㄕㄣ ㄔㄨ ㄩㄢˊ ㄕㄡˇ
伸眉吐氣,1,ㄕㄣ ㄇㄟˊ ㄊㄨˇ ㄑㄧˋ
伸腿瞪眼,1,ㄕㄣ ㄊㄨㄟˇ ㄉㄥˋ ㄧㄢˇ
伸鉤索鐵,1,ㄕㄣ ㄍㄡ ㄙㄨㄛˇ ㄊㄧㄝˇ
伸頭探腦,1,ㄕㄣ ㄊㄡˊ ㄊㄢˋ ㄋㄠˇ
伸頭縮頸,1,ㄕㄣ ㄊㄡˊ ㄙㄨㄛ ㄐㄧㄥˇ
似水如魚,1,ㄙˋ ㄕㄨㄟˇ ㄖㄨˊ ㄩˊ
似漆如膠,1,ㄙˋ ㄑㄧ ㄖㄨˊ ㄐㄧㄠ
似玉如花,1,ㄙˋ ㄩˋ ㄖㄨˊ ㄏㄨㄚ
似箭如梭,1,ㄙˋ ㄐㄧㄢˋ ㄖㄨˊ ㄙㄨㄛ
似醉如痴,1,ㄙˋ ㄗㄨㄟˋ ㄖㄨˊ ㄔ
佃租制度,1,ㄉㄧㄢˋ ㄗㄨ ㄓˋ ㄉㄨˋ
但求塞責,1,ㄉㄢˋ ㄑㄧㄡˊ ㄙㄜˋ ㄗㄜˊ
但求如願,1,ㄉㄢˋ ㄑㄧㄡˊ ㄖㄨˊ ㄩㄢˋ
佈陣安營,1,ㄅㄨˋ ㄓㄣˋ ㄢ ㄧㄥˊ
位卑言高,1,ㄨㄟˋ ㄅㄟ ㄧㄢˊ ㄍㄠ
位尊勢重,1,ㄨㄟˋ ㄗㄨㄣ ㄕˋ ㄓㄨㄥˋ
低幼兒童,1,ㄉㄧ ㄧㄡˋ ㄦˊ ㄊㄨㄥˊ
低幼讀物,1,ㄉㄧ ㄧㄡˋ ㄉㄨˊ ㄨˋ
低徊不已,1,ㄉㄧ ㄏㄨㄟˊ ㄅㄨˋ ㄧˇ
低收入戶,1,ㄉㄧ ㄕㄡ ㄖㄨˋ ㄏㄨˋ
低溫殺菌,1,ㄉㄧ ㄨㄣ ㄕㄚ ㄐㄩㄣˋ
低溫食品,1,ㄉㄧ ㄨㄣ ㄕˊ ㄆㄧㄣˇ
低級趣味,1,ㄉㄧ ㄐㄧˊ ㄑㄩˋ ㄨㄟˋ
低聲密語,1,ㄉㄧ ㄕㄥ ㄇㄧˋ ㄩˇ
低迷不振,1,ㄉㄧ ㄇㄧˊ ㄅㄨˋ ㄓㄣˋ
低音提琴,1,ㄉㄧ ㄧㄣ ㄊㄧˊ ㄑㄧㄣˊ
低頭受縛,1,ㄉㄧ ㄊㄡˊ ㄕㄡˋ ㄈㄨˊ
低頭喪氣,1,ㄉㄧ ㄊㄡˊ ㄙㄤˋ ㄑㄧˋ
低頭屈膝,1,ㄉㄧ ㄊㄡˊ ㄑㄩ ㄒㄧ
低顏下膝,1,ㄉㄧ ㄧㄢˊ ㄒㄧㄚˋ ㄒㄧ
低鹽飲食,1,ㄉㄧ ㄧㄢˊ ㄧㄣˇ ㄕˊ
住宅單元,1,ㄓㄨˋ ㄓㄞˊ ㄉㄢ ㄩㄢˊ
住宅旅社,1,ㄓㄨˋ ㄓㄞˊ ㄌㄩˇ ㄕㄜˋ
佐饔得嘗,1,ㄗㄨㄛˇ ㄩㄥ ㄉㄜˊ ㄔㄤˊ
何以克當,1,ㄏㄜˊ ㄧˇ ㄎㄜˋ ㄉㄤ
何功之有,1,ㄏㄜˊ ㄍㄨㄥ ㄓ ㄧㄡˇ
何彼襛矣,1,ㄏㄜˊ ㄅㄧˇ ㄋㄨㄥˊ ㄧˇ
何所不為,1,ㄏㄜˊ ㄙㄨㄛˇ ㄅㄨˋ ㄨㄟˊ
何氏語林,1,ㄏㄜˊ ㄕˋ ㄩˇ ㄌㄧㄣˊ
何罪之有,1,ㄏㄜˊ ㄗㄨㄟˋ ㄓ ㄧㄡˇ
何草不黃,1,ㄏㄜˊ ㄘㄠˇ ㄅㄨˋ ㄏㄨㄤˊ
何見之晚,1,ㄏㄜˊ ㄐㄧㄢˋ ㄓ ㄨㄢˇ
何足為奇,1,ㄏㄜˊ ㄗㄨˊ ㄨㄟˊ ㄑㄧˊ
何足道哉,1,ㄏㄜˊ ㄗㄨˊ ㄉㄠˋ ㄗㄞ
佛來明哥,1,ㄈㄛˊ ㄌㄞˊ ㄇㄧㄥˊ ㄍㄜ
佛前佛後,1,ㄈㄛˊ ㄑㄧㄢˊ ㄈㄛˊ ㄏㄡˋ
佛口蛇心,1,ㄈㄛˊ ㄎㄡˇ ㄕㄜˊ ㄒㄧㄣ
佛天三寶,1,ㄈㄛˊ ㄊㄧㄢ ㄙㄢ ㄅㄠˇ
佛成道日,1,ㄈㄛˊ ㄔㄥˊ ㄉㄠˋ ㄖˋ
佛教音樂,1,ㄈㄛˊ ㄐㄧㄠˋ ㄧㄣ ㄩㄝˋ
佛眼相看,1,ㄈㄛˊ ㄧㄢˇ ㄒㄧㄤ ㄎㄢˋ
佛蒙特州,1,ㄈㄛˊ ㄇㄥˊ ㄊㄜˋ ㄓㄡ
佛頭著糞,1,ㄈㄛˊ ㄊㄡˊ ㄓㄨㄛˊ ㄈㄣˋ
作不得主,1,ㄗㄨㄛˋ ㄅㄨˋ ㄉㄜˊ ㄓㄨˇ
作作有芒,1,ㄗㄨㄛˋ ㄗㄨㄛˋ ㄧㄡˇ ㄇㄤˊ
作如是觀,1,ㄗㄨㄛˋ ㄖㄨˊ ㄕˋ ㄍㄨㄢ
作業平臺,1,ㄗㄨㄛˋ ㄧㄝˋ ㄆㄧㄥˊ ㄊㄞˊ
作業研究,1,ㄗㄨㄛˋ ㄧㄝˋ ㄧㄢˊ ㄐㄧㄡˋ
作白日夢,1,ㄗㄨㄛˋ ㄅㄞˊ ㄖˋ ㄇㄥˋ
作福作威,1,ㄗㄨㄛˋ ㄈㄨˊ ㄗㄨㄛˋ ㄨㄟ
作育英才,1,ㄗㄨㄛˋ ㄩˋ ㄧㄥ ㄘㄞˊ
作育菁莪,1,ㄗㄨㄛˋ ㄩˋ ㄐㄧㄥ ㄜˊ
作舍道旁,1,ㄗㄨㄛˋ ㄕㄜˋ ㄉㄠˋ ㄆㄤˊ
作舍道邊,1,ㄗㄨㄛˋ ㄕㄜˋ ㄉㄠˋ ㄅㄧㄢ
作詩填詞,1,ㄗㄨㄛˋ ㄕ ㄊㄧㄢˊ ㄘˊ
作賊心虛,1,ㄗㄨㄛˋ ㄗㄟˊ ㄒㄧㄣ ㄒㄩ
作鼻子頭,1,ㄗㄨㄛˋ ㄅㄧˊ ㄗ˙ ㄊㄡˊ
佞徒損友,1,ㄋㄧㄥˋ ㄊㄨˊ ㄙㄨㄣˇ ㄧㄡˇ
你三我四,1,ㄋㄧˇ ㄙㄢ ㄨㄛˇ ㄙˋ
你儂我儂,1,ㄋㄧˇ ㄋㄨㄥˊ ㄨㄛˇ ㄋㄨㄥˊ
你推我擠,1,ㄋㄧˇ ㄊㄨㄟ ㄨㄛˇ ㄐㄧˇ
你東我西,1,ㄋㄧˇ ㄉㄨㄥ ㄨㄛˇ ㄒㄧ
你爭我奪,1,ㄋㄧˇ ㄓㄥ ㄨㄛˇ ㄉㄨㄛˊ
你知我見,1,ㄋㄧˇ ㄓ ㄨㄛˇ ㄐㄧㄢˋ
你誇我逞,1,ㄋㄧˇ ㄎㄨㄚ ㄨㄛˇ ㄔㄥˇ
你謙我讓,1,ㄋㄧˇ ㄑㄧㄢ ㄨㄛˇ ㄖㄤˋ
你長我短,1,ㄋㄧˇ ㄔㄤˊ ㄨㄛˇ ㄉㄨㄢˇ
佩文詩韻,1,ㄆㄟˋ ㄨㄣˊ ㄕ ㄩㄣˋ
佩文韻府,1,ㄆㄟˋ ㄨㄣˊ ㄩㄣˋ ㄈㄨˇ
佩紫懷黃,1,ㄆㄟˋ ㄗˇ ㄏㄨㄞˊ ㄏㄨㄤˊ
佩脫拉克,1,ㄆㄟˋ ㄊㄨㄛ ㄌㄚ ㄎㄜˋ
佩韋佩弦,1,ㄆㄟˋ ㄨㄟˊ ㄆㄟˋ ㄒㄧㄢˊ
佯佯不睬,1,ㄧㄤˊ ㄧㄤˊ ㄅㄨˋ ㄘㄞˇ
佯打耳睜,1,ㄧㄤˊ ㄉㄚˇ ㄦˇ ㄓㄥ
佳人命薄,1,ㄐㄧㄚ ㄖㄣˊ ㄇㄧㄥˋ ㄅㄛˊ
佳人才子,1,ㄐㄧㄚ ㄖㄣˊ ㄘㄞˊ ㄗˇ
佳人薄命,1,ㄐㄧㄚ ㄖㄣˊ ㄅㄛˊ ㄇㄧㄥˋ
佳兒佳婦,1,ㄐㄧㄚ ㄦˊ ㄐㄧㄚ ㄈㄨˋ
佳兵不祥,1,ㄐㄧㄚ ㄅㄧㄥ ㄅㄨˋ ㄒㄧㄤˊ
佳木斯市,1,ㄐㄧㄚ ㄇㄨˋ ㄙ ㄕˋ
併贓拿賊,1,ㄅㄧㄥˋ ㄗㄤ ㄋㄚˊ ㄗㄟˊ
併贓治罪,1,ㄅㄧㄥˋ ㄗㄤ ㄓˋ ㄗㄨㄟˋ
佶屈聱牙,1,ㄐㄧˊ ㄑㄩ ㄠˊ ㄧㄚˊ
佹得佹失,1,ㄍㄨㄟˇ ㄉㄜˊ ㄍㄨㄟˇ ㄕ
佼佼不群,1,ㄐㄧㄠˇ ㄐㄧㄠˇ ㄅㄨˋ ㄑㄩㄣˊ
使君有婦,1,ㄕˇ ㄐㄩㄣ ㄧㄡˇ ㄈㄨˋ
使嘴使舌,1,ㄕˇ ㄗㄨㄟˇ ㄕˇ ㄕㄜˊ
使心作倖,1,ㄕˇ ㄒㄧㄣ ㄗㄨㄛˋ ㄒㄧㄥˋ
使心用腹,1,ㄕˇ ㄒㄧㄣ ㄩㄥˋ ㄈㄨˋ
使用借貸,1,ㄕˇ ㄩㄥˋ ㄐㄧㄝˋ ㄉㄞˋ
使羊將狼,1,ㄕˇ ㄧㄤˊ ㄐㄧㄤˋ ㄌㄤˊ
使臂使指,1,ㄕˇ ㄅㄧˋ ㄕˇ ㄓˇ
使蚊負山,1,ㄕˇ ㄨㄣˊ ㄈㄨˋ ㄕㄢ
使貪使愚,1,ㄕˇ ㄊㄢ ㄕˇ ㄩˊ
侃侃諤諤,1,ㄎㄢˇ ㄎㄢˇ ㄜˋ ㄜˋ
來之不易,1,ㄌㄞˊ ㄓ ㄅㄨˋ ㄧˋ
來千去萬,1,ㄌㄞˊ ㄑㄧㄢ ㄑㄩˋ ㄨㄢˋ
來去匆匆,1,ㄌㄞˊ ㄑㄩˋ ㄘㄨㄥ ㄘㄨㄥ
來回來去,1,ㄌㄞˊ ㄏㄨㄟˊ ㄌㄞˊ ㄑㄩˋ
來回的話,1,ㄌㄞˊ ㄏㄨㄟˊ ㄉㄜ˙ ㄏㄨㄚˋ
來情去意,1,ㄌㄞˊ ㄑㄧㄥˊ ㄑㄩˋ ㄧˋ
來日正長,1,ㄌㄞˊ ㄖˋ ㄓㄥˋ ㄔㄤˊ
來者是客,1,ㄌㄞˊ ㄓㄜˇ ㄕˋ ㄎㄜˋ
來蹤去影,1,ㄌㄞˊ ㄗㄨㄥ ㄑㄩˋ ㄧㄥˇ
來蹤去跡,1,ㄌㄞˊ ㄗㄨㄥ ㄑㄩˋ ㄐㄧ
來頭不小,1,ㄌㄞˊ ㄊㄡ˙ ㄅㄨˋ ㄒㄧㄠˇ
侏儒觀戰,1,ㄓㄨ ㄖㄨˊ ㄍㄨㄢ ㄓㄢˋ
侏羅山脈,1,ㄓㄨ ㄌㄨㄛˊ ㄕㄢ ㄇㄞˋ
侔德覆載,1,ㄇㄡˊ ㄉㄜˊ ㄈㄨˋ ㄗㄞˋ
侔色揣稱,1,ㄇㄡˊ ㄙㄜˋ ㄔㄨㄞˇ ㄔㄥ
侖琴射線,1,ㄌㄨㄣˊ ㄑㄧㄣˊ ㄕㄜˋ ㄒㄧㄢˋ
供不應求,1,ㄍㄨㄥ ㄅㄨˋ ㄧㄥˋ ㄑㄧㄡˊ
供膳甘肥,1,ㄍㄨㄥ ㄕㄢˋ ㄍㄢ ㄈㄟˊ
供需失衡,1,ㄍㄨㄥ ㄒㄩ ㄕ ㄏㄥˊ
依依難捨,1,ㄧ ㄧ ㄋㄢˊ ㄕㄜˇ
依官仗勢,1,ㄧ ㄍㄨㄢ ㄓㄤˋ ㄕˋ
依樣葫蘆,1,ㄧ ㄧㄤˋ ㄏㄨˊ ㄌㄨˊ
依法炮製,1,ㄧ ㄈㄚˇ ㄆㄠˊ ㄓˋ
依流平進,1,ㄧ ㄌㄧㄡˊ ㄆㄧㄥˊ ㄐㄧㄣˋ
依然如舊,1,ㄧ ㄖㄢˊ ㄖㄨˊ ㄐㄧㄡˋ
依草附木,1,ㄧ ㄘㄠˇ ㄈㄨˋ ㄇㄨˋ
依計行事,1,ㄧ ㄐㄧˋ ㄒㄧㄥˊ ㄕˋ
依違兩可,1,ㄧ ㄨㄟˊ ㄌㄧㄤˇ ㄎㄜˇ
依阿兩可,1,ㄧ ㄜ ㄌㄧㄤˇ ㄎㄜˇ
依阿取容,1,ㄧ ㄜ ㄑㄩˇ ㄖㄨㄥˊ
依頭縷當,1,ㄧ ㄊㄡˊ ㄌㄩˇ ㄉㄤˋ
依頭順尾,1,ㄧ ㄊㄡˊ ㄕㄨㄣˋ ㄨㄟˇ
侮手侮腳,1,ㄨˇ ㄕㄡˇ ㄨˇ ㄐㄧㄠˇ
侯景之亂,1,ㄏㄡˊ ㄐㄧㄥˇ ㄓ ㄌㄨㄢˋ
侯服玉食,1,ㄏㄡˊ ㄈㄨˊ ㄩˋ ㄕˊ
侯馬盟書,1,ㄏㄡˊ ㄇㄚˇ ㄇㄥˊ ㄕㄨ
侵剝百端,1,ㄑㄧㄣ ㄅㄛ ㄅㄞˇ ㄉㄨㄢ
侵權行為,1,ㄑㄧㄣ ㄑㄩㄢˊ ㄒㄧㄥˊ ㄨㄟˊ
侵略主義,1,ㄑㄧㄣ ㄌㄩㄝˋ ㄓㄨˇ ㄧˋ
侵肌透骨,1,ㄑㄧㄣ ㄐㄧ ㄊㄡˋ ㄍㄨˇ
侵蝕基準,1,ㄑㄧㄣ ㄕˊ ㄐㄧ ㄓㄨㄣˇ
侵蝕平原,1,ㄑㄧㄣ ㄕˊ ㄆㄧㄥˊ ㄩㄢˊ
侵蝕循環,1,ㄑㄧㄣ ㄕˊ ㄒㄩㄣˊ ㄏㄨㄢˊ
侷促一隅,1,ㄐㄩˊ ㄘㄨˋ ㄧ ㄩˊ
侷促不安,1,ㄐㄩˊ ㄘㄨˋ ㄅㄨˋ ㄢ
便宜主義,1,ㄆㄧㄢˊ ㄧ˙ ㄓㄨˇ ㄧˋ
便宜從事,1,ㄅㄧㄢˋ ㄧˊ ㄘㄨㄥˊ ㄕˋ
便宜施行,1,ㄅㄧㄢˋ ㄧˊ ㄕ ㄒㄧㄥˊ
便宜處分,1,ㄅㄧㄢˋ ㄧˊ ㄔㄨˇ ㄈㄣˋ
便宜處置,1,ㄅㄧㄢˋ ㄧˊ ㄔㄨˇ ㄓˋ
係頸闕庭,1,ㄒㄧˋ ㄐㄧㄥˇ ㄑㄩㄝˋ ㄊㄧㄥˊ
係風捕景,1,ㄒㄧˋ ㄈㄥ ㄅㄨˇ ㄧㄥˇ
促忙促急,1,ㄘㄨˋ ㄇㄤˊ ㄘㄨˋ ㄐㄧˊ
促膝長談,1,ㄘㄨˋ ㄒㄧ ㄔㄤˊ ㄊㄢˊ
俄亥俄州,1,ㄜˊ ㄏㄞˋ ㄜˊ ㄓㄡ
俄羅斯族,1,ㄜˊ ㄌㄨㄛˊ ㄙ ㄗㄨˊ
俊俏風流,1,ㄐㄩㄣˋ ㄑㄧㄠˋ ㄈㄥ ㄌㄧㄡˊ
俊眼修眉,1,ㄐㄩㄣˋ ㄧㄢˇ ㄒㄧㄡ ㄇㄟˊ
俐齒伶牙,1,ㄌㄧˋ ㄔˇ ㄌㄧㄥˊ ㄧㄚˊ
俗諺俚語,1,ㄙㄨˊ ㄧㄢˋ ㄌㄧˇ ㄩˇ
俛首帖耳,1,ㄈㄨˇ ㄕㄡˇ ㄊㄧㄝ ㄦˇ
俛首聽命,1,ㄈㄨˇ ㄕㄡˇ ㄊㄧㄥ ㄇㄧㄥˋ
俛首自招,1,ㄈㄨˇ ㄕㄡˇ ㄗˋ ㄓㄠ
保健物理,1,ㄅㄠˇ ㄐㄧㄢˋ ㄨˋ ㄌㄧˇ
保健粉筆,1,ㄅㄠˇ ㄐㄧㄢˋ ㄈㄣˇ ㄅㄧˇ
保全程序,1,ㄅㄠˇ ㄑㄩㄢˊ ㄔㄥˊ ㄒㄩˋ
保全處分,1,ㄅㄠˇ ㄑㄩㄢˊ ㄔㄨˇ ㄈㄣˋ
保加利亞,1,ㄅㄠˇ ㄐㄧㄚ ㄌㄧˋ ㄧㄚˋ
保國安民,1,ㄅㄠˇ ㄍㄨㄛˊ ㄢ ㄇㄧㄣˊ
保境息民,1,ㄅㄠˇ ㄐㄧㄥˋ ㄒㄧˊ ㄇㄧㄣˊ
保安處分,1,ㄅㄠˇ ㄢ ㄔㄨˇ ㄈㄣˋ
保家之主,1,ㄅㄠˇ ㄐㄧㄚ ㄓ ㄓㄨˇ
保密軍官,1,ㄅㄠˇ ㄇㄧˋ ㄐㄩㄣ ㄍㄨㄢ
保殘守缺,1,ㄅㄠˇ ㄘㄢˊ ㄕㄡˇ ㄑㄩㄝ
保生大帝,1,ㄅㄠˇ ㄕㄥ ㄉㄚˋ ㄉㄧˋ
保留價格,1,ㄅㄠˇ ㄌㄧㄡˊ ㄐㄧㄚˋ ㄍㄜˊ
保留徵收,1,ㄅㄠˇ ㄌㄧㄡˊ ㄓㄥ ㄕㄡ
保留曲線,1,ㄅㄠˇ ㄌㄧㄡˊ ㄑㄩ ㄒㄧㄢˋ
保祿六世,1,ㄅㄠˇ ㄌㄨˋ ㄌㄧㄡˋ ㄕˋ
保稅工廠,1,ㄅㄠˇ ㄕㄨㄟˋ ㄍㄨㄥ ㄔㄤˇ
保結制度,1,ㄅㄠˇ ㄐㄧㄝˊ ㄓˋ ㄉㄨˋ
保羅書信,1,ㄅㄠˇ ㄌㄨㄛˊ ㄕㄨ ㄒㄧㄣˋ
保衛細胞,1,ㄅㄠˇ ㄨㄟˋ ㄒㄧˋ ㄅㄠ
保證價格,1,ㄅㄠˇ ㄓㄥˋ ㄐㄧㄚˋ ㄍㄜˊ
保護作物,1,ㄅㄠˇ ㄏㄨˋ ㄗㄨㄛˋ ㄨˋ
保護狀制,1,ㄅㄠˇ ㄏㄨˋ ㄓㄨㄤˋ ㄓˋ
保護管束,1,ㄅㄠˇ ㄏㄨˋ ㄍㄨㄢˇ ㄕㄨˋ
保護貿易,1,ㄅㄠˇ ㄏㄨˋ ㄇㄠˋ ㄧˋ
保護食物,1,ㄅㄠˇ ㄏㄨˋ ㄕˊ ㄨˋ
保路風潮,1,ㄅㄠˇ ㄌㄨˋ ㄈㄥ ㄔㄠˊ
保防軍官,1,ㄅㄠˇ ㄈㄤˊ ㄐㄩㄣ ㄍㄨㄢ
保險刀片,1,ㄅㄠˇ ㄒㄧㄢˇ ㄉㄠ ㄆㄧㄢˋ
保險利益,1,ㄅㄠˇ ㄒㄧㄢˇ ㄌㄧˋ ㄧˋ
保險給付,1,ㄅㄠˇ ㄒㄧㄢˇ ㄐㄧˇ ㄈㄨˋ
保險賠償,1,ㄅㄠˇ ㄒㄧㄢˇ ㄆㄟˊ ㄔㄤˊ
保險開關,1,ㄅㄠˇ ㄒㄧㄢˇ ㄎㄞ ㄍㄨㄢ
保麗龍板,1,ㄅㄠˇ ㄌㄧˋ ㄌㄨㄥˊ ㄅㄢˇ
俟河之清,1,ㄙˋ ㄏㄜˊ ㄓ ㄑㄧㄥ
俠氣干雲,1,ㄒㄧㄚˊ ㄑㄧˋ ㄍㄢ ㄩㄣˊ
俠骨柔腸,1,ㄒㄧㄚˊ ㄍㄨˇ ㄖㄡˊ ㄔㄤˊ
信任投票,1,ㄒㄧㄣˋ ㄖㄣˋ ㄊㄡˊ ㄆㄧㄠˋ
信及豚魚,1,ㄒㄧㄣˋ ㄐㄧˊ ㄊㄨㄣˊ ㄩˊ
信口捏膿,1,ㄒㄧㄣˋ ㄎㄡˇ ㄋㄧㄝ ㄋㄨㄥˊ
信口開合,1,ㄒㄧㄣˋ ㄎㄡˇ ㄎㄞ ㄏㄜˊ
信口開喝,1,ㄒㄧㄣˋ ㄎㄡˇ ㄎㄞ ㄏㄜ
信嘴胡說,1,ㄒㄧㄣˋ ㄗㄨㄟˇ ㄏㄨˊ ㄕㄨㄛ
信手拈來,1,ㄒㄧㄣˋ ㄕㄡˇ ㄋㄧㄢˊ ㄌㄞˊ
信步而行,1,ㄒㄧㄣˋ ㄅㄨˋ ㄦˊ ㄒㄧㄥˊ
信用交易,1,ㄒㄧㄣˋ ㄩㄥˋ ㄐㄧㄠ ㄧˋ
信用額度,1,ㄒㄧㄣˋ ㄩㄥˋ ㄜˊ ㄉㄨˋ
信筆塗鴉,1,ㄒㄧㄣˋ ㄅㄧˇ ㄊㄨˊ ㄧㄚ
信而有徵,1,ㄒㄧㄣˋ ㄦˊ ㄧㄡˇ ㄓㄥ
信託基金,1,ㄒㄧㄣˋ ㄊㄨㄛ ㄐㄧ ㄐㄧㄣ
信託資金,1,ㄒㄧㄣˋ ㄊㄨㄛ ㄗ ㄐㄧㄣ
信馬游韁,1,ㄒㄧㄣˋ ㄇㄚˇ ㄧㄡˊ ㄐㄧㄤ
修五臟廟,1,ㄒㄧㄡ ㄨˇ ㄗㄤˋ ㄇㄧㄠˋ
修文偃武,1,ㄒㄧㄡ ㄨㄣˊ ㄧㄢˇ ㄨˇ
修母畫荻,1,ㄒㄧㄡ ㄇㄨˇ ㄏㄨㄚˋ ㄉㄧˊ
修置產室,1,ㄒㄧㄡ ㄓˋ ㄔㄢˇ ㄕˋ
修舊利廢,1,ㄒㄧㄡ ㄐㄧㄡˋ ㄌㄧˋ ㄈㄟˋ
修謹以俟,1,ㄒㄧㄡ ㄐㄧㄣˇ ㄧˇ ㄙˋ
修身齊家,1,ㄒㄧㄡ ㄕㄣ ㄑㄧˊ ㄐㄧㄚ
修飾邊幅,1,ㄒㄧㄡ ㄕˋ ㄅㄧㄢ ㄈㄨˊ
俯拾青紫,1,ㄈㄨˇ ㄕˊ ㄑㄧㄥ ㄗˇ
俯遂幽眇,1,ㄈㄨˇ ㄙㄨㄟˋ ㄧㄡ ㄇㄧㄠˇ
俯首就縛,1,ㄈㄨˇ ㄕㄡˇ ㄐㄧㄡˋ ㄈㄨˊ
俯首聽命,1,ㄈㄨˇ ㄕㄡˇ ㄊㄧㄥ ㄇㄧㄥˋ
俱收並蓄,1,ㄐㄩˋ ㄕㄡ ㄅㄧㄥˋ ㄒㄩˋ
俾爾遐福,1,ㄅㄧˋ ㄦˇ ㄒㄧㄚˊ ㄈㄨˊ
倉倉皇皇,1,ㄘㄤ ㄘㄤ ㄏㄨㄤˊ ㄏㄨㄤˊ
倉皇失措,1,ㄘㄤ ㄏㄨㄤˊ ㄕ ㄘㄨㄛˋ
倉皇無措,1,ㄘㄤ ㄏㄨㄤˊ ㄨˊ ㄘㄨㄛˋ
個中滋味,1,ㄍㄜˋ ㄓㄨㄥ ㄗ ㄨㄟˋ
個中道理,1,ㄍㄜˋ ㄓㄨㄥ ㄉㄠˋ ㄌㄧˇ
個人外交,1,ㄍㄜˋ ㄖㄣˊ ㄨㄞˋ ㄐㄧㄠ
個人撥接,1,ㄍㄜˋ ㄖㄣˊ ㄅㄛ ㄐㄧㄝ
個人本位,1,ㄍㄜˋ ㄖㄣˊ ㄅㄣˇ ㄨㄟˋ
個人衛生,1,ㄍㄜˋ ㄖㄣˊ ㄨㄟˋ ㄕㄥ
個人資料,1,ㄍㄜˋ ㄖㄣˊ ㄗ ㄌㄧㄠˋ
個人電腦,1,ㄍㄜˋ ㄖㄣˊ ㄉㄧㄢˋ ㄋㄠˇ
個人首頁,1,ㄍㄜˋ ㄖㄣˊ ㄕㄡˇ ㄧㄝˋ
個個稱羨,1,ㄍㄜˋ ㄍㄜˋ ㄔㄥ ㄒㄧㄢˋ
個性難改,1,ㄍㄜˋ ㄒㄧㄥˋ ㄋㄢˊ ㄍㄞˇ
個案分析,1,ㄍㄜˋ ㄢˋ ㄈㄣ ㄒㄧ
個案研究,1,ㄍㄜˋ ㄢˋ ㄧㄢˊ ㄐㄧㄡˋ
倍受矚目,1,ㄅㄟˋ ㄕㄡˋ ㄓㄨˇ ㄇㄨˋ
倍感親切,1,ㄅㄟˋ ㄍㄢˇ ㄑㄧㄣ ㄑㄧㄝˋ
倍日并行,1,ㄅㄟˋ ㄖˋ ㄅㄧㄥˋ ㄒㄧㄥˊ
倍比定律,1,ㄅㄟˋ ㄅㄧˇ ㄉㄧㄥˋ ㄌㄩˋ
倍道兼行,1,ㄅㄟˋ ㄉㄠˋ ㄐㄧㄢ ㄒㄧㄥˊ
倍道兼進,1,ㄅㄟˋ ㄉㄠˋ ㄐㄧㄢ ㄐㄧㄣˋ
倏來忽往,1,ㄕㄨˋ ㄌㄞˊ ㄏㄨ ㄨㄤˇ
倒三顛四,1,ㄉㄠˇ ㄙㄢ ㄉㄧㄢ ㄙˋ
倒下鉤子,1,ㄉㄠˋ ㄒㄧㄚˋ ㄍㄡ ㄗ˙
倒了架子,1,ㄉㄠˇ ㄌㄜ˙ ㄐㄧㄚˋ ㄗ˙
倒八字鬚,1,ㄉㄠˋ ㄅㄚ ㄗˋ ㄒㄩ
倒冠落佩,1,ㄉㄠˋ ㄍㄨㄢ ㄌㄨㄛˋ ㄆㄟˋ
倒前倒後,1,ㄉㄠˋ ㄑㄧㄢˊ ㄉㄠˋ ㄏㄡˋ
倒四顛三,1,ㄉㄠˇ ㄙˋ ㄉㄧㄢ ㄙㄢ
倒地葫蘆,1,ㄉㄠˇ ㄉㄧˋ ㄏㄨˊ ㄌㄨ˙
倒屣奔出,1,ㄉㄠˋ ㄒㄧˇ ㄅㄣ ㄔㄨ
倒屣而迎,1,ㄉㄠˋ ㄒㄧˇ ㄦˊ ㄧㄥˊ
倒屣迎之,1,ㄉㄠˋ ㄒㄧˇ ㄧㄥˊ ㄓ
倒屣迎賓,1,ㄉㄠˋ ㄒㄧˇ ㄧㄥˊ ㄅㄧㄣ
倒履相迎,1,ㄉㄠˋ ㄌㄩˇ ㄒㄧㄤ ㄧㄥˊ
倒山傾海,1,ㄉㄠˇ ㄕㄢ ㄑㄧㄥ ㄏㄞˇ
倒廩傾囷,1,ㄉㄠˋ ㄌㄧㄣˇ ㄑㄧㄥ ㄐㄩㄣ
倒心伏計,1,ㄉㄠˇ ㄒㄧㄣ ㄈㄨˊ ㄐㄧˋ
倒懸之危,1,ㄉㄠˋ ㄒㄩㄢˊ ㄓ ㄨㄟˊ
倒懸之急,1,ㄉㄠˋ ㄒㄩㄢˊ ㄓ ㄐㄧˊ
倒懸之苦,1,ㄉㄠˋ ㄒㄩㄢˊ ㄓ ㄎㄨˇ
倒懸捱命,1,ㄉㄠˋ ㄒㄩㄢˊ ㄞˊ ㄇㄧㄥˋ
倒戈卸甲,1,ㄉㄠˋ ㄍㄜ ㄒㄧㄝˋ ㄐㄧㄚˇ
倒打一耙,1,ㄉㄠˋ ㄉㄚˇ ㄧ ㄆㄚˊ
倒把鋤頭,1,ㄉㄠˋ ㄅㄚˇ ㄔㄨˊ ㄊㄡ˙
倒持干戈,1,ㄉㄠˋ ㄔˊ ㄍㄢ ㄍㄜ
倒持泰阿,1,ㄉㄠˋ ㄔˊ ㄊㄞˋ ㄜ
倒數計時,1,ㄉㄠˋ ㄕㄨˇ ㄐㄧˋ ㄕˊ
倒枕捶床,1,ㄉㄠˇ ㄓㄣˇ ㄔㄨㄟˊ ㄔㄨㄤˊ
倒枕搥床,1,ㄉㄠˇ ㄓㄣˇ ㄔㄨㄟˊ ㄔㄨㄤˊ
倒果為因,1,ㄉㄠˋ ㄍㄨㄛˇ ㄨㄟˊ ㄧㄣ
倒楣透頂,1,ㄉㄠˇ ㄇㄟˊ ㄊㄡˋ ㄉㄧㄥˇ
倒橫直豎,1,ㄉㄠˋ ㄏㄥˊ ㄓˊ ㄕㄨˋ
倒海移山,1,ㄉㄠˇ ㄏㄞˇ ㄧˊ ㄕㄢ
倒海翻江,1,ㄉㄠˇ ㄏㄞˇ ㄈㄢ ㄐㄧㄤ
倒灶八字,1,ㄉㄠˇ ㄗㄠˋ ㄅㄚ ㄗˋ
倒站驢子,1,ㄉㄠˋ ㄓㄢˋ ㄌㄩˊ ㄗ˙
倒笏躬身,1,ㄉㄠˋ ㄏㄨˋ ㄍㄨㄥ ㄕㄣ
倒繃孩兒,1,ㄉㄠˋ ㄅㄥ ㄏㄞˊ ㄦˊ
倒置干戈,1,ㄉㄠˋ ㄓˋ ㄍㄢ ㄍㄜ
倒舄摳衣,1,ㄉㄠˋ ㄒㄧˋ ㄎㄡ ㄧ
倒街臥巷,1,ㄉㄠˇ ㄐㄧㄝ ㄨㄛˋ ㄒㄧㄤˋ
倒裳索領,1,ㄉㄠˋ ㄔㄤˊ ㄙㄨㄛˇ ㄌㄧㄥˇ
倒豎虎鬚,1,ㄉㄠˋ ㄕㄨˋ ㄏㄨˇ ㄒㄩ
倒載干戈,1,ㄉㄠˋ ㄗㄞˋ ㄍㄢ ㄍㄜ
倒陪家門,1,ㄉㄠˋ ㄆㄟˊ ㄐㄧㄚ ㄇㄣˊ
倒頭就睡,1,ㄉㄠˇ ㄊㄡˊ ㄐㄧㄡˋ ㄕㄨㄟˋ
倒鳳顛鸞,1,ㄉㄠˇ ㄈㄥˋ ㄉㄧㄢ ㄌㄨㄢˊ
倔巴棍子,1,ㄐㄩㄝˋ ㄅㄚ˙ ㄍㄨㄣˋ ㄗ˙
倔頭倔腦,1,ㄐㄩㄝˋ ㄊㄡˊ ㄐㄩㄝˋ ㄋㄠˇ
倘來之物,1,ㄊㄤˇ ㄌㄞˊ ㄓ ㄨˋ
倚兒不當,1,ㄧˇ ㄦˊ ㄅㄨˋ ㄉㄤˋ
倚勢挾權,1,ㄧˇ ㄕˋ ㄒㄧㄝˊ ㄑㄩㄢˊ
倚官仗勢,1,ㄧˇ ㄍㄨㄢ ㄓㄤˋ ㄕˋ
倚官託勢,1,ㄧˇ ㄍㄨㄢ ㄊㄨㄛ ㄕˋ
倚富欺貧,1,ㄧˇ ㄈㄨˋ ㄑㄧ ㄆㄧㄣˊ
倚強凌弱,1,ㄧˇ ㄑㄧㄤˊ ㄌㄧㄥˊ ㄖㄨㄛˋ
倚強欺弱,1,ㄧˇ ㄑㄧㄤˊ ㄑㄧ ㄖㄨㄛˋ
倚扉而望,1,ㄧˇ ㄈㄟ ㄦˊ ㄨㄤˋ
倚玉偎香,1,ㄧˇ ㄩˋ ㄨㄟ ㄒㄧㄤ
倚翠偎紅,1,ㄧˇ ㄘㄨㄟˋ ㄨㄟ ㄏㄨㄥˊ
倚草附木,1,ㄧˇ ㄘㄠˇ ㄈㄨˋ ㄇㄨˋ
倚財仗勢,1,ㄧˇ ㄘㄞˊ ㄓㄤˋ ㄕˋ
倚門之娼,1,ㄧˇ ㄇㄣˊ ㄓ ㄔㄤ
倚門佇望,1,ㄧˇ ㄇㄣˊ ㄓㄨˋ ㄨㄤˋ
倚門倚閭,1,ㄧˇ ㄇㄣˊ ㄧˇ ㄌㄩˊ
倚門傍戶,1,ㄧˇ ㄇㄣˊ ㄅㄤˋ ㄏㄨˋ
倚門賣笑,1,ㄧˇ ㄇㄣˊ ㄇㄞˋ ㄒㄧㄠˋ
倚閭之望,1,ㄧˇ ㄌㄩˊ ㄓ ㄨㄤˋ
倚馬千言,1,ㄧˇ ㄇㄚˇ ㄑㄧㄢ ㄧㄢˊ
倚馬可待,1,ㄧˇ ㄇㄚˇ ㄎㄜˇ ㄉㄞˋ
倜儻不羈,1,ㄊㄧˋ ㄊㄤˇ ㄅㄨˋ ㄐㄧ
倜儻不群,1,ㄊㄧˋ ㄊㄤˇ ㄅㄨˋ ㄑㄩㄣˊ
借交報仇,1,ㄐㄧㄝˋ ㄐㄧㄠ ㄅㄠˋ ㄔㄡˊ
借劍殺人,1,ㄐㄧㄝˋ ㄐㄧㄢˋ ㄕㄚ ㄖㄣˊ
借客報仇,1,ㄐㄧㄝˋ ㄎㄜˋ ㄅㄠˋ ㄔㄡˊ
借水推船,1,ㄐㄧㄝˋ ㄕㄨㄟˇ ㄊㄨㄟ ㄔㄨㄢˊ
借水行舟,1,ㄐㄧㄝˋ ㄕㄨㄟˇ ㄒㄧㄥˊ ㄓㄡ
借聽於聾,1,ㄐㄧㄝˋ ㄊㄧㄥ ㄩˊ ㄌㄨㄥˊ
借腹生子,1,ㄐㄧㄝˋ ㄈㄨˋ ㄕㄥ ㄗˇ
借茶活捉,1,ㄐㄧㄝˋ ㄔㄚˊ ㄏㄨㄛˊ ㄓㄨㄛ
借貸無門,1,ㄐㄧㄝˋ ㄉㄞˋ ㄨˊ ㄇㄣˊ
借風使船,1,ㄐㄧㄝˋ ㄈㄥ ㄕˇ ㄔㄨㄢˊ
倡條冶葉,1,ㄔㄤ ㄊㄧㄠˊ ㄧㄝˇ ㄧㄝˋ
倨傲怠慢,1,ㄐㄩˋ ㄠˋ ㄉㄞˋ ㄇㄢˋ
倨傲鮮腆,1,ㄐㄩˋ ㄠˋ ㄒㄧㄢˇ ㄊㄧㄢˇ
倩女離魂,1,ㄑㄧㄢˋ ㄋㄩˇ ㄌㄧˊ ㄏㄨㄣˊ
倫敦宣言,1,ㄌㄨㄣˊ ㄉㄨㄣ ㄒㄩㄢ ㄧㄢˊ
倫敦影展,1,ㄌㄨㄣˊ ㄉㄨㄣ ㄧㄥˇ ㄓㄢˇ
倫敦鐵塔,1,ㄌㄨㄣˊ ㄉㄨㄣ ㄊㄧㄝˇ ㄊㄚˇ
倫理道德,1,ㄌㄨㄣˊ ㄌㄧˇ ㄉㄠˋ ㄉㄜˊ
偃兵息甲,1,ㄧㄢˇ ㄅㄧㄥ ㄒㄧˊ ㄐㄧㄚˇ
偃旗臥鼓,1,ㄧㄢˇ ㄑㄧˊ ㄨㄛˋ ㄍㄨˇ
偃武興文,1,ㄧㄢˇ ㄨˇ ㄒㄧㄥ ㄨㄣˊ
偃蹇困窮,1,ㄧㄢˇ ㄐㄧㄢˇ ㄎㄨㄣˋ ㄑㄩㄥˊ
偃鼠飲河,1,ㄧㄢˇ ㄕㄨˇ ㄧㄣˇ ㄏㄜˊ
假以辭色,1,ㄐㄧㄚˇ ㄧˇ ㄘˊ ㄙㄜˋ
假以顏色,1,ㄐㄧㄚˇ ㄧˇ ㄧㄢˊ ㄙㄜˋ
假意周旋,1,ㄐㄧㄚˇ ㄧˋ ㄓㄡ ㄒㄩㄢˊ
假日花市,1,ㄐㄧㄚˋ ㄖˋ ㄏㄨㄚ ㄕˋ
假洋鬼子,1,ㄐㄧㄚˇ ㄧㄤˊ ㄍㄨㄟˇ ㄗ˙
假言命題,1,ㄐㄧㄚˇ ㄧㄢˊ ㄇㄧㄥˋ ㄊㄧˊ
假途滅虢,1,ㄐㄧㄚˇ ㄊㄨˊ ㄇㄧㄝˋ ㄍㄨㄛˊ
偎妻靠婦,1,ㄨㄟ ㄑㄧ ㄎㄠˋ ㄈㄨˋ
偎慵墮懶,1,ㄨㄟ ㄩㄥ ㄉㄨㄛˋ ㄌㄢˇ
偎紅倚翠,1,ㄨㄟ ㄏㄨㄥˊ ㄧˇ ㄘㄨㄟˋ
偎風躲箭,1,ㄨㄟ ㄈㄥ ㄉㄨㄛˇ ㄐㄧㄢˋ
偎香倚玉,1,ㄨㄟ ㄒㄧㄤ ㄧˇ ㄩˋ
偏差理論,1,ㄆㄧㄢ ㄔㄚ ㄌㄧˇ ㄌㄨㄣˋ
偏差行為,1,ㄆㄧㄢ ㄔㄚ ㄒㄧㄥˊ ㄨㄟˊ
偏極光鏡,1,ㄆㄧㄢ ㄐㄧˊ ㄍㄨㄤ ㄐㄧㄥˋ
偏激之詞,1,ㄆㄧㄢ ㄐㄧ ㄓ ㄘˊ
偏狹小器,1,ㄆㄧㄢ ㄒㄧㄚˊ ㄒㄧㄠˇ ㄑㄧˋ
偏聽偏信,1,ㄆㄧㄢ ㄊㄧㄥ ㄆㄧㄢ ㄒㄧㄣˋ
偏袒扼腕,1,ㄆㄧㄢ ㄊㄢˇ ㄜˋ ㄨㄢˋ
偏袒搤腕,1,ㄆㄧㄢ ㄊㄢˇ ㄜˋ ㄨㄢˋ
做人處事,1,ㄗㄨㄛˋ ㄖㄣˊ ㄔㄨˇ ㄕˋ
做出事來,1,ㄗㄨㄛˋ ㄔㄨ˙ ㄕˋ ㄌㄞ˙
做好做惡,1,ㄗㄨㄛˋ ㄏㄠˇ ㄗㄨㄛˋ ㄜˋ
做好做歉,1,ㄗㄨㄛˋ ㄏㄠˇ ㄗㄨㄛˋ ㄑㄧㄢˋ
做小伏低,1,ㄗㄨㄛˋ ㄒㄧㄠˇ ㄈㄨˊ ㄉㄧ
做張做勢,1,ㄗㄨㄛˋ ㄓㄤ ㄗㄨㄛˋ ㄕˋ
做張做智,1,ㄗㄨㄛˋ ㄓㄤ ㄗㄨㄛˋ ㄓˋ
做張做致,1,ㄗㄨㄛˋ ㄓㄤ ㄗㄨㄛˋ ㄓˋ
做我不著,1,ㄗㄨㄛˋ ㄨㄛˇ ㄅㄨˋ ㄓㄠˊ
做歉做好,1,ㄗㄨㄛˋ ㄑㄧㄢˋ ㄗㄨㄛˋ ㄏㄠˇ
做神做鬼,1,ㄗㄨㄛˋ ㄕㄣˊ ㄗㄨㄛˋ ㄍㄨㄟˇ
做腔作勢,1,ㄗㄨㄛˋ ㄑㄧㄤ ㄗㄨㄛˋ ㄕˋ
停停當當,1,ㄊㄧㄥˊ ㄊㄧㄥˊ ㄉㄤˋ ㄉㄤˋ
停停脫脫,1,ㄊㄧㄥˊ ㄊㄧㄥˊ ㄊㄨㄛ ㄊㄨㄛ
停妻再娶,1,ㄊㄧㄥˊ ㄑㄧ ㄗㄞˋ ㄑㄩˇ
停留長智,1,ㄊㄧㄥˊ ㄌㄧㄡˊ ㄓㄤˇ ㄓˋ
停眠整宿,1,ㄊㄧㄥˊ ㄇㄧㄢˊ ㄓㄥˇ ㄙㄨˋ
停辛佇苦,1,ㄊㄧㄥˊ ㄒㄧㄣ ㄓㄨˋ ㄎㄨˇ
停雲慢步,1,ㄊㄧㄥˊ ㄩㄣˊ ㄇㄢˋ ㄅㄨˋ
停雲落月,1,ㄊㄧㄥˊ ㄩㄣˊ ㄌㄨㄛˋ ㄩㄝˋ
健兒門診,1,ㄐㄧㄢˋ ㄦˊ ㄇㄣˊ ㄓㄣˇ
健力運動,1,ㄐㄧㄢˋ ㄌㄧˋ ㄩㄣˋ ㄉㄨㄥˋ
健康保險,1,ㄐㄧㄢˋ ㄎㄤ ㄅㄠˇ ㄒㄧㄢˇ
健康教育,1,ㄐㄧㄢˋ ㄎㄤ ㄐㄧㄠˋ ㄩˋ
側膜胎座,1,ㄘㄜˋ ㄇㄛˋ ㄊㄞ ㄗㄨㄛˋ
偵察衛星,1,ㄓㄣ ㄔㄚˊ ㄨㄟˋ ㄒㄧㄥ
偵查終結,1,ㄓㄣ ㄔㄚˊ ㄓㄨㄥ ㄐㄧㄝˊ
偵訊筆錄,1,ㄓㄣ ㄒㄩㄣˋ ㄅㄧˇ ㄌㄨˋ
偷世竊名,1,ㄊㄡ ㄕˋ ㄑㄧㄝˋ ㄇㄧㄥˊ
偷偷伴伴,1,ㄊㄡ ㄊㄡ˙ ㄅㄢˋ ㄅㄢˋ
偷偷抹抹,1,ㄊㄡ ㄊㄡ˙ ㄇㄛˇ ㄇㄛˇ
偷偷摸摸,1,ㄊㄡ ㄊㄡ˙ ㄇㄛ ㄇㄛ
偷合取容,1,ㄊㄡ ㄏㄜˊ ㄑㄩˇ ㄖㄨㄥˊ
偷合苟容,1,ㄊㄡ ㄏㄜˊ ㄍㄡˇ ㄖㄨㄥˊ
偷嚐禁果,1,ㄊㄡ ㄔㄤˊ ㄐㄧㄣˋ ㄍㄨㄛˇ
偷寒送暖,1,ㄊㄡ ㄏㄢˊ ㄙㄨㄥˋ ㄋㄨㄢˇ
偷彈珠淚,1,ㄊㄡ ㄊㄢˊ ㄓㄨ ㄌㄟˋ
偷斤減兩,1,ㄊㄡ ㄐㄧㄣ ㄐㄧㄢˇ ㄌㄧㄤˇ
偷期暗會,1,ㄊㄡ ㄑㄧˊ ㄢˋ ㄏㄨㄟˋ
偷東摸西,1,ㄊㄡ ㄉㄨㄥ ㄇㄛ ㄒㄧ
偷梁換柱,1,ㄊㄡ ㄌㄧㄤˊ ㄏㄨㄢˋ ㄓㄨˋ
偷渡黃牛,1,ㄊㄡ ㄉㄨˋ ㄏㄨㄤˊ ㄋㄧㄡˊ
偷營劫寨,1,ㄊㄡ ㄧㄥˊ ㄐㄧㄝˊ ㄓㄞˋ
偷狗戲雞,1,ㄊㄡ ㄍㄡˇ ㄒㄧˋ ㄐㄧ
偷生苟活,1,ㄊㄡ ㄕㄥ ㄍㄡˇ ㄏㄨㄛˊ
偷目竊望,1,ㄊㄡ ㄇㄨˋ ㄑㄧㄝˋ ㄨㄤˋ
偷貓遞狗,1,ㄊㄡ ㄇㄠ ㄉㄧˋ ㄍㄡˇ
偷雞吊狗,1,ㄊㄡ ㄐㄧ ㄉㄧㄠˋ ㄍㄡˇ
偷雞盜狗,1,ㄊㄡ ㄐㄧ ㄉㄠˋ ㄍㄡˇ
偷饞抹嘴,1,ㄊㄡ ㄔㄢˊ ㄇㄛˇ ㄗㄨㄟˇ
偽滿洲國,1,ㄨㄟˋ ㄇㄢˇ ㄓㄡ ㄍㄨㄛˊ
偽裝滲透,1,ㄨㄟˋ ㄓㄨㄤ ㄕㄣˋ ㄊㄡˋ
傀儡家庭,1,ㄎㄨㄟˇ ㄌㄟˇ ㄐㄧㄚ ㄊㄧㄥˊ
傅粉何郎,1,ㄈㄨˋ ㄈㄣˇ ㄏㄜˊ ㄌㄤˊ
傅粉施朱,1,ㄈㄨˋ ㄈㄣˇ ㄕ ㄓㄨ
傅說版築,1,ㄈㄨˋ ㄩㄝˋ ㄅㄢˇ ㄓㄨˊ
傍人籬壁,1,ㄅㄤˋ ㄖㄣˊ ㄌㄧˊ ㄅㄧˋ
傍人門戶,1,ㄅㄤˋ ㄖㄣˊ ㄇㄣˊ ㄏㄨˋ
傍柳隨花,1,ㄅㄤˋ ㄌㄧㄡˇ ㄙㄨㄟˊ ㄏㄨㄚ
傍門依戶,1,ㄅㄤˋ ㄇㄣˊ ㄧ ㄏㄨˋ
傍門外道,1,ㄆㄤˊ ㄇㄣˊ ㄨㄞˋ ㄉㄠˋ
傑克倫敦,1,ㄐㄧㄝˊ ㄎㄜˋ ㄌㄨㄣˊ ㄉㄨㄣ
傖夫俗人,1,ㄘㄤ ㄈㄨ ㄙㄨˊ ㄖㄣˊ
傘兵部隊,1,ㄙㄢˇ ㄅㄧㄥ ㄅㄨˋ ㄉㄨㄟˋ
備嘗憂患,1,ㄅㄟˋ ㄔㄤˊ ㄧㄡ ㄏㄨㄢˋ
備嘗艱苦,1,ㄅㄟˋ ㄔㄤˊ ㄐㄧㄢ ㄎㄨˇ
備嘗辛苦,1,ㄅㄟˋ ㄔㄤˊ ㄒㄧㄣ ㄎㄨˇ
備用車胎,1,ㄅㄟˋ ㄩㄥˋ ㄔㄜ ㄊㄞ
備而不用,1,ㄅㄟˋ ㄦˊ ㄅㄨˋ ㄩㄥˋ
催淚瓦斯,1,ㄘㄨㄟ ㄌㄟˋ ㄨㄚˇ ㄙ
傲世輕才,1,ㄠˋ ㄕˋ ㄑㄧㄥ ㄘㄞˊ
傲世輕物,1,ㄠˋ ㄕˋ ㄑㄧㄥ ㄨˋ
傲卒多敗,1,ㄠˋ ㄗㄨˊ ㄉㄨㄛ ㄅㄞˋ
傲然挺立,1,ㄠˋ ㄖㄢˊ ㄊㄧㄥˇ ㄌㄧˋ
傲睨一世,1,ㄠˋ ㄋㄧˋ ㄧ ㄕˋ
傲睨自若,1,ㄠˋ ㄋㄧˋ ㄗˋ ㄖㄨㄛˋ
傲睨萬物,1,ㄠˋ ㄋㄧˋ ㄨㄢˋ ㄨˋ
傲視群雄,1,ㄠˋ ㄕˋ ㄑㄩㄣˊ ㄒㄩㄥˊ
傲賢慢士,1,ㄠˋ ㄒㄧㄢˊ ㄇㄢˋ ㄕˋ
傲雪凌霜,1,ㄠˋ ㄒㄩㄝˇ ㄌㄧㄥˊ ㄕㄨㄤ
傲雪欺霜,1,ㄠˋ ㄒㄩㄝˇ ㄑㄧ ㄕㄨㄤ
傲霜鬥雪,1,ㄠˋ ㄕㄨㄤ ㄉㄡˋ ㄒㄩㄝˇ
傲頭傲腦,1,ㄠˋ ㄊㄡˊ ㄠˋ ㄋㄠˇ
傲骨嶙峋,1,ㄠˋ ㄍㄨˇ ㄌㄧㄣˊ ㄒㄩㄣˊ
傳奇故事,1,ㄔㄨㄢˊ ㄑㄧˊ ㄍㄨˋ ㄕˋ
傳播衛星,1,ㄔㄨㄢˊ ㄅㄛˋ ㄨㄟˋ ㄒㄧㄥ
傳杯弄盞,1,ㄔㄨㄢˊ ㄅㄟ ㄋㄨㄥˋ ㄓㄢˇ
傳杯換盞,1,ㄔㄨㄢˊ ㄅㄟ ㄏㄨㄢˋ ㄓㄢˇ
傳杯送盞,1,ㄔㄨㄢˊ ㄅㄟ ㄙㄨㄥˋ ㄓㄢˇ
傳染來源,1,ㄔㄨㄢˊ ㄖㄢˇ ㄌㄞˊ ㄩㄢˊ
傳染途徑,1,ㄔㄨㄢˊ ㄖㄢˇ ㄊㄨˊ ㄐㄧㄥˋ
傳檄而定,1,ㄔㄨㄢˊ ㄒㄧˊ ㄦˊ ㄉㄧㄥˋ
傳真存轉,1,ㄔㄨㄢˊ ㄓㄣ ㄘㄨㄣˊ ㄓㄨㄢˇ
傳真電報,1,ㄔㄨㄢˊ ㄓㄣ ㄉㄧㄢˋ ㄅㄠˋ
傳神秘要,1,ㄔㄨㄢˊ ㄕㄣˊ ㄇㄧˋ ㄧㄠˋ
傳神阿堵,1,ㄔㄨㄢˊ ㄕㄣˊ ㄚˋ ㄉㄨˇ
傳統主義,1,ㄔㄨㄢˊ ㄊㄨㄥˇ ㄓㄨˇ ㄧˋ
傳統戰爭,1,ㄔㄨㄢˊ ㄊㄨㄥˇ ㄓㄢˋ ㄓㄥ
傳統文化,1,ㄔㄨㄢˊ ㄊㄨㄥˇ ㄨㄣˊ ㄏㄨㄚˋ
傳統社會,1,ㄔㄨㄢˊ ㄊㄨㄥˇ ㄕㄜˋ ㄏㄨㄟˋ
傳統邏輯,1,ㄔㄨㄢˊ ㄊㄨㄥˇ ㄌㄨㄛˊ ㄐㄧˊ
傳聞異辭,1,ㄔㄨㄢˊ ㄨㄣˊ ㄧˋ ㄘˊ
傳譽古今,1,ㄔㄨㄢˊ ㄩˋ ㄍㄨˇ ㄐㄧㄣ
傳音快字,1,ㄔㄨㄢˊ ㄧㄣ ㄎㄨㄞˋ ㄗˋ
債權憑證,1,ㄓㄞˋ ㄑㄩㄢˊ ㄆㄧㄥˊ ㄓㄥˋ
傷亡枕藉,1,ㄕㄤ ㄨㄤˊ ㄓㄣˋ ㄐㄧㄝˋ
傷化敗俗,1,ㄕㄤ ㄏㄨㄚˋ ㄅㄞˋ ㄙㄨˊ
傷害保險,1,ㄕㄤ ㄏㄞˋ ㄅㄠˇ ㄒㄧㄢˇ
傷弓之鳥,1,ㄕㄤ ㄍㄨㄥ ㄓ ㄋㄧㄠˇ
傷心慘目,1,ㄕㄤ ㄒㄧㄣ ㄘㄢˇ ㄇㄨˋ
傷時感事,1,ㄕㄤ ㄕˊ ㄍㄢˇ ㄕˋ
傷痕文學,1,ㄕㄤ ㄏㄣˊ ㄨㄣˊ ㄒㄩㄝˊ
傷痕纍纍,1,ㄕㄤ ㄏㄣˊ ㄌㄟˊ ㄌㄟˊ
傷筋動骨,1,ㄕㄤ ㄐㄧㄣ ㄉㄨㄥˋ ㄍㄨˇ
傻瓜相機,1,ㄕㄚˇ ㄍㄨㄚ ㄒㄧㄤˋ ㄐㄧ
傻里傻氣,1,ㄕㄚˇ ㄌㄧˇ ㄕㄚˇ ㄑㄧˋ
傾卸卡車,1,ㄑㄧㄥ ㄒㄧㄝˋ ㄎㄚˇ ㄔㄜ
傾家盡產,1,ㄑㄧㄥ ㄐㄧㄚ ㄐㄧㄣˋ ㄔㄢˇ
傾家竭產,1,ㄑㄧㄥ ㄐㄧㄚ ㄐㄧㄝˊ ㄔㄢˇ
傾巢出動,1,ㄑㄧㄥ ㄔㄠˊ ㄔㄨ ㄉㄨㄥˋ
傾心吐膽,1,ㄑㄧㄥ ㄒㄧㄣ ㄊㄨˇ ㄉㄢˇ
傾移斷層,1,ㄑㄧㄥ ㄧˊ ㄉㄨㄢˋ ㄘㄥˊ
傾筐倒庋,1,ㄑㄧㄥ ㄎㄨㄤ ㄉㄠˋ ㄐㄧˇ
傾筐倒篋,1,ㄑㄧㄥ ㄎㄨㄤ ㄉㄠˋ ㄑㄧㄝˋ
傾耳拭目,1,ㄑㄧㄥ ㄦˇ ㄕˋ ㄇㄨˋ
傾耳注目,1,ㄑㄧㄥ ㄦˇ ㄓㄨˋ ㄇㄨˋ
傾腸倒腹,1,ㄑㄧㄥ ㄔㄤˊ ㄉㄠˋ ㄈㄨˋ
傾蓋定交,1,ㄑㄧㄥ ㄍㄞˋ ㄉㄧㄥˋ ㄐㄧㄠ
傾蓋相逢,1,ㄑㄧㄥ ㄍㄞˋ ㄒㄧㄤ ㄈㄥˊ
傾蓋而語,1,ㄑㄧㄥ ㄍㄞˋ ㄦˊ ㄩˇ
傾覆重器,1,ㄑㄧㄥ ㄈㄨˋ ㄓㄨㄥˋ ㄑㄧˋ
傾身營救,1,ㄑㄧㄥ ㄕㄣ ㄧㄥˊ ㄐㄧㄡˋ
傾銷關稅,1,ㄑㄧㄥ ㄒㄧㄠ ㄍㄨㄢ ㄕㄨㄟˋ
僅容旋馬,1,ㄐㄧㄣˇ ㄖㄨㄥˊ ㄒㄩㄢˊ ㄇㄚˇ
僑選代表,1,ㄑㄧㄠˊ ㄒㄩㄢˇ ㄉㄞˋ ㄅㄧㄠˇ
僕僮成群,1,ㄆㄨˊ ㄊㄨㄥˊ ㄔㄥˊ ㄑㄩㄣˊ
僕固懷恩,1,ㄆㄨˊ ㄍㄨˋ ㄏㄨㄞˊ ㄣ
僭上偪下,1,ㄐㄧㄢˋ ㄕㄤˋ ㄅㄧ ㄒㄧㄚˋ
僮手指千,1,ㄊㄨㄥˊ ㄕㄡˇ ㄓˇ ㄑㄧㄢ
僵持不下,1,ㄐㄧㄤ ㄔˊ ㄅㄨˋ ㄒㄧㄚˋ
僵李代桃,1,ㄐㄧㄤ ㄌㄧˇ ㄉㄞˋ ㄊㄠˊ
價值判斷,1,ㄐㄧㄚˋ ㄓˊ ㄆㄢˋ ㄉㄨㄢˋ
價值指標,1,ㄐㄧㄚˋ ㄓˊ ㄓˇ ㄅㄧㄠ
價值標準,1,ㄐㄧㄚˋ ㄓˊ ㄅㄧㄠ ㄓㄨㄣˇ
價值衝突,1,ㄐㄧㄚˋ ㄓˊ ㄔㄨㄥ ㄊㄨˊ
價值觀念,1,ㄐㄧㄚˋ ㄓˊ ㄍㄨㄢ ㄋㄧㄢˋ
價值邏輯,1,ㄐㄧㄚˋ ㄓˊ ㄌㄨㄛˊ ㄐㄧˊ
價格凍結,1,ㄐㄧㄚˋ ㄍㄜˊ ㄉㄨㄥˋ ㄐㄧㄝˊ
僻壤窮鄉,1,ㄆㄧˋ ㄖㄤˇ ㄑㄩㄥˊ ㄒㄧㄤ
僻格剌子,1,ㄆㄧˋ ㄍㄜˊ ㄌㄚˋ ㄗ˙
僻處一方,1,ㄆㄧˋ ㄔㄨˇ ㄧ ㄈㄤ
億萬斯年,1,ㄧˋ ㄨㄢˋ ㄙ ㄋㄧㄢˊ
儋石之畜,1,ㄉㄢ ㄉㄢˋ ㄓ ㄒㄩˋ
儘意隨心,1,ㄐㄧㄣˇ ㄧˋ ㄙㄨㄟˊ ㄒㄧㄣ
償得夙願,1,ㄔㄤˊ ㄉㄜˊ ㄙㄨˋ ㄩㄢˋ
優孟衣冠,1,ㄧㄡ ㄇㄥˋ ㄧ ㄍㄨㄢ
優待月票,1,ㄧㄡ ㄉㄞˋ ㄩㄝˋ ㄆㄧㄠˋ
優游不迫,1,ㄧㄡ ㄧㄡˊ ㄅㄨˋ ㄆㄛˋ
優游自在,1,ㄧㄡ ㄧㄡˊ ㄗˋ ㄗㄞˋ
優生保健,1,ㄧㄡ ㄕㄥ ㄅㄠˇ ㄐㄧㄢˋ
儲備幹部,1,ㄔㄨˊ ㄅㄟˋ ㄍㄢˋ ㄅㄨˋ
儲備銀行,1,ㄔㄨˊ ㄅㄟˋ ㄧㄣˊ ㄏㄤˊ
儲存單位,1,ㄔㄨˊ ㄘㄨㄣˊ ㄉㄢ ㄨㄟˋ
儲油構造,1,ㄔㄨˊ ㄧㄡˊ ㄍㄡˋ ㄗㄠˋ
儷影雙雙,1,ㄌㄧˋ ㄧㄥˇ ㄕㄨㄤ ㄕㄨㄤ
儻來之物,1,ㄊㄤˇ ㄌㄞˊ ㄓ ㄨˋ
兀兀禿禿,1,ㄨˋ ㄨˋ ㄊㄨ ㄊㄨ
允執其中,1,ㄩㄣˇ ㄓˊ ㄑㄧˊ ㄓㄨㄥ
元元本本,1,ㄩㄢˊ ㄩㄢˊ ㄅㄣˇ ㄅㄣˇ
元四大家,1,ㄩㄢˊ ㄙˋ ㄉㄚˋ ㄐㄧㄚ
元始天尊,1,ㄩㄢˊ ㄕˇ ㄊㄧㄢ ㄗㄨㄣ
元惡大奸,1,ㄩㄢˊ ㄜˋ ㄉㄚˋ ㄐㄧㄢ
元惡大憝,1,ㄩㄢˊ ㄜˋ ㄉㄚˋ ㄉㄨㄟˋ
元謀猿人,1,ㄩㄢˊ ㄇㄡˊ ㄩㄢˊ ㄖㄣˊ
兄弟共妻,1,ㄒㄩㄥ ㄉㄧˋ ㄍㄨㄥˋ ㄑㄧ
兄死弟及,1,ㄒㄩㄥ ㄙˇ ㄉㄧˋ ㄐㄧˊ
兄肥弟瘦,1,ㄒㄩㄥ ㄈㄟˊ ㄉㄧˋ ㄕㄡˋ
充分就業,1,ㄔㄨㄥ ㄈㄣˋ ㄐㄧㄡˋ ㄧㄝˋ
充員戰士,1,ㄔㄨㄥ ㄩㄢˊ ㄓㄢˋ ㄕˋ
充棟汗牛,1,ㄔㄨㄥ ㄉㄨㄥˋ ㄏㄢˋ ㄋㄧㄡˊ
充氣燈泡,1,ㄔㄨㄥ ㄑㄧˋ ㄉㄥ ㄆㄠˋ
充饑畫餅,1,ㄔㄨㄥ ㄐㄧ ㄏㄨㄚˋ ㄅㄧㄥˇ
先人後己,1,ㄒㄧㄢ ㄖㄣˊ ㄏㄡˋ ㄐㄧˇ
先來後到,1,ㄒㄧㄢ ㄌㄞˊ ㄏㄡˋ ㄉㄠˋ
先公後私,1,ㄒㄧㄢ ㄍㄨㄥ ㄏㄡˋ ㄙ
先吾著鞭,1,ㄒㄧㄢ ㄨˊ ㄓㄨㄛˊ ㄅㄧㄢ
先天缺陷,1,ㄒㄧㄢ ㄊㄧㄢ ㄑㄩㄝ ㄒㄧㄢˋ
先後倒置,1,ㄒㄧㄢ ㄏㄡˋ ㄉㄠˋ ㄓˋ
先從隗始,1,ㄒㄧㄢ ㄘㄨㄥˊ ㄨㄟˇ ㄕˇ
先意希旨,1,ㄒㄧㄢ ㄧˋ ㄒㄧ ㄓˇ
先意承志,1,ㄒㄧㄢ ㄧˋ ㄔㄥˊ ㄓˋ
先意承旨,1,ㄒㄧㄢ ㄧˋ ㄔㄥˊ ㄓˇ
先斬後聞,1,ㄒㄧㄢ ㄓㄢˇ ㄏㄡˋ ㄨㄣˊ
先秦諸子,1,ㄒㄧㄢ ㄑㄧㄣˊ ㄓㄨ ㄗˇ
先缺後空,1,ㄒㄧㄢ ㄑㄩㄝ ㄏㄡˋ ㄎㄨㄥ
先聲後實,1,ㄒㄧㄢ ㄕㄥ ㄏㄡˋ ㄕˊ
先花後果,1,ㄒㄧㄢ ㄏㄨㄚ ㄏㄡˋ ㄍㄨㄛˇ
先行後聞,1,ㄒㄧㄢ ㄒㄧㄥˊ ㄏㄡˋ ㄨㄣˊ
先覺先知,1,ㄒㄧㄢ ㄐㄩㄝˊ ㄒㄧㄢ ㄓ
先識遠量,1,ㄒㄧㄢ ㄕˋ ㄩㄢˇ ㄌㄧㄤˋ
先走一步,1,ㄒㄧㄢ ㄗㄡˇ ㄧ ㄅㄨˋ
先遣作戰,1,ㄒㄧㄢ ㄑㄧㄢˇ ㄗㄨㄛˋ ㄓㄢˋ
先難後獲,1,ㄒㄧㄢ ㄋㄢˊ ㄏㄡˋ ㄏㄨㄛˋ
先驅螻蟻,1,ㄒㄧㄢ ㄑㄩ ㄌㄡˊ ㄧˇ
先驗主義,1,ㄒㄧㄢ ㄧㄢˋ ㄓㄨˇ ㄧˋ
光位反應,1,ㄍㄨㄤ ㄨㄟˋ ㄈㄢˇ ㄧㄥˋ
光光蕩蕩,1,ㄍㄨㄤ ㄍㄨㄤ ㄉㄤˋ ㄉㄤˋ
光前絕後,1,ㄍㄨㄤ ㄑㄧㄢˊ ㄐㄩㄝˊ ㄏㄡˋ
光前耀後,1,ㄍㄨㄤ ㄑㄧㄢˊ ㄧㄠˋ ㄏㄡˋ
光前裕後,1,ㄍㄨㄤ ㄑㄧㄢˊ ㄩˋ ㄏㄡˋ
光可鑑人,1,ㄍㄨㄤ ㄎㄜˇ ㄐㄧㄢˋ ㄖㄣˊ
光合細菌,1,ㄍㄨㄤ ㄏㄜˊ ㄒㄧˋ ㄐㄩㄣˋ
光子火箭,1,ㄍㄨㄤ ㄗˇ ㄏㄨㄛˇ ㄐㄧㄢˋ
光學儀器,1,ㄍㄨㄤ ㄒㄩㄝˊ ㄧˊ ㄑㄧˋ
光學玻璃,1,ㄍㄨㄤ ㄒㄩㄝˊ ㄅㄛ ㄌㄧ˙
光學系統,1,ㄍㄨㄤ ㄒㄩㄝˊ ㄒㄧˋ ㄊㄨㄥˇ
光學通信,1,ㄍㄨㄤ ㄒㄩㄝˊ ㄊㄨㄥ ㄒㄧㄣˋ
光學錄音,1,ㄍㄨㄤ ㄒㄩㄝˊ ㄌㄨˋ ㄧㄣ
光學電腦,1,ㄍㄨㄤ ㄒㄩㄝˊ ㄉㄧㄢˋ ㄋㄠˇ
光復舊京,1,ㄍㄨㄤ ㄈㄨˋ ㄐㄧㄡˋ ㄐㄧㄥ
光復舊物,1,ㄍㄨㄤ ㄈㄨˋ ㄐㄧㄡˋ ㄨˋ
光敏作用,1,ㄍㄨㄤ ㄇㄧㄣˇ ㄗㄨㄛˋ ㄩㄥˋ
光桿司令,1,ㄍㄨㄤ ㄍㄢˇ ㄙ ㄌㄧㄥˋ
光武中興,1,ㄍㄨㄤ ㄨˇ ㄓㄨㄥ ㄒㄧㄥ
光焰萬丈,1,ㄍㄨㄤ ㄧㄢˋ ㄨㄢˋ ㄓㄤˋ
光碟雜誌,1,ㄍㄨㄤ ㄉㄧㄝˊ ㄗㄚˊ ㄓˋ
光祿大夫,1,ㄍㄨㄤ ㄌㄨˋ ㄉㄚˋ ㄈㄨ
光纖通訊,1,ㄍㄨㄤ ㄒㄧㄢ ㄊㄨㄥ ㄒㄩㄣˋ
光纖電纜,1,ㄍㄨㄤ ㄒㄧㄢ ㄉㄧㄢˋ ㄌㄢˇ
光纖飛彈,1,ㄍㄨㄤ ㄒㄧㄢ ㄈㄟ ㄉㄢˋ
光耀門楣,1,ㄍㄨㄤ ㄧㄠˋ ㄇㄣˊ ㄇㄟˊ
光耀門閭,1,ㄍㄨㄤ ㄧㄠˋ ㄇㄣˊ ㄌㄩˊ
光華射目,1,ㄍㄨㄤ ㄏㄨㄚˊ ㄕㄜˋ ㄇㄨˋ
光說不做,1,ㄍㄨㄤ ㄕㄨㄛ ㄅㄨˋ ㄗㄨㄛˋ
光說不練,1,ㄍㄨㄤ ㄕㄨㄛ ㄅㄨˋ ㄌㄧㄢˋ
光陰似水,1,ㄍㄨㄤ ㄧㄣ ㄙˋ ㄕㄨㄟˇ
光陰如電,1,ㄍㄨㄤ ㄧㄣ ㄖㄨˊ ㄉㄧㄢˋ
光陰彈指,1,ㄍㄨㄤ ㄧㄣ ㄊㄢˊ ㄓˇ
光陰虛度,1,ㄍㄨㄤ ㄧㄣ ㄒㄩ ㄉㄨˋ
光電傳導,1,ㄍㄨㄤ ㄉㄧㄢˋ ㄔㄨㄢˊ ㄉㄠˇ
光電元件,1,ㄍㄨㄤ ㄉㄧㄢˋ ㄩㄢˊ ㄐㄧㄢˋ
光電晶體,1,ㄍㄨㄤ ㄉㄧㄢˋ ㄐㄧㄥ ㄊㄧˇ
光電科學,1,ㄍㄨㄤ ㄉㄧㄢˋ ㄎㄜ ㄒㄩㄝˊ
克來汀症,1,ㄎㄜˋ ㄌㄞˊ ㄊㄧㄥ ㄓㄥˋ
克儉克勤,1,ㄎㄜˋ ㄐㄧㄢˇ ㄎㄜˋ ㄑㄧㄣˊ
克利夫蘭,1,ㄎㄜˋ ㄌㄧˋ ㄈㄨ ㄌㄢˊ
克己主義,1,ㄎㄜˋ ㄐㄧˇ ㄓㄨˇ ㄧˋ
克敦孝行,1,ㄎㄜˋ ㄉㄨㄣ ㄒㄧㄠˋ ㄒㄧㄥˊ
克盡厥職,1,ㄎㄜˋ ㄐㄧㄣˋ ㄐㄩㄝˊ ㄓˊ
克盡己職,1,ㄎㄜˋ ㄐㄧㄣˋ ㄐㄧˇ ㄓˊ
克絲鉗子,1,ㄎㄜˋ ㄙ ㄑㄧㄢˊ ㄗ˙
克繩祖武,1,ㄎㄜˋ ㄕㄥˊ ㄗㄨˇ ㄨˇ
克萊斯勒,1,ㄎㄜˋ ㄌㄞˊ ㄙ ㄌㄜˋ
克里蒙梭,1,ㄎㄜˋ ㄌㄧˇ ㄇㄥˊ ㄙㄨㄛ
克隆斯臺,1,ㄎㄜˋ ㄌㄨㄥˊ ㄙ ㄊㄞˊ
克難運動,1,ㄎㄜˋ ㄋㄢˊ ㄩㄣˋ ㄉㄨㄥˋ
克順克卑,1,ㄎㄜˋ ㄕㄨㄣˋ ㄎㄜˋ ㄅㄟ
克魯倫河,1,ㄎㄜˋ ㄌㄨˇ ㄌㄨㄣˊ ㄏㄜˊ
兌換利益,1,ㄉㄨㄟˋ ㄏㄨㄢˋ ㄌㄧˋ ㄧˋ
免冠解印,1,ㄇㄧㄢˇ ㄍㄨㄢ ㄐㄧㄝˇ ㄧㄣˋ
免疫作用,1,ㄇㄧㄢˇ ㄧˋ ㄗㄨㄛˋ ㄩㄥˋ
免稅口岸,1,ㄇㄧㄢˇ ㄕㄨㄟˋ ㄎㄡˇ ㄢˋ
免試升學,1,ㄇㄧㄢˇ ㄕˋ ㄕㄥ ㄒㄩㄝˊ
免費軟體,1,ㄇㄧㄢˇ ㄈㄟˋ ㄖㄨㄢˇ ㄊㄧˇ
兒女之情,1,ㄦˊ ㄋㄩˇ ㄓ ㄑㄧㄥˊ
兒女夫妻,1,ㄦˊ ㄋㄩˇ ㄈㄨ ㄑㄧ
兒女心腸,1,ㄦˊ ㄋㄩˇ ㄒㄧㄣ ㄔㄤˊ
兒女情多,1,ㄦˊ ㄋㄩˇ ㄑㄧㄥˊ ㄉㄨㄛ
兒童受虐,1,ㄦˊ ㄊㄨㄥˊ ㄕㄡˋ ㄋㄩㄝˋ
兒花女花,1,ㄦˊ ㄏㄨㄚ ㄋㄩˇ ㄏㄨㄚ
兔毛大伯,1,ㄊㄨˋ ㄇㄠˊ ㄉㄚˋ ㄅㄛˊ
兔毫竹管,1,ㄊㄨˋ ㄏㄠˊ ㄓㄨˊ ㄍㄨㄢˇ
兔盡狗烹,1,ㄊㄨˋ ㄐㄧㄣˋ ㄍㄡˇ ㄆㄥ
兔絲燕麥,1,ㄊㄨˋ ㄙ ㄧㄢˋ ㄇㄞˋ
兔缺烏沉,1,ㄊㄨˋ ㄑㄩㄝ ㄨ ㄔㄣˊ
兔羅雉離,1,ㄊㄨˋ ㄌㄨㄛˊ ㄓˋ ㄌㄧˊ
兔角龜毛,1,ㄊㄨˋ ㄐㄧㄠˇ ㄍㄨㄟ ㄇㄠˊ
兔走烏飛,1,ㄊㄨˋ ㄗㄡˇ ㄨ ㄈㄟ
兔起鳧舉,1,ㄊㄨˋ ㄑㄧˇ ㄈㄨˊ ㄐㄩˇ
兔起鶻落,1,ㄊㄨˋ ㄑㄧˇ ㄏㄨˊ ㄌㄨㄛˋ
兔跡狐蹤,1,ㄊㄨˋ ㄐㄧ ㄏㄨˊ ㄗㄨㄥ
兗州八伯,1,ㄧㄢˇ ㄓㄡ ㄅㄚ ㄅㄛˊ
兜來兜去,1,ㄉㄡ ㄌㄞˊ ㄉㄡ ㄑㄩˋ
兜兜答答,1,ㄉㄡ ㄉㄡ ㄉㄚ ㄉㄚ
兜喜神方,1,ㄉㄡ ㄒㄧˇ ㄕㄣˊ ㄈㄤ
兜攬生意,1,ㄉㄡ ㄌㄢˇ ㄕㄥ ㄧ˙
兢兢翼翼,1,ㄐㄧㄥ ㄐㄧㄥ ㄧˋ ㄧˋ
入不支出,1,ㄖㄨˋ ㄅㄨˋ ㄓ ㄔㄨ
入主出奴,1,ㄖㄨˋ ㄓㄨˇ ㄔㄨ ㄋㄨˊ
入境問禁,1,ㄖㄨˋ ㄐㄧㄥˋ ㄨㄣˋ ㄐㄧㄣˋ
入室升堂,1,ㄖㄨˋ ㄕˋ ㄕㄥ ㄊㄤˊ
入室操戈,1,ㄖㄨˋ ㄕˋ ㄘㄠ ㄍㄜ
入幕之賓,1,ㄖㄨˋ ㄇㄨˋ ㄓ ㄅㄧㄣ
入廟登位,1,ㄖㄨˋ ㄇㄧㄠˋ ㄉㄥ ㄨㄟˋ
入情入理,1,ㄖㄨˋ ㄑㄧㄥˊ ㄖㄨˋ ㄌㄧˇ
入聖超凡,1,ㄖㄨˋ ㄕㄥˋ ㄔㄠ ㄈㄢˊ
入鄉隨鄉,1,ㄖㄨˋ ㄒㄧㄤ ㄙㄨㄟˊ ㄒㄧㄤ
入關談判,1,ㄖㄨˋ ㄍㄨㄢ ㄊㄢˊ ㄆㄢˋ
內八字腳,1,ㄋㄟˋ ㄅㄚ ㄗˋ ㄐㄧㄠˇ
內地雜居,1,ㄋㄟˋ ㄉㄧˋ ㄗㄚˊ ㄐㄩ
內外交迫,1,ㄋㄟˋ ㄨㄞˋ ㄐㄧㄠ ㄆㄛˋ
內外姻黨,1,ㄋㄟˋ ㄨㄞˋ ㄧㄣ ㄉㄤˇ
內家拳法,1,ㄋㄟˋ ㄐㄧㄚ ㄑㄩㄢˊ ㄈㄚˇ
內掌櫃的,1,ㄋㄟˋ ㄓㄤˇ ㄍㄨㄟˋ ㄉㄜ˙
內省不疚,1,ㄋㄟˋ ㄒㄧㄥˇ ㄅㄨˋ ㄐㄧㄡˋ
內秉堅孤,1,ㄋㄟˋ ㄅㄧㄥˇ ㄐㄧㄢ ㄍㄨ
內聖外王,1,ㄋㄟˋ ㄕㄥˋ ㄨㄞˋ ㄨㄤˊ
內興安嶺,1,ㄋㄟˋ ㄒㄧㄥ ㄢ ㄌㄧㄥˇ
內虛外實,1,ㄋㄟˋ ㄒㄩ ㄨㄞˋ ㄕˊ
內視反聽,1,ㄋㄟˋ ㄕˋ ㄈㄢˇ ㄊㄧㄥ
全受全歸,1,ㄑㄩㄢˊ ㄕㄡˋ ㄑㄩㄢˊ ㄍㄨㄟ
全心全力,1,ㄑㄩㄢˊ ㄒㄧㄣ ㄑㄩㄢˊ ㄌㄧˋ
全文檢索,1,ㄑㄩㄢˊ ㄨㄣˊ ㄐㄧㄢˇ ㄙㄨㄛˇ
全景電影,1,ㄑㄩㄢˊ ㄐㄧㄥˇ ㄉㄧㄢˋ ㄧㄥˇ
全權公使,1,ㄑㄩㄢˊ ㄑㄩㄢˊ ㄍㄨㄥ ㄕˇ
全民作戰,1,ㄑㄩㄢˊ ㄇㄧㄣˊ ㄗㄨㄛˋ ㄓㄢˋ
全民保險,1,ㄑㄩㄢˊ ㄇㄧㄣˊ ㄅㄠˇ ㄒㄧㄢˇ
全無人性,1,ㄑㄩㄢˊ ㄨˊ ㄖㄣˊ ㄒㄧㄥˋ
全無心肝,1,ㄑㄩㄢˊ ㄨˊ ㄒㄧㄣ ㄍㄢ
全無忌憚,1,ㄑㄩㄢˊ ㄨˊ ㄐㄧˋ ㄉㄢˋ
全真先生,1,ㄑㄩㄢˊ ㄓㄣ ㄒㄧㄢ ㄕㄥ˙
全知全能,1,ㄑㄩㄢˊ ㄓ ㄑㄩㄢˊ ㄋㄥˊ
全科醫師,1,ㄑㄩㄢˊ ㄎㄜ ㄧ ㄕ
全職媽媽,1,ㄑㄩㄢˊ ㄓˊ ㄇㄚ ㄇㄚ˙
全能生產,1,ㄑㄩㄢˊ ㄋㄥˊ ㄕㄥ ㄔㄢˇ
全血輸血,1,ㄑㄩㄢˊ ㄒㄧㄝˇ ㄕㄨ ㄒㄧㄝˇ
全身之計,1,ㄑㄩㄢˊ ㄕㄣ ㄓ ㄐㄧˋ
全身美白,1,ㄑㄩㄢˊ ㄕㄣ ㄇㄟˇ ㄅㄞˊ
全身遠害,1,ㄑㄩㄢˊ ㄕㄣ ㄩㄢˋ ㄏㄞˋ
全軍覆滅,1,ㄑㄩㄢˊ ㄐㄩㄣ ㄈㄨˋ ㄇㄧㄝˋ
兩不相下,1,ㄌㄧㄤˇ ㄅㄨˋ ㄒㄧㄤ ㄒㄧㄚˋ
兩不相欠,1,ㄌㄧㄤˇ ㄅㄨˋ ㄒㄧㄤ ㄑㄧㄢˋ
兩世姻緣,1,ㄌㄧㄤˇ ㄕˋ ㄧㄣ ㄩㄢˊ
兩伊戰爭,1,ㄌㄧㄤˇ ㄧ ㄓㄢˋ ㄓㄥ
兩兩三三,1,ㄌㄧㄤˇ ㄌㄧㄤˇ ㄙㄢ ㄙㄢ
兩兩相比,1,ㄌㄧㄤˇ ㄌㄧㄤˇ ㄒㄧㄤ ㄅㄧˇ
兩合公司,1,ㄌㄧㄤˇ ㄏㄜˊ ㄍㄨㄥ ㄙ
兩姓之好,1,ㄌㄧㄤˇ ㄒㄧㄥˋ ㄓ ㄏㄠˇ
兩婦三妻,1,ㄌㄧㄤˇ ㄈㄨˋ ㄙㄢ ㄑㄧ
兩性差異,1,ㄌㄧㄤˇ ㄒㄧㄥˋ ㄔㄚ ㄧˋ
兩性生殖,1,ㄌㄧㄤˇ ㄒㄧㄥˋ ㄕㄥ ㄓˊ
兩性關係,1,ㄌㄧㄤˇ ㄒㄧㄥˋ ㄍㄨㄢ ㄒㄧˋ
兩手過膝,1,ㄌㄧㄤˇ ㄕㄡˇ ㄍㄨㄛˋ ㄒㄧ
兩日三朝,1,ㄌㄧㄤˇ ㄖˋ ㄙㄢ ㄓㄠ
兩棲演員,1,ㄌㄧㄤˇ ㄑㄧ ㄧㄢˇ ㄩㄢˊ
兩極觀點,1,ㄌㄧㄤˇ ㄐㄧˊ ㄍㄨㄢ ㄉㄧㄢˇ
兩樣三般,1,ㄌㄧㄤˇ ㄧㄤˋ ㄙㄢ ㄅㄢ
兩氏旁人,1,ㄌㄧㄤˇ ㄕˋ ㄆㄤˊ ㄖㄣˊ
兩河流域,1,ㄌㄧㄤˇ ㄏㄜˊ ㄌㄧㄡˊ ㄩˋ
兩無猜疑,1,ㄌㄧㄤˇ ㄨˊ ㄘㄞ ㄧˊ
兩目昏花,1,ㄌㄧㄤˇ ㄇㄨˋ ㄏㄨㄣ ㄏㄨㄚ
兩眼圓睜,1,ㄌㄧㄤˇ ㄧㄢˇ ㄩㄢˊ ㄓㄥ
兩眼翻白,1,ㄌㄧㄤˇ ㄧㄢˇ ㄈㄢ ㄅㄞˊ
兩瞽相扶,1,ㄌㄧㄤˇ ㄍㄨˇ ㄒㄧㄤ ㄈㄨˊ
兩腋生風,1,ㄌㄧㄤˇ ㄧㄝˋ ㄕㄥ ㄈㄥ
兩腳寫字,1,ㄌㄧㄤˇ ㄐㄧㄠˇ ㄒㄧㄝˇ ㄗˋ
兩腳直跳,1,ㄌㄧㄤˇ ㄐㄧㄠˇ ㄓˊ ㄊㄧㄠˋ
兩腿發軟,1,ㄌㄧㄤˇ ㄊㄨㄟˇ ㄈㄚ ㄖㄨㄢˇ
兩葉掩目,1,ㄌㄧㄤˇ ㄧㄝˋ ㄧㄢˇ ㄇㄨˋ
兩虎共鬥,1,ㄌㄧㄤˇ ㄏㄨˇ ㄍㄨㄥˋ ㄉㄡˋ
兩虎相爭,1,ㄌㄧㄤˇ ㄏㄨˇ ㄒㄧㄤ ㄓㄥ
兩處為難,1,ㄌㄧㄤˇ ㄔㄨˋ ㄨㄟˊ ㄋㄢˊ
兩豆塞耳,1,ㄌㄧㄤˇ ㄉㄡˋ ㄙㄜˋ ㄦˇ
兩道三科,1,ㄌㄧㄤˇ ㄉㄠˋ ㄙㄢ ㄎㄜ
兩部鼓吹,1,ㄌㄧㄤˇ ㄅㄨˋ ㄍㄨˇ ㄔㄨㄟˋ
兩重人格,1,ㄌㄧㄤˇ ㄔㄨㄥˊ ㄖㄣˊ ㄍㄜˊ
兩難論證,1,ㄌㄧㄤˇ ㄋㄢˊ ㄌㄨㄣˋ ㄓㄥˋ
兩面三刀,1,ㄌㄧㄤˇ ㄇㄧㄢˋ ㄙㄢ ㄉㄠ
兩面二舌,1,ㄌㄧㄤˇ ㄇㄧㄢˋ ㄦˋ ㄕㄜˊ
兩面轉圜,1,ㄌㄧㄤˇ ㄇㄧㄢˋ ㄓㄨㄢˇ ㄏㄨㄢˊ
兩面顧全,1,ㄌㄧㄤˇ ㄇㄧㄢˋ ㄍㄨˋ ㄑㄩㄢˊ
兩頭三緒,1,ㄌㄧㄤˇ ㄊㄡˊ ㄙㄢ ㄒㄩˋ
兩頭三面,1,ㄌㄧㄤˇ ㄊㄡˊ ㄙㄢ ㄇㄧㄢˋ
兩頭不著,1,ㄌㄧㄤˇ ㄊㄡˊ ㄅㄨˋ ㄓㄠˊ
兩頭做大,1,ㄌㄧㄤˇ ㄊㄡˊ ㄗㄨㄛˋ ㄉㄚˋ
兩頭白面,1,ㄌㄧㄤˇ ㄊㄡˊ ㄅㄞˊ ㄇㄧㄢˋ
兩頭白麵,1,ㄌㄧㄤˇ ㄊㄡˊ ㄅㄞˊ ㄇㄧㄢˋ
兩鬢飛霜,1,ㄌㄧㄤˇ ㄅㄧㄣˋ ㄈㄟ ㄕㄨㄤ
兩鼠鬥穴,1,ㄌㄧㄤˇ ㄕㄨˇ ㄉㄡˋ ㄒㄩㄝˋ
八九分人,1,ㄅㄚ ㄐㄧㄡˇ ㄈㄣ ㄖㄣˊ
八兩半斤,1,ㄅㄚ ㄌㄧㄤˇ ㄅㄢˋ ㄐㄧㄣ
八功德水,1,ㄅㄚ ㄍㄨㄥ ㄉㄜˊ ㄕㄨㄟˇ
八十四調,1,ㄅㄚ ㄕˊ ㄙˋ ㄉㄧㄠˋ
八千子弟,1,ㄅㄚ ㄑㄧㄢ ㄗˇ ㄉㄧˋ
八卦米篩,1,ㄅㄚ ㄍㄨㄚˋ ㄇㄧˇ ㄕㄞ
八大人覺,1,ㄅㄚ ㄉㄚˋ ㄖㄣˊ ㄐㄩㄝˊ
八大八小,1,ㄅㄚ ㄉㄚˋ ㄅㄚ ㄒㄧㄠˇ
八大胡同,1,ㄅㄚ ㄉㄚˋ ㄏㄨˊ ㄊㄨㄥ˙
八子七婿,1,ㄅㄚ ㄗˇ ㄑㄧ ㄒㄩˋ
八字全帖,1,ㄅㄚ ㄗˋ ㄑㄩㄢˊ ㄊㄧㄝˇ
八字宮眉,1,ㄅㄚ ㄗˋ ㄍㄨㄥ ㄇㄟˊ
八字打開,1,ㄅㄚ ㄗˋ ㄉㄚˇ ㄎㄞ
八字鬍鬚,1,ㄅㄚ ㄗˋ ㄏㄨˊ ㄒㄩ
八小時制,1,ㄅㄚ ㄒㄧㄠˇ ㄕˊ ㄓˋ
八年抗戰,1,ㄅㄚ ㄋㄧㄢˊ ㄎㄤˋ ㄓㄢˋ
八度音程,1,ㄅㄚ ㄉㄨˋ ㄧㄣ ㄔㄥˊ
八怪七喇,1,ㄅㄚ ㄍㄨㄞˋ ㄑㄧ ㄌㄚˇ
八抬八簇,1,ㄅㄚ ㄊㄞˊ ㄅㄚ ㄘㄨˋ
八指頭陀,1,ㄅㄚ ㄓˇ ㄊㄡˊ ㄊㄨㄛˊ
八搭麻鞋,1,ㄅㄚ ㄉㄚ ㄇㄚˊ ㄒㄧㄝˊ
八文十二,1,ㄅㄚ ㄨㄣˊ ㄕˊ ㄦˋ
八斗之才,1,ㄅㄚ ㄉㄡˇ ㄓ ㄘㄞˊ
八斗陳思,1,ㄅㄚ ㄉㄡˇ ㄔㄣˊ ㄙ
八方受敵,1,ㄅㄚ ㄈㄤ ㄕㄡˋ ㄉㄧˊ
八方呼應,1,ㄅㄚ ㄈㄤ ㄏㄨ ㄧㄥˋ
八旗制度,1,ㄅㄚ ㄑㄧˊ ㄓˋ ㄉㄨˋ
八旗子弟,1,ㄅㄚ ㄑㄧˊ ㄗˇ ㄉㄧˋ
八旗都統,1,ㄅㄚ ㄑㄧˊ ㄉㄨ ㄊㄨㄥˇ
八月花神,1,ㄅㄚ ㄩㄝˋ ㄏㄨㄚ ㄕㄣˊ
八步周行,1,ㄅㄚ ㄅㄨˋ ㄓㄡ ㄒㄧㄥˊ
八水三川,1,ㄅㄚ ㄕㄨㄟˇ ㄙㄢ ㄔㄨㄢ
八海四瀆,1,ㄅㄚ ㄏㄞˇ ㄙˋ ㄉㄨˊ
八王之亂,1,ㄅㄚ ㄨㄤˊ ㄓ ㄌㄨㄢˋ
八珍鹹粥,1,ㄅㄚ ㄓㄣ ㄒㄧㄢˊ ㄓㄡ
八病九痛,1,ㄅㄚ ㄅㄧㄥˋ ㄐㄧㄡˇ ㄊㄨㄥˋ
八百羅漢,1,ㄅㄚ ㄅㄞˇ ㄌㄨㄛˊ ㄏㄢˋ
八答麻鞋,1,ㄅㄚ ㄉㄚ ㄇㄚˊ ㄒㄧㄝˊ
八索九丘,1,ㄅㄚ ㄙㄨㄛˇ ㄐㄧㄡˇ ㄑㄧㄡ
八股文章,1,ㄅㄚ ㄍㄨˇ ㄨㄣˊ ㄓㄤ
八般大禮,1,ㄅㄚ ㄅㄢ ㄉㄚˋ ㄌㄧˇ
八花九裂,1,ㄅㄚ ㄏㄨㄚ ㄐㄧㄡˇ ㄌㄧㄝˋ
八角楓科,1,ㄅㄚ ㄐㄧㄠˇ ㄈㄥ ㄎㄜ
八角金盤,1,ㄅㄚ ㄐㄧㄠˇ ㄐㄧㄣ ㄆㄢˊ
八門五花,1,ㄅㄚ ㄇㄣˊ ㄨˇ ㄏㄨㄚ
八面受敵,1,ㄅㄚ ㄇㄧㄢˋ ㄕㄡˋ ㄉㄧˊ
八面圓通,1,ㄅㄚ ㄇㄧㄢˋ ㄩㄢˊ ㄊㄨㄥ
八面見光,1,ㄅㄚ ㄇㄧㄢˋ ㄐㄧㄢˋ ㄍㄨㄤ
八音聯歡,1,ㄅㄚ ㄧㄣ ㄌㄧㄢˊ ㄏㄨㄢ
公事上人,1,ㄍㄨㄥ ㄕˋ ㄕㄤˋ ㄖㄣˊ
公事稽程,1,ㄍㄨㄥ ㄕˋ ㄐㄧ ㄔㄥˊ
公公婆婆,1,ㄍㄨㄥ ㄍㄨㄥ˙ ㄆㄛˊ ㄆㄛ˙
公公道道,1,ㄍㄨㄥ ㄍㄨㄥ˙ ㄉㄠˋ ㄉㄠˋ
公共保險,1,ㄍㄨㄥ ㄍㄨㄥˋ ㄅㄠˇ ㄒㄧㄢˇ
公共建設,1,ㄍㄨㄥ ㄍㄨㄥˋ ㄐㄧㄢˋ ㄕㄜˋ
公共投資,1,ㄍㄨㄥ ㄍㄨㄥˋ ㄊㄡˊ ㄗ
公共支出,1,ㄍㄨㄥ ㄍㄨㄥˋ ㄓ ㄔㄨ
公共收入,1,ㄍㄨㄥ ㄍㄨㄥˋ ㄕㄡ ㄖㄨˋ
公共救助,1,ㄍㄨㄥ ㄍㄨㄥˋ ㄐㄧㄡˋ ㄓㄨˋ
公共浴場,1,ㄍㄨㄥ ㄍㄨㄥˋ ㄩˋ ㄔㄤˊ
公共環境,1,ㄍㄨㄥ ㄍㄨㄥˋ ㄏㄨㄢˊ ㄐㄧㄥˋ
公共給水,1,ㄍㄨㄥ ㄍㄨㄥˋ ㄐㄧˇ ㄕㄨㄟˇ
公共財政,1,ㄍㄨㄥ ㄍㄨㄥˋ ㄘㄞˊ ㄓㄥˋ
公共部門,1,ㄍㄨㄥ ㄍㄨㄥˋ ㄅㄨˋ ㄇㄣˊ
公卿之門,1,ㄍㄨㄥ ㄑㄧㄥ ㄓ ㄇㄣˊ
公卿大臣,1,ㄍㄨㄥ ㄑㄧㄥ ㄉㄚˋ ㄔㄣˊ
公司債券,1,ㄍㄨㄥ ㄙ ㄓㄞˋ ㄑㄩㄢˋ
公司行號,1,ㄍㄨㄥ ㄙ ㄏㄤˊ ㄏㄠˋ
公司重整,1,ㄍㄨㄥ ㄙ ㄔㄨㄥˊ ㄓㄥˇ
公同共有,1,ㄍㄨㄥ ㄊㄨㄥˊ ㄍㄨㄥˋ ㄧㄡˇ
公告現值,1,ㄍㄨㄥ ㄍㄠˋ ㄒㄧㄢˋ ㄓˊ
公地放領,1,ㄍㄨㄥ ㄉㄧˋ ㄈㄤˋ ㄌㄧㄥˇ
公報私讎,1,ㄍㄨㄥ ㄅㄠˋ ㄙ ㄔㄡˊ
公子小白,1,ㄍㄨㄥ ㄗˇ ㄒㄧㄠˇ ㄅㄞˊ
公孫大娘,1,ㄍㄨㄥ ㄙㄨㄣ ㄉㄚˋ ㄋㄧㄤˊ
公孫杵臼,1,ㄍㄨㄥ ㄙㄨㄣ ㄔㄨˇ ㄐㄧㄡˋ
公孫龍子,1,ㄍㄨㄥ ㄙㄨㄣ ㄌㄨㄥˊ ㄗˇ
公平交易,1,ㄍㄨㄥ ㄆㄧㄥˊ ㄐㄧㄠ ㄧˋ
公平正大,1,ㄍㄨㄥ ㄆㄧㄥˊ ㄓㄥˋ ㄉㄚˋ
公文旅行,1,ㄍㄨㄥ ㄨㄣˊ ㄌㄩˇ ㄒㄧㄥˊ
公文程式,1,ㄍㄨㄥ ㄨㄣˊ ㄔㄥˊ ㄕˋ
公斷法院,1,ㄍㄨㄥ ㄉㄨㄢˋ ㄈㄚˇ ㄩㄢˋ
公有財產,1,ㄍㄨㄥ ㄧㄡˇ ㄘㄞˊ ㄔㄢˇ
公有財貨,1,ㄍㄨㄥ ㄧㄡˇ ㄘㄞˊ ㄏㄨㄛˋ
公案比語,1,ㄍㄨㄥ ㄢˋ ㄅㄧˇ ㄩˇ
公正證書,1,ㄍㄨㄥ ㄓㄥˋ ㄓㄥˋ ㄕㄨ
公民教育,1,ㄍㄨㄥ ㄇㄧㄣˊ ㄐㄧㄠˋ ㄩˋ
公營電視,1,ㄍㄨㄥ ㄧㄥˊ ㄉㄧㄢˋ ㄕˋ
公用徵收,1,ㄍㄨㄥ ㄩㄥˋ ㄓㄥ ㄕㄡ
公用費率,1,ㄍㄨㄥ ㄩㄥˋ ㄈㄟˋ ㄌㄩˋ
公用限制,1,ㄍㄨㄥ ㄩㄥˋ ㄒㄧㄢˋ ㄓˋ
公益廣告,1,ㄍㄨㄥ ㄧˋ ㄍㄨㄤˇ ㄍㄠˋ
公益軟體,1,ㄍㄨㄥ ㄧˋ ㄖㄨㄢˇ ㄊㄧˇ
公眾人物,1,ㄍㄨㄥ ㄓㄨㄥˋ ㄖㄣˊ ㄨˋ
公眾傳播,1,ㄍㄨㄥ ㄓㄨㄥˋ ㄔㄨㄢˊ ㄅㄛˋ
公眾參與,1,ㄍㄨㄥ ㄓㄨㄥˋ ㄘㄢ ㄩˋ
公眾衛生,1,ㄍㄨㄥ ㄓㄨㄥˋ ㄨㄟˋ ㄕㄥ
公示催告,1,ㄍㄨㄥ ㄕˋ ㄘㄨㄟ ㄍㄠˋ
公示行為,1,ㄍㄨㄥ ㄕˋ ㄒㄧㄥˊ ㄨㄟˊ
公示送達,1,ㄍㄨㄥ ㄕˋ ㄙㄨㄥˋ ㄉㄚˊ
公私兩全,1,ㄍㄨㄥ ㄙ ㄌㄧㄤˇ ㄑㄩㄢˊ
公私兩濟,1,ㄍㄨㄥ ㄙ ㄌㄧㄤˇ ㄐㄧˋ
公私兩盡,1,ㄍㄨㄥ ㄙ ㄌㄧㄤˇ ㄐㄧㄣˋ
公私皆辦,1,ㄍㄨㄥ ㄙ ㄐㄧㄝ ㄅㄢˋ
公耳忘私,1,ㄍㄨㄥ ㄦˇ ㄨㄤˋ ㄙ
公許碼頭,1,ㄍㄨㄥ ㄒㄩˇ ㄇㄚˇ ㄊㄡ˙
公證公司,1,ㄍㄨㄥ ㄓㄥˋ ㄍㄨㄥ ㄙ
公證遺囑,1,ㄍㄨㄥ ㄓㄥˋ ㄧˊ ㄓㄨˇ
公賣利益,1,ㄍㄨㄥ ㄇㄞˋ ㄌㄧˋ ㄧˋ
公路容量,1,ㄍㄨㄥ ㄌㄨˋ ㄖㄨㄥˊ ㄌㄧㄤˋ
公路工程,1,ㄍㄨㄥ ㄌㄨˋ ㄍㄨㄥ ㄔㄥˊ
公路警察,1,ㄍㄨㄥ ㄌㄨˋ ㄐㄧㄥˇ ㄔㄚˊ
公路運輸,1,ㄍㄨㄥ ㄌㄨˋ ㄩㄣˋ ㄕㄨ
公路類型,1,ㄍㄨㄥ ㄌㄨˋ ㄌㄟˋ ㄒㄧㄥˊ
公道難明,1,ㄍㄨㄥ ㄉㄠˋ ㄋㄢˊ ㄇㄧㄥˊ
公門修行,1,ㄍㄨㄥ ㄇㄣˊ ㄒㄧㄡ ㄒㄧㄥˊ
公開場合,1,ㄍㄨㄥ ㄎㄞ ㄔㄤˊ ㄏㄜˊ
公開外交,1,ㄍㄨㄥ ㄎㄞ ㄨㄞˋ ㄐㄧㄠ
公開審理,1,ㄍㄨㄥ ㄎㄞ ㄕㄣˇ ㄌㄧˇ
公開市場,1,ㄍㄨㄥ ㄎㄞ ㄕˋ ㄔㄤˊ
公開投票,1,ㄍㄨㄥ ㄎㄞ ㄊㄡˊ ㄆㄧㄠˋ
公開選舉,1,ㄍㄨㄥ ㄎㄞ ㄒㄩㄢˇ ㄐㄩˇ
六一居士,1,ㄌㄧㄡˋ ㄧ ㄐㄩ ㄕˋ
六一詩話,1,ㄌㄧㄡˋ ㄧ ㄕ ㄏㄨㄚˋ
六出奇計,1,ㄌㄧㄡˋ ㄔㄨ ㄑㄧˊ ㄐㄧˋ
六十四卦,1,ㄌㄧㄡˋ ㄕˊ ㄙˋ ㄍㄨㄚˋ
六十甲子,1,ㄌㄧㄡˋ ㄕˊ ㄐㄧㄚˇ ㄗˇ
六十種曲,1,ㄌㄧㄡˋ ㄕˊ ㄓㄨㄥˇ ㄑㄩˇ
六合拳譜,1,ㄌㄧㄡˋ ㄏㄜˊ ㄑㄩㄢˊ ㄆㄨˇ
六問三推,1,ㄌㄧㄡˋ ㄨㄣˋ ㄙㄢ ㄊㄨㄟ
六家七宗,1,ㄌㄧㄡˋ ㄐㄧㄚ ㄑㄧ ㄗㄨㄥ
六尺之孤,1,ㄌㄧㄡˋ ㄔˇ ㄓ ㄍㄨ
六房吏典,1,ㄌㄧㄡˋ ㄈㄤˊ ㄌㄧˋ ㄉㄧㄢˇ
六房書吏,1,ㄌㄧㄡˋ ㄈㄤˊ ㄕㄨ ㄌㄧˋ
六才子書,1,ㄌㄧㄡˋ ㄘㄞˊ ㄗˇ ㄕㄨ
六月連陰,1,ㄌㄧㄡˋ ㄩㄝˋ ㄌㄧㄢˊ ㄧㄣ
六月飛霜,1,ㄌㄧㄡˋ ㄩㄝˋ ㄈㄟ ㄕㄨㄤ
六朝寫經,1,ㄌㄧㄡˋ ㄔㄠˊ ㄒㄧㄝˇ ㄐㄧㄥ
六朝脂粉,1,ㄌㄧㄡˋ ㄔㄠˊ ㄓ ㄈㄣˇ
六朝金粉,1,ㄌㄧㄡˋ ㄔㄠˊ ㄐㄧㄣ ㄈㄣˇ
六案孔目,1,ㄌㄧㄡˋ ㄢˋ ㄎㄨㄥˇ ㄇㄨˋ
六畜不安,1,ㄌㄧㄡˋ ㄔㄨˋ ㄅㄨˋ ㄢ
六相圓融,1,ㄌㄧㄡˋ ㄒㄧㄤˋ ㄩㄢˊ ㄖㄨㄥˊ
六祖壇經,1,ㄌㄧㄡˋ ㄗㄨˇ ㄊㄢˊ ㄐㄧㄥ
六神不安,1,ㄌㄧㄡˋ ㄕㄣˊ ㄅㄨˋ ㄢ
六經皆史,1,ㄌㄧㄡˋ ㄐㄧㄥ ㄐㄧㄝ ㄕˇ
六脈調和,1,ㄌㄧㄡˋ ㄇㄞˋ ㄊㄧㄠˊ ㄏㄜˊ
六號分機,1,ㄌㄧㄡˋ ㄏㄠˋ ㄈㄣ ㄐㄧ
六街三市,1,ㄌㄧㄡˋ ㄐㄧㄝ ㄙㄢ ㄕˋ
六親不認,1,ㄌㄧㄡˋ ㄑㄧㄣ ㄅㄨˋ ㄖㄣˋ
六說白道,1,ㄌㄧㄡˋ ㄕㄨㄛ ㄅㄞˊ ㄉㄠˋ
六通四辟,1,ㄌㄧㄡˋ ㄊㄨㄥ ㄙˋ ㄆㄧˋ
六陽會首,1,ㄌㄧㄡˋ ㄧㄤˊ ㄏㄨㄟˋ ㄕㄡˇ
六陽首級,1,ㄌㄧㄡˋ ㄧㄤˊ ㄕㄡˇ ㄐㄧˊ
六陽魁首,1,ㄌㄧㄡˋ ㄧㄤˊ ㄎㄨㄟˊ ㄕㄡˇ
六韜三略,1,ㄌㄧㄡˋ ㄊㄠ ㄙㄢ ㄌㄩㄝˋ
六馬仰秣,1,ㄌㄧㄡˋ ㄇㄚˇ ㄧㄤˇ ㄇㄛˋ
共事一夫,1,ㄍㄨㄥˋ ㄕˋ ㄧ ㄈㄨ
共享軟體,1,ㄍㄨㄥˋ ㄒㄧㄤˇ ㄖㄨㄢˇ ㄊㄧˇ
共同代理,1,ㄍㄨㄥˋ ㄊㄨㄥˊ ㄉㄞˋ ㄌㄧˇ
共同代表,1,ㄍㄨㄥˋ ㄊㄨㄥˊ ㄉㄞˋ ㄅㄧㄠˇ
共同企業,1,ㄍㄨㄥˋ ㄊㄨㄥˊ ㄑㄧˋ ㄧㄝˋ
共同保證,1,ㄍㄨㄥˋ ㄊㄨㄥˊ ㄅㄠˇ ㄓㄥˋ
共同努力,1,ㄍㄨㄥˋ ㄊㄨㄥˊ ㄋㄨˇ ㄌㄧˋ
共同基金,1,ㄍㄨㄥˋ ㄊㄨㄥˊ ㄐㄧ ㄐㄧㄣ
共同感覺,1,ㄍㄨㄥˋ ㄊㄨㄥˊ ㄍㄢˇ ㄐㄩㄝˊ
共同正犯,1,ㄍㄨㄥˋ ㄊㄨㄥˊ ㄓㄥˋ ㄈㄢˋ
共同科目,1,ㄍㄨㄥˋ ㄊㄨㄥˊ ㄎㄜ ㄇㄨˋ
共同管道,1,ㄍㄨㄥˋ ㄊㄨㄥˊ ㄍㄨㄢˇ ㄉㄠˋ
共同經營,1,ㄍㄨㄥˋ ㄊㄨㄥˊ ㄐㄧㄥ ㄧㄥˊ
共同繼承,1,ㄍㄨㄥˋ ㄊㄨㄥˊ ㄐㄧˋ ㄔㄥˊ
共同訴訟,1,ㄍㄨㄥˋ ㄊㄨㄥˊ ㄙㄨˋ ㄙㄨㄥˋ
共同財產,1,ㄍㄨㄥˋ ㄊㄨㄥˊ ㄘㄞˊ ㄔㄢˇ
共同趨向,1,ㄍㄨㄥˋ ㄊㄨㄥˊ ㄑㄩ ㄒㄧㄤˋ
共同運銷,1,ㄍㄨㄥˋ ㄊㄨㄥˊ ㄩㄣˋ ㄒㄧㄠ
共和時代,1,ㄍㄨㄥˋ ㄏㄜˊ ㄕˊ ㄉㄞˋ
共商大計,1,ㄍㄨㄥˋ ㄕㄤ ㄉㄚˋ ㄐㄧˋ
共審制度,1,ㄍㄨㄥˋ ㄕㄣˇ ㄓˋ ㄉㄨˋ
共挽鹿車,1,ㄍㄨㄥˋ ㄨㄢˇ ㄌㄨˋ ㄔㄜ
共敘舊姻,1,ㄍㄨㄥˋ ㄒㄩˋ ㄐㄧㄡˋ ㄧㄣ
共濟一堂,1,ㄍㄨㄥˋ ㄐㄧˋ ㄧ ㄊㄤˊ
共為脣齒,1,ㄍㄨㄥˋ ㄨㄟˊ ㄔㄨㄣˊ ㄔˇ
共產國家,1,ㄍㄨㄥˋ ㄔㄢˇ ㄍㄨㄛˊ ㄐㄧㄚ
共產宣言,1,ㄍㄨㄥˋ ㄔㄢˇ ㄒㄩㄢ ㄧㄢˊ
共產集團,1,ㄍㄨㄥˋ ㄔㄢˇ ㄐㄧˊ ㄊㄨㄢˊ
共相脣齒,1,ㄍㄨㄥˋ ㄒㄧㄤ ㄔㄨㄣˊ ㄔˇ
共禦外侮,1,ㄍㄨㄥˋ ㄩˋ ㄨㄞˋ ㄨˇ
共話衷腸,1,ㄍㄨㄥˋ ㄏㄨㄚˋ ㄓㄨㄥ ㄔㄤˊ
共通意志,1,ㄍㄨㄥˋ ㄊㄨㄥ ㄧˋ ㄓˋ
兵不厭權,1,ㄅㄧㄥ ㄅㄨˋ ㄧㄢˋ ㄑㄩㄢˊ
兵不由將,1,ㄅㄧㄥ ㄅㄨˋ ㄧㄡˊ ㄐㄧㄤˋ
兵交馬踏,1,ㄅㄧㄥ ㄐㄧㄠ ㄇㄚˇ ㄊㄚˋ
兵出無名,1,ㄅㄧㄥ ㄔㄨ ㄨˊ ㄇㄧㄥˊ
兵家常事,1,ㄅㄧㄥ ㄐㄧㄚ ㄔㄤˊ ㄕˋ
兵少將微,1,ㄅㄧㄥ ㄕㄠˇ ㄐㄧㄤˋ ㄨㄟˊ
兵廚之擾,1,ㄅㄧㄥ ㄔㄨˊ ㄓ ㄖㄠˇ
兵強將勇,1,ㄅㄧㄥ ㄑㄧㄤˊ ㄐㄧㄤˋ ㄩㄥˇ
兵強將盛,1,ㄅㄧㄥ ㄑㄧㄤˊ ㄐㄧㄤˋ ㄕㄥˋ
兵微將寡,1,ㄅㄧㄥ ㄨㄟˊ ㄐㄧㄤˋ ㄍㄨㄚˇ
兵戈擾攘,1,ㄅㄧㄥ ㄍㄜ ㄖㄠˇ ㄖㄤˇ
兵敗將亡,1,ㄅㄧㄥ ㄅㄞˋ ㄐㄧㄤˋ ㄨㄤˊ
兵機莫測,1,ㄅㄧㄥ ㄐㄧ ㄇㄛˋ ㄘㄜˋ
兵災保險,1,ㄅㄧㄥ ㄗㄞ ㄅㄠˇ ㄒㄧㄢˇ
兵無血刃,1,ㄅㄧㄥ ㄨˊ ㄒㄩㄝˋ ㄖㄣˋ
兵疲馬困,1,ㄅㄧㄥ ㄆㄧˊ ㄇㄚˇ ㄎㄨㄣˋ
兵盡器竭,1,ㄅㄧㄥ ㄐㄧㄣˋ ㄑㄧˋ ㄐㄧㄝˊ
兵盡矢窮,1,ㄅㄧㄥ ㄐㄧㄣˋ ㄕˇ ㄑㄩㄥˊ
兵精將勇,1,ㄅㄧㄥ ㄐㄧㄥ ㄐㄧㄤˋ ㄩㄥˇ
兵精糧足,1,ㄅㄧㄥ ㄐㄧㄥ ㄌㄧㄤˊ ㄗㄨˊ
兵精馬壯,1,ㄅㄧㄥ ㄐㄧㄥ ㄇㄚˇ ㄓㄨㄤˋ
兵荒將亂,1,ㄅㄧㄥ ㄏㄨㄤ ㄐㄧㄤˋ ㄌㄨㄢˋ
兵行詭道,1,ㄅㄧㄥ ㄒㄧㄥˊ ㄍㄨㄟˇ ㄉㄠˋ
兵部尚書,1,ㄅㄧㄥ ㄅㄨˋ ㄕㄤˋ ㄕㄨ
兵革之禍,1,ㄅㄧㄥ ㄍㄜˊ ㄓ ㄏㄨㄛˋ
兵馬倥傯,1,ㄅㄧㄥ ㄇㄚˇ ㄎㄨㄥˇ ㄗㄨㄥˇ
兵馬大權,1,ㄅㄧㄥ ㄇㄚˇ ㄉㄚˋ ㄑㄩㄢˊ
其來有自,1,ㄑㄧˊ ㄌㄞˊ ㄧㄡˇ ㄗˋ
其勢洶洶,1,ㄑㄧˊ ㄕˋ ㄒㄩㄥ ㄒㄩㄥ
其味無窮,1,ㄑㄧˊ ㄨㄟˋ ㄨˊ ㄑㄩㄥˊ
其從如雲,1,ㄑㄧˊ ㄗㄨㄥˋ ㄖㄨˊ ㄩㄣˊ
其應若響,1,ㄑㄧˊ ㄧㄥˋ ㄖㄨㄛˋ ㄒㄧㄤˇ
其樂不窮,1,ㄑㄧˊ ㄌㄜˋ ㄅㄨˋ ㄑㄩㄥˊ
其樂無比,1,ㄑㄧˊ ㄌㄜˋ ㄨˊ ㄅㄧˇ
其樂融融,1,ㄑㄧˊ ㄌㄜˋ ㄖㄨㄥˊ ㄖㄨㄥˊ
具體名詞,1,ㄐㄩˋ ㄊㄧˇ ㄇㄧㄥˊ ㄘˊ
典型作風,1,ㄉㄧㄢˇ ㄒㄧㄥˊ ㄗㄨㄛˋ ㄈㄥ
典型足式,1,ㄉㄧㄢˇ ㄒㄧㄥˊ ㄗㄨˊ ㄕˋ
典章制度,1,ㄉㄧㄢˇ ㄓㄤ ㄓˋ ㄉㄨˋ
典範長存,1,ㄉㄧㄢˇ ㄈㄢˋ ㄔㄤˊ ㄘㄨㄣˊ
典謨訓誥,1,ㄉㄧㄢˇ ㄇㄛˊ ㄒㄩㄣˋ ㄍㄠˋ
典身賣命,1,ㄉㄧㄢˇ ㄕㄣ ㄇㄞˋ ㄇㄧㄥˋ
典雅堂皇,1,ㄉㄧㄢˇ ㄧㄚˇ ㄊㄤˊ ㄏㄨㄤˊ
典鷫鷞裘,1,ㄉㄧㄢˇ ㄙㄨˋ ㄕㄨㄤ ㄑㄧㄡˊ
典麗矞皇,1,ㄉㄧㄢˇ ㄌㄧˋ ㄩˋ ㄏㄨㄤˊ
兼容并包,1,ㄐㄧㄢ ㄖㄨㄥˊ ㄅㄧㄥˋ ㄅㄠ
兼弱攻昧,1,ㄐㄧㄢ ㄖㄨㄛˋ ㄍㄨㄥ ㄇㄟˋ
兼權熟計,1,ㄐㄧㄢ ㄑㄩㄢˊ ㄕㄨˊ ㄐㄧˋ
冊府元龜,1,ㄘㄜˋ ㄈㄨˇ ㄩㄢˊ ㄍㄨㄟ
再作道理,1,ㄗㄞˋ ㄗㄨㄛˋ ㄉㄠˋ ㄌㄧˇ
再作馮婦,1,ㄗㄞˋ ㄗㄨㄛˋ ㄈㄥˊ ㄈㄨˋ
再生之德,1,ㄗㄞˋ ㄕㄥ ㄓ ㄉㄜˊ
再生之恩,1,ㄗㄞˋ ㄕㄥ ㄓ ㄣ
再生纖維,1,ㄗㄞˋ ㄕㄥ ㄒㄧㄢ ㄨㄟˊ
再生能源,1,ㄗㄞˋ ㄕㄥ ㄋㄥˊ ㄩㄢˊ
再生資源,1,ㄗㄞˋ ㄕㄥ ㄗ ㄩㄢˊ
再衰三竭,1,ㄗㄞˋ ㄕㄨㄞ ㄙㄢ ㄐㄧㄝˊ
再造之恩,1,ㄗㄞˋ ㄗㄠˋ ㄓ ㄣ
再長爹娘,1,ㄗㄞˋ ㄓㄤˇ ㄉㄧㄝ ㄋㄧㄤˊ
再顯神通,1,ㄗㄞˋ ㄒㄧㄢˇ ㄕㄣˊ ㄊㄨㄥ
冒冒勢勢,1,ㄇㄠˋ ㄇㄠˋ ㄕˋ ㄕˋ
冒冒實實,1,ㄇㄠˋ ㄇㄠˋ ㄕˊ ㄕˊ
冒名行騙,1,ㄇㄠˋ ㄇㄧㄥˊ ㄒㄧㄥˊ ㄆㄧㄢˋ
冒昧從事,1,ㄇㄠˋ ㄇㄟˋ ㄘㄨㄥˊ ㄕˋ
冒煙突火,1,ㄇㄠˋ ㄧㄢ ㄊㄨˊ ㄏㄨㄛˇ
冒進政策,1,ㄇㄠˋ ㄐㄧㄣˋ ㄓㄥˋ ㄘㄜˋ
冒鋒突圍,1,ㄇㄠˋ ㄈㄥ ㄊㄨˊ ㄨㄟˊ
冒鏑當鋒,1,ㄇㄠˋ ㄉㄧˊ ㄉㄤ ㄈㄥ
冒險進取,1,ㄇㄠˋ ㄒㄧㄢˇ ㄐㄧㄣˋ ㄑㄩˇ
冒雨剪韭,1,ㄇㄠˋ ㄩˇ ㄐㄧㄢˇ ㄐㄧㄡˇ
冒霜撥露,1,ㄇㄠˋ ㄕㄨㄤ ㄅㄛ ㄌㄨˋ
冒露安身,1,ㄇㄠˋ ㄌㄨˋ ㄢ ㄕㄣ
冠世之才,1,ㄍㄨㄢˋ ㄕˋ ㄓ ㄘㄞˊ
冠冕衣裳,1,ㄍㄨㄢ ㄇㄧㄢˇ ㄧ ㄔㄤˊ
冠履倒易,1,ㄍㄨㄢ ㄌㄩˇ ㄉㄠˋ ㄧˋ
冠履倒置,1,ㄍㄨㄢ ㄌㄩˇ ㄉㄠˋ ㄓˋ
冠履無爽,1,ㄍㄨㄢ ㄌㄩˇ ㄨˊ ㄕㄨㄤˇ
冠絕古今,1,ㄍㄨㄢˋ ㄐㄩㄝˊ ㄍㄨˇ ㄐㄧㄣ
冠蓋如雲,1,ㄍㄨㄢ ㄍㄞˋ ㄖㄨˊ ㄩㄣˊ
冠蓋相屬,1,ㄍㄨㄢ ㄍㄞˋ ㄒㄧㄤ ㄓㄨˇ
冠蓋相望,1,ㄍㄨㄢ ㄍㄞˋ ㄒㄧㄤ ㄨㄤˋ
冠蓋高舉,1,ㄍㄨㄢ ㄍㄞˋ ㄍㄠ ㄐㄩˇ
冠道履仁,1,ㄍㄨㄢ ㄉㄠˋ ㄌㄩˇ ㄖㄣˊ
冢中枯骨,1,ㄓㄨㄥˇ ㄓㄨㄥ ㄎㄨ ㄍㄨˇ
冤天屈地,1,ㄩㄢ ㄊㄧㄢ ㄑㄩ ㄉㄧˋ
冤家路狹,1,ㄩㄢ ㄐㄧㄚ ㄌㄨˋ ㄒㄧㄚˊ
冤魂不散,1,ㄩㄢ ㄏㄨㄣˊ ㄅㄨˋ ㄙㄢˋ
冥思苦想,1,ㄇㄧㄥˊ ㄙ ㄎㄨˇ ㄒㄧㄤˇ
冥思苦索,1,ㄇㄧㄥˊ ㄙ ㄎㄨˇ ㄙㄨㄛˇ
冥行擿埴,1,ㄇㄧㄥˊ ㄒㄧㄥˊ ㄊㄧˋ ㄓˊ
冬令進補,1,ㄉㄨㄥ ㄌㄧㄥˋ ㄐㄧㄣˋ ㄅㄨˇ
冬季作物,1,ㄉㄨㄥ ㄐㄧˋ ㄗㄨㄛˋ ㄨˋ
冬季運動,1,ㄉㄨㄥ ㄐㄧˋ ㄩㄣˋ ㄉㄨㄥˋ
冬扇夏爐,1,ㄉㄨㄥ ㄕㄢˋ ㄒㄧㄚˋ ㄌㄨˊ
冬日可愛,1,ㄉㄨㄥ ㄖˋ ㄎㄜˇ ㄞˋ
冬溫夏凊,1,ㄉㄨㄥ ㄨㄣ ㄒㄧㄚˋ ㄐㄧㄥˋ
冬烘先生,1,ㄉㄨㄥ ㄏㄨㄥ ㄒㄧㄢ ㄕㄥ
冰冷無味,1,ㄅㄧㄥ ㄌㄥˇ ㄨˊ ㄨㄟˋ
冰前颳雪,1,ㄅㄧㄥ ㄑㄧㄢˊ ㄍㄨㄚ ㄒㄩㄝˇ
冰壺玉尺,1,ㄅㄧㄥ ㄏㄨˊ ㄩˋ ㄔˇ
冰壺秋月,1,ㄅㄧㄥ ㄏㄨˊ ㄑㄧㄡ ㄩㄝˋ
冰天雪窖,1,ㄅㄧㄥ ㄊㄧㄢ ㄒㄩㄝˇ ㄐㄧㄠˋ
冰島漁夫,1,ㄅㄧㄥ ㄉㄠˇ ㄩˊ ㄈㄨ
冰散瓦解,1,ㄅㄧㄥ ㄙㄢˋ ㄨㄚˇ ㄐㄧㄝˇ
冰河作用,1,ㄅㄧㄥ ㄏㄜˊ ㄗㄨㄛˋ ㄩㄥˋ
冰河公園,1,ㄅㄧㄥ ㄏㄜˊ ㄍㄨㄥ ㄩㄢˊ
冰消凍解,1,ㄅㄧㄥ ㄒㄧㄠ ㄉㄨㄥˋ ㄐㄧㄝˇ
冰消凍釋,1,ㄅㄧㄥ ㄒㄧㄠ ㄉㄨㄥˋ ㄕˋ
冰清水冷,1,ㄅㄧㄥ ㄑㄧㄥ ㄕㄨㄟˇ ㄌㄥˇ
冰清玉潤,1,ㄅㄧㄥ ㄑㄧㄥ ㄩˋ ㄖㄨㄣˋ
冰清鬼冷,1,ㄅㄧㄥ ㄑㄧㄥ ㄍㄨㄟˇ ㄌㄥˇ
冰炭不洽,1,ㄅㄧㄥ ㄊㄢˋ ㄅㄨˋ ㄑㄧㄚˋ
冰糖葫蘆,1,ㄅㄧㄥ ㄊㄤˊ ㄏㄨˊ ㄌㄨ˙
冰肌玉骨,1,ㄅㄧㄥ ㄐㄧ ㄩˋ ㄍㄨˇ
冰解凍釋,1,ㄅㄧㄥ ㄐㄧㄝˇ ㄉㄨㄥˋ ㄕˋ
冰魂雪魄,1,ㄅㄧㄥ ㄏㄨㄣˊ ㄒㄩㄝˇ ㄆㄛˋ
冶容誨淫,1,ㄧㄝˇ ㄖㄨㄥˊ ㄏㄨㄟˋ ㄧㄣˊ
冶葉倡條,1,ㄧㄝˇ ㄧㄝˋ ㄔㄤ ㄊㄧㄠˊ
冷冷落落,1,ㄌㄥˇ ㄌㄥˇ ㄌㄨㄛˋ ㄌㄨㄛˋ
冷凍蔬菜,1,ㄌㄥˇ ㄉㄨㄥˋ ㄕㄨ ㄘㄞˋ
冷口冷心,1,ㄌㄥˇ ㄎㄡˇ ㄌㄥˇ ㄒㄧㄣ
冷嘲熱罵,1,ㄌㄥˇ ㄔㄠˊ ㄖㄜˋ ㄇㄚˋ
冷帳不問,1,ㄌㄥˇ ㄓㄤˋ ㄅㄨˋ ㄨㄣˋ
冷式排版,1,ㄌㄥˇ ㄕˋ ㄆㄞˊ ㄅㄢˇ
冷心冷面,1,ㄌㄥˇ ㄒㄧㄣ ㄌㄥˇ ㄇㄧㄢˋ
冷水澆頭,1,ㄌㄥˇ ㄕㄨㄟˇ ㄐㄧㄠ ㄊㄡˊ
冷水養殖,1,ㄌㄥˇ ㄕㄨㄟˇ ㄧㄤˇ ㄓˊ
冷灰爆豆,1,ㄌㄥˇ ㄏㄨㄟ ㄅㄠˋ ㄉㄡˋ
冷灶清鍋,1,ㄌㄥˇ ㄗㄠˋ ㄑㄧㄥ ㄍㄨㄛ
冷眼溜冰,1,ㄌㄥˇ ㄧㄢˇ ㄌㄧㄡ ㄅㄧㄥ
冷藏倉庫,1,ㄌㄥˇ ㄘㄤˊ ㄘㄤ ㄎㄨˋ
冷言熱語,1,ㄌㄥˇ ㄧㄢˊ ㄖㄜˋ ㄩˇ
冷語侵人,1,ㄌㄥˇ ㄩˇ ㄑㄧㄣ ㄖㄣˊ
冷語冰人,1,ㄌㄥˇ ㄩˇ ㄅㄧㄥ ㄖㄣˊ
冷譏熱嘲,1,ㄌㄥˇ ㄐㄧ ㄖㄜˋ ㄔㄠˊ
冷面冷心,1,ㄌㄥˇ ㄇㄧㄢˋ ㄌㄥˇ ㄒㄧㄣ
冷齋夜話,1,ㄌㄥˇ ㄓㄞ ㄧㄝˋ ㄏㄨㄚˋ
凌波仙子,1,ㄌㄧㄥˊ ㄅㄛ ㄒㄧㄢ ㄗˇ
凌波微步,1,ㄌㄧㄥˊ ㄅㄛ ㄨㄟˊ ㄅㄨˋ
凌遲碎剮,1,ㄌㄧㄥˊ ㄔˊ ㄙㄨㄟˋ ㄍㄨㄚˇ
凌遲處死,1,ㄌㄧㄥˊ ㄔˊ ㄔㄨˇ ㄙˇ
凌雲健筆,1,ㄌㄧㄥˊ ㄩㄣˊ ㄐㄧㄢˋ ㄅㄧˇ
凍凌觜臉,1,ㄉㄨㄥˋ ㄌㄧㄥˊ ㄗㄨㄟˇ ㄌㄧㄢˇ
凍結資金,1,ㄉㄨㄥˋ ㄐㄧㄝˊ ㄗ ㄐㄧㄣ
凍解冰釋,1,ㄉㄨㄥˋ ㄐㄧㄝˇ ㄅㄧㄥ ㄕˋ
凜凜冽冽,1,ㄌㄧㄣˇ ㄌㄧㄣˇ ㄌㄧㄝˋ ㄌㄧㄝˋ
凜然難犯,1,ㄌㄧㄣˇ ㄖㄢˊ ㄋㄢˊ ㄈㄢˋ
凝結作用,1,ㄋㄧㄥˊ ㄐㄧㄝˊ ㄗㄨㄛˋ ㄩㄥˋ
凝結反應,1,ㄋㄧㄥˊ ㄐㄧㄝˊ ㄈㄢˇ ㄧㄥˋ
凝血因子,1,ㄋㄧㄥˊ ㄒㄧㄝˇ ㄧㄣ ㄗˇ
凝血現象,1,ㄋㄧㄥˊ ㄒㄧㄝˇ ㄒㄧㄢˋ ㄒㄧㄤˋ
凝血障礙,1,ㄋㄧㄥˊ ㄒㄧㄝˇ ㄓㄤˋ ㄞˋ
凡夫肉眼,1,ㄈㄢˊ ㄈㄨ ㄖㄡˋ ㄧㄢˇ
凡桃俗李,1,ㄈㄢˊ ㄊㄠˊ ㄙㄨˊ ㄌㄧˇ
凡爾賽宮,1,ㄈㄢˊ ㄦˇ ㄙㄞˋ ㄍㄨㄥ
凡胎俗骨,1,ㄈㄢˊ ㄊㄞ ㄙㄨˊ ㄍㄨˇ
凡胎濁骨,1,ㄈㄢˊ ㄊㄞ ㄓㄨㄛˊ ㄍㄨˇ
凶年饑歲,1,ㄒㄩㄥ ㄋㄧㄢˊ ㄐㄧ ㄙㄨㄟˋ
凹凸有致,1,ㄠ ㄊㄨˊ ㄧㄡˇ ㄓˋ
出一回神,1,ㄔㄨ ㄧ ㄏㄨㄟˊ ㄕㄣˊ
出乎尋常,1,ㄔㄨ ㄏㄨ ㄒㄩㄣˊ ㄔㄤˊ
出乖弄醜,1,ㄔㄨ ㄍㄨㄞ ㄋㄨㄥˋ ㄔㄡˇ
出倫之才,1,ㄔㄨ ㄌㄨㄣˊ ㄓ ㄘㄞˊ
出入將相,1,ㄔㄨ ㄖㄨˋ ㄐㄧㄤˋ ㄒㄧㄤˋ
出入相隨,1,ㄔㄨ ㄖㄨˋ ㄒㄧㄤ ㄙㄨㄟˊ
出其不備,1,ㄔㄨ ㄑㄧˊ ㄅㄨˋ ㄅㄟˋ
出其不意,1,ㄔㄨ ㄑㄧˊ ㄅㄨˋ ㄧˋ
出其東門,1,ㄔㄨ ㄑㄧˊ ㄉㄨㄥ ㄇㄣˊ
出口導向,1,ㄔㄨ ㄎㄡˇ ㄉㄠˇ ㄒㄧㄤˋ
出口貿易,1,ㄔㄨ ㄎㄡˇ ㄇㄠˋ ㄧˋ
出師不利,1,ㄔㄨ ㄕ ㄅㄨˋ ㄌㄧˋ
出手得盧,1,ㄔㄨ ㄕㄡˇ ㄉㄜˊ ㄌㄨˊ
出有入無,1,ㄔㄨ ㄧㄡˇ ㄖㄨˋ ㄨˊ
出死入生,1,ㄔㄨ ㄙˇ ㄖㄨˋ ㄕㄥ
出水夥計,1,ㄔㄨ ㄕㄨㄟˇ ㄏㄨㄛˇ ㄐㄧ˙
出版自由,1,ㄔㄨ ㄅㄢˇ ㄗˋ ㄧㄡˊ
出租汽車,1,ㄔㄨ ㄗㄨ ㄑㄧˋ ㄔㄜ
出群拔萃,1,ㄔㄨ ㄑㄩㄣˊ ㄅㄚˊ ㄘㄨㄟˋ
出自娘胎,1,ㄔㄨ ㄗˋ ㄋㄧㄤˊ ㄊㄞ
出芽生殖,1,ㄔㄨ ㄧㄚˊ ㄕㄥ ㄓˊ
出血筒子,1,ㄔㄨ ㄒㄧㄝˇ ㄊㄨㄥˇ ㄗ˙
出言不遜,1,ㄔㄨ ㄧㄢˊ ㄅㄨˋ ㄒㄩㄣˋ
出言有序,1,ㄔㄨ ㄧㄢˊ ㄧㄡˇ ㄒㄩˋ
出言無狀,1,ㄔㄨ ㄧㄢˊ ㄨˊ ㄓㄨㄤˋ
出謀獻策,1,ㄔㄨ ㄇㄡˊ ㄒㄧㄢˋ ㄘㄜˋ
出警入蹕,1,ㄔㄨ ㄐㄧㄥˇ ㄖㄨˋ ㄅㄧˋ
出醜揚疾,1,ㄔㄨ ㄔㄡˇ ㄧㄤˊ ㄐㄧˊ
出醜狼藉,1,ㄔㄨ ㄔㄡˇ ㄌㄤˊ ㄐㄧˊ
出閣之喜,1,ㄔㄨ ㄍㄜˊ ㄓ ㄒㄧˇ
出陳布新,1,ㄔㄨ ㄔㄣˊ ㄅㄨˋ ㄒㄧㄣ
出頭之日,1,ㄔㄨ ㄊㄡˊ ㄓ ㄖˋ
出頭日子,1,ㄔㄨ ㄊㄡˊ ㄖˋ ㄗ˙
出頭露角,1,ㄔㄨ ㄊㄡˊ ㄌㄡˋ ㄐㄧㄠˇ
出類拔群,1,ㄔㄨ ㄌㄟˋ ㄅㄚˊ ㄑㄩㄣˊ
出類超群,1,ㄔㄨ ㄌㄟˋ ㄔㄠ ㄑㄩㄣˊ
出鬼入神,1,ㄔㄨ ㄍㄨㄟˇ ㄖㄨˋ ㄕㄣˊ
刀刀見血,1,ㄉㄠ ㄉㄠ ㄐㄧㄢˋ ㄒㄧㄝˇ
刀切斧砍,1,ㄉㄠ ㄑㄧㄝ ㄈㄨˇ ㄎㄢˇ
刀切豆腐,1,ㄉㄠ ㄑㄧㄝ ㄉㄡˋ ㄈㄨˇ
刀割針扎,1,ㄉㄠ ㄍㄜ ㄓㄣ ㄓㄚ
刀劍無情,1,ㄉㄠ ㄐㄧㄢˋ ㄨˊ ㄑㄧㄥˊ
刀山劍林,1,ㄉㄠ ㄕㄢ ㄐㄧㄢˋ ㄌㄧㄣˊ
刀山火海,1,ㄉㄠ ㄕㄢ ㄏㄨㄛˇ ㄏㄞˇ
刀杖器械,1,ㄉㄠ ㄓㄤˋ ㄑㄧˋ ㄒㄧㄝˋ
刀耕火種,1,ㄉㄠ ㄍㄥ ㄏㄨㄛˇ ㄓㄨㄥˋ
刀鋸不辭,1,ㄉㄠ ㄐㄩˋ ㄅㄨˋ ㄘˊ
刀鋸鼎鑊,1,ㄉㄠ ㄐㄩˋ ㄉㄧㄥˇ ㄏㄨㄛˋ
刀鎗劍戟,1,ㄉㄠ ㄑㄧㄤ ㄐㄧㄢˋ ㄐㄧˇ
刀鎗無眼,1,ㄉㄠ ㄑㄧㄤ ㄨˊ ㄧㄢˇ
刀頭舔血,1,ㄉㄠ ㄊㄡˊ ㄊㄧㄢˇ ㄒㄧㄝˇ
刁健訟棍,1,ㄉㄧㄠ ㄐㄧㄢˋ ㄙㄨㄥˋ ㄍㄨㄣˋ
刁天厥地,1,ㄉㄧㄠ ㄊㄧㄢ ㄐㄩㄝˊ ㄉㄧˋ
刁天撅地,1,ㄉㄧㄠ ㄊㄧㄢ ㄐㄩㄝ ㄉㄧˋ
刁天決地,1,ㄉㄧㄠ ㄊㄧㄢ ㄐㄩㄝˊ ㄉㄧˋ
刁決古憋,1,ㄉㄧㄠ ㄐㄩㄝˊ ㄍㄨˇ ㄅㄧㄝ
刁蹬用強,1,ㄉㄧㄠ ㄉㄥˋ ㄩㄥˋ ㄑㄧㄤˊ
刁風拐月,1,ㄉㄧㄠ ㄈㄥ ㄍㄨㄞˇ ㄩㄝˋ
分一杯羹,1,ㄈㄣ ㄧ ㄅㄟ ㄍㄥ
分分曉曉,1,ㄈㄣ ㄈㄣ ㄒㄧㄠˇ ㄒㄧㄠˇ
分外夭夭,1,ㄈㄣˋ ㄨㄞˋ ㄧㄠ ㄧㄠ
分外眼紅,1,ㄈㄣˋ ㄨㄞˋ ㄧㄢˇ ㄏㄨㄥˊ
分天之仇,1,ㄈㄣ ㄊㄧㄢ ㄓ ㄔㄡˊ
分封交換,1,ㄈㄣ ㄈㄥ ㄐㄧㄠ ㄏㄨㄢˋ
分層負責,1,ㄈㄣ ㄘㄥˊ ㄈㄨˋ ㄗㄜˊ
分工整合,1,ㄈㄣ ㄍㄨㄥ ㄓㄥˇ ㄏㄜˊ
分布學習,1,ㄈㄣ ㄅㄨˋ ㄒㄩㄝˊ ㄒㄧˊ
分庭伉禮,1,ㄈㄣ ㄊㄧㄥˊ ㄎㄤˋ ㄌㄧˇ
分形同氣,1,ㄈㄣ ㄒㄧㄥˊ ㄊㄨㄥˊ ㄑㄧˋ
分憂共患,1,ㄈㄣ ㄧㄡ ㄍㄨㄥˋ ㄏㄨㄢˋ
分房減口,1,ㄈㄣ ㄈㄤˊ ㄐㄧㄢˇ ㄎㄡˇ
分文不破,1,ㄈㄣ ㄨㄣˊ ㄅㄨˋ ㄆㄛˋ
分斤較兩,1,ㄈㄣ ㄐㄧㄣ ㄐㄧㄠˋ ㄌㄧㄤˇ
分星擘兩,1,ㄈㄣ ㄒㄧㄥ ㄅㄛˋ ㄌㄧㄤˇ
分時系統,1,ㄈㄣ ㄕˊ ㄒㄧˋ ㄊㄨㄥˇ
分析化學,1,ㄈㄣ ㄒㄧ ㄏㄨㄚˋ ㄒㄩㄝˊ
分株繁殖,1,ㄈㄣ ㄓㄨ ㄈㄢˊ ㄓˊ
分毫不爽,1,ㄈㄣ ㄏㄠˊ ㄅㄨˋ ㄕㄨㄤˇ
分毫無損,1,ㄈㄣ ㄏㄠˊ ㄨˊ ㄙㄨㄣˇ
分泌系統,1,ㄈㄣ ㄇㄧˋ ㄒㄧˋ ㄊㄨㄥˇ
分流教學,1,ㄈㄣ ㄌㄧㄡˊ ㄐㄧㄠˋ ㄒㄩㄝˊ
分淺緣慳,1,ㄈㄣˋ ㄑㄧㄢˇ ㄩㄢˊ ㄑㄧㄢ
分淺緣薄,1,ㄈㄣˋ ㄑㄧㄢˇ ㄩㄢˊ ㄅㄛˊ
分班序齒,1,ㄈㄣ ㄅㄢ ㄒㄩˋ ㄔˇ
分符擁節,1,ㄈㄣ ㄈㄨˊ ㄩㄥˇ ㄐㄧㄝˊ
分筋錯骨,1,ㄈㄣ ㄐㄧㄣ ㄘㄨㄛˋ ㄍㄨˇ
分節運動,1,ㄈㄣ ㄐㄧㄝˊ ㄩㄣˋ ㄉㄨㄥˋ
分而為二,1,ㄈㄣ ㄦˊ ㄨㄟˊ ㄦˋ
分肌劈理,1,ㄈㄣ ㄐㄧ ㄆㄧ ㄌㄧˇ
分花拂柳,1,ㄈㄣ ㄏㄨㄚ ㄈㄨˊ ㄌㄧㄡˇ
分茅胙土,1,ㄈㄣ ㄇㄠˊ ㄗㄨㄛˋ ㄊㄨˇ
分茅裂土,1,ㄈㄣ ㄇㄠˊ ㄌㄧㄝˋ ㄊㄨˇ
分薄緣慳,1,ㄈㄣˋ ㄅㄛˊ ㄩㄢˊ ㄑㄧㄢ
分行布白,1,ㄈㄣ ㄏㄤˊ ㄅㄨˋ ㄅㄞˊ
分裂生殖,1,ㄈㄣ ㄌㄧㄝˋ ㄕㄥ ㄓˊ
分解作用,1,ㄈㄣ ㄐㄧㄝˇ ㄗㄨㄛˋ ㄩㄥˋ
分解因式,1,ㄈㄣ ㄐㄧㄝˇ ㄧㄣ ㄕˋ
分財各居,1,ㄈㄣ ㄘㄞˊ ㄍㄜˋ ㄐㄩ
分身不暇,1,ㄈㄣ ㄕㄣ ㄅㄨˋ ㄒㄧㄚˊ
分身減口,1,ㄈㄣ ㄕㄣ ㄐㄧㄢˇ ㄎㄡˇ
分過太平,1,ㄈㄣ ㄍㄨㄛˋ ㄊㄞˋ ㄆㄧㄥˊ
分釐毫絲,1,ㄈㄣ ㄌㄧˊ ㄏㄠˊ ㄙ
分金多與,1,ㄈㄣ ㄐㄧㄣ ㄉㄨㄛ ㄩˇ
分金掰兩,1,ㄈㄣ ㄐㄧㄣ ㄅㄞ ㄌㄧㄤˇ
分釵破鏡,1,ㄈㄣ ㄔㄞ ㄆㄛˋ ㄐㄧㄥˋ
分門割戶,1,ㄈㄣ ㄇㄣˊ ㄍㄜ ㄏㄨˋ
分隸偶存,1,ㄈㄣ ㄌㄧˋ ㄡˇ ㄘㄨㄣˊ
分離焦慮,1,ㄈㄣ ㄌㄧˊ ㄐㄧㄠ ㄌㄩˋ
分類廣告,1,ㄈㄣ ㄌㄟˋ ㄍㄨㄤˇ ㄍㄠˋ
分類目錄,1,ㄈㄣ ㄌㄟˋ ㄇㄨˋ ㄌㄨˋ
分首判袂,1,ㄈㄣ ㄕㄡˇ ㄆㄢˋ ㄇㄟˋ
切中時弊,1,ㄑㄧㄝˋ ㄓㄨㄥˋ ㄕˊ ㄅㄧˋ
切切實實,1,ㄑㄧㄝˋ ㄑㄧㄝˋ ㄕˊ ㄕˊ
切韻指南,1,ㄑㄧㄝˋ ㄩㄣˋ ㄓˇ ㄋㄢˊ
切骨之仇,1,ㄑㄧㄝˋ ㄍㄨˇ ㄓ ㄔㄡˊ
切齒咬牙,1,ㄑㄧㄝˋ ㄔˇ ㄧㄠˇ ㄧㄚˊ
切齒拊心,1,ㄑㄧㄝˋ ㄔˇ ㄈㄨˇ ㄒㄧㄣ
切齒腐心,1,ㄑㄧㄝˋ ㄔˇ ㄈㄨˇ ㄒㄧㄣ
刈蓍遺簪,1,ㄧˋ ㄕ ㄧˊ ㄗㄣ
刎頸之交,1,ㄨㄣˇ ㄐㄧㄥˇ ㄓ ㄐㄧㄠ
刎頸至交,1,ㄨㄣˇ ㄐㄧㄥˇ ㄓˋ ㄐㄧㄠ
刑事主權,1,ㄒㄧㄥˊ ㄕˋ ㄓㄨˇ ㄑㄩㄢˊ
刑事調查,1,ㄒㄧㄥˊ ㄕˋ ㄉㄧㄠˋ ㄔㄚˊ
刑部尚書,1,ㄒㄧㄥˊ ㄅㄨˋ ㄕㄤˋ ㄕㄨ
刑馬作誓,1,ㄒㄧㄥˊ ㄇㄚˇ ㄗㄨㄛˋ ㄕˋ
刓方為圓,1,ㄨㄢˊ ㄈㄤ ㄨㄟˊ ㄩㄢˊ
刖足適屨,1,ㄩㄝˋ ㄗㄨˊ ㄕˋ ㄐㄩˋ
刖趾適屨,1,ㄩㄝˋ ㄓˇ ㄕˋ ㄐㄩˋ
列土分疆,1,ㄌㄧㄝˋ ㄊㄨˇ ㄈㄣ ㄐㄧㄤ
列土分茅,1,ㄌㄧㄝˋ ㄊㄨˇ ㄈㄣ ㄇㄠˊ
列土封疆,1,ㄌㄧㄝˋ ㄊㄨˇ ㄈㄥ ㄐㄧㄤ
列鼎而食,1,ㄌㄧㄝˋ ㄉㄧㄥˇ ㄦˊ ㄕˊ
列鼎重裀,1,ㄌㄧㄝˋ ㄉㄧㄥˇ ㄔㄨㄥˊ ㄧㄣ
初一十五,1,ㄔㄨ ㄧ ㄕˊ ㄨˇ
初五隔開,1,ㄔㄨ ㄨˇ ㄍㄜˊ ㄎㄞ
初唐四傑,1,ㄔㄨ ㄊㄤˊ ㄙˋ ㄐㄧㄝˊ
初寫黃庭,1,ㄔㄨ ㄒㄧㄝˇ ㄏㄨㄤˊ ㄊㄧㄥˊ
初發芙蓉,1,ㄔㄨ ㄈㄚ ㄈㄨˊ ㄖㄨㄥˊ
初等函數,1,ㄔㄨ ㄉㄥˇ ㄏㄢˊ ㄕㄨˋ
初級團體,1,ㄔㄨ ㄐㄧˊ ㄊㄨㄢˊ ㄊㄧˇ
初級小學,1,ㄔㄨ ㄐㄧˊ ㄒㄧㄠˇ ㄒㄩㄝˊ
初級關係,1,ㄔㄨ ㄐㄧˊ ㄍㄨㄢ ㄒㄧˋ
初試身手,1,ㄔㄨ ㄕˋ ㄕㄣ ㄕㄡˇ
初露頭角,1,ㄔㄨ ㄌㄡˋ ㄊㄡˊ ㄐㄧㄠˇ
判如天壤,1,ㄆㄢˋ ㄖㄨˊ ㄊㄧㄢ ㄖㄤˇ
判斷能力,1,ㄆㄢˋ ㄉㄨㄢˋ ㄋㄥˊ ㄌㄧˋ
判決離婚,1,ㄆㄢˋ ㄐㄩㄝˊ ㄌㄧˊ ㄏㄨㄣ
判然不合,1,ㄆㄢˋ ㄖㄢˊ ㄅㄨˋ ㄏㄜˊ
判若天淵,1,ㄆㄢˋ ㄖㄨㄛˋ ㄊㄧㄢ ㄩㄢ
判若鴻溝,1,ㄆㄢˋ ㄖㄨㄛˋ ㄏㄨㄥˊ ㄍㄡ
別作一眼,1,ㄅㄧㄝˊ ㄗㄨㄛˋ ㄧ ㄧㄢˇ
別具爐錘,1,ㄅㄧㄝˊ ㄐㄩˋ ㄌㄨˊ ㄔㄨㄟˊ
別具肺腸,1,ㄅㄧㄝˊ ㄐㄩˋ ㄈㄟˋ ㄔㄤˊ
別具隻眼,1,ㄅㄧㄝˊ ㄐㄩˋ ㄓ ㄧㄢˇ
別出新裁,1,ㄅㄧㄝˊ ㄔㄨ ㄒㄧㄣ ㄘㄞˊ
別出機杼,1,ㄅㄧㄝˊ ㄔㄨ ㄐㄧ ㄓㄨˋ
別創新格,1,ㄅㄧㄝˊ ㄔㄨㄤˋ ㄒㄧㄣ ㄍㄜˊ
別宮祭江,1,ㄅㄧㄝˊ ㄍㄨㄥ ㄐㄧˋ ㄐㄧㄤ
別後寒溫,1,ㄅㄧㄝˊ ㄏㄡˋ ㄏㄢˊ ㄨㄣ
別有居心,1,ㄅㄧㄝˊ ㄧㄡˇ ㄐㄩ ㄒㄧㄣ
別有洞天,1,ㄅㄧㄝˊ ㄧㄡˇ ㄉㄨㄥˋ ㄊㄧㄢ
別有肺腸,1,ㄅㄧㄝˊ ㄧㄡˇ ㄈㄟˋ ㄔㄤˊ
別有風味,1,ㄅㄧㄝˊ ㄧㄡˇ ㄈㄥ ㄨㄟˋ
別樹一幟,1,ㄅㄧㄝˊ ㄕㄨˋ ㄧ ㄓˋ
別無長物,1,ㄅㄧㄝˊ ㄨˊ ㄓㄤˋ ㄨˋ
別生枝節,1,ㄅㄧㄝˊ ㄕㄥ ㄓ ㄐㄧㄝˊ
別致有趣,1,ㄅㄧㄝˊ ㄓˋ ㄧㄡˇ ㄑㄩˋ
別裁偽體,1,ㄅㄧㄝˊ ㄘㄞˊ ㄨㄟˋ ㄊㄧˇ
別識別見,1,ㄅㄧㄝˊ ㄕˋ ㄅㄧㄝˊ ㄐㄧㄢˋ
別開蹊徑,1,ㄅㄧㄝˊ ㄎㄞ ㄒㄧ ㄐㄧㄥˋ
別闢蹊徑,1,ㄅㄧㄝˊ ㄆㄧˋ ㄒㄧ ㄐㄧㄥˋ
別闢門戶,1,ㄅㄧㄝˊ ㄆㄧˋ ㄇㄣˊ ㄏㄨˋ
別風淮雨,1,ㄅㄧㄝˊ ㄈㄥ ㄏㄨㄞˊ ㄩˇ
別鶴孤鸞,1,ㄅㄧㄝˊ ㄏㄜˋ ㄍㄨ ㄌㄨㄢˊ
別鶴離鸞,1,ㄅㄧㄝˊ ㄏㄜˋ ㄌㄧˊ ㄌㄨㄢˊ
刨根究底,1,ㄆㄠˊ ㄍㄣ ㄐㄧㄡˋ ㄉㄧˇ
利上加利,1,ㄌㄧˋ ㄕㄤˋ ㄐㄧㄚ ㄌㄧˋ
利口捷給,1,ㄌㄧˋ ㄎㄡˇ ㄐㄧㄝˊ ㄐㄧˇ
利喙贍辭,1,ㄌㄧˋ ㄏㄨㄟˋ ㄕㄢˋ ㄘˊ
利國福民,1,ㄌㄧˋ ㄍㄨㄛˊ ㄈㄨˊ ㄇㄧㄣˊ
利多出盡,1,ㄌㄧˋ ㄉㄨㄛ ㄔㄨ ㄐㄧㄣˋ
利字當頭,1,ㄌㄧˋ ㄗˋ ㄉㄤ ㄊㄡˊ
利害得失,1,ㄌㄧˋ ㄏㄞˋ ㄉㄜˊ ㄕ
利己妨人,1,ㄌㄧˋ ㄐㄧˇ ㄈㄤˊ ㄖㄣˊ
利市三倍,1,ㄌㄧˋ ㄕˋ ㄙㄢ ㄅㄟˋ
利弊互見,1,ㄌㄧˋ ㄅㄧˋ ㄏㄨˋ ㄐㄧㄢˋ
利弊參半,1,ㄌㄧˋ ㄅㄧˋ ㄘㄢ ㄅㄢˋ
利析秋毫,1,ㄌㄧˋ ㄒㄧ ㄑㄧㄡ ㄏㄠˊ
利潤所得,1,ㄌㄧˋ ㄖㄨㄣˋ ㄙㄨㄛˇ ㄉㄜˊ
利率政策,1,ㄌㄧˋ ㄌㄩˋ ㄓㄥˋ ㄘㄜˋ
利益團體,1,ㄌㄧˋ ㄧˋ ㄊㄨㄢˊ ㄊㄧˇ
利益均霑,1,ㄌㄧˋ ㄧˋ ㄐㄩㄣ ㄓㄢ
利祿薰心,1,ㄌㄧˋ ㄌㄨˋ ㄒㄩㄣ ㄒㄧㄣ
利空出盡,1,ㄌㄧˋ ㄎㄨㄥ ㄔㄨ ㄐㄧㄣˋ
利鎖名牽,1,ㄌㄧˋ ㄙㄨㄛˇ ㄇㄧㄥˊ ㄑㄧㄢ
刪繁就簡,1,ㄕㄢ ㄈㄢˊ ㄐㄧㄡˋ ㄐㄧㄢˇ
刪蕪就簡,1,ㄕㄢ ㄨˊ ㄐㄧㄡˋ ㄐㄧㄢˇ
刮刮匝匝,1,ㄍㄨㄚ ㄍㄨㄚ ㄗㄚ ㄗㄚ
刮刮而談,1,ㄍㄨㄚ ㄍㄨㄚ ㄦˊ ㄊㄢˊ
刮垢磨光,1,ㄍㄨㄚ ㄍㄡˋ ㄇㄛˊ ㄍㄨㄤ
刮骨去毒,1,ㄍㄨㄚ ㄍㄨˇ ㄑㄩˋ ㄉㄨˊ
刮骨療毒,1,ㄍㄨㄚ ㄍㄨˇ ㄌㄧㄠˊ ㄉㄨˊ
到岸價格,1,ㄉㄠˋ ㄢˋ ㄐㄧㄚˋ ㄍㄜˊ
到此一遊,1,ㄉㄠˋ ㄘˇ ㄧ ㄧㄡˊ
到處奔走,1,ㄉㄠˋ ㄔㄨˋ ㄅㄣ ㄗㄡˇ
到處為家,1,ㄉㄠˋ ㄔㄨˋ ㄨㄟˊ ㄐㄧㄚ
到達簽證,1,ㄉㄠˋ ㄉㄚˊ ㄑㄧㄢ ㄓㄥˋ
制動因子,1,ㄓˋ ㄉㄨㄥˋ ㄧㄣ ㄗˇ
制動火箭,1,ㄓˋ ㄉㄨㄥˋ ㄏㄨㄛˇ ㄐㄧㄢˋ
制壓射擊,1,ㄓˋ ㄧㄚ ㄕㄜˋ ㄐㄧˊ
制服警察,1,ㄓˋ ㄈㄨˊ ㄐㄧㄥˇ ㄔㄚˊ
制約刺激,1,ㄓˋ ㄩㄝ ㄘˋ ㄐㄧ
制約反應,1,ㄓˋ ㄩㄝ ㄈㄢˇ ㄧㄥˋ
制限選舉,1,ㄓˋ ㄒㄧㄢˋ ㄒㄩㄢˇ ㄐㄩˇ
刺刺不休,1,ㄘˋ ㄘˋ ㄅㄨˋ ㄒㄧㄡ
刺囊細胞,1,ㄘˋ ㄋㄤˊ ㄒㄧˋ ㄅㄠ
刺激類化,1,ㄘˋ ㄐㄧ ㄌㄟˋ ㄏㄨㄚˋ
刺股懸梁,1,ㄘˋ ㄍㄨˇ ㄒㄩㄢˊ ㄌㄧㄤˊ
刺骨懸梁,1,ㄘˋ ㄍㄨˇ ㄒㄩㄢˊ ㄌㄧㄤˊ
刻版印書,1,ㄎㄜˋ ㄅㄢˇ ㄧㄣˋ ㄕㄨ
刻畫入微,1,ㄎㄜˋ ㄏㄨㄚˋ ㄖㄨˋ ㄨㄟˊ
刻薄寡恩,1,ㄎㄜˋ ㄅㄛˊ ㄍㄨㄚˇ ㄣ
刻足適屨,1,ㄎㄜˋ ㄗㄨˊ ㄕˋ ㄐㄩˋ
剃刀邊緣,1,ㄊㄧˋ ㄉㄠ ㄅㄧㄢ ㄩㄢˊ
剃頭挑子,1,ㄊㄧˋ ㄊㄡˊ ㄊㄧㄠ ㄗ˙
剃頭擔子,1,ㄊㄧˋ ㄊㄡˊ ㄉㄢˋ ㄗ˙
削方為圓,1,ㄒㄩㄝˋ ㄈㄤ ㄨㄟˊ ㄩㄢˊ
削木為吏,1,ㄒㄩㄝˋ ㄇㄨˋ ㄨㄟˊ ㄌㄧˋ
削觚為圓,1,ㄒㄩㄝˋ ㄍㄨ ㄨㄟˊ ㄩㄢˊ
削足就履,1,ㄒㄩㄝˋ ㄗㄨˊ ㄐㄧㄡˋ ㄌㄩˇ
削趾適屨,1,ㄒㄩㄝˋ ㄓˇ ㄕˋ ㄐㄩˋ
削鐵如泥,1,ㄒㄩㄝˋ ㄊㄧㄝˇ ㄖㄨˊ ㄋㄧˊ
削髮披緇,1,ㄒㄩㄝˋ ㄈㄚˇ ㄆㄧ ㄗ
剌剌塌塌,1,ㄌㄚˊ ㄌㄚˊ ㄊㄚ ㄊㄚ
剌剌撒撒,1,ㄌㄚˋ ㄌㄚˋ ㄙㄚ ㄙㄚ
剌心剌肝,1,ㄌㄚˊ ㄒㄧㄣ ㄌㄚˊ ㄍㄢ
前世姻緣,1,ㄑㄧㄢˊ ㄕˋ ㄧㄣ ㄩㄢˊ
前仆後起,1,ㄑㄧㄢˊ ㄆㄨ ㄏㄡˋ ㄑㄧˇ
前倨後卑,1,ㄑㄧㄢˊ ㄐㄩˋ ㄏㄡˋ ㄅㄟ
前出後空,1,ㄑㄧㄢˊ ㄔㄨ ㄏㄡˋ ㄎㄨㄥ
前功皆棄,1,ㄑㄧㄢˊ ㄍㄨㄥ ㄐㄧㄝ ㄑㄧˋ
前功盡廢,1,ㄑㄧㄢˊ ㄍㄨㄥ ㄐㄧㄣˋ ㄈㄟˋ
前功盡滅,1,ㄑㄧㄢˊ ㄍㄨㄥ ㄐㄧㄣˋ ㄇㄧㄝˋ
前合後仰,1,ㄑㄧㄢˊ ㄏㄜˊ ㄏㄡˋ ㄧㄤˇ
前合後偃,1,ㄑㄧㄢˊ ㄏㄜˊ ㄏㄡˋ ㄧㄢˇ
前呼後應,1,ㄑㄧㄢˊ ㄏㄨ ㄏㄡˋ ㄧㄥˋ
前婚後嫁,1,ㄑㄧㄢˊ ㄏㄨㄣ ㄏㄡˋ ㄐㄧㄚˋ
前家後繼,1,ㄑㄧㄢˊ ㄐㄧㄚ ㄏㄡˋ ㄐㄧˋ
前度劉郎,1,ㄑㄧㄢˊ ㄉㄨˋ ㄌㄧㄡˊ ㄌㄤˊ
前所未聞,1,ㄑㄧㄢˊ ㄙㄨㄛˇ ㄨㄟˋ ㄨㄣˊ
前推後擁,1,ㄑㄧㄢˊ ㄊㄨㄟ ㄏㄡˋ ㄩㄥˇ
前歌後舞,1,ㄑㄧㄢˊ ㄍㄜ ㄏㄡˋ ㄨˇ
前程遠大,1,ㄑㄧㄢˊ ㄔㄥˊ ㄩㄢˇ ㄉㄚˋ
前置作業,1,ㄑㄧㄢˊ ㄓˋ ㄗㄨㄛˋ ㄧㄝˋ
前街後巷,1,ㄑㄧㄢˊ ㄐㄧㄝ ㄏㄡˋ ㄒㄧㄤˋ
前親晚後,1,ㄑㄧㄢˊ ㄑㄧㄣ ㄨㄢˇ ㄏㄡˋ
前赴後繼,1,ㄑㄧㄢˊ ㄈㄨˋ ㄏㄡˋ ㄐㄧˋ
前車之鑑,1,ㄑㄧㄢˊ ㄐㄩ ㄓ ㄐㄧㄢˋ
前車之鑒,1,ㄑㄧㄢˊ ㄐㄩ ㄓ ㄐㄧㄢˋ
前車可鑒,1,ㄑㄧㄢˊ ㄐㄩ ㄎㄜˇ ㄐㄧㄢˋ
前途似錦,1,ㄑㄧㄢˊ ㄊㄨˊ ㄙˋ ㄐㄧㄣˇ
前途未卜,1,ㄑㄧㄢˊ ㄊㄨˊ ㄨㄟˋ ㄅㄨˇ
前進防衛,1,ㄑㄧㄢˊ ㄐㄧㄣˋ ㄈㄤˊ ㄨㄟˋ
前遮後擁,1,ㄑㄧㄢˊ ㄓㄜ ㄏㄡˋ ㄩㄥˇ
前長後短,1,ㄑㄧㄢˊ ㄔㄤˊ ㄏㄡˋ ㄉㄨㄢˇ
剔抽禿刷,1,ㄊㄧ ㄔㄡ ㄊㄨ ㄕㄨㄚ
剔抽禿揣,1,ㄊㄧ ㄔㄡ ㄊㄨ ㄔㄨㄞˇ
剔留禿魯,1,ㄊㄧ ㄌㄧㄡˊ ㄊㄨ ㄌㄨˇ
剔蠍撩蜂,1,ㄊㄧ ㄒㄧㄝ ㄌㄧㄠˊ ㄈㄥ
剔透玲瓏,1,ㄊㄧ ㄊㄡˋ ㄌㄧㄥˊ ㄌㄨㄥˊ
剖心坼肝,1,ㄆㄡˇ ㄒㄧㄣ ㄔㄜˋ ㄍㄢ
剖心析肝,1,ㄆㄡˇ ㄒㄧㄣ ㄒㄧ ㄍㄢ
剖決如流,1,ㄆㄡˇ ㄐㄩㄝˊ ㄖㄨˊ ㄌㄧㄡˊ
剖肝泣血,1,ㄆㄡˇ ㄍㄢ ㄑㄧˋ ㄒㄩㄝˋ
剖肝瀝膽,1,ㄆㄡˇ ㄍㄢ ㄌㄧˋ ㄉㄢˇ
剖腹手術,1,ㄆㄡˇ ㄈㄨˋ ㄕㄡˇ ㄕㄨˋ
剖腹生產,1,ㄆㄡˇ ㄈㄨˋ ㄕㄥ ㄔㄢˇ
剖腹藏珠,1,ㄆㄡˇ ㄈㄨˋ ㄘㄤˊ ㄓㄨ
剖蚌求珠,1,ㄆㄡˇ ㄅㄤˋ ㄑㄧㄡˊ ㄓㄨ
剗惡除奸,1,ㄔㄢˇ ㄜˋ ㄔㄨˊ ㄐㄧㄢ
剗草除根,1,ㄔㄢˇ ㄘㄠˇ ㄔㄨˊ ㄍㄣ
剛性憲法,1,ㄍㄤ ㄒㄧㄥˋ ㄒㄧㄢˋ ㄈㄚˇ
剛性路面,1,ㄍㄤ ㄒㄧㄥˋ ㄌㄨˋ ㄇㄧㄢˋ
剛愎不仁,1,ㄍㄤ ㄅㄧˋ ㄅㄨˋ ㄖㄣˊ
剛愎性成,1,ㄍㄤ ㄅㄧˋ ㄒㄧㄥˋ ㄔㄥˊ
剛戾自用,1,ㄍㄤ ㄌㄧˋ ㄗˋ ㄩㄥˋ
剛柔相濟,1,ㄍㄤ ㄖㄡˊ ㄒㄧㄤ ㄐㄧˋ
剛毅果決,1,ㄍㄤ ㄧˋ ㄍㄨㄛˇ ㄐㄩㄝˊ
剛而自矜,1,ㄍㄤ ㄦˊ ㄗˋ ㄐㄧㄣ
剛行剛驀,1,ㄍㄤ ㄒㄧㄥˊ ㄍㄤ ㄇㄛˋ
剛褊自用,1,ㄍㄤ ㄅㄧㄢˇ ㄗˋ ㄩㄥˋ
剝一層皮,1,ㄅㄛ ㄧ ㄘㄥˊ ㄆㄧˊ
剝削小民,1,ㄅㄛ ㄒㄩㄝˋ ㄒㄧㄠˇ ㄇㄧㄣˊ
剝剝啄啄,1,ㄅㄛ ㄅㄛ˙ ㄓㄨㄛˊ ㄓㄨㄛˊ
剝極必復,1,ㄅㄛ ㄐㄧˊ ㄅㄧˋ ㄈㄨˋ
剝皮剉骨,1,ㄅㄛ ㄆㄧˊ ㄘㄨㄛˋ ㄍㄨˇ
剝皮剔骨,1,ㄅㄛ ㄆㄧˊ ㄊㄧ ㄍㄨˇ
剝皮抽筋,1,ㄅㄛ ㄆㄧˊ ㄔㄡ ㄐㄧㄣ
剝膚椎髓,1,ㄅㄛ ㄈㄨ ㄓㄨㄟ ㄙㄨㄟˇ
剝膚錐髓,1,ㄅㄛ ㄈㄨ ㄓㄨㄟ ㄙㄨㄟˇ
剝落斑殘,1,ㄅㄛ ㄌㄨㄛˋ ㄅㄢ ㄘㄢˊ
剝蝕作用,1,ㄅㄛ ㄕˊ ㄗㄨㄛˋ ㄩㄥˋ
剝離作用,1,ㄅㄛ ㄌㄧˊ ㄗㄨㄛˋ ㄩㄥˋ
剩水殘山,1,ㄕㄥˋ ㄕㄨㄟˇ ㄘㄢˊ ㄕㄢ
剩魄殘魂,1,ㄕㄥˋ ㄆㄛˋ ㄘㄢˊ ㄏㄨㄣˊ
剪惡除奸,1,ㄐㄧㄢˇ ㄜˋ ㄔㄨˊ ㄐㄧㄢ
剪燈新話,1,ㄐㄧㄢˇ ㄉㄥ ㄒㄧㄣ ㄏㄨㄚˋ
剪燭西窗,1,ㄐㄧㄢˇ ㄓㄨˊ ㄒㄧ ㄔㄨㄤ
剪莽擁篲,1,ㄐㄧㄢˇ ㄇㄤˇ ㄩㄥˇ ㄏㄨㄟˋ
剪髮披緇,1,ㄐㄧㄢˇ ㄈㄚˇ ㄆㄧ ㄗ
副鼻腔炎,1,ㄈㄨˋ ㄅㄧˊ ㄑㄧㄤ ㄧㄢˊ
割席分坐,1,ㄍㄜ ㄒㄧˊ ㄈㄣ ㄗㄨㄛˋ
割恩斷義,1,ㄍㄜ ㄣ ㄉㄨㄢˋ ㄧˋ
割肉醫瘡,1,ㄍㄜ ㄖㄡˋ ㄧ ㄔㄨㄤ
割肚牽腸,1,ㄍㄜ ㄉㄨˋ ㄑㄧㄢ ㄔㄤˊ
割臂以盟,1,ㄍㄜ ㄅㄧˋ ㄧˇ ㄇㄥˊ
割臂盟公,1,ㄍㄜ ㄅㄧˋ ㄇㄥˊ ㄍㄨㄥ
割靴腰子,1,ㄍㄜ ㄒㄩㄝ ㄧㄠ ㄗ˙
創意指導,1,ㄔㄨㄤˋ ㄧˋ ㄓˇ ㄉㄠˇ
創意造言,1,ㄔㄨㄤˋ ㄧˋ ㄗㄠˋ ㄧㄢˊ
創業垂統,1,ㄔㄨㄤˋ ㄧㄝˋ ㄔㄨㄟˊ ㄊㄨㄥˇ
創業守成,1,ㄔㄨㄤˋ ㄧㄝˋ ㄕㄡˇ ㄔㄥˊ
創業維艱,1,ㄔㄨㄤˋ ㄧㄝˋ ㄨㄟˊ ㄐㄧㄢ
創業興家,1,ㄔㄨㄤˋ ㄧㄝˋ ㄒㄧㄥ ㄐㄧㄚ
創鉅痛深,1,ㄔㄨㄤ ㄐㄩˋ ㄊㄨㄥˋ ㄕㄣ
劃一不二,1,ㄏㄨㄚˋ ㄧ ㄅㄨˋ ㄦˋ
劃下道來,1,ㄏㄨㄚˋ ㄒㄧㄚˋ ㄉㄠˋ ㄌㄞˊ
劃地為王,1,ㄏㄨㄚˋ ㄉㄧˋ ㄨㄟˊ ㄨㄤˊ
劃線支票,1,ㄏㄨㄚˋ ㄒㄧㄢˋ ㄓ ㄆㄧㄠˋ
劇情影片,1,ㄐㄩˋ ㄑㄧㄥˊ ㄧㄥˇ ㄆㄧㄢˋ
劇秦美新,1,ㄐㄩˋ ㄑㄧㄣˊ ㄇㄟˇ ㄒㄧㄣ
劈地價來,1,ㄆㄧ ㄉㄧˋ ㄍㄚ˙ ㄌㄞˊ
劈屍萬段,1,ㄆㄧ ㄕ ㄨㄢˋ ㄉㄨㄢˋ
劈排定對,1,ㄆㄧ ㄆㄞˊ ㄉㄧㄥˋ ㄉㄨㄟˋ
劈牌定對,1,ㄆㄧ ㄆㄞˊ ㄉㄧㄥˋ ㄉㄨㄟˋ
劈牌放對,1,ㄆㄧ ㄆㄞˊ ㄈㄤˋ ㄉㄨㄟˋ
劈留撲碌,1,ㄆㄧ ㄌㄧㄡˊ ㄆㄨ ㄌㄨˋ
劈里啪啦,1,ㄆㄧ ㄌㄧˇ ㄆㄚ ㄌㄚ
劈頭劈臉,1,ㄆㄧ ㄊㄡˊ ㄆㄧ ㄌㄧㄢˇ
劈頭蓋臉,1,ㄆㄧ ㄊㄡˊ ㄍㄞˋ ㄌㄧㄢˇ
劉伶病酒,1,ㄌㄧㄡˊ ㄌㄧㄥˊ ㄅㄧㄥˋ ㄐㄧㄡˇ
劉備失箸,1,ㄌㄧㄡˊ ㄅㄟˋ ㄕ ㄓㄨˋ
劉全進瓜,1,ㄌㄧㄡˊ ㄑㄩㄢˊ ㄐㄧㄣˋ ㄍㄨㄚ
劉唐下書,1,ㄌㄧㄡˊ ㄊㄤˊ ㄒㄧㄚˋ ㄕㄨ
劉猛將軍,1,ㄌㄧㄡˊ ㄇㄥˇ ㄐㄧㄤ ㄐㄩㄣ
劉蕡下第,1,ㄌㄧㄡˊ ㄈㄣˊ ㄒㄧㄚˋ ㄉㄧˋ
劌目鉥心,1,ㄍㄨㄟˋ ㄇㄨˋ ㄕㄨˋ ㄒㄧㄣ
劍南詩稿,1,ㄐㄧㄢˋ ㄋㄢˊ ㄕ ㄍㄠˇ
劍及履及,1,ㄐㄧㄢˋ ㄐㄧˊ ㄌㄩˇ ㄐㄧˊ
劍合珠還,1,ㄐㄧㄢˋ ㄏㄜˊ ㄓㄨ ㄏㄨㄢˊ
劍戟森森,1,ㄐㄧㄢˋ ㄐㄧˇ ㄙㄣ ㄙㄣ
劍樹刀山,1,ㄐㄧㄢˋ ㄕㄨˋ ㄉㄠ ㄕㄢ
劍眉星眼,1,ㄐㄧㄢˋ ㄇㄟˊ ㄒㄧㄥ ㄧㄢˇ
劍膽琴心,1,ㄐㄧㄢˋ ㄉㄢˇ ㄑㄧㄣˊ ㄒㄧㄣ
劍舌槍脣,1,ㄐㄧㄢˋ ㄕㄜˊ ㄑㄧㄤ ㄔㄨㄣˊ
劍頭一吷,1,ㄐㄧㄢˋ ㄊㄡˊ ㄧ ㄒㄩㄝˋ
劖言訕語,1,ㄔㄢˊ ㄧㄢˊ ㄕㄢˋ ㄩˇ
力不副心,1,ㄌㄧˋ ㄅㄨˋ ㄈㄨˋ ㄒㄧㄣ
力不同科,1,ㄌㄧˋ ㄅㄨˋ ㄊㄨㄥˊ ㄎㄜ
力不從願,1,ㄌㄧˋ ㄅㄨˋ ㄘㄨㄥˊ ㄩㄢˋ
力不自勝,1,ㄌㄧˋ ㄅㄨˋ ㄗˋ ㄕㄥ
力乏兵衰,1,ㄌㄧˋ ㄈㄚˊ ㄅㄧㄥ ㄕㄨㄞ
力倍功半,1,ㄌㄧˋ ㄅㄟˋ ㄍㄨㄥ ㄅㄢˋ
力分勢弱,1,ㄌㄧˋ ㄈㄣ ㄕˋ ㄖㄨㄛˋ
力力碌碌,1,ㄌㄧˋ ㄌㄧˋ ㄌㄨˋ ㄌㄨˋ
力困筋乏,1,ㄌㄧˋ ㄎㄨㄣˋ ㄐㄧㄣ ㄈㄚˊ
力圖上進,1,ㄌㄧˋ ㄊㄨˊ ㄕㄤˋ ㄐㄧㄣˋ
力均勢敵,1,ㄌㄧˋ ㄐㄩㄣ ㄕˋ ㄉㄧˊ
力學不倦,1,ㄌㄧˋ ㄒㄩㄝˊ ㄅㄨˋ ㄐㄩㄢˋ
力學篤行,1,ㄌㄧˋ ㄒㄩㄝˊ ㄉㄨˇ ㄒㄧㄥˊ
力屈勢窮,1,ㄌㄧˋ ㄑㄩ ㄕˋ ㄑㄩㄥˊ
力屈計窮,1,ㄌㄧˋ ㄑㄩ ㄐㄧˋ ㄑㄩㄥˊ
力屈道窮,1,ㄌㄧˋ ㄑㄩ ㄉㄠˋ ㄑㄩㄥˊ
力微任重,1,ㄌㄧˋ ㄨㄟˊ ㄖㄣˋ ㄓㄨㄥˋ
力敵勢均,1,ㄌㄧˋ ㄉㄧˊ ㄕˋ ㄐㄩㄣ
力敵萬人,1,ㄌㄧˋ ㄉㄧˊ ㄨㄢˋ ㄖㄣˊ
力敵萬夫,1,ㄌㄧˋ ㄉㄧˊ ㄨㄢˋ ㄈㄨ
力殫財竭,1,ㄌㄧˋ ㄉㄢ ㄘㄞˊ ㄐㄧㄝˊ
力求進步,1,ㄌㄧˋ ㄑㄧㄡˊ ㄐㄧㄣˋ ㄅㄨˋ
力濟九區,1,ㄌㄧˋ ㄐㄧˋ ㄐㄧㄡˇ ㄑㄩ
力爭上流,1,ㄌㄧˋ ㄓㄥ ㄕㄤˋ ㄌㄧㄡˊ
力盡筋舒,1,ㄌㄧˋ ㄐㄧㄣˋ ㄐㄧㄣ ㄕㄨ
力竭聲嘶,1,ㄌㄧˋ ㄐㄧㄝˊ ㄕㄥ ㄙ
力竭難支,1,ㄌㄧˋ ㄐㄧㄝˊ ㄋㄢˊ ㄓ
力行哲學,1,ㄌㄧˋ ㄒㄧㄥˊ ㄓㄜˊ ㄒㄩㄝˊ
力蹙勢窮,1,ㄌㄧˋ ㄘㄨˋ ㄕˋ ㄑㄩㄥˊ
力軟筋麻,1,ㄌㄧˋ ㄖㄨㄢˇ ㄐㄧㄣ ㄇㄚˊ
力辭不受,1,ㄌㄧˋ ㄘˊ ㄅㄨˋ ㄕㄡˋ
功人功狗,1,ㄍㄨㄥ ㄖㄣˊ ㄍㄨㄥ ㄍㄡˇ
功僅補過,1,ㄍㄨㄥ ㄐㄧㄣˇ ㄅㄨˇ ㄍㄨㄛˋ
功力悉敵,1,ㄍㄨㄥ ㄌㄧˋ ㄒㄧ ㄉㄧˊ
功同良相,1,ㄍㄨㄥ ㄊㄨㄥˊ ㄌㄧㄤˊ ㄒㄧㄤˋ
功同賞異,1,ㄍㄨㄥ ㄊㄨㄥˊ ㄕㄤˇ ㄧˋ
功名利祿,1,ㄍㄨㄥ ㄇㄧㄥˊ ㄌㄧˋ ㄌㄨˋ
功名富貴,1,ㄍㄨㄥ ㄇㄧㄥˊ ㄈㄨˋ ㄍㄨㄟˋ
功在漏刻,1,ㄍㄨㄥ ㄗㄞˋ ㄌㄡˋ ㄎㄜˋ
功在社稷,1,ㄍㄨㄥ ㄗㄞˋ ㄕㄜˋ ㄐㄧˋ
功均一匡,1,ㄍㄨㄥ ㄐㄩㄣ ㄧ ㄎㄨㄤ
功均天地,1,ㄍㄨㄥ ㄐㄩㄣ ㄊㄧㄢ ㄉㄧˋ
功均柱地,1,ㄍㄨㄥ ㄐㄩㄣ ㄓㄨˋ ㄉㄧˋ
功垂竹帛,1,ㄍㄨㄥ ㄔㄨㄟˊ ㄓㄨˊ ㄅㄛˊ
功墮垂成,1,ㄍㄨㄥ ㄏㄨㄟ ㄔㄨㄟˊ ㄔㄥˊ
功就名成,1,ㄍㄨㄥ ㄐㄧㄡˋ ㄇㄧㄥˊ ㄔㄥˊ
功微德薄,1,ㄍㄨㄥ ㄨㄟˊ ㄉㄜˊ ㄅㄛˊ
功德圓滿,1,ㄍㄨㄥ ㄉㄜˊ ㄩㄢˊ ㄇㄢˇ
功成利達,1,ㄍㄨㄥ ㄔㄥˊ ㄌㄧˋ ㄉㄚˊ
功成名立,1,ㄍㄨㄥ ㄔㄥˊ ㄇㄧㄥˊ ㄌㄧˋ
功成行滿,1,ㄍㄨㄥ ㄔㄥˊ ㄒㄧㄥˊ ㄇㄢˇ
功效如神,1,ㄍㄨㄥ ㄒㄧㄠˋ ㄖㄨˊ ㄕㄣˊ
功業彪炳,1,ㄍㄨㄥ ㄧㄝˋ ㄅㄧㄠ ㄅㄧㄥˇ
功流萬世,1,ㄍㄨㄥ ㄌㄧㄡˊ ㄨㄢˋ ㄕˋ
功濟宇內,1,ㄍㄨㄥ ㄐㄧˋ ㄩˇ ㄋㄟˋ
功狗功人,1,ㄍㄨㄥ ㄍㄡˇ ㄍㄨㄥ ㄖㄣˊ
功能團體,1,ㄍㄨㄥ ㄋㄥˊ ㄊㄨㄢˊ ㄊㄧˇ
功遂身退,1,ㄍㄨㄥ ㄙㄨㄟˋ ㄕㄣ ㄊㄨㄟˋ
功過參半,1,ㄍㄨㄥ ㄍㄨㄛˋ ㄘㄢ ㄅㄢˋ
功過相酬,1,ㄍㄨㄥ ㄍㄨㄛˋ ㄒㄧㄤ ㄔㄡˊ
功銘鼎彞,1,ㄍㄨㄥ ㄇㄧㄥˊ ㄉㄧㄥˇ ㄧˊ
功高不賞,1,ㄍㄨㄥ ㄍㄠ ㄅㄨˋ ㄕㄤˇ
功高德重,1,ㄍㄨㄥ ㄍㄠ ㄉㄜˊ ㄓㄨㄥˋ
功高望重,1,ㄍㄨㄥ ㄍㄠ ㄨㄤˋ ㄓㄨㄥˋ
加二殷勤,1,ㄐㄧㄚ ㄦˋ ㄧㄣ ㄑㄧㄣˊ
加值網路,1,ㄐㄧㄚ ㄓˊ ㄨㄤˇ ㄌㄨˋ
加冠進祿,1,ㄐㄧㄚ ㄍㄨㄢ ㄐㄧㄣˋ ㄌㄨˋ
加利波里,1,ㄐㄧㄚ ㄌㄧˋ ㄅㄛ ㄌㄧˇ
加官進爵,1,ㄐㄧㄚ ㄍㄨㄢ ㄐㄧㄣˋ ㄐㄩㄝˊ
加州大學,1,ㄐㄧㄚ ㄓㄡ ㄉㄚˋ ㄒㄩㄝˊ
加拉干達,1,ㄐㄧㄚ ㄌㄚ ㄍㄢ ㄉㄚˊ
加權計分,1,ㄐㄧㄚ ㄑㄩㄢˊ ㄐㄧˋ ㄈㄣ
加油加醋,1,ㄐㄧㄚ ㄧㄡˊ ㄐㄧㄚ ㄘㄨˋ
加油添醬,1,ㄐㄧㄚ ㄧㄡˊ ㄊㄧㄢ ㄐㄧㄤˋ
加爾達湖,1,ㄐㄧㄚ ㄦˇ ㄉㄚˊ ㄏㄨˊ
加碘食鹽,1,ㄐㄧㄚ ㄉㄧㄢˇ ㄕˊ ㄧㄢˊ
加膝墜淵,1,ㄐㄧㄚ ㄒㄧ ㄓㄨㄟˋ ㄩㄢ
加護病房,1,ㄐㄧㄚ ㄏㄨˋ ㄅㄧㄥˋ ㄈㄤˊ
加速車道,1,ㄐㄧㄚ ㄙㄨˋ ㄔㄜ ㄉㄠˋ
加里波的,1,ㄐㄧㄚ ㄌㄧˇ ㄅㄛ ㄉㄧˋ
劣化警報,1,ㄌㄧㄝˋ ㄏㄨㄚˋ ㄐㄧㄥˇ ㄅㄠˋ
劣缺搊搜,1,ㄌㄧㄝˋ ㄑㄩㄝ ㄔㄡ ㄙㄡ
劣跡昭著,1,ㄌㄧㄝˋ ㄐㄧ ㄓㄠ ㄓㄨˋ
助我張目,1,ㄓㄨˋ ㄨㄛˇ ㄓㄤ ㄇㄨˋ
努牙突嘴,1,ㄋㄨˇ ㄧㄚˊ ㄊㄨˊ ㄗㄨㄟˇ
努目撐眉,1,ㄋㄨˇ ㄇㄨˋ ㄔㄥ ㄇㄟˊ
努目訕筋,1,ㄋㄨˇ ㄇㄨˋ ㄕㄢˋ ㄐㄧㄣ
努睛突眼,1,ㄋㄨˇ ㄐㄧㄥ ㄊㄨˊ ㄧㄢˇ
努筋拔力,1,ㄋㄨˇ ㄐㄧㄣ ㄅㄚˊ ㄌㄧˋ
努脣脹嘴,1,ㄋㄨˇ ㄔㄨㄣˊ ㄓㄤˋ ㄗㄨㄟˇ
劫後餘燼,1,ㄐㄧㄝˊ ㄏㄡˋ ㄩˊ ㄐㄧㄣˋ
劬勞顧復,1,ㄑㄩˊ ㄌㄠˊ ㄍㄨˋ ㄈㄨˋ
勁道十足,1,ㄐㄧㄣˋ ㄉㄠˋ ㄕˊ ㄗㄨˊ
勁骨豐肌,1,ㄐㄧㄥˋ ㄍㄨˇ ㄈㄥ ㄐㄧ
勃然作色,1,ㄅㄛˊ ㄖㄢˊ ㄗㄨㄛˋ ㄙㄜˋ
勃然色變,1,ㄅㄛˊ ㄖㄢˊ ㄙㄜˋ ㄅㄧㄢˋ
勃然變色,1,ㄅㄛˊ ㄖㄢˊ ㄅㄧㄢˋ ㄙㄜˋ
勃魯格爾,1,ㄅㄛˊ ㄌㄨˇ ㄍㄜˊ ㄦˇ
勇動多怨,1,ㄩㄥˇ ㄉㄨㄥˋ ㄉㄨㄛ ㄩㄢˋ
勇夫悍卒,1,ㄩㄥˇ ㄈㄨ ㄏㄢˋ ㄗㄨˊ
勇氣百倍,1,ㄩㄥˇ ㄑㄧˋ ㄅㄞˇ ㄅㄟˋ
勇猛果敢,1,ㄩㄥˇ ㄇㄥˇ ㄍㄨㄛˇ ㄍㄢˇ
勇猛求進,1,ㄩㄥˇ ㄇㄥˇ ㄑㄧㄡˊ ㄐㄧㄣˋ
勇猛直前,1,ㄩㄥˇ ㄇㄥˇ ㄓˊ ㄑㄧㄢˊ
勇猛精進,1,ㄩㄥˇ ㄇㄥˇ ㄐㄧㄥ ㄐㄧㄣˋ
勇男蠢婦,1,ㄩㄥˇ ㄋㄢˊ ㄔㄨㄣˇ ㄈㄨˋ
勇者不懼,1,ㄩㄥˇ ㄓㄜˇ ㄅㄨˋ ㄐㄩˋ
勇而無謀,1,ㄩㄥˇ ㄦˊ ㄨˊ ㄇㄡˊ
勇退激流,1,ㄩㄥˇ ㄊㄨㄟˋ ㄐㄧ ㄌㄧㄡˊ
勒里勒得,1,ㄌㄟ ㄌㄧ˙ ㄌㄟ ㄉㄜˊ
勒馬懸崖,1,ㄌㄜˋ ㄇㄚˇ ㄒㄩㄢˊ ㄧㄞˊ
動中窾要,1,ㄉㄨㄥˋ ㄓㄨㄥˋ ㄎㄨㄢˇ ㄧㄠˋ
動人肺腑,1,ㄉㄨㄥˋ ㄖㄣˊ ㄈㄟˋ ㄈㄨˇ
動人遐思,1,ㄉㄨㄥˋ ㄖㄣˊ ㄒㄧㄚˊ ㄙ
動作演員,1,ㄉㄨㄥˋ ㄗㄨㄛˋ ㄧㄢˇ ㄩㄢˊ
動作畫派,1,ㄉㄨㄥˋ ㄗㄨㄛˋ ㄏㄨㄚˋ ㄆㄞˋ
動員召集,1,ㄉㄨㄥˋ ㄩㄢˊ ㄓㄠˋ ㄐㄧˊ
動員演習,1,ㄉㄨㄥˋ ㄩㄢˊ ㄧㄢˇ ㄒㄧˊ
動員計畫,1,ㄉㄨㄥˋ ㄩㄢˊ ㄐㄧˋ ㄏㄨㄚˋ
動地驚天,1,ㄉㄨㄥˋ ㄉㄧˋ ㄐㄧㄥ ㄊㄧㄢ
動如參商,1,ㄉㄨㄥˋ ㄖㄨˊ ㄕㄣ ㄕㄤ
動彈不得,1,ㄉㄨㄥˋ ㄊㄢ˙ ㄅㄨˋ ㄉㄜˊ
動心娛目,1,ㄉㄨㄥˋ ㄒㄧㄣ ㄩˊ ㄇㄨˋ
動心忍性,1,ㄉㄨㄥˋ ㄒㄧㄣ ㄖㄣˇ ㄒㄧㄥˋ
動心怵目,1,ㄉㄨㄥˋ ㄒㄧㄣ ㄔㄨˋ ㄇㄨˋ
動心駭目,1,ㄉㄨㄥˋ ㄒㄧㄣ ㄏㄞˋ ㄇㄨˋ
動心駭聽,1,ㄉㄨㄥˋ ㄒㄧㄣ ㄏㄞˋ ㄊㄧㄥ
動物保定,1,ㄉㄨㄥˋ ㄨˋ ㄅㄠˇ ㄉㄧㄥˋ
動物崇拜,1,ㄉㄨㄥˋ ㄨˋ ㄔㄨㄥˊ ㄅㄞˋ
動物檢疫,1,ㄉㄨㄥˋ ㄨˋ ㄐㄧㄢˇ ㄧˋ
動物細胞,1,ㄉㄨㄥˋ ㄨˋ ㄒㄧˋ ㄅㄠ
動物纖維,1,ㄉㄨㄥˋ ㄨˋ ㄒㄧㄢ ㄨㄟˊ
動物育種,1,ㄉㄨㄥˋ ㄨˋ ㄩˋ ㄓㄨㄥˇ
動物遷移,1,ㄉㄨㄥˋ ㄨˋ ㄑㄧㄢ ㄧˊ
動用家事,1,ㄉㄨㄥˋ ㄩㄥˋ ㄐㄧㄚ ㄕˋ
動畫影像,1,ㄉㄨㄥˋ ㄏㄨㄚˋ ㄧㄥˇ ㄒㄧㄤˋ
動畫藝術,1,ㄉㄨㄥˋ ㄏㄨㄚˋ ㄧˋ ㄕㄨˋ
動眾勞師,1,ㄉㄨㄥˋ ㄓㄨㄥˋ ㄌㄠˊ ㄕ
動脈輸血,1,ㄉㄨㄥˋ ㄇㄞˋ ㄕㄨ ㄒㄧㄝˇ
動魄驚心,1,ㄉㄨㄥˋ ㄆㄛˋ ㄐㄧㄥ ㄒㄧㄣ
務實去華,1,ㄨˋ ㄕˊ ㄑㄩˋ ㄏㄨㄚˊ
務實生理,1,ㄨˋ ㄕˊ ㄕㄥ ㄌㄧˇ
務本抑末,1,ㄨˋ ㄅㄣˇ ㄧˋ ㄇㄛˋ
勝利投手,1,ㄕㄥˋ ㄌㄧˋ ㄊㄡˊ ㄕㄡˇ
勝殘去殺,1,ㄕㄥˋ ㄘㄢˊ ㄑㄩˋ ㄕㄚ
勞什骨子,1,ㄌㄠˊ ㄕˊ ㄍㄨˇ ㄗ˙
勞力密集,1,ㄌㄠˊ ㄌㄧˋ ㄇㄧˋ ㄐㄧˊ
勞動契約,1,ㄌㄠˊ ㄉㄨㄥˋ ㄑㄧˋ ㄩㄝ
勞動教養,1,ㄌㄠˊ ㄉㄨㄥˋ ㄐㄧㄠˋ ㄧㄤˇ
勞動服務,1,ㄌㄠˊ ㄉㄨㄥˋ ㄈㄨˊ ㄨˋ
勞務出口,1,ㄌㄠˊ ㄨˋ ㄔㄨ ㄎㄡˇ
勞勞叨叨,1,ㄌㄠˊ ㄌㄠ˙ ㄉㄠ ㄉㄠ
勞工問題,1,ㄌㄠˊ ㄍㄨㄥ ㄨㄣˋ ㄊㄧˊ
勞工團體,1,ㄌㄠˊ ㄍㄨㄥ ㄊㄨㄢˊ ㄊㄧˇ
勞工政策,1,ㄌㄠˊ ㄍㄨㄥ ㄓㄥˋ ㄘㄜˋ
勞工教育,1,ㄌㄠˊ ㄍㄨㄥ ㄐㄧㄠˋ ㄩˋ
勞工法庭,1,ㄌㄠˊ ㄍㄨㄥ ㄈㄚˇ ㄊㄧㄥˊ
勞工福利,1,ㄌㄠˊ ㄍㄨㄥ ㄈㄨˊ ㄌㄧˋ
勞工立法,1,ㄌㄠˊ ㄍㄨㄥ ㄌㄧˋ ㄈㄚˇ
勞工管理,1,ㄌㄠˊ ㄍㄨㄥ ㄍㄨㄢˇ ㄌㄧˇ
勞師襲遠,1,ㄌㄠˊ ㄕ ㄒㄧˊ ㄩㄢˇ
勞心焦思,1,ㄌㄠˊ ㄒㄧㄣ ㄐㄧㄠ ㄙ
勞斯萊斯,1,ㄌㄠˊ ㄙ ㄌㄞˊ ㄙ
勞神費力,1,ㄌㄠˊ ㄕㄣˊ ㄈㄟˋ ㄌㄧˋ
勞資合作,1,ㄌㄠˊ ㄗ ㄏㄜˊ ㄗㄨㄛˋ
勞資爭議,1,ㄌㄠˊ ㄗ ㄓㄥ ㄧˋ
勞身焦思,1,ㄌㄠˊ ㄕㄣ ㄐㄧㄠ ㄙ
募資工具,1,ㄇㄨˋ ㄗ ㄍㄨㄥ ㄐㄩˋ
勢不並立,1,ㄕˋ ㄅㄨˋ ㄅㄧㄥˋ ㄌㄧˋ
勢不兩存,1,ㄕˋ ㄅㄨˋ ㄌㄧㄤˇ ㄘㄨㄣˊ
勢不可當,1,ㄕˋ ㄅㄨˋ ㄎㄜˇ ㄉㄤˇ
勢不得已,1,ㄕˋ ㄅㄨˋ ㄉㄜˊ ㄧˇ
勢傾朝野,1,ㄕˋ ㄑㄧㄥ ㄔㄠˊ ㄧㄝˇ
勢利之交,1,ㄕˋ ㄌㄧˋ ㄓ ㄐㄧㄠ
勢力並行,1,ㄕˋ ㄌㄧˋ ㄅㄧㄥˋ ㄒㄧㄥˊ
勢合形離,1,ㄕˋ ㄏㄜˊ ㄒㄧㄥˊ ㄌㄧˊ
勢同水火,1,ㄕˋ ㄊㄨㄥˊ ㄕㄨㄟˇ ㄏㄨㄛˇ
勢單力薄,1,ㄕˋ ㄉㄢ ㄌㄧˋ ㄅㄛˊ
勢如劈竹,1,ㄕˋ ㄖㄨˊ ㄆㄧ ㄓㄨˊ
勢如奔馬,1,ㄕˋ ㄖㄨˊ ㄅㄣ ㄇㄚˇ
勢如山倒,1,ㄕˋ ㄖㄨˊ ㄕㄢ ㄉㄠˇ
勢如摧山,1,ㄕˋ ㄖㄨˊ ㄘㄨㄟ ㄕㄢ
勢如騎虎,1,ㄕˋ ㄖㄨˊ ㄑㄧˊ ㄏㄨˇ
勢成水火,1,ㄕˋ ㄔㄥˊ ㄕㄨㄟˇ ㄏㄨㄛˇ
勢成騎虎,1,ㄕˋ ㄔㄥˊ ㄑㄧˊ ㄏㄨˇ
勢窮力孤,1,ㄕˋ ㄑㄩㄥˊ ㄌㄧˋ ㄍㄨ
勢窮力極,1,ㄕˋ ㄑㄩㄥˊ ㄌㄧˋ ㄐㄧˊ
勢窮力竭,1,ㄕˋ ㄑㄩㄥˊ ㄌㄧˋ ㄐㄧㄝˊ
勢若摧枯,1,ㄕˋ ㄖㄨㄛˋ ㄘㄨㄟ ㄎㄨ
勤務召集,1,ㄑㄧㄣˊ ㄨˋ ㄓㄠˋ ㄐㄧˊ
勤政愛民,1,ㄑㄧㄣˊ ㄓㄥˋ ㄞˋ ㄇㄧㄣˊ
勤雜人員,1,ㄑㄧㄣˊ ㄗㄚˊ ㄖㄣˊ ㄩㄢˊ
勦撫兼施,1,ㄐㄧㄠˇ ㄈㄨˇ ㄐㄧㄢ ㄕ
勵兵秣馬,1,ㄌㄧˋ ㄅㄧㄥ ㄇㄛˋ ㄇㄚˇ
勵精求治,1,ㄌㄧˋ ㄐㄧㄥ ㄑㄧㄡˊ ㄓˋ
勸善懲惡,1,ㄑㄩㄢˋ ㄕㄢˋ ㄔㄥˊ ㄜˋ
勸善戒惡,1,ㄑㄩㄢˋ ㄕㄢˋ ㄐㄧㄝˋ ㄜˋ
勸善規過,1,ㄑㄩㄢˋ ㄕㄢˋ ㄍㄨㄟ ㄍㄨㄛˋ
勸善黜惡,1,ㄑㄩㄢˋ ㄕㄢˋ ㄔㄨˋ ㄜˋ
勸百諷一,1,ㄑㄩㄢˋ ㄅㄞˇ ㄈㄥˋ ㄧ
勾勾搭搭,1,ㄍㄡ ㄍㄡ˙ ㄉㄚ ㄉㄚ
勾大引小,1,ㄍㄡ ㄉㄚˋ ㄧㄣˇ ㄒㄧㄠˇ
勾攝公事,1,ㄍㄡ ㄕㄜˋ ㄍㄨㄥ ㄕˋ
勾欄使者,1,ㄍㄡ ㄌㄢˊ ㄕˇ ㄓㄜˇ
勾魂攝魄,1,ㄍㄡ ㄏㄨㄣˊ ㄕㄜˋ ㄆㄛˋ
勿失良機,1,ㄨˋ ㄕ ㄌㄧㄤˊ ㄐㄧ
勿藥有喜,1,ㄨˋ ㄧㄠˋ ㄧㄡˇ ㄒㄧˇ
勿藥而愈,1,ㄨˋ ㄧㄠˋ ㄦˊ ㄩˋ
勿里洞島,1,ㄨˋ ㄌㄧˇ ㄉㄨㄥˋ ㄉㄠˇ
包姆加登,1,ㄅㄠ ㄇㄨˇ ㄐㄧㄚ ㄉㄥ
包工連鎖,1,ㄅㄠ ㄍㄨㄥ ㄌㄧㄢˊ ㄙㄨㄛˇ
包攬詞訟,1,ㄅㄠ ㄌㄢˇ ㄘˊ ㄙㄨㄥˋ
包攬閒事,1,ㄅㄠ ㄌㄢˇ ㄒㄧㄢˊ ㄕˋ
包晶反應,1,ㄅㄠ ㄐㄧㄥ ㄈㄢˇ ㄧㄥˋ
包析反應,1,ㄅㄠ ㄒㄧ ㄈㄢˇ ㄧㄥˋ
包爾德樂,1,ㄅㄠ ㄦˇ ㄉㄜˊ ㄌㄜˋ
包米棒子,1,ㄅㄠ ㄇㄧˇ ㄅㄤˋ ㄗ˙
包羞忍恥,1,ㄅㄠ ㄒㄧㄡ ㄖㄣˇ ㄔˇ
包葫蘆頭,1,ㄅㄠ ㄏㄨˊ ㄌㄨ˙ ㄊㄡˊ
包裝設計,1,ㄅㄠ ㄓㄨㄤ ㄕㄜˋ ㄐㄧˋ
包裹保險,1,ㄅㄠ ㄍㄨㄛˇ ㄅㄠˇ ㄒㄧㄢˇ
包裹表決,1,ㄅㄠ ㄍㄨㄛˇ ㄅㄧㄠˇ ㄐㄩㄝˊ
包髻團衫,1,ㄅㄠ ㄐㄧˋ ㄊㄨㄢˊ ㄕㄢ
匈奴入侵,1,ㄒㄩㄥ ㄋㄨˊ ㄖㄨˋ ㄑㄧㄣ
匍匐之救,1,ㄆㄨˊ ㄈㄨˊ ㄓ ㄐㄧㄡˋ
匍匐奔喪,1,ㄆㄨˊ ㄈㄨˊ ㄅㄣ ㄙㄤ
匏有苦葉,1,ㄆㄠˊ ㄧㄡˇ ㄎㄨˇ ㄧㄝˋ
匏瓜空懸,1,ㄆㄠˊ ㄍㄨㄚ ㄎㄨㄥ ㄒㄩㄢˊ
匕鬯不驚,1,ㄅㄧˇ ㄔㄤˋ ㄅㄨˋ ㄐㄧㄥ
化出化入,1,ㄏㄨㄚˋ ㄔㄨ ㄏㄨㄚˋ ㄖㄨˋ
化學治療,1,ㄏㄨㄚˋ ㄒㄩㄝˊ ㄓˋ ㄌㄧㄠˊ
化學療法,1,ㄏㄨㄚˋ ㄒㄩㄝˊ ㄌㄧㄠˊ ㄈㄚˇ
化學符號,1,ㄏㄨㄚˋ ㄒㄩㄝˊ ㄈㄨˊ ㄏㄠˋ
化度寺碑,1,ㄏㄨㄚˋ ㄉㄨˋ ㄙˋ ㄅㄟ
化暗為明,1,ㄏㄨㄚˋ ㄢˋ ㄨㄟˊ ㄇㄧㄥˊ
化雨春風,1,ㄏㄨㄚˋ ㄩˇ ㄔㄨㄣ ㄈㄥ
北上宣言,1,ㄅㄟˇ ㄕㄤˋ ㄒㄩㄢ ㄧㄢˊ
北京之春,1,ㄅㄟˇ ㄐㄧㄥ ㄓ ㄔㄨㄣ
北京條約,1,ㄅㄟˇ ㄐㄧㄥ ㄊㄧㄠˊ ㄩㄝ
北俱盧洲,1,ㄅㄟˇ ㄐㄩ ㄌㄨˊ ㄓㄡ
北叟失馬,1,ㄅㄟˇ ㄙㄡˇ ㄕ ㄇㄚˇ
北堂書鈔,1,ㄅㄟˇ ㄊㄤˊ ㄕㄨ ㄔㄠ
北夢瑣言,1,ㄅㄟˇ ㄇㄥˋ ㄙㄨㄛˇ ㄧㄢˊ
北宗畫法,1,ㄅㄟˇ ㄗㄨㄥ ㄏㄨㄚˋ ㄈㄚˇ
北山移文,1,ㄅㄟˇ ㄕㄢ ㄧˊ ㄨㄣˊ
北平故宮,1,ㄅㄟˇ ㄆㄧㄥˊ ㄍㄨˋ ㄍㄨㄥ
北所羅門,1,ㄅㄟˇ ㄙㄨㄛˇ ㄌㄨㄛˊ ㄇㄣˊ
北方之強,1,ㄅㄟˇ ㄈㄤ ㄓ ㄑㄧㄤˊ
北方佛教,1,ㄅㄟˇ ㄈㄤ ㄈㄛˊ ㄐㄧㄠˋ
北方大港,1,ㄅㄟˇ ㄈㄤ ㄉㄚˋ ㄍㄤˇ
北方戰爭,1,ㄅㄟˇ ㄈㄤ ㄓㄢˋ ㄓㄥ
北極凍原,1,ㄅㄟˇ ㄐㄧˊ ㄉㄨㄥˋ ㄩㄢˊ
北極地區,1,ㄅㄟˇ ㄐㄧˊ ㄉㄧˋ ㄑㄩ
北洋大臣,1,ㄅㄟˇ ㄧㄤˊ ㄉㄚˋ ㄔㄣˊ
北洋海軍,1,ㄅㄟˇ ㄧㄤˊ ㄏㄞˇ ㄐㄩㄣ
北洋航線,1,ㄅㄟˇ ㄧㄤˊ ㄏㄤˊ ㄒㄧㄢˋ
北海公園,1,ㄅㄟˇ ㄏㄞˇ ㄍㄨㄥ ㄩㄢˊ
北海油礦,1,ㄅㄟˇ ㄏㄞˇ ㄧㄡˊ ㄎㄨㄤˋ
北窗高臥,1,ㄅㄟˇ ㄔㄨㄤ ㄍㄠ ㄨㄛˋ
北路梆子,1,ㄅㄟˇ ㄌㄨˋ ㄅㄤ ㄗ˙
北轅適楚,1,ㄅㄟˇ ㄩㄢˊ ㄕˋ ㄔㄨˇ
北轍南轅,1,ㄅㄟˇ ㄔㄜˋ ㄋㄢˊ ㄩㄢˊ
北道主人,1,ㄅㄟˇ ㄉㄠˋ ㄓㄨˇ ㄖㄣˊ
北邙鄉女,1,ㄅㄟˇ ㄇㄤˊ ㄒㄧㄤ ㄋㄩˇ
北部地方,1,ㄅㄟˇ ㄅㄨˋ ㄉㄧˋ ㄈㄤ
北門之歎,1,ㄅㄟˇ ㄇㄣˊ ㄓ ㄊㄢˋ
北門學士,1,ㄅㄟˇ ㄇㄣˊ ㄒㄩㄝˊ ㄕˋ
北門鎖鑰,1,ㄅㄟˇ ㄇㄣˊ ㄙㄨㄛˇ ㄧㄠˋ
北非諜影,1,ㄅㄟˇ ㄈㄟ ㄉㄧㄝˊ ㄧㄥˇ
北面稱臣,1,ㄅㄟˇ ㄇㄧㄢˋ ㄔㄥ ㄔㄣˊ
匠心獨運,1,ㄐㄧㄤˋ ㄒㄧㄣ ㄉㄨˊ ㄩㄣˋ
匠石斫鼻,1,ㄐㄧㄤˋ ㄕˊ ㄓㄨㄛˊ ㄅㄧˊ
匠石運斤,1,ㄐㄧㄤˋ ㄕˊ ㄩㄣˋ ㄐㄧㄣ
匡俗濟時,1,ㄎㄨㄤ ㄙㄨˊ ㄐㄧˋ ㄕˊ
匡君救主,1,ㄎㄨㄤ ㄐㄩㄣ ㄐㄧㄡˋ ㄓㄨˇ
匡我不逮,1,ㄎㄨㄤ ㄨㄛˇ ㄅㄨˋ ㄉㄞˋ
匡時濟俗,1,ㄎㄨㄤ ㄕˊ ㄐㄧˋ ㄙㄨˊ
匡濟之才,1,ㄎㄨㄤ ㄐㄧˋ ㄓ ㄘㄞˊ
匣裡龍吟,1,ㄒㄧㄚˊ ㄌㄧˇ ㄌㄨㄥˊ ㄧㄣˊ
匪朝伊夕,1,ㄈㄟˇ ㄓㄠ ㄧ ㄒㄧˋ
匪石之心,1,ㄈㄟˇ ㄕˊ ㄓ ㄒㄧㄣ
匪躬之操,1,ㄈㄟˇ ㄍㄨㄥ ㄓ ㄘㄠ
匪躬之節,1,ㄈㄟˇ ㄍㄨㄥ ㄓ ㄐㄧㄝˊ
匹力撲六,1,ㄆㄧ ㄌㄧˋ ㄆㄨ ㄌㄨˋ
匹配阻抗,1,ㄆㄧˇ ㄆㄟˋ ㄗㄨˇ ㄎㄤˋ
匹馬不還,1,ㄆㄧ ㄇㄚˇ ㄅㄨˋ ㄏㄨㄢˊ
匹馬單鎗,1,ㄆㄧ ㄇㄚˇ ㄉㄢ ㄑㄧㄤ
匹馬隻輪,1,ㄆㄧ ㄇㄚˇ ㄓ ㄌㄨㄣˊ
匾打側卓,1,ㄅㄧㄢˇ ㄉㄚˇ ㄘㄜˋ ㄓㄨㄛˊ
匿名揭帖,1,ㄋㄧˋ ㄇㄧㄥˊ ㄐㄧㄝ ㄊㄧㄝ
匿影藏形,1,ㄋㄧˋ ㄧㄥˇ ㄘㄤˊ ㄒㄧㄥˊ
匿跡潛形,1,ㄋㄧˋ ㄐㄧ ㄑㄧㄢˊ ㄒㄧㄥˊ
匿跡銷聲,1,ㄋㄧˋ ㄐㄧ ㄒㄧㄠ ㄕㄥ
匿跡隱形,1,ㄋㄧˋ ㄐㄧ ㄧㄣˇ ㄒㄧㄥˊ
區域網路,1,ㄑㄩ ㄩˋ ㄨㄤˇ ㄌㄨˋ
區域聯防,1,ㄑㄩ ㄩˋ ㄌㄧㄢˊ ㄈㄤˊ
區域計畫,1,ㄑㄩ ㄩˋ ㄐㄧˋ ㄏㄨㄚˋ
區域變質,1,ㄑㄩ ㄩˋ ㄅㄧㄢˋ ㄓˊ
區宇一清,1,ㄑㄩ ㄩˇ ㄧ ㄑㄧㄥ
區段徵收,1,ㄑㄩ ㄉㄨㄢˋ ㄓㄥ ㄕㄡ
十中八九,1,ㄕˊ ㄓㄨㄥˋ ㄅㄚ ㄐㄧㄡˇ
十二使徒,1,ㄕˊ ㄦˋ ㄕˇ ㄊㄨˊ
十二分教,1,ㄕˊ ㄦˋ ㄈㄣ ㄐㄧㄠˋ
十二進法,1,ㄕˊ ㄦˋ ㄐㄧㄣˋ ㄈㄚˇ
十二金牌,1,ㄕˊ ㄦˋ ㄐㄧㄣ ㄆㄞˊ
十二金釵,1,ㄕˊ ㄦˋ ㄐㄧㄣ ㄔㄞ
十二門論,1,ㄕˊ ㄦˋ ㄇㄣˊ ㄌㄨㄣˋ
十六羅漢,1,ㄕˊ ㄌㄧㄡˋ ㄌㄨㄛˊ ㄏㄢˋ
十十五五,1,ㄕˊ ㄕˊ ㄨˇ ㄨˇ
十圍五攻,1,ㄕˊ ㄨㄟˊ ㄨˇ ㄍㄨㄥ
十大弟子,1,ㄕˊ ㄉㄚˋ ㄉㄧˋ ㄗˇ
十字花押,1,ㄕˊ ㄗˋ ㄏㄨㄚ ㄧㄚ
十字花科,1,ㄕˊ ㄗˋ ㄏㄨㄚ ㄎㄜ
十年寒窗,1,ㄕˊ ㄋㄧㄢˊ ㄏㄢˊ ㄔㄨㄤ
十年窗下,1,ㄕˊ ㄋㄧㄢˊ ㄔㄨㄤ ㄒㄧㄚˋ
十年讀書,1,ㄕˊ ㄋㄧㄢˊ ㄉㄨˊ ㄕㄨ
十惡不赦,1,ㄕˊ ㄜˋ ㄅㄨˋ ㄕㄜˋ
十指連心,1,ㄕˊ ㄓˇ ㄌㄧㄢˊ ㄒㄧㄣ
十捉九著,1,ㄕˊ ㄓㄨㄛ ㄐㄧㄡˇ ㄓㄠˊ
十月之交,1,ㄕˊ ㄩㄝˋ ㄓ ㄐㄧㄠ
十月懷胎,1,ㄕˊ ㄩㄝˋ ㄏㄨㄞˊ ㄊㄞ
十死一生,1,ㄕˊ ㄙˇ ㄧ ㄕㄥ
十死九生,1,ㄕˊ ㄙˇ ㄐㄧㄡˇ ㄕㄥ
十清九濁,1,ㄕˊ ㄑㄧㄥ ㄐㄧㄡˇ ㄓㄨㄛˊ
十生九死,1,ㄕˊ ㄕㄥ ㄐㄧㄡˇ ㄙˇ
十畝之間,1,ㄕˊ ㄇㄨˇ ㄓ ㄐㄧㄢ
十病九痛,1,ㄕˊ ㄅㄧㄥˋ ㄐㄧㄡˇ ㄊㄨㄥˋ
十目一行,1,ㄕˊ ㄇㄨˋ ㄧ ㄏㄤˊ
十目十手,1,ㄕˊ ㄇㄨˋ ㄕˊ ㄕㄡˇ
十相具足,1,ㄕˊ ㄒㄧㄤˋ ㄐㄩˋ ㄗㄨˊ
十米九糠,1,ㄕˊ ㄇㄧˇ ㄐㄧㄡˇ ㄎㄤ
十羊九牧,1,ㄕˊ ㄧㄤˊ ㄐㄧㄡˇ ㄇㄨˋ
十萬火速,1,ㄕˊ ㄨㄢˋ ㄏㄨㄛˇ ㄙㄨˋ
十蕩十決,1,ㄕˊ ㄉㄤˋ ㄕˊ ㄐㄩㄝˊ
十行俱下,1,ㄕˊ ㄏㄤˊ ㄐㄩˋ ㄒㄧㄚˋ
十親九故,1,ㄕˊ ㄑㄧㄣ ㄐㄧㄡˇ ㄍㄨˋ
十載寒窗,1,ㄕˊ ㄗㄞˇ ㄏㄢˊ ㄔㄨㄤ
十轉九空,1,ㄕˊ ㄓㄨㄢˇ ㄐㄧㄡˇ ㄎㄨㄥ
十郎八當,1,ㄕˊ ㄌㄤˊ ㄅㄚ ㄉㄤ
十里長亭,1,ㄕˊ ㄌㄧˇ ㄔㄤˊ ㄊㄧㄥˊ
十風五雨,1,ㄕˊ ㄈㄥ ㄨˇ ㄩˇ
十鼠同穴,1,ㄕˊ ㄕㄨˇ ㄊㄨㄥˊ ㄒㄩㄝˋ
十鼠爭穴,1,ㄕˊ ㄕㄨˇ ㄓㄥ ㄒㄩㄝˋ
千乘萬騎,1,ㄑㄧㄢ ㄕㄥˋ ㄨㄢˋ ㄐㄧˋ
千了百當,1,ㄑㄧㄢ ㄌㄧㄠˇ ㄅㄞˇ ㄉㄤˋ
千人所指,1,ㄑㄧㄢ ㄖㄣˊ ㄙㄨㄛˇ ㄓˇ
千仇萬恨,1,ㄑㄧㄢ ㄔㄡˊ ㄨㄢˋ ㄏㄣˋ
千依百順,1,ㄑㄧㄢ ㄧ ㄅㄞˇ ㄕㄨㄣˋ
千依萬順,1,ㄑㄧㄢ ㄧ ㄨㄢˋ ㄕㄨㄣˋ
千倉萬箱,1,ㄑㄧㄢ ㄘㄤ ㄨㄢˋ ㄒㄧㄤ
千兵萬馬,1,ㄑㄧㄢ ㄅㄧㄥ ㄨㄢˋ ㄇㄚˇ
千刀萬剁,1,ㄑㄧㄢ ㄉㄠ ㄨㄢˋ ㄉㄨㄛˋ
千刁萬惡,1,ㄑㄧㄢ ㄉㄧㄠ ㄨㄢˋ ㄜˋ
千古傳誦,1,ㄑㄧㄢ ㄍㄨˇ ㄔㄨㄢˊ ㄙㄨㄥˋ
千古未聞,1,ㄑㄧㄢ ㄍㄨˇ ㄨㄟˋ ㄨㄣˊ
千古流傳,1,ㄑㄧㄢ ㄍㄨˇ ㄌㄧㄡˊ ㄔㄨㄢˊ
千古獨步,1,ㄑㄧㄢ ㄍㄨˇ ㄉㄨˊ ㄅㄨˋ
千古絕唱,1,ㄑㄧㄢ ㄍㄨˇ ㄐㄩㄝˊ ㄔㄤˋ
千古罪人,1,ㄑㄧㄢ ㄍㄨˇ ㄗㄨㄟˋ ㄖㄣˊ
千咒萬罵,1,ㄑㄧㄢ ㄓㄡˋ ㄨㄢˋ ㄇㄚˋ
千喚萬喚,1,ㄑㄧㄢ ㄏㄨㄢˋ ㄨㄢˋ ㄏㄨㄢˋ
千妥萬妥,1,ㄑㄧㄢ ㄊㄨㄛˇ ㄨㄢˋ ㄊㄨㄛˇ
千妥萬當,1,ㄑㄧㄢ ㄊㄨㄛˇ ㄨㄢˋ ㄉㄤˋ
千嬌百態,1,ㄑㄧㄢ ㄐㄧㄠ ㄅㄞˇ ㄊㄞˋ
千孔百瘡,1,ㄑㄧㄢ ㄎㄨㄥˇ ㄅㄞˇ ㄔㄨㄤ
千山山脈,1,ㄑㄧㄢ ㄕㄢ ㄕㄢ ㄇㄞˋ
千山萬壑,1,ㄑㄧㄢ ㄕㄢ ㄨㄢˋ ㄏㄨㄛˋ
千岐萬轍,1,ㄑㄧㄢ ㄑㄧˊ ㄨㄢˋ ㄔㄜˋ
千巖萬壑,1,ㄑㄧㄢ ㄧㄢˊ ㄨㄢˋ ㄏㄨㄛˋ
千巖萬谷,1,ㄑㄧㄢ ㄧㄢˊ ㄨㄢˋ ㄍㄨˇ
千年萬載,1,ㄑㄧㄢ ㄋㄧㄢˊ ㄨㄢˋ ㄗㄞˇ
千愁萬恨,1,ㄑㄧㄢ ㄔㄡˊ ㄨㄢˋ ㄏㄣˋ
千愁萬慮,1,ㄑㄧㄢ ㄔㄡˊ ㄨㄢˋ ㄌㄩˋ
千愁萬緒,1,ㄑㄧㄢ ㄔㄡˊ ㄨㄢˋ ㄒㄩˋ
千挑百選,1,ㄑㄧㄢ ㄊㄧㄠ ㄅㄞˇ ㄒㄩㄢˇ
千挑萬選,1,ㄑㄧㄢ ㄊㄧㄠ ㄨㄢˋ ㄒㄩㄢˇ
千推萬阻,1,ㄑㄧㄢ ㄊㄨㄟ ㄨㄢˋ ㄗㄨˇ
千支萬派,1,ㄑㄧㄢ ㄓ ㄨㄢˋ ㄆㄞˋ
千方萬計,1,ㄑㄧㄢ ㄈㄤ ㄨㄢˋ ㄐㄧˋ
千村萬落,1,ㄑㄧㄢ ㄘㄨㄣ ㄨㄢˋ ㄌㄨㄛˋ
千條萬端,1,ㄑㄧㄢ ㄊㄧㄠˊ ㄨㄢˋ ㄉㄨㄢ
千條萬緒,1,ㄑㄧㄢ ㄊㄧㄠˊ ㄨㄢˋ ㄒㄩˋ
千歡萬喜,1,ㄑㄧㄢ ㄏㄨㄢ ㄨㄢˋ ㄒㄧˇ
千歲一時,1,ㄑㄧㄢ ㄙㄨㄟˋ ㄧ ㄕˊ
千狀萬態,1,ㄑㄧㄢ ㄓㄨㄤˋ ㄨㄢˋ ㄊㄞˋ
千狀萬端,1,ㄑㄧㄢ ㄓㄨㄤˋ ㄨㄢˋ ㄉㄨㄢ
千生萬死,1,ㄑㄧㄢ ㄕㄥ ㄨㄢˋ ㄙˇ
千百成群,1,ㄑㄧㄢ ㄅㄞˇ ㄔㄥˊ ㄑㄩㄣˊ
千真萬真,1,ㄑㄧㄢ ㄓㄣ ㄨㄢˋ ㄓㄣ
千秋佳城,1,ㄑㄧㄢ ㄑㄧㄡ ㄐㄧㄚ ㄔㄥˊ
千秋萬古,1,ㄑㄧㄢ ㄑㄧㄡ ㄨㄢˋ ㄍㄨˇ
千端萬緒,1,ㄑㄧㄢ ㄉㄨㄢ ㄨㄢˋ ㄒㄩˋ
千緒萬端,1,ㄑㄧㄢ ㄒㄩˋ ㄨㄢˋ ㄉㄨㄢ
千般萬樣,1,ㄑㄧㄢ ㄅㄢ ㄨㄢˋ ㄧㄤˋ
千萬買鄰,1,ㄑㄧㄢ ㄨㄢˋ ㄇㄞˇ ㄌㄧㄣˊ
千變萬狀,1,ㄑㄧㄢ ㄅㄧㄢˋ ㄨㄢˋ ㄓㄨㄤˋ
千足港條,1,ㄑㄧㄢ ㄗㄨˊ ㄍㄤˇ ㄊㄧㄠˊ
千載一合,1,ㄑㄧㄢ ㄗㄞˇ ㄧ ㄏㄜˊ
千載一會,1,ㄑㄧㄢ ㄗㄞˇ ㄧ ㄏㄨㄟˋ
千載一逢,1,ㄑㄧㄢ ㄗㄞˇ ㄧ ㄈㄥˊ
千載一遇,1,ㄑㄧㄢ ㄗㄞˇ ㄧ ㄩˋ
千載揚名,1,ㄑㄧㄢ ㄗㄞˇ ㄧㄤˊ ㄇㄧㄥˊ
千載獨步,1,ㄑㄧㄢ ㄗㄞˇ ㄉㄨˊ ㄅㄨˋ
千辛百苦,1,ㄑㄧㄢ ㄒㄧㄣ ㄅㄞˇ ㄎㄨˇ
千里一曲,1,ㄑㄧㄢ ㄌㄧˇ ㄧ ㄑㄩ
千里命駕,1,ㄑㄧㄢ ㄌㄧˇ ㄇㄧㄥˋ ㄐㄧㄚˋ
千里猶面,1,ㄑㄧㄢ ㄌㄧˇ ㄧㄡˊ ㄇㄧㄢˋ
千里移檄,1,ㄑㄧㄢ ㄌㄧˇ ㄧˊ ㄒㄧˊ
千里迢遙,1,ㄑㄧㄢ ㄌㄧˇ ㄊㄧㄠˊ ㄧㄠˊ
千里鵝毛,1,ㄑㄧㄢ ㄌㄧˇ ㄜˊ ㄇㄠˊ
千金一刻,1,ㄑㄧㄢ ㄐㄧㄣ ㄧ ㄎㄜˋ
千金一擲,1,ㄑㄧㄢ ㄐㄧㄣ ㄧ ㄓˊ
千金一笑,1,ㄑㄧㄢ ㄐㄧㄣ ㄧ ㄒㄧㄠˋ
千金一諾,1,ㄑㄧㄢ ㄐㄧㄣ ㄧ ㄋㄨㄛˋ
千金之子,1,ㄑㄧㄢ ㄐㄧㄣ ㄓ ㄗˇ
千金之家,1,ㄑㄧㄢ ㄐㄧㄣ ㄓ ㄐㄧㄚ
千金市骨,1,ㄑㄧㄢ ㄐㄧㄣ ㄕˋ ㄍㄨˇ
千金要方,1,ㄑㄧㄢ ㄐㄧㄣ ㄧㄠˋ ㄈㄤ
千金買笑,1,ㄑㄧㄢ ㄐㄧㄣ ㄇㄞˇ ㄒㄧㄠˋ
千金買骨,1,ㄑㄧㄢ ㄐㄧㄣ ㄇㄞˇ ㄍㄨˇ
千鈞重負,1,ㄑㄧㄢ ㄐㄩㄣ ㄓㄨㄥˋ ㄈㄨˋ
千頭橘奴,1,ㄑㄧㄢ ㄊㄡˊ ㄐㄩˊ ㄋㄨˊ
千頭百緒,1,ㄑㄧㄢ ㄊㄡˊ ㄅㄞˇ ㄒㄩˋ
千鬼百怪,1,ㄑㄧㄢ ㄍㄨㄟˇ ㄅㄞˇ ㄍㄨㄞˋ
升斗之祿,1,ㄕㄥ ㄉㄡˇ ㄓ ㄌㄨˋ
升級換代,1,ㄕㄥ ㄐㄧˊ ㄏㄨㄢˋ ㄉㄞˋ
午夜牛郎,1,ㄨˇ ㄧㄝˋ ㄋㄧㄡˊ ㄌㄤˊ
半三不四,1,ㄅㄢˋ ㄙㄢ ㄅㄨˋ ㄙˋ
半上落下,1,ㄅㄢˋ ㄕㄤˋ ㄌㄨㄛˋ ㄒㄧㄚˋ
半人半鬼,1,ㄅㄢˋ ㄖㄣˊ ㄅㄢˋ ㄍㄨㄟˇ
半低元音,1,ㄅㄢˋ ㄉㄧ ㄩㄢˊ ㄧㄣ
半信不信,1,ㄅㄢˋ ㄒㄧㄣˋ ㄅㄨˋ ㄒㄧㄣˋ
半價倍息,1,ㄅㄢˋ ㄐㄧㄚˋ ㄅㄟˋ ㄒㄧˊ
半刻工夫,1,ㄅㄢˋ ㄎㄜˋ ㄍㄨㄥ ㄈㄨ˙
半半拉拉,1,ㄅㄢˋ ㄅㄢˋ ㄌㄚ ㄌㄚ
半半羅羅,1,ㄅㄢˋ ㄅㄢˋ ㄌㄨㄛˊ ㄌㄨㄛˊ
半合元音,1,ㄅㄢˋ ㄏㄜˊ ㄩㄢˊ ㄧㄣ
半吞半吐,1,ㄅㄢˋ ㄊㄨㄣ ㄅㄢˋ ㄊㄨˇ
半坡遺址,1,ㄅㄢˋ ㄆㄛ ㄧˊ ㄓˇ
半塗而罷,1,ㄅㄢˋ ㄊㄨˊ ㄦˊ ㄅㄚˋ
半壁河山,1,ㄅㄢˋ ㄅㄧˋ ㄏㄜˊ ㄕㄢ
半大小子,1,ㄅㄢˋ ㄉㄚˋ ㄒㄧㄠˇ ㄗ˙
半師之分,1,ㄅㄢˋ ㄕ ㄓ ㄈㄣˋ
半截漢子,1,ㄅㄢˋ ㄐㄧㄝˊ ㄏㄢˋ ㄗ˙
半新不舊,1,ㄅㄢˋ ㄒㄧㄣ ㄅㄨˋ ㄐㄧㄡˋ
半日片刻,1,ㄅㄢˋ ㄖˋ ㄆㄧㄢˋ ㄎㄜˋ
半明半暗,1,ㄅㄢˋ ㄇㄧㄥˊ ㄅㄢˋ ㄢˋ
半朝鑾駕,1,ㄅㄢˋ ㄔㄠˊ ㄌㄨㄢˊ ㄐㄧㄚˋ
半死半活,1,ㄅㄢˋ ㄙˇ ㄅㄢˋ ㄏㄨㄛˊ
半生不熟,1,ㄅㄢˋ ㄕㄥ ㄅㄨˋ ㄕㄨˊ
半生半熟,1,ㄅㄢˋ ㄕㄥ ㄅㄢˋ ㄕㄨˊ
半痴不顛,1,ㄅㄢˋ ㄔ ㄅㄨˋ ㄉㄧㄢ
半箭之功,1,ㄅㄢˋ ㄐㄧㄢˋ ㄓ ㄍㄨㄥ
半籌不納,1,ㄅㄢˋ ㄔㄡˊ ㄅㄨˋ ㄋㄚˋ
半籌莫展,1,ㄅㄢˋ ㄔㄡˊ ㄇㄛˋ ㄓㄢˇ
半絲麻線,1,ㄅㄢˋ ㄙ ㄇㄚˊ ㄒㄧㄢˋ
半老徐娘,1,ㄅㄢˋ ㄌㄠˇ ㄒㄩˊ ㄋㄧㄤˊ
半菽不飽,1,ㄅㄢˋ ㄕㄨˊ ㄅㄨˋ ㄅㄠˇ
半落不合,1,ㄅㄢˋ ㄌㄨㄛˋ ㄅㄨˋ ㄏㄜˊ
半途自畫,1,ㄅㄢˋ ㄊㄨˊ ㄗˋ ㄏㄨㄚˋ
半邊家庭,1,ㄅㄢˋ ㄅㄧㄢ ㄐㄧㄚ ㄊㄧㄥˊ
半閉元音,1,ㄅㄢˋ ㄅㄧˋ ㄩㄢˊ ㄧㄣ
半開元音,1,ㄅㄢˋ ㄎㄞ ㄩㄢˊ ㄧㄣ
半開半掩,1,ㄅㄢˋ ㄎㄞ ㄅㄢˋ ㄧㄢˇ
半間不界,1,ㄅㄢˋ ㄐㄧㄢˋ ㄅㄨˋ ㄐㄧㄝˋ
半零不落,1,ㄅㄢˋ ㄌㄧㄥˊ ㄅㄨˋ ㄌㄨㄛˋ
半霎俄延,1,ㄅㄢˋ ㄕㄚˋ ㄜˊ ㄧㄢˊ
半青半黃,1,ㄅㄢˋ ㄑㄧㄥ ㄅㄢˋ ㄏㄨㄤˊ
半高元音,1,ㄅㄢˋ ㄍㄠ ㄩㄢˊ ㄧㄣ
半鹹水湖,1,ㄅㄢˋ ㄒㄧㄢˊ ㄕㄨㄟˇ ㄏㄨˊ
卑以自牧,1,ㄅㄟ ㄧˇ ㄗˋ ㄇㄨˋ
卑劣手段,1,ㄅㄟ ㄌㄧㄝˋ ㄕㄡˇ ㄉㄨㄢˋ
卑南文化,1,ㄅㄟ ㄋㄢˊ ㄨㄣˊ ㄏㄨㄚˋ
卑宮菲食,1,ㄅㄟ ㄍㄨㄥ ㄈㄟˇ ㄕˊ
卑梁之釁,1,ㄅㄟ ㄌㄧㄤˊ ㄓ ㄒㄧㄣˋ
卑無高論,1,ㄅㄟ ㄨˊ ㄍㄠ ㄌㄨㄣˋ
卑禮厚幣,1,ㄅㄟ ㄌㄧˇ ㄏㄡˋ ㄅㄧˋ
卑辭厚禮,1,ㄅㄟ ㄘˊ ㄏㄡˋ ㄌㄧˇ
卑鄙齷齪,1,ㄅㄟ ㄅㄧˇ ㄨㄛˋ ㄔㄨㄛˋ
卑陋齷齪,1,ㄅㄟ ㄌㄡˋ ㄨㄛˋ ㄔㄨㄛˋ
卓卓錚錚,1,ㄓㄨㄛˊ ㄓㄨㄛˊ ㄓㄥ ㄓㄥ
卓然不群,1,ㄓㄨㄛˊ ㄖㄢˊ ㄅㄨˋ ㄑㄩㄣˊ
卓爾不群,1,ㄓㄨㄛˊ ㄦˇ ㄅㄨˋ ㄑㄩㄣˊ
卓爾出群,1,ㄓㄨㄛˊ ㄦˇ ㄔㄨ ㄑㄩㄣˊ
卓犖不羈,1,ㄓㄨㄛˊ ㄌㄨㄛˋ ㄅㄨˋ ㄐㄧ
卓絕群倫,1,ㄓㄨㄛˊ ㄐㄩㄝˊ ㄑㄩㄣˊ ㄌㄨㄣˊ
卓越超群,1,ㄓㄨㄛˊ ㄩㄝˋ ㄔㄠ ㄑㄩㄣˊ
協力同心,1,ㄒㄧㄝˊ ㄌㄧˋ ㄊㄨㄥˊ ㄒㄧㄣ
協定稅率,1,ㄒㄧㄝˊ ㄉㄧㄥˋ ㄕㄨㄟˋ ㄌㄩˋ
南京條約,1,ㄋㄢˊ ㄐㄧㄥ ㄊㄧㄠˊ ㄩㄝ
南冠楚囚,1,ㄋㄢˊ ㄍㄨㄢ ㄔㄨˇ ㄑㄧㄡˊ
南北和議,1,ㄋㄢˊ ㄅㄟˇ ㄏㄜˊ ㄧˋ
南北書派,1,ㄋㄢˊ ㄅㄟˇ ㄕㄨ ㄆㄞˋ
南北睽違,1,ㄋㄢˊ ㄅㄟˇ ㄎㄨㄟˊ ㄨㄟˊ
南天北地,1,ㄋㄢˊ ㄊㄧㄢ ㄅㄟˇ ㄉㄧˋ
南宗畫法,1,ㄋㄢˊ ㄗㄨㄥ ㄏㄨㄚˋ ㄈㄚˇ
南山並壽,1,ㄋㄢˊ ㄕㄢ ㄅㄧㄥˋ ㄕㄡˋ
南山可移,1,ㄋㄢˊ ㄕㄢ ㄎㄜˇ ㄧˊ
南山有臺,1,ㄋㄢˊ ㄕㄢ ㄧㄡˇ ㄊㄞˊ
南山鐵案,1,ㄋㄢˊ ㄕㄢ ㄊㄧㄝˇ ㄢˋ
南山隱豹,1,ㄋㄢˊ ㄕㄢ ㄧㄣˇ ㄅㄠˋ
南山霧豹,1,ㄋㄢˊ ㄕㄢ ㄨˋ ㄅㄠˋ
南州冠冕,1,ㄋㄢˊ ㄓㄡ ㄍㄨㄢ ㄇㄧㄢˇ
南征北伐,1,ㄋㄢˊ ㄓㄥ ㄅㄟˇ ㄈㄚˊ
南方之強,1,ㄋㄢˊ ㄈㄤ ㄓ ㄑㄧㄤˊ
南有嘉魚,1,ㄋㄢˊ ㄧㄡˇ ㄐㄧㄚ ㄩˊ
南枝北枝,1,ㄋㄢˊ ㄓ ㄅㄟˇ ㄓ
南極仙翁,1,ㄋㄢˊ ㄐㄧˊ ㄒㄧㄢ ㄨㄥ
南極呈祥,1,ㄋㄢˊ ㄐㄧˊ ㄔㄥˊ ㄒㄧㄤˊ
南極地區,1,ㄋㄢˊ ㄐㄧˊ ㄉㄧˋ ㄑㄩ
南極大陸,1,ㄋㄢˊ ㄐㄧˊ ㄉㄚˋ ㄌㄨˋ
南極星沉,1,ㄋㄢˊ ㄐㄧˊ ㄒㄧㄥ ㄔㄣˊ
南極星輝,1,ㄋㄢˊ ㄐㄧˊ ㄒㄧㄥ ㄏㄨㄟ
南極騰輝,1,ㄋㄢˊ ㄐㄧˊ ㄊㄥˊ ㄏㄨㄟ
南樓詠謔,1,ㄋㄢˊ ㄌㄡˊ ㄩㄥˇ ㄋㄩㄝˋ
南橘北枳,1,ㄋㄢˊ ㄐㄩˊ ㄅㄟˇ ㄓˇ
南洋大臣,1,ㄋㄢˊ ㄧㄤˊ ㄉㄚˋ ㄔㄣˊ
南洋航線,1,ㄋㄢˊ ㄧㄤˊ ㄏㄤˊ ㄒㄧㄢˋ
南箕北斗,1,ㄋㄢˊ ㄐㄧ ㄅㄛˋ ㄉㄡˇ
南能北秀,1,ㄋㄢˊ ㄋㄥˊ ㄅㄟˇ ㄒㄧㄡˋ
南華大學,1,ㄋㄢˊ ㄏㄨㄚˊ ㄉㄚˋ ㄒㄩㄝˊ
南迴歸線,1,ㄋㄢˊ ㄏㄨㄟˊ ㄍㄨㄟ ㄒㄧㄢˋ
南進政策,1,ㄋㄢˊ ㄐㄧㄣˋ ㄓㄥˋ ㄘㄜˋ
南金東箭,1,ㄋㄢˊ ㄐㄧㄣ ㄉㄨㄥ ㄐㄧㄢˋ
南阮北阮,1,ㄋㄢˊ ㄖㄨㄢˇ ㄅㄟˇ ㄖㄨㄢˇ
南面為王,1,ㄋㄢˊ ㄇㄧㄢˋ ㄨㄟˊ ㄨㄤˊ
南面百城,1,ㄋㄢˊ ㄇㄧㄢˋ ㄅㄛˊ ㄔㄥˊ
南面稱伯,1,ㄋㄢˊ ㄇㄧㄢˋ ㄔㄥ ㄅㄚˋ
南面稱孤,1,ㄋㄢˊ ㄇㄧㄢˋ ㄔㄥ ㄍㄨ
南面稱王,1,ㄋㄢˊ ㄇㄧㄢˋ ㄔㄥ ㄨㄤˊ
南風不競,1,ㄋㄢˊ ㄈㄥ ㄅㄨˋ ㄐㄧㄥˋ
南鷂北鷹,1,ㄋㄢˊ ㄧㄠˋ ㄅㄟˇ ㄧㄥ
博古圖錄,1,ㄅㄛˊ ㄍㄨˇ ㄊㄨˊ ㄌㄨˋ
博古知今,1,ㄅㄛˊ ㄍㄨˇ ㄓ ㄐㄧㄣ
博士弟子,1,ㄅㄛˊ ㄕˋ ㄉㄧˋ ㄗˇ
博士買驢,1,ㄅㄛˊ ㄕˋ ㄇㄞˇ ㄌㄩˊ
博學多才,1,ㄅㄛˊ ㄒㄩㄝˊ ㄉㄨㄛ ㄘㄞˊ
博學宏詞,1,ㄅㄛˊ ㄒㄩㄝˊ ㄏㄨㄥˊ ㄘˊ
博學洽聞,1,ㄅㄛˊ ㄒㄩㄝˊ ㄑㄧㄚˋ ㄨㄣˊ
博學鴻儒,1,ㄅㄛˊ ㄒㄩㄝˊ ㄏㄨㄥˊ ㄖㄨˊ
博山香爐,1,ㄅㄛˊ ㄕㄢ ㄒㄧㄤ ㄌㄨˊ
博愛濟群,1,ㄅㄛˊ ㄞˋ ㄐㄧˋ ㄑㄩㄣˊ
博文約禮,1,ㄅㄛˊ ㄨㄣˊ ㄩㄝ ㄌㄧˇ
博斯騰湖,1,ㄅㄛˊ ㄙ ㄊㄥˊ ㄏㄨˊ
博浪飛椎,1,ㄅㄛˊ ㄌㄤˋ ㄈㄟ ㄔㄨㄟˊ
博淄煤礦,1,ㄅㄛˊ ㄗ ㄇㄟˊ ㄎㄨㄤˋ
博濟醫院,1,ㄅㄛˊ ㄐㄧˋ ㄧ ㄩㄢˋ
博物多聞,1,ㄅㄛˊ ㄨˋ ㄉㄨㄛ ㄨㄣˊ
博物洽聞,1,ㄅㄛˊ ㄨˋ ㄑㄧㄚˋ ㄨㄣˊ
博而不精,1,ㄅㄛˊ ㄦˊ ㄅㄨˋ ㄐㄧㄥ
博聞多見,1,ㄅㄛˊ ㄨㄣˊ ㄉㄨㄛ ㄐㄧㄢˋ
博聞多識,1,ㄅㄛˊ ㄨㄣˊ ㄉㄨㄛ ㄕˋ
博聞強識,1,ㄅㄛˊ ㄨㄣˊ ㄑㄧㄤˊ ㄓˋ
博聞彊志,1,ㄅㄛˊ ㄨㄣˊ ㄑㄧㄤˊ ㄓˋ
博聞彊記,1,ㄅㄛˊ ㄨㄣˊ ㄑㄧㄤˊ ㄐㄧˋ
博聞閎覽,1,ㄅㄛˊ ㄨㄣˊ ㄏㄨㄥˊ ㄌㄢˇ
博覽五車,1,ㄅㄛˊ ㄌㄢˇ ㄨˇ ㄐㄩ
博覽古今,1,ㄅㄛˊ ㄌㄢˇ ㄍㄨˇ ㄐㄧㄣ
博覽群書,1,ㄅㄛˊ ㄌㄢˇ ㄑㄩㄣˊ ㄕㄨ
卜夜卜晝,1,ㄅㄨˇ ㄧㄝˋ ㄅㄨˇ ㄓㄡˋ
卜晝卜夜,1,ㄅㄨˇ ㄓㄡˋ ㄅㄨˇ ㄧㄝˋ
占盡便宜,1,ㄓㄢˋ ㄐㄧㄣˋ ㄆㄧㄢˊ ㄧ˙
占風使帆,1,ㄓㄢ ㄈㄥ ㄕˇ ㄈㄢˊ
卡港會議,1,ㄎㄚˇ ㄍㄤˇ ㄏㄨㄟˋ ㄧˋ
卡片目錄,1,ㄎㄚˇ ㄆㄧㄢˋ ㄇㄨˋ ㄌㄨˋ
卡片軟體,1,ㄎㄚˇ ㄆㄧㄢˋ ㄖㄨㄢˇ ㄊㄧˇ
卬首信眉,1,ㄤˊ ㄕㄡˇ ㄕㄣ ㄇㄟˊ
卯足全力,1,ㄇㄠˇ ㄗㄨˊ ㄑㄩㄢˊ ㄌㄧˋ
卯酉參辰,1,ㄇㄠˇ ㄧㄡˇ ㄕㄣ ㄔㄣˊ
卯酉子午,1,ㄇㄠˇ ㄧㄡˇ ㄗˇ ㄨˇ
印刷電路,1,ㄧㄣˋ ㄕㄨㄚ ㄉㄧㄢˋ ㄌㄨˋ
印加文明,1,ㄧㄣˋ ㄐㄧㄚ ㄨㄣˊ ㄇㄧㄥˊ
印度哲學,1,ㄧㄣˋ ㄉㄨˋ ㄓㄜˊ ㄒㄩㄝˊ
印度法系,1,ㄧㄣˋ ㄉㄨˋ ㄈㄚˇ ㄒㄧˋ
印度黃檀,1,ㄧㄣˋ ㄉㄨˋ ㄏㄨㄤˊ ㄊㄢˊ
印歐民族,1,ㄧㄣˋ ㄡ ㄇㄧㄣˊ ㄗㄨˊ
印歐語系,1,ㄧㄣˋ ㄡ ㄩˇ ㄒㄧˋ
印纍綬若,1,ㄧㄣˋ ㄌㄟˊ ㄕㄡˋ ㄖㄨㄛˋ
印花稅票,1,ㄧㄣˋ ㄏㄨㄚ ㄕㄨㄟˋ ㄆㄧㄠˋ
印象批評,1,ㄧㄣˋ ㄒㄧㄤˋ ㄆㄧ ㄆㄧㄥˊ
印鑑鑑定,1,ㄧㄣˋ ㄐㄧㄢˋ ㄐㄧㄢˋ ㄉㄧㄥˋ
危於累卵,1,ㄨㄟˊ ㄩˊ ㄌㄟˇ ㄌㄨㄢˇ
危機意識,1,ㄨㄟˊ ㄐㄧ ㄧˋ ㄕˋ
危若朝露,1,ㄨㄟˊ ㄖㄨㄛˋ ㄓㄠ ㄌㄨˋ
危言危行,1,ㄨㄟˊ ㄧㄢˊ ㄨㄟˊ ㄒㄧㄥˋ
危言正色,1,ㄨㄟˊ ㄧㄢˊ ㄓㄥˋ ㄙㄜˋ
危言讜論,1,ㄨㄟˊ ㄧㄢˊ ㄉㄤˇ ㄌㄨㄣˋ
危險分子,1,ㄨㄟˊ ㄒㄧㄢˇ ㄈㄣˋ ㄗˇ
即事即理,1,ㄐㄧˊ ㄕˋ ㄐㄧˊ ㄌㄧˇ
即位登龍,1,ㄐㄧˊ ㄨㄟˋ ㄉㄥ ㄌㄨㄥˊ
即墨之戰,1,ㄐㄧˊ ㄇㄛˋ ㄓ ㄓㄢˋ
即席演奏,1,ㄐㄧˊ ㄒㄧˊ ㄧㄢˇ ㄗㄡˋ
即心即佛,1,ㄐㄧˊ ㄒㄧㄣ ㄐㄧˊ ㄈㄛˊ
即時作業,1,ㄐㄧˊ ㄕˊ ㄗㄨㄛˋ ㄧㄝˋ
即時新聞,1,ㄐㄧˊ ㄕˊ ㄒㄧㄣ ㄨㄣˊ
即景會心,1,ㄐㄧˊ ㄐㄧㄥˇ ㄏㄨㄟˋ ㄒㄧㄣ
即景生情,1,ㄐㄧˊ ㄐㄧㄥˇ ㄕㄥ ㄑㄧㄥˊ
即期匯票,1,ㄐㄧˊ ㄑㄧˊ ㄏㄨㄟˋ ㄆㄧㄠˋ
即興表演,1,ㄐㄧˊ ㄒㄧㄥˋ ㄅㄧㄠˇ ㄧㄢˇ
即身成佛,1,ㄐㄧˊ ㄕㄣ ㄔㄥˊ ㄈㄛˊ
即鹿無虞,1,ㄐㄧˊ ㄌㄨˋ ㄨˊ ㄩˊ
卵子移植,1,ㄌㄨㄢˇ ㄗˇ ㄧˊ ㄓˊ
卵巢囊腫,1,ㄌㄨㄢˇ ㄔㄠˊ ㄋㄤˊ ㄓㄨㄥˇ
卵翼之恩,1,ㄌㄨㄢˇ ㄧˋ ㄓ ㄣ
卵與石鬥,1,ㄌㄨㄢˇ ㄩˇ ㄕˊ ㄉㄡˋ
卷帙浩繁,1,ㄐㄩㄢˋ ㄓˋ ㄏㄠˋ ㄈㄢˊ
卷旗息鼓,1,ㄐㄩㄢˇ ㄑㄧˊ ㄒㄧˊ ㄍㄨˇ
卷繖花序,1,ㄐㄩㄢˇ ㄙㄢˇ ㄏㄨㄚ ㄒㄩˋ
卸磨殺驢,1,ㄒㄧㄝˋ ㄇㄛˋ ㄕㄚ ㄌㄩˊ
卻病延年,1,ㄑㄩㄝˋ ㄅㄧㄥˋ ㄧㄢˊ ㄋㄧㄢˊ
厄利垂亞,1,ㄜˋ ㄌㄧˋ ㄔㄨㄟˊ ㄧㄚˇ
厄爾巴島,1,ㄜˋ ㄦˇ ㄅㄚ ㄉㄠˇ
厄魯特族,1,ㄜˋ ㄌㄨˇ ㄊㄜˋ ㄗㄨˊ
厚今薄古,1,ㄏㄡˋ ㄐㄧㄣ ㄅㄛˊ ㄍㄨˇ
厚厚敦敦,1,ㄏㄡˋ ㄏㄡˋ ㄉㄨㄣ ㄉㄨㄣ
厚味臘毒,1,ㄏㄡˋ ㄨㄟˋ ㄌㄚˋ ㄉㄨˊ
厚壁組織,1,ㄏㄡˋ ㄅㄧˋ ㄗㄨˇ ㄓ
厚德載物,1,ㄏㄡˋ ㄉㄜˊ ㄗㄞˋ ㄨˋ
厚祿高官,1,ㄏㄡˋ ㄌㄨˋ ㄍㄠ ㄍㄨㄢ
厚貌深情,1,ㄏㄡˋ ㄇㄠˋ ㄕㄣ ㄑㄧㄥˊ
厝火積薪,1,ㄘㄨㄛˋ ㄏㄨㄛˇ ㄐㄧ ㄒㄧㄣ
厝薪於火,1,ㄘㄨㄛˋ ㄒㄧㄣ ㄩˊ ㄏㄨㄛˇ
原地踏步,1,ㄩㄢˊ ㄉㄧˋ ㄊㄚˋ ㄅㄨˋ
原始主義,1,ㄩㄢˊ ㄕˇ ㄓㄨˇ ㄧˋ
原始反終,1,ㄩㄢˊ ㄕˇ ㄈㄢˇ ㄓㄨㄥ
原始程式,1,ㄩㄢˊ ㄕˇ ㄔㄥˊ ㄕˋ
原始藝術,1,ㄩㄢˊ ㄕˇ ㄧˋ ㄕㄨˋ
原始要終,1,ㄩㄢˊ ㄕˇ ㄧㄠˋ ㄓㄨㄥ
原始見終,1,ㄩㄢˊ ㄕˇ ㄐㄧㄢˋ ㄓㄨㄥ
原子戰爭,1,ㄩㄢˊ ㄗˇ ㄓㄢˋ ㄓㄥ
原子符號,1,ㄩㄢˊ ㄗˇ ㄈㄨˊ ㄏㄠˋ
原子落塵,1,ㄩㄢˊ ㄗˇ ㄌㄨㄛˋ ㄔㄣˊ
原封不動,1,ㄩㄢˊ ㄈㄥ ㄅㄨˋ ㄉㄨㄥˋ
原形畢露,1,ㄩㄢˊ ㄒㄧㄥˊ ㄅㄧˋ ㄌㄨˋ
原璧歸趙,1,ㄩㄢˊ ㄅㄧˋ ㄍㄨㄟ ㄓㄠˋ
原生植物,1,ㄩㄢˊ ㄕㄥ ㄓˊ ㄨˋ
原生海岸,1,ㄩㄢˊ ㄕㄥ ㄏㄞˇ ㄢˋ
原生礦物,1,ㄩㄢˊ ㄕㄥ ㄎㄨㄤˋ ㄨˋ
原索動物,1,ㄩㄢˊ ㄙㄨㄛˇ ㄉㄨㄥˋ ㄨˋ
厥功至偉,1,ㄐㄩㄝˊ ㄍㄨㄥ ㄓˋ ㄨㄟˇ
厥疾勿瘳,1,ㄐㄩㄝˊ ㄐㄧˊ ㄨˋ ㄔㄡ
厭世主義,1,ㄧㄢˋ ㄕˋ ㄓㄨˇ ㄧˋ
厭舊貪新,1,ㄧㄢˋ ㄐㄧㄡˋ ㄊㄢ ㄒㄧㄣ
厭難折衝,1,ㄧㄢˋ ㄋㄢˊ ㄓㄜˊ ㄔㄨㄥ
厲世摩鈍,1,ㄌㄧˋ ㄕˋ ㄇㄛˊ ㄉㄨㄣˋ
厲兵粟馬,1,ㄌㄧˋ ㄅㄧㄥ ㄙㄨˋ ㄇㄚˇ
厲精圖治,1,ㄌㄧˋ ㄐㄧㄥ ㄊㄨˊ ㄓˋ
厲精更始,1,ㄌㄧˋ ㄐㄧㄥ ㄍㄥ ㄕˇ
厲精求治,1,ㄌㄧˋ ㄐㄧㄥ ㄑㄧㄡˊ ㄓˋ
去住無門,1,ㄑㄩˋ ㄓㄨˋ ㄨˊ ㄇㄣˊ
去危就安,1,ㄑㄩˋ ㄨㄟˊ ㄐㄧㄡˋ ㄢ
去天尺五,1,ㄑㄩˋ ㄊㄧㄢ ㄔˇ ㄨˇ
去就之分,1,ㄑㄩˋ ㄐㄧㄡˋ ㄓ ㄈㄣˋ
去暗投明,1,ㄑㄩˋ ㄢˋ ㄊㄡˊ ㄇㄧㄥˊ
去本就末,1,ㄑㄩˋ ㄅㄣˇ ㄐㄧㄡˋ ㄇㄛˋ
去殺勝殘,1,ㄑㄩˋ ㄕㄚ ㄕㄥˋ ㄘㄢˊ
去泰去甚,1,ㄑㄩˋ ㄊㄞˋ ㄑㄩˋ ㄕㄣˋ
去甚去泰,1,ㄑㄩˋ ㄕㄣˋ ㄑㄩˋ ㄊㄞˋ
去邪從正,1,ㄑㄩˋ ㄒㄧㄝˊ ㄘㄨㄥˊ ㄓㄥˋ
去邪歸正,1,ㄑㄩˋ ㄒㄧㄝˊ ㄍㄨㄟ ㄓㄥˋ
參前落後,1,ㄘㄢ ㄑㄧㄢˊ ㄌㄨㄛˋ ㄏㄡˋ
參知政事,1,ㄘㄢ ㄓ ㄓㄥˋ ㄕˋ
參辰卯酉,1,ㄕㄣ ㄔㄣˊ ㄇㄠˇ ㄧㄡˇ
參辰日月,1,ㄕㄣ ㄔㄣˊ ㄖˋ ㄩㄝˋ
又作馮婦,1,ㄧㄡˋ ㄗㄨㄛˋ ㄈㄥˊ ㄈㄨˋ
又弱一個,1,ㄧㄡˋ ㄖㄨㄛˋ ㄧ ㄍㄜ˙
又急又氣,1,ㄧㄡˋ ㄐㄧˊ ㄧㄡˋ ㄑㄧˋ
又氣又急,1,ㄧㄡˋ ㄑㄧˋ ㄧㄡˋ ㄐㄧˊ
又當別論,1,ㄧㄡˋ ㄉㄤ ㄅㄧㄝˊ ㄌㄨㄣˋ
又說又笑,1,ㄧㄡˋ ㄕㄨㄛ ㄧㄡˋ ㄒㄧㄠˋ
叉股子話,1,ㄔㄚ ㄍㄨˇ ㄗ˙ ㄏㄨㄚˋ
及熱釜炊,1,ㄐㄧˊ ㄖㄜˋ ㄈㄨˇ ㄔㄨㄟ
友誼商店,1,ㄧㄡˇ ㄧˋ ㄕㄤ ㄉㄧㄢˋ
反傾銷稅,1,ㄈㄢˇ ㄑㄧㄥ ㄒㄧㄠ ㄕㄨㄟˋ
反共義士,1,ㄈㄢˇ ㄍㄨㄥˋ ㄧˋ ㄕˋ
反反覆覆,1,ㄈㄢˇ ㄈㄢˇ ㄈㄨˋ ㄈㄨˋ
反坦克炮,1,ㄈㄢˇ ㄊㄢˇ ㄎㄜˋ ㄆㄠˋ
反客作主,1,ㄈㄢˇ ㄎㄜˋ ㄗㄨㄛˋ ㄓㄨˇ
反射運動,1,ㄈㄢˇ ㄕㄜˋ ㄩㄣˋ ㄉㄨㄥˋ
反常人格,1,ㄈㄢˇ ㄔㄤˊ ㄖㄣˊ ㄍㄜˊ
反彈琵琶,1,ㄈㄢˇ ㄊㄢˊ ㄆㄧˊ ㄆㄚ˙
反復不常,1,ㄈㄢˇ ㄈㄨˋ ㄅㄨˋ ㄔㄤˊ
反復無常,1,ㄈㄢˇ ㄈㄨˋ ㄨˊ ㄔㄤˊ
反戈一擊,1,ㄈㄢˇ ㄍㄜ ㄧ ㄐㄧˊ
反戾天常,1,ㄈㄢˇ ㄌㄧˋ ㄊㄧㄢ ㄔㄤˊ
反掌之易,1,ㄈㄢˇ ㄓㄤˇ ㄓ ㄧˋ
反掌折枝,1,ㄈㄢˇ ㄓㄤˇ ㄓㄜˊ ㄓ
反本還原,1,ㄈㄢˇ ㄅㄣˇ ㄏㄨㄢˊ ㄩㄢˊ
反樸歸真,1,ㄈㄢˇ ㄆㄨˊ ㄍㄨㄟ ㄓㄣ
反水不收,1,ㄈㄢˇ ㄕㄨㄟˇ ㄅㄨˋ ㄕㄡ
反目互毆,1,ㄈㄢˇ ㄇㄨˋ ㄏㄨˋ ㄡ
反目成讎,1,ㄈㄢˇ ㄇㄨˋ ㄔㄥˊ ㄔㄡˊ
反眼不識,1,ㄈㄢˇ ㄧㄢˇ ㄅㄨˋ ㄕˋ
反穿皮襖,1,ㄈㄢˇ ㄔㄨㄢ ㄆㄧˊ ㄠˇ
反經合義,1,ㄈㄢˇ ㄐㄧㄥ ㄏㄜˊ ㄧˋ
反經行權,1,ㄈㄢˇ ㄐㄧㄥ ㄒㄧㄥˊ ㄑㄩㄢˊ
反聽內視,1,ㄈㄢˇ ㄊㄧㄥ ㄋㄟˋ ㄕˋ
反脣相稽,1,ㄈㄢˇ ㄔㄨㄣˊ ㄒㄧㄤ ㄐㄧ
反臉無情,1,ㄈㄢˇ ㄌㄧㄢˇ ㄨˊ ㄑㄧㄥˊ
反裘負芻,1,ㄈㄢˇ ㄑㄧㄡˊ ㄈㄨˋ ㄔㄨˊ
反裘負薪,1,ㄈㄢˇ ㄑㄧㄡˊ ㄈㄨˋ ㄒㄧㄣ
反覆不一,1,ㄈㄢˇ ㄈㄨˋ ㄅㄨˋ ㄧ
反覆不定,1,ㄈㄢˇ ㄈㄨˋ ㄅㄨˋ ㄉㄧㄥˋ
反覆思維,1,ㄈㄢˇ ㄈㄨˋ ㄙ ㄨㄟˊ
反貼門神,1,ㄈㄢˇ ㄊㄧㄝ ㄇㄣˊ ㄕㄣˊ
反躬自責,1,ㄈㄢˇ ㄍㄨㄥ ㄗˋ ㄗㄜˊ
反軸心國,1,ㄈㄢˇ ㄓㄡˊ ㄒㄧㄣ ㄍㄨㄛˊ
反輸一帖,1,ㄈㄢˇ ㄕㄨ ㄧ ㄊㄧㄝˇ
反間細作,1,ㄈㄢˇ ㄐㄧㄢˋ ㄒㄧˋ ㄗㄨㄛˋ
反陰復陰,1,ㄈㄢˇ ㄧㄣ ㄈㄨˋ ㄧㄣ
取之不竭,1,ㄑㄩˇ ㄓ ㄅㄨˋ ㄐㄧㄝˊ
取精用弘,1,ㄑㄩˇ ㄐㄧㄥ ㄩㄥˋ ㄏㄨㄥˊ
取青媲白,1,ㄑㄩˇ ㄑㄧㄥ ㄆㄧˋ ㄅㄛˊ
受人矚目,1,ㄕㄡˋ ㄖㄣˊ ㄓㄨˇ ㄇㄨˋ
受命推事,1,ㄕㄡˋ ㄇㄧㄥˋ ㄊㄨㄟ ㄕˋ
受怕擔憂,1,ㄕㄡˋ ㄆㄚˋ ㄉㄢ ㄧㄡ
受益憑證,1,ㄕㄡˋ ㄧˋ ㄆㄧㄥˊ ㄓㄥˋ
受益無窮,1,ㄕㄡˋ ㄧˋ ㄨˊ ㄑㄩㄥˊ
受賕枉法,1,ㄕㄡˋ ㄑㄧㄡˊ ㄨㄤˇ ㄈㄚˇ
叢殘小語,1,ㄘㄨㄥˊ ㄘㄢˊ ㄒㄧㄠˇ ㄩˇ
口中雌黃,1,ㄎㄡˇ ㄓㄨㄥ ㄘ ㄏㄨㄤˊ
口乖心歪,1,ㄎㄡˇ ㄍㄨㄞ ㄒㄧㄣ ㄨㄞ
口傳家書,1,ㄎㄡˇ ㄔㄨㄢˊ ㄐㄧㄚ ㄕㄨ
口出不遜,1,ㄎㄡˇ ㄔㄨ ㄅㄨˋ ㄒㄩㄣˋ
口吐珠璣,1,ㄎㄡˇ ㄊㄨˇ ㄓㄨ ㄐㄧ
口吻生花,1,ㄎㄡˇ ㄨㄣˇ ㄕㄥ ㄏㄨㄚ
口如懸河,1,ㄎㄡˇ ㄖㄨˊ ㄒㄩㄢˊ ㄏㄜˊ
口尚乳臭,1,ㄎㄡˇ ㄕㄤˋ ㄖㄨˇ ㄒㄧㄡˋ
口快如刀,1,ㄎㄡˇ ㄎㄨㄞˋ ㄖㄨˊ ㄉㄠ
口快心直,1,ㄎㄡˇ ㄎㄨㄞˋ ㄒㄧㄣ ㄓˊ
口才辨給,1,ㄎㄡˇ ㄘㄞˊ ㄅㄧㄢˋ ㄐㄧˇ
口授心傳,1,ㄎㄡˇ ㄕㄡˋ ㄒㄧㄣ ㄔㄨㄢˊ
口服疫苗,1,ㄎㄡˇ ㄈㄨˊ ㄧˋ ㄇㄧㄠˊ
口枯眼澀,1,ㄎㄡˇ ㄎㄨ ㄧㄢˇ ㄙㄜˋ
口沒遮攔,1,ㄎㄡˇ ㄇㄟˊ ㄓㄜ ㄌㄢˊ
口無遮攔,1,ㄎㄡˇ ㄨˊ ㄓㄜ ㄌㄢˊ
口甜如蜜,1,ㄎㄡˇ ㄊㄧㄢˊ ㄖㄨˊ ㄇㄧˋ
口耳之學,1,ㄎㄡˇ ㄦˇ ㄓ ㄒㄩㄝˊ
口能舌便,1,ㄎㄡˇ ㄋㄥˊ ㄕㄜˊ ㄆㄧㄢˊ
口舌之便,1,ㄎㄡˇ ㄕㄜˊ ㄓ ㄅㄧㄢˋ
口舌之快,1,ㄎㄡˇ ㄕㄜˊ ㄓ ㄎㄨㄞˋ
口舌呆鈍,1,ㄎㄡˇ ㄕㄜˊ ㄉㄞ ㄉㄨㄣˋ
口血未乾,1,ㄎㄡˇ ㄒㄩㄝˋ ㄨㄟˋ ㄍㄢ
口角春風,1,ㄎㄡˇ ㄐㄧㄠˇ ㄔㄨㄣ ㄈㄥ
口語傳播,1,ㄎㄡˇ ㄩˇ ㄔㄨㄢˊ ㄅㄛˋ
口講指畫,1,ㄎㄡˇ ㄐㄧㄤˇ ㄓˇ ㄏㄨㄚˋ
口述歷史,1,ㄎㄡˇ ㄕㄨˋ ㄌㄧˋ ㄕˇ
口隔心慌,1,ㄎㄡˇ ㄍㄜˊ ㄒㄧㄣ ㄏㄨㄤ
口頭之交,1,ㄎㄡˇ ㄊㄡˊ ㄓ ㄐㄧㄠ
口頭文學,1,ㄎㄡˇ ㄊㄡˊ ㄨㄣˊ ㄒㄩㄝˊ
口頭誹謗,1,ㄎㄡˇ ㄊㄡˊ ㄈㄟˇ ㄅㄤˋ
口體之養,1,ㄎㄡˇ ㄊㄧˇ ㄓ ㄧㄤˇ
口齒便給,1,ㄎㄡˇ ㄔˇ ㄆㄧㄢˊ ㄐㄧˇ
古之君子,1,ㄍㄨˇ ㄓ ㄐㄩㄣ ㄗˇ
古井不波,1,ㄍㄨˇ ㄐㄧㄥˇ ㄅㄨˋ ㄅㄛ
古井無波,1,ㄍㄨˇ ㄐㄧㄥˇ ㄨˊ ㄅㄛ
古井重波,1,ㄍㄨˇ ㄐㄧㄥˇ ㄔㄨㄥˊ ㄅㄛ
古人之風,1,ㄍㄨˇ ㄖㄣˊ ㄓ ㄈㄥ
古人影子,1,ㄍㄨˇ ㄖㄣˊ ㄧㄥˇ ㄗ˙
古今小說,1,ㄍㄨˇ ㄐㄧㄣ ㄒㄧㄠˇ ㄕㄨㄛ
古今少有,1,ㄍㄨˇ ㄐㄧㄣ ㄕㄠˇ ㄧㄡˇ
古今絕色,1,ㄍㄨˇ ㄐㄧㄣ ㄐㄩㄝˊ ㄙㄜˋ
古公亶父,1,ㄍㄨˇ ㄍㄨㄥ ㄉㄢˇ ㄈㄨˇ
古典小說,1,ㄍㄨˇ ㄉㄧㄢˇ ㄒㄧㄠˇ ㄕㄨㄛ
古典舞蹈,1,ㄍㄨˇ ㄉㄧㄢˇ ㄨˇ ㄉㄠˋ
古典芭蕾,1,ㄍㄨˇ ㄉㄧㄢˇ ㄅㄚ ㄌㄟˇ
古器物學,1,ㄍㄨˇ ㄑㄧˋ ㄨˋ ㄒㄩㄝˊ
古巴事件,1,ㄍㄨˇ ㄅㄚ ㄕˋ ㄐㄧㄢˋ
古巴危機,1,ㄍㄨˇ ㄅㄚ ㄨㄟˊ ㄐㄧ
古怪機靈,1,ㄍㄨˇ ㄍㄨㄞˋ ㄐㄧ ㄌㄧㄥˊ
古怪精靈,1,ㄍㄨˇ ㄍㄨㄞˋ ㄐㄧㄥ ㄌㄧㄥˊ
古怪脾氣,1,ㄍㄨˇ ㄍㄨㄞˋ ㄆㄧˊ ㄑㄧˋ
古文尚書,1,ㄍㄨˇ ㄨㄣˊ ㄕㄤˋ ㄕㄨ
古文舊書,1,ㄍㄨˇ ㄨㄣˊ ㄐㄧㄡˋ ㄕㄨ
古文運動,1,ㄍㄨˇ ㄨㄣˊ ㄩㄣˋ ㄉㄨㄥˋ
古木蔽天,1,ㄍㄨˇ ㄇㄨˋ ㄅㄧˋ ㄊㄧㄢ
古生物學,1,ㄍㄨˇ ㄕㄥ ㄨˋ ㄒㄩㄝˊ
古裡古怪,1,ㄍㄨˇ ㄌㄧ˙ ㄍㄨˇ ㄍㄨㄞˋ
古調獨彈,1,ㄍㄨˇ ㄉㄧㄠˋ ㄉㄨˊ ㄊㄢˊ
古貌古心,1,ㄍㄨˇ ㄇㄠˋ ㄍㄨˇ ㄒㄧㄣ
古蹟巡禮,1,ㄍㄨˇ ㄐㄧ ㄒㄩㄣˊ ㄌㄧˇ
古銅輝石,1,ㄍㄨˇ ㄊㄨㄥˊ ㄏㄨㄟ ㄕˊ
古陌荒阡,1,ㄍㄨˇ ㄇㄛˋ ㄏㄨㄤ ㄑㄧㄢ
古靈精怪,1,ㄍㄨˇ ㄌㄧㄥˊ ㄐㄧㄥ ㄍㄨㄞˋ
句子成分,1,ㄐㄩˋ ㄗ˙ ㄔㄥˊ ㄈㄣˋ
句踐復國,1,ㄍㄡ ㄐㄧㄢˋ ㄈㄨˋ ㄍㄨㄛˊ
另具匠心,1,ㄌㄧㄥˋ ㄐㄩˋ ㄐㄧㄤˋ ㄒㄧㄣ
另搭架子,1,ㄌㄧㄥˋ ㄉㄚ ㄐㄧㄚˋ ㄗ˙
另有下文,1,ㄌㄧㄥˋ ㄧㄡˇ ㄒㄧㄚˋ ㄨㄣˊ
另立門戶,1,ㄌㄧㄥˋ ㄌㄧˋ ㄇㄣˊ ㄏㄨˋ
另結新歡,1,ㄌㄧㄥˋ ㄐㄧㄝˊ ㄒㄧㄣ ㄏㄨㄢ
另謀發展,1,ㄌㄧㄥˋ ㄇㄡˊ ㄈㄚ ㄓㄢˇ
另起煙爨,1,ㄌㄧㄥˋ ㄑㄧˇ ㄧㄢ ㄘㄨㄢˋ
另開生面,1,ㄌㄧㄥˋ ㄎㄞ ㄕㄥ ㄇㄧㄢˋ
另闢新徑,1,ㄌㄧㄥˋ ㄆㄧˋ ㄒㄧㄣ ㄐㄧㄥˋ
叨叨絮絮,1,ㄉㄠ ㄉㄠ˙ ㄒㄩˋ ㄒㄩˋ
叨在知己,1,ㄊㄠ ㄗㄞˋ ㄓ ㄐㄧˇ
叩人心弦,1,ㄎㄡˋ ㄖㄣˊ ㄒㄧㄣ ㄒㄧㄢˊ
只欠東風,1,ㄓˇ ㄑㄧㄢˋ ㄉㄨㄥ ㄈㄥ
只爭旦夕,1,ㄓˇ ㄓㄥ ㄉㄢˋ ㄒㄧˋ
叫二排局,1,ㄐㄧㄠˋ ㄦˋ ㄆㄞˊ ㄐㄩˊ
叫苦不迭,1,ㄐㄧㄠˋ ㄎㄨˇ ㄅㄨˋ ㄉㄧㄝˊ
叫醒服務,1,ㄐㄧㄠˋ ㄒㄧㄥˇ ㄈㄨˊ ㄨˋ
召父杜母,1,ㄕㄠˋ ㄈㄨˋ ㄉㄨˋ ㄇㄨˇ
叮叮咚咚,1,ㄉㄧㄥ ㄉㄧㄥ ㄉㄨㄥ ㄉㄨㄥ
叮叮噹噹,1,ㄉㄧㄥ ㄉㄧㄥ˙ ㄉㄤ ㄉㄤ
叮咚叮咚,1,ㄉㄧㄥ ㄉㄨㄥ ㄉㄧㄥ ㄉㄨㄥ
叮噹作響,1,ㄉㄧㄥ ㄉㄤ ㄗㄨㄛˋ ㄒㄧㄤˇ
可乘之隙,1,ㄎㄜˇ ㄔㄥˊ ㄓ ㄒㄧˋ
可了不得,1,ㄎㄜˇ ㄌㄧㄠˇ ㄅㄨ˙ ㄉㄜ˙
可孕物質,1,ㄎㄜˇ ㄩㄣˋ ㄨˋ ㄓˊ
可操左券,1,ㄎㄜˇ ㄘㄠ ㄗㄨㄛˇ ㄑㄩㄢˋ
可煞作怪,1,ㄎㄜˇ ㄕㄚˋ ㄗㄨㄛˋ ㄍㄨㄞˋ
可知是好,1,ㄎㄜˇ ㄓ ㄕˋ ㄏㄠˇ
叱嗟風雲,1,ㄔˋ ㄐㄧㄝ ㄈㄥ ㄩㄣˊ
叱石成羊,1,ㄔˋ ㄕˊ ㄔㄥˊ ㄧㄤˊ
史不絕書,1,ㄕˇ ㄅㄨˋ ㄐㄩㄝˊ ㄕㄨ
史文赫丁,1,ㄕˇ ㄨㄣˊ ㄏㄜˋ ㄉㄧㄥ
史蒂芬生,1,ㄕˇ ㄉㄧˋ ㄈㄣ ㄕㄥ
史賓格勒,1,ㄕˇ ㄅㄧㄣ ㄍㄜˊ ㄌㄜˋ
右側通行,1,ㄧㄡˋ ㄘㄜˋ ㄊㄨㄥ ㄒㄧㄥˊ
右翼分子,1,ㄧㄡˋ ㄧˋ ㄈㄣˋ ㄗˇ
司法行政,1,ㄙ ㄈㄚˇ ㄒㄧㄥˊ ㄓㄥˋ
司法警察,1,ㄙ ㄈㄚˇ ㄐㄧㄥˇ ㄔㄚˊ
司空伎倆,1,ㄙ ㄎㄨㄥ ㄐㄧˋ ㄌㄧㄤˇ
司隸校尉,1,ㄙ ㄌㄧˋ ㄒㄧㄠˋ ㄨㄟˋ
司馬相如,1,ㄙ ㄇㄚˇ ㄒㄧㄤ ㄖㄨˊ
司馬青衫,1,ㄙ ㄇㄚˇ ㄑㄧㄥ ㄕㄢ
吁咈都俞,1,ㄒㄩ ㄈㄨˊ ㄉㄨ ㄩˊ
吃一看二,1,ㄔ ㄧ ㄎㄢˋ ㄦˋ
吃了秤砣,1,ㄔ ㄌㄜ˙ ㄔㄥˋ ㄊㄨㄛˊ
吃合家歡,1,ㄔ ㄏㄜˊ ㄐㄧㄚ ㄏㄨㄢ
吃啞吧虧,1,ㄔ ㄧㄚˇ ㄅㄚ˙ ㄎㄨㄟ
吃喝不分,1,ㄔ ㄏㄜ ㄅㄨˋ ㄈㄣ
吃回頭草,1,ㄔ ㄏㄨㄟˊ ㄊㄡˊ ㄘㄠˇ
吃大鍋飯,1,ㄔ ㄉㄚˋ ㄍㄨㄛ ㄈㄢˋ
吃太平飯,1,ㄔ ㄊㄞˋ ㄆㄧㄥˊ ㄈㄢˋ
吃子孫飯,1,ㄔ ㄗˇ ㄙㄨㄣ ㄈㄢˋ
吃後悔藥,1,ㄔ ㄏㄡˋ ㄏㄨㄟˇ ㄧㄠˋ
吃板刀麵,1,ㄔ ㄅㄢˇ ㄉㄠ ㄇㄧㄢˋ
吃盡當光,1,ㄔ ㄐㄧㄣˋ ㄉㄤˋ ㄍㄨㄤ
吃自來食,1,ㄔ ㄗˋ ㄌㄞˊ ㄕˊ
吃自在飯,1,ㄔ ㄗˋ ㄗㄞˋ ㄈㄢˋ
吃舊鍋粥,1,ㄔ ㄐㄧㄡˋ ㄍㄨㄛ ㄓㄡ
吃衙門飯,1,ㄔ ㄧㄚˊ ㄇㄣˊ ㄈㄢˋ
吃裡爬外,1,ㄔ ㄌㄧˇ ㄆㄚˊ ㄨㄞˋ
吃醋拈酸,1,ㄔ ㄘㄨˋ ㄋㄧㄢˊ ㄙㄨㄢ
吃醋撚酸,1,ㄔ ㄘㄨˋ ㄋㄧㄢˇ ㄙㄨㄢ
吃醋爭風,1,ㄔ ㄘㄨˋ ㄓㄥ ㄈㄥ
吃開口飯,1,ㄔ ㄎㄞ ㄎㄡˇ ㄈㄢˋ
吃飯傢伙,1,ㄔ ㄈㄢˋ ㄐㄧㄚ ㄏㄨㄛˇ
吃飯家伙,1,ㄔ ㄈㄢˋ ㄐㄧㄚ ㄏㄨㄛˇ
吃飯防噎,1,ㄔ ㄈㄢˋ ㄈㄤˊ ㄧㄝ
吃香喝辣,1,ㄔ ㄒㄧㄤ ㄏㄜ ㄌㄚˋ
各不相犯,1,ㄍㄜˋ ㄅㄨˋ ㄒㄧㄤ ㄈㄢˋ
各不相關,1,ㄍㄜˋ ㄅㄨˋ ㄒㄧㄤ ㄍㄨㄢ
各不相顧,1,ㄍㄜˋ ㄅㄨˋ ㄒㄧㄤ ㄍㄨˋ
各司其事,1,ㄍㄜˋ ㄙ ㄑㄧˊ ㄕˋ
各執一詞,1,ㄍㄜˋ ㄓˊ ㄧ ㄘˊ
各執所見,1,ㄍㄜˋ ㄓˊ ㄙㄨㄛˇ ㄐㄧㄢˋ
各奔東西,1,ㄍㄜˋ ㄅㄣ ㄉㄨㄥ ㄒㄧ
各展其長,1,ㄍㄜˋ ㄓㄢˇ ㄑㄧˊ ㄔㄤˊ
各得其宜,1,ㄍㄜˋ ㄉㄜˊ ㄑㄧˊ ㄧˊ
各從其志,1,ㄍㄜˋ ㄘㄨㄥˊ ㄑㄧˊ ㄓˋ
各懷一心,1,ㄍㄜˋ ㄏㄨㄞˊ ㄧ ㄒㄧㄣ
各懷異心,1,ㄍㄜˋ ㄏㄨㄞˊ ㄧˋ ㄒㄧㄣ
各抱一角,1,ㄍㄜˋ ㄅㄠˋ ㄧ ㄐㄧㄠˇ
各有各的,1,ㄍㄜˋ ㄧㄡˇ ㄍㄜˋ ㄉㄜ˙
各有所長,1,ㄍㄜˋ ㄧㄡˇ ㄙㄨㄛˇ ㄔㄤˊ
各為其主,1,ㄍㄜˋ ㄨㄟˋ ㄑㄧˊ ㄓㄨˇ
各異其趣,1,ㄍㄜˋ ㄧˋ ㄑㄧˊ ㄑㄩˋ
各白世人,1,ㄍㄜˋ ㄅㄞˊ ㄕˋ ㄖㄣˊ
各盡其用,1,ㄍㄜˋ ㄐㄧㄣˋ ㄑㄧˊ ㄩㄥˋ
各自東西,1,ㄍㄜˋ ㄗˋ ㄉㄨㄥ ㄒㄧ
各自為戰,1,ㄍㄜˋ ㄗˋ ㄨㄟˊ ㄓㄢˋ
各自獨立,1,ㄍㄜˋ ㄗˋ ㄉㄨˊ ㄌㄧˋ
各自進行,1,ㄍㄜˋ ㄗˋ ㄐㄧㄣˋ ㄒㄧㄥˊ
各行其志,1,ㄍㄜˋ ㄒㄧㄥˊ ㄑㄧˊ ㄓˋ
各衣另飯,1,ㄍㄜˋ ㄧ ㄌㄧㄥˋ ㄈㄢˋ
各門另戶,1,ㄍㄜˋ ㄇㄣˊ ㄌㄧㄥˋ ㄏㄨˋ
各闢蹊徑,1,ㄍㄜˋ ㄆㄧˋ ㄒㄧ ㄐㄧㄥˋ
各霸一方,1,ㄍㄜˋ ㄅㄚˋ ㄧ ㄈㄤ
吆三喝四,1,ㄧㄠ ㄙㄢ ㄏㄜˋ ㄙˋ
吆五喝六,1,ㄧㄠ ㄨˇ ㄏㄜˋ ㄌㄧㄡˋ
合作無懈,1,ㄏㄜˊ ㄗㄨㄛˋ ㄨˊ ㄒㄧㄝˋ
合作農場,1,ㄏㄜˊ ㄗㄨㄛˋ ㄋㄨㄥˊ ㄔㄤˊ
合口元音,1,ㄏㄜˊ ㄎㄡˇ ㄩㄢˊ ㄧㄣ
合同文字,1,ㄏㄜˊ ㄊㄨㄥ˙ ㄨㄣˊ ㄗˋ
合嘴合舌,1,ㄏㄜˊ ㄗㄨㄟˇ ㄏㄜˊ ㄕㄜˊ
合契若神,1,ㄏㄜˊ ㄑㄧˋ ㄖㄨㄛˋ ㄕㄣˊ
合家大小,1,ㄏㄜˊ ㄐㄧㄚ ㄉㄚˋ ㄒㄧㄠˇ
合心合意,1,ㄏㄜˊ ㄒㄧㄣ ㄏㄜˊ ㄧˋ
合成作用,1,ㄏㄜˊ ㄔㄥˊ ㄗㄨㄛˋ ㄩㄥˋ
合成染料,1,ㄏㄜˊ ㄔㄥˊ ㄖㄢˇ ㄌㄧㄠˋ
合成樂器,1,ㄏㄜˊ ㄔㄥˊ ㄩㄝˋ ㄑㄧˋ
合成石油,1,ㄏㄜˊ ㄔㄥˊ ㄕˊ ㄧㄡˊ
合成色素,1,ㄏㄜˊ ㄔㄥˊ ㄙㄜˋ ㄙㄨˋ
合浦珠還,1,ㄏㄜˊ ㄆㄨˇ ㄓㄨ ㄏㄨㄢˊ
合浦還珠,1,ㄏㄜˊ ㄆㄨˇ ㄏㄨㄢˊ ㄓㄨ
合理錯誤,1,ㄏㄜˊ ㄌㄧˇ ㄘㄨㄛˋ ㄨˋ
合璧連珠,1,ㄏㄜˊ ㄅㄧˋ ㄌㄧㄢˊ ㄓㄨ
合瓣花冠,1,ㄏㄜˊ ㄅㄢˋ ㄏㄨㄚ ㄍㄨㄢ
合當有事,1,ㄏㄜˊ ㄉㄤ ㄧㄡˇ ㄕˋ
合義複詞,1,ㄏㄜˊ ㄧˋ ㄈㄨˋ ㄘˊ
合菜戴帽,1,ㄏㄜˊ ㄘㄞˋ ㄉㄞˋ ㄇㄠˋ
合該有事,1,ㄏㄜˊ ㄍㄞ ㄧㄡˇ ㄕˋ
合零為整,1,ㄏㄜˊ ㄌㄧㄥˊ ㄨㄟˊ ㄓㄥˇ
吉丁疙疸,1,ㄐㄧˊ ㄉㄧㄥ ㄍㄜ ㄉㄚ˙
吉丟古堆,1,ㄐㄧˊ ㄉㄧㄡ ㄍㄨˇ ㄉㄨㄟ
吉備真備,1,ㄐㄧˊ ㄅㄟˋ ㄓㄣ ㄅㄟˋ
吉凶悔吝,1,ㄐㄧˊ ㄒㄩㄥ ㄏㄨㄟˇ ㄌㄧㄣˋ
吉凶慶弔,1,ㄐㄧˊ ㄒㄩㄥ ㄑㄧㄥˋ ㄉㄧㄠˋ
吉吉枓枓,1,ㄐㄧˊ ㄐㄧˊ ㄓㄨˇ ㄓㄨˇ
吉川英治,1,ㄐㄧˊ ㄔㄨㄢ ㄧㄥ ㄓˋ
吉慶無虞,1,ㄐㄧˊ ㄑㄧㄥˋ ㄨˊ ㄩˊ
吉日良辰,1,ㄐㄧˊ ㄖˋ ㄌㄧㄤˊ ㄔㄣˊ
吉普女郎,1,ㄐㄧˊ ㄆㄨˇ ㄋㄩˇ ㄌㄤˊ
吉爾庫克,1,ㄐㄧˊ ㄦˇ ㄎㄨˋ ㄎㄜˋ
吉田松陰,1,ㄐㄧˊ ㄊㄧㄢˊ ㄙㄨㄥ ㄧㄣ
吉祥如意,1,ㄐㄧˊ ㄒㄧㄤˊ ㄖㄨˊ ㄧˋ
吉祥止止,1,ㄐㄧˊ ㄒㄧㄤˊ ㄓˇ ㄓˇ
吊拷絣把,1,ㄉㄧㄠˋ ㄎㄠˇ ㄅㄥ ㄅㄚˇ
吊拷繃扒,1,ㄉㄧㄠˋ ㄎㄠˇ ㄅㄥ ㄅㄚ
吊放聲納,1,ㄉㄧㄠˋ ㄈㄤˋ ㄕㄥ ㄋㄚˋ
吊譽沽名,1,ㄉㄧㄠˋ ㄩˋ ㄍㄨ ㄇㄧㄥˊ
同休共戚,1,ㄊㄨㄥˊ ㄒㄧㄡ ㄍㄨㄥˋ ㄑㄧ
同出一源,1,ㄊㄨㄥˊ ㄔㄨ ㄧ ㄩㄢˊ
同出一脈,1,ㄊㄨㄥˊ ㄔㄨ ㄧ ㄇㄞˋ
同功一體,1,ㄊㄨㄥˊ ㄍㄨㄥ ㄧ ㄊㄧˇ
同卵雙生,1,ㄊㄨㄥˊ ㄌㄨㄢˇ ㄕㄨㄤ ㄕㄥ
同名之累,1,ㄊㄨㄥˊ ㄇㄧㄥˊ ㄓ ㄌㄟˋ
同命鴛鴦,1,ㄊㄨㄥˊ ㄇㄧㄥˋ ㄩㄢ ㄧㄤ
同宗同氣,1,ㄊㄨㄥˊ ㄗㄨㄥ ㄊㄨㄥˊ ㄑㄧˋ
同居各爨,1,ㄊㄨㄥˊ ㄐㄩ ㄍㄜˋ ㄘㄨㄢˋ
同州梆子,1,ㄊㄨㄥˊ ㄓㄡ ㄅㄤ ㄗ˙
同年而語,1,ㄊㄨㄥˊ ㄋㄧㄢˊ ㄦˊ ㄩˇ
同床各夢,1,ㄊㄨㄥˊ ㄔㄨㄤˊ ㄍㄜˋ ㄇㄥˋ
同德同心,1,ㄊㄨㄥˊ ㄉㄜˊ ㄊㄨㄥˊ ㄒㄧㄣ
同心僇力,1,ㄊㄨㄥˊ ㄒㄧㄣ ㄌㄨˋ ㄌㄧˋ
同心合力,1,ㄊㄨㄥˊ ㄒㄧㄣ ㄏㄜˊ ㄌㄧˋ
同心合意,1,ㄊㄨㄥˊ ㄒㄧㄣ ㄏㄜˊ ㄧˋ
同心并力,1,ㄊㄨㄥˊ ㄒㄧㄣ ㄅㄧㄥˋ ㄌㄧˋ
同心戮力,1,ㄊㄨㄥˊ ㄒㄧㄣ ㄌㄨˋ ㄌㄧˋ
同心斷金,1,ㄊㄨㄥˊ ㄒㄧㄣ ㄉㄨㄢˋ ㄐㄧㄣ
同志合道,1,ㄊㄨㄥˊ ㄓˋ ㄏㄜˊ ㄉㄠˋ
同志酒吧,1,ㄊㄨㄥˊ ㄓˋ ㄐㄧㄡˇ ㄅㄚ
同惡相助,1,ㄊㄨㄥˊ ㄜˋ ㄒㄧㄤ ㄓㄨˋ
同惡相救,1,ㄊㄨㄥˊ ㄜˋ ㄒㄧㄤ ㄐㄧㄡˋ
同惡相求,1,ㄊㄨㄥˊ ㄜˋ ㄒㄧㄤ ㄑㄧㄡˊ
同惡相濟,1,ㄊㄨㄥˊ ㄜˋ ㄒㄧㄤ ㄐㄧˋ
同憂相救,1,ㄊㄨㄥˊ ㄧㄡ ㄒㄧㄤ ㄐㄧㄡˋ
同文算指,1,ㄊㄨㄥˊ ㄨㄣˊ ㄙㄨㄢˋ ㄓˇ
同文韻統,1,ㄊㄨㄥˊ ㄨㄣˊ ㄩㄣˋ ㄊㄨㄥˇ
同日而言,1,ㄊㄨㄥˊ ㄖˋ ㄦˊ ㄧㄢˊ
同期錄音,1,ㄊㄨㄥˊ ㄑㄧˊ ㄌㄨˋ ㄧㄣ
同條共貫,1,ㄊㄨㄥˊ ㄊㄧㄠˊ ㄍㄨㄥˋ ㄍㄨㄢˋ
同歡同賞,1,ㄊㄨㄥˊ ㄏㄨㄢ ㄊㄨㄥˊ ㄕㄤˇ
同步傳輸,1,ㄊㄨㄥˊ ㄅㄨˋ ㄔㄨㄢˊ ㄕㄨ
同步衛星,1,ㄊㄨㄥˊ ㄅㄨˋ ㄨㄟˋ ㄒㄧㄥ
同步錄音,1,ㄊㄨㄥˊ ㄅㄨˋ ㄌㄨˋ ㄧㄣ
同歸殊途,1,ㄊㄨㄥˊ ㄍㄨㄟ ㄕㄨ ㄊㄨˊ
同氣之光,1,ㄊㄨㄥˊ ㄑㄧˋ ㄓ ㄍㄨㄤ
同氣之情,1,ㄊㄨㄥˊ ㄑㄧˋ ㄓ ㄑㄧㄥˊ
同氣相求,1,ㄊㄨㄥˊ ㄑㄧˋ ㄒㄧㄤ ㄑㄧㄡˊ
同氣連枝,1,ㄊㄨㄥˊ ㄑㄧˋ ㄌㄧㄢˊ ㄓ
同甘同苦,1,ㄊㄨㄥˊ ㄍㄢ ㄊㄨㄥˊ ㄎㄨˇ
同窗夜語,1,ㄊㄨㄥˊ ㄔㄨㄤ ㄧㄝˋ ㄩˇ
同窗契友,1,ㄊㄨㄥˊ ㄔㄨㄤ ㄑㄧˋ ㄧㄡˇ
同緣同相,1,ㄊㄨㄥˊ ㄩㄢˊ ㄊㄨㄥˊ ㄒㄧㄤˋ
同聲之誼,1,ㄊㄨㄥˊ ㄕㄥ ㄓ ㄧˋ
同聲異俗,1,ㄊㄨㄥˊ ㄕㄥ ㄧˋ ㄙㄨˊ
同聲相應,1,ㄊㄨㄥˊ ㄕㄥ ㄒㄧㄤ ㄧㄥˋ
同胞共乳,1,ㄊㄨㄥˊ ㄅㄠ ㄍㄨㄥˋ ㄖㄨˇ
同胞雙生,1,ㄊㄨㄥˊ ㄅㄠ ㄕㄨㄤ ㄕㄥ
同舟之誼,1,ㄊㄨㄥˊ ㄓㄡ ㄓ ㄧˋ
同舟而濟,1,ㄊㄨㄥˊ ㄓㄡ ㄦˊ ㄐㄧˋ
同船濟水,1,ㄊㄨㄥˊ ㄔㄨㄢˊ ㄐㄧˋ ㄕㄨㄟˇ
同行相忌,1,ㄊㄨㄥˊ ㄏㄤˊ ㄒㄧㄤ ㄐㄧˋ
同衾共枕,1,ㄊㄨㄥˊ ㄑㄧㄣ ㄍㄨㄥˋ ㄓㄣˇ
同袍同澤,1,ㄊㄨㄥˊ ㄆㄠˊ ㄊㄨㄥˊ ㄗㄜˊ
同見同知,1,ㄊㄨㄥˊ ㄐㄧㄢˋ ㄊㄨㄥˊ ㄓ
同起同坐,1,ㄊㄨㄥˊ ㄑㄧˇ ㄊㄨㄥˊ ㄗㄨㄛˋ
同軌同文,1,ㄊㄨㄥˊ ㄍㄨㄟˇ ㄊㄨㄥˊ ㄨㄣˊ
同門異戶,1,ㄊㄨㄥˊ ㄇㄣˊ ㄧˋ ㄏㄨˋ
同類意識,1,ㄊㄨㄥˊ ㄌㄟˋ ㄧˋ ㄕˋ
同類相呼,1,ㄊㄨㄥˊ ㄌㄟˋ ㄒㄧㄤ ㄏㄨ
同類相求,1,ㄊㄨㄥˊ ㄌㄟˋ ㄒㄧㄤ ㄑㄧㄡˊ
同類相聚,1,ㄊㄨㄥˊ ㄌㄟˋ ㄒㄧㄤ ㄐㄩˋ
名下無虛,1,ㄇㄧㄥˊ ㄒㄧㄚˋ ㄨˊ ㄒㄩ
名不當實,1,ㄇㄧㄥˊ ㄅㄨˋ ㄉㄤ ㄕˊ
名不虛立,1,ㄇㄧㄥˊ ㄅㄨˋ ㄒㄩ ㄌㄧˋ
名不虛行,1,ㄇㄧㄥˊ ㄅㄨˋ ㄒㄩ ㄒㄧㄥˊ
名不虛謂,1,ㄇㄧㄥˊ ㄅㄨˋ ㄒㄩ ㄨㄟˋ
名人達士,1,ㄇㄧㄥˊ ㄖㄣˊ ㄉㄚˊ ㄕˋ
名位不彰,1,ㄇㄧㄥˊ ㄨㄟˋ ㄅㄨˋ ㄓㄤ
名傳不朽,1,ㄇㄧㄥˊ ㄔㄨㄢˊ ㄅㄨˋ ㄒㄧㄡˇ
名傳天下,1,ㄇㄧㄥˊ ㄔㄨㄢˊ ㄊㄧㄢ ㄒㄧㄚˋ
名傳遐邇,1,ㄇㄧㄥˊ ㄔㄨㄢˊ ㄒㄧㄚˊ ㄦˇ
名公鉅卿,1,ㄇㄧㄥˊ ㄍㄨㄥ ㄐㄩˋ ㄑㄧㄥ
名列榜首,1,ㄇㄧㄥˊ ㄌㄧㄝˋ ㄅㄤˇ ㄕㄡˇ
名利兼收,1,ㄇㄧㄥˊ ㄌㄧˋ ㄐㄧㄢ ㄕㄡ
名動公卿,1,ㄇㄧㄥˊ ㄉㄨㄥˋ ㄍㄨㄥ ㄑㄧㄥ
名勝古跡,1,ㄇㄧㄥˊ ㄕㄥˋ ㄍㄨˇ ㄐㄧ
名噪一時,1,ㄇㄧㄥˊ ㄗㄠˋ ㄧ ㄕˊ
名垂後世,1,ㄇㄧㄥˊ ㄔㄨㄟˊ ㄏㄡˋ ㄕˋ
名垂竹帛,1,ㄇㄧㄥˊ ㄔㄨㄟˊ ㄓㄨˊ ㄅㄛˊ
名垂罔極,1,ㄇㄧㄥˊ ㄔㄨㄟˊ ㄨㄤˇ ㄐㄧˊ
名士風流,1,ㄇㄧㄥˊ ㄕˋ ㄈㄥ ㄌㄧㄡˊ
名實不副,1,ㄇㄧㄥˊ ㄕˊ ㄅㄨˋ ㄈㄨˋ
名實俱副,1,ㄇㄧㄥˊ ㄕˊ ㄐㄩˋ ㄈㄨˋ
名實相副,1,ㄇㄧㄥˊ ㄕˊ ㄒㄧㄤ ㄈㄨˋ
名實相稱,1,ㄇㄧㄥˊ ㄕˊ ㄒㄧㄤ ㄔㄥˋ
名實相符,1,ㄇㄧㄥˊ ㄕˊ ㄒㄧㄤ ㄈㄨˊ
名實相課,1,ㄇㄧㄥˊ ㄕˊ ㄒㄧㄤ ㄎㄜˋ
名山事業,1,ㄇㄧㄥˊ ㄕㄢ ㄕˋ ㄧㄝˋ
名山勝境,1,ㄇㄧㄥˊ ㄕㄢ ㄕㄥˋ ㄐㄧㄥˋ
名從主人,1,ㄇㄧㄥˊ ㄘㄨㄥˊ ㄓㄨˇ ㄖㄣˊ
名微德薄,1,ㄇㄧㄥˊ ㄨㄟˊ ㄉㄜˊ ㄅㄛˊ
名成利遂,1,ㄇㄧㄥˊ ㄔㄥˊ ㄌㄧˋ ㄙㄨㄟˋ
名望體面,1,ㄇㄧㄥˊ ㄨㄤˋ ㄊㄧˇ ㄇㄧㄢˋ
名標雁塔,1,ㄇㄧㄥˊ ㄅㄧㄠ ㄧㄢˋ ㄊㄚˇ
名標青史,1,ㄇㄧㄥˊ ㄅㄧㄠ ㄑㄧㄥ ㄕˇ
名溢縹囊,1,ㄇㄧㄥˊ ㄧˋ ㄆㄧㄠˇ ㄋㄤˊ
名滿一時,1,ㄇㄧㄥˊ ㄇㄢˇ ㄧ ㄕˊ
名特優新,1,ㄇㄧㄥˊ ㄊㄜˋ ㄧㄡ ㄒㄧㄣ
名目利率,1,ㄇㄧㄥˊ ㄇㄨˋ ㄌㄧˋ ㄌㄩˋ
名義所得,1,ㄇㄧㄥˊ ㄧˋ ㄙㄨㄛˇ ㄉㄜˊ
名聞全國,1,ㄇㄧㄥˊ ㄨㄣˊ ㄑㄩㄢˊ ㄍㄨㄛˊ
名聞天下,1,ㄇㄧㄥˊ ㄨㄣˊ ㄊㄧㄢ ㄒㄧㄚˋ
名聞海內,1,ㄇㄧㄥˊ ㄨㄣˊ ㄏㄞˇ ㄋㄟˋ
名聲籍甚,1,ㄇㄧㄥˊ ㄕㄥ ㄐㄧˊ ㄕㄣˋ
名覆金甌,1,ㄇㄧㄥˊ ㄈㄨˋ ㄐㄧㄣ ㄡ
名譽掃地,1,ㄇㄧㄥˊ ㄩˋ ㄙㄠˇ ㄉㄧˋ
名譽校長,1,ㄇㄧㄥˊ ㄩˋ ㄒㄧㄠˋ ㄓㄤˇ
名譽領事,1,ㄇㄧㄥˊ ㄩˋ ㄌㄧㄥˇ ㄕˋ
名重太山,1,ㄇㄧㄥˊ ㄓㄨㄥˋ ㄊㄞˋ ㄕㄢ
名門之後,1,ㄇㄧㄥˊ ㄇㄣˊ ㄓ ㄏㄡˋ
名門淑女,1,ㄇㄧㄥˊ ㄇㄣˊ ㄕㄨˊ ㄋㄩˇ
名震一時,1,ㄇㄧㄥˊ ㄓㄣˋ ㄧ ㄕˊ
名韁利索,1,ㄇㄧㄥˊ ㄐㄧㄤ ㄌㄧˋ ㄙㄨㄛˇ
名韁利鎖,1,ㄇㄧㄥˊ ㄐㄧㄤ ㄌㄧˋ ㄙㄨㄛˇ
名高天下,1,ㄇㄧㄥˊ ㄍㄠ ㄊㄧㄢ ㄒㄧㄚˋ
名高引謗,1,ㄇㄧㄥˊ ㄍㄠ ㄧㄣˇ ㄅㄤˋ
名高難副,1,ㄇㄧㄥˊ ㄍㄠ ㄋㄢˊ ㄈㄨˋ
名魁虎榜,1,ㄇㄧㄥˊ ㄎㄨㄟˊ ㄏㄨˇ ㄅㄤˇ
后羿射日,1,ㄏㄡˋ ㄧˋ ㄕㄜˋ ㄖˋ
吐剛茹柔,1,ㄊㄨˇ ㄍㄤ ㄖㄨˊ ㄖㄡˊ
吐哺待賢,1,ㄊㄨˇ ㄅㄨˇ ㄉㄞˋ ㄒㄧㄢˊ
吐哺捉髮,1,ㄊㄨˇ ㄅㄨˇ ㄓㄨㄛ ㄈㄚˇ
吐哺握髮,1,ㄊㄨˇ ㄅㄨˇ ㄨㄛˋ ㄈㄚˇ
吐故納新,1,ㄊㄨˇ ㄍㄨˋ ㄋㄚˋ ㄒㄧㄣ
吐氣揚眉,1,ㄊㄨˇ ㄑㄧˋ ㄧㄤˊ ㄇㄟˊ
吐火羅語,1,ㄊㄨˇ ㄏㄨㄛˇ ㄌㄨㄛˊ ㄩˇ
吐絲自縛,1,ㄊㄨˇ ㄙ ㄗˋ ㄈㄨˊ
吐膽傾心,1,ㄊㄨˇ ㄉㄢˇ ㄑㄧㄥ ㄒㄧㄣ
吐舊容新,1,ㄊㄨˇ ㄐㄧㄡˋ ㄖㄨㄥˊ ㄒㄧㄣ
吐露心腹,1,ㄊㄨˇ ㄌㄨˋ ㄒㄧㄣ ㄈㄨˋ
吐飯成蜂,1,ㄊㄨˇ ㄈㄢˋ ㄔㄥˊ ㄈㄥ
向壁虛構,1,ㄒㄧㄤˋ ㄅㄧˋ ㄒㄩ ㄍㄡˋ
向壁虛造,1,ㄒㄧㄤˋ ㄅㄧˋ ㄒㄩ ㄗㄠˋ
向平之願,1,ㄒㄧㄤˋ ㄆㄧㄥˊ ㄓ ㄩㄢˋ
向心花序,1,ㄒㄧㄤˋ ㄒㄧㄣ ㄏㄨㄚ ㄒㄩˋ
向火乞兒,1,ㄒㄧㄤˋ ㄏㄨㄛˇ ㄑㄧˇ ㄦˊ
向聲背實,1,ㄒㄧㄤˋ ㄕㄥ ㄅㄟˋ ㄕˊ
向隅獨泣,1,ㄒㄧㄤˋ ㄩˊ ㄉㄨˊ ㄑㄧˋ
向隅而泣,1,ㄒㄧㄤˋ ㄩˊ ㄦˊ ㄑㄧˋ
君子三樂,1,ㄐㄩㄣ ㄗˇ ㄙㄢ ㄌㄜˋ
君子三畏,1,ㄐㄩㄣ ㄗˇ ㄙㄢ ㄨㄟˋ
君子不器,1,ㄐㄩㄣ ㄗˇ ㄅㄨˋ ㄑㄧˋ
君子于役,1,ㄐㄩㄣ ㄗˇ ㄩˊ ㄧˋ
君子偕老,1,ㄐㄩㄣ ㄗˇ ㄒㄧㄝˊ ㄌㄠˇ
君子豹變,1,ㄐㄩㄣ ㄗˇ ㄅㄠˋ ㄅㄧㄢˋ
君子陽陽,1,ㄐㄩㄣ ㄗˇ ㄧㄤˊ ㄧㄤˊ
君子風度,1,ㄐㄩㄣ ㄗˇ ㄈㄥ ㄉㄨˋ
君射臣決,1,ㄐㄩㄣ ㄕㄜˋ ㄔㄣˊ ㄐㄩㄝˊ
君桴臣鼓,1,ㄐㄩㄣ ㄈㄨˊ ㄔㄣˊ ㄍㄨˇ
君權時代,1,ㄐㄩㄣ ㄑㄩㄢˊ ㄕˊ ㄉㄞˋ
君權神授,1,ㄐㄩㄣ ㄑㄩㄢˊ ㄕㄣˊ ㄕㄡˋ
君臣佐使,1,ㄐㄩㄣ ㄔㄣˊ ㄗㄨㄛˇ ㄕˇ
吞刀刮腸,1,ㄊㄨㄣ ㄉㄠ ㄍㄨㄚ ㄔㄤˊ
吞刀吐火,1,ㄊㄨㄣ ㄉㄠ ㄊㄨˇ ㄏㄨㄛˇ
吞吐其辭,1,ㄊㄨㄣ ㄊㄨˇ ㄑㄧˊ ㄘˊ
吞吐含蓄,1,ㄊㄨㄣ ㄊㄨˇ ㄏㄢˊ ㄒㄩˋ
吞噬細胞,1,ㄊㄨㄣ ㄕˋ ㄒㄧˋ ㄅㄠ
吞炭漆身,1,ㄊㄨㄣ ㄊㄢˋ ㄑㄧ ㄕㄣ
吞聲屏氣,1,ㄊㄨㄣ ㄕㄥ ㄅㄧㄥˇ ㄑㄧˋ
吞聲忍讓,1,ㄊㄨㄣ ㄕㄥ ㄖㄣˇ ㄖㄤˋ
吞聲飲氣,1,ㄊㄨㄣ ㄕㄥ ㄧㄣˇ ㄑㄧˋ
吞聲飲泣,1,ㄊㄨㄣ ㄕㄥ ㄧㄣˇ ㄑㄧˋ
吞舟之魚,1,ㄊㄨㄣ ㄓㄡ ㄓ ㄩˊ
吞花臥酒,1,ㄊㄨㄣ ㄏㄨㄚ ㄨㄛˋ ㄐㄧㄡˇ
吟詠性情,1,ㄧㄣˊ ㄩㄥˇ ㄒㄧㄥˋ ㄑㄧㄥˊ
吟詠情性,1,ㄧㄣˊ ㄩㄥˇ ㄑㄧㄥˊ ㄒㄧㄥˋ
吟遊詩人,1,ㄧㄣˊ ㄧㄡˊ ㄕ ㄖㄣˊ
吟風弄月,1,ㄧㄣˊ ㄈㄥ ㄋㄨㄥˋ ㄩㄝˋ
吟風詠月,1,ㄧㄣˊ ㄈㄥ ㄩㄥˇ ㄩㄝˋ
吠非其主,1,ㄈㄟˋ ㄈㄟ ㄑㄧˊ ㄓㄨˇ
否去泰來,1,ㄆㄧˇ ㄑㄩˋ ㄊㄞˋ ㄌㄞˊ
否往泰來,1,ㄆㄧˇ ㄨㄤˇ ㄊㄞˋ ㄌㄞˊ
否極必泰,1,ㄆㄧˇ ㄐㄧˊ ㄅㄧˋ ㄊㄞˋ
否極生泰,1,ㄆㄧˇ ㄐㄧˊ ㄕㄥ ㄊㄞˋ
否終而泰,1,ㄆㄧˇ ㄓㄨㄥ ㄦˊ ㄊㄞˋ
含冤昭雪,1,ㄏㄢˊ ㄩㄢ ㄓㄠ ㄒㄩㄝˇ
含哺鼓腹,1,ㄏㄢˊ ㄅㄨˇ ㄍㄨˇ ㄈㄨˋ
含垢忍恥,1,ㄏㄢˊ ㄍㄡˋ ㄖㄣˇ ㄔˇ
含垢納汙,1,ㄏㄢˊ ㄍㄡˋ ㄋㄚˋ ㄨ
含垢藏疾,1,ㄏㄢˊ ㄍㄡˋ ㄘㄤˊ ㄐㄧˊ
含悲忍淚,1,ㄏㄢˊ ㄅㄟ ㄖㄣˇ ㄌㄟˋ
含煙籠霧,1,ㄏㄢˊ ㄧㄢ ㄌㄨㄥˊ ㄨˋ
含笑入地,1,ㄏㄢˊ ㄒㄧㄠˋ ㄖㄨˋ ㄉㄧˋ
含糊其辭,1,ㄏㄢˊ ㄏㄨˊ ㄑㄧˊ ㄘˊ
含羞忍辱,1,ㄏㄢˊ ㄒㄧㄡ ㄖㄣˇ ㄖㄨˋ
含苞未放,1,ㄏㄢˊ ㄅㄠ ㄨㄟˋ ㄈㄤˋ
含苞欲放,1,ㄏㄢˊ ㄅㄠ ㄩˋ ㄈㄤˋ
含英咀華,1,ㄏㄢˊ ㄧㄥ ㄐㄩˇ ㄏㄨㄚˊ
含蓄渾厚,1,ㄏㄢˊ ㄒㄩˋ ㄏㄨㄣˊ ㄏㄡˋ
含蓼問疾,1,ㄏㄢˊ ㄌㄧㄠˇ ㄨㄣˋ ㄐㄧˊ
含血噀人,1,ㄏㄢˊ ㄒㄧㄝˇ ㄒㄩㄣˋ ㄖㄣˊ
含齒戴髮,1,ㄏㄢˊ ㄔˇ ㄉㄞˋ ㄈㄚˇ
吮癰舐痔,1,ㄕㄨㄣˇ ㄩㄥ ㄕˋ ㄓˋ
吱吱咯咯,1,ㄓ ㄓ ㄍㄜˊ ㄍㄜˊ
吳下阿蒙,1,ㄨˊ ㄒㄧㄚˋ ㄚˋ ㄇㄥˊ
吳剛伐桂,1,ㄨˊ ㄍㄤ ㄈㄚ ㄍㄨㄟˋ
吳宮教陣,1,ㄨˊ ㄍㄨㄥ ㄐㄧㄠˋ ㄓㄣˋ
吳市吹簫,1,ㄨˊ ㄕˋ ㄔㄨㄟ ㄒㄧㄠ
吳牛喘月,1,ㄨˊ ㄋㄧㄡˊ ㄔㄨㄢˇ ㄩㄝˋ
吳越春秋,1,ㄨˊ ㄩㄝˋ ㄔㄨㄣ ㄑㄧㄡ
吳頭楚尾,1,ㄨˊ ㄊㄡˊ ㄔㄨˇ ㄨㄟˇ
吸入治療,1,ㄒㄧ ㄖㄨˋ ㄓˋ ㄌㄧㄠˊ
吸力豁剌,1,ㄒㄧ ㄌㄧˋ ㄏㄨㄛˋ ㄌㄚ
吸力豁剌,1,ㄒㄧ ㄌㄧˋ ㄏㄨㄛˋ ㄌㄚˋ
吸收劑量,1,ㄒㄧ ㄕㄡ ㄐㄧˋ ㄌㄧㄤˋ
吸熱反應,1,ㄒㄧ ㄖㄜˋ ㄈㄢˇ ㄧㄥˋ
吸熱玻璃,1,ㄒㄧ ㄖㄜˋ ㄅㄛ ㄌㄧ˙
吸聲材料,1,ㄒㄧ ㄕㄥ ㄘㄞˊ ㄌㄧㄠˋ
吸附作用,1,ㄒㄧ ㄈㄨˋ ㄗㄨㄛˋ ㄩㄥˋ
吸風飲露,1,ㄒㄧ ㄈㄥ ㄧㄣˇ ㄌㄨˋ
吹影鏤塵,1,ㄔㄨㄟ ㄧㄥˇ ㄌㄡˋ ㄔㄣˊ
吹毛取瑕,1,ㄔㄨㄟ ㄇㄠˊ ㄑㄩˇ ㄒㄧㄚˊ
吹毛求瑕,1,ㄔㄨㄟ ㄇㄠˊ ㄑㄧㄡˊ ㄒㄧㄚˊ
吹毛索疵,1,ㄔㄨㄟ ㄇㄠˊ ㄙㄨㄛˇ ㄘ
吹氣勝蘭,1,ㄔㄨㄟ ㄑㄧˋ ㄕㄥˋ ㄌㄢˊ
吹簫吳市,1,ㄔㄨㄟ ㄒㄧㄠ ㄨˊ ㄕˋ
吹糠見米,1,ㄔㄨㄟ ㄎㄤ ㄐㄧㄢˋ ㄇㄧˇ
吹蝕作用,1,ㄔㄨㄟ ㄕˊ ㄗㄨㄛˋ ㄩㄥˋ
吹起捏塌,1,ㄔㄨㄟ ㄑㄧˇ ㄋㄧㄝ ㄊㄚ
吹風胡哨,1,ㄔㄨㄟ ㄈㄥ ㄏㄨˊ ㄕㄠˋ
吾道東矣,1,ㄨˊ ㄉㄠˋ ㄉㄨㄥ ㄧˇ
呂安題鳳,1,ㄌㄩˇ ㄢ ㄊㄧˊ ㄈㄥˋ
呆不龍咚,1,ㄉㄞ ㄅㄨˋ ㄌㄨㄥˊ ㄉㄨㄥ
呆了一呆,1,ㄉㄞ ㄌㄜ˙ ㄧ ㄉㄞ
呆似木雞,1,ㄉㄞ ㄙˋ ㄇㄨˋ ㄐㄧ
呆呆鄧鄧,1,ㄉㄞ ㄉㄞ ㄉㄥˋ ㄉㄥˋ
呆滯物料,1,ㄉㄞ ㄓˋ ㄨˋ ㄌㄧㄠˋ
呆腦呆頭,1,ㄉㄞ ㄋㄠˇ ㄉㄞ ㄊㄡˊ
呆裡撒奸,1,ㄉㄞ ㄌㄧˇ ㄙㄚ ㄐㄧㄢ
呆頭木腦,1,ㄉㄞ ㄊㄡˊ ㄇㄨˋ ㄋㄠˇ
告天拜斗,1,ㄍㄠˋ ㄊㄧㄢ ㄅㄞˋ ㄉㄡˇ
告急文書,1,ㄍㄠˋ ㄐㄧˊ ㄨㄣˊ ㄕㄨ
告朔餼羊,1,ㄍㄨˋ ㄕㄨㄛˋ ㄒㄧˋ ㄧㄤˊ
告知義務,1,ㄍㄠˋ ㄓ ㄧˋ ㄨˋ
告老打罷,1,ㄍㄠˋ ㄌㄠˇ ㄉㄚˇ ㄅㄚˋ
呢呢痴痴,1,ㄋㄧˊ ㄋㄧˊ ㄔ ㄔ
周全方便,1,ㄓㄡ ㄑㄩㄢˊ ㄈㄤ ㄅㄧㄢˋ
周公吐哺,1,ㄓㄡ ㄍㄨㄥ ㄊㄨˇ ㄅㄨˇ
周召共和,1,ㄓㄡ ㄕㄠˋ ㄍㄨㄥˋ ㄏㄜˊ
周年視差,1,ㄓㄡ ㄋㄧㄢˊ ㄕˋ ㄔㄚ
周急繼乏,1,ㄓㄡ ㄐㄧˊ ㄐㄧˋ ㄈㄚˊ
周情孔思,1,ㄓㄡ ㄑㄧㄥˊ ㄎㄨㄥˇ ㄙ
周期彗星,1,ㄓㄡ ㄑㄧˊ ㄏㄨㄟˋ ㄒㄧㄥ
周程張朱,1,ㄓㄡ ㄔㄥˊ ㄓㄤ ㄓㄨ
周章狼狽,1,ㄓㄡ ㄓㄤ ㄌㄤˊ ㄅㄟˋ
周而不比,1,ㄓㄡ ㄦˊ ㄅㄨˋ ㄅㄧˋ
周邊設備,1,ㄓㄡ ㄅㄧㄢ ㄕㄜˋ ㄅㄟˋ
周郎顧曲,1,ㄓㄡ ㄌㄤˊ ㄍㄨˋ ㄑㄩˇ
周髀算經,1,ㄓㄡ ㄅㄧˋ ㄙㄨㄢˋ ㄐㄧㄥ
呱呱墮地,1,ㄨㄚ ㄨㄚ ㄉㄨㄛˋ ㄉㄧˋ
呲牙裂嘴,1,ㄘ ㄧㄚˊ ㄌㄧㄝˋ ㄗㄨㄟˇ
味勝易牙,1,ㄨㄟˋ ㄕㄥˋ ㄧˋ ㄧㄚˊ
味如雞肋,1,ㄨㄟˋ ㄖㄨˊ ㄐㄧ ㄌㄜˋ
呵佛罵祖,1,ㄏㄜ ㄈㄛˊ ㄇㄚˋ ㄗㄨˇ
呵壁問天,1,ㄏㄜ ㄅㄧˋ ㄨㄣˋ ㄊㄧㄢ
呵脬捧卵,1,ㄏㄜ ㄆㄠ ㄆㄥˇ ㄌㄨㄢˇ
呶呶不休,1,ㄋㄠˊ ㄋㄠˊ ㄅㄨˋ ㄒㄧㄡ
呼三喝四,1,ㄏㄨ ㄙㄢ ㄏㄜˋ ㄙˋ
呼么喝六,1,ㄏㄨ ㄧㄠ ㄏㄜˋ ㄌㄧㄡˋ
呼兄喚弟,1,ㄏㄨ ㄒㄩㄥ ㄏㄨㄢˋ ㄉㄧˋ
呼名叫陣,1,ㄏㄨ ㄇㄧㄥˊ ㄐㄧㄠˋ ㄓㄣˋ
呼吸吐納,1,ㄏㄨ ㄒㄧ ㄊㄨˇ ㄋㄚˋ
呼吸相通,1,ㄏㄨ ㄒㄧ ㄒㄧㄤ ㄊㄨㄥ
呼吸運動,1,ㄏㄨ ㄒㄧ ㄩㄣˋ ㄉㄨㄥˋ
呼奴使婢,1,ㄏㄨ ㄋㄨˊ ㄕˇ ㄅㄧˋ
呼庚呼癸,1,ㄏㄨ ㄍㄥ ㄏㄨ ㄍㄨㄟˇ
呼張喚李,1,ㄏㄨ ㄓㄤ ㄏㄨㄢˋ ㄌㄧˇ
呼朋引伴,1,ㄏㄨ ㄆㄥˊ ㄧㄣˇ ㄅㄢˋ
呼牛作馬,1,ㄏㄨ ㄋㄧㄡˊ ㄗㄨㄛˋ ㄇㄚˇ
呼牛呼馬,1,ㄏㄨ ㄋㄧㄡˊ ㄏㄨ ㄇㄚˇ
呼畢勒罕,1,ㄏㄨ ㄅㄧˋ ㄌㄜˋ ㄏㄢˇ
呼盧喝雉,1,ㄏㄨ ㄌㄨˊ ㄏㄜˋ ㄓˋ
呼紅叫六,1,ㄏㄨ ㄏㄨㄥˊ ㄐㄧㄠˋ ㄌㄧㄡˋ
命世之才,1,ㄇㄧㄥˋ ㄕˋ ㄓ ㄘㄞˊ
命乖運拙,1,ㄇㄧㄥˋ ㄍㄨㄞ ㄩㄣˋ ㄓㄨㄛˊ
命令主義,1,ㄇㄧㄥˋ ㄌㄧㄥˋ ㄓㄨˇ ㄧˋ
命儔嘯侶,1,ㄇㄧㄥˋ ㄔㄡˊ ㄒㄧㄠˋ ㄌㄩˇ
命小福薄,1,ㄇㄧㄥˋ ㄒㄧㄠˇ ㄈㄨˊ ㄅㄛˊ
命帶桃花,1,ㄇㄧㄥˋ ㄉㄞˋ ㄊㄠˊ ㄏㄨㄚ
命染黃沙,1,ㄇㄧㄥˋ ㄖㄢˇ ㄏㄨㄤˊ ㄕㄚ
命若懸絲,1,ㄇㄧㄥˋ ㄖㄨㄛˋ ㄒㄩㄢˊ ㄙ
命薄如花,1,ㄇㄧㄥˋ ㄅㄛˊ ㄖㄨˊ ㄏㄨㄚ
命薄相窮,1,ㄇㄧㄥˋ ㄅㄛˊ ㄒㄧㄤˋ ㄑㄩㄥˊ
命蹇時乖,1,ㄇㄧㄥˋ ㄐㄧㄢˇ ㄕˊ ㄍㄨㄞ
命輕鴻毛,1,ㄇㄧㄥˋ ㄑㄧㄥ ㄏㄨㄥˊ ㄇㄠˊ
命途坎坷,1,ㄇㄧㄥˋ ㄊㄨˊ ㄎㄢˇ ㄎㄜˇ
命運兩濟,1,ㄇㄧㄥˋ ㄩㄣˋ ㄌㄧㄤˇ ㄐㄧˋ
咀英嚼華,1,ㄐㄩˇ ㄧㄥ ㄐㄩㄝˊ ㄏㄨㄚˊ
咂嘴弄脣,1,ㄗㄚ ㄗㄨㄟˇ ㄋㄨㄥˋ ㄔㄨㄣˊ
咂嘴弄舌,1,ㄗㄚ ㄗㄨㄟˇ ㄋㄨㄥˋ ㄕㄜˊ
咄嗟便辦,1,ㄉㄨㄛˋ ㄐㄧㄝˋ ㄅㄧㄢˋ ㄅㄢˋ
咄嗟可辦,1,ㄉㄨㄛˋ ㄐㄧㄝˋ ㄎㄜˇ ㄅㄢˋ
咄嗟而辦,1,ㄉㄨㄛˋ ㄐㄧㄝˋ ㄦˊ ㄅㄢˋ
咆哮大怒,1,ㄆㄠˊ ㄒㄧㄠ ㄉㄚˋ ㄋㄨˋ
咆哮山莊,1,ㄆㄠˊ ㄒㄧㄠˋ ㄕㄢ ㄓㄨㄤ
和丸教子,1,ㄏㄨㄛˋ ㄨㄢˊ ㄐㄧㄠˋ ㄗˇ
和事天子,1,ㄏㄜˊ ㄕˋ ㄊㄧㄢ ㄗˇ
和光同塵,1,ㄏㄜˊ ㄍㄨㄤ ㄊㄨㄥˊ ㄔㄣˊ
和合二仙,1,ㄏㄜˊ ㄏㄜˊ ㄦˋ ㄒㄧㄢ
和和氣氣,1,ㄏㄜˊ ㄏㄜ˙ ㄑㄧ˙ ㄑㄧ˙
和好如初,1,ㄏㄜˊ ㄏㄠˇ ㄖㄨˊ ㄔㄨ
和容悅色,1,ㄏㄜˊ ㄖㄨㄥˊ ㄩㄝˋ ㄙㄜˋ
和尚打傘,1,ㄏㄜˊ ㄕㄤˋ ㄉㄚˇ ㄙㄢˇ
和平使者,1,ㄏㄜˊ ㄆㄧㄥˊ ㄕˇ ㄓㄜˇ
和平改革,1,ㄏㄜˊ ㄆㄧㄥˊ ㄍㄞˇ ㄍㄜˊ
和平條約,1,ㄏㄜˊ ㄆㄧㄥˊ ㄊㄧㄠˊ ㄩㄝ
和氣習習,1,ㄏㄜˊ ㄑㄧˋ ㄒㄧˊ ㄒㄧˊ
和氣融融,1,ㄏㄜˊ ㄑㄧˋ ㄖㄨㄥˊ ㄖㄨㄥˊ
和璧隋珠,1,ㄏㄜˊ ㄅㄧˋ ㄙㄨㄟˊ ㄓㄨ
和而不同,1,ㄏㄜˊ ㄦˊ ㄅㄨˋ ㄊㄨㄥˊ
和聲樂器,1,ㄏㄜˊ ㄕㄥ ㄩㄝˋ ㄑㄧˋ
和解政策,1,ㄏㄜˊ ㄐㄧㄝˇ ㄓㄥˋ ㄘㄜˋ
和隋之珍,1,ㄏㄜˊ ㄙㄨㄟˊ ㄓ ㄓㄣ
和顏下氣,1,ㄏㄜˊ ㄧㄢˊ ㄒㄧㄚˋ ㄑㄧˋ
和風麗日,1,ㄏㄜˊ ㄈㄥ ㄌㄧˋ ㄖˋ
咕咕唧唧,1,ㄍㄨ ㄍㄨ ㄐㄧ ㄐㄧ
咕咚咕咚,1,ㄍㄨ ㄉㄨㄥ ㄍㄨ ㄉㄨㄥ
咨牙倈嘴,1,ㄗ ㄧㄚˊ ㄌㄞˊ ㄗㄨㄟˇ
咫尺之地,1,ㄓˇ ㄔˇ ㄓ ㄉㄧˋ
咫尺千里,1,ㄓˇ ㄔˇ ㄑㄧㄢ ㄌㄧˇ
咫尺山河,1,ㄓˇ ㄔˇ ㄕㄢ ㄏㄜˊ
咫尺萬里,1,ㄓˇ ㄔˇ ㄨㄢˋ ㄌㄧˇ
咫角驂駒,1,ㄓˇ ㄐㄩㄝˊ ㄘㄢ ㄐㄩ
咬合不正,1,ㄧㄠˇ ㄏㄜˊ ㄅㄨˋ ㄓㄥˋ
咬合調整,1,ㄧㄠˇ ㄏㄜˊ ㄊㄧㄠˊ ㄓㄥˇ
咬定牙根,1,ㄧㄠˇ ㄉㄧㄥˋ ㄧㄚˊ ㄍㄣ
咬定牙關,1,ㄧㄠˇ ㄉㄧㄥˋ ㄧㄚˊ ㄍㄨㄢ
咬薑呷醋,1,ㄧㄠˇ ㄐㄧㄤ ㄒㄧㄚˊ ㄘㄨˋ
咭力骨碌,1,ㄐㄧ ㄌㄧ˙ ㄍㄨ ㄌㄨ˙
咭咭呱呱,1,ㄐㄧ ㄐㄧ ㄍㄨㄚ ㄍㄨㄚ
咭噔咯噔,1,ㄐㄧ ㄉㄥ ㄍㄜ ㄉㄥ
咯吱咯喳,1,ㄍㄜ ㄓ ㄍㄜ ㄓㄚ
咯咯作響,1,ㄍㄜ ㄍㄜ ㄗㄨㄛˋ ㄒㄧㄤˇ
咳唾成珠,1,ㄎㄜˊ ㄊㄨㄛˋ ㄔㄥˊ ㄓㄨ
咳歌打戰,1,ㄏㄞ ㄍㄜ ㄉㄚˇ ㄓㄢˋ
咳聲嘆息,1,ㄏㄞ ㄕㄥ ㄊㄢˋ ㄒㄧˊ
咳聲打氣,1,ㄏㄞ ㄕㄥ ㄉㄚˇ ㄑㄧˋ
咸五登三,1,ㄒㄧㄢˊ ㄨˇ ㄉㄥ ㄙㄢ
咽喉要路,1,ㄧㄢ ㄏㄡˊ ㄧㄠˋ ㄌㄨˋ
咿咿啞啞,1,ㄧ ㄧ ㄧㄚˇ ㄧㄚˇ
咿哩呱喇,1,ㄧ ㄌㄧ ㄍㄨㄚ ㄌㄚ
哀哀欲絕,1,ㄞ ㄞ ㄩˋ ㄐㄩㄝˊ
哀感頑豔,1,ㄞ ㄍㄢˇ ㄨㄢˊ ㄧㄢˋ
哀毀骨立,1,ㄞ ㄏㄨㄟˇ ㄍㄨˇ ㄌㄧˋ
哀江南賦,1,ㄞ ㄐㄧㄤ ㄋㄢˊ ㄈㄨˋ
哀絲豪竹,1,ㄞ ㄙ ㄏㄠˊ ㄓㄨˊ
哀而不傷,1,ㄞ ㄦˊ ㄅㄨˋ ㄕㄤ
哀腸百轉,1,ㄞ ㄔㄤˊ ㄅㄞˇ ㄓㄨㄢˇ
哀鴻遍地,1,ㄞ ㄏㄨㄥˊ ㄅㄧㄢˋ ㄉㄧˋ
品位分類,1,ㄆㄧㄣˇ ㄨㄟˋ ㄈㄣ ㄌㄟˋ
品格教育,1,ㄆㄧㄣˇ ㄍㄜˊ ㄐㄧㄠˋ ㄩˋ
品格清高,1,ㄆㄧㄣˇ ㄍㄜˊ ㄑㄧㄥ ㄍㄠ
品竹彈絲,1,ㄆㄧㄣˇ ㄓㄨˊ ㄊㄢˊ ㄙ
品竹調弦,1,ㄆㄧㄣˇ ㄓㄨˊ ㄊㄧㄠˊ ㄒㄧㄢˊ
品竹調絲,1,ㄆㄧㄣˇ ㄓㄨˊ ㄊㄧㄠˊ ㄙ
品花寶鑑,1,ㄆㄧㄣˇ ㄏㄨㄚ ㄅㄠˇ ㄐㄧㄢˋ
品行端醇,1,ㄆㄧㄣˇ ㄒㄧㄥˋ ㄉㄨㄢ ㄔㄨㄣˊ
品貌風流,1,ㄆㄧㄣˇ ㄇㄠˋ ㄈㄥ ㄌㄧㄡˊ
品頭題足,1,ㄆㄧㄣˇ ㄊㄡˊ ㄊㄧˊ ㄗㄨˊ
品高德重,1,ㄆㄧㄣˇ ㄍㄠ ㄉㄜˊ ㄓㄨㄥˋ
哄傳一時,1,ㄏㄨㄥ ㄔㄨㄢˊ ㄧ ㄕˊ
哄哄翕翕,1,ㄏㄨㄥ ㄏㄨㄥ ㄒㄧˋ ㄒㄧˋ
哄嚇騙詐,1,ㄏㄨㄥˇ ㄏㄜˋ ㄆㄧㄢˋ ㄓㄚˋ
哆囉哆嗦,1,ㄉㄨㄛ ㄌㄨㄛ˙ ㄉㄨㄛ ㄙㄨㄛ˙
哈利路亞,1,ㄏㄚ ㄌㄧˋ ㄌㄨˋ ㄧㄚˋ
哈姆雷特,1,ㄏㄚ ㄇㄨˇ ㄌㄟˊ ㄊㄜˋ
哈拉庫圖,1,ㄏㄚ ㄌㄚ ㄎㄨˋ ㄊㄨˊ
哈瓦那市,1,ㄏㄚ ㄨㄚˇ ㄋㄚˋ ㄕˋ
哈薩克文,1,ㄏㄚ ㄙㄚˋ ㄎㄜˋ ㄨㄣˊ
哈薩克族,1,ㄏㄚ ㄙㄚˋ ㄎㄜˋ ㄗㄨˊ
哈薩克語,1,ㄏㄚ ㄙㄚˋ ㄎㄜˋ ㄩˇ
哥倫比亞,1,ㄍㄜ ㄌㄨㄣˊ ㄅㄧˇ ㄧㄚˋ
哩哩啦啦,1,ㄌㄧ ㄌㄧ˙ ㄌㄚ ㄌㄚ
哩哩囉囉,1,ㄌㄧ ㄌㄧ˙ ㄌㄨㄛ ㄌㄨㄛ
哩嗹囉嗹,1,ㄌㄧ ㄌㄧㄢˊ ㄌㄨㄛ ㄌㄧㄢˊ
哭哭啼啼,1,ㄎㄨ ㄎㄨ˙ ㄊㄧˊ ㄊㄧˊ
哭喪著臉,1,ㄎㄨ ㄙㄤ ㄓㄜ˙ ㄌㄧㄢˇ
哲人其萎,1,ㄓㄜˊ ㄖㄣˊ ㄑㄧˊ ㄨㄟ
哼哼唧唧,1,ㄏㄥ ㄏㄥ˙ ㄐㄧ ㄐㄧ
哽噎難言,1,ㄍㄥˇ ㄧㄝ ㄋㄢˊ ㄧㄢˊ
唏哩花啦,1,ㄒㄧ ㄌㄧ ㄏㄨㄚ ㄌㄚ
唏唏哈哈,1,ㄒㄧ ㄒㄧ ㄏㄚ ㄏㄚ
唐古喇山,1,ㄊㄤˊ ㄍㄨˇ ㄌㄚˇ ㄕㄢ
唐哉皇哉,1,ㄊㄤˊ ㄗㄞ ㄏㄨㄤˊ ㄗㄞ
唐猊鎧甲,1,ㄊㄤˊ ㄋㄧˊ ㄎㄞˇ ㄐㄧㄚˇ
唐突西施,1,ㄊㄤˊ ㄊㄨˊ ㄒㄧ ㄕ
唐臨晉帖,1,ㄊㄤˊ ㄌㄧㄣˊ ㄐㄧㄣˋ ㄊㄧㄝˋ
唧唧呱呱,1,ㄐㄧ ㄐㄧ ㄍㄨㄚ ㄍㄨㄚ
唧唧咕咕,1,ㄐㄧ ㄐㄧ˙ ㄍㄨ ㄍㄨ
唧唧啾啾,1,ㄐㄧ ㄐㄧ˙ ㄐㄧㄡ ㄐㄧㄡ
唧唧喳喳,1,ㄐㄧ ㄐㄧ˙ ㄓㄚ ㄓㄚ
唧唧嘟嘟,1,ㄐㄧ ㄐㄧ˙ ㄉㄨ ㄉㄨ
唧唧噥噥,1,ㄐㄧ ㄐㄧ˙ ㄋㄨㄥˊ ㄋㄨㄥˊ
唬鬼瞞神,1,ㄏㄨˇ ㄍㄨㄟˇ ㄇㄢˊ ㄕㄣˊ
售貨合約,1,ㄕㄡˋ ㄏㄨㄛˋ ㄏㄜˊ ㄩㄝ
唯利是從,1,ㄨㄟˊ ㄌㄧˋ ㄕˋ ㄘㄨㄥˊ
唯利是求,1,ㄨㄟˊ ㄌㄧˋ ㄕˋ ㄑㄧㄡˊ
唯利是視,1,ㄨㄟˊ ㄌㄧˋ ㄕˋ ㄕˋ
唯吾獨尊,1,ㄨㄟˊ ㄨˊ ㄉㄨˊ ㄗㄨㄣ
唯唯否否,1,ㄨㄟˇ ㄨㄟˇ ㄈㄡˇ ㄈㄡˇ
唯唯諾諾,1,ㄨㄟˇ ㄨㄟˇ ㄋㄨㄛˋ ㄋㄨㄛˋ
唯恐不及,1,ㄨㄟˊ ㄎㄨㄥˇ ㄅㄨˋ ㄐㄧˊ
唯是命題,1,ㄨㄟˊ ㄕˋ ㄇㄧㄥˋ ㄊㄧˊ
唱作俱佳,1,ㄔㄤˋ ㄗㄨㄛˋ ㄐㄩˋ ㄐㄧㄚ
唱作念打,1,ㄔㄤˋ ㄗㄨㄛˋ ㄋㄧㄢˋ ㄉㄚˇ
唱叫揚疾,1,ㄔㄤˋ ㄐㄧㄠˋ ㄧㄤˊ ㄐㄧˊ
唱對臺戲,1,ㄔㄤˋ ㄉㄨㄟˋ ㄊㄞˊ ㄒㄧˋ
唱洋梆子,1,ㄔㄤˋ ㄧㄤˊ ㄅㄤ ㄗ˙
唱空城計,1,ㄔㄤˋ ㄎㄨㄥ ㄔㄥˊ ㄐㄧˋ
唱紅白臉,1,ㄔㄤˋ ㄏㄨㄥˊ ㄅㄞˊ ㄌㄧㄢˇ
唾手可取,1,ㄊㄨㄛˋ ㄕㄡˇ ㄎㄜˇ ㄑㄩˇ
唾沫星子,1,ㄊㄨㄛˋ ㄇㄛ˙ ㄒㄧㄥ ㄗ˙
唾沫直嚥,1,ㄊㄨㄛˋ ㄇㄛˋ ㄓˊ ㄧㄢˋ
商務仲裁,1,ㄕㄤ ㄨˋ ㄓㄨㄥˋ ㄘㄞˊ
商品情報,1,ㄕㄤ ㄆㄧㄣˇ ㄑㄧㄥˊ ㄅㄠˋ
商品條碼,1,ㄕㄤ ㄆㄧㄣˇ ㄊㄧㄠˊ ㄇㄚˇ
商品檢驗,1,ㄕㄤ ㄆㄧㄣˇ ㄐㄧㄢˇ ㄧㄢˋ
商山四皓,1,ㄕㄤ ㄕㄢ ㄙˋ ㄏㄠˋ
商業影片,1,ㄕㄤ ㄧㄝˋ ㄧㄥˇ ㄆㄧㄢˋ
商業設計,1,ㄕㄤ ㄧㄝˋ ㄕㄜˋ ㄐㄧˋ
問一答十,1,ㄨㄣˋ ㄧ ㄉㄚˊ ㄕˊ
問七問八,1,ㄨㄣˋ ㄑㄧ ㄨㄣˋ ㄅㄚ
問事獄具,1,ㄨㄣˋ ㄕˋ ㄩˋ ㄐㄩˋ
問天買卦,1,ㄨㄣˋ ㄊㄧㄢ ㄇㄞˇ ㄍㄨㄚˋ
問安視膳,1,ㄨㄣˋ ㄢ ㄕˋ ㄕㄢˋ
問官答花,1,ㄨㄣˋ ㄍㄨㄢ ㄉㄚˊ ㄏㄨㄚ
問寒問暖,1,ㄨㄣˋ ㄏㄢˊ ㄨㄣˋ ㄋㄨㄢˇ
問柳尋花,1,ㄨㄣˋ ㄌㄧㄡˇ ㄒㄩㄣˊ ㄏㄨㄚ
問柳評花,1,ㄨㄣˋ ㄌㄧㄡˇ ㄆㄧㄥˊ ㄏㄨㄚ
問牛知馬,1,ㄨㄣˋ ㄋㄧㄡˊ ㄓ ㄇㄚˇ
問罪之師,1,ㄨㄣˋ ㄗㄨㄟˋ ㄓ ㄕ
問羊知馬,1,ㄨㄣˋ ㄧㄤˊ ㄓ ㄇㄚˇ
問舍求田,1,ㄨㄣˋ ㄕㄜˋ ㄑㄧㄡˊ ㄊㄧㄢˊ
問諸水濱,1,ㄨㄣˋ ㄓㄨ ㄕㄨㄟˇ ㄅㄧㄣ
啖指咬舌,1,ㄉㄢˋ ㄓˇ ㄧㄠˇ ㄕㄜˊ
啜菽飲水,1,ㄔㄨㄛˋ ㄕㄨˊ ㄧㄣˇ ㄕㄨㄟˇ
啞子做夢,1,ㄧㄚˇ ㄗ˙ ㄗㄨㄛˋ ㄇㄥˋ
啞子得夢,1,ㄧㄚˇ ㄗ˙ ㄉㄜˊ ㄇㄥˋ
啞子托夢,1,ㄧㄚˇ ㄗ˙ ㄊㄨㄛ ㄇㄥˋ
啞然失笑,1,ㄜˋ ㄖㄢˊ ㄕ ㄒㄧㄠˋ
啞然失色,1,ㄜˋ ㄖㄢˊ ㄕ ㄙㄜˋ
啞然無言,1,ㄜˋ ㄖㄢˊ ㄨˊ ㄧㄢˊ
啞默悄靜,1,ㄧㄚˇ ㄇㄛˋ ㄑㄧㄠˇ ㄐㄧㄥˋ
啟動程式,1,ㄑㄧˇ ㄉㄨㄥˋ ㄔㄥˊ ㄕˋ
啟蒙哲學,1,ㄑㄧˇ ㄇㄥˊ ㄓㄜˊ ㄒㄩㄝˊ
啟蒙時代,1,ㄑㄧˇ ㄇㄥˊ ㄕˊ ㄉㄞˋ
啣口墊背,1,ㄒㄧㄢˊ ㄎㄡˇ ㄉㄧㄢˋ ㄅㄟˋ
啻啻磕磕,1,ㄔˋ ㄔˋ ㄎㄜ ㄎㄜ
啼啼哭哭,1,ㄊㄧˊ ㄊㄧ˙ ㄎㄨ ㄎㄨ
啼天哭地,1,ㄊㄧˊ ㄊㄧㄢ ㄎㄨ ㄉㄧˋ
啼飢號寒,1,ㄊㄧˊ ㄐㄧ ㄏㄠˊ ㄏㄢˊ
啾啾唧唧,1,ㄐㄧㄡ ㄐㄧㄡ ㄐㄧ ㄐㄧ
喀什噶爾,1,ㄎㄚˋ ㄕˊ ㄍㄜˊ ㄦˇ
喀什米爾,1,ㄎㄚˋ ㄕˊ ㄇㄧˇ ㄦˇ
喀布爾河,1,ㄎㄚˋ ㄅㄨˋ ㄦˇ ㄏㄜˊ
喁喁噥噥,1,ㄩˊ ㄩˊ ㄋㄨㄥˊ ㄋㄨㄥˊ
喁喁細語,1,ㄩˊ ㄩˊ ㄒㄧˋ ㄩˇ
喃喃吶吶,1,ㄋㄢˊ ㄋㄢˊ ㄋㄚˋ ㄋㄚˋ
喃喃篤篤,1,ㄋㄢˊ ㄋㄢˊ ㄉㄨˇ ㄉㄨˇ
喃喃細語,1,ㄋㄢˊ ㄋㄢˊ ㄒㄧˋ ㄩˇ
善刀而藏,1,ㄕㄢˋ ㄉㄠ ㄦˊ ㄘㄤˊ
善善從長,1,ㄕㄢˋ ㄕㄢˋ ㄘㄨㄥˊ ㄔㄤˊ
善善惡惡,1,ㄕㄢˋ ㄕㄢˋ ㄨˋ ㄜˋ
善始令終,1,ㄕㄢˋ ㄕˇ ㄌㄧㄥˋ ㄓㄨㄥ
善巧便佞,1,ㄕㄢˋ ㄑㄧㄠˇ ㄆㄧㄢˊ ㄋㄧㄥˋ
善才童子,1,ㄕㄢˋ ㄘㄞˊ ㄊㄨㄥˊ ㄗˇ
善氣迎人,1,ㄕㄢˋ ㄑㄧˋ ㄧㄥˊ ㄖㄣˊ
善罷干休,1,ㄕㄢˋ ㄅㄚˋ ㄍㄢ ㄒㄧㄡ
善自為謀,1,ㄕㄢˋ ㄗˋ ㄨㄟˋ ㄇㄡˊ
善與人交,1,ㄕㄢˋ ㄩˇ ㄖㄣˊ ㄐㄧㄠ
善解人意,1,ㄕㄢˋ ㄐㄧㄝˇ ㄖㄣˊ ㄧˋ
善財難捨,1,ㄕㄢˋ ㄘㄞˊ ㄋㄢˊ ㄕㄜˇ
善賈而沽,1,ㄕㄢˋ ㄐㄧㄚˋ ㄦˊ ㄍㄨ
善門難開,1,ㄕㄢˋ ㄇㄣˊ ㄋㄢˊ ㄎㄞ
善頌善禱,1,ㄕㄢˋ ㄙㄨㄥˋ ㄕㄢˋ ㄉㄠˇ
善馬熟人,1,ㄕㄢˋ ㄇㄚˇ ㄕㄡˊ ㄖㄣˊ
喇喇叭叭,1,ㄌㄚ ㄌㄚ˙ ㄅㄚ ㄅㄚ
喇喇哩哩,1,ㄌㄚ ㄌㄚ˙ ㄌㄧ ㄌㄧ
喉長氣短,1,ㄏㄡˊ ㄔㄤˊ ㄑㄧˋ ㄉㄨㄢˇ
喊七叫八,1,ㄏㄢˇ ㄑㄧ ㄐㄧㄠˋ ㄅㄚ
喊冤叫屈,1,ㄏㄢˇ ㄩㄢ ㄐㄧㄠˋ ㄑㄩ
喊殺連天,1,ㄏㄢˇ ㄕㄚ ㄌㄧㄢˊ ㄊㄧㄢ
喊聲震天,1,ㄏㄢˇ ㄕㄥ ㄓㄣˋ ㄊㄧㄢ
喋喋不已,1,ㄉㄧㄝˊ ㄉㄧㄝˊ ㄅㄨˋ ㄧˇ
喋喋便便,1,ㄉㄧㄝˊ ㄉㄧㄝˊ ㄆㄧㄢˊ ㄆㄧㄢˊ
喑嗚叱吒,1,ㄧㄣ ㄨ ㄔˋ ㄓㄚˋ
喑惡叱吒,1,ㄧㄣ ㄨ ㄔˋ ㄓㄚˋ
喓五喝六,1,ㄧㄠ ㄨˇ ㄏㄜˋ ㄌㄧㄡˋ
喔咿嚅唲,1,ㄨㄛˋ ㄧ ㄖㄨˊ ㄦˊ
喙長三尺,1,ㄏㄨㄟˋ ㄔㄤˊ ㄙㄢ ㄔˇ
喜不自勝,1,ㄒㄧˇ ㄅㄨˋ ㄗˋ ㄕㄥ
喜不自禁,1,ㄒㄧˇ ㄅㄨˋ ㄗˋ ㄐㄧㄣ
喜劇人物,1,ㄒㄧˇ ㄐㄩˋ ㄖㄣˊ ㄨˋ
喜劇形象,1,ㄒㄧˇ ㄐㄩˋ ㄒㄧㄥˊ ㄒㄧㄤˋ
喜劇電影,1,ㄒㄧˇ ㄐㄩˋ ㄉㄧㄢˋ ㄧㄥˇ
喜地歡天,1,ㄒㄧˇ ㄉㄧˋ ㄏㄨㄢ ㄊㄧㄢ
喜新厭故,1,ㄒㄧˇ ㄒㄧㄣ ㄧㄢˋ ㄍㄨˋ
喜氣旺色,1,ㄒㄧˇ ㄑㄧˋ ㄨㄤˋ ㄙㄜˋ
喜眉笑眼,1,ㄒㄧˇ ㄇㄟˊ ㄒㄧㄠˋ ㄧㄢˇ
喜躍抃舞,1,ㄒㄧˇ ㄩㄝˋ ㄅㄧㄢˋ ㄨˇ
喜逐顏開,1,ㄒㄧˇ ㄓㄨˊ ㄧㄢˊ ㄎㄞ
喜鵲叫吉,1,ㄒㄧˇ ㄑㄩㄝˋ ㄐㄧㄠˋ ㄐㄧˊ
喝五吆三,1,ㄏㄜˋ ㄨˇ ㄧㄠ ㄙㄢ
喝六呼么,1,ㄏㄜˋ ㄌㄧㄡˋ ㄏㄨ ㄧㄠ
喝啞吧酒,1,ㄏㄜ ㄧㄚˇ ㄅㄚ˙ ㄐㄧㄡˇ
喝神斷鬼,1,ㄏㄜˋ ㄕㄣˊ ㄉㄨㄢˋ ㄍㄨㄟˇ
喝雉呼盧,1,ㄏㄜˋ ㄓˋ ㄏㄨ ㄌㄨˊ
喝風呵煙,1,ㄏㄜ ㄈㄥ ㄏㄜ ㄧㄢ
喝風痾煙,1,ㄏㄜ ㄈㄥ ㄜ ㄧㄢ
喟然而嘆,1,ㄎㄨㄟˋ ㄖㄢˊ ㄦˊ ㄊㄢˋ
喪天害理,1,ㄙㄤ ㄊㄧㄢ ㄏㄞˋ ㄌㄧˇ
喪家之狗,1,ㄙㄤˋ ㄐㄧㄚ ㄓ ㄍㄡˇ
喪明之痛,1,ㄙㄤˋ ㄇㄧㄥˊ ㄓ ㄊㄨㄥˋ
喪權辱國,1,ㄙㄤˋ ㄑㄩㄢˊ ㄖㄨˋ ㄍㄨㄛˊ
喪聲嚎氣,1,ㄙㄤ ㄕㄥ ㄏㄠˊ ㄑㄧˋ
喪聲歪氣,1,ㄙㄤ ㄕㄥ ㄨㄞ ㄑㄧˋ
喪膽亡魂,1,ㄙㄤˋ ㄉㄢˇ ㄨㄤˊ ㄏㄨㄣˊ
喪膽銷魂,1,ㄙㄤˋ ㄉㄢˇ ㄒㄧㄠ ㄏㄨㄣˊ
喪蕩游魂,1,ㄙㄤˋ ㄉㄤˋ ㄧㄡˊ ㄏㄨㄣˊ
喪魂落魄,1,ㄙㄤˋ ㄏㄨㄣˊ ㄌㄨㄛˋ ㄆㄛˋ
喫著不盡,1,ㄔ ㄓㄨㄛˊ ㄅㄨˋ ㄐㄧㄣˋ
喬做胡為,1,ㄑㄧㄠˊ ㄗㄨㄛˋ ㄏㄨˊ ㄨㄟˊ
喬喬畫畫,1,ㄑㄧㄠˊ ㄑㄧㄠˊ ㄏㄨㄚˋ ㄏㄨㄚˋ
喬文假醋,1,ㄑㄧㄠˊ ㄨㄣˊ ㄐㄧㄚˇ ㄘㄨˋ
喬松之壽,1,ㄑㄧㄠˊ ㄙㄨㄥ ㄓ ㄕㄡˋ
喬模喬樣,1,ㄑㄧㄠˊ ㄇㄨˊ ㄑㄧㄠˊ ㄧㄤˋ
喬眉畫眼,1,ㄑㄧㄠˊ ㄇㄟˊ ㄏㄨㄚˋ ㄧㄢˇ
喬聲怪氣,1,ㄑㄧㄠˊ ㄕㄥ ㄍㄨㄞˋ ㄑㄧˋ
喬裝打扮,1,ㄑㄧㄠˊ ㄓㄨㄤ ㄉㄚˇ ㄅㄢˋ
單一市場,1,ㄉㄢ ㄧ ㄕˋ ㄔㄤˇ
單一神教,1,ㄉㄢ ㄧ ㄕㄣˊ ㄐㄧㄠˋ
單一稅率,1,ㄉㄢ ㄧ ㄕㄨㄟˋ ㄌㄩˋ
單一預算,1,ㄉㄢ ㄧ ㄩˋ ㄙㄨㄢˋ
單主寄生,1,ㄉㄢ ㄓㄨˇ ㄐㄧˋ ㄕㄥ
單人獨馬,1,ㄉㄢ ㄖㄣˊ ㄉㄨˊ ㄇㄚˇ
單人車賽,1,ㄉㄢ ㄖㄣˊ ㄔㄜ ㄙㄞˋ
單位價格,1,ㄉㄢ ㄨㄟˋ ㄐㄧㄚˋ ㄍㄜˊ
單位郵票,1,ㄉㄢ ㄨㄟˋ ㄧㄡˊ ㄆㄧㄠˋ
單刀破槍,1,ㄉㄢ ㄉㄠ ㄆㄛˋ ㄑㄧㄤ
單務契約,1,ㄉㄢ ㄨˋ ㄑㄧˋ ㄩㄝ
單口相聲,1,ㄉㄢ ㄎㄡˇ ㄒㄧㄤˋ ㄕㄥ
單向天線,1,ㄉㄢ ㄒㄧㄤˋ ㄊㄧㄢ ㄒㄧㄢˋ
單夫隻婦,1,ㄉㄢ ㄈㄨ ㄓ ㄈㄨˋ
單峰駱駝,1,ㄉㄢ ㄈㄥ ㄌㄨㄛˋ ㄊㄨㄛˊ
單式教學,1,ㄉㄢ ㄕˋ ㄐㄧㄠˋ ㄒㄩㄝˊ
單式預算,1,ㄉㄢ ㄕˋ ㄩˋ ㄙㄨㄢˋ
單弦拉戲,1,ㄉㄢ ㄒㄧㄢˊ ㄌㄚ ㄒㄧˋ
單弦說唱,1,ㄉㄢ ㄒㄧㄢˊ ㄕㄨㄛ ㄔㄤˋ
單張匯票,1,ㄉㄢ ㄓㄤ ㄏㄨㄟˋ ㄆㄧㄠˋ
單循環賽,1,ㄉㄢ ㄒㄩㄣˊ ㄏㄨㄢˊ ㄙㄞˋ
單格臨書,1,ㄉㄢ ㄍㄜˊ ㄌㄧㄣˊ ㄕㄨ
單機作業,1,ㄉㄢ ㄐㄧ ㄗㄨㄛˋ ㄧㄝˋ
單法貨制,1,ㄉㄢ ㄈㄚˇ ㄏㄨㄛˋ ㄓˋ
單獨行為,1,ㄉㄢ ㄉㄨˊ ㄒㄧㄥˊ ㄨㄟˊ
單眉細眼,1,ㄉㄢ ㄇㄟˊ ㄒㄧˋ ㄧㄢˇ
單眼相機,1,ㄉㄢ ㄧㄢˇ ㄒㄧㄤˋ ㄐㄧ
單科大學,1,ㄉㄢ ㄎㄜ ㄉㄚˋ ㄒㄩㄝˊ
單絲不線,1,ㄉㄢ ㄙ ㄅㄨˋ ㄒㄧㄢˋ
單線進行,1,ㄉㄢ ㄒㄧㄢˋ ㄐㄧㄣˋ ㄒㄧㄥˊ
單線領導,1,ㄉㄢ ㄒㄧㄢˋ ㄌㄧㄥˇ ㄉㄠˇ
單花植物,1,ㄉㄢ ㄏㄨㄚ ㄓˊ ㄨˋ
單行法規,1,ㄉㄢ ㄒㄧㄥˊ ㄈㄚˇ ㄍㄨㄟ
單衫百結,1,ㄉㄢ ㄕㄢ ㄅㄞˇ ㄐㄧㄝˊ
單親家庭,1,ㄉㄢ ㄑㄧㄣ ㄐㄧㄚ ㄊㄧㄥˊ
單記投票,1,ㄉㄢ ㄐㄧˋ ㄊㄡˊ ㄆㄧㄠˋ
單車旅行,1,ㄉㄢ ㄔㄜ ㄌㄩˇ ㄒㄧㄥˊ
單音奏法,1,ㄉㄢ ㄧㄣ ㄗㄡˋ ㄈㄚˇ
單養養殖,1,ㄉㄢ ㄧㄤˇ ㄧㄤˇ ㄓˊ
單鵠寡鳧,1,ㄉㄢ ㄏㄨˊ ㄍㄨㄚˇ ㄈㄨˊ
喻世明言,1,ㄩˋ ㄕˋ ㄇㄧㄥˊ ㄧㄢˊ
嗇己奉公,1,ㄙㄜˋ ㄐㄧˇ ㄈㄥˋ ㄍㄨㄥ
嗎啡中毒,1,ㄇㄚˇ ㄈㄟ ㄓㄨㄥˋ ㄉㄨˊ
嗐聲歎氣,1,ㄏㄞˋ ㄕㄥ ㄊㄢˋ ㄑㄧˋ
嗐聲跺腳,1,ㄏㄞˋ ㄕㄥ ㄉㄨㄛˋ ㄐㄧㄠˇ
嗑牙料嘴,1,ㄎㄜˋ ㄧㄚˊ ㄌㄧㄠˋ ㄗㄨㄟˇ
嗑西北風,1,ㄏㄜˊ ㄒㄧ ㄅㄟˇ ㄈㄥ
嗜之如命,1,ㄕˋ ㄓ ㄖㄨˊ ㄇㄧㄥˋ
嗜殺成性,1,ㄕˋ ㄕㄚ ㄔㄥˊ ㄒㄧㄥˋ
嗜痂之癖,1,ㄕˋ ㄐㄧㄚ ㄓ ㄆㄧˇ
嗜痂成癖,1,ㄕˋ ㄐㄧㄚ ㄔㄥˊ ㄆㄧˇ
嗤騾子氣,1,ㄔ ㄌㄨㄛˊ ㄗ˙ ㄑㄧˋ
嗶嗶剝剝,1,ㄅㄧˋ ㄅㄧˋ ㄅㄛ ㄅㄛ
嗷嗷嘔嘔,1,ㄠˊ ㄠˊ ㄒㄩ ㄒㄩ
嘀嘀咕咕,1,ㄉㄧˊ ㄉㄧ˙ ㄍㄨ ㄍㄨ
嘀裡嘟嚕,1,ㄉㄧˊ ㄌㄧˇ ㄉㄨ ㄌㄨ
嘁哩喀喳,1,ㄑㄧ ㄌㄧ˙ ㄎㄚ ㄔㄚ
嘉偶天成,1,ㄐㄧㄚ ㄡˇ ㄊㄧㄢ ㄔㄥˊ
嘉祐四友,1,ㄐㄧㄚ ㄧㄡˋ ㄙˋ ㄧㄡˇ
嘉言善行,1,ㄐㄧㄚ ㄧㄢˊ ㄕㄢˋ ㄒㄧㄥˋ
嘉言懿行,1,ㄐㄧㄚ ㄧㄢˊ ㄧˋ ㄒㄧㄥˋ
嘉麗妹妹,1,ㄐㄧㄚ ㄌㄧˋ ㄇㄟˋ ㄇㄟˋ
嘎嘎渣渣,1,ㄍㄚ ㄍㄚ˙ ㄓㄚ ㄓㄚ
嘎巴流星,1,ㄍㄚ ㄅㄚ˙ ㄌㄧㄡˊ ㄒㄧㄥ
嘓嘓噥噥,1,ㄍㄨㄛ ㄍㄨㄛ˙ ㄋㄨㄥˊ ㄋㄨㄥ
嘓都嘓都,1,ㄍㄨㄛ ㄉㄨ ㄍㄨㄛ ㄉㄨ
嘖嘖稱好,1,ㄗㄜˊ ㄗㄜˊ ㄔㄥ ㄏㄠˇ
嘖嘖讚嘆,1,ㄗㄜˊ ㄗㄜˊ ㄗㄢˋ ㄊㄢˋ
嘗膽臥薪,1,ㄔㄤˊ ㄉㄢˇ ㄨㄛˋ ㄒㄧㄣ
嘗鼎一臠,1,ㄔㄤˊ ㄉㄧㄥˇ ㄧ ㄌㄨㄢˊ
嘟嘟噥噥,1,ㄉㄨ ㄉㄨ˙ ㄋㄨㄥˊ ㄋㄨㄥˊ
嘮三叨四,1,ㄌㄠˊ ㄙㄢ ㄉㄠ ㄙˋ
嘮嘮叨叨,1,ㄌㄠˊ ㄌㄠ˙ ㄉㄠ ㄉㄠ
嘰哩呱啦,1,ㄐㄧ ㄌㄧ ㄍㄨㄚ ㄌㄚ
嘰哩咕嚕,1,ㄐㄧ ㄌㄧ˙ ㄍㄨ ㄌㄨ
嘰嘰咕咕,1,ㄐㄧ ㄐㄧ˙ ㄍㄨ ㄍㄨ
嘰嘰喳喳,1,ㄐㄧ ㄐㄧ˙ ㄓㄚ ㄓㄚ
嘰嘰嘎嘎,1,ㄐㄧ ㄐㄧ˙ ㄍㄚ ㄍㄚ
嘲諷漫罵,1,ㄔㄠˊ ㄈㄥˋ ㄇㄢˋ ㄇㄚˋ
嘲風弄月,1,ㄔㄠˊ ㄈㄥ ㄋㄨㄥˋ ㄩㄝˋ
嘲風詠月,1,ㄔㄠˊ ㄈㄥ ㄩㄥˇ ㄩㄝˋ
嘴嘴舌舌,1,ㄗㄨㄟˇ ㄗㄨㄟˇ ㄕㄜˊ ㄕㄜˊ
嘴尖舌巧,1,ㄗㄨㄟˇ ㄐㄧㄢ ㄕㄜˊ ㄑㄧㄠˇ
嘴尖舌薄,1,ㄗㄨㄟˇ ㄐㄧㄢ ㄕㄜˊ ㄅㄛˊ
嘻嘻嗄嗄,1,ㄒㄧ ㄒㄧ ㄕㄚˋ ㄕㄚˋ
嘻嘻笑笑,1,ㄒㄧ ㄒㄧ ㄒㄧㄠˋ ㄒㄧㄠˋ
嘿嘿無言,1,ㄇㄛˋ ㄇㄛˋ ㄨˊ ㄧㄢˊ
嘿嘿無語,1,ㄇㄛˋ ㄇㄛˋ ㄨˊ ㄩˇ
噍類無遺,1,ㄐㄧㄠˋ ㄌㄟˋ ㄨˊ ㄧˊ
噓枯吹生,1,ㄒㄩ ㄎㄨ ㄔㄨㄟ ㄕㄥ
噗的一聲,1,ㄆㄨ ㄉㄜ˙ ㄧ ㄕㄥ
噙齒戴髮,1,ㄑㄧㄣˊ ㄔˇ ㄉㄞˋ ㄈㄚˇ
噥噥喃喃,1,ㄋㄨㄥˊ ㄋㄨㄥˊ ㄋㄢˊ ㄋㄢˊ
器官移植,1,ㄑㄧˋ ㄍㄨㄢ ㄧˊ ㄓˊ
器官銀行,1,ㄑㄧˋ ㄍㄨㄢ ㄧㄣˊ ㄏㄤˊ
器小易盈,1,ㄑㄧˋ ㄒㄧㄠˇ ㄧˋ ㄧㄥˊ
器滿則傾,1,ㄑㄧˋ ㄇㄢˇ ㄗㄜˊ ㄑㄧㄥ
器鼠難投,1,ㄑㄧˋ ㄕㄨˇ ㄋㄢˊ ㄊㄡˊ
噪音汙染,1,ㄗㄠˋ ㄧㄣ ㄨ ㄖㄢˇ
噪音音樂,1,ㄗㄠˋ ㄧㄣ ㄧㄣ ㄩㄝˋ
噬指棄薪,1,ㄕˋ ㄓˇ ㄑㄧˋ ㄒㄧㄣ
噬臍何及,1,ㄕˋ ㄑㄧˊ ㄏㄜˊ ㄐㄧˊ
噬臍無及,1,ㄕˋ ㄑㄧˊ ㄨˊ ㄐㄧˊ
噬臍莫及,1,ㄕˋ ㄑㄧˊ ㄇㄛˋ ㄐㄧˊ
噴射引擎,1,ㄆㄣ ㄕㄜˋ ㄧㄣˇ ㄑㄧㄥˊ
噴射推進,1,ㄆㄣ ㄕㄜˋ ㄊㄨㄟ ㄐㄧㄣˋ
噴射氣流,1,ㄆㄣ ㄕㄜˋ ㄑㄧˋ ㄌㄧㄡˊ
噴射飛機,1,ㄆㄣ ㄕㄜˋ ㄈㄟ ㄐㄧ
噴灑灌溉,1,ㄆㄣ ㄙㄚˇ ㄍㄨㄢˋ ㄍㄞˋ
噴火女郎,1,ㄆㄣ ㄏㄨㄛˇ ㄋㄩˇ ㄌㄤˊ
噴薄欲出,1,ㄆㄣ ㄅㄛˊ ㄩˋ ㄔㄨ
噴雲噯霧,1,ㄆㄣ ㄩㄣˊ ㄞˋ ㄨˋ
噹啷落地,1,ㄉㄤ ㄌㄤ ㄌㄨㄛˋ ㄉㄧˋ
嚇眉唬眼,1,ㄒㄧㄚˋ ㄇㄟˊ ㄏㄨˇ ㄧㄢˇ
嚎啕痛哭,1,ㄏㄠˊ ㄊㄠˊ ㄊㄨㄥˋ ㄎㄨ
嚎天動地,1,ㄏㄠˊ ㄊㄧㄢ ㄉㄨㄥˋ ㄉㄧˋ
嚎天喊地,1,ㄏㄠˊ ㄊㄧㄢ ㄏㄢˇ ㄉㄧˋ
嚥苦吞甘,1,ㄧㄢˋ ㄎㄨˇ ㄊㄨㄣ ㄍㄢ
嚴懲不貸,1,ㄧㄢˊ ㄔㄥˊ ㄅㄨˋ ㄉㄞˋ
嚴於律己,1,ㄧㄢˊ ㄩˊ ㄌㄩˋ ㄐㄧˇ
嚴氣正性,1,ㄧㄢˊ ㄑㄧˋ ㄓㄥˋ ㄒㄧㄥˋ
嚴詞厲色,1,ㄧㄢˊ ㄘˊ ㄌㄧˋ ㄙㄜˋ
嚶鳴求友,1,ㄧㄥ ㄇㄧㄥˊ ㄑㄧㄡˊ ㄧㄡˇ
嚼墨噴紙,1,ㄐㄩㄝˊ ㄇㄛˋ ㄆㄣ ㄓˇ
囁囁嚅嚅,1,ㄋㄧㄝˋ ㄋㄧㄝˋ ㄖㄨˊ ㄖㄨˊ
囉哩囉嗦,1,ㄌㄨㄛ ㄌㄧ˙ ㄌㄨㄛ ㄙㄨㄛ
囉囉唕唕,1,ㄌㄨㄛ ㄌㄨㄛ˙ ㄗㄠˋ ㄗㄠ˙
囉囉嗦嗦,1,ㄌㄨㄛ ㄌㄨㄛ˙ ㄙㄨㄛ ㄙㄨㄛ˙
囉囉囌囌,1,ㄌㄨㄛ ㄌㄨㄛ˙ ㄙㄨ ㄙㄨ˙
囊中取物,1,ㄋㄤˊ ㄓㄨㄥ ㄑㄩˇ ㄨˋ
囊囊咄咄,1,ㄋㄤˊ ㄋㄤˊ ㄉㄨㄛˋ ㄉㄨㄛˋ
囊囊突突,1,ㄋㄤˊ ㄋㄤˊ ㄊㄨˊ ㄊㄨˊ
囊橐豐盈,1,ㄋㄤˊ ㄊㄨㄛˊ ㄈㄥ ㄧㄥˊ
囊溫郎當,1,ㄋㄤˊ ㄨㄣ ㄌㄤˊ ㄉㄤ
囊篋蕭然,1,ㄋㄤˊ ㄑㄧㄝˋ ㄒㄧㄠ ㄖㄢˊ
囊螢積雪,1,ㄋㄤˊ ㄧㄥˊ ㄐㄧ ㄒㄩㄝˇ
囚首喪面,1,ㄑㄧㄡˊ ㄕㄡˇ ㄙㄤ ㄇㄧㄢˋ
四下無人,1,ㄙˋ ㄒㄧㄚˋ ㄨˊ ㄖㄣˊ
四不拗六,1,ㄙˋ ㄅㄨˋ ㄠˋ ㄌㄧㄡˋ
四仰八叉,1,ㄙˋ ㄧㄤˇ ㄅㄚ ㄔㄚ
四個堅持,1,ㄙˋ ㄍㄜ˙ ㄐㄧㄢ ㄔˊ
四停八當,1,ㄙˋ ㄊㄧㄥˊ ㄅㄚ ㄉㄤˋ
四兩棉花,1,ㄙˋ ㄌㄧㄤˇ ㄇㄧㄢˊ ㄏㄨㄚ˙
四六面體,1,ㄙˋ ㄌㄧㄡˋ ㄇㄧㄢˋ ㄊㄧˇ
四分五落,1,ㄙˋ ㄈㄣ ㄨˇ ㄌㄨㄛˋ
四分位數,1,ㄙˋ ㄈㄣ ㄨㄟˋ ㄕㄨˋ
四分子體,1,ㄙˋ ㄈㄣ ㄗˇ ㄊㄧˇ
四司六局,1,ㄙˋ ㄙ ㄌㄧㄡˋ ㄐㄩˊ
四壁蕭條,1,ㄙˋ ㄅㄧˋ ㄒㄧㄠ ㄊㄧㄠˊ
四大名山,1,ㄙˋ ㄉㄚˋ ㄇㄧㄥˊ ㄕㄢ
四大天王,1,ㄙˋ ㄉㄚˋ ㄊㄧㄢ ㄨㄤˊ
四大奇書,1,ㄙˋ ㄉㄚˋ ㄑㄧˊ ㄕㄨ
四大自由,1,ㄙˋ ㄉㄚˋ ㄗˋ ㄧㄡˊ
四季海棠,1,ㄙˋ ㄐㄧˋ ㄏㄞˇ ㄊㄤˊ
四山五岳,1,ㄙˋ ㄕㄢ ㄨˇ ㄩㄝˋ
四德三從,1,ㄙˋ ㄉㄜˊ ㄙㄢ ㄘㄨㄥˊ
四戰之國,1,ㄙˋ ㄓㄢˋ ㄓ ㄍㄨㄛˊ
四戰之地,1,ㄙˋ ㄓㄢˋ ㄓ ㄉㄧˋ
四明南詞,1,ㄙˋ ㄇㄧㄥˊ ㄋㄢˊ ㄘˊ
四權分立,1,ㄙˋ ㄑㄩㄢˊ ㄈㄣ ㄌㄧˋ
四海承風,1,ㄙˋ ㄏㄞˇ ㄔㄥˊ ㄈㄥ
四海昇平,1,ㄙˋ ㄏㄞˇ ㄕㄥ ㄆㄧㄥˊ
四海歸心,1,ㄙˋ ㄏㄞˇ ㄍㄨㄟ ㄒㄧㄣ
四海稱臣,1,ㄙˋ ㄏㄞˇ ㄔㄥ ㄔㄣˊ
四海鼎沸,1,ㄙˋ ㄏㄞˇ ㄉㄧㄥˇ ㄈㄟˋ
四清六活,1,ㄙˋ ㄑㄧㄥ ㄌㄧㄡˋ ㄏㄨㄛˊ
四無色天,1,ㄙˋ ㄨˊ ㄙㄜˋ ㄊㄧㄢ
四無量心,1,ㄙˋ ㄨˊ ㄌㄧㄤˋ ㄒㄧㄣ
四百四病,1,ㄙˋ ㄅㄞˇ ㄙˋ ㄅㄧㄥˋ
四目相覷,1,ㄙˋ ㄇㄨˋ ㄒㄧㄤ ㄑㄩˋ
四禪八定,1,ㄙˋ ㄔㄢˊ ㄅㄚ ㄉㄧㄥˋ
四紛五落,1,ㄙˋ ㄈㄣ ㄨˇ ㄌㄨㄛˋ
四至八道,1,ㄙˋ ㄓˋ ㄅㄚ ㄉㄠˋ
四處碰壁,1,ㄙˋ ㄔㄨˋ ㄆㄥˋ ㄅㄧˋ
四行倉庫,1,ㄙˋ ㄏㄤˊ ㄘㄤ ㄎㄨˋ
四行孤軍,1,ㄙˋ ㄏㄤˊ ㄍㄨ ㄐㄩㄣ
四角俱全,1,ㄙˋ ㄐㄧㄠˇ ㄐㄩˋ ㄑㄩㄢˊ
四起八拜,1,ㄙˋ ㄑㄧˇ ㄅㄚ ㄅㄞˋ
四通五達,1,ㄙˋ ㄊㄨㄥ ㄨˇ ㄉㄚˊ
四郊多壘,1,ㄙˋ ㄐㄧㄠ ㄉㄨㄛ ㄌㄟˇ
四郎探母,1,ㄙˋ ㄌㄤˊ ㄊㄢˋ ㄇㄨˇ
四鄰八舍,1,ㄙˋ ㄌㄧㄣˊ ㄅㄚ ㄕㄜˋ
四門親家,1,ㄙˋ ㄇㄣˊ ㄑㄧㄥˋ ㄐㄧㄚ˙
四雙八輩,1,ㄙˋ ㄕㄨㄤ ㄅㄚ ㄅㄟˋ
四離四絕,1,ㄙˋ ㄌㄧˊ ㄙˋ ㄐㄩㄝˊ
四面玲瓏,1,ㄙˋ ㄇㄧㄢˋ ㄌㄧㄥˊ ㄌㄨㄥˊ
四面見光,1,ㄙˋ ㄇㄧㄢˋ ㄐㄧㄢˋ ㄍㄨㄤ
四馬攢蹄,1,ㄙˋ ㄇㄚˇ ㄘㄨㄢˊ ㄊㄧˊ
回嗔作喜,1,ㄏㄨㄟˊ ㄔㄣ ㄗㄨㄛˋ ㄒㄧˇ
回回鼻子,1,ㄏㄨㄟˊ ㄏㄨㄟˊ ㄅㄧˊ ㄗ˙
回天之力,1,ㄏㄨㄟˊ ㄊㄧㄢ ㄓ ㄌㄧˋ
回山倒海,1,ㄏㄨㄟˊ ㄕㄢ ㄉㄠˇ ㄏㄞˇ
回復青春,1,ㄏㄨㄟˊ ㄈㄨˋ ㄑㄧㄥ ㄔㄨㄣ
回教聖戰,1,ㄏㄨㄟˊ ㄐㄧㄠˋ ㄕㄥˋ ㄓㄢˋ
回春作用,1,ㄏㄨㄟˊ ㄔㄨㄣ ㄗㄨㄛˋ ㄩㄥˋ
回爐復帳,1,ㄏㄨㄟˊ ㄌㄨˊ ㄈㄨˋ ㄓㄤˋ
回生乏術,1,ㄏㄨㄟˊ ㄕㄥ ㄈㄚˊ ㄕㄨˋ
回生起死,1,ㄏㄨㄟˊ ㄕㄥ ㄑㄧˇ ㄙˇ
回眸一笑,1,ㄏㄨㄟˊ ㄇㄡˊ ㄧ ㄒㄧㄠˋ
回腸九回,1,ㄏㄨㄟˊ ㄔㄤˊ ㄐㄧㄡˇ ㄏㄨㄟˊ
回腸蕩氣,1,ㄏㄨㄟˊ ㄔㄤˊ ㄉㄤˋ ㄑㄧˋ
回船轉舵,1,ㄏㄨㄟˊ ㄔㄨㄢˊ ㄓㄨㄢˇ ㄉㄨㄛˋ
回頭掣腦,1,ㄏㄨㄟˊ ㄊㄡˊ ㄔㄜˋ ㄋㄠˇ
回頭車子,1,ㄏㄨㄟˊ ㄊㄡˊ ㄔㄜ ㄗ˙
回饋作用,1,ㄏㄨㄟˊ ㄎㄨㄟˋ ㄗㄨㄛˋ ㄩㄥˋ
回饋控制,1,ㄏㄨㄟˊ ㄎㄨㄟˋ ㄎㄨㄥˋ ㄓˋ
回黃倒皂,1,ㄏㄨㄟˊ ㄏㄨㄤˊ ㄉㄠˋ ㄗㄠˋ
回黃轉綠,1,ㄏㄨㄟˊ ㄏㄨㄤˊ ㄓㄨㄢˇ ㄌㄩˋ
因事制宜,1,ㄧㄣ ㄕˋ ㄓˋ ㄧˊ
因公假私,1,ㄧㄣ ㄍㄨㄥ ㄐㄧㄚˇ ㄙ
因公行私,1,ㄧㄣ ㄍㄨㄥ ㄒㄧㄥˊ ㄙ
因小見大,1,ㄧㄣ ㄒㄧㄠˇ ㄐㄧㄢˋ ㄉㄚˋ
因式定理,1,ㄧㄣ ㄕˋ ㄉㄧㄥˋ ㄌㄧˇ
因循坐誤,1,ㄧㄣ ㄒㄩㄣˊ ㄗㄨㄛˋ ㄨˋ
因應措施,1,ㄧㄣ ㄧㄥˋ ㄘㄨㄛˋ ㄕ
因敵取資,1,ㄧㄣ ㄉㄧˊ ㄑㄩˇ ㄗ
因果關係,1,ㄧㄣ ㄍㄨㄛˇ ㄍㄨㄢ ㄒㄧ˙
因樹為屋,1,ㄧㄣ ㄕㄨˋ ㄨㄟˊ ㄨ
因禍為福,1,ㄧㄣ ㄏㄨㄛˋ ㄨㄟˊ ㄈㄨˊ
因緣巧合,1,ㄧㄣ ㄩㄢˊ ㄑㄧㄠˇ ㄏㄜˊ
因話隨話,1,ㄧㄣ ㄏㄨㄚˋ ㄙㄨㄟˊ ㄏㄨㄚˋ
因難見巧,1,ㄧㄣ ㄋㄢˊ ㄐㄧㄢˋ ㄑㄧㄠˇ
因風吹火,1,ㄧㄣ ㄈㄥ ㄔㄨㄟ ㄏㄨㄛˇ
困知勉行,1,ㄎㄨㄣˋ ㄓ ㄇㄧㄢˇ ㄒㄧㄥˊ
困處泥塗,1,ㄎㄨㄣˋ ㄔㄨˇ ㄋㄧˊ ㄊㄨˊ
固定作用,1,ㄍㄨˋ ㄉㄧㄥˋ ㄗㄨㄛˋ ㄩㄥˋ
固定匯率,1,ㄍㄨˋ ㄉㄧㄥˋ ㄏㄨㄟˋ ㄌㄩˋ
固定格式,1,ㄍㄨˋ ㄉㄧㄥˋ ㄍㄜˊ ㄕˋ
固定詞組,1,ㄍㄨˋ ㄉㄧㄥˋ ㄘˊ ㄗㄨˇ
固定重音,1,ㄍㄨˋ ㄉㄧㄥˋ ㄓㄨㄥˋ ㄧㄣ
固有國籍,1,ㄍㄨˋ ㄧㄡˇ ㄍㄨㄛˊ ㄐㄧˊ
固有道德,1,ㄍㄨˋ ㄧㄡˇ ㄉㄠˋ ㄉㄜˊ
圈圈套套,1,ㄑㄩㄢ ㄑㄩㄢ ㄊㄠˋ ㄊㄠˋ
國不堪貳,1,ㄍㄨㄛˊ ㄅㄨˋ ㄎㄢ ㄦˋ
國之楨榦,1,ㄍㄨㄛˊ ㄓ ㄓㄣ ㄍㄢˋ
國光勛章,1,ㄍㄨㄛˊ ㄍㄨㄤ ㄒㄩㄣ ㄓㄤ
國光獎章,1,ㄍㄨㄛˊ ㄍㄨㄤ ㄐㄧㄤˇ ㄓㄤ
國內新聞,1,ㄍㄨㄛˊ ㄋㄟˋ ㄒㄧㄣ ㄨㄣˊ
國內要聞,1,ㄍㄨㄛˊ ㄋㄟˋ ㄧㄠˋ ㄨㄣˊ
國力要素,1,ㄍㄨㄛˊ ㄌㄧˋ ㄧㄠˋ ㄙㄨˋ
國和民順,1,ㄍㄨㄛˊ ㄏㄜˊ ㄇㄧㄣˊ ㄕㄨㄣˋ
國困民艱,1,ㄍㄨㄛˊ ㄎㄨㄣˋ ㄇㄧㄣˊ ㄐㄧㄢ
國土規劃,1,ㄍㄨㄛˊ ㄊㄨˇ ㄍㄨㄟ ㄏㄨㄚˋ
國士無雙,1,ㄍㄨㄛˊ ㄕˋ ㄨˊ ㄕㄨㄤ
國外匯兌,1,ㄍㄨㄛˊ ㄨㄞˋ ㄏㄨㄟˋ ㄉㄨㄟˋ
國家公債,1,ㄍㄨㄛˊ ㄐㄧㄚ ㄍㄨㄥ ㄓㄞˋ
國家劇院,1,ㄍㄨㄛˊ ㄐㄧㄚ ㄐㄩˋ ㄩㄢˋ
國家博士,1,ㄍㄨㄛˊ ㄐㄧㄚ ㄅㄛˊ ㄕˋ
國家大事,1,ㄍㄨㄛˊ ㄐㄧㄚ ㄉㄚˋ ㄕˋ
國家建設,1,ㄍㄨㄛˊ ㄐㄧㄚ ㄐㄧㄢˋ ㄕㄜˋ
國家承認,1,ㄍㄨㄛˊ ㄐㄧㄚ ㄔㄥˊ ㄖㄣˋ
國家棟梁,1,ㄍㄨㄛˊ ㄐㄧㄚ ㄉㄨㄥˋ ㄌㄧㄤˊ
國家榮譽,1,ㄍㄨㄛˊ ㄐㄧㄚ ㄖㄨㄥˊ ㄩˋ
國家祥瑞,1,ㄍㄨㄛˊ ㄐㄧㄚ ㄒㄧㄤˊ ㄖㄨㄟˋ
國家賠償,1,ㄍㄨㄛˊ ㄐㄧㄚ ㄆㄟˊ ㄔㄤˊ
國家闈場,1,ㄍㄨㄛˊ ㄐㄧㄚ ㄨㄟˊ ㄔㄤˊ
國富兵強,1,ㄍㄨㄛˊ ㄈㄨˋ ㄅㄧㄥ ㄑㄧㄤˊ
國富調查,1,ㄍㄨㄛˊ ㄈㄨˋ ㄉㄧㄠˋ ㄔㄚˊ
國將不國,1,ㄍㄨㄛˊ ㄐㄧㄤ ㄅㄨˋ ㄍㄨㄛˊ
國戚皇親,1,ㄍㄨㄛˊ ㄑㄧ ㄏㄨㄤˊ ㄑㄧㄣ
國會主權,1,ㄍㄨㄛˊ ㄏㄨㄟˋ ㄓㄨˇ ㄑㄩㄢˊ
國民兵役,1,ㄍㄨㄛˊ ㄇㄧㄣˊ ㄅㄧㄥ ㄧˋ
國民年金,1,ㄍㄨㄛˊ ㄇㄧㄣˊ ㄋㄧㄢˊ ㄐㄧㄣ
國民福利,1,ㄍㄨㄛˊ ㄇㄧㄣˊ ㄈㄨˊ ㄌㄧˋ
國民道德,1,ㄍㄨㄛˊ ㄇㄧㄣˊ ㄉㄠˋ ㄉㄜˊ
國民銀行,1,ㄍㄨㄛˊ ㄇㄧㄣˊ ㄧㄣˊ ㄏㄤˊ
國營貿易,1,ㄍㄨㄛˊ ㄧㄥˊ ㄇㄠˋ ㄧˋ
國爾忘家,1,ㄍㄨㄛˊ ㄦˇ ㄨㄤˋ ㄐㄧㄚ
國窮民困,1,ㄍㄨㄛˊ ㄑㄩㄥˊ ㄇㄧㄣˊ ㄎㄨㄣˋ
國統綱領,1,ㄍㄨㄛˊ ㄊㄨㄥˇ ㄍㄤ ㄌㄧㄥˇ
國色天姿,1,ㄍㄨㄛˊ ㄙㄜˋ ㄊㄧㄢ ㄗ
國語辭典,1,ㄍㄨㄛˊ ㄩˇ ㄘˊ ㄉㄧㄢˇ
國語配音,1,ㄍㄨㄛˊ ㄩˇ ㄆㄟˋ ㄧㄣ
國防化學,1,ㄍㄨㄛˊ ㄈㄤˊ ㄏㄨㄚˋ ㄒㄩㄝˊ
國防科學,1,ㄍㄨㄛˊ ㄈㄤˊ ㄎㄜ ㄒㄩㄝˊ
國防體制,1,ㄍㄨㄛˊ ㄈㄤˊ ㄊㄧˇ ㄓˋ
國防體育,1,ㄍㄨㄛˊ ㄈㄤˊ ㄊㄧˇ ㄩˋ
國際人格,1,ㄍㄨㄛˊ ㄐㄧˋ ㄖㄣˊ ㄍㄜˊ
國際仲裁,1,ㄍㄨㄛˊ ㄐㄧˋ ㄓㄨㄥˋ ㄘㄞˊ
國際企業,1,ㄍㄨㄛˊ ㄐㄧˋ ㄑㄧˋ ㄧㄝˋ
國際公制,1,ㄍㄨㄛˊ ㄐㄧˋ ㄍㄨㄥ ㄓˋ
國際共管,1,ㄍㄨㄛˊ ㄐㄧˋ ㄍㄨㄥˋ ㄍㄨㄢˇ
國際危機,1,ㄍㄨㄛˊ ㄐㄧˋ ㄨㄟˊ ㄐㄧ
國際商展,1,ㄍㄨㄛˊ ㄐㄧˋ ㄕㄤ ㄓㄢˇ
國際大學,1,ㄍㄨㄛˊ ㄐㄧˋ ㄉㄚˋ ㄒㄩㄝˊ
國際奧會,1,ㄍㄨㄛˊ ㄐㄧˋ ㄠˋ ㄏㄨㄟˋ
國際投資,1,ㄍㄨㄛˊ ㄐㄧˋ ㄊㄡˊ ㄗ
國際新聞,1,ㄍㄨㄛˊ ㄐㄧˋ ㄒㄧㄣ ㄨㄣˊ
國際水準,1,ㄍㄨㄛˊ ㄐㄧˋ ㄕㄨㄟˇ ㄓㄨㄣˇ
國際法人,1,ㄍㄨㄛˊ ㄐㄧˋ ㄈㄚˇ ㄖㄣˊ
國際準備,1,ㄍㄨㄛˊ ㄐㄧˋ ㄓㄨㄣˇ ㄅㄟˋ
國際漫遊,1,ㄍㄨㄛˊ ㄐㄧˋ ㄇㄢˋ ㄧㄡˊ
國際索償,1,ㄍㄨㄛˊ ㄐㄧˋ ㄙㄨㄛˇ ㄔㄤˊ
國際舞臺,1,ㄍㄨㄛˊ ㄐㄧˋ ㄨˇ ㄊㄞˊ
國際裁判,1,ㄍㄨㄛˊ ㄐㄧˋ ㄘㄞˊ ㄆㄢˋ
國際責任,1,ㄍㄨㄛˊ ㄐㄧˋ ㄗㄜˊ ㄖㄣˋ
國際貸借,1,ㄍㄨㄛˊ ㄐㄧˋ ㄉㄞˋ ㄐㄧㄝˋ
國際駕照,1,ㄍㄨㄛˊ ㄐㄧˋ ㄐㄧㄚˋ ㄓㄠˋ
國音字母,1,ㄍㄨㄛˊ ㄧㄣ ㄗˋ ㄇㄨˇ
圍城打援,1,ㄨㄟˊ ㄔㄥˊ ㄉㄚˇ ㄩㄢˊ
圍棋段位,1,ㄨㄟˊ ㄑㄧˊ ㄉㄨㄢˋ ㄨㄟˋ
圍魏救趙,1,ㄨㄟˊ ㄨㄟˋ ㄐㄧㄡˋ ㄓㄠˋ
園藝作物,1,ㄩㄢˊ ㄧˋ ㄗㄨㄛˋ ㄨˋ
圓周運動,1,ㄩㄢˊ ㄓㄡ ㄩㄣˋ ㄉㄨㄥˋ
圓形劇場,1,ㄩㄢˊ ㄒㄧㄥˊ ㄐㄩˋ ㄔㄤˊ
圓形動物,1,ㄩㄢˊ ㄒㄧㄥˊ ㄉㄨㄥˋ ㄨˋ
圓脣元音,1,ㄩㄢˊ ㄔㄨㄣˊ ㄩㄢˊ ㄧㄣ
圓通大士,1,ㄩㄢˊ ㄊㄨㄥ ㄉㄚˋ ㄕˋ
圓錐曲線,1,ㄩㄢˊ ㄓㄨㄟ ㄑㄩ ㄒㄧㄢˋ
圓鑿方枘,1,ㄩㄢˊ ㄗㄨㄛˋ ㄈㄤ ㄖㄨㄟˋ
圓面大耳,1,ㄩㄢˊ ㄇㄧㄢˋ ㄉㄚˋ ㄦˇ
圓頭方足,1,ㄩㄢˊ ㄊㄡˊ ㄈㄤ ㄗㄨˊ
圓首方足,1,ㄩㄢˊ ㄕㄡˇ ㄈㄤ ㄗㄨˊ
圖形分析,1,ㄊㄨˊ ㄒㄧㄥˊ ㄈㄣ ㄒㄧ
圖控軟體,1,ㄊㄨˊ ㄎㄨㄥˋ ㄖㄨㄢˇ ㄊㄧˇ
圖文傳播,1,ㄊㄨˊ ㄨㄣˊ ㄔㄨㄢˊ ㄅㄛˋ
圖書分類,1,ㄊㄨˊ ㄕㄨ ㄈㄣ ㄌㄟˋ
圖書禮券,1,ㄊㄨˊ ㄕㄨ ㄌㄧˇ ㄑㄩㄢˋ
圖書編目,1,ㄊㄨˊ ㄕㄨ ㄅㄧㄢ ㄇㄨˋ
圖書館週,1,ㄊㄨˊ ㄕㄨ ㄍㄨㄢˇ ㄓㄡ
圖為不軌,1,ㄊㄨˊ ㄨㄟˊ ㄅㄨˋ ㄍㄨㄟˇ
圖畫文字,1,ㄊㄨˊ ㄏㄨㄚˋ ㄨㄣˊ ㄗˋ
圖窮匕現,1,ㄊㄨˊ ㄑㄩㄥˊ ㄅㄧˇ ㄒㄧㄢˋ
圖窮匕見,1,ㄊㄨˊ ㄑㄩㄥˊ ㄅㄧˇ ㄒㄧㄢˋ
圖財害命,1,ㄊㄨˊ ㄘㄞˊ ㄏㄞˋ ㄇㄧㄥˋ
圖財致命,1,ㄊㄨˊ ㄘㄞˊ ㄓˋ ㄇㄧㄥˋ
圖資系統,1,ㄊㄨˊ ㄗ ㄒㄧˋ ㄊㄨㄥˇ
團沙群島,1,ㄊㄨㄢˊ ㄕㄚ ㄑㄩㄣˊ ㄉㄠˇ
團結一心,1,ㄊㄨㄢˊ ㄐㄧㄝˊ ㄧ ㄒㄧㄣ
團頭團臉,1,ㄊㄨㄢˊ ㄊㄡˊ ㄊㄨㄢˊ ㄌㄧㄢˇ
團頭聚面,1,ㄊㄨㄢˊ ㄊㄡˊ ㄐㄩˋ ㄇㄧㄢˋ
團體協約,1,ㄊㄨㄢˊ ㄊㄧˇ ㄒㄧㄝˊ ㄩㄝ
團體意識,1,ㄊㄨㄢˊ ㄊㄧˇ ㄧˋ ㄕˋ
團體治療,1,ㄊㄨㄢˊ ㄊㄧˇ ㄓˋ ㄌㄧㄠˊ
團體行動,1,ㄊㄨㄢˊ ㄊㄧˇ ㄒㄧㄥˊ ㄉㄨㄥˋ
團體規範,1,ㄊㄨㄢˊ ㄊㄧˇ ㄍㄨㄟ ㄈㄢˋ
團體輔導,1,ㄊㄨㄢˊ ㄊㄧˇ ㄈㄨˇ ㄉㄠˇ
土中曲蟮,1,ㄊㄨˇ ㄓㄨㄥ ㄑㄩ ㄕㄢˋ
土俗民情,1,ㄊㄨˇ ㄙㄨˊ ㄇㄧㄣˊ ㄑㄧㄥˊ
土偶桃梗,1,ㄊㄨˇ ㄡˇ ㄊㄠˊ ㄍㄥˇ
土地信託,1,ㄊㄨˇ ㄉㄧˋ ㄒㄧㄣˋ ㄊㄨㄛ
土地徵收,1,ㄊㄨˇ ㄉㄧˋ ㄓㄥ ㄕㄡ
土地登記,1,ㄊㄨˇ ㄉㄧˋ ㄉㄥ ㄐㄧˋ
土埋半截,1,ㄊㄨˇ ㄇㄞˊ ㄅㄢˋ ㄐㄧㄝˊ
土壤保持,1,ㄊㄨˇ ㄖㄤˇ ㄅㄠˇ ㄔˊ
土壤汙染,1,ㄊㄨˇ ㄖㄤˇ ㄨ ㄖㄢˇ
土壤沖蝕,1,ㄊㄨˇ ㄖㄤˇ ㄔㄨㄥ ㄕˊ
土壤細流,1,ㄊㄨˇ ㄖㄤˇ ㄒㄧˋ ㄌㄧㄡˊ
土崩魚爛,1,ㄊㄨˇ ㄅㄥ ㄩˊ ㄌㄢˋ
土托魚羹,1,ㄊㄨˇ ㄊㄨㄛ ㄩˊ ㄍㄥ
土木之變,1,ㄊㄨˇ ㄇㄨˋ ㄓ ㄅㄧㄢˋ
土木偶人,1,ㄊㄨˇ ㄇㄨˋ ㄡˇ ㄖㄣˊ
土木形骸,1,ㄊㄨˇ ㄇㄨˋ ㄒㄧㄥˊ ㄏㄞˊ
土牛木馬,1,ㄊㄨˇ ㄋㄧㄡˊ ㄇㄨˋ ㄇㄚˇ
土耳其語,1,ㄊㄨˇ ㄦˇ ㄑㄧˊ ㄩˇ
土質液化,1,ㄊㄨˇ ㄓˊ ㄧㄝˋ ㄏㄨㄚˋ
土長根生,1,ㄊㄨˇ ㄓㄤˇ ㄍㄣ ㄕㄥ
土階茅屋,1,ㄊㄨˇ ㄐㄧㄝ ㄇㄠˊ ㄨ
土階茅茨,1,ㄊㄨˇ ㄐㄧㄝ ㄇㄠˊ ㄘˊ
土雞瓦犬,1,ㄊㄨˇ ㄐㄧ ㄨㄚˇ ㄑㄩㄢˇ
土雨紛紛,1,ㄊㄨˇ ㄩˇ ㄈㄣ ㄈㄣ
土龍芻狗,1,ㄊㄨˇ ㄌㄨㄥˊ ㄔㄨˊ ㄍㄡˇ
在官言官,1,ㄗㄞˋ ㄍㄨㄢ ㄧㄢˊ ㄍㄨㄢ
在家出家,1,ㄗㄞˋ ㄐㄧㄚ ㄔㄨ ㄐㄧㄚ
在所不免,1,ㄗㄞˋ ㄙㄨㄛˇ ㄅㄨˋ ㄇㄧㄢˇ
在此存照,1,ㄗㄞˋ ㄘˇ ㄘㄨㄣˊ ㄓㄠˋ
在職教育,1,ㄗㄞˋ ㄓˊ ㄐㄧㄠˋ ㄩˋ
在臺協會,1,ㄗㄞˋ ㄊㄞˊ ㄒㄧㄝˊ ㄏㄨㄟˋ
在陳之厄,1,ㄗㄞˋ ㄔㄣˊ ㄓ ㄜˋ
圯上老人,1,ㄧˊ ㄕㄤˋ ㄌㄠˇ ㄖㄣˊ
圯橋進履,1,ㄧˊ ㄑㄧㄠˊ ㄐㄧㄣˋ ㄌㄩˇ
地丁錢糧,1,ㄉㄧˋ ㄉㄧㄥ ㄑㄧㄢˊ ㄌㄧㄤˊ
地下修文,1,ㄉㄧˋ ㄒㄧㄚˋ ㄒㄧㄡ ㄨㄣˊ
地下夫人,1,ㄉㄧˋ ㄒㄧㄚˋ ㄈㄨ ㄖㄣˊ
地下投資,1,ㄉㄧˋ ㄒㄧㄚˋ ㄊㄡˊ ㄗ
地下有知,1,ㄉㄧˋ ㄒㄧㄚˋ ㄧㄡˇ ㄓ
地下核爆,1,ㄉㄧˋ ㄒㄧㄚˋ ㄏㄜˊ ㄅㄠˋ
地下核試,1,ㄉㄧˋ ㄒㄧㄚˋ ㄏㄜˊ ㄕˋ
地下水面,1,ㄉㄧˋ ㄒㄧㄚˋ ㄕㄨㄟˇ ㄇㄧㄢˋ
地下油行,1,ㄉㄧˋ ㄒㄧㄚˋ ㄧㄡˊ ㄏㄤˊ
地下經濟,1,ㄉㄧˋ ㄒㄧㄚˋ ㄐㄧㄥ ㄐㄧˋ
地下舞廳,1,ㄉㄧˋ ㄒㄧㄚˋ ㄨˇ ㄊㄧㄥ
地下資源,1,ㄉㄧˋ ㄒㄧㄚˋ ㄗ ㄩㄢˊ
地下電臺,1,ㄉㄧˋ ㄒㄧㄚˋ ㄉㄧㄢˋ ㄊㄞˊ
地久天長,1,ㄉㄧˋ ㄐㄧㄡˇ ㄊㄧㄢ ㄔㄤˊ
地價公告,1,ㄉㄧˋ ㄐㄧㄚˋ ㄍㄨㄥ ㄍㄠˋ
地利之便,1,ㄉㄧˋ ㄌㄧˋ ㄓ ㄅㄧㄢˋ
地利人和,1,ㄉㄧˋ ㄌㄧˋ ㄖㄣˊ ㄏㄜˊ
地動山搖,1,ㄉㄧˋ ㄉㄨㄥˋ ㄕㄢ ㄧㄠˊ
地區方言,1,ㄉㄧˋ ㄑㄩ ㄈㄤ ㄧㄢˊ
地土風俗,1,ㄉㄧˋ ㄊㄨˇ ㄈㄥ ㄙㄨˊ
地大物豐,1,ㄉㄧˋ ㄉㄚˋ ㄨˋ ㄈㄥ
地崩山摧,1,ㄉㄧˋ ㄅㄥ ㄕㄢ ㄘㄨㄟ
地平天成,1,ㄉㄧˋ ㄆㄧㄥˊ ㄊㄧㄢ ㄔㄥˊ
地府勾牌,1,ㄉㄧˋ ㄈㄨˇ ㄍㄡ ㄆㄞˊ
地廣人稠,1,ㄉㄧˋ ㄍㄨㄤˇ ㄖㄣˊ ㄔㄡˊ
地方人士,1,ㄉㄧˋ ㄈㄤ ㄖㄣˊ ㄕˋ
地方人情,1,ㄉㄧˋ ㄈㄤ ㄖㄣˊ ㄑㄧㄥˊ
地方戲曲,1,ㄉㄧˋ ㄈㄤ ㄒㄧˋ ㄑㄩˇ
地方火甲,1,ㄉㄧˋ ㄈㄤ ㄏㄨㄛˇ ㄐㄧㄚˇ
地方色彩,1,ㄉㄧˋ ㄈㄤ ㄙㄜˋ ㄘㄞˇ
地方議會,1,ㄉㄧˋ ㄈㄤ ㄧˋ ㄏㄨㄟˋ
地望高華,1,ㄉㄧˋ ㄨㄤˋ ㄍㄠ ㄏㄨㄚˊ
地板運動,1,ㄉㄧˋ ㄅㄢˇ ㄩㄣˋ ㄉㄨㄥˋ
地殼變動,1,ㄉㄧˋ ㄎㄜˊ ㄅㄧㄢˋ ㄉㄨㄥˋ
地無不載,1,ㄉㄧˋ ㄨˊ ㄅㄨˋ ㄗㄞˋ
地無立錐,1,ㄉㄧˋ ㄨˊ ㄌㄧˋ ㄓㄨㄟ
地牛發威,1,ㄉㄧˋ ㄋㄧㄡˊ ㄈㄚ ㄨㄟ
地牛翻身,1,ㄉㄧˋ ㄋㄧㄡˊ ㄈㄢ ㄕㄣ
地理先生,1,ㄉㄧˋ ㄌㄧˇ ㄒㄧㄢ ㄕㄥ
地理景觀,1,ㄉㄧˋ ㄌㄧˇ ㄐㄧㄥˇ ㄍㄨㄢ
地理腳色,1,ㄉㄧˋ ㄌㄧˇ ㄐㄧㄠˇ ㄙㄜˋ
地瘠人稀,1,ㄉㄧˋ ㄐㄧˊ ㄖㄣˊ ㄒㄧ
地盡其利,1,ㄉㄧˋ ㄐㄧㄣˋ ㄑㄧˊ ㄌㄧˋ
地盤下陷,1,ㄉㄧˋ ㄆㄢˊ ㄒㄧㄚˋ ㄒㄧㄢˋ
地窄路險,1,ㄉㄧˋ ㄓㄞˇ ㄌㄨˋ ㄒㄧㄢˇ
地網天羅,1,ㄉㄧˋ ㄨㄤˇ ㄊㄧㄢ ㄌㄨㄛˊ
地若瓜分,1,ㄉㄧˋ ㄖㄨㄛˋ ㄍㄨㄚ ㄈㄣ
地裂山崩,1,ㄉㄧˋ ㄌㄧㄝˋ ㄕㄢ ㄅㄥ
地覆天翻,1,ㄉㄧˋ ㄈㄨˋ ㄊㄧㄢ ㄈㄢ
地角天涯,1,ㄉㄧˋ ㄐㄧㄠˇ ㄊㄧㄢ ㄧㄚˊ
地質活動,1,ㄉㄧˋ ㄓˊ ㄏㄨㄛˊ ㄉㄨㄥˋ
地醜德齊,1,ㄉㄧˋ ㄔㄡˇ ㄉㄜˊ ㄑㄧˊ
地震強度,1,ㄉㄧˋ ㄓㄣˋ ㄑㄧㄤˊ ㄉㄨˋ
地震規模,1,ㄉㄧˋ ㄓㄣˋ ㄍㄨㄟ ㄇㄛˊ
地靈人傑,1,ㄉㄧˋ ㄌㄧㄥˊ ㄖㄣˊ ㄐㄧㄝˊ
均夷作用,1,ㄐㄩㄣ ㄧˊ ㄗㄨㄛˋ ㄩㄥˋ
均權制度,1,ㄐㄩㄣ ㄑㄩㄢˊ ㄓˋ ㄉㄨˋ
均買均賣,1,ㄐㄩㄣ ㄇㄞˇ ㄐㄩㄣ ㄇㄞˋ
坌鳥先飛,1,ㄅㄣˋ ㄋㄧㄠˇ ㄒㄧㄢ ㄈㄟ
坎井之蛙,1,ㄎㄢˇ ㄐㄧㄥˇ ㄓ ㄨㄚ
坐不垂堂,1,ㄗㄨㄛˋ ㄅㄨˋ ㄔㄨㄟˊ ㄊㄤˊ
坐不安席,1,ㄗㄨㄛˋ ㄅㄨˋ ㄢ ㄒㄧˊ
坐不窺堂,1,ㄗㄨㄛˋ ㄅㄨˋ ㄎㄨㄟ ㄊㄤˊ
坐吃山崩,1,ㄗㄨㄛˋ ㄔ ㄕㄢ ㄅㄥ
坐喫山崩,1,ㄗㄨㄛˋ ㄔ ㄕㄢ ㄅㄥ
坐困愁城,1,ㄗㄨㄛˋ ㄎㄨㄣˋ ㄔㄡˊ ㄔㄥˊ
坐床富貴,1,ㄗㄨㄛˋ ㄔㄨㄤˊ ㄈㄨˋ ㄍㄨㄟˋ
坐床撒帳,1,ㄗㄨㄛˋ ㄔㄨㄤˊ ㄙㄚˇ ㄓㄤˋ
坐懷不亂,1,ㄗㄨㄛˋ ㄏㄨㄞˊ ㄅㄨˋ ㄌㄨㄢˋ
坐擁書城,1,ㄗㄨㄛˋ ㄩㄥˇ ㄕㄨ ㄔㄥˊ
坐擁百城,1,ㄗㄨㄛˋ ㄩㄥˇ ㄅㄞˇ ㄔㄥˊ
坐無車公,1,ㄗㄨㄛˋ ㄨˊ ㄔㄜ ㄍㄨㄥ
坐產招夫,1,ㄗㄨㄛˋ ㄔㄢˇ ㄓㄠ ㄈㄨ
坐籌帷幄,1,ㄗㄨㄛˋ ㄔㄡˊ ㄨㄟˊ ㄨㄛˋ
坐紅椅子,1,ㄗㄨㄛˋ ㄏㄨㄥˊ ㄧˇ ㄗ˙
坐而待斃,1,ㄗㄨㄛˋ ㄦˊ ㄉㄞˋ ㄅㄧˋ
坐而待旦,1,ㄗㄨㄛˋ ㄦˊ ㄉㄞˋ ㄉㄢˋ
坐而論道,1,ㄗㄨㄛˋ ㄦˊ ㄌㄨㄣˋ ㄉㄠˋ
坐臥不安,1,ㄗㄨㄛˋ ㄨㄛˋ ㄅㄨˋ ㄢ
坐臥不寧,1,ㄗㄨㄛˋ ㄨㄛˋ ㄅㄨˋ ㄋㄧㄥˊ
坐薪嘗膽,1,ㄗㄨㄛˋ ㄒㄧㄣ ㄔㄤˊ ㄉㄢˇ
坐薪懸膽,1,ㄗㄨㄛˋ ㄒㄧㄣ ㄒㄩㄢˊ ㄉㄢˇ
坐視成敗,1,ㄗㄨㄛˋ ㄕˋ ㄔㄥˊ ㄅㄞˋ
坐言起行,1,ㄗㄨㄛˋ ㄧㄢˊ ㄑㄧˇ ㄒㄧㄥˊ
坑家敗業,1,ㄎㄥ ㄐㄧㄚ ㄅㄞˋ ㄧㄝˋ
坑崩拐騙,1,ㄎㄥ ㄅㄥ ㄍㄨㄞˇ ㄆㄧㄢˋ
坑灰未冷,1,ㄎㄥ ㄏㄨㄟ ㄨㄟˋ ㄌㄥˇ
坑蒙拐騙,1,ㄎㄥ ㄇㄥˊ ㄍㄨㄞˇ ㄆㄧㄢˋ
坡陡水急,1,ㄆㄛ ㄉㄡˇ ㄕㄨㄟˇ ㄐㄧˊ
坦坦蕩蕩,1,ㄊㄢˇ ㄊㄢˇ ㄉㄤˋ ㄉㄤˋ
坦腹東床,1,ㄊㄢˇ ㄈㄨˋ ㄉㄨㄥ ㄔㄨㄤˊ
垂名竹帛,1,ㄔㄨㄟˊ ㄇㄧㄥˊ ㄓㄨˊ ㄅㄛˊ
垂手而得,1,ㄔㄨㄟˊ ㄕㄡˇ ㄦˊ ㄉㄜˊ
垂手過膝,1,ㄔㄨㄟˊ ㄕㄡˇ ㄍㄨㄛˋ ㄒㄧ
垂拱而治,1,ㄔㄨㄟˊ ㄍㄨㄥˇ ㄦˊ ㄓˋ
垂於將來,1,ㄔㄨㄟˊ ㄩˊ ㄐㄧㄤ ㄌㄞˊ
垂白上僂,1,ㄔㄨㄟˊ ㄅㄞˊ ㄕㄤˋ ㄌㄡˊ
垂白之親,1,ㄔㄨㄟˊ ㄅㄞˊ ㄓ ㄑㄧㄣ
垂直起飛,1,ㄔㄨㄟˊ ㄓˊ ㄑㄧˇ ㄈㄟ
垂裕後昆,1,ㄔㄨㄟˊ ㄩˋ ㄏㄡˋ ㄎㄨㄣ
垂頭拱手,1,ㄔㄨㄟˊ ㄊㄡˊ ㄍㄨㄥˇ ㄕㄡˇ
垂頭搨翼,1,ㄔㄨㄟˊ ㄊㄡˊ ㄊㄚˋ ㄧˋ
垂首喪氣,1,ㄔㄨㄟˊ ㄕㄡˇ ㄙㄤˋ ㄑㄧˋ
垂馨千祀,1,ㄔㄨㄟˊ ㄒㄧㄣ ㄑㄧㄢ ㄙˋ
垃圾分類,1,ㄌㄜˋ ㄙㄜˋ ㄈㄣ ㄌㄟˋ
垃圾回收,1,ㄌㄜˋ ㄙㄜˋ ㄏㄨㄟˊ ㄕㄡ
垃圾食物,1,ㄌㄜˋ ㄙㄜˋ ㄕˊ ㄨˋ
型別轉換,1,ㄒㄧㄥˊ ㄅㄧㄝˊ ㄓㄨㄢˇ ㄏㄨㄢˋ
埋天怨地,1,ㄇㄢˊ ㄊㄧㄢ ㄩㄢˋ ㄉㄧˋ
埋杆豎柱,1,ㄇㄞˊ ㄍㄢ ㄕㄨˋ ㄓㄨˋ
埋鍋造飯,1,ㄇㄞˊ ㄍㄨㄛ ㄗㄠˋ ㄈㄢˋ
城北徐公,1,ㄔㄥˊ ㄅㄟˇ ㄒㄩˊ ㄍㄨㄥ
城市山林,1,ㄔㄥˊ ㄕˋ ㄕㄢ ㄌㄧㄣˊ
城市網絡,1,ㄔㄥˊ ㄕˋ ㄨㄤˇ ㄌㄨㄛˋ
城府深密,1,ㄔㄥˊ ㄈㄨˇ ㄕㄣ ㄇㄧˋ
城邦國家,1,ㄔㄥˊ ㄅㄤ ㄍㄨㄛˊ ㄐㄧㄚ
城開不夜,1,ㄔㄥˊ ㄎㄞ ㄅㄨˋ ㄧㄝˋ
執兩用中,1,ㄓˊ ㄌㄧㄤˇ ㄩㄥˋ ㄓㄨㄥ
執憑文帖,1,ㄓˊ ㄆㄧㄥˊ ㄨㄣˊ ㄊㄧㄝˇ
執柯作伐,1,ㄓˊ ㄎㄜ ㄗㄨㄛˋ ㄈㄚ
執法不阿,1,ㄓˊ ㄈㄚˇ ㄅㄨˋ ㄜ
執經問難,1,ㄓˊ ㄐㄧㄥ ㄨㄣˋ ㄋㄢˋ
執而不化,1,ㄓˊ ㄦˊ ㄅㄨˋ ㄏㄨㄚˋ
執行機關,1,ㄓˊ ㄒㄧㄥˊ ㄐㄧ ㄍㄨㄢ
執迷不悟,1,ㄓˊ ㄇㄧˊ ㄅㄨˋ ㄨˋ
執鞭墜鐙,1,ㄓˊ ㄅㄧㄢ ㄓㄨㄟˋ ㄉㄥˋ
執鞭隨鐙,1,ㄓˊ ㄅㄧㄢ ㄙㄨㄟˊ ㄉㄥˋ
培格索斯,1,ㄆㄟˊ ㄍㄜˊ ㄙㄨㄛˇ ㄙ
基因治療,1,ㄐㄧ ㄧㄣ ㄓˋ ㄌㄧㄠˊ
基因突變,1,ㄐㄧ ㄧㄣ ㄊㄨˊ ㄅㄧㄢˋ
基層建設,1,ㄐㄧ ㄘㄥˊ ㄐㄧㄢˋ ㄕㄜˋ
基層行政,1,ㄐㄧ ㄘㄥˊ ㄒㄧㄥˊ ㄓㄥˋ
基性岩石,1,ㄐㄧ ㄒㄧㄥˋ ㄧㄢˊ ㄕˊ
基本分析,1,ㄐㄧ ㄅㄣˇ ㄈㄣ ㄒㄧ
基本國策,1,ㄐㄧ ㄅㄣˇ ㄍㄨㄛˊ ㄘㄜˋ
基本教練,1,ㄐㄧ ㄅㄣˇ ㄐㄧㄠˋ ㄌㄧㄢˋ
基本科學,1,ㄐㄧ ㄅㄣˇ ㄎㄜ ㄒㄩㄝˊ
基本詞彙,1,ㄐㄧ ㄅㄣˇ ㄘˊ ㄏㄨㄟˋ
基本運算,1,ㄐㄧ ㄅㄣˇ ㄩㄣˋ ㄙㄨㄢˋ
基本金屬,1,ㄐㄧ ㄅㄣˇ ㄐㄧㄣ ㄕㄨˇ
基本電費,1,ㄐㄧ ㄅㄣˇ ㄉㄧㄢˋ ㄈㄟˋ
基礎代謝,1,ㄐㄧ ㄔㄨˇ ㄉㄞˋ ㄒㄧㄝˋ
基礎免疫,1,ㄐㄧ ㄔㄨˇ ㄇㄧㄢˇ ㄧˋ
基礎工程,1,ㄐㄧ ㄔㄨˇ ㄍㄨㄥ ㄔㄥˊ
基礎教育,1,ㄐㄧ ㄔㄨˇ ㄐㄧㄠˋ ㄩˋ
基礎條約,1,ㄐㄧ ㄔㄨˇ ㄊㄧㄠˊ ㄩㄝ
基礎課程,1,ㄐㄧ ㄔㄨˇ ㄎㄜˋ ㄔㄥˊ
基礎體溫,1,ㄐㄧ ㄔㄨˇ ㄊㄧˇ ㄨㄣ
基輔公國,1,ㄐㄧ ㄈㄨˇ ㄍㄨㄥ ㄍㄨㄛˊ
基隆廟口,1,ㄐㄧ ㄌㄨㄥˊ ㄇㄧㄠˋ ㄎㄡˇ
堂分姑娘,1,ㄊㄤˊ ㄈㄣˋ ㄍㄨ ㄋㄧㄤˊ
堂構更新,1,ㄊㄤˊ ㄍㄡˋ ㄍㄥ ㄒㄧㄣ
堂皇富麗,1,ㄊㄤˊ ㄏㄨㄤˊ ㄈㄨˋ ㄌㄧˋ
堂皇正大,1,ㄊㄤˊ ㄏㄨㄤˊ ㄓㄥˋ ㄉㄚˋ
堂間處燕,1,ㄊㄤˊ ㄐㄧㄢ ㄔㄨˇ ㄧㄢˋ
堂頭和尚,1,ㄊㄤˊ ㄊㄡˊ ㄏㄜˊ ㄕㄤˋ
堅城深池,1,ㄐㄧㄢ ㄔㄥˊ ㄕㄣ ㄔˊ
堅如鐵石,1,ㄐㄧㄢ ㄖㄨˊ ㄊㄧㄝˇ ㄕˊ
堅持不懈,1,ㄐㄧㄢ ㄔˊ ㄅㄨˋ ㄒㄧㄝˋ
堅毅不拔,1,ㄐㄧㄢ ㄧˋ ㄅㄨˋ ㄅㄚˊ
堅毅不撓,1,ㄐㄧㄢ ㄧˋ ㄅㄨˋ ㄋㄠˊ
堅白同異,1,ㄐㄧㄢ ㄅㄞˊ ㄊㄨㄥˊ ㄧˋ
堅白石論,1,ㄐㄧㄢ ㄅㄞˊ ㄕˊ ㄌㄨㄣˋ
堅臥煙霞,1,ㄐㄧㄢ ㄨㄛˋ ㄧㄢ ㄒㄧㄚˊ
堅臥白門,1,ㄐㄧㄢ ㄨㄛˋ ㄅㄞˊ ㄇㄣˊ
堆山塞海,1,ㄉㄨㄟ ㄕㄢ ㄙㄜˋ ㄏㄞˇ
堆積平原,1,ㄉㄨㄟ ㄐㄧ ㄆㄧㄥˊ ㄩㄢˊ
堆花燒酒,1,ㄉㄨㄟ ㄏㄨㄚ ㄕㄠ ㄐㄧㄡˇ
堯夫助麥,1,ㄧㄠˊ ㄈㄨ ㄓㄨˋ ㄇㄞˋ
堯階蓂莢,1,ㄧㄠˊ ㄐㄧㄝ ㄇㄧㄥˊ ㄐㄧㄚˊ
報事靈童,1,ㄅㄠˋ ㄕˋ ㄌㄧㄥˊ ㄊㄨㄥˊ
報仇雪恥,1,ㄅㄠˋ ㄔㄡˊ ㄒㄩㄝˇ ㄔˇ
報仇雪恨,1,ㄅㄠˋ ㄔㄡˊ ㄒㄩㄝˇ ㄏㄣˋ
報任安書,1,ㄅㄠˋ ㄖㄣˊ ㄢ ㄕㄨ
報告小說,1,ㄅㄠˋ ㄍㄠˋ ㄒㄧㄠˇ ㄕㄨㄛ
報告文學,1,ㄅㄠˋ ㄍㄠˋ ㄨㄣˊ ㄒㄩㄝˊ
報國盡忠,1,ㄅㄠˋ ㄍㄨㄛˊ ㄐㄧㄣˋ ㄓㄨㄥ
報導攝影,1,ㄅㄠˋ ㄉㄠˇ ㄕㄜˋ ㄧㄥˇ
報導文學,1,ㄅㄠˋ ㄉㄠˇ ㄨㄣˊ ㄒㄩㄝˊ
報復主義,1,ㄅㄠˋ ㄈㄨˋ ㄓㄨˇ ㄧˋ
報復關稅,1,ㄅㄠˋ ㄈㄨˋ ㄍㄨㄢ ㄕㄨㄟˋ
報應不爽,1,ㄅㄠˋ ㄧㄥˋ ㄅㄨˋ ㄕㄨㄤˇ
報本反始,1,ㄅㄠˋ ㄅㄣˇ ㄈㄢˇ ㄕˇ
報案中心,1,ㄅㄠˋ ㄢˋ ㄓㄨㄥ ㄒㄧㄣ
報窮制裁,1,ㄅㄠˋ ㄑㄩㄥˊ ㄓˋ ㄘㄞˊ
報竹平安,1,ㄅㄠˋ ㄓㄨˊ ㄆㄧㄥˊ ㄢ
報表語言,1,ㄅㄠˋ ㄅㄧㄠˇ ㄩˇ ㄧㄢˊ
報讎雪恨,1,ㄅㄠˋ ㄔㄡˊ ㄒㄩㄝˇ ㄏㄣˋ
場外交易,1,ㄔㄤˊ ㄨㄞˋ ㄐㄧㄠ ㄧˋ
場面闊綽,1,ㄔㄤˊ ㄇㄧㄢˋ ㄎㄨㄛˋ ㄔㄨㄛˋ
塊然獨處,1,ㄎㄨㄞˋ ㄖㄢˊ ㄉㄨˊ ㄔㄨˇ
塑性加工,1,ㄙㄨˋ ㄒㄧㄥˋ ㄐㄧㄚ ㄍㄨㄥ
塑膠炸彈,1,ㄙㄨˋ ㄐㄧㄠ ㄓㄚˋ ㄉㄢˋ
塑膠玻璃,1,ㄙㄨˋ ㄐㄧㄠ ㄅㄛ ㄌㄧ˙
塑膠貨幣,1,ㄙㄨˋ ㄐㄧㄠ ㄏㄨㄛˋ ㄅㄧˋ
塔吉克族,1,ㄊㄚˇ ㄐㄧˊ ㄎㄜˋ ㄗㄨˊ
塔塔爾族,1,ㄊㄚˇ ㄊㄚˇ ㄦˇ ㄗㄨˊ
塔非亞酒,1,ㄊㄚˇ ㄈㄟ ㄧㄚˋ ㄐㄧㄡˇ
塗抹詩書,1,ㄊㄨˊ ㄇㄛˇ ㄕ ㄕㄨ
塗炭生民,1,ㄊㄨˊ ㄊㄢˋ ㄕㄥ ㄇㄧㄣˊ
塗炭生靈,1,ㄊㄨˊ ㄊㄢˋ ㄕㄥ ㄌㄧㄥˊ
塘沽新港,1,ㄊㄤˊ ㄍㄨ ㄒㄧㄣ ㄍㄤˇ
塞內加爾,1,ㄙㄜˋ ㄋㄟˋ ㄐㄧㄚ ㄦˇ
塞凡提斯,1,ㄙㄞˋ ㄈㄢˊ ㄊㄧˊ ㄙ
塞爾維亞,1,ㄙㄜˋ ㄦˇ ㄨㄟˊ ㄧㄚˋ
塞耳偷鈴,1,ㄙㄜˋ ㄦˇ ㄊㄡ ㄌㄧㄥˊ
塞耳盜鐘,1,ㄙㄜˋ ㄦˇ ㄉㄠˋ ㄓㄨㄥ
填充玩具,1,ㄊㄧㄢˊ ㄔㄨㄥ ㄨㄢˊ ㄐㄩˋ
填街塞巷,1,ㄊㄧㄢˊ ㄐㄧㄝ ㄙㄜˋ ㄒㄧㄤˋ
塵垢秕糠,1,ㄔㄣˊ ㄍㄡˋ ㄅㄧˇ ㄎㄤ
塵埃傳染,1,ㄔㄣˊ ㄞ ㄔㄨㄢˊ ㄖㄢˇ
塵封網罥,1,ㄔㄣˊ ㄈㄥ ㄨㄤˇ ㄐㄩㄢˋ
塵飯塗羹,1,ㄔㄣˊ ㄈㄢˋ ㄊㄨˊ ㄍㄥ
境外直航,1,ㄐㄧㄥˋ ㄨㄞˋ ㄓˊ ㄏㄤˊ
墓生兒子,1,ㄇㄨˋ ㄕㄥ ㄦˊ ㄗ˙
墜入愛河,1,ㄓㄨㄟˋ ㄖㄨˋ ㄞˋ ㄏㄜˊ
墜歡重拾,1,ㄓㄨㄟˋ ㄏㄨㄢ ㄔㄨㄥˊ ㄕˊ
墜茵落溷,1,ㄓㄨㄟˋ ㄧㄣ ㄌㄨㄛˋ ㄏㄨㄣˋ
增增減減,1,ㄗㄥ ㄗㄥ ㄐㄧㄢˇ ㄐㄧㄢˇ
增廣生員,1,ㄗㄥ ㄍㄨㄤˇ ㄕㄥ ㄩㄢˊ
增福財神,1,ㄗㄥ ㄈㄨˊ ㄘㄞˊ ㄕㄣˊ
增長見識,1,ㄗㄥ ㄓㄤˇ ㄐㄧㄢˋ ㄕˋ
增額國代,1,ㄗㄥ ㄜˊ ㄍㄨㄛˊ ㄉㄞˋ
墦間酒肉,1,ㄈㄢˊ ㄐㄧㄢ ㄐㄧㄡˇ ㄖㄡˋ
墨分五色,1,ㄇㄛˋ ㄈㄣ ㄨˇ ㄙㄜˋ
墨守成法,1,ㄇㄛˋ ㄕㄡˇ ㄔㄥˊ ㄈㄚˇ
墨池筆塚,1,ㄇㄛˋ ㄔˊ ㄅㄧˇ ㄓㄨㄥˇ
墨版版畫,1,ㄇㄛˋ ㄅㄢˇ ㄅㄢˇ ㄏㄨㄚˋ
墮珥遺簪,1,ㄉㄨㄛˋ ㄦˇ ㄧˊ ㄗㄢ
墮雲霧中,1,ㄉㄨㄛˋ ㄩㄣˊ ㄨˋ ㄓㄨㄥ
墯甑不顧,1,ㄉㄨㄛˋ ㄗㄥˋ ㄅㄨˋ ㄍㄨˋ
壁上泥皮,1,ㄅㄧˋ ㄕㄤˋ ㄋㄧˊ ㄆㄧˊ
壁立千仞,1,ㄅㄧˋ ㄌㄧˋ ㄑㄧㄢ ㄖㄣˋ
壇坫週旋,1,ㄊㄢˊ ㄉㄧㄢˋ ㄓㄡ ㄒㄩㄢˊ
壎箎相和,1,ㄒㄩㄣ ㄔˊ ㄒㄧㄤ ㄏㄜˋ
壓倒元白,1,ㄧㄚ ㄉㄠˇ ㄩㄢˊ ㄅㄞˊ
壓倒群雄,1,ㄧㄚ ㄉㄠˇ ㄑㄩㄣˊ ㄒㄩㄥˊ
壓力團體,1,ㄧㄚ ㄌㄧˋ ㄊㄨㄢˊ ㄊㄧˇ
壓枉造舌,1,ㄧㄚ ㄨㄤˇ ㄗㄠˋ ㄕㄜˊ
壓肩疊背,1,ㄧㄚ ㄐㄧㄢ ㄉㄧㄝˊ ㄅㄟˋ
壓良為賤,1,ㄧㄚ ㄌㄧㄤˊ ㄨㄟˊ ㄐㄧㄢˋ
壓雪求油,1,ㄧㄚ ㄒㄩㄝˇ ㄑㄧㄡˊ ㄧㄡˊ
壓電效應,1,ㄧㄚ ㄉㄧㄢˋ ㄒㄧㄠˋ ㄧㄥˋ
壞了性命,1,ㄏㄨㄞˋ ㄌㄜ˙ ㄒㄧㄥˋ ㄇㄧㄥˋ
壟斷獨登,1,ㄌㄨㄥˇ ㄉㄨㄢˋ ㄉㄨˊ ㄉㄥ
壟畝之臣,1,ㄌㄨㄥˇ ㄇㄨˇ ㄓ ㄔㄣˊ
士大夫畫,1,ㄕˋ ㄉㄚˋ ㄈㄨ ㄏㄨㄚˋ
士飽馬騰,1,ㄕˋ ㄅㄠˇ ㄇㄚˇ ㄊㄥˊ
壯士解腕,1,ㄓㄨㄤˋ ㄕˋ ㄐㄧㄝˇ ㄨㄢˋ
壯室之秋,1,ㄓㄨㄤˋ ㄕˋ ㄓ ㄑㄧㄡ
壯心不已,1,ㄓㄨㄤˋ ㄒㄧㄣ ㄅㄨˋ ㄧˇ
壯氣吞牛,1,ㄓㄨㄤˋ ㄑㄧˋ ㄊㄨㄣ ㄋㄧㄡˊ
壺中天地,1,ㄏㄨˊ ㄓㄨㄥ ㄊㄧㄢ ㄉㄧˋ
壺中日月,1,ㄏㄨˊ ㄓㄨㄥ ㄖˋ ㄩㄝˋ
壺口瀑布,1,ㄏㄨˊ ㄎㄡˇ ㄆㄨˋ ㄅㄨˋ
壺天日月,1,ㄏㄨˊ ㄊㄧㄢ ㄖˋ ㄩㄝˋ
壺漿塞道,1,ㄏㄨˊ ㄐㄧㄤ ㄙㄜˋ ㄉㄠˋ
壺狀花冠,1,ㄏㄨˊ ㄓㄨㄤˋ ㄏㄨㄚ ㄍㄨㄢ
壺裡乾坤,1,ㄏㄨˊ ㄌㄧˇ ㄑㄧㄢˊ ㄎㄨㄣ
壽山福海,1,ㄕㄡˋ ㄕㄢ ㄈㄨˊ ㄏㄞˇ
壽滿天年,1,ㄕㄡˋ ㄇㄢˇ ㄊㄧㄢ ㄋㄧㄢˊ
壽終內寢,1,ㄕㄡˋ ㄓㄨㄥ ㄋㄟˋ ㄑㄧㄣˇ
壽陵匍匐,1,ㄕㄡˋ ㄌㄧㄥˊ ㄆㄨˊ ㄈㄨˊ
壽陽公主,1,ㄕㄡˋ ㄧㄤˊ ㄍㄨㄥ ㄓㄨˇ
壽頭壽腦,1,ㄕㄡˋ ㄊㄡˊ ㄕㄡˋ ㄋㄠˇ
夏五郭公,1,ㄒㄧㄚˋ ㄨˇ ㄍㄨㄛ ㄍㄨㄥ
夏季作物,1,ㄒㄧㄚˋ ㄐㄧˋ ㄗㄨㄛˋ ㄨˋ
夏季季風,1,ㄒㄧㄚˋ ㄐㄧˋ ㄐㄧˋ ㄈㄥ
夏日可畏,1,ㄒㄧㄚˋ ㄖˋ ㄎㄜˇ ㄨㄟˋ
夏目漱石,1,ㄒㄧㄚˋ ㄇㄨˋ ㄕㄨˋ ㄕˊ
夏蟲朝菌,1,ㄒㄧㄚˋ ㄔㄨㄥˊ ㄓㄠ ㄐㄩㄣˋ
夏鑪冬扇,1,ㄒㄧㄚˋ ㄌㄨˊ ㄉㄨㄥ ㄕㄢˋ
夏雨雨人,1,ㄒㄧㄚˋ ㄩˇ ㄩˋ ㄖㄣˊ
夔龍禮樂,1,ㄎㄨㄟˊ ㄌㄨㄥˊ ㄌㄧˇ ㄩㄝˋ
夕惕若厲,1,ㄒㄧˋ ㄊㄧˋ ㄖㄨㄛˋ ㄌㄧˋ
夕陽簫鼓,1,ㄒㄧˋ ㄧㄤˊ ㄒㄧㄠ ㄍㄨˇ
外交庇護,1,ㄨㄞˋ ㄐㄧㄠ ㄅㄧˋ ㄏㄨˋ
外交照會,1,ㄨㄞˋ ㄐㄧㄠ ㄓㄠˋ ㄏㄨㄟˋ
外交詞令,1,ㄨㄞˋ ㄐㄧㄠ ㄘˊ ㄌㄧㄥˋ
外交辭令,1,ㄨㄞˋ ㄐㄧㄠ ㄘˊ ㄌㄧㄥˋ
外交郵袋,1,ㄨㄞˋ ㄐㄧㄠ ㄧㄡˊ ㄉㄞˋ
外僑居留,1,ㄨㄞˋ ㄑㄧㄠˊ ㄐㄩ ㄌㄧㄡˊ
外八字腳,1,ㄨㄞˋ ㄅㄚ ㄗˋ ㄐㄧㄠˇ
外匯匯率,1,ㄨㄞˋ ㄏㄨㄟˋ ㄏㄨㄟˋ ㄌㄩˋ
外匯管制,1,ㄨㄞˋ ㄏㄨㄟˋ ㄍㄨㄢˇ ㄓˋ
外匯銀行,1,ㄨㄞˋ ㄏㄨㄟˋ ㄧㄣˊ ㄏㄤˊ
外厲內荏,1,ㄨㄞˋ ㄌㄧˋ ㄋㄟˋ ㄖㄣˇ
外合裡差,1,ㄨㄞˋ ㄏㄜˊ ㄌㄧˇ ㄔㄚ
外合裡應,1,ㄨㄞˋ ㄏㄜˊ ㄌㄧˇ ㄧㄥˋ
外寬內忌,1,ㄨㄞˋ ㄎㄨㄢ ㄋㄟˋ ㄐㄧˋ
外寬內深,1,ㄨㄞˋ ㄎㄨㄢ ㄋㄟˋ ㄕㄣ
外役監獄,1,ㄨㄞˋ ㄧˋ ㄐㄧㄢ ㄩˋ
外拆生意,1,ㄨㄞˋ ㄔㄞ ㄕㄥ ㄧ˙
外生殖器,1,ㄨㄞˋ ㄕㄥ ㄓˊ ㄑㄧˋ
外籍勞工,1,ㄨㄞˋ ㄐㄧˊ ㄌㄠˊ ㄍㄨㄥ
外籍球員,1,ㄨㄞˋ ㄐㄧˊ ㄑㄧㄡˊ ㄩㄢˊ
外貿協會,1,ㄨㄞˋ ㄇㄠˋ ㄒㄧㄝˊ ㄏㄨㄟˋ
外高加索,1,ㄨㄞˋ ㄍㄠ ㄐㄧㄚ ㄙㄨㄛˇ
夙世冤家,1,ㄙㄨˋ ㄕˋ ㄩㄢ ㄐㄧㄚ
夙世因緣,1,ㄙㄨˋ ㄕˋ ㄧㄣ ㄩㄢˊ
夙夜不懈,1,ㄙㄨˋ ㄧㄝˋ ㄅㄨˋ ㄒㄧㄝˋ
夙夜在公,1,ㄙㄨˋ ㄧㄝˋ ㄗㄞˋ ㄍㄨㄥ
夙夜為謀,1,ㄙㄨˋ ㄧㄝˋ ㄨㄟˋ ㄇㄡˊ
夙心往志,1,ㄙㄨˋ ㄒㄧㄣ ㄨㄤˇ ㄓˋ
夙負盛名,1,ㄙㄨˋ ㄈㄨˋ ㄕㄥˋ ㄇㄧㄥˊ
夙願以償,1,ㄙㄨˋ ㄩㄢˋ ㄧˇ ㄔㄤˊ
多不勝數,1,ㄉㄨㄛ ㄅㄨˋ ㄕㄥ ㄕㄨˇ
多事逞才,1,ㄉㄨㄛ ㄕˋ ㄔㄥˇ ㄘㄞˊ
多凶少吉,1,ㄉㄨㄛ ㄒㄩㄥ ㄕㄠˇ ㄐㄧˊ
多功能廳,1,ㄉㄨㄛ ㄍㄨㄥ ㄋㄥˊ ㄊㄧㄥ
多嘴擦舌,1,ㄉㄨㄛ ㄗㄨㄟˇ ㄘㄚ ㄕㄜˊ
多嘴饒舌,1,ㄉㄨㄛ ㄗㄨㄟˇ ㄖㄠˊ ㄕㄜˊ
多國企業,1,ㄉㄨㄛ ㄍㄨㄛˊ ㄑㄧˋ ㄧㄝˋ
多多少少,1,ㄉㄨㄛ ㄉㄨㄛ˙ ㄕㄠˇ ㄕㄠˇ
多多益辦,1,ㄉㄨㄛ ㄉㄨㄛ ㄧˋ ㄅㄢˋ
多姿多采,1,ㄉㄨㄛ ㄗ ㄉㄨㄛ ㄘㄞˇ
多媒體卡,1,ㄉㄨㄛ ㄇㄟˊ ㄊㄧˇ ㄎㄚˇ
多少是好,1,ㄉㄨㄛ ㄕㄠˇ ㄕˋ ㄏㄠˇ
多愁多病,1,ㄉㄨㄛ ㄔㄡˊ ㄉㄨㄛ ㄅㄧㄥˋ
多文為富,1,ㄉㄨㄛ ㄨㄣˊ ㄨㄟˊ ㄈㄨˋ
多方招撫,1,ㄉㄨㄛ ㄈㄤ ㄓㄠ ㄈㄨˇ
多材多藝,1,ㄉㄨㄛ ㄘㄞˊ ㄉㄨㄛ ㄧˋ
多次曝光,1,ㄉㄨㄛ ㄘˋ ㄆㄨˋ ㄍㄨㄤ
多歧援喻,1,ㄉㄨㄛ ㄑㄧˊ ㄩㄢˊ ㄩˋ
多歪多妒,1,ㄉㄨㄛ ㄨㄞ ㄉㄨㄛ ㄉㄨˋ
多歷年代,1,ㄉㄨㄛ ㄌㄧˋ ㄋㄧㄢˊ ㄉㄞˋ
多歷年所,1,ㄉㄨㄛ ㄌㄧˋ ㄋㄧㄢˊ ㄙㄨㄛˇ
多病多災,1,ㄉㄨㄛ ㄅㄧㄥˋ ㄉㄨㄛ ㄗㄞ
多福多壽,1,ㄉㄨㄛ ㄈㄨˊ ㄉㄨㄛ ㄕㄡˋ
多空交戰,1,ㄉㄨㄛ ㄎㄨㄥ ㄐㄧㄠ ㄓㄢˋ
多端寡要,1,ㄉㄨㄛ ㄉㄨㄢ ㄍㄨㄚˇ ㄧㄠˋ
多羅貝勒,1,ㄉㄨㄛ ㄌㄨㄛˊ ㄅㄟˋ ㄌㄜˋ
多耳麻鞋,1,ㄉㄨㄛ ㄦˇ ㄇㄚˊ ㄒㄧㄝˊ
多聞強記,1,ㄉㄨㄛ ㄨㄣˊ ㄑㄧㄤˊ ㄐㄧˋ
多聞闕疑,1,ㄉㄨㄛ ㄨㄣˊ ㄑㄩㄝ ㄧˊ
多蒙寄聲,1,ㄉㄨㄛ ㄇㄥˊ ㄐㄧˋ ㄕㄥ
多蒙推轂,1,ㄉㄨㄛ ㄇㄥˊ ㄊㄨㄟ ㄍㄨˇ
多蒙藥石,1,ㄉㄨㄛ ㄇㄥˊ ㄧㄠˋ ㄕˊ
多藏厚亡,1,ㄉㄨㄛ ㄘㄤˊ ㄏㄡˋ ㄨㄤˊ
多角經營,1,ㄉㄨㄛ ㄐㄧㄠˇ ㄐㄧㄥ ㄧㄥˊ
多言或中,1,ㄉㄨㄛ ㄧㄢˊ ㄏㄨㄛˋ ㄓㄨㄥˋ
多言招悔,1,ㄉㄨㄛ ㄧㄢˊ ㄓㄠ ㄏㄨㄟˇ
多言數窮,1,ㄉㄨㄛ ㄧㄢˊ ㄕㄨㄛˋ ㄑㄩㄥˊ
多言繁稱,1,ㄉㄨㄛ ㄧㄢˊ ㄈㄢˊ ㄔㄥ
多語教育,1,ㄉㄨㄛ ㄩˇ ㄐㄧㄠˋ ㄩˋ
多謝費心,1,ㄉㄨㄛ ㄒㄧㄝˋ ㄈㄟˋ ㄒㄧㄣ
多謝關照,1,ㄉㄨㄛ ㄒㄧㄝˋ ㄍㄨㄢ ㄓㄠˋ
多賤寡貴,1,ㄉㄨㄛ ㄐㄧㄢˋ ㄍㄨㄚˇ ㄍㄨㄟˋ
多軌錄音,1,ㄉㄨㄛ ㄍㄨㄟˇ ㄌㄨˋ ㄧㄣ
多道散說,1,ㄉㄨㄛ ㄉㄠˋ ㄙㄢˇ ㄕㄨㄛ
多邊貿易,1,ㄉㄨㄛ ㄅㄧㄢ ㄇㄠˋ ㄧˋ
多重國籍,1,ㄉㄨㄛ ㄔㄨㄥˊ ㄍㄨㄛˊ ㄐㄧˊ
多重性格,1,ㄉㄨㄛ ㄔㄨㄥˊ ㄒㄧㄥˋ ㄍㄜˊ
多錢善賈,1,ㄉㄨㄛ ㄑㄧㄢˊ ㄕㄢˋ ㄍㄨˇ
多頭市場,1,ㄉㄨㄛ ㄊㄡˊ ㄕˋ ㄔㄤˊ
多頭馬車,1,ㄉㄨㄛ ㄊㄡˊ ㄇㄚˇ ㄔㄜ
夜不閉戶,1,ㄧㄝˋ ㄅㄨˋ ㄅㄧˋ ㄏㄨˋ
夜以接日,1,ㄧㄝˋ ㄧˇ ㄐㄧㄝ ㄖˋ
夜以繼晝,1,ㄧㄝˋ ㄧˇ ㄐㄧˋ ㄓㄡˋ
夜住曉行,1,ㄧㄝˋ ㄓㄨˋ ㄒㄧㄠˇ ㄒㄧㄥˊ
夜半三更,1,ㄧㄝˋ ㄅㄢˋ ㄙㄢ ㄍㄥ
夜宿曉行,1,ㄧㄝˋ ㄙㄨˋ ㄒㄧㄠˇ ㄒㄧㄥˊ
夜役軍牢,1,ㄧㄝˋ ㄧˋ ㄐㄩㄣ ㄌㄠˊ
夜月花朝,1,ㄧㄝˋ ㄩㄝˋ ㄏㄨㄚ ㄓㄠ
夜漏將傳,1,ㄧㄝˋ ㄌㄡˋ ㄐㄧㄤ ㄔㄨㄢˊ
夜珠吠陀,1,ㄧㄝˋ ㄓㄨ ㄈㄟˋ ㄊㄨㄛˊ
夜行晝伏,1,ㄧㄝˋ ㄒㄧㄥˊ ㄓㄡˋ ㄈㄨˊ
夜視儀器,1,ㄧㄝˋ ㄕˋ ㄧˊ ㄑㄧˋ
夜視設備,1,ㄧㄝˋ ㄕˋ ㄕㄜˋ ㄅㄟˋ
夜譚隨錄,1,ㄧㄝˋ ㄊㄢˊ ㄙㄨㄟˊ ㄌㄨˋ
夜雨對床,1,ㄧㄝˋ ㄩˇ ㄉㄨㄟˋ ㄔㄨㄤˊ
夜靜更長,1,ㄧㄝˋ ㄐㄧㄥˋ ㄍㄥ ㄔㄤˊ
夜靜更闌,1,ㄧㄝˋ ㄐㄧㄥˋ ㄍㄥ ㄌㄢˊ
夢兆熊羆,1,ㄇㄥˋ ㄓㄠˋ ㄒㄩㄥˊ ㄆㄧˊ
夢勞魂想,1,ㄇㄥˋ ㄌㄠˊ ㄏㄨㄣˊ ㄒㄧㄤˇ
夢吐白鳳,1,ㄇㄥˋ ㄊㄨˇ ㄅㄞˊ ㄈㄥˋ
夢夢查查,1,ㄇㄥˋ ㄇㄥˋ ㄔㄚˊ ㄔㄚˊ
夢夢銃銃,1,ㄇㄥˋ ㄇㄥˋ ㄔㄨㄥˋ ㄔㄨㄥˋ
夢往神遊,1,ㄇㄥˋ ㄨㄤˇ ㄕㄣˊ ㄧㄡˊ
夢想成真,1,ㄇㄥˋ ㄒㄧㄤˇ ㄔㄥˊ ㄓㄣ
夢撒撩丁,1,ㄇㄥˋ ㄙㄚ ㄌㄧㄠˊ ㄉㄧㄥ
夢撒撩丁,1,ㄇㄥˋ ㄙㄚˋ ㄌㄧㄠˊ ㄉㄧㄥ
夢斷魂勞,1,ㄇㄥˋ ㄉㄨㄢˋ ㄏㄨㄣˊ ㄌㄠˊ
夢斷魂消,1,ㄇㄥˋ ㄉㄨㄢˋ ㄏㄨㄣˊ ㄒㄧㄠ
夢斷黃粱,1,ㄇㄥˋ ㄉㄨㄢˋ ㄏㄨㄤˊ ㄌㄧㄤˊ
夢熊之喜,1,ㄇㄥˋ ㄒㄩㄥˊ ㄓ ㄒㄧˇ
夢筆生花,1,ㄇㄥˋ ㄅㄧˇ ㄕㄥ ㄏㄨㄚ
夢蘭叶吉,1,ㄇㄥˋ ㄌㄢˊ ㄒㄧㄝˊ ㄐㄧˊ
夢裡蝴蝶,1,ㄇㄥˋ ㄌㄧˇ ㄏㄨˊ ㄉㄧㄝˊ
夢覺黃粱,1,ㄇㄥˋ ㄐㄩㄝˊ ㄏㄨㄤˊ ㄌㄧㄤˊ
夢魂顛倒,1,ㄇㄥˋ ㄏㄨㄣˊ ㄉㄧㄢ ㄉㄠˇ
夤緣攀附,1,ㄧㄣˊ ㄩㄢˊ ㄆㄢ ㄈㄨˋ
夥同一氣,1,ㄏㄨㄛˇ ㄊㄨㄥˊ ㄧ ㄑㄧˋ
大不應是,1,ㄉㄚˋ ㄅㄨˋ ㄧㄥ ㄕˋ
大不自在,1,ㄉㄚˋ ㄅㄨˋ ㄗˋ ㄗㄞˋ
大乘經典,1,ㄉㄚˋ ㄕㄥˋ ㄐㄧㄥ ㄉㄧㄢˇ
大事不好,1,ㄉㄚˋ ㄕˋ ㄅㄨˋ ㄏㄠˇ
大事不妙,1,ㄉㄚˋ ㄕˋ ㄅㄨˋ ㄇㄧㄠˋ
大事去矣,1,ㄉㄚˋ ㄕˋ ㄑㄩˋ ㄧˇ
大事招搖,1,ㄉㄚˋ ㄕˋ ㄓㄠ ㄧㄠˊ
大人先生,1,ㄉㄚˋ ㄖㄣˊ ㄒㄧㄢ ㄕㄥ
大人大量,1,ㄉㄚˋ ㄖㄣˊ ㄉㄚˋ ㄌㄧㄤˋ
大人虎變,1,ㄉㄚˋ ㄖㄣˊ ㄏㄨˇ ㄅㄧㄢˋ
大仁大義,1,ㄉㄚˋ ㄖㄣˊ ㄉㄚˋ ㄧˋ
大來大往,1,ㄉㄚˋ ㄌㄞˊ ㄉㄚˋ ㄨㄤˇ
大信不約,1,ㄉㄚˋ ㄒㄧㄣˋ ㄅㄨˋ ㄩㄝ
大公至正,1,ㄉㄚˋ ㄍㄨㄥ ㄓˋ ㄓㄥˋ
大冶鐵礦,1,ㄉㄚˋ ㄧㄝˇ ㄊㄧㄝˇ ㄎㄨㄤˋ
大冶鐵路,1,ㄉㄚˋ ㄧㄝˇ ㄊㄧㄝˇ ㄌㄨˋ
大出鋒頭,1,ㄉㄚˋ ㄔㄨ ㄈㄥ ㄊㄡ˙
大出風頭,1,ㄉㄚˋ ㄔㄨ ㄈㄥ ㄊㄡˊ
大別山脈,1,ㄉㄚˋ ㄅㄧㄝˊ ㄕㄢ ㄇㄞˋ
大力幫忙,1,ㄉㄚˋ ㄌㄧˋ ㄅㄤ ㄇㄤˊ
大力成全,1,ㄉㄚˋ ㄌㄧˋ ㄔㄥˊ ㄑㄩㄢˊ
大力推荐,1,ㄉㄚˋ ㄌㄧˋ ㄊㄨㄟ ㄐㄧㄢˋ
大力水手,1,ㄉㄚˋ ㄌㄧˋ ㄕㄨㄟˇ ㄕㄡˇ
大力鼓吹,1,ㄉㄚˋ ㄌㄧˋ ㄍㄨˇ ㄔㄨㄟ
大功畢成,1,ㄉㄚˋ ㄍㄨㄥ ㄅㄧˋ ㄔㄥˊ
大勇若怯,1,ㄉㄚˋ ㄩㄥˇ ㄖㄨㄛˋ ㄑㄩㄝˋ
大動肝火,1,ㄉㄚˋ ㄉㄨㄥˋ ㄍㄢ ㄏㄨㄛˇ
大包小包,1,ㄉㄚˋ ㄅㄠ ㄒㄧㄠˇ ㄅㄠ
大匠不斲,1,ㄉㄚˋ ㄐㄧㄤˋ ㄅㄨˋ ㄓㄨㄛˊ
大半輩子,1,ㄉㄚˋ ㄅㄢˋ ㄅㄟˋ ㄗ˙
大協奏曲,1,ㄉㄚˋ ㄒㄧㄝˊ ㄗㄡˋ ㄑㄩˇ
大卸八塊,1,ㄉㄚˋ ㄒㄧㄝˋ ㄅㄚ ㄎㄨㄞˋ
大叔于田,1,ㄉㄚˋ ㄕㄨˊ ㄩˊ ㄊㄧㄢˊ
大古裡彩,1,ㄉㄞˋ ㄍㄨˇ ㄌㄧˇ ㄘㄞˇ
大可不必,1,ㄉㄚˋ ㄎㄜˇ ㄅㄨˋ ㄅㄧˋ
大吃大嚼,1,ㄉㄚˋ ㄔ ㄉㄚˋ ㄐㄧㄠˊ
大吆小喝,1,ㄉㄚˋ ㄧㄠ ㄒㄧㄠˇ ㄏㄜˋ
大同主義,1,ㄉㄚˋ ㄊㄨㄥˊ ㄓㄨˇ ㄧˋ
大同之世,1,ㄉㄚˋ ㄊㄨㄥˊ ㄓ ㄕˋ
大同煤礦,1,ㄉㄚˋ ㄊㄨㄥˊ ㄇㄟˊ ㄎㄨㄤˋ
大含細入,1,ㄉㄚˋ ㄏㄢˊ ㄒㄧˋ ㄖㄨˋ
大吵一頓,1,ㄉㄚˋ ㄔㄠˇ ㄧ ㄉㄨㄣˋ
大吹法螺,1,ㄉㄚˋ ㄔㄨㄟ ㄈㄚˇ ㄌㄨㄛˊ
大吹牛皮,1,ㄉㄚˋ ㄔㄨㄟ ㄋㄧㄡˊ ㄆㄧˊ
大呼小喊,1,ㄉㄚˋ ㄏㄨ ㄒㄧㄠˇ ㄏㄢˇ
大呼過癮,1,ㄉㄚˋ ㄏㄨ ㄍㄨㄛˋ ㄧㄣˇ
大和民族,1,ㄉㄚˋ ㄏㄜˊ ㄇㄧㄣˊ ㄗㄨˊ
大品般若,1,ㄉㄚˋ ㄆㄧㄣˇ ㄅㄛ ㄖㄜˇ
大哭一場,1,ㄉㄚˋ ㄎㄨ ㄧ ㄔㄤˊ
大唐之歌,1,ㄉㄚˋ ㄊㄤˊ ㄓ ㄍㄜ
大啖一番,1,ㄉㄚˋ ㄉㄢˋ ㄧ ㄈㄢ
大喜若狂,1,ㄉㄚˋ ㄒㄧˇ ㄖㄨㄛˋ ㄎㄨㄤˊ
大喫一驚,1,ㄉㄚˋ ㄔ ㄧ ㄐㄧㄥ
大嚷大叫,1,ㄉㄚˋ ㄖㄤˇ ㄉㄚˋ ㄐㄧㄠˋ
大圓圈線,1,ㄉㄚˋ ㄩㄢˊ ㄑㄩㄢ ㄒㄧㄢˋ
大圓滿法,1,ㄉㄚˋ ㄩㄢˊ ㄇㄢˇ ㄈㄚˇ
大團白臉,1,ㄉㄚˋ ㄊㄨㄢˊ ㄅㄞˊ ㄌㄧㄢˇ
大地重生,1,ㄉㄚˋ ㄉㄧˋ ㄔㄨㄥˊ ㄕㄥ
大型家電,1,ㄉㄚˋ ㄒㄧㄥˊ ㄐㄧㄚ ㄉㄧㄢˋ
大型油輪,1,ㄉㄚˋ ㄒㄧㄥˊ ㄧㄡˊ ㄌㄨㄣˊ
大型節目,1,ㄉㄚˋ ㄒㄧㄥˊ ㄐㄧㄝˊ ㄇㄨˋ
大型電腦,1,ㄉㄚˋ ㄒㄧㄥˊ ㄉㄧㄢˋ ㄋㄠˇ
大塊文章,1,ㄉㄚˋ ㄎㄨㄞˋ ㄨㄣˊ ㄓㄤ
大大咧咧,1,ㄉㄚˋ ㄉㄚ˙ ㄌㄧㄝ ㄌㄧㄝ
大大小小,1,ㄉㄚˋ ㄉㄚ˙ ㄒㄧㄠˇ ㄒㄧㄠˇ
大大方方,1,ㄉㄚˋ ㄉㄚ˙ ㄈㄤ ㄈㄤ
大大法法,1,ㄉㄚˋ ㄉㄚ˙ ㄈㄚˇ ㄈㄚˇ
大大落落,1,ㄉㄚˋ ㄉㄚ˙ ㄌㄨㄛˋ ㄌㄨㄛˋ
大天后宮,1,ㄉㄚˋ ㄊㄧㄢ ㄏㄡˋ ㄍㄨㄥ
大天白亮,1,ㄉㄚˋ ㄊㄧㄢ ㄅㄞˊ ㄌㄧㄤˋ
大天白日,1,ㄉㄚˋ ㄊㄧㄢ ㄅㄞˊ ㄖˋ
大失人望,1,ㄉㄚˋ ㄕ ㄖㄣˊ ㄨㄤˋ
大奸似忠,1,ㄉㄚˋ ㄐㄧㄢ ㄙˋ ㄓㄨㄥ
大好河山,1,ㄉㄚˋ ㄏㄠˇ ㄏㄜˊ ㄕㄢ
大姦似忠,1,ㄉㄚˋ ㄐㄧㄢ ㄙˋ ㄓㄨㄥ
大婦小妻,1,ㄉㄚˋ ㄈㄨˋ ㄒㄧㄠˇ ㄑㄧ
大學之道,1,ㄉㄚˋ ㄒㄩㄝˊ ㄓ ㄉㄠˋ
大學教育,1,ㄉㄚˋ ㄒㄩㄝˊ ㄐㄧㄠˋ ㄩˋ
大學聯招,1,ㄉㄚˋ ㄒㄩㄝˊ ㄌㄧㄢˊ ㄓㄠ
大學聯考,1,ㄉㄚˋ ㄒㄩㄝˊ ㄌㄧㄢˊ ㄎㄠˇ
大學自治,1,ㄉㄚˋ ㄒㄩㄝˊ ㄗˋ ㄓˋ
大宋小宋,1,ㄉㄚˋ ㄙㄨㄥˋ ㄒㄧㄠˇ ㄙㄨㄥˋ
大官富貴,1,ㄉㄚˋ ㄍㄨㄢ ㄈㄨˋ ㄍㄨㄟˋ
大宴小酌,1,ㄉㄚˋ ㄧㄢˋ ㄒㄧㄠˇ ㄓㄨㄛˊ
大家公子,1,ㄉㄚˋ ㄐㄧㄚ ㄍㄨㄥ ㄗˇ
大家小戶,1,ㄉㄚˋ ㄐㄧㄚ ㄒㄧㄠˇ ㄏㄨˋ
大家舉止,1,ㄉㄚˋ ㄐㄧㄚ ㄐㄩˇ ㄓˇ
大家規矩,1,ㄉㄚˋ ㄐㄧㄚ ㄍㄨㄟ ㄐㄩˇ
大家閨閣,1,ㄉㄚˋ ㄐㄧㄚ ㄍㄨㄟ ㄍㄜˊ
大家風範,1,ㄉㄚˋ ㄐㄧㄚ ㄈㄥ ㄈㄢˋ
大專教育,1,ㄉㄚˋ ㄓㄨㄢ ㄐㄧㄠˋ ㄩˋ
大專暑訓,1,ㄉㄚˋ ㄓㄨㄢ ㄕㄨˇ ㄒㄩㄣˋ
大專聯考,1,ㄉㄚˋ ㄓㄨㄢ ㄌㄧㄢˊ ㄎㄠˇ
大小事務,1,ㄉㄚˋ ㄒㄧㄠˇ ㄕˋ ㄨˋ
大小事情,1,ㄉㄚˋ ㄒㄧㄠˇ ㄕˋ ㄑㄧㄥˊ
大小歐陽,1,ㄉㄚˋ ㄒㄧㄠˇ ㄡ ㄧㄤˊ
大局已定,1,ㄉㄚˋ ㄐㄩˊ ㄧˇ ㄉㄧㄥˋ
大展抱負,1,ㄉㄚˋ ㄓㄢˇ ㄅㄠˋ ㄈㄨˋ
大展襟抱,1,ㄉㄚˋ ㄓㄢˇ ㄐㄧㄣ ㄅㄠˋ
大展魅力,1,ㄉㄚˋ ㄓㄢˇ ㄇㄟˋ ㄌㄧˋ
大山小山,1,ㄉㄚˋ ㄕㄢ ㄒㄧㄠˇ ㄕㄢ
大工告成,1,ㄉㄚˋ ㄍㄨㄥ ㄍㄠˋ ㄔㄥˊ
大巧若拙,1,ㄉㄚˋ ㄑㄧㄠˇ ㄖㄨㄛˋ ㄓㄨㄛˊ
大巴山脈,1,ㄉㄚˋ ㄅㄚ ㄕㄢ ㄇㄞˋ
大度包容,1,ㄉㄚˋ ㄉㄨˋ ㄅㄠ ㄖㄨㄥˊ
大度汪洋,1,ㄉㄚˋ ㄉㄨˋ ㄨㄤ ㄧㄤˊ
大度豁達,1,ㄉㄚˋ ㄉㄨˋ ㄏㄨㄛˋ ㄉㄚˊ
大廝不道,1,ㄉㄚˋ ㄙ ㄅㄨˋ ㄉㄠˋ
大張其詞,1,ㄉㄚˋ ㄓㄤ ㄑㄧˊ ㄘˊ
大張撻伐,1,ㄉㄚˋ ㄓㄤ ㄊㄚˋ ㄈㄚ
大張聲勢,1,ㄉㄚˋ ㄓㄤ ㄕㄥ ㄕˋ
大快之事,1,ㄉㄚˋ ㄎㄨㄞˋ ㄓ ㄕˋ
大恩不謝,1,ㄉㄚˋ ㄣ ㄅㄨˋ ㄒㄧㄝˋ
大意拉拉,1,ㄉㄚˋ ㄧˋ ㄌㄚ ㄌㄚ
大愚不靈,1,ㄉㄚˋ ㄩˊ ㄅㄨˋ ㄌㄧㄥˊ
大戴小戴,1,ㄉㄚˋ ㄉㄞˋ ㄒㄧㄠˇ ㄉㄞˋ
大手大腳,1,ㄉㄚˋ ㄕㄡˇ ㄉㄚˋ ㄐㄧㄠˇ
大才槃槃,1,ㄉㄚˋ ㄘㄞˊ ㄆㄢˊ ㄆㄢˊ
大抬其槓,1,ㄉㄚˋ ㄊㄞˊ ㄑㄧˊ ㄍㄤˋ
大拇指頭,1,ㄉㄚˋ ㄇㄨˇ ㄓˇ ㄊㄡ˙
大撈一票,1,ㄉㄚˋ ㄌㄠ ㄧ ㄆㄧㄠˋ
大撈一筆,1,ㄉㄚˋ ㄌㄠ ㄧ ㄅㄧˇ
大擋手的,1,ㄉㄚˋ ㄉㄤˇ ㄕㄡˇ ㄉㄜ˙
大擺褶子,1,ㄉㄚˋ ㄅㄞˇ ㄒㄩㄝˊ ㄗ˙
大放光明,1,ㄉㄚˋ ㄈㄤˋ ㄍㄨㄤ ㄇㄧㄥˊ
大放悲聲,1,ㄉㄚˋ ㄈㄤˋ ㄅㄟ ㄕㄥ
大放異采,1,ㄉㄚˋ ㄈㄤˋ ㄧˋ ㄘㄞˇ
大政方針,1,ㄉㄚˋ ㄓㄥˋ ㄈㄤ ㄓㄣ
大敗虧輸,1,ㄉㄚˋ ㄅㄞˋ ㄎㄨㄟ ㄕㄨ
大斗小秤,1,ㄉㄚˋ ㄉㄡˇ ㄒㄧㄠˇ ㄔㄥˋ
大方之家,1,ㄉㄚˋ ㄈㄤ ㄓ ㄐㄧㄚ
大方氣派,1,ㄉㄚˋ ㄈㄤ ㄑㄧˋ ㄆㄞˋ
大旱雲霓,1,ㄉㄚˋ ㄏㄢˋ ㄩㄣˊ ㄋㄧˊ
大明大擺,1,ㄉㄚˋ ㄇㄧㄥˊ ㄉㄚˋ ㄅㄞˇ
大明大白,1,ㄉㄚˋ ㄇㄧㄥˊ ㄉㄚˋ ㄅㄞˊ
大星殞落,1,ㄉㄚˋ ㄒㄧㄥ ㄩㄣˇ ㄌㄨㄛˋ
大是不同,1,ㄉㄚˋ ㄕˋ ㄅㄨˋ ㄊㄨㄥˊ
大是大非,1,ㄉㄚˋ ㄕˋ ㄉㄚˋ ㄈㄟ
大智如愚,1,ㄉㄚˋ ㄓˋ ㄖㄨˊ ㄩˊ
大智度論,1,ㄉㄚˋ ㄓˋ ㄉㄨˋ ㄌㄨㄣˋ
大有之年,1,ㄉㄚˋ ㄧㄡˇ ㄓ ㄋㄧㄢˊ
大有來頭,1,ㄉㄚˋ ㄧㄡˇ ㄌㄞˊ ㄊㄡˊ
大有助益,1,ㄉㄚˋ ㄧㄡˇ ㄓㄨˋ ㄧˋ
大有斬獲,1,ㄉㄚˋ ㄧㄡˇ ㄓㄢˇ ㄏㄨㄛˋ
大有逕庭,1,ㄉㄚˋ ㄧㄡˇ ㄐㄧㄥˋ ㄊㄧㄥˊ
大本大宗,1,ㄉㄚˋ ㄅㄣˇ ㄉㄚˋ ㄗㄨㄥ
大杖則走,1,ㄉㄚˋ ㄓㄤˋ ㄗㄜˊ ㄗㄡˇ
大業千秋,1,ㄉㄚˋ ㄧㄝˋ ㄑㄧㄢ ㄑㄧㄡ
大槐安國,1,ㄉㄚˋ ㄏㄨㄞˊ ㄢ ㄍㄨㄛˊ
大模大樣,1,ㄉㄚˋ ㄇㄨˊ ㄉㄚˋ ㄧㄤˋ
大模廝樣,1,ㄉㄚˋ ㄇㄨˊ ㄙ ㄧㄤˋ
大樹將軍,1,ㄉㄚˋ ㄕㄨˋ ㄐㄧㄤ ㄐㄩㄣ
大步流星,1,ㄉㄚˋ ㄅㄨˋ ㄌㄧㄡˊ ㄒㄧㄥ
大殺風景,1,ㄉㄚˋ ㄕㄚ ㄈㄥ ㄐㄧㄥˇ
大比之年,1,ㄉㄚˋ ㄅㄧˇ ㄓ ㄋㄧㄢˊ
大比之期,1,ㄉㄚˋ ㄅㄧˇ ㄓ ㄑㄧˊ
大氣光學,1,ㄉㄚˋ ㄑㄧˋ ㄍㄨㄤ ㄒㄩㄝˊ
大氣折射,1,ㄉㄚˋ ㄑㄧˋ ㄓㄜˊ ㄕㄜˋ
大氣汙染,1,ㄉㄚˋ ㄑㄧˋ ㄨ ㄖㄢˇ
大氣環流,1,ㄉㄚˋ ㄑㄧˋ ㄏㄨㄢˊ ㄌㄧㄡˊ
大氣磅礴,1,ㄉㄚˋ ㄑㄧˋ ㄆㄤ ㄅㄛˊ
大氣科學,1,ㄉㄚˋ ㄑㄧˋ ㄎㄜ ㄒㄩㄝˊ
大氣電學,1,ㄉㄚˋ ㄑㄧˋ ㄉㄧㄢˋ ㄒㄩㄝˊ
大水沖溺,1,ㄉㄚˋ ㄕㄨㄟˇ ㄔㄨㄥ ㄋㄧˋ
大汗涔涔,1,ㄉㄚˋ ㄏㄢˋ ㄘㄣˊ ㄘㄣˊ
大河小說,1,ㄉㄚˋ ㄏㄜˊ ㄒㄧㄠˇ ㄕㄨㄛ
大河文化,1,ㄉㄚˋ ㄏㄜˊ ㄨㄣˊ ㄏㄨㄚˋ
大法小廉,1,ㄉㄚˋ ㄈㄚˇ ㄒㄧㄠˇ ㄌㄧㄢˊ
大洋盆地,1,ㄉㄚˋ ㄧㄤˊ ㄆㄣˊ ㄉㄧˋ
大流行病,1,ㄉㄚˋ ㄌㄧㄡˊ ㄒㄧㄥˊ ㄅㄧㄥˋ
大清早上,1,ㄉㄚˋ ㄑㄧㄥ ㄗㄠˇ ㄕㄤˋ
大清早起,1,ㄉㄚˋ ㄑㄧㄥ ㄗㄠˇ ㄑㄧˇ
大清會典,1,ㄉㄚˋ ㄑㄧㄥ ㄏㄨㄟˋ ㄉㄧㄢˇ
大漲小回,1,ㄉㄚˋ ㄓㄤˇ ㄒㄧㄠˇ ㄏㄨㄟˊ
大澈大悟,1,ㄉㄚˋ ㄔㄜˋ ㄉㄚˋ ㄨˋ
大為受用,1,ㄉㄚˋ ㄨㄟˊ ㄕㄡˋ ㄩㄥˋ
大為失望,1,ㄉㄚˋ ㄨㄟˊ ㄕ ㄨㄤˋ
大烹五鼎,1,ㄉㄚˋ ㄆㄥ ㄨˇ ㄉㄧㄥˇ
大煞風景,1,ㄉㄚˋ ㄕㄚ ㄈㄥ ㄐㄧㄥˇ
大煠八塊,1,ㄉㄚˋ ㄧㄝˋ ㄅㄚ ㄎㄨㄞˋ
大爺習氣,1,ㄉㄚˋ ㄧㄝˊ ㄒㄧˊ ㄑㄧˋ
大犬星座,1,ㄉㄚˋ ㄑㄩㄢˇ ㄒㄧㄥ ㄗㄨㄛˋ
大王椰子,1,ㄉㄚˋ ㄨㄤˊ ㄧㄝˊ ㄗ˙
大男大女,1,ㄉㄚˋ ㄋㄢˊ ㄉㄚˋ ㄋㄩˇ
大男小女,1,ㄉㄚˋ ㄋㄢˊ ㄒㄧㄠˇ ㄋㄩˇ
大發牢騷,1,ㄉㄚˋ ㄈㄚ ㄌㄠˊ ㄙㄠ
大發神威,1,ㄉㄚˋ ㄈㄚ ㄕㄣˊ ㄨㄟ
大發脾氣,1,ㄉㄚˋ ㄈㄚ ㄆㄧˊ ㄑㄧ˙
大白山脈,1,ㄉㄚˋ ㄅㄞˊ ㄕㄢ ㄇㄞˋ
大盤大碗,1,ㄉㄚˋ ㄆㄢˊ ㄉㄚˋ ㄨㄢˇ
大直若屈,1,ㄉㄚˋ ㄓˊ ㄖㄨㄛˋ ㄑㄩ
大相國寺,1,ㄉㄚˋ ㄒㄧㄤˋ ㄍㄨㄛˊ ㄙˋ
大相矛盾,1,ㄉㄚˋ ㄒㄧㄤ ㄇㄠˊ ㄉㄨㄣˋ
大眾公司,1,ㄉㄚˋ ㄓㄨㄥˋ ㄍㄨㄥ ㄙ
大眾媒介,1,ㄉㄚˋ ㄓㄨㄥˋ ㄇㄟˊ ㄐㄧㄝˋ
大眾文化,1,ㄉㄚˋ ㄓㄨㄥˋ ㄨㄣˊ ㄏㄨㄚˋ
大眾文學,1,ㄉㄚˋ ㄓㄨㄥˋ ㄨㄣˊ ㄒㄩㄝˊ
大眾社會,1,ㄉㄚˋ ㄓㄨㄥˋ ㄕㄜˋ ㄏㄨㄟˋ
大眾運輸,1,ㄉㄚˋ ㄓㄨㄥˋ ㄩㄣˋ ㄕㄨ
大破大立,1,ㄉㄚˋ ㄆㄛˋ ㄉㄚˋ ㄌㄧˋ
大破慳囊,1,ㄉㄚˋ ㄆㄛˋ ㄑㄧㄢ ㄋㄤˊ
大福不再,1,ㄉㄚˋ ㄈㄨˊ ㄅㄨˋ ㄗㄞˋ
大福大量,1,ㄉㄚˋ ㄈㄨˊ ㄉㄚˋ ㄌㄧㄤˋ
大秋作物,1,ㄉㄚˋ ㄑㄧㄡ ㄗㄨㄛˋ ㄨˋ
大筆如椽,1,ㄉㄚˋ ㄅㄧˇ ㄖㄨˊ ㄔㄨㄢˊ
大節目事,1,ㄉㄚˋ ㄐㄧㄝˊ ㄇㄨˋ ㄕˋ
大紅日子,1,ㄉㄚˋ ㄏㄨㄥˊ ㄖˋ ㄗ˙
大纛高牙,1,ㄉㄚˋ ㄉㄠˋ ㄍㄠ ㄧㄚˊ
大羹玄酒,1,ㄊㄞˋ ㄍㄥ ㄒㄩㄢˊ ㄐㄧㄡˇ
大考中心,1,ㄉㄚˋ ㄎㄠˇ ㄓㄨㄥ ㄒㄧㄣ
大聲吆喝,1,ㄉㄚˋ ㄕㄥ ㄧㄠ ㄏㄜˋ
大聲小氣,1,ㄉㄚˋ ㄕㄥ ㄒㄧㄠˇ ㄑㄧˋ
大肆厥辭,1,ㄉㄚˋ ㄙˋ ㄐㄩㄝˊ ㄘˊ
大肆吹噓,1,ㄉㄚˋ ㄙˋ ㄔㄨㄟ ㄒㄩ
大肆抨擊,1,ㄉㄚˋ ㄙˋ ㄆㄥ ㄐㄧˊ
大肆搜捕,1,ㄉㄚˋ ㄙˋ ㄙㄡ ㄅㄨˇ
大脖子病,1,ㄉㄚˋ ㄅㄛˊ ㄗ˙ ㄅㄧㄥˋ
大腦髓質,1,ㄉㄚˋ ㄋㄠˇ ㄙㄨㄟˇ ㄓˊ
大腳婆娘,1,ㄉㄚˋ ㄐㄧㄠˇ ㄆㄛˊ ㄋㄧㄤˊ
大腸息肉,1,ㄉㄚˋ ㄔㄤˊ ㄒㄧˊ ㄖㄡˋ
大腸菌類,1,ㄉㄚˋ ㄔㄤˊ ㄐㄩㄣˋ ㄌㄟˋ
大膽妄為,1,ㄉㄚˋ ㄉㄢˇ ㄨㄤˋ ㄨㄟˊ
大致說來,1,ㄉㄚˋ ㄓˋ ㄕㄨㄛ ㄌㄞˊ
大舉入侵,1,ㄉㄚˋ ㄐㄩˇ ㄖㄨˋ ㄑㄧㄣ
大葉合歡,1,ㄉㄚˋ ㄧㄝˋ ㄏㄜˊ ㄏㄨㄢ
大蒜效應,1,ㄉㄚˋ ㄙㄨㄢˋ ㄒㄧㄠˋ ㄧㄥˋ
大處落墨,1,ㄉㄚˋ ㄔㄨˋ ㄌㄨㄛˋ ㄇㄛˋ
大處著眼,1,ㄉㄚˋ ㄔㄨˋ ㄓㄨㄛˊ ㄧㄢˇ
大行其道,1,ㄉㄚˋ ㄒㄧㄥˊ ㄑㄧˊ ㄉㄠˋ
大衾長枕,1,ㄉㄚˋ ㄑㄧㄣ ㄔㄤˊ ㄓㄣˇ
大解八塊,1,ㄉㄚˋ ㄐㄧㄝˇ ㄅㄚ ㄎㄨㄞˋ
大言相駭,1,ㄉㄚˋ ㄧㄢˊ ㄒㄧㄤ ㄏㄞˋ
大言非夸,1,ㄉㄚˋ ㄧㄢˊ ㄈㄟ ㄎㄨㄚ
大請大受,1,ㄉㄚˋ ㄑㄧㄥˇ ㄉㄚˋ ㄕㄡˋ
大謬不然,1,ㄉㄚˋ ㄇㄧㄡˋ ㄅㄨˋ ㄖㄢˊ
大費周折,1,ㄉㄚˋ ㄈㄟˋ ㄓㄡ ㄓㄜˊ
大費神思,1,ㄉㄚˋ ㄈㄟˋ ㄕㄣˊ ㄙ
大費脣舌,1,ㄉㄚˋ ㄈㄟˋ ㄔㄨㄣˊ ㄕㄜˊ
大賢大德,1,ㄉㄚˋ ㄒㄧㄢˊ ㄉㄚˋ ㄉㄜˊ
大賢虎變,1,ㄉㄚˋ ㄒㄧㄢˊ ㄏㄨˇ ㄅㄧㄢˋ
大赦天下,1,ㄉㄚˋ ㄕㄜˋ ㄊㄧㄢ ㄒㄧㄚˋ
大足石刻,1,ㄉㄚˋ ㄗㄨˊ ㄕˊ ㄎㄜˋ
大足石窟,1,ㄉㄚˋ ㄗㄨˊ ㄕˊ ㄎㄨ
大跌小漲,1,ㄉㄚˋ ㄉㄧㄝˊ ㄒㄧㄠˇ ㄓㄤˇ
大車以載,1,ㄉㄚˋ ㄔㄜ ㄧˇ ㄗㄞˋ
大車無輗,1,ㄉㄚˋ ㄔㄜ ㄨˊ ㄋㄧˊ
大軍壓境,1,ㄉㄚˋ ㄐㄩㄣ ㄧㄚ ㄐㄧㄥˋ
大辯不言,1,ㄉㄚˋ ㄅㄧㄢˋ ㄅㄨˋ ㄧㄢˊ
大辯若訥,1,ㄉㄚˋ ㄅㄧㄢˋ ㄖㄨㄛˋ ㄋㄜˋ
大農經營,1,ㄉㄚˋ ㄋㄨㄥˊ ㄐㄧㄥ ㄧㄥˊ
大近視眼,1,ㄉㄚˋ ㄐㄧㄣˋ ㄕˋ ㄧㄢˇ
大逆不孝,1,ㄉㄚˋ ㄋㄧˋ ㄅㄨˋ ㄒㄧㄠˋ
大逆不道,1,ㄉㄚˋ ㄋㄧˋ ㄅㄨˋ ㄉㄠˋ
大逆無道,1,ㄉㄚˋ ㄋㄧˋ ㄨˊ ㄉㄠˋ
大通之年,1,ㄉㄚˋ ㄊㄨㄥ ㄓ ㄋㄧㄢˊ
大通銀行,1,ㄉㄚˋ ㄊㄨㄥ ㄧㄣˊ ㄏㄤˊ
大都會區,1,ㄉㄚˋ ㄉㄨ ㄏㄨㄟˋ ㄑㄩ
大醇小疵,1,ㄉㄚˋ ㄔㄨㄣˊ ㄒㄧㄠˇ ㄘ
大金髮苔,1,ㄉㄚˋ ㄐㄧㄣ ㄈㄚˇ ㄊㄞˊ
大鑼大鼓,1,ㄉㄚˋ ㄌㄨㄛˊ ㄉㄚˋ ㄍㄨˇ
大長公主,1,ㄉㄚˋ ㄓㄤˇ ㄍㄨㄥ ㄓㄨˇ
大長日子,1,ㄉㄚˋ ㄔㄤˊ ㄖˋ ㄗ˙
大關節目,1,ㄉㄚˋ ㄍㄨㄢ ㄐㄧㄝˊ ㄇㄨˋ
大陪審團,1,ㄉㄚˋ ㄆㄟˊ ㄕㄣˇ ㄊㄨㄢˊ
大陸冰川,1,ㄉㄚˋ ㄌㄨˋ ㄅㄧㄥ ㄔㄨㄢ
大陸冰河,1,ㄉㄚˋ ㄌㄨˋ ㄅㄧㄥ ㄏㄜˊ
大陸勞工,1,ㄉㄚˋ ㄌㄨˋ ㄌㄠˊ ㄍㄨㄥ
大陸同胞,1,ㄉㄚˋ ㄌㄨˋ ㄊㄨㄥˊ ㄅㄠ
大陸地區,1,ㄉㄚˋ ㄌㄨˋ ㄉㄧˋ ㄑㄩ
大陸市場,1,ㄉㄚˋ ㄌㄨˋ ㄕˋ ㄔㄤˇ
大陸斜坡,1,ㄉㄚˋ ㄌㄨˋ ㄒㄧㄝˊ ㄆㄛ
大陸會議,1,ㄉㄚˋ ㄌㄨˋ ㄏㄨㄟˋ ㄧˋ
大陸板塊,1,ㄉㄚˋ ㄌㄨˋ ㄅㄢˇ ㄎㄨㄞˋ
大陸氣團,1,ㄉㄚˋ ㄌㄨˋ ㄑㄧˋ ㄊㄨㄢˊ
大陸法系,1,ㄉㄚˋ ㄌㄨˋ ㄈㄚˇ ㄒㄧˋ
大陸礁層,1,ㄉㄚˋ ㄌㄨˋ ㄐㄧㄠ ㄘㄥˊ
大陸邊緣,1,ㄉㄚˋ ㄌㄨˋ ㄅㄧㄢ ㄩㄢˊ
大陸隆堆,1,ㄉㄚˋ ㄌㄨˋ ㄌㄨㄥˊ ㄉㄨㄟ
大陸隆起,1,ㄉㄚˋ ㄌㄨˋ ㄌㄨㄥˊ ㄑㄧˇ
大隱朝市,1,ㄉㄚˋ ㄧㄣˇ ㄔㄠˊ ㄕˋ
大雅可觀,1,ㄉㄚˋ ㄧㄚˇ ㄎㄜˇ ㄍㄨㄢ
大雅君子,1,ㄉㄚˋ ㄧㄚˇ ㄐㄩㄣ ㄗˇ
大雨如瀉,1,ㄉㄚˋ ㄩˇ ㄖㄨˊ ㄒㄧㄝˋ
大雨滂沱,1,ㄉㄚˋ ㄩˇ ㄆㄤ ㄊㄨㄛˊ
大雪山脈,1,ㄉㄚˋ ㄒㄩㄝˇ ㄕㄢ ㄇㄞˋ
大音希聲,1,ㄉㄚˋ ㄧㄣ ㄒㄧ ㄕㄥ
大頭面目,1,ㄉㄚˋ ㄊㄡˊ ㄇㄧㄢˋ ㄇㄨˋ
大題小作,1,ㄉㄚˋ ㄊㄧˊ ㄒㄧㄠˇ ㄗㄨㄛˋ
大顯威風,1,ㄉㄚˋ ㄒㄧㄢˇ ㄨㄟ ㄈㄥ
大飽口福,1,ㄉㄚˋ ㄅㄠˇ ㄎㄡˇ ㄈㄨˊ
大飽眼福,1,ㄉㄚˋ ㄅㄠˇ ㄧㄢˇ ㄈㄨˊ
大飽私囊,1,ㄉㄚˋ ㄅㄠˇ ㄙ ㄋㄤˊ
大馬步掛,1,ㄉㄚˋ ㄇㄚˇ ㄅㄨˋ ㄍㄨㄚˋ
大馬金刀,1,ㄉㄚˋ ㄇㄚˇ ㄐㄧㄣ ㄉㄠ
大驚大險,1,ㄉㄚˋ ㄐㄧㄥ ㄉㄚˋ ㄒㄧㄢˇ
大體而言,1,ㄉㄚˋ ㄊㄧˇ ㄦˊ ㄧㄢˊ
大麻中毒,1,ㄉㄚˋ ㄇㄚˊ ㄓㄨㄥˋ ㄉㄨˊ
天上人間,1,ㄊㄧㄢ ㄕㄤˋ ㄖㄣˊ ㄐㄧㄢ
天上無雙,1,ㄊㄧㄢ ㄕㄤˋ ㄨˊ ㄕㄨㄤ
天上石麟,1,ㄊㄧㄢ ㄕㄤˋ ㄕˊ ㄌㄧㄣˊ
天上麒麟,1,ㄊㄧㄢ ㄕㄤˋ ㄑㄧˊ ㄌㄧㄣˊ
天下多故,1,ㄊㄧㄢ ㄒㄧㄚˋ ㄉㄨㄛ ㄍㄨˋ
天下大勢,1,ㄊㄧㄢ ㄒㄧㄚˋ ㄉㄚˋ ㄕˋ
天下從風,1,ㄊㄧㄢ ㄒㄧㄚˋ ㄘㄨㄥˊ ㄈㄥ
天下文宗,1,ㄊㄧㄢ ㄒㄧㄚˋ ㄨㄣˊ ㄗㄨㄥ
天下歸心,1,ㄊㄧㄢ ㄒㄧㄚˋ ㄍㄨㄟ ㄒㄧㄣ
天下洶洶,1,ㄊㄧㄢ ㄒㄧㄚˋ ㄒㄩㄥ ㄒㄩㄥ
天下為一,1,ㄊㄧㄢ ㄒㄧㄚˋ ㄨㄟˊ ㄧ
天下第一,1,ㄊㄧㄢ ㄒㄧㄚˋ ㄉㄧˋ ㄧ
天下蒼生,1,ㄊㄧㄢ ㄒㄧㄚˋ ㄘㄤ ㄕㄥ
天下鼎沸,1,ㄊㄧㄢ ㄒㄧㄚˋ ㄉㄧㄥˇ ㄈㄟˋ
天不憖遺,1,ㄊㄧㄢ ㄅㄨˋ ㄧㄣˋ ㄧˊ
天不絕人,1,ㄊㄧㄢ ㄅㄨˋ ㄐㄩㄝˊ ㄖㄣˊ
天中五瑞,1,ㄊㄧㄢ ㄓㄨㄥ ㄨˇ ㄖㄨㄟˋ
天人共棄,1,ㄊㄧㄢ ㄖㄣˊ ㄍㄨㄥˋ ㄑㄧˋ
天人感應,1,ㄊㄧㄢ ㄖㄣˊ ㄍㄢˇ ㄧㄥˋ
天人路隔,1,ㄊㄧㄢ ㄖㄣˊ ㄌㄨˋ ㄍㄜˊ
天付良緣,1,ㄊㄧㄢ ㄈㄨˋ ㄌㄧㄤˊ ㄩㄢˊ
天仙聖母,1,ㄊㄧㄢ ㄒㄧㄢ ㄕㄥˋ ㄇㄨˇ
天倫之慘,1,ㄊㄧㄢ ㄌㄨㄣˊ ㄓ ㄘㄢˇ
天倫庭闈,1,ㄊㄧㄢ ㄌㄨㄣˊ ㄊㄧㄥˊ ㄨㄟˊ
天假之年,1,ㄊㄧㄢ ㄐㄧㄚˇ ㄓ ㄋㄧㄢˊ
天假因緣,1,ㄊㄧㄢ ㄐㄧㄚˇ ㄧㄣ ㄩㄢˊ
天假良緣,1,ㄊㄧㄢ ㄐㄧㄚˇ ㄌㄧㄤˊ ㄩㄢˊ
天冠地屨,1,ㄊㄧㄢ ㄍㄨㄢ ㄉㄧˋ ㄐㄩˋ
天剋地衝,1,ㄊㄧㄢ ㄎㄜˋ ㄉㄧˋ ㄔㄨㄥ
天助自助,1,ㄊㄧㄢ ㄓㄨˋ ㄗˋ ㄓㄨˋ
天可憐見,1,ㄊㄧㄢ ㄎㄜˇ ㄌㄧㄢˊ ㄐㄧㄢˋ
天命有歸,1,ㄊㄧㄢ ㄇㄧㄥˋ ㄧㄡˇ ㄍㄨㄟ
天命真主,1,ㄊㄧㄢ ㄇㄧㄥˋ ㄓㄣ ㄓㄨˇ
天地一色,1,ㄊㄧㄢ ㄉㄧˋ ㄧ ㄙㄜˋ
天地世間,1,ㄊㄧㄢ ㄉㄧˋ ㄕˋ ㄐㄧㄢ
天地之別,1,ㄊㄧㄢ ㄉㄧˋ ㄓ ㄅㄧㄝˊ
天地交泰,1,ㄊㄧㄢ ㄉㄧˋ ㄐㄧㄠ ㄊㄞˋ
天地可表,1,ㄊㄧㄢ ㄉㄧˋ ㄎㄜˇ ㄅㄧㄠˇ
天地玄黃,1,ㄊㄧㄢ ㄉㄧˋ ㄒㄩㄢˊ ㄏㄨㄤˊ
天地精華,1,ㄊㄧㄢ ㄉㄧˋ ㄐㄧㄥ ㄏㄨㄚˊ
天地蓋載,1,ㄊㄧㄢ ㄉㄧˋ ㄍㄞˋ ㄗㄞˋ
天地造化,1,ㄊㄧㄢ ㄉㄧˋ ㄗㄠˋ ㄏㄨㄚˋ
天地鬼神,1,ㄊㄧㄢ ㄉㄧˋ ㄍㄨㄟˇ ㄕㄣˊ
天塌地陷,1,ㄊㄧㄢ ㄊㄚ ㄉㄧˋ ㄒㄧㄢˋ
天壤之判,1,ㄊㄧㄢ ㄖㄤˇ ㄓ ㄆㄢˋ
天壤王郎,1,ㄊㄧㄢ ㄖㄤˇ ㄨㄤˊ ㄌㄤˊ
天大地大,1,ㄊㄧㄢ ㄉㄚˋ ㄉㄧˋ ㄉㄚˋ
天奇地怪,1,ㄊㄧㄢ ㄑㄧˊ ㄉㄧˋ ㄍㄨㄞˋ
天子門生,1,ㄊㄧㄢ ㄗˇ ㄇㄣˊ ㄕㄥ
天官賜福,1,ㄊㄧㄢ ㄍㄨㄢ ㄙˋ ㄈㄨˊ
天寶之亂,1,ㄊㄧㄢ ㄅㄠˇ ㄓ ㄌㄨㄢˋ
天崩地塌,1,ㄊㄧㄢ ㄅㄥ ㄉㄧˋ ㄊㄚ
天差地別,1,ㄊㄧㄢ ㄔㄚ ㄉㄧˋ ㄅㄧㄝˊ
天年不遂,1,ㄊㄧㄢ ㄋㄧㄢˊ ㄅㄨˋ ㄙㄨㄟˋ
天年不齊,1,ㄊㄧㄢ ㄋㄧㄢˊ ㄅㄨˋ ㄑㄧˊ
天心人意,1,ㄊㄧㄢ ㄒㄧㄣ ㄖㄣˊ ㄧˋ
天心和合,1,ㄊㄧㄢ ㄒㄧㄣ ㄏㄜˊ ㄏㄜˊ
天心正法,1,ㄊㄧㄢ ㄒㄧㄣ ㄓㄥˋ ㄈㄚˇ
天愁地慘,1,ㄊㄧㄢ ㄔㄡˊ ㄉㄧˋ ㄘㄢˇ
天才教育,1,ㄊㄧㄢ ㄘㄞˊ ㄐㄧㄠˋ ㄩˋ
天才橫溢,1,ㄊㄧㄢ ㄘㄞˊ ㄏㄥˊ ㄧˋ
天授地設,1,ㄊㄧㄢ ㄕㄡˋ ㄉㄧˋ ㄕㄜˋ
天摧地塌,1,ㄊㄧㄢ ㄘㄨㄟ ㄉㄧˋ ㄊㄚ
天文地理,1,ㄊㄧㄢ ㄨㄣˊ ㄉㄧˋ ㄌㄧˇ
天文座標,1,ㄊㄧㄢ ㄨㄣˊ ㄗㄨㄛˋ ㄅㄧㄠ
天文攝影,1,ㄊㄧㄢ ㄨㄣˊ ㄕㄜˋ ㄧㄥˇ
天旋日轉,1,ㄊㄧㄢ ㄒㄩㄢˊ ㄖˋ ㄓㄨㄢˇ
天日之表,1,ㄊㄧㄢ ㄖˋ ㄓ ㄅㄧㄠˇ
天昏地慘,1,ㄊㄧㄢ ㄏㄨㄣ ㄉㄧˋ ㄘㄢˇ
天昏地黑,1,ㄊㄧㄢ ㄏㄨㄣ ㄉㄧˋ ㄏㄟ
天月二德,1,ㄊㄧㄢ ㄩㄝˋ ㄦˋ ㄉㄜˊ
天朗氣清,1,ㄊㄧㄢ ㄌㄤˇ ㄑㄧˋ ㄑㄧㄥ
天末涼風,1,ㄊㄧㄢ ㄇㄛˋ ㄌㄧㄤˊ ㄈㄥ
天機雲錦,1,ㄊㄧㄢ ㄐㄧ ㄩㄣˊ ㄐㄧㄣˇ
天涯咫尺,1,ㄊㄧㄢ ㄧㄚˊ ㄓˇ ㄔˇ
天涯知己,1,ㄊㄧㄢ ㄧㄚˊ ㄓ ㄐㄧˇ
天清氣朗,1,ㄊㄧㄢ ㄑㄧㄥ ㄑㄧˋ ㄌㄤˇ
天潢貴胄,1,ㄊㄧㄢ ㄏㄨㄤˊ ㄍㄨㄟˋ ㄓㄡˋ
天災地孽,1,ㄊㄧㄢ ㄗㄞ ㄉㄧˋ ㄋㄧㄝˋ
天災地變,1,ㄊㄧㄢ ㄗㄞ ㄉㄧˋ ㄅㄧㄢˋ
天災物怪,1,ㄊㄧㄢ ㄗㄞ ㄨˋ ㄍㄨㄞˋ
天然免疫,1,ㄊㄧㄢ ㄖㄢˊ ㄇㄧㄢˇ ㄧˋ
天然國界,1,ㄊㄧㄢ ㄖㄢˊ ㄍㄨㄛˊ ㄐㄧㄝˋ
天然果汁,1,ㄊㄧㄢ ㄖㄢˊ ㄍㄨㄛˇ ㄓ
天然毒素,1,ㄊㄧㄢ ㄖㄢˊ ㄉㄨˊ ㄙㄨˋ
天然災害,1,ㄊㄧㄢ ㄖㄢˊ ㄗㄞ ㄏㄞˋ
天然磁鐵,1,ㄊㄧㄢ ㄖㄢˊ ㄘˊ ㄊㄧㄝˇ
天然色素,1,ㄊㄧㄢ ㄖㄢˊ ㄙㄜˋ ㄙㄨˋ
天照大神,1,ㄊㄧㄢ ㄓㄠˋ ㄉㄚˋ ㄕㄣˊ
天狗吃月,1,ㄊㄧㄢ ㄍㄡˇ ㄔ ㄩㄝˋ
天狗吞月,1,ㄊㄧㄢ ㄍㄡˇ ㄊㄨㄣ ㄩㄝˋ
天狗食月,1,ㄊㄧㄢ ㄍㄡˇ ㄕˊ ㄩㄝˋ
天王巨星,1,ㄊㄧㄢ ㄨㄤˊ ㄐㄩˋ ㄒㄧㄥ
天王老子,1,ㄊㄧㄢ ㄨㄤˊ ㄌㄠˇ ㄗ˙
天理報應,1,ㄊㄧㄢ ㄌㄧˇ ㄅㄠˋ ㄧㄥˋ
天理昭昭,1,ㄊㄧㄢ ㄌㄧˇ ㄓㄠ ㄓㄠ
天理昭然,1,ㄊㄧㄢ ㄌㄧˇ ㄓㄠ ㄖㄢˊ
天生天化,1,ㄊㄧㄢ ㄕㄥ ㄊㄧㄢ ㄏㄨㄚˋ
天生天殺,1,ㄊㄧㄢ ㄕㄥ ㄊㄧㄢ ㄕㄚ
天生尤物,1,ㄊㄧㄢ ㄕㄥ ㄧㄡˊ ㄨˋ
天生羽翼,1,ㄊㄧㄢ ㄕㄥ ㄩˇ ㄧˋ
天相吉人,1,ㄊㄧㄢ ㄒㄧㄤˋ ㄐㄧˊ ㄖㄣˊ
天真地秀,1,ㄊㄧㄢ ㄓㄣ ㄉㄧˋ ㄒㄧㄡˋ
天真未鑿,1,ㄊㄧㄢ ㄓㄣ ㄨㄟˋ ㄗㄨㄛˋ
天真活潑,1,ㄊㄧㄢ ㄓㄣ ㄏㄨㄛˊ ㄆㄛ
天知地知,1,ㄊㄧㄢ ㄓ ㄉㄧˋ ㄓ
天祿琳琅,1,ㄊㄧㄢ ㄌㄨˋ ㄌㄧㄣˊ ㄌㄤˊ
天窄地狹,1,ㄊㄧㄢ ㄓㄞˇ ㄉㄧˋ ㄒㄧㄚˊ
天籟自鳴,1,ㄊㄧㄢ ㄌㄞˋ ㄗˋ ㄇㄧㄥˊ
天緣奇遇,1,ㄊㄧㄢ ㄩㄢˊ ㄑㄧˊ ㄩˋ
天緣注定,1,ㄊㄧㄢ ㄩㄢˊ ㄓㄨˋ ㄉㄧㄥˋ
天緣湊合,1,ㄊㄧㄢ ㄩㄢˊ ㄘㄡˋ ㄏㄜˊ
天緣輻輳,1,ㄊㄧㄢ ㄩㄢˊ ㄈㄨˊ ㄘㄡˋ
天縱之才,1,ㄊㄧㄢ ㄗㄨㄥˋ ㄓ ㄘㄞˊ
天聾地啞,1,ㄊㄧㄢ ㄌㄨㄥˊ ㄉㄧˋ ㄧㄚˇ
天花墜地,1,ㄊㄧㄢ ㄏㄨㄚ ㄓㄨㄟˋ ㄉㄧˋ
天荊地棘,1,ㄊㄧㄢ ㄐㄧㄥ ㄉㄧˋ ㄐㄧˊ
天行時氣,1,ㄊㄧㄢ ㄒㄧㄥˊ ㄕˊ ㄑㄧˋ
天覆地載,1,ㄊㄧㄢ ㄈㄨˋ ㄉㄧˋ ㄗㄞˋ
天賜遐齡,1,ㄊㄧㄢ ㄘˋ ㄒㄧㄚˊ ㄌㄧㄥˊ
天道人事,1,ㄊㄧㄢ ㄉㄠˋ ㄖㄣˊ ㄕˋ
天道好還,1,ㄊㄧㄢ ㄉㄠˋ ㄏㄠˇ ㄏㄨㄢˊ
天道循環,1,ㄊㄧㄢ ㄉㄠˋ ㄒㄩㄣˊ ㄏㄨㄢˊ
天道恢恢,1,ㄊㄧㄢ ㄉㄠˋ ㄏㄨㄟ ㄏㄨㄟ
天道無親,1,ㄊㄧㄢ ㄉㄠˋ ㄨˊ ㄑㄧㄣ
天遠地隔,1,ㄊㄧㄢ ㄩㄢˇ ㄉㄧˋ ㄍㄜˊ
天長地老,1,ㄊㄧㄢ ㄔㄤˊ ㄉㄧˋ ㄌㄠˇ
天長地遠,1,ㄊㄧㄢ ㄔㄤˊ ㄉㄧˋ ㄩㄢˇ
天關客星,1,ㄊㄧㄢ ㄍㄨㄢ ㄎㄜˋ ㄒㄧㄥ
天隨人願,1,ㄊㄧㄢ ㄙㄨㄟˊ ㄖㄣˊ ㄩㄢˋ
天震地駭,1,ㄊㄧㄢ ㄓㄣˋ ㄉㄧˋ ㄏㄞˋ
天驚石破,1,ㄊㄧㄢ ㄐㄧㄥ ㄕˊ ㄆㄛˋ
天體座標,1,ㄊㄧㄢ ㄊㄧˇ ㄗㄨㄛˋ ㄅㄧㄠ
天體觀測,1,ㄊㄧㄢ ㄊㄧˇ ㄍㄨㄢ ㄘㄜˋ
天高地迥,1,ㄊㄧㄢ ㄍㄠ ㄉㄧˋ ㄐㄩㄥˇ
天高地遠,1,ㄊㄧㄢ ㄍㄠ ㄉㄧˋ ㄩㄢˇ
天高地闊,1,ㄊㄧㄢ ㄍㄠ ㄉㄧˋ ㄎㄨㄛˋ
天高日遠,1,ㄊㄧㄢ ㄍㄠ ㄖˋ ㄩㄢˇ
天高氣清,1,ㄊㄧㄢ ㄍㄠ ㄑㄧˋ ㄑㄧㄥ
天高氣爽,1,ㄊㄧㄢ ㄍㄠ ㄑㄧˋ ㄕㄨㄤˇ
天高聽遠,1,ㄊㄧㄢ ㄍㄠ ㄊㄧㄥ ㄩㄢˇ
天魔外道,1,ㄊㄧㄢ ㄇㄛˊ ㄨㄞˋ ㄉㄠˋ
天鵝星座,1,ㄊㄧㄢ ㄜˊ ㄒㄧㄥ ㄗㄨㄛˋ
天鷹星座,1,ㄊㄧㄢ ㄧㄥ ㄒㄧㄥ ㄗㄨㄛˋ
太上忘情,1,ㄊㄞˋ ㄕㄤˋ ㄨㄤˋ ㄑㄧㄥˊ
太丘道廣,1,ㄊㄞˋ ㄑㄧㄡ ㄉㄠˋ ㄍㄨㄤˇ
太中大夫,1,ㄊㄞˋ ㄓㄨㄥ ㄉㄚˋ ㄈㄨ
太乙神針,1,ㄊㄞˋ ㄧˇ ㄕㄣˊ ㄓㄣ
太倉一粟,1,ㄊㄞˋ ㄘㄤ ㄧ ㄙㄨˋ
太公兵法,1,ㄊㄞˋ ㄍㄨㄥ ㄅㄧㄥ ㄈㄚˇ
太公家教,1,ㄊㄞˋ ㄍㄨㄥ ㄐㄧㄚ ㄐㄧㄠˋ
太公釣魚,1,ㄊㄞˋ ㄍㄨㄥ ㄉㄧㄠˋ ㄩˊ
太公鼓刀,1,ㄊㄞˋ ㄍㄨㄥ ㄍㄨˇ ㄉㄠ
太古傳宗,1,ㄊㄞˋ ㄍㄨˇ ㄔㄨㄢˊ ㄗㄨㄥ
太子太保,1,ㄊㄞˋ ㄗˇ ㄊㄞˋ ㄅㄠˇ
太子太傅,1,ㄊㄞˋ ㄗˇ ㄊㄞˋ ㄈㄨˋ
太子太師,1,ㄊㄞˋ ㄗˇ ㄊㄞˋ ㄕ
太子少保,1,ㄊㄞˋ ㄗˇ ㄕㄠˋ ㄅㄠˇ
太子少師,1,ㄊㄞˋ ㄗˇ ㄕㄠˋ ㄕ
太子舍人,1,ㄊㄞˋ ㄗˇ ㄕㄜˋ ㄖㄣˊ
太山鴻毛,1,ㄊㄞˋ ㄕㄢ ㄏㄨㄥˊ ㄇㄠˊ
太師交椅,1,ㄊㄞˋ ㄕ ㄐㄧㄠ ㄧˇ
太常博士,1,ㄊㄞˋ ㄔㄤˊ ㄅㄛˊ ㄕˋ
太平之治,1,ㄊㄞˋ ㄆㄧㄥˊ ㄓ ㄓˋ
太平天子,1,ㄊㄞˋ ㄆㄧㄥˊ ㄊㄧㄢ ㄗˇ
太平日子,1,ㄊㄞˋ ㄆㄧㄥˊ ㄖˋ ㄗ˙
太平時世,1,ㄊㄞˋ ㄆㄧㄥˊ ㄕˊ ㄕˋ
太平時節,1,ㄊㄞˋ ㄆㄧㄥˊ ㄕˊ ㄐㄧㄝˊ
太平歌詞,1,ㄊㄞˋ ㄆㄧㄥˊ ㄍㄜ ㄘˊ
太平氣象,1,ㄊㄞˋ ㄆㄧㄥˊ ㄑㄧˋ ㄒㄧㄤˋ
太平水桶,1,ㄊㄞˋ ㄆㄧㄥˊ ㄕㄨㄟˇ ㄊㄨㄥˇ
太平水缸,1,ㄊㄞˋ ㄆㄧㄥˊ ㄕㄨㄟˇ ㄍㄤ
太平無事,1,ㄊㄞˋ ㄆㄧㄥˊ ㄨˊ ㄕˋ
太平真君,1,ㄊㄞˋ ㄆㄧㄥˊ ㄓㄣ ㄐㄩㄣ
太平興國,1,ㄊㄞˋ ㄆㄧㄥˊ ㄒㄧㄥ ㄍㄨㄛˊ
太平龍頭,1,ㄊㄞˋ ㄆㄧㄥˊ ㄌㄨㄥˊ ㄊㄡˊ
太極圖說,1,ㄊㄞˋ ㄐㄧˊ ㄊㄨˊ ㄕㄨㄛ
太歲年名,1,ㄊㄞˋ ㄙㄨㄟˋ ㄋㄧㄢˊ ㄇㄧㄥˊ
太白酒星,1,ㄊㄞˋ ㄅㄞˊ ㄐㄧㄡˇ ㄒㄧㄥ
太白金星,1,ㄊㄞˋ ㄅㄞˊ ㄐㄧㄣ ㄒㄧㄥ
太皇太后,1,ㄊㄞˋ ㄏㄨㄤˊ ㄊㄞˋ ㄏㄡˋ
太空傳播,1,ㄊㄞˋ ㄎㄨㄥ ㄔㄨㄢˊ ㄅㄛˋ
太空劇場,1,ㄊㄞˋ ㄎㄨㄥ ㄐㄩˋ ㄔㄤˇ
太空探險,1,ㄊㄞˋ ㄎㄨㄥ ㄊㄢˋ ㄒㄧㄢˇ
太空條約,1,ㄊㄞˋ ㄎㄨㄥ ㄊㄧㄠˊ ㄩㄝ
太空武器,1,ㄊㄞˋ ㄎㄨㄥ ㄨˇ ㄑㄧˋ
太空漫步,1,ㄊㄞˋ ㄎㄨㄥ ㄇㄢˋ ㄅㄨˋ
太空科學,1,ㄊㄞˋ ㄎㄨㄥ ㄎㄜ ㄒㄩㄝˊ
太空總署,1,ㄊㄞˋ ㄎㄨㄥ ㄗㄨㄥˇ ㄕㄨˇ
太空藝術,1,ㄊㄞˋ ㄎㄨㄥ ㄧˋ ㄕㄨˋ
太空軌道,1,ㄊㄞˋ ㄎㄨㄥ ㄍㄨㄟˇ ㄉㄠˋ
太空通訊,1,ㄊㄞˋ ㄎㄨㄥ ㄊㄨㄥ ㄒㄩㄣˋ
太空醫學,1,ㄊㄞˋ ㄎㄨㄥ ㄧ ㄒㄩㄝˊ
太空食物,1,ㄊㄞˋ ㄎㄨㄥ ㄕˊ ㄨˋ
太老先生,1,ㄊㄞˋ ㄌㄠˇ ㄒㄧㄢ ㄕㄥ˙
太阿之柄,1,ㄊㄞˋ ㄜ ㄓ ㄅㄧㄥˇ
太阿在握,1,ㄊㄞˋ ㄜ ㄗㄞˋ ㄨㄛˋ
太陰之象,1,ㄊㄞˋ ㄧㄣ ㄓ ㄒㄧㄤˋ
太陽光譜,1,ㄊㄞˋ ㄧㄤˊ ㄍㄨㄤ ㄆㄨˇ
太陽能房,1,ㄊㄞˋ ㄧㄤˊ ㄋㄥˊ ㄈㄤˊ
太陽自轉,1,ㄊㄞˋ ㄧㄤˊ ㄗˋ ㄓㄨㄢˋ
太陽閃焰,1,ㄊㄞˋ ㄧㄤˊ ㄕㄢˇ ㄧㄢˋ
太陽電波,1,ㄊㄞˋ ㄧㄤˊ ㄉㄧㄢˋ ㄅㄛ
夫人縣君,1,ㄈㄨ ㄖㄣˊ ㄒㄧㄢˋ ㄐㄩㄣ
夫人裙帶,1,ㄈㄨ ㄖㄣˊ ㄑㄩㄣˊ ㄉㄞˋ
夫妻兩口,1,ㄈㄨ ㄑㄧ ㄌㄧㄤˇ ㄎㄡˇ
夫妻關係,1,ㄈㄨ ㄑㄧ ㄍㄨㄢ ㄒㄧˋ
夫婦合璧,1,ㄈㄨ ㄈㄨˋ ㄏㄜˊ ㄅㄧˋ
夫婦好合,1,ㄈㄨ ㄈㄨˋ ㄏㄠˇ ㄏㄜˊ
夫婦齊眉,1,ㄈㄨ ㄈㄨˋ ㄑㄧˊ ㄇㄟˊ
夫榮妻貴,1,ㄈㄨ ㄖㄨㄥˊ ㄑㄧ ㄍㄨㄟˋ
夫榮妻顯,1,ㄈㄨ ㄖㄨㄥˊ ㄑㄧ ㄒㄧㄢˇ
夫貴妻榮,1,ㄈㄨ ㄍㄨㄟˋ ㄑㄧ ㄖㄨㄥˊ
夭桃穠李,1,ㄧㄠ ㄊㄠˊ ㄋㄨㄥˊ ㄌㄧˇ
夭桃襛李,1,ㄧㄠ ㄊㄠˊ ㄋㄨㄥˊ ㄌㄧˇ
夭矯離奇,1,ㄧㄠ ㄐㄧㄠˇ ㄌㄧˊ ㄑㄧˊ
央人作伐,1,ㄧㄤ ㄖㄣˊ ㄗㄨㄛˋ ㄈㄚ
央央戧戧,1,ㄧㄤ ㄧㄤ˙ ㄑㄧㄤ ㄑㄧㄤ
央央插插,1,ㄧㄤ ㄧㄤ ㄔㄚ ㄔㄚ
央浼營幹,1,ㄧㄤ ㄇㄟˇ ㄧㄥˊ ㄍㄢˋ
夯土建築,1,ㄏㄤ ㄊㄨˇ ㄐㄧㄢˋ ㄓㄨˊ
夯鐵之夫,1,ㄏㄤ ㄊㄧㄝˇ ㄓ ㄈㄨ
夯雀先飛,1,ㄏㄤ ㄑㄩㄝˋ ㄒㄧㄢ ㄈㄟ
失依兒童,1,ㄕ ㄧ ㄦˊ ㄊㄨㄥˊ
失張倒怪,1,ㄕ ㄓㄤ ㄉㄠˇ ㄍㄨㄞˋ
失張冒勢,1,ㄕ ㄓㄤ ㄇㄠˋ ㄕˋ
失張失志,1,ㄕ ㄓㄤ ㄕ ㄓˋ
失張失智,1,ㄕ ㄓㄤ ㄕ ㄓˋ
失支脫節,1,ㄕ ㄓ ㄊㄨㄛ ㄐㄧㄝˊ
失教兒童,1,ㄕ ㄐㄧㄠˋ ㄦˊ ㄊㄨㄥˊ
失業人口,1,ㄕ ㄧㄝˋ ㄖㄣˊ ㄎㄡˇ
失業保險,1,ㄕ ㄧㄝˋ ㄅㄠˇ ㄒㄧㄢˇ
失業救助,1,ㄕ ㄧㄝˋ ㄐㄧㄡˋ ㄓㄨˋ
失業救濟,1,ㄕ ㄧㄝˋ ㄐㄧㄡˋ ㄐㄧˋ
失神落魄,1,ㄕ ㄕㄣˊ ㄌㄨㄛˋ ㄆㄛˋ
失諸交臂,1,ㄕ ㄓㄨ ㄐㄧㄠ ㄅㄧˋ
失道寡助,1,ㄕ ㄉㄠˋ ㄍㄨㄚˇ ㄓㄨˋ
失飢傷飽,1,ㄕ ㄐㄧ ㄕㄤ ㄅㄠˇ
失馬亡羊,1,ㄕ ㄇㄚˇ ㄨㄤˊ ㄧㄤˊ
失驚打怪,1,ㄕ ㄐㄧㄥ ㄉㄚˇ ㄍㄨㄞˋ
失魂喪魄,1,ㄕ ㄏㄨㄣˊ ㄙㄤˋ ㄆㄛˋ
夷險一節,1,ㄧˊ ㄒㄧㄢˇ ㄧ ㄐㄧㄝˊ
夸父逐日,1,ㄎㄨㄚ ㄈㄨˋ ㄓㄨˊ ㄖˋ
夾槍帶棒,1,ㄐㄧㄚˊ ㄑㄧㄤ ㄉㄞˋ ㄅㄤˋ
夾背心子,1,ㄐㄧㄚˊ ㄅㄟˋ ㄒㄧㄣ ㄗ˙
夾被摩痛,1,ㄐㄧㄚˊ ㄅㄟˋ ㄇㄛˊ ㄊㄨㄥˋ
奄奄垂絕,1,ㄧㄢ ㄧㄢ ㄔㄨㄟˊ ㄐㄩㄝˊ
奄奄無力,1,ㄧㄢ ㄧㄢ ㄨˊ ㄌㄧˋ
奄然而逝,1,ㄧㄢˇ ㄖㄢˊ ㄦˊ ㄕˋ
奇人異士,1,ㄑㄧˊ ㄖㄣˊ ㄧˋ ㄕˋ
奇冤極枉,1,ㄑㄧˊ ㄩㄢ ㄐㄧˊ ㄨㄤˇ
奇大無比,1,ㄑㄧˊ ㄉㄚˋ ㄨˊ ㄅㄧˇ
奇山異水,1,ㄑㄧˊ ㄕㄢ ㄧˋ ㄕㄨㄟˇ
奇峰怪石,1,ㄑㄧˊ ㄈㄥ ㄍㄨㄞˋ ㄕˊ
奇幻迷離,1,ㄑㄧˊ ㄏㄨㄢˋ ㄇㄧˊ ㄌㄧˊ
奇恥大辱,1,ㄑㄧˊ ㄔˇ ㄉㄚˋ ㄖㄨˋ
奇才異能,1,ㄑㄧˊ ㄘㄞˊ ㄧˋ ㄋㄥˊ
奇技淫巧,1,ㄑㄧˊ ㄐㄧˋ ㄧㄣˊ ㄑㄧㄠˇ
奇文共賞,1,ㄑㄧˊ ㄨㄣˊ ㄍㄨㄥˋ ㄕㄤˇ
奇文瑰句,1,ㄑㄧˊ ㄨㄣˊ ㄍㄨㄟ ㄐㄩˋ
奇珍異寶,1,ㄑㄧˊ ㄓㄣ ㄧˋ ㄅㄠˇ
奇珍異物,1,ㄑㄧˊ ㄓㄣ ㄧˋ ㄨˋ
奇異墨水,1,ㄑㄧˊ ㄧˋ ㄇㄛˋ ㄕㄨㄟˇ
奇節瑰行,1,ㄑㄧˊ ㄐㄧㄝˊ ㄍㄨㄟ ㄒㄧㄥˋ
奇經八脈,1,ㄑㄧˊ ㄐㄧㄥ ㄅㄚ ㄇㄞˋ
奇花異卉,1,ㄑㄧˊ ㄏㄨㄚ ㄧˋ ㄏㄨㄟˋ
奇花異果,1,ㄑㄧˊ ㄏㄨㄚ ㄧˋ ㄍㄨㄛˇ
奇謀異策,1,ㄑㄧˊ ㄇㄡˊ ㄧˋ ㄘㄜˋ
奇蹤異跡,1,ㄑㄧˊ ㄗㄨㄥ ㄧˋ ㄐㄧ
奇龐福艾,1,ㄑㄧˊ ㄆㄤˊ ㄈㄨˊ ㄞˋ
奈上祝下,1,ㄋㄞˋ ㄕㄤˋ ㄓㄨˋ ㄒㄧㄚˋ
奈及利亞,1,ㄋㄞˋ ㄐㄧˊ ㄌㄧˋ ㄧㄚˋ
奉公不阿,1,ㄈㄥˋ ㄍㄨㄥ ㄅㄨˋ ㄜ
奉公執法,1,ㄈㄥˋ ㄍㄨㄥ ㄓˊ ㄈㄚˇ
奉公正己,1,ㄈㄥˋ ㄍㄨㄥ ㄓㄥˋ ㄐㄧˇ
奉其正朔,1,ㄈㄥˋ ㄑㄧˊ ㄓㄥ ㄕㄨㄛˋ
奉命唯謹,1,ㄈㄥˋ ㄇㄧㄥˋ ㄨㄟˊ ㄐㄧㄣˇ
奉天承運,1,ㄈㄥˋ ㄊㄧㄢ ㄔㄥˊ ㄩㄣˋ
奉如神明,1,ㄈㄥˋ ㄖㄨˊ ㄕㄣˊ ㄇㄧㄥˊ
奉揚仁風,1,ㄈㄥˋ ㄧㄤˊ ㄖㄣˊ ㄈㄥ
奉政大夫,1,ㄈㄥˋ ㄓㄥˋ ㄉㄚˋ ㄈㄨ
奉為楷模,1,ㄈㄥˋ ㄨㄟˊ ㄎㄞˇ ㄇㄛˊ
奉行故事,1,ㄈㄥˋ ㄒㄧㄥˊ ㄍㄨˋ ㄕˋ
奉轂後車,1,ㄈㄥˋ ㄍㄨˇ ㄏㄡˋ ㄔㄜ
奉辭伐罪,1,ㄈㄥˋ ㄘˊ ㄈㄚ ㄗㄨㄟˋ
奉迓金蓮,1,ㄈㄥˋ ㄧㄚˋ ㄐㄧㄣ ㄌㄧㄢˊ
奉道齋僧,1,ㄈㄥˋ ㄉㄠˋ ㄓㄞ ㄙㄥ
奉頭鼠竄,1,ㄈㄥˋ ㄊㄡˊ ㄕㄨˇ ㄘㄨㄢˋ
奎星高照,1,ㄎㄨㄟˊ ㄒㄧㄥ ㄍㄠ ㄓㄠˋ
奏鳴曲式,1,ㄗㄡˋ ㄇㄧㄥˊ ㄑㄩˇ ㄕˋ
契合金蘭,1,ㄑㄧˋ ㄏㄜˊ ㄐㄧㄣ ㄌㄢˊ
契文舉例,1,ㄑㄧˋ ㄨㄣˊ ㄐㄩˇ ㄌㄧˋ
契約農業,1,ㄑㄧˋ ㄩㄝ ㄋㄨㄥˊ ㄧㄝˋ
契若金蘭,1,ㄑㄧˋ ㄖㄨㄛˋ ㄐㄧㄣ ㄌㄢˊ
契闊談讌,1,ㄑㄧㄝˋ ㄎㄨㄛˋ ㄊㄢˊ ㄧㄢˋ
奓著膽子,1,ㄓㄚ ㄓㄜ˙ ㄉㄢˇ ㄗ˙
奔井投河,1,ㄅㄣˋ ㄐㄧㄥˇ ㄊㄡˊ ㄏㄜˊ
奔波勞碌,1,ㄅㄣ ㄅㄛ ㄌㄠˊ ㄌㄨˋ
奔流不息,1,ㄅㄣ ㄌㄧㄡˊ ㄅㄨˋ ㄒㄧˊ
奔走之友,1,ㄅㄣ ㄗㄡˇ ㄓ ㄧㄡˇ
奔走如市,1,ㄅㄣ ㄗㄡˇ ㄖㄨˊ ㄕˋ
奔走逢迎,1,ㄅㄣ ㄗㄡˇ ㄈㄥˊ ㄧㄥˊ
奔走風塵,1,ㄅㄣ ㄗㄡˇ ㄈㄥ ㄔㄣˊ
奔車朽索,1,ㄅㄣ ㄔㄜ ㄒㄧㄡˇ ㄙㄨㄛˇ
奔逸絕塵,1,ㄅㄣ ㄧˋ ㄐㄩㄝˊ ㄔㄣˊ
奔馳如雷,1,ㄅㄣ ㄔˊ ㄖㄨˊ ㄌㄟˊ
奔馳如電,1,ㄅㄣ ㄔˊ ㄖㄨˊ ㄉㄧㄢˋ
奔騰澎湃,1,ㄅㄣ ㄊㄥˊ ㄆㄥ ㄆㄞˋ
套印版畫,1,ㄊㄠˋ ㄧㄣˋ ㄅㄢˇ ㄏㄨㄚˋ
套畫押字,1,ㄊㄠˋ ㄏㄨㄚˋ ㄧㄚ ㄗˋ
套色版畫,1,ㄊㄠˋ ㄙㄜˋ ㄅㄢˇ ㄏㄨㄚˋ
套裝旅遊,1,ㄊㄠˋ ㄓㄨㄤ ㄌㄩˇ ㄧㄡˊ
套頭裹腦,1,ㄊㄠˋ ㄊㄡˊ ㄍㄨㄛˇ ㄋㄠˇ
奧勒岡州,1,ㄠˋ ㄌㄜˋ ㄍㄤ ㄓㄡ
奧匈帝國,1,ㄠˋ ㄒㄩㄥ ㄉㄧˋ ㄍㄨㄛˊ
奧古斯都,1,ㄠˋ ㄍㄨˇ ㄙ ㄉㄨ
奧會模式,1,ㄠˋ ㄏㄨㄟˋ ㄇㄛˊ ㄕˋ
奧林比亞,1,ㄠˋ ㄌㄧㄣˊ ㄅㄧˇ ㄧㄚˋ
奪席談經,1,ㄉㄨㄛˊ ㄒㄧˊ ㄊㄢˊ ㄐㄧㄥ
奪眶而出,1,ㄉㄨㄛˊ ㄎㄨㄤ ㄦˊ ㄔㄨ
奪胎換骨,1,ㄉㄨㄛˊ ㄊㄞ ㄏㄨㄢˋ ㄍㄨˇ
奪門而出,1,ㄉㄨㄛˊ ㄇㄣˊ ㄦˊ ㄔㄨ
奮不顧身,1,ㄈㄣˋ ㄅㄨˋ ㄍㄨˋ ㄕㄣ
奮勇爭先,1,ㄈㄣˋ ㄩㄥˇ ㄓㄥ ㄒㄧㄢ
奮勇當先,1,ㄈㄣˋ ㄩㄥˇ ㄉㄤ ㄒㄧㄢ
奮武揚威,1,ㄈㄣˋ ㄨˇ ㄧㄤˊ ㄨㄟ
奮發自強,1,ㄈㄣˋ ㄈㄚ ㄗˋ ㄑㄧㄤˊ
奮發蹈厲,1,ㄈㄣˋ ㄈㄚ ㄉㄠˋ ㄌㄧˋ
奮筆疾書,1,ㄈㄣˋ ㄅㄧˇ ㄐㄧˊ ㄕㄨ
奮袂攘襟,1,ㄈㄣˋ ㄇㄟˋ ㄖㄤˊ ㄐㄧㄣ
奮袂而起,1,ㄈㄣˋ ㄇㄟˋ ㄦˊ ㄑㄧˇ
奮身獨步,1,ㄈㄣˋ ㄕㄣ ㄉㄨˊ ㄅㄨˋ
奮鬥不懈,1,ㄈㄣˋ ㄉㄡˋ ㄅㄨˋ ㄒㄧㄝˋ
女中堯舜,1,ㄋㄩˇ ㄓㄨㄥ ㄧㄠˊ ㄕㄨㄣˋ
女兒意態,1,ㄋㄩˇ ㄦˊ ㄧˋ ㄊㄞˋ
女大難留,1,ㄋㄩˇ ㄉㄚˋ ㄋㄢˊ ㄌㄧㄡˊ
女大須嫁,1,ㄋㄩˇ ㄉㄚˋ ㄒㄩ ㄐㄧㄚˋ
女嫁男婚,1,ㄋㄩˇ ㄐㄧㄚˋ ㄋㄢˊ ㄏㄨㄣ
女子教育,1,ㄋㄩˇ ㄗˇ ㄐㄧㄠˋ ㄩˋ
女子文戲,1,ㄋㄩˇ ㄗˇ ㄨㄣˊ ㄒㄧˋ
女宗宛在,1,ㄋㄩˇ ㄗㄨㄥ ㄨㄢˇ ㄗㄞˋ
女性主義,1,ㄋㄩˇ ㄒㄧㄥˋ ㄓㄨˇ ㄧˋ
女性意識,1,ㄋㄩˇ ㄒㄧㄥˋ ㄧˋ ㄕˋ
女性節目,1,ㄋㄩˇ ㄒㄧㄥˋ ㄐㄧㄝˊ ㄇㄨˋ
女性藝術,1,ㄋㄩˇ ㄒㄧㄥˋ ㄧˋ ㄕㄨˋ
女性觀點,1,ㄋㄩˇ ㄒㄧㄥˋ ㄍㄨㄢ ㄉㄧㄢˇ
女扮男身,1,ㄋㄩˇ ㄅㄢˋ ㄋㄢˊ ㄕㄣ
女曰雞鳴,1,ㄋㄩˇ ㄩㄝ ㄐㄧ ㄇㄧㄥˊ
女生外嚮,1,ㄋㄩˇ ㄕㄥ ㄨㄞˋ ㄒㄧㄤˋ
女童子軍,1,ㄋㄩˇ ㄊㄨㄥˊ ㄗˇ ㄐㄩㄣ
女織男耕,1,ㄋㄩˇ ㄓ ㄋㄢˊ ㄍㄥ
女貌郎才,1,ㄋㄩˇ ㄇㄠˋ ㄌㄤˊ ㄘㄞˊ
女長須嫁,1,ㄋㄩˇ ㄓㄤˇ ㄒㄩ ㄐㄧㄚˋ
奴顏婢睞,1,ㄋㄨˊ ㄧㄢˊ ㄅㄧˋ ㄌㄞˋ
奴顏媚骨,1,ㄋㄨˊ ㄧㄢˊ ㄇㄟˋ ㄍㄨˇ
奸同鬼蜮,1,ㄐㄧㄢ ㄊㄨㄥˊ ㄍㄨㄟˇ ㄩˋ
奸胥猾吏,1,ㄐㄧㄢ ㄒㄩ ㄏㄨㄚˊ ㄌㄧˋ
奸詐不級,1,ㄐㄧㄢ ㄓㄚˋ ㄅㄨˋ ㄐㄧˊ
好不自在,1,ㄏㄠˇ ㄅㄨˋ ㄗˋ ㄗㄞˋ
好丹非素,1,ㄏㄠˋ ㄉㄢ ㄈㄟ ㄙㄨˋ
好事多妨,1,ㄏㄠˇ ㄕˋ ㄉㄨㄛ ㄈㄤˊ
好事多慳,1,ㄏㄠˇ ㄕˋ ㄉㄨㄛ ㄑㄧㄢ
好事多魔,1,ㄏㄠˇ ㄕˋ ㄉㄨㄛ ㄇㄛˊ
好事天慳,1,ㄏㄠˇ ㄕˋ ㄊㄧㄢ ㄑㄧㄢ
好事貪功,1,ㄏㄠˋ ㄕˋ ㄊㄢ ㄍㄨㄥ
好利忘義,1,ㄏㄠˋ ㄌㄧˋ ㄨㄤˋ ㄧˋ
好勇鬥狠,1,ㄏㄠˋ ㄩㄥˇ ㄉㄡˋ ㄏㄣˇ
好善嫉惡,1,ㄏㄠˋ ㄕㄢˋ ㄐㄧˊ ㄜˋ
好善惡惡,1,ㄏㄠˋ ㄕㄢˋ ㄨˋ ㄜˋ
好善樂施,1,ㄏㄠˋ ㄕㄢˋ ㄌㄜˋ ㄕ
好夢難圓,1,ㄏㄠˇ ㄇㄥˋ ㄋㄢˊ ㄩㄢˊ
好夢難成,1,ㄏㄠˇ ㄇㄥˋ ㄋㄢˊ ㄔㄥˊ
好學不倦,1,ㄏㄠˋ ㄒㄩㄝˊ ㄅㄨˋ ㄐㄩㄢˋ
好學專輯,1,ㄏㄠˋ ㄒㄩㄝˊ ㄓㄨㄢ ㄐㄧˊ
好學深思,1,ㄏㄠˋ ㄒㄩㄝˊ ㄕㄣ ㄙ
好弄玄虛,1,ㄏㄠˋ ㄋㄨㄥˋ ㄒㄩㄢˊ ㄒㄩ
好手好腳,1,ㄏㄠˇ ㄕㄡˇ ㄏㄠˇ ㄐㄧㄠˇ
好手如雲,1,ㄏㄠˇ ㄕㄡˇ ㄖㄨˊ ㄩㄣˊ
好施小惠,1,ㄏㄠˋ ㄕ ㄒㄧㄠˇ ㄏㄨㄟˋ
好施樂善,1,ㄏㄠˋ ㄕ ㄌㄜˋ ㄕㄢˋ
好時好日,1,ㄏㄠˇ ㄕˊ ㄏㄠˇ ㄖˋ
好景不長,1,ㄏㄠˇ ㄐㄧㄥˇ ㄅㄨˋ ㄔㄤˊ
好模好樣,1,ㄏㄠˇ ㄇㄛˊ ㄏㄠˇ ㄧㄤˋ
好死不死,1,ㄏㄠˇ ㄙˇ ㄅㄨˋ ㄙˇ
好沒意思,1,ㄏㄠˇ ㄇㄟˊ ㄧˋ ㄙ˙
好為人師,1,ㄏㄠˋ ㄨㄟˊ ㄖㄣˊ ㄕ
好生之德,1,ㄏㄠˋ ㄕㄥ ㄓ ㄉㄜˊ
好生惡殺,1,ㄏㄠˋ ㄕㄥ ㄨˋ ㄕㄚ
好自矜誇,1,ㄏㄠˋ ㄗˋ ㄐㄧㄣ ㄎㄨㄚ
好行小惠,1,ㄏㄠˋ ㄒㄧㄥˊ ㄒㄧㄠˇ ㄏㄨㄟˋ
好行小慧,1,ㄏㄠˋ ㄒㄧㄥˊ ㄒㄧㄠˇ ㄏㄨㄟˋ
好言好語,1,ㄏㄠˇ ㄧㄢˊ ㄏㄠˇ ㄩˇ
好語似珠,1,ㄏㄠˇ ㄩˇ ㄙˋ ㄓㄨ
好說歹說,1,ㄏㄠˇ ㄕㄨㄛ ㄉㄞˇ ㄕㄨㄛ
好諛惡直,1,ㄏㄠˋ ㄩˊ ㄨˋ ㄓˊ
好謀善斷,1,ㄏㄠˋ ㄇㄡˊ ㄕㄢˋ ㄉㄨㄢˋ
好謀無斷,1,ㄏㄠˋ ㄇㄡˊ ㄨˊ ㄉㄨㄢˋ
好謀而成,1,ㄏㄠˋ ㄇㄡˊ ㄦˊ ㄔㄥˊ
好賢禮士,1,ㄏㄠˋ ㄒㄧㄢˊ ㄌㄧˇ ㄕˋ
好酒好肉,1,ㄏㄠˇ ㄐㄧㄡˇ ㄏㄠˇ ㄖㄡˋ
好離好散,1,ㄏㄠˇ ㄌㄧˊ ㄏㄠˇ ㄙㄢˋ
如不勝衣,1,ㄖㄨˊ ㄅㄨˋ ㄕㄥ ㄧ
如丘而止,1,ㄖㄨˊ ㄑㄧㄡ ㄦˊ ㄓˇ
如入雲端,1,ㄖㄨˊ ㄖㄨˋ ㄩㄣˊ ㄉㄨㄢ
如切如磋,1,ㄖㄨˊ ㄑㄧㄝ ㄖㄨˊ ㄘㄨㄛ
如在股掌,1,ㄖㄨˊ ㄗㄞˋ ㄍㄨˇ ㄓㄤˇ
如坐春風,1,ㄖㄨˊ ㄗㄨㄛˋ ㄔㄨㄣ ㄈㄥ
如坐鍼氈,1,ㄖㄨˊ ㄗㄨㄛˋ ㄓㄣ ㄓㄢ
如坐雲霧,1,ㄖㄨˊ ㄗㄨㄛˋ ㄩㄣˊ ㄨˋ
如墮煙霧,1,ㄖㄨˊ ㄉㄨㄛˋ ㄧㄢ ㄨˋ
如壎如箎,1,ㄖㄨˊ ㄒㄩㄣ ㄖㄨˊ ㄔˊ
如夢似幻,1,ㄖㄨˊ ㄇㄥˋ ㄙˋ ㄏㄨㄢˋ
如夢初覺,1,ㄖㄨˊ ㄇㄥˋ ㄔㄨ ㄐㄩㄝˊ
如夢如醉,1,ㄖㄨˊ ㄇㄥˋ ㄖㄨˊ ㄗㄨㄟˋ
如奉綸音,1,ㄖㄨˊ ㄈㄥˋ ㄌㄨㄣˊ ㄧㄣ
如履如臨,1,ㄖㄨˊ ㄌㄩˇ ㄖㄨˊ ㄌㄧㄣˊ
如左右手,1,ㄖㄨˊ ㄗㄨㄛˇ ㄧㄡˋ ㄕㄡˇ
如幻似真,1,ㄖㄨˊ ㄏㄨㄢˋ ㄙˋ ㄓㄣ
如影相隨,1,ㄖㄨˊ ㄧㄥˇ ㄒㄧㄤ ㄙㄨㄟˊ
如意郎君,1,ㄖㄨˊ ㄧˋ ㄌㄤˊ ㄐㄩㄣ
如拾地芥,1,ㄖㄨˊ ㄕˊ ㄉㄧˋ ㄐㄧㄝˋ
如持左券,1,ㄖㄨˊ ㄔˊ ㄗㄨㄛˇ ㄑㄩㄢˋ
如指諸掌,1,ㄖㄨˊ ㄓˇ ㄓㄨ ㄓㄤˇ
如日方中,1,ㄖㄨˊ ㄖˋ ㄈㄤ ㄓㄨㄥ
如日方升,1,ㄖㄨˊ ㄖˋ ㄈㄤ ㄕㄥ
如有神助,1,ㄖㄨˊ ㄧㄡˇ ㄕㄣˊ ㄓㄨˋ
如棄敝屣,1,ㄖㄨˊ ㄑㄧˋ ㄅㄧˋ ㄒㄧˇ
如水投石,1,ㄖㄨˊ ㄕㄨㄟˇ ㄊㄡˊ ㄕˊ
如海一漚,1,ㄖㄨˊ ㄏㄞˇ ㄧ ㄡ
如湯沃雪,1,ㄖㄨˊ ㄊㄤ ㄨㄛˋ ㄒㄩㄝˇ
如湯潑雪,1,ㄖㄨˊ ㄊㄤ ㄆㄛ ㄒㄩㄝˇ
如湯澆雪,1,ㄖㄨˊ ㄊㄤ ㄐㄧㄠ ㄒㄩㄝˇ
如湯灌雪,1,ㄖㄨˊ ㄊㄤ ㄍㄨㄢˋ ㄒㄩㄝˇ
如火燎原,1,ㄖㄨˊ ㄏㄨㄛˇ ㄌㄧㄠˋ ㄩㄢˊ
如烹小鮮,1,ㄖㄨˊ ㄆㄥ ㄒㄧㄠˇ ㄒㄧㄢ
如牛負重,1,ㄖㄨˊ ㄋㄧㄡˊ ㄈㄨˋ ㄓㄨㄥˋ
如狼如虎,1,ㄖㄨˊ ㄌㄤˊ ㄖㄨˊ ㄏㄨˇ
如狼牧羊,1,ㄖㄨˊ ㄌㄤˊ ㄇㄨˋ ㄧㄤˊ
如獲珍寶,1,ㄖㄨˊ ㄏㄨㄛˋ ㄓㄣ ㄅㄠˇ
如珠似玉,1,ㄖㄨˊ ㄓㄨ ㄙˋ ㄩˋ
如痴似醉,1,ㄖㄨˊ ㄔ ㄙˋ ㄗㄨㄟˋ
如痴如夢,1,ㄖㄨˊ ㄔ ㄖㄨˊ ㄇㄥˋ
如痴如迷,1,ㄖㄨˊ ㄔ ㄖㄨˊ ㄇㄧˊ
如痴如醉,1,ㄖㄨˊ ㄔ ㄖㄨˊ ㄗㄨㄟˋ
如皋射雉,1,ㄖㄨˊ ㄍㄠ ㄕㄜˋ ㄓˋ
如膠投漆,1,ㄖㄨˊ ㄐㄧㄠ ㄊㄡˊ ㄑㄧ
如臂使指,1,ㄖㄨˊ ㄅㄧˋ ㄕˇ ㄓˇ
如臨深淵,1,ㄖㄨˊ ㄌㄧㄣˊ ㄕㄣ ㄩㄢ
如臨深谷,1,ㄖㄨˊ ㄌㄧㄣˊ ㄕㄣ ㄍㄨˇ
如臨淵谷,1,ㄖㄨˊ ㄌㄧㄣˊ ㄩㄢ ㄍㄨˇ
如芒刺背,1,ㄖㄨˊ ㄇㄤˊ ㄘˋ ㄅㄟˋ
如芒在背,1,ㄖㄨˊ ㄇㄤˊ ㄗㄞˋ ㄅㄟˋ
如花似月,1,ㄖㄨˊ ㄏㄨㄚ ㄙˋ ㄩㄝˋ
如花似錦,1,ㄖㄨˊ ㄏㄨㄚ ㄙˋ ㄐㄧㄣˇ
如虎傅翼,1,ㄖㄨˊ ㄏㄨˇ ㄈㄨˋ ㄧˋ
如虎如狼,1,ㄖㄨˊ ㄏㄨˇ ㄖㄨˊ ㄌㄤˊ
如虎得翼,1,ㄖㄨˊ ㄏㄨˇ ㄉㄜˊ ㄧˋ
如虎生翼,1,ㄖㄨˊ ㄏㄨˇ ㄕㄥ ㄧˋ
如虎負嵎,1,ㄖㄨˊ ㄏㄨˇ ㄈㄨˋ ㄩˊ
如蛆附骨,1,ㄖㄨˊ ㄑㄩ ㄈㄨˋ ㄍㄨˇ
如蟻附羶,1,ㄖㄨˊ ㄧˇ ㄈㄨˋ ㄕㄢ
如蠅逐臭,1,ㄖㄨˊ ㄧㄥˊ ㄓㄨˊ ㄔㄡˋ
如蠅附羶,1,ㄖㄨˊ ㄧㄥˊ ㄈㄨˋ ㄕㄢ
如解倒懸,1,ㄖㄨˊ ㄐㄧㄝˇ ㄉㄠˋ ㄒㄩㄢˊ
如訴如泣,1,ㄖㄨˊ ㄙㄨˋ ㄖㄨˊ ㄑㄧˋ
如蹈水火,1,ㄖㄨˊ ㄉㄠˋ ㄕㄨㄟˇ ㄏㄨㄛˇ
如蹈湯火,1,ㄖㄨˊ ㄉㄠˋ ㄊㄤ ㄏㄨㄛˇ
如運諸掌,1,ㄖㄨˊ ㄩㄣˋ ㄓㄨ ㄓㄤˇ
如醉初醒,1,ㄖㄨˊ ㄗㄨㄟˋ ㄔㄨ ㄒㄧㄥˇ
如醉如夢,1,ㄖㄨˊ ㄗㄨㄟˋ ㄖㄨˊ ㄇㄥˋ
如醉如狂,1,ㄖㄨˊ ㄗㄨㄟˋ ㄖㄨˊ ㄎㄨㄤˊ
如醉如痴,1,ㄖㄨˊ ㄗㄨㄟˋ ㄖㄨˊ ㄔ
如醉方醒,1,ㄖㄨˊ ㄗㄨㄟˋ ㄈㄤ ㄒㄧㄥˇ
如隔三秋,1,ㄖㄨˊ ㄍㄜˊ ㄙㄢ ㄑㄧㄡ
如雷灌耳,1,ㄖㄨˊ ㄌㄟˊ ㄍㄨㄢˋ ㄦˇ
如飲醍醐,1,ㄖㄨˊ ㄧㄣˇ ㄊㄧˊ ㄏㄨˊ
如饑似渴,1,ㄖㄨˊ ㄐㄧ ㄙˋ ㄎㄜˇ
如饑如渴,1,ㄖㄨˊ ㄐㄧ ㄖㄨˊ ㄎㄜˇ
如魚似水,1,ㄖㄨˊ ㄩˊ ㄙˋ ㄕㄨㄟˇ
如鯁在喉,1,ㄖㄨˊ ㄍㄥˇ ㄗㄞˋ ㄏㄡˊ
如鷹在籠,1,ㄖㄨˊ ㄧㄥ ㄗㄞˋ ㄌㄨㄥˊ
妃祿仙女,1,ㄈㄟ ㄌㄨˋ ㄒㄧㄢ ㄋㄩˇ
妄下雌黃,1,ㄨㄤˋ ㄒㄧㄚˋ ㄘ ㄏㄨㄤˊ
妄生穿鑿,1,ㄨㄤˋ ㄕㄥ ㄔㄨㄢ ㄗㄨㄛˋ
妄言妄聽,1,ㄨㄤˋ ㄧㄢˊ ㄨㄤˋ ㄊㄧㄥ
妄言輕動,1,ㄨㄤˋ ㄧㄢˊ ㄑㄧㄥ ㄉㄨㄥˋ
妍皮痴骨,1,ㄧㄢˊ ㄆㄧˊ ㄔ ㄍㄨˇ
妒能害賢,1,ㄉㄨˋ ㄋㄥˊ ㄏㄞˋ ㄒㄧㄢˊ
妒賢嫉能,1,ㄉㄨˋ ㄒㄧㄢˊ ㄐㄧˊ ㄋㄥˊ
妒賢疾能,1,ㄉㄨˋ ㄒㄧㄢˊ ㄐㄧˊ ㄋㄥˊ
妖妖調調,1,ㄧㄠ ㄧㄠ ㄊㄧㄠˊ ㄊㄧㄠˊ
妖形怪狀,1,ㄧㄠ ㄒㄧㄥˊ ㄍㄨㄞˋ ㄓㄨㄤˋ
妖由人興,1,ㄧㄠ ㄧㄡˊ ㄖㄣˊ ㄒㄧㄥ
妖術惑眾,1,ㄧㄠ ㄕㄨˋ ㄏㄨㄛˋ ㄓㄨㄥˋ
妖術邪法,1,ㄧㄠ ㄕㄨˋ ㄒㄧㄝˊ ㄈㄚˇ
妖裡妖氣,1,ㄧㄠ ㄌㄧˇ ㄧㄠ ㄑㄧˋ
妙善公主,1,ㄇㄧㄠˋ ㄕㄢˋ ㄍㄨㄥ ㄓㄨˇ
妙喻取譬,1,ㄇㄧㄠˋ ㄩˋ ㄑㄩˇ ㄆㄧˋ
妙手丹青,1,ㄇㄧㄠˋ ㄕㄡˇ ㄉㄢ ㄑㄧㄥ
妙畫通靈,1,ㄇㄧㄠˋ ㄏㄨㄚˋ ㄊㄨㄥ ㄌㄧㄥˊ
妙發靈機,1,ㄇㄧㄠˋ ㄈㄚ ㄌㄧㄥˊ ㄐㄧ
妙絕一時,1,ㄇㄧㄠˋ ㄐㄩㄝˊ ㄧ ㄕˊ
妙絕時人,1,ㄇㄧㄠˋ ㄐㄩㄝˊ ㄕˊ ㄖㄣˊ
妙舞清歌,1,ㄇㄧㄠˋ ㄨˇ ㄑㄧㄥ ㄍㄜ
妙處不傳,1,ㄇㄧㄠˋ ㄔㄨˋ ㄅㄨˋ ㄔㄨㄢˊ
妙言要道,1,ㄇㄧㄠˋ ㄧㄢˊ ㄧㄠˋ ㄉㄠˋ
妙語橫生,1,ㄇㄧㄠˋ ㄩˇ ㄏㄥˊ ㄕㄥ
妙語連珠,1,ㄇㄧㄠˋ ㄩˇ ㄌㄧㄢˊ ㄓㄨ
妝嫫費黛,1,ㄓㄨㄤ ㄇㄛˊ ㄈㄟˋ ㄉㄞˋ
妥妥貼貼,1,ㄊㄨㄛˇ ㄊㄨㄛ˙ ㄊㄧㄝ ㄊㄧㄝ
妨功害能,1,ㄈㄤˊ ㄍㄨㄥ ㄏㄞˋ ㄋㄥˊ
妨害治安,1,ㄈㄤˊ ㄏㄞˋ ㄓˋ ㄢ
妻以夫貴,1,ㄑㄧ ㄧˇ ㄈㄨ ㄍㄨㄟˋ
妻姊妹婚,1,ㄑㄧ ㄗˇ ㄇㄟˋ ㄏㄨㄣ
妻梅子鶴,1,ㄑㄧ ㄇㄟˊ ㄗˇ ㄏㄜˋ
妾身未明,1,ㄑㄧㄝˋ ㄕㄣ ㄨㄟˋ ㄇㄧㄥˊ
始料不及,1,ㄕˇ ㄌㄧㄠˋ ㄅㄨˋ ㄐㄧˊ
始終不易,1,ㄕˇ ㄓㄨㄥ ㄅㄨˋ ㄧˋ
始終若一,1,ㄕˇ ㄓㄨㄥ ㄖㄨㄛˋ ㄧ
姑射神人,1,ㄍㄨ ㄧㄝˋ ㄕㄣˊ ㄖㄣˊ
姑息政策,1,ㄍㄨ ㄒㄧˊ ㄓㄥˋ ㄘㄜˋ
姑舅作親,1,ㄍㄨ ㄐㄧㄡˋ ㄗㄨㄛˋ ㄑㄧㄣ
姓名條例,1,ㄒㄧㄥˋ ㄇㄧㄥˊ ㄊㄧㄠˊ ㄌㄧˋ
委任直選,1,ㄨㄟˇ ㄖㄣˋ ㄓˊ ㄒㄩㄢˇ
委任立法,1,ㄨㄟˇ ㄖㄣˋ ㄌㄧˋ ㄈㄚˇ
委任統治,1,ㄨㄟˇ ㄖㄣˋ ㄊㄨㄥˇ ㄓˋ
委曲成全,1,ㄨㄟˇ ㄑㄩ ㄔㄥˊ ㄑㄩㄢˊ
委身玉盤,1,ㄨㄟˇ ㄕㄣ ㄩˋ ㄆㄢˊ
委重投艱,1,ㄨㄟˇ ㄓㄨㄥˋ ㄊㄡˊ ㄐㄧㄢ
委靡不振,1,ㄨㄟˇ ㄇㄧˇ ㄅㄨˋ ㄓㄣˋ
姚江學派,1,ㄧㄠˊ ㄐㄧㄤ ㄒㄩㄝˊ ㄆㄞˋ
姚黃魏紫,1,ㄧㄠˊ ㄏㄨㄤˊ ㄨㄟˋ ㄗˇ
姜家大被,1,ㄐㄧㄤ ㄐㄧㄚ ㄉㄚˋ ㄅㄟˋ
姦人之雄,1,ㄐㄧㄢ ㄖㄣˊ ㄓ ㄒㄩㄥˊ
姦盜邪淫,1,ㄐㄧㄢ ㄉㄠˋ ㄒㄧㄝˊ ㄧㄣˊ
姻族廣茂,1,ㄧㄣ ㄗㄨˊ ㄍㄨㄤˇ ㄇㄠˋ
姿姿媚媚,1,ㄗ ㄗ ㄇㄟˋ ㄇㄟˋ
威信掃地,1,ㄨㄟ ㄒㄧㄣˋ ㄙㄠˇ ㄉㄧˋ
威儀孔時,1,ㄨㄟ ㄧˊ ㄎㄨㄥˇ ㄕˊ
威妥瑪式,1,ㄨㄟ ㄊㄨㄛˇ ㄇㄚˇ ㄕˋ
威德兼施,1,ㄨㄟ ㄉㄜˊ ㄐㄧㄢ ㄕ
威振天下,1,ㄨㄟ ㄓㄣˋ ㄊㄧㄢ ㄒㄧㄚˋ
威武不屈,1,ㄨㄟ ㄨˇ ㄅㄨˋ ㄑㄩ
威瑪憲法,1,ㄨㄟ ㄇㄚˇ ㄒㄧㄢˋ ㄈㄚˇ
威福由己,1,ㄨㄟ ㄈㄨˊ ㄧㄡˊ ㄐㄧˇ
威福自己,1,ㄨㄟ ㄈㄨˊ ㄗˋ ㄐㄧˇ
威而不猛,1,ㄨㄟ ㄦˊ ㄅㄨˋ ㄇㄥˇ
威震天下,1,ㄨㄟ ㄓㄣˋ ㄊㄧㄢ ㄒㄧㄚˋ
威震寰宇,1,ㄨㄟ ㄓㄣˋ ㄏㄨㄢˊ ㄩˇ
威鳳一羽,1,ㄨㄟ ㄈㄥˋ ㄧ ㄩˇ
娉娉褭褭,1,ㄆㄧㄥ ㄆㄧㄥ ㄋㄧㄠˇ ㄋㄧㄠˇ
娑婆世界,1,ㄙㄨㄛ ㄆㄛˊ ㄕˋ ㄐㄧㄝˋ
娓娓不倦,1,ㄨㄟˇ ㄨㄟˇ ㄅㄨˋ ㄐㄩㄢˋ
娓娓動聽,1,ㄨㄟˇ ㄨㄟˇ ㄉㄨㄥˋ ㄊㄧㄥ
娓娓而談,1,ㄨㄟˇ ㄨㄟˇ ㄦˊ ㄊㄢˊ
娶妻生子,1,ㄑㄩˇ ㄑㄧ ㄕㄥ ㄗˇ
婆婆媽媽,1,ㄆㄛˊ ㄆㄛˊ ㄇㄚ ㄇㄚ˙
婆婆慢慢,1,ㄆㄛˊ ㄆㄛˊ ㄇㄢˋ ㄇㄢˋ
婆子口舌,1,ㄆㄛˊ ㄗ˙ ㄎㄡˇ ㄕㄜˊ
婆羅王朝,1,ㄆㄛˊ ㄌㄨㄛˊ ㄨㄤˊ ㄔㄠˊ
婆羅門舞,1,ㄆㄛˊ ㄌㄨㄛˊ ㄇㄣˊ ㄨˇ
婊子送客,1,ㄅㄧㄠˇ ㄗ˙ ㄙㄨㄥˋ ㄎㄜˋ
婚友介紹,1,ㄏㄨㄣ ㄧㄡˇ ㄐㄧㄝˋ ㄕㄠˋ
婚姻失調,1,ㄏㄨㄣ ㄧㄣ ㄕ ㄊㄧㄠˊ
婚姻懇談,1,ㄏㄨㄣ ㄧㄣ ㄎㄣˇ ㄊㄢˊ
婚姻暴力,1,ㄏㄨㄣ ㄧㄣ ㄅㄠˋ ㄌㄧˋ
婢作夫人,1,ㄅㄧˋ ㄗㄨㄛˋ ㄈㄨ ㄖㄣˊ
婢學夫人,1,ㄅㄧˋ ㄒㄩㄝˊ ㄈㄨ ㄖㄣˊ
婢膝奴顏,1,ㄅㄧˋ ㄒㄧ ㄋㄨˊ ㄧㄢˊ
婦主中饋,1,ㄈㄨˋ ㄓㄨˇ ㄓㄨㄥ ㄎㄨㄟˋ
婦人生鬚,1,ㄈㄨˋ ㄖㄣˊ ㄕㄥ ㄒㄩ
婦人長舌,1,ㄈㄨˋ ㄖㄣˊ ㄔㄤˊ ㄕㄜˊ
婦奪夫權,1,ㄈㄨˋ ㄉㄨㄛˊ ㄈㄨ ㄑㄩㄢˊ
婦女團體,1,ㄈㄨˋ ㄋㄩˇ ㄊㄨㄢˊ ㄊㄧˇ
婦姑勃谿,1,ㄈㄨˋ ㄍㄨ ㄅㄛˊ ㄒㄧ
婦道人家,1,ㄈㄨˋ ㄉㄠ˙ ㄖㄣˊ ㄐㄧㄚ˙
媒體造勢,1,ㄇㄟˊ ㄊㄧˇ ㄗㄠˋ ㄕˋ
媚如秋月,1,ㄇㄟˋ ㄖㄨˊ ㄑㄧㄡ ㄩㄝˋ
媚笑雜樣,1,ㄇㄟˋ ㄒㄧㄠˋ ㄗㄚˊ ㄧㄤˋ
媮合苟容,1,ㄊㄡ ㄏㄜˊ ㄍㄡˇ ㄖㄨㄥˊ
媽媽教室,1,ㄇㄚ ㄇㄚ˙ ㄐㄧㄠˋ ㄕˋ
媽祖誕辰,1,ㄇㄚ ㄗㄨˇ ㄉㄢˋ ㄔㄣˊ
嫁雞逐雞,1,ㄐㄧㄚˋ ㄐㄧ ㄓㄨˊ ㄐㄧ
嫉惡好善,1,ㄐㄧˊ ㄜˋ ㄏㄠˋ ㄕㄢˋ
嫉惡若仇,1,ㄐㄧˊ ㄜˋ ㄖㄨㄛˋ ㄔㄡˊ
嫉賢妒能,1,ㄐㄧˊ ㄒㄧㄢˊ ㄉㄨˋ ㄋㄥˊ
嫋嫋娉娉,1,ㄋㄧㄠˇ ㄋㄧㄠˇ ㄆㄧㄥ ㄆㄧㄥ
嫋嫋娜娜,1,ㄋㄧㄠˇ ㄋㄧㄠˇ ㄋㄨㄛˊ ㄋㄨㄛˊ
嫋嫋婷婷,1,ㄋㄧㄠˇ ㄋㄧㄠˇ ㄊㄧㄥˊ ㄊㄧㄥˊ
嫌好道惡,1,ㄒㄧㄢˊ ㄏㄠˇ ㄉㄠˋ ㄨˋ
嫌好道醜,1,ㄒㄧㄢˊ ㄏㄠˇ ㄉㄠˋ ㄔㄡˇ
嫌疑分子,1,ㄒㄧㄢˊ ㄧˊ ㄈㄣˋ ㄗˇ
嫏嬛福地,1,ㄌㄤˊ ㄏㄨㄢˊ ㄈㄨˊ ㄉㄧˋ
嫠不恤緯,1,ㄌㄧˊ ㄅㄨˋ ㄒㄩˋ ㄨㄟˇ
嫠憂宗周,1,ㄌㄧˊ ㄧㄡ ㄗㄨㄥ ㄓㄡ
嫠緯之憂,1,ㄌㄧˊ ㄨㄟˇ ㄓ ㄧㄡ
嫡傳弟子,1,ㄉㄧˊ ㄔㄨㄢˊ ㄉㄧˋ ㄗˇ
嫡嫡親親,1,ㄉㄧˊ ㄉㄧ˙ ㄑㄧㄣ ㄑㄧㄣ
嫡孫承重,1,ㄉㄧˊ ㄙㄨㄣ ㄔㄥˊ ㄓㄨㄥˋ
嫡支嫡派,1,ㄉㄧˊ ㄓ ㄉㄧˊ ㄆㄞˋ
嫡親兄弟,1,ㄉㄧˊ ㄑㄧㄣ ㄒㄩㄥ ㄉㄧˋ
嫣然一笑,1,ㄧㄢ ㄖㄢˊ ㄧ ㄒㄧㄠˋ
嬌妻美妾,1,ㄐㄧㄠ ㄑㄧ ㄇㄟˇ ㄑㄧㄝˋ
嬌嫋不勝,1,ㄐㄧㄠ ㄋㄧㄠˇ ㄅㄨˋ ㄕㄥ
嬌嬌啻啻,1,ㄐㄧㄠ ㄐㄧㄠ ㄔˋ ㄔˋ
嬌嬌滴滴,1,ㄐㄧㄠ ㄐㄧㄠ ㄉㄧ ㄉㄧ
嬌皮嫩肉,1,ㄐㄧㄠ ㄆㄧˊ ㄋㄣˋ ㄖㄡˋ
嬌聲細語,1,ㄐㄧㄠ ㄕㄥ ㄒㄧˋ ㄩˇ
嬌花照水,1,ㄐㄧㄠ ㄏㄨㄚ ㄓㄠˋ ㄕㄨㄟˇ
嬌若春花,1,ㄐㄧㄠ ㄖㄨㄛˋ ㄔㄨㄣ ㄏㄨㄚ
嬝娜纖巧,1,ㄋㄧㄠˇ ㄋㄨㄛˊ ㄒㄧㄢ ㄑㄧㄠˇ
嬝娜風流,1,ㄋㄧㄠˇ ㄋㄨㄛˊ ㄈㄥ ㄌㄧㄡˊ
嬝嬝娜娜,1,ㄋㄧㄠˇ ㄋㄧㄠˇ ㄋㄨㄛˊ ㄋㄨㄛˊ
嬝嬝婷婷,1,ㄋㄧㄠˇ ㄋㄧㄠˇ ㄊㄧㄥˊ ㄊㄧㄥˊ
嬰兒奶粉,1,ㄧㄥ ㄦˊ ㄋㄞˇ ㄈㄣˇ
子午卯酉,1,ㄗˇ ㄨˇ ㄇㄠˇ ㄧㄡˇ
子卯不樂,1,ㄗˇ ㄇㄠˇ ㄅㄨˋ ㄩㄝˋ
子囊城郢,1,ㄗˇ ㄋㄤˊ ㄔㄥˊ ㄧㄥˇ
子囊孢子,1,ㄗˇ ㄋㄤˊ ㄅㄠ ㄗˇ
子夏懸鶉,1,ㄗˇ ㄒㄧㄚˋ ㄒㄩㄢˊ ㄔㄨㄣˊ
子女玉帛,1,ㄗˇ ㄋㄩˇ ㄩˋ ㄅㄛˊ
子孝孫賢,1,ㄗˇ ㄒㄧㄠˋ ㄙㄨㄣ ㄒㄧㄢˊ
子宮頸炎,1,ㄗˇ ㄍㄨㄥ ㄐㄧㄥˇ ㄧㄢˊ
子平畢娶,1,ㄗˇ ㄆㄧㄥˊ ㄅㄧˋ ㄑㄩˇ
子承父業,1,ㄗˇ ㄔㄥˊ ㄈㄨˋ ㄧㄝˋ
子推割股,1,ㄗˇ ㄊㄨㄟ ㄍㄜ ㄍㄨˇ
子春之疾,1,ㄗˇ ㄔㄨㄣ ㄓ ㄐㄧˊ
子曰詩云,1,ㄗˇ ㄩㄝ ㄕ ㄩㄣˊ
子母相權,1,ㄗˇ ㄇㄨˇ ㄒㄧㄤ ㄑㄩㄢˊ
子為父隱,1,ㄗˇ ㄨㄟˋ ㄈㄨˋ ㄧㄣˇ
子罕辭寶,1,ㄗˇ ㄏㄢˇ ㄘˊ ㄅㄠˇ
子路結纓,1,ㄗˇ ㄌㄨˋ ㄐㄧㄝˊ ㄧㄥ
子路負米,1,ㄗˇ ㄌㄨˋ ㄈㄨˋ ㄇㄧˇ
孑然無依,1,ㄐㄧㄝˊ ㄖㄢˊ ㄨˊ ㄧ
孔壁古文,1,ㄎㄨㄥˇ ㄅㄧˋ ㄍㄨˇ ㄨㄣˊ
孔子家語,1,ㄎㄨㄥˇ ㄗˇ ㄐㄧㄚ ㄩˇ
孔席不暖,1,ㄎㄨㄥˇ ㄒㄧˊ ㄅㄨˋ ㄋㄨㄢˇ
孔明借箭,1,ㄎㄨㄥˇ ㄇㄧㄥˊ ㄐㄧㄝˋ ㄐㄧㄢˋ
孔版印刷,1,ㄎㄨㄥˇ ㄅㄢˇ ㄧㄣˋ ㄕㄨㄚ
孔章望斗,1,ㄎㄨㄥˇ ㄓㄤ ㄨㄤˋ ㄉㄡˇ
孔雀王朝,1,ㄎㄨㄥˇ ㄑㄩㄝˋ ㄨㄤˊ ㄔㄠˊ
字字珠玉,1,ㄗˋ ㄗˋ ㄓㄨ ㄩˋ
字學舉隅,1,ㄗˋ ㄒㄩㄝˊ ㄐㄩˇ ㄩˊ
字挾風霜,1,ㄗˋ ㄒㄧㄝˊ ㄈㄥ ㄕㄨㄤ
存亡未卜,1,ㄘㄨㄣˊ ㄨㄤˊ ㄨㄟˋ ㄅㄨˇ
存亡絕續,1,ㄘㄨㄣˊ ㄨㄤˊ ㄐㄩㄝˊ ㄒㄩˋ
存亡繼絕,1,ㄘㄨㄣˊ ㄨㄤˊ ㄐㄧˋ ㄐㄩㄝˊ
存而不論,1,ㄘㄨㄣˊ ㄦˊ ㄅㄨˋ ㄌㄨㄣˋ
孜孜不倦,1,ㄗ ㄗ ㄅㄨˋ ㄐㄩㄢˋ
孜孜不怠,1,ㄗ ㄗ ㄅㄨˋ ㄉㄞˋ
孜孜矻矻,1,ㄗ ㄗ ㄎㄨˋ ㄎㄨˋ
孝先便腹,1,ㄒㄧㄠˋ ㄒㄧㄢ ㄆㄧㄢˊ ㄈㄨˋ
孝子慈孫,1,ㄒㄧㄠˋ ㄗˇ ㄘˊ ㄙㄨㄣ
孝子賢孫,1,ㄒㄧㄠˋ ㄗˇ ㄒㄧㄢˊ ㄙㄨㄣ
孝廉方正,1,ㄒㄧㄠˋ ㄌㄧㄢˊ ㄈㄤ ㄓㄥˋ
孝弟力田,1,ㄒㄧㄠˋ ㄊㄧˋ ㄌㄧˋ ㄊㄧㄢˊ
孝行可嘉,1,ㄒㄧㄠˋ ㄒㄧㄥˋ ㄎㄜˇ ㄐㄧㄚ
孟光舉案,1,ㄇㄥˋ ㄍㄨㄤ ㄐㄩˇ ㄢˋ
孟嘉落帽,1,ㄇㄥˋ ㄐㄧㄚ ㄌㄨㄛˋ ㄇㄠˋ
孟宗泣筍,1,ㄇㄥˋ ㄗㄨㄥ ㄑㄧˋ ㄙㄨㄣˇ
孟母擇鄰,1,ㄇㄥˋ ㄇㄨˇ ㄗㄜˊ ㄌㄧㄣˊ
孟母斷織,1,ㄇㄥˋ ㄇㄨˇ ㄉㄨㄢˋ ㄓ
孟浪輕狂,1,ㄇㄥˋ ㄌㄤˋ ㄑㄧㄥ ㄎㄨㄤˊ
孟良盜馬,1,ㄇㄥˋ ㄌㄧㄤˊ ㄉㄠˋ ㄇㄚˇ
孟詩韓筆,1,ㄇㄥˋ ㄕ ㄏㄢˊ ㄅㄧˇ
孢子世代,1,ㄅㄠ ㄗˇ ㄕˋ ㄉㄞˋ
孢子囊群,1,ㄅㄠ ㄗˇ ㄋㄤˊ ㄑㄩㄣˊ
孢子植物,1,ㄅㄠ ㄗˇ ㄓˊ ㄨˋ
季子囊空,1,ㄐㄧˋ ㄗˇ ㄋㄤˊ ㄎㄨㄥ
季子裘敝,1,ㄐㄧˋ ㄗˇ ㄑㄧㄡˊ ㄅㄧˋ
季孟之間,1,ㄐㄧˋ ㄇㄥˋ ㄓ ㄐㄧㄢ
季布一諾,1,ㄐㄧˋ ㄅㄨˋ ㄧ ㄋㄨㄛˋ
季常之懼,1,ㄐㄧˋ ㄔㄤˊ ㄓ ㄐㄩˋ
季札掛劍,1,ㄐㄧˋ ㄓㄚˊ ㄍㄨㄚˋ ㄐㄧㄢˋ
季節洄游,1,ㄐㄧˋ ㄐㄧㄝˊ ㄏㄨㄟˊ ㄧㄡˊ
季節遷徙,1,ㄐㄧˋ ㄐㄧㄝˊ ㄑㄧㄢ ㄒㄧˇ
季雅買鄰,1,ㄐㄧˋ ㄧㄚˇ ㄇㄞˇ ㄌㄧㄣˊ
季風氣候,1,ㄐㄧˋ ㄈㄥ ㄑㄧˋ ㄏㄡˋ
孤兒年金,1,ㄍㄨ ㄦˊ ㄋㄧㄢˊ ㄐㄧㄣ
孤力難為,1,ㄍㄨ ㄌㄧˋ ㄋㄢˊ ㄨㄟˊ
孤墳野塚,1,ㄍㄨ ㄈㄣˊ ㄧㄝˇ ㄓㄨㄥˇ
孤孤恓恓,1,ㄍㄨ ㄍㄨ ㄒㄧ ㄒㄧ
孤孤悽悽,1,ㄍㄨ ㄍㄨ ㄑㄧ ㄑㄧ
孤寡不穀,1,ㄍㄨ ㄍㄨㄚˇ ㄅㄨˋ ㄍㄨˇ
孤峰絕岸,1,ㄍㄨ ㄈㄥ ㄐㄩㄝˊ ㄢˋ
孤形吊影,1,ㄍㄨ ㄒㄧㄥˊ ㄉㄧㄠˋ ㄧㄥˇ
孤形單影,1,ㄍㄨ ㄒㄧㄥˊ ㄉㄢ ㄧㄥˇ
孤形隻影,1,ㄍㄨ ㄒㄧㄥˊ ㄓ ㄧㄥˇ
孤燈挑盡,1,ㄍㄨ ㄉㄥ ㄊㄧㄠˇ ㄐㄧㄣˋ
孤犢觸乳,1,ㄍㄨ ㄉㄨˊ ㄔㄨˋ ㄖㄨˇ
孤眠獨宿,1,ㄍㄨ ㄇㄧㄢˊ ㄉㄨˊ ㄙㄨˋ
孤窮一身,1,ㄍㄨ ㄑㄩㄥˊ ㄧ ㄕㄣ
孤立無助,1,ㄍㄨ ㄌㄧˋ ㄨˊ ㄓㄨˋ
孤苦無依,1,ㄍㄨ ㄎㄨˇ ㄨˊ ㄧ
孤苦零丁,1,ㄍㄨ ㄎㄨˇ ㄌㄧㄥˊ ㄉㄧㄥ
孤行己意,1,ㄍㄨ ㄒㄧㄥˊ ㄐㄧˇ ㄧˋ
孤行己見,1,ㄍㄨ ㄒㄧㄥˊ ㄐㄧˇ ㄐㄧㄢˋ
孤衾獨枕,1,ㄍㄨ ㄑㄧㄣ ㄉㄨˊ ㄓㄣˇ
孤貧顛連,1,ㄍㄨ ㄆㄧㄣˊ ㄉㄧㄢ ㄌㄧㄢˊ
孤身隻影,1,ㄍㄨ ㄕㄣ ㄓ ㄧㄥˇ
孤軍奮戰,1,ㄍㄨ ㄐㄩㄣ ㄈㄣˋ ㄓㄢˋ
孤辰合注,1,ㄍㄨ ㄔㄣˊ ㄏㄜˊ ㄓㄨˋ
孤雌生殖,1,ㄍㄨ ㄘ ㄕㄥ ㄓˊ
孤雛腐鼠,1,ㄍㄨ ㄔㄨˊ ㄈㄨˇ ㄕㄨˇ
孤鴻寡鵠,1,ㄍㄨ ㄏㄨㄥˊ ㄍㄨㄚˇ ㄏㄨˊ
孤鸞寡鶴,1,ㄍㄨ ㄌㄨㄢˊ ㄍㄨㄚˇ ㄏㄜˋ
孤鸞照命,1,ㄍㄨ ㄌㄨㄢˊ ㄓㄠˋ ㄇㄧㄥˋ
孫山之外,1,ㄙㄨㄣ ㄕㄢ ㄓ ㄨㄞˋ
孫康映雪,1,ㄙㄨㄣ ㄎㄤ ㄧㄥˋ ㄒㄩㄝˇ
孫晨稿席,1,ㄙㄨㄣ ㄔㄣˊ ㄍㄠˇ ㄒㄧˊ
孳孳不倦,1,ㄗ ㄗ ㄅㄨˋ ㄐㄩㄢˋ
學位制度,1,ㄒㄩㄝˊ ㄨㄟˋ ㄓˋ ㄉㄨˋ
學位論文,1,ㄒㄩㄝˊ ㄨㄟˋ ㄌㄨㄣˋ ㄨㄣˊ
學優才贍,1,ㄒㄩㄝˊ ㄧㄡ ㄘㄞˊ ㄕㄢˋ
學優而仕,1,ㄒㄩㄝˊ ㄧㄡ ㄦˊ ㄕˋ
學力鑑定,1,ㄒㄩㄝˊ ㄌㄧˋ ㄐㄧㄢˋ ㄉㄧㄥˋ
學問有素,1,ㄒㄩㄝˊ ㄨㄣˋ ㄧㄡˇ ㄙㄨˋ
學問淵博,1,ㄒㄩㄝˊ ㄨㄣˋ ㄩㄢ ㄅㄛˊ
學如穿井,1,ㄒㄩㄝˊ ㄖㄨˊ ㄔㄨㄢ ㄐㄧㄥˇ
學有所用,1,ㄒㄩㄝˊ ㄧㄡˇ ㄙㄨㄛˇ ㄩㄥˋ
學校教育,1,ㄒㄩㄝˊ ㄒㄧㄠˋ ㄐㄧㄠˋ ㄩˋ
學業有成,1,ㄒㄩㄝˊ ㄧㄝˋ ㄧㄡˇ ㄔㄥˊ
學步邯鄲,1,ㄒㄩㄝˊ ㄅㄨˋ ㄏㄢˊ ㄉㄢ
學淺才疏,1,ㄒㄩㄝˊ ㄑㄧㄢˇ ㄘㄞˊ ㄕㄨ
學無常師,1,ㄒㄩㄝˊ ㄨˊ ㄔㄤˊ ㄕ
學疏才淺,1,ㄒㄩㄝˊ ㄕㄨ ㄘㄞˊ ㄑㄧㄢˇ
學究天人,1,ㄒㄩㄝˊ ㄐㄧㄡˋ ㄊㄧㄢ ㄖㄣˊ
學習曲線,1,ㄒㄩㄝˊ ㄒㄧˊ ㄑㄩ ㄒㄧㄢˋ
學習高原,1,ㄒㄩㄝˊ ㄒㄧˊ ㄍㄠ ㄩㄢˊ
學而不厭,1,ㄒㄩㄝˊ ㄦˊ ㄅㄨˋ ㄧㄢˋ
學而名母,1,ㄒㄩㄝˊ ㄦˊ ㄇㄧㄥˊ ㄇㄨˇ
學術研究,1,ㄒㄩㄝˊ ㄕㄨˋ ㄧㄢˊ ㄐㄧㄡˋ
學術自由,1,ㄒㄩㄝˊ ㄕㄨˋ ㄗˋ ㄧㄡˊ
學貫天人,1,ㄒㄩㄝˊ ㄍㄨㄢˋ ㄊㄧㄢ ㄖㄣˊ
學際天人,1,ㄒㄩㄝˊ ㄐㄧˋ ㄊㄧㄢ ㄖㄣˊ
學養俱佳,1,ㄒㄩㄝˊ ㄧㄤˇ ㄐㄩˋ ㄐㄧㄚ
孽子孤臣,1,ㄋㄧㄝˋ ㄗˇ ㄍㄨ ㄔㄣˊ
孽障種子,1,ㄋㄧㄝˋ ㄓㄤˋ ㄓㄨㄥˇ ㄗˇ
宅心仁慈,1,ㄓㄞˊ ㄒㄧㄣ ㄖㄣˊ ㄘˊ
宅心忠厚,1,ㄓㄞˊ ㄒㄧㄣ ㄓㄨㄥ ㄏㄡˋ
宇宙火箭,1,ㄩˇ ㄓㄡˋ ㄏㄨㄛˇ ㄐㄧㄢˋ
宇宙速度,1,ㄩˇ ㄓㄡˋ ㄙㄨˋ ㄉㄨˋ
守先待後,1,ㄕㄡˇ ㄒㄧㄢ ㄉㄞˋ ㄏㄡˋ
守株伺兔,1,ㄕㄡˇ ㄓㄨ ㄙˋ ㄊㄨˋ
守正不回,1,ㄕㄡˇ ㄓㄥˋ ㄅㄨˋ ㄏㄨㄟˊ
守正不撓,1,ㄕㄡˇ ㄓㄥˋ ㄅㄨˋ ㄋㄠˊ
守正不移,1,ㄕㄡˇ ㄓㄥˋ ㄅㄨˋ ㄧˊ
守死善道,1,ㄕㄡˇ ㄙˇ ㄕㄢˋ ㄉㄠˋ
守節不回,1,ㄕㄡˇ ㄐㄧㄝˊ ㄅㄨˋ ㄏㄨㄟˊ
守節不移,1,ㄕㄡˇ ㄐㄧㄝˊ ㄅㄨˋ ㄧˊ
守約施博,1,ㄕㄡˇ ㄩㄝ ㄕ ㄅㄛˊ
守經達權,1,ㄕㄡˇ ㄐㄧㄥ ㄉㄚˊ ㄑㄩㄢˊ
守身若玉,1,ㄕㄡˇ ㄕㄣ ㄖㄨㄛˋ ㄩˋ
守道安貧,1,ㄕㄡˇ ㄉㄠˋ ㄢ ㄆㄧㄣˊ
安不忘危,1,ㄢ ㄅㄨˋ ㄨㄤˋ ㄨㄟˊ
安之若命,1,ㄢ ㄓ ㄖㄨㄛˋ ㄇㄧㄥˋ
安享餘年,1,ㄢ ㄒㄧㄤˇ ㄩˊ ㄋㄧㄢˊ
安仁鬢秋,1,ㄢ ㄖㄣˊ ㄅㄧㄣˋ ㄑㄧㄡ
安克拉治,1,ㄢ ㄎㄜˋ ㄌㄚ ㄓˋ
安全刀片,1,ㄢ ㄑㄩㄢˊ ㄉㄠ ㄆㄧㄢˋ
安全玻璃,1,ㄢ ㄑㄩㄢˊ ㄅㄛ ㄌㄧ˙
安全距離,1,ㄢ ㄑㄩㄢˊ ㄐㄩˋ ㄌㄧˊ
安全速度,1,ㄢ ㄑㄩㄢˊ ㄙㄨˋ ㄉㄨˋ
安全電流,1,ㄢ ㄑㄩㄢˊ ㄉㄧㄢˋ ㄌㄧㄡˊ
安分守紀,1,ㄢ ㄈㄣˋ ㄕㄡˇ ㄐㄧˋ
安南山脈,1,ㄢ ㄋㄢˊ ㄕㄢ ㄇㄞˋ
安吉里科,1,ㄢ ㄐㄧˊ ㄌㄧˇ ㄎㄜ
安哥拉兔,1,ㄢ ㄍㄜ ㄌㄚ ㄊㄨˋ
安土樂業,1,ㄢ ㄊㄨˇ ㄌㄜˋ ㄧㄝˋ
安坐待斃,1,ㄢ ㄗㄨㄛˋ ㄉㄞˋ ㄅㄧˋ
安培定則,1,ㄢ ㄆㄟˊ ㄉㄧㄥˋ ㄗㄜˊ
安培小時,1,ㄢ ㄆㄟˊ ㄒㄧㄠˇ ㄕˊ
安堵如故,1,ㄢ ㄉㄨˇ ㄖㄨˊ ㄍㄨˋ
安堵樂業,1,ㄢ ㄉㄨˇ ㄌㄜˋ ㄧㄝˋ
安大略湖,1,ㄢ ㄉㄚˋ ㄌㄩㄝˋ ㄏㄨˊ
安如盤石,1,ㄢ ㄖㄨˊ ㄆㄢˊ ㄕˊ
安宅正路,1,ㄢ ㄓㄜˋ ㄓㄥˋ ㄌㄨˋ
安守本分,1,ㄢ ㄕㄡˇ ㄅㄣˇ ㄈㄣˋ
安定均衡,1,ㄢ ㄉㄧㄥˋ ㄐㄩㄣ ㄏㄥˊ
安定學派,1,ㄢ ㄉㄧㄥˋ ㄒㄩㄝˊ ㄆㄞˋ
安家樂業,1,ㄢ ㄐㄧㄚ ㄌㄜˋ ㄧㄝˋ
安家立業,1,ㄢ ㄐㄧㄚ ㄌㄧˋ ㄧㄝˋ
安富尊榮,1,ㄢ ㄈㄨˋ ㄗㄨㄣ ㄖㄨㄥˊ
安富恤窮,1,ㄢ ㄈㄨˋ ㄒㄩˋ ㄑㄩㄥˊ
安富恤貧,1,ㄢ ㄈㄨˋ ㄒㄩˋ ㄆㄧㄣˊ
安寧照顧,1,ㄢ ㄋㄧㄥˊ ㄓㄠˋ ㄍㄨˋ
安常履順,1,ㄢ ㄔㄤˊ ㄌㄩˇ ㄕㄨㄣˋ
安常處順,1,ㄢ ㄔㄤˊ ㄔㄨˇ ㄕㄨㄣˋ
安康計畫,1,ㄢ ㄎㄤ ㄐㄧˋ ㄏㄨㄚˋ
安得列夫,1,ㄢ ㄉㄜˊ ㄌㄧㄝˋ ㄈㄨ
安必思危,1,ㄢ ㄅㄧˋ ㄙ ㄨㄟˊ
安息香樹,1,ㄢ ㄒㄧˊ ㄒㄧㄤ ㄕㄨˋ
安於一隅,1,ㄢ ㄩˊ ㄧ ㄩˊ
安於泰山,1,ㄢ ㄩˊ ㄊㄞˋ ㄕㄢ
安時處順,1,ㄢ ㄕˊ ㄔㄨˇ ㄕㄨㄣˋ
安枕無憂,1,ㄢ ㄓㄣˇ ㄨˊ ㄧㄡ
安枕而臥,1,ㄢ ㄓㄣˇ ㄦˊ ㄨㄛˋ
安樂世界,1,ㄢ ㄌㄜˋ ㄕˋ ㄐㄧㄝˋ
安樂公主,1,ㄢ ㄌㄜˋ ㄍㄨㄥ ㄓㄨˇ
安民告示,1,ㄢ ㄇㄧㄣˊ ㄍㄠˋ ㄕˋ
安民恤眾,1,ㄢ ㄇㄧㄣˊ ㄒㄩˋ ㄓㄨㄥˋ
安營下寨,1,ㄢ ㄧㄥˊ ㄒㄧㄚˋ ㄓㄞˋ
安營紮寨,1,ㄢ ㄧㄥˊ ㄓㄚˊ ㄓㄞˋ
安眉帶眼,1,ㄢ ㄇㄟˊ ㄉㄞˋ ㄧㄢˇ
安老懷少,1,ㄢ ㄌㄠˇ ㄏㄨㄞˊ ㄕㄠˋ
安若泰山,1,ㄢ ㄖㄨㄛˋ ㄊㄞˋ ㄕㄢ
安貧守道,1,ㄢ ㄆㄧㄣˊ ㄕㄡˇ ㄉㄠˋ
安貧樂賤,1,ㄢ ㄆㄧㄣˊ ㄌㄜˋ ㄐㄧㄢˋ
安身之所,1,ㄢ ㄕㄣ ㄓ ㄙㄨㄛˇ
安身之處,1,ㄢ ㄕㄣ ㄓ ㄔㄨˋ
安身樂業,1,ㄢ ㄕㄣ ㄌㄜˋ ㄧㄝˋ
安達西德,1,ㄢ ㄉㄚˊ ㄒㄧ ㄉㄜˊ
安適如常,1,ㄢ ㄕˋ ㄖㄨˊ ㄔㄤˊ
安邦治國,1,ㄢ ㄅㄤ ㄓˋ ㄍㄨㄛˊ
安閒自在,1,ㄢ ㄒㄧㄢˊ ㄗˋ ㄗㄞˋ
宋元學案,1,ㄙㄨㄥˋ ㄩㄢˊ ㄒㄩㄝˊ ㄢˋ
宋四大書,1,ㄙㄨㄥˋ ㄙˋ ㄉㄚˋ ㄕㄨ
宋斤魯削,1,ㄙㄨㄥˋ ㄐㄧㄣ ㄌㄨˇ ㄒㄩㄝˋ
宋畫吳冶,1,ㄙㄨㄥˋ ㄏㄨㄚˋ ㄨˊ ㄧㄝˇ
宋襄之仁,1,ㄙㄨㄥˋ ㄒㄧㄤ ㄓ ㄖㄣˊ
完全中立,1,ㄨㄢˊ ㄑㄩㄢˊ ㄓㄨㄥ ㄌㄧˋ
完全小學,1,ㄨㄢˊ ㄑㄩㄢˊ ㄒㄧㄠˇ ㄒㄩㄝˊ
完全就業,1,ㄨㄢˊ ㄑㄩㄢˊ ㄐㄧㄡˋ ㄧㄝˋ
完全平方,1,ㄨㄢˊ ㄑㄩㄢˊ ㄆㄧㄥˊ ㄈㄤ
完全打擊,1,ㄨㄢˊ ㄑㄩㄢˊ ㄉㄚˇ ㄐㄧˊ
完全比賽,1,ㄨㄢˊ ㄑㄩㄢˊ ㄅㄧˇ ㄙㄞˋ
完全燃燒,1,ㄨㄢˊ ㄑㄩㄢˊ ㄖㄢˊ ㄕㄠ
完全立方,1,ㄨㄢˊ ㄑㄩㄢˊ ㄌㄧˋ ㄈㄤ
完全肥料,1,ㄨㄢˊ ㄑㄩㄢˊ ㄈㄟˊ ㄌㄧㄠˋ
完好如初,1,ㄨㄢˊ ㄏㄠˇ ㄖㄨˊ ㄔㄨ
完稅貨價,1,ㄨㄢˊ ㄕㄨㄟˋ ㄏㄨㄛˋ ㄐㄧㄚˋ
完美主義,1,ㄨㄢˊ ㄇㄟˇ ㄓㄨˇ ㄧˋ
完達山脈,1,ㄨㄢˊ ㄉㄚˊ ㄕㄢ ㄇㄞˋ
宏偉壯觀,1,ㄏㄨㄥˊ ㄨㄟˇ ㄓㄨㄤˋ ㄍㄨㄢ
宏材大略,1,ㄏㄨㄥˊ ㄘㄞˊ ㄉㄚˋ ㄌㄩㄝˋ
宗宗件件,1,ㄗㄨㄥ ㄗㄨㄥ ㄐㄧㄢˋ ㄐㄧㄢˋ
宗廟丘墟,1,ㄗㄨㄥ ㄇㄧㄠˋ ㄑㄧㄡ ㄒㄩ
宗教戰爭,1,ㄗㄨㄥ ㄐㄧㄠˋ ㄓㄢˋ ㄓㄥ
宗教音樂,1,ㄗㄨㄥ ㄐㄧㄠˋ ㄧㄣ ㄩㄝˋ
官僚資本,1,ㄍㄨㄢ ㄌㄧㄠˊ ㄗ ㄅㄣˇ
官卑祿薄,1,ㄍㄨㄢ ㄅㄟ ㄌㄨˋ ㄅㄛˊ
官卑職小,1,ㄍㄨㄢ ㄅㄟ ㄓˊ ㄒㄧㄠˇ
官員祇候,1,ㄍㄨㄢ ㄩㄢˊ ㄑㄧˊ ㄏㄡˋ
官商合辦,1,ㄍㄨㄢ ㄕㄤ ㄏㄜˊ ㄅㄢˋ
官場如戲,1,ㄍㄨㄢ ㄔㄤˊ ㄖㄨˊ ㄒㄧˋ
官官相為,1,ㄍㄨㄢ ㄍㄨㄢ ㄒㄧㄤ ㄨㄟˋ
官官相衛,1,ㄍㄨㄢ ㄍㄨㄢ ㄒㄧㄤ ㄨㄟˋ
官宦人家,1,ㄍㄨㄢ ㄏㄨㄢˋ ㄖㄣˊ ㄐㄧㄚ
官宦氣息,1,ㄍㄨㄢ ㄏㄨㄢˋ ㄑㄧˋ ㄒㄧˊ
官情紙薄,1,ㄍㄨㄢ ㄑㄧㄥˊ ㄓˇ ㄅㄛˊ
官房學派,1,ㄍㄨㄢ ㄈㄤˊ ㄒㄩㄝˊ ㄆㄞˋ
官收官兌,1,ㄍㄨㄢ ㄕㄡ ㄍㄨㄢ ㄉㄨㄟˋ
官方網站,1,ㄍㄨㄢ ㄈㄤ ㄨㄤˇ ㄓㄢˋ
官星透露,1,ㄍㄨㄢ ㄒㄧㄥ ㄊㄡˋ ㄌㄡˋ
官止神行,1,ㄍㄨㄢ ㄓˇ ㄕㄣˊ ㄒㄧㄥˊ
官法如爐,1,ㄍㄨㄢ ㄈㄚˇ ㄖㄨˊ ㄌㄨˊ
官渡之戰,1,ㄍㄨㄢ ㄉㄨˋ ㄓ ㄓㄢˋ
官督商辦,1,ㄍㄨㄢ ㄉㄨ ㄕㄤ ㄅㄢˋ
官能交錯,1,ㄍㄨㄢ ㄋㄥˊ ㄐㄧㄠ ㄘㄨㄛˋ
官虎吏狼,1,ㄍㄨㄢ ㄏㄨˇ ㄌㄧˋ ㄌㄤˊ
官衫帔子,1,ㄍㄨㄢ ㄕㄢ ㄆㄟˋ ㄗˇ
官話字母,1,ㄍㄨㄢ ㄏㄨㄚˋ ㄗˋ ㄇㄨˇ
官馬大路,1,ㄍㄨㄢ ㄇㄚˇ ㄉㄚˋ ㄌㄨˋ
官高祿厚,1,ㄍㄨㄢ ㄍㄠ ㄌㄨˋ ㄏㄡˋ
定之方中,1,ㄉㄧㄥˋ ㄓ ㄈㄤ ㄓㄨㄥ
定弓虛稅,1,ㄉㄧㄥˋ ㄍㄨㄥ ㄒㄩ ㄕㄨㄟˋ
定心定意,1,ㄉㄧㄥˋ ㄒㄧㄣ ㄉㄧㄥˋ ㄧˋ
定性睜睛,1,ㄉㄧㄥˋ ㄒㄧㄥˋ ㄓㄥ ㄐㄧㄥ
定數難逃,1,ㄉㄧㄥˋ ㄕㄨˋ ㄋㄢˊ ㄊㄠˊ
定於一尊,1,ㄉㄧㄥˋ ㄩˊ ㄧ ㄗㄨㄣ
定時號誌,1,ㄉㄧㄥˋ ㄕˊ ㄏㄠˋ ㄓˋ
定期保險,1,ㄉㄧㄥˋ ㄑㄧˊ ㄅㄠˇ ㄒㄧㄢˇ
定步觀瞻,1,ㄉㄧㄥˋ ㄅㄨˋ ㄍㄨㄢ ㄓㄢ
定睛一相,1,ㄉㄧㄥˋ ㄐㄧㄥ ㄧ ㄒㄧㄤˋ
定睛細看,1,ㄉㄧㄥˋ ㄐㄧㄥ ㄒㄧˋ ㄎㄢˋ
定神順氣,1,ㄉㄧㄥˋ ㄕㄣˊ ㄕㄨㄣˋ ㄑㄧˋ
定鼎訏謨,1,ㄉㄧㄥˋ ㄉㄧㄥˇ ㄒㄩ ㄇㄛˊ
宛若游龍,1,ㄨㄢˇ ㄖㄨㄛˋ ㄧㄡˊ ㄌㄨㄥˊ
宛轉周折,1,ㄨㄢˇ ㄓㄨㄢˇ ㄓㄡ ㄓㄜˊ
宜侯夨簋,1,ㄧˊ ㄏㄡˊ ㄗㄜˋ ㄍㄨㄟˇ
客囊羞澀,1,ㄎㄜˋ ㄋㄤˊ ㄒㄧㄡ ㄙㄜˋ
客如雲集,1,ㄎㄜˋ ㄖㄨˊ ㄩㄣˊ ㄐㄧˊ
客家八音,1,ㄎㄜˋ ㄐㄧㄚ ㄅㄚ ㄧㄣ
客綱客紀,1,ㄎㄜˋ ㄍㄤ ㄎㄜˋ ㄐㄧˋ
客隨主便,1,ㄎㄜˋ ㄙㄨㄟˊ ㄓㄨˇ ㄅㄧㄢˋ
宣告死亡,1,ㄒㄩㄢ ㄍㄠˋ ㄙˇ ㄨㄤˊ
宣和書譜,1,ㄒㄩㄢ ㄏㄜˊ ㄕㄨ ㄆㄨˇ
宣和畫譜,1,ㄒㄩㄢ ㄏㄜˊ ㄏㄨㄚˋ ㄆㄨˇ
室內植物,1,ㄕˋ ㄋㄟˋ ㄓˊ ㄨˋ
室如懸磬,1,ㄕˋ ㄖㄨˊ ㄒㄩㄢˊ ㄑㄧㄥˋ
室怒市色,1,ㄕˋ ㄋㄨˋ ㄕˋ ㄙㄜˋ
室邇人遐,1,ㄕˋ ㄦˇ ㄖㄣˊ ㄒㄧㄚˊ
室邇人遠,1,ㄕˋ ㄦˇ ㄖㄣˊ ㄩㄢˇ
宮中太監,1,ㄍㄨㄥ ㄓㄨㄥ ㄊㄞˋ ㄐㄧㄢˋ
宮本武藏,1,ㄍㄨㄥ ㄅㄣˇ ㄨˇ ㄗㄤˋ
宮牆外望,1,ㄍㄨㄥ ㄑㄧㄤˊ ㄨㄞˋ ㄨㄤˋ
宮車晏駕,1,ㄍㄨㄥ ㄐㄩ ㄧㄢˋ ㄐㄧㄚˋ
宮鄰金虎,1,ㄍㄨㄥ ㄌㄧㄣˊ ㄐㄧㄣ ㄏㄨˇ
害人利己,1,ㄏㄞˋ ㄖㄣˊ ㄌㄧˋ ㄐㄧˇ
宴安鴆毒,1,ㄧㄢˋ ㄢ ㄓㄣˋ ㄉㄨˊ
宴爾新婚,1,ㄧㄢˋ ㄦˇ ㄒㄧㄣ ㄏㄨㄣ
宵旰圖治,1,ㄒㄧㄠ ㄍㄢˋ ㄊㄨˊ ㄓˋ
宵旰憂勞,1,ㄒㄧㄠ ㄍㄢˋ ㄧㄡ ㄌㄠˊ
宵旰焦勞,1,ㄒㄧㄠ ㄍㄢˋ ㄐㄧㄠ ㄌㄠˊ
家事法庭,1,ㄐㄧㄚ ㄕˋ ㄈㄚˇ ㄊㄧㄥˊ
家傳戶誦,1,ㄐㄧㄚ ㄔㄨㄢˊ ㄏㄨˋ ㄙㄨㄥˋ
家反宅亂,1,ㄐㄧㄚ ㄈㄢˇ ㄓㄞˊ ㄌㄨㄢˋ
家堂香火,1,ㄐㄧㄚ ㄊㄤˊ ㄒㄧㄤ ㄏㄨㄛˇ
家常茶飯,1,ㄐㄧㄚ ㄔㄤˊ ㄔㄚˊ ㄈㄢˋ
家庭主義,1,ㄐㄧㄚ ㄊㄧㄥˊ ㄓㄨˇ ㄧˋ
家庭制度,1,ㄐㄧㄚ ㄊㄧㄥˊ ㄓˋ ㄉㄨˋ
家庭園藝,1,ㄐㄧㄚ ㄊㄧㄥˊ ㄩㄢˊ ㄧˋ
家庭婦女,1,ㄐㄧㄚ ㄊㄧㄥˊ ㄈㄨˋ ㄋㄩˇ
家庭婦男,1,ㄐㄧㄚ ㄊㄧㄥˊ ㄈㄨˋ ㄋㄢˊ
家庭寄養,1,ㄐㄧㄚ ㄊㄧㄥˊ ㄐㄧˋ ㄧㄤˇ
家庭汙水,1,ㄐㄧㄚ ㄊㄧㄥˊ ㄨ ㄕㄨㄟˇ
家庭煮夫,1,ㄐㄧㄚ ㄊㄧㄥˊ ㄓㄨˇ ㄈㄨ
家庭病床,1,ㄐㄧㄚ ㄊㄧㄥˊ ㄅㄧㄥˋ ㄔㄨㄤˊ
家庭福利,1,ㄐㄧㄚ ㄊㄧㄥˊ ㄈㄨˊ ㄌㄧˋ
家庭管理,1,ㄐㄧㄚ ㄊㄧㄥˊ ㄍㄨㄢˇ ㄌㄧˇ
家庭經濟,1,ㄐㄧㄚ ㄊㄧㄥˊ ㄐㄧㄥ ㄐㄧˋ
家庭計畫,1,ㄐㄧㄚ ㄊㄧㄥˊ ㄐㄧˋ ㄏㄨㄚˋ
家庭訪問,1,ㄐㄧㄚ ㄊㄧㄥˊ ㄈㄤˇ ㄨㄣˋ
家庭護理,1,ㄐㄧㄚ ㄊㄧㄥˊ ㄏㄨˋ ㄌㄧˇ
家庭醫學,1,ㄐㄧㄚ ㄊㄧㄥˊ ㄧ ㄒㄩㄝˊ
家庭醫師,1,ㄐㄧㄚ ㄊㄧㄥˊ ㄧ ㄕ
家徒壁立,1,ㄐㄧㄚ ㄊㄨˊ ㄅㄧˋ ㄌㄧˋ
家徒甚殷,1,ㄐㄧㄚ ㄊㄨˊ ㄕㄣˋ ㄧㄣ
家成業就,1,ㄐㄧㄚ ㄔㄥˊ ㄧㄝˋ ㄐㄧㄡˋ
家扶中心,1,ㄐㄧㄚ ㄈㄨˊ ㄓㄨㄥ ㄒㄧㄣ
家敗人亡,1,ㄐㄧㄚ ㄅㄞˋ ㄖㄣˊ ㄨㄤˊ
家族同盟,1,ㄐㄧㄚ ㄗㄨˊ ㄊㄨㄥˊ ㄇㄥˊ
家業凋零,1,ㄐㄧㄚ ㄧㄝˋ ㄉㄧㄠ ㄌㄧㄥˊ
家無儋石,1,ㄐㄧㄚ ㄨˊ ㄉㄢ ㄉㄢˋ
家無儋石,1,ㄐㄧㄚ ㄨˊ ㄉㄢˋ ㄕˊ
家無擔石,1,ㄐㄧㄚ ㄨˊ ㄉㄢˋ ㄕˊ
家無斗儲,1,ㄐㄧㄚ ㄨˊ ㄉㄡˇ ㄔㄨˊ
家生孩兒,1,ㄐㄧㄚ ㄕㄥ ㄏㄞˊ ㄦˊ
家用電器,1,ㄐㄧㄚ ㄩㄥˋ ㄉㄧㄢˋ ㄑㄧˋ
家用電玩,1,ㄐㄧㄚ ㄩㄥˋ ㄉㄧㄢˋ ㄨㄢˊ
家破身亡,1,ㄐㄧㄚ ㄆㄛˋ ㄕㄣ ㄨㄤˊ
家給人足,1,ㄐㄧㄚ ㄐㄧˇ ㄖㄣˊ ㄗㄨˊ
家給戶贍,1,ㄐㄧㄚ ㄐㄧˇ ㄏㄨˋ ㄕㄢˋ
家給民足,1,ㄐㄧㄚ ㄐㄧˇ ㄇㄧㄣˊ ㄗㄨˊ
家緣家計,1,ㄐㄧㄚ ㄩㄢˊ ㄐㄧㄚ ㄐㄧˋ
家翻宅亂,1,ㄐㄧㄚ ㄈㄢ ㄓㄞˊ ㄌㄨㄢˋ
家至人說,1,ㄐㄧㄚ ㄓˋ ㄖㄣˊ ㄕㄨㄛ
家至戶曉,1,ㄐㄧㄚ ㄓˋ ㄏㄨˋ ㄒㄧㄠˇ
家貧命苦,1,ㄐㄧㄚ ㄆㄧㄣˊ ㄇㄧㄥˋ ㄎㄨˇ
家貲萬貫,1,ㄐㄧㄚ ㄗ ㄨㄢˋ ㄍㄨㄢˋ
家賊難防,1,ㄐㄧㄚ ㄗㄟˊ ㄋㄢˊ ㄈㄤˊ
家道從容,1,ㄐㄧㄚ ㄉㄠˋ ㄘㄨㄥ ㄖㄨㄥˊ
家道消乏,1,ㄐㄧㄚ ㄉㄠˋ ㄒㄧㄠ ㄈㄚˊ
家道貧寒,1,ㄐㄧㄚ ㄉㄠˋ ㄆㄧㄣˊ ㄏㄢˊ
家長裡短,1,ㄐㄧㄚ ㄔㄤˊ ㄌㄧˇ ㄉㄨㄢˇ
家門不幸,1,ㄐㄧㄚ ㄇㄣˊ ㄅㄨˋ ㄒㄧㄥˋ
家門有幸,1,ㄐㄧㄚ ㄇㄣˊ ㄧㄡˇ ㄒㄧㄥˋ
家雞野雉,1,ㄐㄧㄚ ㄐㄧ ㄧㄝˇ ㄓˋ
家雞野鶩,1,ㄐㄧㄚ ㄐㄧ ㄧㄝˇ ㄨˋ
容身之所,1,ㄖㄨㄥˊ ㄕㄣ ㄓ ㄙㄨㄛˇ
容頭過身,1,ㄖㄨㄥˊ ㄊㄡˊ ㄍㄨㄛˋ ㄕㄣ
容齋隨筆,1,ㄖㄨㄥˊ ㄓㄞ ㄙㄨㄟˊ ㄅㄧˇ
宿世冤家,1,ㄙㄨˋ ㄕˋ ㄩㄢ ㄐㄧㄚ
宿學舊儒,1,ㄙㄨˋ ㄒㄩㄝˊ ㄐㄧㄡˋ ㄖㄨˊ
宿將舊卒,1,ㄙㄨˋ ㄐㄧㄤˋ ㄐㄧㄡˋ ㄗㄨˊ
寂寂無名,1,ㄐㄧˊ ㄐㄧˊ ㄨˊ ㄇㄧㄥˊ
寂寂無聞,1,ㄐㄧˊ ㄐㄧˊ ㄨˊ ㄨㄣˊ
寂若死灰,1,ㄐㄧˊ ㄖㄨㄛˋ ㄙˇ ㄏㄨㄟ
寂若無人,1,ㄐㄧˊ ㄖㄨㄛˋ ㄨˊ ㄖㄣˊ
寄宿學校,1,ㄐㄧˋ ㄙㄨˋ ㄒㄩㄝˊ ㄒㄧㄠˋ
寄生動物,1,ㄐㄧˋ ㄕㄥ ㄉㄨㄥˋ ㄨˋ
寄生昆蟲,1,ㄐㄧˋ ㄕㄥ ㄎㄨㄣ ㄔㄨㄥˊ
寄生火山,1,ㄐㄧˋ ㄕㄥ ㄏㄨㄛˇ ㄕㄢ
寄顏無所,1,ㄐㄧˋ ㄧㄢˊ ㄨˊ ㄙㄨㄛˇ
寄養之家,1,ㄐㄧˋ ㄧㄤˇ ㄓ ㄐㄧㄚ
寅憂夕惕,1,ㄧㄣˊ ㄧㄡ ㄒㄧˋ ㄊㄧˋ
密不透風,1,ㄇㄧˋ ㄅㄨˋ ㄊㄡˋ ㄈㄥ
密不通風,1,ㄇㄧˋ ㄅㄨˋ ㄊㄨㄥ ㄈㄥ
密切追隨,1,ㄇㄧˋ ㄑㄧㄝˋ ㄓㄨㄟ ㄙㄨㄟˊ
密勒日巴,1,ㄇㄧˋ ㄌㄜˋ ㄖˋ ㄅㄚ
密勿從事,1,ㄇㄧˋ ㄨˋ ㄘㄨㄥˊ ㄕˋ
密密切切,1,ㄇㄧˋ ㄇㄧˋ ㄑㄧㄝˋ ㄑㄧㄝˋ
密密匝匝,1,ㄇㄧˋ ㄇㄧˋ ㄗㄚ ㄗㄚ
密密叢叢,1,ㄇㄧˋ ㄇㄧˋ ㄘㄨㄥˊ ㄘㄨㄥˊ
密封遺囑,1,ㄇㄧˋ ㄈㄥ ㄧˊ ㄓㄨˇ
密度指數,1,ㄇㄧˋ ㄉㄨˋ ㄓˇ ㄕㄨˋ
密蘇里河,1,ㄇㄧˋ ㄙㄨ ㄌㄧˇ ㄏㄜˊ
密西根湖,1,ㄇㄧˋ ㄒㄧ ㄍㄣ ㄏㄨˊ
密鑼緊鼓,1,ㄇㄧˋ ㄌㄨㄛˊ ㄐㄧㄣˇ ㄍㄨˇ
密集部署,1,ㄇㄧˋ ㄐㄧˊ ㄅㄨˋ ㄕㄨˋ
密雲不雨,1,ㄇㄧˋ ㄩㄣˊ ㄅㄨˋ ㄩˇ
密點地圖,1,ㄇㄧˋ ㄉㄧㄢˇ ㄉㄧˋ ㄊㄨˊ
富不如貧,1,ㄈㄨˋ ㄅㄨˋ ㄖㄨˊ ㄆㄧㄣˊ
富可敵國,1,ㄈㄨˋ ㄎㄜˇ ㄉㄧˊ ㄍㄨㄛˊ
富商大賈,1,ㄈㄨˋ ㄕㄤ ㄉㄚˋ ㄍㄨˇ
富國安民,1,ㄈㄨˋ ㄍㄨㄛˊ ㄢ ㄇㄧㄣˊ
富埒天子,1,ㄈㄨˋ ㄌㄜˋ ㄊㄧㄢ ㄗˇ
富埒陶白,1,ㄈㄨˋ ㄌㄜˋ ㄊㄠˊ ㄅㄞˊ
富比王侯,1,ㄈㄨˋ ㄅㄧˇ ㄨㄤˊ ㄏㄡˊ
富比陶衛,1,ㄈㄨˋ ㄅㄧˇ ㄊㄠˊ ㄨㄟˋ
富甲一方,1,ㄈㄨˋ ㄐㄧㄚˇ ㄧ ㄈㄤ
富而好施,1,ㄈㄨˋ ㄦˊ ㄏㄠˋ ㄕ
富而無驕,1,ㄈㄨˋ ㄦˊ ㄨˊ ㄐㄧㄠ
富貴不淫,1,ㄈㄨˋ ㄍㄨㄟˋ ㄅㄨˋ ㄧㄣˊ
富貴人家,1,ㄈㄨˋ ㄍㄨㄟˋ ㄖㄣˊ ㄐㄧㄚ
富貴利達,1,ㄈㄨˋ ㄍㄨㄟˋ ㄌㄧˋ ㄉㄚˊ
富貴功名,1,ㄈㄨˋ ㄍㄨㄟˋ ㄍㄨㄥ ㄇㄧㄥˊ
富貴壽考,1,ㄈㄨˋ ㄍㄨㄟˋ ㄕㄡˋ ㄎㄠˇ
富貴有餘,1,ㄈㄨˋ ㄍㄨㄟˋ ㄧㄡˇ ㄩˊ
富貴浮雲,1,ㄈㄨˋ ㄍㄨㄟˋ ㄈㄨˊ ㄩㄣˊ
富貴無常,1,ㄈㄨˋ ㄍㄨㄟˋ ㄨˊ ㄔㄤˊ
富貴花開,1,ㄈㄨˋ ㄍㄨㄟˋ ㄏㄨㄚ ㄎㄞ
富貴豪宕,1,ㄈㄨˋ ㄍㄨㄟˋ ㄏㄠˊ ㄉㄤˋ
富貴風流,1,ㄈㄨˋ ㄍㄨㄟˋ ㄈㄥ ㄌㄧㄡˊ
富貴驕人,1,ㄈㄨˋ ㄍㄨㄟˋ ㄐㄧㄠ ㄖㄣˊ
寒不擇衣,1,ㄏㄢˊ ㄅㄨˋ ㄗㄜˊ ㄧ
寒地訓練,1,ㄏㄢˊ ㄉㄧˋ ㄒㄩㄣˋ ㄌㄧㄢˋ
寒帶氣候,1,ㄏㄢˊ ㄉㄞˋ ㄑㄧˋ ㄏㄡˋ
寒微簡陋,1,ㄏㄢˊ ㄨㄟˊ ㄐㄧㄢˇ ㄌㄡˋ
寒心酸鼻,1,ㄏㄢˊ ㄒㄧㄣ ㄙㄨㄢ ㄅㄧˊ
寒暑推移,1,ㄏㄢˊ ㄕㄨˇ ㄊㄨㄟ ㄧˊ
寒木春華,1,ㄏㄢˊ ㄇㄨˋ ㄔㄨㄣ ㄏㄨㄚ
寒毛直豎,1,ㄏㄢˊ ㄇㄠˊ ㄓˊ ㄕㄨˋ
寒氈一席,1,ㄏㄢˊ ㄓㄢ ㄧ ㄒㄧˊ
寒氣襲人,1,ㄏㄢˊ ㄑㄧˋ ㄒㄧˊ ㄖㄣˊ
寒泉之思,1,ㄏㄢˊ ㄑㄩㄢˊ ㄓ ㄙ
寒潮爆發,1,ㄏㄢˊ ㄔㄠˊ ㄅㄠˋ ㄈㄚ
寒耕暑耘,1,ㄏㄢˊ ㄍㄥ ㄕㄨˇ ㄩㄣˊ
寒耕熱耘,1,ㄏㄢˊ ㄍㄥ ㄖㄜˋ ㄩㄣˊ
寒花晚節,1,ㄏㄢˊ ㄏㄨㄚ ㄨㄢˇ ㄐㄧㄝˊ
寒蟬仗馬,1,ㄏㄢˊ ㄔㄢˊ ㄓㄤˋ ㄇㄚˇ
寒酸措大,1,ㄏㄢˊ ㄙㄨㄢ ㄘㄨㄛˋ ㄉㄚˋ
寒門飲恨,1,ㄏㄢˊ ㄇㄣˊ ㄧㄣˇ ㄏㄣˋ
寒風砭骨,1,ㄏㄢˊ ㄈㄥ ㄅㄧㄢ ㄍㄨˇ
寓人寓馬,1,ㄩˋ ㄖㄣˊ ㄩˋ ㄇㄚˇ
寓禁於征,1,ㄩˋ ㄐㄧㄣˋ ㄩˊ ㄓㄥ
寖微寖滅,1,ㄐㄧㄣˋ ㄨㄟˊ ㄐㄧㄣˋ ㄇㄧㄝˋ
寖明寖昌,1,ㄐㄧㄣˋ ㄇㄧㄥˊ ㄐㄧㄣˋ ㄔㄤ
寞天寂地,1,ㄇㄛˋ ㄊㄧㄢ ㄐㄧˊ ㄉㄧˋ
察察為明,1,ㄔㄚˊ ㄔㄚˊ ㄨㄟˊ ㄇㄧㄥˊ
察察而明,1,ㄔㄚˊ ㄔㄚˊ ㄦˊ ㄇㄧㄥˊ
察見淵魚,1,ㄔㄚˊ ㄐㄧㄢˋ ㄩㄢ ㄩˊ
寡二少雙,1,ㄍㄨㄚˇ ㄦˋ ㄕㄠˇ ㄕㄨㄤ
寡宿孤辰,1,ㄍㄨㄚˇ ㄙㄨˋ ㄍㄨ ㄔㄣˊ
寡恩少義,1,ㄍㄨㄚˇ ㄣ ㄕㄠˇ ㄧˋ
寡情少義,1,ㄍㄨㄚˇ ㄑㄧㄥˊ ㄕㄠˇ ㄧˋ
寡聞少見,1,ㄍㄨㄚˇ ㄨㄣˊ ㄕㄠˇ ㄐㄧㄢˋ
寡見少聞,1,ㄍㄨㄚˇ ㄐㄧㄢˋ ㄕㄠˇ ㄨㄣˊ
寡見鮮聞,1,ㄍㄨㄚˇ ㄐㄧㄢˋ ㄒㄧㄢˇ ㄨㄣˊ
寡鵠孤鸞,1,ㄍㄨㄚˇ ㄏㄨˊ ㄍㄨ ㄌㄨㄢˊ
寢不安席,1,ㄑㄧㄣˇ ㄅㄨˋ ㄢ ㄒㄧˊ
寢不能寐,1,ㄑㄧㄣˇ ㄅㄨˋ ㄋㄥˊ ㄇㄟˋ
寢不遑安,1,ㄑㄧㄣˇ ㄅㄨˋ ㄏㄨㄤˊ ㄢ
寢皮食肉,1,ㄑㄧㄣˇ ㄆㄧˊ ㄕˊ ㄖㄡˋ
寢苫枕塊,1,ㄑㄧㄣˇ ㄕㄢ ㄓㄣˋ ㄎㄨㄞˋ
寢苫枕草,1,ㄑㄧㄣˇ ㄕㄢ ㄓㄣˋ ㄘㄠˇ
寤寐以求,1,ㄨˋ ㄇㄟˋ ㄧˇ ㄑㄧㄡˊ
實業計畫,1,ㄕˊ ㄧㄝˋ ㄐㄧˋ ㄏㄨㄚˋ
實況錄影,1,ㄕˊ ㄎㄨㄤˋ ㄌㄨˋ ㄧㄥˇ
實驗電影,1,ㄕˊ ㄧㄢˋ ㄉㄧㄢˋ ㄧㄥˇ
寧死不從,1,ㄋㄧㄥˊ ㄙˇ ㄅㄨˋ ㄘㄨㄥˊ
寧死不辱,1,ㄋㄧㄥˊ ㄙˇ ㄅㄨˋ ㄖㄨˋ
寧當玉碎,1,ㄋㄧㄥˊ ㄉㄤ ㄩˋ ㄙㄨㄟˋ
寧缺毋濫,1,ㄋㄧㄥˊ ㄑㄩㄝ ㄨˊ ㄌㄢˋ
審囚刷卷,1,ㄕㄣˇ ㄑㄧㄡˊ ㄕㄨㄚ ㄐㄩㄢˋ
審己度人,1,ㄕㄣˇ ㄐㄧˇ ㄉㄨㄛˋ ㄖㄣˊ
審時定勢,1,ㄕㄣˇ ㄕˊ ㄉㄧㄥˋ ㄕˋ
審時度勢,1,ㄕㄣˇ ㄕˊ ㄉㄨㄛˋ ㄕˋ
審曲面勢,1,ㄕㄣˇ ㄑㄩ ㄇㄧㄢˋ ㄕˋ
寫實主義,1,ㄒㄧㄝˇ ㄕˊ ㄓㄨˇ ㄧˋ
寬仁大度,1,ㄎㄨㄢ ㄖㄣˊ ㄉㄚˋ ㄉㄨˋ
寬刑省法,1,ㄎㄨㄢ ㄒㄧㄥˊ ㄕㄥˇ ㄈㄚˇ
寬尾鳳蝶,1,ㄎㄨㄢ ㄨㄟˇ ㄈㄥˋ ㄉㄧㄝˊ
寬打周遭,1,ㄎㄨㄢ ㄉㄚˇ ㄓㄡ ㄗㄠ
寬打料帳,1,ㄎㄨㄢ ㄉㄚˇ ㄌㄧㄠˋ ㄓㄤˋ
寬打窄用,1,ㄎㄨㄢ ㄉㄚˇ ㄓㄞˇ ㄩㄥˋ
寬洪大度,1,ㄎㄨㄢ ㄏㄨㄥˊ ㄉㄚˋ ㄉㄨˋ
寬洪大量,1,ㄎㄨㄢ ㄏㄨㄥˊ ㄉㄚˋ ㄌㄧㄤˋ
寬洪海量,1,ㄎㄨㄢ ㄏㄨㄥˊ ㄏㄞˇ ㄌㄧㄤˋ
寬皮說話,1,ㄎㄨㄢ ㄆㄧˊ ㄕㄨㄛ ㄏㄨㄚˋ
寵辱不驚,1,ㄔㄨㄥˇ ㄖㄨˋ ㄅㄨˋ ㄐㄧㄥ
寵辱無驚,1,ㄔㄨㄥˇ ㄖㄨˋ ㄨˊ ㄐㄧㄥ
寵辱若驚,1,ㄔㄨㄥˇ ㄖㄨˋ ㄖㄨㄛˋ ㄐㄧㄥ
寶刀不老,1,ㄅㄠˇ ㄉㄠ ㄅㄨˋ ㄌㄠˇ
寶山空回,1,ㄅㄠˇ ㄕㄢ ㄎㄨㄥ ㄏㄨㄟˊ
寶珠市餅,1,ㄅㄠˇ ㄓㄨ ㄕˋ ㄅㄧㄥˇ
寶相莊嚴,1,ㄅㄠˇ ㄒㄧㄤˋ ㄓㄨㄤ ㄧㄢˊ
寶裡寶氣,1,ㄅㄠˇ ㄌㄧˇ ㄅㄠˇ ㄑㄧˋ
寶貨難售,1,ㄅㄠˇ ㄏㄨㄛˋ ㄋㄢˊ ㄕㄡˋ
寶馬香車,1,ㄅㄠˇ ㄇㄚˇ ㄒㄧㄤ ㄔㄜ
寶鼎勛章,1,ㄅㄠˇ ㄉㄧㄥˇ ㄒㄩㄣ ㄓㄤ
寸兵尺鐵,1,ㄘㄨㄣˋ ㄅㄧㄥ ㄔˇ ㄊㄧㄝˇ
寸善片長,1,ㄘㄨㄣˋ ㄕㄢˋ ㄆㄧㄢˋ ㄔㄤˊ
寸土尺地,1,ㄘㄨㄣˋ ㄊㄨˇ ㄔˇ ㄉㄧˋ
寸地尺天,1,ㄘㄨㄣˋ ㄉㄧˋ ㄔˇ ㄊㄧㄢ
寸指測淵,1,ㄘㄨㄣˋ ㄓˇ ㄘㄜˋ ㄩㄢ
寸木岑樓,1,ㄘㄨㄣˋ ㄇㄨˋ ㄘㄣˊ ㄌㄡˊ
寸田尺宅,1,ㄘㄨㄣˋ ㄊㄧㄢˊ ㄔˇ ㄓㄞˊ
寸甲不留,1,ㄘㄨㄣˋ ㄐㄧㄚˇ ㄅㄨˋ ㄌㄧㄡˊ
寸男尺女,1,ㄘㄨㄣˋ ㄋㄢˊ ㄔˇ ㄋㄩˇ
寸積銖累,1,ㄘㄨㄣˋ ㄐㄧ ㄓㄨ ㄌㄟˇ
寸絲不挂,1,ㄘㄨㄣˋ ㄙ ㄅㄨˋ ㄍㄨㄚˋ
寸絲半粟,1,ㄘㄨㄣˋ ㄙ ㄅㄢˋ ㄙㄨˋ
寸長尺技,1,ㄘㄨㄣˋ ㄔㄤˊ ㄔˇ ㄐㄧˋ
寸長尺短,1,ㄘㄨㄣˋ ㄔㄤˊ ㄔˇ ㄉㄨㄢˇ
寸陰尺璧,1,ㄘㄨㄣˋ ㄧㄣ ㄔˇ ㄅㄧˋ
寸陰若歲,1,ㄘㄨㄣˋ ㄧㄣ ㄖㄨㄛˋ ㄙㄨㄟˋ
寸馬豆人,1,ㄘㄨㄣˋ ㄇㄚˇ ㄉㄡˋ ㄖㄣˊ
封侯拜相,1,ㄈㄥ ㄏㄡˊ ㄅㄞˋ ㄒㄧㄤˋ
封侯萬里,1,ㄈㄥ ㄏㄡˊ ㄨㄢˋ ㄌㄧˇ
封侯賜爵,1,ㄈㄥ ㄏㄡˊ ㄙˋ ㄐㄩㄝˊ
封妻廕子,1,ㄈㄥ ㄑㄧ ㄧㄣˋ ㄗˇ
封官許願,1,ㄈㄥ ㄍㄨㄢ ㄒㄩˇ ㄩㄢˋ
封祖蔭孫,1,ㄈㄥ ㄗㄨˇ ㄧㄣˋ ㄙㄨㄣ
封神演義,1,ㄈㄥ ㄕㄣˊ ㄧㄢˇ ㄧˋ
封筒逆封,1,ㄈㄥ ㄊㄨㄥˇ ㄋㄧˋ ㄈㄥ
封胡羯末,1,ㄈㄥ ㄏㄨˊ ㄐㄧㄝˊ ㄇㄛˋ
封胡遏末,1,ㄈㄥ ㄏㄨˊ ㄜˋ ㄇㄛˋ
封鎖現場,1,ㄈㄥ ㄙㄨㄛˇ ㄒㄧㄢˋ ㄔㄤˊ
封閉社會,1,ㄈㄥ ㄅㄧˋ ㄕㄜˋ ㄏㄨㄟˋ
封面設計,1,ㄈㄥ ㄇㄧㄢˋ ㄕㄜˋ ㄐㄧˋ
射控雷達,1,ㄕㄜˋ ㄎㄨㄥˋ ㄌㄟˊ ㄉㄚˊ
射石飲羽,1,ㄕㄜˋ ㄕˊ ㄧㄣˇ ㄩˇ
射魚指天,1,ㄕㄜˋ ㄩˊ ㄓˇ ㄊㄧㄢ
將伯之助,1,ㄑㄧㄤ ㄅㄛˊ ㄓ ㄓㄨˋ
將作大匠,1,ㄐㄧㄤ ㄗㄨㄛˋ ㄉㄚˋ ㄐㄧㄤˋ
將假作真,1,ㄐㄧㄤ ㄐㄧㄚˇ ㄗㄨㄛˋ ㄓㄣ
將假當真,1,ㄐㄧㄤ ㄐㄧㄚˇ ㄉㄤˋ ㄓㄣ
將兵長史,1,ㄐㄧㄤˋ ㄅㄧㄥ ㄓㄤˇ ㄕˇ
將功折罪,1,ㄐㄧㄤ ㄍㄨㄥ ㄓㄜˊ ㄗㄨㄟˋ
將功折過,1,ㄐㄧㄤ ㄍㄨㄥ ㄓㄜˊ ㄍㄨㄛˋ
將勤補拙,1,ㄐㄧㄤ ㄑㄧㄣˊ ㄅㄨˇ ㄓㄨㄛˊ
將機就機,1,ㄐㄧㄤ ㄐㄧ ㄐㄧㄡˋ ㄐㄧ
將機就計,1,ㄐㄧㄤ ㄐㄧ ㄐㄧㄡˋ ㄐㄧˋ
將相雙權,1,ㄐㄧㄤˋ ㄒㄧㄤˋ ㄕㄨㄤ ㄑㄩㄢˊ
將蝦釣鱉,1,ㄐㄧㄤ ㄒㄧㄚ ㄉㄧㄠˋ ㄅㄧㄝ
將遇良才,1,ㄐㄧㄤˋ ㄩˋ ㄌㄧㄤˊ ㄘㄞˊ
將銳兵驍,1,ㄐㄧㄤˋ ㄖㄨㄟˋ ㄅㄧㄥ ㄒㄧㄠ
將門之子,1,ㄐㄧㄤˋ ㄇㄣˊ ㄓ ㄗˇ
專利地圖,1,ㄓㄨㄢ ㄌㄧˋ ㄉㄧˋ ㄊㄨˊ
專勤制度,1,ㄓㄨㄢ ㄑㄧㄣˊ ㄓˋ ㄉㄨˋ
專國弄權,1,ㄓㄨㄢ ㄍㄨㄛˊ ㄋㄨㄥˋ ㄑㄩㄢˊ
專家政治,1,ㄓㄨㄢ ㄐㄧㄚ ㄓㄥˋ ㄓˋ
專家系統,1,ㄓㄨㄢ ㄐㄧㄚ ㄒㄧˋ ㄊㄨㄥˇ
專屬海域,1,ㄓㄨㄢ ㄕㄨˇ ㄏㄞˇ ㄩˋ
專恣跋扈,1,ㄓㄨㄢ ㄗˋ ㄅㄚˊ ㄏㄨˋ
專斷獨行,1,ㄓㄨㄢ ㄉㄨㄢˋ ㄉㄨˊ ㄒㄧㄥˊ
專業人員,1,ㄓㄨㄢ ㄧㄝˋ ㄖㄣˊ ㄩㄢˊ
專業人才,1,ㄓㄨㄢ ㄧㄝˋ ㄖㄣˊ ㄘㄞˊ
專業警察,1,ㄓㄨㄢ ㄧㄝˋ ㄐㄧㄥˇ ㄔㄚˊ
專橫跋扈,1,ㄓㄨㄢ ㄏㄥˋ ㄅㄚˊ ㄏㄨˋ
專欲難成,1,ㄓㄨㄢ ㄩˋ ㄋㄢˊ ㄔㄥˊ
專款專用,1,ㄓㄨㄢ ㄎㄨㄢˇ ㄓㄨㄢ ㄩㄥˋ
專科辭典,1,ㄓㄨㄢ ㄎㄜ ㄘˊ ㄉㄧㄢˇ
專科醫師,1,ㄓㄨㄢ ㄎㄜ ㄧ ㄕ
專精覃思,1,ㄓㄨㄢ ㄐㄧㄥ ㄊㄢˊ ㄙ
專賣憑證,1,ㄓㄨㄢ ㄇㄞˋ ㄆㄧㄥˊ ㄓㄥˋ
專題報導,1,ㄓㄨㄢ ㄊㄧˊ ㄅㄠˋ ㄉㄠˇ
尉遲乙僧,1,ㄩˋ ㄔˊ ㄧˇ ㄙㄥ
尉遲敬德,1,ㄩˋ ㄔˊ ㄐㄧㄥˋ ㄉㄜˊ
尊官厚祿,1,ㄗㄨㄣ ㄍㄨㄢ ㄏㄡˋ ㄌㄨˋ
尊己卑人,1,ㄗㄨㄣ ㄐㄧˇ ㄅㄟ ㄖㄣˊ
尊師貴道,1,ㄗㄨㄣ ㄕ ㄍㄨㄟˋ ㄉㄠˋ
尊年尚齒,1,ㄗㄨㄣ ㄋㄧㄢˊ ㄕㄤˋ ㄔˇ
尊王攘夷,1,ㄗㄨㄣ ㄨㄤˊ ㄖㄤˊ ㄧˊ
尊賢使能,1,ㄗㄨㄣ ㄒㄧㄢˊ ㄕˇ ㄋㄥˊ
尊賢愛物,1,ㄗㄨㄣ ㄒㄧㄢˊ ㄞˋ ㄨˋ
尋事生非,1,ㄒㄩㄣˊ ㄕˋ ㄕㄥ ㄈㄟ
尋山問水,1,ㄒㄩㄣˊ ㄕㄢ ㄨㄣˋ ㄕㄨㄟˇ
尋是尋非,1,ㄒㄩㄣˊ ㄕˋ ㄒㄩㄣˊ ㄈㄟ
尋村轉疃,1,ㄒㄩㄣˊ ㄘㄨㄣ ㄓㄨㄢˇ ㄊㄨㄢˇ
尋瑕索瘢,1,ㄒㄩㄣˊ ㄒㄧㄚˊ ㄙㄨㄛˇ ㄅㄢ
尋芳問柳,1,ㄒㄩㄣˊ ㄈㄤ ㄨㄣˋ ㄌㄧㄡˇ
尋行數墨,1,ㄒㄩㄣˊ ㄏㄤˊ ㄕㄨˇ ㄇㄛˋ
尋行逐隊,1,ㄒㄩㄣˊ ㄏㄤˊ ㄓㄨˊ ㄉㄨㄟˋ
尋蹤覓跡,1,ㄒㄩㄣˊ ㄗㄨㄥ ㄇㄧˋ ㄐㄧ
尋頭討腦,1,ㄒㄩㄣˊ ㄊㄡˊ ㄊㄠˇ ㄋㄠˇ
對不上號,1,ㄉㄨㄟˋ ㄅㄨˋ ㄕㄤˋ ㄏㄠˋ
對品調用,1,ㄉㄨㄟˋ ㄆㄧㄣˇ ㄉㄧㄠˋ ㄩㄥˋ
對嘴對舌,1,ㄉㄨㄟˋ ㄗㄨㄟˇ ㄉㄨㄟˋ ㄕㄜˊ
對天祝告,1,ㄉㄨㄟˋ ㄊㄧㄢ ㄓㄨˋ ㄍㄠˋ
對天長嘆,1,ㄉㄨㄟˋ ㄊㄧㄢ ㄔㄤˊ ㄊㄢˋ
對床夜語,1,ㄉㄨㄟˋ ㄔㄨㄤˊ ㄧㄝˋ ㄩˇ
對床風雨,1,ㄉㄨㄟˋ ㄔㄨㄤˊ ㄈㄥ ㄩˇ
對景傷情,1,ㄉㄨㄟˋ ㄐㄧㄥˇ ㄕㄤ ㄑㄧㄥˊ
對等貿易,1,ㄉㄨㄟˋ ㄉㄥˇ ㄇㄠˋ ㄧˋ
對號列車,1,ㄉㄨㄟˋ ㄏㄠˋ ㄌㄧㄝˋ ㄔㄜ
對門而居,1,ㄉㄨㄟˋ ㄇㄣˊ ㄦˊ ㄐㄩ
導向思考,1,ㄉㄠˇ ㄒㄧㄤˋ ㄙ ㄎㄠˇ
導向魚雷,1,ㄉㄠˇ ㄒㄧㄤˋ ㄩˊ ㄌㄟˊ
導引之術,1,ㄉㄠˇ ㄧㄣˇ ㄓ ㄕㄨˋ
導引大全,1,ㄉㄠˇ ㄧㄣˇ ㄉㄚˋ ㄑㄩㄢˊ
導引系統,1,ㄉㄠˇ ㄧㄣˇ ㄒㄧˋ ㄊㄨㄥˇ
導引胎息,1,ㄉㄠˇ ㄧㄣˇ ㄊㄞ ㄒㄧˊ
導德齊禮,1,ㄉㄠˇ ㄉㄜˊ ㄑㄧˊ ㄌㄧˇ
導氣之術,1,ㄉㄠˇ ㄑㄧˋ ㄓ ㄕㄨˋ
導管分子,1,ㄉㄠˇ ㄍㄨㄢˇ ㄈㄣ ㄗˇ
導航衛星,1,ㄉㄠˇ ㄏㄤˊ ㄨㄟˋ ㄒㄧㄥ
小亞細亞,1,ㄒㄧㄠˇ ㄧㄚˋ ㄒㄧˋ ㄧㄚˋ
小人殉財,1,ㄒㄧㄠˇ ㄖㄣˊ ㄒㄩㄣˋ ㄘㄞˊ
小兒之態,1,ㄒㄧㄠˇ ㄦˊ ㄓ ㄊㄞˋ
小兒之見,1,ㄒㄧㄠˇ ㄦˊ ㄓ ㄐㄧㄢˋ
小千世界,1,ㄒㄧㄠˇ ㄑㄧㄢ ㄕˋ ㄐㄧㄝˋ
小受大走,1,ㄒㄧㄠˇ ㄕㄡˋ ㄉㄚˋ ㄗㄡˇ
小器易盈,1,ㄒㄧㄠˇ ㄑㄧˋ ㄧˋ ㄧㄥˊ
小大由之,1,ㄒㄧㄠˇ ㄉㄚˋ ㄧㄡˊ ㄓ
小子後生,1,ㄒㄧㄠˇ ㄗˇ ㄏㄡˋ ㄕㄥ
小孩子家,1,ㄒㄧㄠˇ ㄏㄞˊ ㄗ˙ ㄐㄧㄚ
小家子氣,1,ㄒㄧㄠˇ ㄐㄧㄚ ㄗ˙ ㄑㄧ˙
小家罕氣,1,ㄒㄧㄠˇ ㄐㄧㄚ ㄏㄢˇ ㄑㄧˋ
小小不言,1,ㄒㄧㄠˇ ㄒㄧㄠˇ ㄅㄨˋ ㄧㄢˊ
小小年紀,1,ㄒㄧㄠˇ ㄒㄧㄠˇ ㄋㄧㄢˊ ㄐㄧˋ
小屈大伸,1,ㄒㄧㄠˇ ㄑㄩ ㄉㄚˋ ㄕㄣ
小山樂府,1,ㄒㄧㄠˇ ㄕㄢ ㄩㄝˋ ㄈㄨˇ
小康社會,1,ㄒㄧㄠˇ ㄎㄤ ㄕㄜˋ ㄏㄨㄟˋ
小康計畫,1,ㄒㄧㄠˇ ㄎㄤ ㄐㄧˋ ㄏㄨㄚˋ
小廉大法,1,ㄒㄧㄠˇ ㄌㄧㄢˊ ㄉㄚˋ ㄈㄚˇ
小廉曲謹,1,ㄒㄧㄠˇ ㄌㄧㄢˊ ㄑㄩ ㄐㄧㄣˇ
小往大來,1,ㄒㄧㄠˇ ㄨㄤˇ ㄉㄚˋ ㄌㄞˊ
小忠小信,1,ㄒㄧㄠˇ ㄓㄨㄥ ㄒㄧㄠˇ ㄒㄧㄣˋ
小怯大勇,1,ㄒㄧㄠˇ ㄑㄩㄝˋ ㄉㄚˋ ㄩㄥˇ
小恩小惠,1,ㄒㄧㄠˇ ㄣ ㄒㄧㄠˇ ㄏㄨㄟˋ
小懲大誡,1,ㄒㄧㄠˇ ㄔㄥˊ ㄉㄚˋ ㄐㄧㄝˋ
小手小腳,1,ㄒㄧㄠˇ ㄕㄡˇ ㄒㄧㄠˇ ㄐㄧㄠˇ
小支氣管,1,ㄒㄧㄠˇ ㄓ ㄑㄧˋ ㄍㄨㄢˇ
小本生意,1,ㄒㄧㄠˇ ㄅㄣˇ ㄕㄥ ㄧ˙
小本經紀,1,ㄒㄧㄠˇ ㄅㄣˇ ㄐㄧㄥ ㄐㄧˋ
小本買賣,1,ㄒㄧㄠˇ ㄅㄣˇ ㄇㄞˇ ㄇㄞˋ
小枉大直,1,ㄒㄧㄠˇ ㄨㄤˇ ㄉㄚˋ ㄓˊ
小留學生,1,ㄒㄧㄠˇ ㄌㄧㄡˊ ㄒㄩㄝˊ ㄕㄥ
小眼薄皮,1,ㄒㄧㄠˇ ㄧㄢˇ ㄅㄠˊ ㄆㄧˊ
小眾藝術,1,ㄒㄧㄠˇ ㄓㄨㄥˋ ㄧˋ ㄕㄨˋ
小老婆子,1,ㄒㄧㄠˇ ㄌㄠˇ ㄆㄛ˙ ㄗ˙
小肚雞腸,1,ㄒㄧㄠˇ ㄉㄨˋ ㄐㄧ ㄔㄤˊ
小胞子囊,1,ㄒㄧㄠˇ ㄅㄠ ㄗˇ ㄋㄤˊ
小蘿蔔頭,1,ㄒㄧㄠˇ ㄌㄨㄛˊ ㄅㄛ˙ ㄊㄡ˙
小裡小氣,1,ㄒㄧㄠˇ ㄌㄧ˙ ㄒㄧㄠˇ ㄑㄧˋ
小試牛刀,1,ㄒㄧㄠˇ ㄕˋ ㄋㄧㄡˊ ㄉㄠ
小試鋒芒,1,ㄒㄧㄠˇ ㄕˋ ㄈㄥ ㄇㄤˊ
小醜跳梁,1,ㄒㄧㄠˇ ㄔㄡˇ ㄊㄧㄠˋ ㄌㄧㄤˊ
小針美容,1,ㄒㄧㄠˇ ㄓㄣ ㄇㄟˇ ㄖㄨㄥˊ
小門小戶,1,ㄒㄧㄠˇ ㄇㄣˊ ㄒㄧㄠˇ ㄏㄨˋ
小隙沉舟,1,ㄒㄧㄠˇ ㄒㄧˋ ㄔㄣˊ ㄓㄡ
小黠大痴,1,ㄒㄧㄠˇ ㄒㄧㄚˊ ㄉㄚˋ ㄔ
少一缺二,1,ㄕㄠˇ ㄧ ㄑㄩㄝ ㄦˋ
少不經事,1,ㄕㄠˋ ㄅㄨˋ ㄐㄧㄥ ㄕˋ
少吃無著,1,ㄕㄠˇ ㄔ ㄨˊ ㄓㄨㄛˊ
少女嫩婦,1,ㄕㄠˋ ㄋㄩˇ ㄋㄣˋ ㄈㄨˋ
少女情懷,1,ㄕㄠˋ ㄋㄩˇ ㄑㄧㄥˊ ㄏㄨㄞˊ
少安毋躁,1,ㄕㄠˇ ㄢ ㄨˊ ㄗㄠˋ
少安無躁,1,ㄕㄠˇ ㄢ ㄨˊ ㄗㄠˋ
少年才俊,1,ㄕㄠˋ ㄋㄧㄢˊ ㄘㄞˊ ㄐㄩㄣˋ
少年犯罪,1,ㄕㄠˋ ㄋㄧㄢˊ ㄈㄢˋ ㄗㄨㄟˋ
少成若性,1,ㄕㄠˋ ㄔㄥˊ ㄖㄨㄛˋ ㄒㄧㄥˋ
少氣無力,1,ㄕㄠˇ ㄑㄧˋ ㄨˊ ㄌㄧˋ
少私寡慾,1,ㄕㄠˇ ㄙ ㄍㄨㄚˇ ㄩˋ
少親失眷,1,ㄕㄠˇ ㄑㄧㄣ ㄕ ㄐㄩㄢˋ
少調失教,1,ㄕㄠˇ ㄊㄧㄠˊ ㄕ ㄐㄧㄠˋ
少頭無尾,1,ㄕㄠˇ ㄊㄡˊ ㄨˊ ㄨㄟˇ
少魂失魄,1,ㄕㄠˇ ㄏㄨㄣˊ ㄕ ㄆㄛˋ
少魂沒識,1,ㄕㄠˇ ㄏㄨㄣˊ ㄇㄟˊ ㄕˋ
尖嘴猴腮,1,ㄐㄧㄢ ㄗㄨㄟˇ ㄏㄡˊ ㄙㄞ
尖尖趫趫,1,ㄐㄧㄢ ㄐㄧㄢ ㄑㄧㄠˊ ㄑㄧㄠˊ
尖峰時間,1,ㄐㄧㄢ ㄈㄥ ㄕˊ ㄐㄧㄢ
尖端放電,1,ㄐㄧㄢ ㄉㄨㄢ ㄈㄤˋ ㄉㄧㄢˋ
尖聲尖氣,1,ㄐㄧㄢ ㄕㄥ ㄐㄧㄢ ㄑㄧˋ
尖齊圓健,1,ㄐㄧㄢ ㄑㄧˊ ㄩㄢˊ ㄐㄧㄢˋ
尚書大傳,1,ㄕㄤˋ ㄕㄨ ㄉㄚˋ ㄓㄨㄢˋ
尤里西斯,1,ㄧㄡˊ ㄌㄧˇ ㄒㄧ ㄙ
尨眉皓髮,1,ㄆㄤˊ ㄇㄟˊ ㄏㄠˋ ㄈㄚˇ
就日瞻雲,1,ㄐㄧㄡˋ ㄖˋ ㄓㄢ ㄩㄣˊ
就棍打腿,1,ㄐㄧㄡˋ ㄍㄨㄣˋ ㄉㄚˇ ㄊㄨㄟˇ
就業市場,1,ㄐㄧㄡˋ ㄧㄝˋ ㄕˋ ㄔㄤˊ
就業服務,1,ㄐㄧㄡˋ ㄧㄝˋ ㄈㄨˊ ㄨˋ
就此罷手,1,ㄐㄧㄡˋ ㄘˇ ㄅㄚˋ ㄕㄡˇ
就湯下麵,1,ㄐㄧㄡˋ ㄊㄤ ㄒㄧㄚˋ ㄇㄧㄢˋ
就虛避實,1,ㄐㄧㄡˋ ㄒㄩ ㄅㄧˋ ㄕˊ
尷尬局面,1,ㄍㄢ ㄍㄚˋ ㄐㄩˊ ㄇㄧㄢˋ
尸居餘氣,1,ㄕ ㄐㄩ ㄩˊ ㄑㄧˋ
尸居龍見,1,ㄕ ㄐㄩ ㄌㄨㄥˊ ㄒㄧㄢˋ
尸祝代庖,1,ㄕ ㄓㄨˋ ㄉㄞˋ ㄆㄠˊ
尸祿素餐,1,ㄕ ㄌㄨˋ ㄙㄨˋ ㄘㄢ
尸鳩之仁,1,ㄕ ㄐㄧㄡ ㄓ ㄖㄣˊ
尸鳩之平,1,ㄕ ㄐㄧㄡ ㄓ ㄆㄧㄥˊ
尹邢避面,1,ㄧㄣˇ ㄒㄧㄥˊ ㄅㄧˋ ㄇㄧㄢˋ
尹霍夫池,1,ㄧㄣˇ ㄏㄨㄛˋ ㄈㄨ ㄔˊ
尺二冤家,1,ㄔˇ ㄦˋ ㄩㄢ ㄐㄧㄚ
尺二秀才,1,ㄔˇ ㄦˋ ㄒㄧㄡˋ ㄘㄞˊ
尺土之柄,1,ㄔˇ ㄊㄨˇ ㄓ ㄅㄧㄥˇ
尺寸之功,1,ㄔˇ ㄘㄨㄣˋ ㄓ ㄍㄨㄥ
尺寸之地,1,ㄔˇ ㄘㄨㄣˋ ㄓ ㄉㄧˋ
尺寸斗粟,1,ㄔˇ ㄘㄨㄣˋ ㄉㄡˇ ㄙㄨˋ
尺板斗食,1,ㄔˇ ㄅㄢˇ ㄉㄡˇ ㄕˊ
尺步繩趨,1,ㄔˇ ㄅㄨˋ ㄕㄥˊ ㄑㄩ
尺水丈波,1,ㄔˇ ㄕㄨㄟˇ ㄓㄤˋ ㄅㄛ
尺波電謝,1,ㄔˇ ㄅㄛ ㄉㄧㄢˋ ㄒㄧㄝˋ
尺蠖之屈,1,ㄔˇ ㄏㄨㄛˋ ㄓ ㄑㄩ
尻輪神馬,1,ㄎㄠ ㄌㄨㄣˊ ㄕㄣˊ ㄇㄚˇ
尻輿神馬,1,ㄎㄠ ㄩˊ ㄕㄣˊ ㄇㄚˇ
尼斯信條,1,ㄋㄧˊ ㄙ ㄒㄧㄣˋ ㄊㄧㄠˊ
尾大不掉,1,ㄨㄟˇ ㄉㄚˋ ㄅㄨˋ ㄉㄧㄠˋ
尾大難掉,1,ㄨㄟˇ ㄉㄚˋ ㄋㄢˊ ㄉㄧㄠˋ
尾生之信,1,ㄨㄟˇ ㄕㄥ ㄓ ㄒㄧㄣˋ
尾生抱柱,1,ㄨㄟˇ ㄕㄥ ㄅㄠˋ ㄓㄨˋ
尾索動物,1,ㄨㄟˇ ㄙㄨㄛˇ ㄉㄨㄥˋ ㄨˋ
尿尿把把,1,ㄋㄧㄠˋ ㄋㄧㄠˋ ㄅㄚˇ ㄅㄚˇ
尿液篩檢,1,ㄋㄧㄠˋ ㄧㄝˋ ㄕㄞ ㄐㄧㄢˇ
尿道感染,1,ㄋㄧㄠˋ ㄉㄠˋ ㄍㄢˇ ㄖㄢˇ
局促一隅,1,ㄐㄩˊ ㄘㄨˋ ㄧ ㄩˊ
局蹐不安,1,ㄐㄩˊ ㄐㄧˊ ㄅㄨˋ ㄢ
居下訕上,1,ㄐㄩ ㄒㄧㄚˋ ㄕㄢˋ ㄕㄤˋ
居不重席,1,ㄐㄩ ㄅㄨˋ ㄔㄨㄥˊ ㄒㄧˊ
居不重茵,1,ㄐㄩ ㄅㄨˋ ㄔㄨㄥˊ ㄧㄣ
居中調停,1,ㄐㄩ ㄓㄨㄥ ㄊㄧㄠˊ ㄊㄧㄥˊ
居之不疑,1,ㄐㄩ ㄓ ㄅㄨˋ ㄧˊ
居仁由義,1,ㄐㄩ ㄖㄣˊ ㄧㄡˊ ㄧˋ
居今稽古,1,ㄐㄩ ㄐㄧㄣ ㄐㄧ ㄍㄨˇ
居住密度,1,ㄐㄩ ㄓㄨˋ ㄇㄧˋ ㄉㄨˋ
居住環境,1,ㄐㄩ ㄓㄨˋ ㄏㄨㄢˊ ㄐㄧㄥˋ
居住自由,1,ㄐㄩ ㄓㄨˋ ㄗˋ ㄧㄡˊ
居停主人,1,ㄐㄩ ㄊㄧㄥˊ ㄓㄨˇ ㄖㄣˊ
居其大半,1,ㄐㄩ ㄑㄧˊ ㄉㄚˋ ㄅㄢˋ
居功自傲,1,ㄐㄩ ㄍㄨㄥ ㄗˋ ㄠˋ
居功自恃,1,ㄐㄩ ㄍㄨㄥ ㄗˋ ㄕˋ
居大不易,1,ㄐㄩ ㄉㄚˋ ㄅㄨˋ ㄧˋ
居安慮危,1,ㄐㄩ ㄢ ㄌㄩˋ ㄨㄟˊ
居安資深,1,ㄐㄩ ㄢ ㄗ ㄕㄣ
居心無愧,1,ㄐㄩ ㄒㄧㄣ ㄨˊ ㄎㄨㄟˋ
居無定所,1,ㄐㄩ ㄨˊ ㄉㄧㄥˋ ㄙㄨㄛˇ
居無求安,1,ㄐㄩ ㄨˊ ㄑㄧㄡˊ ㄢ
居里夫人,1,ㄐㄩ ㄌㄧˇ ㄈㄨ ㄖㄣˊ
居高不下,1,ㄐㄩ ㄍㄠ ㄅㄨˋ ㄒㄧㄚˋ
居高思危,1,ㄐㄩ ㄍㄠ ㄙ ㄨㄟˊ
屈一伸萬,1,ㄑㄩ ㄧ ㄕㄣ ㄨㄢˋ
屈尊敬賢,1,ㄑㄩ ㄗㄨㄣ ㄐㄧㄥˋ ㄒㄧㄢˊ
屈己待人,1,ㄑㄩ ㄐㄧˇ ㄉㄞˋ ㄖㄣˊ
屈己從人,1,ㄑㄩ ㄐㄧˇ ㄘㄨㄥˊ ㄖㄣˊ
屈意奉承,1,ㄑㄩ ㄧˋ ㄈㄥˋ ㄔㄥˊ
屈豔班香,1,ㄑㄩ ㄧㄢˋ ㄅㄢ ㄒㄧㄤ
屈身下士,1,ㄑㄩ ㄕㄣ ㄒㄧㄚˋ ㄕˋ
屋上建瓴,1,ㄨ ㄕㄤˋ ㄐㄧㄢˋ ㄌㄧㄥˊ
屋上架屋,1,ㄨ ㄕㄤˋ ㄐㄧㄚˋ ㄨ
屋上瞻烏,1,ㄨ ㄕㄤˋ ㄓㄢ ㄨ
屋下架屋,1,ㄨ ㄒㄧㄚˋ ㄐㄧㄚˋ ㄨ
屋下蓋屋,1,ㄨ ㄒㄧㄚˋ ㄍㄞˋ ㄨ
屋烏推愛,1,ㄨ ㄨ ㄊㄨㄟ ㄞˋ
屍山血海,1,ㄕ ㄕㄢ ㄒㄧㄝˇ ㄏㄞˇ
屍橫遍野,1,ㄕ ㄏㄥˊ ㄅㄧㄢˋ ㄧㄝˇ
屍骨早寒,1,ㄕ ㄍㄨˇ ㄗㄠˇ ㄏㄢˊ
屍骨無存,1,ㄕ ㄍㄨˇ ㄨˊ ㄘㄨㄣˊ
屎滾尿流,1,ㄕˇ ㄍㄨㄣˇ ㄋㄧㄠˋ ㄌㄧㄡˊ
屏息凝氣,1,ㄅㄧㄥˇ ㄒㄧˊ ㄋㄧㄥˊ ㄑㄧˋ
屏息凝視,1,ㄅㄧㄥˇ ㄒㄧˊ ㄋㄧㄥˊ ㄕˋ
屏氣攝息,1,ㄅㄧㄥˇ ㄑㄧˋ ㄕㄜˋ ㄒㄧˊ
屏氣斂息,1,ㄅㄧㄥˇ ㄑㄧˋ ㄌㄧㄢˋ ㄒㄧˊ
屏聲息氣,1,ㄅㄧㄥˇ ㄕㄥ ㄒㄧˊ ㄑㄧˋ
屏風九疊,1,ㄆㄧㄥˊ ㄈㄥ ㄐㄧㄡˇ ㄉㄧㄝˊ
屏鵝公路,1,ㄆㄧㄥˊ ㄜˊ ㄍㄨㄥ ㄌㄨˋ
展眼舒眉,1,ㄓㄢˇ ㄧㄢˇ ㄕㄨ ㄇㄟˊ
展脣元音,1,ㄓㄢˇ ㄔㄨㄣˊ ㄩㄢˊ ㄧㄣ
展腳舒腰,1,ㄓㄢˇ ㄐㄧㄠˇ ㄕㄨ ㄧㄠ
展轉反側,1,ㄓㄢˇ ㄓㄨㄢˇ ㄈㄢˇ ㄘㄜˋ
屠毒筆墨,1,ㄊㄨˊ ㄉㄨˊ ㄅㄧˇ ㄇㄛˋ
屠牛朝歌,1,ㄊㄨˊ ㄋㄧㄡˊ ㄓㄠ ㄍㄜ
屠狗之輩,1,ㄊㄨˊ ㄍㄡˇ ㄓ ㄅㄟˋ
屠門大嚼,1,ㄊㄨˊ ㄇㄣˊ ㄉㄚˋ ㄐㄩㄝˊ
屠龍之技,1,ㄊㄨˊ ㄌㄨㄥˊ ㄓ ㄐㄧˋ
屢出新招,1,ㄌㄩˇ ㄔㄨ ㄒㄧㄣ ㄓㄠ
屢戰屢勝,1,ㄌㄩˇ ㄓㄢˋ ㄌㄩˇ ㄕㄥˋ
屢次三番,1,ㄌㄩˇ ㄘˋ ㄙㄢ ㄈㄢ
屣履造門,1,ㄒㄧˇ ㄌㄩˇ ㄗㄠˋ ㄇㄣˊ
層出疊見,1,ㄘㄥˊ ㄔㄨ ㄉㄧㄝˊ ㄒㄧㄢˋ
層序分明,1,ㄘㄥˊ ㄒㄩˋ ㄈㄣ ㄇㄧㄥˊ
層次井然,1,ㄘㄥˊ ㄘˋ ㄐㄧㄥˇ ㄖㄢˊ
層見疊出,1,ㄘㄥˊ ㄒㄧㄢˋ ㄉㄧㄝˊ ㄔㄨ
履中行善,1,ㄌㄩˇ ㄓㄨㄥ ㄒㄧㄥˊ ㄕㄢˋ
履仁蹈義,1,ㄌㄩˇ ㄖㄣˊ ㄉㄠˋ ㄧˋ
履湯蹈火,1,ㄌㄩˇ ㄊㄤ ㄉㄠˋ ㄏㄨㄛˇ
履舄交錯,1,ㄌㄩˇ ㄒㄧˋ ㄐㄧㄠ ㄘㄨㄛˋ
履薄臨深,1,ㄌㄩˇ ㄅㄛˊ ㄌㄧㄣˊ ㄕㄣ
履霜之戒,1,ㄌㄩˇ ㄕㄨㄤ ㄓ ㄐㄧㄝˋ
履霜堅冰,1,ㄌㄩˇ ㄕㄨㄤ ㄐㄧㄢ ㄅㄧㄥ
履霜知冰,1,ㄌㄩˇ ㄕㄨㄤ ㄓ ㄅㄧㄥ
屨及劍及,1,ㄐㄩˋ ㄐㄧˊ ㄐㄧㄢˋ ㄐㄧˊ
屨賤踊貴,1,ㄐㄩˋ ㄐㄧㄢˋ ㄩㄥˇ ㄍㄨㄟˋ
屬垣有耳,1,ㄓㄨˇ ㄩㄢˊ ㄧㄡˇ ㄦˇ
屬毛離裡,1,ㄓㄨˇ ㄇㄠˊ ㄌㄧˊ ㄌㄧˇ
屬辭比事,1,ㄓㄨˇ ㄘˊ ㄅㄧˇ ㄕˋ
屯積居奇,1,ㄊㄨㄣˊ ㄐㄧ ㄐㄩ ㄑㄧˊ
屯糧積草,1,ㄊㄨㄣˊ ㄌㄧㄤˊ ㄐㄧ ㄘㄠˇ
屯街塞巷,1,ㄊㄨㄣˊ ㄐㄧㄝ ㄙㄜˋ ㄒㄧㄤˋ
屯蹶否塞,1,ㄓㄨㄣ ㄐㄩㄝˊ ㄆㄧˇ ㄙㄜˋ
山中宰相,1,ㄕㄢ ㄓㄨㄥ ㄗㄞˇ ㄒㄧㄤˋ
山中白雲,1,ㄕㄢ ㄓㄨㄥ ㄅㄞˊ ㄩㄣˊ
山公啟事,1,ㄕㄢ ㄍㄨㄥ ㄑㄧˇ ㄕˋ
山地山胞,1,ㄕㄢ ㄉㄧˋ ㄕㄢ ㄅㄠ
山姆叔叔,1,ㄕㄢ ㄇㄨˇ ㄕㄨˊ ㄕㄨ˙
山峙淵渟,1,ㄕㄢ ㄓˋ ㄩㄢ ㄊㄧㄥˊ
山崩地坼,1,ㄕㄢ ㄅㄥ ㄉㄧˋ ㄔㄜˋ
山崩地陷,1,ㄕㄢ ㄅㄥ ㄉㄧˋ ㄒㄧㄢˋ
山崩鐘應,1,ㄕㄢ ㄅㄥ ㄓㄨㄥ ㄧㄥˋ
山搖地動,1,ㄕㄢ ㄧㄠˊ ㄉㄧˋ ㄉㄨㄥˋ
山旮旯子,1,ㄕㄢ ㄍㄚ ㄌㄚˊ ㄗ˙
山有扶蘇,1,ㄕㄢ ㄧㄡˇ ㄈㄨˊ ㄙㄨ
山東快書,1,ㄕㄢ ㄉㄨㄥ ㄎㄨㄞˋ ㄕㄨ
山東梆子,1,ㄕㄢ ㄉㄨㄥ ㄅㄤ ㄗ˙
山東琴書,1,ㄕㄢ ㄉㄨㄥ ㄑㄧㄣˊ ㄕㄨ
山林屠販,1,ㄕㄢ ㄌㄧㄣˊ ㄊㄨˊ ㄈㄢˋ
山林文學,1,ㄕㄢ ㄌㄧㄣˊ ㄨㄣˊ ㄒㄩㄝˊ
山河襟帶,1,ㄕㄢ ㄏㄜˊ ㄐㄧㄣ ㄉㄞˋ
山清水秀,1,ㄕㄢ ㄑㄧㄥ ㄕㄨㄟˇ ㄒㄧㄡˋ
山溜穿石,1,ㄕㄢ ㄌㄧㄡˋ ㄔㄨㄢ ㄕˊ
山珍海錯,1,ㄕㄢ ㄓㄣ ㄏㄞˇ ㄘㄨㄛˋ
山田燒墾,1,ㄕㄢ ㄊㄧㄢˊ ㄕㄠ ㄎㄣˇ
山簡醉酒,1,ㄕㄢ ㄐㄧㄢˇ ㄗㄨㄟˋ ㄐㄧㄡˇ
山精木客,1,ㄕㄢ ㄐㄧㄥ ㄇㄨˋ ㄎㄜˋ
山肴野蔌,1,ㄕㄢ ㄧㄠˊ ㄧㄝˇ ㄙㄨˋ
山西梆子,1,ㄕㄢ ㄒㄧ ㄅㄤ ㄗ˙
山西票號,1,ㄕㄢ ㄒㄧ ㄆㄧㄠˋ ㄏㄠˋ
山西高原,1,ㄕㄢ ㄒㄧ ㄍㄠ ㄩㄢˊ
山遙水遠,1,ㄕㄢ ㄧㄠˊ ㄕㄨㄟˇ ㄩㄢˇ
山重水複,1,ㄕㄢ ㄔㄨㄥˊ ㄕㄨㄟˇ ㄈㄨˋ
山長水遠,1,ㄕㄢ ㄔㄤˊ ㄕㄨㄟˇ ㄩㄢˇ
山陰道上,1,ㄕㄢ ㄧㄣ ㄉㄠˋ ㄕㄤˋ
山雞舞鏡,1,ㄕㄢ ㄐㄧ ㄨˇ ㄐㄧㄥˋ
山頹木壞,1,ㄕㄢ ㄊㄨㄟˊ ㄇㄨˋ ㄏㄨㄞˋ
山高路陡,1,ㄕㄢ ㄍㄠ ㄌㄨˋ ㄉㄡˇ
岋岋惙惙,1,ㄜˋ ㄜˋ ㄔㄨㄛˋ ㄔㄨㄛˋ
岑樓齊末,1,ㄘㄣˊ ㄌㄡˊ ㄑㄧˊ ㄇㄛˋ
岡連嶺屬,1,ㄍㄤ ㄌㄧㄢˊ ㄌㄧㄥˇ ㄓㄨˇ
岩石循環,1,ㄧㄢˊ ㄕˊ ㄒㄩㄣˊ ㄏㄨㄢˊ
岳撼山崩,1,ㄩㄝˋ ㄏㄢˋ ㄕㄢ ㄅㄥ
峨冠博帶,1,ㄜˊ ㄍㄨㄢ ㄅㄛˊ ㄉㄞˋ
峨然矗立,1,ㄜˊ ㄖㄢˊ ㄔㄨˋ ㄌㄧˋ
島嶼防線,1,ㄉㄠˇ ㄩˇ ㄈㄤˊ ㄒㄧㄢˋ
島狀丘陵,1,ㄉㄠˇ ㄓㄨㄤˋ ㄑㄧㄡ ㄌㄧㄥˊ
島瘦郊寒,1,ㄉㄠˇ ㄕㄡˋ ㄐㄧㄠ ㄏㄢˊ
峻嶺崇山,1,ㄐㄩㄣˋ ㄌㄧㄥˇ ㄔㄨㄥˊ ㄕㄢ
峻阪鹽車,1,ㄐㄩㄣˋ ㄅㄢˇ ㄧㄢˊ ㄐㄩ
崇化厲俗,1,ㄔㄨㄥˊ ㄏㄨㄚˋ ㄌㄧˋ ㄙㄨˊ
崇德報功,1,ㄔㄨㄥˊ ㄉㄜˊ ㄅㄠˋ ㄍㄨㄥ
崇文總目,1,ㄔㄨㄥˊ ㄨㄣˊ ㄗㄨㄥˇ ㄇㄨˋ
崇正黜邪,1,ㄔㄨㄥˊ ㄓㄥˋ ㄔㄨˋ ㄒㄧㄝˊ
崇節尚儉,1,ㄔㄨㄥˊ ㄐㄧㄝˊ ㄕㄤˋ ㄐㄧㄢˇ
崇論宏議,1,ㄔㄨㄥˊ ㄌㄨㄣˋ ㄏㄨㄥˊ ㄧˋ
崇論閎議,1,ㄔㄨㄥˊ ㄌㄨㄣˋ ㄏㄨㄥˊ ㄧˋ
崎嶇鳥道,1,ㄑㄧˊ ㄑㄩ ㄋㄧㄠˇ ㄉㄠˋ
崑山片玉,1,ㄎㄨㄣ ㄕㄢ ㄆㄧㄢˋ ㄩˋ
崑崙奴傳,1,ㄎㄨㄣ ㄌㄨㄣˊ ㄋㄨˊ ㄓㄨㄢˋ
崔烈銅臭,1,ㄘㄨㄟ ㄌㄧㄝˋ ㄊㄨㄥˊ ㄒㄧㄡˋ
崖岸自高,1,ㄧㄞˊ ㄢˋ ㄗˋ ㄍㄠ
崢嶸歲月,1,ㄓㄥ ㄖㄨㄥˊ ㄙㄨㄟˋ ㄩㄝˋ
崧生嶽降,1,ㄙㄨㄥ ㄕㄥ ㄩㄝˋ ㄐㄧㄤˋ
崩城之哭,1,ㄅㄥ ㄔㄥˊ ㄓ ㄎㄨ
崩解作用,1,ㄅㄥ ㄐㄧㄝˇ ㄗㄨㄛˋ ㄩㄥˋ
嵊泗列島,1,ㄕㄥˋ ㄙˋ ㄌㄧㄝˋ ㄉㄠˇ
嵌版構造,1,ㄑㄧㄢ ㄅㄢˇ ㄍㄡˋ ㄗㄠˋ
嵐翠鮮明,1,ㄌㄢˊ ㄘㄨㄟˋ ㄒㄧㄢ ㄇㄧㄥˊ
嵩山三闕,1,ㄙㄨㄥ ㄕㄢ ㄙㄢ ㄑㄩㄝˋ
嵩嶽降神,1,ㄙㄨㄥ ㄩㄝˋ ㄐㄧㄤˋ ㄕㄣˊ
嵩陽書院,1,ㄙㄨㄥ ㄧㄤˊ ㄕㄨ ㄩㄢˋ
嵬然不動,1,ㄨㄟˊ ㄖㄢˊ ㄅㄨˋ ㄉㄨㄥˋ
嶄露鋒芒,1,ㄓㄢˇ ㄌㄨˋ ㄈㄥ ㄇㄤˊ
嶔崎歷落,1,ㄑㄧㄣ ㄑㄧˊ ㄌㄧˋ ㄌㄨㄛˋ
嶔崎磊落,1,ㄑㄧㄣ ㄑㄧˊ ㄌㄟˇ ㄌㄨㄛˋ
嶢嶢易缺,1,ㄧㄠˊ ㄧㄠˊ ㄧˋ ㄑㄩㄝ
嶧山刻石,1,ㄧˋ ㄕㄢ ㄎㄜˋ ㄕˊ
嶺南畫派,1,ㄌㄧㄥˇ ㄋㄢˊ ㄏㄨㄚˋ ㄆㄞˋ
嶽峙淵渟,1,ㄩㄝˋ ㄓˋ ㄩㄢ ㄊㄧㄥˊ
嶽麓書院,1,ㄩㄝˋ ㄌㄨˋ ㄕㄨ ㄩㄢˋ
巋然獨存,1,ㄎㄨㄟ ㄖㄢˊ ㄉㄨˊ ㄘㄨㄣˊ
巍巍蕩蕩,1,ㄨㄟˊ ㄨㄟˊ ㄉㄤˋ ㄉㄤˋ
巍然屹立,1,ㄨㄟˊ ㄖㄢˊ ㄧˋ ㄌㄧˋ
巒兄巒弟,1,ㄌㄨㄢˊ ㄒㄩㄥ ㄌㄨㄢˊ ㄉㄧˋ
巔峰負載,1,ㄉㄧㄢ ㄈㄥ ㄈㄨˋ ㄗㄞˋ
巔崖峻谷,1,ㄉㄧㄢ ㄧㄞˊ ㄐㄩㄣˋ ㄍㄨˇ
巖居谷飲,1,ㄧㄢˊ ㄐㄩ ㄍㄨˇ ㄧㄣˇ
巖牆之下,1,ㄧㄢˊ ㄑㄧㄤˊ ㄓ ㄒㄧㄚˋ
巖穴之士,1,ㄧㄢˊ ㄒㄩㄝˋ ㄓ ㄕˋ
川渟嶽峙,1,ㄔㄨㄢ ㄊㄧㄥˊ ㄩㄝˋ ㄓˋ
川澤納汙,1,ㄔㄨㄢ ㄗㄜˊ ㄋㄚˋ ㄨ
川端康成,1,ㄔㄨㄢ ㄉㄨㄢ ㄎㄤ ㄔㄥˊ
巡迴公演,1,ㄒㄩㄣˊ ㄏㄨㄟˊ ㄍㄨㄥ ㄧㄢˇ
巡迴劇團,1,ㄒㄩㄣˊ ㄏㄨㄟˊ ㄐㄩˋ ㄊㄨㄢˊ
巡迴大使,1,ㄒㄩㄣˊ ㄏㄨㄟˊ ㄉㄚˋ ㄕˇ
巡迴學校,1,ㄒㄩㄣˊ ㄏㄨㄟˊ ㄒㄩㄝˊ ㄒㄧㄠˋ
巡迴審判,1,ㄒㄩㄣˊ ㄏㄨㄟˊ ㄕㄣˇ ㄆㄢˋ
巢傾卵破,1,ㄔㄠˊ ㄑㄧㄥ ㄌㄨㄢˇ ㄆㄛˋ
巢居穴處,1,ㄔㄠˊ ㄐㄩ ㄒㄩㄝˋ ㄔㄨˇ
巢木居野,1,ㄔㄠˊ ㄇㄨˋ ㄐㄩ ㄧㄝˇ
工作倫理,1,ㄍㄨㄥ ㄗㄨㄛˋ ㄌㄨㄣˊ ㄌㄧˇ
工作分析,1,ㄍㄨㄥ ㄗㄨㄛˋ ㄈㄣ ㄒㄧ
工作午餐,1,ㄍㄨㄥ ㄗㄨㄛˋ ㄨˇ ㄘㄢ
工作契約,1,ㄍㄨㄥ ㄗㄨㄛˋ ㄑㄧˋ ㄩㄝ
工作抽查,1,ㄍㄨㄥ ㄗㄨㄛˋ ㄔㄡ ㄔㄚˊ
工作抽樣,1,ㄍㄨㄥ ㄗㄨㄛˋ ㄔㄡ ㄧㄤˋ
工作方案,1,ㄍㄨㄥ ㄗㄨㄛˋ ㄈㄤ ㄢˋ
工作條件,1,ㄍㄨㄥ ㄗㄨㄛˋ ㄊㄧㄠˊ ㄐㄧㄢˋ
工作母機,1,ㄍㄨㄥ ㄗㄨㄛˋ ㄇㄨˇ ㄐㄧ
工作目標,1,ㄍㄨㄥ ㄗㄨㄛˋ ㄇㄨˋ ㄅㄧㄠ
工作簡化,1,ㄍㄨㄥ ㄗㄨㄛˋ ㄐㄧㄢˇ ㄏㄨㄚˋ
工作經驗,1,ㄍㄨㄥ ㄗㄨㄛˋ ㄐㄧㄥ ㄧㄢˋ
工具工程,1,ㄍㄨㄥ ㄐㄩˋ ㄍㄨㄥ ㄔㄥˊ
工力悉敵,1,ㄍㄨㄥ ㄌㄧˋ ㄒㄧ ㄉㄧˊ
工商階級,1,ㄍㄨㄥ ㄕㄤ ㄐㄧㄝ ㄐㄧˊ
工商黃頁,1,ㄍㄨㄥ ㄕㄤ ㄏㄨㄤˊ ㄧㄝˋ
工場動員,1,ㄍㄨㄥ ㄔㄤˊ ㄉㄨㄥˋ ㄩㄢˊ
工廠工業,1,ㄍㄨㄥ ㄔㄤˇ ㄍㄨㄥ ㄧㄝˋ
工廠布置,1,ㄍㄨㄥ ㄔㄤˇ ㄅㄨˋ ㄓˋ
工廠衛生,1,ㄍㄨㄥ ㄔㄤˇ ㄨㄟˋ ㄕㄥ
工本飯米,1,ㄍㄨㄥ ㄅㄣˇ ㄈㄢˋ ㄇㄧˇ
工業中毒,1,ㄍㄨㄥ ㄧㄝˋ ㄓㄨㄥˋ ㄉㄨˊ
工業分類,1,ㄍㄨㄥ ㄧㄝˋ ㄈㄣ ㄌㄟˋ
工業動員,1,ㄍㄨㄥ ㄧㄝˋ ㄉㄨㄥˋ ㄩㄢˊ
工業區位,1,ㄍㄨㄥ ㄧㄝˋ ㄑㄩ ㄨㄟˋ
工業團體,1,ㄍㄨㄥ ㄧㄝˋ ㄊㄨㄢˊ ㄊㄧˇ
工業工程,1,ㄍㄨㄥ ㄧㄝˋ ㄍㄨㄥ ㄔㄥˊ
工業廢汙,1,ㄍㄨㄥ ㄧㄝˋ ㄈㄟˋ ㄨ
工業服務,1,ㄍㄨㄥ ㄧㄝˋ ㄈㄨˊ ㄨˋ
工業活動,1,ㄍㄨㄥ ㄧㄝˋ ㄏㄨㄛˊ ㄉㄨㄥˋ
工業用圖,1,ㄍㄨㄥ ㄧㄝˋ ㄩㄥˋ ㄊㄨˊ
工業用水,1,ㄍㄨㄥ ㄧㄝˋ ㄩㄥˋ ㄕㄨㄟˇ
工業經濟,1,ㄍㄨㄥ ㄧㄝˋ ㄐㄧㄥ ㄐㄧˋ
工業連鎖,1,ㄍㄨㄥ ㄧㄝˋ ㄌㄧㄢˊ ㄙㄨㄛˇ
工礦檢查,1,ㄍㄨㄥ ㄎㄨㄤˋ ㄐㄧㄢˇ ㄔㄚˊ
工礦炸藥,1,ㄍㄨㄥ ㄎㄨㄤˋ ㄓㄚˋ ㄧㄠˋ
工程分析,1,ㄍㄨㄥ ㄔㄥˊ ㄈㄣ ㄒㄧ
工程力學,1,ㄍㄨㄥ ㄔㄥˊ ㄌㄧˋ ㄒㄩㄝˊ
工程塑膠,1,ㄍㄨㄥ ㄔㄥˊ ㄙㄨˋ ㄐㄧㄠ
工程測量,1,ㄍㄨㄥ ㄔㄥˊ ㄘㄜˋ ㄌㄧㄤˊ
工程進度,1,ㄍㄨㄥ ㄔㄥˊ ㄐㄧㄣˋ ㄉㄨˋ
工藝教育,1,ㄍㄨㄥ ㄧˋ ㄐㄧㄠˋ ㄩˋ
工藝雜流,1,ㄍㄨㄥ ㄧˋ ㄗㄚˊ ㄌㄧㄡˊ
左來右去,1,ㄗㄨㄛˇ ㄌㄞˊ ㄧㄡˋ ㄑㄩˋ
左券在握,1,ㄗㄨㄛˇ ㄑㄩㄢˋ ㄗㄞˋ ㄨㄛˋ
左右前後,1,ㄗㄨㄛˇ ㄧㄡˋ ㄑㄧㄢˊ ㄏㄡˋ
左右夾攻,1,ㄗㄨㄛˇ ㄧㄡˋ ㄐㄧㄚˊ ㄍㄨㄥ
左右支絀,1,ㄗㄨㄛˇ ㄧㄡˋ ㄓ ㄔㄨˋ
左圖右史,1,ㄗㄨㄛˇ ㄊㄨˊ ㄧㄡˋ ㄕˇ
左宜右有,1,ㄗㄨㄛˇ ㄧˊ ㄧㄡˋ ㄧㄡˇ
左挈右提,1,ㄗㄨㄛˇ ㄑㄧㄝˋ ㄧㄡˋ ㄊㄧˊ
左提右挈,1,ㄗㄨㄛˇ ㄊㄧˊ ㄧㄡˋ ㄑㄧㄝˋ
左支右吾,1,ㄗㄨㄛˇ ㄓ ㄧㄡˋ ㄨˊ
左縈右拂,1,ㄗㄨㄛˇ ㄧㄥˊ ㄧㄡˋ ㄈㄨˊ
左衝右突,1,ㄗㄨㄛˇ ㄔㄨㄥ ㄧㄡˋ ㄊㄨˊ
左輔右弼,1,ㄗㄨㄛˇ ㄈㄨˇ ㄧㄡˋ ㄅㄧˋ
左道旁門,1,ㄗㄨㄛˇ ㄉㄠˋ ㄆㄤˊ ㄇㄣˊ
左遮右攩,1,ㄗㄨㄛˇ ㄓㄜ ㄧㄡˋ ㄉㄤˇ
巧不可階,1,ㄑㄧㄠˇ ㄅㄨˋ ㄎㄜˇ ㄐㄧㄝ
巧偷豪奪,1,ㄑㄧㄠˇ ㄊㄡ ㄏㄠˊ ㄉㄨㄛˊ
巧同造化,1,ㄑㄧㄠˇ ㄊㄨㄥˊ ㄗㄠˋ ㄏㄨㄚˋ
巧發奇中,1,ㄑㄧㄠˇ ㄈㄚ ㄑㄧˊ ㄓㄨㄥˋ
巧笑倩兮,1,ㄑㄧㄠˇ ㄒㄧㄠˋ ㄑㄧㄢˋ ㄒㄧ
巧若生成,1,ㄑㄧㄠˇ ㄖㄨㄛˋ ㄕㄥ ㄔㄥˊ
巧言利口,1,ㄑㄧㄠˇ ㄧㄢˊ ㄌㄧˋ ㄎㄡˇ
巧言善色,1,ㄑㄧㄠˇ ㄧㄢˊ ㄕㄢˋ ㄙㄜˋ
巧言如流,1,ㄑㄧㄠˇ ㄧㄢˊ ㄖㄨˊ ㄌㄧㄡˊ
巧言舌辯,1,ㄑㄧㄠˇ ㄧㄢˊ ㄕㄜˊ ㄅㄧㄢˋ
巧語花言,1,ㄑㄧㄠˇ ㄩˇ ㄏㄨㄚ ㄧㄢˊ
巨大無比,1,ㄐㄩˋ ㄉㄚˋ ㄨˊ ㄅㄧˇ
巨棒外交,1,ㄐㄩˋ ㄅㄤˋ ㄨㄞˋ ㄐㄧㄠ
巨石文化,1,ㄐㄩˋ ㄕˊ ㄨㄣˊ ㄏㄨㄚˋ
巫山之夢,1,ㄨ ㄕㄢ ㄓ ㄇㄥˋ
巫山之會,1,ㄨ ㄕㄢ ㄓ ㄏㄨㄟˋ
巫山洛浦,1,ㄨ ㄕㄢ ㄌㄨㄛˋ ㄆㄨˇ
巫山雲雨,1,ㄨ ㄕㄢ ㄩㄣˊ ㄩˇ
巫蠱之獄,1,ㄨ ㄍㄨˇ ㄓ ㄩˋ
差三錯四,1,ㄔㄚ ㄙㄢ ㄘㄨㄛˋ ㄙˋ
差不上下,1,ㄔㄚˋ ㄅㄨˋ ㄕㄤˋ ㄒㄧㄚˋ
差動滑車,1,ㄔㄚ ㄉㄨㄥˋ ㄏㄨㄚˊ ㄔㄜ
差速齒輪,1,ㄔㄚ ㄙㄨˋ ㄔˇ ㄌㄨㄣˊ
差額選舉,1,ㄔㄚ ㄜˊ ㄒㄩㄢˇ ㄐㄩˇ
已而不登,1,ㄧˇ ㄦˊ ㄅㄨˋ ㄉㄥ
巴三覽四,1,ㄅㄚ ㄙㄢ ㄌㄢˇ ㄙˋ
巴丹半島,1,ㄅㄚ ㄉㄢ ㄅㄢˋ ㄉㄠˇ
巴人下里,1,ㄅㄚ ㄖㄣˊ ㄒㄧㄚˋ ㄌㄧˇ
巴什吉爾,1,ㄅㄚ ㄕˊ ㄐㄧˊ ㄦˇ
巴伐利亞,1,ㄅㄚ ㄈㄚˊ ㄌㄧˋ ㄧㄚˋ
巴倫支海,1,ㄅㄚ ㄌㄨㄣˊ ㄓ ㄏㄞˇ
巴前算後,1,ㄅㄚ ㄑㄧㄢˊ ㄙㄨㄢˋ ㄏㄡˋ
巴力斯坦,1,ㄅㄚ ㄌㄧˋ ㄙ ㄊㄢˇ
巴南牆望,1,ㄅㄚ ㄋㄢˊ ㄑㄧㄤˊ ㄨㄤˋ
巴噠著嘴,1,ㄅㄚ ㄉㄚˊ ㄓㄜ˙ ㄗㄨㄟˇ
巴夫洛夫,1,ㄅㄚ ㄈㄨ ㄌㄨㄛˋ ㄈㄨ
巴家做活,1,ㄅㄚ ㄐㄧㄚ ㄗㄨㄛˋ ㄏㄨㄛˊ
巴寡婦清,1,ㄅㄚ ㄍㄨㄚˇ ㄈㄨˋ ㄑㄧㄥ
巴嶺山脈,1,ㄅㄚ ㄌㄧㄥˇ ㄕㄢ ㄇㄞˋ
巴巴劫劫,1,ㄅㄚ ㄅㄚ˙ ㄐㄧㄝ˙ ㄐㄧㄝ˙
巴巴急急,1,ㄅㄚ ㄅㄚ˙ ㄐㄧ˙ ㄐㄧ˙
巴巴結結,1,ㄅㄚ ㄅㄚ˙ ㄐㄧㄝ˙ ㄐㄧㄝ˙
巴拿馬市,1,ㄅㄚ ㄋㄚˊ ㄇㄚˇ ㄕˋ
巴斯克人,1,ㄅㄚ ㄙ ㄎㄜˋ ㄖㄣˊ
巴氏反射,1,ㄅㄚ ㄕˋ ㄈㄢˇ ㄕㄜˋ
巴氏桿菌,1,ㄅㄚ ㄕˋ ㄍㄢˇ ㄐㄩㄣˋ
巴爾札克,1,ㄅㄚ ㄦˇ ㄓㄚˊ ㄎㄜˋ
巴爾的摩,1,ㄅㄚ ㄦˇ ㄉㄧˋ ㄇㄛˊ
巴爾陶克,1,ㄅㄚ ㄦˇ ㄊㄠˊ ㄎㄜˋ
巴蛇吞象,1,ㄅㄚ ㄕㄜˊ ㄊㄨㄣ ㄒㄧㄤˋ
巴蛇食象,1,ㄅㄚ ㄕㄜˊ ㄕˊ ㄒㄧㄤˋ
巴西利亞,1,ㄅㄚ ㄒㄧ ㄌㄧˋ ㄧㄚˋ
巴西高原,1,ㄅㄚ ㄒㄧ ㄍㄠ ㄩㄢˊ
巴頭探腦,1,ㄅㄚ ㄊㄡˊ ㄊㄢˋ ㄋㄠˇ
巴高望上,1,ㄅㄚ ㄍㄠ ㄨㄤˋ ㄕㄤˋ
巴黎和約,1,ㄅㄚ ㄌㄧˊ ㄏㄜˊ ㄩㄝ
巴黎畫派,1,ㄅㄚ ㄌㄧˊ ㄏㄨㄚˋ ㄆㄞˋ
巷尾街頭,1,ㄒㄧㄤˋ ㄨㄟˇ ㄐㄧㄝ ㄊㄡˊ
巷議街談,1,ㄒㄧㄤˋ ㄧˋ ㄐㄧㄝ ㄊㄢˊ
巷議街譚,1,ㄒㄧㄤˋ ㄧˋ ㄐㄧㄝ ㄊㄢˊ
巽他海峽,1,ㄒㄩㄣˋ ㄊㄚ ㄏㄞˇ ㄒㄧㄚˊ
巽他群島,1,ㄒㄩㄣˋ ㄊㄚ ㄑㄩㄣˊ ㄉㄠˇ
巾幗鬚眉,1,ㄐㄧㄣ ㄍㄨㄛˊ ㄒㄩ ㄇㄟˊ
巾袖無光,1,ㄐㄧㄣ ㄒㄧㄡˋ ㄨˊ ㄍㄨㄤ
市不二價,1,ㄕˋ ㄅㄨˋ ㄦˋ ㄐㄧㄚˋ
市不豫價,1,ㄕˋ ㄅㄨˋ ㄩˋ ㄐㄧㄚˋ
市井之人,1,ㄕˋ ㄐㄧㄥˇ ㄓ ㄖㄣˊ
市井之徒,1,ㄕˋ ㄐㄧㄥˇ ㄓ ㄊㄨˊ
市井之臣,1,ㄕˋ ㄐㄧㄥˇ ㄓ ㄔㄣˊ
市井小人,1,ㄕˋ ㄐㄧㄥˇ ㄒㄧㄠˇ ㄖㄣˊ
市地重劃,1,ㄕˋ ㄉㄧˋ ㄔㄨㄥˊ ㄏㄨㄚˋ
市場區隔,1,ㄕˋ ㄔㄤˊ ㄑㄩ ㄍㄜˊ
市場深化,1,ㄕˋ ㄔㄤˊ ㄕㄣ ㄏㄨㄚˋ
市民農園,1,ㄕˋ ㄇㄧㄣˊ ㄋㄨㄥˊ ㄩㄢˊ
市無二價,1,ㄕˋ ㄨˊ ㄦˋ ㄐㄧㄚˋ
布倫托海,1,ㄅㄨˋ ㄌㄨㄣˊ ㄊㄨㄛ ㄏㄞˇ
布利斯班,1,ㄅㄨˋ ㄌㄧˋ ㄙ ㄅㄢ
布勒斯特,1,ㄅㄨˋ ㄌㄜˋ ㄙ ㄊㄜˋ
布匿戰爭,1,ㄅㄨˋ ㄋㄧˋ ㄓㄢˋ ㄓㄥ
布帆無恙,1,ㄅㄨˋ ㄈㄢˊ ㄨˊ ㄧㄤˋ
布帛菽粟,1,ㄅㄨˋ ㄅㄛˊ ㄕㄨˊ ㄙㄨˋ
布德施仁,1,ㄅㄨˋ ㄉㄜˊ ㄕ ㄖㄣˊ
布德施惠,1,ㄅㄨˋ ㄉㄜˊ ㄕ ㄏㄨㄟˋ
布拉姆斯,1,ㄅㄨˋ ㄌㄚ ㄇㄨˇ ㄙ
布拉曼德,1,ㄅㄨˋ ㄌㄚ ㄇㄢˋ ㄉㄜˊ
布林代數,1,ㄅㄨˋ ㄌㄧㄣˊ ㄉㄞˋ ㄕㄨˋ
布氏桿菌,1,ㄅㄨˋ ㄕˋ ㄍㄢˇ ㄐㄩㄣˋ
布爾哥尼,1,ㄅㄨˋ ㄦˇ ㄍㄜ ㄋㄧˊ
布爾喬亞,1,ㄅㄨˋ ㄦˇ ㄑㄧㄠˊ ㄧㄚˋ
布立吞族,1,ㄅㄨˋ ㄌㄧˋ ㄊㄨㄣ ㄗㄨˊ
布草衣服,1,ㄅㄨˋ ㄘㄠˇ ㄧ ㄈㄨˊ
布萊恩特,1,ㄅㄨˋ ㄌㄞˊ ㄣ ㄊㄜˋ
布蘭枯秀,1,ㄅㄨˋ ㄌㄢˊ ㄎㄨ ㄒㄧㄡˋ
布衣之怒,1,ㄅㄨˋ ㄧ ㄓ ㄋㄨˋ
布衣小民,1,ㄅㄨˋ ㄧ ㄒㄧㄠˇ ㄇㄧㄣˊ
布衣糲食,1,ㄅㄨˋ ㄧ ㄌㄧˋ ㄕˊ
布衣葦帶,1,ㄅㄨˋ ㄧ ㄨㄟˇ ㄉㄞˋ
布衣蔬食,1,ㄅㄨˋ ㄧ ㄕㄨ ㄕˊ
布衣韋帶,1,ㄅㄨˋ ㄧ ㄨㄟˊ ㄉㄞˋ
布衣黔首,1,ㄅㄨˋ ㄧ ㄑㄧㄢˊ ㄕㄡˇ
布袋和尚,1,ㄅㄨˋ ㄉㄞˋ ㄏㄜˊ ㄕㄤˋ
布被十年,1,ㄅㄨˋ ㄅㄟˋ ㄕˊ ㄋㄧㄢˊ
布裙荊釵,1,ㄅㄨˋ ㄑㄩㄣˊ ㄐㄧㄥ ㄔㄞ
布襪青鞋,1,ㄅㄨˋ ㄨㄚˋ ㄑㄧㄥ ㄒㄧㄝˊ
布達拉寺,1,ㄅㄨˋ ㄉㄚˊ ㄌㄚ ㄙˋ
布里亞族,1,ㄅㄨˋ ㄌㄧˇ ㄧㄚˋ ㄗㄨˊ
布里斯托,1,ㄅㄨˋ ㄌㄧˇ ㄙ ㄊㄨㄛ
布雷克磨,1,ㄅㄨˋ ㄌㄟˊ ㄎㄜˋ ㄇㄛˊ
布雷爾港,1,ㄅㄨˋ ㄌㄟˊ ㄦˇ ㄍㄤˇ
布面相片,1,ㄅㄨˋ ㄇㄧㄢˋ ㄒㄧㄤˋ ㄆㄧㄢ
布魯克斯,1,ㄅㄨˋ ㄌㄨˇ ㄎㄜˋ ㄙ
布魯克林,1,ㄅㄨˋ ㄌㄨˇ ㄎㄜˋ ㄌㄧㄣˊ
布魯克納,1,ㄅㄨˋ ㄌㄨˇ ㄎㄜˋ ㄋㄚˋ
布魯塞爾,1,ㄅㄨˋ ㄌㄨˇ ㄙㄜˋ ㄦˇ
布魯氏菌,1,ㄅㄨˋ ㄌㄨˇ ㄕˋ ㄐㄩㄣˋ
布鼓雷門,1,ㄅㄨˋ ㄍㄨˇ ㄌㄟˊ ㄇㄣˊ
希世之寶,1,ㄒㄧ ㄕˋ ㄓ ㄅㄠˇ
希世之珍,1,ㄒㄧ ㄕˋ ㄓ ㄓㄣ
希伯來書,1,ㄒㄧ ㄅㄛˊ ㄌㄞˊ ㄕㄨ
希力奧斯,1,ㄒㄧ ㄌㄧˋ ㄠˋ ㄙ
希區考克,1,ㄒㄧ ㄑㄩ ㄎㄠˇ ㄎㄜˋ
希斯亞德,1,ㄒㄧ ㄙ ㄧㄚˋ ㄉㄜˊ
希望小學,1,ㄒㄧ ㄨㄤˋ ㄒㄧㄠˇ ㄒㄩㄝˊ
希羅多德,1,ㄒㄧ ㄌㄨㄛˊ ㄉㄨㄛ ㄉㄜˊ
希臘哲學,1,ㄒㄧ ㄌㄚˋ ㄓㄜˊ ㄒㄩㄝˊ
希臘建築,1,ㄒㄧ ㄌㄚˋ ㄐㄧㄢˋ ㄓㄨˊ
希臘戲劇,1,ㄒㄧ ㄌㄚˋ ㄒㄧˋ ㄐㄩˋ
希臘教會,1,ㄒㄧ ㄌㄚˋ ㄐㄧㄠˋ ㄏㄨㄟˋ
希臘正教,1,ㄒㄧ ㄌㄚˋ ㄓㄥˋ ㄐㄧㄠˋ
希臘神話,1,ㄒㄧ ㄌㄚˋ ㄕㄣˊ ㄏㄨㄚˋ
希臘群島,1,ㄒㄧ ㄌㄚˋ ㄑㄩㄣˊ ㄉㄠˇ
帕耳美拉,1,ㄆㄚˋ ㄦˇ ㄇㄟˇ ㄌㄚ
帝王之道,1,ㄉㄧˋ ㄨㄤˊ ㄓ ㄉㄠˋ
帝王政治,1,ㄉㄧˋ ㄨㄤˊ ㄓㄥˋ ㄓˋ
帝王條款,1,ㄉㄧˋ ㄨㄤˊ ㄊㄧㄠˊ ㄎㄨㄢˇ
師出有名,1,ㄕ ㄔㄨ ㄧㄡˇ ㄇㄧㄥˊ
師嚴道尊,1,ㄕ ㄧㄢˊ ㄉㄠˋ ㄗㄨㄣ
師心自是,1,ㄕ ㄒㄧㄣ ㄗˋ ㄕˋ
師直為壯,1,ㄕ ㄓˊ ㄨㄟˊ ㄓㄨㄤˋ
師老兵疲,1,ㄕ ㄌㄠˇ ㄅㄧㄥ ㄆㄧˊ
師道尊嚴,1,ㄕ ㄉㄠˋ ㄗㄨㄣ ㄧㄢˊ
席上之珍,1,ㄒㄧˊ ㄕㄤˋ ㄓ ㄓㄣ
席卷天下,1,ㄒㄧˊ ㄐㄩㄢˇ ㄊㄧㄢ ㄒㄧㄚˋ
席地幕天,1,ㄒㄧˊ ㄉㄧˋ ㄇㄨˋ ㄊㄧㄢ
席特拉灣,1,ㄒㄧˊ ㄊㄜˋ ㄌㄚ ㄨㄢ
席珍待聘,1,ㄒㄧˊ ㄓㄣ ㄉㄞˋ ㄆㄧㄣˋ
席間函丈,1,ㄒㄧˊ ㄐㄧㄢ ㄏㄢˊ ㄓㄤˋ
帶上一筆,1,ㄉㄞˋ ㄕㄤˋ ㄧ ㄅㄧˇ
帶俸差操,1,ㄉㄞˋ ㄈㄥˋ ㄔㄞ ㄘㄠ
帶厲山河,1,ㄉㄞˋ ㄌㄧˋ ㄕㄢ ㄏㄜˊ
帶唱帶演,1,ㄉㄞˋ ㄔㄤˋ ㄉㄞˋ ㄧㄢˇ
帶月披星,1,ㄉㄞˋ ㄩㄝˋ ㄆㄧ ㄒㄧㄥ
帶水帶漿,1,ㄉㄞˋ ㄕㄨㄟˇ ㄉㄞˋ ㄐㄧㄤ
帶水拖泥,1,ㄉㄞˋ ㄕㄨㄟˇ ㄊㄨㄛ ㄋㄧˊ
帶河厲山,1,ㄉㄞˋ ㄏㄜˊ ㄌㄧˋ ㄕㄢ
帶牌走馬,1,ㄉㄞˋ ㄆㄞˊ ㄗㄡˇ ㄇㄚˇ
帶牛佩犢,1,ㄉㄞˋ ㄋㄧㄡˊ ㄆㄟˋ ㄉㄨˊ
帶狀疱疹,1,ㄉㄞˋ ㄓㄨㄤˋ ㄆㄠˋ ㄓㄣˇ
帶球撞人,1,ㄉㄞˋ ㄑㄧㄡˊ ㄓㄨㄤˋ ㄖㄣˊ
帶甲之勞,1,ㄉㄞˋ ㄐㄧㄚˇ ㄓ ㄌㄠˊ
帶眼安眉,1,ㄉㄞˋ ㄧㄢˇ ㄢ ㄇㄟˊ
帶礪山河,1,ㄉㄞˋ ㄌㄧˋ ㄕㄢ ㄏㄜˊ
帶礪河山,1,ㄉㄞˋ ㄌㄧˋ ㄏㄜˊ ㄕㄢ
帶罪徵收,1,ㄉㄞˋ ㄗㄨㄟˋ ㄓㄥ ㄕㄡ
帶罪立功,1,ㄉㄞˋ ㄗㄨㄟˋ ㄌㄧˋ ㄍㄨㄥ
帶膆貂掛,1,ㄉㄞˋ ㄙㄨˋ ㄉㄧㄠ ㄍㄨㄚˋ
帶草連真,1,ㄉㄞˋ ㄘㄠˇ ㄌㄧㄢˊ ㄓㄣ
帶金佩紫,1,ㄉㄞˋ ㄐㄧㄣ ㄆㄟˋ ㄗˇ
帷蓋不棄,1,ㄨㄟˊ ㄍㄞˋ ㄅㄨˋ ㄑㄧˋ
帷薄不修,1,ㄨㄟˊ ㄅㄛˊ ㄅㄨˋ ㄒㄧㄡ
常備不懈,1,ㄔㄤˊ ㄅㄟˋ ㄅㄨˋ ㄒㄧㄝˋ
常備兵役,1,ㄔㄤˊ ㄅㄟˋ ㄅㄧㄥ ㄧˋ
常山蛇勢,1,ㄔㄤˊ ㄕㄢ ㄕㄜˊ ㄕˋ
常溫動物,1,ㄔㄤˊ ㄨㄣ ㄉㄨㄥˋ ㄨˋ
常規戰爭,1,ㄔㄤˊ ㄍㄨㄟ ㄓㄢˋ ㄓㄥ
常識哲學,1,ㄔㄤˊ ㄕˋ ㄓㄜˊ ㄒㄩㄝˊ
帽子戲法,1,ㄇㄠˋ ㄗ˙ ㄒㄧˋ ㄈㄚˇ
幕上燕巢,1,ㄇㄨˋ ㄕㄤˋ ㄧㄢˋ ㄔㄠˊ
幕僚機關,1,ㄇㄨˋ ㄌㄧㄠˊ ㄐㄧ ㄍㄨㄢ
幕燕鼎魚,1,ㄇㄨˋ ㄧㄢˋ ㄉㄧㄥˇ ㄩˊ
幣厚言甘,1,ㄅㄧˋ ㄏㄡˋ ㄧㄢˊ ㄍㄢ
幣重言甘,1,ㄅㄧˋ ㄓㄨㄥˋ ㄧㄢˊ ㄍㄢ
幫個場子,1,ㄅㄤ ㄍㄜ˙ ㄔㄤˇ ㄗ˙
幫懶鑽閑,1,ㄅㄤ ㄌㄢˇ ㄗㄨㄢ ㄒㄧㄢˊ
幫狗吃食,1,ㄅㄤ ㄍㄡˇ ㄔ ㄕˊ
幫虎吃食,1,ㄅㄤ ㄏㄨˇ ㄔ ㄕˊ
幫閑鑽懶,1,ㄅㄤ ㄒㄧㄢˊ ㄗㄨㄢ ㄌㄢˇ
干卿底事,1,ㄍㄢ ㄑㄧㄥ ㄉㄧˇ ㄕˋ
干名犯義,1,ㄍㄢ ㄇㄧㄥˊ ㄈㄢˋ ㄧˋ
干名采譽,1,ㄍㄢ ㄇㄧㄥˊ ㄘㄞˇ ㄩˋ
干戈載戢,1,ㄍㄢ ㄍㄜ ㄗㄞˋ ㄐㄧˊ
干雲蔽日,1,ㄍㄢ ㄩㄣˊ ㄅㄧˋ ㄖˋ
平上去入,1,ㄆㄧㄥˊ ㄕㄤˇ ㄑㄩˋ ㄖㄨˋ
平不答的,1,ㄆㄧㄥˊ ㄅㄨˋ ㄉㄚ ㄉㄜ˙
平價住宅,1,ㄆㄧㄥˊ ㄐㄧㄚˋ ㄓㄨˋ ㄓㄞˊ
平分售現,1,ㄆㄧㄥˊ ㄈㄣ ㄕㄡˋ ㄒㄧㄢˋ
平原十日,1,ㄆㄧㄥˊ ㄩㄢˊ ㄕˊ ㄖˋ
平原督郵,1,ㄆㄧㄥˊ ㄩㄢˊ ㄉㄨ ㄧㄡˊ
平和恬淡,1,ㄆㄧㄥˊ ㄏㄜˊ ㄊㄧㄢˊ ㄉㄢˋ
平地山胞,1,ㄆㄧㄥˊ ㄉㄧˋ ㄕㄢ ㄅㄠ
平地松林,1,ㄆㄧㄥˊ ㄉㄧˋ ㄙㄨㄥ ㄌㄧㄣˊ
平地樓臺,1,ㄆㄧㄥˊ ㄉㄧˋ ㄌㄡˊ ㄊㄞˊ
平地波瀾,1,ㄆㄧㄥˊ ㄉㄧˋ ㄅㄛ ㄌㄢˊ
平地青雲,1,ㄆㄧㄥˊ ㄉㄧˋ ㄑㄧㄥ ㄩㄣˊ
平均壽命,1,ㄆㄧㄥˊ ㄐㄩㄣ ㄕㄡˋ ㄇㄧㄥˋ
平均成本,1,ㄆㄧㄥˊ ㄐㄩㄣ ㄔㄥˊ ㄅㄣˇ
平均時差,1,ㄆㄧㄥˊ ㄐㄩㄣ ㄕˊ ㄔㄚ
平均溫度,1,ㄆㄧㄥˊ ㄐㄩㄣ ㄨㄣ ㄉㄨˋ
平均繼承,1,ㄆㄧㄥˊ ㄐㄩㄣ ㄐㄧˋ ㄔㄥˊ
平均股價,1,ㄆㄧㄥˊ ㄐㄩㄣ ㄍㄨˇ ㄐㄧㄚˋ
平均風速,1,ㄆㄧㄥˊ ㄐㄩㄣ ㄈㄥ ㄙㄨˋ
平坦大路,1,ㄆㄧㄥˊ ㄊㄢˇ ㄉㄚˋ ㄌㄨˋ
平坦寬闊,1,ㄆㄧㄥˊ ㄊㄢˇ ㄎㄨㄢ ㄎㄨㄛˋ
平天大帝,1,ㄆㄧㄥˊ ㄊㄧㄢ ㄉㄚˋ ㄉㄧˋ
平安竹報,1,ㄆㄧㄥˊ ㄢ ㄓㄨˊ ㄅㄠˋ
平家物語,1,ㄆㄧㄥˊ ㄐㄧㄚ ㄨˋ ㄩˇ
平山冷燕,1,ㄆㄧㄥˊ ㄕㄢ ㄌㄥˇ ㄧㄢˋ
平常人家,1,ㄆㄧㄥˊ ㄔㄤˊ ㄖㄣˊ ㄐㄧㄚ
平平實實,1,ㄆㄧㄥˊ ㄆㄧㄥˊ ㄕˊ ㄕˊ
平平整整,1,ㄆㄧㄥˊ ㄆㄧㄥˊ ㄓㄥˇ ㄓㄥˇ
平平泛泛,1,ㄆㄧㄥˊ ㄆㄧㄥˊ ㄈㄢˋ ㄈㄢˋ
平平無奇,1,ㄆㄧㄥˊ ㄆㄧㄥˊ ㄨˊ ㄑㄧˊ
平平當當,1,ㄆㄧㄥˊ ㄆㄧㄥˊ ㄉㄤˋ ㄉㄤˋ
平庸之輩,1,ㄆㄧㄥˊ ㄩㄥ ㄓ ㄅㄟˋ
平心易氣,1,ㄆㄧㄥˊ ㄒㄧㄣ ㄧˋ ㄑㄧˋ
平心而談,1,ㄆㄧㄥˊ ㄒㄧㄣ ㄦˊ ㄊㄢˊ
平易謙沖,1,ㄆㄧㄥˊ ㄧˋ ㄑㄧㄢ ㄔㄨㄥ
平易近民,1,ㄆㄧㄥˊ ㄧˋ ㄐㄧㄣˋ ㄇㄧㄣˊ
平民政治,1,ㄆㄧㄥˊ ㄇㄧㄣˊ ㄓㄥˋ ㄓˋ
平民教育,1,ㄆㄧㄥˊ ㄇㄧㄣˊ ㄐㄧㄠˋ ㄩˋ
平沙落雁,1,ㄆㄧㄥˊ ㄕㄚ ㄌㄨㄛˋ ㄧㄢˋ
平流緩進,1,ㄆㄧㄥˊ ㄌㄧㄡˊ ㄏㄨㄢˇ ㄐㄧㄣˋ
平準基金,1,ㄆㄧㄥˊ ㄓㄨㄣˇ ㄐㄧ ㄐㄧㄣ
平漢鐵路,1,ㄆㄧㄥˊ ㄏㄢˋ ㄊㄧㄝˇ ㄌㄨˋ
平畫求長,1,ㄆㄧㄥˊ ㄏㄨㄚˋ ㄑㄧㄡˊ ㄔㄤˊ
平白無事,1,ㄆㄧㄥˊ ㄅㄞˊ ㄨˊ ㄕˋ
平白無端,1,ㄆㄧㄥˊ ㄅㄞˊ ㄨˊ ㄉㄨㄢ
平直康莊,1,ㄆㄧㄥˊ ㄓˊ ㄎㄤ ㄓㄨㄤ
平移斷層,1,ㄆㄧㄥˊ ㄧˊ ㄉㄨㄢˋ ㄘㄥˊ
平章百姓,1,ㄆㄧㄢˊ ㄓㄤ ㄅㄛˊ ㄒㄧㄥˋ
平等百姓,1,ㄆㄧㄥˊ ㄉㄥˇ ㄅㄞˇ ㄒㄧㄥˋ
平臺階段,1,ㄆㄧㄥˊ ㄊㄞˊ ㄐㄧㄝ ㄉㄨㄢˋ
平行官署,1,ㄆㄧㄥˊ ㄒㄧㄥˊ ㄍㄨㄢ ㄕㄨˇ
平行葉脈,1,ㄆㄧㄥˊ ㄒㄧㄥˊ ㄧㄝˋ ㄇㄞˋ
平行表親,1,ㄆㄧㄥˊ ㄒㄧㄥˊ ㄅㄧㄠˇ ㄑㄧㄣ
平行輸入,1,ㄆㄧㄥˊ ㄒㄧㄥˊ ㄕㄨ ㄖㄨˋ
平衡反應,1,ㄆㄧㄥˊ ㄏㄥˊ ㄈㄢˇ ㄧㄥˋ
平鋪直序,1,ㄆㄧㄥˊ ㄆㄨ ㄓˊ ㄒㄩˋ
平陽公主,1,ㄆㄧㄥˊ ㄧㄤˊ ㄍㄨㄥ ㄓㄨˇ
平面媒體,1,ㄆㄧㄥˊ ㄇㄧㄢˋ ㄇㄟˊ ㄊㄧˇ
平面描跡,1,ㄆㄧㄥˊ ㄇㄧㄢˋ ㄇㄧㄠˊ ㄐㄧ
平面曲線,1,ㄆㄧㄥˊ ㄇㄧㄢˋ ㄑㄩ ㄒㄧㄢˋ
平面測量,1,ㄆㄧㄥˊ ㄇㄧㄢˋ ㄘㄜˋ ㄌㄧㄤˊ
平面藝術,1,ㄆㄧㄥˊ ㄇㄧㄢˋ ㄧˋ ㄕㄨˋ
平面雕刻,1,ㄆㄧㄥˊ ㄇㄧㄢˋ ㄉㄧㄠ ㄎㄜˋ
平頭大臉,1,ㄆㄧㄥˊ ㄊㄡˊ ㄉㄚˋ ㄌㄧㄢˇ
平頭奴子,1,ㄆㄧㄥˊ ㄊㄡˊ ㄋㄨˊ ㄗˇ
平頭整臉,1,ㄆㄧㄥˊ ㄊㄡˊ ㄓㄥˇ ㄌㄧㄢˇ
平頭桌席,1,ㄆㄧㄥˊ ㄊㄡˊ ㄓㄨㄛ ㄒㄧˊ
平頭正臉,1,ㄆㄧㄥˊ ㄊㄡˊ ㄓㄥˋ ㄌㄧㄢˇ
平頭甲子,1,ㄆㄧㄥˊ ㄊㄡˊ ㄐㄧㄚˇ ㄗˇ
平風靜浪,1,ㄆㄧㄥˊ ㄈㄥ ㄐㄧㄥˋ ㄌㄤˋ
年不如年,1,ㄋㄧㄢˊ ㄅㄨˋ ㄖㄨˊ ㄋㄧㄢˊ
年少得志,1,ㄋㄧㄢˊ ㄕㄠˋ ㄉㄜˊ ㄓˋ
年少氣盛,1,ㄋㄧㄢˊ ㄕㄠˋ ㄑㄧˋ ㄕㄥˋ
年屆不惑,1,ㄋㄧㄢˊ ㄐㄧㄝˋ ㄅㄨˋ ㄏㄨㄛˋ
年度預算,1,ㄋㄧㄢˊ ㄉㄨˋ ㄩˋ ㄙㄨㄢˋ
年德並高,1,ㄋㄧㄢˊ ㄉㄜˊ ㄅㄧㄥˋ ㄍㄠ
年深月久,1,ㄋㄧㄢˊ ㄕㄣ ㄩㄝˋ ㄐㄧㄡˇ
年深歲改,1,ㄋㄧㄢˊ ㄕㄣ ㄙㄨㄟˋ ㄍㄞˇ
年湮代遠,1,ㄋㄧㄢˊ ㄧㄣ ㄉㄞˋ ㄩㄢˇ
年近古稀,1,ㄋㄧㄢˊ ㄐㄧㄣˋ ㄍㄨˇ ㄒㄧ
年近花甲,1,ㄋㄧㄢˊ ㄐㄧㄣˋ ㄏㄨㄚ ㄐㄧㄚˇ
年逾古稀,1,ㄋㄧㄢˊ ㄩˊ ㄍㄨˇ ㄒㄧ
年金制度,1,ㄋㄧㄢˊ ㄐㄧㄣ ㄓˋ ㄉㄨˋ
并介之人,1,ㄅㄧㄥˋ ㄐㄧㄝˋ ㄓ ㄖㄣˊ
并列關係,1,ㄅㄧㄥˋ ㄌㄧㄝˋ ㄍㄨㄢ ㄒㄧˋ
并州故鄉,1,ㄅㄧㄥ ㄓㄡ ㄍㄨˋ ㄒㄧㄤ
并日而食,1,ㄅㄧㄥˋ ㄖˋ ㄦˊ ㄕˊ
并贓拿敗,1,ㄅㄧㄥˋ ㄗㄤ ㄋㄚˊ ㄅㄞˋ
幸不辱命,1,ㄒㄧㄥˋ ㄅㄨˋ ㄖㄨˋ ㄇㄧㄥˋ
幸為先容,1,ㄒㄧㄥˋ ㄨㄟˊ ㄒㄧㄢ ㄖㄨㄥˊ
幸獲識荊,1,ㄒㄧㄥˋ ㄏㄨㄛˋ ㄕˋ ㄐㄧㄥ
幹家做活,1,ㄍㄢˋ ㄐㄧㄚ ㄗㄨㄛˋ ㄏㄨㄛˊ
幹父之蠱,1,ㄍㄢˋ ㄈㄨˋ ㄓ ㄍㄨˇ
幹的停當,1,ㄍㄢˋ ㄉㄜ˙ ㄊㄧㄥˊ ㄉㄤˋ
幹線公車,1,ㄍㄢˋ ㄒㄧㄢˋ ㄍㄨㄥ ㄔㄜ
幻夢成空,1,ㄏㄨㄢˋ ㄇㄥˋ ㄔㄥˊ ㄎㄨㄥ
幽冥地府,1,ㄧㄡ ㄇㄧㄥˊ ㄉㄧˋ ㄈㄨˇ
幽囚受辱,1,ㄧㄡ ㄑㄧㄡˊ ㄕㄡˋ ㄖㄨˋ
幽明異路,1,ㄧㄡ ㄇㄧㄥˊ ㄧˋ ㄌㄨˋ
幽期密約,1,ㄧㄡ ㄑㄧˊ ㄇㄧˋ ㄩㄝ
幽棲巖谷,1,ㄧㄡ ㄑㄧ ㄧㄢˊ ㄍㄨˇ
幽靈人口,1,ㄧㄡ ㄌㄧㄥˊ ㄖㄣˊ ㄎㄡˇ
幽顯異途,1,ㄧㄡ ㄒㄧㄢˇ ㄧˋ ㄊㄨˊ
幾何圖案,1,ㄐㄧˇ ㄏㄜˊ ㄊㄨˊ ㄢˋ
幾何級數,1,ㄐㄧˇ ㄏㄜˊ ㄐㄧˊ ㄕㄨˋ
幾內亞灣,1,ㄐㄧ ㄋㄟˋ ㄧㄚˋ ㄨㄢ
幾度春風,1,ㄐㄧˇ ㄉㄨˋ ㄔㄨㄣ ㄈㄥ
幾斤幾兩,1,ㄐㄧˇ ㄐㄧㄣ ㄐㄧˇ ㄌㄧㄤˇ
幾次三番,1,ㄐㄧˇ ㄘˋ ㄙㄢ ㄈㄢ
床上功夫,1,ㄔㄨㄤˊ ㄕㄤˋ ㄍㄨㄥ ㄈㄨ
床上安床,1,ㄔㄨㄤˊ ㄕㄤˋ ㄢ ㄔㄨㄤˊ
床上施床,1,ㄔㄨㄤˊ ㄕㄤˋ ㄕ ㄔㄨㄤˊ
床下安床,1,ㄔㄨㄤˊ ㄒㄧㄚˋ ㄢ ㄔㄨㄤˊ
床公床婆,1,ㄔㄨㄤˊ ㄍㄨㄥ ㄔㄨㄤˊ ㄆㄛˊ
床笫之私,1,ㄔㄨㄤˊ ㄗˇ ㄓ ㄙ
床頭金盡,1,ㄔㄨㄤˊ ㄊㄡˊ ㄐㄧㄣ ㄐㄧㄣˋ
底下奏樂,1,ㄉㄧˇ ㄒㄧㄚ˙ ㄗㄡˋ ㄩㄝˋ
底棲生物,1,ㄉㄧˇ ㄑㄧ ㄕㄥ ㄨˋ
底線抽球,1,ㄉㄧˇ ㄒㄧㄢˋ ㄔㄡ ㄑㄧㄡˊ
底腳裡人,1,ㄉㄧˇ ㄐㄧㄠˇ ㄌㄧˇ ㄖㄣˊ
庖丁解牛,1,ㄆㄠˊ ㄉㄧㄥ ㄐㄧㄝˇ ㄋㄧㄡˊ
店面廣告,1,ㄉㄧㄢˋ ㄇㄧㄢˋ ㄍㄨㄤˇ ㄍㄠˋ
庚子之役,1,ㄍㄥ ㄗˇ ㄓ ㄧˋ
庚子拳亂,1,ㄍㄥ ㄗˇ ㄑㄩㄢˊ ㄌㄨㄢˋ
庚癸之呼,1,ㄍㄥ ㄍㄨㄟˇ ㄓ ㄏㄨ
度德量力,1,ㄉㄨㄛˋ ㄉㄜˊ ㄌㄧㄤˋ ㄌㄧˋ
度日如歲,1,ㄉㄨˋ ㄖˋ ㄖㄨˊ ㄙㄨㄟˋ
度長絜大,1,ㄉㄨㄛˋ ㄔㄤˊ ㄒㄧㄝˊ ㄉㄚˋ
座無空席,1,ㄗㄨㄛˋ ㄨˊ ㄎㄨㄥ ㄒㄧˊ
庫穆塔格,1,ㄎㄨˋ ㄇㄨˋ ㄊㄚˇ ㄍㄜˊ
庫里爾臺,1,ㄎㄨˋ ㄌㄧˇ ㄦˇ ㄊㄞˊ
庭園植物,1,ㄊㄧㄥˊ ㄩㄢˊ ㄓˊ ㄨˋ
庭實旅百,1,ㄊㄧㄥˊ ㄕˊ ㄌㄩˇ ㄅㄞˇ
康復醫學,1,ㄎㄤ ㄈㄨˋ ㄧ ㄒㄩㄝˊ
康德主義,1,ㄎㄤ ㄉㄜˊ ㄓㄨˇ ㄧˋ
庸中佼佼,1,ㄩㄥ ㄓㄨㄥ ㄐㄧㄠˇ ㄐㄧㄠˇ
庸碌無能,1,ㄩㄥ ㄌㄨˋ ㄨˊ ㄋㄥˊ
廁身其間,1,ㄘˋ ㄕㄣ ㄑㄧˊ ㄐㄧㄢ
廉頑立懦,1,ㄌㄧㄢˊ ㄨㄢˊ ㄌㄧˋ ㄋㄨㄛˋ
廓爾喀人,1,ㄎㄨㄛˋ ㄦˇ ㄎㄜˋ ㄖㄣˊ
廚川白村,1,ㄔㄨˊ ㄔㄨㄢ ㄅㄞˊ ㄘㄨㄣ
廚頭灶腦,1,ㄔㄨˊ ㄊㄡˊ ㄗㄠˋ ㄋㄠˇ
廝抬廝敬,1,ㄙ ㄊㄞˊ ㄙ ㄐㄧㄥˋ
廝敬廝愛,1,ㄙ ㄐㄧㄥˋ ㄙ ㄞˋ
廢嫡立庶,1,ㄈㄟˋ ㄉㄧˊ ㄌㄧˋ ㄕㄨˋ
廢寢輟食,1,ㄈㄟˋ ㄑㄧㄣˇ ㄔㄨㄛˋ ㄕˊ
廢時失事,1,ㄈㄟˋ ㄕˊ ㄕ ㄕˋ
廢時失業,1,ㄈㄟˋ ㄕˊ ㄕ ㄧㄝˋ
廢書而歎,1,ㄈㄟˋ ㄕㄨ ㄦˊ ㄊㄢˋ
廢然而反,1,ㄈㄟˋ ㄖㄢˊ ㄦˊ ㄈㄢˇ
廢然而返,1,ㄈㄟˋ ㄖㄢˊ ㄦˊ ㄈㄢˇ
廢然長嘆,1,ㄈㄟˋ ㄖㄢˊ ㄔㄤˊ ㄊㄢˋ
廢賢失政,1,ㄈㄟˋ ㄒㄧㄢˊ ㄕ ㄓㄥˋ
廢食忘寢,1,ㄈㄟˋ ㄕˊ ㄨㄤˋ ㄑㄧㄣˇ
廣三鐵路,1,ㄍㄨㄤˇ ㄙㄢ ㄊㄧㄝˇ ㄌㄨˋ
廣九鐵路,1,ㄍㄨㄤˇ ㄐㄧㄡˇ ㄊㄧㄝˇ ㄌㄨˋ
廣受好評,1,ㄍㄨㄤˇ ㄕㄡˋ ㄏㄠˇ ㄆㄧㄥˊ
廣告函件,1,ㄍㄨㄤˇ ㄍㄠˋ ㄏㄢˊ ㄐㄧㄢˋ
廣告媒體,1,ㄍㄨㄤˇ ㄍㄠˋ ㄇㄟˊ ㄊㄧˇ
廣告活動,1,ㄍㄨㄤˇ ㄍㄠˋ ㄏㄨㄛˊ ㄉㄨㄥˋ
廣告節目,1,ㄍㄨㄤˇ ㄍㄠˋ ㄐㄧㄝˊ ㄇㄨˋ
廣告顏料,1,ㄍㄨㄤˇ ㄍㄠˋ ㄧㄢˊ ㄌㄧㄠˋ
廣土眾民,1,ㄍㄨㄤˇ ㄊㄨˇ ㄓㄨㄥˋ ㄇㄧㄣˊ
廣夏細旃,1,ㄍㄨㄤˇ ㄒㄧㄚˋ ㄒㄧˋ ㄓㄢ
廣寒仙子,1,ㄍㄨㄤˇ ㄏㄢˊ ㄒㄧㄢ ㄗˇ
廣州和約,1,ㄍㄨㄤˇ ㄓㄡ ㄏㄜˊ ㄩㄝ
廣州起義,1,ㄍㄨㄤˇ ㄓㄡ ㄑㄧˇ ㄧˋ
廣庭大眾,1,ㄍㄨㄤˇ ㄊㄧㄥˊ ㄉㄚˋ ㄓㄨㄥˋ
廣弘明集,1,ㄍㄨㄤˇ ㄏㄨㄥˊ ㄇㄧㄥˊ ㄐㄧˊ
廣德從橋,1,ㄍㄨㄤˇ ㄉㄜˊ ㄘㄨㄥˊ ㄑㄧㄠˊ
廣捕文書,1,ㄍㄨㄤˇ ㄅㄨˇ ㄨㄣˊ ㄕㄨ
廣播系統,1,ㄍㄨㄤˇ ㄅㄛˋ ㄒㄧˋ ㄊㄨㄥˇ
廣文先生,1,ㄍㄨㄤˇ ㄨㄣˊ ㄒㄧㄢ ㄕㄥ
廣方言館,1,ㄍㄨㄤˇ ㄈㄤ ㄧㄢˊ ㄍㄨㄢˇ
廣東大戲,1,ㄍㄨㄤˇ ㄉㄨㄥ ㄉㄚˋ ㄒㄧˋ
廣東油桐,1,ㄍㄨㄤˇ ㄉㄨㄥ ㄧㄡˊ ㄊㄨㄥˊ
廣東漢劇,1,ㄍㄨㄤˇ ㄉㄨㄥ ㄏㄢˋ ㄐㄩˋ
廣東炒麵,1,ㄍㄨㄤˇ ㄉㄨㄥ ㄔㄠˇ ㄇㄧㄢˋ
廣法大秤,1,ㄍㄨㄤˇ ㄈㄚˇ ㄉㄚˋ ㄔㄥˋ
廣用試紙,1,ㄍㄨㄤˇ ㄩㄥˋ ㄕˋ ㄓˇ
廣眾大庭,1,ㄍㄨㄤˇ ㄓㄨㄥˋ ㄉㄚˋ ㄊㄧㄥˊ
廣緝文書,1,ㄍㄨㄤˇ ㄑㄧˋ ㄨㄣˊ ㄕㄨ
廣群芳譜,1,ㄍㄨㄤˇ ㄑㄩㄣˊ ㄈㄤ ㄆㄨˇ
廣行善事,1,ㄍㄨㄤˇ ㄒㄧㄥˊ ㄕㄢˋ ㄕˋ
廣袖高髻,1,ㄍㄨㄤˇ ㄒㄧㄡˋ ㄍㄠ ㄐㄧˋ
廣覽詩書,1,ㄍㄨㄤˇ ㄌㄢˇ ㄕ ㄕㄨ
廣角鏡頭,1,ㄍㄨㄤˇ ㄐㄧㄠˇ ㄐㄧㄥˋ ㄊㄡˊ
廣開言路,1,ㄍㄨㄤˇ ㄎㄞ ㄧㄢˊ ㄌㄨˋ
廣開門路,1,ㄍㄨㄤˇ ㄎㄞ ㄇㄣˊ ㄌㄨˋ
廣雅疏證,1,ㄍㄨㄤˇ ㄧㄚˇ ㄕㄨ ㄓㄥˋ
廣體客機,1,ㄍㄨㄤˇ ㄊㄧˇ ㄎㄜˋ ㄐㄧ
廩膳生員,1,ㄌㄧㄣˇ ㄕㄢˋ ㄕㄥ ㄩㄢˊ
廩膳秀才,1,ㄌㄧㄣˇ ㄕㄢˋ ㄒㄧㄡˋ ㄘㄞˊ
廬山面目,1,ㄌㄨˊ ㄕㄢ ㄇㄧㄢˋ ㄇㄨˋ
延壽添嗣,1,ㄧㄢˊ ㄕㄡˋ ㄊㄧㄢ ㄙˋ
延長記號,1,ㄧㄢˊ ㄔㄤˊ ㄐㄧˋ ㄏㄠˋ
延陵掛劍,1,ㄧㄢˊ ㄌㄧㄥˊ ㄍㄨㄚˋ ㄐㄧㄢˋ
延頸待刃,1,ㄧㄢˊ ㄐㄧㄥˇ ㄉㄞˋ ㄖㄣˋ
延頸舉踵,1,ㄧㄢˊ ㄐㄧㄥˇ ㄐㄩˇ ㄓㄨㄥˇ
廷爭面折,1,ㄊㄧㄥˊ ㄓㄥ ㄇㄧㄢˋ ㄓㄜˊ
建功立事,1,ㄐㄧㄢˋ ㄍㄨㄥ ㄌㄧˋ ㄕˋ
建功立業,1,ㄐㄧㄢˋ ㄍㄨㄥ ㄌㄧˋ ㄧㄝˋ
建安七子,1,ㄐㄧㄢˋ ㄢ ㄑㄧ ㄗˇ
建安文學,1,ㄐㄧㄢˋ ㄢ ㄨㄣˊ ㄒㄩㄝˊ
建安風骨,1,ㄐㄧㄢˋ ㄢ ㄈㄥ ㄍㄨˇ
建瓴高屋,1,ㄐㄧㄢˋ ㄌㄧㄥˊ ㄍㄠ ㄨ
建築執照,1,ㄐㄧㄢˋ ㄓㄨˊ ㄓˊ ㄓㄠˋ
建築法規,1,ㄐㄧㄢˋ ㄓㄨˊ ㄈㄚˇ ㄍㄨㄟ
建設公債,1,ㄐㄧㄢˋ ㄕㄜˋ ㄍㄨㄥ ㄓㄞˋ
弄兵潢池,1,ㄋㄨㄥˋ ㄅㄧㄥ ㄏㄨㄤˊ ㄔˊ
弄口鳴舌,1,ㄋㄨㄥˋ ㄎㄡˇ ㄇㄧㄥˊ ㄕㄜˊ
弄喧搗鬼,1,ㄋㄨㄥˋ ㄒㄩㄢ ㄉㄠˇ ㄍㄨㄟˇ
弄嘴弄舌,1,ㄋㄨㄥˋ ㄗㄨㄟˇ ㄋㄨㄥˋ ㄕㄜˊ
弄巧反拙,1,ㄋㄨㄥˋ ㄑㄧㄠˇ ㄈㄢˇ ㄓㄨㄛˊ
弄性尚氣,1,ㄋㄨㄥˋ ㄒㄧㄥˋ ㄕㄤˋ ㄑㄧˋ
弄文輕武,1,ㄋㄨㄥˋ ㄨㄣˊ ㄑㄧㄥ ㄨˇ
弄斧班門,1,ㄋㄨㄥˋ ㄈㄨˇ ㄅㄢ ㄇㄣˊ
弄月嘲風,1,ㄋㄨㄥˋ ㄩㄝˋ ㄔㄠˊ ㄈㄥ
弄月摶風,1,ㄋㄨㄥˋ ㄩㄝˋ ㄊㄨㄢˊ ㄈㄥ
弄柳拈花,1,ㄋㄨㄥˋ ㄌㄧㄡˇ ㄋㄧㄢˊ ㄏㄨㄚ
弄狗相咬,1,ㄋㄨㄥˋ ㄍㄡˇ ㄒㄧㄤ ㄧㄠˇ
弄獐宰相,1,ㄋㄨㄥˋ ㄓㄤ ㄗㄞˇ ㄒㄧㄤˋ
弄玉偷香,1,ㄋㄨㄥˋ ㄩˋ ㄊㄡ ㄒㄧㄤ
弄璋之喜,1,ㄋㄨㄥˋ ㄓㄤ ㄓ ㄒㄧˇ
弄璋之慶,1,ㄋㄨㄥˋ ㄓㄤ ㄓ ㄑㄧㄥˋ
弄瓦之喜,1,ㄋㄨㄥˋ ㄨㄚˇ ㄓ ㄒㄧˇ
弄盞傳杯,1,ㄋㄨㄥˋ ㄓㄢˇ ㄔㄨㄢˊ ㄅㄟ
弄粉調朱,1,ㄋㄨㄥˋ ㄈㄣˇ ㄊㄧㄠˊ ㄓㄨ
弄鬼妝么,1,ㄋㄨㄥˋ ㄍㄨㄟˇ ㄓㄨㄤ ㄧㄠ
弄鬼弔猴,1,ㄋㄨㄥˋ ㄍㄨㄟˇ ㄉㄧㄠˋ ㄏㄡˊ
弄鬼搏沙,1,ㄋㄨㄥˋ ㄍㄨㄟˇ ㄅㄛˊ ㄕㄚ
弊帚千金,1,ㄅㄧˋ ㄓㄡˇ ㄑㄧㄢ ㄐㄧㄣ
弊帚自珍,1,ㄅㄧˋ ㄓㄡˇ ㄗˋ ㄓㄣ
弊衣疏食,1,ㄅㄧˋ ㄧ ㄕㄨ ㄕˊ
弊衣簞食,1,ㄅㄧˋ ㄧ ㄉㄢ ㄙˋ
弊車羸馬,1,ㄅㄧˋ ㄔㄜ ㄌㄟˊ ㄇㄚˇ
弊車駑馬,1,ㄅㄧˋ ㄔㄜ ㄋㄨˊ ㄇㄚˇ
弋不射宿,1,ㄧˋ ㄅㄨˋ ㄕˊ ㄙㄨˋ
弋人何篡,1,ㄧˋ ㄖㄣˊ ㄏㄜˊ ㄘㄨㄢˋ
弋者何慕,1,ㄧˋ ㄓㄜˇ ㄏㄜˊ ㄇㄨˋ
弋者何篡,1,ㄧˋ ㄓㄜˇ ㄏㄜˊ ㄘㄨㄢˋ
式叉摩那,1,ㄕˋ ㄔㄚ ㄇㄛˊ ㄋㄚˋ
式叉摩那,1,ㄕˋ ㄔㄚˋ ㄇㄛˊ ㄋㄚˋ
弓不虛發,1,ㄍㄨㄥ ㄅㄨˋ ㄒㄩ ㄈㄚ
弓影杯蛇,1,ㄍㄨㄥ ㄧㄥˇ ㄅㄟ ㄕㄜˊ
弓影浮杯,1,ㄍㄨㄥ ㄧㄥˇ ㄈㄨˊ ㄅㄟ
弓折矢盡,1,ㄍㄨㄥ ㄓㄜˊ ㄕˇ ㄐㄧㄣˋ
弓矛之士,1,ㄍㄨㄥ ㄇㄠˊ ㄓ ㄕˋ
弓腰曲背,1,ㄍㄨㄥ ㄧㄠ ㄑㄩ ㄅㄟˋ
弓調馬服,1,ㄍㄨㄥ ㄊㄧㄠˊ ㄇㄚˇ ㄈㄨˊ
弔古尋幽,1,ㄉㄧㄠˋ ㄍㄨˇ ㄒㄩㄣˊ ㄧㄡ
弔喪問疾,1,ㄉㄧㄠˋ ㄙㄤ ㄨㄣˋ ㄐㄧˊ
弔拷繃扒,1,ㄉㄧㄠˋ ㄎㄠˇ ㄅㄥ ㄅㄚ
弔死問疾,1,ㄉㄧㄠˋ ㄙˇ ㄨㄣˋ ㄐㄧˊ
弔者大悅,1,ㄉㄧㄠˋ ㄓㄜˇ ㄉㄚˋ ㄩㄝˋ
弔腰撒跨,1,ㄉㄧㄠˋ ㄧㄠ ㄙㄚ ㄎㄨㄚˋ
弔詭矜奇,1,ㄉㄧㄠˋ ㄍㄨㄟˇ ㄐㄧㄣ ㄑㄧˊ
弔賀迎送,1,ㄉㄧㄠˋ ㄏㄜˋ ㄧㄥˊ ㄙㄨㄥˋ
引人側目,1,ㄧㄣˇ ㄖㄣˊ ㄘㄜˋ ㄇㄨˋ
引人非議,1,ㄧㄣˇ ㄖㄣˊ ㄈㄟ ㄧˋ
引以為鑑,1,ㄧㄣˇ ㄧˇ ㄨㄟˊ ㄐㄧㄢˋ
引以自豪,1,ㄧㄣˇ ㄧˇ ㄗˋ ㄏㄠˊ
引咎責躬,1,ㄧㄣˇ ㄐㄧㄡˋ ㄗㄜˊ ㄍㄨㄥ
引商刻羽,1,ㄧㄣˇ ㄕㄤ ㄎㄜˋ ㄩˇ
引水入牆,1,ㄧㄣˇ ㄕㄨㄟˇ ㄖㄨˋ ㄑㄧㄤˊ
引火燒身,1,ㄧㄣˇ ㄏㄨㄛˇ ㄕㄠ ㄕㄣ
引狗入寨,1,ㄧㄣˇ ㄍㄡˇ ㄖㄨˋ ㄓㄞˋ
引玉之磚,1,ㄧㄣˇ ㄩˋ ㄓ ㄓㄨㄢ
引發物質,1,ㄧㄣˇ ㄈㄚ ㄨˋ ㄓˊ
引經據古,1,ㄧㄣˇ ㄐㄧㄥ ㄐㄩˋ ㄍㄨˇ
引線穿針,1,ㄧㄣˇ ㄒㄧㄢˋ ㄔㄨㄢ ㄓㄣ
引繩批根,1,ㄧㄣˇ ㄕㄥˊ ㄆㄧ ㄍㄣ
引繩排根,1,ㄧㄣˇ ㄕㄥˊ ㄆㄞˊ ㄍㄣ
引虎自衛,1,ㄧㄣˇ ㄏㄨˇ ㄗˋ ㄨㄟˋ
引錐刺股,1,ㄧㄣˇ ㄓㄨㄟ ㄘˋ ㄍㄨˇ
引領企踵,1,ㄧㄣˇ ㄌㄧㄥˇ ㄑㄧˋ ㄓㄨㄥˇ
引領而望,1,ㄧㄣˇ ㄌㄧㄥˇ ㄦˊ ㄨㄤˋ
引頸受戮,1,ㄧㄣˇ ㄐㄧㄥˇ ㄕㄡˋ ㄌㄨˋ
引頸受死,1,ㄧㄣˇ ㄐㄧㄥˇ ㄕㄡˋ ㄙˇ
引頸翹望,1,ㄧㄣˇ ㄐㄧㄥˇ ㄑㄧㄠˊ ㄨㄤˋ
引類呼朋,1,ㄧㄣˇ ㄌㄟˋ ㄏㄨ ㄆㄥˊ
引鬼上門,1,ㄧㄣˇ ㄍㄨㄟˇ ㄕㄤˋ ㄇㄣˊ
弘正文學,1,ㄏㄨㄥˊ ㄓㄥˋ ㄨㄣˊ ㄒㄩㄝˊ
弢跡匿光,1,ㄊㄠ ㄐㄧ ㄋㄧˋ ㄍㄨㄤ
弦不虛發,1,ㄒㄧㄢˊ ㄅㄨˋ ㄒㄩ ㄈㄚ
弦外之意,1,ㄒㄧㄢˊ ㄨㄞˋ ㄓ ㄧˋ
弦歌不輟,1,ㄒㄧㄢˊ ㄍㄜ ㄅㄨˋ ㄔㄨㄛˋ
弧帨齊輝,1,ㄏㄨˊ ㄕㄨㄟˋ ㄑㄧˊ ㄏㄨㄟ
弩箭離絃,1,ㄋㄨˇ ㄐㄧㄢˋ ㄌㄧˊ ㄒㄧㄢˊ
弭患無形,1,ㄇㄧˇ ㄏㄨㄢˋ ㄨˊ ㄒㄧㄥˊ
弭盜安民,1,ㄇㄧˇ ㄉㄠˋ ㄢ ㄇㄧㄣˊ
弭節徘徊,1,ㄇㄧˇ ㄐㄧㄝˊ ㄆㄞˊ ㄏㄨㄞˊ
弱不好弄,1,ㄖㄨㄛˋ ㄅㄨˋ ㄏㄠˋ ㄋㄨㄥˋ
弱柳扶風,1,ㄖㄨㄛˋ ㄌㄧㄡˇ ㄈㄨˊ ㄈㄥ
弱水之隔,1,ㄖㄨㄛˋ ㄕㄨㄟˇ ㄓ ㄍㄜˊ
張堪折轅,1,ㄓㄤ ㄎㄢ ㄓㄜˊ ㄩㄢˊ
張大其事,1,ㄓㄤ ㄉㄚˋ ㄑㄧˊ ㄕˋ
張大其詞,1,ㄓㄤ ㄉㄚˋ ㄑㄧˊ ㄘˊ
張弓拔刃,1,ㄓㄤ ㄍㄨㄥ ㄅㄚˊ ㄖㄣˋ
張弓挾矢,1,ㄓㄤ ㄍㄨㄥ ㄒㄧㄝˊ ㄕˇ
張弓簇箭,1,ㄓㄤ ㄍㄨㄥ ㄘㄨˋ ㄐㄧㄢˋ
張敞畫眉,1,ㄓㄤ ㄔㄤˇ ㄏㄨㄚˋ ㄇㄟˊ
張燈掛彩,1,ㄓㄤ ㄉㄥ ㄍㄨㄚˋ ㄘㄞˇ
張猛龍碑,1,ㄓㄤ ㄇㄥˇ ㄌㄨㄥˊ ㄅㄟ
張王李趙,1,ㄓㄤ ㄨㄤˊ ㄌㄧˇ ㄓㄠˋ
張眉弩眼,1,ㄓㄤ ㄇㄟˊ ㄋㄨˇ ㄧㄢˇ
張綱埋輪,1,ㄓㄤ ㄍㄤ ㄇㄞˊ ㄌㄨㄣˊ
張羅彀弓,1,ㄓㄤ ㄌㄨㄛˊ ㄍㄡˋ ㄍㄨㄥ
張羅殆盡,1,ㄓㄤ ㄌㄨㄛˊ ㄉㄞˋ ㄐㄧㄣˋ
張舌騙口,1,ㄓㄤ ㄕㄜˊ ㄆㄧㄢˋ ㄎㄡˇ
張良借箸,1,ㄓㄤ ㄌㄧㄤˊ ㄐㄧㄝˋ ㄓㄨˋ
張良擇留,1,ㄓㄤ ㄌㄧㄤˊ ㄗㄜˊ ㄌㄧㄡˊ
張飛穿針,1,ㄓㄤ ㄈㄟ ㄔㄨㄢ ㄓㄣ
強作鎮靜,1,ㄑㄧㄤˇ ㄗㄨㄛˋ ㄓㄣˋ ㄐㄧㄥˋ
強制保險,1,ㄑㄧㄤˇ ㄓˋ ㄅㄠˇ ㄒㄧㄢˇ
強制認領,1,ㄑㄧㄤˇ ㄓˋ ㄖㄣˋ ㄌㄧㄥˇ
強制辯護,1,ㄑㄧㄤˇ ㄓˋ ㄅㄧㄢˋ ㄏㄨˋ
強勢貨幣,1,ㄑㄧㄤˊ ㄕˋ ㄏㄨㄛˋ ㄅㄧˋ
強化玻璃,1,ㄑㄧㄤˊ ㄏㄨㄚˋ ㄅㄛ ㄌㄧ˙
強化食品,1,ㄑㄧㄤˊ ㄏㄨㄚˋ ㄕˊ ㄆㄧㄣˇ
強姦民意,1,ㄑㄧㄤˊ ㄐㄧㄢ ㄇㄧㄣˊ ㄧˋ
強幹弱枝,1,ㄑㄧㄤˊ ㄍㄢˋ ㄖㄨㄛˋ ㄓ
強弓硬弩,1,ㄑㄧㄤˊ ㄍㄨㄥ ㄧㄥˋ ㄋㄨˇ
強弱懸殊,1,ㄑㄧㄤˊ ㄖㄨㄛˋ ㄒㄩㄢˊ ㄕㄨ
強文假醋,1,ㄑㄧㄤˇ ㄨㄣˊ ㄐㄧㄚˇ ㄘㄨˋ
強本弱枝,1,ㄑㄧㄤˊ ㄅㄣˇ ㄖㄨㄛˋ ㄓ
強權外交,1,ㄑㄧㄤˊ ㄑㄩㄢˊ ㄨㄞˋ ㄐㄧㄠ
強死強活,1,ㄑㄧㄤˇ ㄙˇ ㄑㄧㄤˇ ㄏㄨㄛˊ
強盜演戲,1,ㄑㄧㄤˊ ㄉㄠˋ ㄧㄢˇ ㄒㄧˋ
強聒不舍,1,ㄑㄧㄤˇ ㄍㄨㄚ ㄅㄨˋ ㄕㄜˇ
強記洽聞,1,ㄑㄧㄤˊ ㄐㄧˋ ㄑㄧㄚˋ ㄨㄣˊ
強迫中獎,1,ㄑㄧㄤˇ ㄆㄛˋ ㄓㄨㄥˋ ㄐㄧㄤˇ
強迫儲蓄,1,ㄑㄧㄤˇ ㄆㄛˋ ㄔㄨˊ ㄒㄩˋ
強迫取分,1,ㄑㄧㄤˇ ㄆㄛˋ ㄑㄩˇ ㄈㄣ
強迫教育,1,ㄑㄧㄤˇ ㄆㄛˋ ㄐㄧㄠˋ ㄩˋ
強迫降落,1,ㄑㄧㄤˇ ㄆㄛˋ ㄐㄧㄤˋ ㄌㄨㄛˋ
強風特報,1,ㄑㄧㄤˊ ㄈㄥ ㄊㄜˋ ㄅㄠˋ
強飯為嘉,1,ㄑㄧㄤˇ ㄈㄢˋ ㄨㄟˊ ㄐㄧㄚ
弸中彪外,1,ㄆㄥˊ ㄓㄨㄥ ㄅㄧㄠ ㄨㄞˋ
彈冠振衣,1,ㄊㄢˊ ㄍㄨㄢ ㄓㄣˋ ㄧ
彈冠相慶,1,ㄊㄢˊ ㄍㄨㄢ ㄒㄧㄤ ㄑㄧㄥˋ
彈冠結綬,1,ㄊㄢˊ ㄍㄨㄢ ㄐㄧㄝˊ ㄕㄡˋ
彈劾無私,1,ㄊㄢˊ ㄏㄜˊ ㄨˊ ㄙ
彈性上班,1,ㄊㄢˊ ㄒㄧㄥˋ ㄕㄤˋ ㄅㄢ
彈性勢能,1,ㄊㄢˊ ㄒㄧㄥˋ ㄕˋ ㄋㄥˊ
彈性工時,1,ㄊㄢˊ ㄒㄧㄥˋ ㄍㄨㄥ ㄕˊ
彈性放假,1,ㄊㄢˊ ㄒㄧㄥˋ ㄈㄤˋ ㄐㄧㄚˋ
彈性模數,1,ㄊㄢˊ ㄒㄧㄥˋ ㄇㄛˊ ㄕㄨˋ
彈性纖維,1,ㄊㄢˊ ㄒㄧㄥˋ ㄒㄧㄢ ㄨㄟˊ
彈性限度,1,ㄊㄢˊ ㄒㄧㄥˋ ㄒㄧㄢˋ ㄉㄨˋ
彈斤估兩,1,ㄊㄢˊ ㄐㄧㄣ ㄍㄨ ㄌㄧㄤˇ
彈痕分析,1,ㄉㄢˋ ㄏㄣˊ ㄈㄣ ㄒㄧ
彈空說嘴,1,ㄊㄢˊ ㄎㄨㄥ ㄕㄨㄛ ㄗㄨㄟˇ
彈絲品竹,1,ㄊㄢˊ ㄙ ㄆㄧㄣˇ ㄓㄨˊ
彈觔估兩,1,ㄊㄢˊ ㄐㄧㄣ ㄍㄨ ㄌㄧㄤˇ
彈鋏無魚,1,ㄊㄢˊ ㄐㄧㄚˊ ㄨˊ ㄩˊ
彊幹弱枝,1,ㄑㄧㄤˊ ㄍㄢˋ ㄖㄨㄛˋ ㄓ
彊弩之末,1,ㄑㄧㄤˊ ㄋㄨˇ ㄓ ㄇㄛˋ
彊本弱末,1,ㄑㄧㄤˊ ㄅㄣˇ ㄖㄨㄛˋ ㄇㄛˋ
彊本節用,1,ㄑㄧㄤˊ ㄅㄣˇ ㄐㄧㄝˊ ㄩㄥˋ
彊記博聞,1,ㄑㄧㄤˊ ㄐㄧˋ ㄅㄛˊ ㄨㄣˊ
彌天亙地,1,ㄇㄧˊ ㄊㄧㄢ ㄍㄣˋ ㄉㄧˋ
彌天大謊,1,ㄇㄧˊ ㄊㄧㄢ ㄉㄚˋ ㄏㄨㄤˇ
彌撒經書,1,ㄇㄧˊ ㄙㄚ ㄐㄧㄥ ㄕㄨ
彌生文化,1,ㄇㄧˊ ㄕㄥ ㄨㄣˊ ㄏㄨㄚˋ
彌習彌佳,1,ㄇㄧˊ ㄒㄧˊ ㄇㄧˊ ㄐㄧㄚ
彌足珍貴,1,ㄇㄧˊ ㄗㄨˊ ㄓㄣ ㄍㄨㄟˋ
彎弓搭箭,1,ㄨㄢ ㄍㄨㄥ ㄉㄚ ㄐㄧㄢˋ
彗氾畫塗,1,ㄏㄨㄟˋ ㄈㄢˋ ㄏㄨㄚˋ ㄊㄨˊ
彞倫攸斁,1,ㄧˊ ㄌㄨㄣˊ ㄧㄡ ㄉㄨˋ
形同具文,1,ㄒㄧㄥˊ ㄊㄨㄥˊ ㄐㄩˋ ㄨㄣˊ
形名參同,1,ㄒㄧㄥˊ ㄇㄧㄥˊ ㄘㄢ ㄊㄨㄥˊ
形單影單,1,ㄒㄧㄥˊ ㄉㄢ ㄧㄥˇ ㄉㄢ
形孤影寡,1,ㄒㄧㄥˊ ㄍㄨ ㄧㄥˇ ㄍㄨㄚˇ
形孤影隻,1,ㄒㄧㄥˊ ㄍㄨ ㄧㄥˇ ㄓ
形容枯槁,1,ㄒㄧㄥˊ ㄖㄨㄥˊ ㄎㄨ ㄍㄠˇ
形影相依,1,ㄒㄧㄥˊ ㄧㄥˇ ㄒㄧㄤ ㄧ
形影相追,1,ㄒㄧㄥˊ ㄧㄥˇ ㄒㄧㄤ ㄓㄨㄟ
形影相隨,1,ㄒㄧㄥˊ ㄧㄥˇ ㄒㄧㄤ ㄙㄨㄟˊ
形影相顧,1,ㄒㄧㄥˊ ㄧㄥˇ ㄒㄧㄤ ㄍㄨˋ
形於言色,1,ㄒㄧㄥˊ ㄩˊ ㄧㄢˊ ㄙㄜˋ
形於辭色,1,ㄒㄧㄥˊ ㄩˊ ㄘˊ ㄙㄜˋ
形於顏色,1,ㄒㄧㄥˊ ㄩˊ ㄧㄢˊ ㄙㄜˋ
形格勢禁,1,ㄒㄧㄥˊ ㄍㄜˊ ㄕˋ ㄐㄧㄣˋ
形疲神困,1,ㄒㄧㄥˊ ㄆㄧˊ ㄕㄣˊ ㄎㄨㄣˋ
形聲偏旁,1,ㄒㄧㄥˊ ㄕㄥ ㄆㄧㄢ ㄆㄤˊ
形跡敗露,1,ㄒㄧㄥˊ ㄐㄧ ㄅㄞˋ ㄌㄨˋ
形隻影單,1,ㄒㄧㄥˊ ㄓ ㄧㄥˇ ㄉㄢ
彤管流芳,1,ㄊㄨㄥˊ ㄍㄨㄢˇ ㄌㄧㄡˊ ㄈㄤ
彥倫鶴怨,1,ㄧㄢˋ ㄌㄨㄣˊ ㄏㄜˋ ㄩㄢˋ
彥國吐屑,1,ㄧㄢˋ ㄍㄨㄛˊ ㄊㄨˇ ㄒㄧㄝˋ
彩管生花,1,ㄘㄞˇ ㄍㄨㄢˇ ㄕㄥ ㄏㄨㄚ
彩色世界,1,ㄘㄞˇ ㄙㄜˋ ㄕˋ ㄐㄧㄝˋ
彩色正片,1,ㄘㄞˇ ㄙㄜˋ ㄓㄥˋ ㄆㄧㄢˋ
彩色玻璃,1,ㄘㄞˇ ㄙㄜˋ ㄅㄛ ㄌㄧ˙
彩雲易散,1,ㄘㄞˇ ㄩㄣˊ ㄧˋ ㄙㄢˋ
彩鳳隨鴉,1,ㄘㄞˇ ㄈㄥˋ ㄙㄨㄟˊ ㄧㄚ
彪炳千古,1,ㄅㄧㄠ ㄅㄧㄥˇ ㄑㄧㄢ ㄍㄨˇ
彪腹狼腰,1,ㄅㄧㄠ ㄈㄨˋ ㄌㄤˊ ㄧㄠ
彪虎生翼,1,ㄅㄧㄠ ㄏㄨˇ ㄕㄥ ㄧˋ
彪軀虎體,1,ㄅㄧㄠ ㄑㄩ ㄏㄨˇ ㄊㄧˇ
彫梁畫棟,1,ㄉㄧㄠ ㄌㄧㄤˊ ㄏㄨㄚˋ ㄉㄨㄥˋ
彫章鏤句,1,ㄉㄧㄠ ㄓㄤ ㄌㄡˋ ㄐㄩˋ
彫蟲篆刻,1,ㄉㄧㄠ ㄔㄨㄥˊ ㄓㄨㄢˋ ㄎㄜ
彬彬君子,1,ㄅㄧㄣ ㄅㄧㄣ ㄐㄩㄣ ㄗˇ
彬彬文質,1,ㄅㄧㄣ ㄅㄧㄣ ㄨㄣˊ ㄓˊ
彭巴草原,1,ㄆㄥˊ ㄅㄚ ㄘㄠˇ ㄩㄢˊ
彰化孔廟,1,ㄓㄤ ㄏㄨㄚˋ ㄎㄨㄥˇ ㄇㄧㄠˋ
彰善癉惡,1,ㄓㄤ ㄕㄢˋ ㄉㄢˋ ㄜˋ
彰彰可據,1,ㄓㄤ ㄓㄤ ㄎㄜˇ ㄐㄩˋ
彰往察來,1,ㄓㄤ ㄨㄤˇ ㄔㄚˊ ㄌㄞˊ
影不離燈,1,ㄧㄥˇ ㄅㄨˋ ㄌㄧˊ ㄉㄥ
影像合成,1,ㄧㄥˇ ㄒㄧㄤˋ ㄏㄜˊ ㄔㄥˊ
影像處理,1,ㄧㄥˇ ㄒㄧㄤˋ ㄔㄨˇ ㄌㄧˇ
影子內閣,1,ㄧㄥˇ ㄗ˙ ㄋㄟˋ ㄍㄜˊ
影子政府,1,ㄧㄥˇ ㄗ˙ ㄓㄥˋ ㄈㄨˇ
影宋抄本,1,ㄧㄥˇ ㄙㄨㄥˋ ㄔㄠ ㄅㄣˇ
影形不離,1,ㄧㄥˇ ㄒㄧㄥˊ ㄅㄨˋ ㄌㄧˊ
影隻形單,1,ㄧㄥˇ ㄓ ㄒㄧㄥˊ ㄉㄢ
影音光碟,1,ㄧㄥˇ ㄧㄣ ㄍㄨㄤ ㄉㄧㄝˊ
影音統碟,1,ㄧㄥˇ ㄧㄣ ㄊㄨㄥˇ ㄉㄧㄝˊ
彷徨失措,1,ㄆㄤˊ ㄏㄨㄤˊ ㄕ ㄘㄨㄛˋ
役使動物,1,ㄧˋ ㄕˇ ㄉㄨㄥˋ ㄨˋ
彼倡此和,1,ㄅㄧˇ ㄔㄤˋ ㄘˇ ㄏㄜˋ
彼唱此和,1,ㄅㄧˇ ㄔㄤˋ ㄘˇ ㄏㄜˋ
彼眾我寡,1,ㄅㄧˇ ㄓㄨㄥˋ ㄨㄛˇ ㄍㄨㄚˇ
彼竭我盈,1,ㄅㄧˇ ㄐㄧㄝˊ ㄨㄛˇ ㄧㄥˊ
彼長我消,1,ㄅㄧˇ ㄓㄤˇ ㄨㄛˇ ㄒㄧㄠ
往來如織,1,ㄨㄤˇ ㄌㄞˊ ㄖㄨˊ ㄓ
待人處世,1,ㄉㄞˋ ㄖㄣˊ ㄔㄨˇ ㄕˋ
待人處事,1,ㄉㄞˋ ㄖㄣˊ ㄔㄨˇ ㄕˋ
待價藏珠,1,ㄉㄞˋ ㄐㄧㄚˋ ㄘㄤˊ ㄓㄨ
待時守分,1,ㄉㄞˋ ㄕˊ ㄕㄡˇ ㄈㄣˋ
待時而動,1,ㄉㄞˋ ㄕˊ ㄦˊ ㄉㄨㄥˋ
待時而舉,1,ㄉㄞˋ ㄕˊ ㄦˊ ㄐㄩˇ
待月西廂,1,ㄉㄞˋ ㄩㄝˋ ㄒㄧ ㄒㄧㄤ
待機位置,1,ㄉㄞˋ ㄐㄧ ㄨㄟˋ ㄓˋ
待理不理,1,ㄉㄞˋ ㄌㄧˇ ㄅㄨˋ ㄌㄧˇ
徇公忘己,1,ㄒㄩㄣˋ ㄍㄨㄥ ㄨㄤˋ ㄐㄧˇ
徇公滅私,1,ㄒㄩㄣˋ ㄍㄨㄥ ㄇㄧㄝˋ ㄙ
徇國忘家,1,ㄒㄩㄣˋ ㄍㄨㄛˊ ㄨㄤˋ ㄐㄧㄚ
徇國忘己,1,ㄒㄩㄣˋ ㄍㄨㄛˊ ㄨㄤˋ ㄐㄧˇ
徇國忘身,1,ㄒㄩㄣˋ ㄍㄨㄛˊ ㄨㄤˋ ㄕㄣ
徇私作弊,1,ㄒㄩㄣˊ ㄙ ㄗㄨㄛˋ ㄅㄧˋ
徇私廢公,1,ㄒㄩㄣˊ ㄙ ㄈㄟˋ ㄍㄨㄥ
律動教學,1,ㄌㄩˋ ㄉㄨㄥˋ ㄐㄧㄠˋ ㄒㄩㄝˊ
律呂正義,1,ㄌㄩˋ ㄌㄩˇ ㄓㄥˋ ㄧˋ
後不為例,1,ㄏㄡˋ ㄅㄨˋ ㄨㄟˊ ㄌㄧˋ
後仰前合,1,ㄏㄡˋ ㄧㄤˇ ㄑㄧㄢˊ ㄏㄜˊ
後來之秀,1,ㄏㄡˋ ㄌㄞˊ ㄓ ㄒㄧㄡˋ
後先輝映,1,ㄏㄡˋ ㄒㄧㄢ ㄏㄨㄟ ㄧㄥˋ
後加成分,1,ㄏㄡˋ ㄐㄧㄚ ㄔㄥˊ ㄈㄣˋ
後合前仰,1,ㄏㄡˋ ㄏㄜˊ ㄑㄧㄢˊ ㄧㄤˇ
後實先聲,1,ㄏㄡˋ ㄕˊ ㄒㄧㄢ ㄕㄥ
後巷前街,1,ㄏㄡˋ ㄒㄧㄤˋ ㄑㄧㄢˊ ㄐㄧㄝ
後恭前倨,1,ㄏㄡˋ ㄍㄨㄥ ㄑㄧㄢˊ ㄐㄩˋ
後悔不來,1,ㄏㄡˋ ㄏㄨㄟˇ ㄅㄨˋ ㄌㄞˊ
後悔不及,1,ㄏㄡˋ ㄏㄨㄟˇ ㄅㄨˋ ㄐㄧˊ
後悔何及,1,ㄏㄡˋ ㄏㄨㄟˇ ㄏㄜˊ ㄐㄧˊ
後悔無及,1,ㄏㄡˋ ㄏㄨㄟˇ ㄨˊ ㄐㄧˊ
後手不上,1,ㄏㄡˋ ㄕㄡˇ ㄅㄨˋ ㄕㄤˋ
後手不接,1,ㄏㄡˋ ㄕㄡˇ ㄅㄨˋ ㄐㄧㄝ
後擁前呼,1,ㄏㄡˋ ㄩㄥˇ ㄑㄧㄢˊ ㄏㄨ
後擁前推,1,ㄏㄡˋ ㄩㄥˇ ㄑㄧㄢˊ ㄊㄨㄟ
後擁前遮,1,ㄏㄡˋ ㄩㄥˇ ㄑㄧㄢˊ ㄓㄜ
後擁前驅,1,ㄏㄡˋ ㄩㄥˇ ㄑㄧㄢˊ ㄑㄩ
後會可期,1,ㄏㄡˋ ㄏㄨㄟˋ ㄎㄜˇ ㄑㄧˊ
後會難期,1,ㄏㄡˋ ㄏㄨㄟˋ ㄋㄢˊ ㄑㄧˊ
後果前因,1,ㄏㄡˋ ㄍㄨㄛˇ ㄑㄧㄢˊ ㄧㄣ
後果堪虞,1,ㄏㄡˋ ㄍㄨㄛˇ ㄎㄢ ㄩˊ
後生小輩,1,ㄏㄡˋ ㄕㄥ ㄒㄧㄠˇ ㄅㄟˋ
後生晚學,1,ㄏㄡˋ ㄕㄥ ㄨㄢˇ ㄒㄩㄝˊ
後發先至,1,ㄏㄡˋ ㄈㄚ ㄒㄧㄢ ㄓˋ
後發制人,1,ㄏㄡˋ ㄈㄚ ㄓˋ ㄖㄣˊ
後繼乏人,1,ㄏㄡˋ ㄐㄧˋ ㄈㄚˊ ㄖㄣˊ
後繼乏力,1,ㄏㄡˋ ㄐㄧˋ ㄈㄚˊ ㄌㄧˋ
後臺老闆,1,ㄏㄡˋ ㄊㄞˊ ㄌㄠˇ ㄅㄢˇ
後赤壁賦,1,ㄏㄡˋ ㄔˋ ㄅㄧˋ ㄈㄨˋ
後車之戒,1,ㄏㄡˋ ㄔㄜ ㄓ ㄐㄧㄝˋ
後顧之患,1,ㄏㄡˋ ㄍㄨˋ ㄓ ㄏㄨㄢˋ
後顧之慮,1,ㄏㄡˋ ㄍㄨˋ ㄓ ㄌㄩˋ
後顧之虞,1,ㄏㄡˋ ㄍㄨˋ ㄓ ㄩˊ
徐母罵曹,1,ㄒㄩˊ ㄇㄨˇ ㄇㄚˋ ㄘㄠˊ
徐穉置芻,1,ㄒㄩˊ ㄓˋ ㄓˋ ㄔㄨˊ
徒不上墓,1,ㄊㄨˊ ㄅㄨˋ ㄕㄤˋ ㄇㄨˋ
徒亂人意,1,ㄊㄨˊ ㄌㄨㄢˋ ㄖㄣˊ ㄧˋ
徒廢脣舌,1,ㄊㄨˊ ㄈㄟˋ ㄔㄨㄣˊ ㄕㄜˊ
徒步當車,1,ㄊㄨˊ ㄅㄨˋ ㄉㄤ ㄐㄩ
徒負虛名,1,ㄊㄨˊ ㄈㄨˋ ㄒㄩ ㄇㄧㄥˊ
徒費無益,1,ㄊㄨˊ ㄈㄟˋ ㄨˊ ㄧˋ
徒陳空文,1,ㄊㄨˊ ㄔㄣˊ ㄎㄨㄥ ㄨㄣˊ
得一望十,1,ㄉㄜˊ ㄧ ㄨㄤˋ ㄕˊ
得不補失,1,ㄉㄜˊ ㄅㄨˋ ㄅㄨˇ ㄕ
得不酬失,1,ㄉㄜˊ ㄅㄨˋ ㄔㄡˊ ㄕ
得人死力,1,ㄉㄜˊ ㄖㄣˊ ㄙˇ ㄌㄧˋ
得來不易,1,ㄉㄜˊ ㄌㄞˊ ㄅㄨˋ ㄧˋ
得償所願,1,ㄉㄜˊ ㄔㄤˊ ㄙㄨㄛˇ ㄩㄢˋ
得勝之兵,1,ㄉㄜˊ ㄕㄥˋ ㄓ ㄅㄧㄥ
得勝之師,1,ㄉㄜˊ ㄕㄥˋ ㄓ ㄕ
得勝回朝,1,ㄉㄜˊ ㄕㄥˋ ㄏㄨㄟˊ ㄔㄠˊ
得勝頭回,1,ㄉㄜˊ ㄕㄥˋ ㄊㄡˊ ㄏㄨㄟˊ
得勝頭迴,1,ㄉㄜˊ ㄕㄥˋ ㄊㄡˊ ㄏㄨㄟˊ
得匣還珠,1,ㄉㄜˊ ㄒㄧㄚˊ ㄏㄨㄢˊ ㄓㄨ
得失在人,1,ㄉㄜˊ ㄕ ㄗㄞˋ ㄖㄣˊ
得失成敗,1,ㄉㄜˊ ㄕ ㄔㄥˊ ㄅㄞˋ
得失榮枯,1,ㄉㄜˊ ㄕ ㄖㄨㄥˊ ㄎㄨ
得失相半,1,ㄉㄜˊ ㄕ ㄒㄧㄤ ㄅㄢˋ
得婿如龍,1,ㄉㄜˊ ㄒㄩˋ ㄖㄨˊ ㄌㄨㄥˊ
得寸思尺,1,ㄉㄜˊ ㄘㄨㄣˋ ㄙ ㄔˇ
得尺得寸,1,ㄉㄜˊ ㄔˇ ㄉㄜˊ ㄘㄨㄣˋ
得意之事,1,ㄉㄜˊ ㄧˋ ㄓ ㄕˋ
得意之狀,1,ㄉㄜˊ ㄧˋ ㄓ ㄓㄨㄤˋ
得意之色,1,ㄉㄜˊ ㄧˋ ㄓ ㄙㄜˋ
得意之餘,1,ㄉㄜˊ ㄧˋ ㄓ ㄩˊ
得意忘言,1,ㄉㄜˊ ㄧˋ ㄨㄤˋ ㄧㄢˊ
得意忘象,1,ㄉㄜˊ ㄧˋ ㄨㄤˋ ㄒㄧㄤˋ
得意非凡,1,ㄉㄜˊ ㄧˋ ㄈㄟ ㄈㄢˊ
得成秦晉,1,ㄉㄜˊ ㄔㄥˊ ㄑㄧㄣˊ ㄐㄧㄣˋ
得手應心,1,ㄉㄜˊ ㄕㄡˇ ㄧㄥˋ ㄒㄧㄣ
得挹芝眉,1,ㄉㄜˊ ㄧˋ ㄓ ㄇㄟˊ
得新厭舊,1,ㄉㄜˊ ㄒㄧㄣ ㄧㄢˋ ㄐㄧㄡˋ
得新忘舊,1,ㄉㄜˊ ㄒㄧㄣ ㄨㄤˋ ㄐㄧㄡˋ
得新棄舊,1,ㄉㄜˊ ㄒㄧㄣ ㄑㄧˋ ㄐㄧㄡˋ
得未嘗有,1,ㄉㄜˊ ㄨㄟˋ ㄔㄤˊ ㄧㄡˇ
得權重任,1,ㄉㄜˊ ㄑㄩㄢˊ ㄓㄨㄥˋ ㄖㄣˋ
得步進步,1,ㄉㄜˊ ㄅㄨˋ ㄐㄧㄣˋ ㄅㄨˋ
得沾化雨,1,ㄉㄜˊ ㄓㄢ ㄏㄨㄚˋ ㄩˇ
得福不知,1,ㄉㄜˊ ㄈㄨˊ ㄅㄨˋ ㄓ
得親順親,1,ㄉㄜˊ ㄑㄧㄣ ㄕㄨㄣˋ ㄑㄧㄣ
得道成仙,1,ㄉㄜˊ ㄉㄠˋ ㄔㄥˊ ㄒㄧㄢ
得錢賣放,1,ㄉㄜˊ ㄑㄧㄢˊ ㄇㄞˋ ㄈㄤˋ
徘徊歧路,1,ㄆㄞˊ ㄏㄨㄞˊ ㄑㄧˊ ㄌㄨˋ
徙宅忘妻,1,ㄒㄧˇ ㄓㄜˋ ㄨㄤˋ ㄑㄧ
徙木之信,1,ㄒㄧˇ ㄇㄨˋ ㄓ ㄒㄧㄣˋ
徙木立信,1,ㄒㄧˇ ㄇㄨˋ ㄌㄧˋ ㄒㄧㄣˋ
從一以終,1,ㄘㄨㄥˊ ㄧ ㄧˇ ㄓㄨㄥ
從中斡旋,1,ㄘㄨㄥˊ ㄓㄨㄥ ㄨㄛˋ ㄒㄩㄢˊ
從井救人,1,ㄘㄨㄥˊ ㄐㄧㄥˇ ㄐㄧㄡˋ ㄖㄣˊ
從令如流,1,ㄘㄨㄥˊ ㄌㄧㄥˋ ㄖㄨˊ ㄌㄧㄡˊ
從何說起,1,ㄘㄨㄥˊ ㄏㄜˊ ㄕㄨㄛ ㄑㄧˇ
從俗就簡,1,ㄘㄨㄥˊ ㄙㄨˊ ㄐㄧㄡˋ ㄐㄧㄢˇ
從古至今,1,ㄘㄨㄥˊ ㄍㄨˇ ㄓˋ ㄐㄧㄣ
從善若流,1,ㄘㄨㄥˊ ㄕㄢˋ ㄖㄨㄛˋ ㄌㄧㄡˊ
從天而下,1,ㄘㄨㄥˊ ㄊㄧㄢ ㄦˊ ㄒㄧㄚˋ
從始至終,1,ㄘㄨㄥˊ ㄕˇ ㄓˋ ㄓㄨㄥ
從容不迫,1,ㄘㄨㄥ ㄖㄨㄥˊ ㄅㄨˋ ㄆㄛˋ
從容自在,1,ㄘㄨㄥ ㄖㄨㄥˊ ㄗˋ ㄗㄞˋ
從容自若,1,ㄘㄨㄥ ㄖㄨㄥˊ ㄗˋ ㄖㄨㄛˋ
從實招來,1,ㄘㄨㄥˊ ㄕˊ ㄓㄠ ㄌㄞˊ
從寬發落,1,ㄘㄨㄥˊ ㄎㄨㄢ ㄈㄚ ㄌㄨㄛˋ
從從容容,1,ㄘㄨㄥ ㄘㄨㄥ ㄖㄨㄥˊ ㄖㄨㄥˊ
從頭再來,1,ㄘㄨㄥˊ ㄊㄡˊ ㄗㄞˋ ㄌㄞˊ
從頭到腳,1,ㄘㄨㄥˊ ㄊㄡˊ ㄉㄠˋ ㄐㄧㄠˇ
從風而靡,1,ㄘㄨㄥˊ ㄈㄥ ㄦˊ ㄇㄧˇ
御史大夫,1,ㄩˋ ㄕˇ ㄉㄚˋ ㄈㄨ
御溝流葉,1,ㄩˋ ㄍㄡ ㄌㄧㄡˊ ㄧㄝˋ
御溝題葉,1,ㄩˋ ㄍㄡ ㄊㄧˊ ㄧㄝˋ
復仇雪恥,1,ㄈㄨˋ ㄔㄡˊ ㄒㄩㄝˇ ㄔˇ
復健中心,1,ㄈㄨˋ ㄐㄧㄢˋ ㄓㄨㄥ ㄒㄧㄣ
復健醫學,1,ㄈㄨˋ ㄐㄧㄢˋ ㄧ ㄒㄩㄝˊ
復子明辟,1,ㄈㄨˋ ㄗˇ ㄇㄧㄥˊ ㄅㄧˋ
復氧能力,1,ㄈㄨˋ ㄧㄤˇ ㄋㄥˊ ㄌㄧˋ
復禮克己,1,ㄈㄨˋ ㄌㄧˇ ㄎㄜˋ ㄐㄧˇ
復舊如新,1,ㄈㄨˋ ㄐㄧㄡˋ ㄖㄨˊ ㄒㄧㄣ
復蹈其轍,1,ㄈㄨˋ ㄉㄠˋ ㄑㄧˊ ㄔㄜˋ
復蹈前轍,1,ㄈㄨˋ ㄉㄠˋ ㄑㄧㄢˊ ㄔㄜˋ
循名校實,1,ㄒㄩㄣˊ ㄇㄧㄥˊ ㄐㄧㄠˋ ㄕˊ
循名督實,1,ㄒㄩㄣˊ ㄇㄧㄥˊ ㄉㄨ ㄕˊ
循名考實,1,ㄒㄩㄣˊ ㄇㄧㄥˊ ㄎㄠˇ ㄕˊ
循名課實,1,ㄒㄩㄣˊ ㄇㄧㄥˊ ㄎㄜˋ ㄕˊ
循常習故,1,ㄒㄩㄣˊ ㄔㄤˊ ㄒㄧˊ ㄍㄨˋ
循循誘人,1,ㄒㄩㄣˊ ㄒㄩㄣˊ ㄧㄡˋ ㄖㄣˊ
循次而進,1,ㄒㄩㄣˊ ㄘˋ ㄦˊ ㄐㄧㄣˋ
循環不息,1,ㄒㄩㄣˊ ㄏㄨㄢˊ ㄅㄨˋ ㄒㄧˊ
循環反覆,1,ㄒㄩㄣˊ ㄏㄨㄢˊ ㄈㄢˇ ㄈㄨˋ
循環論證,1,ㄒㄩㄣˊ ㄏㄨㄢˊ ㄌㄨㄣˋ ㄓㄥˋ
循聲附會,1,ㄒㄩㄣˊ ㄕㄥ ㄈㄨˋ ㄏㄨㄟˋ
循衣摸床,1,ㄒㄩㄣˊ ㄧ ㄇㄛ ㄔㄨㄤˊ
徬徨失措,1,ㄆㄤˊ ㄏㄨㄤˊ ㄕ ㄘㄨㄛˋ
徬徨歧路,1,ㄆㄤˊ ㄏㄨㄤˊ ㄑㄧˊ ㄌㄨˋ
徬徨歧途,1,ㄆㄤˊ ㄏㄨㄤˊ ㄑㄧˊ ㄊㄨˊ
微文深詆,1,ㄨㄟˊ ㄨㄣˊ ㄕㄣ ㄉㄧˇ
微服私行,1,ㄨㄟˊ ㄈㄨˊ ㄙ ㄒㄧㄥˊ
微波食品,1,ㄨㄟˊ ㄅㄛ ㄕˊ ㄆㄧㄣˇ
微言精義,1,ㄨㄟˊ ㄧㄢˊ ㄐㄧㄥ ㄧˋ
徵兵制度,1,ㄓㄥ ㄅㄧㄥ ㄓˋ ㄉㄨˋ
徵名責實,1,ㄓㄥ ㄇㄧㄥˊ ㄗㄜˊ ㄕˊ
徵求啟事,1,ㄓㄥ ㄑㄧㄡˊ ㄑㄧˇ ㄕˋ
徵風召雨,1,ㄓㄥ ㄈㄥ ㄓㄠˋ ㄩˇ
德以報怨,1,ㄉㄜˊ ㄧˇ ㄅㄠˋ ㄩㄢˋ
德佛亞克,1,ㄉㄜˊ ㄈㄛˊ ㄧㄚˋ ㄎㄜˋ
德劭年高,1,ㄉㄜˊ ㄕㄠˋ ㄋㄧㄢˊ ㄍㄠ
德劭譽隆,1,ㄉㄜˊ ㄕㄠˋ ㄩˋ ㄌㄨㄥˊ
德勝頭迴,1,ㄉㄜˊ ㄕㄥˋ ㄊㄡˊ ㄏㄨㄟˊ
德厚流光,1,ㄉㄜˊ ㄏㄡˋ ㄌㄧㄡˊ ㄍㄨㄤ
德國狼犬,1,ㄉㄜˊ ㄍㄨㄛˊ ㄌㄤˊ ㄑㄩㄢˇ
德國麻疹,1,ㄉㄜˊ ㄍㄨㄛˊ ㄇㄚˊ ㄓㄣˇ
德垂後裔,1,ㄉㄜˊ ㄔㄨㄟˊ ㄏㄡˋ ㄧˋ
德容兩全,1,ㄉㄜˊ ㄖㄨㄥˊ ㄌㄧㄤˇ ㄑㄩㄢˊ
德容兼備,1,ㄉㄜˊ ㄖㄨㄥˊ ㄐㄧㄢ ㄅㄟˋ
德容言功,1,ㄉㄜˊ ㄖㄨㄥˊ ㄧㄢˊ ㄍㄨㄥ
德尊望重,1,ㄉㄜˊ ㄗㄨㄣ ㄨㄤˋ ㄓㄨㄥˋ
德川家康,1,ㄉㄜˊ ㄔㄨㄢ ㄐㄧㄚ ㄎㄤ
德川幕府,1,ㄉㄜˊ ㄔㄨㄢ ㄇㄨˋ ㄈㄨˇ
德懋棠蔭,1,ㄉㄜˊ ㄇㄠˋ ㄊㄤˊ ㄧㄣˋ
德業長昭,1,ㄉㄜˊ ㄧㄝˋ ㄔㄤˊ ㄓㄠ
德流子孫,1,ㄉㄜˊ ㄌㄧㄡˊ ㄗˇ ㄙㄨㄣ
德深望重,1,ㄉㄜˊ ㄕㄣ ㄨㄤˋ ㄓㄨㄥˋ
德淺行薄,1,ㄉㄜˊ ㄑㄧㄢˇ ㄒㄧㄥˋ ㄅㄛˊ
德潤傭書,1,ㄉㄜˊ ㄖㄨㄣˋ ㄩㄥ ㄕㄨ
德碩年高,1,ㄉㄜˊ ㄕㄨㄛˋ ㄋㄧㄢˊ ㄍㄠ
德薄才疏,1,ㄉㄜˊ ㄅㄛˊ ㄘㄞˊ ㄕㄨ
德薄能鮮,1,ㄉㄜˊ ㄅㄛˊ ㄋㄥˊ ㄒㄧㄢˇ
德言容功,1,ㄉㄜˊ ㄧㄢˊ ㄖㄨㄥˊ ㄍㄨㄥ
德言工貌,1,ㄉㄜˊ ㄧㄢˊ ㄍㄨㄥ ㄇㄠˋ
德隆望尊,1,ㄉㄜˊ ㄌㄨㄥˊ ㄨㄤˋ ㄗㄨㄣ
德隆望重,1,ㄉㄜˊ ㄌㄨㄥˊ ㄨㄤˋ ㄓㄨㄥˋ
德音莫違,1,ㄉㄜˊ ㄧㄣ ㄇㄛˋ ㄨㄟˊ
德高年劭,1,ㄉㄜˊ ㄍㄠ ㄋㄧㄢˊ ㄕㄠˋ
徹上徹下,1,ㄔㄜˋ ㄕㄤˋ ㄔㄜˋ ㄒㄧㄚˋ
徹裡徹外,1,ㄔㄜˋ ㄌㄧˇ ㄔㄜˋ ㄨㄞˋ
徹首徹尾,1,ㄔㄜˋ ㄕㄡˇ ㄔㄜˋ ㄨㄟˇ
心不在焉,1,ㄒㄧㄣ ㄅㄨˋ ㄗㄞˋ ㄧㄢ
心不應口,1,ㄒㄧㄣ ㄅㄨˋ ㄧㄥˋ ㄎㄡˇ
心中無數,1,ㄒㄧㄣ ㄓㄨㄥ ㄨˊ ㄕㄨˋ
心伏口伏,1,ㄒㄧㄣ ㄈㄨˊ ㄎㄡˇ ㄈㄨˊ
心內膜炎,1,ㄒㄧㄣ ㄋㄟˋ ㄇㄛˋ ㄧㄢˊ
心到神知,1,ㄒㄧㄣ ㄉㄠˋ ㄕㄣˊ ㄓ
心動神馳,1,ㄒㄧㄣ ㄉㄨㄥˋ ㄕㄣˊ ㄔˊ
心勞意冗,1,ㄒㄧㄣ ㄌㄠˊ ㄧˋ ㄖㄨㄥˇ
心勞意攘,1,ㄒㄧㄣ ㄌㄠˊ ㄧˋ ㄖㄤˇ
心勞日拙,1,ㄒㄧㄣ ㄌㄠˊ ㄖˋ ㄓㄨㄛˊ
心口不一,1,ㄒㄧㄣ ㄎㄡˇ ㄅㄨˋ ㄧ
心口兩樣,1,ㄒㄧㄣ ㄎㄡˇ ㄌㄧㄤˇ ㄧㄤˋ
心口合一,1,ㄒㄧㄣ ㄎㄡˇ ㄏㄜˊ ㄧ
心和氣平,1,ㄒㄧㄣ ㄏㄜˊ ㄑㄧˋ ㄆㄧㄥˊ
心嚮往之,1,ㄒㄧㄣ ㄒㄧㄤˋ ㄨㄤˇ ㄓ
心在魏闕,1,ㄒㄧㄣ ㄗㄞˋ ㄨㄟˋ ㄑㄩㄝˋ
心堅石穿,1,ㄒㄧㄣ ㄐㄧㄢ ㄕˊ ㄔㄨㄢ
心奓體忕,1,ㄒㄧㄣ ㄔˇ ㄊㄧˇ ㄊㄞˋ
心如刀剉,1,ㄒㄧㄣ ㄖㄨˊ ㄉㄠ ㄘㄨㄛˋ
心如刀攪,1,ㄒㄧㄣ ㄖㄨˊ ㄉㄠ ㄐㄧㄠˇ
心如刀絞,1,ㄒㄧㄣ ㄖㄨˊ ㄉㄠ ㄐㄧㄠˇ
心如刀鋸,1,ㄒㄧㄣ ㄖㄨˊ ㄉㄠ ㄐㄩˋ
心如古井,1,ㄒㄧㄣ ㄖㄨˊ ㄍㄨˇ ㄐㄧㄥˇ
心如堅石,1,ㄒㄧㄣ ㄖㄨˊ ㄐㄧㄢ ㄕˊ
心如寒灰,1,ㄒㄧㄣ ㄖㄨˊ ㄏㄢˊ ㄏㄨㄟ
心如木石,1,ㄒㄧㄣ ㄖㄨˊ ㄇㄨˋ ㄕˊ
心如死水,1,ㄒㄧㄣ ㄖㄨˊ ㄙˇ ㄕㄨㄟˇ
心如金石,1,ㄒㄧㄣ ㄖㄨˊ ㄐㄧㄣ ㄕˊ
心存不軌,1,ㄒㄧㄣ ㄘㄨㄣˊ ㄅㄨˋ ㄍㄨㄟˇ
心存魏闕,1,ㄒㄧㄣ ㄘㄨㄣˊ ㄨㄟˋ ㄑㄩㄝˋ
心安神泰,1,ㄒㄧㄣ ㄢ ㄕㄣˊ ㄊㄞˋ
心寒膽戰,1,ㄒㄧㄣ ㄏㄢˊ ㄉㄢˇ ㄓㄢˋ
心寒膽碎,1,ㄒㄧㄣ ㄏㄢˊ ㄉㄢˇ ㄙㄨㄟˋ
心寒膽落,1,ㄒㄧㄣ ㄏㄢˊ ㄉㄢˇ ㄌㄨㄛˋ
心寬體肥,1,ㄒㄧㄣ ㄎㄨㄢ ㄊㄧˇ ㄈㄟˊ
心平氣定,1,ㄒㄧㄣ ㄆㄧㄥˊ ㄑㄧˋ ㄉㄧㄥˋ
心平靜氣,1,ㄒㄧㄣ ㄆㄧㄥˊ ㄐㄧㄥˋ ㄑㄧˋ
心往神馳,1,ㄒㄧㄣ ㄨㄤˇ ㄕㄣˊ ㄔˊ
心心念念,1,ㄒㄧㄣ ㄒㄧㄣ ㄋㄧㄢˋ ㄋㄧㄢˋ
心忙意急,1,ㄒㄧㄣ ㄇㄤˊ ㄧˋ ㄐㄧˊ
心怡神悅,1,ㄒㄧㄣ ㄧˊ ㄕㄣˊ ㄩㄝˋ
心怡神曠,1,ㄒㄧㄣ ㄧˊ ㄕㄣˊ ㄎㄨㄤˋ
心急火燎,1,ㄒㄧㄣ ㄐㄧˊ ㄏㄨㄛˇ ㄌㄧㄠˋ
心意回轉,1,ㄒㄧㄣ ㄧˋ ㄏㄨㄟˊ ㄓㄨㄢˇ
心慈面軟,1,ㄒㄧㄣ ㄘˊ ㄇㄧㄢˋ ㄖㄨㄢˇ
心慌膽戰,1,ㄒㄧㄣ ㄏㄨㄤ ㄉㄢˇ ㄓㄢˋ
心慕手追,1,ㄒㄧㄣ ㄇㄨˋ ㄕㄡˇ ㄓㄨㄟ
心慕筆追,1,ㄒㄧㄣ ㄇㄨˋ ㄅㄧˇ ㄓㄨㄟ
心慵意懶,1,ㄒㄧㄣ ㄩㄥ ㄧˋ ㄌㄢˇ
心懸兩地,1,ㄒㄧㄣ ㄒㄩㄢˊ ㄌㄧㄤˇ ㄉㄧˋ
心折首肯,1,ㄒㄧㄣ ㄓㄜˊ ㄕㄡˇ ㄎㄣˇ
心拙口夯,1,ㄒㄧㄣ ㄓㄨㄛˊ ㄎㄡˇ ㄏㄤ
心拙口笨,1,ㄒㄧㄣ ㄓㄨㄛˊ ㄎㄡˇ ㄅㄣˋ
心旌搖惑,1,ㄒㄧㄣ ㄐㄧㄥ ㄧㄠˊ ㄏㄨㄛˋ
心旌搖曳,1,ㄒㄧㄣ ㄐㄧㄥ ㄧㄠˊ ㄧˋ
心曠神恬,1,ㄒㄧㄣ ㄎㄨㄤˋ ㄕㄣˊ ㄊㄧㄢˊ
心曠神愉,1,ㄒㄧㄣ ㄎㄨㄤˋ ㄕㄣˊ ㄩˊ
心服情願,1,ㄒㄧㄣ ㄈㄨˊ ㄑㄧㄥˊ ㄩㄢˋ
心正筆正,1,ㄒㄧㄣ ㄓㄥˋ ㄅㄧˇ ㄓㄥˋ
心殞膽破,1,ㄒㄧㄣ ㄩㄣˇ ㄉㄢˇ ㄆㄛˋ
心殞膽落,1,ㄒㄧㄣ ㄩㄣˇ ㄉㄢˇ ㄌㄨㄛˋ
心活面軟,1,ㄒㄧㄣ ㄏㄨㄛˊ ㄇㄧㄢˋ ㄖㄨㄢˇ
心滿願足,1,ㄒㄧㄣ ㄇㄢˇ ㄩㄢˋ ㄗㄨˊ
心灰意敗,1,ㄒㄧㄣ ㄏㄨㄟ ㄧˋ ㄅㄞˋ
心焉如割,1,ㄒㄧㄣ ㄧㄢ ㄖㄨˊ ㄍㄜ
心無二想,1,ㄒㄧㄣ ㄨˊ ㄦˋ ㄒㄧㄤˇ
心焦如火,1,ㄒㄧㄣ ㄐㄧㄠ ㄖㄨˊ ㄏㄨㄛˇ
心焦如焚,1,ㄒㄧㄣ ㄐㄧㄠ ㄖㄨˊ ㄈㄣˊ
心照神交,1,ㄒㄧㄣ ㄓㄠˋ ㄕㄣˊ ㄐㄧㄠ
心煩慮亂,1,ㄒㄧㄣ ㄈㄢˊ ㄌㄩˋ ㄌㄨㄢˋ
心煩技癢,1,ㄒㄧㄣ ㄈㄢˊ ㄐㄧˋ ㄧㄤˇ
心物合一,1,ㄒㄧㄣ ㄨˋ ㄏㄜˊ ㄧ
心理健康,1,ㄒㄧㄣ ㄌㄧˇ ㄐㄧㄢˋ ㄎㄤ
心理年齡,1,ㄒㄧㄣ ㄌㄧˇ ㄋㄧㄢˊ ㄌㄧㄥˊ
心理建設,1,ㄒㄧㄣ ㄌㄧˇ ㄐㄧㄢˋ ㄕㄜˋ
心理測驗,1,ㄒㄧㄣ ㄌㄧˇ ㄘㄜˋ ㄧㄢˋ
心理療法,1,ㄒㄧㄣ ㄌㄧˇ ㄌㄧㄠˊ ㄈㄚˇ
心理變態,1,ㄒㄧㄣ ㄌㄧˇ ㄅㄧㄢˋ ㄊㄞˋ
心甜意洽,1,ㄒㄧㄣ ㄊㄧㄢˊ ㄧˋ ㄑㄧㄚˋ
心生一計,1,ㄒㄧㄣ ㄕㄥ ㄧ ㄐㄧˋ
心疼肝斷,1,ㄒㄧㄣ ㄊㄥˊ ㄍㄢ ㄉㄨㄢˋ
心癢難揉,1,ㄒㄧㄣ ㄧㄤˇ ㄋㄢˊ ㄖㄡˊ
心癢難搔,1,ㄒㄧㄣ ㄧㄤˇ ㄋㄢˊ ㄙㄠ
心癢難撓,1,ㄒㄧㄣ ㄧㄤˇ ㄋㄢˊ ㄋㄠˊ
心癢難撾,1,ㄒㄧㄣ ㄧㄤˇ ㄋㄢˊ ㄓㄨㄚ
心癢難熬,1,ㄒㄧㄣ ㄧㄤˇ ㄋㄢˊ ㄠˊ
心直嘴快,1,ㄒㄧㄣ ㄓˊ ㄗㄨㄟˇ ㄎㄨㄞˋ
心瞻魏闕,1,ㄒㄧㄣ ㄓㄢ ㄨㄟˋ ㄑㄩㄝˋ
心神不定,1,ㄒㄧㄣ ㄕㄣˊ ㄅㄨˋ ㄉㄧㄥˋ
心神俱爽,1,ㄒㄧㄣ ㄕㄣˊ ㄐㄩˋ ㄕㄨㄤˇ
心神專注,1,ㄒㄧㄣ ㄕㄣˊ ㄓㄨㄢ ㄓㄨˋ
心神恍惚,1,ㄒㄧㄣ ㄕㄣˊ ㄏㄨㄤˇ ㄏㄨ
心粗氣浮,1,ㄒㄧㄣ ㄘㄨ ㄑㄧˋ ㄈㄨˊ
心粗膽大,1,ㄒㄧㄣ ㄘㄨ ㄉㄢˇ ㄉㄚˋ
心細如髮,1,ㄒㄧㄣ ㄒㄧˋ ㄖㄨˊ ㄈㄚˇ
心緒如麻,1,ㄒㄧㄣ ㄒㄩˋ ㄖㄨˊ ㄇㄚˊ
心緒恍惚,1,ㄒㄧㄣ ㄒㄩˋ ㄏㄨㄤˇ ㄏㄨ
心肯意肯,1,ㄒㄧㄣ ㄎㄣˇ ㄧˋ ㄎㄣˇ
心腹之交,1,ㄒㄧㄣ ㄈㄨˋ ㄓ ㄐㄧㄠ
心腹之憂,1,ㄒㄧㄣ ㄈㄨˋ ㄓ ㄧㄡ
心腹之疾,1,ㄒㄧㄣ ㄈㄨˋ ㄓ ㄐㄧˊ
心腹重患,1,ㄒㄧㄣ ㄈㄨˋ ㄓㄨㄥˋ ㄏㄨㄢˋ
心膂爪牙,1,ㄒㄧㄣ ㄌㄩˇ ㄓㄠˇ ㄧㄚˊ
心膽俱寒,1,ㄒㄧㄣ ㄉㄢˇ ㄐㄩˋ ㄏㄢˊ
心膽俱碎,1,ㄒㄧㄣ ㄉㄢˇ ㄐㄩˋ ㄙㄨㄟˋ
心膽墮地,1,ㄒㄧㄣ ㄉㄢˇ ㄉㄨㄛˋ ㄉㄧˋ
心臟按摩,1,ㄒㄧㄣ ㄗㄤˋ ㄢˋ ㄇㄛˊ
心臟移植,1,ㄒㄧㄣ ㄗㄤˋ ㄧˊ ㄓˊ
心臟衰竭,1,ㄒㄧㄣ ㄗㄤˋ ㄕㄨㄞ ㄐㄧㄝˊ
心花怒發,1,ㄒㄧㄣ ㄏㄨㄚ ㄋㄨˋ ㄈㄚ
心花怒開,1,ㄒㄧㄣ ㄏㄨㄚ ㄋㄨˋ ㄎㄞ
心若死灰,1,ㄒㄧㄣ ㄖㄨㄛˋ ㄙˇ ㄏㄨㄟ
心蕩神怡,1,ㄒㄧㄣ ㄉㄤˋ ㄕㄣˊ ㄧˊ
心蕩神搖,1,ㄒㄧㄣ ㄉㄤˋ ㄕㄣˊ ㄧㄠˊ
心蕩神迷,1,ㄒㄧㄣ ㄉㄤˋ ㄕㄣˊ ㄇㄧˊ
心虔志誠,1,ㄒㄧㄣ ㄑㄧㄢˊ ㄓˋ ㄔㄥˊ
心融神會,1,ㄒㄧㄣ ㄖㄨㄥˊ ㄕㄣˊ ㄏㄨㄟˋ
心血來潮,1,ㄒㄧㄣ ㄒㄩㄝˋ ㄌㄞˊ ㄔㄠˊ
心術不正,1,ㄒㄧㄣ ㄕㄨˋ ㄅㄨˋ ㄓㄥˋ
心裡有數,1,ㄒㄧㄣ ㄌㄧ˙ ㄧㄡˇ ㄕㄨˋ
心誠意潔,1,ㄒㄧㄣ ㄔㄥˊ ㄧˋ ㄐㄧㄝˊ
心謗腹非,1,ㄒㄧㄣ ㄅㄤˋ ㄈㄨˋ ㄈㄟ
心貫白日,1,ㄒㄧㄣ ㄍㄨㄢˋ ㄅㄞˊ ㄖˋ
心跳耳熱,1,ㄒㄧㄣ ㄊㄧㄠˋ ㄦˇ ㄖㄜˋ
心身俱忘,1,ㄒㄧㄣ ㄕㄣ ㄐㄩˋ ㄨㄤˋ
心身俱瘁,1,ㄒㄧㄣ ㄕㄣ ㄐㄩˋ ㄘㄨㄟˋ
心長髮短,1,ㄒㄧㄣ ㄔㄤˊ ㄈㄚˇ ㄉㄨㄢˇ
心開目明,1,ㄒㄧㄣ ㄎㄞ ㄇㄨˋ ㄇㄧㄥˊ
心閑手敏,1,ㄒㄧㄣ ㄒㄧㄢˊ ㄕㄡˇ ㄇㄧㄣˇ
心靈福至,1,ㄒㄧㄣ ㄌㄧㄥˊ ㄈㄨˊ ㄓˋ
心靈音樂,1,ㄒㄧㄣ ㄌㄧㄥˊ ㄧㄣ ㄩㄝˋ
心頭之恨,1,ㄒㄧㄣ ㄊㄡˊ ㄓ ㄏㄣˋ
心頭火起,1,ㄒㄧㄣ ㄊㄡˊ ㄏㄨㄛˇ ㄑㄧˇ
心頭起火,1,ㄒㄧㄣ ㄊㄡˊ ㄑㄧˇ ㄏㄨㄛˇ
心馳神往,1,ㄒㄧㄣ ㄔˊ ㄕㄣˊ ㄨㄤˇ
心馳魏闕,1,ㄒㄧㄣ ㄔˊ ㄨㄟˋ ㄑㄩㄝˋ
心驚肉戰,1,ㄒㄧㄣ ㄐㄧㄥ ㄖㄡˋ ㄓㄢˋ
心驚肉顫,1,ㄒㄧㄣ ㄐㄧㄥ ㄖㄡˋ ㄓㄢˋ
心驚膽喪,1,ㄒㄧㄣ ㄐㄧㄥ ㄉㄢˇ ㄙㄤˋ
心驚膽寒,1,ㄒㄧㄣ ㄐㄧㄥ ㄉㄢˇ ㄏㄢˊ
心驚膽怕,1,ㄒㄧㄣ ㄐㄧㄥ ㄉㄢˇ ㄆㄚˋ
心驚膽懾,1,ㄒㄧㄣ ㄐㄧㄥ ㄉㄢˇ ㄓㄜˊ
心驚膽落,1,ㄒㄧㄣ ㄐㄧㄥ ㄉㄢˇ ㄌㄨㄛˋ
心高氣硬,1,ㄒㄧㄣ ㄍㄠ ㄑㄧˋ ㄧㄥˋ
心魂不定,1,ㄒㄧㄣ ㄏㄨㄣˊ ㄅㄨˋ ㄉㄧㄥˋ
心麤膽壯,1,ㄒㄧㄣ ㄘㄨ ㄉㄢˇ ㄓㄨㄤˋ
心麤膽大,1,ㄒㄧㄣ ㄘㄨ ㄉㄢˇ ㄉㄚˋ
忍垢偷生,1,ㄖㄣˇ ㄍㄡˋ ㄊㄡ ㄕㄥ
忍尤含詬,1,ㄖㄣˇ ㄧㄡˊ ㄏㄢˊ ㄍㄡˋ
忍心害理,1,ㄖㄣˇ ㄒㄧㄣ ㄏㄞˋ ㄌㄧˇ
忍恥偷生,1,ㄖㄣˇ ㄔˇ ㄊㄡ ㄕㄥ
忍恥含垢,1,ㄖㄣˇ ㄔˇ ㄏㄢˊ ㄍㄡˋ
忍恥含羞,1,ㄖㄣˇ ㄔˇ ㄏㄢˊ ㄒㄧㄡ
忍辱偷生,1,ㄖㄣˇ ㄖㄨˋ ㄊㄡ ㄕㄥ
忍辱含垢,1,ㄖㄣˇ ㄖㄨˋ ㄏㄢˊ ㄍㄡˋ
忍辱含羞,1,ㄖㄣˇ ㄖㄨˋ ㄏㄢˊ ㄒㄧㄡ
忍辱求全,1,ㄖㄣˇ ㄖㄨˋ ㄑㄧㄡˊ ㄑㄩㄢˊ
忍飢挨餓,1,ㄖㄣˇ ㄐㄧ ㄞ ㄜˋ
忍饑受渴,1,ㄖㄣˇ ㄐㄧ ㄕㄡˋ ㄎㄜˇ
忍饑受餓,1,ㄖㄣˇ ㄐㄧ ㄕㄡˋ ㄜˋ
忐上忑下,1,ㄊㄢˇ ㄕㄤˋ ㄊㄜˋ ㄒㄧㄚˋ
忐忐忑忑,1,ㄊㄢˇ ㄊㄢˇ ㄊㄜˋ ㄊㄜˋ
忐忑不定,1,ㄊㄢˇ ㄊㄜˋ ㄅㄨˋ ㄉㄧㄥˋ
忑忑忐忐,1,ㄊㄜˋ ㄊㄜˋ ㄊㄢˇ ㄊㄢˇ
忒楞楞騰,1,ㄊㄜˋ ㄌㄥˋ ㄌㄥˋ ㄊㄥˊ
忖前思後,1,ㄘㄨㄣˇ ㄑㄧㄢˊ ㄙ ㄏㄡˋ
志不可奪,1,ㄓˋ ㄅㄨˋ ㄎㄜˇ ㄉㄨㄛˊ
志同心合,1,ㄓˋ ㄊㄨㄥˊ ㄒㄧㄣ ㄏㄜˊ
志同氣合,1,ㄓˋ ㄊㄨㄥˊ ㄑㄧˋ ㄏㄜˊ
志在四方,1,ㄓˋ ㄗㄞˋ ㄙˋ ㄈㄤ
志士仁人,1,ㄓˋ ㄕˋ ㄖㄣˊ ㄖㄣˊ
志大心高,1,ㄓˋ ㄉㄚˋ ㄒㄧㄣ ㄍㄠ
志大才疏,1,ㄓˋ ㄉㄚˋ ㄘㄞˊ ㄕㄨ
志大才短,1,ㄓˋ ㄉㄚˋ ㄘㄞˊ ㄉㄨㄢˇ
志廣才疏,1,ㄓˋ ㄍㄨㄤˇ ㄘㄞˊ ㄕㄨ
志怪小說,1,ㄓˋ ㄍㄨㄞˋ ㄒㄧㄠˇ ㄕㄨㄛ
志氣凌雲,1,ㄓˋ ㄑㄧˋ ㄌㄧㄥˊ ㄩㄣˊ
志沖斗牛,1,ㄓˋ ㄔㄨㄥ ㄉㄡˇ ㄋㄧㄡˊ
志滿氣得,1,ㄓˋ ㄇㄢˇ ㄑㄧˋ ㄉㄜˊ
志能之士,1,ㄓˋ ㄋㄥˊ ㄓ ㄕˋ
志誠君子,1,ㄓˋ ㄔㄥˊ ㄐㄩㄣ ㄗˇ
志足意滿,1,ㄓˋ ㄗㄨˊ ㄧˋ ㄇㄢˇ
志驕意滿,1,ㄓˋ ㄐㄧㄠ ㄧˋ ㄇㄢˇ
忘八羔子,1,ㄨㄤˊ ㄅㄚ˙ ㄍㄠ ㄗ˙
忘其所以,1,ㄨㄤˋ ㄑㄧˊ ㄙㄨㄛˇ ㄧˇ
忘寢廢食,1,ㄨㄤˋ ㄑㄧㄣˇ ㄈㄟˋ ㄕˊ
忘年之契,1,ㄨㄤˋ ㄋㄧㄢˊ ㄓ ㄑㄧˋ
忘年之好,1,ㄨㄤˋ ㄋㄧㄢˊ ㄓ ㄏㄠˇ
忘形之交,1,ㄨㄤˋ ㄒㄧㄥˊ ㄓ ㄐㄧㄠ
忘形之契,1,ㄨㄤˋ ㄒㄧㄥˊ ㄓ ㄑㄧˋ
忘恩失義,1,ㄨㄤˋ ㄣ ㄕ ㄧˋ
忘恩背義,1,ㄨㄤˋ ㄣ ㄅㄟˋ ㄧˋ
忘戰必危,1,ㄨㄤˋ ㄓㄢˋ ㄅㄧˋ ㄨㄟˊ
忘戰者危,1,ㄨㄤˋ ㄓㄢˋ ㄓㄜˇ ㄨㄟˊ
忘生捨死,1,ㄨㄤˋ ㄕㄥ ㄕㄜˇ ㄙˇ
忘象得意,1,ㄨㄤˋ ㄒㄧㄤˋ ㄉㄜˊ ㄧˋ
忘餐失寢,1,ㄨㄤˋ ㄘㄢ ㄕ ㄑㄧㄣˇ
忘餐廢寢,1,ㄨㄤˋ ㄘㄢ ㄈㄟˋ ㄑㄧㄣˇ
忙上加忙,1,ㄇㄤˊ ㄕㄤˋ ㄐㄧㄚ ㄇㄤˊ
忙不擇價,1,ㄇㄤˊ ㄅㄨˋ ㄗㄜˊ ㄐㄧㄚˋ
忙不迭地,1,ㄇㄤˊ ㄅㄨˋ ㄉㄧㄝˊ ㄉㄜ˙
忙不迭的,1,ㄇㄤˊ ㄅㄨˋ ㄉㄧㄝˊ ㄉㄜ˙
忙不過來,1,ㄇㄤˊ ㄅㄨˋ ㄍㄨㄛˋ ㄌㄞˊ
忙了手腳,1,ㄇㄤˊ ㄌㄜ˙ ㄕㄡˇ ㄐㄧㄠˇ
忙作一團,1,ㄇㄤˊ ㄗㄨㄛˋ ㄧ ㄊㄨㄢˊ
忙忙劫劫,1,ㄇㄤˊ ㄇㄤˊ ㄐㄧㄝˊ ㄐㄧㄝˊ
忙手忙腳,1,ㄇㄤˊ ㄕㄡˇ ㄇㄤˊ ㄐㄧㄠˇ
忙投急趁,1,ㄇㄤˊ ㄊㄡˊ ㄐㄧˊ ㄔㄣˋ
忙裡偷閒,1,ㄇㄤˊ ㄌㄧ˙ ㄊㄡ ㄒㄧㄢˊ
忝列門牆,1,ㄊㄧㄢˇ ㄌㄧㄝˋ ㄇㄣˊ ㄑㄧㄤˊ
忝在愛末,1,ㄊㄧㄢˇ ㄗㄞˋ ㄞˋ ㄇㄛˋ
忠孝節烈,1,ㄓㄨㄥ ㄒㄧㄠˋ ㄐㄧㄝˊ ㄌㄧㄝˋ
忠孝節義,1,ㄓㄨㄥ ㄒㄧㄠˋ ㄐㄧㄝˊ ㄧˋ
忠孝賢良,1,ㄓㄨㄥ ㄒㄧㄠˋ ㄒㄧㄢˊ ㄌㄧㄤˊ
忠孝雙全,1,ㄓㄨㄥ ㄒㄧㄠˋ ㄕㄨㄤ ㄑㄩㄢˊ
忠心貫日,1,ㄓㄨㄥ ㄒㄧㄣ ㄍㄨㄢˋ ㄖˋ
忠心赤膽,1,ㄓㄨㄥ ㄒㄧㄣ ㄔˋ ㄉㄢˇ
忠於職守,1,ㄓㄨㄥ ㄩˊ ㄓˊ ㄕㄡˇ
忠義雙全,1,ㄓㄨㄥ ㄧˋ ㄕㄨㄤ ㄑㄩㄢˊ
忠臣烈士,1,ㄓㄨㄥ ㄔㄣˊ ㄌㄧㄝˋ ㄕˋ
忠臣義士,1,ㄓㄨㄥ ㄔㄣˊ ㄧˋ ㄕˋ
忠言嘉謨,1,ㄓㄨㄥ ㄧㄢˊ ㄐㄧㄚ ㄇㄛˊ
忠言奇謀,1,ㄓㄨㄥ ㄧㄢˊ ㄑㄧˊ ㄇㄛˊ
忠言奇謀,1,ㄓㄨㄥ ㄧㄢˊ ㄑㄧˊ ㄇㄡˊ
忠言讜論,1,ㄓㄨㄥ ㄧㄢˊ ㄉㄤˇ ㄌㄨㄣˋ
忠貞不渝,1,ㄓㄨㄥ ㄓㄣ ㄅㄨˋ ㄩˊ
忠貫白日,1,ㄓㄨㄥ ㄍㄨㄢˋ ㄅㄞˊ ㄖˋ
忤逆不孝,1,ㄨˇ ㄋㄧˋ ㄅㄨˋ ㄒㄧㄠˋ
快快當當,1,ㄎㄨㄞˋ ㄎㄨㄞ˙ ㄉㄤ ㄉㄤ
快樂主義,1,ㄎㄨㄞˋ ㄌㄜˋ ㄓㄨˇ ㄧˋ
快犢破車,1,ㄎㄨㄞˋ ㄉㄨˊ ㄆㄛˋ ㄔㄜ
快碼倉頡,1,ㄎㄨㄞˋ ㄇㄚˇ ㄘㄤ ㄐㄧㄝˊ
快速帆船,1,ㄎㄨㄞˋ ㄙㄨˋ ㄈㄢˊ ㄔㄨㄢˊ
念不絕口,1,ㄋㄧㄢˋ ㄅㄨˋ ㄐㄩㄝˊ ㄎㄡˇ
念念不忘,1,ㄋㄧㄢˋ ㄋㄧㄢˋ ㄅㄨˋ ㄨㄤˋ
念曲叫曲,1,ㄋㄧㄢˋ ㄑㄩˇ ㄐㄧㄠˋ ㄑㄩˇ
念短頭經,1,ㄋㄧㄢˋ ㄉㄨㄢˇ ㄊㄡˊ ㄐㄧㄥ
忻忻得意,1,ㄒㄧㄣ ㄒㄧㄣ ㄉㄜˊ ㄧˋ
忽喜忽憂,1,ㄏㄨ ㄒㄧˇ ㄏㄨ ㄧㄡ
忽忽不樂,1,ㄏㄨ ㄏㄨ ㄅㄨˋ ㄌㄜˋ
忽東忽西,1,ㄏㄨ ㄉㄨㄥ ㄏㄨ ㄒㄧ
忽聚忽散,1,ㄏㄨ ㄐㄩˋ ㄏㄨ ㄙㄢˋ
忽隱忽現,1,ㄏㄨ ㄧㄣˇ ㄏㄨ ㄒㄧㄢˋ
忿不顧身,1,ㄈㄣˋ ㄅㄨˋ ㄍㄨˋ ㄕㄣ
忿世嫉俗,1,ㄈㄣˋ ㄕˋ ㄐㄧˊ ㄙㄨˊ
忿世嫉邪,1,ㄈㄣˋ ㄕˋ ㄐㄧˊ ㄒㄧㄝˊ
忿然作色,1,ㄈㄣˋ ㄖㄢˊ ㄗㄨㄛˋ ㄙㄜˋ
怏怏不安,1,ㄧㄤˋ ㄧㄤˋ ㄅㄨˋ ㄢ
怏怏不平,1,ㄧㄤˋ ㄧㄤˋ ㄅㄨˋ ㄆㄧㄥˊ
怏怏不悅,1,ㄧㄤˋ ㄧㄤˋ ㄅㄨˋ ㄩㄝˋ
怏怏不樂,1,ㄧㄤˋ ㄧㄤˋ ㄅㄨˋ ㄌㄜˋ
怒不可抑,1,ㄋㄨˋ ㄅㄨˋ ㄎㄜˇ ㄧˋ
怒氣填胸,1,ㄋㄨˋ ㄑㄧˋ ㄊㄧㄢˊ ㄒㄩㄥ
怒氣攻心,1,ㄋㄨˋ ㄑㄧˋ ㄍㄨㄥ ㄒㄧㄣ
怒氣沖天,1,ㄋㄨˋ ㄑㄧˋ ㄔㄨㄥ ㄊㄧㄢ
怒氣沖發,1,ㄋㄨˋ ㄑㄧˋ ㄔㄨㄥ ㄈㄚ
怒濤排壑,1,ㄋㄨˋ ㄊㄠˊ ㄆㄞˊ ㄏㄨㄛˋ
怒猊抉石,1,ㄋㄨˋ ㄋㄧˊ ㄐㄩㄝˊ ㄕˊ
怒猊渴驥,1,ㄋㄨˋ ㄋㄧˊ ㄎㄜˇ ㄐㄧˋ
怒目切齒,1,ㄋㄨˋ ㄇㄨˋ ㄑㄧㄝˋ ㄔˇ
怒目咬牙,1,ㄋㄨˋ ㄇㄨˋ ㄧㄠˇ ㄧㄚˊ
怒目攢眉,1,ㄋㄨˋ ㄇㄨˋ ㄘㄨㄢˊ ㄇㄟˊ
怒目橫眉,1,ㄋㄨˋ ㄇㄨˋ ㄏㄥˊ ㄇㄟˊ
怒臂當車,1,ㄋㄨˋ ㄅㄧˋ ㄉㄤˇ ㄔㄜ
怔忡不安,1,ㄓㄥ ㄔㄨㄥ ㄅㄨˋ ㄢ
怕三怕四,1,ㄆㄚˋ ㄙㄢ ㄆㄚˋ ㄙˋ
怕人設設,1,ㄆㄚˋ ㄖㄣˊ ㄕㄜˋ ㄕㄜˋ
怕死貪生,1,ㄆㄚˋ ㄙˇ ㄊㄢ ㄕㄥ
怕長怕短,1,ㄆㄚˋ ㄔㄤˊ ㄆㄚˋ ㄉㄨㄢˇ
怙惡不改,1,ㄏㄨˋ ㄜˋ ㄅㄨˋ ㄍㄞˇ
怛然失色,1,ㄉㄚˊ ㄖㄢˊ ㄕ ㄙㄜˋ
思不出位,1,ㄙ ㄅㄨˋ ㄔㄨ ㄨㄟˋ
思前算後,1,ㄙ ㄑㄧㄢˊ ㄙㄨㄢˋ ㄏㄡˋ
思古幽情,1,ㄙ ㄍㄨˇ ㄧㄡ ㄑㄧㄥˊ
思如泉湧,1,ㄙ ㄖㄨˊ ㄑㄩㄢˊ ㄩㄥˇ
思如湧泉,1,ㄙ ㄖㄨˊ ㄩㄥˇ ㄑㄩㄢˊ
思惹情牽,1,ㄙ ㄖㄜˇ ㄑㄧㄥˊ ㄑㄧㄢ
思深憂遠,1,ㄙ ㄕㄣ ㄧㄡ ㄩㄢˇ
思深語近,1,ㄙ ㄕㄣ ㄩˇ ㄐㄧㄣˋ
思若湧泉,1,ㄙ ㄖㄨㄛˋ ㄩㄥˇ ㄑㄩㄢˊ
思賢如渴,1,ㄙ ㄒㄧㄢˊ ㄖㄨˊ ㄎㄜˇ
怡堂燕雀,1,ㄧˊ ㄊㄤˊ ㄧㄢˋ ㄑㄩㄝˋ
怡情理性,1,ㄧˊ ㄑㄧㄥˊ ㄌㄧˇ ㄒㄧㄥˋ
怡然自娛,1,ㄧˊ ㄖㄢˊ ㄗˋ ㄩˊ
怡然自悅,1,ㄧˊ ㄖㄢˊ ㄗˋ ㄩㄝˋ
怡然自樂,1,ㄧˊ ㄖㄢˊ ㄗˋ ㄌㄜˋ
怡然自足,1,ㄧˊ ㄖㄢˊ ㄗˋ ㄗㄨˊ
怡聲下氣,1,ㄧˊ ㄕㄥ ㄒㄧㄚˋ ㄑㄧˋ
怡顏悅色,1,ㄧˊ ㄧㄢˊ ㄩㄝˋ ㄙㄜˋ
急不可待,1,ㄐㄧˊ ㄅㄨˋ ㄎㄜˇ ㄉㄞˋ
急不可耐,1,ㄐㄧˊ ㄅㄨˋ ㄎㄜˇ ㄋㄞˋ
急不擇言,1,ㄐㄧˊ ㄅㄨˋ ㄗㄜˊ ㄧㄢˊ
急人之困,1,ㄐㄧˊ ㄖㄣˊ ㄓ ㄎㄨㄣˋ
急人之難,1,ㄐㄧˊ ㄖㄣˊ ㄓ ㄋㄢˋ
急功近名,1,ㄐㄧˊ ㄍㄨㄥ ㄐㄧㄣˋ ㄇㄧㄥˊ
急如風火,1,ㄐㄧˊ ㄖㄨˊ ㄈㄥ ㄏㄨㄛˇ
急并各邦,1,ㄐㄧˊ ㄅㄧㄥˋ ㄍㄜˋ ㄅㄤ
急張拘諸,1,ㄐㄧˊ ㄓㄤ ㄐㄩ ㄓㄨ
急征重斂,1,ㄐㄧˊ ㄓㄥ ㄓㄨㄥˋ ㄌㄧㄢˋ
急忿怨痛,1,ㄐㄧˊ ㄈㄣˋ ㄩㄢˋ ㄊㄨㄥˋ
急急巴巴,1,ㄐㄧˊ ㄐㄧ˙ ㄅㄚ ㄅㄚ
急急忙忙,1,ㄐㄧˊ ㄐㄧ˙ ㄇㄤˊ ㄇㄤˊ
急急腳腳,1,ㄐㄧˊ ㄐㄧ˙ ㄐㄧㄠˇ ㄐㄧㄠˇ
急急鋪鋪,1,ㄐㄧˊ ㄐㄧ˙ ㄆㄨ ㄆㄨ
急景凋年,1,ㄐㄧˊ ㄐㄧㄥˇ ㄉㄧㄠ ㄋㄧㄢˊ
急景流年,1,ㄐㄧˊ ㄐㄧㄥˇ ㄌㄧㄡˊ ㄋㄧㄢˊ
急火攻心,1,ㄐㄧˊ ㄏㄨㄛˇ ㄍㄨㄥ ㄒㄧㄣ
急留骨碌,1,ㄐㄧˊ ㄌㄧㄡ˙ ㄍㄨ ㄌㄨ˙
急竹繁絲,1,ㄐㄧˊ ㄓㄨˊ ㄈㄢˊ ㄙ
急管繁絃,1,ㄐㄧˊ ㄍㄨㄢˇ ㄈㄢˊ ㄒㄧㄢˊ
急脈緩受,1,ㄐㄧˊ ㄇㄛˋ ㄏㄨㄢˇ ㄕㄡˋ
急赤白臉,1,ㄐㄧˊ ㄔˋ ㄅㄞˊ ㄌㄧㄢˇ
急進主義,1,ㄐㄧˊ ㄐㄧㄣˋ ㄓㄨˇ ㄧˋ
急風暴雨,1,ㄐㄧˊ ㄈㄥ ㄅㄠˋ ㄩˇ
怦然心動,1,ㄆㄥ ㄖㄢˊ ㄒㄧㄣ ㄉㄨㄥˋ
性別歧視,1,ㄒㄧㄥˋ ㄅㄧㄝˊ ㄑㄧˊ ㄕˋ
性命之交,1,ㄒㄧㄥˋ ㄇㄧㄥˋ ㄓ ㄐㄧㄠ
性命之憂,1,ㄒㄧㄥˋ ㄇㄧㄥˋ ㄓ ㄧㄡ
性工作者,1,ㄒㄧㄥˋ ㄍㄨㄥ ㄗㄨㄛˋ ㄓㄜˇ
性情中人,1,ㄒㄧㄥˋ ㄑㄧㄥˊ ㄓㄨㄥ ㄖㄣˊ
性情相近,1,ㄒㄧㄥˋ ㄑㄧㄥˊ ㄒㄧㄤ ㄐㄧㄣˋ
性染色體,1,ㄒㄧㄥˋ ㄖㄢˇ ㄙㄜˋ ㄊㄧˇ
性格悲劇,1,ㄒㄧㄥˋ ㄍㄜˊ ㄅㄟ ㄐㄩˋ
性潑凶頑,1,ㄒㄧㄥˋ ㄆㄛ ㄒㄩㄥ ㄨㄢˊ
性荷爾蒙,1,ㄒㄧㄥˋ ㄏㄜˊ ㄦˇ ㄇㄥˊ
怨世罵時,1,ㄩㄢˋ ㄕˋ ㄇㄚˋ ㄕˊ
怨入骨髓,1,ㄩㄢˋ ㄖㄨˋ ㄍㄨˇ ㄙㄨㄟˇ
怨天怨地,1,ㄩㄢˋ ㄊㄧㄢ ㄩㄢˋ ㄉㄧˋ
怨女曠夫,1,ㄩㄢˋ ㄋㄩˇ ㄎㄨㄤˋ ㄈㄨ
怨憎會苦,1,ㄩㄢˋ ㄗㄥ ㄏㄨㄟˋ ㄎㄨˇ
怨氣沖天,1,ㄩㄢˋ ㄑㄧˋ ㄔㄨㄥ ㄊㄧㄢ
怨氣滿腹,1,ㄩㄢˋ ㄑㄧˋ ㄇㄢˇ ㄈㄨˋ
怨而不言,1,ㄩㄢˋ ㄦˊ ㄅㄨˋ ㄧㄢˊ
怨聲滿道,1,ㄩㄢˋ ㄕㄥ ㄇㄢˇ ㄉㄠˋ
怨聲盈路,1,ㄩㄢˋ ㄕㄥ ㄧㄥˊ ㄌㄨˋ
怨聲載路,1,ㄩㄢˋ ㄕㄥ ㄗㄞˋ ㄌㄨˋ
怪模怪樣,1,ㄍㄨㄞˋ ㄇㄨˊ ㄍㄨㄞˋ ㄧㄤˋ
怪沒意思,1,ㄍㄨㄞˋ ㄇㄟˊ ㄧˋ ㄙ
怪腔怪調,1,ㄍㄨㄞˋ ㄑㄧㄤ ㄍㄨㄞˋ ㄉㄧㄠˋ
怫然不悅,1,ㄈㄟˋ ㄖㄢˊ ㄅㄨˋ ㄩㄝˋ
怫然作色,1,ㄈㄟˋ ㄖㄢˊ ㄗㄨㄛˋ ㄙㄜˋ
怫然變色,1,ㄈㄟˋ ㄖㄢˊ ㄅㄧㄢˋ ㄙㄜˋ
怯怯喬喬,1,ㄑㄩㄝˋ ㄑㄩㄝˋ ㄑㄧㄠˊ ㄑㄧㄠˊ
怯怯羞羞,1,ㄑㄩㄝˋ ㄑㄩㄝˋ ㄒㄧㄡ ㄒㄧㄡ
怯聲怯氣,1,ㄑㄩㄝˋ ㄕㄥ ㄑㄩㄝˋ ㄑㄧˋ
怯頭怯惱,1,ㄑㄩㄝˋ ㄊㄡˊ ㄑㄩㄝˋ ㄋㄠˇ
怵怵忐忐,1,ㄔㄨˋ ㄔㄨ˙ ㄊㄢˇ ㄊㄢˇ
怵魄動心,1,ㄔㄨˋ ㄆㄛˋ ㄉㄨㄥˋ ㄒㄧㄣ
恂恂善誘,1,ㄒㄩㄣˊ ㄒㄩㄣˊ ㄕㄢˋ ㄧㄡˋ
恃勢凌人,1,ㄕˋ ㄕˋ ㄌㄧㄥˊ ㄖㄣˊ
恃才矜己,1,ㄕˋ ㄘㄞˊ ㄐㄧㄣ ㄐㄧˇ
恃才自專,1,ㄕˋ ㄘㄞˊ ㄗˋ ㄓㄨㄢ
恆久不渝,1,ㄏㄥˊ ㄐㄧㄡˇ ㄅㄨˋ ㄩˊ
恆星週期,1,ㄏㄥˊ ㄒㄧㄥ ㄓㄡ ㄑㄧˊ
恆春半島,1,ㄏㄥˊ ㄔㄨㄣ ㄅㄢˋ ㄉㄠˇ
恆溫動物,1,ㄏㄥˊ ㄨㄣ ㄉㄨㄥˋ ㄨˋ
恆若不足,1,ㄏㄥˊ ㄖㄨㄛˋ ㄅㄨˋ ㄗㄨˊ
恐後爭先,1,ㄎㄨㄥˇ ㄏㄡˋ ㄓㄥ ㄒㄧㄢ
恐怖分子,1,ㄎㄨㄥˇ ㄅㄨˋ ㄈㄣˋ ㄗˇ
恐怖小說,1,ㄎㄨㄥˇ ㄅㄨˋ ㄒㄧㄠˇ ㄕㄨㄛ
恐怖時代,1,ㄎㄨㄥˇ ㄅㄨˋ ㄕˊ ㄉㄞˋ
恐惶悚懼,1,ㄎㄨㄥˇ ㄏㄨㄤˊ ㄙㄨㄥˇ ㄐㄩˋ
恐懼不安,1,ㄎㄨㄥˇ ㄐㄩˋ ㄅㄨˋ ㄢ
恓恓惶惶,1,ㄒㄧ ㄒㄧ ㄏㄨㄤˊ ㄏㄨㄤˊ
恓恓插插,1,ㄒㄧ ㄒㄧ ㄔㄚ ㄔㄚ
恕己及人,1,ㄕㄨˋ ㄐㄧˇ ㄐㄧˊ ㄖㄣˊ
恕己及物,1,ㄕㄨˋ ㄐㄧˇ ㄐㄧˊ ㄨˋ
恢宏大度,1,ㄏㄨㄟ ㄏㄨㄥˊ ㄉㄚˋ ㄉㄨˋ
恢廓大度,1,ㄏㄨㄟ ㄎㄨㄛˋ ㄉㄚˋ ㄉㄨˋ
恢恢有餘,1,ㄏㄨㄟ ㄏㄨㄟ ㄧㄡˇ ㄩˊ
恣心所欲,1,ㄗˋ ㄒㄧㄣ ㄙㄨㄛˇ ㄩˋ
恣情縱欲,1,ㄗˋ ㄑㄧㄥˊ ㄗㄨㄥˋ ㄩˋ
恣意妄行,1,ㄗˋ ㄧˋ ㄨㄤˋ ㄒㄧㄥˊ
恣睢無忌,1,ㄘ ㄙㄨㄟ ㄨˊ ㄐㄧˋ
恣肆無忌,1,ㄗˋ ㄙˋ ㄨˊ ㄐㄧˋ
恤孤念寡,1,ㄒㄩˋ ㄍㄨ ㄋㄧㄢˋ ㄍㄨㄚˇ
恤孤念苦,1,ㄒㄩˋ ㄍㄨ ㄋㄧㄢˋ ㄎㄨˇ
恤老憐貧,1,ㄒㄩˋ ㄌㄠˇ ㄌㄧㄢˊ ㄆㄧㄣˊ
恤近忽遠,1,ㄒㄩˋ ㄐㄧㄣˋ ㄏㄨ ㄩㄢˇ
恥居人下,1,ㄔˇ ㄐㄩ ㄖㄣˊ ㄒㄧㄚˋ
恥居王後,1,ㄔˇ ㄐㄩ ㄨㄤˊ ㄏㄡˋ
恨之切骨,1,ㄏㄣˋ ㄓ ㄑㄧㄝˋ ㄍㄨˇ
恨入心髓,1,ㄏㄣˋ ㄖㄨˋ ㄒㄧㄣ ㄙㄨㄟˇ
恨相知晚,1,ㄏㄣˋ ㄒㄧㄤ ㄓ ㄨㄢˇ
恨相見晚,1,ㄏㄣˋ ㄒㄧㄤ ㄐㄧㄢˋ ㄨㄢˇ
恨苦修行,1,ㄏㄣˋ ㄎㄨˇ ㄒㄧㄡ ㄒㄧㄥˊ
恩同父母,1,ㄣ ㄊㄨㄥˊ ㄈㄨˋ ㄇㄨˇ
恩威並濟,1,ㄣ ㄨㄟ ㄅㄧㄥˋ ㄐㄧˋ
恩威並著,1,ㄣ ㄨㄟ ㄅㄧㄥˋ ㄓㄨˋ
恩威並重,1,ㄣ ㄨㄟ ㄅㄧㄥˋ ㄓㄨㄥˋ
恩斷意絕,1,ㄣ ㄉㄨㄢˋ ㄧˋ ㄐㄩㄝˊ
恩星照命,1,ㄣ ㄒㄧㄥ ㄓㄠˋ ㄇㄧㄥˋ
恩梅開江,1,ㄣ ㄇㄟˊ ㄎㄞ ㄐㄧㄤ
恩重丘山,1,ㄣ ㄓㄨㄥˋ ㄑㄧㄡ ㄕㄢ
恪守成式,1,ㄎㄜˋ ㄕㄡˇ ㄔㄥˊ ㄕˋ
恪守成憲,1,ㄎㄜˋ ㄕㄡˇ ㄔㄥˊ ㄒㄧㄢˋ
恫疑虛喝,1,ㄉㄨㄥˋ ㄧˊ ㄒㄩ ㄏㄜˋ
恫疑虛猲,1,ㄉㄨㄥˋ ㄧˊ ㄒㄩ ㄏㄜˋ
恬不為怪,1,ㄊㄧㄢˊ ㄅㄨˋ ㄨㄟˊ ㄍㄨㄞˋ
恬不為意,1,ㄊㄧㄢˊ ㄅㄨˋ ㄨㄟˊ ㄧˋ
恬不知怪,1,ㄊㄧㄢˊ ㄅㄨˋ ㄓ ㄍㄨㄞˋ
恬淡寡欲,1,ㄊㄧㄢˊ ㄉㄢˋ ㄍㄨㄚˇ ㄩˋ
恬淡無欲,1,ㄊㄧㄢˊ ㄉㄢˋ ㄨˊ ㄩˋ
恬淡無為,1,ㄊㄧㄢˊ ㄉㄢˋ ㄨˊ ㄨㄟˊ
恬然不恥,1,ㄊㄧㄢˊ ㄖㄢˊ ㄅㄨˋ ㄔˇ
恭儉靜一,1,ㄍㄨㄥ ㄐㄧㄢˇ ㄐㄧㄥˋ ㄧ
恭己待人,1,ㄍㄨㄥ ㄐㄧˇ ㄉㄞˋ ㄖㄣˊ
恭本正傳,1,ㄍㄨㄥ ㄅㄣ˙ ㄓㄥˋ ㄓㄨㄢˋ
恭肅嚴整,1,ㄍㄨㄥ ㄙㄨˋ ㄧㄢˊ ㄓㄥˇ
恭行天罰,1,ㄍㄨㄥ ㄒㄧㄥˊ ㄊㄧㄢ ㄈㄚˊ
恭謹謙和,1,ㄍㄨㄥ ㄐㄧㄣˇ ㄑㄧㄢ ㄏㄜˊ
恭逢其盛,1,ㄍㄨㄥ ㄈㄥˊ ㄑㄧˊ ㄕㄥˋ
息交絕游,1,ㄒㄧˊ ㄐㄧㄠ ㄐㄩㄝˊ ㄧㄡˊ
息影園林,1,ㄒㄧˊ ㄧㄥˇ ㄩㄢˊ ㄌㄧㄣˊ
息影林泉,1,ㄒㄧˊ ㄧㄥˇ ㄌㄧㄣˊ ㄑㄩㄢˊ
息心靜氣,1,ㄒㄧˊ ㄒㄧㄣ ㄐㄧㄥˋ ㄑㄧˋ
息黥補劓,1,ㄒㄧˊ ㄑㄧㄥˊ ㄅㄨˇ ㄧˋ
悃悃款款,1,ㄎㄨㄣˇ ㄎㄨㄣˇ ㄎㄨㄢˇ ㄎㄨㄢˇ
悃愊無華,1,ㄎㄨㄣˇ ㄅㄧˋ ㄨˊ ㄏㄨㄚˊ
悄悄冥冥,1,ㄑㄧㄠˇ ㄑㄧㄠˇ ㄇㄧㄥˊ ㄇㄧㄥˊ
悄悄蹙蹙,1,ㄑㄧㄠˇ ㄑㄧㄠˇ ㄘㄨˋ ㄘㄨˋ
悅心娛目,1,ㄩㄝˋ ㄒㄧㄣ ㄩˊ ㄇㄨˋ
悅目娛心,1,ㄩㄝˋ ㄇㄨˋ ㄩˊ ㄒㄧㄣ
悅近來遠,1,ㄩㄝˋ ㄐㄧㄣˋ ㄌㄞˊ ㄩㄢˇ
悉心戮力,1,ㄒㄧ ㄒㄧㄣ ㄌㄨˋ ㄌㄧˋ
悉心畢力,1,ㄒㄧ ㄒㄧㄣ ㄅㄧˋ ㄌㄧˋ
悉心竭力,1,ㄒㄧ ㄒㄧㄣ ㄐㄧㄝˊ ㄌㄧˋ
悉索敝賦,1,ㄒㄧ ㄙㄨㄛˇ ㄅㄧˋ ㄈㄨˋ
悉索薄賦,1,ㄒㄧ ㄙㄨㄛˇ ㄅㄛˊ ㄈㄨˋ
悍然不顧,1,ㄏㄢˋ ㄖㄢˊ ㄅㄨˋ ㄍㄨˋ
悒鬱不忿,1,ㄧˋ ㄩˋ ㄅㄨˋ ㄈㄣˋ
悔之不及,1,ㄏㄨㄟˇ ㄓ ㄅㄨˋ ㄐㄧˊ
悔之亡及,1,ㄏㄨㄟˇ ㄓ ㄨˊ ㄐㄧˊ
悔之何及,1,ㄏㄨㄟˇ ㄓ ㄏㄜˊ ㄐㄧˊ
悔之無及,1,ㄏㄨㄟˇ ㄓ ㄨˊ ㄐㄧˊ
悔毒之歎,1,ㄏㄨㄟˇ ㄉㄨˊ ㄓ ㄊㄢˋ
悔罪自新,1,ㄏㄨㄟˇ ㄗㄨㄟˋ ㄗˋ ㄒㄧㄣ
悔讀南華,1,ㄏㄨㄟˇ ㄉㄨˊ ㄋㄢˊ ㄏㄨㄚˊ
悔過自懺,1,ㄏㄨㄟˇ ㄍㄨㄛˋ ㄗˋ ㄔㄢˋ
悔過自新,1,ㄏㄨㄟˇ ㄍㄨㄛˋ ㄗˋ ㄒㄧㄣ
悔過自責,1,ㄏㄨㄟˇ ㄍㄨㄛˋ ㄗˋ ㄗㄜˊ
悖理違情,1,ㄅㄟˋ ㄌㄧˇ ㄨㄟˊ ㄑㄧㄥˊ
悚然心驚,1,ㄙㄨㄥˇ ㄖㄢˊ ㄒㄧㄣ ㄐㄧㄥ
悠然神往,1,ㄧㄡ ㄖㄢˊ ㄕㄣˊ ㄨㄤˇ
悠然自適,1,ㄧㄡ ㄖㄢˊ ㄗˋ ㄕˋ
悠閒自在,1,ㄧㄡ ㄒㄧㄢˊ ㄗˋ ㄗㄞˋ
患難夫妻,1,ㄏㄨㄢˋ ㄋㄢˋ ㄈㄨ ㄑㄧ
患難相恤,1,ㄏㄨㄢˋ ㄋㄢˋ ㄒㄧㄤ ㄒㄩˋ
患難相扶,1,ㄏㄨㄢˋ ㄋㄢˋ ㄒㄧㄤ ㄈㄨˊ
患難相死,1,ㄏㄨㄢˋ ㄋㄢˋ ㄒㄧㄤ ㄙˇ
悲不可抑,1,ㄅㄟ ㄅㄨˋ ㄎㄜˇ ㄧˋ
悲不自勝,1,ㄅㄟ ㄅㄨˋ ㄗˋ ㄕㄥ
悲劇反諷,1,ㄅㄟ ㄐㄩˋ ㄈㄢˇ ㄈㄥˋ
悲喜交切,1,ㄅㄟ ㄒㄧˇ ㄐㄧㄠ ㄑㄧㄝˋ
悲喜交并,1,ㄅㄟ ㄒㄧˇ ㄐㄧㄠ ㄅㄧㄥˋ
悲喜交至,1,ㄅㄟ ㄒㄧˇ ㄐㄧㄠ ㄓˋ
悲喜兼集,1,ㄅㄟ ㄒㄧˇ ㄐㄧㄢ ㄐㄧˊ
悲悲切切,1,ㄅㄟ ㄅㄟ ㄑㄧㄝˋ ㄑㄧㄝˋ
悲悲戚戚,1,ㄅㄟ ㄅㄟ ㄑㄧ ㄑㄧ
悲慘世界,1,ㄅㄟ ㄘㄢˇ ㄕˋ ㄐㄧㄝˋ
悲憤填膺,1,ㄅㄟ ㄈㄣˋ ㄊㄧㄢˊ ㄧㄥ
悲歌慷慨,1,ㄅㄟ ㄍㄜ ㄎㄤ ㄎㄞˇ
悲歡合散,1,ㄅㄟ ㄏㄨㄢ ㄏㄜˊ ㄙㄢˋ
悲歡歲月,1,ㄅㄟ ㄏㄨㄢ ㄙㄨㄟˋ ㄩㄝˋ
悲歡聚散,1,ㄅㄟ ㄏㄨㄢ ㄐㄩˋ ㄙㄢˋ
悲泗淋漓,1,ㄅㄟ ㄙˋ ㄌㄧㄣˊ ㄌㄧˊ
悲犬咸陽,1,ㄅㄟ ㄑㄩㄢˇ ㄒㄧㄢˊ ㄧㄤˊ
悲痛欲絕,1,ㄅㄟ ㄊㄨㄥˋ ㄩˋ ㄐㄩㄝˊ
悲秋傷春,1,ㄅㄟ ㄑㄧㄡ ㄕㄤ ㄔㄨㄣ
悲觀主義,1,ㄅㄟ ㄍㄨㄢ ㄓㄨˇ ㄧˋ
悵然自失,1,ㄔㄤˋ ㄖㄢˊ ㄗˋ ㄕ
悶不作聲,1,ㄇㄣ ㄅㄨˋ ㄗㄨㄛˋ ㄕㄥ
悶不吭聲,1,ㄇㄣ ㄅㄨˋ ㄎㄥ ㄕㄥ
悶悶不已,1,ㄇㄣˋ ㄇㄣˋ ㄅㄨˋ ㄧˇ
悶悶不樂,1,ㄇㄣˋ ㄇㄣˋ ㄅㄨˋ ㄌㄜˋ
悶悶渴渴,1,ㄇㄣˋ ㄇㄣˋ ㄏㄜˊ ㄏㄜˊ
悶數錢糧,1,ㄇㄣ ㄕㄨˇ ㄑㄧㄢˊ ㄌㄧㄤˊ
悶葫蘆罐,1,ㄇㄣˋ ㄏㄨˊ ㄌㄨ˙ ㄍㄨㄢˋ
悼心失圖,1,ㄉㄠˋ ㄒㄧㄣ ㄕ ㄊㄨˊ
悽悽惶惶,1,ㄑㄧ ㄑㄧ ㄏㄨㄤˊ ㄏㄨㄤˊ
悽悽慘慘,1,ㄑㄧ ㄑㄧ ㄘㄢˇ ㄘㄢˇ
惄如調饑,1,ㄋㄧˋ ㄖㄨˊ ㄊㄧㄠˊ ㄐㄧ
情不自勝,1,ㄑㄧㄥˊ ㄅㄨˋ ㄗˋ ㄕㄥ
情不自堪,1,ㄑㄧㄥˊ ㄅㄨˋ ㄗˋ ㄎㄢ
情不自禁,1,ㄑㄧㄥˊ ㄅㄨˋ ㄗˋ ㄐㄧㄣ
情之所鍾,1,ㄑㄧㄥˊ ㄓ ㄙㄨㄛˇ ㄓㄨㄥ
情同一家,1,ㄑㄧㄥˊ ㄊㄨㄥˊ ㄧ ㄐㄧㄚ
情同骨肉,1,ㄑㄧㄥˊ ㄊㄨㄥˊ ㄍㄨˇ ㄖㄡˋ
情同魚水,1,ㄑㄧㄥˊ ㄊㄨㄥˊ ㄩˊ ㄕㄨㄟˇ
情在言外,1,ㄑㄧㄥˊ ㄗㄞˋ ㄧㄢˊ ㄨㄞˋ
情報機關,1,ㄑㄧㄥˊ ㄅㄠˋ ㄐㄧ ㄍㄨㄢ
情孚意合,1,ㄑㄧㄥˊ ㄈㄨˊ ㄧˋ ㄏㄜˊ
情恕理遣,1,ㄑㄧㄥˊ ㄕㄨˋ ㄌㄧˇ ㄑㄧㄢˇ
情投意洽,1,ㄑㄧㄥˊ ㄊㄡˊ ㄧˋ ㄑㄧㄚˋ
情景交融,1,ㄑㄧㄥˊ ㄐㄧㄥˇ ㄐㄧㄠ ㄖㄨㄥˊ
情有獨鍾,1,ㄑㄧㄥˊ ㄧㄡˇ ㄉㄨˊ ㄓㄨㄥ
情況證據,1,ㄑㄧㄥˊ ㄎㄨㄤˋ ㄓㄥˋ ㄐㄩˋ
情海生波,1,ㄑㄧㄥˊ ㄏㄞˇ ㄕㄥ ㄅㄛ
情深意重,1,ㄑㄧㄥˊ ㄕㄣ ㄧˋ ㄓㄨㄥˋ
情深義重,1,ㄑㄧㄥˊ ㄕㄣ ㄧˋ ㄓㄨㄥˋ
情深骨肉,1,ㄑㄧㄥˊ ㄕㄣ ㄍㄨˇ ㄖㄡˋ
情溢於表,1,ㄑㄧㄥˊ ㄧˋ ㄩˊ ㄅㄧㄠˇ
情真意摯,1,ㄑㄧㄥˊ ㄓㄣ ㄧˋ ㄓˋ
情緒智商,1,ㄑㄧㄥˊ ㄒㄩˋ ㄓˋ ㄕㄤ
情若手足,1,ㄑㄧㄥˊ ㄖㄨㄛˋ ㄕㄡˇ ㄗㄨˊ
情見乎言,1,ㄑㄧㄥˊ ㄒㄧㄢˋ ㄏㄨ ㄧㄢˊ
情見乎辭,1,ㄑㄧㄥˊ ㄒㄧㄢˋ ㄏㄨ ㄘˊ
情見力屈,1,ㄑㄧㄥˊ ㄒㄧㄢˋ ㄌㄧˋ ㄑㄩ
情見勢屈,1,ㄑㄧㄥˊ ㄒㄧㄢˋ ㄕˋ ㄑㄩ
情見勢竭,1,ㄑㄧㄥˊ ㄒㄧㄢˋ ㄕˋ ㄐㄧㄝˊ
情詞懇切,1,ㄑㄧㄥˊ ㄘˊ ㄎㄣˇ ㄑㄧㄝˋ
情詞易工,1,ㄑㄧㄥˊ ㄘˊ ㄧˋ ㄍㄨㄥ
情趣商店,1,ㄑㄧㄥˊ ㄑㄩˋ ㄕㄤ ㄉㄧㄢˋ
情逾骨肉,1,ㄑㄧㄥˊ ㄩˊ ㄍㄨˇ ㄖㄡˋ
情重如山,1,ㄑㄧㄥˊ ㄓㄨㄥˋ ㄖㄨˊ ㄕㄢ
情非得已,1,ㄑㄧㄥˊ ㄈㄟ ㄉㄜˊ ㄧˇ
惑世盜名,1,ㄏㄨㄛˋ ㄕˋ ㄉㄠˋ ㄇㄧㄥˊ
惘然如失,1,ㄨㄤˇ ㄖㄢˊ ㄖㄨˊ ㄕ
惘若有失,1,ㄨㄤˇ ㄖㄨㄛˋ ㄧㄡˇ ㄕ
惜孤念寡,1,ㄒㄧˊ ㄍㄨ ㄋㄧㄢˋ ㄍㄨㄚˇ
惜指失掌,1,ㄒㄧˊ ㄓˇ ㄕ ㄓㄤˇ
惜老憐貧,1,ㄒㄧˊ ㄌㄠˇ ㄌㄧㄢˊ ㄆㄧㄣˊ
惜香憐玉,1,ㄒㄧˊ ㄒㄧㄤ ㄌㄧㄢˊ ㄩˋ
惟利是營,1,ㄨㄟˊ ㄌㄧˋ ㄕˋ ㄧㄥˊ
惟利是逐,1,ㄨㄟˊ ㄌㄧˋ ㄕˋ ㄓㄨˊ
惟力是視,1,ㄨㄟˊ ㄌㄧˋ ㄕˋ ㄕˋ
惟天可表,1,ㄨㄟˊ ㄊㄧㄢ ㄎㄜˇ ㄅㄧㄠˇ
惟精惟一,1,ㄨㄟˊ ㄐㄧㄥ ㄨㄟˊ ㄧ
惠子知我,1,ㄏㄨㄟˋ ㄗˇ ㄓ ㄨㄛˇ
惠州之役,1,ㄏㄨㄟˋ ㄓㄡ ㄓ ㄧˋ
惠施五車,1,ㄏㄨㄟˋ ㄕ ㄨˇ ㄐㄩ
惠然肯來,1,ㄏㄨㄟˋ ㄖㄢˊ ㄎㄣˇ ㄌㄞˊ
惠而不費,1,ㄏㄨㄟˋ ㄦˊ ㄅㄨˋ ㄈㄟˋ
惡叉白賴,1,ㄜˋ ㄔㄚ ㄅㄞˊ ㄌㄞˋ
惡性競爭,1,ㄜˋ ㄒㄧㄥˋ ㄐㄧㄥˋ ㄓㄥ
惡性腫瘤,1,ㄜˋ ㄒㄧㄥˋ ㄓㄨㄥˇ ㄌㄧㄡˊ
惡性貧血,1,ㄜˋ ㄒㄧㄥˋ ㄆㄧㄣˊ ㄒㄧㄝˇ
惡惡實實,1,ㄜˋ ㄜˋ ㄕˊ ㄕˊ
惡惡從短,1,ㄨˋ ㄜˋ ㄘㄨㄥˊ ㄉㄨㄢˇ
惡模惡樣,1,ㄜˋ ㄇㄛˊ ㄜˋ ㄧㄤˋ
惡濕居下,1,ㄨˋ ㄕ ㄐㄩ ㄒㄧㄚˋ
惡直醜正,1,ㄨˋ ㄓˊ ㄔㄡˇ ㄓㄥˋ
惡眉惡眼,1,ㄜˋ ㄇㄟ˙ ㄜˋ ㄧㄢˇ
惡稔禍盈,1,ㄜˋ ㄖㄣˇ ㄏㄨㄛˋ ㄧㄥˊ
惡稔罪盈,1,ㄜˋ ㄖㄣˇ ㄗㄨㄟˋ ㄧㄥˊ
惡稔貫盈,1,ㄜˋ ㄖㄣˇ ㄍㄨㄢˋ ㄧㄥˊ
惡積禍盈,1,ㄜˋ ㄐㄧ ㄏㄨㄛˋ ㄧㄥˊ
惡紫奪朱,1,ㄨˋ ㄗˇ ㄉㄨㄛˊ ㄓㄨ
惡緣惡業,1,ㄜˋ ㄩㄢˊ ㄜˋ ㄧㄝˋ
惡衣惡食,1,ㄜˋ ㄧ ㄜˋ ㄕˊ
惡衣糲食,1,ㄜˋ ㄧ ㄌㄧˋ ㄕˊ
惡衣菲食,1,ㄜˋ ㄧ ㄈㄟˇ ㄕˊ
惡衣蔬食,1,ㄜˋ ㄧ ㄕㄨ ㄕˊ
惡言潑語,1,ㄜˋ ㄧㄢˊ ㄆㄛ ㄩˇ
惡言詈辭,1,ㄜˋ ㄧㄢˊ ㄌㄧˋ ㄘˊ
惡貫禍盈,1,ㄜˋ ㄍㄨㄢˋ ㄏㄨㄛˋ ㄧㄥˊ
惡運當頭,1,ㄜˋ ㄩㄣˋ ㄉㄤ ㄊㄡˊ
惡醉強酒,1,ㄨˋ ㄗㄨㄟˋ ㄑㄧㄤˇ ㄐㄧㄡˇ
惱羞變怒,1,ㄋㄠˇ ㄒㄧㄡ ㄅㄧㄢˋ ㄋㄨˋ
想前顧後,1,ㄒㄧㄤˇ ㄑㄧㄢˊ ㄍㄨˋ ㄏㄡˋ
想當然耳,1,ㄒㄧㄤˇ ㄉㄤ ㄖㄢˊ ㄦˇ
惶恐不安,1,ㄏㄨㄤˊ ㄎㄨㄥˇ ㄅㄨˋ ㄢ
惶悚不安,1,ㄏㄨㄤˊ ㄙㄨㄥˇ ㄅㄨˋ ㄢ
惶惶不安,1,ㄏㄨㄤˊ ㄏㄨㄤˊ ㄅㄨˋ ㄢ
惶惶不定,1,ㄏㄨㄤˊ ㄏㄨㄤˊ ㄅㄨˋ ㄉㄧㄥˋ
惶惶無措,1,ㄏㄨㄤˊ ㄏㄨㄤˊ ㄨˊ ㄘㄨㄛˋ
惹事招非,1,ㄖㄜˇ ㄕˋ ㄓㄠ ㄈㄟ
惹人憐愛,1,ㄖㄜˇ ㄖㄣˊ ㄌㄧㄢˊ ㄞˋ
惹是招非,1,ㄖㄜˇ ㄕˋ ㄓㄠ ㄈㄟ
惹災招禍,1,ㄖㄜˇ ㄗㄞ ㄓㄠ ㄏㄨㄛˋ
惹禍招愆,1,ㄖㄜˇ ㄏㄨㄛˋ ㄓㄠ ㄑㄧㄢ
惹禍招殃,1,ㄖㄜˇ ㄏㄨㄛˋ ㄓㄠ ㄧㄤ
惹禍招災,1,ㄖㄜˇ ㄏㄨㄛˋ ㄓㄠ ㄗㄞ
惹罪招愆,1,ㄖㄜˇ ㄗㄨㄟˋ ㄓㄠ ㄑㄧㄢ
惹草拈花,1,ㄖㄜˇ ㄘㄠˇ ㄋㄧㄢˊ ㄏㄨㄚ
惹草沾花,1,ㄖㄜˇ ㄘㄠˇ ㄓㄢ ㄏㄨㄚ
惹草沾風,1,ㄖㄜˇ ㄘㄠˇ ㄓㄢ ㄈㄥ
惹草粘花,1,ㄖㄜˇ ㄘㄠˇ ㄋㄧㄢˊ ㄏㄨㄚ
惹草黏花,1,ㄖㄜˇ ㄘㄠˇ ㄋㄧㄢˊ ㄏㄨㄚ
惺惺道人,1,ㄒㄧㄥ ㄒㄧㄥ ㄉㄠˋ ㄖㄣˊ
惻怛之心,1,ㄘㄜˋ ㄉㄚˊ ㄓ ㄒㄧㄣ
愁山悶海,1,ㄔㄡˊ ㄕㄢ ㄇㄣˋ ㄏㄞˇ
愁懼兼心,1,ㄔㄡˊ ㄐㄩˋ ㄐㄧㄢ ㄒㄧㄣ
愁江恨海,1,ㄔㄡˊ ㄐㄧㄤ ㄏㄣˋ ㄏㄞˇ
愁眉淚眼,1,ㄔㄡˊ ㄇㄟˊ ㄌㄟˋ ㄧㄢˇ
愁眉苦目,1,ㄔㄡˊ ㄇㄟˊ ㄎㄨˇ ㄇㄨˋ
愁紅慘綠,1,ㄔㄡˊ ㄏㄨㄥˊ ㄘㄢˇ ㄌㄩˋ
愁緒如麻,1,ㄔㄡˊ ㄒㄩˋ ㄖㄨˊ ㄇㄚˊ
愁顏不展,1,ㄔㄡˊ ㄧㄢˊ ㄅㄨˋ ㄓㄢˇ
愈出愈奇,1,ㄩˋ ㄔㄨ ㄩˋ ㄑㄧˊ
愈挫愈奮,1,ㄩˋ ㄘㄨㄛˋ ㄩˋ ㄈㄣˋ
愉愉呴呴,1,ㄩˊ ㄩˊ ㄒㄩˇ ㄒㄩˇ
意亂心慌,1,ㄧˋ ㄌㄨㄢˋ ㄒㄧㄣ ㄏㄨㄤ
意休不休,1,ㄧˋ ㄒㄧㄡ ㄅㄨˋ ㄒㄧㄡ
意出望外,1,ㄧˋ ㄔㄨ ㄨㄤˋ ㄨㄞˋ
意切言盡,1,ㄧˋ ㄑㄧㄝˋ ㄧㄢˊ ㄐㄧㄣˋ
意切辭盡,1,ㄧˋ ㄑㄧㄝˋ ㄘˊ ㄐㄧㄣˋ
意前筆後,1,ㄧˋ ㄑㄧㄢˊ ㄅㄧˇ ㄏㄡˋ
意合情投,1,ㄧˋ ㄏㄜˊ ㄑㄧㄥˊ ㄊㄡˊ
意在筆先,1,ㄧˋ ㄗㄞˋ ㄅㄧˇ ㄒㄧㄢ
意在筆前,1,ㄧˋ ㄗㄞˋ ㄅㄧˇ ㄑㄧㄢˊ
意在言外,1,ㄧˋ ㄗㄞˋ ㄧㄢˊ ㄨㄞˋ
意存筆先,1,ㄧˋ ㄘㄨㄣˊ ㄅㄧˇ ㄒㄧㄢ
意廣才疏,1,ㄧˋ ㄍㄨㄤˇ ㄘㄞˊ ㄕㄨ
意往神馳,1,ㄧˋ ㄨㄤˇ ㄕㄣˊ ㄔˊ
意得志滿,1,ㄧˋ ㄉㄜˊ ㄓˋ ㄇㄢˇ
意志消沉,1,ㄧˋ ㄓˋ ㄒㄧㄠ ㄔㄣˊ
意念喜劇,1,ㄧˋ ㄋㄧㄢˋ ㄒㄧˇ ㄐㄩˋ
意思主義,1,ㄧˋ ㄙ ㄓㄨˇ ㄧˋ
意思意思,1,ㄧˋ ㄙ˙ ㄧˋ ㄙ˙
意思能力,1,ㄧˋ ㄙ ㄋㄥˊ ㄌㄧˋ
意思表示,1,ㄧˋ ㄙ ㄅㄧㄠˇ ㄕˋ
意急心忙,1,ㄧˋ ㄐㄧˊ ㄒㄧㄣ ㄇㄤˊ
意想不到,1,ㄧˋ ㄒㄧㄤˇ ㄅㄨˋ ㄉㄠˋ
意惹情牽,1,ㄧˋ ㄖㄜˇ ㄑㄧㄥˊ ㄑㄧㄢ
意意似似,1,ㄧˋ ㄧ˙ ㄙˋ ㄙˋ
意意思思,1,ㄧˋ ㄧ˙ ㄙ ㄙ
意慵心懶,1,ㄧˋ ㄩㄥ ㄒㄧㄣ ㄌㄢˇ
意懶心慵,1,ㄧˋ ㄌㄢˇ ㄒㄧㄣ ㄩㄥ
意懶心灰,1,ㄧˋ ㄌㄢˇ ㄒㄧㄣ ㄏㄨㄟ
意擾心愁,1,ㄧˋ ㄖㄠˇ ㄒㄧㄣ ㄔㄡˊ
意攘心勞,1,ㄧˋ ㄖㄤˇ ㄒㄧㄣ ㄌㄠˊ
意斷恩絕,1,ㄧˋ ㄉㄨㄢˋ ㄣ ㄐㄩㄝˊ
意氣之爭,1,ㄧˋ ㄑㄧˋ ㄓ ㄓㄥ
意氣洋洋,1,ㄧˋ ㄑㄧˋ ㄧㄤˊ ㄧㄤˊ
意氣相傾,1,ㄧˋ ㄑㄧˋ ㄒㄧㄤ ㄑㄧㄥ
意氣相合,1,ㄧˋ ㄑㄧˋ ㄒㄧㄤ ㄏㄜˊ
意氣自如,1,ㄧˋ ㄑㄧˋ ㄗˋ ㄖㄨˊ
意氣自得,1,ㄧˋ ㄑㄧˋ ㄗˋ ㄉㄜˊ
意氣自若,1,ㄧˋ ㄑㄧˋ ㄗˋ ㄖㄨㄛˋ
意氣軒昂,1,ㄧˋ ㄑㄧˋ ㄒㄩㄢ ㄤˊ
意氣飛揚,1,ㄧˋ ㄑㄧˋ ㄈㄟ ㄧㄤˊ
意滿志得,1,ㄧˋ ㄇㄢˇ ㄓˋ ㄉㄜˊ
意猶未足,1,ㄧˋ ㄧㄡˊ ㄨㄟˋ ㄗㄨˊ
意義深長,1,ㄧˋ ㄧˋ ㄕㄣ ㄔㄤˊ
意興索然,1,ㄧˋ ㄒㄧㄥˋ ㄙㄨㄛˇ ㄖㄢˊ
意裡意思,1,ㄧˋ ㄌㄧ˙ ㄧˋ ㄙ˙
意見溝通,1,ㄧˋ ㄐㄧㄢˋ ㄍㄡ ㄊㄨㄥ
意見自由,1,ㄧˋ ㄐㄧㄢˋ ㄗˋ ㄧㄡˊ
意見領袖,1,ㄧˋ ㄐㄧㄢˋ ㄌㄧㄥˇ ㄒㄧㄡˋ
意謂動詞,1,ㄧˋ ㄨㄟˋ ㄉㄨㄥˋ ㄘˊ
意謂繁句,1,ㄧˋ ㄨㄟˋ ㄈㄢˊ ㄐㄩˋ
意識型態,1,ㄧˋ ㄕˋ ㄒㄧㄥˊ ㄊㄞˋ
意識歷程,1,ㄧˋ ㄕˋ ㄌㄧˋ ㄔㄥˊ
意識障礙,1,ㄧˋ ㄕˋ ㄓㄤˋ ㄞˋ
意象主義,1,ㄧˋ ㄒㄧㄤˋ ㄓㄨˇ ㄧˋ
意轉心回,1,ㄧˋ ㄓㄨㄢˇ ㄒㄧㄣ ㄏㄨㄟˊ
意馬心猿,1,ㄧˋ ㄇㄚˇ ㄒㄧㄣ ㄩㄢˊ
愕愕睜睜,1,ㄜˋ ㄜˋ ㄓㄥ ㄓㄥ
愚公之居,1,ㄩˊ ㄍㄨㄥ ㄓ ㄐㄩ
愚眉肉眼,1,ㄩˊ ㄇㄟˊ ㄖㄡˋ ㄧㄢˇ
愛不忍釋,1,ㄞˋ ㄅㄨˋ ㄖㄣˇ ㄕˋ
愛不釋手,1,ㄞˋ ㄅㄨˋ ㄕˋ ㄕㄡˇ
愛人以德,1,ㄞˋ ㄖㄣˊ ㄧˇ ㄉㄜˊ
愛人好士,1,ㄞˋ ㄖㄣˊ ㄏㄠˋ ㄕˋ
愛勢貪財,1,ㄞˋ ㄕˋ ㄊㄢ ㄘㄞˊ
愛國如家,1,ㄞˋ ㄍㄨㄛˊ ㄖㄨˊ ㄐㄧㄚ
愛奧尼亞,1,ㄞˋ ㄠˋ ㄋㄧˊ ㄧㄚˋ
愛妾換馬,1,ㄞˋ ㄑㄧㄝˋ ㄏㄨㄢˋ ㄇㄚˇ
愛富嫌貧,1,ㄞˋ ㄈㄨˋ ㄒㄧㄢˊ ㄆㄧㄣˊ
愛德華島,1,ㄞˋ ㄉㄜˊ ㄏㄨㄚˊ ㄉㄠˇ
愛德華湖,1,ㄞˋ ㄉㄜˊ ㄏㄨㄚˊ ㄏㄨˊ
愛惜羽毛,1,ㄞˋ ㄒㄧˊ ㄩˇ ㄇㄠˊ
愛才好士,1,ㄞˋ ㄘㄞˊ ㄏㄠˋ ㄕˋ
愛才如命,1,ㄞˋ ㄘㄞˊ ㄖㄨˊ ㄇㄧㄥˋ
愛日惜力,1,ㄞˋ ㄖˋ ㄒㄧˊ ㄌㄧˋ
愛毛反裘,1,ㄞˋ ㄇㄠˊ ㄈㄢˇ ㄑㄧㄡˊ
愛爾蘭島,1,ㄞˋ ㄦˇ ㄌㄢˊ ㄉㄠˇ
愛爾蘭海,1,ㄞˋ ㄦˇ ㄌㄢˊ ㄏㄞˇ
愛琴文化,1,ㄞˋ ㄑㄧㄣˊ ㄨㄣˊ ㄏㄨㄚˋ
愛的教育,1,ㄞˋ ㄉㄜ˙ ㄐㄧㄠˋ ㄩˋ
愛的鼓勵,1,ㄞˋ ㄉㄜ˙ ㄍㄨˇ ㄌㄧˋ
愛老憐貧,1,ㄞˋ ㄌㄠˇ ㄌㄧㄢˊ ㄆㄧㄣˊ
愛莫之助,1,ㄞˋ ㄇㄛˋ ㄓ ㄓㄨˋ
愛親做親,1,ㄞˋ ㄑㄧㄣ ㄗㄨㄛˋ ㄑㄧㄣ
愛遠惡近,1,ㄞˋ ㄩㄢˇ ㄨˋ ㄐㄧㄣˋ
感人心曲,1,ㄍㄢˇ ㄖㄣˊ ㄒㄧㄣ ㄑㄩ
感人心脾,1,ㄍㄢˇ ㄖㄣˊ ㄒㄧㄣ ㄆㄧˊ
感人肺肝,1,ㄍㄢˇ ㄖㄣˊ ㄈㄟˋ ㄍㄢ
感今懷昔,1,ㄍㄢˇ ㄐㄧㄣ ㄏㄨㄞˊ ㄒㄧˊ
感動天地,1,ㄍㄢˇ ㄉㄨㄥˋ ㄊㄧㄢ ㄉㄧˋ
感動天庭,1,ㄍㄢˇ ㄉㄨㄥˋ ㄊㄧㄢ ㄊㄧㄥˊ
感化教育,1,ㄍㄢˇ ㄏㄨㄚˋ ㄐㄧㄠˋ ㄩˋ
感天動地,1,ㄍㄢˇ ㄊㄧㄢ ㄉㄨㄥˋ ㄉㄧˋ
感性知識,1,ㄍㄢˇ ㄒㄧㄥˋ ㄓ ㄕˋ
感恩戴義,1,ㄍㄢˇ ㄣ ㄉㄞˋ ㄧˋ
感恩荷德,1,ㄍㄢˇ ㄣ ㄏㄜˋ ㄉㄜˊ
感愧並交,1,ㄍㄢˇ ㄎㄨㄟˋ ㄅㄧㄥˋ ㄐㄧㄠ
感愧交集,1,ㄍㄢˇ ㄎㄨㄟˋ ㄐㄧㄠ ㄐㄧˊ
感慨萬千,1,ㄍㄢˇ ㄎㄞˇ ㄨㄢˋ ㄑㄧㄢ
感會風雲,1,ㄍㄢˇ ㄏㄨㄟˋ ㄈㄥ ㄩㄣˊ
感激不盡,1,ㄍㄢˇ ㄐㄧ ㄅㄨˋ ㄐㄧㄣˋ
感激流涕,1,ㄍㄢˇ ㄐㄧ ㄌㄧㄡˊ ㄊㄧˋ
感激涕泗,1,ㄍㄢˇ ㄐㄧ ㄊㄧˋ ㄙˋ
愣愣瞌瞌,1,ㄌㄥˋ ㄌㄥˋ ㄎㄜ ㄎㄜ
愣眼巴睜,1,ㄌㄥˋ ㄧㄢˇ ㄅㄚ ㄓㄥ
愣頭磕腦,1,ㄌㄥˋ ㄊㄡˊ ㄎㄜ ㄋㄠˇ
愧惶無地,1,ㄎㄨㄟˋ ㄏㄨㄤˊ ㄨˊ ㄉㄧˋ
愧汗怍人,1,ㄎㄨㄟˋ ㄏㄢˋ ㄗㄨㄛˋ ㄖㄣˊ
愴地呼天,1,ㄔㄨㄤˋ ㄉㄧˋ ㄏㄨ ㄊㄧㄢ
愴天呼地,1,ㄔㄨㄤˋ ㄊㄧㄢ ㄏㄨ ㄉㄧˋ
愴然垂首,1,ㄔㄨㄤˋ ㄖㄢˊ ㄔㄨㄟˊ ㄕㄡˇ
愷悌君子,1,ㄎㄞˇ ㄊㄧˋ ㄐㄩㄣ ㄗˇ
慄慄危懼,1,ㄌㄧˋ ㄌㄧˋ ㄨㄟˊ ㄐㄩˋ
慇慇懃懃,1,ㄧㄣ ㄧㄣ ㄑㄧㄣˊ ㄑㄧㄣˊ
慈孫孝子,1,ㄘˊ ㄙㄨㄣ ㄒㄧㄠˋ ㄗˇ
慈安太后,1,ㄘˊ ㄢ ㄊㄞˋ ㄏㄡˋ
慈眉善目,1,ㄘˊ ㄇㄟˊ ㄕㄢˋ ㄇㄨˋ
態度冷靜,1,ㄊㄞˋ ㄉㄨˋ ㄌㄥˇ ㄐㄧㄥˋ
態度嚴肅,1,ㄊㄞˋ ㄉㄨˋ ㄧㄢˊ ㄙㄨˋ
慌不擇路,1,ㄏㄨㄤ ㄅㄨˋ ㄗㄜˊ ㄌㄨˋ
慌張勢煞,1,ㄏㄨㄤ ㄓㄤ ㄕˋ ㄕㄚˋ
慌張慌智,1,ㄏㄨㄤ ㄓㄤ ㄏㄨㄤ ㄓˋ
慌忙無措,1,ㄏㄨㄤ ㄇㄤˊ ㄨˊ ㄘㄨㄛˋ
慌慌忙忙,1,ㄏㄨㄤ ㄏㄨㄤ ㄇㄤˊ ㄇㄤˊ
慌成一團,1,ㄏㄨㄤ ㄔㄥˊ ㄧ ㄊㄨㄢˊ
慌手忙腳,1,ㄏㄨㄤ ㄕㄡˇ ㄇㄤˊ ㄐㄧㄠˇ
慌手慌腳,1,ㄏㄨㄤ ㄕㄡˇ ㄏㄨㄤ ㄐㄧㄠˇ
慌裡慌張,1,ㄏㄨㄤ ㄌㄧ˙ ㄏㄨㄤ ㄓㄤ
慎始敬終,1,ㄕㄣˋ ㄕˇ ㄐㄧㄥˋ ㄓㄨㄥ
慎小謹微,1,ㄕㄣˋ ㄒㄧㄠˇ ㄐㄧㄣˇ ㄨㄟˊ
慎終如始,1,ㄕㄣˋ ㄓㄨㄥ ㄖㄨˊ ㄕˇ
慎終若始,1,ㄕㄣˋ ㄓㄨㄥ ㄖㄨㄛˋ ㄕˇ
慎謀能斷,1,ㄕㄣˋ ㄇㄡˊ ㄋㄥˊ ㄉㄨㄢˋ
慎防杜漸,1,ㄕㄣˋ ㄈㄤˊ ㄉㄨˋ ㄐㄧㄢˋ
慘不忍聞,1,ㄘㄢˇ ㄅㄨˋ ㄖㄣˇ ㄨㄣˊ
慘然不樂,1,ㄘㄢˇ ㄖㄢˊ ㄅㄨˋ ㄌㄜˋ
慘綠少年,1,ㄘㄢˇ ㄌㄩˋ ㄕㄠˋ ㄋㄧㄢˊ
慘綠愁紅,1,ㄘㄢˇ ㄌㄩˋ ㄔㄡˊ ㄏㄨㄥˊ
慚愧無地,1,ㄘㄢˊ ㄎㄨㄟˋ ㄨˊ ㄉㄧˋ
慚鳧企鶴,1,ㄘㄢˊ ㄈㄨˊ ㄑㄧˋ ㄏㄜˋ
慞惶失次,1,ㄓㄤ ㄏㄨㄤˊ ㄕ ㄘˋ
慟哭流涕,1,ㄊㄨㄥˋ ㄎㄨ ㄌㄧㄡˊ ㄊㄧˋ
慢性自殺,1,ㄇㄢˋ ㄒㄧㄥˋ ㄗˋ ㄕㄚ
慢慢吞吞,1,ㄇㄢˋ ㄇㄢ˙ ㄊㄨㄣ ㄊㄨㄣ
慢條廝禮,1,ㄇㄢˋ ㄊㄧㄠˊ ㄙ ㄌㄧˇ
慢條斯禮,1,ㄇㄢˋ ㄊㄧㄠˊ ㄙ ㄌㄧˇ
慢條絲禮,1,ㄇㄢˋ ㄊㄧㄠˊ ㄙ ㄌㄧˇ
慢騰斯禮,1,ㄇㄢˋ ㄊㄥˊ ㄙ ㄌㄧˇ
慣性導航,1,ㄍㄨㄢˋ ㄒㄧㄥˋ ㄉㄠˇ ㄏㄤˊ
慣養嬌生,1,ㄍㄨㄢˋ ㄧㄤˇ ㄐㄧㄠ ㄕㄥ
慧心巧思,1,ㄏㄨㄟˋ ㄒㄧㄣ ㄑㄧㄠˇ ㄙ
慧心巧手,1,ㄏㄨㄟˋ ㄒㄧㄣ ㄑㄧㄠˇ ㄕㄡˇ
慧眼獨具,1,ㄏㄨㄟˋ ㄧㄢˇ ㄉㄨˊ ㄐㄩˋ
慨然允諾,1,ㄎㄞˇ ㄖㄢˊ ㄩㄣˇ ㄋㄨㄛˋ
慨然應允,1,ㄎㄞˇ ㄖㄢˊ ㄧㄥˋ ㄩㄣˇ
慨然領諾,1,ㄎㄞˇ ㄖㄢˊ ㄌㄧㄥˇ ㄋㄨㄛˋ
慮周行果,1,ㄌㄩˋ ㄓㄡ ㄒㄧㄥˊ ㄍㄨㄛˇ
慮無不周,1,ㄌㄩˋ ㄨˊ ㄅㄨˋ ㄓㄡ
慰情勝無,1,ㄨㄟˋ ㄑㄧㄥˊ ㄕㄥˋ ㄨˊ
慳吝苦剋,1,ㄑㄧㄢ ㄌㄧㄣˋ ㄎㄨˇ ㄎㄜˋ
慶流子孫,1,ㄑㄧㄥˋ ㄌㄧㄡˊ ㄗˇ ㄙㄨㄣ
慷慨仗義,1,ㄎㄤ ㄎㄞˇ ㄓㄤˋ ㄧˋ
慷慨悲歌,1,ㄎㄤ ㄎㄞˇ ㄅㄟ ㄍㄜ
慷慨捐生,1,ㄎㄤ ㄎㄞˇ ㄐㄩㄢ ㄕㄥ
慷慨擔承,1,ㄎㄤ ㄎㄞˇ ㄉㄢ ㄔㄥˊ
慷慨激烈,1,ㄎㄤ ㄎㄞˇ ㄐㄧ ㄌㄧㄝˋ
慷慨赴義,1,ㄎㄤ ㄎㄞˇ ㄈㄨˋ ㄧˋ
憂公如家,1,ㄧㄡ ㄍㄨㄥ ㄖㄨˊ ㄐㄧㄚ
憂公忘私,1,ㄧㄡ ㄍㄨㄥ ㄨㄤˋ ㄙ
憂公無私,1,ㄧㄡ ㄍㄨㄥ ㄨˊ ㄙ
憂喜交集,1,ㄧㄡ ㄒㄧˇ ㄐㄧㄠ ㄐㄧˊ
憂喜參半,1,ㄧㄡ ㄒㄧˇ ㄘㄢ ㄅㄢˋ
憂國哀民,1,ㄧㄡ ㄍㄨㄛˊ ㄞ ㄇㄧㄣˊ
憂國如家,1,ㄧㄡ ㄍㄨㄛˊ ㄖㄨˊ ㄐㄧㄚ
憂國忘家,1,ㄧㄡ ㄍㄨㄛˊ ㄨㄤˋ ㄐㄧㄚ
憂國忘私,1,ㄧㄡ ㄍㄨㄛˊ ㄨㄤˋ ㄙ
憂國忘身,1,ㄧㄡ ㄍㄨㄛˊ ㄨㄤˋ ㄕㄣ
憂國恤民,1,ㄧㄡ ㄍㄨㄛˊ ㄒㄩˋ ㄇㄧㄣˊ
憂國愛民,1,ㄧㄡ ㄍㄨㄛˊ ㄞˋ ㄇㄧㄣˊ
憂國憂時,1,ㄧㄡ ㄍㄨㄛˊ ㄧㄡ ㄕˊ
憂心如惔,1,ㄧㄡ ㄒㄧㄣ ㄖㄨˊ ㄊㄢˊ
憂心如擣,1,ㄧㄡ ㄒㄧㄣ ㄖㄨˊ ㄉㄠˇ
憂心如薰,1,ㄧㄡ ㄒㄧㄣ ㄖㄨˊ ㄒㄩㄣ
憂心如酲,1,ㄧㄡ ㄒㄧㄣ ㄖㄨˊ ㄔㄥˊ
憂心如醉,1,ㄧㄡ ㄒㄧㄣ ㄖㄨˊ ㄗㄨㄟˋ
憂心悄悄,1,ㄧㄡ ㄒㄧㄣ ㄑㄧㄠˇ ㄑㄧㄠˇ
憂心若醉,1,ㄧㄡ ㄒㄧㄣ ㄖㄨㄛˋ ㄗㄨㄟˋ
憂愁夫人,1,ㄧㄡ ㄔㄡˊ ㄈㄨ ㄖㄣˊ
憂民憂國,1,ㄧㄡ ㄇㄧㄣˊ ㄧㄡ ㄍㄨㄛˊ
憂深思遠,1,ㄧㄡ ㄕㄣ ㄙ ㄩㄢˇ
憂能傷人,1,ㄧㄡ ㄋㄥˊ ㄕㄤ ㄖㄣˊ
憋憋懆懆,1,ㄅㄧㄝ ㄅㄧㄝ ㄘㄠˇ ㄘㄠˇ
憋憋焦焦,1,ㄅㄧㄝ ㄅㄧㄝ ㄐㄧㄠ ㄐㄧㄠ
憐孤惜寡,1,ㄌㄧㄢˊ ㄍㄨ ㄒㄧˊ ㄍㄨㄚˇ
憐新棄舊,1,ㄌㄧㄢˊ ㄒㄧㄣ ㄑㄧˋ ㄐㄧㄡˋ
憐貧恤老,1,ㄌㄧㄢˊ ㄆㄧㄣˊ ㄒㄩˋ ㄌㄠˇ
憐貧恤苦,1,ㄌㄧㄢˊ ㄆㄧㄣˊ ㄒㄩˋ ㄎㄨˇ
憐貧惜老,1,ㄌㄧㄢˊ ㄆㄧㄣˊ ㄒㄧˊ ㄌㄠˇ
憐貧敬老,1,ㄌㄧㄢˊ ㄆㄧㄣˊ ㄐㄧㄥˋ ㄌㄠˇ
憑媒說合,1,ㄆㄧㄥˊ ㄇㄟˊ ㄕㄨㄛ ㄏㄜˊ
憑山俯海,1,ㄆㄧㄥˊ ㄕㄢ ㄈㄨˇ ㄏㄞˇ
憑河暴虎,1,ㄆㄧㄥˊ ㄏㄜˊ ㄅㄠˋ ㄏㄨˇ
憑空捏造,1,ㄆㄧㄥˊ ㄎㄨㄥ ㄋㄧㄝ ㄗㄠˋ
憑空杜撰,1,ㄆㄧㄥˊ ㄎㄨㄥ ㄉㄨˋ ㄓㄨㄢˋ
憑虛公子,1,ㄆㄧㄥˊ ㄒㄩ ㄍㄨㄥ ㄗˇ
憑虛構象,1,ㄆㄧㄥˊ ㄒㄩ ㄍㄡˋ ㄒㄧㄤˋ
憑高望遠,1,ㄆㄧㄥˊ ㄍㄠ ㄨㄤˋ ㄩㄢˇ
憤不顧身,1,ㄈㄣˋ ㄅㄨˋ ㄍㄨˋ ㄕㄣ
憤世嫉邪,1,ㄈㄣˋ ㄕˋ ㄐㄧˊ ㄒㄧㄝˊ
憤怒痙攣,1,ㄈㄣˋ ㄋㄨˋ ㄐㄧㄥˋ ㄌㄩㄢˊ
憤氣填膺,1,ㄈㄣˋ ㄑㄧˋ ㄊㄧㄢˊ ㄧㄥ
憨狀可掬,1,ㄏㄢ ㄓㄨㄤˋ ㄎㄜˇ ㄐㄩˊ
憬然赴目,1,ㄐㄧㄥˇ ㄖㄢˊ ㄈㄨˋ ㄇㄨˋ
應乎人心,1,ㄧㄥˋ ㄏㄨ ㄖㄣˊ ㄒㄧㄣ
應付帳款,1,ㄧㄥ ㄈㄨˋ ㄓㄤˋ ㄎㄨㄢˇ
應付票據,1,ㄧㄥ ㄈㄨˋ ㄆㄧㄠˋ ㄐㄩˋ
應付自如,1,ㄧㄥˋ ㄈㄨˋ ㄗˋ ㄖㄨˊ
應卯吃糧,1,ㄧㄥˋ ㄇㄠˇ ㄔ ㄌㄧㄤˊ
應名點卯,1,ㄧㄥˋ ㄇㄧㄥˊ ㄉㄧㄢˇ ㄇㄠˇ
應嘴應舌,1,ㄧㄥˋ ㄗㄨㄟˇ ㄧㄥˋ ㄕㄜˊ
應圖受籙,1,ㄧㄥˋ ㄊㄨˊ ㄕㄡˋ ㄌㄨˋ
應天受命,1,ㄧㄥˋ ㄊㄧㄢ ㄕㄡˋ ㄇㄧㄥˋ
應天從人,1,ㄧㄥˋ ㄊㄧㄢ ㄘㄨㄥˊ ㄖㄣˊ
應天從民,1,ㄧㄥˋ ㄊㄧㄢ ㄘㄨㄥˊ ㄇㄧㄣˊ
應天從物,1,ㄧㄥˋ ㄊㄧㄢ ㄘㄨㄥˊ ㄨˋ
應天承運,1,ㄧㄥˋ ㄊㄧㄢ ㄔㄥˊ ㄩㄣˋ
應天書院,1,ㄧㄥˋ ㄊㄧㄢ ㄕㄨ ㄩㄢˋ
應天順人,1,ㄧㄥˋ ㄊㄧㄢ ㄕㄨㄣˋ ㄖㄣˊ
應天順時,1,ㄧㄥˋ ㄊㄧㄢ ㄕㄨㄣˋ ㄕˊ
應天順民,1,ㄧㄥˋ ㄊㄧㄢ ㄕㄨㄣˋ ㄇㄧㄣˊ
應對不窮,1,ㄧㄥˋ ㄉㄨㄟˋ ㄅㄨˋ ㄑㄩㄥˊ
應弦飲羽,1,ㄧㄥˋ ㄒㄧㄢˊ ㄧㄣˇ ㄩˇ
應接如響,1,ㄧㄥˋ ㄐㄧㄝ ㄖㄨˊ ㄒㄧㄤˇ
應收帳款,1,ㄧㄥ ㄕㄡ ㄓㄤˋ ㄎㄨㄢˇ
應收票據,1,ㄧㄥ ㄕㄡ ㄆㄧㄠˋ ㄐㄩˋ
應時當令,1,ㄧㄥˋ ㄕˊ ㄉㄤ ㄌㄧㄥˋ
應時而生,1,ㄧㄥˋ ㄕˊ ㄦˊ ㄕㄥ
應機權變,1,ㄧㄥˋ ㄐㄧ ㄑㄩㄢˊ ㄅㄧㄢˋ
應權通變,1,ㄧㄥˋ ㄑㄩㄢˊ ㄊㄨㄥ ㄅㄧㄢˋ
應物斯感,1,ㄧㄥˋ ㄨˋ ㄙ ㄍㄢˇ
應物現形,1,ㄧㄥˋ ㄨˋ ㄒㄧㄢˋ ㄒㄧㄥˊ
應用數學,1,ㄧㄥˋ ㄩㄥˋ ㄕㄨˋ ㄒㄩㄝˊ
應用程式,1,ㄧㄥˋ ㄩㄥˋ ㄔㄥˊ ㄕˋ
應答如流,1,ㄧㄥˋ ㄉㄚˊ ㄖㄨˊ ㄌㄧㄡˊ
應答如響,1,ㄧㄥˋ ㄉㄚˊ ㄖㄨˊ ㄒㄧㄤˇ
應籙受圖,1,ㄧㄥˋ ㄌㄨˋ ㄕㄡˋ ㄊㄨˊ
應規蹈矩,1,ㄧㄥˋ ㄍㄨㄟ ㄉㄠˋ ㄐㄩˇ
應變無方,1,ㄧㄥˋ ㄅㄧㄢˋ ㄨˊ ㄈㄤ
應變隨機,1,ㄧㄥˋ ㄅㄧㄢˋ ㄙㄨㄟˊ ㄐㄧ
應運而出,1,ㄧㄥˋ ㄩㄣˋ ㄦˊ ㄔㄨ
應運而起,1,ㄧㄥˋ ㄩㄣˋ ㄦˊ ㄑㄧˇ
應際而生,1,ㄧㄥˋ ㄐㄧˋ ㄦˊ ㄕㄥ
懲一儆眾,1,ㄔㄥˊ ㄧ ㄐㄧㄥˇ ㄓㄨㄥˋ
懲一戒百,1,ㄔㄥˊ ㄧ ㄐㄧㄝˋ ㄅㄛˊ
懲一警百,1,ㄔㄥˊ ㄧ ㄐㄧㄥˇ ㄅㄛˊ
懲忿窒欲,1,ㄔㄥˊ ㄈㄣˋ ㄓˋ ㄩˋ
懲惡獎善,1,ㄔㄥˊ ㄜˋ ㄐㄧㄤˇ ㄕㄢˋ
懲戒處分,1,ㄔㄥˊ ㄐㄧㄝˋ ㄔㄨˇ ㄈㄣˋ
懲羹吹齏,1,ㄔㄥˊ ㄍㄥ ㄔㄨㄟ ㄐㄧ
懵懂痴呆,1,ㄇㄥˇ ㄉㄨㄥˇ ㄔ ㄉㄞ
懵懵懂懂,1,ㄇㄥˇ ㄇㄥˇ ㄉㄨㄥˇ ㄉㄨㄥˇ
懵然未覺,1,ㄇㄥˊ ㄖㄢˊ ㄨㄟˋ ㄐㄩㄝˊ
懵然無知,1,ㄇㄥˊ ㄖㄢˊ ㄨˊ ㄓ
懵裡懵懂,1,ㄇㄥˇ ㄌㄧˇ ㄇㄥˇ ㄉㄨㄥˇ
懶人植物,1,ㄌㄢˇ ㄖㄣˊ ㄓˊ ㄨˋ
懷冤抱屈,1,ㄏㄨㄞˊ ㄩㄢ ㄅㄠˋ ㄑㄩ
懷刺漫滅,1,ㄏㄨㄞˊ ㄘˋ ㄇㄢˋ ㄇㄧㄝˋ
懷古幽情,1,ㄏㄨㄞˊ ㄍㄨˇ ㄧㄡ ㄑㄧㄥˊ
懷寵尸位,1,ㄏㄨㄞˊ ㄔㄨㄥˇ ㄕ ㄨㄟˋ
懷寶夜行,1,ㄏㄨㄞˊ ㄅㄠˇ ㄧㄝˋ ㄒㄧㄥˊ
懷寶迷邦,1,ㄏㄨㄞˊ ㄅㄠˇ ㄇㄧˊ ㄅㄤ
懷山襄陵,1,ㄏㄨㄞˊ ㄕㄢ ㄒㄧㄤ ㄌㄧㄥˊ
懷德畏威,1,ㄏㄨㄞˊ ㄉㄜˊ ㄨㄟˋ ㄨㄟ
懷惡不悛,1,ㄏㄨㄞˊ ㄜˋ ㄅㄨˋ ㄑㄩㄢ
懷憂喪志,1,ㄏㄨㄞˊ ㄧㄡ ㄙㄤˋ ㄓˋ
懷才不遇,1,ㄏㄨㄞˊ ㄘㄞˊ ㄅㄨˋ ㄩˋ
懷才抱德,1,ㄏㄨㄞˊ ㄘㄞˊ ㄅㄠˋ ㄉㄜˊ
懷文抱質,1,ㄏㄨㄞˊ ㄨㄣˊ ㄅㄠˋ ㄓˊ
懷新思舊,1,ㄏㄨㄞˊ ㄒㄧㄣ ㄙ ㄐㄧㄡˋ
懷時感物,1,ㄏㄨㄞˊ ㄕˊ ㄍㄢˇ ㄨˋ
懷有鬼胎,1,ㄏㄨㄞˊ ㄧㄡˇ ㄍㄨㄟˇ ㄊㄞ
懷材抱德,1,ㄏㄨㄞˊ ㄘㄞˊ ㄅㄠˋ ㄉㄜˊ
懷珠抱玉,1,ㄏㄨㄞˊ ㄓㄨ ㄅㄠˋ ㄩˋ
懷瑾握瑜,1,ㄏㄨㄞˊ ㄐㄧㄣˇ ㄨㄛˋ ㄩˊ
懷真抱素,1,ㄏㄨㄞˊ ㄓㄣ ㄅㄠˋ ㄙㄨˋ
懷磚之俗,1,ㄏㄨㄞˊ ㄓㄨㄢ ㄓ ㄙㄨˊ
懷著身子,1,ㄏㄨㄞˊ ㄓㄜ˙ ㄕㄣ ㄗ˙
懷著鬼胎,1,ㄏㄨㄞˊ ㄓㄜ˙ ㄍㄨㄟˇ ㄊㄞ
懷質抱真,1,ㄏㄨㄞˊ ㄓˊ ㄅㄠˋ ㄓㄣ
懷道迷邦,1,ㄏㄨㄞˊ ㄉㄠˋ ㄇㄧˊ ㄅㄤ
懷金垂紫,1,ㄏㄨㄞˊ ㄐㄧㄣ ㄔㄨㄟˊ ㄗˇ
懷金拖紫,1,ㄏㄨㄞˊ ㄐㄧㄣ ㄊㄨㄛ ㄗˇ
懷鉛提槧,1,ㄏㄨㄞˊ ㄑㄧㄢ ㄊㄧˊ ㄑㄧㄢˋ
懷鉛握槧,1,ㄏㄨㄞˊ ㄑㄧㄢ ㄨㄛˋ ㄑㄧㄢˋ
懷鉛握素,1,ㄏㄨㄞˊ ㄑㄧㄢ ㄨㄛˋ ㄙㄨˋ
懷黃佩紫,1,ㄏㄨㄞˊ ㄏㄨㄤˊ ㄆㄟˋ ㄗˇ
懸岩峭壁,1,ㄒㄩㄢˊ ㄧㄢˊ ㄑㄧㄠˋ ㄅㄧˋ
懸崖絕壁,1,ㄒㄩㄢˊ ㄧㄞˊ ㄐㄩㄝˊ ㄅㄧˋ
懸弧之慶,1,ㄒㄩㄢˊ ㄏㄨˊ ㄓ ㄑㄧㄥˋ
懸心吊膽,1,ㄒㄩㄢˊ ㄒㄧㄣ ㄉㄧㄠˋ ㄉㄢˇ
懸懸而望,1,ㄒㄩㄢˊ ㄒㄩㄢˊ ㄦˊ ㄨㄤˋ
懸旌萬里,1,ㄒㄩㄢˊ ㄐㄧㄥ ㄨㄢˋ ㄌㄧˇ
懸梁刺股,1,ㄒㄩㄢˊ ㄌㄧㄤˊ ㄘˋ ㄍㄨˇ
懸梁刺骨,1,ㄒㄩㄢˊ ㄌㄧㄤˊ ㄘˋ ㄍㄨˇ
懸河注水,1,ㄒㄩㄢˊ ㄏㄜˊ ㄓㄨˋ ㄕㄨㄟˇ
懸河注火,1,ㄒㄩㄢˊ ㄏㄜˊ ㄓㄨˋ ㄏㄨㄛˇ
懸河瀉水,1,ㄒㄩㄢˊ ㄏㄜˊ ㄒㄧㄝˋ ㄕㄨㄟˇ
懸然如磬,1,ㄒㄩㄢˊ ㄖㄢˊ ㄖㄨˊ ㄑㄧㄥˋ
懸燈結彩,1,ㄒㄩㄢˊ ㄉㄥ ㄐㄧㄝˊ ㄘㄞˇ
懸的過高,1,ㄒㄩㄢˊ ㄉㄧˋ ㄍㄨㄛˋ ㄍㄠ
懸空電車,1,ㄒㄩㄢˊ ㄎㄨㄥ ㄉㄧㄢˋ ㄔㄜ
懸絲傀儡,1,ㄒㄩㄢˊ ㄙ ㄎㄨㄟˇ ㄌㄟˇ
懸絲傀儡,1,ㄒㄩㄢˊ ㄙ ㄎㄨㄟˊ ㄌㄟˇ
懸絲診脈,1,ㄒㄩㄢˊ ㄙ ㄓㄣˇ ㄇㄞˋ
懸若日月,1,ㄒㄩㄢˊ ㄖㄨㄛˋ ㄖˋ ㄩㄝˋ
懸車之年,1,ㄒㄩㄢˊ ㄐㄩ ㄓ ㄋㄧㄢˊ
懸車之年,1,ㄒㄩㄢˊ ㄔㄜ ㄓ ㄋㄧㄢˊ
懸車告老,1,ㄒㄩㄢˊ ㄐㄩ ㄍㄠˋ ㄌㄠˇ
懸車告老,1,ㄒㄩㄢˊ ㄔㄜ ㄍㄠˋ ㄌㄠˇ
懸車致仕,1,ㄒㄩㄢˊ ㄐㄩ ㄓˋ ㄕˋ
懸車致仕,1,ㄒㄩㄢˊ ㄔㄜ ㄓˋ ㄕˋ
懸針垂露,1,ㄒㄩㄢˊ ㄓㄣ ㄔㄨㄟˊ ㄌㄡˋ
懸頭刺股,1,ㄒㄩㄢˊ ㄊㄡˊ ㄘˋ ㄍㄨˇ
懸頭刺骨,1,ㄒㄩㄢˊ ㄊㄡˊ ㄘˋ ㄍㄨˇ
懸鶉百結,1,ㄒㄩㄢˊ ㄔㄨㄣˊ ㄅㄞˇ ㄐㄧㄝˊ
懼刀避劍,1,ㄐㄩˋ ㄉㄠ ㄅㄧˋ ㄐㄧㄢˋ
懾人心魄,1,ㄓㄜˊ ㄖㄣˊ ㄒㄧㄣ ㄆㄛˋ
懿範長昭,1,ㄧˋ ㄈㄢˋ ㄔㄤˊ ㄓㄠ
戀土難移,1,ㄌㄧㄢˋ ㄊㄨˇ ㄋㄢˊ ㄧˊ
戀戀難捨,1,ㄌㄧㄢˋ ㄌㄧㄢˋ ㄋㄢˊ ㄕㄜˇ
戀新忘舊,1,ㄌㄧㄢˋ ㄒㄧㄣ ㄨㄤˋ ㄐㄧㄡˋ
戀母情結,1,ㄌㄧㄢˋ ㄇㄨˇ ㄑㄧㄥˊ ㄐㄧㄝˊ
戀父情結,1,ㄌㄧㄢˋ ㄈㄨˋ ㄑㄧㄥˊ ㄐㄧㄝˊ
戀生惡死,1,ㄌㄧㄢˋ ㄕㄥ ㄨˋ ㄙˇ
戀酒貪杯,1,ㄌㄧㄢˋ ㄐㄧㄡˇ ㄊㄢ ㄅㄟ
戀酒貪色,1,ㄌㄧㄢˋ ㄐㄧㄡˇ ㄊㄢ ㄙㄜˋ
戀酒貪花,1,ㄌㄧㄢˋ ㄐㄧㄡˇ ㄊㄢ ㄏㄨㄚ
戀酒迷花,1,ㄌㄧㄢˋ ㄐㄧㄡˇ ㄇㄧˊ ㄏㄨㄚ
戇頭戇腦,1,ㄍㄤˋ ㄊㄡˊ ㄍㄤˋ ㄋㄠˇ
戎馬生郊,1,ㄖㄨㄥˊ ㄇㄚˇ ㄕㄥ ㄐㄧㄠ
我武維揚,1,ㄨㄛˇ ㄨˇ ㄨㄟˊ ㄧㄤˊ
我行其野,1,ㄨㄛˇ ㄒㄧㄥˊ ㄑㄧˊ ㄧㄝˇ
我醉欲眠,1,ㄨㄛˇ ㄗㄨㄟˋ ㄩˋ ㄇㄧㄢˊ
我黼子佩,1,ㄨㄛˇ ㄈㄨˇ ㄗˇ ㄆㄟˋ
戕害不辜,1,ㄑㄧㄤˊ ㄏㄞˋ ㄅㄨˋ ㄍㄨ
戛然而止,1,ㄐㄧㄚˊ ㄖㄢˊ ㄦˊ ㄓˇ
戛玉敲冰,1,ㄐㄧㄚˊ ㄩˋ ㄑㄧㄠ ㄅㄧㄥ
戛玉敲金,1,ㄐㄧㄚˊ ㄩˋ ㄑㄧㄠ ㄐㄧㄣ
戛玉鏘金,1,ㄐㄧㄚˊ ㄩˋ ㄑㄧㄤ ㄐㄧㄣ
戟指怒目,1,ㄐㄧˇ ㄓˇ ㄋㄨˋ ㄇㄨˋ
戢鱗潛翼,1,ㄐㄧˊ ㄌㄧㄣˊ ㄑㄧㄢˊ ㄧˋ
截斷眾流,1,ㄐㄧㄝˊ ㄉㄨㄢˋ ㄓㄨㄥˋ ㄌㄧㄡˊ
截蒲為牒,1,ㄐㄧㄝˊ ㄆㄨˇ ㄨㄟˊ ㄉㄧㄝˊ
截蒲為牒,1,ㄐㄧㄝˊ ㄆㄨˊ ㄨㄟˊ ㄉㄧㄝˊ
截趾適屨,1,ㄐㄧㄝˊ ㄓˇ ㄕˋ ㄐㄩˋ
截鐙留鞭,1,ㄐㄧㄝˊ ㄉㄥˋ ㄌㄧㄡˊ ㄅㄧㄢ
截髮留賓,1,ㄐㄧㄝˊ ㄈㄚˇ ㄌㄧㄡˊ ㄅㄧㄣ
戮力一心,1,ㄌㄨˋ ㄌㄧˋ ㄧ ㄒㄧㄣ
戮力以赴,1,ㄌㄨˋ ㄌㄧˋ ㄧˇ ㄈㄨˋ
戮力齊心,1,ㄌㄨˋ ㄌㄧˋ ㄑㄧˊ ㄒㄧㄣ
戰不旋踵,1,ㄓㄢˋ ㄅㄨˋ ㄒㄩㄢˊ ㄓㄨㄥˇ
戰備跑道,1,ㄓㄢˋ ㄅㄟˋ ㄆㄠˇ ㄉㄠˋ
戰功彪炳,1,ㄓㄢˋ ㄍㄨㄥ ㄅㄧㄠ ㄅㄧㄥˇ
戰地政務,1,ㄓㄢˋ ㄉㄧˋ ㄓㄥˋ ㄨˋ
戰地春夢,1,ㄓㄢˋ ㄉㄧˋ ㄔㄨㄣ ㄇㄥˋ
戰地通訊,1,ㄓㄢˋ ㄉㄧˋ ㄊㄨㄥ ㄒㄩㄣˋ
戰戰惶惶,1,ㄓㄢˋ ㄓㄢˋ ㄏㄨㄤˊ ㄏㄨㄤˊ
戰戰慄慄,1,ㄓㄢˋ ㄓㄢˋ ㄌㄧˋ ㄌㄧˋ
戰戰搖搖,1,ㄓㄢˋ ㄓㄢˋ ㄧㄠˊ ㄧㄠˊ
戰無不克,1,ㄓㄢˋ ㄨˊ ㄅㄨˋ ㄎㄜˋ
戰犯法庭,1,ㄓㄢˋ ㄈㄢˋ ㄈㄚˇ ㄊㄧㄥˊ
戰略思想,1,ㄓㄢˋ ㄌㄩㄝˋ ㄙ ㄒㄧㄤˇ
戰略計畫,1,ㄓㄢˋ ㄌㄩㄝˋ ㄐㄧˋ ㄏㄨㄚˋ
戰禍連年,1,ㄓㄢˋ ㄏㄨㄛˋ ㄌㄧㄢˊ ㄋㄧㄢˊ
戰雲密布,1,ㄓㄢˋ ㄩㄣˊ ㄇㄧˋ ㄅㄨˋ
戰雲濃密,1,ㄓㄢˋ ㄩㄣˊ ㄋㄨㄥˊ ㄇㄧˋ
戲劇演員,1,ㄒㄧˋ ㄐㄩˋ ㄧㄢˇ ㄩㄢˊ
戳肺管子,1,ㄔㄨㄛ ㄈㄟˋ ㄍㄨㄢˇ ㄗ˙
戳脊梁骨,1,ㄔㄨㄛ ㄐㄧˇ ㄌㄧㄤˊ ㄍㄨˇ
戴圓履方,1,ㄉㄞˋ ㄩㄢˊ ㄌㄩˇ ㄈㄤ
戴天之仇,1,ㄉㄞˋ ㄊㄧㄢ ㄓ ㄔㄡˊ
戴天履地,1,ㄉㄞˋ ㄊㄧㄢ ㄌㄩˇ ㄉㄧˋ
戴憑奪席,1,ㄉㄞˋ ㄆㄧㄥˊ ㄉㄨㄛˊ ㄒㄧˊ
戴憑重席,1,ㄉㄞˋ ㄆㄧㄥˊ ㄔㄨㄥˊ ㄒㄧˊ
戴炭簍子,1,ㄉㄞˋ ㄊㄢˋ ㄌㄡˇ ㄗ˙
戴笠荷鋤,1,ㄉㄞˋ ㄌㄧˋ ㄏㄜˋ ㄔㄨˊ
戴綠帽子,1,ㄉㄞˋ ㄌㄩˋ ㄇㄠˋ ㄗ˙
戴罪圖功,1,ㄉㄞˋ ㄗㄨㄟˋ ㄊㄨˊ ㄍㄨㄥ
戴逵破琴,1,ㄉㄞˋ ㄎㄨㄟˊ ㄆㄛˋ ㄑㄧㄣˊ
戴雞佩豚,1,ㄉㄞˋ ㄐㄧ ㄆㄟˋ ㄊㄨㄣˊ
戴頭識臉,1,ㄉㄞˋ ㄊㄡˊ ㄕˋ ㄌㄧㄢˇ
戴髮含齒,1,ㄉㄞˋ ㄈㄚˇ ㄏㄢˊ ㄔˇ
戶列簪纓,1,ㄏㄨˋ ㄌㄧㄝˋ ㄗㄢ ㄧㄥ
戶口校正,1,ㄏㄨˋ ㄎㄡˇ ㄐㄧㄠˋ ㄓㄥˋ
戶告人曉,1,ㄏㄨˋ ㄍㄠˋ ㄖㄣˊ ㄒㄧㄠˇ
戶外廣告,1,ㄏㄨˋ ㄨㄞˋ ㄍㄨㄤˇ ㄍㄠˋ
戶對門當,1,ㄏㄨˋ ㄉㄨㄟˋ ㄇㄣˊ ㄉㄤ
戶有餘糧,1,ㄏㄨˋ ㄧㄡˇ ㄩˊ ㄌㄧㄤˊ
戶樞不朽,1,ㄏㄨˋ ㄕㄨ ㄅㄨˋ ㄒㄧㄡˇ
戶樞不蠹,1,ㄏㄨˋ ㄕㄨ ㄅㄨˋ ㄉㄨˋ
戶籍登記,1,ㄏㄨˋ ㄐㄧˊ ㄉㄥ ㄐㄧˋ
戶籍行政,1,ㄏㄨˋ ㄐㄧˊ ㄒㄧㄥˊ ㄓㄥˋ
戶給人足,1,ㄏㄨˋ ㄐㄧˇ ㄖㄣˊ ㄗㄨˊ
戶部尚書,1,ㄏㄨˋ ㄅㄨˋ ㄕㄤˋ ㄕㄨ
戶限為穿,1,ㄏㄨˋ ㄒㄧㄢˋ ㄨㄟˊ ㄔㄨㄢ
房分兄弟,1,ㄈㄤˊ ㄈㄣˋ ㄒㄩㄥ ㄉㄧˋ
房杜姚宋,1,ㄈㄤˊ ㄉㄨˋ ㄧㄠˊ ㄙㄨㄥˋ
房謀杜斷,1,ㄈㄤˊ ㄇㄡˊ ㄉㄨˋ ㄉㄨㄢˋ
所向無前,1,ㄙㄨㄛˇ ㄒㄧㄤˋ ㄨˊ ㄑㄧㄢˊ
所圖不軌,1,ㄙㄨㄛˇ ㄊㄨˊ ㄅㄨˋ ㄍㄨㄟˇ
所在多有,1,ㄙㄨㄛˇ ㄗㄞˋ ㄉㄨㄛ ㄧㄡˇ
所嫁非人,1,ㄙㄨㄛˇ ㄐㄧㄚˋ ㄈㄟ ㄖㄣˊ
所得彈性,1,ㄙㄨㄛˇ ㄉㄜˊ ㄊㄢˊ ㄒㄧㄥˋ
所託非人,1,ㄙㄨㄛˇ ㄊㄨㄛ ㄈㄟ ㄖㄣˊ
所謀輒左,1,ㄙㄨㄛˇ ㄇㄡˊ ㄓㄜˊ ㄗㄨㄛˇ
扁毛畜生,1,ㄅㄧㄢˇ ㄇㄠˊ ㄔㄨˋ ㄕㄥ˙
扇形理論,1,ㄕㄢˋ ㄒㄧㄥˊ ㄌㄧˇ ㄌㄨㄣˋ
扇枕溫席,1,ㄕㄢ ㄓㄣˇ ㄨㄣ ㄒㄧˊ
扇枕溫衾,1,ㄕㄢ ㄓㄣˇ ㄨㄣ ㄑㄧㄣ
扇枕溫被,1,ㄕㄢ ㄓㄣˇ ㄨㄣ ㄅㄟˋ
扇火止沸,1,ㄕㄢ ㄏㄨㄛˇ ㄓˇ ㄈㄟˋ
扇葉蒲葵,1,ㄕㄢˋ ㄧㄝˋ ㄆㄨˊ ㄎㄨㄟˊ
扇風耳朵,1,ㄕㄢ ㄈㄥ ㄦˇ ㄉㄨㄛ˙
手不停揮,1,ㄕㄡˇ ㄅㄨˋ ㄊㄧㄥˊ ㄏㄨㄟ
手不輟筆,1,ㄕㄡˇ ㄅㄨˋ ㄔㄨㄛˋ ㄅㄧˇ
手不釋卷,1,ㄕㄡˇ ㄅㄨˋ ㄕˋ ㄐㄩㄢˋ
手到回春,1,ㄕㄡˇ ㄉㄠˋ ㄏㄨㄟˊ ㄔㄨㄣ
手到拿來,1,ㄕㄡˇ ㄉㄠˋ ㄋㄚˊ ㄌㄞˊ
手寫繪圖,1,ㄕㄡˇ ㄒㄧㄝˇ ㄏㄨㄟˋ ㄊㄨˊ
手寫輸入,1,ㄕㄡˇ ㄒㄧㄝˇ ㄕㄨ ㄖㄨˋ
手寫辨似,1,ㄕㄡˇ ㄒㄧㄝˇ ㄅㄧㄢˋ ㄙˋ
手巾把子,1,ㄕㄡˇ ㄐㄧㄣ ㄅㄚˇ ㄗ˙
手帕姊妹,1,ㄕㄡˇ ㄆㄚˋ ㄗˇ ㄇㄟˋ
手慌腳忙,1,ㄕㄡˇ ㄏㄨㄤ ㄐㄧㄠˇ ㄇㄤˊ
手指字母,1,ㄕㄡˇ ㄓˇ ㄗˋ ㄇㄨˇ
手援天下,1,ㄕㄡˇ ㄩㄢˊ ㄊㄧㄢ ㄒㄧㄚˋ
手滑心慈,1,ㄕㄡˇ ㄏㄨㄚˊ ㄒㄧㄣ ㄘˊ
手背朝下,1,ㄕㄡˇ ㄅㄟˋ ㄔㄠˊ ㄒㄧㄚˋ
手胼足胝,1,ㄕㄡˇ ㄆㄧㄢˊ ㄗㄨˊ ㄓ
手親眼便,1,ㄕㄡˇ ㄑㄧㄣ ㄧㄢˇ ㄅㄧㄢˋ
手起刀落,1,ㄕㄡˇ ㄑㄧˇ ㄉㄠ ㄌㄨㄛˋ
手足之雅,1,ㄕㄡˇ ㄗㄨˊ ㄓ ㄧㄚˇ
手足異處,1,ㄕㄡˇ ㄗㄨˊ ㄧˋ ㄔㄨˋ
手足胼胝,1,ㄕㄡˇ ㄗㄨˊ ㄆㄧㄢˊ ㄓ
手零腳碎,1,ㄕㄡˇ ㄌㄧㄥˊ ㄐㄧㄠˇ ㄙㄨㄟˋ
手面賺吃,1,ㄕㄡˇ ㄇㄧㄢˋ ㄓㄨㄢˋ ㄔ
手頭不便,1,ㄕㄡˇ ㄊㄡˊ ㄅㄨˋ ㄅㄧㄢˋ
手高手低,1,ㄕㄡˇ ㄍㄠ ㄕㄡˇ ㄉㄧ
手麻腳軟,1,ㄕㄡˇ ㄇㄚˊ ㄐㄧㄠˇ ㄖㄨㄢˇ
才儲八斗,1,ㄘㄞˊ ㄔㄨˊ ㄅㄚ ㄉㄡˇ
才兼文武,1,ㄘㄞˊ ㄐㄧㄢ ㄨㄣˊ ㄨˇ
才勇兼優,1,ㄘㄞˊ ㄩㄥˇ ㄐㄧㄢ ㄧㄡ
才大難用,1,ㄘㄞˊ ㄉㄚˋ ㄋㄢˊ ㄩㄥˋ
才如史遷,1,ㄘㄞˊ ㄖㄨˊ ㄕˇ ㄑㄧㄢ
才學兼優,1,ㄘㄞˊ ㄒㄩㄝˊ ㄐㄧㄢ ㄧㄡ
才廣妨身,1,ㄘㄞˊ ㄍㄨㄤˇ ㄈㄤˊ ㄕㄣ
才微智淺,1,ㄘㄞˊ ㄨㄟˊ ㄓˋ ㄑㄧㄢˇ
才氣無雙,1,ㄘㄞˊ ㄑㄧˋ ㄨˊ ㄕㄨㄤ
才為世出,1,ㄘㄞˊ ㄨㄟˋ ㄕˋ ㄔㄨ
才當曹斗,1,ㄘㄞˊ ㄉㄤ ㄘㄠˊ ㄉㄡˇ
才疏德薄,1,ㄘㄞˊ ㄕㄨ ㄉㄜˊ ㄅㄛˊ
才疏志大,1,ㄘㄞˊ ㄕㄨ ㄓˋ ㄉㄚˋ
才疏意廣,1,ㄘㄞˊ ㄕㄨ ㄧˋ ㄍㄨㄤˇ
才疏計拙,1,ㄘㄞˊ ㄕㄨ ㄐㄧˋ ㄓㄨㄛˊ
才短氣粗,1,ㄘㄞˊ ㄉㄨㄢˇ ㄑㄧˋ ㄘㄨ
才秀人微,1,ㄘㄞˊ ㄒㄧㄡˋ ㄖㄣˊ ㄨㄟ
才能幹濟,1,ㄘㄞˊ ㄋㄥˊ ㄍㄢˋ ㄐㄧˋ
才蔽識淺,1,ㄘㄞˊ ㄅㄧˋ ㄕˋ ㄑㄧㄢˇ
才貫二酉,1,ㄘㄞˊ ㄍㄨㄢˋ ㄦˋ ㄧㄡˇ
才輕德薄,1,ㄘㄞˊ ㄑㄧㄥ ㄉㄜˊ ㄅㄛˊ
才過子建,1,ㄘㄞˊ ㄍㄨㄛˋ ㄗˇ ㄐㄧㄢˋ
才過屈宋,1,ㄘㄞˊ ㄍㄨㄛˋ ㄑㄩ ㄙㄨㄥˋ
才非玉潤,1,ㄘㄞˊ ㄈㄟ ㄩˋ ㄖㄨㄣˋ
才高意廣,1,ㄘㄞˊ ㄍㄠ ㄧˋ ㄍㄨㄤˇ
才高氣傲,1,ㄘㄞˊ ㄍㄠ ㄑㄧˋ ㄠˋ
才高行厚,1,ㄘㄞˊ ㄍㄠ ㄒㄧㄥˋ ㄏㄡˋ
才高行潔,1,ㄘㄞˊ ㄍㄠ ㄒㄧㄥˋ ㄐㄧㄝˊ
扎手舞腳,1,ㄓㄚ ㄕㄡˇ ㄨˇ ㄐㄧㄠˇ
扎眉扎眼,1,ㄓㄚ ㄇㄟˊ ㄓㄚ ㄧㄢˇ
扑作教刑,1,ㄆㄨ ㄗㄨㄛˋ ㄐㄧㄠˋ ㄒㄧㄥˊ
扒山越嶺,1,ㄆㄚˊ ㄕㄢ ㄩㄝˋ ㄌㄧㄥˇ
扒拉大山,1,ㄅㄚ ㄌㄚ ㄉㄚˋ ㄕㄢ
扒街淘空,1,ㄆㄚˊ ㄐㄧㄝ ㄊㄠˊ ㄎㄨㄥ
扒頭探腦,1,ㄅㄚ ㄊㄡˊ ㄊㄢˋ ㄋㄠˇ
打一個吞,1,ㄉㄚˇ ㄧ ㄍㄜ˙ ㄊㄨㄣ
打下手的,1,ㄉㄚˇ ㄒㄧㄚˋ ㄕㄡˇ ㄉㄜ˙
打下馬威,1,ㄉㄚˇ ㄒㄧㄚˋ ㄇㄚˇ ㄨㄟ
打了偏手,1,ㄉㄚˇ ㄌㄜ˙ ㄆㄧㄢ ㄕㄡˇ
打了半跪,1,ㄉㄚˇ ㄌㄜ˙ ㄅㄢˋ ㄍㄨㄟˋ
打亮梆子,1,ㄉㄚˇ ㄌㄧㄤˋ ㄅㄤ ㄗ˙
打人罵狗,1,ㄉㄚˇ ㄖㄣˊ ㄇㄚˋ ㄍㄡˇ
打住話頭,1,ㄉㄚˇ ㄓㄨˋ ㄏㄨㄚˋ ㄊㄡˊ
打供太保,1,ㄉㄚˇ ㄍㄨㄥˋ ㄊㄞˋ ㄅㄠˇ
打個前失,1,ㄉㄚˇ ㄍㄜ˙ ㄑㄧㄢˊ ㄕ
打個問號,1,ㄉㄚˇ ㄍㄜ˙ ㄨㄣˋ ㄏㄠˋ
打個照會,1,ㄉㄚˇ ㄍㄜ˙ ㄓㄠˋ ㄏㄨㄟˋ
打個照面,1,ㄉㄚˇ ㄍㄜ˙ ㄓㄠˋ ㄇㄧㄢˋ
打出弔入,1,ㄉㄚˇ ㄔㄨ ㄉㄧㄠˋ ㄖㄨˋ
打出頭棍,1,ㄉㄚˇ ㄔㄨ ㄊㄡˊ ㄍㄨㄣˋ
打前劉海,1,ㄉㄚˇ ㄑㄧㄢˊ ㄌㄧㄡˊ ㄏㄞˇ
打勤獻趣,1,ㄉㄚˇ ㄑㄧㄣˊ ㄒㄧㄢˋ ㄑㄩˋ
打嘴現世,1,ㄉㄚˇ ㄗㄨㄟˇ ㄒㄧㄢˋ ㄕˋ
打大頭腦,1,ㄉㄚˇ ㄉㄚˋ ㄊㄡˊ ㄋㄠˇ
打太平拳,1,ㄉㄚˇ ㄊㄞˋ ㄆㄧㄥˊ ㄑㄩㄢˊ
打太極拳,1,ㄉㄚˇ ㄊㄞˋ ㄐㄧˊ ㄑㄩㄢˊ
打孔紙帶,1,ㄉㄚˇ ㄎㄨㄥˇ ㄓˇ ㄉㄞˋ
打字排版,1,ㄉㄚˇ ㄗˋ ㄆㄞˊ ㄅㄢˇ
打家劫盜,1,ㄉㄚˇ ㄐㄧㄚ ㄐㄧㄝˊ ㄉㄠˋ
打家截道,1,ㄉㄚˇ ㄐㄧㄚ ㄐㄧㄝˊ ㄉㄠˋ
打小算盤,1,ㄉㄚˇ ㄒㄧㄠˇ ㄙㄨㄢˋ ㄆㄢˊ
打得火熱,1,ㄉㄚˇ ㄉㄜ˙ ㄏㄨㄛˇ ㄖㄜˋ
打得逼直,1,ㄉㄚˇ ㄉㄜ˙ ㄅㄧ ㄓˊ
打恭作揖,1,ㄉㄚˇ ㄍㄨㄥ ㄗㄨㄛ ㄧ
打悶葫蘆,1,ㄉㄚˇ ㄇㄣˋ ㄏㄨˊ ㄌㄨ˙
打情罵趣,1,ㄉㄚˇ ㄑㄧㄥˊ ㄇㄚˋ ㄑㄩˋ
打成一團,1,ㄉㄚˇ ㄔㄥˊ ㄧ ㄊㄨㄢˊ
打打倈倈,1,ㄉㄚˇ ㄉㄚˇ ㄌㄞˊ ㄌㄞˊ
打打殺殺,1,ㄉㄚˇ ㄉㄚ˙ ㄕㄚ ㄕㄚ
打打算盤,1,ㄉㄚˇ ㄉㄚ˙ ㄙㄨㄢˋ ㄆㄢˊ
打打鬧鬧,1,ㄉㄚˇ ㄉㄚ˙ ㄋㄠˋ ㄋㄠˋ
打擊異己,1,ㄉㄚˇ ㄐㄧˊ ㄧˋ ㄐㄧˇ
打攔頭雷,1,ㄉㄚˇ ㄌㄢˊ ㄊㄡˊ ㄌㄟˊ
打枕捶床,1,ㄉㄚˇ ㄓㄣˇ ㄔㄨㄟˊ ㄔㄨㄤˊ
打棍出箱,1,ㄉㄚˇ ㄍㄨㄣˋ ㄔㄨ ㄒㄧㄤ
打死老虎,1,ㄉㄚˇ ㄙˇ ㄌㄠˇ ㄏㄨˇ
打水不渾,1,ㄉㄚˇ ㄕㄨㄟˇ ㄅㄨˋ ㄏㄨㄣˊ
打沒頭壇,1,ㄉㄚˇ ㄇㄛˋ ㄊㄡˊ ㄊㄢˊ
打淨撈乾,1,ㄉㄚˇ ㄐㄧㄥˋ ㄌㄠ ㄍㄢ
打混葫蘆,1,ㄉㄚˇ ㄏㄨㄣˋ ㄏㄨˊ ㄌㄨˊ
打滾撒潑,1,ㄉㄚˇ ㄍㄨㄣˇ ㄙㄚ ㄆㄛ
打火安身,1,ㄉㄚˇ ㄏㄨㄛˇ ㄢ ㄕㄣ
打火造飯,1,ㄉㄚˇ ㄏㄨㄛˇ ㄗㄠˋ ㄈㄢˋ
打牙巴骨,1,ㄉㄚˇ ㄧㄚˊ ㄅㄚ ㄍㄨˇ
打牙犯嘴,1,ㄉㄚˇ ㄧㄚˊ ㄈㄢˋ ㄗㄨㄟˇ
打牙訕口,1,ㄉㄚˇ ㄧㄚˊ ㄕㄢˋ ㄎㄡˇ
打甚麼緊,1,ㄉㄚˇ ㄕㄣˊ ㄇㄜ˙ ㄐㄧㄣˇ
打知名度,1,ㄉㄚˇ ㄓ ㄇㄧㄥˊ ㄉㄨˋ
打破慣例,1,ㄉㄚˇ ㄆㄛˋ ㄍㄨㄢˋ ㄌㄧˋ
打破沉默,1,ㄉㄚˇ ㄆㄛˋ ㄔㄣˊ ㄇㄛˋ
打破沙鍋,1,ㄉㄚˇ ㄆㄛˋ ㄕㄚ ㄍㄨㄛ
打破迷關,1,ㄉㄚˇ ㄆㄛˋ ㄇㄧˊ ㄍㄨㄢ
打破頭屑,1,ㄉㄚˇ ㄆㄛˋ ㄊㄡˊ ㄒㄧㄝˋ
打破飯碗,1,ㄉㄚˇ ㄆㄛˋ ㄈㄢˋ ㄨㄢˇ
打磨磨轉,1,ㄉㄚˇ ㄇㄛˋ ㄇㄛ˙ ㄓㄨㄢˋ
打篤磨槎,1,ㄉㄚˇ ㄉㄨˇ ㄇㄛˋ ㄔㄚˊ
打細算盤,1,ㄉㄚˇ ㄒㄧˋ ㄙㄨㄢˋ ㄆㄢˊ
打耳刮子,1,ㄉㄚˇ ㄦˇ ㄍㄨㄚ ㄗ˙
打聽細底,1,ㄉㄚˇ ㄊㄧㄥ ㄒㄧˋ ㄉㄧˇ
打胸廝撞,1,ㄉㄚˇ ㄒㄩㄥ ㄙ ㄓㄨㄤˋ
打脊匹夫,1,ㄉㄚˇ ㄐㄧˇ ㄆㄧˇ ㄈㄨ
打脊魍魎,1,ㄉㄚˇ ㄐㄧˇ ㄨㄤˇ ㄌㄧㄤˇ
打腫臉龐,1,ㄉㄚˇ ㄓㄨㄥˇ ㄌㄧㄢˇ ㄆㄤˊ
打花胡哨,1,ㄉㄚˇ ㄏㄨㄚ ㄏㄨˊ ㄕㄠˋ
打著竄鼓,1,ㄉㄚˇ ㄓㄜ˙ ㄘㄨㄢˋ ㄍㄨˇ
打街罵巷,1,ㄉㄚˇ ㄐㄧㄝ ㄇㄚˋ ㄒㄧㄤˋ
打裡打外,1,ㄉㄚˇ ㄌㄧˇ ㄉㄚˇ ㄨㄞˋ
打裡照外,1,ㄉㄚˇ ㄌㄧˇ ㄓㄠˋ ㄨㄞˋ
打話不同,1,ㄉㄚˇ ㄏㄨㄚˋ ㄅㄨˋ ㄊㄨㄥˊ
打諢插科,1,ㄉㄚˇ ㄏㄨㄣˋ ㄔㄚ ㄎㄜ
打諢發科,1,ㄉㄚˇ ㄏㄨㄣˋ ㄈㄚ ㄎㄜ
打諢說笑,1,ㄉㄚˇ ㄏㄨㄣˋ ㄕㄨㄛ ㄒㄧㄠˋ
打路莊板,1,ㄉㄚˇ ㄌㄨˋ ㄓㄨㄤ ㄅㄢˇ
打通關節,1,ㄉㄚˇ ㄊㄨㄥ ㄍㄨㄢ ㄐㄧㄝˊ
打過偏手,1,ㄉㄚˇ ㄍㄨㄛˋ ㄆㄧㄢ ㄕㄡˇ
打都磨子,1,ㄉㄚˇ ㄉㄨ ㄇㄛˋ ㄗ˙
打醉眼子,1,ㄉㄚˇ ㄗㄨㄟˋ ㄧㄢˇ ㄗ˙
打鐵算盤,1,ㄉㄚˇ ㄊㄧㄝˇ ㄙㄨㄢˋ ㄆㄢˊ
打隔山炮,1,ㄉㄚˇ ㄍㄜˊ ㄕㄢ ㄆㄠˋ
打順風旗,1,ㄉㄚˇ ㄕㄨㄣˋ ㄈㄥ ㄑㄧˊ
打順風鑼,1,ㄉㄚˇ ㄕㄨㄣˋ ㄈㄥ ㄌㄨㄛˊ
打馬虎眼,1,ㄉㄚˇ ㄇㄚˇ ㄏㄨ˙ ㄧㄢˇ
打鬼淨淨,1,ㄉㄚˇ ㄍㄨㄟˇ ㄐㄧㄥˋ ㄐㄧㄥˋ
打魚殺家,1,ㄉㄚˇ ㄩˊ ㄕㄚ ㄐㄧㄚ
打鳳撈龍,1,ㄉㄚˇ ㄈㄥˋ ㄌㄠˊ ㄌㄨㄥˊ
打鳳牢龍,1,ㄉㄚˇ ㄈㄥˋ ㄌㄠˊ ㄌㄨㄥˊ
打點行裝,1,ㄉㄚˇ ㄉㄧㄢ˙ ㄒㄧㄥˊ ㄓㄨㄤ
打鼓津頭,1,ㄉㄚˇ ㄍㄨˇ ㄐㄧㄣ ㄊㄡˊ
打鼓說書,1,ㄉㄚˇ ㄍㄨˇ ㄕㄨㄛ ㄕㄨ
托塔天王,1,ㄊㄨㄛ ㄊㄚˇ ㄊㄧㄢ ㄨㄤˊ
托洛斯基,1,ㄊㄨㄛ ㄌㄨㄛˋ ㄙ ㄐㄧ
托老中心,1,ㄊㄨㄛ ㄌㄠˇ ㄓㄨㄥ ㄒㄧㄣ
托葷鹹食,1,ㄊㄨㄛ ㄏㄨㄣ ㄒㄧㄢˊ ㄕˊ
扛子火燒,1,ㄍㄤ ㄗ˙ ㄏㄨㄛˇ ㄕㄠ
扛鼎拔山,1,ㄍㄤ ㄉㄧㄥˇ ㄅㄚˊ ㄕㄢ
扞格不入,1,ㄏㄢˋ ㄍㄜˊ ㄅㄨˋ ㄖㄨˋ
扞格不通,1,ㄏㄢˋ ㄍㄜˊ ㄅㄨˋ ㄊㄨㄥ
扣槃捫燭,1,ㄎㄡˋ ㄆㄢˊ ㄇㄣˊ ㄓㄨˊ
扣身衫子,1,ㄎㄡˋ ㄕㄣ ㄕㄢ ㄗ˙
扭手扭腳,1,ㄋㄧㄡˇ ㄕㄡˇ ㄋㄧㄡˇ ㄐㄧㄠˇ
扭扭屹屹,1,ㄋㄧㄡˇ ㄋㄧㄡˇ ㄧˋ ㄧˋ
扭是為非,1,ㄋㄧㄡˇ ㄕˋ ㄨㄟˊ ㄈㄟ
扭曲作直,1,ㄋㄧㄡˇ ㄑㄩ ㄗㄨㄛˋ ㄓˊ
扭腰撒胯,1,ㄋㄧㄡˇ ㄧㄠ ㄙㄚ ㄎㄨㄚˋ
扭頭折頸,1,ㄋㄧㄡˇ ㄊㄡˊ ㄓㄜˊ ㄐㄧㄥˇ
扭頭暴筋,1,ㄋㄧㄡˇ ㄊㄡˊ ㄅㄠˋ ㄐㄧㄣ
扭頭瞥項,1,ㄋㄧㄡˇ ㄊㄡˊ ㄆㄧㄝ ㄒㄧㄤˋ
扮家家酒,1,ㄅㄢˋ ㄐㄧㄚ ㄐㄧㄚ ㄐㄧㄡˇ
扯三拉四,1,ㄔㄜˇ ㄙㄢ ㄌㄚ ㄙˋ
扯弓搭箭,1,ㄔㄜˇ ㄍㄨㄥ ㄉㄚ ㄐㄧㄢˋ
扯手扯腳,1,ㄔㄜˇ ㄕㄡˇ ㄔㄜˇ ㄐㄧㄠˇ
扯扯拽拽,1,ㄔㄜˇ ㄔㄜˇ ㄧㄝˋ ㄧㄝˋ
扯扯連連,1,ㄔㄜˇ ㄔㄜˇ ㄌㄧㄢˊ ㄌㄧㄢˊ
扯是搬非,1,ㄔㄜˇ ㄕˋ ㄅㄢ ㄈㄟ
扯牛尾巴,1,ㄔㄜˇ ㄋㄧㄡˊ ㄨㄟˇ ㄅㄚ˙
扯皮弄筋,1,ㄔㄜˇ ㄆㄧˊ ㄋㄨㄥˋ ㄐㄧㄣ
扯破臉皮,1,ㄔㄜˇ ㄆㄛˋ ㄌㄧㄢˇ ㄆㄧˊ
扯空砑光,1,ㄔㄜˇ ㄎㄨㄥ ㄧㄚˋ ㄍㄨㄤ
扯篷拉縴,1,ㄔㄜˇ ㄆㄥˊ ㄌㄚ ㄑㄧㄢˋ
扯著脖子,1,ㄔㄜˇ ㄓㄜ˙ ㄅㄛˊ ㄗ˙
扯謊撩白,1,ㄔㄜˇ ㄏㄨㄤˇ ㄌㄧㄠˊ ㄅㄞˊ
扯開嗓子,1,ㄔㄜˇ ㄎㄞ ㄙㄤˇ ㄗ˙
扯順風旗,1,ㄔㄜˇ ㄕㄨㄣˋ ㄈㄥ ㄑㄧˊ
扳回一城,1,ㄅㄢ ㄏㄨㄟˊ ㄧ ㄔㄥˊ
扳搭饊子,1,ㄅㄢ ㄉㄚ ㄙㄢˇ ㄗ˙
扳纏不清,1,ㄅㄢ ㄔㄢˊ ㄅㄨˋ ㄑㄧㄥ
扳藤附葛,1,ㄆㄢ ㄊㄥˊ ㄈㄨˋ ㄍㄜˊ
扶傾濟弱,1,ㄈㄨˊ ㄑㄧㄥ ㄐㄧˋ ㄖㄨㄛˋ
扶危定亂,1,ㄈㄨˊ ㄨㄟˊ ㄉㄧㄥˋ ㄌㄨㄢˋ
扶危拯溺,1,ㄈㄨˊ ㄨㄟˊ ㄓㄥˇ ㄋㄧˋ
扶危持顛,1,ㄈㄨˊ ㄨㄟˊ ㄔˊ ㄉㄧㄢ
扶危救困,1,ㄈㄨˊ ㄨㄟˊ ㄐㄧㄡˋ ㄎㄨㄣˋ
扶危翼傾,1,ㄈㄨˊ ㄨㄟˊ ㄧˋ ㄑㄧㄥ
扶同硬證,1,ㄈㄨˊ ㄊㄨㄥˊ ㄧㄥˋ ㄓㄥˋ
扶同詿誤,1,ㄈㄨˊ ㄊㄨㄥˊ ㄍㄨㄚˋ ㄨˋ
扶善懲惡,1,ㄈㄨˊ ㄕㄢˋ ㄔㄥˊ ㄜˋ
扶急持傾,1,ㄈㄨˊ ㄐㄧˊ ㄔˊ ㄑㄧㄥ
扶東倒西,1,ㄈㄨˊ ㄉㄨㄥ ㄉㄠˇ ㄒㄧ
扶正黜邪,1,ㄈㄨˊ ㄓㄥˋ ㄔㄨˋ ㄒㄧㄝˊ
扶牆摸壁,1,ㄈㄨˊ ㄑㄧㄤˊ ㄇㄛ ㄅㄧˋ
扶顛持危,1,ㄈㄨˊ ㄉㄧㄢ ㄔˊ ㄨㄟˊ
批亢擣虛,1,ㄆㄧ ㄎㄤˋ ㄉㄠˇ ㄒㄩ
批判哲學,1,ㄆㄧ ㄆㄢˋ ㄓㄜˊ ㄒㄩㄝˊ
批次處理,1,ㄆㄧ ㄘˋ ㄔㄨˇ ㄌㄧˇ
批發價格,1,ㄆㄧ ㄈㄚ ㄐㄧㄚˋ ㄍㄜˊ
批發市場,1,ㄆㄧ ㄈㄚ ㄕˋ ㄔㄤˊ
批紅判白,1,ㄆㄧ ㄏㄨㄥˊ ㄆㄢˋ ㄅㄞˊ
批郤導窾,1,ㄆㄧ ㄒㄧˋ ㄉㄠˇ ㄎㄨㄢˇ
批頭竹片,1,ㄆㄧ ㄊㄡˊ ㄓㄨˊ ㄆㄧㄢˋ
批風抹月,1,ㄆㄧ ㄈㄥ ㄇㄛˇ ㄩㄝˋ
扺掌而談,1,ㄓˇ ㄓㄤˇ ㄦˊ ㄊㄢˊ
扼吭拊背,1,ㄜˋ ㄏㄤˊ ㄈㄨˇ ㄅㄟˋ
扼喉撫背,1,ㄜˋ ㄏㄡˊ ㄈㄨˇ ㄅㄟˋ
找臺階下,1,ㄓㄠˇ ㄊㄞˊ ㄐㄧㄝ ㄒㄧㄚˋ
承前啟後,1,ㄔㄥˊ ㄑㄧㄢˊ ㄑㄧˇ ㄏㄡˋ
承攬契約,1,ㄔㄥˊ ㄌㄢˇ ㄑㄧˋ ㄩㄝ
承歡獻媚,1,ㄔㄥˊ ㄏㄨㄢ ㄒㄧㄢˋ ㄇㄟˋ
承當不起,1,ㄔㄥˊ ㄉㄤ ㄅㄨˋ ㄑㄧˇ
承順逢迎,1,ㄔㄥˊ ㄕㄨㄣˋ ㄈㄥˊ ㄧㄥˊ
承顏候色,1,ㄔㄥˊ ㄧㄢˊ ㄏㄡˋ ㄙㄜˋ
承顏接辭,1,ㄔㄥˊ ㄧㄢˊ ㄐㄧㄝ ㄘˊ
承顏順旨,1,ㄔㄥˊ ㄧㄢˊ ㄕㄨㄣˋ ㄓˇ
承風希旨,1,ㄔㄥˊ ㄈㄥ ㄒㄧ ㄓˇ
技能檢定,1,ㄐㄧˋ ㄋㄥˊ ㄐㄧㄢˇ ㄉㄧㄥˋ
技能競賽,1,ㄐㄧˋ ㄋㄥˊ ㄐㄧㄥˋ ㄙㄞˋ
技藝超群,1,ㄐㄧˋ ㄧˋ ㄔㄠ ㄑㄩㄣˊ
技術作物,1,ㄐㄧˋ ㄕㄨˋ ㄗㄨㄛˋ ㄨˋ
技術分析,1,ㄐㄧˋ ㄕㄨˋ ㄈㄣ ㄒㄧ
技術犯規,1,ㄐㄧˋ ㄕㄨˋ ㄈㄢˋ ㄍㄨㄟ
技術降落,1,ㄐㄧˋ ㄕㄨˋ ㄐㄧㄤˋ ㄌㄨㄛˋ
技高一籌,1,ㄐㄧˋ ㄍㄠ ㄧ ㄔㄡˊ
抃風舞潤,1,ㄅㄧㄢˋ ㄈㄥ ㄨˇ ㄖㄨㄣˋ
抄手遊廊,1,ㄔㄠ ㄕㄡˇ ㄧㄡˊ ㄌㄤˊ
抉瑕掩瑜,1,ㄐㄩㄝˊ ㄒㄧㄚˊ ㄧㄢˇ ㄩˊ
抉瑕擿釁,1,ㄐㄩㄝˊ ㄒㄧㄚˊ ㄊㄧˋ ㄒㄧㄣˋ
把定了心,1,ㄅㄚˇ ㄉㄧㄥˋ ㄌㄜ˙ ㄒㄧㄣ
把手言歡,1,ㄅㄚˇ ㄕㄡˇ ㄧㄢˊ ㄏㄨㄢ
把持不住,1,ㄅㄚˇ ㄔˊ ㄅㄨˋ ㄓㄨˋ
把持不定,1,ㄅㄚˇ ㄔˊ ㄅㄨˋ ㄉㄧㄥˋ
把素持齋,1,ㄅㄚˇ ㄙㄨˋ ㄔˊ ㄓㄞ
把腳不住,1,ㄅㄚˇ ㄐㄧㄠˇ ㄅㄨˋ ㄓㄨˋ
把臂入林,1,ㄅㄚˇ ㄅㄧˋ ㄖㄨˋ ㄌㄧㄣˊ
把臂而談,1,ㄅㄚˇ ㄅㄧˋ ㄦˊ ㄊㄢˊ
把臉一板,1,ㄅㄚˇ ㄌㄧㄢˇ ㄧ ㄅㄢˇ
把薪助火,1,ㄅㄚˇ ㄒㄧㄣ ㄓㄨˋ ㄏㄨㄛˇ
把飯叫饑,1,ㄅㄚˇ ㄈㄢˋ ㄐㄧㄠˋ ㄐㄧ
抑制栽培,1,ㄧˋ ㄓˋ ㄗㄞ ㄆㄟˊ
抑塞磊落,1,ㄧˋ ㄙㄜˋ ㄌㄟˇ ㄌㄨㄛˋ
抑威餌敵,1,ㄧˋ ㄨㄟ ㄦˇ ㄉㄧˊ
抑惡揚善,1,ㄧˋ ㄜˋ ㄧㄤˊ ㄕㄢˋ
抓乖賣俏,1,ㄓㄨㄚ ㄍㄨㄞ ㄇㄞˋ ㄑㄧㄠˋ
抓尖要強,1,ㄓㄨㄚ ㄐㄧㄢ ㄧㄠˋ ㄑㄧㄤˊ
抓抓掗掗,1,ㄓㄨㄚ ㄓㄨㄚ˙ ㄧㄚˋ ㄧㄚˋ
抓抓撓撓,1,ㄓㄨㄚ ㄓㄨㄚ˙ ㄋㄠˊ ㄋㄠˊ
抓耳搔腮,1,ㄓㄨㄚ ㄦˇ ㄙㄠ ㄙㄞ
抓著癢處,1,ㄓㄨㄚ ㄓㄜ˙ ㄧㄤˇ ㄔㄨˋ
抓頭挖耳,1,ㄓㄨㄚ ㄊㄡˊ ㄨㄚ ㄦˇ
抔土未乾,1,ㄆㄡˊ ㄊㄨˇ ㄨㄟˋ ㄍㄢ
投井下石,1,ㄊㄡˊ ㄐㄧㄥˇ ㄒㄧㄚˋ ㄕˊ
投奔無門,1,ㄊㄡˊ ㄅㄣˋ ㄨˊ ㄇㄣˊ
投射作用,1,ㄊㄡˊ ㄕㄜˋ ㄗㄨㄛˋ ㄩㄥˋ
投山竄海,1,ㄊㄡˊ ㄕㄢ ㄘㄨㄢˋ ㄏㄞˇ
投影畫法,1,ㄊㄡˊ ㄧㄥˇ ㄏㄨㄚˋ ㄈㄚˇ
投戈講藝,1,ㄊㄡˊ ㄍㄜ ㄐㄧㄤˇ ㄧˋ
投手犯規,1,ㄊㄡˊ ㄕㄡˇ ㄈㄢˋ ㄍㄨㄟ
投木報瓊,1,ㄊㄡˊ ㄇㄨˋ ㄅㄠˋ ㄑㄩㄥˊ
投東摸西,1,ㄊㄡˊ ㄉㄨㄥ ㄇㄛ ㄒㄧ
投杼之惑,1,ㄊㄡˊ ㄓㄨˋ ㄓ ㄏㄨㄛˋ
投杼之疑,1,ㄊㄡˊ ㄓㄨˋ ㄓ ㄧˊ
投杼市虎,1,ㄊㄡˊ ㄓㄨˋ ㄕˋ ㄏㄨˇ
投梭之拒,1,ㄊㄡˊ ㄙㄨㄛ ㄓ ㄐㄩˋ
投梭折齒,1,ㄊㄡˊ ㄙㄨㄛ ㄓㄜˊ ㄔˇ
投機倒把,1,ㄊㄡˊ ㄐㄧ ㄉㄠˇ ㄅㄚˇ
投機買賣,1,ㄊㄡˊ ㄐㄧ ㄇㄞˇ ㄇㄞˋ
投河逩井,1,ㄊㄡˊ ㄏㄜˊ ㄅㄣˋ ㄐㄧㄥˇ
投潘岳果,1,ㄊㄡˊ ㄆㄢ ㄩㄝˋ ㄍㄨㄛˇ
投無不利,1,ㄊㄡˊ ㄨˊ ㄅㄨˋ ㄌㄧˋ
投畀豺虎,1,ㄊㄡˊ ㄅㄧˋ ㄔㄞˊ ㄏㄨˇ
投石下井,1,ㄊㄡˊ ㄕˊ ㄒㄧㄚˋ ㄐㄧㄥˇ
投膏止火,1,ㄊㄡˊ ㄍㄠ ㄓˇ ㄏㄨㄛˇ
投袂援戈,1,ㄊㄡˊ ㄇㄟˋ ㄩㄢˊ ㄍㄜ
投袂荷戈,1,ㄊㄡˊ ㄇㄟˋ ㄏㄜˋ ㄍㄜ
投訴無門,1,ㄊㄡˊ ㄙㄨˋ ㄨˊ ㄇㄣˊ
投資公司,1,ㄊㄡˊ ㄗ ㄍㄨㄥ ㄙ
投資放款,1,ㄊㄡˊ ㄗ ㄈㄤˋ ㄎㄨㄢˇ
投資誘因,1,ㄊㄡˊ ㄗ ㄧㄡˋ ㄧㄣ
投資預算,1,ㄊㄡˊ ㄗ ㄩˋ ㄙㄨㄢˋ
投阱下石,1,ㄊㄡˊ ㄐㄧㄥˇ ㄒㄧㄚˋ ㄕˊ
投鼠之忌,1,ㄊㄡˊ ㄕㄨˇ ㄓ ㄐㄧˋ
抖搜精神,1,ㄉㄡˇ ㄙㄡ ㄐㄧㄥ ㄕㄣˊ
抖擻精神,1,ㄉㄡˇ ㄙㄡˇ ㄐㄧㄥ ㄕㄣˊ
抗凝血劑,1,ㄎㄤˋ ㄋㄧㄥˊ ㄒㄧㄝˇ ㄐㄧˋ
抗利尿素,1,ㄎㄤˋ ㄌㄧˋ ㄋㄧㄠˋ ㄙㄨˋ
抗塵走俗,1,ㄎㄤˋ ㄔㄣˊ ㄗㄡˇ ㄙㄨˊ
抗心希古,1,ㄎㄤˋ ㄒㄧㄣ ㄒㄧ ㄍㄨˇ
抗憂鬱藥,1,ㄎㄤˋ ㄧㄡ ㄩˋ ㄧㄠˋ
抗戰勝利,1,ㄎㄤˋ ㄓㄢˋ ㄕㄥˋ ㄌㄧˋ
抗戰夫人,1,ㄎㄤˋ ㄓㄢˋ ㄈㄨ ㄖㄣˊ
抗戰歌曲,1,ㄎㄤˋ ㄓㄢˋ ㄍㄜ ㄑㄩˇ
抗菌血清,1,ㄎㄤˋ ㄐㄩㄣˋ ㄒㄧㄝˇ ㄑㄧㄥ
抗議文學,1,ㄎㄤˋ ㄧˋ ㄨㄣˊ ㄒㄩㄝˊ
抗頡作用,1,ㄎㄤˋ ㄒㄧㄝˊ ㄗㄨㄛˋ ㄩㄥˋ
折戟沉沙,1,ㄓㄜˊ ㄐㄧˇ ㄔㄣˊ ㄕㄚ
折柳攀花,1,ㄓㄜˊ ㄌㄧㄡˇ ㄆㄢ ㄏㄨㄚ
折桂攀蟾,1,ㄓㄜˊ ㄍㄨㄟˋ ㄆㄢ ㄔㄢˊ
折箭為誓,1,ㄓㄜˊ ㄐㄧㄢˋ ㄨㄟˊ ㄕˋ
折節下交,1,ㄓㄜˊ ㄐㄧㄝˊ ㄒㄧㄚˋ ㄐㄧㄠ
折節下士,1,ㄓㄜˊ ㄐㄧㄝˊ ㄒㄧㄚˋ ㄕˋ
折節向學,1,ㄓㄜˊ ㄐㄧㄝˊ ㄒㄧㄤˋ ㄒㄩㄝˊ
折節待士,1,ㄓㄜˊ ㄐㄧㄝˊ ㄉㄞˋ ㄕˋ
折節禮士,1,ㄓㄜˊ ㄐㄧㄝˊ ㄌㄧˇ ㄕˋ
折腰五斗,1,ㄓㄜˊ ㄧㄠ ㄨˇ ㄉㄡˇ
折腰升斗,1,ㄓㄜˊ ㄧㄠ ㄕㄥ ㄉㄡˇ
折臂三公,1,ㄓㄜˊ ㄅㄧˋ ㄙㄢ ㄍㄨㄥ
折衝厭難,1,ㄓㄜˊ ㄔㄨㄥ ㄧㄢˋ ㄋㄢˊ
折衝樽俎,1,ㄓㄜˊ ㄔㄨㄥ ㄗㄨㄣ ㄗㄨˇ
折衝禦侮,1,ㄓㄜˊ ㄔㄨㄥ ㄩˋ ㄨˇ
折衷家庭,1,ㄓㄜˊ ㄓㄨㄥ ㄐㄧㄚ ㄊㄧㄥˊ
折足覆餗,1,ㄓㄜˊ ㄗㄨˊ ㄈㄨˋ ㄙㄨˋ
折長補短,1,ㄓㄜˊ ㄔㄤˊ ㄅㄨˇ ㄉㄨㄢˇ
折鼎覆餗,1,ㄓㄜˊ ㄉㄧㄥˇ ㄈㄨˋ ㄙㄨˋ
披堅執銳,1,ㄆㄧ ㄐㄧㄢ ㄓˊ ㄖㄨㄟˋ
披掛綽鎗,1,ㄆㄧ ㄍㄨㄚˋ ㄔㄨㄛˋ ㄑㄧㄤ
披星帶月,1,ㄆㄧ ㄒㄧㄥ ㄉㄞˋ ㄩㄝˋ
披枷帶鎖,1,ㄆㄧ ㄐㄧㄚ ㄉㄞˋ ㄙㄨㄛˇ
披榛採蘭,1,ㄆㄧ ㄓㄣ ㄘㄞˇ ㄌㄢˊ
披沙簡金,1,ㄆㄧ ㄕㄚ ㄐㄧㄢˇ ㄐㄧㄣ
披瀝肝膽,1,ㄆㄧ ㄌㄧˋ ㄍㄢ ㄉㄢˇ
披紅挂綵,1,ㄆㄧ ㄏㄨㄥˊ ㄍㄨㄚˋ ㄘㄞˇ
披肝掛膽,1,ㄆㄧ ㄍㄢ ㄍㄨㄚˋ ㄉㄢˇ
披荊帶棘,1,ㄆㄧ ㄐㄧㄥ ㄉㄞˋ ㄐㄧˊ
披裘負薪,1,ㄆㄧ ㄑㄧㄡˊ ㄈㄨˋ ㄒㄧㄣ
披金戴玉,1,ㄆㄧ ㄐㄧㄣ ㄉㄞˋ ㄩˋ
披針形葉,1,ㄆㄧ ㄓㄣ ㄒㄧㄥˊ ㄧㄝˋ
披霜冒露,1,ㄆㄧ ㄕㄨㄤ ㄇㄠˋ ㄌㄨˋ
披露肝膽,1,ㄆㄧ ㄌㄨˋ ㄍㄢ ㄉㄢˇ
披頭跣足,1,ㄆㄧ ㄊㄡˊ ㄒㄧㄢˇ ㄗㄨˊ
披髮入山,1,ㄆㄧ ㄈㄚˇ ㄖㄨˋ ㄕㄢ
披髮垢面,1,ㄆㄧ ㄈㄚˇ ㄍㄡˋ ㄇㄧㄢˋ
披髮塗面,1,ㄆㄧ ㄈㄚˇ ㄊㄨˊ ㄇㄧㄢˋ
披髮左衽,1,ㄆㄧ ㄈㄚˇ ㄗㄨㄛˇ ㄖㄣˋ
披髮纓冠,1,ㄆㄧ ㄈㄚˇ ㄧㄥ ㄍㄨㄢ
披髮藻目,1,ㄆㄧ ㄈㄚˇ ㄗㄠˇ ㄇㄨˋ
披麻帶索,1,ㄆㄧ ㄇㄚˊ ㄉㄞˋ ㄙㄨㄛˇ
披麻救火,1,ㄆㄧ ㄇㄚˊ ㄐㄧㄡˋ ㄏㄨㄛˇ
抬到天上,1,ㄊㄞˊ ㄉㄠˋ ㄊㄧㄢ ㄕㄤˋ
抱令守律,1,ㄅㄠˋ ㄌㄧㄥˋ ㄕㄡˇ ㄌㄩˋ
抱大足桿,1,ㄅㄠˋ ㄉㄚˋ ㄗㄨˊ ㄍㄢˇ
抱子弄孫,1,ㄅㄠˋ ㄗˇ ㄋㄨㄥˋ ㄙㄨㄣ
抱寶懷珍,1,ㄅㄠˋ ㄅㄠˇ ㄏㄨㄞˊ ㄓㄣ
抱布貿絲,1,ㄅㄠˋ ㄅㄨˋ ㄇㄠˋ ㄙ
抱恨終天,1,ㄅㄠˋ ㄏㄣˋ ㄓㄨㄥ ㄊㄧㄢ
抱槧懷鉛,1,ㄅㄠˋ ㄑㄧㄢˋ ㄏㄨㄞˊ ㄑㄧㄢ
抱火臥薪,1,ㄅㄠˋ ㄏㄨㄛˇ ㄨㄛˋ ㄒㄧㄣ
抱甕灌圃,1,ㄅㄠˋ ㄨㄥˋ ㄍㄨㄢˋ ㄆㄨˇ
抱痛西河,1,ㄅㄠˋ ㄊㄨㄥˋ ㄒㄧ ㄏㄜˊ
抱素懷樸,1,ㄅㄠˋ ㄙㄨˋ ㄏㄨㄞˊ ㄆㄨˊ
抱蔓摘瓜,1,ㄅㄠˋ ㄇㄢˋ ㄓㄞ ㄍㄨㄚ
抱薪救焚,1,ㄅㄠˋ ㄒㄧㄣ ㄐㄧㄡˋ ㄈㄣˊ
抱虎而眠,1,ㄅㄠˋ ㄏㄨˇ ㄦˊ ㄇㄧㄢˊ
抱誠守真,1,ㄅㄠˋ ㄔㄥˊ ㄕㄡˇ ㄓㄣ
抱負水準,1,ㄅㄠˋ ㄈㄨˋ ㄕㄨㄟˇ ㄓㄨㄣˇ
抱關擊柝,1,ㄅㄠˋ ㄍㄨㄢ ㄐㄧˊ ㄊㄨㄛˋ
抱頭大哭,1,ㄅㄠˋ ㄊㄡˊ ㄉㄚˋ ㄎㄨ
抱頭縮項,1,ㄅㄠˋ ㄊㄡˊ ㄙㄨㄛ ㄒㄧㄤˋ
抵死不從,1,ㄉㄧˇ ㄙˇ ㄅㄨˋ ㄘㄨㄥˊ
抵死漫生,1,ㄉㄧˇ ㄙˇ ㄇㄢˊ ㄕㄥ
抵死瞞生,1,ㄉㄧˇ ㄙˇ ㄇㄢˊ ㄕㄥ
抵死謾生,1,ㄉㄧˇ ㄙˇ ㄇㄢˊ ㄕㄥ
抵瑕蹈隙,1,ㄉㄧˇ ㄒㄧㄚˊ ㄉㄠˋ ㄒㄧˋ
抵足而臥,1,ㄉㄧˇ ㄗㄨˊ ㄦˊ ㄨㄛˋ
抵足談心,1,ㄉㄧˇ ㄗㄨˊ ㄊㄢˊ ㄒㄧㄣ
抹不下來,1,ㄇㄛˇ ㄅㄨˋ ㄒㄧㄚˋ ㄌㄞˊ
抹不著影,1,ㄇㄛˇ ㄅㄨˋ ㄓㄠˊ ㄧㄥˇ
抹土搽灰,1,ㄇㄛˇ ㄊㄨˇ ㄔㄚˊ ㄏㄨㄟ
抹抹丟丟,1,ㄇㄛˇ ㄇㄛˇ ㄉㄧㄡ ㄉㄧㄡ
抹抹颩颩,1,ㄇㄛˇ ㄇㄛˇ ㄉㄧㄡ ㄉㄧㄡ
抹月批風,1,ㄇㄛˇ ㄩㄝˋ ㄆㄧ ㄈㄥ
抹月披風,1,ㄇㄛˇ ㄩㄝˋ ㄆㄧ ㄈㄥ
抹淚揉眵,1,ㄇㄛˇ ㄌㄟˋ ㄖㄡˊ ㄔ
抹牌道字,1,ㄇㄛˇ ㄆㄞˊ ㄉㄠˋ ㄗˋ
抹粉施脂,1,ㄇㄛˇ ㄈㄣˇ ㄕ ㄓ
押寨夫人,1,ㄧㄚ ㄓㄞˋ ㄈㄨ ㄖㄣˊ
抽丁拔楔,1,ㄔㄡ ㄉㄧㄥ ㄅㄚˊ ㄒㄧㄝˋ
抽筋剝皮,1,ㄔㄡ ㄐㄧㄣ ㄅㄛ ㄆㄧˊ
抽筋拔骨,1,ㄔㄡ ㄐㄧㄣ ㄅㄚˊ ㄍㄨˇ
抽簡祿馬,1,ㄔㄡ ㄐㄧㄢˇ ㄌㄨˋ ㄇㄚˇ
抽胎換骨,1,ㄔㄡ ㄊㄞ ㄏㄨㄢˋ ㄍㄨˇ
抽蓄發電,1,ㄔㄡ ㄒㄩˋ ㄈㄚ ㄉㄧㄢˋ
抽薪止沸,1,ㄔㄡ ㄒㄧㄣ ㄓˇ ㄈㄟˋ
抽青配白,1,ㄔㄡ ㄑㄧㄥ ㄆㄟˋ ㄅㄞˊ
抽黃對白,1,ㄔㄡ ㄏㄨㄤˊ ㄉㄨㄟˋ ㄅㄞˊ
拂衣而去,1,ㄈㄨˊ ㄧ ㄦˊ ㄑㄩˋ
拂袖而歸,1,ㄈㄨˊ ㄒㄧㄡˋ ㄦˊ ㄍㄨㄟ
拂袖而起,1,ㄈㄨˊ ㄒㄧㄡˋ ㄦˊ ㄑㄧˇ
拄笏看山,1,ㄓㄨˇ ㄏㄨˋ ㄎㄢ ㄕㄢ
拆放市場,1,ㄔㄞ ㄈㄤˋ ㄕˋ ㄔㄤˊ
拆東補西,1,ㄔㄞ ㄉㄨㄥ ㄅㄨˇ ㄒㄧ
拆款利率,1,ㄔㄞ ㄎㄨㄢˇ ㄌㄧˋ ㄌㄩˋ
拆牌道字,1,ㄔㄞ ㄆㄞˊ ㄉㄠˋ ㄗˋ
拆白道字,1,ㄔㄞ ㄅㄞˊ ㄉㄠˋ ㄗˋ
拆西補東,1,ㄔㄞ ㄒㄧ ㄅㄨˇ ㄉㄨㄥ
拈弓搭箭,1,ㄋㄧㄢˊ ㄍㄨㄥ ㄉㄚ ㄐㄧㄢˋ
拈花摘草,1,ㄋㄧㄢˊ ㄏㄨㄚ ㄓㄞ ㄘㄠˇ
拈花摘葉,1,ㄋㄧㄢˊ ㄏㄨㄚ ㄓㄞ ㄧㄝˋ
拈輕怕重,1,ㄋㄧㄢˊ ㄑㄧㄥ ㄆㄚˋ ㄓㄨㄥˋ
拈酸吃醋,1,ㄋㄧㄢˊ ㄙㄨㄢ ㄔ ㄘㄨˋ
拈題分韻,1,ㄋㄧㄢˊ ㄊㄧˊ ㄈㄣ ㄩㄣˋ
拉丁教會,1,ㄌㄚ ㄉㄧㄥ ㄐㄧㄠˋ ㄏㄨㄟˋ
拉丁風情,1,ㄌㄚ ㄉㄧㄥ ㄈㄥ ㄑㄧㄥˊ
拉上補下,1,ㄌㄚ ㄕㄤˋ ㄅㄨˇ ㄒㄧㄚˋ
拉名糧長,1,ㄌㄚ ㄇㄧㄥˊ ㄌㄧㄤˊ ㄓㄤˇ
拉多加湖,1,ㄌㄚ ㄉㄨㄛ ㄐㄧㄚ ㄏㄨˊ
拉家帶口,1,ㄌㄚ ㄐㄧㄚ ㄉㄞˋ ㄎㄡˇ
拉朽摧枯,1,ㄌㄚ ㄒㄧㄡˇ ㄘㄨㄟ ㄎㄨ
拉格羅夫,1,ㄌㄚ ㄍㄜˊ ㄌㄨㄛˊ ㄈㄨ
拉線搭橋,1,ㄌㄚ ㄒㄧㄢˋ ㄉㄚ ㄑㄧㄠˊ
拉鏈工程,1,ㄌㄚ ㄌㄧㄢˋ ㄍㄨㄥ ㄔㄥˊ
拉鐵摩爾,1,ㄌㄚ ㄊㄧㄝˇ ㄇㄛˊ ㄦˇ
拊背扼喉,1,ㄈㄨˇ ㄅㄟˋ ㄜˋ ㄏㄡˊ
拊膺切齒,1,ㄈㄨˇ ㄧㄥ ㄑㄧㄝˋ ㄔˇ
拊膺頓足,1,ㄈㄨˇ ㄧㄥ ㄉㄨㄣˋ ㄗㄨˊ
拋在腦後,1,ㄆㄠ ㄗㄞˋ ㄋㄠˇ ㄏㄡˋ
拋妻別子,1,ㄆㄠ ㄑㄧ ㄅㄧㄝˊ ㄗˇ
拋家失業,1,ㄆㄠ ㄐㄧㄚ ㄕ ㄧㄝˋ
拋屍露骨,1,ㄆㄠ ㄕ ㄌㄨˋ ㄍㄨˇ
拋戈卸甲,1,ㄆㄠ ㄍㄜ ㄒㄧㄝˋ ㄐㄧㄚˇ
拋聲衒俏,1,ㄆㄠ ㄕㄥ ㄒㄩㄢˋ ㄑㄧㄠˋ
拋聲調嗓,1,ㄆㄠ ㄕㄥ ㄉㄧㄠˋ ㄙㄤˇ
拋金棄鼓,1,ㄆㄠ ㄐㄧㄣ ㄑㄧˋ ㄍㄨˇ
拋閃殺人,1,ㄆㄠ ㄕㄢˇ ㄕㄚ ㄖㄣˊ
拋鸞拆鳳,1,ㄆㄠ ㄌㄨㄢˊ ㄔㄞ ㄈㄥˋ
拍子記號,1,ㄆㄞ ㄗ˙ ㄐㄧˋ ㄏㄠˋ
拍手打腳,1,ㄆㄞ ㄕㄡˇ ㄉㄚˇ ㄐㄧㄠˇ
拍手拍腳,1,ㄆㄞ ㄕㄡˇ ㄆㄞ ㄐㄧㄠˇ
拍案叫妙,1,ㄆㄞ ㄢˋ ㄐㄧㄠˋ ㄇㄧㄠˋ
拍案怒罵,1,ㄆㄞ ㄢˋ ㄋㄨˋ ㄇㄚˋ
拍案稱奇,1,ㄆㄞ ㄢˋ ㄔㄥ ㄑㄧˊ
拍案而起,1,ㄆㄞ ㄢˋ ㄦˊ ㄑㄧˇ
拍桌驚嘆,1,ㄆㄞ ㄓㄨㄛ ㄐㄧㄥ ㄊㄢˋ
拍膝嗟歎,1,ㄆㄞ ㄒㄧ ㄐㄧㄝ ㄊㄢˋ
拍馬挺鎗,1,ㄆㄞ ㄇㄚˇ ㄊㄧㄥˇ ㄑㄧㄤ
拐帶人口,1,ㄍㄨㄞˇ ㄉㄞˋ ㄖㄣˊ ㄎㄡˇ
拒絕承付,1,ㄐㄩˋ ㄐㄩㄝˊ ㄔㄥˊ ㄈㄨˋ
拒虎進狼,1,ㄐㄩˋ ㄏㄨˇ ㄐㄧㄣˋ ㄌㄤˊ
拒諫飾非,1,ㄐㄩˋ ㄐㄧㄢˋ ㄕˋ ㄈㄟ
拓土開疆,1,ㄊㄨㄛˋ ㄊㄨˇ ㄎㄞ ㄐㄧㄤ
拓落不羈,1,ㄊㄨㄛˋ ㄌㄨㄛˋ ㄅㄨˋ ㄐㄧ
拔來報往,1,ㄅㄚˊ ㄌㄞˊ ㄅㄠˋ ㄨㄤˇ
拔刀斷席,1,ㄅㄚˊ ㄉㄠ ㄉㄨㄢˋ ㄒㄧˊ
拔刀相濟,1,ㄅㄚˊ ㄉㄠ ㄒㄧㄤ ㄐㄧˋ
拔十失五,1,ㄅㄚˊ ㄕˊ ㄕ ㄨˇ
拔十得五,1,ㄅㄚˊ ㄕˊ ㄉㄜˊ ㄨˇ
拔去一丁,1,ㄅㄚˊ ㄑㄩˋ ㄧ ㄉㄧㄥ
拔圍出夫,1,ㄅㄚˊ ㄨㄟˊ ㄔㄨ ㄈㄨ
拔地倚天,1,ㄅㄚˊ ㄉㄧˋ ㄧˇ ㄊㄧㄢ
拔地參天,1,ㄅㄚˊ ㄉㄧˋ ㄘㄢ ㄊㄧㄢ
拔地搖山,1,ㄅㄚˊ ㄉㄧˋ ㄧㄠˊ ㄕㄢ
拔宅上昇,1,ㄅㄚˊ ㄓㄞˊ ㄕㄤˋ ㄕㄥ
拔宅飛昇,1,ㄅㄚˊ ㄓㄞˊ ㄈㄟ ㄕㄥ
拔山扛鼎,1,ㄅㄚˊ ㄕㄢ ㄍㄤ ㄉㄧㄥˇ
拔山舉鼎,1,ㄅㄚˊ ㄕㄢ ㄐㄩˇ ㄉㄧㄥˇ
拔山蓋世,1,ㄅㄚˊ ㄕㄢ ㄍㄞˋ ㄕˋ
拔山超海,1,ㄅㄚˊ ㄕㄢ ㄔㄠ ㄏㄞˇ
拔幟易幟,1,ㄅㄚˊ ㄓˋ ㄧˋ ㄓˋ
拔得頭籌,1,ㄅㄚˊ ㄉㄜˊ ㄊㄡˊ ㄔㄡˊ
拔新領異,1,ㄅㄚˊ ㄒㄧㄣ ㄌㄧㄥˇ ㄧˋ
拔本塞原,1,ㄅㄚˊ ㄅㄣˇ ㄙㄜˋ ㄩㄢˊ
拔本塞源,1,ㄅㄚˊ ㄅㄣˇ ㄙㄜˋ ㄩㄢˊ
拔樹尋根,1,ㄅㄚˊ ㄕㄨˋ ㄒㄩㄣˊ ㄍㄣ
拔樹撼山,1,ㄅㄚˊ ㄕㄨˋ ㄏㄢˋ ㄕㄢ
拔濟火宅,1,ㄅㄚˊ ㄐㄧˋ ㄏㄨㄛˇ ㄓㄞˊ
拔爾波亞,1,ㄅㄚˊ ㄦˇ ㄅㄛ ㄧㄚˋ
拔犀擢象,1,ㄅㄚˊ ㄒㄧ ㄓㄨㄛˊ ㄒㄧㄤˋ
拔群出萃,1,ㄅㄚˊ ㄑㄩㄣˊ ㄔㄨ ㄘㄨㄟˋ
拔群出類,1,ㄅㄚˊ ㄑㄩㄣˊ ㄔㄨ ㄌㄟˋ
拔舌地獄,1,ㄅㄚˊ ㄕㄜˊ ㄉㄧˋ ㄩˋ
拔茅連茹,1,ㄅㄚˊ ㄇㄠˊ ㄌㄧㄢˊ ㄖㄨˊ
拔萃出群,1,ㄅㄚˊ ㄘㄨㄟˋ ㄔㄨ ㄑㄩㄣˊ
拔萃出類,1,ㄅㄚˊ ㄘㄨㄟˋ ㄔㄨ ㄌㄟˋ
拔萃書室,1,ㄅㄚˊ ㄘㄨㄟˋ ㄕㄨ ㄕˋ
拔著短籌,1,ㄅㄚˊ ㄓㄠˊ ㄉㄨㄢˇ ㄔㄡˊ
拔葵去織,1,ㄅㄚˊ ㄎㄨㄟˊ ㄑㄩˋ ㄓ
拔葵啖棗,1,ㄅㄚˊ ㄎㄨㄟˊ ㄉㄢˋ ㄗㄠˇ
拔類超群,1,ㄅㄚˊ ㄌㄟˋ ㄔㄠ ㄑㄩㄣˊ
拖人落水,1,ㄊㄨㄛ ㄖㄣˊ ㄌㄨㄛˋ ㄕㄨㄟˇ
拖兒帶女,1,ㄊㄨㄛ ㄦˊ ㄉㄞˋ ㄋㄩˇ
拖天掃地,1,ㄊㄨㄛ ㄊㄧㄢ ㄙㄠˇ ㄉㄧˋ
拖拖棲棲,1,ㄊㄨㄛ ㄊㄨㄛ ㄑㄧ ㄑㄧ
拖枝馬遠,1,ㄊㄨㄛ ㄓ ㄇㄚˇ ㄩㄢˇ
拖男帶女,1,ㄊㄨㄛ ㄋㄢˊ ㄉㄞˋ ㄋㄩˇ
拖男挈女,1,ㄊㄨㄛ ㄋㄢˊ ㄑㄧㄝˋ ㄋㄩˇ
拖男挾女,1,ㄊㄨㄛ ㄋㄢˊ ㄒㄧㄝˊ ㄋㄩˇ
拖紫垂青,1,ㄊㄨㄛ ㄗˇ ㄔㄨㄟˊ ㄑㄧㄥ
拖鎗拽棒,1,ㄊㄨㄛ ㄑㄧㄤ ㄧㄝˋ ㄅㄤˋ
拖麻拽布,1,ㄊㄨㄛ ㄇㄚˊ ㄓㄨㄞˋ ㄅㄨˋ
拗彆攪炒,1,ㄠˋ ㄅㄧㄝ˙ ㄐㄧㄠˇ ㄔㄠˇ
拗曲作直,1,ㄠˇ ㄑㄩ ㄗㄨㄛˋ ㄓˊ
拘俗守常,1,ㄐㄩ ㄙㄨˊ ㄕㄡˇ ㄔㄤˊ
拘拘儒儒,1,ㄐㄩ ㄐㄩ ㄖㄨˊ ㄖㄨˊ
拘拘束束,1,ㄐㄩ ㄐㄩ ㄕㄨˋ ㄕㄨˋ
拘拘縮縮,1,ㄐㄩ ㄐㄩ˙ ㄙㄨㄛ ㄙㄨㄛ
拘攣補衲,1,ㄐㄩ ㄌㄩㄢˊ ㄅㄨˇ ㄋㄚˋ
拘文牽俗,1,ㄐㄩ ㄨㄣˊ ㄑㄧㄢ ㄙㄨˊ
拘神遣將,1,ㄐㄩ ㄕㄣˊ ㄑㄧㄢˇ ㄐㄧㄤˋ
拙口笨腮,1,ㄓㄨㄛˊ ㄎㄡˇ ㄅㄣˋ ㄙㄞ
拙口鈍腮,1,ㄓㄨㄛˊ ㄎㄡˇ ㄉㄨㄣˋ ㄙㄞ
拙口鈍辭,1,ㄓㄨㄛˊ ㄎㄡˇ ㄉㄨㄣˋ ㄘˊ
拙於言辭,1,ㄓㄨㄛˊ ㄩˊ ㄧㄢˊ ㄘˊ
拚生盡死,1,ㄆㄢˋ ㄕㄥ ㄐㄧㄣˋ ㄙˇ
招亡納叛,1,ㄓㄠ ㄨㄤˊ ㄋㄚˋ ㄆㄢˋ
招是惹非,1,ㄓㄠ ㄕˋ ㄖㄜˇ ㄈㄟ
招是攬非,1,ㄓㄠ ㄕˋ ㄌㄢˇ ㄈㄟ
招架不住,1,ㄓㄠ ㄐㄧㄚˋ ㄅㄨˋ ㄓㄨˋ
招權納賂,1,ㄓㄠ ㄑㄩㄢˊ ㄋㄚˋ ㄌㄨˋ
招權納賕,1,ㄓㄠ ㄑㄩㄢˊ ㄋㄚˋ ㄑㄧㄡˊ
招災攬禍,1,ㄓㄠ ㄗㄞ ㄌㄢˇ ㄏㄨㄛˋ
招花惹草,1,ㄓㄠ ㄏㄨㄚ ㄖㄜˇ ㄘㄠˇ
招財利市,1,ㄓㄠ ㄘㄞˊ ㄌㄧˋ ㄕˋ
招賢下士,1,ㄓㄠ ㄒㄧㄢˊ ㄒㄧㄚˋ ㄕˋ
招賢納士,1,ㄓㄠ ㄒㄧㄢˊ ㄋㄚˋ ㄕˋ
招軍買馬,1,ㄓㄠ ㄐㄩㄣ ㄇㄞˇ ㄇㄚˇ
招門納婿,1,ㄓㄠ ㄇㄣˊ ㄋㄚˋ ㄒㄩˋ
招降納順,1,ㄓㄠ ㄒㄧㄤˊ ㄋㄚˋ ㄕㄨㄣˋ
招風惹草,1,ㄓㄠ ㄈㄥ ㄖㄜˇ ㄘㄠˇ
招風攬火,1,ㄓㄠ ㄈㄥ ㄌㄢˇ ㄏㄨㄛˇ
拜倒轅門,1,ㄅㄞˋ ㄉㄠˇ ㄩㄢˊ ㄇㄣˊ
拜城石窟,1,ㄅㄞˋ ㄔㄥˊ ㄕˊ ㄎㄨ
拜將封侯,1,ㄅㄞˋ ㄐㄧㄤˋ ㄈㄥ ㄏㄡˊ
拜恩私第,1,ㄅㄞˋ ㄣ ㄙ ㄉㄧˋ
拜手稽首,1,ㄅㄞˋ ㄕㄡˇ ㄑㄧˇ ㄕㄡˇ
拜普魯斯,1,ㄅㄞˋ ㄆㄨˇ ㄌㄨˇ ㄙ
拜相封侯,1,ㄅㄞˋ ㄒㄧㄤˋ ㄈㄥ ㄏㄡˊ
拜耳公司,1,ㄅㄞˋ ㄦˇ ㄍㄨㄥ ㄙ
拜鬼求神,1,ㄅㄞˋ ㄍㄨㄟˇ ㄑㄧㄡˊ ㄕㄣˊ
括囊守祿,1,ㄍㄨㄚ ㄋㄤˊ ㄕㄡˇ ㄌㄨˋ
括囊拱手,1,ㄍㄨㄚ ㄋㄤˊ ㄍㄨㄥˇ ㄕㄡˇ
拭目以俟,1,ㄕˋ ㄇㄨˋ ㄧˇ ㄙˋ
拭目以觀,1,ㄕˋ ㄇㄨˋ ㄧˇ ㄍㄨㄢ
拭目傾耳,1,ㄕˋ ㄇㄨˋ ㄑㄧㄥ ㄦˇ
拭目而待,1,ㄕˋ ㄇㄨˋ ㄦˊ ㄉㄞˋ
拭目而觀,1,ㄕˋ ㄇㄨˋ ㄦˊ ㄍㄨㄢ
拯危扶溺,1,ㄓㄥˇ ㄨㄟˊ ㄈㄨˊ ㄋㄧˋ
拯溺扶危,1,ㄓㄥˇ ㄋㄧˋ ㄈㄨˊ ㄨㄟˊ
拯溺救焚,1,ㄓㄥˇ ㄋㄧˋ ㄐㄧㄡˋ ㄈㄣˊ
拯溺濟危,1,ㄓㄥˇ ㄋㄧˋ ㄐㄧˋ ㄨㄟˊ
拱手作揖,1,ㄍㄨㄥˇ ㄕㄡˇ ㄗㄨㄛ ㄧ
拱手垂裳,1,ㄍㄨㄥˇ ㄕㄡˇ ㄔㄨㄟˊ ㄔㄤˊ
拱手投降,1,ㄍㄨㄥˇ ㄕㄡˇ ㄊㄡˊ ㄒㄧㄤˊ
拱手而別,1,ㄍㄨㄥˇ ㄕㄡˇ ㄦˊ ㄅㄧㄝˊ
拱手而降,1,ㄍㄨㄥˇ ㄕㄡˇ ㄦˊ ㄒㄧㄤˊ
拱手聽命,1,ㄍㄨㄥˇ ㄕㄡˇ ㄊㄧㄥˋ ㄇㄧㄥˋ
拱肩縮背,1,ㄍㄨㄥˇ ㄐㄧㄢ ㄙㄨㄛ ㄅㄟˋ
拳拳服膺,1,ㄑㄩㄢˊ ㄑㄩㄢˊ ㄈㄨˊ ㄧㄥ
拳頭產品,1,ㄑㄩㄢˊ ㄊㄡ˙ ㄔㄢˇ ㄆㄧㄣˇ
拴搐豔段,1,ㄕㄨㄢ ㄔㄨˋ ㄧㄢˋ ㄉㄨㄢˋ
拼合版畫,1,ㄆㄧㄣ ㄏㄜˊ ㄅㄢˇ ㄏㄨㄚˋ
拼命三郎,1,ㄆㄧㄣ ㄇㄧㄥˋ ㄙㄢ ㄌㄤˊ
拼花地板,1,ㄆㄧㄣ ㄏㄨㄚ ㄉㄧˋ ㄅㄢˇ
拼貼藝術,1,ㄆㄧㄣ ㄊㄧㄝ ㄧˋ ㄕㄨˋ
拽巷攞街,1,ㄓㄨㄞˋ ㄒㄧㄤˋ ㄌㄨㄛˊ ㄐㄧㄝ
拽巷邏街,1,ㄓㄨㄞˋ ㄒㄧㄤˋ ㄌㄨㄛˊ ㄐㄧㄝ
拽布披麻,1,ㄓㄨㄞˋ ㄅㄨˋ ㄆㄧ ㄇㄚˊ
拽布拖麻,1,ㄓㄨㄞˋ ㄅㄨˋ ㄊㄨㄛ ㄇㄚˊ
拽欛扶犁,1,ㄓㄨㄞˋ ㄅㄚˋ ㄈㄨˊ ㄌㄧˊ
拽耙扶犁,1,ㄓㄨㄞˋ ㄆㄚˊ ㄈㄨˊ ㄌㄧˊ
拽象拖犀,1,ㄓㄨㄞˋ ㄒㄧㄤˋ ㄊㄨㄛ ㄒㄧ
拾人涕唾,1,ㄕˊ ㄖㄣˊ ㄊㄧˋ ㄊㄨㄛˋ
拾遺舉過,1,ㄕˊ ㄧˊ ㄐㄩˇ ㄍㄨㄛˋ
拾遺補闕,1,ㄕˊ ㄧˊ ㄅㄨˇ ㄑㄩㄝ
拾金不昧,1,ㄕˊ ㄐㄧㄣ ㄅㄨˋ ㄇㄟˋ
拾頭打滾,1,ㄕˊ ㄊㄡˊ ㄉㄚˇ ㄍㄨㄣˇ
拿三撇四,1,ㄋㄚˊ ㄙㄢ ㄆㄧㄝ ㄙˋ
拿三道三,1,ㄋㄚˊ ㄙㄢ ㄉㄠˋ ㄙㄢ
拿三道五,1,ㄋㄚˊ ㄙㄢ ㄉㄠˋ ㄨˇ
拿三道四,1,ㄋㄚˊ ㄙㄢ ㄉㄠˋ ㄙˋ
拿下馬來,1,ㄋㄚˊ ㄒㄧㄚˋ ㄇㄚˇ ㄌㄞˊ
拿刀動杖,1,ㄋㄚˊ ㄉㄠ ㄉㄨㄥˋ ㄓㄤˋ
拿手絕活,1,ㄋㄚˊ ㄕㄡˇ ㄐㄩㄝˊ ㄏㄨㄛˊ
拿把不住,1,ㄋㄚˊ ㄅㄚˇ ㄅㄨˋ ㄓㄨˋ
拿板弄勢,1,ㄋㄚˊ ㄅㄢˇ ㄋㄨㄥˋ ㄕˋ
拿班作勢,1,ㄋㄚˊ ㄅㄢ ㄗㄨㄛˋ ㄕˋ
拿粗挾細,1,ㄋㄚˊ ㄘㄨ ㄒㄧㄝˊ ㄒㄧˋ
拿糖作醋,1,ㄋㄚˊ ㄊㄤˊ ㄗㄨㄛˋ ㄘㄨˋ
拿腔作勢,1,ㄋㄚˊ ㄑㄧㄤ ㄗㄨㄛˋ ㄕˋ
拿腔拿調,1,ㄋㄚˊ ㄑㄧㄤ ㄋㄚˊ ㄉㄧㄠˋ
拿賊拿贓,1,ㄋㄚˊ ㄗㄟˊ ㄋㄚˊ ㄗㄤ
拿賊見贓,1,ㄋㄚˊ ㄗㄟˊ ㄐㄧㄢˋ ㄗㄤ
拿雲捉月,1,ㄋㄚˊ ㄩㄣˊ ㄓㄨㄛ ㄩㄝˋ
拿雲握霧,1,ㄋㄚˊ ㄩㄣˊ ㄨㄛˋ ㄨˋ
持久之計,1,ㄔˊ ㄐㄧㄡˇ ㄓ ㄐㄧˋ
持人長短,1,ㄔˊ ㄖㄣˊ ㄔㄤˊ ㄉㄨㄢˇ
持刀動杖,1,ㄔˊ ㄉㄠ ㄉㄨㄥˋ ㄓㄤˋ
持刀弄棒,1,ㄔˊ ㄉㄠ ㄋㄨㄥˋ ㄅㄤˋ
持危扶顛,1,ㄔˊ ㄨㄟˊ ㄈㄨˊ ㄉㄧㄢ
持橐簪筆,1,ㄔˊ ㄊㄨㄛˊ ㄗㄢ ㄅㄧˇ
持正不撓,1,ㄔˊ ㄓㄥˋ ㄅㄨˋ ㄋㄠˊ
持正不阿,1,ㄔˊ ㄓㄥˋ ㄅㄨˋ ㄜ
持滿戒盈,1,ㄔˊ ㄇㄢˇ ㄐㄧㄝˋ ㄧㄥˊ
持疑不決,1,ㄔˊ ㄧˊ ㄅㄨˋ ㄐㄩㄝˊ
持盈守成,1,ㄔˊ ㄧㄥˊ ㄕㄡˇ ㄔㄥˊ
持盈守虛,1,ㄔˊ ㄧㄥˊ ㄕㄡˇ ㄒㄩ
持祿保位,1,ㄔˊ ㄌㄨˋ ㄅㄠˇ ㄨㄟˋ
持祿取容,1,ㄔˊ ㄌㄨˋ ㄑㄩˇ ㄖㄨㄥˊ
持祿固寵,1,ㄔˊ ㄌㄨˋ ㄍㄨˋ ㄔㄨㄥˇ
持祿養交,1,ㄔˊ ㄌㄨˋ ㄧㄤˇ ㄐㄧㄠ
持祿養身,1,ㄔˊ ㄌㄨˋ ㄧㄤˇ ㄕㄣ
持籌握算,1,ㄔˊ ㄔㄡˊ ㄨㄛˋ ㄙㄨㄢˋ
持蠡測海,1,ㄔˊ ㄌㄧˊ ㄘㄜˋ ㄏㄞˇ
持衡擁璇,1,ㄔˊ ㄏㄥˊ ㄩㄥˇ ㄒㄩㄢˊ
持齋受戒,1,ㄔˊ ㄓㄞ ㄕㄡˋ ㄐㄧㄝˋ
持齋把素,1,ㄔˊ ㄓㄞ ㄅㄚˇ ㄙㄨˋ
挂一漏百,1,ㄍㄨㄚˋ ㄧ ㄌㄡˋ ㄅㄞˇ
挂一漏萬,1,ㄍㄨㄚˋ ㄧ ㄌㄡˋ ㄨㄢˋ
挂燈結綵,1,ㄍㄨㄚˋ ㄉㄥ ㄐㄧㄝˊ ㄘㄞˇ
指一說十,1,ㄓˇ ㄧ ㄕㄨㄛ ㄕˊ
指南之助,1,ㄓˇ ㄋㄢˊ ㄓ ㄓㄨˋ
指南打北,1,ㄓˇ ㄋㄢˊ ㄉㄚˇ ㄅㄟˇ
指古摘今,1,ㄓˇ ㄍㄨˇ ㄓㄞ ㄐㄧㄣ
指地為盟,1,ㄓˇ ㄉㄧˋ ㄨㄟˊ ㄇㄥˊ
指天為誓,1,ㄓˇ ㄊㄧㄢ ㄨㄟˊ ㄕˋ
指天誓心,1,ㄓˇ ㄊㄧㄢ ㄕˋ ㄒㄧㄣ
指天說地,1,ㄓˇ ㄊㄧㄢ ㄕㄨㄛ ㄉㄧˋ
指定打擊,1,ㄓˇ ㄉㄧㄥˋ ㄉㄚˇ ㄐㄧˊ
指定轉接,1,ㄓˇ ㄉㄧㄥˋ ㄓㄨㄢˇ ㄐㄧㄝ
指實掌虛,1,ㄓˇ ㄕˊ ㄓㄤˇ ㄒㄩ
指山說磨,1,ㄓˇ ㄕㄢ ㄕㄨㄛ ㄇㄛˋ
指山賣磨,1,ㄓˇ ㄕㄢ ㄇㄞˋ ㄇㄛˋ
指手頓腳,1,ㄓˇ ㄕㄡˇ ㄉㄨㄣˋ ㄐㄧㄠˇ
指指戳戳,1,ㄓˇ ㄓˇ ㄔㄨㄛ ㄔㄨㄛ
指指搠搠,1,ㄓˇ ㄓˇ ㄕㄨㄛˋ ㄕㄨㄛˋ
指揮導航,1,ㄓˇ ㄏㄨㄟ ㄉㄠˇ ㄏㄤˊ
指數法則,1,ㄓˇ ㄕㄨˋ ㄈㄚˇ ㄗㄜˊ
指日高陞,1,ㄓˇ ㄖˋ ㄍㄠ ㄕㄥ
指東打西,1,ㄓˇ ㄉㄨㄥ ㄉㄚˇ ㄒㄧ
指東話西,1,ㄓˇ ㄉㄨㄥ ㄏㄨㄚˋ ㄒㄧ
指桑說槐,1,ㄓˇ ㄙㄤ ㄕㄨㄛ ㄏㄨㄞˊ
指水盟松,1,ㄓˇ ㄕㄨㄟˇ ㄇㄥˊ ㄙㄨㄥ
指瑕造隙,1,ㄓˇ ㄒㄧㄚˊ ㄗㄠˋ ㄒㄧˋ
指皂為白,1,ㄓˇ ㄗㄠˋ ㄨㄟˊ ㄅㄞˊ
指破迷團,1,ㄓˇ ㄆㄛˋ ㄇㄧˊ ㄊㄨㄢˊ
指空話空,1,ㄓˇ ㄎㄨㄥ ㄏㄨㄚˋ ㄎㄨㄥ
指紋分析,1,ㄓˇ ㄨㄣˊ ㄈㄣ ㄒㄧ
指紋紀錄,1,ㄓˇ ㄨㄣˊ ㄐㄧˋ ㄌㄨˋ
指紋辨識,1,ㄓˇ ㄨㄣˊ ㄅㄧㄢˋ ㄕˋ
指紋鑑定,1,ㄓˇ ㄨㄣˊ ㄐㄧㄢˋ ㄉㄧㄥˋ
指腳夫妻,1,ㄓˇ ㄐㄧㄠˇ ㄈㄨ ㄑㄧ
指腹割衿,1,ㄓˇ ㄈㄨˋ ㄍㄜ ㄐㄧㄣ
指腹裁襟,1,ㄓˇ ㄈㄨˋ ㄘㄞˊ ㄐㄧㄣ
指親托故,1,ㄓˇ ㄑㄧㄣ ㄊㄨㄛ ㄍㄨˋ
指豬罵狗,1,ㄓˇ ㄓㄨ ㄇㄚˋ ㄍㄡˇ
指長話短,1,ㄓˇ ㄔㄤˊ ㄏㄨㄚˋ ㄉㄨㄢˇ
指雁為羹,1,ㄓˇ ㄧㄢˋ ㄨㄟˊ ㄍㄥ
指雞罵狗,1,ㄓˇ ㄐㄧ ㄇㄚˋ ㄍㄡˇ
指顧之際,1,ㄓˇ ㄍㄨˋ ㄓ ㄐㄧˋ
指黑為白,1,ㄓˇ ㄏㄟ ㄨㄟˊ ㄅㄞˊ
指點迷津,1,ㄓˇ ㄉㄧㄢˇ ㄇㄧˊ ㄐㄧㄣ
挈屐而歸,1,ㄑㄧㄝˋ ㄐㄧ ㄦˊ ㄍㄨㄟ
挈榼提壺,1,ㄑㄧㄝˋ ㄎㄜˋ ㄊㄧˊ ㄏㄨˊ
挈瓶之知,1,ㄑㄧㄝˋ ㄆㄧㄥˊ ㄓ ㄓˋ
挈瓶小智,1,ㄑㄧㄝˋ ㄆㄧㄥˊ ㄒㄧㄠˇ ㄓˋ
按兵不動,1,ㄢˋ ㄅㄧㄥ ㄅㄨˋ ㄉㄨㄥˋ
按兵不舉,1,ㄢˋ ㄅㄧㄥ ㄅㄨˋ ㄐㄩˇ
按分比例,1,ㄢˋ ㄈㄣ ㄅㄧˇ ㄌㄧˋ
按名責實,1,ㄢˋ ㄇㄧㄥˊ ㄗㄜˊ ㄕˊ
按堵如故,1,ㄢˋ ㄉㄨˇ ㄖㄨˊ ㄍㄨˋ
按家伏業,1,ㄢˋ ㄐㄧㄚ ㄈㄨˊ ㄧㄝˋ
按彊助弱,1,ㄢˋ ㄑㄧㄤˊ ㄓㄨˋ ㄖㄨㄛˋ
按捺不住,1,ㄢˋ ㄋㄚˋ ㄅㄨˋ ㄓㄨˋ
按甲休兵,1,ㄢˋ ㄐㄧㄚˇ ㄒㄧㄡ ㄅㄧㄥ
按甲寢兵,1,ㄢˋ ㄐㄧㄚˇ ㄑㄧㄣˇ ㄅㄧㄥ
按資排輩,1,ㄢˋ ㄗ ㄆㄞˊ ㄅㄟˋ
挑三窩四,1,ㄊㄧㄠˇ ㄙㄢ ㄨㄛ ㄙˋ
挑三豁四,1,ㄊㄧㄠˇ ㄙㄢ ㄏㄨㄛˋ ㄙˋ
挑么挑六,1,ㄊㄧㄠ ㄧㄠ ㄊㄧㄠ ㄌㄧㄡˋ
挑包策馬,1,ㄊㄧㄠ ㄅㄠ ㄘㄜˋ ㄇㄚˇ
挑大拇哥,1,ㄊㄧㄠˇ ㄉㄚˋ ㄇㄨˇ ㄍㄜ
挑妻窩夫,1,ㄊㄧㄠ ㄑㄧ ㄨㄛ ㄈㄨ
挑毛揀刺,1,ㄊㄧㄠ ㄇㄠˊ ㄐㄧㄢˇ ㄘˋ
挑燈撥火,1,ㄊㄧㄠˇ ㄉㄥ ㄅㄛ ㄏㄨㄛˇ
挑牙料脣,1,ㄊㄧㄠˇ ㄧㄚˊ ㄌㄧㄠˋ ㄔㄨㄣˊ
挑肥揀瘦,1,ㄊㄧㄠ ㄈㄟˊ ㄐㄧㄢˇ ㄕㄡˋ
挑脣料嘴,1,ㄊㄧㄠˇ ㄔㄨㄣˊ ㄌㄧㄠˋ ㄗㄨㄟˇ
挑花繃子,1,ㄊㄧㄠˇ ㄏㄨㄚ ㄅㄥ ㄗ˙
挑茶斡刺,1,ㄊㄧㄠˇ ㄔㄚˊ ㄨㄛˋ ㄘˋ
挑雪填井,1,ㄊㄧㄠ ㄒㄩㄝˇ ㄊㄧㄢˊ ㄐㄧㄥˇ
挖心搜膽,1,ㄨㄚ ㄒㄧㄣ ㄙㄡ ㄉㄢˇ
挖耳當招,1,ㄨㄚ ㄦˇ ㄉㄤ ㄓㄠ
挨三頂五,1,ㄞ ㄙㄢ ㄉㄧㄥˇ ㄨˇ
挨山塞海,1,ㄞ ㄕㄢ ㄙㄜˋ ㄏㄞˇ
挨打受罵,1,ㄞ ㄉㄚˇ ㄕㄡˋ ㄇㄚˋ
挨挨拶拶,1,ㄞ ㄞ ㄗㄚˊ ㄗㄚˊ
挨挨搶搶,1,ㄞ ㄞ ㄑㄧㄤˇ ㄑㄧㄤˇ
挨挨桚桚,1,ㄞ ㄞ ㄗㄚˊ ㄗㄚˊ
挨挨蹭蹭,1,ㄞ ㄞ ㄘㄥˋ ㄘㄥˋ
挨肩搭背,1,ㄞ ㄐㄧㄢ ㄉㄚ ㄅㄟˋ
挨肩擦背,1,ㄞ ㄐㄧㄢ ㄘㄚ ㄅㄟˋ
挨肩擦膀,1,ㄞ ㄐㄧㄢ ㄘㄚ ㄅㄤˇ
挨肩擦臉,1,ㄞ ㄐㄧㄢ ㄘㄚ ㄌㄧㄢˇ
挨肩疊背,1,ㄞ ㄐㄧㄢ ㄉㄧㄝˊ ㄅㄟˋ
挨門挨戶,1,ㄞ ㄇㄣˊ ㄞ ㄏㄨˋ
挨門逐戶,1,ㄞ ㄇㄣˊ ㄓㄨˊ ㄏㄨˋ
挨風緝縫,1,ㄞ ㄈㄥ ㄑㄧˋ ㄈㄥˋ
挪威王國,1,ㄋㄨㄛˊ ㄨㄟ ㄨㄤˊ ㄍㄨㄛˊ
挫骨揚灰,1,ㄘㄨㄛˋ ㄍㄨˇ ㄧㄤˊ ㄏㄨㄟ
振作有為,1,ㄓㄣˋ ㄗㄨㄛˋ ㄧㄡˇ ㄨㄟˊ
振弱除暴,1,ㄓㄣˋ ㄖㄨㄛˋ ㄔㄨˊ ㄅㄠˋ
振民育德,1,ㄓㄣˋ ㄇㄧㄣˊ ㄩˋ ㄉㄜˊ
振窮卹貧,1,ㄓㄣˋ ㄑㄩㄥˊ ㄒㄩˋ ㄆㄧㄣˊ
振窮恤寡,1,ㄓㄣˋ ㄑㄩㄥˊ ㄒㄩˋ ㄍㄨㄚˇ
振衣提領,1,ㄓㄣˋ ㄧ ㄊㄧˊ ㄌㄧㄥˇ
振衣濯足,1,ㄓㄣˋ ㄧ ㄓㄨㄛˊ ㄗㄨˊ
振衰起敝,1,ㄓㄣˋ ㄕㄨㄞ ㄑㄧˇ ㄅㄧˋ
振裘持領,1,ㄓㄣˋ ㄑㄧㄡˊ ㄔˊ ㄌㄧㄥˇ
振警愚頑,1,ㄓㄣˋ ㄐㄧㄥˇ ㄩˊ ㄨㄢˊ
振貧濟乏,1,ㄓㄣˋ ㄆㄧㄣˊ ㄐㄧˋ ㄈㄚˊ
振領提綱,1,ㄓㄣˋ ㄌㄧㄥˇ ㄊㄧˊ ㄍㄤ
振鱗奮翼,1,ㄓㄣˋ ㄌㄧㄣˊ ㄈㄣˋ ㄧˋ
振鷺充庭,1,ㄓㄣˋ ㄌㄨˋ ㄔㄨㄥ ㄊㄧㄥˊ
振鷺在庭,1,ㄓㄣˋ ㄌㄨˋ ㄗㄞˋ ㄊㄧㄥˊ
挹彼注此,1,ㄧˋ ㄅㄧˇ ㄓㄨˋ ㄘˇ
挹彼注茲,1,ㄧˋ ㄅㄧˇ ㄓㄨˋ ㄗ
挹淚揉眵,1,ㄧˋ ㄌㄟˋ ㄖㄡˊ ㄔ
挺拔不群,1,ㄊㄧㄥˇ ㄅㄚˊ ㄅㄨˋ ㄑㄩㄣˊ
挺撅挺橫,1,ㄊㄧㄥˇ ㄐㄩㄝ ㄊㄧㄥˇ ㄏㄥˋ
挺撅挺橫,1,ㄊㄧㄥˇ ㄐㄩㄝˊ ㄊㄧㄥˇ ㄏㄥˋ
挺然卓立,1,ㄊㄧㄥˇ ㄖㄢˊ ㄓㄨㄛˊ ㄌㄧˋ
挺胸凸肚,1,ㄊㄧㄥˇ ㄒㄩㄥ ㄊㄨ ㄉㄨˋ
挺胸疊肚,1,ㄊㄧㄥˇ ㄒㄩㄥ ㄉㄧㄝˊ ㄉㄨˋ
挺起胸膛,1,ㄊㄧㄥˇ ㄑㄧˇ ㄒㄩㄥ ㄊㄤˊ
挾主行令,1,ㄒㄧㄝˊ ㄓㄨˇ ㄒㄧㄥˊ ㄌㄧㄥˋ
挾人捉將,1,ㄒㄧㄝˊ ㄖㄣˊ ㄓㄨㄛ ㄐㄧㄤˋ
挾冰求溫,1,ㄒㄧㄝˊ ㄅㄧㄥ ㄑㄧㄡˊ ㄨㄣ
挾勢弄權,1,ㄒㄧㄝˊ ㄕˋ ㄋㄨㄥˋ ㄑㄩㄢˊ
挾山超海,1,ㄒㄧㄝˊ ㄕㄢ ㄔㄠ ㄏㄞˇ
挾朋樹黨,1,ㄒㄧㄝˊ ㄆㄥˊ ㄕㄨˋ ㄉㄤˇ
挾權倚勢,1,ㄒㄧㄝˊ ㄑㄩㄢˊ ㄧˇ ㄕˋ
挾細拿粗,1,ㄒㄧㄝˊ ㄒㄧˋ ㄋㄚˊ ㄘㄨ
挾貴倚勢,1,ㄒㄧㄝˊ ㄍㄨㄟˋ ㄧˇ ㄕˋ
捂捂蓋蓋,1,ㄨˇ ㄨˇ ㄍㄞˋ ㄍㄞˋ
捅馬蜂窩,1,ㄊㄨㄥˇ ㄇㄚˇ ㄈㄥ ㄨㄛ
捉奸捉雙,1,ㄓㄨㄛ ㄐㄧㄢ ㄓㄨㄛ ㄕㄨㄤ
捉奸見床,1,ㄓㄨㄛ ㄐㄧㄢ ㄐㄧㄢˋ ㄔㄨㄤˊ
捉奸見雙,1,ㄓㄨㄛ ㄐㄧㄢ ㄐㄧㄢˋ ㄕㄨㄤ
捉將挾人,1,ㄓㄨㄛ ㄐㄧㄤˋ ㄒㄧㄝˊ ㄖㄣˊ
捉影捕風,1,ㄓㄨㄛ ㄧㄥˇ ㄅㄨˇ ㄈㄥ
捉摸不定,1,ㄓㄨㄛ ㄇㄛ ㄅㄨˋ ㄉㄧㄥˋ
捉班做勢,1,ㄓㄨㄛ ㄅㄢ ㄗㄨㄛˋ ㄕˋ
捉生替死,1,ㄓㄨㄛ ㄕㄥ ㄊㄧˋ ㄙˇ
捉腳不住,1,ㄓㄨㄛ ㄐㄧㄠˇ ㄅㄨˋ ㄓㄨˋ
捉虎擒蛟,1,ㄓㄨㄛ ㄏㄨˇ ㄑㄧㄣˊ ㄐㄧㄠ
捉襟見肘,1,ㄓㄨㄛ ㄐㄧㄣ ㄒㄧㄢˋ ㄓㄡˇ
捉身不住,1,ㄓㄨㄛ ㄕㄣ ㄅㄨˋ ㄓㄨˋ
捉雞罵狗,1,ㄓㄨㄛ ㄐㄧ ㄇㄚˋ ㄍㄡˇ
捉風捕影,1,ㄓㄨㄛ ㄈㄥ ㄅㄨˇ ㄧㄥˇ
捉鼠拿貓,1,ㄓㄨㄛ ㄕㄨˇ ㄋㄚˊ ㄇㄠ
捍難之功,1,ㄏㄢˋ ㄋㄢˋ ㄓ ㄍㄨㄥ
捎關打節,1,ㄕㄠ ㄍㄨㄢ ㄉㄚˇ ㄐㄧㄝˊ
捏怪排科,1,ㄋㄧㄝ ㄍㄨㄞˋ ㄆㄞˊ ㄎㄜ
捏神捏鬼,1,ㄋㄧㄝ ㄕㄣˊ ㄋㄧㄝ ㄍㄨㄟˇ
捏腳捏手,1,ㄋㄧㄝ ㄐㄧㄠˇ ㄋㄧㄝ ㄕㄡˇ
捐忿與瑕,1,ㄐㄩㄢ ㄈㄣˋ ㄩˇ ㄒㄧㄚˊ
捐棄成見,1,ㄐㄩㄢ ㄑㄧˋ ㄔㄥˊ ㄐㄧㄢˋ
捐殘去殺,1,ㄐㄩㄢ ㄘㄢˊ ㄑㄩˋ ㄕㄚ
捐生殉國,1,ㄐㄩㄢ ㄕㄥ ㄒㄩㄣˋ ㄍㄨㄛˊ
捐華務實,1,ㄐㄩㄢ ㄏㄨㄚˊ ㄨˋ ㄕˊ
捐軀報國,1,ㄐㄩㄢ ㄑㄩ ㄅㄠˋ ㄍㄨㄛˊ
捐軀殞首,1,ㄐㄩㄢ ㄑㄩ ㄩㄣˇ ㄕㄡˇ
捐軀濟難,1,ㄐㄩㄢ ㄑㄩ ㄐㄧˋ ㄋㄢˋ
捐軀疆場,1,ㄐㄩㄢ ㄑㄩ ㄐㄧㄤ ㄔㄤˊ
捐軀赴難,1,ㄐㄩㄢ ㄑㄩ ㄈㄨˋ ㄋㄢˋ
捐金抵璧,1,ㄐㄩㄢ ㄐㄧㄣ ㄉㄧˇ ㄅㄧˋ
捕影拿風,1,ㄅㄨˇ ㄧㄥˇ ㄋㄚˊ ㄈㄥ
捕影繫風,1,ㄅㄨˇ ㄧㄥˇ ㄒㄧˋ ㄈㄥ
捕捉畋獵,1,ㄅㄨˇ ㄓㄨㄛ ㄊㄧㄢˊ ㄌㄧㄝˋ
捕蛇去齒,1,ㄅㄨˇ ㄕㄜˊ ㄑㄩˋ ㄔˇ
捕蟲植物,1,ㄅㄨˇ ㄔㄨㄥˊ ㄓˊ ㄨˋ
捕蟲菫菜,1,ㄅㄨˇ ㄔㄨㄥˊ ㄐㄧㄣˇ ㄘㄞˋ
捕風弄月,1,ㄅㄨˇ ㄈㄥ ㄋㄨㄥˋ ㄩㄝˋ
捕風繫影,1,ㄅㄨˇ ㄈㄥ ㄒㄧˋ ㄧㄥˇ
捧心西子,1,ㄆㄥˇ ㄒㄧㄣ ㄒㄧ ㄗˇ
捧轂推輪,1,ㄆㄥˇ ㄍㄨˇ ㄊㄨㄟ ㄌㄨㄣˊ
捧頭鼠竄,1,ㄆㄥˇ ㄊㄡˊ ㄕㄨˇ ㄘㄨㄢˋ
捨命救人,1,ㄕㄜˇ ㄇㄧㄥˋ ㄐㄧㄡˋ ㄖㄣˊ
捨安就危,1,ㄕㄜˇ ㄢ ㄐㄧㄡˋ ㄨㄟˊ
捨實求虛,1,ㄕㄜˇ ㄕˊ ㄑㄧㄡˊ ㄒㄩ
捨己就人,1,ㄕㄜˇ ㄐㄧˇ ㄐㄧㄡˋ ㄖㄣˊ
捨己成人,1,ㄕㄜˇ ㄐㄧˇ ㄔㄥˊ ㄖㄣˊ
捨生忘死,1,ㄕㄜˇ ㄕㄥ ㄨㄤˋ ㄙˇ
捨身圖報,1,ㄕㄜˇ ㄕㄣ ㄊㄨˊ ㄅㄠˋ
捨身求法,1,ㄕㄜˇ ㄕㄣ ㄑㄧㄡˊ ㄈㄚˇ
捨近務遠,1,ㄕㄜˇ ㄐㄧㄣˋ ㄨˋ ㄩㄢˇ
捨近即遠,1,ㄕㄜˇ ㄐㄧㄣˋ ㄐㄧˊ ㄩㄢˇ
捫參歷井,1,ㄇㄣˊ ㄕㄣ ㄌㄧˋ ㄐㄧㄥˇ
捫心無愧,1,ㄇㄣˊ ㄒㄧㄣ ㄨˊ ㄎㄨㄟˋ
捫蝨而言,1,ㄇㄣˊ ㄕ ㄦˊ ㄧㄢˊ
捫隙發罅,1,ㄇㄣˊ ㄒㄧˋ ㄈㄚ ㄒㄧㄚˋ
捱三頂五,1,ㄞˊ ㄙㄢ ㄉㄧㄥˇ ㄨˇ
捱三頂四,1,ㄞˊ ㄙㄢ ㄉㄧㄥˇ ㄙˋ
捱風緝縫,1,ㄞˊ ㄈㄥ ㄑㄧˋ ㄈㄥˋ
捲款潛逃,1,ㄐㄩㄢˇ ㄎㄨㄢˇ ㄑㄧㄢˊ ㄊㄠˊ
捲浪翻波,1,ㄐㄩㄢˇ ㄌㄤˋ ㄈㄢ ㄅㄛ
捲煙畫片,1,ㄐㄩㄢˇ ㄧㄢ ㄏㄨㄚˋ ㄆㄧㄢˋ
捲甲重來,1,ㄐㄩㄢˇ ㄐㄧㄚˇ ㄔㄨㄥˊ ㄌㄞˊ
捲舌元音,1,ㄐㄩㄢˇ ㄕㄜˊ ㄩㄢˊ ㄧㄣ
捲舌韻母,1,ㄐㄩㄢˇ ㄕㄜˊ ㄩㄣˋ ㄇㄨˇ
捶床拍枕,1,ㄔㄨㄟˊ ㄔㄨㄤˊ ㄆㄞ ㄓㄣˇ
捶床搗枕,1,ㄔㄨㄟˊ ㄔㄨㄤˊ ㄉㄠˇ ㄓㄣˇ
捶檯拍凳,1,ㄔㄨㄟˊ ㄊㄞˊ ㄆㄞ ㄉㄥˋ
捶胸跌腳,1,ㄔㄨㄟˊ ㄒㄩㄥ ㄉㄧㄝˊ ㄐㄧㄠˇ
捶胸跌足,1,ㄔㄨㄟˊ ㄒㄩㄥ ㄉㄧㄝˊ ㄗㄨˊ
捶胸頓腳,1,ㄔㄨㄟˊ ㄒㄩㄥ ㄉㄨㄣˋ ㄐㄧㄠˇ
捷運工程,1,ㄐㄧㄝˊ ㄩㄣˋ ㄍㄨㄥ ㄔㄥˊ
捺定性子,1,ㄋㄚˋ ㄉㄧㄥˋ ㄒㄧㄥˋ ㄗ˙
捻手捻腳,1,ㄋㄧㄝ ㄕㄡˇ ㄋㄧㄝ ㄐㄧㄠˇ
捻腳捻手,1,ㄋㄧㄝ ㄐㄧㄠˇ ㄋㄧㄝ ㄕㄡˇ
捻著鼻子,1,ㄋㄧㄝ ㄓㄜ˙ ㄅㄧˊ ㄗ˙
掀天揭地,1,ㄒㄧㄢ ㄊㄧㄢ ㄐㄧㄝ ㄉㄧˋ
掀天斡地,1,ㄒㄧㄢ ㄊㄧㄢ ㄨㄛˋ ㄉㄧˋ
掀雷抉電,1,ㄒㄧㄢ ㄌㄟˊ ㄐㄩㄝˊ ㄉㄧㄢˋ
掀風鼓浪,1,ㄒㄧㄢ ㄈㄥ ㄍㄨˇ ㄌㄤˋ
掃地俱盡,1,ㄙㄠˇ ㄉㄧˋ ㄐㄩˋ ㄐㄧㄣˋ
掃地滔天,1,ㄙㄠˇ ㄉㄧˋ ㄊㄠ ㄊㄧㄢ
掃地無餘,1,ㄙㄠˇ ㄉㄧˋ ㄨˊ ㄩˊ
掃榻以待,1,ㄙㄠˇ ㄊㄚˋ ㄧˇ ㄉㄞˋ
掃田刮地,1,ㄙㄠˇ ㄊㄧㄢˊ ㄍㄨㄚ ㄉㄧˋ
掃眉才子,1,ㄙㄠˇ ㄇㄟˊ ㄘㄞˊ ㄗˇ
掃穴犁庭,1,ㄙㄠˇ ㄒㄩㄝˋ ㄌㄧˊ ㄊㄧㄥˊ
掃除天下,1,ㄙㄠˇ ㄔㄨˊ ㄊㄧㄢ ㄒㄧㄚˋ
掄掄掐掐,1,ㄌㄨㄣ ㄌㄨㄣ ㄑㄧㄚ ㄑㄧㄚ
掄眉豎目,1,ㄌㄨㄣ ㄇㄟˊ ㄕㄨˋ ㄇㄨˋ
掇東掇西,1,ㄉㄨㄛˊ ㄉㄨㄥ ㄉㄨㄛˊ ㄒㄧ
掇臀捧屁,1,ㄉㄨㄛˊ ㄊㄨㄣˊ ㄆㄥˇ ㄆㄧˋ
掇蜂譖子,1,ㄉㄨㄛˊ ㄈㄥ ㄗㄣˋ ㄗˇ
掇青拾紫,1,ㄉㄨㄛˊ ㄑㄧㄥ ㄕˊ ㄗˇ
授手援溺,1,ㄕㄡˋ ㄕㄡˇ ㄩㄢˊ ㄋㄧˋ
授職惟賢,1,ㄕㄡˋ ㄓˊ ㄨㄟˊ ㄒㄧㄢˊ
掉三寸舌,1,ㄉㄧㄠˋ ㄙㄢ ㄘㄨㄣˋ ㄕㄜˊ
掉嘴弄舌,1,ㄉㄧㄠˋ ㄗㄨㄟˇ ㄋㄨㄥˋ ㄕㄜˊ
掉臂不顧,1,ㄉㄧㄠˋ ㄅㄧˋ ㄅㄨˋ ㄍㄨˋ
掉舌鼓脣,1,ㄉㄧㄠˋ ㄕㄜˊ ㄍㄨˇ ㄔㄨㄣˊ
掉頭不顧,1,ㄉㄧㄠˋ ㄊㄡˊ ㄅㄨˋ ㄍㄨˋ
掉頭而去,1,ㄉㄧㄠˋ ㄊㄡˊ ㄦˊ ㄑㄩˋ
掉頭鼠竄,1,ㄉㄧㄠˋ ㄊㄡˊ ㄕㄨˇ ㄘㄨㄢˋ
掊斗折衡,1,ㄆㄡˇ ㄉㄡˇ ㄓㄜˊ ㄏㄥˊ
掌上之珠,1,ㄓㄤˇ ㄕㄤˋ ㄓ ㄓㄨ
掌上河山,1,ㄓㄤˇ ㄕㄤˋ ㄏㄜˊ ㄕㄢ
掌上觀紋,1,ㄓㄤˇ ㄕㄤˋ ㄍㄨㄢ ㄨㄣˊ
掌燈時分,1,ㄓㄤˇ ㄉㄥ ㄕˊ ㄈㄣˋ
掌狀複葉,1,ㄓㄤˇ ㄓㄨㄤˋ ㄈㄨˋ ㄧㄝˋ
掎裳連襼,1,ㄐㄧˇ ㄔㄤˊ ㄌㄧㄢˊ ㄧˋ
掎角之勢,1,ㄐㄧˇ ㄐㄩㄝˊ ㄓ ㄕˋ
掐尖落鈔,1,ㄑㄧㄚ ㄐㄧㄢ ㄌㄨㄛˋ ㄔㄠ
掐鼻皺眉,1,ㄑㄧㄚ ㄅㄧˊ ㄓㄡˋ ㄇㄟˊ
排兵布陣,1,ㄆㄞˊ ㄅㄧㄥ ㄅㄨˋ ㄓㄣˋ
排出作用,1,ㄆㄞˊ ㄔㄨ ㄗㄨㄛˋ ㄩㄥˋ
排外政策,1,ㄆㄞˊ ㄨㄞˋ ㄓㄥˋ ㄘㄜˋ
排奡縱橫,1,ㄆㄞˊ ㄠˋ ㄗㄨㄥ ㄏㄥˊ
排山倒峽,1,ㄆㄞˊ ㄕㄢ ㄉㄠˇ ㄒㄧㄚˊ
排山壓卵,1,ㄆㄞˊ ㄕㄢ ㄧㄚ ㄌㄨㄢˇ
排愁破涕,1,ㄆㄞˊ ㄔㄡˊ ㄆㄛˋ ㄊㄧˋ
排房吏典,1,ㄆㄞˊ ㄈㄤˊ ㄌㄧˋ ㄉㄧㄢˇ
排斥命題,1,ㄆㄞˊ ㄔˋ ㄇㄧㄥˋ ㄊㄧˊ
排斥異己,1,ㄆㄞˊ ㄔˋ ㄧˋ ㄐㄧˇ
排水作用,1,ㄆㄞˊ ㄕㄨㄟˇ ㄗㄨㄛˋ ㄩㄥˋ
排水工程,1,ㄆㄞˊ ㄕㄨㄟˇ ㄍㄨㄥ ㄔㄥˊ
排水開墾,1,ㄆㄞˊ ㄕㄨㄟˇ ㄎㄞ ㄎㄣˇ
排沙簡金,1,ㄆㄞˊ ㄕㄚ ㄐㄧㄢˇ ㄐㄧㄣ
排泄器官,1,ㄆㄞˊ ㄒㄧㄝˋ ㄑㄧˋ ㄍㄨㄢ
排洪溢道,1,ㄆㄞˊ ㄏㄨㄥˊ ㄧˋ ㄉㄠˋ
排空而至,1,ㄆㄞˊ ㄎㄨㄥ ㄦˊ ㄓˋ
排門挨戶,1,ㄆㄞˊ ㄇㄣˊ ㄞ ㄏㄨˋ
排難解憂,1,ㄆㄞˊ ㄋㄢˋ ㄐㄧㄝˇ ㄧㄡ
排難解紛,1,ㄆㄞˊ ㄋㄢˋ ㄐㄧㄝˇ ㄈㄣ
掖掖蓋蓋,1,ㄧㄝ ㄧㄝ ㄍㄞˋ ㄍㄞˋ
掘室求鼠,1,ㄐㄩㄝˊ ㄕˋ ㄑㄧㄡˊ ㄕㄨˇ
掛了幌子,1,ㄍㄨㄚˋ ㄌㄜ˙ ㄏㄨㄤˇ ㄗ˙
掛冠歸里,1,ㄍㄨㄚˋ ㄍㄨㄢ ㄍㄨㄟ ㄌㄧˇ
掛冠而去,1,ㄍㄨㄚˋ ㄍㄨㄢ ㄦˊ ㄑㄩˋ
掛印懸牌,1,ㄍㄨㄚˋ ㄧㄣˋ ㄒㄩㄢˊ ㄆㄞˊ
掛印而逃,1,ㄍㄨㄚˋ ㄧㄣˋ ㄦˊ ㄊㄠˊ
掛失止付,1,ㄍㄨㄚˋ ㄕ ㄓˇ ㄈㄨˋ
掛燈結彩,1,ㄍㄨㄚˋ ㄉㄥ ㄐㄧㄝˊ ㄘㄞˇ
掛牌匯率,1,ㄍㄨㄚˋ ㄆㄞˊ ㄏㄨㄟˋ ㄌㄩˋ
掛肚牽心,1,ㄍㄨㄚˋ ㄉㄨˋ ㄑㄧㄢ ㄒㄧㄣ
掛肚牽腸,1,ㄍㄨㄚˋ ㄉㄨˋ ㄑㄧㄢ ㄔㄤˊ
掛腸懸膽,1,ㄍㄨㄚˋ ㄔㄤˊ ㄒㄩㄢˊ ㄉㄢˇ
掛角讀書,1,ㄍㄨㄚˋ ㄐㄧㄠˇ ㄉㄨˊ ㄕㄨ
掞藻飛聲,1,ㄕㄢˋ ㄗㄠˇ ㄈㄟ ㄕㄥ
掠上心頭,1,ㄌㄩㄝˋ ㄕㄤˋ ㄒㄧㄣ ㄊㄡˊ
掠人之美,1,ㄌㄩㄝˋ ㄖㄣˊ ㄓ ㄇㄟˇ
掠地攻城,1,ㄌㄩㄝˋ ㄉㄧˋ ㄍㄨㄥ ㄔㄥˊ
掠是搬非,1,ㄌㄩㄝˋ ㄕˋ ㄅㄢ ㄈㄟ
掠脂斡肉,1,ㄌㄩㄝˋ ㄓ ㄨㄛˋ ㄖㄡˋ
採生折割,1,ㄘㄞˇ ㄕㄥ ㄓㄜˊ ㄍㄜ
採風問俗,1,ㄘㄞˇ ㄈㄥ ㄨㄣˋ ㄙㄨˊ
探個究竟,1,ㄊㄢˋ ㄍㄜ˙ ㄐㄧㄡˋ ㄐㄧㄥˋ
探囊胠篋,1,ㄊㄢˋ ㄋㄤˊ ㄑㄩ ㄑㄧㄝˋ
探奇窮異,1,ㄊㄢˋ ㄑㄧˊ ㄑㄩㄥˊ ㄧˋ
探奇訪勝,1,ㄊㄢˋ ㄑㄧˊ ㄈㄤˇ ㄕㄥˋ
探奧索隱,1,ㄊㄢˋ ㄠˋ ㄙㄨㄛˇ ㄧㄣˇ
探尋勝跡,1,ㄊㄢˋ ㄒㄩㄣˊ ㄕㄥˋ ㄐㄧ
探幽窮賾,1,ㄊㄢˋ ㄧㄡ ㄑㄩㄥˊ ㄗㄜˊ
探幽索隱,1,ㄊㄢˋ ㄧㄡ ㄙㄨㄛˇ ㄧㄣˇ
探春之宴,1,ㄊㄢˋ ㄔㄨㄣ ㄓ ㄧㄢˋ
探本溯源,1,ㄊㄢˋ ㄅㄣˇ ㄙㄨˋ ㄩㄢˊ
探本窮源,1,ㄊㄢˋ ㄅㄣˇ ㄑㄩㄥˊ ㄩㄢˊ
探淵索珠,1,ㄊㄢˋ ㄩㄢ ㄙㄨㄛˇ ㄓㄨ
探異玩奇,1,ㄊㄢˋ ㄧˋ ㄨㄢˋ ㄑㄧˊ
探竿影草,1,ㄊㄢˋ ㄍㄢ ㄧㄥˇ ㄘㄠˇ
探賾索微,1,ㄊㄢˋ ㄗㄜˊ ㄙㄨㄛˇ ㄨㄟˊ
探賾索隱,1,ㄊㄢˋ ㄗㄜˊ ㄙㄨㄛˇ ㄧㄣˇ
探頭探腦,1,ㄊㄢ ㄊㄡˊ ㄊㄢ ㄋㄠˇ
探頭縮腦,1,ㄊㄢ ㄊㄡˊ ㄙㄨㄛ ㄋㄠˇ
探頭舒腦,1,ㄊㄢ ㄊㄡˊ ㄕㄨ ㄋㄠˇ
探驪得珠,1,ㄊㄢˋ ㄌㄧˊ ㄉㄜˊ ㄓㄨ
探驪獲珠,1,ㄊㄢˋ ㄌㄧˊ ㄏㄨㄛˋ ㄓㄨ
掣襟肘見,1,ㄔㄜˋ ㄐㄧㄣ ㄓㄡˇ ㄒㄧㄢˋ
掣襟露肘,1,ㄔㄜˋ ㄐㄧㄣ ㄌㄨˋ ㄓㄡˇ
掤扒吊栲,1,ㄅㄧㄥ ㄅㄚ ㄉㄧㄠˋ ㄎㄠˇ
接三換九,1,ㄐㄧㄝ ㄙㄢ ㄏㄨㄢˋ ㄐㄧㄡˇ
接合生殖,1,ㄐㄧㄝ ㄏㄜˊ ㄕㄥ ㄓˊ
接應不暇,1,ㄐㄧㄝ ㄧㄥˋ ㄅㄨˋ ㄒㄧㄚˊ
接替栽培,1,ㄐㄧㄝ ㄊㄧˋ ㄗㄞ ㄆㄟˊ
接淅而行,1,ㄐㄧㄝ ㄒㄧ ㄦˊ ㄒㄧㄥˊ
接紹香煙,1,ㄐㄧㄝ ㄕㄠˋ ㄒㄧㄤ ㄧㄢ
接續香煙,1,ㄐㄧㄝ ㄒㄩˋ ㄒㄧㄤ ㄧㄢ
接耳交頭,1,ㄐㄧㄝ ㄦˇ ㄐㄧㄠ ㄊㄡˊ
接袂成帷,1,ㄐㄧㄝ ㄇㄟˋ ㄔㄥˊ ㄨㄟˊ
接觸傳染,1,ㄐㄧㄝ ㄔㄨˋ ㄔㄨㄢˊ ㄖㄢˇ
接貴攀高,1,ㄐㄧㄝ ㄍㄨㄟˋ ㄆㄢ ㄍㄠ
接踵摩肩,1,ㄐㄧㄝ ㄓㄨㄥˇ ㄇㄛˊ ㄐㄧㄢ
接踵比肩,1,ㄐㄧㄝ ㄓㄨㄥˇ ㄅㄧˋ ㄐㄧㄢ
接輿歌鳳,1,ㄐㄧㄝ ㄩˊ ㄍㄜ ㄈㄥˋ
接連不斷,1,ㄐㄧㄝ ㄌㄧㄢˊ ㄅㄨˋ ㄉㄨㄢˋ
控制單元,1,ㄎㄨㄥˋ ㄓˋ ㄉㄢ ㄩㄢˊ
控名責實,1,ㄎㄨㄥˋ ㄇㄧㄥˊ ㄗㄜˊ ㄕˊ
控股公司,1,ㄎㄨㄥˋ ㄍㄨˇ ㄍㄨㄥ ㄙ
控背躬身,1,ㄎㄨㄥˋ ㄅㄟˋ ㄍㄨㄥ ㄕㄣ
推三宕四,1,ㄊㄨㄟ ㄙㄢ ㄉㄤˋ ㄙˋ
推三扯四,1,ㄊㄨㄟ ㄙㄢ ㄔㄜˇ ㄙˋ
推亡固存,1,ㄊㄨㄟ ㄨㄤˊ ㄍㄨˋ ㄘㄨㄣˊ
推天搶地,1,ㄊㄨㄟ ㄊㄧㄢ ㄑㄧㄤˇ ㄉㄧˋ
推宗明本,1,ㄊㄨㄟ ㄗㄨㄥ ㄇㄧㄥˊ ㄅㄣˇ
推山移嶺,1,ㄊㄨㄟ ㄕㄢ ㄧˊ ㄌㄧㄥˇ
推崇備至,1,ㄊㄨㄟ ㄔㄨㄥˊ ㄅㄟˋ ㄓˋ
推廣教育,1,ㄊㄨㄟ ㄍㄨㄤˇ ㄐㄧㄠˋ ㄩˋ
推心致腹,1,ㄊㄨㄟ ㄒㄧㄣ ㄓˋ ㄈㄨˋ
推情準理,1,ㄊㄨㄟ ㄑㄧㄥˊ ㄓㄨㄣˇ ㄌㄧˇ
推推搡搡,1,ㄊㄨㄟ ㄊㄨㄟ ㄙㄤˇ ㄙㄤˇ
推推攮攮,1,ㄊㄨㄟ ㄊㄨㄟ ㄋㄤˇ ㄋㄤˇ
推推讓讓,1,ㄊㄨㄟ ㄊㄨㄟ ㄖㄤˋ ㄖㄤˋ
推東主西,1,ㄊㄨㄟ ㄉㄨㄥ ㄓㄨˇ ㄒㄧ
推濤作浪,1,ㄊㄨㄟ ㄊㄠˊ ㄗㄨㄛˋ ㄌㄤˋ
推燥居濕,1,ㄊㄨㄟ ㄗㄠˋ ㄐㄩ ㄕ
推理電影,1,ㄊㄨㄟ ㄌㄧˇ ㄉㄧㄢˋ ㄧㄥˇ
推群獨步,1,ㄊㄨㄟ ㄑㄩㄣˊ ㄉㄨˊ ㄅㄨˋ
推而廣之,1,ㄊㄨㄟ ㄦˊ ㄍㄨㄤˇ ㄓ
推聾做啞,1,ㄊㄨㄟ ㄌㄨㄥˊ ㄗㄨㄛˋ ㄧㄚˇ
推聾裝啞,1,ㄊㄨㄟ ㄌㄨㄥˊ ㄓㄨㄤ ㄧㄚˇ
推舟於陸,1,ㄊㄨㄟ ㄓㄡ ㄩˊ ㄌㄨˋ
推薦甄選,1,ㄊㄨㄟ ㄐㄧㄢˋ ㄓㄣ ㄒㄩㄢˇ
推襟送抱,1,ㄊㄨㄟ ㄐㄧㄣ ㄙㄨㄥˋ ㄅㄠˋ
推計課稅,1,ㄊㄨㄟ ㄐㄧˋ ㄎㄜˋ ㄕㄨㄟˋ
推誠布信,1,ㄊㄨㄟ ㄔㄥˊ ㄅㄨˋ ㄒㄧㄣˋ
推誠布公,1,ㄊㄨㄟ ㄔㄥˊ ㄅㄨˋ ㄍㄨㄥ
推誠待物,1,ㄊㄨㄟ ㄔㄥˊ ㄉㄞˋ ㄨˋ
推誠愛物,1,ㄊㄨㄟ ㄔㄥˊ ㄞˋ ㄨˋ
推誠接物,1,ㄊㄨㄟ ㄔㄥˊ ㄐㄧㄝ ㄨˋ
推誠相見,1,ㄊㄨㄟ ㄔㄥˊ ㄒㄧㄤ ㄐㄧㄢˋ
推誠置腹,1,ㄊㄨㄟ ㄔㄥˊ ㄓˋ ㄈㄨˋ
推諉塞責,1,ㄊㄨㄟ ㄨㄟˇ ㄙㄜˋ ㄗㄜˊ
推賢下士,1,ㄊㄨㄟ ㄒㄧㄢˊ ㄒㄧㄚˋ ㄕˋ
推賢任人,1,ㄊㄨㄟ ㄒㄧㄢˊ ㄖㄣˋ ㄖㄣˊ
推賢樂善,1,ㄊㄨㄟ ㄒㄧㄢˊ ㄧㄠˋ ㄕㄢˋ
推賢舉善,1,ㄊㄨㄟ ㄒㄧㄢˊ ㄐㄩˇ ㄕㄢˋ
推賢讓能,1,ㄊㄨㄟ ㄒㄧㄢˊ ㄖㄤˋ ㄋㄥˊ
推賢進善,1,ㄊㄨㄟ ㄒㄧㄢˊ ㄐㄧㄣˋ ㄕㄢˋ
推賢進士,1,ㄊㄨㄟ ㄒㄧㄢˊ ㄐㄧㄣˋ ㄕˋ
推賢遜能,1,ㄊㄨㄟ ㄒㄧㄢˊ ㄒㄩㄣˋ ㄋㄥˊ
推輦歸里,1,ㄊㄨㄟ ㄋㄧㄢˇ ㄍㄨㄟ ㄌㄧˇ
推輪捧轂,1,ㄊㄨㄟ ㄌㄨㄣˊ ㄆㄥˇ ㄍㄨˇ
推鋒爭死,1,ㄊㄨㄟ ㄈㄥ ㄓㄥ ㄙˇ
推食解衣,1,ㄊㄨㄟ ㄕˊ ㄐㄧㄝˇ ㄧ
掩其不備,1,ㄧㄢˇ ㄑㄧˊ ㄅㄨˋ ㄅㄟˋ
掩其無備,1,ㄧㄢˇ ㄑㄧˊ ㄨˊ ㄅㄟˋ
掩口盧胡,1,ㄧㄢˇ ㄎㄡˇ ㄌㄨˊ ㄏㄨˊ
掩口胡盧,1,ㄧㄢˇ ㄎㄡˇ ㄏㄨˊ ㄌㄨˊ
掩惡揚善,1,ㄧㄢˇ ㄜˋ ㄧㄤˊ ㄕㄢˋ
掩惡溢美,1,ㄧㄢˇ ㄜˋ ㄧˋ ㄇㄟˇ
掩映生姿,1,ㄧㄢˇ ㄧㄥˋ ㄕㄥ ㄗ
掩瑕藏疾,1,ㄧㄢˇ ㄒㄧㄚˊ ㄘㄤˊ ㄐㄧˊ
掩目捕雀,1,ㄧㄢˇ ㄇㄨˋ ㄅㄨˇ ㄑㄩㄝˋ
掩罪藏惡,1,ㄧㄢˇ ㄗㄨㄟˋ ㄘㄤˊ ㄜˋ
掩罪飾非,1,ㄧㄢˇ ㄗㄨㄟˋ ㄕˋ ㄈㄟ
掩耳偷鈴,1,ㄧㄢˇ ㄦˇ ㄊㄡ ㄌㄧㄥˊ
掩耳盜鐘,1,ㄧㄢˇ ㄦˇ ㄉㄠˋ ㄓㄨㄥ
掩耳而走,1,ㄧㄢˇ ㄦˇ ㄦˊ ㄗㄡˇ
掩護射擊,1,ㄧㄢˇ ㄏㄨˋ ㄕㄜˋ ㄐㄧˊ
掩護部隊,1,ㄧㄢˇ ㄏㄨˋ ㄅㄨˋ ㄉㄨㄟˋ
掩賢妒善,1,ㄧㄢˇ ㄒㄧㄢˊ ㄉㄨˋ ㄕㄢˋ
掩雀捕蟬,1,ㄧㄢˇ ㄑㄩㄝˋ ㄅㄨˇ ㄔㄢˊ
掩面失色,1,ㄧㄢˇ ㄇㄧㄢˋ ㄕ ㄙㄜˋ
掩骼埋胔,1,ㄧㄢˇ ㄍㄜˊ ㄇㄞˊ ㄗˋ
掩鼻偷香,1,ㄧㄢˇ ㄅㄧˊ ㄊㄡ ㄒㄧㄤ
掩鼻蹙頞,1,ㄧㄢˇ ㄅㄧˊ ㄘㄨˋ ㄜˋ
措不及防,1,ㄘㄨㄛˋ ㄅㄨˋ ㄐㄧˊ ㄈㄤˊ
措手不迭,1,ㄘㄨㄛˋ ㄕㄡˇ ㄅㄨˋ ㄉㄧㄝˊ
措置乖方,1,ㄘㄨㄛˋ ㄓˋ ㄍㄨㄞ ㄈㄤ
措置有方,1,ㄘㄨㄛˋ ㄓˋ ㄧㄡˇ ㄈㄤ
措顏無地,1,ㄘㄨㄛˋ ㄧㄢˊ ㄨˊ ㄉㄧˋ
掰開揉碎,1,ㄅㄞ ㄎㄞ ㄖㄡˊ ㄙㄨㄟˋ
揀佛燒香,1,ㄐㄧㄢˇ ㄈㄛˊ ㄕㄠ ㄒㄧㄤ
揀精揀肥,1,ㄐㄧㄢˇ ㄐㄧㄥ ㄐㄧㄢˇ ㄈㄟˊ
揀衣挑食,1,ㄐㄧㄢˇ ㄧ ㄊㄧㄠ ㄕˊ
揆情度理,1,ㄎㄨㄟˊ ㄑㄧㄥˊ ㄉㄨㄛˋ ㄌㄧˇ
揉眵抹淚,1,ㄖㄡˊ ㄔ ㄇㄛˇ ㄌㄟˋ
揉著癢處,1,ㄖㄡˊ ㄓㄠˊ ㄧㄤˇ ㄔㄨˋ
揎拳攞袖,1,ㄒㄩㄢ ㄑㄩㄢˊ ㄌㄨㄛ ㄒㄧㄡˋ
描眉畫眼,1,ㄇㄧㄠˊ ㄇㄟˊ ㄏㄨㄚˋ ㄧㄢˇ
描鸞刺鳳,1,ㄇㄧㄠˊ ㄌㄨㄢˊ ㄘˋ ㄈㄥˋ
提不起勁,1,ㄊㄧˊ ㄅㄨˋ ㄑㄧˇ ㄐㄧㄣˋ
提刀弄斧,1,ㄊㄧˊ ㄉㄠ ㄋㄨㄥˋ ㄈㄨˇ
提劍汗馬,1,ㄊㄧˊ ㄐㄧㄢˋ ㄏㄢˋ ㄇㄚˇ
提口拔舌,1,ㄊㄧˊ ㄎㄡˇ ㄅㄚˊ ㄕㄜˊ
提婆達多,1,ㄊㄧˊ ㄆㄛˊ ㄉㄚˊ ㄉㄨㄛ
提心在口,1,ㄊㄧˊ ㄒㄧㄣ ㄗㄞˋ ㄎㄡˇ
提心弔膽,1,ㄊㄧˊ ㄒㄧㄣ ㄉㄧㄠˋ ㄉㄢˇ
提摩太書,1,ㄊㄧˊ ㄇㄛˊ ㄊㄞˋ ㄕㄨ
提溜著心,1,ㄉㄧ ㄌㄧㄡ˙ ㄓㄜ˙ ㄒㄧㄣ
提牌執戟,1,ㄊㄧˊ ㄆㄞˊ ㄓˊ ㄐㄧˇ
提甕出汲,1,ㄊㄧˊ ㄨㄥˋ ㄔㄨ ㄐㄧˊ
提線木偶,1,ㄊㄧˊ ㄒㄧㄢˋ ㄇㄨˋ ㄡˇ
提鈴喝號,1,ㄊㄧˊ ㄌㄧㄥˊ ㄏㄜˋ ㄏㄠˋ
提頭知尾,1,ㄊㄧˊ ㄊㄡˊ ㄓ ㄨㄟˇ
插圈弄套,1,ㄔㄚ ㄑㄩㄢ ㄋㄨㄥˋ ㄊㄠˋ
插插花花,1,ㄔㄚ ㄔㄚ ㄏㄨㄚ ㄏㄨㄚ
插架萬軸,1,ㄔㄚ ㄐㄧㄚˋ ㄨㄢˋ ㄓㄡˊ
插科使砌,1,ㄔㄚ ㄎㄜ ㄕˇ ㄑㄧㄝˋ
插箭遊營,1,ㄔㄚ ㄐㄧㄢˋ ㄧㄡˊ ㄧㄥˊ
插翅難逃,1,ㄔㄚ ㄔˋ ㄋㄢˊ ㄊㄠˊ
揚名後世,1,ㄧㄤˊ ㄇㄧㄥˊ ㄏㄡˋ ㄕˋ
揚名顯姓,1,ㄧㄤˊ ㄇㄧㄥˊ ㄒㄧㄢˇ ㄒㄧㄥˋ
揚名顯親,1,ㄧㄤˊ ㄇㄧㄥˊ ㄒㄧㄢˇ ㄑㄧㄣ
揚威耀武,1,ㄧㄤˊ ㄨㄟ ㄧㄠˋ ㄨˇ
揚州八怪,1,ㄧㄤˊ ㄓㄡ ㄅㄚ ㄍㄨㄞˋ
揚州彈詞,1,ㄧㄤˊ ㄓㄡ ㄊㄢˊ ㄘˊ
揚州清曲,1,ㄧㄤˊ ㄓㄡ ㄑㄧㄥ ㄑㄩˇ
揚州評話,1,ㄧㄤˊ ㄓㄡ ㄆㄧㄥˊ ㄏㄨㄚˋ
揚己露才,1,ㄧㄤˊ ㄐㄧˇ ㄌㄨˋ ㄘㄞˊ
揚幡招魂,1,ㄧㄤˊ ㄈㄢ ㄓㄠ ㄏㄨㄣˊ
揚幡擂鼓,1,ㄧㄤˊ ㄈㄢ ㄌㄟˊ ㄍㄨˇ
揚揚無備,1,ㄧㄤˊ ㄧㄤˊ ㄨˊ ㄅㄟˋ
揚揚自若,1,ㄧㄤˊ ㄧㄤˊ ㄗˋ ㄖㄨㄛˋ
揚清抑濁,1,ㄧㄤˊ ㄑㄧㄥ ㄧˋ ㄓㄨㄛˊ
揚清激濁,1,ㄧㄤˊ ㄑㄧㄥ ㄐㄧ ㄓㄨㄛˊ
揚眉奮髯,1,ㄧㄤˊ ㄇㄟˊ ㄈㄣˋ ㄖㄢˊ
揚眉抵掌,1,ㄧㄤˊ ㄇㄟˊ ㄓˇ ㄓㄤˇ
揚眉挺身,1,ㄧㄤˊ ㄇㄟˊ ㄊㄧㄥˇ ㄕㄣ
揚砂走石,1,ㄧㄤˊ ㄕㄚ ㄗㄡˇ ㄕˊ
揚葩振藻,1,ㄧㄤˊ ㄆㄚ ㄓㄣˋ ㄗㄠˇ
揚鈴打鼓,1,ㄧㄤˊ ㄌㄧㄥˊ ㄉㄚˇ ㄍㄨˇ
揚鑣分路,1,ㄧㄤˊ ㄅㄧㄠ ㄈㄣ ㄌㄨˋ
揚鑼搗鼓,1,ㄧㄤˊ ㄌㄨㄛˊ ㄉㄠˇ ㄍㄨˇ
揚長避短,1,ㄧㄤˊ ㄔㄤˊ ㄅㄧˋ ㄉㄨㄢˇ
揚雄吐鳳,1,ㄧㄤˊ ㄒㄩㄥˊ ㄊㄨˇ ㄈㄥˋ
揚雄投閣,1,ㄧㄤˊ ㄒㄩㄥˊ ㄊㄡˊ ㄍㄜˊ
換位作用,1,ㄏㄨㄢˋ ㄨㄟˋ ㄗㄨㄛˋ ㄩㄥˋ
換帖兄弟,1,ㄏㄨㄢˋ ㄊㄧㄝˇ ㄒㄩㄥ ㄉㄧˋ
換日偷天,1,ㄏㄨㄢˋ ㄖˋ ㄊㄡ ㄊㄧㄢ
換骨奪胎,1,ㄏㄨㄢˋ ㄍㄨˇ ㄉㄨㄛˊ ㄊㄞ
換骨脫胎,1,ㄏㄨㄢˋ ㄍㄨˇ ㄊㄨㄛ ㄊㄞ
揜口葫蘆,1,ㄧㄢˇ ㄎㄡˇ ㄏㄨˊ ㄌㄨˊ
揜揜縮縮,1,ㄧㄢˇ ㄧㄢˇ ㄙㄨㄛ ㄙㄨㄛ
握圖臨宇,1,ㄨㄛˋ ㄊㄨˊ ㄌㄧㄣˊ ㄩˇ
握手極歡,1,ㄨㄛˋ ㄕㄡˇ ㄐㄧˊ ㄏㄨㄢ
握手言和,1,ㄨㄛˋ ㄕㄡˇ ㄧㄢˊ ㄏㄜˊ
握拳透掌,1,ㄨㄛˋ ㄑㄩㄢˊ ㄊㄡˋ ㄓㄤˇ
握拳透爪,1,ㄨㄛˋ ㄑㄩㄢˊ ㄊㄡˋ ㄓㄠˇ
握槧懷鉛,1,ㄨㄛˋ ㄑㄧㄢˋ ㄏㄨㄞˊ ㄑㄧㄢ
握炭流湯,1,ㄨㄛˋ ㄊㄢˋ ㄌㄧㄡˊ ㄊㄤ
握瑜懷玉,1,ㄨㄛˋ ㄩˊ ㄏㄨㄞˊ ㄩˋ
握綱提領,1,ㄨㄛˋ ㄍㄤ ㄊㄧˊ ㄌㄧㄥˇ
握蛇騎虎,1,ㄨㄛˋ ㄕㄜˊ ㄑㄧˊ ㄏㄨˇ
握鉤伸鐵,1,ㄨㄛˋ ㄍㄡ ㄕㄣ ㄊㄧㄝˇ
握雨攜雲,1,ㄨㄛˋ ㄩˇ ㄒㄧ ㄩㄣˊ
握雲拿霧,1,ㄨㄛˋ ㄩㄣˊ ㄋㄚˊ ㄨˋ
握雲攜雨,1,ㄨㄛˋ ㄩㄣˊ ㄒㄧ ㄩˇ
握霧拿雲,1,ㄨㄛˋ ㄨˋ ㄋㄚˊ ㄩㄣˊ
握風捕影,1,ㄨㄛˋ ㄈㄥ ㄅㄨˇ ㄧㄥˇ
握髮吐哺,1,ㄨㄛˋ ㄈㄚˇ ㄊㄨˇ ㄅㄨˇ
握髮吐餐,1,ㄨㄛˋ ㄈㄚˇ ㄊㄨˇ ㄘㄢ
揣合逢迎,1,ㄔㄨㄞˇ ㄏㄜˊ ㄈㄥˊ ㄧㄥˊ
揣奸把猾,1,ㄔㄨㄞˇ ㄐㄧㄢ ㄅㄚˇ ㄏㄨㄚˊ
揣歪捏怪,1,ㄔㄨㄞˇ ㄨㄞ ㄋㄧㄝ ㄍㄨㄞˋ
揣骨聽聲,1,ㄔㄨㄞˇ ㄍㄨˇ ㄊㄧㄥ ㄕㄥ
揩檯抹凳,1,ㄎㄞ ㄊㄞˊ ㄇㄛˇ ㄉㄥˋ
揪心扒肝,1,ㄐㄧㄡ ㄒㄧㄣ ㄅㄚ ㄍㄢ
揭不開鍋,1,ㄐㄧㄝ ㄅㄨˋ ㄎㄞ ㄍㄨㄛ
揭債還債,1,ㄐㄧㄝ ㄓㄞˋ ㄏㄨㄢˊ ㄓㄞˋ
揮之不去,1,ㄏㄨㄟ ㄓ ㄅㄨˋ ㄑㄩˋ
揮劍成河,1,ㄏㄨㄟ ㄐㄧㄢˋ ㄔㄥˊ ㄏㄜˊ
揮戈反日,1,ㄏㄨㄟ ㄍㄜ ㄈㄢˇ ㄖˋ
揮戈回日,1,ㄏㄨㄟ ㄍㄜ ㄏㄨㄟˊ ㄖˋ
揮灑自如,1,ㄏㄨㄟ ㄙㄚˇ ㄗˋ ㄖㄨˊ
揮翰成風,1,ㄏㄨㄟ ㄏㄢˋ ㄔㄥˊ ㄈㄥ
揮翰臨池,1,ㄏㄨㄟ ㄏㄢˋ ㄌㄧㄣˊ ㄔˊ
揮軍進擊,1,ㄏㄨㄟ ㄐㄩㄣ ㄐㄧㄣˋ ㄐㄧˊ
揮金霍玉,1,ㄏㄨㄟ ㄐㄧㄣ ㄏㄨㄛˋ ㄩˋ
揮霍談笑,1,ㄏㄨㄟ ㄏㄨㄛˋ ㄊㄢˊ ㄒㄧㄠˋ
揮麈清談,1,ㄏㄨㄟ ㄓㄨˇ ㄑㄧㄥ ㄊㄢˊ
援古證今,1,ㄩㄢˊ ㄍㄨˇ ㄓㄥˋ ㄐㄧㄣ
援溺振渴,1,ㄩㄢˊ ㄋㄧˋ ㄓㄣˋ ㄎㄜˇ
援筆成章,1,ㄩㄢˊ ㄅㄧˇ ㄔㄥˊ ㄓㄤ
援筆立就,1,ㄩㄢˊ ㄅㄧˇ ㄌㄧˋ ㄐㄧㄡˋ
援筆立成,1,ㄩㄢˊ ㄅㄧˇ ㄌㄧˋ ㄔㄥˊ
援筆而就,1,ㄩㄢˊ ㄅㄧˇ ㄦˊ ㄐㄧㄡˋ
援鱉失龜,1,ㄩㄢˊ ㄅㄧㄝ ㄕ ㄍㄨㄟ
搆木為巢,1,ㄍㄡˋ ㄇㄨˋ ㄨㄟˊ ㄔㄠˊ
損上益下,1,ㄙㄨㄣˇ ㄕㄤˋ ㄧˋ ㄒㄧㄚˋ
損人安己,1,ㄙㄨㄣˇ ㄖㄣˊ ㄢ ㄐㄧˇ
損人肥己,1,ㄙㄨㄣˇ ㄖㄣˊ ㄈㄟˊ ㄐㄧˇ
損兵折將,1,ㄙㄨㄣˇ ㄅㄧㄥ ㄓㄜˊ ㄐㄧㄤˋ
損將折兵,1,ㄙㄨㄣˇ ㄐㄧㄤˋ ㄓㄜˊ ㄅㄧㄥ
損己利物,1,ㄙㄨㄣˇ ㄐㄧˇ ㄌㄧˋ ㄨˋ
損本逐末,1,ㄙㄨㄣˇ ㄅㄣˇ ㄓㄨˊ ㄇㄛˋ
損者三友,1,ㄙㄨㄣˇ ㄓㄜˇ ㄙㄢ ㄧㄡˇ
損者三樂,1,ㄙㄨㄣˇ ㄓㄜˇ ㄙㄢ ㄧㄠˋ
損軍折將,1,ㄙㄨㄣˇ ㄐㄩㄣ ㄓㄜˊ ㄐㄧㄤˋ
損陰壞德,1,ㄙㄨㄣˇ ㄧㄣ ㄏㄨㄞˋ ㄉㄜˊ
搏手無策,1,ㄅㄛˊ ㄕㄡˇ ㄨˊ ㄘㄜˋ
搏砂煉汞,1,ㄅㄛˊ ㄕㄚ ㄌㄧㄢˋ ㄍㄨㄥˇ
搏香弄粉,1,ㄅㄛˊ ㄒㄧㄤ ㄋㄨㄥˋ ㄈㄣˇ
搐搐搦搦,1,ㄔㄨˋ ㄔㄨˋ ㄋㄨㄛˋ ㄋㄨㄛˋ
搓圓仔湯,1,ㄘㄨㄛ ㄩㄢˊ ㄗˇ ㄊㄤ
搓手跺腳,1,ㄘㄨㄛ ㄕㄡˇ ㄉㄨㄛˋ ㄐㄧㄠˇ
搓手頓腳,1,ㄘㄨㄛ ㄕㄡˇ ㄉㄨㄣˋ ㄐㄧㄠˇ
搓手頓足,1,ㄘㄨㄛ ㄕㄡˇ ㄉㄨㄣˋ ㄗㄨˊ
搓粉團朱,1,ㄘㄨㄛ ㄈㄣˇ ㄊㄨㄢˊ ㄓㄨ
搓粉摶朱,1,ㄘㄨㄛ ㄈㄣˇ ㄊㄨㄢˊ ㄓㄨ
搔耳抓腮,1,ㄙㄠ ㄦˇ ㄓㄨㄚ ㄙㄞ
搔耳捶胸,1,ㄙㄠ ㄦˇ ㄔㄨㄟˊ ㄒㄩㄥ
搔著癢處,1,ㄙㄠ ㄓㄠˊ ㄧㄤˇ ㄔㄨˋ
搔頭弄姿,1,ㄙㄠ ㄊㄡˊ ㄋㄨㄥˋ ㄗ
搔首抓耳,1,ㄙㄠ ㄕㄡˇ ㄓㄨㄚ ㄦˇ
搔首踟躕,1,ㄙㄠ ㄕㄡˇ ㄔˊ ㄔㄨˊ
搖吻鼓舌,1,ㄧㄠˊ ㄨㄣˇ ㄍㄨˇ ㄕㄜˊ
搖囝仔歌,1,ㄧㄠˊ ㄐㄧㄢˇ ㄗˇ ㄍㄜ
搖尾求食,1,ㄧㄠˊ ㄨㄟˇ ㄑㄧㄡˊ ㄕˊ
搖山振岳,1,ㄧㄠˊ ㄕㄢ ㄓㄣˋ ㄩㄝˋ
搖席破坐,1,ㄧㄠˊ ㄒㄧˊ ㄆㄛˋ ㄗㄨㄛˋ
搖手觸禁,1,ㄧㄠˊ ㄕㄡˇ ㄔㄨˋ ㄐㄧㄣˋ
搖搖落落,1,ㄧㄠˊ ㄧㄠˊ ㄌㄨㄛˋ ㄌㄨㄛˋ
搖擺不定,1,ㄧㄠˊ ㄅㄞˇ ㄅㄨˋ ㄉㄧㄥˋ
搖旗打鼓,1,ㄧㄠˊ ㄑㄧˊ ㄉㄚˇ ㄍㄨˇ
搖旗擂鼓,1,ㄧㄠˊ ㄑㄧˊ ㄌㄟˊ ㄍㄨˇ
搖旗鼓譟,1,ㄧㄠˊ ㄑㄧˊ ㄍㄨˇ ㄗㄠˋ
搖筆即來,1,ㄧㄠˊ ㄅㄧˇ ㄐㄧˊ ㄌㄞˊ
搖籃時代,1,ㄧㄠˊ ㄌㄢˊ ㄕˊ ㄉㄞˋ
搖身一變,1,ㄧㄠˊ ㄕㄣ ㄧ ㄅㄧㄢˋ
搖鈴打鼓,1,ㄧㄠˊ ㄌㄧㄥˊ ㄉㄚˇ ㄍㄨˇ
搖頭擺腦,1,ㄧㄠˊ ㄊㄡˊ ㄅㄞˇ ㄋㄠˇ
搖鵝毛扇,1,ㄧㄠˊ ㄜˊ ㄇㄠˊ ㄕㄢˋ
搗倒小廝,1,ㄉㄠˇ ㄉㄠˇ ㄒㄧㄠˇ ㄙ
搗枕搥床,1,ㄉㄠˇ ㄓㄣˇ ㄔㄨㄟˊ ㄔㄨㄤˊ
搗虛批吭,1,ㄉㄠˇ ㄒㄩ ㄆㄧ ㄏㄤˊ
搗謊駕舌,1,ㄉㄠˇ ㄏㄨㄤˇ ㄐㄧㄚˋ ㄕㄜˊ
搗鬼弔白,1,ㄉㄠˇ ㄍㄨㄟˇ ㄉㄧㄠˋ ㄅㄞˊ
搜奇抉怪,1,ㄙㄡ ㄑㄧˊ ㄐㄩㄝˊ ㄍㄨㄞˋ
搜奇訪古,1,ㄙㄡ ㄑㄧˊ ㄈㄤˇ ㄍㄨˇ
搜奇選妙,1,ㄙㄡ ㄑㄧˊ ㄒㄩㄢˇ ㄇㄧㄠˋ
搜揚仄陋,1,ㄙㄡ ㄧㄤˊ ㄗㄜˋ ㄌㄡˋ
搜揚側陋,1,ㄙㄡ ㄧㄤˊ ㄘㄜˋ ㄌㄡˋ
搜根剔齒,1,ㄙㄡ ㄍㄣ ㄊㄧ ㄔˇ
搜根問底,1,ㄙㄡ ㄍㄣ ㄨㄣˋ ㄉㄧˇ
搜根究底,1,ㄙㄡ ㄍㄣ ㄐㄧㄡˋ ㄉㄧˇ
搜章擿句,1,ㄙㄡ ㄓㄤ ㄊㄧˋ ㄐㄩˋ
搜索半徑,1,ㄙㄡ ㄙㄨㄛˇ ㄅㄢˋ ㄐㄧㄥˋ
搜索枯腸,1,ㄙㄡ ㄙㄨㄛˇ ㄎㄨ ㄔㄤˊ
搞七捻三,1,ㄍㄠˇ ㄑㄧ ㄋㄧㄢˇ ㄙㄢ
搠筆巡街,1,ㄕㄨㄛˋ ㄅㄧˇ ㄒㄩㄣˊ ㄐㄧㄝ
搤肮拊背,1,ㄜˋ ㄏㄤˊ ㄈㄨˇ ㄅㄟˋ
搦管操觚,1,ㄋㄨㄛˋ ㄍㄨㄢˇ ㄘㄠ ㄍㄨ
搬口弄舌,1,ㄅㄢ ㄎㄡˇ ㄋㄨㄥˋ ㄕㄜˊ
搬弄口舌,1,ㄅㄢ ㄋㄨㄥˋ ㄎㄡˇ ㄕㄜˊ
搬斤播兩,1,ㄅㄢ ㄐㄧㄣ ㄅㄛˋ ㄌㄧㄤˇ
搬是造非,1,ㄅㄢ ㄕˋ ㄗㄠˋ ㄈㄟ
搬脣弄舌,1,ㄅㄢ ㄔㄨㄣˊ ㄌㄨㄥˋ ㄕㄜˊ
搬脣撅嘴,1,ㄅㄢ ㄔㄨㄣˊ ㄐㄩㄝ ㄗㄨㄟˇ
搬脣遞舌,1,ㄅㄢ ㄔㄨㄣˊ ㄉㄧˋ ㄕㄜˊ
搬運作用,1,ㄅㄢ ㄩㄣˋ ㄗㄨㄛˋ ㄩㄥˋ
搭七搭八,1,ㄉㄚ ㄑㄧ ㄉㄚ ㄅㄚ
搭不上線,1,ㄉㄚ ㄅㄨˋ ㄕㄤˋ ㄒㄧㄢˋ
搭弩張弓,1,ㄉㄚ ㄋㄨˇ ㄓㄤ ㄍㄨㄥ
搭搭拈拈,1,ㄉㄚ ㄉㄚ ㄋㄧㄢˊ ㄋㄧㄢˊ
搭搭撒撒,1,ㄉㄚ ㄉㄚ ㄙㄚ ㄙㄚ
搴旗取將,1,ㄑㄧㄢ ㄑㄧˊ ㄑㄩˇ ㄐㄧㄤˋ
搴旗斬馘,1,ㄑㄧㄢ ㄑㄧˊ ㄓㄢˇ ㄍㄨㄛˊ
搶地呼天,1,ㄑㄧㄤ ㄉㄧˋ ㄏㄨ ㄊㄧㄢ
搶盡鋒頭,1,ㄑㄧㄤˇ ㄐㄧㄣˋ ㄈㄥ ㄊㄡ˙
搽灰抹土,1,ㄔㄚˊ ㄏㄨㄟ ㄇㄛˇ ㄊㄨˇ
搽灰抹粉,1,ㄔㄚˊ ㄏㄨㄟ ㄇㄛˇ ㄈㄣˇ
搽脂抹粉,1,ㄔㄚˊ ㄓ ㄇㄛˇ ㄈㄣˇ
摑打撾揉,1,ㄍㄨㄛˊ ㄉㄚˇ ㄓㄨㄚ ㄖㄡˊ
摔打砸拉,1,ㄕㄨㄞ ㄉㄚˇ ㄗㄚˊ ㄌㄚ
摘三問四,1,ㄓㄞ ㄙㄢ ㄨㄣˋ ㄙˋ
摘伏發隱,1,ㄊㄧˋ ㄈㄨˊ ㄈㄚ ㄧㄣˇ
摘句尋章,1,ㄓㄞ ㄐㄩˋ ㄒㄩㄣˊ ㄓㄤ
摘奸發伏,1,ㄊㄧˋ ㄐㄧㄢ ㄈㄚ ㄈㄨˊ
摘奸發伏,1,ㄓㄞ ㄐㄧㄢ ㄈㄚ ㄈㄨˊ
摘山煮海,1,ㄊㄧˋ ㄕㄢ ㄓㄨˇ ㄏㄞˇ
摘心去肝,1,ㄓㄞ ㄒㄧㄣ ㄑㄩˋ ㄍㄢ
摘膽剜心,1,ㄓㄞ ㄉㄢˇ ㄨㄢ ㄒㄧㄣ
摘豔薰香,1,ㄓㄞ ㄧㄢˋ ㄒㄩㄣ ㄒㄧㄤ
摘鞍下馬,1,ㄓㄞ ㄢ ㄒㄧㄚˋ ㄇㄚˇ
摛章繪句,1,ㄔ ㄓㄤ ㄏㄨㄟˋ ㄐㄩˋ
摛翰振藻,1,ㄔ ㄏㄢˋ ㄓㄣˋ ㄗㄠˇ
摛藻雕章,1,ㄔ ㄗㄠˇ ㄉㄧㄠ ㄓㄤ
摧剛為柔,1,ㄘㄨㄟ ㄍㄤ ㄨㄟˊ ㄖㄡˊ
摧堅殪敵,1,ㄘㄨㄟ ㄐㄧㄢ ㄧˋ ㄉㄧˊ
摧堅獲醜,1,ㄘㄨㄟ ㄐㄧㄢ ㄏㄨㄛˋ ㄔㄡˇ
摧堅陷陣,1,ㄘㄨㄟ ㄐㄧㄢ ㄒㄧㄢˋ ㄓㄣˋ
摧山攪海,1,ㄘㄨㄟ ㄕㄢ ㄐㄧㄠˇ ㄏㄞˇ
摧心剖肝,1,ㄘㄨㄟ ㄒㄧㄣ ㄆㄡˇ ㄍㄢ
摧志屈道,1,ㄘㄨㄟ ㄓˋ ㄑㄩ ㄉㄠˋ
摧枯折腐,1,ㄘㄨㄟ ㄎㄨ ㄓㄜˊ ㄈㄨˇ
摧眉折腰,1,ㄘㄨㄟ ㄇㄟˊ ㄓㄜˊ ㄧㄠ
摧胸破肝,1,ㄘㄨㄟ ㄒㄩㄥ ㄆㄛˋ ㄍㄢ
摧花斫柳,1,ㄘㄨㄟ ㄏㄨㄚ ㄓㄨㄛˊ ㄌㄧㄡˇ
摧蘭折玉,1,ㄘㄨㄟ ㄌㄢˊ ㄓㄜˊ ㄩˋ
摧身碎首,1,ㄘㄨㄟ ㄕㄣ ㄙㄨㄟˋ ㄕㄡˇ
摧鋒陷陣,1,ㄘㄨㄟ ㄈㄥ ㄒㄧㄢˋ ㄓㄣˋ
摧陷廓清,1,ㄘㄨㄟ ㄒㄧㄢˋ ㄎㄨㄛˋ ㄑㄧㄥ
摩崖石刻,1,ㄇㄛˊ ㄧㄞˊ ㄕˊ ㄎㄜ
摩旗相助,1,ㄇㄛˊ ㄑㄧˊ ㄒㄧㄤ ㄓㄨˋ
摩登女郎,1,ㄇㄛˊ ㄉㄥ ㄋㄩˇ ㄌㄤˊ
摩羅精神,1,ㄇㄛˊ ㄌㄨㄛˊ ㄐㄧㄥ ㄕㄣˊ
摩肩如雲,1,ㄇㄛˊ ㄐㄧㄢ ㄖㄨˊ ㄩㄣˊ
摩肩擊轂,1,ㄇㄛˊ ㄐㄧㄢ ㄐㄧˊ ㄍㄨˇ
摩西律法,1,ㄇㄛˊ ㄒㄧ ㄌㄩˋ ㄈㄚˇ
摩頂受戒,1,ㄇㄛˊ ㄉㄧㄥˇ ㄕㄡˋ ㄐㄧㄝˋ
摩頂受記,1,ㄇㄛˊ ㄉㄧㄥˇ ㄕㄡˋ ㄐㄧˋ
摩頂至足,1,ㄇㄛˊ ㄉㄧㄥˇ ㄓˋ ㄗㄨˊ
摩頂至踵,1,ㄇㄛˊ ㄉㄧㄥˇ ㄓˋ ㄓㄨㄥˇ
摭華捐實,1,ㄓˊ ㄏㄨㄚˊ ㄐㄩㄢ ㄕˊ
摯而有別,1,ㄓˋ ㄦˊ ㄧㄡˇ ㄅㄧㄝˊ
摳心挖肚,1,ㄎㄡ ㄒㄧㄣ ㄨㄚ ㄉㄨˋ
摳心挖膽,1,ㄎㄡ ㄒㄧㄣ ㄨㄚ ㄉㄢˇ
摳摳索索,1,ㄎㄡ ㄎㄡ ㄙㄨㄛˇ ㄙㄨㄛˇ
摶擊掀發,1,ㄊㄨㄢˊ ㄐㄧˊ ㄒㄧㄢ ㄈㄚ
摶柱乘梁,1,ㄊㄨㄢˊ ㄓㄨˋ ㄔㄥˊ ㄌㄧㄤˊ
摶沙作飯,1,ㄊㄨㄢˊ ㄕㄚ ㄗㄨㄛˋ ㄈㄢˋ
摶沙嚼蠟,1,ㄊㄨㄢˊ ㄕㄚ ㄐㄩㄝˊ ㄌㄚˋ
摶砂弄汞,1,ㄊㄨㄢˊ ㄕㄚ ㄋㄨㄥˋ ㄍㄨㄥˇ
摶砂煉汞,1,ㄊㄨㄢˊ ㄕㄚ ㄌㄧㄢˋ ㄍㄨㄥˇ
摶香弄粉,1,ㄊㄨㄢˊ ㄒㄧㄤ ㄋㄨㄥˋ ㄈㄣˇ
摸棱兩可,1,ㄇㄛˊ ㄌㄥˊ ㄌㄧㄤˇ ㄎㄜˇ
摸稜兩可,1,ㄇㄛˊ ㄌㄥˊ ㄌㄧㄤˇ ㄎㄜˇ
摸稜宰相,1,ㄇㄛˊ ㄌㄥˊ ㄗㄞˇ ㄒㄧㄤˋ
摸金校尉,1,ㄇㄛ ㄐㄧㄣ ㄐㄧㄠˋ ㄨㄟˋ
摸門不著,1,ㄇㄛ ㄇㄣˊ ㄅㄨˋ ㄓㄠˊ
摸雞偷狗,1,ㄇㄛ ㄐㄧ ㄊㄡ ㄍㄡˇ
摸頭不著,1,ㄇㄛ ㄊㄡˊ ㄅㄨˋ ㄓㄠˊ
摽梅之年,1,ㄆㄧㄠˇ ㄇㄟˊ ㄓ ㄋㄧㄢˊ
撂下臉來,1,ㄌㄧㄠˋ ㄒㄧㄚˋ ㄌㄧㄢˇ ㄌㄞˊ
撅豎小人,1,ㄐㄩㄝ ㄕㄨˋ ㄒㄧㄠˇ ㄖㄣˊ
撇呆打墮,1,ㄆㄧㄝ ㄉㄞ ㄉㄚˇ ㄉㄨㄛˋ
撇齒拉嘴,1,ㄆㄧㄝˇ ㄔ˙ ㄌㄚ ㄗㄨㄟˇ
撈起嘴巴,1,ㄌㄠ ㄑㄧˇ ㄗㄨㄟˇ ㄅㄚ˙
撏毛搗鬢,1,ㄒㄩㄣˊ ㄇㄠˊ ㄉㄠˇ ㄅㄧㄣˋ
撏綿扯絮,1,ㄒㄩㄣˊ ㄇㄧㄢˊ ㄔㄜˇ ㄒㄩˋ
撐天柱地,1,ㄔㄥ ㄊㄧㄢ ㄓㄨˋ ㄉㄧˋ
撐持門戶,1,ㄔㄥ ㄔˊ ㄇㄣˊ ㄏㄨˋ
撐眉努眼,1,ㄔㄥ ㄇㄟˊ ㄋㄨˇ ㄧㄢˇ
撐腸拄肚,1,ㄔㄥ ㄔㄤˊ ㄓㄨˇ ㄉㄨˋ
撐腸拄腹,1,ㄔㄥ ㄔㄤˊ ㄓㄨˇ ㄈㄨˋ
撐門抵戶,1,ㄔㄥ ㄇㄣˊ ㄉㄧˇ ㄏㄨˋ
撐頭獲腦,1,ㄔㄥ ㄊㄡˊ ㄏㄨㄛˋ ㄋㄠˇ
撒手塵寰,1,ㄙㄚ ㄕㄡˇ ㄔㄣˊ ㄏㄨㄢˊ
撒手歸去,1,ㄙㄚ ㄕㄡˇ ㄍㄨㄟ ㄑㄩˋ
撒潑打滾,1,ㄙㄚ ㄆㄛ ㄉㄚˇ ㄍㄨㄣˇ
撒潑放刁,1,ㄙㄚ ㄆㄛ ㄈㄤˋ ㄉㄧㄠ
撒科打諢,1,ㄙㄚ ㄎㄜ ㄉㄚˇ ㄏㄨㄣˋ
撒詐搗虛,1,ㄙㄚ ㄓㄚˋ ㄉㄠˇ ㄒㄩ
撒豆成兵,1,ㄙㄚˇ ㄉㄡˋ ㄔㄥˊ ㄅㄧㄥ
撒風撒痴,1,ㄙㄚ ㄈㄥ ㄙㄚ ㄔ
撒騷放屁,1,ㄙㄚ ㄙㄠ ㄈㄤˋ ㄆㄧˋ
撓直為曲,1,ㄋㄠˊ ㄓˊ ㄨㄟˊ ㄑㄩ
撝戈反日,1,ㄏㄨㄟ ㄍㄜ ㄈㄢˇ ㄖˋ
撞府沖州,1,ㄓㄨㄤˋ ㄈㄨˇ ㄔㄨㄥ ㄓㄡ
撞府穿州,1,ㄓㄨㄤˋ ㄈㄨˇ ㄔㄨㄢ ㄓㄡ
撞鐘太歲,1,ㄓㄨㄤˋ ㄓㄨㄥ ㄊㄞˋ ㄙㄨㄟˋ
撞陣衝軍,1,ㄓㄨㄤˋ ㄓㄣˋ ㄔㄨㄥ ㄐㄩㄣ
撞頭搕腦,1,ㄓㄨㄤˋ ㄊㄡˊ ㄎㄜ ㄋㄠˇ
撥亂之才,1,ㄅㄛ ㄌㄨㄢˋ ㄓ ㄘㄞˊ
撥亂反治,1,ㄅㄛ ㄌㄨㄢˋ ㄈㄢˇ ㄓˋ
撥亂濟危,1,ㄅㄛ ㄌㄨㄢˋ ㄐㄧˋ ㄨㄟˊ
撥亂濟時,1,ㄅㄛ ㄌㄨㄢˋ ㄐㄧˋ ㄕˊ
撥亂興治,1,ㄅㄛ ㄌㄨㄢˋ ㄒㄧㄥ ㄓˋ
撥亂誅暴,1,ㄅㄛ ㄌㄨㄢˋ ㄓㄨ ㄅㄠˋ
撥弦樂器,1,ㄅㄛ ㄒㄧㄢˊ ㄩㄝˋ ㄑㄧˋ
撥接服務,1,ㄅㄛ ㄐㄧㄝ ㄈㄨˊ ㄨˋ
撥煩理劇,1,ㄅㄛ ㄈㄢˊ ㄌㄧˇ ㄐㄩˋ
撥煩理難,1,ㄅㄛ ㄈㄢˊ ㄌㄧˇ ㄋㄢˊ
撥草尋蛇,1,ㄅㄛ ㄘㄠˇ ㄒㄩㄣˊ ㄕㄜˊ
撥萬論千,1,ㄅㄛ ㄨㄢˋ ㄌㄨㄣˋ ㄑㄧㄢ
撥萬輪千,1,ㄅㄛ ㄨㄢˋ ㄌㄨㄣˊ ㄑㄧㄢ
撥著癢處,1,ㄅㄛ ㄓㄠˊ ㄧㄤˇ ㄔㄨˋ
撥號系統,1,ㄅㄛ ㄏㄠˋ ㄒㄧˋ ㄊㄨㄥˇ
撥雨撩雲,1,ㄅㄛ ㄩˇ ㄌㄧㄠˊ ㄩㄣˊ
撥雲撩雨,1,ㄅㄛ ㄩㄣˊ ㄌㄧㄠˊ ㄩˇ
撥雲睹日,1,ㄅㄛ ㄩㄣˊ ㄉㄨˇ ㄖˋ
撥風也似,1,ㄅㄛ ㄈㄥ ㄧㄝˇ ㄙˋ
撦鼓奪旗,1,ㄔㄜˇ ㄍㄨˇ ㄉㄨㄛˊ ㄑㄧˊ
撧耳撓腮,1,ㄐㄩㄝ ㄦˇ ㄋㄠˊ ㄙㄞ
撧耳頓足,1,ㄐㄩㄝ ㄦˇ ㄉㄨㄣˋ ㄗㄨˊ
撩東劄西,1,ㄌㄧㄠˊ ㄉㄨㄥ ㄓㄚˊ ㄒㄧ
撩東撾西,1,ㄌㄧㄠˊ ㄉㄨㄥ ㄓㄨㄚ ㄒㄧ
撩蜂吃螫,1,ㄌㄧㄠˊ ㄈㄥ ㄔ ㄓㄜ
撩蜂撥刺,1,ㄌㄧㄠˊ ㄈㄥ ㄅㄛ ㄘˋ
撩衣破步,1,ㄌㄧㄠ ㄧ ㄆㄛˋ ㄅㄨˋ
撩雲撥雨,1,ㄌㄧㄠˊ ㄩㄣˊ ㄅㄛ ㄩˇ
撫劍疾視,1,ㄈㄨˇ ㄐㄧㄢˋ ㄐㄧˊ ㄕˋ
撫孤恤寡,1,ㄈㄨˇ ㄍㄨ ㄒㄩˋ ㄍㄨㄚˇ
撫尸慟哭,1,ㄈㄨˇ ㄕ ㄊㄨㄥˋ ㄎㄨ
撫心自問,1,ㄈㄨˇ ㄒㄧㄣ ㄗˋ ㄨㄣˋ
撫掌大笑,1,ㄈㄨˇ ㄓㄤˇ ㄉㄚˋ ㄒㄧㄠˋ
撫摩鞠育,1,ㄈㄨˇ ㄇㄛˊ ㄐㄩˊ ㄩˋ
撫梁易柱,1,ㄈㄨˇ ㄌㄧㄤˊ ㄧˋ ㄓㄨˋ
撫背扼喉,1,ㄈㄨˇ ㄅㄟˋ ㄜˋ ㄏㄡˊ
撫膺大慟,1,ㄈㄨˇ ㄧㄥ ㄉㄚˋ ㄊㄨㄥˋ
撫臆誓肌,1,ㄈㄨˇ ㄧˋ ㄕˋ ㄐㄧ
播出頻道,1,ㄅㄛˋ ㄔㄨ ㄆㄧㄣˊ ㄉㄠˋ
播名天下,1,ㄅㄛˋ ㄇㄧㄥˊ ㄊㄧㄢ ㄒㄧㄚˋ
播土揚塵,1,ㄅㄛˋ ㄊㄨˇ ㄧㄤˊ ㄔㄣˊ
播惡遺臭,1,ㄅㄛˋ ㄜˋ ㄧˊ ㄔㄡˋ
播糠眯目,1,ㄅㄛˋ ㄎㄤ ㄇㄧˇ ㄇㄨˋ
播越失據,1,ㄅㄛˋ ㄩㄝˋ ㄕ ㄐㄩˋ
撮科打哄,1,ㄘㄨㄛ ㄎㄜ ㄉㄚˇ ㄏㄨㄥˇ
撮鹽入水,1,ㄘㄨㄛ ㄧㄢˊ ㄖㄨˋ ㄕㄨㄟˇ
撮鹽入火,1,ㄘㄨㄛ ㄧㄢˊ ㄖㄨˋ ㄏㄨㄛˇ
撲交打滾,1,ㄆㄨ ㄐㄧㄠ ㄉㄚˇ ㄍㄨㄣˇ
撲人鼻子,1,ㄆㄨ ㄖㄣˊ ㄅㄧˊ ㄗ˙
撲個滿懷,1,ㄆㄨ ㄍㄜ˙ ㄇㄢˇ ㄏㄨㄞˊ
撲撲簌簌,1,ㄆㄨ ㄆㄨ ㄙㄨˋ ㄙㄨˋ
撲撲通通,1,ㄆㄨ ㄆㄨ ㄊㄨㄥ ㄊㄨㄥ
撲花行徑,1,ㄆㄨ ㄏㄨㄚ ㄒㄧㄥˊ ㄐㄧㄥˋ
撲蝶之會,1,ㄆㄨ ㄉㄧㄝˊ ㄓ ㄏㄨㄟˋ
撲通撲通,1,ㄆㄨ ㄊㄨㄥ ㄆㄨ ㄊㄨㄥ
撲通通冬,1,ㄆㄨ ㄊㄨㄥ ㄊㄨㄥ ㄉㄨㄥ
撲頭撲臉,1,ㄆㄨ ㄊㄡˊ ㄆㄨ ㄌㄧㄢˇ
撼地搖天,1,ㄏㄢˋ ㄉㄧˋ ㄧㄠˊ ㄊㄧㄢ
撼天震地,1,ㄏㄢˋ ㄊㄧㄢ ㄓㄣˋ ㄉㄧˋ
撼山拔樹,1,ㄏㄢˋ ㄕㄢ ㄅㄚˊ ㄕㄨˋ
撼樹蚍蜉,1,ㄏㄢˋ ㄕㄨˋ ㄆㄧˊ ㄈㄨˊ
撾耳揉腮,1,ㄓㄨㄚ ㄦˇ ㄖㄡˊ ㄙㄞ
撾耳撓腮,1,ㄓㄨㄚ ㄦˇ ㄋㄠˊ ㄙㄞ
擁兵玩寇,1,ㄩㄥˇ ㄅㄧㄥ ㄨㄢˊ ㄎㄡˋ
擁兵自固,1,ㄩㄥˇ ㄅㄧㄥ ㄗˋ ㄍㄨˋ
擁彗先驅,1,ㄩㄥˇ ㄏㄨㄟˋ ㄒㄧㄢ ㄑㄩ
擁彗迎門,1,ㄩㄥˇ ㄏㄨㄟˋ ㄧㄥˊ ㄇㄣˊ
擁篲清道,1,ㄩㄥˇ ㄏㄨㄟˋ ㄑㄧㄥ ㄉㄠˋ
擁霧翻波,1,ㄩㄥˇ ㄨˋ ㄈㄢ ㄅㄛ
擂天倒地,1,ㄌㄟˊ ㄊㄧㄢ ㄉㄠˇ ㄉㄧˋ
擂鼓三通,1,ㄌㄟˊ ㄍㄨˇ ㄙㄢ ㄊㄨㄥ
擂鼓篩鑼,1,ㄌㄟˊ ㄍㄨˇ ㄕㄞ ㄌㄨㄛˊ
擂鼓鳴金,1,ㄌㄟˊ ㄍㄨˇ ㄇㄧㄥˊ ㄐㄧㄣ
擄袖揎拳,1,ㄌㄨˇ ㄒㄧㄡˋ ㄒㄩㄢ ㄑㄩㄢˊ
擇主而事,1,ㄗㄜˊ ㄓㄨˇ ㄦˊ ㄕˋ
擇交而友,1,ㄗㄜˊ ㄐㄧㄠ ㄦˊ ㄧㄡˇ
擇善而行,1,ㄗㄜˊ ㄕㄢˋ ㄦˊ ㄒㄧㄥˊ
擇地而蹈,1,ㄗㄜˊ ㄉㄧˋ ㄦˊ ㄉㄠˋ
擇德以配,1,ㄗㄜˊ ㄉㄜˊ ㄧˇ ㄆㄟˋ
擇木而處,1,ㄗㄜˊ ㄇㄨˋ ㄦˊ ㄔㄨˇ
擇福宜重,1,ㄗㄜˊ ㄈㄨˊ ㄧˊ ㄓㄨㄥˋ
擇肥而噬,1,ㄗㄜˊ ㄈㄟˊ ㄦˊ ㄕˋ
擊其不意,1,ㄐㄧˊ ㄑㄧˊ ㄅㄨˋ ㄧˋ
擊壤鼓腹,1,ㄐㄧˊ ㄖㄤˇ ㄍㄨˇ ㄈㄨˋ
擊楫中流,1,ㄐㄧˊ ㄐㄧˊ ㄓㄨㄥ ㄌㄧㄡˊ
擊玉敲金,1,ㄐㄧˊ ㄩˋ ㄑㄧㄠ ㄐㄧㄣ
擊碎唾壺,1,ㄐㄧˊ ㄙㄨㄟˋ ㄊㄨㄛˋ ㄏㄨˊ
擊節歎賞,1,ㄐㄧˊ ㄐㄧㄝˊ ㄊㄢˋ ㄕㄤˇ
擊節稱賞,1,ㄐㄧˊ ㄐㄧㄝˊ ㄔㄥ ㄕㄤˇ
擊轂摩肩,1,ㄐㄧˊ ㄍㄨˇ ㄇㄛˊ ㄐㄧㄢ
擊鐘陳鼎,1,ㄐㄧˊ ㄓㄨㄥ ㄔㄣˊ ㄉㄧㄥˇ
擊鐘鼎食,1,ㄐㄧˊ ㄓㄨㄥ ㄉㄧㄥˇ ㄕˊ
擊鼓申冤,1,ㄐㄧˊ ㄍㄨˇ ㄕㄣ ㄩㄢ
擊鼓罵曹,1,ㄐㄧˊ ㄍㄨˇ ㄇㄚˋ ㄘㄠˊ
擋風玻璃,1,ㄉㄤˇ ㄈㄥ ㄅㄛ ㄌㄧ˙
操之在我,1,ㄘㄠ ㄓ ㄗㄞˋ ㄨㄛˇ
操作定義,1,ㄘㄠ ㄗㄨㄛˋ ㄉㄧㄥˋ ㄧˋ
操刀傷錦,1,ㄘㄠ ㄉㄠ ㄕㄤ ㄐㄧㄣˇ
操刀必割,1,ㄘㄠ ㄉㄠ ㄅㄧˋ ㄍㄜ
操奇計贏,1,ㄘㄠ ㄐㄧ ㄐㄧˋ ㄧㄥˊ
操戈入室,1,ㄘㄠ ㄍㄜ ㄖㄨˋ ㄕˋ
操斧伐柯,1,ㄘㄠ ㄈㄨˇ ㄈㄚˊ ㄎㄜ
操瓶湧泉,1,ㄘㄠ ㄆㄧㄥˊ ㄩㄥˇ ㄑㄩㄢˊ
操翰成章,1,ㄘㄠ ㄏㄢˋ ㄔㄥˊ ㄓㄤ
操觚染翰,1,ㄘㄠ ㄍㄨ ㄖㄢˇ ㄏㄢˋ
擎天之柱,1,ㄑㄧㄥˊ ㄊㄧㄢ ㄓ ㄓㄨˋ
擎天架海,1,ㄑㄧㄥˊ ㄊㄧㄢ ㄐㄧㄚˋ ㄏㄞˇ
擎天玉柱,1,ㄑㄧㄥˊ ㄊㄧㄢ ㄩˋ ㄓㄨˋ
擎天駕海,1,ㄑㄧㄥˊ ㄊㄧㄢ ㄐㄧㄚˋ ㄏㄞˇ
擎拳合掌,1,ㄑㄧㄥˊ ㄑㄩㄢˊ ㄏㄜˊ ㄓㄤˇ
擎蒼牽黃,1,ㄑㄧㄥˊ ㄘㄤ ㄑㄧㄢ ㄏㄨㄤˊ
擐甲執兵,1,ㄏㄨㄢˋ ㄐㄧㄚˇ ㄓˊ ㄅㄧㄥ
擐甲執銳,1,ㄏㄨㄢˋ ㄐㄧㄚˇ ㄓˊ ㄖㄨㄟˋ
擐甲披袍,1,ㄏㄨㄢˋ ㄐㄧㄚˇ ㄆㄧ ㄆㄠˊ
擐甲持戈,1,ㄏㄨㄢˋ ㄐㄧㄚˇ ㄔˊ ㄍㄜ
擐甲揮戈,1,ㄏㄨㄢˋ ㄐㄧㄚˇ ㄏㄨㄟ ㄍㄜ
擐甲操戈,1,ㄏㄨㄢˋ ㄐㄧㄚˇ ㄘㄠ ㄍㄜ
擒奸摘伏,1,ㄑㄧㄣˊ ㄐㄧㄢ ㄊㄧˋ ㄈㄨˊ
擒姦擿伏,1,ㄑㄧㄣˊ ㄐㄧㄢ ㄊㄧˋ ㄈㄨˊ
擒姦討暴,1,ㄑㄧㄣˊ ㄐㄧㄢ ㄊㄠˇ ㄅㄠˋ
擒虎拿蛟,1,ㄑㄧㄣˊ ㄏㄨˇ ㄋㄚˊ ㄐㄧㄠ
擒龍縛虎,1,ㄑㄧㄣˊ ㄌㄨㄥˊ ㄈㄨˊ ㄏㄨˇ
擔保放款,1,ㄉㄢ ㄅㄠˇ ㄈㄤˋ ㄎㄨㄢˇ
擔保物權,1,ㄉㄢ ㄅㄠˇ ㄨˋ ㄑㄩㄢˊ
擔孤受寡,1,ㄉㄢ ㄍㄨ ㄕㄡˋ ㄍㄨㄚˇ
擔湯擔水,1,ㄉㄢ ㄊㄤ ㄉㄢ ㄕㄨㄟˇ
擔湯運水,1,ㄉㄢ ㄊㄤ ㄩㄣˋ ㄕㄨㄟˇ
擔當不過,1,ㄉㄢ ㄉㄤ ㄅㄨˋ ㄍㄨㄛˋ
擔負公徒,1,ㄉㄢ ㄈㄨˋ ㄍㄨㄥ ㄊㄨˊ
擔酒牽羊,1,ㄉㄢ ㄐㄧㄡˇ ㄑㄧㄢ ㄧㄤˊ
擔隔夜憂,1,ㄉㄢ ㄍㄜˊ ㄧㄝˋ ㄧㄡ
擔雪塞井,1,ㄉㄢ ㄒㄩㄝˇ ㄙㄞ ㄐㄧㄥˇ
擔雪填井,1,ㄉㄢ ㄒㄩㄝˇ ㄊㄧㄢˊ ㄐㄧㄥˇ
擔雪填河,1,ㄉㄢ ㄒㄩㄝˇ ㄊㄧㄢˊ ㄏㄜˊ
擔風袖月,1,ㄉㄢ ㄈㄥ ㄒㄧㄡˋ ㄩㄝˋ
擔飢受凍,1,ㄉㄢ ㄐㄧ ㄕㄡˋ ㄉㄨㄥˋ
擔驚受恐,1,ㄉㄢ ㄐㄧㄥ ㄕㄡˋ ㄎㄨㄥˇ
擗踊拊心,1,ㄆㄧˋ ㄩㄥˇ ㄈㄨˇ ㄒㄧㄣ
擘兩分星,1,ㄅㄛˋ ㄌㄧㄤˇ ㄈㄣ ㄒㄧㄥ
擘肌分理,1,ㄅㄛˋ ㄐㄧ ㄈㄣ ㄌㄧˇ
據床指麾,1,ㄐㄩˋ ㄔㄨㄤˊ ㄓˇ ㄏㄨㄟ
據理而爭,1,ㄐㄩˋ ㄌㄧˇ ㄦˊ ㄓㄥ
據義履方,1,ㄐㄩˋ ㄧˋ ㄌㄩˇ ㄈㄤ
擠成一團,1,ㄐㄧˇ ㄔㄥˊ ㄧ ㄊㄨㄢˊ
擠手捏腳,1,ㄐㄧˇ ㄕㄡˇ ㄋㄧㄝ ㄐㄧㄠˇ
擠眉溜眼,1,ㄐㄧˇ ㄇㄟˊ ㄌㄧㄡ ㄧㄢˇ
擠眼弄眉,1,ㄐㄧˇ ㄧㄢˇ ㄋㄨㄥˋ ㄇㄟˊ
擢髮抽腸,1,ㄓㄨㄛˊ ㄈㄚˇ ㄔㄡ ㄔㄤˊ
擣虛撇抗,1,ㄉㄠˇ ㄒㄩ ㄆㄧㄝ ㄎㄤˋ
擦弦樂器,1,ㄘㄚ ㄒㄧㄢˊ ㄩㄝˋ ㄑㄧˋ
擦拳抹掌,1,ㄘㄚ ㄑㄩㄢˊ ㄇㄛˇ ㄓㄤˇ
擦拳磨掌,1,ㄘㄚ ㄑㄩㄢˊ ㄇㄛˊ ㄓㄤˇ
擦掌摩拳,1,ㄘㄚ ㄓㄤˇ ㄇㄛˊ ㄑㄩㄢˊ
擦掌磨拳,1,ㄘㄚ ㄓㄤˇ ㄇㄛˊ ㄑㄩㄢˊ
擦槍走火,1,ㄘㄚ ㄑㄧㄤ ㄗㄡˇ ㄏㄨㄛˇ
擦脂抹粉,1,ㄘㄚ ㄓ ㄇㄛˇ ㄈㄣˇ
擬規畫圓,1,ㄋㄧˇ ㄍㄨㄟ ㄏㄨㄚˋ ㄩㄢˊ
擰成一股,1,ㄋㄧㄥˊ ㄔㄥˊ ㄧ ㄍㄨˇ
擰眉瞪眼,1,ㄋㄧㄥˊ ㄇㄟˊ ㄉㄥˋ ㄧㄢˇ
擱在心上,1,ㄍㄜ ㄗㄞˋ ㄒㄧㄣ ㄕㄤˋ
擲刀對泣,1,ㄓˊ ㄉㄠ ㄉㄨㄟˋ ㄑㄧˋ
擲地之材,1,ㄓˊ ㄉㄧˋ ㄓ ㄘㄞˊ
擲果河陽,1,ㄓˊ ㄍㄨㄛˇ ㄏㄜˊ ㄧㄤˊ
擲果潘安,1,ㄓˊ ㄍㄨㄛˇ ㄆㄢ ㄢ
擲果潘郎,1,ㄓˊ ㄍㄨㄛˇ ㄆㄢ ㄌㄤˊ
擲果盈車,1,ㄓˊ ㄍㄨㄛˇ ㄧㄥˊ ㄔㄜ
擲級承矛,1,ㄓˊ ㄐㄧˊ ㄔㄥˊ ㄇㄠˊ
擲鼠忌器,1,ㄓˊ ㄕㄨˇ ㄐㄧˋ ㄑㄧˋ
擴張戰果,1,ㄎㄨㄛˋ ㄓㄤ ㄓㄢˋ ㄍㄨㄛˇ
擴張解釋,1,ㄎㄨㄛˋ ㄔㄨㄥ ㄐㄧㄝˇ ㄕˋ
擺了一道,1,ㄅㄞˇ ㄌㄜ˙ ㄧ ㄉㄠˋ
擺在心上,1,ㄅㄞˇ ㄗㄞˋ ㄒㄧㄣ ㄕㄤˋ
擺在眼前,1,ㄅㄞˇ ㄗㄞˋ ㄧㄢˇ ㄑㄧㄢˊ
擺尾搖頭,1,ㄅㄞˇ ㄨㄟˇ ㄧㄠˊ ㄊㄡˊ
擺撥不下,1,ㄅㄞˇ ㄅㄛ ㄅㄨˋ ㄒㄧㄚˋ
擺擺搖搖,1,ㄅㄞˇ ㄅㄞˇ ㄧㄠˊ ㄧㄠˊ
擺空架子,1,ㄅㄞˇ ㄎㄨㄥ ㄐㄧㄚˋ ㄗ˙
擺袖卻金,1,ㄅㄞˇ ㄒㄧㄡˋ ㄑㄩㄝˋ ㄐㄧㄣ
擿埴索塗,1,ㄊㄧˋ ㄓˊ ㄙㄨㄛˇ ㄊㄨˊ
擿奸發伏,1,ㄊㄧˋ ㄐㄧㄢ ㄈㄚ ㄈㄨˊ
攀今吊古,1,ㄆㄢ ㄐㄧㄣ ㄉㄧㄠˋ ㄍㄨˇ
攀今攬古,1,ㄆㄢ ㄐㄧㄣ ㄌㄢˇ ㄍㄨˇ
攀今比昔,1,ㄆㄢ ㄐㄧㄣ ㄅㄧˇ ㄒㄧˊ
攀今覽古,1,ㄆㄢ ㄐㄧㄣ ㄌㄢˇ ㄍㄨˇ
攀山越嶺,1,ㄆㄢ ㄕㄢ ㄩㄝˋ ㄌㄧㄥˇ
攀枝運動,1,ㄆㄢ ㄓ ㄩㄣˋ ㄉㄨㄥˋ
攀緣植物,1,ㄆㄢ ㄩㄢˊ ㄓˊ ㄨˋ
攀花折柳,1,ㄆㄢ ㄏㄨㄚ ㄓㄜˊ ㄌㄧㄡˇ
攀藤攬葛,1,ㄆㄢ ㄊㄥˊ ㄌㄢˇ ㄍㄜˊ
攀藤附葛,1,ㄆㄢ ㄊㄥˊ ㄈㄨˋ ㄍㄜˊ
攀蘿附木,1,ㄆㄢ ㄌㄨㄛˊ ㄈㄨˋ ㄇㄨˋ
攀蟾折桂,1,ㄆㄢ ㄔㄢˊ ㄓㄜˊ ㄍㄨㄟˋ
攀親引戚,1,ㄆㄢ ㄑㄧㄣ ㄧㄣˇ ㄑㄧ
攀親託熟,1,ㄆㄢ ㄑㄧㄣ ㄊㄨㄛ ㄕㄨˊ
攀車拒輪,1,ㄆㄢ ㄐㄩ ㄐㄩˋ ㄌㄨㄣˊ
攀車臥轍,1,ㄆㄢ ㄐㄩ ㄨㄛˋ ㄔㄜˋ
攀轅扣馬,1,ㄆㄢ ㄩㄢˊ ㄎㄡˋ ㄇㄚˇ
攀轅臥轍,1,ㄆㄢ ㄩㄢˊ ㄨㄛˋ ㄔㄜˋ
攀轅遮道,1,ㄆㄢ ㄩㄢˊ ㄓㄜ ㄉㄠˋ
攀高接貴,1,ㄆㄢ ㄍㄠ ㄐㄧㄝ ㄍㄨㄟˋ
攀高結貴,1,ㄆㄢ ㄍㄠ ㄐㄧㄝˊ ㄍㄨㄟˋ
攀鱗附翼,1,ㄆㄢ ㄌㄧㄣˊ ㄈㄨˋ ㄧˋ
攀龍託鳳,1,ㄆㄢ ㄌㄨㄥˊ ㄊㄨㄛ ㄈㄥˋ
攀龍趨鳳,1,ㄆㄢ ㄌㄨㄥˊ ㄑㄩ ㄈㄥˋ
攀龍附驥,1,ㄆㄢ ㄌㄨㄥˊ ㄈㄨˋ ㄐㄧˋ
攄忠報國,1,ㄕㄨ ㄓㄨㄥ ㄅㄠˋ ㄍㄨㄛˊ
攔前斷後,1,ㄌㄢˊ ㄑㄧㄢˊ ㄉㄨㄢˋ ㄏㄡˋ
攔詞抵辯,1,ㄌㄢˊ ㄘˊ ㄉㄧˇ ㄅㄧㄢˋ
攘人之美,1,ㄖㄤˊ ㄖㄣˊ ㄓ ㄇㄟˇ
攘外安內,1,ㄖㄤˊ ㄨㄞˋ ㄢ ㄋㄟˋ
攘臂一呼,1,ㄖㄤˊ ㄅㄧˋ ㄧ ㄏㄨ
攘臂而起,1,ㄖㄤˊ ㄅㄧˋ ㄦˊ ㄑㄧˇ
攘袂切齒,1,ㄖㄤˊ ㄇㄟˋ ㄑㄧㄝˋ ㄔˇ
攘袂扼腕,1,ㄖㄤˊ ㄇㄟˋ ㄜˋ ㄨㄢˋ
攙行奪市,1,ㄔㄢ ㄏㄤˊ ㄉㄨㄛˊ ㄕˋ
攙言接語,1,ㄔㄢ ㄧㄢˊ ㄐㄧㄝ ㄩˇ
攙話接舌,1,ㄔㄢ ㄏㄨㄚˋ ㄐㄧㄝ ㄕㄜˊ
攛哄鳥亂,1,ㄘㄨㄢ ㄏㄨㄥˇ ㄋㄧㄠˇ ㄌㄨㄢˋ
攛拳攏袖,1,ㄘㄨㄢ ㄑㄩㄢˊ ㄌㄨㄥˇ ㄒㄧㄡˋ
攛趕子活,1,ㄘㄨㄢ ㄍㄢˇ ㄗ˙ ㄏㄨㄛˊ
攜幼扶老,1,ㄒㄧ ㄧㄡˋ ㄈㄨˊ ㄌㄠˇ
攜手合作,1,ㄒㄧ ㄕㄡˇ ㄏㄜˊ ㄗㄨㄛˋ
攜手接武,1,ㄒㄧ ㄕㄡˇ ㄐㄧㄝ ㄨˇ
攜男抱女,1,ㄒㄧ ㄋㄢˊ ㄅㄠˋ ㄋㄩˇ
攜男挈女,1,ㄒㄧ ㄋㄢˊ ㄑㄧㄝˋ ㄋㄩˇ
攜老扶幼,1,ㄒㄧ ㄌㄠˇ ㄈㄨˊ ㄧㄡˋ
攜老扶弱,1,ㄒㄧ ㄌㄠˇ ㄈㄨˊ ㄖㄨㄛˋ
攜老挈幼,1,ㄒㄧ ㄌㄠˇ ㄑㄧㄝˋ ㄧㄡˋ
攜雲挈雨,1,ㄒㄧ ㄩㄣˊ ㄑㄧㄝˋ ㄩˇ
攜雲握雨,1,ㄒㄧ ㄩㄣˊ ㄨㄛˋ ㄩˇ
攝大乘論,1,ㄕㄜˋ ㄉㄚˋ ㄕㄥˋ ㄌㄨㄣˋ
攝威擅勢,1,ㄕㄜˋ ㄨㄟ ㄕㄢˋ ㄕˋ
攝影小說,1,ㄕㄜˋ ㄧㄥˇ ㄒㄧㄠˇ ㄕㄨㄛ
攝魄鉤魂,1,ㄕㄜˋ ㄆㄛˋ ㄍㄡ ㄏㄨㄣˊ
攢三聚五,1,ㄘㄨㄢˊ ㄙㄢ ㄐㄩˋ ㄨˇ
攢眉苦臉,1,ㄘㄨㄢˊ ㄇㄟˊ ㄎㄨˇ ㄌㄧㄢˇ
攢眉蹙鼻,1,ㄘㄨㄢˊ ㄇㄟˊ ㄘㄨˋ ㄅㄧˊ
攤了人命,1,ㄊㄢ ㄌㄜ˙ ㄖㄣˊ ㄇㄧㄥˋ
攤手攤腳,1,ㄊㄢ ㄕㄡˇ ㄊㄢ ㄐㄧㄠˇ
攧攧仆仆,1,ㄉㄧㄢ ㄉㄧㄢ ㄆㄨ ㄆㄨ
攧脣簸嘴,1,ㄉㄧㄢ ㄔㄨㄣˊ ㄅㄛˇ ㄗㄨㄟˇ
攪三攪四,1,ㄍㄠˇ ㄙㄢ ㄍㄠˇ ㄙˋ
攪來攪去,1,ㄍㄠˇ ㄌㄞˊ ㄍㄠˇ ㄑㄩˋ
攪海翻江,1,ㄐㄧㄠˇ ㄏㄞˇ ㄈㄢ ㄐㄧㄤ
攪纏不來,1,ㄐㄧㄠˇ ㄔㄢˊ ㄅㄨˋ ㄌㄞˊ
攪肚蛆腸,1,ㄐㄧㄠˇ ㄉㄨˋ ㄑㄩ ㄔㄤˊ
攫戾執猛,1,ㄐㄩㄝˊ ㄌㄧˋ ㄓˊ ㄇㄥˇ
攬權納賄,1,ㄌㄢˇ ㄑㄩㄢˊ ㄋㄚˋ ㄏㄨㄟˋ
攬濕布衫,1,ㄌㄢˇ ㄕ ㄅㄨˋ ㄕㄢ
攬轡澄清,1,ㄌㄢˇ ㄆㄟˋ ㄔㄥˊ ㄑㄧㄥ
支付命令,1,ㄓ ㄈㄨˋ ㄇㄧㄥˋ ㄌㄧㄥˋ
支吾其詞,1,ㄓ ㄨ˙ ㄑㄧˊ ㄘˊ
支手舞腳,1,ㄓ ㄕㄡˇ ㄨˇ ㄐㄧㄠˇ
支支喳喳,1,ㄓ ㄓ ㄓㄚ ㄓㄚ
支遁買山,1,ㄓ ㄉㄨㄣˋ ㄇㄞˇ ㄕㄢ
收因結果,1,ㄕㄡ ㄧㄣ ㄐㄧㄝˊ ㄍㄨㄛˇ
收攬人心,1,ㄕㄡ ㄌㄢˇ ㄖㄣˊ ㄒㄧㄣ
收視反聽,1,ㄕㄡ ㄕˋ ㄈㄢˇ ㄊㄧㄥ
收軍點將,1,ㄕㄡ ㄐㄩㄣ ㄉㄧㄢˇ ㄐㄧㄤˋ
改俗遷風,1,ㄍㄞˇ ㄙㄨˊ ㄑㄧㄢ ㄈㄥ
改名易姓,1,ㄍㄞˇ ㄇㄧㄥˊ ㄧˋ ㄒㄧㄥˋ
改土歸流,1,ㄍㄞˇ ㄊㄨˇ ㄍㄨㄟ ㄌㄧㄡˊ
改姓更名,1,ㄍㄞˇ ㄒㄧㄥˋ ㄍㄥ ㄇㄧㄥˊ
改容加飾,1,ㄍㄞˇ ㄖㄨㄥˊ ㄐㄧㄚ ㄕˋ
改弦易張,1,ㄍㄞˇ ㄒㄧㄢˊ ㄧˋ ㄓㄤ
改弦易調,1,ㄍㄞˇ ㄒㄧㄢˊ ㄧˋ ㄉㄧㄠˋ
改張易調,1,ㄍㄞˇ ㄓㄤ ㄧˋ ㄉㄧㄠˋ
改惡向善,1,ㄍㄞˇ ㄜˋ ㄒㄧㄤˋ ㄕㄢˋ
改惡從善,1,ㄍㄞˇ ㄜˋ ㄘㄨㄥˊ ㄕㄢˋ
改惡行善,1,ㄍㄞˇ ㄜˋ ㄒㄧㄥˊ ㄕㄢˋ
改換家門,1,ㄍㄞˇ ㄏㄨㄢˋ ㄐㄧㄚ ㄇㄣˊ
改換門庭,1,ㄍㄞˇ ㄏㄨㄢˋ ㄇㄣˊ ㄊㄧㄥˊ
改換門閭,1,ㄍㄞˇ ㄏㄨㄢˋ ㄇㄣˊ ㄌㄩˊ
改步改玉,1,ㄍㄞˇ ㄅㄨˋ ㄍㄞˇ ㄩˋ
改玉改行,1,ㄍㄞˇ ㄩˋ ㄍㄞˇ ㄒㄧㄥˊ
改編劇本,1,ㄍㄞˇ ㄅㄧㄢ ㄐㄩˋ ㄅㄣˇ
改行遷善,1,ㄍㄞˇ ㄒㄧㄥˋ ㄑㄧㄢ ㄕㄢˋ
改轅易轍,1,ㄍㄞˇ ㄩㄢˊ ㄧˋ ㄔㄜˋ
改過不吝,1,ㄍㄞˇ ㄍㄨㄛˋ ㄅㄨˋ ㄌㄧㄣˋ
改過向善,1,ㄍㄞˇ ㄍㄨㄛˋ ㄒㄧㄤˋ ㄕㄢˋ
改過從善,1,ㄍㄞˇ ㄍㄨㄛˋ ㄘㄨㄥˊ ㄕㄢˋ
改過從新,1,ㄍㄞˇ ㄍㄨㄛˋ ㄘㄨㄥˊ ㄒㄧㄣ
改過遷善,1,ㄍㄞˇ ㄍㄨㄛˋ ㄑㄧㄢ ㄕㄢˋ
改面革心,1,ㄍㄞˇ ㄇㄧㄢˋ ㄍㄜˊ ㄒㄧㄣ
攻乎異端,1,ㄍㄨㄥ ㄏㄨ ㄧˋ ㄉㄨㄢ
攻其不備,1,ㄍㄨㄥ ㄑㄧˊ ㄅㄨˋ ㄅㄟˋ
攻其無備,1,ㄍㄨㄥ ㄑㄧˊ ㄨˊ ㄅㄟˋ
攻勢作戰,1,ㄍㄨㄥ ㄕˋ ㄗㄨㄛˋ ㄓㄢˋ
攻城略地,1,ㄍㄨㄥ ㄔㄥˊ ㄌㄩㄝˋ ㄉㄧˋ
攻城野戰,1,ㄍㄨㄥ ㄔㄥˊ ㄧㄝˇ ㄓㄢˋ
攻無不克,1,ㄍㄨㄥ ㄨˊ ㄅㄨˋ ㄎㄜˋ
攻無堅城,1,ㄍㄨㄥ ㄨˊ ㄐㄧㄢ ㄔㄥˊ
攻苦食淡,1,ㄍㄨㄥ ㄎㄨˇ ㄕˊ ㄉㄢˋ
放下身段,1,ㄈㄤˋ ㄒㄧㄚˋ ㄕㄣ ㄉㄨㄢˋ
放下黑臉,1,ㄈㄤˋ ㄒㄧㄚˋ ㄏㄟ ㄌㄧㄢˇ
放人一馬,1,ㄈㄤˋ ㄖㄣˊ ㄧ ㄇㄚˇ
放任自流,1,ㄈㄤˋ ㄖㄣˋ ㄗˋ ㄌㄧㄡˊ
放任行為,1,ㄈㄤˋ ㄖㄣˋ ㄒㄧㄥˊ ㄨㄟˊ
放來生債,1,ㄈㄤˋ ㄌㄞˊ ㄕㄥ ㄓㄞˋ
放出手眼,1,ㄈㄤˋ ㄔㄨ ㄕㄡˇ ㄧㄢˇ
放刁把濫,1,ㄈㄤˋ ㄉㄧㄠ ㄅㄚˇ ㄌㄢˋ
放刁撒潑,1,ㄈㄤˋ ㄉㄧㄠ ㄙㄚ ㄆㄛ
放印子錢,1,ㄈㄤˋ ㄧㄣˋ ㄗ˙ ㄑㄧㄢˊ
放富差貧,1,ㄈㄤˋ ㄈㄨˋ ㄔㄞ ㄆㄧㄣˊ
放射化學,1,ㄈㄤˋ ㄕㄜˋ ㄏㄨㄚˋ ㄒㄩㄝˊ
放射汙染,1,ㄈㄤˋ ㄕㄜˋ ㄨ ㄖㄢˇ
放屁文字,1,ㄈㄤˋ ㄆㄧˋ ㄨㄣˊ ㄗˋ
放屁添風,1,ㄈㄤˋ ㄆㄧˋ ㄊㄧㄢ ㄈㄥ
放屁辣臊,1,ㄈㄤˋ ㄆㄧˋ ㄌㄚˋ ㄙㄠ
放心不下,1,ㄈㄤˋ ㄒㄧㄣ ㄅㄨˋ ㄒㄧㄚˋ
放情丘壑,1,ㄈㄤˋ ㄑㄧㄥˊ ㄑㄧㄡ ㄏㄨㄛˋ
放意暢懷,1,ㄈㄤˋ ㄧˋ ㄔㄤˋ ㄏㄨㄞˊ
放映影幕,1,ㄈㄤˋ ㄧㄥˋ ㄧㄥˇ ㄇㄨˋ
放死放活,1,ㄈㄤˋ ㄙˇ ㄈㄤˋ ㄏㄨㄛˊ
放牛歸馬,1,ㄈㄤˋ ㄋㄧㄡˊ ㄍㄨㄟ ㄇㄚˇ
放眼天下,1,ㄈㄤˋ ㄧㄢˇ ㄊㄧㄢ ㄒㄧㄚˋ
放精神著,1,ㄈㄤˋ ㄐㄧㄥ ㄕㄣˊ ㄓㄜ˙
放縱不拘,1,ㄈㄤˋ ㄗㄨㄥˋ ㄅㄨˋ ㄐㄩ
放縱不羈,1,ㄈㄤˋ ㄗㄨㄥˋ ㄅㄨˋ ㄐㄧ
放肆荒唐,1,ㄈㄤˋ ㄙˋ ㄏㄨㄤ ㄊㄤˊ
放蕩任氣,1,ㄈㄤˋ ㄉㄤˋ ㄖㄣˋ ㄑㄧˋ
放蕩弛縱,1,ㄈㄤˋ ㄉㄤˋ ㄕˇ ㄗㄨㄥˋ
放虎自衛,1,ㄈㄤˋ ㄏㄨˇ ㄗˋ ㄨㄟˋ
放誕不羈,1,ㄈㄤˋ ㄉㄢˋ ㄅㄨˋ ㄐㄧ
放誕詭僻,1,ㄈㄤˋ ㄉㄢˋ ㄍㄨㄟˇ ㄆㄧˋ
放誕風流,1,ㄈㄤˋ ㄉㄢˋ ㄈㄥ ㄌㄧㄡˊ
放過一馬,1,ㄈㄤˋ ㄍㄨㄛˋ ㄧ ㄇㄚˇ
放野鵓鴿,1,ㄈㄤˋ ㄧㄝˇ ㄅㄛˊ ㄍㄜ
放飯流歠,1,ㄈㄤˋ ㄈㄢˋ ㄌㄧㄡˊ ㄔㄨㄛˋ
放馬過來,1,ㄈㄤˋ ㄇㄚˇ ㄍㄨㄛˋ ㄌㄞˊ
放魚入海,1,ㄈㄤˋ ㄩˊ ㄖㄨˋ ㄏㄞˇ
放鷹逐犬,1,ㄈㄤˋ ㄧㄥ ㄓㄨˊ ㄑㄩㄢˇ
放龍入海,1,ㄈㄤˋ ㄌㄨㄥˊ ㄖㄨˋ ㄏㄞˇ
政令不一,1,ㄓㄥˋ ㄌㄧㄥˋ ㄅㄨˋ ㄧ
政出多門,1,ㄓㄥˋ ㄔㄨ ㄉㄨㄛ ㄇㄣˊ
政治分析,1,ㄓㄥˋ ㄓˋ ㄈㄣ ㄒㄧ
政治哲學,1,ㄓㄥˋ ㄓˋ ㄓㄜˊ ㄒㄩㄝˊ
政治庇護,1,ㄓㄥˋ ㄓˋ ㄅㄧˋ ㄏㄨˋ
政治建設,1,ㄓㄥˋ ㄓˋ ㄐㄧㄢˋ ㄕㄜˋ
政治文化,1,ㄓㄥˋ ㄓˋ ㄨㄣˊ ㄏㄨㄚˋ
政治波普,1,ㄓㄥˋ ㄓˋ ㄅㄛ ㄆㄨˇ
政治號召,1,ㄓㄥˋ ㄓˋ ㄏㄠˋ ㄓㄠˋ
政治責任,1,ㄓㄥˋ ㄓˋ ㄗㄜˊ ㄖㄣˋ
政治革新,1,ㄓㄥˋ ㄓˋ ㄍㄜˊ ㄒㄧㄣ
政治鬥爭,1,ㄓㄥˋ ㄓˋ ㄉㄡˋ ㄓㄥ
政清獄簡,1,ㄓㄥˋ ㄑㄧㄥ ㄩˋ ㄐㄧㄢˇ
政策分析,1,ㄓㄥˋ ㄘㄜˋ ㄈㄣ ㄒㄧ
政策執行,1,ㄓㄥˋ ㄘㄜˋ ㄓˊ ㄒㄧㄥˊ
政簡刑清,1,ㄓㄥˋ ㄐㄧㄢˇ ㄒㄧㄥˊ ㄑㄧㄥ
故伎重演,1,ㄍㄨˋ ㄐㄧˋ ㄔㄨㄥˊ ㄧㄢˇ
故劍情深,1,ㄍㄨˋ ㄐㄧㄢˋ ㄑㄧㄥˊ ㄕㄣ
故園心眼,1,ㄍㄨˋ ㄩㄢˊ ㄒㄧㄣ ㄧㄢˇ
故土難移,1,ㄍㄨˋ ㄊㄨˇ ㄋㄢˊ ㄧˊ
故宮禾黍,1,ㄍㄨˋ ㄍㄨㄥ ㄏㄜˊ ㄕㄨˇ
故家喬木,1,ㄍㄨˋ ㄐㄧㄚ ㄑㄧㄠˊ ㄇㄨˋ
故家子弟,1,ㄍㄨˋ ㄐㄧㄚ ㄗˇ ㄉㄧˋ
故家遺俗,1,ㄍㄨˋ ㄐㄧㄚ ㄧˊ ㄙㄨˊ
故淹珠玉,1,ㄍㄨˋ ㄧㄢ ㄓㄨ ㄩˋ
故生枝節,1,ㄍㄨˋ ㄕㄥ ㄓ ㄐㄧㄝˊ
故自傷殘,1,ㄍㄨˋ ㄗˋ ㄕㄤ ㄘㄢˊ
故舊不棄,1,ㄍㄨˋ ㄐㄧㄡˋ ㄅㄨˋ ㄑㄧˋ
效果不彰,1,ㄒㄧㄠˋ ㄍㄨㄛˇ ㄅㄨˋ ㄓㄤ
效顰學步,1,ㄒㄧㄠˋ ㄆㄧㄣˊ ㄒㄩㄝˊ ㄅㄨˋ
敏感話題,1,ㄇㄧㄣˇ ㄍㄢˇ ㄏㄨㄚˋ ㄊㄧˊ
敏練慈愷,1,ㄇㄧㄣˇ ㄌㄧㄢˋ ㄘˊ ㄎㄞˇ
救命之恩,1,ㄐㄧㄡˋ ㄇㄧㄥˋ ㄓ ㄣ
救困扶危,1,ㄐㄧㄡˋ ㄎㄨㄣˋ ㄈㄨˊ ㄨㄟˊ
救死扶傷,1,ㄐㄧㄡˋ ㄙˇ ㄈㄨˊ ㄕㄤ
救民水火,1,ㄐㄧㄡˋ ㄇㄧㄣˊ ㄕㄨㄟˇ ㄏㄨㄛˇ
救火投薪,1,ㄐㄧㄡˋ ㄏㄨㄛˇ ㄊㄡˊ ㄒㄧㄣ
救火揚沸,1,ㄐㄧㄡˋ ㄏㄨㄛˇ ㄧㄤˊ ㄈㄟˋ
救災恤患,1,ㄐㄧㄡˋ ㄗㄞ ㄒㄩˋ ㄏㄨㄢˋ
救焚拯溺,1,ㄐㄧㄡˋ ㄈㄣˊ ㄓㄥˇ ㄋㄧˋ
救經引足,1,ㄐㄧㄡˋ ㄐㄧㄥ ㄧㄣˇ ㄗㄨˊ
救過不贍,1,ㄐㄧㄡˋ ㄍㄨㄛˋ ㄅㄨˋ ㄕㄢˋ
救過補闕,1,ㄐㄧㄡˋ ㄍㄨㄛˋ ㄅㄨˇ ㄑㄩㄝ
敖不可長,1,ㄠˋ ㄅㄨˋ ㄎㄜˇ ㄓㄤˇ
敗不旋踵,1,ㄅㄞˋ ㄅㄨˋ ㄒㄩㄢˊ ㄓㄨㄥˇ
敗俗傷化,1,ㄅㄞˋ ㄙㄨˊ ㄕㄤ ㄏㄨㄚˋ
敗俗傷風,1,ㄅㄞˋ ㄙㄨˊ ㄕㄤ ㄈㄥ
敗兵折將,1,ㄅㄞˋ ㄅㄧㄥ ㄓㄜˊ ㄐㄧㄤˋ
敗化傷風,1,ㄅㄞˋ ㄏㄨㄚˋ ㄕㄤ ㄈㄥ
敗名失德,1,ㄅㄞˋ ㄇㄧㄥˊ ㄕ ㄉㄜˊ
敗國亡家,1,ㄅㄞˋ ㄍㄨㄛˊ ㄨㄤˊ ㄐㄧㄚ
敗國喪家,1,ㄅㄞˋ ㄍㄨㄛˊ ㄙㄤˋ ㄐㄧㄚ
敗壞門楣,1,ㄅㄞˋ ㄏㄨㄞˋ ㄇㄣˊ ㄇㄟˊ
敗壞門面,1,ㄅㄞˋ ㄏㄨㄞˋ ㄇㄣˊ ㄇㄧㄢˋ
敗壞門風,1,ㄅㄞˋ ㄏㄨㄞˋ ㄇㄣˊ ㄈㄥ
敗子回頭,1,ㄅㄞˋ ㄗˇ ㄏㄨㄟˊ ㄊㄡˊ
敗宇頹垣,1,ㄅㄞˋ ㄩˇ ㄊㄨㄟˊ ㄩㄢˊ
敗將殘兵,1,ㄅㄞˋ ㄐㄧㄤˋ ㄘㄢˊ ㄅㄧㄥ
敗常亂俗,1,ㄅㄞˋ ㄔㄤˊ ㄌㄨㄢˋ ㄙㄨˊ
敗於垂成,1,ㄅㄞˋ ㄩˊ ㄔㄨㄟˊ ㄔㄥˊ
敗柳殘花,1,ㄅㄞˋ ㄌㄧㄡˇ ㄘㄢˊ ㄏㄨㄚ
敗業傾家,1,ㄅㄞˋ ㄧㄝˋ ㄑㄧㄥ ㄐㄧㄚ
敗法亂紀,1,ㄅㄞˋ ㄈㄚˇ ㄌㄨㄢˋ ㄐㄧˋ
敗軍之將,1,ㄅㄞˋ ㄐㄩㄣ ㄓ ㄐㄧㄤˋ
敗軍折將,1,ㄅㄞˋ ㄐㄩㄣ ㄓㄜˊ ㄐㄧㄤˋ
敗鼓之皮,1,ㄅㄞˋ ㄍㄨˇ ㄓ ㄆㄧˊ
教一識百,1,ㄐㄧㄠ ㄧ ㄕˋ ㄅㄞˇ
教外別傳,1,ㄐㄧㄠˋ ㄨㄞˋ ㄅㄧㄝˊ ㄔㄨㄢˊ
教子有方,1,ㄐㄧㄠˋ ㄗˇ ㄧㄡˇ ㄈㄤ
教學目標,1,ㄐㄧㄠˋ ㄒㄩㄝˊ ㄇㄨˋ ㄅㄧㄠ
教學節目,1,ㄐㄧㄠˋ ㄒㄩㄝˊ ㄐㄧㄝˊ ㄇㄨˋ
教學醫院,1,ㄐㄧㄠˋ ㄒㄩㄝˊ ㄧ ㄩㄢˋ
教學電視,1,ㄐㄧㄠˋ ㄒㄩㄝˊ ㄉㄧㄢˋ ㄕˋ
教師會館,1,ㄐㄧㄠˋ ㄕ ㄏㄨㄟˋ ㄍㄨㄢˇ
教師甄試,1,ㄐㄧㄠˋ ㄕ ㄓㄣ ㄕˋ
教師證書,1,ㄐㄧㄠˋ ㄕ ㄓㄥˋ ㄕㄨ
教戰守策,1,ㄐㄧㄠˋ ㄓㄢˋ ㄕㄡˇ ㄘㄜˋ
教澤永懷,1,ㄐㄧㄠˋ ㄗㄜˊ ㄩㄥˇ ㄏㄨㄞˊ
教無常師,1,ㄐㄧㄠˋ ㄨˊ ㄔㄤˊ ㄕ
教父哲學,1,ㄐㄧㄠˋ ㄈㄨˋ ㄓㄜˊ ㄒㄩㄝˊ
教猱升木,1,ㄐㄧㄠˋ ㄋㄠˊ ㄕㄥ ㄇㄨˋ
教育召集,1,ㄐㄧㄠˋ ㄩˋ ㄓㄠˋ ㄐㄧˊ
教育哲學,1,ㄐㄧㄠˋ ㄩˋ ㄓㄜˊ ㄒㄩㄝˊ
教育商數,1,ㄐㄧㄠˋ ㄩˋ ㄕㄤ ㄕㄨˋ
教育團體,1,ㄐㄧㄠˋ ㄩˋ ㄊㄨㄢˊ ㄊㄧˇ
教育媒體,1,ㄐㄧㄠˋ ㄩˋ ㄇㄟˊ ㄊㄧˇ
教育學程,1,ㄐㄧㄠˋ ㄩˋ ㄒㄩㄝˊ ㄔㄥˊ
教育宗旨,1,ㄐㄧㄠˋ ㄩˋ ㄗㄨㄥ ㄓˇ
教育小說,1,ㄐㄧㄠˋ ㄩˋ ㄒㄧㄠˇ ㄕㄨㄛ
教育工學,1,ㄐㄧㄠˋ ㄩˋ ㄍㄨㄥ ㄒㄩㄝˊ
教育程度,1,ㄐㄧㄠˋ ㄩˋ ㄔㄥˊ ㄉㄨˋ
教育經費,1,ㄐㄧㄠˋ ㄩˋ ㄐㄧㄥ ㄈㄟˋ
教育視導,1,ㄐㄧㄠˋ ㄩˋ ㄕˋ ㄉㄠˇ
教育計畫,1,ㄐㄧㄠˋ ㄩˋ ㄐㄧˋ ㄏㄨㄚˋ
教育輔導,1,ㄐㄧㄠˋ ㄩˋ ㄈㄨˇ ㄉㄠˇ
敝屣尊榮,1,ㄅㄧˋ ㄒㄧˇ ㄗㄨㄣ ㄖㄨㄥˊ
敝屣王侯,1,ㄅㄧˋ ㄒㄧˇ ㄨㄤˊ ㄏㄡˊ
敝屣自珍,1,ㄅㄧˋ ㄒㄧˇ ㄗˋ ㄓㄣ
敝屣視之,1,ㄅㄧˋ ㄒㄧˇ ㄕˋ ㄓ
敢做敢當,1,ㄍㄢˇ ㄗㄨㄛˋ ㄍㄢˇ ㄉㄤ
敢勇當先,1,ㄍㄢˇ ㄩㄥˇ ㄉㄤ ㄒㄧㄢ
敢攀玉趾,1,ㄍㄢˇ ㄆㄢ ㄩˋ ㄓˇ
散帶衡門,1,ㄙㄢˇ ㄉㄞˋ ㄏㄥˊ ㄇㄣˊ
散散落落,1,ㄙㄢˇ ㄙㄢˇ ㄌㄨㄛˋ ㄌㄨㄛˋ
散騎常侍,1,ㄙㄢˇ ㄐㄧˋ ㄔㄤˊ ㄕˋ
敦世厲俗,1,ㄉㄨㄣ ㄕˋ ㄌㄧˋ ㄙㄨˊ
敦品勵學,1,ㄉㄨㄣ ㄆㄧㄣˇ ㄌㄧˋ ㄒㄩㄝˊ
敦敦實實,1,ㄉㄨㄣ ㄉㄨㄣ ㄕˊ ㄕˊ
敦煌壁畫,1,ㄉㄨㄣ ㄏㄨㄤˊ ㄅㄧˋ ㄏㄨㄚˋ
敦煌曲子,1,ㄉㄨㄣ ㄏㄨㄤˊ ㄑㄩˇ ㄗ˙
敦煌石室,1,ㄉㄨㄣ ㄏㄨㄤˊ ㄕˊ ㄕˋ
敦蹄刷腳,1,ㄉㄨㄣ ㄊㄧˊ ㄕㄨㄚ ㄐㄧㄠˇ
敦風厲俗,1,ㄉㄨㄣ ㄈㄥ ㄌㄧˋ ㄙㄨˊ
敬上愛下,1,ㄐㄧㄥˋ ㄕㄤˋ ㄞˋ ㄒㄧㄚˋ
敬事不暇,1,ㄐㄧㄥˋ ㄕˋ ㄅㄨˋ ㄒㄧㄚˊ
敬天愛民,1,ㄐㄧㄥˋ ㄊㄧㄢ ㄞˋ ㄇㄧㄣˊ
敬姜猶績,1,ㄐㄧㄥˋ ㄐㄧㄤ ㄧㄡˊ ㄐㄧ
敬小慎微,1,ㄐㄧㄥˋ ㄒㄧㄠˇ ㄕㄣˋ ㄨㄟˊ
敬授人時,1,ㄐㄧㄥˋ ㄕㄡˋ ㄖㄣˊ ㄕˊ
敬時愛日,1,ㄐㄧㄥˋ ㄕˊ ㄞˋ ㄖˋ
敬業樂群,1,ㄐㄧㄥˋ ㄧㄝˋ ㄧㄠˋ ㄑㄩㄣˊ
敬老恤貧,1,ㄐㄧㄥˋ ㄌㄠˇ ㄒㄩˋ ㄆㄧㄣˊ
敬老慈幼,1,ㄐㄧㄥˋ ㄌㄠˇ ㄘˊ ㄧㄡˋ
敬老憐貧,1,ㄐㄧㄥˋ ㄌㄠˇ ㄌㄧㄢˊ ㄆㄧㄣˊ
敬若神明,1,ㄐㄧㄥˋ ㄖㄨㄛˋ ㄕㄣˊ ㄇㄧㄥˊ
敬虔主義,1,ㄐㄧㄥˋ ㄑㄧㄢˊ ㄓㄨˇ ㄧˋ
敬賢禮士,1,ㄐㄧㄥˋ ㄒㄧㄢˊ ㄌㄧˇ ㄕˋ
敬陪末坐,1,ㄐㄧㄥˋ ㄆㄟˊ ㄇㄛˋ ㄗㄨㄛˋ
敲冰戛玉,1,ㄑㄧㄠ ㄅㄧㄥ ㄐㄧㄚˊ ㄩˋ
敲冰求火,1,ㄑㄧㄠ ㄅㄧㄥ ㄑㄧㄡˊ ㄏㄨㄛˇ
敲冰煮茗,1,ㄑㄧㄠ ㄅㄧㄥ ㄓㄨˇ ㄇㄧㄥˊ
敲擊樂器,1,ㄑㄧㄠ ㄐㄧˊ ㄩㄝˋ ㄑㄧˋ
敲擊音樂,1,ㄑㄧㄠ ㄐㄧˊ ㄧㄣ ㄩㄝˋ
敲牛宰馬,1,ㄑㄧㄠ ㄋㄧㄡˊ ㄗㄞˇ ㄇㄚˇ
敲金擊石,1,ㄑㄧㄠ ㄐㄧㄣ ㄐㄧˊ ㄕˊ
敲鑼擊鼓,1,ㄑㄧㄠ ㄌㄨㄛˊ ㄐㄧˊ ㄍㄨˇ
敲骨吸髓,1,ㄑㄧㄠ ㄍㄨˇ ㄒㄧ ㄙㄨㄟˇ
整人遊戲,1,ㄓㄥˇ ㄖㄣˊ ㄧㄡˊ ㄒㄧˋ
整廠輸出,1,ㄓㄥˇ ㄔㄤˇ ㄕㄨ ㄔㄨ
整衣斂容,1,ㄓㄥˇ ㄧ ㄌㄧㄢˋ ㄖㄨㄥˊ
整躬率物,1,ㄓㄥˇ ㄍㄨㄥ ㄕㄨㄞˋ ㄨˋ
敵後伏擊,1,ㄉㄧˊ ㄏㄡˋ ㄈㄨˊ ㄐㄧˊ
敵後作戰,1,ㄉㄧˊ ㄏㄡˋ ㄗㄨㄛˋ ㄓㄢˋ
敵愾同仇,1,ㄉㄧˊ ㄎㄞˋ ㄊㄨㄥˊ ㄔㄡˊ
敵眾我寡,1,ㄉㄧˊ ㄓㄨㄥˋ ㄨㄛˇ ㄍㄨㄚˇ
敷張揚厲,1,ㄈㄨ ㄓㄤ ㄧㄤˊ ㄌㄧˋ
敷彩泥塑,1,ㄈㄨ ㄘㄞˇ ㄋㄧˊ ㄙㄨˋ
敷教明倫,1,ㄈㄨ ㄐㄧㄠˋ ㄇㄧㄥˊ ㄌㄨㄣˊ
敷衍搪塞,1,ㄈㄨ ㄧㄢˇ ㄊㄤˊ ㄙㄜˋ
敷衍故事,1,ㄈㄨ ㄧㄢˇ ㄍㄨˋ ㄕˋ
數不勝數,1,ㄕㄨˇ ㄅㄨˋ ㄕㄥ ㄕㄨˇ
數位唱片,1,ㄕㄨˋ ㄨㄟˋ ㄔㄤˋ ㄆㄧㄢˋ
數位影像,1,ㄕㄨˋ ㄨㄟˋ ㄧㄥˇ ㄒㄧㄤˋ
數位影碟,1,ㄕㄨˋ ㄨㄟˋ ㄧㄥˇ ㄉㄧㄝˊ
數位控制,1,ㄕㄨˋ ㄨㄟˋ ㄎㄨㄥˋ ㄓˋ
數位照像,1,ㄕㄨˋ ㄨㄟˋ ㄓㄠˋ ㄒㄧㄤˋ
數位藝術,1,ㄕㄨˋ ㄨㄟˋ ㄧˋ ㄕㄨˋ
數位通信,1,ㄕㄨˋ ㄨㄟˋ ㄊㄨㄥ ㄒㄧㄣˋ
數位電腦,1,ㄕㄨˋ ㄨㄟˋ ㄉㄧㄢˋ ㄋㄠˇ
數位電視,1,ㄕㄨˋ ㄨㄟˋ ㄉㄧㄢˋ ㄕˋ
數值分析,1,ㄕㄨˋ ㄓˊ ㄈㄣ ㄒㄧ
數值控制,1,ㄕㄨˋ ㄓˊ ㄎㄨㄥˋ ㄓˋ
數奇命蹇,1,ㄕㄨˋ ㄐㄧ ㄇㄧㄥˋ ㄐㄧㄢˇ
數字係數,1,ㄕㄨˋ ㄗˋ ㄒㄧˋ ㄕㄨˋ
數字唱片,1,ㄕㄨˋ ㄗˋ ㄔㄤˋ ㄆㄧㄢˋ
數往知來,1,ㄕㄨˇ ㄨㄤˇ ㄓ ㄌㄞˊ
數據專線,1,ㄕㄨˋ ㄐㄩˋ ㄓㄨㄢ ㄒㄧㄢˋ
數據通訊,1,ㄕㄨˋ ㄐㄩˋ ㄊㄨㄥ ㄒㄩㄣˋ
數白論黃,1,ㄕㄨˇ ㄅㄞˊ ㄌㄨㄣˋ ㄏㄨㄤˊ
數短論長,1,ㄕㄨˇ ㄉㄨㄢˇ ㄌㄨㄣˋ ㄔㄤˊ
數罪併罰,1,ㄕㄨˋ ㄗㄨㄟˋ ㄅㄧㄥˋ ㄈㄚˊ
數見不鮮,1,ㄕㄨㄛˋ ㄐㄧㄢˋ ㄅㄨˋ ㄒㄧㄢ
數黃道白,1,ㄕㄨˇ ㄏㄨㄤˊ ㄉㄠˋ ㄅㄞˊ
數黃道黑,1,ㄕㄨˇ ㄏㄨㄤˊ ㄉㄠˋ ㄏㄟ
數黑論黃,1,ㄕㄨˇ ㄏㄟ ㄌㄨㄣˋ ㄏㄨㄤˊ
斂影逃形,1,ㄌㄧㄢˋ ㄧㄥˇ ㄊㄠˊ ㄒㄧㄥˊ
斂怨求媚,1,ㄌㄧㄢˋ ㄩㄢˋ ㄑㄧㄡˊ ㄇㄟˋ
斂手待斃,1,ㄌㄧㄢˋ ㄕㄡˇ ㄉㄞˋ ㄅㄧˋ
斂笑而泣,1,ㄌㄧㄢˋ ㄒㄧㄠˋ ㄦˊ ㄑㄧˋ
斂聲屏氣,1,ㄌㄧㄢˋ ㄕㄥ ㄅㄧㄥˇ ㄑㄧˋ
斂衽正容,1,ㄌㄧㄢˋ ㄖㄣˋ ㄓㄥˋ ㄖㄨㄥˊ
斂首低眉,1,ㄌㄧㄢˋ ㄕㄡˇ ㄉㄧ ㄇㄟˊ
斃監免議,1,ㄅㄧˋ ㄐㄧㄢ ㄇㄧㄢˇ ㄧˋ
斃而後已,1,ㄅㄧˋ ㄦˊ ㄏㄡˋ ㄧˇ
文不加點,1,ㄨㄣˊ ㄅㄨˋ ㄐㄧㄚ ㄉㄧㄢˇ
文不對題,1,ㄨㄣˊ ㄅㄨˋ ㄉㄨㄟˋ ㄊㄧˊ
文不盡意,1,ㄨㄣˊ ㄅㄨˋ ㄐㄧㄣˋ ㄧˋ
文人雅士,1,ㄨㄣˊ ㄖㄣˊ ㄧㄚˇ ㄕˋ
文件旅遊,1,ㄨㄣˊ ㄐㄧㄢˋ ㄌㄩˇ ㄧㄡˊ
文修武偃,1,ㄨㄣˊ ㄒㄧㄡ ㄨˇ ㄧㄢˇ
文修武備,1,ㄨㄣˊ ㄒㄧㄡ ㄨˇ ㄅㄟˋ
文化模式,1,ㄨㄣˊ ㄏㄨㄚˋ ㄇㄛˊ ㄕˋ
文化特質,1,ㄨㄣˊ ㄏㄨㄚˋ ㄊㄜˋ ㄓˊ
文化變遷,1,ㄨㄣˊ ㄏㄨㄚˋ ㄅㄧㄢˋ ㄑㄧㄢ
文化資產,1,ㄨㄣˊ ㄏㄨㄚˋ ㄗ ㄔㄢˇ
文化體系,1,ㄨㄣˊ ㄏㄨㄚˋ ㄊㄧˇ ㄒㄧˋ
文君司馬,1,ㄨㄣˊ ㄐㄩㄣ ㄙ ㄇㄚˇ
文君新寡,1,ㄨㄣˊ ㄐㄩㄣ ㄒㄧㄣ ㄍㄨㄚˇ
文君當壚,1,ㄨㄣˊ ㄐㄩㄣ ㄉㄤ ㄌㄨˊ
文如其人,1,ㄨㄣˊ ㄖㄨˊ ㄑㄧˊ ㄖㄣˊ
文姬入塞,1,ㄨㄣˊ ㄐㄧ ㄖㄨˋ ㄙㄞˋ
文娛活動,1,ㄨㄣˊ ㄩˊ ㄏㄨㄛˊ ㄉㄨㄥˋ
文字傳播,1,ㄨㄣˊ ㄗˋ ㄔㄨㄢˊ ㄅㄛˋ
文學批評,1,ㄨㄣˊ ㄒㄩㄝˊ ㄆㄧ ㄆㄧㄥˊ
文學語言,1,ㄨㄣˊ ㄒㄩㄝˊ ㄩˇ ㄧㄢˊ
文山會海,1,ㄨㄣˊ ㄕㄢ ㄏㄨㄟˋ ㄏㄞˇ
文德武功,1,ㄨㄣˊ ㄉㄜˊ ㄨˇ ㄍㄨㄥ
文恬武嬉,1,ㄨㄣˊ ㄊㄧㄢˊ ㄨˇ ㄒㄧ
文成公主,1,ㄨㄣˊ ㄔㄥˊ ㄍㄨㄥ ㄓㄨˇ
文房四士,1,ㄨㄣˊ ㄈㄤˊ ㄙˋ ㄕˋ
文擅彫龍,1,ㄨㄣˊ ㄕㄢˋ ㄉㄧㄠ ㄌㄨㄥˊ
文明古國,1,ㄨㄣˊ ㄇㄧㄥˊ ㄍㄨˇ ㄍㄨㄛˊ
文星和合,1,ㄨㄣˊ ㄒㄧㄥ ㄏㄜˊ ㄏㄜˊ
文書管理,1,ㄨㄣˊ ㄕㄨ ㄍㄨㄢˇ ㄌㄧˇ
文書認證,1,ㄨㄣˊ ㄕㄨ ㄖㄣˋ ㄓㄥˋ
文書鑑定,1,ㄨㄣˊ ㄕㄨ ㄐㄧㄢˋ ㄉㄧㄥˋ
文東武西,1,ㄨㄣˊ ㄉㄨㄥ ㄨˇ ㄒㄧ
文樂傀儡,1,ㄨㄣˊ ㄩㄝˋ ㄎㄨㄟˇ ㄌㄟˇ
文武之道,1,ㄨㄣˊ ㄨˇ ㄓ ㄉㄠˋ
文武兼濟,1,ㄨㄣˊ ㄨˇ ㄐㄧㄢ ㄐㄧˋ
文武兼資,1,ㄨㄣˊ ㄨˇ ㄐㄧㄢ ㄗ
文江學海,1,ㄨㄣˊ ㄐㄧㄤ ㄒㄩㄝˊ ㄏㄞˇ
文深網密,1,ㄨㄣˊ ㄕㄣ ㄨㄤˇ ㄇㄧˋ
文炳雕龍,1,ㄨㄣˊ ㄅㄧㄥˇ ㄉㄧㄠ ㄌㄨㄥˊ
文無加點,1,ㄨㄣˊ ㄨˊ ㄐㄧㄚ ㄉㄧㄢˇ
文王有聲,1,ㄨㄣˊ ㄨㄤˊ ㄧㄡˇ ㄕㄥ
文章憎命,1,ㄨㄣˊ ㄓㄤ ㄗㄥ ㄇㄧㄥˋ
文章星斗,1,ㄨㄣˊ ㄓㄤ ㄒㄧㄥ ㄉㄡˇ
文章鉅公,1,ㄨㄣˊ ㄓㄤ ㄐㄩˋ ㄍㄨㄥ
文章魁首,1,ㄨㄣˊ ㄓㄤ ㄎㄨㄟˊ ㄕㄡˇ
文簡意深,1,ㄨㄣˊ ㄐㄧㄢˇ ㄧˋ ㄕㄣ
文經武略,1,ㄨㄣˊ ㄐㄧㄥ ㄨˇ ㄌㄩㄝˋ
文經武緯,1,ㄨㄣˊ ㄐㄧㄥ ㄨˇ ㄨㄟˇ
文藝評論,1,ㄨㄣˊ ㄧˋ ㄆㄧㄥˊ ㄌㄨㄣˋ
文貴天成,1,ㄨㄣˊ ㄍㄨㄟˋ ㄊㄧㄢ ㄔㄥˊ
文身斷髮,1,ㄨㄣˊ ㄕㄣ ㄉㄨㄢˋ ㄈㄚˇ
文過遂非,1,ㄨㄣˋ ㄍㄨㄛˋ ㄙㄨㄟˋ ㄈㄟ
文采風流,1,ㄨㄣˊ ㄘㄞˇ ㄈㄥ ㄌㄧㄡˊ
文錦覆阱,1,ㄨㄣˊ ㄐㄧㄣˇ ㄈㄨˋ ㄐㄧㄥˇ
文韜武略,1,ㄨㄣˊ ㄊㄠ ㄨˇ ㄌㄩㄝˋ
文韜武韜,1,ㄨㄣˊ ㄊㄠ ㄨˇ ㄊㄠ
文風不動,1,ㄨㄣˊ ㄈㄥ ㄅㄨˋ ㄉㄨㄥˋ
斐然向風,1,ㄈㄟˇ ㄖㄢˊ ㄒㄧㄤˋ ㄈㄥ
斑岩銅礦,1,ㄅㄢ ㄧㄢˊ ㄊㄨㄥˊ ㄎㄨㄤˋ
斑斑點點,1,ㄅㄢ ㄅㄢ ㄉㄧㄢˇ ㄉㄧㄢˇ
斑疹傷寒,1,ㄅㄢ ㄓㄣˇ ㄕㄤ ㄏㄢˊ
斑衣戲彩,1,ㄅㄢ ㄧ ㄒㄧˋ ㄘㄞˇ
斑青鱗魚,1,ㄅㄢ ㄑㄧㄥ ㄌㄧㄣˊ ㄩˊ
斑駁陸離,1,ㄅㄢ ㄅㄛˊ ㄌㄨˋ ㄌㄧˊ
斑鳩跌彈,1,ㄅㄢ ㄐㄧㄡ ㄉㄧㄝˊ ㄉㄢˋ
斗升之水,1,ㄉㄡˇ ㄕㄥ ㄓ ㄕㄨㄟˇ
斗升之祿,1,ㄉㄡˇ ㄕㄥ ㄓ ㄌㄨˋ
斗南一人,1,ㄉㄡˇ ㄋㄢˊ ㄧ ㄖㄣˊ
斗室生輝,1,ㄉㄡˇ ㄕˋ ㄕㄥ ㄏㄨㄟ
斗斛之祿,1,ㄉㄡˇ ㄏㄨˊ ㄓ ㄌㄨˋ
斗方名士,1,ㄉㄡˇ ㄈㄤ ㄇㄧㄥˊ ㄕˋ
斗杓東指,1,ㄉㄡˇ ㄅㄧㄠ ㄉㄨㄥ ㄓˇ
斗杓轉勢,1,ㄉㄡˇ ㄅㄧㄠ ㄓㄨㄢˇ ㄕˋ
斗筲之人,1,ㄉㄡˇ ㄕㄠ ㄓ ㄖㄣˊ
斗筲之器,1,ㄉㄡˇ ㄕㄠ ㄓ ㄑㄧˋ
斗筲之徒,1,ㄉㄡˇ ㄕㄠ ㄓ ㄊㄨˊ
斗筲之才,1,ㄉㄡˇ ㄕㄠ ㄓ ㄘㄞˊ
斗筲之材,1,ㄉㄡˇ ㄕㄠ ㄓ ㄘㄞˊ
斗筲之輩,1,ㄉㄡˇ ㄕㄠ ㄓ ㄅㄟˋ
斗筲小器,1,ㄉㄡˇ ㄕㄠ ㄒㄧㄠˇ ㄑㄧˋ
斗筲穿窬,1,ㄉㄡˇ ㄕㄠ ㄔㄨㄢ ㄩˊ
斗粟囊金,1,ㄉㄡˇ ㄙㄨˋ ㄋㄤˊ ㄐㄧㄣ
斗粟尺布,1,ㄉㄡˇ ㄙㄨˋ ㄔˇ ㄅㄨˋ
斗絕一隅,1,ㄉㄡˇ ㄐㄩㄝˊ ㄧ ㄩˊ
斗酒學士,1,ㄉㄡˇ ㄐㄧㄡˇ ㄒㄩㄝˊ ㄕˋ
斗酒百篇,1,ㄉㄡˇ ㄐㄧㄡˇ ㄅㄞˇ ㄆㄧㄢ
斗酒隻雞,1,ㄉㄡˇ ㄐㄧㄡˇ ㄓ ㄐㄧ
斗重山齊,1,ㄉㄡˇ ㄓㄨㄥˋ ㄕㄢ ㄑㄧˊ
斗量車載,1,ㄉㄡˇ ㄌㄧㄤˊ ㄔㄜ ㄗㄞˋ
料敵制勝,1,ㄌㄧㄠˋ ㄉㄧˊ ㄓˋ ㄕㄥˋ
料敵若神,1,ㄌㄧㄠˋ ㄉㄧˊ ㄖㄨㄛˋ ㄕㄣˊ
料遠若近,1,ㄌㄧㄠˋ ㄩㄢˇ ㄖㄨㄛˋ ㄐㄧㄣˋ
斜紋夜蛾,1,ㄒㄧㄝˊ ㄨㄣˊ ㄧㄝˋ ㄜˊ
斟酌損益,1,ㄓㄣ ㄓㄨㄛˊ ㄙㄨㄣˇ ㄧˋ
斧鉞湯鑊,1,ㄈㄨˇ ㄩㄝˋ ㄊㄤ ㄏㄨㄛˋ
斫輪老手,1,ㄓㄨㄛˊ ㄌㄨㄣˊ ㄌㄠˇ ㄕㄡˇ
斫雕為樸,1,ㄓㄨㄛˊ ㄉㄧㄠ ㄨㄟˊ ㄆㄨˊ
斬刈殺伐,1,ㄓㄢˇ ㄧˋ ㄕㄚ ㄈㄚ
斬宗絕嗣,1,ㄓㄢˇ ㄗㄨㄥ ㄐㄩㄝˊ ㄙˋ
斬將奪旗,1,ㄓㄢˇ ㄐㄧㄤˋ ㄉㄨㄛˊ ㄑㄧˊ
斬將搴旗,1,ㄓㄢˇ ㄐㄧㄤˋ ㄑㄧㄢ ㄑㄧˊ
斬斬剁剁,1,ㄓㄢˇ ㄓㄢˇ ㄉㄨㄛˋ ㄉㄨㄛˋ
斬木為兵,1,ㄓㄢˇ ㄇㄨˋ ㄨㄟˊ ㄅㄧㄥ
斬蛇逐鹿,1,ㄓㄢˇ ㄕㄜˊ ㄓㄨˊ ㄌㄨˋ
斬鋼截鐵,1,ㄓㄢˇ ㄍㄤ ㄐㄧㄝˊ ㄊㄧㄝˇ
斯事體大,1,ㄙ ㄕˋ ㄊㄧˇ ㄉㄚˋ
斯坦貝克,1,ㄙ ㄊㄢˇ ㄅㄟˋ ㄎㄜˋ
斯拉夫族,1,ㄙ ㄌㄚ ㄈㄨ ㄗㄨˊ
斯文委地,1,ㄙ ㄨㄣˊ ㄨㄟˇ ㄉㄧˋ
斯文敗類,1,ㄙ ㄨㄣˊ ㄅㄞˋ ㄌㄟˋ
斯斯文文,1,ㄙ ㄙ ㄨㄣˊ ㄨㄣˊ
斯湯達爾,1,ㄙ ㄊㄤ ㄉㄚˊ ㄦˇ
斯芬克士,1,ㄙ ㄈㄣ ㄎㄜˋ ㄕˋ
斯賓諾莎,1,ㄙ ㄅㄧㄣ ㄋㄨㄛˋ ㄕㄚ
新三大件,1,ㄒㄧㄣ ㄙㄢ ㄉㄚˋ ㄐㄧㄢˋ
新不列顛,1,ㄒㄧㄣ ㄅㄨˋ ㄌㄧㄝˋ ㄉㄧㄢ
新五代史,1,ㄒㄧㄣ ㄨˇ ㄉㄞˋ ㄕˇ
新亭對泣,1,ㄒㄧㄣ ㄊㄧㄥˊ ㄉㄨㄟˋ ㄑㄧˋ
新四大件,1,ㄒㄧㄣ ㄙˋ ㄉㄚˋ ㄐㄧㄢˋ
新好女人,1,ㄒㄧㄣ ㄏㄠˇ ㄋㄩˇ ㄖㄣˊ
新好男人,1,ㄒㄧㄣ ㄏㄠˇ ㄋㄢˊ ㄖㄣˊ
新學小生,1,ㄒㄧㄣ ㄒㄩㄝˊ ㄒㄧㄠˇ ㄕㄥ
新實在論,1,ㄒㄧㄣ ㄕˊ ㄗㄞˋ ㄌㄨㄣˋ
新新人類,1,ㄒㄧㄣ ㄒㄧㄣ ㄖㄣˊ ㄌㄟˋ
新書看板,1,ㄒㄧㄣ ㄕㄨ ㄎㄢˋ ㄅㄢˇ
新民叢報,1,ㄒㄧㄣ ㄇㄧㄣˊ ㄘㄨㄥˊ ㄅㄠˋ
新法算書,1,ㄒㄧㄣ ㄈㄚˇ ㄙㄨㄢˋ ㄕㄨ
新爵士樂,1,ㄒㄧㄣ ㄐㄩㄝˊ ㄕˋ ㄩㄝˋ
新瓶舊酒,1,ㄒㄧㄣ ㄆㄧㄥˊ ㄐㄧㄡˋ ㄐㄧㄡˇ
新疆回變,1,ㄒㄧㄣ ㄐㄧㄤ ㄏㄨㄟˊ ㄅㄧㄢˋ
新硎初試,1,ㄒㄧㄣ ㄒㄧㄥˊ ㄔㄨ ㄕˋ
新聞來源,1,ㄒㄧㄣ ㄨㄣˊ ㄌㄞˊ ㄩㄢˊ
新聞價值,1,ㄒㄧㄣ ㄨㄣˊ ㄐㄧㄚˋ ㄓˊ
新聞分類,1,ㄒㄧㄣ ㄨㄣˊ ㄈㄣ ㄌㄟˋ
新聞剪影,1,ㄒㄧㄣ ㄨㄣˊ ㄐㄧㄢˇ ㄧㄥˇ
新聞周刊,1,ㄒㄧㄣ ㄨㄣˊ ㄓㄡ ㄎㄢ
新聞媒介,1,ㄒㄧㄣ ㄨㄣˊ ㄇㄟˊ ㄐㄧㄝˋ
新聞標題,1,ㄒㄧㄣ ㄨㄣˊ ㄅㄧㄠ ㄊㄧˊ
新聞雜誌,1,ㄒㄧㄣ ㄨㄣˊ ㄗㄚˊ ㄓˋ
新藝拉瑪,1,ㄒㄧㄣ ㄧˋ ㄌㄚ ㄇㄚˇ
新鶯出谷,1,ㄒㄧㄣ ㄧㄥ ㄔㄨ ㄍㄨˇ
斲方為圓,1,ㄓㄨㄛˊ ㄈㄤ ㄨㄟˊ ㄩㄢˊ
斲琱為樸,1,ㄓㄨㄛˊ ㄉㄧㄠ ㄨㄟˊ ㄆㄨˊ
斲雕為樸,1,ㄓㄨㄛˊ ㄉㄧㄠ ㄨㄟˊ ㄆㄨˊ
斷乎不可,1,ㄉㄨㄢˋ ㄏㄨ ㄅㄨˋ ㄎㄜˇ
斷井頹垣,1,ㄉㄨㄢˋ ㄐㄧㄥˇ ㄊㄨㄟˊ ㄩㄢˊ
斷壁頹垣,1,ㄉㄨㄢˋ ㄅㄧˋ ㄊㄨㄟˊ ㄩㄢˊ
斷子絕孫,1,ㄉㄨㄢˋ ㄗˇ ㄐㄩㄝˊ ㄙㄨㄣ
斷尾雄雞,1,ㄉㄨㄢˋ ㄨㄟˇ ㄒㄩㄥˊ ㄐㄧ
斷層掃描,1,ㄉㄨㄢˋ ㄘㄥˊ ㄙㄠˇ ㄇㄧㄠˊ
斷幅殘紙,1,ㄉㄨㄢˋ ㄈㄨˊ ㄘㄢˊ ㄓˇ
斷怪除妖,1,ㄉㄨㄢˋ ㄍㄨㄞˋ ㄔㄨˊ ㄧㄠ
斷根絕種,1,ㄉㄨㄢˋ ㄍㄣ ㄐㄩㄝˊ ㄓㄨㄥˇ
斷梗流萍,1,ㄉㄨㄢˋ ㄍㄥˇ ㄌㄧㄡˊ ㄆㄧㄥˊ
斷梗飄萍,1,ㄉㄨㄢˋ ㄍㄥˇ ㄆㄧㄠ ㄆㄧㄥˊ
斷梗飄蓬,1,ㄉㄨㄢˋ ㄍㄥˇ ㄆㄧㄠ ㄆㄥˊ
斷梗飛蓬,1,ㄉㄨㄢˋ ㄍㄥˇ ㄈㄟ ㄆㄥˊ
斷決如流,1,ㄉㄨㄢˋ ㄐㄩㄝˊ ㄖㄨˊ ㄌㄧㄡˊ
斷港絕潢,1,ㄉㄨㄢˋ ㄍㄤˇ ㄐㄩㄝˊ ㄏㄨㄤˊ
斷爛朝報,1,ㄉㄨㄢˋ ㄌㄢˋ ㄔㄠˊ ㄅㄠˋ
斷章截句,1,ㄉㄨㄢˋ ㄓㄤ ㄐㄧㄝˊ ㄐㄩˋ
斷章摘句,1,ㄉㄨㄢˋ ㄓㄤ ㄓㄞ ㄐㄩˋ
斷紙餘墨,1,ㄉㄨㄢˋ ㄓˇ ㄩˊ ㄇㄛˋ
斷線鷂子,1,ㄉㄨㄢˋ ㄒㄧㄢˋ ㄧㄠˋ ㄗ˙
斷脰決腹,1,ㄉㄨㄢˋ ㄉㄡˋ ㄐㄩㄝˊ ㄈㄨˋ
斷臂說書,1,ㄉㄨㄢˋ ㄅㄧˋ ㄕㄨㄛ ㄕㄨ
斷虀畫粥,1,ㄉㄨㄢˋ ㄐㄧ ㄏㄨㄚˋ ㄓㄡ
斷袖之寵,1,ㄉㄨㄢˋ ㄒㄧㄡˋ ㄓ ㄔㄨㄥˇ
斷袖分桃,1,ㄉㄨㄢˋ ㄒㄧㄡˋ ㄈㄣ ㄊㄠˊ
斷金亭子,1,ㄉㄨㄢˋ ㄐㄧㄣ ㄊㄧㄥˊ ㄗ˙
斷釵重合,1,ㄉㄨㄢˋ ㄔㄞ ㄔㄨㄥˊ ㄏㄜˊ
斷長續短,1,ㄉㄨㄢˋ ㄔㄤˊ ㄒㄩˋ ㄉㄨㄢˇ
斷長補短,1,ㄉㄨㄢˋ ㄔㄤˊ ㄅㄨˇ ㄉㄨㄢˇ
斷雁孤鴻,1,ㄉㄨㄢˋ ㄧㄢˋ ㄍㄨ ㄏㄨㄥˊ
斷難從命,1,ㄉㄨㄢˋ ㄋㄢˊ ㄘㄨㄥˊ ㄇㄧㄥˋ
斷雨殘雲,1,ㄉㄨㄢˋ ㄩˇ ㄘㄢˊ ㄩㄣˊ
斷頭將軍,1,ㄉㄨㄢˋ ㄊㄡˊ ㄐㄧㄤ ㄐㄩㄣ
斷首捐軀,1,ㄉㄨㄢˋ ㄕㄡˇ ㄐㄩㄢ ㄑㄩ
斷髮文身,1,ㄉㄨㄢˋ ㄈㄚˇ ㄨㄣˊ ㄕㄣ
斷鶴續鳧,1,ㄉㄨㄢˋ ㄏㄜˋ ㄒㄩˋ ㄈㄨˊ
方丈之饌,1,ㄈㄤ ㄓㄤˋ ㄓ ㄓㄨㄢˋ
方丈盈前,1,ㄈㄤ ㄓㄤˋ ㄧㄥˊ ㄑㄧㄢˊ
方便主子,1,ㄈㄤ ㄅㄧㄢˋ ㄓㄨˇ ㄗ˙
方便為門,1,ㄈㄤ ㄅㄧㄢˋ ㄨㄟˊ ㄇㄣˊ
方便米飯,1,ㄈㄤ ㄅㄧㄢˋ ㄇㄧˇ ㄈㄢˋ
方外之士,1,ㄈㄤ ㄨㄞˋ ㄓ ㄕˋ
方寸之地,1,ㄈㄤ ㄘㄨㄣˋ ㄓ ㄉㄧˋ
方寸亂矣,1,ㄈㄤ ㄘㄨㄣˋ ㄌㄨㄢˋ ㄧˇ
方巾闊服,1,ㄈㄤ ㄐㄧㄣ ㄎㄨㄛˋ ㄈㄨˊ
方斯蔑如,1,ㄈㄤ ㄙ ㄇㄧㄝˋ ㄖㄨˊ
方枘圜鑿,1,ㄈㄤ ㄖㄨㄟˋ ㄩㄢˊ ㄗㄨㄛˋ
方正不苟,1,ㄈㄤ ㄓㄥˋ ㄅㄨˋ ㄍㄡˇ
方正不阿,1,ㄈㄤ ㄓㄥˋ ㄅㄨˋ ㄜ
方濟谷派,1,ㄈㄤ ㄐㄧˋ ㄍㄨˇ ㄆㄞˋ
方興日盛,1,ㄈㄤ ㄒㄧㄥ ㄖˋ ㄕㄥˋ
方言地圖,1,ㄈㄤ ㄧㄢˊ ㄉㄧˋ ㄊㄨˊ
方鑿圓枘,1,ㄈㄤ ㄗㄨㄛˋ ㄩㄢˊ ㄖㄨㄟˋ
方面兼圻,1,ㄈㄤ ㄇㄧㄢˋ ㄐㄧㄢ ㄑㄧˊ
方面官員,1,ㄈㄤ ㄇㄧㄢˋ ㄍㄨㄢ ㄩㄢˊ
方領矩步,1,ㄈㄤ ㄌㄧㄥˇ ㄐㄩˇ ㄅㄨˋ
方頤大口,1,ㄈㄤ ㄧˊ ㄉㄚˋ ㄎㄡˇ
方頭不劣,1,ㄈㄤ ㄊㄡˊ ㄅㄨˋ ㄌㄧㄝˋ
方頭不律,1,ㄈㄤ ㄊㄡˊ ㄅㄨˋ ㄌㄩˋ
方駕齊驅,1,ㄈㄤ ㄐㄧㄚˋ ㄑㄧˊ ㄑㄩ
於事無濟,1,ㄩˊ ㄕˋ ㄨˊ ㄐㄧˋ
於呼哀哉,1,ㄨ ㄏㄨ ㄞ ㄗㄞ
於家為國,1,ㄩˊ ㄐㄧㄚ ㄨㄟˋ ㄍㄨㄛˊ
於心不安,1,ㄩˊ ㄒㄧㄣ ㄅㄨˋ ㄢ
於心不忍,1,ㄩˊ ㄒㄧㄣ ㄅㄨˋ ㄖㄣˇ
於心無愧,1,ㄩˊ ㄒㄧㄣ ㄨˊ ㄎㄨㄟˋ
於民潤國,1,ㄩˊ ㄇㄧㄣˊ ㄖㄨㄣˋ ㄍㄨㄛˊ
施不望報,1,ㄕ ㄅㄨˋ ㄨㄤˋ ㄅㄠˋ
施丹傅粉,1,ㄕ ㄉㄢ ㄈㄨˋ ㄈㄣˇ
施仁布德,1,ㄕ ㄖㄣˊ ㄅㄨˋ ㄉㄜˊ
施仁布恩,1,ㄕ ㄖㄣˊ ㄅㄨˋ ㄣ
施仁布澤,1,ㄕ ㄖㄣˊ ㄅㄨˋ ㄗㄜˊ
施恩布德,1,ㄕ ㄣ ㄅㄨˋ ㄉㄜˊ
施朱傅粉,1,ㄕ ㄓㄨ ㄈㄨˋ ㄈㄣˇ
施而不費,1,ㄕ ㄦˊ ㄅㄨˋ ㄈㄟˋ
施衿結褵,1,ㄕ ㄐㄧㄣ ㄐㄧㄝˊ ㄌㄧˊ
施謀用智,1,ㄕ ㄇㄡˊ ㄩㄥˋ ㄓˋ
施謀用計,1,ㄕ ㄇㄡˊ ㄩㄥˋ ㄐㄧˋ
施謀設計,1,ㄕ ㄇㄡˊ ㄕㄜˋ ㄐㄧˋ
旁人短長,1,ㄆㄤˊ ㄖㄣˊ ㄉㄨㄢˇ ㄔㄤˊ
旁推交通,1,ㄆㄤˊ ㄊㄨㄟ ㄐㄧㄠ ㄊㄨㄥ
旁求俊彥,1,ㄆㄤˊ ㄑㄧㄡˊ ㄐㄩㄣˋ ㄧㄢˋ
旁生枝節,1,ㄆㄤˊ ㄕㄥ ㄓ ㄐㄧㄝˊ
旁系血親,1,ㄆㄤˊ ㄒㄧˋ ㄒㄧㄝˇ ㄑㄧㄣ
旁行斜上,1,ㄆㄤˊ ㄒㄧㄥˊ ㄒㄧㄝˊ ㄕㄤˋ
旁觀袖手,1,ㄆㄤˊ ㄍㄨㄢ ㄒㄧㄡˋ ㄕㄡˇ
旅夜書懷,1,ㄌㄩˇ ㄧㄝˋ ㄕㄨ ㄏㄨㄞˊ
旅行劇團,1,ㄌㄩˇ ㄒㄧㄥˊ ㄐㄩˋ ㄊㄨㄢˊ
旅進旅退,1,ㄌㄩˇ ㄐㄧㄣˋ ㄌㄩˇ ㄊㄨㄟˋ
旅遊手冊,1,ㄌㄩˇ ㄧㄡˊ ㄕㄡˇ ㄘㄜˋ
旋菊石屬,1,ㄒㄩㄢˊ ㄐㄩˊ ㄕˊ ㄕㄨˇ
旋轉餐廳,1,ㄒㄩㄢˊ ㄓㄨㄢˇ ㄘㄢ ㄊㄧㄥ
旌善懲惡,1,ㄐㄧㄥ ㄕㄢˋ ㄔㄥˊ ㄜˋ
旌旗所指,1,ㄐㄧㄥ ㄑㄧˊ ㄙㄨㄛˇ ㄓˇ
旌旗蔽天,1,ㄐㄧㄥ ㄑㄧˊ ㄅㄧˋ ㄊㄧㄢ
旌旗蔽日,1,ㄐㄧㄥ ㄑㄧˊ ㄅㄧˋ ㄖˋ
旖旎風光,1,ㄧˇ ㄋㄧˇ ㄈㄥ ㄍㄨㄤ
旗亭畫壁,1,ㄑㄧˊ ㄊㄧㄥˊ ㄏㄨㄚˋ ㄅㄧˋ
旗開馬到,1,ㄑㄧˊ ㄎㄞ ㄇㄚˇ ㄉㄠˋ
旗鼓相望,1,ㄑㄧˊ ㄍㄨˇ ㄒㄧㄤ ㄨㄤˋ
既往不咎,1,ㄐㄧˋ ㄨㄤˇ ㄅㄨˋ ㄐㄧㄡˋ
既往不究,1,ㄐㄧˋ ㄨㄤˇ ㄅㄨˋ ㄐㄧㄡˋ
日下無雙,1,ㄖˋ ㄒㄧㄚˋ ㄨˊ ㄕㄨㄤ
日不暇給,1,ㄖˋ ㄅㄨˋ ㄒㄧㄚˊ ㄐㄧˇ
日不移影,1,ㄖˋ ㄅㄨˋ ㄧˊ ㄧㄥˇ
日不移晷,1,ㄖˋ ㄅㄨˋ ㄧˊ ㄍㄨㄟˇ
日不落國,1,ㄖˋ ㄅㄨˋ ㄌㄨㄛˋ ㄍㄨㄛˊ
日中則昃,1,ㄖˋ ㄓㄨㄥ ㄗㄜˊ ㄗㄜˋ
日中則移,1,ㄖˋ ㄓㄨㄥ ㄗㄜˊ ㄧˊ
日中必彗,1,ㄖˋ ㄓㄨㄥ ㄅㄧˋ ㄏㄨㄟˋ
日久年深,1,ㄖˋ ㄐㄧㄡˇ ㄋㄧㄢˊ ㄕㄣ
日久彌新,1,ㄖˋ ㄐㄧㄡˇ ㄇㄧˊ ㄒㄧㄣ
日久月深,1,ㄖˋ ㄐㄧㄡˇ ㄩㄝˋ ㄕㄣ
日久歲深,1,ㄖˋ ㄐㄧㄡˇ ㄙㄨㄟˋ ㄕㄣ
日久玩生,1,ㄖˋ ㄐㄧㄡˇ ㄨㄢˋ ㄕㄥ
日以月悔,1,ㄖˋ ㄧˇ ㄩㄝˋ ㄏㄨㄟˇ
日出三竿,1,ㄖˋ ㄔㄨ ㄙㄢ ㄍㄢ
日削月朘,1,ㄖˋ ㄒㄩㄝˋ ㄩㄝˋ ㄐㄩㄢ
日升月恆,1,ㄖˋ ㄕㄥ ㄩㄝˋ ㄏㄥˊ
日增月益,1,ㄖˋ ㄗㄥ ㄩㄝˋ ㄧˋ
日居月諸,1,ㄖˋ ㄐㄩ ㄩㄝˋ ㄓㄨ
日已銜山,1,ㄖˋ ㄧˇ ㄒㄧㄢˊ ㄕㄢ
日引月長,1,ㄖˋ ㄧㄣˇ ㄩㄝˋ ㄔㄤˊ
日往月來,1,ㄖˋ ㄨㄤˇ ㄩㄝˋ ㄌㄞˊ
日慎一日,1,ㄖˋ ㄕㄣˋ ㄧ ㄖˋ
日旰忘食,1,ㄖˋ ㄍㄢˋ ㄨㄤˊ ㄕˊ
日昃忘食,1,ㄖˋ ㄗㄜˋ ㄨㄤˋ ㄕˊ
日暮途遠,1,ㄖˋ ㄇㄨˋ ㄊㄨˊ ㄩㄢˇ
日曆年度,1,ㄖˋ ㄌㄧˋ ㄋㄧㄢˊ ㄉㄨˋ
日月交食,1,ㄖˋ ㄩㄝˋ ㄐㄧㄠ ㄕˊ
日月入懷,1,ㄖˋ ㄩㄝˋ ㄖㄨˋ ㄏㄨㄞˊ
日月其除,1,ㄖˋ ㄩㄝˋ ㄑㄧˊ ㄔㄨˊ
日月升恆,1,ㄖˋ ㄩㄝˋ ㄕㄥ ㄏㄥˊ
日月參辰,1,ㄖˋ ㄩㄝˋ ㄕㄣ ㄔㄣˊ
日月合璧,1,ㄖˋ ㄩㄝˋ ㄏㄜˊ ㄅㄧˋ
日月如流,1,ㄖˋ ㄩㄝˋ ㄖㄨˊ ㄌㄧㄡˊ
日月蹉跎,1,ㄖˋ ㄩㄝˋ ㄘㄨㄛ ㄊㄨㄛˊ
日月逾邁,1,ㄖˋ ㄩㄝˋ ㄩˊ ㄇㄞˋ
日月麗天,1,ㄖˋ ㄩㄝˋ ㄌㄧˋ ㄊㄧㄢ
日朘月削,1,ㄖˋ ㄐㄩㄢ ㄩㄝˋ ㄒㄩㄝˋ
日本腦炎,1,ㄖˋ ㄅㄣˇ ㄋㄠˇ ㄧㄢˊ
日東月西,1,ㄖˋ ㄉㄨㄥ ㄩㄝˋ ㄒㄧ
日治時代,1,ㄖˋ ㄓˋ ㄕˊ ㄉㄞˋ
日浹往來,1,ㄖˋ ㄐㄧㄚˊ ㄨㄤˇ ㄌㄞˊ
日滋月益,1,ㄖˋ ㄗ ㄩㄝˋ ㄧˋ
日漸月染,1,ㄖˋ ㄐㄧㄢ ㄩㄝˋ ㄖㄢˇ
日濡月染,1,ㄖˋ ㄖㄨˊ ㄩㄝˋ ㄖㄢˇ
日炙風吹,1,ㄖˋ ㄓˋ ㄈㄥ ㄔㄨㄟ
日炙風篩,1,ㄖˋ ㄓˋ ㄈㄥ ㄕㄞ
日益月滋,1,ㄖˋ ㄧˋ ㄩㄝˋ ㄗ
日省月課,1,ㄖˋ ㄒㄧㄥˇ ㄩㄝˋ ㄎㄜˋ
日精月華,1,ㄖˋ ㄐㄧㄥ ㄩㄝˋ ㄏㄨㄚˊ
日落大道,1,ㄖˋ ㄌㄨㄛˋ ㄉㄚˋ ㄉㄠˋ
日落西山,1,ㄖˋ ㄌㄨㄛˋ ㄒㄧ ㄕㄢ
日行千里,1,ㄖˋ ㄒㄧㄥˊ ㄑㄧㄢ ㄌㄧˇ
日角偃月,1,ㄖˋ ㄐㄩㄝˊ ㄧㄢˇ ㄩㄝˋ
日角珠庭,1,ㄖˋ ㄐㄩㄝˊ ㄓㄨ ㄊㄧㄥˊ
日試萬言,1,ㄖˋ ㄕˋ ㄨㄢˋ ㄧㄢˊ
日誦五車,1,ㄖˋ ㄙㄨㄥˋ ㄨˇ ㄐㄩ
日起有功,1,ㄖˋ ㄑㄧˇ ㄧㄡˇ ㄍㄨㄥ
日趨惡劣,1,ㄖˋ ㄑㄩ ㄜˋ ㄌㄧㄝˋ
日轉千街,1,ㄖˋ ㄓㄨㄢˇ ㄑㄧㄢ ㄐㄧㄝ
日轉千階,1,ㄖˋ ㄓㄨㄢˇ ㄑㄧㄢ ㄐㄧㄝ
日銷月鑠,1,ㄖˋ ㄒㄧㄠ ㄩㄝˋ ㄕㄨㄛˋ
日鍛月煉,1,ㄖˋ ㄉㄨㄢˋ ㄩㄝˋ ㄌㄧㄢˋ
日長一線,1,ㄖˋ ㄔㄤˊ ㄧ ㄒㄧㄢˋ
日長歲久,1,ㄖˋ ㄔㄤˊ ㄙㄨㄟˋ ㄐㄧㄡˇ
日食萬錢,1,ㄖˋ ㄕˊ ㄨㄢˋ ㄑㄧㄢˊ
日飲亡何,1,ㄖˋ ㄧㄣˇ ㄨˊ ㄏㄜˊ
日高三丈,1,ㄖˋ ㄍㄠ ㄙㄢ ㄓㄤˋ
日麗風和,1,ㄖˋ ㄌㄧˋ ㄈㄥ ㄏㄜˊ
旦夕之費,1,ㄉㄢˋ ㄒㄧˋ ㄓ ㄈㄟˋ
旦旦信誓,1,ㄉㄢˋ ㄉㄢˋ ㄒㄧㄣˋ ㄕˋ
旦旦而伐,1,ㄉㄢˋ ㄉㄢˋ ㄦˊ ㄈㄚˊ
旦暮朝夕,1,ㄉㄢˋ ㄇㄨˋ ㄓㄠ ㄒㄧˋ
旨酒嘉肴,1,ㄓˇ ㄐㄧㄡˇ ㄐㄧㄚ ㄧㄠˊ
早占勿藥,1,ㄗㄠˇ ㄓㄢ ㄨˋ ㄧㄠˋ
早名必折,1,ㄗㄠˇ ㄇㄧㄥˊ ㄅㄧˋ ㄓㄜˊ
早熟兒童,1,ㄗㄠˇ ㄕㄡˊ ㄦˊ ㄊㄨㄥˊ
早賜玉音,1,ㄗㄠˇ ㄙˋ ㄩˋ ㄧㄣ
早迷晚寤,1,ㄗㄠˇ ㄇㄧˊ ㄨㄢˇ ㄨˋ
旰食之勞,1,ㄍㄢˋ ㄕˊ ㄓ ㄌㄠˊ
旰食宵衣,1,ㄍㄢˋ ㄕˊ ㄒㄧㄠ ㄧ
旱性植物,1,ㄏㄢˋ ㄒㄧㄥˋ ㄓˊ ㄨˋ
旱苗得雨,1,ㄏㄢˋ ㄇㄧㄠˊ ㄉㄜˊ ㄩˇ
旱魃為虐,1,ㄏㄢˋ ㄅㄚˊ ㄨㄟˊ ㄋㄩㄝˋ
昂昂烈烈,1,ㄤˊ ㄤˊ ㄌㄧㄝˋ ㄌㄧㄝˋ
昂頭挺立,1,ㄤˊ ㄊㄡˊ ㄊㄧㄥˇ ㄌㄧˋ
昂首挺立,1,ㄤˊ ㄕㄡˇ ㄊㄧㄥˇ ㄌㄧˋ
昂首望天,1,ㄤˊ ㄕㄡˇ ㄨㄤˋ ㄊㄧㄢ
昃食宵衣,1,ㄗㄜˋ ㄕˊ ㄒㄧㄠ ㄧ
昆弟之好,1,ㄎㄨㄣ ㄉㄧˋ ㄓ ㄏㄠˇ
昆池劫灰,1,ㄎㄨㄣ ㄔˊ ㄐㄧㄝˊ ㄏㄨㄟ
昊天不弔,1,ㄏㄠˋ ㄊㄧㄢ ㄅㄨˋ ㄉㄧㄠˋ
昊天罔極,1,ㄏㄠˋ ㄊㄧㄢ ㄨㄤˇ ㄐㄧˊ
明並日月,1,ㄇㄧㄥˊ ㄅㄧㄥˋ ㄖˋ ㄩㄝˋ
明伙畫供,1,ㄇㄧㄥˊ ㄏㄨㄛˇ ㄏㄨㄚˋ ㄍㄨㄥˋ
明公正氣,1,ㄇㄧㄥˊ ㄍㄨㄥ ㄓㄥˋ ㄑㄧˋ
明公正義,1,ㄇㄧㄥˊ ㄍㄨㄥ ㄓㄥˋ ㄧˋ
明公正道,1,ㄇㄧㄥˊ ㄍㄨㄥ ㄓㄥˋ ㄉㄠˋ
明刑弼教,1,ㄇㄧㄥˊ ㄒㄧㄥˊ ㄅㄧˋ ㄐㄧㄠˋ
明堂正道,1,ㄇㄧㄥˊ ㄊㄤˊ ㄓㄥˋ ㄉㄠˋ
明婚正配,1,ㄇㄧㄥˊ ㄏㄨㄣ ㄓㄥˋ ㄆㄟˋ
明媒正配,1,ㄇㄧㄥˊ ㄇㄟˊ ㄓㄥˋ ㄆㄟˋ
明媚閑雅,1,ㄇㄧㄥˊ ㄇㄟˋ ㄒㄧㄢˊ ㄧㄚˇ
明式家具,1,ㄇㄧㄥˊ ㄕˋ ㄐㄧㄚ ㄐㄩˋ
明德惟馨,1,ㄇㄧㄥˊ ㄉㄜˊ ㄨㄟˊ ㄒㄧㄣ
明德慎罰,1,ㄇㄧㄥˊ ㄉㄜˊ ㄕㄣˋ ㄈㄚˊ
明德止善,1,ㄇㄧㄥˊ ㄉㄜˊ ㄓˇ ㄕㄢˋ
明揚仄陋,1,ㄇㄧㄥˊ ㄧㄤˊ ㄗㄜˋ ㄌㄡˋ
明效大驗,1,ㄇㄧㄥˊ ㄒㄧㄠˋ ㄉㄚˋ ㄧㄢˋ
明日天涯,1,ㄇㄧㄥˊ ㄖˋ ㄊㄧㄢ ㄧㄚˊ
明月之珠,1,ㄇㄧㄥˊ ㄩㄝˋ ㄓ ㄓㄨ
明月之詩,1,ㄇㄧㄥˊ ㄩㄝˋ ㄓ ㄕ
明月入懷,1,ㄇㄧㄥˊ ㄩㄝˋ ㄖㄨˋ ㄏㄨㄞˊ
明月清風,1,ㄇㄧㄥˊ ㄩㄝˋ ㄑㄧㄥ ㄈㄥ
明欺暗騙,1,ㄇㄧㄥˊ ㄑㄧ ㄢˋ ㄆㄧㄢˋ
明法審令,1,ㄇㄧㄥˊ ㄈㄚˇ ㄕㄣˇ ㄌㄧㄥˋ
明淨敞亮,1,ㄇㄧㄥˊ ㄐㄧㄥˋ ㄔㄤˇ ㄌㄧㄤˋ
明珠彈雀,1,ㄇㄧㄥˊ ㄓㄨ ㄊㄢˊ ㄑㄩㄝˋ
明珠生蚌,1,ㄇㄧㄥˊ ㄓㄨ ㄕㄥ ㄅㄤˋ
明目達聰,1,ㄇㄧㄥˊ ㄇㄨˋ ㄉㄚˊ ㄘㄨㄥ
明眸善睞,1,ㄇㄧㄥˊ ㄇㄡˊ ㄕㄢˋ ㄌㄞˋ
明知就裡,1,ㄇㄧㄥˊ ㄓ ㄐㄧㄡˋ ㄌㄧˇ
明窗彩戶,1,ㄇㄧㄥˊ ㄔㄨㄤ ㄘㄞˇ ㄏㄨˋ
明章之治,1,ㄇㄧㄥˊ ㄓㄤ ㄓ ㄓˋ
明見萬里,1,ㄇㄧㄥˊ ㄐㄧㄢˋ ㄨㄢˋ ㄌㄧˇ
明豔動人,1,ㄇㄧㄥˊ ㄧㄢˋ ㄉㄨㄥˋ ㄖㄣˊ
明賞慎罰,1,ㄇㄧㄥˊ ㄕㄤˇ ㄕㄣˋ ㄈㄚˊ
明道學派,1,ㄇㄧㄥˊ ㄉㄠˋ ㄒㄩㄝˊ ㄆㄞˋ
明鋪夜蓋,1,ㄇㄧㄥˊ ㄆㄨ ㄧㄝˋ ㄍㄞˋ
明鏡不疲,1,ㄇㄧㄥˊ ㄐㄧㄥˋ ㄅㄨˋ ㄆㄧˊ
明鑑秋毫,1,ㄇㄧㄥˊ ㄐㄧㄢˋ ㄑㄧㄡ ㄏㄠˊ
明鑒萬里,1,ㄇㄧㄥˊ ㄐㄧㄢˋ ㄨㄢˋ ㄌㄧˇ
昏定晨省,1,ㄏㄨㄣ ㄉㄧㄥˋ ㄔㄣˊ ㄒㄧㄥˇ
昏盆打醬,1,ㄏㄨㄣ ㄆㄣˊ ㄉㄚˇ ㄐㄧㄤˋ
昏鏡重明,1,ㄏㄨㄣ ㄐㄧㄥˋ ㄔㄨㄥˊ ㄇㄧㄥˊ
昏鏡重磨,1,ㄏㄨㄣ ㄐㄧㄥˋ ㄔㄨㄥˊ ㄇㄛˊ
昏頭搭腦,1,ㄏㄨㄣ ㄊㄡˊ ㄉㄚ ㄋㄠˇ
昏頭暈腦,1,ㄏㄨㄣ ㄊㄡˊ ㄩㄣ ㄋㄠˇ
昏頭轉向,1,ㄏㄨㄣ ㄊㄡˊ ㄓㄨㄢˋ ㄒㄧㄤˋ
易俗移風,1,ㄧˋ ㄙㄨˊ ㄧˊ ㄈㄥ
易刑處分,1,ㄧˋ ㄒㄧㄥˊ ㄔㄨˇ ㄈㄣˋ
易圖明辨,1,ㄧˋ ㄊㄨˊ ㄇㄧㄥˊ ㄅㄧㄢˋ
易堂九子,1,ㄧˋ ㄊㄤˊ ㄐㄧㄡˇ ㄗˇ
易如拾芥,1,ㄧˋ ㄖㄨˊ ㄕˊ ㄐㄧㄝˋ
易如翻掌,1,ㄧˋ ㄖㄨˊ ㄈㄢ ㄓㄤˇ
易子析骸,1,ㄧˋ ㄗˇ ㄒㄧ ㄏㄞˊ
易子而飧,1,ㄧˋ ㄗˇ ㄦˊ ㄙㄨㄣ
易學啓蒙,1,ㄧˋ ㄒㄩㄝˊ ㄑㄧˇ ㄇㄥˊ
易守難攻,1,ㄧˋ ㄕㄡˇ ㄋㄢˊ ㄍㄨㄥ
易於反掌,1,ㄧˋ ㄩˊ ㄈㄢˇ ㄓㄤˇ
易熔合金,1,ㄧˋ ㄖㄨㄥˊ ㄏㄜˊ ㄐㄧㄣ
易牙之味,1,ㄧˋ ㄧㄚˊ ㄓ ㄨㄟˋ
易牙蒸子,1,ㄧˋ ㄧㄚˊ ㄓㄥ ㄗˇ
易知由單,1,ㄧˋ ㄓ ㄧㄡˊ ㄉㄢ
易科罰金,1,ㄧˋ ㄎㄜ ㄈㄚˊ ㄐㄧㄣ
星光列車,1,ㄒㄧㄥ ㄍㄨㄤ ㄌㄧㄝˋ ㄔㄜ
星前月下,1,ㄒㄧㄥ ㄑㄧㄢˊ ㄩㄝˋ ㄒㄧㄚˋ
星戰計畫,1,ㄒㄧㄥ ㄓㄢˋ ㄐㄧˋ ㄏㄨㄚˋ
星旗電戟,1,ㄒㄧㄥ ㄑㄧˊ ㄉㄧㄢˋ ㄐㄧˇ
星眸皓齒,1,ㄒㄧㄥ ㄇㄡˊ ㄏㄠˋ ㄔˇ
星移物換,1,ㄒㄧㄥ ㄧˊ ㄨˋ ㄏㄨㄢˋ
星羅雲布,1,ㄒㄧㄥ ㄌㄨㄛˊ ㄩㄣˊ ㄅㄨˋ
星羅雲散,1,ㄒㄧㄥ ㄌㄨㄛˊ ㄩㄣˊ ㄙㄢˋ
星落雲散,1,ㄒㄧㄥ ㄌㄨㄛˋ ㄩㄣˊ ㄙㄢˋ
星行夜歸,1,ㄒㄧㄥ ㄒㄧㄥˊ ㄧㄝˋ ㄍㄨㄟ
星言夙駕,1,ㄒㄧㄥ ㄧㄢˊ ㄙㄨˋ ㄐㄧㄚˋ
星陳夙駕,1,ㄒㄧㄥ ㄔㄣˊ ㄙㄨˋ ㄐㄧㄚˋ
星際塵埃,1,ㄒㄧㄥ ㄐㄧˋ ㄔㄣˊ ㄞ
星際微塵,1,ㄒㄧㄥ ㄐㄧˋ ㄨㄟˊ ㄔㄣˊ
星際物質,1,ㄒㄧㄥ ㄐㄧˋ ㄨˋ ㄓˊ
星離雨散,1,ㄒㄧㄥ ㄌㄧˊ ㄩˇ ㄙㄢˋ
星飛電掣,1,ㄒㄧㄥ ㄈㄟ ㄉㄧㄢˋ ㄔㄜˋ
星馳電發,1,ㄒㄧㄥ ㄔˊ ㄉㄧㄢˋ ㄈㄚ
星馳電走,1,ㄒㄧㄥ ㄔˊ ㄉㄧㄢˋ ㄗㄡˇ
星點彈塗,1,ㄒㄧㄥ ㄉㄧㄢˇ ㄊㄢˊ ㄊㄨˊ
星點河魨,1,ㄒㄧㄥ ㄉㄧㄢˇ ㄏㄜˊ ㄊㄨㄣˊ
映月讀書,1,ㄧㄥˋ ㄩㄝˋ ㄉㄨˊ ㄕㄨ
映雪囊螢,1,ㄧㄥˋ ㄒㄩㄝˇ ㄋㄤˊ ㄧㄥˊ
映雪讀書,1,ㄧㄥˋ ㄒㄩㄝˇ ㄉㄨˊ ㄕㄨ
春事闌珊,1,ㄔㄨㄣ ㄕˋ ㄌㄢˊ ㄕㄢ
春來秋去,1,ㄔㄨㄣ ㄌㄞˊ ㄑㄧㄡ ㄑㄩˋ
春元演習,1,ㄔㄨㄣ ㄩㄢˊ ㄧㄢˇ ㄒㄧˊ
春光如海,1,ㄔㄨㄣ ㄍㄨㄤ ㄖㄨˊ ㄏㄞˇ
春光漏泄,1,ㄔㄨㄣ ㄍㄨㄤ ㄌㄡˋ ㄒㄧㄝˋ
春光融融,1,ㄔㄨㄣ ㄍㄨㄤ ㄖㄨㄥˊ ㄖㄨㄥˊ
春化作用,1,ㄔㄨㄣ ㄏㄨㄚˋ ㄗㄨㄛˋ ㄩㄥˋ
春化處理,1,ㄔㄨㄣ ㄏㄨㄚˋ ㄔㄨˇ ㄌㄧˇ
春去秋來,1,ㄔㄨㄣ ㄑㄩˋ ㄑㄧㄡ ㄌㄞˊ
春和景明,1,ㄔㄨㄣ ㄏㄜˊ ㄐㄧㄥˇ ㄇㄧㄥˊ
春回大地,1,ㄔㄨㄣ ㄏㄨㄟˊ ㄉㄚˋ ㄉㄧˋ
春困秋乏,1,ㄔㄨㄣ ㄎㄨㄣˋ ㄑㄧㄡ ㄈㄚˊ
春夢一場,1,ㄔㄨㄣ ㄇㄥˋ ㄧ ㄔㄤˊ
春宵苦短,1,ㄔㄨㄣ ㄒㄧㄠ ㄎㄨˇ ㄉㄨㄢˇ
春山八字,1,ㄔㄨㄣ ㄕㄢ ㄅㄚ ㄗˋ
春山如笑,1,ㄔㄨㄣ ㄕㄢ ㄖㄨˊ ㄒㄧㄠˋ
春心飛絮,1,ㄔㄨㄣ ㄒㄧㄣ ㄈㄟ ㄒㄩˋ
春意闌珊,1,ㄔㄨㄣ ㄧˋ ㄌㄢˊ ㄕㄢ
春日遲遲,1,ㄔㄨㄣ ㄖˋ ㄔˊ ㄔˊ
春暖花香,1,ㄔㄨㄣ ㄋㄨㄢˇ ㄏㄨㄚ ㄒㄧㄤ
春樹暮雲,1,ㄔㄨㄣ ㄕㄨˋ ㄇㄨˋ ㄩㄣˊ
春歸人老,1,ㄔㄨㄣ ㄍㄨㄟ ㄖㄣˊ ㄌㄠˇ
春深似海,1,ㄔㄨㄣ ㄕㄣ ㄙˋ ㄏㄞˇ
春生秋殺,1,ㄔㄨㄣ ㄕㄥ ㄑㄧㄡ ㄕㄚ
春盛擔子,1,ㄔㄨㄣ ㄕㄥˋ ㄉㄢˋ ㄗ˙
春盛食罍,1,ㄔㄨㄣ ㄕㄥˋ ㄕˊ ㄌㄟˊ
春祈秋報,1,ㄔㄨㄣ ㄑㄧˊ ㄑㄧㄡ ㄅㄠˋ
春秋三傳,1,ㄔㄨㄣ ㄑㄧㄡ ㄙㄢ ㄓㄨㄢˋ
春秋五霸,1,ㄔㄨㄣ ㄑㄧㄡ ㄨˇ ㄅㄚˋ
春秋大夢,1,ㄔㄨㄣ ㄑㄧㄡ ㄉㄚˋ ㄇㄥˋ
春秋幾何,1,ㄔㄨㄣ ㄑㄧㄡ ㄐㄧˇ ㄏㄜˊ
春秋日高,1,ㄔㄨㄣ ㄑㄧㄡ ㄖˋ ㄍㄠ
春秋筆削,1,ㄔㄨㄣ ㄑㄧㄡ ㄅㄧˇ ㄒㄩㄝˋ
春秋筆法,1,ㄔㄨㄣ ㄑㄧㄡ ㄅㄧˇ ㄈㄚˇ
春秋繁露,1,ㄔㄨㄣ ㄑㄧㄡ ㄈㄢˊ ㄌㄨˋ
春秋鼎盛,1,ㄔㄨㄣ ㄑㄧㄡ ㄉㄧㄥˇ ㄕㄥˋ
春筍怒發,1,ㄔㄨㄣ ㄙㄨㄣˇ ㄋㄨˋ ㄈㄚ
春色惱人,1,ㄔㄨㄣ ㄙㄜˋ ㄋㄠˇ ㄖㄣˊ
春花作物,1,ㄔㄨㄣ ㄏㄨㄚ ㄗㄨㄛˋ ㄨˋ
春蘭秋菊,1,ㄔㄨㄣ ㄌㄢˊ ㄑㄧㄡ ㄐㄩˊ
春蚓秋蛇,1,ㄔㄨㄣ ㄧㄣˇ ㄑㄧㄡ ㄕㄜˊ
春誦夏絃,1,ㄔㄨㄣ ㄙㄨㄥˋ ㄒㄧㄚˋ ㄒㄧㄢˊ
春露秋霜,1,ㄔㄨㄣ ㄌㄨˋ ㄑㄧㄡ ㄕㄨㄤ
春風一度,1,ㄔㄨㄣ ㄈㄥ ㄧ ㄉㄨˋ
春風和氣,1,ㄔㄨㄣ ㄈㄥ ㄏㄜˊ ㄑㄧˋ
春風夏雨,1,ㄔㄨㄣ ㄈㄥ ㄒㄧㄚˋ ㄩˇ
春風藹吉,1,ㄔㄨㄣ ㄈㄥ ㄞˇ ㄐㄧˊ
春風雨露,1,ㄔㄨㄣ ㄈㄥ ㄩˇ ㄌㄨˋ
春香鬧學,1,ㄔㄨㄣ ㄒㄧㄤ ㄋㄠˋ ㄒㄩㄝˊ
昧地瞞天,1,ㄇㄟˋ ㄉㄧˋ ㄇㄢˊ ㄊㄧㄢ
昧地謾天,1,ㄇㄟˋ ㄉㄧˋ ㄇㄢˊ ㄊㄧㄢ
昧己瞞心,1,ㄇㄟˋ ㄐㄧˇ ㄇㄢˊ ㄒㄧㄣ
昧心取利,1,ㄇㄟˋ ㄒㄧㄣ ㄑㄩˇ ㄌㄧˋ
昧旦晨興,1,ㄇㄟˋ ㄉㄢˋ ㄔㄣˊ ㄒㄧㄥ
昧死以聞,1,ㄇㄟˋ ㄙˇ ㄧˇ ㄨㄣˊ
昨非今是,1,ㄗㄨㄛˊ ㄈㄟ ㄐㄧㄣ ㄕˋ
昭冤申枉,1,ㄓㄠ ㄩㄢ ㄕㄣ ㄨㄤˇ
昭君出塞,1,ㄓㄠ ㄐㄩㄣ ㄔㄨ ㄙㄞˋ
昭君和番,1,ㄓㄠ ㄐㄩㄣ ㄏㄜˊ ㄈㄢ
昭如日星,1,ㄓㄠ ㄖㄨˊ ㄖˋ ㄒㄧㄥ
昭披耶河,1,ㄓㄠ ㄆㄧ ㄧㄝˊ ㄏㄜˊ
昭明太子,1,ㄓㄠ ㄇㄧㄥˊ ㄊㄞˋ ㄗˇ
昭明文選,1,ㄓㄠ ㄇㄧㄥˊ ㄨㄣˊ ㄒㄩㄢˇ
昭王墜屨,1,ㄓㄠ ㄨㄤˊ ㄓㄨㄟˋ ㄐㄩˋ
昭陵六駿,1,ㄓㄠ ㄌㄧㄥˊ ㄌㄧㄡˋ ㄐㄩㄣˋ
是古非今,1,ㄕˋ ㄍㄨˇ ㄈㄟ ㄐㄧㄣ
是父是子,1,ㄕˋ ㄈㄨˋ ㄕˋ ㄗˇ
是長是短,1,ㄕˋ ㄔㄤˊ ㄕˋ ㄉㄨㄢˇ
是非不分,1,ㄕˋ ㄈㄟ ㄅㄨˋ ㄈㄣ
是非之心,1,ㄕˋ ㄈㄟ ㄓ ㄒㄧㄣ
是非人我,1,ㄕˋ ㄈㄟ ㄖㄣˊ ㄨㄛˇ
是非分明,1,ㄕˋ ㄈㄟ ㄈㄣ ㄇㄧㄥˊ
是非善惡,1,ㄕˋ ㄈㄟ ㄕㄢˋ ㄜˋ
是非得失,1,ㄕˋ ㄈㄟ ㄉㄜˊ ㄕ
是非黑白,1,ㄕˋ ㄈㄟ ㄏㄟ ㄅㄞˊ
時不再來,1,ㄕˊ ㄅㄨˋ ㄗㄞˋ ㄌㄞˊ
時不我待,1,ㄕˊ ㄅㄨˋ ㄨㄛˇ ㄉㄞˋ
時乖命蹇,1,ㄕˊ ㄍㄨㄞ ㄇㄧㄥˋ ㄐㄧㄢˇ
時乖運乖,1,ㄕˊ ㄍㄨㄞ ㄩㄣˋ ㄍㄨㄞ
時乖運拙,1,ㄕˊ ㄍㄨㄞ ㄩㄣˋ ㄓㄨㄛˊ
時乖運蹇,1,ㄕˊ ㄍㄨㄞ ㄩㄣˋ ㄐㄧㄢˇ
時事櫥窗,1,ㄕˊ ㄕˋ ㄔㄨˊ ㄔㄨㄤ
時來暫去,1,ㄕˊ ㄌㄞˊ ㄓㄢˋ ㄑㄩˋ
時來福湊,1,ㄕˊ ㄌㄞˊ ㄈㄨˊ ㄘㄡˋ
時來運來,1,ㄕˊ ㄌㄞˊ ㄩㄣˋ ㄌㄞˊ
時光不再,1,ㄕˊ ㄍㄨㄤ ㄅㄨˋ ㄗㄞˋ
時光虛擲,1,ㄕˊ ㄍㄨㄤ ㄒㄩ ㄓˊ
時刻不忘,1,ㄕˊ ㄎㄜˋ ㄅㄨˋ ㄨㄤˋ
時勢所迫,1,ㄕˊ ㄕˋ ㄙㄨㄛˇ ㄆㄛˋ
時和年豐,1,ㄕˊ ㄏㄜˊ ㄋㄧㄢˊ ㄈㄥ
時和歲稔,1,ㄕˊ ㄏㄜˊ ㄙㄨㄟˋ ㄖㄣˇ
時和歲豐,1,ㄕˊ ㄏㄜˊ ㄙㄨㄟˋ ㄈㄥ
時日無多,1,ㄕˊ ㄖˋ ㄨˊ ㄉㄨㄛ
時望所歸,1,ㄕˊ ㄨㄤˋ ㄙㄨㄛˇ ㄍㄨㄟ
時異事殊,1,ㄕˊ ㄧˋ ㄕˋ ㄕㄨ
時異勢殊,1,ㄕˊ ㄧˋ ㄕˋ ㄕㄨ
時移世易,1,ㄕˊ ㄧˊ ㄕˋ ㄧˋ
時移世異,1,ㄕˊ ㄧˊ ㄕˋ ㄧˋ
時移世變,1,ㄕˊ ㄧˊ ㄕˋ ㄅㄧㄢˋ
時移事改,1,ㄕˊ ㄧˊ ㄕˋ ㄍㄞˇ
時移事遷,1,ㄕˊ ㄧˊ ㄕˋ ㄑㄧㄢ
時移俗易,1,ㄕˊ ㄧˊ ㄙㄨˊ ㄧˋ
時絀舉贏,1,ㄕˊ ㄔㄨˋ ㄐㄩˇ ㄧㄥˊ
時行天氣,1,ㄕˊ ㄒㄧㄥˊ ㄊㄧㄢ ㄑㄧˋ
時裝表演,1,ㄕˊ ㄓㄨㄤ ㄅㄧㄠˇ ㄧㄢˇ
時談物議,1,ㄕˊ ㄊㄢˊ ㄨˋ ㄧˋ
時通運泰,1,ㄕˊ ㄊㄨㄥ ㄩㄣˋ ㄊㄞˋ
時運不濟,1,ㄕˊ ㄩㄣˋ ㄅㄨˋ ㄐㄧˋ
時間醫學,1,ㄕˊ ㄐㄧㄢ ㄧ ㄒㄩㄝˊ
時間電價,1,ㄕˊ ㄐㄧㄢ ㄉㄧㄢˋ ㄐㄧㄚˋ
時隱時見,1,ㄕˊ ㄧㄣˇ ㄕˊ ㄒㄧㄢˋ
時雨春風,1,ㄕˊ ㄩˇ ㄔㄨㄣ ㄈㄥ
晃晃悠悠,1,ㄏㄨㄤˋ ㄏㄨㄤ˙ ㄧㄡ ㄧㄡ
晃晃蕩蕩,1,ㄏㄨㄤˋ ㄏㄨㄤ˙ ㄉㄤˋ ㄉㄤˋ
晉乘楚杌,1,ㄐㄧㄣˋ ㄕㄥˋ ㄔㄨˇ ㄨˋ
晉鑄刑鼎,1,ㄐㄧㄣˋ ㄓㄨˋ ㄒㄧㄥˊ ㄉㄧㄥˇ
晏御揚揚,1,ㄧㄢˋ ㄩˋ ㄧㄤˊ ㄧㄤˊ
晏開之警,1,ㄧㄢˋ ㄎㄞ ㄓ ㄐㄧㄥˇ
晚娘面孔,1,ㄨㄢˇ ㄋㄧㄤˊ ㄇㄧㄢˋ ㄎㄨㄥˇ
晚明小品,1,ㄨㄢˇ ㄇㄧㄥˊ ㄒㄧㄠˇ ㄆㄧㄣˇ
晚生後學,1,ㄨㄢˇ ㄕㄥ ㄏㄡˋ ㄒㄩㄝˊ
晚秋作物,1,ㄨㄢˇ ㄑㄧㄡ ㄗㄨㄛˋ ㄨˋ
晚節不終,1,ㄨㄢˇ ㄐㄧㄝˊ ㄅㄨˋ ㄓㄨㄥ
晚節末路,1,ㄨㄢˇ ㄐㄧㄝˊ ㄇㄛˋ ㄌㄨˋ
晚節黃花,1,ㄨㄢˇ ㄐㄧㄝˊ ㄏㄨㄤˊ ㄏㄨㄚ
晚食當肉,1,ㄨㄢˇ ㄕˊ ㄉㄤˋ ㄖㄡˋ
晝伏夜游,1,ㄓㄡˋ ㄈㄨˊ ㄧㄝˋ ㄧㄡˊ
晝夜停勻,1,ㄓㄡˋ ㄧㄝˋ ㄊㄧㄥˊ ㄩㄣˊ
晝夜兼行,1,ㄓㄡˋ ㄧㄝˋ ㄐㄧㄢ ㄒㄧㄥˊ
晝日晝夜,1,ㄓㄡˋ ㄖˋ ㄓㄡˋ ㄧㄝˋ
晝錦之榮,1,ㄓㄡˋ ㄐㄧㄣˇ ㄓ ㄖㄨㄥˊ
晝錦榮歸,1,ㄓㄡˋ ㄐㄧㄣˇ ㄖㄨㄥˊ ㄍㄨㄟ
晦盲否塞,1,ㄏㄨㄟˋ ㄇㄤˊ ㄆㄧˇ ㄙㄜˋ
晦跡韜光,1,ㄏㄨㄟˋ ㄐㄧ ㄊㄠ ㄍㄨㄤ
晨參暮省,1,ㄔㄣˊ ㄘㄢ ㄇㄨˋ ㄒㄧㄥˇ
晨參暮禮,1,ㄔㄣˊ ㄘㄢ ㄇㄨˋ ㄌㄧˇ
晨炊星飯,1,ㄔㄣˊ ㄔㄨㄟ ㄒㄧㄥ ㄈㄢˋ
晨興夜寐,1,ㄔㄣˊ ㄒㄧㄥ ㄧㄝˋ ㄇㄟˋ
普及教育,1,ㄆㄨˇ ㄐㄧˊ ㄐㄧㄠˋ ㄩˋ
普同文化,1,ㄆㄨˇ ㄊㄨㄥˊ ㄨㄣˊ ㄏㄨㄚˋ
普天共友,1,ㄆㄨˇ ㄊㄧㄢ ㄍㄨㄥˋ ㄧㄡˇ
普天率土,1,ㄆㄨˇ ㄊㄧㄢ ㄕㄨㄞˋ ㄊㄨˇ
普奧同盟,1,ㄆㄨˇ ㄠˋ ㄊㄨㄥˊ ㄇㄥˊ
普奧戰爭,1,ㄆㄨˇ ㄠˋ ㄓㄢˋ ㄓㄥ
普度眾生,1,ㄆㄨˇ ㄉㄨˋ ㄓㄨㄥˋ ㄕㄥ
普庵老祖,1,ㄆㄨˇ ㄢ ㄌㄠˇ ㄗㄨˇ
普普藝術,1,ㄆㄨˇ ㄆㄨˇ ㄧˋ ㄕㄨˋ
普普通通,1,ㄆㄨˇ ㄆㄨˇ ㄊㄨㄥ ㄊㄨㄥ
普法戰爭,1,ㄆㄨˇ ㄈㄚˇ ㄓㄢˋ ㄓㄥ
普濟眾生,1,ㄆㄨˇ ㄐㄧˋ ㄓㄨㄥˋ ㄕㄥ
普濟群生,1,ㄆㄨˇ ㄐㄧˋ ㄑㄩㄣˊ ㄕㄥ
普立茲獎,1,ㄆㄨˇ ㄌㄧˋ ㄗ ㄐㄧㄤˇ
普羅文學,1,ㄆㄨˇ ㄌㄨㄛˊ ㄨㄣˊ ㄒㄩㄝˊ
普通利息,1,ㄆㄨˇ ㄊㄨㄥ ㄌㄧˋ ㄒㄧˊ
普通名詞,1,ㄆㄨˇ ㄊㄨㄥ ㄇㄧㄥˊ ㄘˊ
普通地圖,1,ㄆㄨˇ ㄊㄨㄥ ㄉㄧˋ ㄊㄨˊ
普通病房,1,ㄆㄨˇ ㄊㄨㄥ ㄅㄧㄥˋ ㄈㄤˊ
普通護照,1,ㄆㄨˇ ㄊㄨㄥ ㄏㄨˋ ㄓㄠˋ
普通選舉,1,ㄆㄨˇ ㄊㄨㄥ ㄒㄩㄢˇ ㄐㄩˇ
普通郵票,1,ㄆㄨˇ ㄊㄨㄥ ㄧㄡˊ ㄆㄧㄠˋ
普魯卡因,1,ㄆㄨˇ ㄌㄨˇ ㄎㄚˇ ㄧㄣ
普魯士藍,1,ㄆㄨˇ ㄌㄨˇ ㄕˋ ㄌㄢˊ
景岳全書,1,ㄐㄧㄥˇ ㄩㄝˋ ㄑㄩㄢˊ ㄕㄨ
景從雲合,1,ㄧㄥˇ ㄘㄨㄥˊ ㄩㄣˊ ㄏㄜˊ
景從雲集,1,ㄧㄥˇ ㄘㄨㄥˊ ㄩㄣˊ ㄐㄧˊ
景星勛章,1,ㄐㄧㄥˇ ㄒㄧㄥ ㄒㄩㄣ ㄓㄤ
景星慶雲,1,ㄐㄧㄥˇ ㄒㄧㄥ ㄑㄧㄥˋ ㄩㄣˊ
景氣循環,1,ㄐㄧㄥˇ ㄑㄧˋ ㄒㄩㄣˊ ㄏㄨㄢˊ
景氣變動,1,ㄐㄧㄥˇ ㄑㄧˋ ㄅㄧㄢˋ ㄉㄨㄥˋ
景迂生集,1,ㄐㄧㄥˇ ㄩ ㄕㄥ ㄐㄧˊ
景陽宮井,1,ㄐㄧㄥˇ ㄧㄤˊ ㄍㄨㄥ ㄐㄧㄥˇ
晴空亂流,1,ㄑㄧㄥˊ ㄎㄨㄥ ㄌㄨㄢˋ ㄌㄧㄡˊ
晴雲秋月,1,ㄑㄧㄥˊ ㄩㄣˊ ㄑㄧㄡ ㄩㄝˋ
晶晶亮亮,1,ㄐㄧㄥ ㄐㄧㄥ ㄌㄧㄤˋ ㄌㄧㄤˋ
晶粒生長,1,ㄐㄧㄥ ㄌㄧˋ ㄕㄥ ㄓㄤˇ
智利硝石,1,ㄓˋ ㄌㄧˋ ㄒㄧㄠ ㄕˊ
智力商數,1,ㄓˋ ㄌㄧˋ ㄕㄤ ㄕㄨˋ
智力年齡,1,ㄓˋ ㄌㄧˋ ㄋㄧㄢˊ ㄌㄧㄥˊ
智力投資,1,ㄓˋ ㄌㄧˋ ㄊㄡˊ ㄗ
智勇兼全,1,ㄓˋ ㄩㄥˇ ㄐㄧㄢ ㄑㄩㄢˊ
智圓行方,1,ㄓˋ ㄩㄢˊ ㄒㄧㄥˋ ㄈㄤ
智均力敵,1,ㄓˋ ㄐㄩㄣ ㄌㄧˋ ㄉㄧˊ
智小言大,1,ㄓˋ ㄒㄧㄠˇ ㄧㄢˊ ㄉㄚˋ
智小謀大,1,ㄓˋ ㄒㄧㄠˇ ㄇㄡˊ ㄉㄚˋ
智盡能索,1,ㄓˋ ㄐㄧㄣˋ ㄋㄥˊ ㄙㄨㄛˇ
智者不惑,1,ㄓˋ ㄓㄜˇ ㄅㄨˋ ㄏㄨㄛˋ
智能犯罪,1,ㄓˋ ㄋㄥˊ ㄈㄢˋ ㄗㄨㄟˋ
智能遲滯,1,ㄓˋ ㄋㄥˊ ㄔˊ ㄓˋ
暑來寒往,1,ㄕㄨˇ ㄌㄞˊ ㄏㄢˊ ㄨㄤˇ
暑往寒來,1,ㄕㄨˇ ㄨㄤˇ ㄏㄢˊ ㄌㄞˊ
暑期學校,1,ㄕㄨˇ ㄑㄧˊ ㄒㄩㄝˊ ㄒㄧㄠˋ
暖盪撩鍋,1,ㄋㄨㄢˇ ㄉㄤˋ ㄌㄧㄠˊ ㄍㄨㄛ
暖衣飽食,1,ㄋㄨㄢˇ ㄧ ㄅㄠˇ ㄕˊ
暖身運動,1,ㄋㄨㄢˇ ㄕㄣ ㄩㄣˋ ㄉㄨㄥˋ
暗吃一驚,1,ㄢˋ ㄔ ㄧ ㄐㄧㄥ
暗室不欺,1,ㄢˋ ㄕˋ ㄅㄨˋ ㄑㄧ
暗室可欺,1,ㄢˋ ㄕˋ ㄎㄜˇ ㄑㄧ
暗室私心,1,ㄢˋ ㄕˋ ㄙ ㄒㄧㄣ
暗室虧心,1,ㄢˋ ㄕˋ ㄎㄨㄟ ㄒㄧㄣ
暗室逢燈,1,ㄢˋ ㄕˋ ㄈㄥˊ ㄉㄥ
暗度陳倉,1,ㄢˋ ㄉㄨˋ ㄔㄣˊ ㄘㄤ
暗箭中人,1,ㄢˋ ㄐㄧㄢˋ ㄓㄨㄥˋ ㄖㄣˊ
暗箭明鎗,1,ㄢˋ ㄐㄧㄢˋ ㄇㄧㄥˊ ㄑㄧㄤ
暗結珠胎,1,ㄢˋ ㄐㄧㄝˊ ㄓㄨ ㄊㄞ
暗自竊喜,1,ㄢˋ ㄗˋ ㄑㄧㄝˋ ㄒㄧˇ
暗香疏影,1,ㄢˋ ㄒㄧㄤ ㄕㄨ ㄧㄥˇ
暨南大學,1,ㄐㄧˋ ㄋㄢˊ ㄉㄚˋ ㄒㄩㄝˊ
暫且擱下,1,ㄓㄢˋ ㄑㄧㄝˇ ㄍㄜ ㄒㄧㄚˋ
暫勞永逸,1,ㄓㄢˋ ㄌㄠˊ ㄩㄥˇ ㄧˋ
暮去朝來,1,ㄇㄨˋ ㄑㄩˋ ㄓㄠ ㄌㄞˊ
暮四朝三,1,ㄇㄨˋ ㄙˋ ㄓㄠ ㄙㄢ
暮想朝思,1,ㄇㄨˋ ㄒㄧㄤˇ ㄓㄠ ㄙ
暮景桑榆,1,ㄇㄨˋ ㄐㄧㄥˇ ㄙㄤ ㄩˊ
暮景殘光,1,ㄇㄨˋ ㄐㄧㄥˇ ㄘㄢˊ ㄍㄨㄤ
暮暮朝朝,1,ㄇㄨˋ ㄇㄨˋ ㄓㄠ ㄓㄠ
暮楚朝秦,1,ㄇㄨˋ ㄔㄨˇ ㄓㄠ ㄑㄧㄣˊ
暮禮晨參,1,ㄇㄨˋ ㄌㄧˇ ㄔㄣˊ ㄘㄢ
暮虢朝虞,1,ㄇㄨˋ ㄍㄨㄛˊ ㄓㄠ ㄩˊ
暮雨朝雲,1,ㄇㄨˋ ㄩˇ ㄓㄠ ㄩㄣˊ
暮雲春樹,1,ㄇㄨˋ ㄩㄣˊ ㄔㄨㄣ ㄕㄨˋ
暮雲親舍,1,ㄇㄨˋ ㄩㄣˊ ㄑㄧㄣ ㄕㄜˋ
暴內陵外,1,ㄅㄠˋ ㄋㄟˋ ㄌㄧㄥˊ ㄨㄞˋ
暴力滋擾,1,ㄅㄠˋ ㄌㄧˋ ㄗ ㄖㄠˇ
暴力犯罪,1,ㄅㄠˋ ㄌㄧˋ ㄈㄢˋ ㄗㄨㄟˋ
暴厲之氣,1,ㄅㄠˋ ㄌㄧˋ ㄓ ㄑㄧˋ
暴厲恣睢,1,ㄅㄠˋ ㄌㄧˋ ㄘ ㄙㄨㄟ
暴取豪奪,1,ㄅㄠˋ ㄑㄩˇ ㄏㄠˊ ㄉㄨㄛˊ
暴屍於市,1,ㄆㄨˋ ㄕ ㄩˊ ㄕˋ
暴戾恣睢,1,ㄅㄠˋ ㄌㄧˋ ㄘ ㄙㄨㄟ
暴斂橫徵,1,ㄅㄠˋ ㄌㄧㄢˋ ㄏㄥˊ ㄓㄥ
暴殄輕生,1,ㄅㄠˋ ㄊㄧㄢˇ ㄑㄧㄥ ㄕㄥ
暴漲暴跌,1,ㄅㄠˋ ㄓㄤˇ ㄅㄠˋ ㄉㄧㄝˊ
暴燥如雷,1,ㄅㄠˋ ㄗㄠˋ ㄖㄨˊ ㄌㄟˊ
暴病身亡,1,ㄅㄠˋ ㄅㄧㄥˋ ㄕㄣ ㄨㄤˊ
暴腮龍門,1,ㄆㄨˋ ㄙㄞ ㄌㄨㄥˊ ㄇㄣˊ
暴虐浮躁,1,ㄅㄠˋ ㄋㄩㄝˋ ㄈㄨˊ ㄗㄠˋ
暴起暴落,1,ㄅㄠˋ ㄑㄧˇ ㄅㄠˋ ㄌㄨㄛˋ
暴躁如雷,1,ㄅㄠˋ ㄗㄠˋ ㄖㄨˊ ㄌㄟˊ
暴雷也似,1,ㄅㄠˋ ㄌㄟˊ ㄧㄝˇ ㄙˋ
暴風疾雨,1,ㄅㄠˋ ㄈㄥ ㄐㄧˊ ㄩˇ
暴風驟雨,1,ㄅㄠˋ ㄈㄥ ㄗㄡˋ ㄩˇ
暴骨原野,1,ㄆㄨˋ ㄍㄨˇ ㄩㄢˊ ㄧㄝˇ
曉伏夜行,1,ㄒㄧㄠˇ ㄈㄨˊ ㄧㄝˋ ㄒㄧㄥˊ
曙後星孤,1,ㄕㄨˋ ㄏㄡˋ ㄒㄧㄥ ㄍㄨ
曝腮龍門,1,ㄆㄨˋ ㄙㄞ ㄌㄨㄥˊ ㄇㄣˊ
曝鰓龍門,1,ㄆㄨˋ ㄙㄞ ㄌㄨㄥˊ ㄇㄣˊ
曠世之度,1,ㄎㄨㄤˋ ㄕˋ ㄓ ㄉㄨˋ
曠世無匹,1,ㄎㄨㄤˋ ㄕˋ ㄨˊ ㄆㄧˇ
曠代一人,1,ㄎㄨㄤˋ ㄉㄞˋ ㄧ ㄖㄣˊ
曠古一人,1,ㄎㄨㄤˋ ㄍㄨˇ ㄧ ㄖㄣˊ
曠古絕倫,1,ㄎㄨㄤˋ ㄍㄨˇ ㄐㄩㄝˊ ㄌㄨㄣˊ
曠夫怨女,1,ㄎㄨㄤˋ ㄈㄨ ㄩㄢˋ ㄋㄩˇ
曠日引久,1,ㄎㄨㄤˋ ㄖˋ ㄧㄣˇ ㄐㄧㄡˇ
曠日引月,1,ㄎㄨㄤˋ ㄖˋ ㄧㄣˇ ㄩㄝˋ
曠日彌久,1,ㄎㄨㄤˋ ㄖˋ ㄇㄧˊ ㄐㄧㄡˇ
曠日經久,1,ㄎㄨㄤˋ ㄖˋ ㄐㄧㄥ ㄐㄧㄡˇ
曠日長久,1,ㄎㄨㄤˋ ㄖˋ ㄔㄤˊ ㄐㄧㄡˇ
曠然太平,1,ㄎㄨㄤˋ ㄖㄢˊ ㄊㄞˋ ㄆㄧㄥˊ
曠職僨事,1,ㄎㄨㄤˋ ㄓˊ ㄈㄣˋ ㄕˋ
曠若發矇,1,ㄎㄨㄤˋ ㄖㄨㄛˋ ㄈㄚ ㄇㄥˊ
曠若發蒙,1,ㄎㄨㄤˋ ㄖㄨㄛˋ ㄈㄚ ㄇㄥˊ
曠邈無家,1,ㄎㄨㄤˋ ㄇㄧㄠˇ ㄨˊ ㄐㄧㄚ
曲媚取容,1,ㄑㄩ ㄇㄟˋ ㄑㄩˇ ㄖㄨㄥˊ
曲學詖行,1,ㄑㄩ ㄒㄩㄝˊ ㄅㄧˋ ㄒㄧㄥˋ
曲學阿世,1,ㄑㄩ ㄒㄩㄝˊ ㄜ ㄕˋ
曲心矯肚,1,ㄑㄩ ㄒㄧㄣ ㄐㄧㄠˇ ㄉㄨˋ
曲折縈紆,1,ㄑㄩ ㄓㄜˊ ㄧㄥˊ ㄩ
曲曲彎彎,1,ㄑㄩ ㄑㄩ ㄨㄢ ㄨㄢ
曲盡人情,1,ㄑㄩ ㄐㄧㄣˋ ㄖㄣˊ ㄑㄧㄥˊ
曲盡其妙,1,ㄑㄩ ㄐㄧㄣˋ ㄑㄧˊ ㄇㄧㄠˋ
曲直分明,1,ㄑㄩ ㄓˊ ㄈㄣ ㄇㄧㄥˊ
曲突徙薪,1,ㄑㄩ ㄊㄨˊ ㄒㄧˇ ㄒㄧㄣ
曲終奏雅,1,ㄑㄩˇ ㄓㄨㄥ ㄗㄡˋ ㄧㄚˇ
曲肱之樂,1,ㄑㄩ ㄍㄨㄥ ㄓ ㄌㄜˋ
曲裡拐彎,1,ㄑㄩ ㄌㄧ˙ ㄍㄨㄞˇ ㄨㄢ
曳尾塗中,1,ㄧˋ ㄨㄟˇ ㄊㄨˊ ㄓㄨㄥ
曳尾泥塗,1,ㄧˋ ㄨㄟˇ ㄋㄧˊ ㄊㄨˊ
曳裾王門,1,ㄧˋ ㄐㄩ ㄨㄤˊ ㄇㄣˊ
更上層樓,1,ㄍㄥˋ ㄕㄤˋ ㄘㄥˊ ㄌㄡˊ
更不消說,1,ㄍㄥˋ ㄅㄨˋ ㄒㄧㄠ ㄕㄨㄛ
更勝一籌,1,ㄍㄥˋ ㄕㄥˋ ㄧ ㄔㄡˊ
更名改姓,1,ㄍㄥ ㄇㄧㄥˊ ㄍㄞˇ ㄒㄧㄥˋ
更弦易轍,1,ㄍㄥ ㄒㄧㄢˊ ㄧˋ ㄔㄜˋ
更待何時,1,ㄍㄥˋ ㄉㄞˋ ㄏㄜˊ ㄕˊ
更待干罷,1,ㄍㄥˋ ㄉㄞˋ ㄍㄢ ㄅㄚˋ
更新換代,1,ㄍㄥ ㄒㄧㄣ ㄏㄨㄢˋ ㄉㄞˋ
更正啟事,1,ㄍㄥ ㄓㄥˋ ㄑㄧˇ ㄕˋ
更深半夜,1,ㄍㄥ ㄕㄣ ㄅㄢˋ ㄧㄝˋ
更生保護,1,ㄍㄥˋ ㄕㄥ ㄅㄠˇ ㄏㄨˋ
更轉一竿,1,ㄍㄥˋ ㄓㄨㄢˇ ㄧ ㄍㄢ
更長夢短,1,ㄍㄥ ㄔㄤˊ ㄇㄥˋ ㄉㄨㄢˇ
更長漏永,1,ㄍㄥ ㄔㄤˊ ㄌㄡˋ ㄩㄥˇ
更闌人靜,1,ㄍㄥ ㄌㄢˊ ㄖㄣˊ ㄐㄧㄥˋ
更鼓敲盡,1,ㄍㄥ ㄍㄨˇ ㄑㄧㄠ ㄐㄧㄣˋ
書不盡言,1,ㄕㄨ ㄅㄨˋ ㄐㄧㄣˋ ㄧㄢˊ
書劍飄零,1,ㄕㄨ ㄐㄧㄢˋ ㄆㄧㄠ ㄌㄧㄥˊ
書囊無底,1,ㄕㄨ ㄋㄤˊ ㄨˊ ㄉㄧˇ
書富五車,1,ㄕㄨ ㄈㄨˋ ㄨˇ ㄐㄩ
書歸正傳,1,ㄕㄨ ㄍㄨㄟ ㄓㄥˋ ㄓㄨㄢˋ
書畫卯酉,1,ㄕㄨ ㄏㄨㄚˋ ㄇㄠˇ ㄧㄡˇ
書目答問,1,ㄕㄨ ㄇㄨˋ ㄉㄚˊ ㄨㄣˋ
書符咒水,1,ㄕㄨ ㄈㄨˊ ㄓㄡˋ ㄕㄨㄟˇ
書缺簡脫,1,ㄕㄨ ㄑㄩㄝ ㄐㄧㄢˇ ㄊㄨㄛ
書聲朗朗,1,ㄕㄨ ㄕㄥ ㄌㄤˇ ㄌㄤˇ
書聲琅琅,1,ㄕㄨ ㄕㄥ ㄌㄤˊ ㄌㄤˊ
書讀五車,1,ㄕㄨ ㄉㄨˊ ㄨˇ ㄐㄩ
書通二酉,1,ㄕㄨ ㄊㄨㄥ ㄦˋ ㄧㄡˇ
書顛畫聖,1,ㄕㄨ ㄉㄧㄢ ㄏㄨㄚˋ ㄕㄥˋ
曹劌論戰,1,ㄘㄠˊ ㄍㄨㄟˋ ㄌㄨㄣˋ ㄓㄢˋ
曹柯之盟,1,ㄘㄠˊ ㄎㄜ ㄓ ㄇㄥˊ
曹社之謀,1,ㄘㄠˊ ㄕㄜˋ ㄓ ㄇㄡˊ
曼哈坦島,1,ㄇㄢˋ ㄏㄚ ㄊㄢˇ ㄉㄠˇ
曼徹斯特,1,ㄇㄢˋ ㄔㄜˋ ㄙ ㄊㄜˋ
曾參殺人,1,ㄗㄥ ㄕㄣ ㄕㄚ ㄖㄣˊ
曾子殺彘,1,ㄗㄥ ㄗˇ ㄕㄚ ㄓˋ
曾母投杼,1,ㄗㄥ ㄇㄨˇ ㄊㄡˊ ㄓㄨˋ
曾經滄海,1,ㄘㄥˊ ㄐㄧㄥ ㄘㄤ ㄏㄞˇ
替代作用,1,ㄊㄧˋ ㄉㄞˋ ㄗㄨㄛˋ ㄩㄥˋ
替代能源,1,ㄊㄧˋ ㄉㄞˋ ㄋㄥˊ ㄩㄢˊ
替天行道,1,ㄊㄧˋ ㄊㄧㄢ ㄒㄧㄥˊ ㄉㄠˋ
替手填腳,1,ㄊㄧˋ ㄕㄡˇ ㄊㄧㄢˊ ㄐㄧㄠˇ
替狗奪食,1,ㄊㄧˋ ㄍㄡˇ ㄉㄨㄛˊ ㄕˊ
替罪羔羊,1,ㄊㄧˋ ㄗㄨㄟˋ ㄍㄠ ㄧㄤˊ
替身演員,1,ㄊㄧˋ ㄕㄣ ㄧㄢˇ ㄩㄢˊ
最低工資,1,ㄗㄨㄟˋ ㄉㄧ ㄍㄨㄥ ㄗ
最佳拍檔,1,ㄗㄨㄟˋ ㄐㄧㄚ ㄆㄞ ㄉㄤˇ
最簡分數,1,ㄗㄨㄟˋ ㄐㄧㄢˇ ㄈㄣ ㄕㄨˋ
最高當局,1,ㄗㄨㄟˋ ㄍㄠ ㄉㄤ ㄐㄩˊ
會任之家,1,ㄏㄨㄟˋ ㄖㄣˋ ㄓ ㄐㄧㄚ
會合周期,1,ㄏㄨㄟˋ ㄏㄜˊ ㄓㄡ ㄑㄧˊ
會咽軟骨,1,ㄏㄨㄟˋ ㄧㄢˋ ㄖㄨㄢˇ ㄍㄨˇ
會家不忙,1,ㄏㄨㄟˋ ㄐㄧㄚ ㄅㄨˋ ㄇㄤˊ
會審公廨,1,ㄏㄨㄟˋ ㄕㄣˇ ㄍㄨㄥ ㄒㄧㄝˋ
會少離多,1,ㄏㄨㄟˋ ㄕㄠˇ ㄌㄧˊ ㄉㄨㄛ
會心一笑,1,ㄏㄨㄟˋ ㄒㄧㄣ ㄧ ㄒㄧㄠˋ
會心不遠,1,ㄏㄨㄟˋ ㄒㄧㄣ ㄅㄨˋ ㄩㄢˇ
會文切理,1,ㄏㄨㄟˋ ㄨㄣˊ ㄑㄧㄝˋ ㄌㄧˇ
會稽之恥,1,ㄍㄨㄟˋ ㄐㄧ ㄓ ㄔˇ
會簽制度,1,ㄏㄨㄟˋ ㄑㄧㄢ ㄓˋ ㄉㄨˋ
會聚透鏡,1,ㄏㄨㄟˋ ㄐㄩˋ ㄊㄡˋ ㄐㄧㄥˋ
會逢其適,1,ㄏㄨㄟˋ ㄈㄥˊ ㄑㄧˊ ㄕˋ
會道能說,1,ㄏㄨㄟˋ ㄉㄠˋ ㄋㄥˊ ㄕㄨㄛ
月下風前,1,ㄩㄝˋ ㄒㄧㄚˋ ㄈㄥ ㄑㄧㄢˊ
月中折桂,1,ㄩㄝˋ ㄓㄨㄥ ㄓㄜˊ ㄍㄨㄟˋ
月值年災,1,ㄩㄝˋ ㄓˊ ㄋㄧㄢˊ ㄗㄞ
月光如水,1,ㄩㄝˋ ㄍㄨㄤ ㄖㄨˊ ㄕㄨㄟˇ
月地雲階,1,ㄩㄝˋ ㄉㄧˋ ㄩㄣˊ ㄐㄧㄝ
月墜花折,1,ㄩㄝˋ ㄓㄨㄟˋ ㄏㄨㄚ ㄓㄜˊ
月夕花朝,1,ㄩㄝˋ ㄒㄧˋ ㄏㄨㄚ ㄓㄠ
月夜花朝,1,ㄩㄝˋ ㄧㄝˋ ㄏㄨㄚ ㄓㄠ
月宮娘娘,1,ㄩㄝˋ ㄍㄨㄥ ㄋㄧㄤˊ ㄋㄧㄤ˙
月明如晝,1,ㄩㄝˋ ㄇㄧㄥˊ ㄖㄨˊ ㄓㄡˋ
月明如水,1,ㄩㄝˋ ㄇㄧㄥˊ ㄖㄨˊ ㄕㄨㄟˇ
月明風清,1,ㄩㄝˋ ㄇㄧㄥˊ ㄈㄥ ㄑㄧㄥ
月暈效應,1,ㄩㄝˋ ㄩㄣˋ ㄒㄧㄠˋ ㄧㄥˋ
月暈而風,1,ㄩㄝˋ ㄩㄣˋ ㄦˊ ㄈㄥ
月書赤繩,1,ㄩㄝˋ ㄕㄨ ㄔˋ ㄕㄥˊ
月朗風清,1,ㄩㄝˋ ㄌㄤˇ ㄈㄥ ㄑㄧㄥ
月滿花香,1,ㄩㄝˋ ㄇㄢˇ ㄏㄨㄚ ㄒㄧㄤ
月盈則虧,1,ㄩㄝˋ ㄧㄥˊ ㄗㄜˊ ㄎㄨㄟ
月盈則食,1,ㄩㄝˋ ㄧㄥˊ ㄗㄜˊ ㄕˊ
月眉星眼,1,ㄩㄝˋ ㄇㄟˊ ㄒㄧㄥ ㄧㄢˇ
月約星期,1,ㄩㄝˋ ㄩㄝ ㄒㄧㄥ ㄑㄧˊ
月缺難圓,1,ㄩㄝˋ ㄑㄩㄝ ㄋㄢˊ ㄩㄢˊ
月落參橫,1,ㄩㄝˋ ㄌㄨㄛˋ ㄕㄣ ㄏㄥˊ
月落星沉,1,ㄩㄝˋ ㄌㄨㄛˋ ㄒㄧㄥ ㄔㄣˊ
月落烏啼,1,ㄩㄝˋ ㄌㄨㄛˋ ㄨ ㄊㄧˊ
月裡嫦娥,1,ㄩㄝˋ ㄌㄧˇ ㄔㄤˊ ㄜˊ
月貌花容,1,ㄩㄝˋ ㄇㄠˋ ㄏㄨㄚ ㄖㄨㄥˊ
月貌花龐,1,ㄩㄝˋ ㄇㄠˋ ㄏㄨㄚ ㄆㄤˊ
月鍛季煉,1,ㄩㄝˋ ㄉㄨㄢˋ ㄐㄧˋ ㄌㄧㄢˋ
月閉花羞,1,ㄩㄝˋ ㄅㄧˋ ㄏㄨㄚ ㄒㄧㄡ
月離於畢,1,ㄩㄝˋ ㄌㄧˊ ㄩˊ ㄅㄧˋ
月麗於箕,1,ㄩㄝˋ ㄌㄧˋ ㄩˊ ㄐㄧ
月黑風緊,1,ㄩㄝˋ ㄏㄟ ㄈㄥ ㄐㄧㄣˇ
有一得一,1,ㄧㄡˇ ㄧ ㄉㄜˊ ㄧ
有一無二,1,ㄧㄡˇ ㄧ ㄨˊ ㄦˋ
有了人家,1,ㄧㄡˇ ㄌㄜ˙ ㄖㄣˊ ㄐㄧㄚ
有你沒我,1,ㄧㄡˇ ㄋㄧˇ ㄇㄟˊ ㄨㄛˇ
有來有去,1,ㄧㄡˇ ㄌㄞˊ ㄧㄡˇ ㄑㄩˋ
有例可援,1,ㄧㄡˇ ㄌㄧˋ ㄎㄜˇ ㄩㄢˊ
有個好歹,1,ㄧㄡˇ ㄍㄜ˙ ㄏㄠˇ ㄉㄞˇ
有個屁用,1,ㄧㄡˇ ㄍㄜ˙ ㄆㄧˋ ㄩㄥˋ
有儘有讓,1,ㄧㄡˇ ㄐㄧㄣˇ ㄧㄡˇ ㄖㄤˋ
有償契約,1,ㄧㄡˇ ㄔㄤˊ ㄑㄧˋ ㄩㄝ
有償行為,1,ㄧㄡˇ ㄔㄤˊ ㄒㄧㄥˊ ㄨㄟˊ
有兩下子,1,ㄧㄡˇ ㄌㄧㄤˇ ㄒㄧㄚˋ ㄗ˙
有典有則,1,ㄧㄡˇ ㄉㄧㄢˇ ㄧㄡˇ ㄗㄜˊ
有加無已,1,ㄧㄡˇ ㄐㄧㄚ ㄨˊ ㄧˇ
有勞有逸,1,ㄧㄡˇ ㄌㄠˊ ㄧㄡˇ ㄧˋ
有口無行,1,ㄧㄡˇ ㄎㄡˇ ㄨˊ ㄒㄧㄥˊ
有口難分,1,ㄧㄡˇ ㄎㄡˇ ㄋㄢˊ ㄈㄣ
有口難辨,1,ㄧㄡˇ ㄎㄡˇ ㄋㄢˊ ㄅㄧㄢˋ
有名亡實,1,ㄧㄡˇ ㄇㄧㄥˊ ㄨˊ ㄕˊ
有名契約,1,ㄧㄡˇ ㄇㄧㄥˊ ㄑㄧˋ ㄩㄝ
有味電影,1,ㄧㄡˇ ㄨㄟˋ ㄉㄧㄢˋ ㄧㄥˇ
有國難投,1,ㄧㄡˇ ㄍㄨㄛˊ ㄋㄢˊ ㄊㄡˊ
有增無損,1,ㄧㄡˇ ㄗㄥ ㄨˊ ㄙㄨㄣˇ
有天沒日,1,ㄧㄡˇ ㄊㄧㄢ ㄇㄟˊ ㄖˋ
有天無日,1,ㄧㄡˇ ㄊㄧㄢ ㄨˊ ㄖˋ
有女同車,1,ㄧㄡˇ ㄋㄩˇ ㄊㄨㄥˊ ㄔㄜ
有女懷春,1,ㄧㄡˇ ㄋㄩˇ ㄏㄨㄞˊ ㄔㄨㄣ
有如水火,1,ㄧㄡˇ ㄖㄨˊ ㄕㄨㄟˇ ㄏㄨㄛˇ
有始有卒,1,ㄧㄡˇ ㄕˇ ㄧㄡˇ ㄗㄨˊ
有害無利,1,ㄧㄡˇ ㄏㄞˋ ㄨˊ ㄌㄧˋ
有家難奔,1,ㄧㄡˇ ㄐㄧㄚ ㄋㄢˊ ㄅㄣ
有尿小子,1,ㄧㄡˇ ㄋㄧㄠˋ ㄒㄧㄠˇ ㄗ˙
有屈無伸,1,ㄧㄡˇ ㄑㄩ ㄨˊ ㄕㄣ
有張沒智,1,ㄧㄡˇ ㄓㄤ ㄇㄟˊ ㄓˋ
有形戰力,1,ㄧㄡˇ ㄒㄧㄥˊ ㄓㄢˋ ㄌㄧˋ
有形損耗,1,ㄧㄡˇ ㄒㄧㄥˊ ㄙㄨㄣˇ ㄏㄠˋ
有形資本,1,ㄧㄡˇ ㄒㄧㄥˊ ㄗ ㄅㄣˇ
有形資產,1,ㄧㄡˇ ㄒㄧㄥˊ ㄗ ㄔㄢˇ
有征無戰,1,ㄧㄡˇ ㄓㄥ ㄨˊ ㄓㄢˋ
有心無力,1,ㄧㄡˇ ㄒㄧㄣ ㄨˊ ㄌㄧˋ
有志難酬,1,ㄧㄡˇ ㄓˋ ㄋㄢˊ ㄔㄡˊ
有性繁殖,1,ㄧㄡˇ ㄒㄧㄥˋ ㄈㄢˊ ㄓˊ
有性雜交,1,ㄧㄡˇ ㄒㄧㄥˋ ㄗㄚˊ ㄐㄧㄠ
有情世間,1,ㄧㄡˇ ㄑㄧㄥˊ ㄕˋ ㄐㄧㄢ
有意無意,1,ㄧㄡˇ ㄧˋ ㄨˊ ㄧˋ
有感電影,1,ㄧㄡˇ ㄍㄢˇ ㄉㄧㄢˋ ㄧㄥˇ
有我無人,1,ㄧㄡˇ ㄨㄛˇ ㄨˊ ㄖㄣˊ
有所作為,1,ㄧㄡˇ ㄙㄨㄛˇ ㄗㄨㄛˋ ㄨㄟˊ
有所顧忌,1,ㄧㄡˇ ㄙㄨㄛˇ ㄍㄨˋ ㄐㄧˋ
有才無命,1,ㄧㄡˇ ㄘㄞˊ ㄨˊ ㄇㄧㄥˋ
有把傢伙,1,ㄧㄡˇ ㄅㄚ˙ ㄐㄧㄚ ㄏㄨㄛ˙
有損無益,1,ㄧㄡˇ ㄙㄨㄣˇ ㄨˊ ㄧˋ
有效射程,1,ㄧㄡˇ ㄒㄧㄠˋ ㄕㄜˋ ㄔㄥˊ
有效距離,1,ㄧㄡˇ ㄒㄧㄠˋ ㄐㄩˋ ㄌㄧˊ
有效電阻,1,ㄧㄡˇ ㄒㄧㄠˋ ㄉㄧㄢˋ ㄗㄨˇ
有服之親,1,ㄧㄡˇ ㄈㄨˊ ㄓ ㄑㄧㄣ
有本有原,1,ㄧㄡˇ ㄅㄣˇ ㄧㄡˇ ㄩㄢˊ
有杕之杜,1,ㄧㄡˇ ㄉㄧˋ ㄓ ㄉㄨˋ
有枝有葉,1,ㄧㄡˇ ㄓ ㄧㄡˇ ㄧㄝˋ
有枝添葉,1,ㄧㄡˇ ㄓ ㄊㄧㄢ ㄧㄝˋ
有模有樣,1,ㄧㄡˇ ㄇㄛˊ ㄧㄡˇ ㄧㄤˋ
有機線條,1,ㄧㄡˇ ㄐㄧ ㄒㄧㄢˋ ㄊㄧㄠˊ
有機蔬菜,1,ㄧㄡˇ ㄐㄧ ㄕㄨ ㄘㄞˋ
有死無二,1,ㄧㄡˇ ㄙˇ ㄨˊ ㄦˋ
有毒植物,1,ㄧㄡˇ ㄉㄨˊ ㄓˊ ㄨˋ
有氧呼吸,1,ㄧㄡˇ ㄧㄤˇ ㄏㄨ ㄒㄧ
有氧飲料,1,ㄧㄡˇ ㄧㄤˇ ㄧㄣˇ ㄌㄧㄠˋ
有求斯應,1,ㄧㄡˇ ㄑㄧㄡˊ ㄙ ㄧㄥˋ
有犯無隱,1,ㄧㄡˇ ㄈㄢˋ ㄨˊ ㄧㄣˇ
有理函數,1,ㄧㄡˇ ㄌㄧˇ ㄏㄢˊ ㄕㄨˋ
有理無情,1,ㄧㄡˇ ㄌㄧˇ ㄨˊ ㄑㄧㄥˊ
有的沒的,1,ㄧㄡˇ ㄉㄜ˙ ㄇㄟˊ ㄉㄜ˙
有目共見,1,ㄧㄡˇ ㄇㄨˋ ㄍㄨㄥˋ ㄐㄧㄢˋ
有目如盲,1,ㄧㄡˇ ㄇㄨˋ ㄖㄨˊ ㄇㄤˊ
有眼如盲,1,ㄧㄡˇ ㄧㄢˇ ㄖㄨˊ ㄇㄤˊ
有稜有角,1,ㄧㄡˇ ㄌㄥˊ ㄧㄡˇ ㄐㄧㄠˇ
有緊沒要,1,ㄧㄡˇ ㄐㄧㄣˇ ㄇㄟˊ ㄧㄠˋ
有線電報,1,ㄧㄡˇ ㄒㄧㄢˋ ㄉㄧㄢˋ ㄅㄠˋ
有線電話,1,ㄧㄡˇ ㄒㄧㄢˋ ㄉㄧㄢˋ ㄏㄨㄚˋ
有翅難飛,1,ㄧㄡˇ ㄔˋ ㄋㄢˊ ㄈㄟ
有胎盤類,1,ㄧㄡˇ ㄊㄞ ㄆㄢˊ ㄌㄟˋ
有腳書廚,1,ㄧㄡˇ ㄐㄧㄠˇ ㄕㄨ ㄔㄨˊ
有腳陽春,1,ㄧㄡˇ ㄐㄧㄠˇ ㄧㄤˊ ㄔㄨㄣ
有膽有識,1,ㄧㄡˇ ㄉㄢˇ ㄧㄡˇ ㄕˋ
有血有肉,1,ㄧㄡˇ ㄒㄩㄝˋ ㄧㄡˇ ㄖㄡˋ
有要沒緊,1,ㄧㄡˇ ㄧㄠˋ ㄇㄟˊ ㄐㄧㄣˇ
有證為憑,1,ㄧㄡˇ ㄓㄥˋ ㄨㄟˊ ㄆㄧㄥˊ
有財有勢,1,ㄧㄡˇ ㄘㄞˊ ㄧㄡˇ ㄕˋ
有進無退,1,ㄧㄡˇ ㄐㄧㄣˋ ㄨˊ ㄊㄨㄟˋ
有鉤絛蟲,1,ㄧㄡˇ ㄍㄡ ㄊㄠ ㄔㄨㄥˊ
有錢有勢,1,ㄧㄡˇ ㄑㄧㄢˊ ㄧㄡˇ ㄕˋ
有限小數,1,ㄧㄡˇ ㄒㄧㄢˋ ㄒㄧㄠˇ ㄕㄨˋ
有限戰爭,1,ㄧㄡˇ ㄒㄧㄢˋ ㄓㄢˋ ㄓㄥ
有限政府,1,ㄧㄡˇ ㄒㄧㄢˋ ㄓㄥˋ ㄈㄨˇ
有限花序,1,ㄧㄡˇ ㄒㄧㄢˋ ㄏㄨㄚ ㄒㄩˋ
有鬼似的,1,ㄧㄡˇ ㄍㄨㄟˇ ㄙˋ ㄉㄜ˙
有魂沒識,1,ㄧㄡˇ ㄏㄨㄣˊ ㄇㄟˊ ㄕˋ
有點頭緒,1,ㄧㄡˇ ㄉㄧㄢˇ ㄊㄡˊ ㄒㄩˋ
有齒郵票,1,ㄧㄡˇ ㄔˇ ㄧㄡˊ ㄆㄧㄠˋ
朋友有舊,1,ㄆㄥˊ ㄧㄡˇ ㄧㄡˇ ㄐㄧㄡˋ
朋比作仇,1,ㄆㄥˊ ㄅㄧˋ ㄗㄨㄛˋ ㄔㄡˊ
朋比作奸,1,ㄆㄥˊ ㄅㄧˋ ㄗㄨㄛˋ ㄐㄧㄢ
朋黨之爭,1,ㄆㄥˊ ㄉㄤˇ ㄓ ㄓㄥ
朋黨比周,1,ㄆㄥˊ ㄉㄤˇ ㄅㄧˋ ㄓㄡ
服低做小,1,ㄈㄨˊ ㄉㄧ ㄗㄨㄛˋ ㄒㄧㄠˇ
服內生子,1,ㄈㄨˊ ㄋㄟˋ ㄕㄥ ㄗˇ
服冕乘軒,1,ㄈㄨˊ ㄇㄧㄢˇ ㄔㄥˊ ㄒㄩㄢ
服務規程,1,ㄈㄨˊ ㄨˋ ㄍㄨㄟ ㄔㄥˊ
服務連鎖,1,ㄈㄨˊ ㄨˋ ㄌㄧㄢˊ ㄙㄨㄛˇ
服服貼貼,1,ㄈㄨˊ ㄈㄨ˙ ㄊㄧㄝ ㄊㄧㄝ
服氣吞露,1,ㄈㄨˊ ㄑㄧˋ ㄊㄨㄣ ㄌㄨˋ
服氣餐霞,1,ㄈㄨˊ ㄑㄧˋ ㄘㄢ ㄒㄧㄚˊ
服裝設計,1,ㄈㄨˊ ㄓㄨㄤ ㄕㄜˋ ㄐㄧˋ
服露餐霞,1,ㄈㄨˊ ㄌㄨˋ ㄘㄢ ㄒㄧㄚˊ
朗月清風,1,ㄌㄤˇ ㄩㄝˋ ㄑㄧㄥ ㄈㄥ
朗朗雲天,1,ㄌㄤˇ ㄌㄤˇ ㄩㄣˊ ㄊㄧㄢ
朗朗高談,1,ㄌㄤˇ ㄌㄤˇ ㄍㄠ ㄊㄢˊ
朗目疏眉,1,ㄌㄤˇ ㄇㄨˋ ㄕㄨ ㄇㄟˊ
望其肩背,1,ㄨㄤˋ ㄑㄧˊ ㄐㄧㄢ ㄅㄟˋ
望其肩項,1,ㄨㄤˋ ㄑㄧˊ ㄐㄧㄢ ㄒㄧㄤˋ
望古遙集,1,ㄨㄤˋ ㄍㄨˇ ㄧㄠˊ ㄐㄧˊ
望塵而拜,1,ㄨㄤˋ ㄔㄣˊ ㄦˊ ㄅㄞˋ
望帝啼鵑,1,ㄨㄤˋ ㄉㄧˋ ㄊㄧˊ ㄐㄩㄢ
望杏瞻榆,1,ㄨㄤˋ ㄒㄧㄥˋ ㄓㄢ ㄩˊ
望杏瞻蒲,1,ㄨㄤˋ ㄒㄧㄥˋ ㄓㄢ ㄆㄨˊ
望梅消渴,1,ㄨㄤˋ ㄇㄟˊ ㄒㄧㄠ ㄎㄜˇ
望洋驚嘆,1,ㄨㄤˋ ㄧㄤˊ ㄐㄧㄥ ㄊㄢˋ
望眼將穿,1,ㄨㄤˋ ㄧㄢˇ ㄐㄧㄤ ㄔㄨㄢ
望秋先零,1,ㄨㄤˋ ㄑㄧㄡ ㄒㄧㄢ ㄌㄧㄥˊ
望衡對宇,1,ㄨㄤˋ ㄏㄥˊ ㄉㄨㄟˋ ㄩˇ
望遠鏡頭,1,ㄨㄤˋ ㄩㄢˇ ㄐㄧㄥˋ ㄊㄡˊ
望門大嚼,1,ㄨㄤˋ ㄇㄣˊ ㄉㄚˋ ㄐㄩㄝˊ
望雲之情,1,ㄨㄤˋ ㄩㄣˊ ㄓ ㄑㄧㄥˊ
望風希指,1,ㄨㄤˋ ㄈㄥ ㄒㄧ ㄓˇ
望風承旨,1,ㄨㄤˋ ㄈㄥ ㄔㄥˊ ㄓˇ
望風捕影,1,ㄨㄤˋ ㄈㄥ ㄅㄨˇ ㄧㄥˇ
望風瓦解,1,ㄨㄤˋ ㄈㄥ ㄨㄚˇ ㄐㄧㄝˇ
望風而潰,1,ㄨㄤˋ ㄈㄥ ㄦˊ ㄎㄨㄟˋ
望風而走,1,ㄨㄤˋ ㄈㄥ ㄦˊ ㄗㄡˇ
望風而遁,1,ㄨㄤˋ ㄈㄥ ㄦˊ ㄉㄨㄣˋ
望風而降,1,ㄨㄤˋ ㄈㄥ ㄦˊ ㄒㄧㄤˊ
望風而靡,1,ㄨㄤˋ ㄈㄥ ㄦˊ ㄇㄧˇ
望風響應,1,ㄨㄤˋ ㄈㄥ ㄒㄧㄤˇ ㄧㄥˋ
朝不保暮,1,ㄓㄠ ㄅㄨˋ ㄅㄠˇ ㄇㄨˋ
朝不及夕,1,ㄓㄠ ㄅㄨˋ ㄐㄧˊ ㄒㄧˋ
朝不圖夕,1,ㄓㄠ ㄅㄨˋ ㄊㄨˊ ㄒㄧˋ
朝不慮夕,1,ㄓㄠ ㄅㄨˋ ㄌㄩˋ ㄒㄧˋ
朝不謀夕,1,ㄓㄠ ㄅㄨˋ ㄇㄡˊ ㄒㄧˋ
朝乾夕惕,1,ㄓㄠ ㄑㄧㄢˊ ㄒㄧˋ ㄊㄧˋ
朝來暮去,1,ㄓㄠ ㄌㄞˊ ㄇㄨˋ ㄑㄩˋ
朝兢夕惕,1,ㄓㄠ ㄐㄧㄥ ㄒㄧˋ ㄊㄧˋ
朝出夕改,1,ㄓㄠ ㄔㄨ ㄒㄧˋ ㄍㄞˇ
朝升暮合,1,ㄓㄠ ㄕㄥ ㄇㄨˋ ㄍㄜˇ
朝參暮禮,1,ㄓㄠ ㄘㄢ ㄇㄨˋ ㄌㄧˇ
朝夕不倦,1,ㄓㄠ ㄒㄧˋ ㄅㄨˋ ㄐㄩㄢˋ
朝夕難保,1,ㄓㄠ ㄒㄧˋ ㄋㄢˊ ㄅㄠˇ
朝天搗亂,1,ㄔㄠˊ ㄊㄧㄢ ㄉㄠˇ ㄌㄨㄢˋ
朝天餛飩,1,ㄔㄠˊ ㄊㄧㄢ ㄏㄨㄣˊ ㄉㄨㄣ˙
朝思夕想,1,ㄓㄠ ㄙ ㄒㄧˋ ㄒㄧㄤˇ
朝思夕計,1,ㄓㄠ ㄙ ㄒㄧˋ ㄐㄧˋ
朝暮課誦,1,ㄓㄠ ㄇㄨˋ ㄎㄜˋ ㄙㄨㄥˋ
朝更夕改,1,ㄓㄠ ㄍㄥ ㄒㄧˋ ㄍㄞˇ
朝更暮改,1,ㄓㄠ ㄍㄥ ㄇㄨˋ ㄍㄞˇ
朝東暮西,1,ㄓㄠ ㄉㄨㄥ ㄇㄨˋ ㄒㄧ
朝梁暮晉,1,ㄓㄠ ㄌㄧㄤˊ ㄇㄨˋ ㄐㄧㄣˋ
朝梁暮陳,1,ㄓㄠ ㄌㄧㄤˊ ㄇㄨˋ ㄔㄣˊ
朝榮夕悴,1,ㄓㄠ ㄖㄨㄥˊ ㄒㄧˋ ㄘㄨㄟˋ
朝榮夕斃,1,ㄓㄠ ㄖㄨㄥˊ ㄒㄧˋ ㄅㄧˋ
朝榮夕滅,1,ㄓㄠ ㄖㄨㄥˊ ㄒㄧˋ ㄇㄧㄝˋ
朝榮暮落,1,ㄓㄠ ㄖㄨㄥˊ ㄇㄨˋ ㄌㄨㄛˋ
朝歌夜絃,1,ㄓㄠ ㄍㄜ ㄧㄝˋ ㄒㄧㄢˊ
朝歌暮樂,1,ㄓㄠ ㄍㄜ ㄇㄨˋ ㄩㄝˋ
朝歌暮絃,1,ㄓㄠ ㄍㄜ ㄇㄨˋ ㄒㄧㄢˊ
朝歌鼓刀,1,ㄓㄠ ㄍㄜ ㄍㄨˇ ㄉㄠ
朝歡暮樂,1,ㄓㄠ ㄏㄨㄢ ㄇㄨˋ ㄌㄜˋ
朝氣勃勃,1,ㄓㄠ ㄑㄧˋ ㄅㄛˊ ㄅㄛˊ
朝經暮史,1,ㄓㄠ ㄐㄧㄥ ㄇㄨˋ ㄕˇ
朝聞夕改,1,ㄓㄠ ㄨㄣˊ ㄒㄧˋ ㄍㄞˇ
朝聞夕死,1,ㄓㄠ ㄨㄣˊ ㄒㄧˋ ㄙˇ
朝虀暮鹽,1,ㄓㄠ ㄐㄧ ㄇㄨˋ ㄧㄢˊ
朝行夕改,1,ㄓㄠ ㄒㄧㄥˊ ㄒㄧˋ ㄍㄞˇ
朝西暮東,1,ㄓㄠ ㄒㄧ ㄇㄨˋ ㄉㄨㄥ
朝趁暮食,1,ㄓㄠ ㄔㄣˋ ㄇㄨˋ ㄕˊ
朝過夕改,1,ㄓㄠ ㄍㄨㄛˋ ㄒㄧˋ ㄍㄞˇ
朝遷市變,1,ㄔㄠˊ ㄑㄧㄢ ㄕˋ ㄅㄧㄢˋ
朝鐘暮鼓,1,ㄓㄠ ㄓㄨㄥ ㄇㄨˋ ㄍㄨˇ
朝陽方案,1,ㄓㄠ ㄧㄤˊ ㄈㄤ ㄢˋ
朝陽鳴鳳,1,ㄓㄠ ㄧㄤˊ ㄇㄧㄥˊ ㄈㄥˋ
朝雲暮雨,1,ㄓㄠ ㄩㄣˊ ㄇㄨˋ ㄩˇ
朝餐夜宿,1,ㄓㄠ ㄘㄢ ㄧㄝˋ ㄙㄨˋ
朝饔夕飧,1,ㄓㄠ ㄩㄥ ㄒㄧˋ ㄙㄨㄣ
朝鮮海峽,1,ㄔㄠˊ ㄒㄧㄢ ㄏㄞˇ ㄒㄧㄚˊ
期中選舉,1,ㄑㄧˊ ㄓㄨㄥ ㄒㄩㄢˇ ㄐㄩˇ
期月有成,1,ㄐㄧ ㄩㄝˋ ㄧㄡˇ ㄔㄥˊ
期終考試,1,ㄑㄧˊ ㄓㄨㄥ ㄎㄠˇ ㄕˋ
期頤之壽,1,ㄑㄧˊ ㄧˊ ㄓ ㄕㄡˋ
期頤偕老,1,ㄑㄧˊ ㄧˊ ㄒㄧㄝˊ ㄌㄠˇ
朦昧執迷,1,ㄇㄥˊ ㄇㄟˋ ㄓˊ ㄇㄧˊ
朦朧保舉,1,ㄇㄥˊ ㄌㄨㄥˊ ㄅㄠˇ ㄐㄩˇ
朦朧恍惚,1,ㄇㄥˊ ㄌㄨㄥˊ ㄏㄨㄤˇ ㄏㄨ
朦朧朦朧,1,ㄇㄥˊ ㄌㄨㄥˊ ㄇㄥˊ ㄌㄨㄥˊ
木偶影片,1,ㄇㄨˋ ㄡˇ ㄧㄥˇ ㄆㄧㄢˋ
木刻水印,1,ㄇㄨˋ ㄎㄜ ㄕㄨㄟˇ ㄧㄣˋ
木匠戴枷,1,ㄇㄨˋ ㄐㄧㄤˋ ㄉㄞˋ ㄐㄧㄚ
木強則折,1,ㄇㄨˋ ㄑㄧㄤˊ ㄗㄜˊ ㄓㄜˊ
木形灰心,1,ㄇㄨˋ ㄒㄧㄥˊ ㄏㄨㄟ ㄒㄧㄣ
木心石腹,1,ㄇㄨˋ ㄒㄧㄣ ㄕˊ ㄈㄨˋ
木拐梯子,1,ㄇㄨˋ ㄍㄨㄞˇ ㄊㄧ ㄗ˙
木木樗樗,1,ㄇㄨˋ ㄇㄨˋ ㄕㄨ ㄕㄨ
木朽不雕,1,ㄇㄨˋ ㄒㄧㄡˇ ㄅㄨˋ ㄉㄧㄠ
木材工業,1,ㄇㄨˋ ㄘㄞˊ ㄍㄨㄥ ㄧㄝˋ
木板大鼓,1,ㄇㄨˋ ㄅㄢˇ ㄉㄚˋ ㄍㄨˇ
木浦模式,1,ㄇㄨˋ ㄆㄨˇ ㄇㄛˊ ㄕˋ
木版印刷,1,ㄇㄨˋ ㄅㄢˇ ㄧㄣˋ ㄕㄨㄚ
木猴而冠,1,ㄇㄨˋ ㄏㄡˊ ㄦˊ ㄍㄨㄢˋ
木瓜酵素,1,ㄇㄨˋ ㄍㄨㄚ ㄒㄧㄠˋ ㄙㄨˋ
木石為徒,1,ㄇㄨˋ ㄕˊ ㄨㄟˊ ㄊㄨˊ
木管樂器,1,ㄇㄨˋ ㄍㄨㄢˇ ㄩㄝˋ ㄑㄧˋ
木蘭從軍,1,ㄇㄨˋ ㄌㄢˊ ㄘㄨㄥˊ ㄐㄩㄣ
木訥無言,1,ㄇㄨˋ ㄋㄜˋ ㄨˊ ㄧㄢˊ
木雞養到,1,ㄇㄨˋ ㄐㄧ ㄧㄤˇ ㄉㄠˋ
木頭似的,1,ㄇㄨˋ ㄊㄡ˙ ㄙˋ ㄉㄜ˙
木頭木腦,1,ㄇㄨˋ ㄊㄡˊ ㄇㄨˋ ㄋㄠˇ
未了公案,1,ㄨㄟˋ ㄌㄧㄠˇ ㄍㄨㄥ ㄢˋ
未來主義,1,ㄨㄟˋ ㄌㄞˊ ㄓㄨˇ ㄧˋ
未可限量,1,ㄨㄟˋ ㄎㄜˇ ㄒㄧㄢˋ ㄌㄧㄤˋ
未婚媽媽,1,ㄨㄟˋ ㄏㄨㄣ ㄇㄚ ㄇㄚ˙
未形之患,1,ㄨㄟˋ ㄒㄧㄥˊ ㄓ ㄏㄨㄢˋ
未成一簣,1,ㄨㄟˋ ㄔㄥˊ ㄧ ㄎㄨㄟˋ
未明求衣,1,ㄨㄟˋ ㄇㄧㄥˊ ㄑㄧㄡˊ ㄧ
未焚徙薪,1,ㄨㄟˋ ㄈㄣˊ ㄒㄧˇ ㄒㄧㄣ
未知可否,1,ㄨㄟˋ ㄓ ㄎㄜˇ ㄈㄡˇ
未知所措,1,ㄨㄟˋ ㄓ ㄙㄨㄛˇ ㄘㄨㄛˋ
未知萬一,1,ㄨㄟˋ ㄓ ㄨㄢˋ ㄧ
未艾方興,1,ㄨㄟˋ ㄞˋ ㄈㄤ ㄒㄧㄥ
未識一丁,1,ㄨㄟˋ ㄕˋ ㄧ ㄉㄧㄥ
未足為道,1,ㄨㄟˋ ㄗㄨˊ ㄨㄟˊ ㄉㄠˋ
未足輕重,1,ㄨㄟˋ ㄗㄨˊ ㄑㄧㄥ ㄓㄨㄥˋ
未辨東西,1,ㄨㄟˋ ㄅㄧㄢˋ ㄉㄨㄥ ㄒㄧ
未達一間,1,ㄨㄟˋ ㄉㄚˊ ㄧ ㄐㄧㄢˋ
未風先雨,1,ㄨㄟˋ ㄈㄥ ㄒㄧㄢ ㄩˇ
末大不掉,1,ㄇㄛˋ ㄉㄚˋ ㄅㄨˋ ㄉㄧㄠˋ
末大必折,1,ㄇㄛˋ ㄉㄚˋ ㄅㄧˋ ㄓㄜˊ
末如之何,1,ㄇㄛˋ ㄖㄨˊ ㄓ ㄏㄜˊ
末學膚受,1,ㄇㄛˋ ㄒㄩㄝˊ ㄈㄨ ㄕㄡˋ
末尾三梢,1,ㄇㄛˋ ㄨㄟˇ ㄙㄢ ㄕㄠ
末尾三稍,1,ㄇㄛˋ ㄨㄟˇ ㄙㄢ ㄕㄠ
末梢神經,1,ㄇㄛˋ ㄕㄠ ㄕㄣˊ ㄐㄧㄥ
末節細行,1,ㄇㄛˋ ㄐㄧㄝˊ ㄒㄧˋ ㄒㄧㄥˋ
末路之難,1,ㄇㄛˋ ㄌㄨˋ ㄓ ㄋㄢˊ
末路窮途,1,ㄇㄛˋ ㄌㄨˋ ㄑㄩㄥˊ ㄊㄨˊ
本事不濟,1,ㄅㄣˇ ㄕ˙ ㄅㄨˋ ㄐㄧˋ
本事高強,1,ㄅㄣˇ ㄕ˙ ㄍㄠ ㄑㄧㄤˊ
本司三院,1,ㄅㄣˇ ㄙ ㄙㄢ ㄩㄢˋ
本同末異,1,ㄅㄣˇ ㄊㄨㄥˊ ㄇㄛˋ ㄧˋ
本土文化,1,ㄅㄣˇ ㄊㄨˇ ㄨㄣˊ ㄏㄨㄚˋ
本地風光,1,ㄅㄣˇ ㄉㄧˋ ㄈㄥ ㄍㄨㄤ
本大利寬,1,ㄅㄣˇ ㄉㄚˋ ㄌㄧˋ ㄎㄨㄢ
本小利微,1,ㄅㄣˇ ㄒㄧㄠˇ ㄌㄧˋ ㄨㄟˊ
本支百世,1,ㄅㄣˇ ㄓ ㄅㄞˇ ㄕˋ
本末不稱,1,ㄅㄣˇ ㄇㄛˋ ㄅㄨˋ ㄔㄥˋ
本末有序,1,ㄅㄣˇ ㄇㄛˋ ㄧㄡˇ ㄒㄩˋ
本末舛逆,1,ㄅㄣˇ ㄇㄛˋ ㄔㄨㄢˇ ㄋㄧˋ
本末顛倒,1,ㄅㄣˇ ㄇㄛˋ ㄉㄧㄢ ㄉㄠˇ
本本分分,1,ㄅㄣˇ ㄅㄣˇ ㄈㄣˋ ㄈㄣˋ
本本源源,1,ㄅㄣˇ ㄅㄣˇ ㄩㄢˊ ㄩㄢˊ
本枝百世,1,ㄅㄣˇ ㄓ ㄅㄞˇ ㄕˋ
本等伎倆,1,ㄅㄣˇ ㄉㄥˇ ㄐㄧˋ ㄌㄧㄤˇ
本色當行,1,ㄅㄣˇ ㄙㄜˋ ㄉㄤ ㄏㄤˊ
本草藥學,1,ㄅㄣˇ ㄘㄠˇ ㄧㄠˋ ㄒㄩㄝˊ
本鄉本土,1,ㄅㄣˇ ㄒㄧㄤ ㄅㄣˇ ㄊㄨˇ
札手舞腳,1,ㄓㄚˊ ㄕㄡˇ ㄨˇ ㄐㄧㄠˇ
札賚諾爾,1,ㄓㄚˊ ㄌㄞˋ ㄋㄨㄛˋ ㄦˇ
朱口皓齒,1,ㄓㄨ ㄎㄡˇ ㄏㄠˋ ㄔˇ
朱墨爛然,1,ㄓㄨ ㄇㄛˋ ㄌㄢˋ ㄖㄢˊ
朱子家訓,1,ㄓㄨ ㄗˇ ㄐㄧㄚ ㄒㄩㄣˋ
朱子語錄,1,ㄓㄨ ㄗˇ ㄩˇ ㄌㄨˋ
朱子語類,1,ㄓㄨ ㄗˇ ㄩˇ ㄌㄟˋ
朱干玉戚,1,ㄓㄨ ㄍㄢ ㄩˋ ㄑㄧ
朱弦玉磬,1,ㄓㄨ ㄒㄧㄢˊ ㄩˋ ㄑㄧㄥˋ
朱理安曆,1,ㄓㄨ ㄌㄧˇ ㄢ ㄌㄧˋ
朱瓦碧甍,1,ㄓㄨ ㄨㄚˇ ㄅㄧˋ ㄇㄥˊ
朱甍碧瓦,1,ㄓㄨ ㄇㄥˊ ㄅㄧˋ ㄨㄚˇ
朱紫難別,1,ㄓㄨ ㄗˇ ㄋㄢˊ ㄅㄧㄝˊ
朱脣榴齒,1,ㄓㄨ ㄔㄨㄣˊ ㄌㄧㄡˊ ㄔˇ
朱脣皓齒,1,ㄓㄨ ㄔㄨㄣˊ ㄏㄠˋ ㄔˇ
朱脣粉面,1,ㄓㄨ ㄔㄨㄣˊ ㄈㄣˇ ㄇㄧㄢˋ
朱衣點頭,1,ㄓㄨ ㄧ ㄉㄧㄢˇ ㄊㄡˊ
朱輪華轂,1,ㄓㄨ ㄌㄨㄣˊ ㄏㄨㄚˊ ㄍㄨˇ
朱轓皂蓋,1,ㄓㄨ ㄈㄢ ㄗㄠˋ ㄍㄞˋ
朱門繡戶,1,ㄓㄨ ㄇㄣˊ ㄒㄧㄡˋ ㄏㄨˋ
朱閣青樓,1,ㄓㄨ ㄍㄜˊ ㄑㄧㄥ ㄌㄡˊ
朱陳之好,1,ㄓㄨ ㄔㄣˊ ㄓ ㄏㄠˇ
朱陸異同,1,ㄓㄨ ㄌㄨˋ ㄧˋ ㄊㄨㄥˊ
朱雲折檻,1,ㄓㄨ ㄩㄣˊ ㄓㄜˊ ㄐㄧㄢˋ
朱顏粉面,1,ㄓㄨ ㄧㄢˊ ㄈㄣˇ ㄇㄧㄢˋ
朱顏鶴髮,1,ㄓㄨ ㄧㄢˊ ㄏㄜˋ ㄈㄚˇ
朴資茅斯,1,ㄆㄛˋ ㄗ ㄇㄠˊ ㄙ
朵朵蓮花,1,ㄉㄨㄛˇ ㄉㄨㄛˇ ㄌㄧㄢˊ ㄏㄨㄚ
朵頤大嚼,1,ㄉㄨㄛˇ ㄧˊ ㄉㄚˋ ㄐㄧㄠˊ
朽木不雕,1,ㄒㄧㄡˇ ㄇㄨˋ ㄅㄨˋ ㄉㄧㄠ
朽木之才,1,ㄒㄧㄡˇ ㄇㄨˋ ㄓ ㄘㄞˊ
朽木死灰,1,ㄒㄧㄡˇ ㄇㄨˋ ㄙˇ ㄏㄨㄟ
朽木糞牆,1,ㄒㄧㄡˇ ㄇㄨˋ ㄈㄣˋ ㄑㄧㄤˊ
朽株枯木,1,ㄒㄧㄡˇ ㄓㄨ ㄎㄨ ㄇㄨˋ
朽棘不彫,1,ㄒㄧㄡˇ ㄐㄧˊ ㄅㄨˋ ㄉㄧㄠ
李下無蹊,1,ㄌㄧˇ ㄒㄧㄚˋ ㄨˊ ㄒㄧ
李下瓜田,1,ㄌㄧˇ ㄒㄧㄚˋ ㄍㄨㄚ ㄊㄧㄢˊ
李劉馬夏,1,ㄌㄧˇ ㄌㄧㄡˊ ㄇㄚˇ ㄒㄧㄚˋ
李峪風格,1,ㄌㄧˇ ㄩˋ ㄈㄥ ㄍㄜˊ
李廣射虎,1,ㄌㄧˇ ㄍㄨㄤˇ ㄕㄜˋ ㄏㄨˇ
李廣難封,1,ㄌㄧˇ ㄍㄨㄤˇ ㄋㄢˊ ㄈㄥ
李思訓碑,1,ㄌㄧˇ ㄙ ㄒㄩㄣˋ ㄅㄟ
李提摩太,1,ㄌㄧˇ ㄊㄧˊ ㄇㄛˊ ㄊㄞˋ
李郭同舟,1,ㄌㄧˇ ㄍㄨㄛ ㄊㄨㄥˊ ㄓㄡ
李陵變文,1,ㄌㄧˇ ㄌㄧㄥˊ ㄅㄧㄢˋ ㄨㄣˊ
杏臉桃腮,1,ㄒㄧㄥˋ ㄌㄧㄢˇ ㄊㄠˊ ㄙㄞ
杏雨梨雲,1,ㄒㄧㄥˋ ㄩˇ ㄌㄧˊ ㄩㄣˊ
材堪盤錯,1,ㄘㄞˊ ㄎㄢ ㄆㄢˊ ㄘㄨㄛˋ
材大難用,1,ㄘㄞˊ ㄉㄚˋ ㄋㄢˊ ㄩㄥˋ
材智高奇,1,ㄘㄞˊ ㄓˋ ㄍㄠ ㄑㄧˊ
材疏志大,1,ㄘㄞˊ ㄕㄨ ㄓˋ ㄉㄚˋ
材能兼備,1,ㄘㄞˊ ㄋㄥˊ ㄐㄧㄢ ㄅㄟˋ
材輕德薄,1,ㄘㄞˊ ㄑㄧㄥ ㄉㄜˊ ㄅㄛˊ
材高知深,1,ㄘㄞˊ ㄍㄠ ㄓˋ ㄕㄣ
村夫俗子,1,ㄘㄨㄣ ㄈㄨ ㄙㄨˊ ㄗˇ
村夫野老,1,ㄘㄨㄣ ㄈㄨ ㄧㄝˇ ㄌㄠˇ
村居野店,1,ㄘㄨㄣ ㄐㄩ ㄧㄝˇ ㄉㄧㄢˋ
村村勢勢,1,ㄘㄨㄣ ㄘㄨㄣ ㄕˋ ㄕˋ
村沙樣勢,1,ㄘㄨㄣ ㄕㄚ ㄧㄤˋ ㄕˋ
村生泊長,1,ㄘㄨㄣ ㄕㄥ ㄅㄛˊ ㄓㄤˇ
村筋俗骨,1,ㄘㄨㄣ ㄐㄧㄣ ㄙㄨˊ ㄍㄨˇ
村聲潑嗓,1,ㄘㄨㄣ ㄕㄥ ㄆㄛ ㄙㄤˇ
杖莫如信,1,ㄓㄤˋ ㄇㄛˋ ㄖㄨˊ ㄒㄧㄣˋ
杖頭木偶,1,ㄓㄤˋ ㄊㄡˊ ㄇㄨˋ ㄡˇ
杜口吞聲,1,ㄉㄨˋ ㄎㄡˇ ㄊㄨㄣ ㄕㄥ
杜口無言,1,ㄉㄨˋ ㄎㄡˇ ㄨˊ ㄧㄢˊ
杜口結舌,1,ㄉㄨˋ ㄎㄡˇ ㄐㄧㄝˊ ㄕㄜˊ
杜口絕舌,1,ㄉㄨˋ ㄎㄡˇ ㄐㄩㄝˊ ㄕㄜˊ
杜口絕言,1,ㄉㄨˋ ㄎㄡˇ ㄐㄩㄝˊ ㄧㄢˊ
杜口裹足,1,ㄉㄨˋ ㄎㄡˇ ㄍㄨㄛˇ ㄗㄨˊ
杜微慎防,1,ㄉㄨˋ ㄨㄟˊ ㄕㄣˋ ㄈㄤˊ
杜漸防微,1,ㄉㄨˋ ㄐㄧㄢˋ ㄈㄤˊ ㄨㄟˊ
杜漸防萌,1,ㄉㄨˋ ㄐㄧㄢˋ ㄈㄤˊ ㄇㄥˊ
杜漸除微,1,ㄉㄨˋ ㄐㄧㄢˋ ㄔㄨˊ ㄨㄟˊ
杜郵之戮,1,ㄉㄨˋ ㄧㄡˊ ㄓ ㄌㄨˋ
杜門不出,1,ㄉㄨˋ ㄇㄣˊ ㄅㄨˋ ㄔㄨ
杜門卻掃,1,ㄉㄨˋ ㄇㄣˊ ㄑㄩㄝˋ ㄙㄠˇ
杜門屏跡,1,ㄉㄨˋ ㄇㄣˊ ㄅㄧㄥˇ ㄐㄧ
杜門晦跡,1,ㄉㄨˋ ㄇㄣˊ ㄏㄨㄟˋ ㄐㄧ
杜門株守,1,ㄉㄨˋ ㄇㄣˊ ㄓㄨ ㄕㄡˇ
杜門自絕,1,ㄉㄨˋ ㄇㄣˊ ㄗˋ ㄐㄩㄝˊ
杜鵑啼血,1,ㄉㄨˋ ㄐㄩㄢ ㄊㄧˊ ㄒㄩㄝˋ
杞人之憂,1,ㄑㄧˇ ㄖㄣˊ ㄓ ㄧㄡ
杞國憂天,1,ㄑㄧˇ ㄍㄨㄛˊ ㄧㄡ ㄊㄧㄢ
杞宋無徵,1,ㄑㄧˇ ㄙㄨㄥˋ ㄨˊ ㄓㄥ
束帶頂冠,1,ㄕㄨˋ ㄉㄞˋ ㄉㄧㄥˇ ㄍㄨㄢ
束手就縛,1,ㄕㄨˋ ㄕㄡˇ ㄐㄧㄡˋ ㄈㄨˊ
束手旁觀,1,ㄕㄨˋ ㄕㄡˇ ㄆㄤˊ ㄍㄨㄢ
束手束腳,1,ㄕㄨˋ ㄕㄡˇ ㄕㄨˋ ㄐㄧㄠˇ
束手無措,1,ㄕㄨˋ ㄕㄡˇ ㄨˊ ㄘㄨㄛˋ
束杖理民,1,ㄕㄨˋ ㄓㄤˋ ㄌㄧˇ ㄇㄧㄣˊ
束縕請火,1,ㄕㄨˋ ㄩㄣˋ ㄑㄧㄥˇ ㄏㄨㄛˇ
束身修行,1,ㄕㄨˋ ㄕㄣ ㄒㄧㄡ ㄒㄧㄥˊ
束身就縛,1,ㄕㄨˋ ㄕㄣ ㄐㄧㄡˋ ㄈㄨˊ
束身自修,1,ㄕㄨˋ ㄕㄣ ㄗˋ ㄒㄧㄡ
束馬懸車,1,ㄕㄨˋ ㄇㄚˇ ㄒㄩㄢˊ ㄔㄜ
束髮封帛,1,ㄕㄨˋ ㄈㄚˇ ㄈㄥ ㄅㄛˊ
杭州灘簧,1,ㄏㄤˊ ㄓㄡ ㄊㄢ ㄏㄨㄤˊ
杭州評詞,1,ㄏㄤˊ ㄓㄡ ㄆㄧㄥˊ ㄘˊ
杭州評話,1,ㄏㄤˊ ㄓㄡ ㄆㄧㄥˊ ㄏㄨㄚˋ
杯中之物,1,ㄅㄟ ㄓㄨㄥ ㄓ ㄨˋ
杯水之謝,1,ㄅㄟ ㄕㄨㄟˇ ㄓ ㄒㄧㄝˋ
杯水粒粟,1,ㄅㄟ ㄕㄨㄟˇ ㄌㄧˋ ㄙㄨˋ
杯水車薪,1,ㄅㄟ ㄕㄨㄟˇ ㄐㄩ ㄒㄧㄣ
杯盤狼籍,1,ㄅㄟ ㄆㄢˊ ㄌㄤˊ ㄐㄧˊ
杯葛運動,1,ㄅㄟ ㄍㄜˊ ㄩㄣˋ ㄉㄨㄥˋ
杯蛇鬼車,1,ㄅㄟ ㄕㄜˊ ㄍㄨㄟˇ ㄐㄩ
杯觥交錯,1,ㄅㄟ ㄍㄨㄥ ㄐㄧㄠ ㄘㄨㄛˋ
杯酒戈矛,1,ㄅㄟ ㄐㄧㄡˇ ㄍㄜ ㄇㄠˊ
東三西四,1,ㄉㄨㄥ ㄙㄢ ㄒㄧ ㄙˋ
東交民巷,1,ㄉㄨㄥ ㄐㄧㄠ ㄇㄧㄣˊ ㄒㄧㄤˋ
東京影展,1,ㄉㄨㄥ ㄐㄧㄥ ㄧㄥˇ ㄓㄢˇ
東京股市,1,ㄉㄨㄥ ㄐㄧㄥ ㄍㄨˇ ㄕˋ
東來紫氣,1,ㄉㄨㄥ ㄌㄞˊ ㄗˇ ㄑㄧˋ
東來西去,1,ㄉㄨㄥ ㄌㄞˊ ㄒㄧ ㄑㄩˋ
東偷西摸,1,ㄉㄨㄥ ㄊㄡ ㄒㄧ ㄇㄛ
東兔西烏,1,ㄉㄨㄥ ㄊㄨˋ ㄒㄧ ㄨ
東加群島,1,ㄉㄨㄥ ㄐㄧㄚ ㄑㄩㄣˊ ㄉㄠˇ
東北三寶,1,ㄉㄨㄥ ㄅㄟˇ ㄙㄢ ㄅㄠˇ
東北大鼓,1,ㄉㄨㄥ ㄅㄟˇ ㄉㄚˋ ㄍㄨˇ
東北平原,1,ㄉㄨㄥ ㄅㄟˇ ㄆㄧㄥˊ ㄩㄢˊ
東南之美,1,ㄉㄨㄥ ㄋㄢˊ ㄓ ㄇㄟˇ
東南竹箭,1,ㄉㄨㄥ ㄋㄢˊ ㄓㄨˊ ㄐㄧㄢˋ
東坡居士,1,ㄉㄨㄥ ㄆㄛ ㄐㄩ ㄕˋ
東坦蕭然,1,ㄉㄨㄥ ㄊㄢˇ ㄒㄧㄠ ㄖㄢˊ
東央西告,1,ㄉㄨㄥ ㄧㄤ ㄒㄧ ㄍㄠˋ
東奔西向,1,ㄉㄨㄥ ㄅㄣ ㄒㄧ ㄒㄧㄤˋ
東奔西撞,1,ㄉㄨㄥ ㄅㄣ ㄒㄧ ㄓㄨㄤˋ
東奔西竄,1,ㄉㄨㄥ ㄅㄣ ㄒㄧ ㄘㄨㄢˋ
東奔西跑,1,ㄉㄨㄥ ㄅㄣ ㄒㄧ ㄆㄠˇ
東奔西跳,1,ㄉㄨㄥ ㄅㄣ ㄒㄧ ㄊㄧㄠˋ
東家之子,1,ㄉㄨㄥ ㄐㄧㄚ ㄓ ㄗˇ
東家效顰,1,ㄉㄨㄥ ㄐㄧㄚ ㄒㄧㄠˋ ㄆㄧㄣˊ
東尋西覓,1,ㄉㄨㄥ ㄒㄩㄣˊ ㄒㄧ ㄇㄧˋ
東山之志,1,ㄉㄨㄥ ㄕㄢ ㄓ ㄓˋ
東山法門,1,ㄉㄨㄥ ㄕㄢ ㄈㄚˇ ㄇㄣˊ
東山高臥,1,ㄉㄨㄥ ㄕㄢ ㄍㄠ ㄨㄛˋ
東差西誤,1,ㄉㄨㄥ ㄔㄚ ㄒㄧ ㄨˋ
東市朝衣,1,ㄉㄨㄥ ㄕˋ ㄔㄠˊ ㄧ
東床嬌婿,1,ㄉㄨㄥ ㄔㄨㄤˊ ㄐㄧㄠ ㄒㄩˋ
東床嬌客,1,ㄉㄨㄥ ㄔㄨㄤˊ ㄐㄧㄠ ㄎㄜˋ
東征西怨,1,ㄉㄨㄥ ㄓㄥ ㄒㄧ ㄩㄢˋ
東徙西遷,1,ㄉㄨㄥ ㄒㄧˇ ㄒㄧ ㄑㄧㄢ
東想西想,1,ㄉㄨㄥ ㄒㄧㄤˇ ㄒㄧ ㄒㄧㄤˇ
東扭西捏,1,ㄉㄨㄥ ㄋㄧㄡˇ ㄒㄧ ㄋㄧㄝ
東扯西拽,1,ㄉㄨㄥ ㄔㄜˇ ㄒㄧ ㄓㄨㄞˋ
東扶西倒,1,ㄉㄨㄥ ㄈㄨˊ ㄒㄧ ㄉㄠˇ
東抄西襲,1,ㄉㄨㄥ ㄔㄠ ㄒㄧ ㄒㄧˊ
東折西繞,1,ㄉㄨㄥ ㄓㄜˊ ㄒㄧ ㄖㄠˋ
東挨西撞,1,ㄉㄨㄥ ㄞ ㄒㄧ ㄓㄨㄤˋ
東挪西借,1,ㄉㄨㄥ ㄋㄨㄛˊ ㄒㄧ ㄐㄧㄝˋ
東挪西湊,1,ㄉㄨㄥ ㄋㄨㄛˊ ㄒㄧ ㄘㄡˋ
東掩西遮,1,ㄉㄨㄥ ㄧㄢˇ ㄒㄧ ㄓㄜ
東揚西蕩,1,ㄉㄨㄥ ㄧㄤˊ ㄒㄧ ㄉㄤˋ
東搖西擺,1,ㄉㄨㄥ ㄧㄠˊ ㄒㄧ ㄅㄞˇ
東摸西摸,1,ㄉㄨㄥ ㄇㄛ ㄒㄧ ㄇㄛ
東撈西摸,1,ㄉㄨㄥ ㄌㄠˊ ㄒㄧ ㄇㄛ
東撙西節,1,ㄉㄨㄥ ㄗㄨㄣˇ ㄒㄧ ㄐㄧㄝˊ
東支西吾,1,ㄉㄨㄥ ㄓ ㄒㄧ ㄨˊ
東方之日,1,ㄉㄨㄥ ㄈㄤ ㄓ ㄖˋ
東方快車,1,ㄉㄨㄥ ㄈㄤ ㄎㄨㄞˋ ㄔㄜ
東方未明,1,ㄉㄨㄥ ㄈㄤ ㄨㄟˋ ㄇㄧㄥˊ
東曦既駕,1,ㄉㄨㄥ ㄒㄧ ㄐㄧˋ ㄐㄧㄚˋ
東林書院,1,ㄉㄨㄥ ㄌㄧㄣˊ ㄕㄨ ㄩㄢˋ
東歐集團,1,ㄉㄨㄥ ㄡ ㄐㄧˊ ㄊㄨㄢˊ
東歪西倒,1,ㄉㄨㄥ ㄨㄞ ㄒㄧ ㄉㄠˇ
東洋大海,1,ㄉㄨㄥ ㄧㄤˊ ㄉㄚˋ ㄏㄞˇ
東海揚塵,1,ㄉㄨㄥ ㄏㄞˇ ㄧㄤˊ ㄔㄣˊ
東海撈針,1,ㄉㄨㄥ ㄏㄞˇ ㄌㄠ ㄓㄣ
東漸西被,1,ㄉㄨㄥ ㄐㄧㄢ ㄒㄧ ㄅㄟˋ
東瓜茄子,1,ㄉㄨㄥ ㄍㄨㄚ ㄑㄧㄝˊ ㄗ˙
東碰西撞,1,ㄉㄨㄥ ㄆㄥˋ ㄒㄧ ㄓㄨㄤˋ
東穿西撞,1,ㄉㄨㄥ ㄔㄨㄢ ㄒㄧ ㄓㄨㄤˋ
東箭南金,1,ㄉㄨㄥ ㄐㄧㄢˋ ㄋㄢˊ ㄐㄧㄣ
東翻西倒,1,ㄉㄨㄥ ㄈㄢ ㄒㄧ ㄉㄠˇ
東華大學,1,ㄉㄨㄥ ㄏㄨㄚˊ ㄉㄚˋ ㄒㄩㄝˊ
東蕩西除,1,ㄉㄨㄥ ㄉㄤˋ ㄒㄧ ㄔㄨˊ
東藏西躲,1,ㄉㄨㄥ ㄘㄤˊ ㄒㄧ ㄉㄨㄛˇ
東衝西突,1,ㄉㄨㄥ ㄔㄨㄥ ㄒㄧ ㄊㄨˊ
東觀之殃,1,ㄉㄨㄥ ㄍㄨㄢˋ ㄓ ㄧㄤ
東觀西望,1,ㄉㄨㄥ ㄍㄨㄢ ㄒㄧ ㄨㄤˋ
東討西伐,1,ㄉㄨㄥ ㄊㄠˇ ㄒㄧ ㄈㄚ
東討西征,1,ㄉㄨㄥ ㄊㄠˇ ㄒㄧ ㄓㄥ
東誆西騙,1,ㄉㄨㄥ ㄎㄨㄤ ㄒㄧ ㄆㄧㄢˋ
東走西撞,1,ㄉㄨㄥ ㄗㄡˇ ㄒㄧ ㄓㄨㄤˋ
東走西移,1,ㄉㄨㄥ ㄗㄡˇ ㄒㄧ ㄧˊ
東跑西顛,1,ㄉㄨㄥ ㄆㄠˇ ㄒㄧ ㄉㄧㄢ
東躲西藏,1,ㄉㄨㄥ ㄉㄨㄛˇ ㄒㄧ ㄘㄤˊ
東躲西跑,1,ㄉㄨㄥ ㄉㄨㄛˇ ㄒㄧ ㄆㄠˇ
東躲西逃,1,ㄉㄨㄥ ㄉㄨㄛˇ ㄒㄧ ㄊㄠˊ
東轉西晃,1,ㄉㄨㄥ ㄓㄨㄢˇ ㄒㄧ ㄏㄨㄤˋ
東道之情,1,ㄉㄨㄥ ㄉㄠˋ ㄓ ㄑㄧㄥˊ
東遮西掩,1,ㄉㄨㄥ ㄓㄜ ㄒㄧ ㄧㄢˇ
東遷西徙,1,ㄉㄨㄥ ㄑㄧㄢ ㄒㄧ ㄒㄧˇ
東野巴人,1,ㄉㄨㄥ ㄧㄝˇ ㄅㄚ ㄖㄣˊ
東量西折,1,ㄉㄨㄥ ㄌㄧㄤˊ ㄒㄧ ㄕㄜˊ
東門之墠,1,ㄉㄨㄥ ㄇㄣˊ ㄓ ㄕㄢˋ
東門之枌,1,ㄉㄨㄥ ㄇㄣˊ ㄓ ㄈㄣˊ
東門之楊,1,ㄉㄨㄥ ㄇㄣˊ ㄓ ㄧㄤˊ
東門之池,1,ㄉㄨㄥ ㄇㄣˊ ㄓ ㄔˊ
東門黃犬,1,ㄉㄨㄥ ㄇㄣˊ ㄏㄨㄤˊ ㄑㄩㄢˇ
東閃西挪,1,ㄉㄨㄥ ㄕㄢˇ ㄒㄧ ㄋㄨㄛˊ
東零西散,1,ㄉㄨㄥ ㄌㄧㄥˊ ㄒㄧ ㄙㄢˋ
東零西落,1,ㄉㄨㄥ ㄌㄧㄥˊ ㄒㄧ ㄌㄨㄛˋ
東飄西蕩,1,ㄉㄨㄥ ㄆㄧㄠ ㄒㄧ ㄉㄤˋ
東食西宿,1,ㄉㄨㄥ ㄕˊ ㄒㄧ ㄙㄨˋ
東鳴西應,1,ㄉㄨㄥ ㄇㄧㄥˊ ㄒㄧ ㄧㄥˋ
杳無人跡,1,ㄧㄠˇ ㄨˊ ㄖㄣˊ ㄐㄧ
杳無消息,1,ㄧㄠˇ ㄨˊ ㄒㄧㄠ ㄒㄧˊ
杳無蹤影,1,ㄧㄠˇ ㄨˊ ㄗㄨㄥ ㄧㄥˇ
杳無音信,1,ㄧㄠˇ ㄨˊ ㄧㄣ ㄒㄧㄣˋ
杳然無蹤,1,ㄧㄠˇ ㄖㄢˊ ㄨˊ ㄗㄨㄥ
杵臼關節,1,ㄔㄨˇ ㄐㄧㄡˋ ㄍㄨㄢ ㄐㄧㄝˊ
杼軸其空,1,ㄓㄨˋ ㄓㄡˊ ㄑㄧˊ ㄎㄨㄥ
松喬之壽,1,ㄙㄨㄥ ㄑㄧㄠˊ ㄓ ㄕㄡˋ
松尾芭蕉,1,ㄙㄨㄥ ㄨㄟˇ ㄅㄚ ㄐㄧㄠ
松材線蟲,1,ㄙㄨㄥ ㄘㄞˊ ㄒㄧㄢˋ ㄔㄨㄥˊ
松柏之堅,1,ㄙㄨㄥ ㄅㄛˊ ㄓ ㄐㄧㄢ
松柏之壽,1,ㄙㄨㄥ ㄅㄛˊ ㄓ ㄕㄡˋ
松柏之茂,1,ㄙㄨㄥ ㄅㄛˊ ㄓ ㄇㄠˋ
松柏節操,1,ㄙㄨㄥ ㄅㄛˊ ㄐㄧㄝˊ ㄘㄠ
松筠之操,1,ㄙㄨㄥ ㄩㄣˊ ㄓ ㄘㄠ
松筠之節,1,ㄙㄨㄥ ㄩㄣˊ ㄓ ㄐㄧㄝˊ
松篁交翠,1,ㄙㄨㄥ ㄏㄨㄤˊ ㄐㄧㄠ ㄘㄨㄟˋ
松葉牡丹,1,ㄙㄨㄥ ㄧㄝˋ ㄇㄨˇ ㄉㄢ
松蘿共倚,1,ㄙㄨㄥ ㄌㄨㄛˊ ㄍㄨㄥˋ ㄧˇ
松風水月,1,ㄙㄨㄥ ㄈㄥ ㄕㄨㄟˇ ㄩㄝˋ
松鶴延年,1,ㄙㄨㄥ ㄏㄜˋ ㄧㄢˊ ㄋㄧㄢˊ
板上釘釘,1,ㄅㄢˇ ㄕㄤˋ ㄉㄧㄥˋ ㄉㄧㄥ
板塊構造,1,ㄅㄢˇ ㄎㄨㄞˋ ㄍㄡˋ ㄗㄠˋ
板塊運動,1,ㄅㄢˇ ㄎㄨㄞˋ ㄩㄣˋ ㄉㄨㄥˋ
板大頭子,1,ㄅㄢˇ ㄉㄚˋ ㄊㄡˊ ㄗ˙
板搭饊子,1,ㄅㄢˇ ㄉㄚ ㄙㄢˇ ㄗ˙
板金工作,1,ㄅㄢˇ ㄐㄧㄣ ㄍㄨㄥ ㄗㄨㄛˋ
枇杷門巷,1,ㄆㄧˊ ㄆㄚˊ ㄇㄣˊ ㄒㄧㄤˋ
枉口拔舌,1,ㄨㄤˇ ㄎㄡˇ ㄅㄚˊ ㄕㄜˊ
枉尺直尋,1,ㄨㄤˇ ㄔˇ ㄓˊ ㄒㄩㄣˊ
枉擔虛名,1,ㄨㄤˇ ㄉㄢ ㄒㄩ ㄇㄧㄥˊ
枉死羅城,1,ㄨㄤˇ ㄙˇ ㄌㄨㄛˊ ㄔㄥˊ
枉突徙薪,1,ㄨㄤˇ ㄊㄨˊ ㄒㄧˇ ㄒㄧㄣ
枉費心計,1,ㄨㄤˇ ㄈㄟˋ ㄒㄧㄣ ㄐㄧˋ
枉費日月,1,ㄨㄤˇ ㄈㄟˋ ㄖˋ ㄩㄝˋ
枉費時日,1,ㄨㄤˇ ㄈㄟˋ ㄕˊ ㄖˋ
枉費脣舌,1,ㄨㄤˇ ㄈㄟˋ ㄔㄨㄣˊ ㄕㄜˊ
枉道事人,1,ㄨㄤˇ ㄉㄠˋ ㄕˋ ㄖㄣˊ
析圭分土,1,ㄒㄧ ㄍㄨㄟ ㄈㄣ ㄊㄨˇ
析圭擔爵,1,ㄒㄧ ㄍㄨㄟ ㄉㄢ ㄐㄩㄝˊ
析律舞文,1,ㄒㄧ ㄌㄩˋ ㄨˇ ㄨㄣˊ
析律貳端,1,ㄒㄧ ㄌㄩˋ ㄦˋ ㄉㄨㄢ
析毫剖釐,1,ㄒㄧ ㄏㄠˊ ㄆㄡˇ ㄌㄧˊ
析疑匡謬,1,ㄒㄧ ㄧˊ ㄎㄨㄤ ㄇㄧㄡˋ
析縷分條,1,ㄒㄧ ㄌㄩˇ ㄈㄣ ㄊㄧㄠˊ
析骨以爨,1,ㄒㄧ ㄍㄨˇ ㄧˇ ㄘㄨㄢˋ
析骨而炊,1,ㄒㄧ ㄍㄨˇ ㄦˊ ㄔㄨㄟ
析骸以爨,1,ㄒㄧ ㄏㄞˊ ㄧˇ ㄘㄨㄢˋ
析骸易子,1,ㄒㄧ ㄏㄞˊ ㄧˋ ㄗˇ
枕中鴻寶,1,ㄓㄣˇ ㄓㄨㄥ ㄏㄨㄥˊ ㄅㄠˇ
枕冷衾寒,1,ㄓㄣˇ ㄌㄥˇ ㄑㄧㄣ ㄏㄢˊ
枕席之歡,1,ㄓㄣˇ ㄒㄧˊ ㄓ ㄏㄨㄢ
枕戈嘗膽,1,ㄓㄣˋ ㄍㄜ ㄔㄤˊ ㄉㄢˇ
枕戈坐甲,1,ㄓㄣˋ ㄍㄜ ㄗㄨㄛˋ ㄐㄧㄚˇ
枕戈寢甲,1,ㄓㄣˋ ㄍㄜ ㄑㄧㄣˇ ㄐㄧㄚˇ
枕戈待敵,1,ㄓㄣˋ ㄍㄜ ㄉㄞˋ ㄉㄧˊ
枕戈汗馬,1,ㄓㄣˋ ㄍㄜ ㄏㄢˋ ㄇㄚˇ
枕戈泣血,1,ㄓㄣˋ ㄍㄜ ㄑㄧˋ ㄒㄩㄝˋ
枕戈飲膽,1,ㄓㄣˋ ㄍㄜ ㄧㄣˇ ㄉㄢˇ
枕石漱流,1,ㄓㄣˋ ㄕˊ ㄕㄨˋ ㄌㄧㄡˊ
枕經藉史,1,ㄓㄣˋ ㄐㄧㄥ ㄐㄧㄝˋ ㄕˇ
林下風氣,1,ㄌㄧㄣˊ ㄒㄧㄚˋ ㄈㄥ ㄑㄧˋ
林下風範,1,ㄌㄧㄣˊ ㄒㄧㄚˋ ㄈㄥ ㄈㄢˋ
林下風致,1,ㄌㄧㄣˊ ㄒㄧㄚˋ ㄈㄥ ㄓˋ
林冲夜奔,1,ㄌㄧㄣˊ ㄔㄨㄥ ㄧㄝˋ ㄅㄣˋ
林口臺地,1,ㄌㄧㄣˊ ㄎㄡˇ ㄊㄞˊ ㄉㄧˋ
林園大道,1,ㄌㄧㄣˊ ㄩㄢˊ ㄉㄚˋ ㄉㄠˋ
林慚澗愧,1,ㄌㄧㄣˊ ㄘㄢˊ ㄐㄧㄢˋ ㄎㄨㄟˋ
林無靜樹,1,ㄌㄧㄣˊ ㄨˊ ㄐㄧㄥˋ ㄕㄨˋ
林蔭蔽天,1,ㄌㄧㄣˊ ㄧㄣˋ ㄅㄧˋ ㄊㄧㄢ
枘圓鑿方,1,ㄖㄨㄟˋ ㄩㄢˊ ㄗㄨㄛˋ ㄈㄤ
果如其言,1,ㄍㄨㄛˇ ㄖㄨˊ ㄑㄧˊ ㄧㄢˊ
果如是言,1,ㄍㄨㄛˇ ㄖㄨˊ ㄕˋ ㄧㄢˊ
果擲行車,1,ㄍㄨㄛˇ ㄓˊ ㄒㄧㄥˊ ㄔㄜ
果然不錯,1,ㄍㄨㄛˇ ㄖㄢˊ ㄅㄨˋ ㄘㄨㄛˋ
果然如此,1,ㄍㄨㄛˇ ㄖㄢˊ ㄖㄨˊ ㄘˇ
果熟自落,1,ㄍㄨㄛˇ ㄕㄨˊ ㄗˋ ㄌㄨㄛˋ
果菜市場,1,ㄍㄨㄛˇ ㄘㄞˋ ㄕˋ ㄔㄤˊ
枝繁葉茂,1,ㄓ ㄈㄢˊ ㄧㄝˋ ㄇㄠˋ
枝詞蔓語,1,ㄓ ㄘˊ ㄇㄢˋ ㄩˇ
枯形灰心,1,ㄎㄨ ㄒㄧㄥˊ ㄏㄨㄟ ㄒㄧㄣ
枯木朽株,1,ㄎㄨ ㄇㄨˋ ㄒㄧㄡˇ ㄓㄨ
枯木死灰,1,ㄎㄨ ㄇㄨˋ ㄙˇ ㄏㄨㄟ
枯木生花,1,ㄎㄨ ㄇㄨˋ ㄕㄥ ㄏㄨㄚ
枯枝再春,1,ㄎㄨ ㄓ ㄗㄞˋ ㄔㄨㄣ
枯楊生稊,1,ㄎㄨ ㄧㄤˊ ㄕㄥ ㄊㄧˊ
枯楊生華,1,ㄎㄨ ㄧㄤˊ ㄕㄥ ㄏㄨㄚ
枯樹生華,1,ㄎㄨ ㄕㄨˋ ㄕㄥ ㄏㄨㄚ
枯樹開花,1,ㄎㄨ ㄕㄨˋ ㄎㄞ ㄏㄨㄚ
枯莖朽骨,1,ㄎㄨ ㄐㄧㄥ ㄒㄧㄡˇ ㄍㄨˇ
枯魚之肆,1,ㄎㄨ ㄩˊ ㄓ ㄙˋ
枯魚涸轍,1,ㄎㄨ ㄩˊ ㄏㄜˊ ㄔㄜˋ
枯魚病鶴,1,ㄎㄨ ㄩˊ ㄅㄧㄥˋ ㄏㄜˋ
枯魚銜索,1,ㄎㄨ ㄩˊ ㄒㄧㄢˊ ㄙㄨㄛˇ
枵腸轆轆,1,ㄒㄧㄠ ㄔㄤˊ ㄌㄨˋ ㄌㄨˋ
枵腹重趼,1,ㄒㄧㄠ ㄈㄨˋ ㄔㄨㄥˊ ㄐㄧㄢˇ
架子花臉,1,ㄐㄧㄚˋ ㄗ˙ ㄏㄨㄚ ㄌㄧㄢˇ
架架格格,1,ㄐㄧㄚˋ ㄐㄧㄚˋ ㄍㄜˊ ㄍㄜˊ
架海擎天,1,ㄐㄧㄚˋ ㄏㄞˇ ㄑㄧㄥˊ ㄊㄧㄢ
架海金梁,1,ㄐㄧㄚˋ ㄏㄞˇ ㄐㄧㄣ ㄌㄧㄤˊ
架謊鑿空,1,ㄐㄧㄚˋ ㄏㄨㄤˇ ㄗㄨㄛˋ ㄎㄨㄥ
枹鼓相應,1,ㄈㄨˊ ㄍㄨˇ ㄒㄧㄤ ㄧㄥˋ
柏吉斯法,1,ㄅㄛˊ ㄐㄧˊ ㄙ ㄈㄚˇ
柏吉烏斯,1,ㄅㄛˊ ㄐㄧˊ ㄨ ㄙ
柏林劇團,1,ㄅㄛˊ ㄌㄧㄣˊ ㄐㄩˋ ㄊㄨㄢˊ
柏林大學,1,ㄅㄛˊ ㄌㄧㄣˊ ㄉㄚˋ ㄒㄩㄝˊ
柏林影展,1,ㄅㄛˊ ㄌㄧㄣˊ ㄧㄥˇ ㄓㄢˇ
柏林會議,1,ㄅㄛˊ ㄌㄧㄣˊ ㄏㄨㄟˋ ㄧˋ
柏林樂派,1,ㄅㄛˊ ㄌㄧㄣˊ ㄩㄝˋ ㄆㄞˋ
柏臺烏府,1,ㄅㄛˊ ㄊㄞˊ ㄨ ㄈㄨˇ
柏舟之痛,1,ㄅㄛˊ ㄓㄡ ㄓ ㄊㄨㄥˋ
柏舟之節,1,ㄅㄛˊ ㄓㄡ ㄓ ㄐㄧㄝˊ
柏舟之誓,1,ㄅㄛˊ ㄓㄡ ㄓ ㄕˋ
染指垂涎,1,ㄖㄢˇ ㄓˇ ㄔㄨㄟˊ ㄒㄧㄢˊ
染指於鼎,1,ㄖㄢˇ ㄓˇ ㄩˊ ㄉㄧㄥˇ
染絲之變,1,ㄖㄢˇ ㄙ ㄓ ㄅㄧㄢˋ
染翰操紙,1,ㄖㄢˇ ㄏㄢˋ ㄘㄠ ㄓˇ
染翰操觚,1,ㄖㄢˇ ㄏㄢˋ ㄘㄠ ㄍㄨ
染風習俗,1,ㄖㄢˇ ㄈㄥ ㄒㄧˊ ㄙㄨˊ
柔心弱骨,1,ㄖㄡˊ ㄒㄧㄣ ㄖㄨㄛˋ ㄍㄨˇ
柔性勸導,1,ㄖㄡˊ ㄒㄧㄥˋ ㄑㄩㄢˋ ㄉㄠˇ
柔性憲法,1,ㄖㄡˊ ㄒㄧㄥˋ ㄒㄧㄢˋ ㄈㄚˇ
柔情密意,1,ㄖㄡˊ ㄑㄧㄥˊ ㄇㄧˋ ㄧˋ
柔情綽態,1,ㄖㄡˊ ㄑㄧㄥˊ ㄔㄨㄛˋ ㄊㄞˋ
柔情萬千,1,ㄖㄡˊ ㄑㄧㄥˊ ㄨㄢˋ ㄑㄧㄢ
柔懦寡斷,1,ㄖㄡˊ ㄋㄨㄛˋ ㄍㄨㄚˇ ㄉㄨㄢˋ
柔枝嫩葉,1,ㄖㄡˊ ㄓ ㄋㄣˋ ㄧㄝˋ
柔聲下氣,1,ㄖㄡˊ ㄕㄥ ㄒㄧㄚˋ ㄑㄧˋ
柔能制剛,1,ㄖㄡˊ ㄋㄥˊ ㄓˋ ㄍㄤ
柔腸百結,1,ㄖㄡˊ ㄔㄤˊ ㄅㄞˇ ㄐㄧㄝˊ
柔腸百轉,1,ㄖㄡˊ ㄔㄤˊ ㄅㄞˇ ㄓㄨㄢˇ
柔若無骨,1,ㄖㄡˊ ㄖㄨㄛˋ ㄨˊ ㄍㄨˇ
柔茹剛吐,1,ㄖㄡˊ ㄖㄨˊ ㄍㄤ ㄊㄨˇ
柔茹寡斷,1,ㄖㄡˊ ㄖㄨˊ ㄍㄨㄚˇ ㄉㄨㄢˋ
柔遠能邇,1,ㄖㄡˊ ㄩㄢˇ ㄋㄥˊ ㄦˇ
柙虎樊熊,1,ㄒㄧㄚˊ ㄏㄨˇ ㄈㄢˊ ㄒㄩㄥˊ
查三訪四,1,ㄔㄚˊ ㄙㄢ ㄈㄤˇ ㄙˋ
查手舞腳,1,ㄔㄚˊ ㄕㄡˇ ㄨˇ ㄐㄧㄠˇ
柯爛忘歸,1,ㄎㄜ ㄌㄢˋ ㄨㄤˋ ㄍㄨㄟ
柱石之寄,1,ㄓㄨˋ ㄕˊ ㄓ ㄐㄧˋ
柱石之臣,1,ㄓㄨˋ ㄕˊ ㄓ ㄔㄣˊ
柳啼花怨,1,ㄌㄧㄡˇ ㄊㄧˊ ㄏㄨㄚ ㄩㄢˋ
柳嚲鶯嬌,1,ㄌㄧㄡˇ ㄉㄨㄛˇ ㄧㄥ ㄐㄧㄠ
柳媚花明,1,ㄌㄧㄡˇ ㄇㄟˋ ㄏㄨㄚ ㄇㄧㄥˊ
柳巷花街,1,ㄌㄧㄡˇ ㄒㄧㄤˋ ㄏㄨㄚ ㄐㄧㄝ
柳影花陰,1,ㄌㄧㄡˇ ㄧㄥˇ ㄏㄨㄚ ㄧㄣ
柳戶花門,1,ㄌㄧㄡˇ ㄏㄨˋ ㄏㄨㄚ ㄇㄣˊ
柳拐子病,1,ㄌㄧㄡˇ ㄍㄨㄞˇ ㄗ˙ ㄅㄧㄥˋ
柳毅傳書,1,ㄌㄧㄡˇ ㄧˋ ㄔㄨㄢˊ ㄕㄨ
柳眉倒豎,1,ㄌㄧㄡˇ ㄇㄟˊ ㄉㄠˋ ㄕㄨˋ
柳眉剔豎,1,ㄌㄧㄡˇ ㄇㄟˊ ㄊㄧ ㄕㄨˋ
柳眉踢豎,1,ㄌㄧㄡˇ ㄇㄟˊ ㄊㄧ ㄕㄨˋ
柳綠桃紅,1,ㄌㄧㄡˇ ㄌㄩˋ ㄊㄠˊ ㄏㄨㄥˊ
柳綠花紅,1,ㄌㄧㄡˇ ㄌㄩˋ ㄏㄨㄚ ㄏㄨㄥˊ
柳聖花神,1,ㄌㄧㄡˇ ㄕㄥˋ ㄏㄨㄚ ㄕㄣˊ
柳門花戶,1,ㄌㄧㄡˇ ㄇㄣˊ ㄏㄨㄚ ㄏㄨˋ
柳陌花巷,1,ㄌㄧㄡˇ ㄇㄛˋ ㄏㄨㄚ ㄒㄧㄤˋ
柳陌花街,1,ㄌㄧㄡˇ ㄇㄛˋ ㄏㄨㄚ ㄐㄧㄝ
柳陌花衢,1,ㄌㄧㄡˇ ㄇㄛˋ ㄏㄨㄚ ㄑㄩˊ
柴毀滅性,1,ㄔㄞˊ ㄏㄨㄟˇ ㄇㄧㄝˋ ㄒㄧㄥˋ
柴毀骨立,1,ㄔㄞˊ ㄏㄨㄟˇ ㄍㄨˇ ㄌㄧˋ
柴立不阿,1,ㄔㄞˊ ㄌㄧˋ ㄅㄨˋ ㄜ
柴米夫妻,1,ㄔㄞˊ ㄇㄧˇ ㄈㄨ ㄑㄧ
柴荒米貴,1,ㄔㄞˊ ㄏㄨㄤ ㄇㄧˇ ㄍㄨㄟˋ
柴門霍夫,1,ㄔㄞˊ ㄇㄣˊ ㄏㄨㄛˋ ㄈㄨ
栗栗不安,1,ㄌㄧˋ ㄌㄧˋ ㄅㄨˋ ㄢ
校園倫理,1,ㄒㄧㄠˋ ㄩㄢˊ ㄌㄨㄣˊ ㄌㄧˇ
校園民歌,1,ㄒㄧㄠˋ ㄩㄢˊ ㄇㄧㄣˊ ㄍㄜ
校園網路,1,ㄒㄧㄠˋ ㄩㄢˊ ㄨㄤˇ ㄌㄨˋ
校外教學,1,ㄒㄧㄠˋ ㄨㄞˋ ㄐㄧㄠˋ ㄒㄩㄝˊ
核反應器,1,ㄏㄜˊ ㄈㄢˇ ㄧㄥˋ ㄑㄧˋ
核子作用,1,ㄏㄜˊ ㄗˇ ㄗㄨㄛˋ ㄩㄥˋ
核子分裂,1,ㄏㄜˊ ㄗˇ ㄈㄣ ㄌㄧㄝˋ
核子反應,1,ㄏㄜˊ ㄗˇ ㄈㄢˇ ㄧㄥˋ
核子戰略,1,ㄏㄜˊ ㄗˇ ㄓㄢˋ ㄌㄩㄝˋ
核子燃料,1,ㄏㄜˊ ㄗˇ ㄖㄢˊ ㄌㄧㄠˋ
核子試驗,1,ㄏㄜˊ ㄗˇ ㄕˋ ㄧㄢˋ
核子醫學,1,ㄏㄜˊ ㄗˇ ㄧ ㄒㄩㄝˊ
核子防護,1,ㄏㄜˊ ㄗˇ ㄈㄤˊ ㄏㄨˋ
核心分子,1,ㄏㄜˊ ㄒㄧㄣ ㄈㄣˋ ㄗ˙
核心家庭,1,ㄏㄜˊ ㄒㄧㄣ ㄐㄧㄚ ㄊㄧㄥˊ
核物理學,1,ㄏㄜˊ ㄨˋ ㄌㄧˇ ㄒㄩㄝˊ
核磁共振,1,ㄏㄜˊ ㄘˊ ㄍㄨㄥˋ ㄓㄣˋ
核能廢料,1,ㄏㄜˊ ㄋㄥˊ ㄈㄟˋ ㄌㄧㄠˋ
核能潛艇,1,ㄏㄜˊ ㄋㄥˊ ㄑㄧㄢˊ ㄊㄧㄥˇ
核能發電,1,ㄏㄜˊ ㄋㄥˊ ㄈㄚ ㄉㄧㄢˋ
核能電廠,1,ㄏㄜˊ ㄋㄥˊ ㄉㄧㄢˋ ㄔㄤˇ
根壯葉茂,1,ㄍㄣ ㄓㄨㄤˋ ㄧㄝˋ ㄇㄠˋ
根朽枝枯,1,ㄍㄣ ㄒㄧㄡˇ ㄓ ㄎㄨ
根椽片瓦,1,ㄍㄣ ㄔㄨㄢˊ ㄆㄧㄢˋ ㄨㄚˇ
根深固本,1,ㄍㄣ ㄕㄣ ㄍㄨˋ ㄅㄣˇ
根深葉茂,1,ㄍㄣ ㄕㄣ ㄧㄝˋ ㄇㄠˋ
根生土長,1,ㄍㄣ ㄕㄥ ㄊㄨˇ ㄓㄤˇ
根蘗繁殖,1,ㄍㄣ ㄅㄛˋ ㄈㄢˊ ㄓˊ
格但斯克,1,ㄍㄜˊ ㄉㄢˋ ㄙ ㄎㄜˋ
格古通今,1,ㄍㄜˊ ㄍㄨˇ ㄊㄨㄥ ㄐㄧㄣ
格於成例,1,ㄍㄜˊ ㄩˊ ㄔㄥˊ ㄌㄧˋ
格於環境,1,ㄍㄜˊ ㄩˊ ㄏㄨㄢˊ ㄐㄧㄥˋ
格林童話,1,ㄍㄜˊ ㄌㄧㄣˊ ㄊㄨㄥˊ ㄏㄨㄚˋ
格格不入,1,ㄍㄜˊ ㄍㄜˊ ㄅㄨˋ ㄖㄨˋ
格物窮理,1,ㄍㄜˊ ㄨˋ ㄑㄩㄥˊ ㄌㄧˇ
格老子的,1,ㄍㄜˊ ㄌㄠˇ ㄗ˙ ㄉㄜ˙
格高意遠,1,ㄍㄜˊ ㄍㄠ ㄧˋ ㄩㄢˇ
栽培植物,1,ㄗㄞ ㄆㄟˊ ㄓˊ ㄨˋ
桀敖不馴,1,ㄐㄧㄝˊ ㄠˋ ㄅㄨˋ ㄒㄩㄣˊ
桀犬吠堯,1,ㄐㄧㄝˊ ㄑㄩㄢˇ ㄈㄟˋ ㄧㄠˊ
桀逆放恣,1,ㄐㄧㄝˊ ㄋㄧˋ ㄈㄤˋ ㄗˋ
桀驁不恭,1,ㄐㄧㄝˊ ㄠˋ ㄅㄨˋ ㄍㄨㄥ
桀驁不遜,1,ㄐㄧㄝˊ ㄠˋ ㄅㄨˋ ㄒㄩㄣˋ
桀驁不馴,1,ㄐㄧㄝˊ ㄠˋ ㄅㄨˋ ㄒㄩㄣˊ
桀驁難馴,1,ㄐㄧㄝˊ ㄠˋ ㄋㄢˊ ㄒㄩㄣˊ
桂冠詩人,1,ㄍㄨㄟˋ ㄍㄨㄢ ㄕ ㄖㄣˊ
桂子蘭孫,1,ㄍㄨㄟˋ ㄗˇ ㄌㄢˊ ㄙㄨㄣ
桂子飄香,1,ㄍㄨㄟˋ ㄗˇ ㄆㄧㄠ ㄒㄧㄤ
桂宮柏寢,1,ㄍㄨㄟˋ ㄍㄨㄥ ㄅㄛˊ ㄑㄧㄣˇ
桂林一枝,1,ㄍㄨㄟˋ ㄌㄧㄣˊ ㄧ ㄓ
桂馥蘭芳,1,ㄍㄨㄟˋ ㄈㄨˋ ㄌㄢˊ ㄈㄤ
桃之夭夭,1,ㄊㄠˊ ㄓ ㄧㄠ ㄧㄠ
桃來李答,1,ㄊㄠˊ ㄌㄞˊ ㄌㄧˇ ㄉㄚˊ
桃園結義,1,ㄊㄠˊ ㄩㄢˊ ㄐㄧㄝˊ ㄧˋ
桃弧棘矢,1,ㄊㄠˊ ㄏㄨˊ ㄐㄧˊ ㄕˇ
桃李之教,1,ㄊㄠˊ ㄌㄧˇ ㄓ ㄐㄧㄠˋ
桃李滿門,1,ㄊㄠˊ ㄌㄧˇ ㄇㄢˇ ㄇㄣˊ
桃李爭妍,1,ㄊㄠˊ ㄌㄧˇ ㄓㄥ ㄧㄢˊ
桃李爭輝,1,ㄊㄠˊ ㄌㄧˇ ㄓㄥ ㄏㄨㄟ
桃李門牆,1,ㄊㄠˊ ㄌㄧˇ ㄇㄣˊ ㄑㄧㄤˊ
桃柳爭妍,1,ㄊㄠˊ ㄌㄧㄡˇ ㄓㄥ ㄧㄢˊ
桃灼呈祥,1,ㄊㄠˊ ㄓㄨㄛˊ ㄔㄥˊ ㄒㄧㄤˊ
桃紅柳綠,1,ㄊㄠˊ ㄏㄨㄥˊ ㄌㄧㄡˇ ㄌㄩˋ
桃羞杏讓,1,ㄊㄠˊ ㄒㄧㄡ ㄒㄧㄥˋ ㄖㄤˋ
桃腮杏臉,1,ㄊㄠˊ ㄙㄞ ㄒㄧㄥˋ ㄌㄧㄢˇ
桃色案件,1,ㄊㄠˊ ㄙㄜˋ ㄢˋ ㄐㄧㄢˋ
桃花人面,1,ㄊㄠˊ ㄏㄨㄚ ㄖㄣˊ ㄇㄧㄢˋ
桃花源詩,1,ㄊㄠˊ ㄏㄨㄚ ㄩㄢˊ ㄕ
桃花薄命,1,ㄊㄠˊ ㄏㄨㄚ ㄅㄛˊ ㄇㄧㄥˋ
桃花過渡,1,ㄊㄠˊ ㄏㄨㄚ ㄍㄨㄛˋ ㄉㄨˋ
桃葉珊瑚,1,ㄊㄠˊ ㄧㄝˋ ㄕㄢ ㄏㄨˊ
案兵不動,1,ㄢˋ ㄅㄧㄥ ㄅㄨˋ ㄉㄨㄥˋ
案兵束甲,1,ㄢˋ ㄅㄧㄥ ㄕㄨˋ ㄐㄧㄚˇ
案牘勞形,1,ㄢˋ ㄉㄨˊ ㄌㄠˊ ㄒㄧㄥˊ
案牘勞煩,1,ㄢˋ ㄉㄨˊ ㄌㄠˊ ㄈㄢˊ
桌椅板凳,1,ㄓㄨㄛ ㄧˇ ㄅㄢˇ ㄉㄥˋ
桐棺三寸,1,ㄊㄨㄥˊ ㄍㄨㄢ ㄙㄢ ㄘㄨㄣˋ
桐生茂豫,1,ㄊㄨㄥˊ ㄕㄥ ㄇㄠˋ ㄩˋ
桑中之約,1,ㄙㄤ ㄓㄨㄥ ㄓ ㄩㄝ
桑乾盆地,1,ㄙㄤ ㄍㄢ ㄆㄣˊ ㄉㄧˋ
桑弧蓬矢,1,ㄙㄤ ㄏㄨˊ ㄆㄥˊ ㄕˇ
桑梓之邦,1,ㄙㄤ ㄗˇ ㄓ ㄅㄤ
桑榆晚景,1,ㄙㄤ ㄩˊ ㄨㄢˇ ㄐㄧㄥˇ
桑榆暮影,1,ㄙㄤ ㄩˊ ㄇㄨˋ ㄧㄥˇ
桑榆暮景,1,ㄙㄤ ㄩˊ ㄇㄨˋ ㄐㄧㄥˇ
桑榆末景,1,ㄙㄤ ㄩˊ ㄇㄛˋ ㄐㄧㄥˇ
桑樞甕牖,1,ㄙㄤ ㄕㄨ ㄨㄥˋ ㄧㄡˇ
桑蓬之志,1,ㄙㄤ ㄆㄥˊ ㄓ ㄓˋ
桑間之音,1,ㄙㄤ ㄐㄧㄢ ㄓ ㄧㄣ
桑間濮上,1,ㄙㄤ ㄐㄧㄢ ㄆㄨˊ ㄕㄤˋ
桓殷危語,1,ㄏㄨㄢˊ ㄧㄣ ㄨㄟˊ ㄩˇ
梁上君子,1,ㄌㄧㄤˊ ㄕㄤˋ ㄐㄩㄣ ㄗˇ
梁園宴雪,1,ㄌㄧㄤˊ ㄩㄢˊ ㄧㄢˋ ㄒㄩㄝˇ
梁木其壞,1,ㄌㄧㄤˊ ㄇㄨˋ ㄑㄧˊ ㄏㄨㄞˋ
梁獄上書,1,ㄌㄧㄤˊ ㄩˋ ㄕㄤˋ ㄕㄨ
梁皇寶懺,1,ㄌㄧㄤˊ ㄏㄨㄤˊ ㄅㄠˇ ㄔㄢˋ
梁簡文帝,1,ㄌㄧㄤˊ ㄐㄧㄢˇ ㄨㄣˊ ㄉㄧˋ
梁鴻五噫,1,ㄌㄧㄤˊ ㄏㄨㄥˊ ㄨˇ ㄧ
梅爾夫人,1,ㄇㄟˊ ㄦˇ ㄈㄨ ㄖㄣˊ
梅花三弄,1,ㄇㄟˊ ㄏㄨㄚ ㄙㄢ ㄋㄨㄥˋ
梅花大鼓,1,ㄇㄟˊ ㄏㄨㄚ ㄉㄚˋ ㄍㄨˇ
梅花小娘,1,ㄇㄟˊ ㄏㄨㄚ ㄒㄧㄠˇ ㄋㄧㄤˊ
梓匠輪輿,1,ㄗˇ ㄐㄧㄤˋ ㄌㄨㄣˊ ㄩˊ
條分縷晰,1,ㄊㄧㄠˊ ㄈㄣ ㄌㄩˇ ㄒㄧ
條分縷析,1,ㄊㄧㄠˊ ㄈㄣ ㄌㄩˇ ㄒㄧ
條條框框,1,ㄊㄧㄠˊ ㄊㄧㄠˊ ㄎㄨㄤ ㄎㄨㄤ
條理不清,1,ㄊㄧㄠˊ ㄌㄧˇ ㄅㄨˋ ㄑㄧㄥ
梧丘之魂,1,ㄨˊ ㄑㄧㄡ ㄓ ㄏㄨㄣˊ
梧鼠之技,1,ㄨˊ ㄕㄨˇ ㄓ ㄐㄧˋ
梧鼠技窮,1,ㄨˊ ㄕㄨˇ ㄐㄧˋ ㄑㄩㄥˊ
梨園弟子,1,ㄌㄧˊ ㄩㄢˊ ㄉㄧˋ ㄗˇ
梨花帶雨,1,ㄌㄧˊ ㄏㄨㄚ ㄉㄞˋ ㄩˇ
梨頰微渦,1,ㄌㄧˊ ㄐㄧㄚˊ ㄨㄟˊ ㄨㄛ
梯山航海,1,ㄊㄧ ㄕㄢ ㄏㄤˊ ㄏㄞˇ
棄車保帥,1,ㄑㄧˋ ㄐㄩ ㄅㄠˇ ㄕㄨㄞˋ
棉花耳朵,1,ㄇㄧㄢˊ ㄏㄨㄚ ㄦˇ ㄉㄨㄛ˙
棋布星羅,1,ㄑㄧˊ ㄅㄨˋ ㄒㄧㄥ ㄌㄨㄛˊ
棋羅星布,1,ㄑㄧˊ ㄌㄨㄛˊ ㄒㄧㄥ ㄅㄨˋ
棋高一著,1,ㄑㄧˊ ㄍㄠ ㄧ ㄓㄨㄛˊ
棒狀桿菌,1,ㄅㄤˋ ㄓㄨㄤˋ ㄍㄢˇ ㄐㄩㄣˋ
棘棘不休,1,ㄐㄧˊ ㄐㄧˊ ㄅㄨˋ ㄒㄧㄡ
棟折榱崩,1,ㄉㄨㄥˋ ㄓㄜˊ ㄘㄨㄟ ㄅㄥ
棟梁之任,1,ㄉㄨㄥˋ ㄌㄧㄤˊ ㄓ ㄖㄣˋ
棟梁之臣,1,ㄉㄨㄥˋ ㄌㄧㄤˊ ㄓ ㄔㄣˊ
棠棣競秀,1,ㄊㄤˊ ㄉㄧˋ ㄐㄧㄥˋ ㄒㄧㄡˋ
棧山航海,1,ㄓㄢˋ ㄕㄢ ㄏㄤˊ ㄏㄞˇ
棲梧食竹,1,ㄑㄧ ㄨˊ ㄕˊ ㄓㄨˊ
棲棲遑遑,1,ㄑㄧ ㄑㄧ ㄏㄨㄤˊ ㄏㄨㄤˊ
棺材座子,1,ㄍㄨㄢ ㄘㄞ˙ ㄗㄨㄛˋ ㄗ˙
棺材楦子,1,ㄍㄨㄢ ㄘㄞ˙ ㄒㄩㄢˋ ㄗ˙
棺材瓤子,1,ㄍㄨㄢ ㄘㄞ˙ ㄖㄤˊ ㄗ˙
植物激素,1,ㄓˊ ㄨˋ ㄐㄧ ㄙㄨˋ
植物纖維,1,ㄓˊ ㄨˋ ㄒㄧㄢ ㄨㄟˊ
植物馴化,1,ㄓˊ ㄨˋ ㄒㄩㄣˊ ㄏㄨㄚˋ
植皮手術,1,ㄓˊ ㄆㄧˊ ㄕㄡˇ ㄕㄨˋ
椎床倒枕,1,ㄓㄨㄟ ㄔㄨㄤˊ ㄉㄠˇ ㄓㄣˇ
椎心蝕骨,1,ㄓㄨㄟ ㄒㄧㄣ ㄕˊ ㄍㄨˇ
椎拍輐斷,1,ㄓㄨㄟ ㄆㄞ ㄨㄢˋ ㄉㄨㄢˋ
椎牛饗士,1,ㄓㄨㄟ ㄋㄧㄡˊ ㄒㄧㄤˇ ㄕˋ
椎輪大輅,1,ㄓㄨㄟ ㄌㄨㄣˊ ㄉㄚˋ ㄌㄨˋ
楊志賣刀,1,ㄧㄤˊ ㄓˋ ㄇㄞˋ ㄉㄠ
楊氏係數,1,ㄧㄤˊ ㄕˋ ㄒㄧˋ ㄕㄨˋ
楊泗將軍,1,ㄧㄤˊ ㄙˋ ㄐㄧㄤ ㄐㄩㄣ
楊花水性,1,ㄧㄤˊ ㄏㄨㄚ ㄕㄨㄟˇ ㄒㄧㄥˋ
楓丹白露,1,ㄈㄥ ㄉㄢ ㄅㄞˊ ㄌㄨˋ
楓橋夜泊,1,ㄈㄥ ㄑㄧㄠˊ ㄧㄝˋ ㄅㄛˊ
楚囚對泣,1,ㄔㄨˇ ㄑㄧㄡˊ ㄉㄨㄟˋ ㄑㄧˋ
楚囚相對,1,ㄔㄨˇ ㄑㄧㄡˊ ㄒㄧㄤ ㄉㄨㄟˋ
楚尾吳頭,1,ㄔㄨˇ ㄨㄟˇ ㄨˊ ㄊㄡˊ
楚弓楚得,1,ㄔㄨˇ ㄍㄨㄥ ㄔㄨˇ ㄉㄜˊ
楚楚不凡,1,ㄔㄨˇ ㄔㄨˇ ㄅㄨˋ ㄈㄢˊ
楚漢春秋,1,ㄔㄨˇ ㄏㄢˋ ㄔㄨㄣ ㄑㄧㄡ
楚莊問鼎,1,ㄔㄨˇ ㄓㄨㄤ ㄨㄣˋ ㄉㄧㄥˇ
楚莊絕纓,1,ㄔㄨˇ ㄓㄨㄤ ㄐㄩㄝˊ ㄧㄥ
楚館秦樓,1,ㄔㄨˇ ㄍㄨㄢˇ ㄑㄧㄣˊ ㄌㄡˊ
楞楞傻傻,1,ㄌㄥˋ ㄌㄥˋ ㄕㄚˇ ㄕㄚˇ
楞楞睜睜,1,ㄌㄥˋ ㄌㄥˋ ㄓㄥ ㄓㄥ
業主資本,1,ㄧㄝˋ ㄓㄨˇ ㄗ ㄅㄣˇ
業務公電,1,ㄧㄝˋ ㄨˋ ㄍㄨㄥ ㄉㄧㄢˋ
業務會報,1,ㄧㄝˋ ㄨˋ ㄏㄨㄟˋ ㄅㄠˋ
業業兢兢,1,ㄧㄝˋ ㄧㄝˋ ㄐㄧㄥ ㄐㄧㄥ
業餘電臺,1,ㄧㄝˋ ㄩˊ ㄉㄧㄢˋ ㄊㄞˊ
極切瞻韓,1,ㄐㄧˊ ㄑㄧㄝˋ ㄓㄢ ㄏㄢˊ
極地氣候,1,ㄐㄧˊ ㄉㄧˋ ㄑㄧˋ ㄏㄡˋ
極婺聯輝,1,ㄐㄧˊ ㄨˋ ㄌㄧㄢˊ ㄏㄨㄟ
極權政治,1,ㄐㄧˊ ㄑㄩㄢˊ ㄓㄥˋ ㄓˋ
極深研幾,1,ㄐㄧˊ ㄕㄣ ㄧㄢˊ ㄐㄧ
極端分子,1,ㄐㄧˊ ㄉㄨㄢ ㄈㄣˋ ㄗ˙
極限強度,1,ㄐㄧˊ ㄒㄧㄢˋ ㄑㄧㄤˊ ㄉㄨˋ
極限體育,1,ㄐㄧˊ ㄒㄧㄢˋ ㄊㄧˇ ㄩˋ
極頭麻化,1,ㄐㄧˊ ㄊㄡˊ ㄇㄚˊ ㄏㄨㄚˋ
概括承受,1,ㄍㄞˋ ㄍㄨㄚ ㄔㄥˊ ㄕㄡˋ
概而不論,1,ㄍㄞˋ ㄦˊ ㄅㄨˋ ㄌㄨㄣˋ
概莫能外,1,ㄍㄞˋ ㄇㄛˋ ㄋㄥˊ ㄨㄞˋ
榆瞑豆重,1,ㄩˊ ㄇㄧㄢˊ ㄉㄡˋ ㄓㄨㄥˋ
榕壇問業,1,ㄖㄨㄥˊ ㄊㄢˊ ㄨㄣˋ ㄧㄝˋ
榮名及親,1,ㄖㄨㄥˊ ㄇㄧㄥˊ ㄐㄧˊ ㄑㄧㄣ
榮膺鶚薦,1,ㄖㄨㄥˊ ㄧㄥ ㄜˋ ㄐㄧㄢˋ
榮諧伉儷,1,ㄖㄨㄥˊ ㄒㄧㄝˊ ㄎㄤˋ ㄌㄧˋ
榮譽勛章,1,ㄖㄨㄥˊ ㄩˋ ㄒㄩㄣ ㄓㄤ
榮譽學位,1,ㄖㄨㄥˊ ㄩˋ ㄒㄩㄝˊ ㄨㄟˋ
榮譽市民,1,ㄖㄨㄥˊ ㄩˋ ㄕˋ ㄇㄧㄣˊ
榮譽軍人,1,ㄖㄨㄥˊ ㄩˋ ㄐㄩㄣ ㄖㄣˊ
槁項黃馘,1,ㄍㄠˇ ㄒㄧㄤˋ ㄏㄨㄤˊ ㄒㄩˋ
槁骨腐肉,1,ㄍㄠˇ ㄍㄨˇ ㄈㄨˇ ㄖㄡˋ
槃根錯節,1,ㄆㄢˊ ㄍㄣ ㄘㄨㄛˋ ㄐㄧㄝˊ
槃槃大才,1,ㄆㄢˊ ㄆㄢˊ ㄉㄚˋ ㄘㄞˊ
構怨連兵,1,ㄍㄡˋ ㄩㄢˋ ㄌㄧㄢˊ ㄅㄧㄥ
構成主義,1,ㄍㄡˋ ㄔㄥˊ ㄓㄨˇ ㄧˋ
構訟不息,1,ㄍㄡˋ ㄙㄨㄥˋ ㄅㄨˋ ㄒㄧˊ
構詞惑眾,1,ㄍㄡˋ ㄘˊ ㄏㄨㄛˋ ㄓㄨㄥˋ
構造地震,1,ㄍㄡˋ ㄗㄠˋ ㄉㄧˋ ㄓㄣˋ
槌骨瀝髓,1,ㄔㄨㄟˊ ㄍㄨˇ ㄌㄧˋ ㄙㄨㄟˇ
槓上開花,1,ㄍㄤˋ ㄕㄤˋ ㄎㄞ ㄏㄨㄚ
槓子火燒,1,ㄍㄤˋ ㄗ˙ ㄏㄨㄛˇ ㄕㄠ
槓桿定律,1,ㄍㄤˋ ㄍㄢˇ ㄉㄧㄥˋ ㄌㄩˋ
槥車相望,1,ㄏㄨㄟˋ ㄔㄜ ㄒㄧㄤ ㄨㄤˋ
樂不可極,1,ㄌㄜˋ ㄅㄨˋ ㄎㄜˇ ㄐㄧˊ
樂不可言,1,ㄌㄜˋ ㄅㄨˋ ㄎㄜˇ ㄧㄢˊ
樂亭大鼓,1,ㄌㄠˋ ㄊㄧㄥˊ ㄉㄚˋ ㄍㄨˇ
樂善不倦,1,ㄌㄜˋ ㄕㄢˋ ㄅㄨˋ ㄐㄩㄢˋ
樂善好義,1,ㄌㄜˋ ㄕㄢˋ ㄏㄠˋ ㄧˋ
樂天安命,1,ㄌㄜˋ ㄊㄧㄢ ㄢ ㄇㄧㄥˋ
樂山樂水,1,ㄧㄠˋ ㄕㄢ ㄧㄠˋ ㄕㄨㄟˇ
樂府指迷,1,ㄩㄝˋ ㄈㄨˇ ㄓˇ ㄇㄧˊ
樂府詩集,1,ㄩㄝˋ ㄈㄨˇ ㄕ ㄐㄧˊ
樂府雜錄,1,ㄩㄝˋ ㄈㄨˇ ㄗㄚˊ ㄌㄨˋ
樂昌破鏡,1,ㄌㄜˋ ㄔㄤ ㄆㄛˋ ㄐㄧㄥˋ
樂業安居,1,ㄌㄜˋ ㄧㄝˋ ㄢ ㄐㄩ
樂極則悲,1,ㄌㄜˋ ㄐㄧˊ ㄗㄜˊ ㄅㄟ
樂極忘形,1,ㄌㄜˋ ㄐㄧˊ ㄨㄤˋ ㄒㄧㄥˊ
樂極悲來,1,ㄌㄜˋ ㄐㄧˊ ㄅㄟ ㄌㄞˊ
樂極悲生,1,ㄌㄜˋ ㄐㄧˊ ㄅㄟ ㄕㄥ
樂樂陶陶,1,ㄌㄜˋ ㄌㄜˋ ㄊㄠˊ ㄊㄠˊ
樂此不倦,1,ㄌㄜˋ ㄘˇ ㄅㄨˋ ㄐㄩㄢˋ
樂禍幸災,1,ㄌㄜˋ ㄏㄨㄛˋ ㄒㄧㄥˋ ㄗㄞ
樂而不荒,1,ㄌㄜˋ ㄦˊ ㄅㄨˋ ㄏㄨㄤ
樂而忘歸,1,ㄌㄜˋ ㄦˊ ㄨㄤˋ ㄍㄨㄟ
樂觀進取,1,ㄌㄜˋ ㄍㄨㄢ ㄐㄧㄣˋ ㄑㄩˇ
樂貧甘賤,1,ㄌㄜˋ ㄆㄧㄣˊ ㄍㄢ ㄐㄧㄢˋ
樂道安貧,1,ㄧㄠˋ ㄉㄠˋ ㄢ ㄆㄧㄣˊ
樓臺亭閣,1,ㄌㄡˊ ㄊㄞˊ ㄊㄧㄥˊ ㄍㄜˊ
樓蘭晉簡,1,ㄌㄡˊ ㄌㄢˊ ㄐㄧㄣˋ ㄐㄧㄢˇ
樓閣亭臺,1,ㄌㄡˊ ㄍㄜˊ ㄊㄧㄥˊ ㄊㄞˊ
樗朽之材,1,ㄕㄨ ㄒㄧㄡˇ ㄓ ㄘㄞˊ
樗櫟庸材,1,ㄕㄨ ㄌㄧˋ ㄩㄥ ㄘㄞˊ
標同伐異,1,ㄅㄧㄠ ㄊㄨㄥˊ ㄈㄚˊ ㄧˋ
標奇立異,1,ㄅㄧㄠ ㄑㄧˊ ㄌㄧˋ ㄧˋ
標新取異,1,ㄅㄧㄠ ㄒㄧㄣ ㄑㄩˇ ㄧˋ
標新領異,1,ㄅㄧㄠ ㄒㄧㄣ ㄌㄧㄥˇ ㄧˋ
標本同治,1,ㄅㄧㄠ ㄅㄣˇ ㄊㄨㄥˊ ㄓˋ
標標致致,1,ㄅㄧㄠ ㄅㄧㄠ ㄓˋ ㄓˋ
標準元音,1,ㄅㄧㄠ ㄓㄨㄣˇ ㄩㄢˊ ㄧㄣ
標準動作,1,ㄅㄧㄠ ㄓㄨㄣˇ ㄉㄨㄥˋ ㄗㄨㄛˋ
標準字體,1,ㄅㄧㄠ ㄓㄨㄣˇ ㄗˋ ㄊㄧˇ
標準時區,1,ㄅㄧㄠ ㄓㄨㄣˇ ㄕˊ ㄑㄩ
標準鏡頭,1,ㄅㄧㄠ ㄓㄨㄣˇ ㄐㄧㄥˋ ㄊㄡˊ
標籤作用,1,ㄅㄧㄠ ㄑㄧㄢ ㄗㄨㄛˋ ㄩㄥˋ
標高投影,1,ㄅㄧㄠ ㄍㄠ ㄊㄡˊ ㄧㄥˇ
模型玩具,1,ㄇㄛˊ ㄒㄧㄥˊ ㄨㄢˊ ㄐㄩˋ
模型飛機,1,ㄇㄛˊ ㄒㄧㄥˊ ㄈㄟ ㄐㄧ
模塑成形,1,ㄇㄛˊ ㄙㄨˋ ㄔㄥˊ ㄒㄧㄥˊ
模擬投票,1,ㄇㄛˊ ㄋㄧˇ ㄊㄡˊ ㄆㄧㄠˋ
模擬演習,1,ㄇㄛˊ ㄋㄧˇ ㄧㄢˇ ㄒㄧˊ
模擬考試,1,ㄇㄛˊ ㄋㄧˇ ㄎㄠˇ ㄕˋ
模棱兩可,1,ㄇㄛˊ ㄌㄥˊ ㄌㄧㄤˇ ㄎㄜˇ
模模糊糊,1,ㄇㄛˊ ㄇㄛ˙ ㄏㄨ˙ ㄏㄨ˙
模糊理論,1,ㄇㄛˊ ㄏㄨˊ ㄌㄧˇ ㄌㄨㄣˋ
模網論壇,1,ㄇㄛˊ ㄨㄤˇ ㄌㄨㄣˋ ㄊㄢˊ
樣本分配,1,ㄧㄤˋ ㄅㄣˇ ㄈㄣ ㄆㄟˋ
樣本調查,1,ㄧㄤˋ ㄅㄣˇ ㄉㄧㄠˋ ㄔㄚˊ
樵蘇不爨,1,ㄑㄧㄠˊ ㄙㄨ ㄅㄨˋ ㄘㄨㄢˋ
樸實無華,1,ㄆㄨˊ ㄕˊ ㄨˊ ㄏㄨㄚˊ
樸素無華,1,ㄆㄨˊ ㄙㄨˋ ㄨˊ ㄏㄨㄚˊ
樸訥誠篤,1,ㄆㄨˊ ㄋㄚˋ ㄔㄥˊ ㄉㄨˇ
樸質無華,1,ㄆㄨˊ ㄓˊ ㄨˊ ㄏㄨㄚˊ
樹上開花,1,ㄕㄨˋ ㄕㄤˋ ㄎㄞ ㄏㄨㄚ
樹倒根摧,1,ㄕㄨˋ ㄉㄠˇ ㄍㄣ ㄘㄨㄟ
樹功揚名,1,ㄕㄨˋ ㄍㄨㄥ ㄧㄤˊ ㄇㄧㄥˊ
樹功立業,1,ㄕㄨˋ ㄍㄨㄥ ㄌㄧˋ ㄧㄝˋ
樹德務滋,1,ㄕㄨˋ ㄉㄜˊ ㄨˋ ㄗ
樹猶如此,1,ㄕㄨˋ ㄧㄡˊ ㄖㄨˊ ㄘˇ
樹碑立傳,1,ㄕㄨˋ ㄅㄟ ㄌㄧˋ ㄓㄨㄢˋ
樹高招風,1,ㄕㄨˋ ㄍㄠ ㄓㄠ ㄈㄥ
樽酒論文,1,ㄗㄨㄣ ㄐㄧㄡˇ ㄌㄨㄣˋ ㄨㄣˊ
橘化為枳,1,ㄐㄩˊ ㄏㄨㄚˋ ㄨㄟˊ ㄓˇ
機不旋踵,1,ㄐㄧ ㄅㄨˋ ㄒㄩㄢˊ ㄓㄨㄥˇ
機事不密,1,ㄐㄧ ㄕˋ ㄅㄨˋ ㄇㄧˋ
機動部隊,1,ㄐㄧ ㄉㄨㄥˋ ㄅㄨˋ ㄉㄨㄟˋ
機器翻譯,1,ㄐㄧ ㄑㄧˋ ㄈㄢ ㄧˋ
機器設備,1,ㄐㄧ ㄑㄧˋ ㄕㄜˋ ㄅㄟˋ
機器語言,1,ㄐㄧ ㄑㄧˋ ㄩˇ ㄧㄢˊ
機密大事,1,ㄐㄧ ㄇㄧˋ ㄉㄚˋ ㄕˋ
機杼一家,1,ㄐㄧ ㄓㄨˋ ㄧ ㄐㄧㄚ
機械工業,1,ㄐㄧ ㄒㄧㄝˋ ㄍㄨㄥ ㄧㄝˋ
機率預報,1,ㄐㄧ ㄌㄩˋ ㄩˋ ㄅㄠˋ
機緣巧合,1,ㄐㄧ ㄩㄢˊ ㄑㄧㄠˇ ㄏㄜˊ
機緣湊巧,1,ㄐㄧ ㄩㄢˊ ㄘㄡˋ ㄑㄧㄠˇ
機謀不密,1,ㄐㄧ ㄇㄡˊ ㄅㄨˋ ㄇㄧˋ
機謀遠慮,1,ㄐㄧ ㄇㄡˊ ㄩㄢˇ ㄌㄩˋ
機變如神,1,ㄐㄧ ㄅㄧㄢˋ ㄖㄨˊ ㄕㄣˊ
機關用盡,1,ㄐㄧ ㄍㄨㄢ ㄩㄥˋ ㄐㄧㄣˋ
橡皮釘子,1,ㄒㄧㄤˋ ㄆㄧˊ ㄉㄧㄥ ㄗ˙
橢圓星系,1,ㄊㄨㄛˇ ㄩㄢˊ ㄒㄧㄥ ㄒㄧˋ
橫三豎四,1,ㄏㄥˊ ㄙㄢ ㄕㄨˋ ㄙˋ
橫征暴斂,1,ㄏㄥˊ ㄓㄥ ㄅㄠˋ ㄌㄧㄢˋ
橫拖倒拽,1,ㄏㄥˊ ㄊㄨㄛ ㄉㄠˋ ㄓㄨㄞˋ
橫掃千軍,1,ㄏㄥˊ ㄙㄠˇ ㄑㄧㄢ ㄐㄩㄣ
橫攔豎擋,1,ㄏㄥˊ ㄌㄢˊ ㄕㄨˋ ㄉㄤˇ
橫槊賦詩,1,ㄏㄥˊ ㄕㄨㄛˋ ㄈㄨˋ ㄕ
橫殃飛禍,1,ㄏㄥˋ ㄧㄤ ㄈㄟ ㄏㄨㄛˋ
橫渠學派,1,ㄏㄥˊ ㄑㄩˊ ㄒㄩㄝˊ ㄆㄞˋ
橫災飛禍,1,ㄏㄥˋ ㄗㄞ ㄈㄟ ㄏㄨㄛˋ
橫無際涯,1,ㄏㄥˊ ㄨˊ ㄐㄧˋ ㄧㄚˊ
橫禍非災,1,ㄏㄥˋ ㄏㄨㄛˋ ㄈㄟ ㄗㄞ
橫禍飛災,1,ㄏㄥˋ ㄏㄨㄛˋ ㄈㄟ ㄗㄞ
橫科暴斂,1,ㄏㄥˊ ㄎㄜ ㄅㄠˋ ㄌㄧㄢˋ
橫羅十字,1,ㄏㄥˊ ㄌㄨㄛˊ ㄕˊ ㄗˋ
橫草之功,1,ㄏㄥˊ ㄘㄠˇ ㄓ ㄍㄨㄥ
橫蠻無理,1,ㄏㄥˋ ㄇㄢˊ ㄨˊ ㄌㄧˇ
橫行介士,1,ㄏㄥˊ ㄒㄧㄥˊ ㄐㄧㄝˋ ㄕˋ
橫行天下,1,ㄏㄥˊ ㄒㄧㄥˊ ㄊㄧㄢ ㄒㄧㄚˋ
橫行文字,1,ㄏㄥˊ ㄒㄧㄥˊ ㄨㄣˊ ㄗˋ
橫行無忌,1,ㄏㄥˊ ㄒㄧㄥˊ ㄨˊ ㄐㄧˋ
橫行直撞,1,ㄏㄥˊ ㄒㄧㄥˊ ㄓˊ ㄓㄨㄤˋ
橫行霸道,1,ㄏㄥˊ ㄒㄧㄥˊ ㄅㄚˋ ㄉㄠˋ
橫說豎說,1,ㄏㄥˊ ㄕㄨㄛ ㄕㄨˋ ㄕㄨㄛ
橫賦暴斂,1,ㄏㄥˊ ㄈㄨˋ ㄅㄠˋ ㄌㄧㄢˋ
橫躺豎臥,1,ㄏㄥˊ ㄊㄤˇ ㄕㄨˋ ㄨㄛˋ
檀郎謝女,1,ㄊㄢˊ ㄌㄤˊ ㄒㄧㄝˋ ㄋㄩˇ
檔案管理,1,ㄉㄤˇ ㄢˋ ㄍㄨㄢˇ ㄌㄧˇ
檠天架海,1,ㄑㄧㄥˊ ㄊㄧㄢ ㄐㄧㄚˋ ㄏㄞˇ
檢警合一,1,ㄐㄧㄢˇ ㄐㄧㄥˇ ㄏㄜˊ ㄧ
檻猿籠鳥,1,ㄐㄧㄢˋ ㄩㄢˊ ㄌㄨㄥˊ ㄋㄧㄠˇ
櫃坊賭局,1,ㄍㄨㄟˋ ㄈㄤ ㄉㄨˇ ㄐㄩˊ
櫃檯委託,1,ㄍㄨㄟˋ ㄊㄞˊ ㄨㄟˇ ㄊㄨㄛ
櫛垢爬癢,1,ㄐㄧㄝˊ ㄍㄡˋ ㄆㄚˊ ㄧㄤˇ
櫛次鱗比,1,ㄐㄧㄝˊ ㄘˋ ㄌㄧㄣˊ ㄅㄧˋ
櫛比鱗差,1,ㄐㄧㄝˊ ㄅㄧˋ ㄌㄧㄣˊ ㄘ
櫛比鱗次,1,ㄐㄧㄝˊ ㄅㄧˋ ㄌㄧㄣˊ ㄘˋ
櫜弓臥鼓,1,ㄍㄠ ㄍㄨㄥ ㄨㄛˋ ㄍㄨˇ
櫥窗設計,1,ㄔㄨˊ ㄔㄨㄤ ㄕㄜˋ ㄐㄧˋ
權傾中外,1,ㄑㄩㄢˊ ㄑㄧㄥ ㄓㄨㄥ ㄨㄞˋ
權傾天下,1,ㄑㄩㄢˊ ㄑㄧㄥ ㄊㄧㄢ ㄒㄧㄚˋ
權利法案,1,ㄑㄩㄢˊ ㄌㄧˋ ㄈㄚˇ ㄢˋ
權力均衡,1,ㄑㄩㄢˊ ㄌㄧˋ ㄐㄩㄣ ㄏㄥˊ
權力結構,1,ㄑㄩㄢˊ ㄌㄧˋ ㄐㄧㄝˊ ㄍㄡˋ
權力鬥爭,1,ㄑㄩㄢˊ ㄌㄧˋ ㄉㄡˋ ㄓㄥ
權威管教,1,ㄑㄩㄢˊ ㄨㄟ ㄍㄨㄢˇ ㄐㄧㄠˋ
權變鋒出,1,ㄑㄩㄢˊ ㄅㄧㄢˋ ㄈㄥ ㄔㄨ
權豪勢要,1,ㄑㄩㄢˊ ㄏㄠˊ ㄕˋ ㄧㄠˋ
權貴顯要,1,ㄑㄩㄢˊ ㄍㄨㄟˋ ㄒㄧㄢˇ ㄧㄠˋ
權鈞力齊,1,ㄑㄩㄢˊ ㄐㄩㄣ ㄌㄧˋ ㄑㄧˊ
欒櫨宏敞,1,ㄌㄨㄢˊ ㄌㄨˊ ㄏㄨㄥˊ ㄔㄤˇ
欠債還錢,1,ㄑㄧㄢˋ ㄓㄞˋ ㄏㄨㄢˊ ㄑㄧㄢˊ
次數線圖,1,ㄘˋ ㄕㄨˋ ㄒㄧㄢˋ ㄊㄨˊ
次生礦物,1,ㄘˋ ㄕㄥ ㄎㄨㄤˋ ㄨˋ
次級團體,1,ㄘˋ ㄐㄧˊ ㄊㄨㄢˊ ㄊㄧˇ
次級文化,1,ㄘˋ ㄐㄧˊ ㄨㄣˊ ㄏㄨㄚˋ
次級資料,1,ㄘˋ ㄐㄧˊ ㄗ ㄌㄧㄠˋ
欣喜雀躍,1,ㄒㄧㄣ ㄒㄧˇ ㄑㄩㄝˋ ㄩㄝˋ
欣欣得意,1,ㄒㄧㄣ ㄒㄧㄣ ㄉㄜˊ ㄧˋ
欣欣自得,1,ㄒㄧㄣ ㄒㄧㄣ ㄗˋ ㄉㄜˊ
欣然命筆,1,ㄒㄧㄣ ㄖㄢˊ ㄇㄧㄥˋ ㄅㄧˇ
欣然自喜,1,ㄒㄧㄣ ㄖㄢˊ ㄗˋ ㄒㄧˇ
欣然自得,1,ㄒㄧㄣ ㄖㄢˊ ㄗˋ ㄉㄜˊ
欣然自樂,1,ㄒㄧㄣ ㄖㄢˊ ㄗˋ ㄌㄜˋ
欣生惡死,1,ㄒㄧㄣ ㄕㄥ ㄨˋ ㄙˇ
欬唾成珠,1,ㄎㄜˊ ㄊㄨㄛˋ ㄔㄥˊ ㄓㄨ
欲不可從,1,ㄩˋ ㄅㄨˋ ㄎㄜˇ ㄗㄨㄥˋ
欲取固與,1,ㄩˋ ㄑㄩˇ ㄍㄨˋ ㄩˇ
欲哭無淚,1,ㄩˋ ㄎㄨ ㄨˊ ㄌㄟˋ
欲壑難填,1,ㄩˋ ㄏㄨㄛˋ ㄋㄢˊ ㄊㄧㄢˊ
欲壑難飽,1,ㄩˋ ㄏㄨㄛˋ ㄋㄢˊ ㄅㄠˇ
欲就還推,1,ㄩˋ ㄐㄧㄡˋ ㄏㄨㄢˊ ㄊㄨㄟ
欲擒故縱,1,ㄩˋ ㄑㄧㄣˊ ㄍㄨˋ ㄗㄨㄥˋ
欲深谿壑,1,ㄩˋ ㄕㄣ ㄒㄧ ㄏㄨㄛˋ
欲炙之色,1,ㄩˋ ㄓˋ ㄓ ㄙㄜˋ
欲益反損,1,ㄩˋ ㄧˋ ㄈㄢˇ ㄙㄨㄣˇ
欲語還休,1,ㄩˋ ㄩˇ ㄏㄨㄢˊ ㄒㄧㄡ
欲說還休,1,ㄩˋ ㄕㄨㄛ ㄏㄨㄢˊ ㄒㄧㄡ
欹嶔歷落,1,ㄧ ㄑㄧㄣ ㄌㄧˋ ㄌㄨㄛˋ
欺上罔下,1,ㄑㄧ ㄕㄤˋ ㄨㄤˇ ㄒㄧㄚˋ
欺世亂俗,1,ㄑㄧ ㄕˋ ㄌㄨㄢˋ ㄙㄨˊ
欺世惑俗,1,ㄑㄧ ㄕˋ ㄏㄨㄛˋ ㄙㄨˊ
欺世罔俗,1,ㄑㄧ ㄕˋ ㄨㄤˇ ㄙㄨˊ
欺世釣譽,1,ㄑㄧ ㄕˋ ㄉㄧㄠˋ ㄩˋ
欺主罔上,1,ㄑㄧ ㄓㄨˇ ㄨㄤˇ ㄕㄤˋ
欺人之談,1,ㄑㄧ ㄖㄣˊ ㄓ ㄊㄢˊ
欺以其方,1,ㄑㄧ ㄧˇ ㄑㄧˊ ㄈㄤ
欺公罔法,1,ㄑㄧ ㄍㄨㄥ ㄨㄤˇ ㄈㄚˇ
欺君誤國,1,ㄑㄧ ㄐㄩㄣ ㄨˋ ㄍㄨㄛˊ
欺大壓小,1,ㄑㄧ ㄉㄚˋ ㄧㄚ ㄒㄧㄠˇ
欺天罔人,1,ㄑㄧ ㄊㄧㄢ ㄨㄤˇ ㄖㄣˊ
欺天罔地,1,ㄑㄧ ㄊㄧㄢ ㄨㄤˇ ㄉㄧˋ
欺天誑地,1,ㄑㄧ ㄊㄧㄢ ㄎㄨㄤˊ ㄉㄧˋ
欺師滅祖,1,ㄑㄧ ㄕ ㄇㄧㄝˋ ㄗㄨˇ
欺心誑上,1,ㄑㄧ ㄒㄧㄣ ㄎㄨㄤˊ ㄕㄤˋ
欺瞞夾帳,1,ㄑㄧ ㄇㄢˊ ㄐㄧㄚˊ ㄓㄤˋ
欺行霸市,1,ㄑㄧ ㄏㄤˊ ㄅㄚˋ ㄕˋ
欺霜傲雪,1,ㄑㄧ ㄕㄨㄤ ㄠˋ ㄒㄩㄝˇ
欽佩莫名,1,ㄑㄧㄣ ㄆㄟˋ ㄇㄛˋ ㄇㄧㄥˊ
欽察汗國,1,ㄑㄧㄣ ㄔㄚˊ ㄏㄢˊ ㄍㄨㄛˊ
欽此欽遵,1,ㄑㄧㄣ ㄘˇ ㄑㄧㄣ ㄗㄨㄣ
欽賢好士,1,ㄑㄧㄣ ㄒㄧㄢˊ ㄏㄠˋ ㄕˋ
款啟寡聞,1,ㄎㄨㄢˇ ㄑㄧˇ ㄍㄨㄚˇ ㄨㄣˊ
款學寡聞,1,ㄎㄨㄢˇ ㄒㄩㄝˊ ㄍㄨㄚˇ ㄨㄣˊ
款款動人,1,ㄎㄨㄢˇ ㄎㄨㄢˇ ㄉㄨㄥˋ ㄖㄣˊ
款語溫言,1,ㄎㄨㄢˇ ㄩˇ ㄨㄣ ㄧㄢˊ
歃血為盟,1,ㄕㄚˋ ㄒㄩㄝˋ ㄨㄟˊ ㄇㄥˊ
歃血為誓,1,ㄕㄚˋ ㄒㄩㄝˋ ㄨㄟˊ ㄕˋ
歃血而盟,1,ㄕㄚˋ ㄒㄩㄝˋ ㄦˊ ㄇㄥˊ
歌樓舞館,1,ㄍㄜ ㄌㄡˊ ㄨˇ ㄍㄨㄢˇ
歌聲繞梁,1,ㄍㄜ ㄕㄥ ㄖㄠˋ ㄌㄧㄤˊ
歌臺舞榭,1,ㄍㄜ ㄊㄞˊ ㄨˇ ㄒㄧㄝˋ
歌舞作樂,1,ㄍㄜ ㄨˇ ㄗㄨㄛˋ ㄌㄜˋ
歌鶯舞燕,1,ㄍㄜ ㄧㄥ ㄨˇ ㄧㄢˋ
歎老嗟卑,1,ㄊㄢˋ ㄌㄠˇ ㄐㄧㄝ ㄅㄟ
歐幾里得,1,ㄡ ㄐㄧ ㄌㄧˇ ㄉㄜˊ
歙漆阿膠,1,ㄕㄜˋ ㄑㄧ ㄜ ㄐㄧㄠ
歠菽飲水,1,ㄔㄨㄛˋ ㄕㄨˊ ㄧㄣˇ ㄕㄨㄟˇ
歡呼雷動,1,ㄏㄨㄢ ㄏㄨ ㄌㄟˊ ㄉㄨㄥˋ
歡忻踴躍,1,ㄏㄨㄢ ㄒㄧㄣ ㄩㄥˇ ㄩㄝˋ
歡忻鼓舞,1,ㄏㄨㄢ ㄒㄧㄣ ㄍㄨˇ ㄨˇ
歡欣踴躍,1,ㄏㄨㄢ ㄒㄧㄣ ㄩㄥˇ ㄩㄝˋ
歡歡喜喜,1,ㄏㄨㄢ ㄏㄨㄢ˙ ㄒㄧˇ ㄒㄧˇ
歡聚一堂,1,ㄏㄨㄢ ㄐㄩˋ ㄧ ㄊㄤˊ
歡若平生,1,ㄏㄨㄢ ㄖㄨㄛˋ ㄆㄧㄥˊ ㄕㄥ
歡蹦亂跳,1,ㄏㄨㄢ ㄅㄥˋ ㄌㄨㄢˋ ㄊㄧㄠˋ
歡迸亂跳,1,ㄏㄨㄢ ㄅㄥˋ ㄌㄨㄢˋ ㄊㄧㄠˋ
止惡揚善,1,ㄓˇ ㄜˋ ㄧㄤˊ ㄕㄢˋ
止戈散馬,1,ㄓˇ ㄍㄜ ㄙㄢˋ ㄇㄚˇ
止戈興仁,1,ㄓˇ ㄍㄜ ㄒㄧㄥ ㄖㄣˊ
止暴禁非,1,ㄓˇ ㄅㄠˋ ㄐㄧㄣˋ ㄈㄟ
止渴思梅,1,ㄓˇ ㄎㄜˇ ㄙ ㄇㄟˊ
止渴飲鴆,1,ㄓˇ ㄎㄜˇ ㄧㄣˇ ㄓㄣˋ
止談風月,1,ㄓˇ ㄊㄢˊ ㄈㄥ ㄩㄝˋ
止足之分,1,ㄓˇ ㄗㄨˊ ㄓ ㄈㄣˋ
正中己懷,1,ㄓㄥˋ ㄓㄨㄥˋ ㄐㄧˇ ㄏㄨㄞˊ
正中紅心,1,ㄓㄥˋ ㄓㄨㄥˋ ㄏㄨㄥˊ ㄒㄧㄣ
正名責實,1,ㄓㄥˋ ㄇㄧㄥˊ ㄗㄜˊ ㄕˊ
正大堂煌,1,ㄓㄥˋ ㄉㄚˋ ㄊㄤˊ ㄏㄨㄤˊ
正始之音,1,ㄓㄥˋ ㄕˇ ㄓ ㄧㄣ
正始文學,1,ㄓㄥˋ ㄕˇ ㄨㄣˊ ㄒㄩㄝˊ
正始玄風,1,ㄓㄥˋ ㄕˇ ㄒㄩㄢˊ ㄈㄥ
正己守道,1,ㄓㄥˋ ㄐㄧˇ ㄕㄡˇ ㄉㄠˋ
正方晶系,1,ㄓㄥˋ ㄈㄤ ㄐㄧㄥ ㄒㄧˋ
正本溯源,1,ㄓㄥˋ ㄅㄣˇ ㄙㄨˋ ㄩㄢˊ
正枝正葉,1,ㄓㄥˋ ㄓ ㄓㄥˋ ㄧㄝˋ
正正堂堂,1,ㄓㄥˋ ㄓㄥˋ ㄊㄤˊ ㄊㄤˊ
正法直度,1,ㄓㄥˋ ㄈㄚˇ ㄓˊ ㄉㄨˋ
正法眼藏,1,ㄓㄥˋ ㄈㄚˇ ㄧㄢˇ ㄘㄤˊ
正直清廉,1,ㄓㄥˋ ㄓˊ ㄑㄧㄥ ㄌㄧㄢˊ
正直無邪,1,ㄓㄥˋ ㄓˊ ㄨˊ ㄒㄧㄝˊ
正經八百,1,ㄓㄥˋ ㄐㄧㄥ˙ ㄅㄚ ㄅㄞˇ
正聲雅音,1,ㄓㄥˋ ㄕㄥ ㄧㄚˇ ㄧㄣ
正色危言,1,ㄓㄥˋ ㄙㄜˋ ㄨㄟˊ ㄧㄢˊ
正色敢言,1,ㄓㄥˋ ㄙㄜˋ ㄍㄢˇ ㄧㄢˊ
正色直言,1,ㄓㄥˋ ㄙㄜˋ ㄓˊ ㄧㄢˊ
正視繩行,1,ㄓㄥˋ ㄕˋ ㄕㄥˊ ㄒㄧㄥˊ
正言不諱,1,ㄓㄥˋ ㄧㄢˊ ㄅㄨˋ ㄏㄨㄟˋ
正言厲色,1,ㄓㄥˋ ㄧㄢˊ ㄌㄧˋ ㄙㄜˋ
正言厲顏,1,ㄓㄥˋ ㄧㄢˊ ㄌㄧˋ ㄧㄢˊ
正言直諫,1,ㄓㄥˋ ㄧㄢˊ ㄓˊ ㄐㄧㄢˋ
正身明法,1,ㄓㄥˋ ㄕㄣ ㄇㄧㄥˊ ㄈㄚˇ
正身清心,1,ㄓㄥˋ ㄕㄣ ㄑㄧㄥ ㄒㄧㄣ
正身率下,1,ㄓㄥˋ ㄕㄣ ㄕㄨㄞˋ ㄒㄧㄚˋ
正頭娘子,1,ㄓㄥˋ ㄊㄡˊ ㄋㄧㄤˊ ㄗ˙
正頭香主,1,ㄓㄥˋ ㄊㄡ˙ ㄒㄧㄤ ㄓㄨ˙
正點背畫,1,ㄓㄥˋ ㄉㄧㄢˇ ㄅㄟˋ ㄏㄨㄚˋ
此事體大,1,ㄘˇ ㄕˋ ㄊㄧˇ ㄉㄚˋ
此仆彼起,1,ㄘˇ ㄆㄨ ㄅㄧˇ ㄑㄧˇ
此唱彼和,1,ㄘˇ ㄔㄤˋ ㄅㄧˇ ㄏㄜˋ
此問彼難,1,ㄘˇ ㄨㄣˋ ㄅㄧˇ ㄋㄢˋ
此發彼應,1,ㄘˇ ㄈㄚ ㄅㄧˇ ㄧㄥˋ
步伐異常,1,ㄅㄨˋ ㄈㄚ ㄧˋ ㄔㄤˊ
步兵學校,1,ㄅㄨˋ ㄅㄧㄥ ㄒㄩㄝˊ ㄒㄧㄠˋ
步兵校尉,1,ㄅㄨˋ ㄅㄧㄥ ㄒㄧㄠˋ ㄨㄟˋ
步履如飛,1,ㄅㄨˋ ㄌㄩˇ ㄖㄨˊ ㄈㄟ
步斗踏罡,1,ㄅㄨˋ ㄉㄡˇ ㄊㄚˋ ㄍㄤ
步月登雲,1,ㄅㄨˋ ㄩㄝˋ ㄉㄥ ㄩㄣˊ
步步生花,1,ㄅㄨˋ ㄅㄨˋ ㄕㄥ ㄏㄨㄚ
步步留心,1,ㄅㄨˋ ㄅㄨˋ ㄌㄧㄡˊ ㄒㄧㄣ
步步蓮花,1,ㄅㄨˋ ㄅㄨˋ ㄌㄧㄢˊ ㄏㄨㄚ
步步行兇,1,ㄅㄨˋ ㄅㄨˋ ㄒㄧㄥˊ ㄒㄩㄥ
步步金蓮,1,ㄅㄨˋ ㄅㄨˋ ㄐㄧㄣ ㄌㄧㄢˊ
步武堂皇,1,ㄅㄨˋ ㄨˇ ㄊㄤˊ ㄏㄨㄤˊ
步線行針,1,ㄅㄨˋ ㄒㄧㄢˋ ㄒㄧㄥˊ ㄓㄣ
步罡踏斗,1,ㄅㄨˋ ㄍㄤ ㄊㄚˋ ㄉㄡˇ
步進馬達,1,ㄅㄨˋ ㄐㄧㄣˋ ㄇㄚˇ ㄉㄚˊ
步雪履穿,1,ㄅㄨˋ ㄒㄩㄝˇ ㄌㄩˇ ㄔㄨㄢ
步飛煙傳,1,ㄅㄨˋ ㄈㄟ ㄧㄢ ㄓㄨㄢˋ
武不善作,1,ㄨˇ ㄅㄨˋ ㄕㄢˋ ㄗㄨㄛˋ
武俠小說,1,ㄨˇ ㄒㄧㄚˊ ㄒㄧㄠˇ ㄕㄨㄛ
武偃文修,1,ㄨˇ ㄧㄢˇ ㄨㄣˊ ㄒㄧㄡ
武城弦歌,1,ㄨˇ ㄔㄥˊ ㄒㄧㄢˊ ㄍㄜ
武昌剩竹,1,ㄨˇ ㄔㄤ ㄕㄥˋ ㄓㄨˊ
武林舊事,1,ㄨˇ ㄌㄧㄣˊ ㄐㄧㄡˋ ㄕˋ
武術指導,1,ㄨˇ ㄕㄨˋ ㄓˇ ㄉㄠˇ
武裝中立,1,ㄨˇ ㄓㄨㄤ ㄓㄨㄥ ㄌㄧˋ
歪嘴喊人,1,ㄨㄞ ㄗㄨㄟˇ ㄏㄢˇ ㄖㄣˊ
歪心邪意,1,ㄨㄞ ㄒㄧㄣ ㄒㄧㄝˊ ㄧˋ
歪談亂講,1,ㄨㄞ ㄊㄢˊ ㄌㄨㄢˋ ㄐㄧㄤˇ
歪談亂道,1,ㄨㄞ ㄊㄢˊ ㄌㄨㄢˋ ㄉㄠˋ
歲不我與,1,ㄙㄨㄟˋ ㄅㄨˋ ㄨㄛˇ ㄩˇ
歲在龍蛇,1,ㄙㄨㄟˋ ㄗㄞˋ ㄌㄨㄥˊ ㄕㄜˊ
歲寒不凋,1,ㄙㄨㄟˋ ㄏㄢˊ ㄅㄨˋ ㄉㄧㄠ
歲寒松柏,1,ㄙㄨㄟˋ ㄏㄢˊ ㄙㄨㄥ ㄅㄛˊ
歲時伏臘,1,ㄙㄨㄟˋ ㄕˊ ㄈㄨˊ ㄌㄚˋ
歲月不居,1,ㄙㄨㄟˋ ㄩㄝˋ ㄅㄨˋ ㄐㄩ
歲月如流,1,ㄙㄨㄟˋ ㄩㄝˋ ㄖㄨˊ ㄌㄧㄡˊ
歲月崢嶸,1,ㄙㄨㄟˋ ㄩㄝˋ ㄓㄥ ㄖㄨㄥˊ
歲朘月耗,1,ㄙㄨㄟˋ ㄐㄩㄢ ㄩㄝˋ ㄏㄠˋ
歲歲平安,1,ㄙㄨㄟˋ ㄙㄨㄟˋ ㄆㄧㄥˊ ㄢ
歲比不登,1,ㄙㄨㄟˋ ㄅㄧˋ ㄅㄨˋ ㄉㄥ
歲稔年豐,1,ㄙㄨㄟˋ ㄖㄣˇ ㄋㄧㄢˊ ㄈㄥ
歲豐年稔,1,ㄙㄨㄟˋ ㄈㄥ ㄋㄧㄢˊ ㄖㄣˇ
歷史名詞,1,ㄌㄧˋ ㄕˇ ㄇㄧㄥˊ ㄘˊ
歷史年表,1,ㄌㄧˋ ㄕˇ ㄋㄧㄢˊ ㄅㄧㄠˇ
歷史文學,1,ㄌㄧˋ ㄕˇ ㄨㄣˊ ㄒㄩㄝˊ
歷史時代,1,ㄌㄧˋ ㄕˇ ㄕˊ ㄉㄞˋ
歷史線圖,1,ㄌㄧˋ ㄕˇ ㄒㄧㄢˋ ㄊㄨˊ
歷史語詞,1,ㄌㄧˋ ㄕˇ ㄩˇ ㄘˊ
歷史重演,1,ㄌㄧˋ ㄕˇ ㄔㄨㄥˊ ㄧㄢˇ
歷夏經秋,1,ㄌㄧˋ ㄒㄧㄚˋ ㄐㄧㄥ ㄑㄧㄡ
歷日曠久,1,ㄌㄧˋ ㄖˋ ㄎㄨㄤˋ ㄐㄧㄡˇ
歷有年所,1,ㄌㄧˋ ㄧㄡˇ ㄋㄧㄢˊ ㄙㄨㄛˇ
歷歷可紀,1,ㄌㄧˋ ㄌㄧˋ ㄎㄜˇ ㄐㄧˋ
歷歷可考,1,ㄌㄧˋ ㄌㄧˋ ㄎㄜˇ ㄎㄠˇ
歷歷可辨,1,ㄌㄧˋ ㄌㄧˋ ㄎㄜˇ ㄅㄧㄢˋ
歷歷如繪,1,ㄌㄧˋ ㄌㄧˋ ㄖㄨˊ ㄏㄨㄟˋ
歷歷落落,1,ㄌㄧˋ ㄌㄧˋ ㄌㄨㄛˋ ㄌㄨㄛˋ
歷盡艱險,1,ㄌㄧˋ ㄐㄧㄣˋ ㄐㄧㄢ ㄒㄧㄢˇ
歷經波折,1,ㄌㄧˋ ㄐㄧㄥ ㄅㄛ ㄓㄜˊ
歷練之才,1,ㄌㄧˋ ㄌㄧㄢˋ ㄓ ㄘㄞˊ
歷練老成,1,ㄌㄧˋ ㄌㄧㄢˋ ㄌㄠˇ ㄔㄥˊ
歸之若水,1,ㄍㄨㄟ ㄓ ㄖㄨㄛˋ ㄕㄨㄟˇ
歸全反真,1,ㄍㄨㄟ ㄑㄩㄢˊ ㄈㄢˇ ㄓㄣ
歸化植物,1,ㄍㄨㄟ ㄏㄨㄚˋ ㄓˊ ㄨˋ
歸去來兮,1,ㄍㄨㄟ ㄑㄩˋ ㄌㄞˊ ㄒㄧ
歸去來辭,1,ㄍㄨㄟ ㄑㄩˋ ㄌㄞˊ ㄘˊ
歸向導引,1,ㄍㄨㄟ ㄒㄧㄤˋ ㄉㄠˇ ㄧㄣˇ
歸國學人,1,ㄍㄨㄟ ㄍㄨㄛˊ ㄒㄩㄝˊ ㄖㄣˊ
歸奇顧怪,1,ㄍㄨㄟ ㄑㄧˊ ㄍㄨˋ ㄍㄨㄞˋ
歸帳路頭,1,ㄍㄨㄟ ㄓㄤˋ ㄌㄨˋ ㄊㄡˊ
歸心如箭,1,ㄍㄨㄟ ㄒㄧㄣ ㄖㄨˊ ㄐㄧㄢˋ
歸根究柢,1,ㄍㄨㄟ ㄍㄣ ㄐㄧㄡˋ ㄉㄧˇ
歸根結柢,1,ㄍㄨㄟ ㄍㄣ ㄐㄧㄝˊ ㄉㄧˇ
歸正反本,1,ㄍㄨㄟ ㄓㄥˋ ㄈㄢˇ ㄅㄣˇ
歸真反璞,1,ㄍㄨㄟ ㄓㄣ ㄈㄢˇ ㄆㄨˊ
歸真證果,1,ㄍㄨㄟ ㄓㄣ ㄓㄥˋ ㄍㄨㄛˇ
歸老菟裘,1,ㄍㄨㄟ ㄌㄠˇ ㄊㄨˋ ㄑㄧㄡˊ
歸裡包堆,1,ㄍㄨㄟ ㄌㄧˇ ㄅㄠ ㄉㄨㄟ
歸遺細君,1,ㄍㄨㄟ ㄨㄟˋ ㄒㄧˋ ㄐㄩㄣ
歸馬放牛,1,ㄍㄨㄟ ㄇㄚˇ ㄈㄤˋ ㄋㄧㄡˊ
歹徒橫行,1,ㄉㄞˇ ㄊㄨˊ ㄏㄥˊ ㄒㄧㄥˊ
歹戲拖棚,1,ㄉㄞˇ ㄒㄧˋ ㄊㄨㄛ ㄆㄥˊ
死不旋踵,1,ㄙˇ ㄅㄨˋ ㄒㄩㄢˊ ㄓㄨㄥˇ
死不要臉,1,ㄙˇ ㄅㄨˋ ㄧㄠˋ ㄌㄧㄢˇ
死不認錯,1,ㄙˇ ㄅㄨˋ ㄖㄣˋ ㄘㄨㄛˋ
死不閉目,1,ㄙˇ ㄅㄨˋ ㄅㄧˋ ㄇㄨˋ
死且不朽,1,ㄙˇ ㄑㄧㄝˇ ㄅㄨˋ ㄒㄧㄡˇ
死中求活,1,ㄙˇ ㄓㄨㄥ ㄑㄧㄡˊ ㄏㄨㄛˊ
死中求生,1,ㄙˇ ㄓㄨㄥ ㄑㄧㄡˊ ㄕㄥ
死乞白賴,1,ㄙˇ ㄑㄧ˙ ㄅㄞˊ ㄌㄞˋ
死亡宣告,1,ㄙˇ ㄨㄤˊ ㄒㄩㄢ ㄍㄠˋ
死亡無日,1,ㄙˇ ㄨㄤˊ ㄨˊ ㄖˋ
死亡登記,1,ㄙˇ ㄨㄤˊ ㄉㄥ ㄐㄧˋ
死亡約會,1,ㄙˇ ㄨㄤˊ ㄩㄝ ㄏㄨㄟˋ
死亡給付,1,ㄙˇ ㄨㄤˊ ㄐㄧˇ ㄈㄨˋ
死亡證明,1,ㄙˇ ㄨㄤˊ ㄓㄥˋ ㄇㄧㄥˊ
死亦瞑目,1,ㄙˇ ㄧˋ ㄇㄧㄥˊ ㄇㄨˋ
死傷相枕,1,ㄙˇ ㄕㄤ ㄒㄧㄤ ㄓㄣˋ
死傷相藉,1,ㄙˇ ㄕㄤ ㄒㄧㄤ ㄐㄧㄝˋ
死別生離,1,ㄙˇ ㄅㄧㄝˊ ㄕㄥ ㄌㄧˊ
死吃死嚼,1,ㄙˇ ㄔ ㄙˇ ㄐㄧㄠˊ
死告活央,1,ㄙˇ ㄍㄠˋ ㄏㄨㄛˊ ㄧㄤ
死地求生,1,ㄙˇ ㄉㄧˋ ㄑㄧㄡˊ ㄕㄥ
死心倒地,1,ㄙˇ ㄒㄧㄣ ㄉㄠˇ ㄉㄧˋ
死心搭地,1,ㄙˇ ㄒㄧㄣ ㄉㄚ ㄉㄧˋ
死日生年,1,ㄙˇ ㄖˋ ㄕㄥ ㄋㄧㄢˊ
死有餘僇,1,ㄙˇ ㄧㄡˇ ㄩˊ ㄌㄨˋ
死有餘罪,1,ㄙˇ ㄧㄡˇ ㄩˊ ㄗㄨㄟˋ
死有餘責,1,ㄙˇ ㄧㄡˇ ㄩˊ ㄗㄜˊ
死模活樣,1,ㄙˇ ㄇㄨˊ ㄏㄨㄛˊ ㄧㄤˋ
死氣白賴,1,ㄙˇ ㄑㄧˋ ㄅㄞˊ ㄌㄞˋ
死求白賴,1,ㄙˇ ㄑㄧㄡˊ ㄅㄞˊ ㄌㄞˋ
死灰復然,1,ㄙˇ ㄏㄨㄟ ㄈㄨˋ ㄖㄢˊ
死灰復燎,1,ㄙˇ ㄏㄨㄟ ㄈㄨˋ ㄌㄧㄠˋ
死灰槁木,1,ㄙˇ ㄏㄨㄟ ㄍㄠˇ ㄇㄨˋ
死無遺憂,1,ㄙˇ ㄨˊ ㄧˊ ㄧㄡ
死爹哭媽,1,ㄙˇ ㄉㄧㄝ ㄎㄨ ㄇㄚ
死生之交,1,ㄙˇ ㄕㄥ ㄓ ㄐㄧㄠ
死生契闊,1,ㄙˇ ㄕㄥ ㄑㄧㄝˋ ㄎㄨㄛˋ
死生存亡,1,ㄙˇ ㄕㄥ ㄘㄨㄣˊ ㄨㄤˊ
死生未卜,1,ㄙˇ ㄕㄥ ㄨㄟˋ ㄅㄨˇ
死生榮辱,1,ㄙˇ ㄕㄥ ㄖㄨㄥˊ ㄖㄨˋ
死相枕藉,1,ㄙˇ ㄒㄧㄤ ㄓㄣˋ ㄐㄧㄝˋ
死眉瞪眼,1,ㄙˇ ㄇㄟˊ ㄉㄥˋ ㄧㄢˇ
死纏活纏,1,ㄙˇ ㄔㄢˊ ㄏㄨㄛˊ ㄔㄢˊ
死者相枕,1,ㄙˇ ㄓㄜˇ ㄒㄧㄤ ㄓㄣˋ
死而不悔,1,ㄙˇ ㄦˊ ㄅㄨˋ ㄏㄨㄟˇ
死而後止,1,ㄙˇ ㄦˊ ㄏㄡˋ ㄓˇ
死而復生,1,ㄙˇ ㄦˊ ㄈㄨˋ ㄕㄥ
死而復甦,1,ㄙˇ ㄦˊ ㄈㄨˋ ㄙㄨ
死而無悔,1,ㄙˇ ㄦˊ ㄨˊ ㄏㄨㄟˇ
死聲活氣,1,ㄙˇ ㄕㄥ ㄏㄨㄛˊ ㄑㄧˋ
死說活說,1,ㄙˇ ㄕㄨㄛ ㄏㄨㄛˊ ㄕㄨㄛ
死輕鴻毛,1,ㄙˇ ㄑㄧㄥ ㄏㄨㄥˊ ㄇㄠˊ
死追活追,1,ㄙˇ ㄓㄨㄟ ㄏㄨㄛˊ ㄓㄨㄟ
死重泰山,1,ㄙˇ ㄓㄨㄥˋ ㄊㄞˋ ㄕㄢ
死鰾白纏,1,ㄙˇ ㄅㄧㄠˋ ㄅㄞˊ ㄔㄢˊ
殉義忘生,1,ㄒㄩㄣˋ ㄧˋ ㄨㄤˋ ㄕㄥ
殉義忘身,1,ㄒㄩㄣˋ ㄧˋ ㄨㄤˋ ㄕㄣ
殊功勁節,1,ㄕㄨ ㄍㄨㄥ ㄐㄧㄥˋ ㄐㄧㄝˊ
殊勛異績,1,ㄕㄨ ㄒㄩㄣ ㄧˋ ㄐㄧ
殊勛茂績,1,ㄕㄨ ㄒㄩㄣ ㄇㄠˋ ㄐㄧ
殊塗一致,1,ㄕㄨ ㄊㄨˊ ㄧ ㄓˋ
殊塗同會,1,ㄕㄨ ㄊㄨˊ ㄊㄨㄥˊ ㄏㄨㄟˋ
殊塗同歸,1,ㄕㄨ ㄊㄨˊ ㄊㄨㄥˊ ㄍㄨㄟ
殊塗同致,1,ㄕㄨ ㄊㄨˊ ㄊㄨㄥˊ ㄓˋ
殊形妙狀,1,ㄕㄨ ㄒㄧㄥˊ ㄇㄧㄠˋ ㄓㄨㄤˋ
殊形怪狀,1,ㄕㄨ ㄒㄧㄥˊ ㄍㄨㄞˋ ㄓㄨㄤˋ
殊形詭狀,1,ㄕㄨ ㄒㄧㄥˊ ㄍㄨㄟˇ ㄓㄨㄤˋ
殊形詭色,1,ㄕㄨ ㄒㄧㄥˊ ㄍㄨㄟˇ ㄙㄜˋ
殊方同致,1,ㄕㄨ ㄈㄤ ㄊㄨㄥˊ ㄓˋ
殊方異域,1,ㄕㄨ ㄈㄤ ㄧˋ ㄩˋ
殊方異類,1,ㄕㄨ ㄈㄤ ㄧˋ ㄌㄟˋ
殊方絕域,1,ㄕㄨ ㄈㄤ ㄐㄩㄝˊ ㄩˋ
殊滋異味,1,ㄕㄨ ㄗ ㄧˋ ㄨㄟˋ
殊致同歸,1,ㄕㄨ ㄓˋ ㄊㄨㄥˊ ㄍㄨㄟ
殊豔尤態,1,ㄕㄨ ㄧㄢˋ ㄧㄡˊ ㄊㄞˋ
殊路同歸,1,ㄕㄨ ㄌㄨˋ ㄊㄨㄥˊ ㄍㄨㄟ
殖民政府,1,ㄓˊ ㄇㄧㄣˊ ㄓㄥˋ ㄈㄨˇ
殖民政策,1,ㄓˊ ㄇㄧㄣˊ ㄓㄥˋ ㄘㄜˋ
殖民教育,1,ㄓˊ ㄇㄧㄣˊ ㄐㄧㄠˋ ㄩˋ
殘冬臘月,1,ㄘㄢˊ ㄉㄨㄥ ㄌㄚˋ ㄩㄝˋ
殘山剩水,1,ㄘㄢˊ ㄕㄢ ㄕㄥˋ ㄕㄨㄟˇ
殘暴不仁,1,ㄘㄢˊ ㄅㄠˋ ㄅㄨˋ ㄖㄣˊ
殘杯冷炙,1,ㄘㄢˊ ㄅㄟ ㄌㄥˇ ㄓˋ
殘槃冷炙,1,ㄘㄢˊ ㄆㄢˊ ㄌㄥˇ ㄓˋ
殘民以逞,1,ㄘㄢˊ ㄇㄧㄣˊ ㄧˇ ㄔㄥˇ
殘民害物,1,ㄘㄢˊ ㄇㄧㄣˊ ㄏㄞˋ ㄨˋ
殘渣餘孽,1,ㄘㄢˊ ㄓㄚ ㄩˊ ㄋㄧㄝˋ
殘燈末廟,1,ㄘㄢˊ ㄉㄥ ㄇㄛˋ ㄇㄧㄠˋ
殘章斷簡,1,ㄘㄢˊ ㄓㄤ ㄉㄨㄢˋ ㄐㄧㄢˇ
殘編斷簡,1,ㄘㄢˊ ㄅㄧㄢ ㄉㄨㄢˋ ㄐㄧㄢˇ
殘羹冷炙,1,ㄘㄢˊ ㄍㄥ ㄌㄥˇ ㄓˋ
殘羹冷飯,1,ㄘㄢˊ ㄍㄥ ㄌㄥˇ ㄈㄢˋ
殘羹剩飯,1,ㄘㄢˊ ㄍㄥ ㄕㄥˋ ㄈㄢˋ
殘而不廢,1,ㄘㄢˊ ㄦˊ ㄅㄨˋ ㄈㄟˋ
殘膏賸馥,1,ㄘㄢˊ ㄍㄠ ㄕㄥˋ ㄈㄨˋ
殘茶剩飯,1,ㄘㄢˊ ㄔㄚˊ ㄕㄥˋ ㄈㄢˋ
殘賢害善,1,ㄘㄢˊ ㄒㄧㄢˊ ㄏㄞˋ ㄕㄢˋ
殘軍敗將,1,ㄘㄢˊ ㄐㄩㄣ ㄅㄞˋ ㄐㄧㄤˋ
殘頭落腳,1,ㄘㄢˊ ㄊㄡˊ ㄌㄨㄛˋ ㄐㄧㄠˇ
殞身滅命,1,ㄩㄣˇ ㄕㄣ ㄇㄧㄝˋ ㄇㄧㄥˋ
殞身碎首,1,ㄩㄣˇ ㄕㄣ ㄙㄨㄟˋ ㄕㄡˇ
殢雨尤雲,1,ㄊㄧˋ ㄩˇ ㄧㄡˊ ㄩㄣˊ
殢雲尤雨,1,ㄊㄧˋ ㄩㄣˊ ㄧㄡˊ ㄩˇ
殫心竭力,1,ㄉㄢ ㄒㄧㄣ ㄐㄧㄝˊ ㄌㄧˋ
殫心竭慮,1,ㄉㄢ ㄒㄧㄣ ㄐㄧㄝˊ ㄌㄩˋ
殫智竭力,1,ㄉㄢ ㄓˋ ㄐㄧㄝˊ ㄌㄧˋ
殫精極思,1,ㄉㄢ ㄐㄧㄥ ㄐㄧˊ ㄙ
殫精極慮,1,ㄉㄢ ㄐㄧㄥ ㄐㄧˊ ㄌㄩˋ
殫精畢力,1,ㄉㄢ ㄐㄧㄥ ㄅㄧˋ ㄌㄧˋ
殫精畢思,1,ㄉㄢ ㄐㄧㄥ ㄅㄧˋ ㄙ
殫精竭力,1,ㄉㄢ ㄐㄧㄥ ㄐㄧㄝˊ ㄌㄧˋ
殫精竭慮,1,ㄉㄢ ㄐㄧㄥ ㄐㄧㄝˊ ㄌㄩˋ
殫見洽聞,1,ㄉㄢ ㄐㄧㄢˋ ㄒㄧㄚˊ ㄨㄣˊ
殫誠畢慮,1,ㄉㄢ ㄔㄥˊ ㄅㄧˋ ㄌㄩˋ
殫謀戮力,1,ㄉㄢ ㄇㄡˊ ㄌㄨˋ ㄌㄧˋ
殲一警百,1,ㄐㄧㄢ ㄧ ㄐㄧㄥˇ ㄅㄞˇ
殷墟卜辭,1,ㄧㄣ ㄒㄩ ㄅㄨˇ ㄘˊ
殷墟書契,1,ㄧㄣ ㄒㄩ ㄕㄨ ㄑㄧˋ
殷天動地,1,ㄧㄣˇ ㄊㄧㄢ ㄉㄨㄥˋ ㄉㄧˋ
殷天震地,1,ㄧㄣˇ ㄊㄧㄢ ㄓㄣˋ ㄉㄧˋ
殷師牛鬥,1,ㄧㄣ ㄕ ㄋㄧㄡˊ ㄉㄡˋ
殷有三仁,1,ㄧㄣ ㄧㄡˇ ㄙㄢ ㄖㄣˊ
殷殷勤勤,1,ㄧㄣ ㄧㄣ ㄑㄧㄣˊ ㄑㄧㄣˊ
殷殷屯屯,1,ㄧㄣ ㄧㄣ ㄓㄨㄣ ㄓㄨㄣ
殷殷田田,1,ㄧㄣ ㄧㄣ ㄊㄧㄢˊ ㄊㄧㄢˊ
殷民阜利,1,ㄧㄣ ㄇㄧㄣˊ ㄈㄨˋ ㄌㄧˋ
殷民阜財,1,ㄧㄣ ㄇㄧㄣˊ ㄈㄨˋ ㄘㄞˊ
殷浩書空,1,ㄧㄣ ㄏㄠˋ ㄕㄨ ㄎㄨㄥ
殷鑒不遠,1,ㄧㄣ ㄐㄧㄢˋ ㄅㄨˋ ㄩㄢˇ
殺一利百,1,ㄕㄚ ㄧ ㄌㄧˋ ㄅㄞˇ
殺人如芥,1,ㄕㄚ ㄖㄣˊ ㄖㄨˊ ㄐㄧㄝˋ
殺人如草,1,ㄕㄚ ㄖㄣˊ ㄖㄨˊ ㄘㄠˇ
殺人如蓺,1,ㄕㄚ ㄖㄣˊ ㄖㄨˊ ㄧˋ
殺人滅口,1,ㄕㄚ ㄖㄣˊ ㄇㄧㄝˋ ㄎㄡˇ
殺人滅跡,1,ㄕㄚ ㄖㄣˊ ㄇㄧㄝˋ ㄐㄧ
殺伐決斷,1,ㄕㄚ ㄈㄚ ㄐㄩㄝˊ ㄉㄨㄢˋ
殺妻求將,1,ㄕㄚ ㄑㄧ ㄑㄧㄡˊ ㄐㄧㄤˋ
殺家達子,1,ㄕㄚ ㄐㄧㄚ ㄉㄚˊ ㄗ˙
殺彘教子,1,ㄕㄚ ㄓˋ ㄐㄧㄠˋ ㄗˇ
殺狗勸夫,1,ㄕㄚ ㄍㄡˇ ㄑㄩㄢˋ ㄈㄨ
殺生之柄,1,ㄕㄚ ㄕㄥ ㄓ ㄅㄧㄥˇ
殺生之權,1,ㄕㄚ ㄕㄥ ㄓ ㄑㄩㄢˊ
殺生與奪,1,ㄕㄚ ㄕㄥ ㄩˇ ㄉㄨㄛˊ
殺聲震天,1,ㄕㄚ ㄕㄥ ㄓㄣˋ ㄊㄧㄢ
殺衣縮食,1,ㄕㄞˋ ㄧ ㄙㄨˋ ㄕˊ
殺身之禍,1,ㄕㄚ ㄕㄣ ㄓ ㄏㄨㄛˋ
殺身出生,1,ㄕㄚ ㄕㄣ ㄔㄨ ㄕㄥ
殺身報國,1,ㄕㄚ ㄕㄣ ㄅㄠˋ ㄍㄨㄛˊ
殺身成名,1,ㄕㄚ ㄕㄣ ㄔㄥˊ ㄇㄧㄥˊ
殺身成義,1,ㄕㄚ ㄕㄣ ㄔㄥˊ ㄧˋ
殺身救國,1,ㄕㄚ ㄕㄣ ㄐㄧㄡˋ ㄍㄨㄛˊ
殺身為報,1,ㄕㄚ ㄕㄣ ㄨㄟˊ ㄅㄠˋ
殺雞扯脖,1,ㄕㄚ ㄐㄧ ㄔㄜˇ ㄅㄛˊ
殺雞炊黍,1,ㄕㄚ ㄐㄧ ㄔㄨㄟ ㄕㄨˇ
殺雞為黍,1,ㄕㄚ ㄐㄧ ㄨㄟˊ ㄕㄨˇ
殺雞駭猴,1,ㄕㄚ ㄐㄧ ㄏㄞˋ ㄏㄡˊ
殺馬毀車,1,ㄕㄚ ㄇㄚˇ ㄏㄨㄟˇ ㄔㄜ
殿鐘自鳴,1,ㄉㄧㄢˋ ㄓㄨㄥ ㄗˋ ㄇㄧㄥˊ
毀不滅性,1,ㄏㄨㄟˇ ㄅㄨˋ ㄇㄧㄝˋ ㄒㄧㄥˋ
毀宗夷族,1,ㄏㄨㄟˇ ㄗㄨㄥ ㄧˊ ㄗㄨˊ
毀家紓國,1,ㄏㄨㄟˇ ㄐㄧㄚ ㄕㄨ ㄍㄨㄛˊ
毀屍滅跡,1,ㄏㄨㄟˇ ㄕ ㄇㄧㄝˋ ㄐㄧ
毀廉蔑恥,1,ㄏㄨㄟˇ ㄌㄧㄢˊ ㄇㄧㄝˋ ㄔˇ
毀形滅性,1,ㄏㄨㄟˇ ㄒㄧㄥˊ ㄇㄧㄝˋ ㄒㄧㄥˋ
毀方投圓,1,ㄏㄨㄟˇ ㄈㄤ ㄊㄡˊ ㄩㄢˊ
毀方瓦合,1,ㄏㄨㄟˇ ㄈㄤ ㄨㄚˇ ㄏㄜˊ
毀於一旦,1,ㄏㄨㄟˇ ㄩˊ ㄧ ㄉㄢˋ
毀瓦畫墁,1,ㄏㄨㄟˇ ㄨㄚˇ ㄏㄨㄚˋ ㄇㄢˋ
毀舟為杕,1,ㄏㄨㄟˇ ㄓㄡ ㄨㄟˊ ㄉㄨㄛˋ
毀車殺馬,1,ㄏㄨㄟˇ ㄔㄜ ㄕㄚ ㄇㄚˇ
毀鐘為鐸,1,ㄏㄨㄟˇ ㄓㄨㄥ ㄨㄟˊ ㄉㄨㄛˊ
毀風敗俗,1,ㄏㄨㄟˇ ㄈㄥ ㄅㄞˋ ㄙㄨˊ
毋望之禍,1,ㄨˊ ㄨㄤˋ ㄓ ㄏㄨㄛˋ
毋望之福,1,ㄨˊ ㄨㄤˋ ㄓ ㄈㄨˊ
毋枉毋縱,1,ㄨˊ ㄨㄤˇ ㄨˊ ㄗㄨㄥˋ
毋翼而飛,1,ㄨˊ ㄧˋ ㄦˊ ㄈㄟ
母儀足式,1,ㄇㄨˇ ㄧˊ ㄗㄨˊ ㄕˋ
母老子幼,1,ㄇㄨˇ ㄌㄠˇ ㄗˇ ㄧㄡˋ
每戰必勝,1,ㄇㄟˇ ㄓㄢˋ ㄅㄧˋ ㄕㄥˋ
每戰皆北,1,ㄇㄟˇ ㄓㄢˋ ㄐㄧㄝ ㄅㄟˇ
每日逐朝,1,ㄇㄟˇ ㄖˋ ㄓㄨˊ ㄓㄠ
每朝每日,1,ㄇㄟˇ ㄓㄠ ㄇㄟˇ ㄖˋ
每朝逐日,1,ㄇㄟˇ ㄓㄠ ㄓㄨˊ ㄖˋ
每飯不忘,1,ㄇㄟˇ ㄈㄢˋ ㄅㄨˋ ㄨㄤˋ
毒手尊拳,1,ㄉㄨˊ ㄕㄡˇ ㄗㄨㄣ ㄑㄩㄢˊ
毒藥苦口,1,ㄉㄨˊ ㄧㄠˋ ㄎㄨˇ ㄎㄡˇ
毒蛇猛獸,1,ㄉㄨˊ ㄕㄜˊ ㄇㄥˇ ㄕㄡˋ
毓子孕孫,1,ㄩˋ ㄗˇ ㄩㄣˋ ㄙㄨㄣ
比個高低,1,ㄅㄧˇ ㄍㄜ˙ ㄍㄠ ㄉㄧ
比基尼島,1,ㄅㄧˇ ㄐㄧ ㄋㄧˊ ㄉㄠˇ
比屋可封,1,ㄅㄧˋ ㄨ ㄎㄜˇ ㄈㄥ
比屋而封,1,ㄅㄧˋ ㄨ ㄦˊ ㄈㄥ
比屋而誅,1,ㄅㄧˋ ㄨ ㄦˊ ㄓㄨ
比年不登,1,ㄅㄧˋ ㄋㄧㄢˊ ㄅㄨˋ ㄉㄥ
比張比李,1,ㄅㄧˇ ㄓㄤ ㄅㄧˇ ㄌㄧˇ
比權量力,1,ㄅㄧˇ ㄑㄩㄢˊ ㄌㄧㄤˋ ㄌㄧˋ
比武招親,1,ㄅㄧˇ ㄨˇ ㄓㄠ ㄑㄧㄣ
比歲不登,1,ㄅㄧˋ ㄙㄨㄟˋ ㄅㄨˋ ㄉㄥ
比比皆然,1,ㄅㄧˋ ㄅㄧˋ ㄐㄧㄝ ㄖㄢˊ
比目連枝,1,ㄅㄧˇ ㄇㄨˋ ㄌㄧㄢˊ ㄓ
比眾不同,1,ㄅㄧˇ ㄓㄨㄥˋ ㄅㄨˋ ㄊㄨㄥˊ
比箭掄拳,1,ㄅㄧˇ ㄐㄧㄢˋ ㄌㄨㄣ ㄑㄩㄢˊ
比翼連枝,1,ㄅㄧˇ ㄧˋ ㄌㄧㄢˊ ㄓ
比肩皆是,1,ㄅㄧˋ ㄐㄧㄢ ㄐㄧㄝ ㄕˋ
比肩而事,1,ㄅㄧˋ ㄐㄧㄢ ㄦˊ ㄕˋ
比肩而立,1,ㄅㄧˋ ㄐㄧㄢ ㄦˊ ㄌㄧˋ
比肩隨踵,1,ㄅㄧˋ ㄐㄧㄢ ㄙㄨㄟˊ ㄓㄨㄥˇ
比較美學,1,ㄅㄧˇ ㄐㄧㄠˋ ㄇㄟˇ ㄒㄩㄝˊ
比量齊觀,1,ㄅㄧˇ ㄌㄧㄤˋ ㄑㄧˊ ㄍㄨㄢ
比顯興隱,1,ㄅㄧˇ ㄒㄧㄢˇ ㄒㄧㄥˋ ㄧㄣˇ
毗婆尸佛,1,ㄆㄧˊ ㄆㄛˊ ㄕ ㄈㄛˊ
毗尼日用,1,ㄆㄧˊ ㄋㄧˊ ㄖˋ ㄩㄥˋ
毗舍婆佛,1,ㄆㄧˊ ㄕㄜˋ ㄆㄛˊ ㄈㄛˊ
毛了手腳,1,ㄇㄠˊ ㄌㄜ˙ ㄕㄡˇ ㄐㄧㄠˇ
毛團把戲,1,ㄇㄠˊ ㄊㄨㄢˊ ㄅㄚˇ ㄒㄧˋ
毛寶放龜,1,ㄇㄠˊ ㄅㄠˇ ㄈㄤˋ ㄍㄨㄟ
毛施淑姿,1,ㄇㄠˊ ㄕ ㄕㄨˊ ㄗ
毛毛騰騰,1,ㄇㄠˊ ㄇㄠˊ ㄊㄥˊ ㄊㄥˊ
毛細管水,1,ㄇㄠˊ ㄒㄧˋ ㄍㄨㄢˇ ㄕㄨㄟˇ
毛細血管,1,ㄇㄠˊ ㄒㄧˋ ㄒㄧㄝˇ ㄍㄨㄢˇ
毛義捧檄,1,ㄇㄠˊ ㄧˋ ㄆㄥˇ ㄒㄧˊ
毛腳女婿,1,ㄇㄠˊ ㄐㄧㄠˇ ㄋㄩˇ ㄒㄩˋ
毛腳媳婦,1,ㄇㄠˊ ㄐㄧㄠˇ ㄒㄧˊ ㄈㄨˋ
毛腳毛手,1,ㄇㄠˊ ㄐㄧㄠˇ ㄇㄠˊ ㄕㄡˇ
毛舉細事,1,ㄇㄠˊ ㄐㄩˇ ㄒㄧˋ ㄕˋ
毛舉細務,1,ㄇㄠˊ ㄐㄩˇ ㄒㄧˋ ㄨˋ
毛舉細故,1,ㄇㄠˊ ㄐㄩˇ ㄒㄧˋ ㄍㄨˋ
毛舉縷析,1,ㄇㄠˊ ㄐㄩˇ ㄌㄩˇ ㄒㄧ
毛蒂青皮,1,ㄇㄠˊ ㄉㄧˋ ㄑㄧㄥ ㄆㄧˊ
毛裡拖氈,1,ㄇㄠˊ ㄌㄧˇ ㄊㄨㄛ ㄓㄢ
毛開骨悚,1,ㄇㄠˊ ㄎㄞ ㄍㄨˇ ㄙㄨㄥˇ
毛騰廝火,1,ㄇㄠˊ ㄊㄥˊ ㄙ ㄏㄨㄛˇ
毛髮之功,1,ㄇㄠˊ ㄈㄚˇ ㄓ ㄍㄨㄥ
毛髮俱豎,1,ㄇㄠˊ ㄈㄚˇ ㄐㄩˋ ㄕㄨˋ
毛髮悚然,1,ㄇㄠˊ ㄈㄚˇ ㄙㄨㄥˇ ㄖㄢˊ
毛髮森豎,1,ㄇㄠˊ ㄈㄚˇ ㄙㄣ ㄕㄨˋ
毛髮皆豎,1,ㄇㄠˊ ㄈㄚˇ ㄐㄧㄝ ㄕㄨˋ
毫不介意,1,ㄏㄠˊ ㄅㄨ˙ ㄐㄧㄝˋ ㄧˋ
毫不做作,1,ㄏㄠˊ ㄅㄨˋ ㄗㄨㄛˋ ㄗㄨㄛˋ
毫不在乎,1,ㄏㄠˊ ㄅㄨ˙ ㄗㄞˋ ㄏㄨ˙
毫不在意,1,ㄏㄠˊ ㄅㄨ˙ ㄗㄞˋ ㄧˋ
毫不思量,1,ㄏㄠˊ ㄅㄨ˙ ㄙ ㄌㄧㄤˊ
毫不為備,1,ㄏㄠˊ ㄅㄨ˙ ㄨㄟˊ ㄅㄟˋ
毫不猶豫,1,ㄏㄠˊ ㄅㄨ˙ ㄧㄡˊ ㄩˋ
毫不相干,1,ㄏㄠˊ ㄅㄨ˙ ㄒㄧㄤ ㄍㄢ
毫不費力,1,ㄏㄠˊ ㄅㄨ˙ ㄈㄟˋ ㄌㄧˋ
毫不遜色,1,ㄏㄠˊ ㄅㄨˋ ㄒㄩㄣˋ ㄙㄜˋ
毫不遲疑,1,ㄏㄠˊ ㄅㄨ˙ ㄔˊ ㄧˊ
毫分縷析,1,ㄏㄠˊ ㄈㄣ ㄌㄩˇ ㄒㄧ
毫末之利,1,ㄏㄠˊ ㄇㄛˋ ㄓ ㄌㄧˋ
毫毛不犯,1,ㄏㄠˊ ㄇㄠˊ ㄅㄨˋ ㄈㄢˋ
毫無二致,1,ㄏㄠˊ ㄨˊ ㄦˋ ㄓˋ
毫無所懼,1,ㄏㄠˊ ㄨˊ ㄙㄨㄛˇ ㄐㄩˋ
毫無所知,1,ㄏㄠˊ ㄨˊ ㄙㄨㄛˇ ㄓ
毫無機心,1,ㄏㄠˊ ㄨˊ ㄐㄧ ㄒㄧㄣ
毫無異義,1,ㄏㄠˊ ㄨˊ ㄧˋ ㄧˋ
毫無眉目,1,ㄏㄠˊ ㄨˊ ㄇㄟˊ ㄇㄨˋ
毫無章法,1,ㄏㄠˊ ㄨˊ ㄓㄤ ㄈㄚˇ
毫無節制,1,ㄏㄠˊ ㄨˊ ㄐㄧㄝˊ ㄓˋ
毫無聲息,1,ㄏㄠˊ ㄨˊ ㄕㄥ ㄒㄧˊ
毫釐不爽,1,ㄏㄠˊ ㄌㄧˊ ㄅㄨˋ ㄕㄨㄤˇ
毫釐之差,1,ㄏㄠˊ ㄌㄧˊ ㄓ ㄔㄚ
毫釐千里,1,ㄏㄠˊ ㄌㄧˊ ㄑㄧㄢ ㄌㄧˇ
毫飛墨噴,1,ㄏㄠˊ ㄈㄟ ㄇㄛˋ ㄆㄣ
毫髮無損,1,ㄏㄠˊ ㄈㄚˇ ㄨˊ ㄙㄨㄣˇ
氈上拖毛,1,ㄓㄢ ㄕㄤˋ ㄊㄨㄛ ㄇㄠˊ
民不安枕,1,ㄇㄧㄣˊ ㄅㄨˋ ㄢ ㄓㄣˇ
民主制度,1,ㄇㄧㄣˊ ㄓㄨˇ ㄓˋ ㄉㄨˋ
民主櫥窗,1,ㄇㄧㄣˊ ㄓㄨˇ ㄔㄨˊ ㄔㄨㄤ
民事責任,1,ㄇㄧㄣˊ ㄕˋ ㄗㄜˊ ㄖㄣˋ
民俗曲藝,1,ㄇㄧㄣˊ ㄙㄨˊ ㄑㄩˇ ㄧˋ
民俗療法,1,ㄇㄧㄣˊ ㄙㄨˊ ㄌㄧㄠˊ ㄈㄚˇ
民俗音樂,1,ㄇㄧㄣˊ ㄙㄨˊ ㄧㄣ ㄩㄝˋ
民力凋弊,1,ㄇㄧㄣˊ ㄌㄧˋ ㄉㄧㄠ ㄅㄧˋ
民和年稔,1,ㄇㄧㄣˊ ㄏㄜˊ ㄋㄧㄢˊ ㄖㄣˇ
民和年豐,1,ㄇㄧㄣˊ ㄏㄜˊ ㄋㄧㄢˊ ㄈㄥ
民墜塗炭,1,ㄇㄧㄣˊ ㄓㄨㄟˋ ㄊㄨˊ ㄊㄢˋ
民安國泰,1,ㄇㄧㄣˊ ㄢ ㄍㄨㄛˊ ㄊㄞˋ
民安物阜,1,ㄇㄧㄣˊ ㄢ ㄨˋ ㄈㄨˋ
民富國強,1,ㄇㄧㄣˊ ㄈㄨˋ ㄍㄨㄛˊ ㄑㄧㄤˊ
民康物阜,1,ㄇㄧㄣˊ ㄎㄤ ㄨˋ ㄈㄨˋ
民心不壹,1,ㄇㄧㄣˊ ㄒㄧㄣ ㄅㄨˋ ㄧ
民心趨向,1,ㄇㄧㄣˊ ㄒㄧㄣ ㄑㄩ ㄒㄧㄤˋ
民怨盈塗,1,ㄇㄧㄣˊ ㄩㄢˋ ㄧㄥˊ ㄊㄨˊ
民患淡食,1,ㄇㄧㄣˊ ㄏㄨㄢˋ ㄉㄢˋ ㄕˊ
民情物理,1,ㄇㄧㄣˊ ㄑㄧㄥˊ ㄨˋ ㄌㄧˇ
民意向背,1,ㄇㄧㄣˊ ㄧˋ ㄒㄧㄤˋ ㄅㄟˋ
民族同化,1,ㄇㄧㄣˊ ㄗㄨˊ ㄊㄨㄥˊ ㄏㄨㄚˋ
民族性格,1,ㄇㄧㄣˊ ㄗㄨˊ ㄒㄧㄥˋ ㄍㄜˊ
民族樂器,1,ㄇㄧㄣˊ ㄗㄨˊ ㄩㄝˋ ㄑㄧˋ
民族樂隊,1,ㄇㄧㄣˊ ㄗㄨˊ ㄩㄝˋ ㄉㄨㄟˋ
民族精神,1,ㄇㄧㄣˊ ㄗㄨˊ ㄐㄧㄥ ㄕㄣˊ
民族習性,1,ㄇㄧㄣˊ ㄗㄨˊ ㄒㄧˊ ㄒㄧㄥˋ
民族藝師,1,ㄇㄧㄣˊ ㄗㄨˊ ㄧˋ ㄕ
民族音樂,1,ㄇㄧㄣˊ ㄗㄨˊ ㄧㄣ ㄩㄝˋ
民歌五褲,1,ㄇㄧㄣˊ ㄍㄜ ㄨˇ ㄎㄨˋ
民殷國富,1,ㄇㄧㄣˊ ㄧㄣ ㄍㄨㄛˊ ㄈㄨˋ
民殷財阜,1,ㄇㄧㄣˊ ㄧㄣ ㄘㄞˊ ㄈㄨˋ
民淳俗厚,1,ㄇㄧㄣˊ ㄔㄨㄣˊ ㄙㄨˊ ㄏㄡˋ
民熙物阜,1,ㄇㄧㄣˊ ㄒㄧ ㄨˋ ㄈㄨˋ
民營企業,1,ㄇㄧㄣˊ ㄧㄥˊ ㄑㄧˋ ㄧㄝˋ
民生凋敝,1,ㄇㄧㄣˊ ㄕㄥ ㄉㄧㄠ ㄅㄧˋ
民生史觀,1,ㄇㄧㄣˊ ㄕㄥ ㄕˇ ㄍㄨㄢ
民生哲學,1,ㄇㄧㄣˊ ㄕㄥ ㄓㄜˊ ㄒㄩㄝˊ
民生國計,1,ㄇㄧㄣˊ ㄕㄥ ㄍㄨㄛˊ ㄐㄧˋ
民生塗炭,1,ㄇㄧㄣˊ ㄕㄥ ㄊㄨˊ ㄊㄢˋ
民生彫敝,1,ㄇㄧㄣˊ ㄕㄥ ㄉㄧㄠ ㄅㄧˋ
民眾教育,1,ㄇㄧㄣˊ ㄓㄨㄥˋ ㄐㄧㄠˋ ㄩˋ
民眾運動,1,ㄇㄧㄣˊ ㄓㄨㄥˋ ㄩㄣˋ ㄉㄨㄥˋ
民窮兵疲,1,ㄇㄧㄣˊ ㄑㄩㄥˊ ㄅㄧㄥ ㄆㄧˊ
民窮財匱,1,ㄇㄧㄣˊ ㄑㄩㄥˊ ㄘㄞˊ ㄎㄨㄟˋ
民膏民脂,1,ㄇㄧㄣˊ ㄍㄠ ㄇㄧㄣˊ ㄓ
民航飛機,1,ㄇㄧㄣˊ ㄏㄤˊ ㄈㄟ ㄐㄧ
民謠歌曲,1,ㄇㄧㄣˊ ㄧㄠˊ ㄍㄜ ㄑㄩˇ
民賊獨夫,1,ㄇㄧㄣˊ ㄗㄟˊ ㄉㄨˊ ㄈㄨ
民間信仰,1,ㄇㄧㄣˊ ㄐㄧㄢ ㄒㄧㄣˋ ㄧㄤˇ
民間合會,1,ㄇㄧㄣˊ ㄐㄧㄢ ㄏㄜˊ ㄏㄨㄟˋ
民間工藝,1,ㄇㄧㄣˊ ㄐㄧㄢ ㄍㄨㄥ ㄧˋ
民間歌舞,1,ㄇㄧㄣˊ ㄐㄧㄢ ㄍㄜ ㄨˇ
氟碳塑膠,1,ㄈㄨˊ ㄊㄢˋ ㄙㄨˋ ㄐㄧㄠ
氣候順化,1,ㄑㄧˋ ㄏㄡˋ ㄕㄨㄣˋ ㄏㄨㄚˋ
氣傲心高,1,ㄑㄧˋ ㄠˋ ㄒㄧㄣ ㄍㄠ
氣充志定,1,ㄑㄧˋ ㄔㄨㄥ ㄓˋ ㄉㄧㄥˋ
氣充志驕,1,ㄑㄧˋ ㄔㄨㄥ ㄓˋ ㄐㄧㄠ
氣充文見,1,ㄑㄧˋ ㄔㄨㄥ ㄨㄣˊ ㄒㄧㄢˋ
氣克斗牛,1,ㄑㄧˋ ㄎㄜˋ ㄉㄡˇ ㄋㄧㄡˊ
氣冠三軍,1,ㄑㄧˋ ㄍㄨㄢˋ ㄙㄢ ㄐㄩㄣ
氣凌霄漢,1,ㄑㄧˋ ㄌㄧㄥˊ ㄒㄧㄠ ㄏㄢˋ
氣力如牛,1,ㄑㄧˋ ㄌㄧˋ ㄖㄨˊ ㄋㄧㄡˊ
氣功療法,1,ㄑㄧˋ ㄍㄨㄥ ㄌㄧㄠˊ ㄈㄚˇ
氣勢熏灼,1,ㄑㄧˋ ㄕˋ ㄒㄩㄣ ㄓㄨㄛˊ
氣勢磅礴,1,ㄑㄧˋ ㄕˋ ㄆㄤ ㄅㄛˊ
氣吐眉揚,1,ㄑㄧˋ ㄊㄨˇ ㄇㄟˊ ㄧㄤˊ
氣吐虹霓,1,ㄑㄧˋ ㄊㄨˇ ㄏㄨㄥˊ ㄋㄧˊ
氣吞山河,1,ㄑㄧˋ ㄊㄨㄣ ㄕㄢ ㄏㄜˊ
氣吞牛斗,1,ㄑㄧˋ ㄊㄨㄣ ㄋㄧㄡˊ ㄉㄡˇ
氣味相合,1,ㄑㄧˋ ㄨㄟˋ ㄒㄧㄤ ㄏㄜˊ
氣咽聲絲,1,ㄑㄧˋ ㄧㄝˋ ㄕㄥ ㄙ
氣喘吁吁,1,ㄑㄧˋ ㄔㄨㄢˇ ㄒㄩ ㄒㄩ
氣墊火車,1,ㄑㄧˋ ㄉㄧㄢˋ ㄏㄨㄛˇ ㄔㄜ
氣壓山河,1,ㄑㄧˋ ㄧㄚ ㄕㄢ ㄏㄜˊ
氣壓梯度,1,ㄑㄧˋ ㄧㄚ ㄊㄧ ㄉㄨˋ
氣壯河山,1,ㄑㄧˋ ㄓㄨㄤˋ ㄏㄜˊ ㄕㄢ
氣壯理直,1,ㄑㄧˋ ㄓㄨㄤˋ ㄌㄧˇ ㄓˊ
氣夯胸脯,1,ㄑㄧˋ ㄏㄤ ㄒㄩㄥ ㄆㄨˊ
氣宇昂昂,1,ㄑㄧˋ ㄩˇ ㄤˊ ㄤˊ
氣定神閒,1,ㄑㄧˋ ㄉㄧㄥˋ ㄕㄣˊ ㄒㄧㄢˊ
氣忍聲吞,1,ㄑㄧˋ ㄖㄣˇ ㄕㄥ ㄊㄨㄣ
氣態溶液,1,ㄑㄧˋ ㄊㄞˋ ㄖㄨㄥˊ ㄧㄝˋ
氣憤填膺,1,ㄑㄧˋ ㄈㄣˋ ㄊㄧㄢˊ ㄧㄥ
氣憤難平,1,ㄑㄧˋ ㄈㄣˋ ㄋㄢˊ ㄆㄧㄥˊ
氣揚采飛,1,ㄑㄧˋ ㄧㄤˊ ㄘㄞˇ ㄈㄟ
氣殺鍾馗,1,ㄑㄧˋ ㄕㄚ ㄓㄨㄥ ㄎㄨㄟˊ
氣沖斗牛,1,ㄑㄧˋ ㄔㄨㄥ ㄉㄡˇ ㄋㄧㄡˊ
氣沖霄漢,1,ㄑㄧˋ ㄔㄨㄥ ㄒㄧㄠ ㄏㄢˋ
氣消膽奪,1,ㄑㄧˋ ㄒㄧㄠ ㄉㄢˇ ㄉㄨㄛˊ
氣湧如山,1,ㄑㄧˋ ㄩㄥˇ ㄖㄨˊ ㄕㄢ
氣滿填胸,1,ㄑㄧˋ ㄇㄢˇ ㄊㄧㄢˊ ㄒㄩㄥ
氣滿志得,1,ㄑㄧˋ ㄇㄢˇ ㄓˋ ㄉㄜˊ
氣滿志驕,1,ㄑㄧˋ ㄇㄢˇ ㄓˋ ㄐㄧㄠ
氣焰熏天,1,ㄑㄧˋ ㄧㄢˋ ㄒㄩㄣ ㄊㄧㄢ
氣燄高張,1,ㄑㄧˋ ㄧㄢˋ ㄍㄠ ㄓㄤ
氣生氣死,1,ㄑㄧˋ ㄕㄥ ㄑㄧˋ ㄙˇ
氣盛言宜,1,ㄑㄧˋ ㄕㄥˋ ㄧㄢˊ ㄧˊ
氣義相投,1,ㄑㄧˋ ㄧˋ ㄒㄧㄤ ㄊㄡˊ
氣若游絲,1,ㄑㄧˋ ㄖㄨㄛˋ ㄧㄡˊ ㄙ
氣蓋山河,1,ㄑㄧˋ ㄍㄞˋ ㄕㄢ ㄏㄜˊ
氣血方剛,1,ㄑㄧˋ ㄒㄩㄝˋ ㄈㄤ ㄍㄤ
氣誼相投,1,ㄑㄧˋ ㄧˋ ㄒㄧㄤ ㄊㄡˊ
氣象一新,1,ㄑㄧˋ ㄒㄧㄤˋ ㄧ ㄒㄧㄣ
氣象雷達,1,ㄑㄧˋ ㄒㄧㄤˋ ㄌㄟˊ ㄉㄚˊ
氣踰霄漢,1,ㄑㄧˋ ㄩˊ ㄒㄧㄠ ㄏㄢˋ
氣驕志滿,1,ㄑㄧˋ ㄐㄧㄠ ㄓˋ ㄇㄢˇ
氣體熔接,1,ㄑㄧˋ ㄊㄧˇ ㄖㄨㄥˊ ㄐㄧㄝ
氣高樣大,1,ㄑㄧˋ ㄍㄠ ㄧㄤˋ ㄉㄚˋ
氣鳴樂器,1,ㄑㄧˋ ㄇㄧㄥˊ ㄩㄝˋ ㄑㄧˋ
氣鼓撓刀,1,ㄑㄧˋ ㄍㄨˇ ㄋㄠˊ ㄉㄠ
氤氳大使,1,ㄧㄣ ㄩㄣ ㄉㄚˋ ㄕˇ
氤氳靉靆,1,ㄧㄣ ㄩㄣ ㄞˋ ㄉㄞˋ
氨化作用,1,ㄢ ㄏㄨㄚˋ ㄗㄨㄛˋ ㄩㄥˋ
氨基比林,1,ㄢ ㄐㄧ ㄅㄧˇ ㄌㄧㄣˊ
氯氣中毒,1,ㄌㄩˋ ㄑㄧˋ ㄓㄨㄥˋ ㄉㄨˊ
氯絲菌素,1,ㄌㄩˋ ㄙ ㄐㄩㄣˋ ㄙㄨˋ
水上居民,1,ㄕㄨㄟˇ ㄕㄤˋ ㄐㄩ ㄇㄧㄣˊ
水上活動,1,ㄕㄨㄟˇ ㄕㄤˋ ㄏㄨㄛˊ ㄉㄨㄥˋ
水乳之契,1,ㄕㄨㄟˇ ㄖㄨˇ ㄓ ㄑㄧˋ
水光山色,1,ㄕㄨㄟˇ ㄍㄨㄤ ㄕㄢ ㄙㄜˋ
水光接天,1,ㄕㄨㄟˇ ㄍㄨㄤ ㄐㄧㄝ ㄊㄧㄢ
水光瀲灩,1,ㄕㄨㄟˇ ㄍㄨㄤ ㄌㄧㄢˋ ㄧㄢˋ
水光雲影,1,ㄕㄨㄟˇ ㄍㄨㄤ ㄩㄣˊ ㄧㄥˇ
水利專家,1,ㄕㄨㄟˇ ㄌㄧˋ ㄓㄨㄢ ㄐㄧㄚ
水利樞紐,1,ㄕㄨㄟˇ ㄌㄧˋ ㄕㄨ ㄋㄧㄡˇ
水利資源,1,ㄕㄨㄟˇ ㄌㄧˋ ㄗ ㄩㄢˊ
水土不伏,1,ㄕㄨㄟˇ ㄊㄨˇ ㄅㄨˋ ㄈㄨˊ
水大魚多,1,ㄕㄨㄟˇ ㄉㄚˋ ㄩˊ ㄉㄨㄛ
水宿風餐,1,ㄕㄨㄟˇ ㄙㄨˋ ㄈㄥ ㄘㄢ
水平轟炸,1,ㄕㄨㄟˇ ㄆㄧㄥˊ ㄏㄨㄥ ㄓㄚˋ
水底摸月,1,ㄕㄨㄟˇ ㄉㄧˇ ㄇㄛ ㄩㄝˋ
水底撈月,1,ㄕㄨㄟˇ ㄉㄧˇ ㄌㄠ ㄩㄝˋ
水底撈針,1,ㄕㄨㄟˇ ㄉㄧˇ ㄌㄠ ㄓㄣ
水底納瓜,1,ㄕㄨㄟˇ ㄉㄧˇ ㄋㄚˋ ㄍㄨㄚ
水廣魚大,1,ㄕㄨㄟˇ ㄍㄨㄤˇ ㄩˊ ㄉㄚˋ
水性隨邪,1,ㄕㄨㄟˇ ㄒㄧㄥˋ ㄙㄨㄟˊ ㄒㄧㄝˊ
水斷陸絕,1,ㄕㄨㄟˇ ㄉㄨㄢˋ ㄌㄨˋ ㄐㄩㄝˊ
水旱不收,1,ㄕㄨㄟˇ ㄏㄢˋ ㄅㄨˋ ㄕㄡ
水旱碼頭,1,ㄕㄨㄟˇ ㄏㄢˋ ㄇㄚˇ ㄊㄡ˙
水晶燈籠,1,ㄕㄨㄟˇ ㄐㄧㄥ ㄉㄥ ㄌㄨㄥˊ
水月觀音,1,ㄕㄨㄟˇ ㄩㄝˋ ㄍㄨㄢ ㄧㄣ
水月鏡像,1,ㄕㄨㄟˇ ㄩㄝˋ ㄐㄧㄥˋ ㄒㄧㄤˋ
水月鏡花,1,ㄕㄨㄟˇ ㄩㄝˋ ㄐㄧㄥˋ ㄏㄨㄚ
水木明瑟,1,ㄕㄨㄟˇ ㄇㄨˋ ㄇㄧㄥˊ ㄙㄜˋ
水母目蝦,1,ㄕㄨㄟˇ ㄇㄨˇ ㄇㄨˋ ㄒㄧㄚ
水氣循環,1,ㄕㄨㄟˇ ㄑㄧˋ ㄒㄩㄣˊ ㄏㄨㄢˊ
水泥叢林,1,ㄕㄨㄟˇ ㄋㄧˊ ㄘㄨㄥˊ ㄌㄧㄣˊ
水泥熟料,1,ㄕㄨㄟˇ ㄋㄧˊ ㄕㄡˊ ㄌㄧㄠˋ
水流花謝,1,ㄕㄨㄟˇ ㄌㄧㄡˊ ㄏㄨㄚ ㄒㄧㄝˋ
水淥淥的,1,ㄕㄨㄟˇ ㄌㄨˋ ㄌㄨˋ ㄉㄜ˙
水淨鵝飛,1,ㄕㄨㄟˇ ㄐㄧㄥˋ ㄜˊ ㄈㄟ
水清石見,1,ㄕㄨㄟˇ ㄑㄧㄥ ㄕˊ ㄐㄧㄢˋ
水渰老鼠,1,ㄕㄨㄟˇ ㄧㄢˇ ㄌㄠˇ ㄕㄨˇ
水渰藍橋,1,ㄕㄨㄟˇ ㄧㄢˇ ㄌㄢˊ ㄑㄧㄠˊ
水漿不入,1,ㄕㄨㄟˇ ㄐㄧㄤ ㄅㄨˋ ㄖㄨˋ
水潔冰清,1,ㄕㄨㄟˇ ㄐㄧㄝˊ ㄅㄧㄥ ㄑㄧㄥ
水火不避,1,ㄕㄨㄟˇ ㄏㄨㄛˇ ㄅㄨˋ ㄅㄧˋ
水火無交,1,ㄕㄨㄟˇ ㄏㄨㄛˇ ㄨˊ ㄐㄧㄠ
水產養殖,1,ㄕㄨㄟˇ ㄔㄢˇ ㄧㄤˇ ㄓˊ
水田作物,1,ㄕㄨㄟˇ ㄊㄧㄢˊ ㄗㄨㄛˋ ㄨˋ
水盡山窮,1,ㄕㄨㄟˇ ㄐㄧㄣˋ ㄕㄢ ㄑㄩㄥˊ
水盡鵝飛,1,ㄕㄨㄟˇ ㄐㄧㄣˋ ㄜˊ ㄈㄟ
水碧山青,1,ㄕㄨㄟˇ ㄅㄧˋ ㄕㄢ ㄑㄧㄥ
水磨工夫,1,ㄕㄨㄟˇ ㄇㄛˊ ㄍㄨㄥ ㄈㄨ˙
水秀山明,1,ㄕㄨㄟˇ ㄒㄧㄡˋ ㄕㄢ ㄇㄧㄥˊ
水秀山青,1,ㄕㄨㄟˇ ㄒㄧㄡˋ ㄕㄢ ㄑㄧㄥ
水窮山盡,1,ㄕㄨㄟˇ ㄑㄩㄥˊ ㄕㄢ ㄐㄧㄣˋ
水米無交,1,ㄕㄨㄟˇ ㄇㄧˇ ㄨˊ ㄐㄧㄠ
水綠山青,1,ㄕㄨㄟˇ ㄌㄩˋ ㄕㄢ ㄑㄧㄥ
水罐銀盆,1,ㄕㄨㄟˇ ㄍㄨㄢˋ ㄧㄣˊ ㄆㄣˊ
水耕栽培,1,ㄕㄨㄟˇ ㄍㄥ ㄗㄞ ㄆㄟˊ
水耕蔬菜,1,ㄕㄨㄟˇ ㄍㄥ ㄕㄨ ㄘㄞˋ
水聲山色,1,ㄕㄨㄟˇ ㄕㄥ ㄕㄢ ㄙㄜˋ
水色山光,1,ㄕㄨㄟˇ ㄙㄜˋ ㄕㄢ ㄍㄨㄤ
水落歸槽,1,ㄕㄨㄟˇ ㄌㄨㄛˋ ㄍㄨㄟ ㄘㄠˊ
水裡納瓜,1,ㄕㄨㄟˇ ㄌㄧˇ ㄋㄚˋ ㄍㄨㄚ
水覆難收,1,ㄕㄨㄟˇ ㄈㄨˋ ㄋㄢˊ ㄕㄡ
水送山迎,1,ㄕㄨㄟˇ ㄙㄨㄥˋ ㄕㄢ ㄧㄥˊ
水逝雲卷,1,ㄕㄨㄟˇ ㄕˋ ㄩㄣˊ ㄐㄩㄢˇ
水遠山遙,1,ㄕㄨㄟˇ ㄩㄢˇ ㄕㄢ ㄧㄠˊ
水遠山長,1,ㄕㄨㄟˇ ㄩㄢˇ ㄕㄢ ㄔㄤˊ
水郵山驛,1,ㄕㄨㄟˇ ㄧㄡˊ ㄕㄢ ㄧˋ
水鋁礬土,1,ㄕㄨㄟˇ ㄌㄩˇ ㄈㄢˊ ㄊㄨˇ
水長船高,1,ㄕㄨㄟˇ ㄓㄤˇ ㄔㄨㄢˊ ㄍㄠ
水闊山高,1,ㄕㄨㄟˇ ㄎㄨㄛˋ ㄕㄢ ㄍㄠ
水陸之饌,1,ㄕㄨㄟˇ ㄌㄨˋ ㄓ ㄓㄨㄢˋ
水陸畢陳,1,ㄕㄨㄟˇ ㄌㄨˋ ㄅㄧˋ ㄔㄣˊ
水陸道場,1,ㄕㄨㄟˇ ㄌㄨˋ ㄉㄠˋ ㄔㄤˊ
水陸雜陳,1,ㄕㄨㄟˇ ㄌㄨˋ ㄗㄚˊ ㄔㄣˊ
水面係數,1,ㄕㄨㄟˇ ㄇㄧㄢˋ ㄒㄧˋ ㄕㄨˋ
永不磨滅,1,ㄩㄥˇ ㄅㄨˋ ㄇㄛˊ ㄇㄧㄝˋ
永不錄用,1,ㄩㄥˇ ㄅㄨˋ ㄌㄨˋ ㄩㄥˋ
永世無窮,1,ㄩㄥˇ ㄕˋ ㄨˊ ㄑㄩㄥˊ
永久磁鐵,1,ㄩㄥˇ ㄐㄧㄡˇ ㄘˊ ㄊㄧㄝˇ
永保無虞,1,ㄩㄥˇ ㄅㄠˇ ㄨˊ ㄩˊ
永傳不朽,1,ㄩㄥˇ ㄔㄨㄢˊ ㄅㄨˋ ㄒㄧㄡˇ
永嘉之亂,1,ㄩㄥˇ ㄐㄧㄚ ㄓ ㄌㄨㄢˋ
永存不朽,1,ㄩㄥˇ ㄘㄨㄣˊ ㄅㄨˋ ㄒㄧㄡˇ
永州八記,1,ㄩㄥˇ ㄓㄡ ㄅㄚ ㄐㄧˋ
永樂大典,1,ㄩㄥˇ ㄌㄜˋ ㄉㄚˋ ㄉㄧㄢˇ
永永無窮,1,ㄩㄥˇ ㄩㄥˇ ㄨˊ ㄑㄩㄥˊ
永無止境,1,ㄩㄥˇ ㄨˊ ㄓˇ ㄐㄧㄥˋ
永生永世,1,ㄩㄥˇ ㄕㄥ ㄩㄥˇ ㄕˋ
永生難忘,1,ㄩㄥˇ ㄕㄥ ㄋㄢˊ ㄨㄤˋ
永矢弗諼,1,ㄩㄥˇ ㄕˇ ㄈㄨˊ ㄒㄩㄢ
永結同心,1,ㄩㄥˇ ㄐㄧㄝˊ ㄊㄨㄥˊ ㄒㄧㄣ
永續經營,1,ㄩㄥˇ ㄒㄩˋ ㄐㄧㄥ ㄧㄥˊ
永誌不忘,1,ㄩㄥˇ ㄓˋ ㄅㄨˋ ㄨㄤˋ
永錫不匱,1,ㄩㄥˇ ㄒㄧˊ ㄅㄨˋ ㄎㄨㄟˋ
求三拜四,1,ㄑㄧㄡˊ ㄙㄢ ㄅㄞˋ ㄙˋ
求全責備,1,ㄑㄧㄡˊ ㄑㄩㄢˊ ㄗㄜˊ ㄅㄟˋ
求其友聲,1,ㄑㄧㄡˊ ㄑㄧˊ ㄧㄡˇ ㄕㄥ
求劍刻舟,1,ㄑㄧㄡˊ ㄐㄧㄢˋ ㄎㄜˋ ㄓㄡ
求同存異,1,ㄑㄧㄡˊ ㄊㄨㄥˊ ㄘㄨㄣˊ ㄧˋ
求名奪利,1,ㄑㄧㄡˊ ㄇㄧㄥˊ ㄉㄨㄛˊ ㄌㄧˋ
求名責實,1,ㄑㄧㄡˊ ㄇㄧㄥˊ ㄗㄜˊ ㄕˊ
求容取媚,1,ㄑㄧㄡˊ ㄖㄨㄥˊ ㄑㄩˇ ㄇㄟˋ
求新求變,1,ㄑㄧㄡˊ ㄒㄧㄣ ㄑㄧㄡˊ ㄅㄧㄢˋ
求新立異,1,ㄑㄧㄡˊ ㄒㄧㄣ ㄌㄧˋ ㄧˋ
求死不得,1,ㄑㄧㄡˊ ㄙˇ ㄅㄨˋ ㄉㄜˊ
求漿得酒,1,ㄑㄧㄡˊ ㄐㄧㄤ ㄉㄜˊ ㄐㄧㄡˇ
求生害義,1,ㄑㄧㄡˊ ㄕㄥ ㄏㄞˋ ㄧˋ
求益反損,1,ㄑㄧㄡˊ ㄧˋ ㄈㄢˇ ㄙㄨㄣˇ
求神拜佛,1,ㄑㄧㄡˊ ㄕㄣˊ ㄅㄞˋ ㄈㄛˊ
求神拜鬼,1,ㄑㄧㄡˊ ㄕㄣˊ ㄅㄞˋ ㄍㄨㄟˇ
求福禳災,1,ㄑㄧㄡˊ ㄈㄨˊ ㄖㄤˊ ㄗㄞ
求親告友,1,ㄑㄧㄡˊ ㄑㄧㄣ ㄍㄠˋ ㄧㄡˇ
求賢下士,1,ㄑㄧㄡˊ ㄒㄧㄢˊ ㄒㄧㄚˋ ㄕˋ
求賢如渴,1,ㄑㄧㄡˊ ㄒㄧㄢˊ ㄖㄨˊ ㄎㄜˇ
求賢用士,1,ㄑㄧㄡˊ ㄒㄧㄢˊ ㄩㄥˋ ㄕˋ
求道於盲,1,ㄑㄧㄡˊ ㄉㄠˋ ㄩˊ ㄇㄤˊ
求馬唐肆,1,ㄑㄧㄡˊ ㄇㄚˇ ㄊㄤˊ ㄙˋ
求魚緣木,1,ㄑㄧㄡˊ ㄩˊ ㄩㄢˊ ㄇㄨˋ
汆丸子湯,1,ㄘㄨㄢ ㄨㄢˊ ㄗ˙ ㄊㄤ
汗下如雨,1,ㄏㄢˋ ㄒㄧㄚˋ ㄖㄨˊ ㄩˇ
汗充棟豪,1,ㄏㄢˋ ㄔㄨㄥ ㄉㄨㄥˋ ㄏㄠˊ
汗出如漿,1,ㄏㄢˋ ㄔㄨ ㄖㄨˊ ㄐㄧㄤ
汗出如雨,1,ㄏㄢˋ ㄔㄨ ㄖㄨˊ ㄩˇ
汗洽股慄,1,ㄏㄢˋ ㄒㄧㄚˊ ㄍㄨˇ ㄌㄧˋ
汗流洽背,1,ㄏㄢˋ ㄌㄧㄡˊ ㄒㄧㄚˊ ㄅㄟˋ
汗馬之功,1,ㄏㄢˋ ㄇㄚˇ ㄓ ㄍㄨㄥ
汗馬之勞,1,ㄏㄢˋ ㄇㄚˇ ㄓ ㄌㄠˊ
汗馬之績,1,ㄏㄢˋ ㄇㄚˇ ㄓ ㄐㄧ
汗馬功績,1,ㄏㄢˋ ㄇㄚˇ ㄍㄨㄥ ㄐㄧ
汗馬勛勞,1,ㄏㄢˋ ㄇㄚˇ ㄒㄩㄣ ㄌㄠˊ
汙吏黠胥,1,ㄨ ㄌㄧˋ ㄒㄧㄚˊ ㄒㄩ
汙水處理,1,ㄨ ㄕㄨㄟˇ ㄔㄨˇ ㄌㄧˇ
汝南月旦,1,ㄖㄨˇ ㄋㄢˊ ㄩㄝˋ ㄉㄢˋ
江中釣月,1,ㄐㄧㄤ ㄓㄨㄥ ㄉㄧㄠˋ ㄩㄝˋ
江天一色,1,ㄐㄧㄤ ㄊㄧㄢ ㄧ ㄙㄜˋ
江山不老,1,ㄐㄧㄤ ㄕㄢ ㄅㄨˋ ㄌㄠˇ
江山之助,1,ㄐㄧㄤ ㄕㄢ ㄓ ㄓㄨˋ
江山如故,1,ㄐㄧㄤ ㄕㄢ ㄖㄨˊ ㄍㄨˋ
江山如畫,1,ㄐㄧㄤ ㄕㄢ ㄖㄨˊ ㄏㄨㄚˋ
江州司馬,1,ㄐㄧㄤ ㄓㄡ ㄙ ㄇㄚˇ
江左夷吾,1,ㄐㄧㄤ ㄗㄨㄛˇ ㄧˊ ㄨˊ
江心補漏,1,ㄐㄧㄤ ㄒㄧㄣ ㄅㄨˇ ㄌㄡˋ
江戶幕府,1,ㄐㄧㄤ ㄏㄨˋ ㄇㄨˋ ㄈㄨˇ
江東子弟,1,ㄐㄧㄤ ㄉㄨㄥ ㄗˇ ㄉㄧˋ
江東步兵,1,ㄐㄧㄤ ㄉㄨㄥ ㄅㄨˋ ㄅㄧㄥ
江東獨步,1,ㄐㄧㄤ ㄉㄨㄥ ㄉㄨˊ ㄅㄨˋ
江河行地,1,ㄐㄧㄤ ㄏㄜˊ ㄒㄧㄥˊ ㄉㄧˋ
江海之學,1,ㄐㄧㄤ ㄏㄞˇ ㄓ ㄒㄩㄝˊ
江海同歸,1,ㄐㄧㄤ ㄏㄞˇ ㄊㄨㄥˊ ㄍㄨㄟ
江淹夢筆,1,ㄐㄧㄤ ㄧㄢ ㄇㄥˋ ㄅㄧˇ
江淹夢錦,1,ㄐㄧㄤ ㄧㄢ ㄇㄥˋ ㄐㄧㄣˇ
江淹才盡,1,ㄐㄧㄤ ㄧㄢ ㄘㄞˊ ㄐㄧㄣˋ
江湖好漢,1,ㄐㄧㄤ ㄏㄨˊ ㄏㄠˇ ㄏㄢˋ
江湖義氣,1,ㄐㄧㄤ ㄏㄨˊ ㄧˋ ㄑㄧˋ
江湖藝人,1,ㄐㄧㄤ ㄏㄨˊ ㄧˋ ㄖㄣˊ
江湖術士,1,ㄐㄧㄤ ㄏㄨˊ ㄕㄨˋ ㄕˋ
江湖術語,1,ㄐㄧㄤ ㄏㄨˊ ㄕㄨˋ ㄩˇ
江湖道義,1,ㄐㄧㄤ ㄏㄨˊ ㄉㄠˋ ㄧˋ
江湖郎中,1,ㄐㄧㄤ ㄏㄨˊ ㄌㄤˊ ㄓㄨㄥ
江湖騙子,1,ㄐㄧㄤ ㄏㄨˊ ㄆㄧㄢˋ ㄗ˙
江潯海裔,1,ㄐㄧㄤ ㄒㄩㄣˊ ㄏㄞˇ ㄧˋ
江翻海沸,1,ㄐㄧㄤ ㄈㄢ ㄏㄞˇ ㄈㄟˋ
江西詩派,1,ㄐㄧㄤ ㄒㄧ ㄕ ㄆㄞˋ
江雲渭樹,1,ㄐㄧㄤ ㄩㄣˊ ㄨㄟˋ ㄕㄨˋ
池中蛟龍,1,ㄔˊ ㄓㄨㄥ ㄐㄧㄠ ㄌㄨㄥˊ
池魚之禍,1,ㄔˊ ㄩˊ ㄓ ㄏㄨㄛˋ
池魚堂燕,1,ㄔˊ ㄩˊ ㄊㄤˊ ㄧㄢˋ
池魚林木,1,ㄔˊ ㄩˊ ㄌㄧㄣˊ ㄇㄨˋ
池魚籠鳥,1,ㄔˊ ㄩˊ ㄌㄨㄥˊ ㄋㄧㄠˇ
汪洋浩博,1,ㄨㄤ ㄧㄤˊ ㄏㄠˋ ㄅㄛˊ
汪洋自恣,1,ㄨㄤ ㄧㄤˊ ㄗˋ ㄗˋ
汪洋自肆,1,ㄨㄤ ㄧㄤˊ ㄗˋ ㄙˋ
汪洋閎肆,1,ㄨㄤ ㄧㄤˊ ㄏㄨㄥˊ ㄙˋ
汲冢古文,1,ㄐㄧˊ ㄓㄨㄥˇ ㄍㄨˇ ㄨㄣˊ
汲汲皇皇,1,ㄐㄧˊ ㄐㄧˊ ㄏㄨㄤˊ ㄏㄨㄤˊ
汲深綆短,1,ㄐㄧˊ ㄕㄣ ㄍㄥˇ ㄉㄨㄢˇ
汴水之戰,1,ㄅㄧㄢˋ ㄕㄨㄟˇ ㄓ ㄓㄢˋ
決一雌雄,1,ㄐㄩㄝˊ ㄧ ㄘ ㄒㄩㄥˊ
決不待時,1,ㄐㄩㄝˊ ㄅㄨˋ ㄉㄞˋ ㄕˊ
決勝千里,1,ㄐㄩㄝˊ ㄕㄥˋ ㄑㄧㄢ ㄌㄧˇ
決斷如流,1,ㄐㄩㄝˊ ㄉㄨㄢˋ ㄖㄨˊ ㄌㄧㄡˊ
決獄斷刑,1,ㄐㄩㄝˊ ㄩˋ ㄉㄨㄢˋ ㄒㄧㄥˊ
決癰潰疽,1,ㄐㄩㄝˊ ㄩㄥ ㄎㄨㄟˋ ㄐㄩ
決策千里,1,ㄐㄩㄝˊ ㄘㄜˋ ㄑㄧㄢ ㄌㄧˇ
決裂索性,1,ㄐㄩㄝˊ ㄌㄧㄝˋ ㄙㄨㄛˇ ㄒㄧㄥˋ
汽車保險,1,ㄑㄧˋ ㄔㄜ ㄅㄠˇ ㄒㄧㄢˇ
汽車租賃,1,ㄑㄧˋ ㄔㄜ ㄗㄨ ㄌㄧㄣˋ
汽車美容,1,ㄑㄧˋ ㄔㄜ ㄇㄟˇ ㄖㄨㄥˊ
汽電共生,1,ㄑㄧˋ ㄉㄧㄢˋ ㄍㄨㄥˋ ㄕㄥ
沁人心肺,1,ㄑㄧㄣˋ ㄖㄣˊ ㄒㄧㄣ ㄈㄟˋ
沁人肺腑,1,ㄑㄧㄣˋ ㄖㄣˊ ㄈㄟˋ ㄈㄨˇ
沁入心脾,1,ㄑㄧㄣˋ ㄖㄨˋ ㄒㄧㄣ ㄆㄧˊ
沁入肺腑,1,ㄑㄧㄣˋ ㄖㄨˋ ㄈㄟˋ ㄈㄨˇ
沁涼如水,1,ㄑㄧㄣˋ ㄌㄧㄤˊ ㄖㄨˊ ㄕㄨㄟˇ
沈腰潘鬢,1,ㄕㄣˇ ㄧㄠ ㄆㄢ ㄅㄧㄣˋ
沉不住氣,1,ㄔㄣˊ ㄅㄨ˙ ㄓㄨˋ ㄑㄧˋ
沉冤莫白,1,ㄔㄣˊ ㄩㄢ ㄇㄛˋ ㄅㄞˊ
沉博絕麗,1,ㄔㄣˊ ㄅㄛˊ ㄐㄩㄝˊ ㄌㄧˋ
沉厚寡言,1,ㄔㄣˊ ㄏㄡˋ ㄍㄨㄚˇ ㄧㄢˊ
沉吟章句,1,ㄔㄣˊ ㄧㄣˊ ㄓㄤ ㄐㄩˋ
沉李浮瓜,1,ㄔㄣˊ ㄌㄧˇ ㄈㄨˊ ㄍㄨㄚ
沉湎淫逸,1,ㄔㄣˊ ㄇㄧㄢˇ ㄧㄣˊ ㄧˋ
沉漸剛克,1,ㄔㄣˊ ㄐㄧㄢˋ ㄍㄤ ㄎㄜˋ
沉潛剛克,1,ㄔㄣˊ ㄑㄧㄢˊ ㄍㄤ ㄎㄜˋ
沉灶產蛙,1,ㄔㄣˊ ㄗㄠˋ ㄔㄢˇ ㄨㄚ
沉積作用,1,ㄔㄣˊ ㄐㄧ ㄗㄨㄛˋ ㄩㄥˋ
沉舟破釜,1,ㄔㄣˊ ㄓㄡ ㄆㄛˋ ㄈㄨˇ
沉著痛快,1,ㄔㄣˊ ㄓㄨㄛˊ ㄊㄨㄥˋ ㄎㄨㄞˋ
沉重寡言,1,ㄔㄣˊ ㄓㄨㄥˋ ㄍㄨㄚˇ ㄧㄢˊ
沉重少言,1,ㄔㄣˊ ㄓㄨㄥˋ ㄕㄠˇ ㄧㄢˊ
沉雄古逸,1,ㄔㄣˊ ㄒㄩㄥˊ ㄍㄨˇ ㄧˋ
沉靜少言,1,ㄔㄣˊ ㄐㄧㄥˋ ㄕㄠˇ ㄧㄢˊ
沉鬱頓挫,1,ㄔㄣˊ ㄩˋ ㄉㄨㄣˋ ㄘㄨㄛˋ
沐浴春風,1,ㄇㄨˋ ㄩˋ ㄔㄨㄣ ㄈㄥ
沐浴焚香,1,ㄇㄨˋ ㄩˋ ㄈㄣˊ ㄒㄧㄤ
沐猴冠冕,1,ㄇㄨˋ ㄏㄡˊ ㄍㄨㄢˋ ㄇㄧㄢˇ
沐猴衣冠,1,ㄇㄨˋ ㄏㄡˊ ㄧ ㄍㄨㄢ
沒三沒四,1,ㄇㄟˊ ㄙㄢ ㄇㄟˊ ㄙˋ
沒上沒下,1,ㄇㄟˊ ㄕㄤˋ ㄇㄟˊ ㄒㄧㄚˋ
沒世不忘,1,ㄇㄛˋ ㄕˋ ㄅㄨˋ ㄨㄤˋ
沒世難忘,1,ㄇㄛˋ ㄕˋ ㄋㄢˊ ㄨㄤˋ
沒乾沒淨,1,ㄇㄟˊ ㄍㄢ ㄇㄟˊ ㄐㄧㄥˋ
沒了主意,1,ㄇㄟˊ ㄌㄜ˙ ㄓㄨˇ ㄧ˙
沒了指望,1,ㄇㄟˊ ㄌㄜ˙ ㄓˇ ㄨㄤˋ
沒了結處,1,ㄇㄟˊ ㄌㄧㄠˇ ㄐㄧㄝˊ ㄔㄨˋ
沒了經緯,1,ㄇㄟˊ ㄌㄜ˙ ㄐㄧㄥ ㄨㄟˇ
沒個出豁,1,ㄇㄟˊ ㄍㄜ˙ ㄔㄨ ㄏㄨㄛˋ
沒個是處,1,ㄇㄟˊ ㄍㄜ˙ ㄕˋ ㄔㄨˋ
沒個見識,1,ㄇㄟˊ ㄍㄜ˙ ㄐㄧㄢˋ ㄕ˙
沒個開交,1,ㄇㄟˊ ㄍㄜ˙ ㄎㄞ ㄐㄧㄠ
沒做擺佈,1,ㄇㄟˊ ㄗㄨㄛˋ ㄅㄞˇ ㄅㄨˋ
沒做道理,1,ㄇㄟˊ ㄗㄨㄛˋ ㄉㄠˋ ㄌㄧˇ
沒入腳處,1,ㄇㄟˊ ㄖㄨˋ ㄐㄧㄠˇ ㄔㄨˋ
沒出豁處,1,ㄇㄟˊ ㄔㄨ ㄏㄨㄛˋ ㄔㄨˋ
沒及奈何,1,ㄇㄟˊ ㄐㄧˊ ㄋㄞˋ ㄏㄜˊ
沒命似的,1,ㄇㄟˊ ㄇㄧㄥˋ ㄙˋ ㄉㄜ˙
沒嘴葫蘆,1,ㄇㄟˊ ㄗㄨㄟˇ ㄏㄨˊ ㄌㄨ˙
沒圈子跳,1,ㄇㄟˊ ㄑㄩㄢ ㄗ˙ ㄊㄧㄠˋ
沒天日的,1,ㄇㄟˊ ㄊㄧㄢ ㄖˋ ㄉㄜ˙
沒天理的,1,ㄇㄟˊ ㄊㄧㄢ ㄌㄧˇ ㄉㄜ˙
沒好意思,1,ㄇㄟˊ ㄏㄠˇ ㄧˋ ㄙ˙
沒巴沒鼻,1,ㄇㄟˊ ㄅㄚ ㄇㄟˊ ㄅㄧˊ
沒底棺材,1,ㄇㄟˊ ㄉㄧˇ ㄍㄨㄢ ㄘㄞˊ
沒張倒置,1,ㄇㄟˊ ㄓㄤ ㄉㄠˋ ㄓˋ
沒張沒致,1,ㄇㄟˊ ㄓㄤ ㄇㄟˊ ㄓˋ
沒形沒影,1,ㄇㄟˊ ㄒㄧㄥˊ ㄇㄟˊ ㄧㄥˇ
沒得主意,1,ㄇㄟˊ ㄉㄜ˙ ㄓㄨˇ ㄧ˙
沒得工夫,1,ㄇㄟˊ ㄉㄜ˙ ㄍㄨㄥ ㄈㄨ
沒得說的,1,ㄇㄟˊ ㄉㄜ˙ ㄕㄨㄛ ㄉㄜ˙
沒心沒想,1,ㄇㄟˊ ㄒㄧㄣ ㄇㄟˊ ㄒㄧㄤˇ
沒心沒緒,1,ㄇㄟˊ ㄒㄧㄣ ㄇㄟˊ ㄒㄩˋ
沒心沒肺,1,ㄇㄟˊ ㄒㄧㄣ ㄇㄟˊ ㄈㄟˋ
沒心沒計,1,ㄇㄟˊ ㄒㄧㄣ ㄇㄟˊ ㄐㄧˋ
沒情沒緒,1,ㄇㄟˊ ㄑㄧㄥˊ ㄇㄟˊ ㄒㄩˋ
沒情沒趣,1,ㄇㄟˊ ㄑㄧㄥˊ ㄇㄟˊ ㄑㄩˋ
沒投仰仗,1,ㄇㄟˊ ㄊㄡˊ ㄧㄤˇ ㄓㄤˋ
沒撩沒亂,1,ㄇㄟˊ ㄌㄧㄠˊ ㄇㄛˋ ㄌㄨㄢˋ
沒擺佈處,1,ㄇㄟˊ ㄅㄞˇ ㄅㄨˋ ㄔㄨˋ
沒時沒運,1,ㄇㄟˊ ㄕˊ ㄇㄟˊ ㄩㄣˋ
沒時運的,1,ㄇㄟˊ ㄕˊ ㄩㄣˋ ㄉㄜ˙
沒有不是,1,ㄇㄟˊ ㄧㄡˇ ㄅㄨˋ ㄕˋ
沒有主意,1,ㄇㄟˊ ㄧㄡˇ ㄓㄨˇ ㄧ˙
沒有來歷,1,ㄇㄟˊ ㄧㄡˇ ㄌㄞˊ ㄌㄧˋ
沒有兩樣,1,ㄇㄟˊ ㄧㄡˇ ㄌㄧㄤˇ ㄧㄤˋ
沒有意思,1,ㄇㄟˊ ㄧㄡˇ ㄧˋ ㄙ˙
沒有的話,1,ㄇㄟˊ ㄧㄡˇ ㄉㄜ˙ ㄏㄨㄚˋ
沒有說的,1,ㄇㄟˊ ㄧㄡˇ ㄕㄨㄛ ㄉㄜ˙
沒有邊邊,1,ㄇㄟˊ ㄧㄡˇ ㄅㄧㄢ ㄅㄧㄢ
沒有面目,1,ㄇㄟˊ ㄧㄡˇ ㄇㄧㄢˋ ㄇㄨˋ
沒本營生,1,ㄇㄟˊ ㄅㄣˇ ㄧㄥˊ ㄕㄥ
沒查沒利,1,ㄇㄟˊ ㄓㄚ ㄇㄟˊ ㄌㄧˋ
沒極奈何,1,ㄇㄟˊ ㄐㄧˊ ㄋㄞˋ ㄏㄜˊ
沒死以聞,1,ㄇㄛˋ ㄙˇ ㄧˇ ㄨㄣˊ
沒海履地,1,ㄇㄛˋ ㄏㄞˇ ㄌㄩˇ ㄉㄧˋ
沒渾過事,1,ㄇㄟˊ ㄏㄨㄣˋ ㄍㄨㄛˋ ㄕˋ
沒理會處,1,ㄇㄟˊ ㄌㄧˇ ㄏㄨㄟˋ ㄔㄨˋ
沒甚意思,1,ㄇㄟˊ ㄕㄣˊ ㄧˋ ㄙ˙
沒甚首尾,1,ㄇㄟˊ ㄕㄣˊ ㄕㄡˇ ㄨㄟˇ
沒留沒亂,1,ㄇㄟˊ ㄌㄧㄡˊ ㄇㄛˋ ㄌㄨㄢˋ
沒的功夫,1,ㄇㄟˊ ㄉㄜ˙ ㄍㄨㄥ ㄈㄨ
沒皮沒臉,1,ㄇㄟˊ ㄆㄧˊ ㄇㄟˊ ㄌㄧㄢˇ
沒皮賴臉,1,ㄇㄟˊ ㄆㄧˊ ㄌㄞˋ ㄌㄧㄢˇ
沒神沒鬼,1,ㄇㄟˊ ㄕㄣˊ ㄇㄟˊ ㄍㄨㄟˇ
沒福消受,1,ㄇㄟˊ ㄈㄨˊ ㄒㄧㄠ ㄕㄡˋ
沒緣沒故,1,ㄇㄟˊ ㄩㄢˊ ㄇㄟˊ ㄍㄨˋ
沒羞沒臊,1,ㄇㄟˊ ㄒㄧㄡ ㄇㄟˊ ㄙㄠˋ
沒老沒小,1,ㄇㄟˊ ㄌㄠˇ ㄇㄟˊ ㄒㄧㄠˇ
沒而不朽,1,ㄇㄛˋ ㄦˊ ㄅㄨˋ ㄒㄧㄡˇ
沒著沒落,1,ㄇㄟˊ ㄓㄨㄛˊ ㄇㄟˊ ㄌㄨㄛˋ
沒處出豁,1,ㄇㄟˊ ㄔㄨˋ ㄔㄨ ㄏㄨㄛˋ
沒裡沒外,1,ㄇㄟˊ ㄌㄧˇ ㄇㄟˊ ㄨㄞˋ
沒見世面,1,ㄇㄟˊ ㄐㄧㄢˋ ㄕˋ ㄇㄧㄢˋ
沒見食面,1,ㄇㄟˊ ㄐㄧㄢˋ ㄕˊ ㄇㄧㄢˋ
沒規沒矩,1,ㄇㄟˊ ㄍㄨㄟ ㄇㄟˊ ㄐㄩˇ
沒計奈何,1,ㄇㄟˊ ㄐㄧˋ ㄋㄞˋ ㄏㄜˊ
沒趣巴巴,1,ㄇㄟˊ ㄑㄩˋ ㄅㄚ ㄅㄚ
沒趣搭拉,1,ㄇㄟˊ ㄑㄩˋ ㄉㄚ ㄌㄚ
沒足厭的,1,ㄇㄟˊ ㄗㄨˊ ㄧㄢˋ ㄉㄜ˙
沒身不忘,1,ㄇㄛˋ ㄕㄣ ㄅㄨˋ ㄨㄤˋ
沒輕沒重,1,ㄇㄟˊ ㄑㄧㄥ ㄇㄟˊ ㄓㄨㄥˋ
沒造化的,1,ㄇㄟˊ ㄗㄠˋ ㄏㄨㄚ˙ ㄉㄜ˙
沒金飲羽,1,ㄇㄛˋ ㄐㄧㄣ ㄧㄣˇ ㄩˇ
沒開交處,1,ㄇㄟˊ ㄎㄞ ㄐㄧㄠ ㄔㄨˋ
沒頓飯時,1,ㄇㄟˊ ㄉㄨㄣˋ ㄈㄢˋ ㄕˊ
沒頭仰仗,1,ㄇㄟˊ ㄊㄡˊ ㄧㄤˇ ㄓㄤˋ
沒頭公事,1,ㄇㄟˊ ㄊㄡˊ ㄍㄨㄥ ㄕˋ
沒頭告示,1,ㄇㄟˊ ㄊㄡˊ ㄍㄠˋ ㄕˋ
沒頭官司,1,ㄇㄟˊ ㄊㄡˊ ㄍㄨㄢ ㄙ
沒頭帖子,1,ㄇㄟˊ ㄊㄡˊ ㄊㄧㄝˇ ㄗ˙
沒頭案子,1,ㄇㄟˊ ㄊㄡˊ ㄢˋ ㄗ˙
沒頭沒腦,1,ㄇㄛˋ ㄊㄡˊ ㄇㄛˋ ㄋㄠˇ
沒頭沒臉,1,ㄇㄟˊ ㄊㄡˊ ㄇㄟˊ ㄌㄧㄢˇ
沒頭脫柄,1,ㄇㄟˊ ㄊㄡˊ ㄊㄨㄛ ㄅㄧㄥˇ
沒頭蒼蠅,1,ㄇㄟˊ ㄊㄡˊ ㄘㄤ ㄧㄥ˙
沒顏落色,1,ㄇㄟˊ ㄧㄢˊ ㄌㄨㄛˋ ㄙㄜˋ
沒顛沒倒,1,ㄇㄟˊ ㄉㄧㄢ ㄇㄟˊ ㄉㄠˇ
沒高沒低,1,ㄇㄟˊ ㄍㄠ ㄇㄟˊ ㄉㄧ
沒魂少智,1,ㄇㄟˊ ㄏㄨㄣˊ ㄕㄠˇ ㄓˋ
沒齒難泯,1,ㄇㄛˋ ㄔˇ ㄋㄢˊ ㄇㄧㄣˇ
沖天之怒,1,ㄔㄨㄥ ㄊㄧㄢ ㄓ ㄋㄨˋ
沖虛真人,1,ㄔㄨㄥ ㄒㄩ ㄓㄣ ㄖㄣˊ
沖虛真經,1,ㄔㄨㄥ ㄒㄩ ㄓㄣ ㄐㄧㄥ
沖霄漢外,1,ㄔㄨㄥ ㄒㄧㄠ ㄏㄢˋ ㄨㄞˋ
沙克疫苗,1,ㄕㄚ ㄎㄜˋ ㄧˋ ㄇㄧㄠˊ
沙卡洛夫,1,ㄕㄚ ㄎㄚˇ ㄌㄨㄛˋ ㄈㄨ
沙基慘案,1,ㄕㄚ ㄐㄧ ㄘㄢˇ ㄢˋ
沙漠氣候,1,ㄕㄚ ㄇㄛˋ ㄑㄧˋ ㄏㄡˋ
沙賓疫苗,1,ㄕㄚ ㄅㄧㄣ ㄧˋ ㄇㄧㄠˊ
沛雨甘霖,1,ㄆㄟˋ ㄩˇ ㄍㄢ ㄌㄧㄣˊ
河不出圖,1,ㄏㄜˊ ㄅㄨˋ ㄔㄨ ㄊㄨˊ
河伯使者,1,ㄏㄜˊ ㄅㄛˊ ㄕˇ ㄓㄜˇ
河伯娶婦,1,ㄏㄜˊ ㄅㄛˊ ㄑㄩˇ ㄈㄨˋ
河伯從事,1,ㄏㄜˊ ㄅㄛˊ ㄘㄨㄥˊ ㄕˋ
河北梆子,1,ㄏㄜˊ ㄅㄟˇ ㄅㄤ ㄗ˙
河南墜子,1,ㄏㄜˊ ㄋㄢˊ ㄓㄨㄟˋ ㄗ˙
河南梆子,1,ㄏㄜˊ ㄋㄢˊ ㄅㄤ ㄗ˙
河套平原,1,ㄏㄜˊ ㄊㄠˋ ㄆㄧㄥˊ ㄩㄢˊ
河套文化,1,ㄏㄜˊ ㄊㄠˋ ㄨㄣˊ ㄏㄨㄚˋ
河女之章,1,ㄏㄜˊ ㄋㄩˇ ㄓ ㄓㄤ
河山帶礪,1,ㄏㄜˊ ㄕㄢ ㄉㄞˋ ㄌㄧˋ
河川襲奪,1,ㄏㄜˊ ㄔㄨㄢ ㄒㄧˊ ㄉㄨㄛˊ
河底隧道,1,ㄏㄜˊ ㄉㄧˇ ㄙㄨㄟˋ ㄉㄠˋ
河曲智叟,1,ㄏㄜˊ ㄑㄩ ㄓˋ ㄙㄡˇ
河東獅子,1,ㄏㄜˊ ㄉㄨㄥ ㄕ ㄗ˙
河汾門下,1,ㄏㄜˊ ㄈㄣˊ ㄇㄣˊ ㄒㄧㄚˋ
河涸海乾,1,ㄏㄜˊ ㄏㄜˊ ㄏㄞˇ ㄍㄢ
河清難俟,1,ㄏㄜˊ ㄑㄧㄥ ㄋㄢˊ ㄙˋ
河落海乾,1,ㄏㄜˊ ㄌㄠˋ ㄏㄞˇ ㄍㄢ
河道整治,1,ㄏㄜˊ ㄉㄠˋ ㄓㄥˇ ㄓˋ
河道總督,1,ㄏㄜˊ ㄉㄠˋ ㄗㄨㄥˇ ㄉㄨ
河間獻王,1,ㄏㄜˊ ㄐㄧㄢ ㄒㄧㄢˋ ㄨㄤˊ
河陽衰鬢,1,ㄏㄜˊ ㄧㄤˊ ㄕㄨㄞ ㄅㄧㄣˋ
河魚之患,1,ㄏㄜˊ ㄩˊ ㄓ ㄏㄨㄢˋ
河魚之疾,1,ㄏㄜˊ ㄩˊ ㄓ ㄐㄧˊ
河魚腹疾,1,ㄏㄜˊ ㄩˊ ㄈㄨˋ ㄐㄧˊ
沸反盈天,1,ㄈㄟˋ ㄈㄢˇ ㄧㄥˊ ㄊㄧㄢ
沸沸揚揚,1,ㄈㄟˋ ㄈㄟˋ ㄧㄤˊ ㄧㄤˊ
油光水滑,1,ㄧㄡˊ ㄍㄨㄤ ㄕㄨㄟˇ ㄏㄨㄚˊ
油回磨轉,1,ㄧㄡˊ ㄏㄨㄟˊ ㄇㄛˋ ㄓㄨㄢˇ
油漬罐頭,1,ㄧㄡˊ ㄗˋ ㄍㄨㄢˋ ㄊㄡ˙
油煠糊猻,1,ㄧㄡˊ ㄓㄚˊ ㄏㄨˊ ㄙㄨㄣ
油盡燈枯,1,ㄧㄡˊ ㄐㄧㄣˋ ㄉㄥ ㄎㄨ
油紙捻子,1,ㄧㄡˊ ㄓˇ ㄋㄧㄢˇ ㄗ˙
油花伎倆,1,ㄧㄡˊ ㄏㄨㄚ ㄐㄧˋ ㄌㄧㄤˇ
油花和尚,1,ㄧㄡˊ ㄏㄨㄚ ㄏㄜˊ ㄕㄤ˙
油頭光棍,1,ㄧㄡˊ ㄊㄡˊ ㄍㄨㄤ ㄍㄨㄣˋ
油頭滑臉,1,ㄧㄡˊ ㄊㄡˊ ㄏㄨㄚˊ ㄌㄧㄢˇ
治亂存亡,1,ㄓˋ ㄌㄨㄢˋ ㄘㄨㄣˊ ㄨㄤˊ
治亂興亡,1,ㄓˋ ㄌㄨㄢˋ ㄒㄧㄥ ㄨㄤˊ
治國安民,1,ㄓˋ ㄍㄨㄛˊ ㄢ ㄇㄧㄣˊ
治安法庭,1,ㄓˋ ㄢ ㄈㄚˇ ㄊㄧㄥˊ
治平專案,1,ㄓˋ ㄆㄧㄥˊ ㄓㄨㄢ ㄢˋ
治絲而棼,1,ㄓˋ ㄙ ㄦˊ ㄈㄣˊ
沽名吊譽,1,ㄍㄨ ㄇㄧㄥˊ ㄉㄧㄠˋ ㄩˋ
沽名干譽,1,ㄍㄨ ㄇㄧㄥˊ ㄍㄢ ㄩˋ
沽名邀譽,1,ㄍㄨ ㄇㄧㄥˊ ㄧㄠ ㄩˋ
沽酒當爐,1,ㄍㄨ ㄐㄧㄡˇ ㄉㄤ ㄌㄨˊ
沾沾自滿,1,ㄓㄢ ㄓㄢ ㄗˋ ㄇㄢˇ
沾沾自足,1,ㄓㄢ ㄓㄢ ㄗˋ ㄗㄨˊ
沾親帶骨,1,ㄓㄢ ㄑㄧㄣ ㄉㄞˋ ㄍㄨˇ
沾風惹草,1,ㄓㄢ ㄈㄥ ㄖㄜˇ ㄘㄠˇ
沿岸貿易,1,ㄧㄢˊ ㄢˋ ㄇㄠˋ ㄧˋ
沿才授職,1,ㄧㄢˊ ㄘㄞˊ ㄕㄡˋ ㄓˊ
沿波討源,1,ㄧㄢˊ ㄅㄛ ㄊㄠˇ ㄩㄢˊ
沿流溯源,1,ㄧㄢˊ ㄌㄧㄡˊ ㄙㄨˋ ㄩㄢˊ
沿流討源,1,ㄧㄢˊ ㄌㄧㄡˊ ㄊㄠˇ ㄩㄢˊ
沿海口子,1,ㄧㄢˊ ㄏㄞˇ ㄎㄡˇ ㄗ˙
沿門挨戶,1,ㄧㄢˊ ㄇㄣˊ ㄞ ㄏㄨˋ
沿門託缽,1,ㄧㄢˊ ㄇㄣˊ ㄊㄨㄛ ㄅㄛ
沿革解釋,1,ㄧㄢˊ ㄍㄜˊ ㄐㄧㄝˇ ㄕˋ
泄泄沓沓,1,ㄧˋ ㄧˋ ㄊㄚˋ ㄊㄚˋ
泉幣文字,1,ㄑㄩㄢˊ ㄅㄧˋ ㄨㄣˊ ㄗˋ
泉石膏肓,1,ㄑㄩㄢˊ ㄕˊ ㄍㄠ ㄏㄨㄤ
泌水樂飢,1,ㄇㄧˋ ㄕㄨㄟˇ ㄌㄜˋ ㄐㄧ
泓水之戰,1,ㄏㄨㄥˊ ㄕㄨㄟˇ ㄓ ㄓㄢˋ
法償貨幣,1,ㄈㄚˇ ㄔㄤˊ ㄏㄨㄛˋ ㄅㄧˋ
法出多門,1,ㄈㄚˇ ㄔㄨ ㄉㄨㄛ ㄇㄣˊ
法利賽人,1,ㄈㄚˇ ㄌㄧˋ ㄙㄞˋ ㄖㄣˊ
法力無邊,1,ㄈㄚˇ ㄌㄧˋ ㄨˊ ㄅㄧㄢ
法場換子,1,ㄈㄚˇ ㄔㄤˊ ㄏㄨㄢˋ ㄗˇ
法外施仁,1,ㄈㄚˇ ㄨㄞˋ ㄕ ㄖㄣˊ
法外行凶,1,ㄈㄚˇ ㄨㄞˋ ㄒㄧㄥˊ ㄒㄩㄥ
法天象地,1,ㄈㄚˇ ㄊㄧㄢ ㄒㄧㄤˋ ㄉㄧˋ
法定程序,1,ㄈㄚˇ ㄉㄧㄥˋ ㄔㄥˊ ㄒㄩˋ
法定空地,1,ㄈㄚˇ ㄉㄧㄥˋ ㄎㄨㄥˋ ㄉㄧˋ
法定血親,1,ㄈㄚˇ ㄉㄧㄥˋ ㄒㄧㄝˇ ㄑㄧㄣ
法定認領,1,ㄈㄚˇ ㄉㄧㄥˋ ㄖㄣˋ ㄌㄧㄥˇ
法家拂士,1,ㄈㄚˇ ㄐㄧㄚ ㄅㄧˋ ㄕˋ
法度嚴明,1,ㄈㄚˇ ㄉㄨˋ ㄧㄢˊ ㄇㄧㄥˊ
法律漏洞,1,ㄈㄚˇ ㄌㄩˋ ㄌㄡˋ ㄉㄨㄥˋ
法書要錄,1,ㄈㄚˇ ㄕㄨ ㄧㄠˋ ㄌㄨˋ
法海和尚,1,ㄈㄚˇ ㄏㄞˇ ㄏㄜˊ ㄕㄤˋ
法獄治罪,1,ㄈㄚˇ ㄩˋ ㄓˋ ㄗㄨㄟˋ
法網難逃,1,ㄈㄚˇ ㄨㄤˇ ㄋㄢˊ ㄊㄠˊ
法苑珠林,1,ㄈㄚˇ ㄩㄢˋ ㄓㄨ ㄌㄧㄣˊ
法華文句,1,ㄈㄚˇ ㄏㄨㄚ ㄨㄣˊ ㄐㄩˋ
法華玄義,1,ㄈㄚˇ ㄏㄨㄚ ㄒㄩㄢˊ ㄧˋ
法術無邊,1,ㄈㄚˇ ㄕㄨˋ ㄨˊ ㄅㄧㄢ
泛泛而談,1,ㄈㄢˋ ㄈㄢˋ ㄦˊ ㄊㄢˊ
泛脣泛舌,1,ㄈㄢˋ ㄔㄨㄣˊ ㄈㄢˋ ㄕㄜˊ
泛靈信仰,1,ㄈㄢˋ ㄌㄧㄥˊ ㄒㄧㄣˋ ㄧㄤˇ
泛駕之馬,1,ㄈㄢˋ ㄐㄧㄚˋ ㄓ ㄇㄚˇ
泡沫塑膠,1,ㄆㄠˋ ㄇㄛˋ ㄙㄨˋ ㄐㄧㄠ
泡沫橡膠,1,ㄆㄠˋ ㄇㄛˋ ㄒㄧㄤˋ ㄐㄧㄠ
泡沫水泥,1,ㄆㄠˋ ㄇㄛˋ ㄕㄨㄟˇ ㄋㄧˊ
泡沫玻璃,1,ㄆㄠˋ ㄇㄛˋ ㄅㄛ ㄌㄧ˙
泡沫經濟,1,ㄆㄠˋ ㄇㄛˋ ㄐㄧㄥ ㄐㄧˋ
泡沫髮膠,1,ㄆㄠˋ ㄇㄛˋ ㄈㄚˇ ㄐㄧㄠ
泡麵哲學,1,ㄆㄠˋ ㄇㄧㄢˋ ㄓㄜˊ ㄒㄩㄝˊ
泡麵市場,1,ㄆㄠˋ ㄇㄧㄢˋ ㄕˋ ㄔㄤˊ
波光瀲灩,1,ㄅㄛ ㄍㄨㄤ ㄌㄧㄢˋ ㄧㄢˋ
波光粼粼,1,ㄅㄛ ㄍㄨㄤ ㄌㄧㄣˊ ㄌㄧㄣˊ
波光閃閃,1,ㄅㄛ ㄍㄨㄤ ㄕㄢˇ ㄕㄢˇ
波及無辜,1,ㄅㄛ ㄐㄧˊ ㄨˊ ㄍㄨ
波士尼亞,1,ㄅㄛ ㄕˋ ㄋㄧˊ ㄧㄚˋ
波布政權,1,ㄅㄛ ㄅㄨˋ ㄓㄥˋ ㄑㄩㄢˊ
波希戰爭,1,ㄅㄛ ㄒㄧ ㄓㄢˋ ㄓㄥ
波希米亞,1,ㄅㄛ ㄒㄧ ㄇㄧˇ ㄧㄚˋ
波提且利,1,ㄅㄛ ㄊㄧˊ ㄑㄧㄝˇ ㄌㄧˋ
波斯地毯,1,ㄅㄛ ㄙ ㄉㄧˋ ㄊㄢˇ
波斯帝國,1,ㄅㄛ ㄙ ㄉㄧˋ ㄍㄨㄛˊ
波斯皁莢,1,ㄅㄛ ㄙ ㄗㄠˋ ㄐㄧㄚˊ
波波劫劫,1,ㄅㄛ ㄅㄛ ㄐㄧㄝˊ ㄐㄧㄝˊ
波波吒吒,1,ㄅㄛ ㄅㄛ ㄓㄚˋ ㄓㄚˋ
波波悄悄,1,ㄅㄛ ㄅㄛ ㄑㄧㄠˇ ㄑㄧㄠˇ
波波淥淥,1,ㄅㄛ ㄅㄛ ㄌㄨˋ ㄌㄨˋ
波波漉漉,1,ㄅㄛ ㄅㄛ ㄌㄨˋ ㄌㄨˋ
波波碌碌,1,ㄅㄛ ㄅㄛ ㄌㄨˋ ㄌㄨˋ
波浪週期,1,ㄅㄛ ㄌㄤˋ ㄓㄡ ㄑㄧˊ
波浪銳度,1,ㄅㄛ ㄌㄤˋ ㄖㄨㄟˋ ㄉㄨˋ
波浪阻力,1,ㄅㄛ ㄌㄤˋ ㄗㄨˇ ㄌㄧˋ
波涌雲亂,1,ㄅㄛ ㄩㄥˇ ㄩㄣˊ ㄌㄨㄢˋ
波瀾老成,1,ㄅㄛ ㄌㄢˊ ㄌㄠˇ ㄔㄥˊ
波爾卡舞,1,ㄅㄛ ㄦˇ ㄎㄚˇ ㄨˇ
波特萊爾,1,ㄅㄛ ㄊㄜˋ ㄌㄞˊ ㄦˇ
波磔點畫,1,ㄅㄛ ㄓㄜˊ ㄉㄧㄢˇ ㄏㄨㄚˋ
波紋如縠,1,ㄅㄛ ㄨㄣˊ ㄖㄨˊ ㄏㄨˊ
波蘭舞曲,1,ㄅㄛ ㄌㄢˊ ㄨˇ ㄑㄩˇ
波蘭走廊,1,ㄅㄛ ㄌㄢˊ ㄗㄡˇ ㄌㄤˊ
波路壯闊,1,ㄅㄛ ㄌㄨˋ ㄓㄨㄤˋ ㄎㄨㄛˋ
波迸流移,1,ㄅㄛ ㄅㄥˋ ㄌㄧㄡˊ ㄧˊ
波開浪裂,1,ㄅㄛ ㄎㄞ ㄌㄤˋ ㄌㄧㄝˋ
泣下如雨,1,ㄑㄧˋ ㄒㄧㄚˋ ㄖㄨˊ ㄩˇ
泣下沾襟,1,ㄑㄧˋ ㄒㄧㄚˋ ㄓㄢ ㄐㄧㄣ
泣別虞姬,1,ㄑㄧˋ ㄅㄧㄝˊ ㄩˊ ㄐㄧ
泣如雨下,1,ㄑㄧˋ ㄖㄨˊ ㄩˇ ㄒㄧㄚˋ
泣淚成珠,1,ㄑㄧˋ ㄌㄟˋ ㄔㄥˊ ㄓㄨ
泣笑敘闊,1,ㄑㄧˋ ㄒㄧㄠˋ ㄒㄩˋ ㄎㄨㄛˋ
泣血捶膺,1,ㄑㄧˋ ㄒㄩㄝˋ ㄔㄨㄟˊ ㄧㄥ
泣血枕戈,1,ㄑㄧˋ ㄒㄩㄝˋ ㄓㄣˋ ㄍㄜ
泣血椎心,1,ㄑㄧˋ ㄒㄩㄝˋ ㄓㄨㄟ ㄒㄧㄣ
泣血漣如,1,ㄑㄧˋ ㄒㄩㄝˋ ㄌㄧㄢˊ ㄖㄨˊ
泣血稽顙,1,ㄑㄧˋ ㄒㄩㄝˋ ㄑㄧˇ ㄙㄤˇ
泥中隱刺,1,ㄋㄧˊ ㄓㄨㄥ ㄧㄣˇ ㄘˋ
泥古不化,1,ㄋㄧˋ ㄍㄨˇ ㄅㄨˋ ㄏㄨㄚˋ
泥古非今,1,ㄋㄧˋ ㄍㄨˇ ㄈㄟ ㄐㄧㄣ
泥塞竹管,1,ㄋㄧˊ ㄙㄜˋ ㄓㄨˊ ㄍㄨㄢˇ
泥多佛大,1,ㄋㄧˊ ㄉㄨㄛ ㄈㄛˊ ㄉㄚˋ
泥封函谷,1,ㄋㄧˊ ㄈㄥ ㄏㄢˊ ㄍㄨˇ
泥水自蔽,1,ㄋㄧˊ ㄕㄨㄟˇ ㄗˋ ㄅㄧˋ
泥沙俱下,1,ㄋㄧˊ ㄕㄚ ㄐㄩˋ ㄒㄧㄚˋ
泥腿光棍,1,ㄋㄧˊ ㄊㄨㄟˇ ㄍㄨㄤ ㄍㄨㄣˋ
泥船渡河,1,ㄋㄧˊ ㄔㄨㄢˊ ㄉㄨˋ ㄏㄜˊ
泥豬瓦狗,1,ㄋㄧˊ ㄓㄨ ㄨㄚˇ ㄍㄡˇ
泥足巨人,1,ㄋㄧˊ ㄗㄨˊ ㄐㄩˋ ㄖㄣˊ
泥金帖子,1,ㄋㄧˊ ㄐㄧㄣ ㄊㄧㄝˇ ㄗ˙
泥鞋窄襪,1,ㄋㄧˊ ㄒㄧㄝˊ ㄓㄞˇ ㄨㄚˋ
泫然欲泣,1,ㄒㄩㄢˋ ㄖㄢˊ ㄩˋ ㄑㄧˋ
泯然無跡,1,ㄇㄧㄣˇ ㄖㄢˊ ㄨˊ ㄐㄧ
泯然無際,1,ㄇㄧㄣˇ ㄖㄢˊ ㄨˊ ㄐㄧˋ
泯耳攢蹄,1,ㄇㄧㄣˇ ㄦˇ ㄘㄨㄢˊ ㄊㄧˊ
泰來否往,1,ㄊㄞˋ ㄌㄞˊ ㄆㄧˇ ㄨㄤˇ
泰勒制度,1,ㄊㄞˋ ㄌㄜˋ ㄓˋ ㄉㄨˋ
泰國勞工,1,ㄊㄞˋ ㄍㄨㄛˊ ㄌㄠˊ ㄍㄨㄥ
泰國新娘,1,ㄊㄞˋ ㄍㄨㄛˊ ㄒㄧㄣ ㄋㄧㄤˊ
泰山之安,1,ㄊㄞˋ ㄕㄢ ㄓ ㄢ
泰山其頹,1,ㄊㄞˋ ㄕㄢ ㄑㄧˊ ㄊㄨㄟˊ
泰山刻石,1,ㄊㄞˋ ㄕㄢ ㄎㄜˋ ㄕˊ
泰山可倚,1,ㄊㄞˋ ㄕㄢ ㄎㄜˇ ㄧˇ
泰山娘娘,1,ㄊㄞˋ ㄕㄢ ㄋㄧㄤ˙ ㄋㄧㄤ˙
泰山磐石,1,ㄊㄞˋ ㄕㄢ ㄆㄢˊ ㄕˊ
泰山若厲,1,ㄊㄞˋ ㄕㄢ ㄖㄨㄛˋ ㄌㄧˋ
泰山鴻毛,1,ㄊㄞˋ ㄕㄢ ㄏㄨㄥˊ ㄇㄠˊ
泰極而否,1,ㄊㄞˋ ㄐㄧˊ ㄦˊ ㄆㄧˇ
泰然居之,1,ㄊㄞˋ ㄖㄢˊ ㄐㄩ ㄓ
泰系各族,1,ㄊㄞˋ ㄒㄧˋ ㄍㄜˋ ㄗㄨˊ
泰阿倒持,1,ㄊㄞˋ ㄜ ㄉㄠˋ ㄔˊ
泱泱大風,1,ㄧㄤ ㄧㄤ ㄉㄚˋ ㄈㄥ
洋底擴張,1,ㄧㄤˊ ㄉㄧˇ ㄎㄨㄛˋ ㄓㄤ
洋底盆地,1,ㄧㄤˊ ㄉㄧˇ ㄆㄣˊ ㄉㄧˋ
洋洋喜氣,1,ㄧㄤˊ ㄧㄤˊ ㄒㄧˇ ㄑㄧˋ
洋洋纚纚,1,ㄧㄤˊ ㄧㄤˊ ㄕˇ ㄕˇ
洗出作用,1,ㄒㄧˇ ㄔㄨ ㄗㄨㄛˋ ㄩㄥˋ
洗削更革,1,ㄒㄧˇ ㄒㄩㄝˋ ㄍㄥ ㄍㄜˊ
洗垢匿瑕,1,ㄒㄧˇ ㄍㄡˋ ㄋㄧˋ ㄒㄧㄚˊ
洗垢尋痕,1,ㄒㄧˇ ㄍㄡˋ ㄒㄩㄣˊ ㄏㄣˊ
洗垢求瘢,1,ㄒㄧˇ ㄍㄡˋ ㄑㄧㄡˊ ㄅㄢ
洗垢索瘢,1,ㄒㄧˇ ㄍㄡˋ ㄙㄨㄛˇ ㄅㄢ
洗心換骨,1,ㄒㄧˇ ㄒㄧㄣ ㄏㄨㄢˋ ㄍㄨˇ
洗心滌慮,1,ㄒㄧˇ ㄒㄧㄣ ㄉㄧˊ ㄌㄩˋ
洗心自新,1,ㄒㄧˇ ㄒㄧㄣ ㄗˋ ㄒㄧㄣ
洗心革志,1,ㄒㄧˇ ㄒㄧㄣ ㄍㄜˊ ㄓˋ
洗心革意,1,ㄒㄧˇ ㄒㄧㄣ ㄍㄜˊ ㄧˋ
洗手不幹,1,ㄒㄧˇ ㄕㄡˇ ㄅㄨˋ ㄍㄢˋ
洗手奉職,1,ㄒㄧˇ ㄕㄡˇ ㄈㄥˋ ㄓˊ
洗淨鉛華,1,ㄒㄧˇ ㄐㄧㄥˋ ㄑㄧㄢ ㄏㄨㄚˊ
洗盞更酌,1,ㄒㄧˇ ㄓㄢˇ ㄍㄥ ㄓㄨㄛˊ
洗耳拱聽,1,ㄒㄧˇ ㄦˇ ㄍㄨㄥˇ ㄊㄧㄥ
洗面革心,1,ㄒㄧˇ ㄇㄧㄢˋ ㄍㄜˊ ㄒㄧㄣ
洛伊盆地,1,ㄌㄨㄛˋ ㄧ ㄆㄣˊ ㄉㄧˋ
洛克菲勒,1,ㄌㄨㄛˋ ㄎㄜˋ ㄈㄟˇ ㄌㄜˋ
洛桑公約,1,ㄌㄨㄛˋ ㄙㄤ ㄍㄨㄥ ㄩㄝ
洛桑會議,1,ㄌㄨㄛˋ ㄙㄤ ㄏㄨㄟˋ ㄧˋ
洛浦宓妃,1,ㄌㄨㄛˋ ㄆㄨˇ ㄈㄨˊ ㄈㄟ
洛閩之學,1,ㄌㄨㄛˋ ㄇㄧㄣˇ ㄓ ㄒㄩㄝˊ
洛陽才子,1,ㄌㄨㄛˋ ㄧㄤˊ ㄘㄞˊ ㄗˇ
洞中肯綮,1,ㄉㄨㄥˋ ㄓㄨㄥˋ ㄎㄣˇ ㄑㄧㄥˋ
洞如觀火,1,ㄉㄨㄥˋ ㄖㄨˊ ㄍㄨㄢ ㄏㄨㄛˇ
洞察其奸,1,ㄉㄨㄥˋ ㄔㄚˊ ㄑㄧˊ ㄐㄧㄢ
洞察機先,1,ㄉㄨㄥˋ ㄔㄚˊ ㄐㄧ ㄒㄧㄢ
洞悉明白,1,ㄉㄨㄥˋ ㄒㄧ ㄇㄧㄥˊ ㄅㄞˊ
洞悉真相,1,ㄉㄨㄥˋ ㄒㄧ ㄓㄣ ㄒㄧㄤˋ
洞燭入微,1,ㄉㄨㄥˋ ㄓㄨˊ ㄖㄨˋ ㄨㄟˊ
洞燭其奸,1,ㄉㄨㄥˋ ㄓㄨˊ ㄑㄧˊ ㄐㄧㄢ
洞燭姦邪,1,ㄉㄨㄥˋ ㄓㄨˊ ㄐㄧㄢ ㄒㄧㄝˊ
洞燭機先,1,ㄉㄨㄥˋ ㄓㄨˊ ㄐㄧ ㄒㄧㄢ
洞窟美術,1,ㄉㄨㄥˋ ㄎㄨ ㄇㄟˇ ㄕㄨˋ
洞見癥結,1,ㄉㄨㄥˋ ㄐㄧㄢˋ ㄓㄥ ㄐㄧㄝˊ
洞鑒古今,1,ㄉㄨㄥˋ ㄐㄧㄢˋ ㄍㄨˇ ㄐㄧㄣ
津貼制度,1,ㄐㄧㄣ ㄊㄧㄝ ㄓˋ ㄉㄨˋ
洩漏天機,1,ㄒㄧㄝˋ ㄌㄡˋ ㄊㄧㄢ ㄐㄧ
洩漏風聲,1,ㄒㄧㄝˋ ㄌㄡˋ ㄈㄥ ㄕㄥ
洪喬之誤,1,ㄏㄨㄥˊ ㄑㄧㄠˊ ㄓ ㄨˋ
洪喬擲水,1,ㄏㄨㄥˊ ㄑㄧㄠˊ ㄓˊ ㄕㄨㄟˇ
洪憲帝制,1,ㄏㄨㄥˊ ㄒㄧㄢˋ ㄉㄧˋ ㄓˋ
洪武正韻,1,ㄏㄨㄥˊ ㄨˇ ㄓㄥˋ ㄩㄣˋ
洪波滾雪,1,ㄏㄨㄥˊ ㄅㄛ ㄍㄨㄣˇ ㄒㄩㄝˇ
洪爐燎髮,1,ㄏㄨㄥˊ ㄌㄨˊ ㄌㄧㄠˋ ㄈㄚˇ
洶洶拳拳,1,ㄒㄩㄥ ㄒㄩㄥ ㄑㄩㄢˊ ㄑㄩㄢˊ
洶涌澎湃,1,ㄒㄩㄥ ㄩㄥˇ ㄆㄥ ㄆㄞˋ
活似真的,1,ㄏㄨㄛˊ ㄙˋ ㄓㄣ ㄉㄜ˙
活動中心,1,ㄏㄨㄛˊ ㄉㄨㄥˋ ㄓㄨㄥ ㄒㄧㄣ
活動分子,1,ㄏㄨㄛˊ ㄉㄨㄥˋ ㄈㄣˋ ㄗˇ
活動卡通,1,ㄏㄨㄛˊ ㄉㄨㄥˋ ㄎㄚˇ ㄊㄨㄥ
活動房屋,1,ㄏㄨㄛˊ ㄉㄨㄥˋ ㄈㄤˊ ㄨ
活動斷層,1,ㄏㄨㄛˊ ㄉㄨㄥˋ ㄉㄨㄢˋ ㄘㄥˊ
活動目標,1,ㄏㄨㄛˊ ㄉㄨㄥˋ ㄇㄨˋ ㄅㄧㄠ
活動看板,1,ㄏㄨㄛˊ ㄉㄨㄥˋ ㄎㄢˋ ㄅㄢˇ
活化部位,1,ㄏㄨㄛˊ ㄏㄨㄚˋ ㄅㄨˋ ㄨㄟˋ
活學活用,1,ㄏㄨㄛˊ ㄒㄩㄝˊ ㄏㄨㄛˊ ㄩㄥˋ
活廠經營,1,ㄏㄨㄛˊ ㄔㄤˇ ㄐㄧㄥ ㄧㄥˊ
活性疫苗,1,ㄏㄨㄛˊ ㄒㄧㄥˋ ㄧˋ ㄇㄧㄠˊ
活捉王魁,1,ㄏㄨㄛˊ ㄓㄨㄛ ㄨㄤˊ ㄎㄨㄟˊ
活期放款,1,ㄏㄨㄛˊ ㄑㄧˊ ㄈㄤˋ ㄎㄨㄢˇ
活水源流,1,ㄏㄨㄛˊ ㄕㄨㄟˇ ㄩㄢˊ ㄌㄧㄡˊ
活神活現,1,ㄏㄨㄛˊ ㄕㄣˊ ㄏㄨㄛˊ ㄒㄧㄢˋ
活色生香,1,ㄏㄨㄛˊ ㄙㄜˋ ㄕㄥ ㄒㄧㄤ
活血化瘀,1,ㄏㄨㄛˊ ㄒㄧㄝˇ ㄏㄨㄚˋ ㄩ
活頁裝訂,1,ㄏㄨㄛˊ ㄧㄝˋ ㄓㄨㄤ ㄉㄧㄥˋ
洽聞博見,1,ㄑㄧㄚˋ ㄨㄣˊ ㄅㄛˊ ㄐㄧㄢˋ
洽聞強記,1,ㄑㄧㄚˋ ㄨㄣˊ ㄑㄧㄤˊ ㄐㄧˋ
派克斯頓,1,ㄆㄞˋ ㄎㄜˋ ㄙ ㄉㄨㄣˋ
派出機關,1,ㄆㄞˋ ㄔㄨ ㄐㄧ ㄍㄨㄢ
派用人員,1,ㄆㄞˋ ㄩㄥˋ ㄖㄣˊ ㄩㄢˊ
流傳於世,1,ㄌㄧㄡˊ ㄔㄨㄢˊ ㄩˊ ㄕˋ
流光瞬息,1,ㄌㄧㄡˊ ㄍㄨㄤ ㄕㄨㄣˋ ㄒㄧˊ
流動攤販,1,ㄌㄧㄡˊ ㄉㄨㄥˋ ㄊㄢ ㄈㄢˋ
流動負債,1,ㄌㄧㄡˊ ㄉㄨㄥˋ ㄈㄨˋ ㄓㄞˋ
流和心性,1,ㄌㄧㄡˊ ㄏㄜˊ ㄒㄧㄣ ㄒㄧㄥˋ
流宕忘反,1,ㄌㄧㄡˊ ㄉㄤˋ ㄨㄤˋ ㄈㄢˇ
流年不利,1,ㄌㄧㄡˊ ㄋㄧㄢˊ ㄅㄨˋ ㄌㄧˋ
流星報馬,1,ㄌㄧㄡˊ ㄒㄧㄥ ㄅㄠˋ ㄇㄚˇ
流水簿子,1,ㄌㄧㄡˊ ㄕㄨㄟˇ ㄅㄨˋ ㄗ˙
流水落花,1,ㄌㄧㄡˊ ㄕㄨㄟˇ ㄌㄨㄛˋ ㄏㄨㄚ
流水高山,1,ㄌㄧㄡˊ ㄕㄨㄟˇ ㄍㄠ ㄕㄢ
流汗浹背,1,ㄌㄧㄡˊ ㄏㄢˋ ㄐㄧㄚˊ ㄅㄟˋ
流沙墜簡,1,ㄌㄧㄡˊ ㄕㄚ ㄓㄨㄟˋ ㄐㄧㄢˇ
流芳後世,1,ㄌㄧㄡˊ ㄈㄤ ㄏㄡˋ ㄕˋ
流落不偶,1,ㄌㄧㄡˊ ㄌㄨㄛˋ ㄅㄨˋ ㄡˇ
流落街頭,1,ㄌㄧㄡˊ ㄌㄨㄛˋ ㄐㄧㄝ ㄊㄡˊ
流蕩忘反,1,ㄌㄧㄡˊ ㄉㄤˋ ㄨㄤˋ ㄈㄢˇ
流血千里,1,ㄌㄧㄡˊ ㄒㄧㄝˇ ㄑㄧㄢ ㄌㄧˇ
流血成川,1,ㄌㄧㄡˊ ㄒㄧㄝˇ ㄔㄥˊ ㄔㄨㄢ
流血成河,1,ㄌㄧㄡˊ ㄒㄧㄝˇ ㄔㄥˊ ㄏㄜˊ
流血成渠,1,ㄌㄧㄡˊ ㄒㄧㄝˇ ㄔㄥˊ ㄑㄩˊ
流血流汗,1,ㄌㄧㄡˊ ㄒㄧㄝˇ ㄌㄧㄡˊ ㄏㄢˋ
流血浮尸,1,ㄌㄧㄡˊ ㄒㄧㄝˇ ㄈㄨˊ ㄕ
流血漂杵,1,ㄌㄧㄡˊ ㄒㄧㄝˇ ㄆㄧㄠ ㄔㄨˇ
流血漂鹵,1,ㄌㄧㄡˊ ㄒㄧㄝˇ ㄆㄧㄠ ㄌㄨˇ
流行坎止,1,ㄌㄧㄡˊ ㄒㄧㄥˊ ㄎㄢˇ ㄓˇ
流行病學,1,ㄌㄧㄡˊ ㄒㄧㄥˊ ㄅㄧㄥˋ ㄒㄩㄝˊ
流裡流氣,1,ㄌㄧㄡˊ ㄌㄧ˙ ㄌㄧㄡˊ ㄑㄧˋ
流觴曲水,1,ㄌㄧㄡˊ ㄕㄤ ㄑㄩ ㄕㄨㄟˇ
流言惑眾,1,ㄌㄧㄡˊ ㄧㄢˊ ㄏㄨㄛˋ ㄓㄨㄥˋ
流言混語,1,ㄌㄧㄡˊ ㄧㄢˊ ㄏㄨㄣˋ ㄩˇ
流言蜚語,1,ㄌㄧㄡˊ ㄧㄢˊ ㄈㄟ ㄩˇ
流言飛文,1,ㄌㄧㄡˊ ㄧㄢˊ ㄈㄟ ㄨㄣˊ
流連荒亡,1,ㄌㄧㄡˊ ㄌㄧㄢˊ ㄏㄨㄤ ㄨㄤˊ
流金鑠石,1,ㄌㄧㄡˊ ㄐㄧㄣ ㄕㄨㄛˋ ㄕˊ
流風迴雪,1,ㄌㄧㄡˊ ㄈㄥ ㄏㄨㄟˊ ㄒㄩㄝˇ
流風遺俗,1,ㄌㄧㄡˊ ㄈㄥ ㄧˊ ㄙㄨˊ
流風遺澤,1,ㄌㄧㄡˊ ㄈㄥ ㄧˊ ㄗㄜˊ
流風遺烈,1,ㄌㄧㄡˊ ㄈㄥ ㄧˊ ㄌㄧㄝˋ
流風遺跡,1,ㄌㄧㄡˊ ㄈㄥ ㄧˊ ㄐㄧ
流風餘俗,1,ㄌㄧㄡˊ ㄈㄥ ㄩˊ ㄙㄨˊ
流風餘澤,1,ㄌㄧㄡˊ ㄈㄥ ㄩˊ ㄗㄜˊ
流風餘韻,1,ㄌㄧㄡˊ ㄈㄥ ㄩˊ ㄩㄣˋ
流魚出聽,1,ㄌㄧㄡˊ ㄩˊ ㄔㄨ ㄊㄧㄥ
浙東學派,1,ㄓㄜˋ ㄉㄨㄥ ㄒㄩㄝˊ ㄆㄞˋ
浙贛鐵路,1,ㄓㄜˋ ㄍㄢˋ ㄊㄧㄝˇ ㄌㄨˋ
浩如煙海,1,ㄏㄠˋ ㄖㄨˊ ㄧㄢ ㄏㄞˇ
浩氣長存,1,ㄏㄠˋ ㄑㄧˋ ㄔㄤˊ ㄘㄨㄣˊ
浪吼風號,1,ㄌㄤˋ ㄏㄡˇ ㄈㄥ ㄏㄠˊ
浪子喪門,1,ㄌㄤˋ ㄗˇ ㄙㄤ ㄇㄣˊ
浪得虛名,1,ㄌㄤˋ ㄉㄜˊ ㄒㄩ ㄇㄧㄥˊ
浪恬波靜,1,ㄌㄤˋ ㄊㄧㄢˊ ㄅㄛ ㄐㄧㄥˋ
浪浪宕宕,1,ㄌㄤˋ ㄌㄤˋ ㄉㄤˋ ㄉㄤˋ
浪漫樂派,1,ㄌㄤˋ ㄇㄢˋ ㄩㄝˋ ㄆㄞˋ
浪濤澎湃,1,ㄌㄤˋ ㄊㄠˊ ㄆㄥ ㄆㄞˋ
浪聲顙氣,1,ㄌㄤˋ ㄕㄥ ㄙㄤˇ ㄑㄧˋ
浪蕩乾坤,1,ㄌㄤˋ ㄉㄤˋ ㄑㄧㄢˊ ㄎㄨㄣ
浪蝶游蜂,1,ㄌㄤˋ ㄉㄧㄝˊ ㄧㄡˊ ㄈㄥ
浪蝶狂蜂,1,ㄌㄤˋ ㄉㄧㄝˊ ㄎㄨㄤˊ ㄈㄥ
浪跡天下,1,ㄌㄤˋ ㄐㄧ ㄊㄧㄢ ㄒㄧㄚˋ
浪跡江湖,1,ㄌㄤˋ ㄐㄧ ㄐㄧㄤ ㄏㄨˊ
浪跡萍蹤,1,ㄌㄤˋ ㄐㄧ ㄆㄧㄥˊ ㄗㄨㄥ
浪靜風恬,1,ㄌㄤˋ ㄐㄧㄥˋ ㄈㄥ ㄊㄧㄢˊ
浮一大白,1,ㄈㄨˊ ㄧ ㄉㄚˋ ㄅㄞˊ
浮上心頭,1,ㄈㄨˊ ㄕㄤˋ ㄒㄧㄣ ㄊㄡˊ
浮來暫去,1,ㄈㄨˊ ㄌㄞˊ ㄓㄢˋ ㄑㄩˋ
浮動領土,1,ㄈㄨˊ ㄉㄨㄥˋ ㄌㄧㄥˇ ㄊㄨˇ
浮名薄利,1,ㄈㄨˊ ㄇㄧㄥˊ ㄅㄛˊ ㄌㄧˋ
浮名虛利,1,ㄈㄨˊ ㄇㄧㄥˊ ㄒㄩ ㄌㄧˋ
浮名虛譽,1,ㄈㄨˊ ㄇㄧㄥˊ ㄒㄩ ㄩˋ
浮家泛宅,1,ㄈㄨˊ ㄐㄧㄚ ㄈㄢˋ ㄓㄜˋ
浮想聯翩,1,ㄈㄨˊ ㄒㄧㄤˇ ㄌㄧㄢˊ ㄆㄧㄢ
浮沉船塢,1,ㄈㄨˊ ㄔㄣˊ ㄔㄨㄢˊ ㄨˋ
浮沉酒醆,1,ㄈㄨˊ ㄔㄣˊ ㄐㄧㄡˇ ㄓㄢˇ
浮瓜沉李,1,ㄈㄨˊ ㄍㄨㄚ ㄔㄣˊ ㄌㄧˇ
浮瓜避暑,1,ㄈㄨˊ ㄍㄨㄚ ㄅㄧˋ ㄕㄨˇ
浮生如寄,1,ㄈㄨˊ ㄕㄥ ㄖㄨˊ ㄐㄧˋ
浮生植物,1,ㄈㄨˊ ㄕㄥ ㄓˊ ㄨˋ
浮生瞬息,1,ㄈㄨˊ ㄕㄥ ㄕㄨㄣˋ ㄒㄧˊ
浮生若寄,1,ㄈㄨˊ ㄕㄥ ㄖㄨㄛˋ ㄐㄧˋ
浮皮潦草,1,ㄈㄨˊ ㄆㄧˊ ㄌㄧㄠˊ ㄘㄠˇ
浮皮蹭癢,1,ㄈㄨˊ ㄆㄧˊ ㄘㄥˋ ㄧㄤˇ
浮石沉木,1,ㄈㄨˊ ㄕˊ ㄔㄣˊ ㄇㄨˋ
浮翠流丹,1,ㄈㄨˊ ㄘㄨㄟˋ ㄌㄧㄡˊ ㄉㄢ
浮而不實,1,ㄈㄨˊ ㄦˊ ㄅㄨˋ ㄕˊ
浮聲切響,1,ㄈㄨˊ ㄕㄥ ㄑㄧㄝˋ ㄒㄧㄤˇ
浮花浪蕊,1,ㄈㄨˊ ㄏㄨㄚ ㄌㄤˋ ㄖㄨㄟˇ
浮萍大海,1,ㄈㄨˊ ㄆㄧㄥˊ ㄉㄚˋ ㄏㄞˇ
浮萍斷梗,1,ㄈㄨˊ ㄆㄧㄥˊ ㄉㄨㄢˋ ㄍㄥˇ
浮萍浪梗,1,ㄈㄨˊ ㄆㄧㄥˊ ㄌㄤˋ ㄍㄥˇ
浮詞曲說,1,ㄈㄨˊ ㄘˊ ㄑㄩ ㄕㄨㄛ
浮語虛辭,1,ㄈㄨˊ ㄩˇ ㄒㄩ ㄘˊ
浮雲富貴,1,ㄈㄨˊ ㄩㄣˊ ㄈㄨˋ ㄍㄨㄟˋ
浮雲翳日,1,ㄈㄨˊ ㄩㄣˊ ㄧˋ ㄖˋ
浮雲遊子,1,ㄈㄨˊ ㄩㄣˊ ㄧㄡˊ ㄗˇ
浮雲驚龍,1,ㄈㄨˊ ㄩㄣˊ ㄐㄧㄥ ㄌㄨㄥˊ
浴火重生,1,ㄩˋ ㄏㄨㄛˇ ㄔㄨㄥˊ ㄕㄥ
浴蘭時節,1,ㄩˋ ㄌㄢˊ ㄕˊ ㄐㄧㄝˊ
浴血奮戰,1,ㄩˋ ㄒㄩㄝˋ ㄈㄣˋ ㄓㄢˋ
海上偵察,1,ㄏㄞˇ ㄕㄤˋ ㄓㄣ ㄔㄚˊ
海上大學,1,ㄏㄞˇ ㄕㄤˋ ㄉㄚˋ ㄒㄩㄝˊ
海上封鎖,1,ㄏㄞˇ ㄕㄤˋ ㄈㄥ ㄙㄨㄛˇ
海上巡邏,1,ㄏㄞˇ ㄕㄤˋ ㄒㄩㄣˊ ㄌㄨㄛˊ
海上採油,1,ㄏㄞˇ ㄕㄤˋ ㄘㄞˇ ㄧㄡˊ
海上救難,1,ㄏㄞˇ ㄕㄤˋ ㄐㄧㄡˋ ㄋㄢˋ
海上滲透,1,ㄏㄞˇ ㄕㄤˋ ㄕㄣˋ ㄊㄡˋ
海上都市,1,ㄏㄞˇ ㄕㄤˋ ㄉㄨ ㄕˋ
海不波溢,1,ㄏㄞˇ ㄅㄨˋ ㄅㄛ ㄧˋ
海中撈月,1,ㄏㄞˇ ㄓㄨㄥ ㄌㄠ ㄩㄝˋ
海乾河盡,1,ㄏㄞˇ ㄍㄢ ㄏㄜˊ ㄐㄧㄣˋ
海事報告,1,ㄏㄞˇ ㄕˋ ㄅㄠˋ ㄍㄠˋ
海事衛星,1,ㄏㄞˇ ㄕˋ ㄨㄟˋ ㄒㄧㄥ
海內一統,1,ㄏㄞˇ ㄋㄟˋ ㄧ ㄊㄨㄥˇ
海內無雙,1,ㄏㄞˇ ㄋㄟˋ ㄨˊ ㄕㄨㄤ
海北天南,1,ㄏㄞˇ ㄅㄟˇ ㄊㄧㄢ ㄋㄢˊ
海口浪言,1,ㄏㄞˇ ㄎㄡˇ ㄌㄤˋ ㄧㄢˊ
海嘯山崩,1,ㄏㄞˇ ㄒㄧㄠˋ ㄕㄢ ㄅㄥ
海國圖志,1,ㄏㄞˇ ㄍㄨㄛˊ ㄊㄨˊ ㄓˋ
海外奇談,1,ㄏㄞˇ ㄨㄞˋ ㄑㄧˊ ㄊㄢˊ
海外寓公,1,ㄏㄞˇ ㄨㄞˋ ㄩˋ ㄍㄨㄥ
海外移民,1,ㄏㄞˇ ㄨㄞˋ ㄧˊ ㄇㄧㄣˊ
海宇昇平,1,ㄏㄞˇ ㄩˇ ㄕㄥ ㄆㄧㄥˊ
海寧觀潮,1,ㄏㄞˇ ㄋㄧㄥˊ ㄍㄨㄢ ㄔㄠˊ
海屋添籌,1,ㄏㄞˇ ㄨ ㄊㄧㄢ ㄔㄡˊ
海屋籌添,1,ㄏㄞˇ ㄨ ㄔㄡˊ ㄊㄧㄢ
海岳名言,1,ㄏㄞˇ ㄩㄝˋ ㄇㄧㄥˊ ㄧㄢˊ
海岸山脈,1,ㄏㄞˇ ㄢˋ ㄕㄢ ㄇㄞˋ
海岸平原,1,ㄏㄞˇ ㄢˋ ㄆㄧㄥˊ ㄩㄢˊ
海岸防線,1,ㄏㄞˇ ㄢˋ ㄈㄤˊ ㄒㄧㄢˋ
海峽群島,1,ㄏㄞˇ ㄒㄧㄚˊ ㄑㄩㄣˊ ㄉㄠˇ
海底地震,1,ㄏㄞˇ ㄉㄧˇ ㄉㄧˋ ㄓㄣˋ
海底峽谷,1,ㄏㄞˇ ㄉㄧˇ ㄒㄧㄚˊ ㄍㄨˇ
海底摸月,1,ㄏㄞˇ ㄉㄧˇ ㄇㄛ ㄩㄝˋ
海底通訊,1,ㄏㄞˇ ㄉㄧˇ ㄊㄨㄥ ㄒㄩㄣˋ
海底電線,1,ㄏㄞˇ ㄉㄧˇ ㄉㄧㄢˋ ㄒㄧㄢˋ
海底電纜,1,ㄏㄞˇ ㄉㄧˇ ㄉㄧㄢˋ ㄌㄢˇ
海德公園,1,ㄏㄞˇ ㄉㄜˊ ㄍㄨㄥ ㄩㄢˊ
海拉爾河,1,ㄏㄞˇ ㄌㄚ ㄦˇ ㄏㄜˊ
海捕公文,1,ㄏㄞˇ ㄅㄨˇ ㄍㄨㄥ ㄨㄣˊ
海捕文書,1,ㄏㄞˇ ㄅㄨˇ ㄨㄣˊ ㄕㄨ
海晏河清,1,ㄏㄞˇ ㄧㄢˋ ㄏㄜˊ ㄑㄧㄥ
海月水母,1,ㄏㄞˇ ㄩㄝˋ ㄕㄨㄟˇ ㄇㄨˇ
海格立斯,1,ㄏㄞˇ ㄍㄜˊ ㄌㄧˋ ㄙ
海權時代,1,ㄏㄞˇ ㄑㄩㄢˊ ㄕˊ ㄉㄞˋ
海水倒灌,1,ㄏㄞˇ ㄕㄨㄟˇ ㄉㄠˋ ㄍㄨㄢˋ
海水汙染,1,ㄏㄞˇ ㄕㄨㄟˇ ㄨ ㄖㄢˇ
海水淡化,1,ㄏㄞˇ ㄕㄨㄟˇ ㄉㄢˋ ㄏㄨㄚˋ
海水群飛,1,ㄏㄞˇ ㄕㄨㄟˇ ㄑㄩㄣˊ ㄈㄟ
海水難量,1,ㄏㄞˇ ㄕㄨㄟˇ ㄋㄢˊ ㄌㄧㄤˊ
海沸山搖,1,ㄏㄞˇ ㄈㄟˋ ㄕㄢ ㄧㄠˊ
海沸山裂,1,ㄏㄞˇ ㄈㄟˋ ㄕㄢ ㄌㄧㄝˋ
海沸江翻,1,ㄏㄞˇ ㄈㄟˋ ㄐㄧㄤ ㄈㄢ
海沸河翻,1,ㄏㄞˇ ㄈㄟˋ ㄏㄜˊ ㄈㄢ
海沸波翻,1,ㄏㄞˇ ㄈㄟˋ ㄅㄛ ㄈㄢ
海波不驚,1,ㄏㄞˇ ㄅㄛ ㄅㄨˋ ㄐㄧㄥ
海洋化學,1,ㄏㄞˇ ㄧㄤˊ ㄏㄨㄚˋ ㄒㄩㄝˊ
海洋地質,1,ㄏㄞˇ ㄧㄤˊ ㄉㄧˋ ㄓˊ
海洋放流,1,ㄏㄞˇ ㄧㄤˊ ㄈㄤˋ ㄌㄧㄡˊ
海洋文學,1,ㄏㄞˇ ㄧㄤˊ ㄨㄣˊ ㄒㄩㄝˊ
海洋牧場,1,ㄏㄞˇ ㄧㄤˊ ㄇㄨˋ ㄔㄤˊ
海洋環流,1,ㄏㄞˇ ㄧㄤˊ ㄏㄨㄢˊ ㄌㄧㄡˊ
海洋生物,1,ㄏㄞˇ ㄧㄤˊ ㄕㄥ ㄨˋ
海洋觀測,1,ㄏㄞˇ ㄧㄤˊ ㄍㄨㄢ ㄘㄜˋ
海洋資源,1,ㄏㄞˇ ㄧㄤˊ ㄗ ㄩㄢˊ
海洋開發,1,ㄏㄞˇ ㄧㄤˊ ㄎㄞ ㄈㄚ
海洋隆起,1,ㄏㄞˇ ㄧㄤˊ ㄌㄨㄥˊ ㄑㄧˇ
海港檢疫,1,ㄏㄞˇ ㄍㄤˇ ㄐㄧㄢˇ ㄧˋ
海灘排球,1,ㄏㄞˇ ㄊㄢ ㄆㄞˊ ㄑㄧㄡˊ
海瑞罷官,1,ㄏㄞˇ ㄖㄨㄟˋ ㄅㄚˋ ㄍㄨㄢ
海相沉積,1,ㄏㄞˇ ㄒㄧㄤˋ ㄔㄣˊ ㄐㄧ
海立雲垂,1,ㄏㄞˇ ㄌㄧˋ ㄩㄣˊ ㄔㄨㄟˊ
海綿動物,1,ㄏㄞˇ ㄇㄧㄢˊ ㄉㄨㄥˋ ㄨˋ
海綿蛋糕,1,ㄏㄞˇ ㄇㄧㄢˊ ㄉㄢˋ ㄍㄠ
海蛇水母,1,ㄏㄞˇ ㄕㄜˊ ㄕㄨㄟˇ ㄇㄨˇ
海蝕平臺,1,ㄏㄞˇ ㄕˊ ㄆㄧㄥˊ ㄊㄞˊ
海蝕臺地,1,ㄏㄞˇ ㄕˊ ㄊㄞˊ ㄉㄧˋ
海裡海外,1,ㄏㄞˇ ㄌㄧˇ ㄏㄞˇ ㄨㄞˋ
海說神聊,1,ㄏㄞˇ ㄕㄨㄛ ㄕㄣˊ ㄌㄧㄠˊ
海門天險,1,ㄏㄞˇ ㄇㄣˊ ㄊㄧㄢ ㄒㄧㄢˇ
浸微浸消,1,ㄐㄧㄣˋ ㄨㄟˊ ㄐㄧㄣˋ ㄒㄧㄠ
浸潤之譖,1,ㄐㄧㄣˋ ㄖㄨㄣˋ ㄓ ㄗㄣˋ
浹髓淪肌,1,ㄐㄧㄚˊ ㄙㄨㄟˇ ㄌㄨㄣˊ ㄐㄧ
浹髓淪膚,1,ㄐㄧㄚˊ ㄙㄨㄟˇ ㄌㄨㄣˊ ㄈㄨ
浼人親行,1,ㄇㄟˇ ㄖㄣˊ ㄑㄧㄣ ㄒㄧㄥˊ
消化作用,1,ㄒㄧㄠ ㄏㄨㄚˋ ㄗㄨㄛˋ ㄩㄥˋ
消愁解悶,1,ㄒㄧㄠ ㄔㄡˊ ㄐㄧㄝˇ ㄇㄣˋ
消愁釋悶,1,ㄒㄧㄠ ㄔㄡˊ ㄕˋ ㄇㄣˋ
消愁釋憒,1,ㄒㄧㄠ ㄔㄡˊ ㄕˋ ㄎㄨㄟˋ
消日忘年,1,ㄒㄧㄠ ㄖˋ ㄨㄤˋ ㄋㄧㄢˊ
消滅時效,1,ㄒㄧㄠ ㄇㄧㄝˋ ㄕˊ ㄒㄧㄠˋ
消滅殆盡,1,ㄒㄧㄠ ㄇㄧㄝˋ ㄉㄞˋ ㄐㄧㄣˋ
消滅淨盡,1,ㄒㄧㄠ ㄇㄧㄝˋ ㄐㄧㄥˋ ㄐㄧㄣˋ
消火唧筒,1,ㄒㄧㄠ ㄏㄨㄛˇ ㄐㄧ ㄊㄨㄥˇ
消災解厄,1,ㄒㄧㄠ ㄗㄞ ㄐㄧㄝˇ ㄜˋ
消聲滅跡,1,ㄒㄧㄠ ㄕㄥ ㄇㄧㄝˋ ㄐㄧ
消費借貸,1,ㄒㄧㄠ ㄈㄟˋ ㄐㄧㄝˋ ㄉㄞˋ
消防設備,1,ㄒㄧㄠ ㄈㄤˊ ㄕㄜˋ ㄅㄟˋ
涉危履險,1,ㄕㄜˋ ㄨㄟˊ ㄌㄩˇ ㄒㄧㄢˇ
涉水登山,1,ㄕㄜˋ ㄕㄨㄟˇ ㄉㄥ ㄕㄢ
涉海登山,1,ㄕㄜˋ ㄏㄞˇ ㄉㄥ ㄕㄢ
涉艱履危,1,ㄕㄜˋ ㄐㄧㄢ ㄌㄩˇ ㄨㄟˊ
涎涎鄧鄧,1,ㄒㄧㄢˊ ㄒㄧㄢˊ ㄉㄥˋ ㄉㄥˋ
涎臉涎皮,1,ㄒㄧㄢˊ ㄌㄧㄢ˙ ㄒㄧㄢˊ ㄆㄧˊ
涎言涎語,1,ㄒㄧㄢˊ ㄧㄢˊ ㄒㄧㄢˊ ㄩˇ
涑水紀聞,1,ㄙㄨˋ ㄕㄨㄟˇ ㄐㄧˋ ㄨㄣˊ
涕泗交下,1,ㄊㄧˋ ㄙˋ ㄐㄧㄠ ㄒㄧㄚˋ
涕泗交流,1,ㄊㄧˋ ㄙˋ ㄐㄧㄠ ㄌㄧㄡˊ
涕泗交頤,1,ㄊㄧˋ ㄙˋ ㄐㄧㄠ ㄧˊ
涕泗橫流,1,ㄊㄧˋ ㄙˋ ㄏㄥˊ ㄌㄧㄡˊ
涕泗滂沱,1,ㄊㄧˋ ㄙˋ ㄆㄤ ㄊㄨㄛˊ
涕泗縱橫,1,ㄊㄧˋ ㄙˋ ㄗㄨㄥ ㄏㄥˊ
涕淚交下,1,ㄊㄧˋ ㄌㄟˋ ㄐㄧㄠ ㄒㄧㄚˋ
涕淚交加,1,ㄊㄧˋ ㄌㄟˋ ㄐㄧㄠ ㄐㄧㄚ
涕淚交垂,1,ㄊㄧˋ ㄌㄟˋ ㄐㄧㄠ ㄔㄨㄟˊ
涕淚交流,1,ㄊㄧˋ ㄌㄟˋ ㄐㄧㄠ ㄌㄧㄡˊ
涕淚交集,1,ㄊㄧˋ ㄌㄟˋ ㄐㄧㄠ ㄐㄧˊ
涕淚交零,1,ㄊㄧˋ ㄌㄟˋ ㄐㄧㄠ ㄌㄧㄥˊ
涕淚俱下,1,ㄊㄧˋ ㄌㄟˋ ㄐㄩˋ ㄒㄧㄚˋ
涕淚縱橫,1,ㄊㄧˋ ㄌㄟˋ ㄗㄨㄥ ㄏㄥˊ
涕筆俱下,1,ㄊㄧˋ ㄅㄧˇ ㄐㄩˋ ㄒㄧㄚˋ
液化瓦斯,1,ㄧㄝˋ ㄏㄨㄚˋ ㄨㄚˇ ㄙ
液態溶液,1,ㄧㄝˋ ㄊㄞˋ ㄖㄨㄥˊ ㄧㄝˋ
液體瓦斯,1,ㄧㄝˋ ㄊㄧˇ ㄨㄚˇ ㄙ
涸澤而漁,1,ㄏㄜˊ ㄗㄜˊ ㄦˊ ㄩˊ
涸轍之枯,1,ㄏㄜˊ ㄔㄜˋ ㄓ ㄎㄨ
涸轍之魚,1,ㄏㄜˊ ㄔㄜˋ ㄓ ㄩˊ
涸轍之鮒,1,ㄏㄜˊ ㄔㄜˋ ㄓ ㄈㄨˋ
涸轍枯魚,1,ㄏㄜˊ ㄔㄜˋ ㄎㄨ ㄩˊ
涸轍窮魚,1,ㄏㄜˊ ㄔㄜˋ ㄑㄩㄥˊ ㄩˊ
涸轍窮鱗,1,ㄏㄜˊ ㄔㄜˋ ㄑㄩㄥˊ ㄌㄧㄣˊ
涸鱗濡沫,1,ㄏㄜˊ ㄌㄧㄣˊ ㄖㄨˊ ㄇㄛˋ
涼爽羊毛,1,ㄌㄧㄤˊ ㄕㄨㄤˇ ㄧㄤˊ ㄇㄠˊ
涿鹿之戰,1,ㄓㄨㄛˊ ㄌㄨˋ ㄓ ㄓㄢˋ
淄博煤礦,1,ㄗ ㄅㄛˊ ㄇㄟˊ ㄎㄨㄤˋ
淅淅瀝瀝,1,ㄒㄧ ㄒㄧ ㄌㄧˋ ㄌㄧˋ
淅淅颯颯,1,ㄒㄧ ㄒㄧ ㄙㄚˋ ㄙㄚˋ
淅留淅零,1,ㄒㄧ ㄌㄧㄡˊ ㄒㄧ ㄌㄧㄥˊ
淅零淅留,1,ㄒㄧ ㄌㄧㄥˊ ㄒㄧ ㄌㄧㄡˊ
淋巴系統,1,ㄌㄧㄣˊ ㄅㄚ ㄒㄧˋ ㄊㄨㄥˇ
淋淋漓漓,1,ㄌㄧㄣˊ ㄌㄧㄣˊ ㄌㄧˊ ㄌㄧˊ
淋漓痛快,1,ㄌㄧㄣˊ ㄌㄧˊ ㄊㄨㄥˋ ㄎㄨㄞˋ
淌眼抹淚,1,ㄊㄤˇ ㄧㄢˇ ㄇㄛˇ ㄌㄟˋ
淑人君子,1,ㄕㄨˊ ㄖㄣˊ ㄐㄩㄣ ㄗˇ
淑善君子,1,ㄕㄨˊ ㄕㄢˋ ㄐㄩㄣ ㄗˇ
淑慝殊途,1,ㄕㄨˊ ㄊㄜˋ ㄕㄨ ㄊㄨˊ
淑教流徽,1,ㄕㄨˊ ㄐㄧㄠˋ ㄌㄧㄡˊ ㄏㄨㄟ
淘氣憨頑,1,ㄊㄠˊ ㄑㄧˋ ㄏㄢ ㄨㄢˊ
淘澄飛跌,1,ㄊㄠˊ ㄔㄥˊ ㄈㄟ ㄉㄧㄝˊ
淘選作用,1,ㄊㄠˊ ㄒㄩㄢˇ ㄗㄨㄛˋ ㄩㄥˋ
淚下交頤,1,ㄌㄟˋ ㄒㄧㄚˋ ㄐㄧㄠ ㄧˊ
淚下如雨,1,ㄌㄟˋ ㄒㄧㄚˋ ㄖㄨˊ ㄩˇ
淚乾腸斷,1,ㄌㄟˋ ㄍㄢ ㄔㄤˊ ㄉㄨㄢˋ
淚出痛腸,1,ㄌㄟˋ ㄔㄨ ㄊㄨㄥˋ ㄔㄤˊ
淚珠盈眶,1,ㄌㄟˋ ㄓㄨ ㄧㄥˊ ㄎㄨㄤ
淚盤如露,1,ㄌㄟˋ ㄆㄢˊ ㄖㄨˊ ㄌㄨˋ
淚眼愁眉,1,ㄌㄟˋ ㄧㄢˇ ㄔㄡˊ ㄇㄟˊ
淚眼矇矓,1,ㄌㄟˋ ㄧㄢˇ ㄇㄥˊ ㄌㄨㄥˊ
淝水之戰,1,ㄈㄟˊ ㄕㄨㄟˇ ㄓ ㄓㄢˋ
淞滬之戰,1,ㄙㄨㄥ ㄏㄨˋ ㄓ ㄓㄢˋ
淞滬鐵路,1,ㄙㄨㄥ ㄏㄨˋ ㄊㄧㄝˇ ㄌㄨˋ
淡妝濃抹,1,ㄉㄢˋ ㄓㄨㄤ ㄋㄨㄥˊ ㄇㄛˇ
淡妝素服,1,ㄉㄢˋ ㄓㄨㄤ ㄙㄨˋ ㄈㄨˊ
淡掃蛾眉,1,ㄉㄢˋ ㄙㄠˇ ㄜˊ ㄇㄟˊ
淡於名利,1,ㄉㄢˋ ㄩˊ ㄇㄧㄥˊ ㄌㄧˋ
淡水漁業,1,ㄉㄢˋ ㄕㄨㄟˇ ㄩˊ ㄧㄝˋ
淡水養殖,1,ㄉㄢˋ ㄕㄨㄟˇ ㄧㄤˇ ㄓˊ
淡泊名利,1,ㄉㄢˋ ㄅㄛˊ ㄇㄧㄥˊ ㄌㄧˋ
淡然無味,1,ㄉㄢˋ ㄖㄢˊ ㄨˊ ㄨㄟˋ
淡薄無味,1,ㄉㄢˋ ㄅㄛˊ ㄨˊ ㄨㄟˋ
淡飯清茶,1,ㄉㄢˋ ㄈㄢˋ ㄑㄧㄥ ㄔㄚˊ
淨化作用,1,ㄐㄧㄥˋ ㄏㄨㄚˋ ㄗㄨㄛˋ ㄩㄥˋ
淨化燃煤,1,ㄐㄧㄥˋ ㄏㄨㄚˋ ㄖㄢˊ ㄇㄟˊ
淩雜米鹽,1,ㄌㄧㄥˊ ㄗㄚˊ ㄇㄧˇ ㄧㄢˊ
淫心慝行,1,ㄧㄣˊ ㄒㄧㄣ ㄊㄜˋ ㄒㄧㄥˋ
淫情浪態,1,ㄧㄣˊ ㄑㄧㄥˊ ㄌㄤˋ ㄊㄞˋ
淫汙穢臭,1,ㄧㄣˊ ㄨ ㄏㄨㄟˋ ㄔㄡˋ
淮南雞犬,1,ㄏㄨㄞˊ ㄋㄢˊ ㄐㄧ ㄑㄩㄢˇ
深入堂奧,1,ㄕㄣ ㄖㄨˋ ㄊㄤˊ ㄠˋ
深入顯出,1,ㄕㄣ ㄖㄨˋ ㄒㄧㄢˇ ㄔㄨ
深入骨髓,1,ㄕㄣ ㄖㄨˋ ㄍㄨˇ ㄙㄨㄟˇ
深厲淺揭,1,ㄕㄣ ㄌㄧˋ ㄑㄧㄢˇ ㄑㄧˋ
深圖遠慮,1,ㄕㄣ ㄊㄨˊ ㄩㄢˇ ㄌㄩˋ
深奸巨猾,1,ㄕㄣ ㄐㄧㄢ ㄐㄩˋ ㄏㄨㄚˊ
深居九重,1,ㄕㄣ ㄐㄩ ㄐㄧㄡˇ ㄔㄨㄥˊ
深山窮谷,1,ㄕㄣ ㄕㄢ ㄑㄩㄥˊ ㄍㄨˇ
深度報導,1,ㄕㄣ ㄉㄨˋ ㄅㄠˋ ㄉㄠˇ
深思極慮,1,ㄕㄣ ㄙ ㄐㄧˊ ㄌㄩˋ
深思遠慮,1,ㄕㄣ ㄙ ㄩㄢˇ ㄌㄩˋ
深惡痛嫉,1,ㄕㄣ ㄨˋ ㄊㄨㄥˋ ㄐㄧˊ
深文周納,1,ㄕㄣ ㄨㄣˊ ㄓㄡ ㄋㄚˋ
深文巧劾,1,ㄕㄣ ㄨㄣˊ ㄑㄧㄠˇ ㄏㄜˊ
深文巧詆,1,ㄕㄣ ㄨㄣˊ ㄑㄧㄠˇ ㄉㄧˇ
深根固本,1,ㄕㄣ ㄍㄣ ㄍㄨˋ ㄅㄣˇ
深根固蒂,1,ㄕㄣ ㄍㄣ ㄍㄨˋ ㄉㄧˋ
深淵薄冰,1,ㄕㄣ ㄩㄢ ㄅㄛˊ ㄅㄧㄥ
深源地震,1,ㄕㄣ ㄩㄢˊ ㄉㄧˋ ㄓㄣˋ
深溝堅壁,1,ㄕㄣ ㄍㄡ ㄐㄧㄢ ㄅㄧˋ
深溝堅壘,1,ㄕㄣ ㄍㄡ ㄐㄧㄢ ㄌㄟˇ
深熔作用,1,ㄕㄣ ㄖㄨㄥˊ ㄗㄨㄛˋ ㄩㄥˋ
深知原委,1,ㄕㄣ ㄓ ㄩㄢˊ ㄨㄟˇ
深知灼見,1,ㄕㄣ ㄓ ㄓㄨㄛˊ ㄐㄧㄢˋ
深稽博考,1,ㄕㄣ ㄐㄧ ㄅㄛˊ ㄎㄠˇ
深藏不露,1,ㄕㄣ ㄘㄤˊ ㄅㄨˋ ㄌㄡˋ
深藏遠遁,1,ㄕㄣ ㄘㄤˊ ㄩㄢˇ ㄉㄨㄣˋ
深計遠慮,1,ㄕㄣ ㄐㄧˋ ㄩㄢˇ ㄌㄩˋ
深謀遠猷,1,ㄕㄣ ㄇㄡˊ ㄩㄢˇ ㄧㄡˊ
深識遠慮,1,ㄕㄣ ㄕˋ ㄩㄢˇ ㄌㄩˋ
深閉固距,1,ㄕㄣ ㄅㄧˋ ㄍㄨˋ ㄐㄩˋ
淳化閣帖,1,ㄔㄨㄣˊ ㄏㄨㄚˋ ㄍㄜˊ ㄊㄧㄝˋ
淳熙閣帖,1,ㄔㄨㄣˊ ㄒㄧ ㄍㄜˊ ㄊㄧㄝˋ
淵思寂慮,1,ㄩㄢ ㄙ ㄐㄧˊ ㄌㄩˋ
淵渟岳峙,1,ㄩㄢ ㄊㄧㄥˊ ㄩㄝˋ ㄓˋ
淵渟嶽立,1,ㄩㄢ ㄊㄧㄥˊ ㄩㄝˋ ㄌㄧˋ
淵遠流長,1,ㄩㄢ ㄩㄢˇ ㄌㄧㄡˊ ㄔㄤˊ
淵鑑類函,1,ㄩㄢ ㄐㄧㄢˋ ㄌㄟˋ ㄏㄢˊ
淵魚叢爵,1,ㄩㄢ ㄩˊ ㄘㄨㄥˊ ㄐㄩㄝˊ
混一口飯,1,ㄏㄨㄣˋ ㄧ ㄎㄡˇ ㄈㄢˋ
混俗和光,1,ㄏㄨㄣˋ ㄙㄨˊ ㄏㄜˊ ㄍㄨㄤ
混吃混玩,1,ㄏㄨㄣˋ ㄔ ㄏㄨㄣˋ ㄨㄢˊ
混合使用,1,ㄏㄨㄣˋ ㄏㄜˊ ㄕˇ ㄩㄥˋ
混合疫苗,1,ㄏㄨㄣˋ ㄏㄜˊ ㄧˋ ㄇㄧㄠˊ
混合經濟,1,ㄏㄨㄣˋ ㄏㄜˊ ㄐㄧㄥ ㄐㄧˋ
混合裁判,1,ㄏㄨㄣˋ ㄏㄜˊ ㄘㄞˊ ㄆㄢˋ
混合齒列,1,ㄏㄨㄣˋ ㄏㄜˊ ㄔˇ ㄌㄧㄝˋ
混嚼舌根,1,ㄏㄨㄣˋ ㄐㄧㄠˊ ㄕㄜˊ ㄍㄣ
混帳東西,1,ㄏㄨㄣˋ ㄓㄤˋ ㄉㄨㄥ ㄒㄧ
混沌世界,1,ㄏㄨㄣˋ ㄉㄨㄣˋ ㄕˋ ㄐㄧㄝˋ
混淆是非,1,ㄏㄨㄣˋ ㄧㄠˊ ㄕˋ ㄈㄟ
混淆視聽,1,ㄏㄨㄣˋ ㄧㄠˊ ㄕˋ ㄊㄧㄥ
混淆黑白,1,ㄏㄨㄣˋ ㄧㄠˊ ㄏㄟ ㄅㄞˊ
混造黑白,1,ㄏㄨㄣˋ ㄗㄠˋ ㄏㄟ ㄅㄞˊ
混頭混腦,1,ㄏㄨㄣˋ ㄊㄡˊ ㄏㄨㄣˋ ㄋㄠˇ
淹旬曠月,1,ㄧㄢ ㄒㄩㄣˊ ㄎㄨㄤˋ ㄩㄝˋ
淹淹一息,1,ㄧㄢ ㄧㄢ ㄧ ㄒㄧˊ
淺嘗則止,1,ㄑㄧㄢˇ ㄔㄤˊ ㄗㄜˊ ㄓˇ
淺斟低謳,1,ㄑㄧㄢˇ ㄓㄣ ㄉㄧ ㄡ
淺斟低酌,1,ㄑㄧㄢˇ ㄓㄣ ㄉㄧ ㄓㄨㄛˊ
淺見寡聞,1,ㄑㄧㄢˇ ㄐㄧㄢˋ ㄍㄨㄚˇ ㄨㄣˊ
淺見寡識,1,ㄑㄧㄢˇ ㄐㄧㄢˋ ㄍㄨㄚˇ ㄕˋ
淺見薄識,1,ㄑㄧㄢˇ ㄐㄧㄢˋ ㄅㄛˊ ㄕˋ
添兵減灶,1,ㄊㄧㄢ ㄅㄧㄥ ㄐㄧㄢˇ ㄗㄠˋ
添枝接葉,1,ㄊㄧㄢ ㄓ ㄐㄧㄝ ㄧㄝˋ
添案小吃,1,ㄊㄧㄢ ㄢˋ ㄒㄧㄠˇ ㄔ
添磚加瓦,1,ㄊㄧㄢ ㄓㄨㄢ ㄐㄧㄚ ㄨㄚˇ
清光滑辣,1,ㄑㄧㄥ ㄍㄨㄤ ㄏㄨㄚˊ ㄌㄚˋ
清原正本,1,ㄑㄧㄥ ㄩㄢˊ ㄓㄥˋ ㄅㄣˇ
清吟小班,1,ㄑㄧㄥ ㄧㄣˊ ㄒㄧㄠˇ ㄅㄢ
清塵濁水,1,ㄑㄧㄥ ㄔㄣˊ ㄓㄨㄛˊ ㄕㄨㄟˇ
清寒子弟,1,ㄑㄧㄥ ㄏㄢˊ ㄗˇ ㄉㄧˋ
清心省事,1,ㄑㄧㄥ ㄒㄧㄣ ㄕㄥˇ ㄕˋ
清新俊逸,1,ㄑㄧㄥ ㄒㄧㄣ ㄐㄩㄣˋ ㄧˋ
清新雋永,1,ㄑㄧㄥ ㄒㄧㄣ ㄐㄩㄢˋ ㄩㄥˇ
清晰可見,1,ㄑㄧㄥ ㄒㄧ ㄎㄜˇ ㄐㄧㄢˋ
清曹峻府,1,ㄑㄧㄥ ㄘㄠˊ ㄐㄩㄣˋ ㄈㄨˇ
清桿運動,1,ㄑㄧㄥ ㄍㄢˇ ㄩㄣˋ ㄉㄨㄥˋ
清歌妙舞,1,ㄑㄧㄥ ㄍㄜ ㄇㄧㄠˋ ㄨˇ
清水祖師,1,ㄑㄧㄥ ㄕㄨㄟˇ ㄗㄨˇ ㄕ
清水衙門,1,ㄑㄧㄥ ㄕㄨㄟˇ ㄧㄚˊ ㄇㄣˊ
清淨守節,1,ㄑㄧㄥ ㄐㄧㄥˋ ㄕㄡˇ ㄐㄧㄝˊ
清清疏疏,1,ㄑㄧㄥ ㄑㄧㄥ ㄕㄨ ㄕㄨ
清清秀秀,1,ㄑㄧㄥ ㄑㄧㄥ ㄒㄧㄡˋ ㄒㄧㄡˋ
清渭濁涇,1,ㄑㄧㄥ ㄨㄟˋ ㄓㄨㄛˊ ㄐㄧㄥ
清湯寡水,1,ㄑㄧㄥ ㄊㄤ ㄍㄨㄚˇ ㄕㄨㄟˇ
清濁同流,1,ㄑㄧㄥ ㄓㄨㄛˊ ㄊㄨㄥˊ ㄌㄧㄡˊ
清灰冷灶,1,ㄑㄧㄥ ㄏㄨㄟ ㄌㄥˇ ㄗㄠˋ
清理門戶,1,ㄑㄧㄥ ㄌㄧˇ ㄇㄣˊ ㄏㄨˋ
清耳悅心,1,ㄑㄧㄥ ㄦˇ ㄩㄝˋ ㄒㄧㄣ
清聖濁賢,1,ㄑㄧㄥ ㄕㄥˋ ㄓㄨㄛˊ ㄒㄧㄢˊ
清茶淡話,1,ㄑㄧㄥ ㄔㄚˊ ㄉㄢˋ ㄏㄨㄚˋ
清茶淡飯,1,ㄑㄧㄥ ㄔㄚˊ ㄉㄢˋ ㄈㄢˋ
清詞麗句,1,ㄑㄧㄥ ㄘˊ ㄌㄧˋ ㄐㄩˋ
清談高論,1,ㄑㄧㄥ ㄊㄢˊ ㄍㄠ ㄌㄨㄣˋ
清謳微吟,1,ㄑㄧㄥ ㄡ ㄨㄟˊ ㄧㄣˊ
清貧如洗,1,ㄑㄧㄥ ㄆㄧㄣˊ ㄖㄨˊ ㄒㄧˇ
清貧寡欲,1,ㄑㄧㄥ ㄆㄧㄣˊ ㄍㄨㄚˇ ㄩˋ
清蹕傳道,1,ㄑㄧㄥ ㄅㄧˋ ㄔㄨㄢˊ ㄉㄠˋ
清酌庶饈,1,ㄑㄧㄥ ㄓㄨㄛˊ ㄕㄨˋ ㄒㄧㄡ
清雅絕塵,1,ㄑㄧㄥ ㄧㄚˇ ㄐㄩㄝˊ ㄔㄣˊ
清靜寡欲,1,ㄑㄧㄥ ㄐㄧㄥˋ ㄍㄨㄚˇ ㄩˋ
清靜無為,1,ㄑㄧㄥ ㄐㄧㄥˋ ㄨˊ ㄨㄟˊ
清風兩袖,1,ㄑㄧㄥ ㄈㄥ ㄌㄧㄤˇ ㄒㄧㄡˋ
清風勁節,1,ㄑㄧㄥ ㄈㄥ ㄐㄧㄥˋ ㄐㄧㄝˊ
清風峻節,1,ㄑㄧㄥ ㄈㄥ ㄐㄩㄣˋ ㄐㄧㄝˊ
清風明月,1,ㄑㄧㄥ ㄈㄥ ㄇㄧㄥˊ ㄩㄝˋ
清風朗月,1,ㄑㄧㄥ ㄈㄥ ㄌㄤˇ ㄩㄝˋ
清風高節,1,ㄑㄧㄥ ㄈㄥ ㄍㄠ ㄐㄧㄝˊ
清風高誼,1,ㄑㄧㄥ ㄈㄥ ㄍㄠ ㄧˋ
清麗俊逸,1,ㄑㄧㄥ ㄌㄧˋ ㄐㄩㄣˋ ㄧˋ
減工偷料,1,ㄐㄧㄢˇ ㄍㄨㄥ ㄊㄡ ㄌㄧㄠˋ
減速裝置,1,ㄐㄧㄢˇ ㄙㄨˋ ㄓㄨㄤ ㄓˋ
減速車道,1,ㄐㄧㄢˇ ㄙㄨˋ ㄔㄜ ㄉㄠˋ
渡河香象,1,ㄉㄨˋ ㄏㄜˊ ㄒㄧㄤ ㄒㄧㄤˋ
渤海鎖鑰,1,ㄅㄛˊ ㄏㄞˇ ㄙㄨㄛˇ ㄧㄠˋ
測量衛星,1,ㄘㄜˋ ㄌㄧㄤˊ ㄨㄟˋ ㄒㄧㄥ
測風氣球,1,ㄘㄜˋ ㄈㄥ ㄑㄧˋ ㄑㄧㄡˊ
渭河盆地,1,ㄨㄟˋ ㄏㄜˊ ㄆㄣˊ ㄉㄧˋ
渭陽之思,1,ㄨㄟˋ ㄧㄤˊ ㄓ ㄙ
渭陽之情,1,ㄨㄟˋ ㄧㄤˊ ㄓ ㄑㄧㄥˊ
渴而穿井,1,ㄎㄜˇ ㄦˊ ㄔㄨㄢ ㄐㄧㄥˇ
渴飲飢餐,1,ㄎㄜˇ ㄧㄣˇ ㄐㄧ ㄘㄢ
渴驥奔泉,1,ㄎㄜˇ ㄐㄧˋ ㄅㄣ ㄑㄩㄢˊ
游嘴光棍,1,ㄧㄡˊ ㄗㄨㄟˇ ㄍㄨㄤ ㄍㄨㄣˋ
游園驚夢,1,ㄧㄡˊ ㄩㄢˊ ㄐㄧㄥ ㄇㄥˋ
游山玩水,1,ㄧㄡˊ ㄕㄢ ㄨㄢˊ ㄕㄨㄟˇ
游心寓目,1,ㄧㄡˊ ㄒㄧㄣ ㄩˋ ㄇㄨˋ
游心騁目,1,ㄧㄡˊ ㄒㄧㄣ ㄔㄥˇ ㄇㄨˋ
游戲人間,1,ㄧㄡˊ ㄒㄧˋ ㄖㄣˊ ㄐㄧㄢ
游戲塵寰,1,ㄧㄡˊ ㄒㄧˋ ㄔㄣˊ ㄏㄨㄢˊ
游手人戶,1,ㄧㄡˊ ㄕㄡˇ ㄖㄣˊ ㄏㄨˋ
游手游食,1,ㄧㄡˊ ㄕㄡˇ ㄧㄡˊ ㄕˊ
游湖借傘,1,ㄧㄡˊ ㄏㄨˊ ㄐㄧㄝˋ ㄙㄢˇ
游移不決,1,ㄧㄡˊ ㄧˊ ㄅㄨˋ ㄐㄩㄝˊ
游辭浮說,1,ㄧㄡˊ ㄘˊ ㄈㄨˊ ㄕㄨㄛ
游離輻射,1,ㄧㄡˊ ㄌㄧˊ ㄈㄨˊ ㄕㄜˋ
游頭浪子,1,ㄧㄡˊ ㄊㄡˊ ㄌㄤˋ ㄗˇ
游食之民,1,ㄧㄡˊ ㄕˊ ㄓ ㄇㄧㄣˊ
渺不可測,1,ㄇㄧㄠˇ ㄅㄨˋ ㄎㄜˇ ㄘㄜˋ
渺不相涉,1,ㄇㄧㄠˇ ㄅㄨˋ ㄒㄧㄤ ㄕㄜˋ
渺渺冥冥,1,ㄇㄧㄠˇ ㄇㄧㄠˇ ㄇㄧㄥˊ ㄇㄧㄥˊ
渺無聲息,1,ㄇㄧㄠˇ ㄨˊ ㄕㄥ ㄒㄧˊ
渾俗和光,1,ㄏㄨㄣˋ ㄙㄨˊ ㄏㄜˊ ㄍㄨㄤ
渾樸自然,1,ㄏㄨㄣˊ ㄆㄨˊ ㄗˋ ㄖㄢˊ
渾無罣礙,1,ㄏㄨㄣˊ ㄨˊ ㄍㄨㄚˋ ㄞˋ
渾然一體,1,ㄏㄨㄣˊ ㄖㄢˊ ㄧ ㄊㄧˇ
渾然不知,1,ㄏㄨㄣˊ ㄖㄢˊ ㄅㄨˋ ㄓ
渾然不覺,1,ㄏㄨㄣˊ ㄖㄢˊ ㄅㄨˋ ㄐㄩㄝˊ
渾然忘我,1,ㄏㄨㄣˊ ㄖㄢˊ ㄨㄤˋ ㄨㄛˇ
渾身無力,1,ㄏㄨㄣˊ ㄕㄣ ㄨˊ ㄌㄧˋ
渾身發軟,1,ㄏㄨㄣˊ ㄕㄣ ㄈㄚ ㄖㄨㄢˇ
渾身銅臭,1,ㄏㄨㄣˊ ㄕㄣ ㄊㄨㄥˊ ㄔㄡˋ
渾骨丫髻,1,ㄏㄨㄣˊ ㄍㄨˇ ㄧㄚ ㄐㄧˋ
湊四合六,1,ㄘㄡˋ ㄙˋ ㄏㄜˊ ㄌㄧㄡˋ
湎湎紛紛,1,ㄇㄧㄢˇ ㄇㄧㄢˇ ㄈㄣ ㄈㄣ
湔浣腸胃,1,ㄐㄧㄢ ㄏㄨㄢˇ ㄔㄤˊ ㄨㄟˋ
湖海之士,1,ㄏㄨˊ ㄏㄞˇ ㄓ ㄕˋ
湖海飄零,1,ㄏㄨˊ ㄏㄞˇ ㄆㄧㄠ ㄌㄧㄥˊ
湖濱散記,1,ㄏㄨˊ ㄅㄧㄣ ㄙㄢˇ ㄐㄧˋ
湖畔詩人,1,ㄏㄨˊ ㄆㄢˋ ㄕ ㄖㄣˊ
湮沒無聞,1,ㄧㄣ ㄇㄛˋ ㄨˊ ㄨㄣˊ
湯池鐵城,1,ㄊㄤ ㄔˊ ㄊㄧㄝˇ ㄔㄥˊ
湯湯水水,1,ㄊㄤ ㄊㄤ ㄕㄨㄟˇ ㄕㄨㄟˇ
湯燒火熱,1,ㄊㄤ ㄕㄠ ㄏㄨㄛˇ ㄖㄜˋ
湯風冒雪,1,ㄊㄤ ㄈㄥ ㄇㄠˋ ㄒㄩㄝˇ
源殊派異,1,ㄩㄢˊ ㄕㄨ ㄆㄞˋ ㄧˋ
源氏物語,1,ㄩㄢˊ ㄕˋ ㄨˋ ㄩˇ
源深流長,1,ㄩㄢˊ ㄕㄣ ㄌㄧㄡˊ ㄔㄤˊ
源清流淨,1,ㄩㄢˊ ㄑㄧㄥ ㄌㄧㄡˊ ㄐㄧㄥˋ
源清流清,1,ㄩㄢˊ ㄑㄧㄥ ㄌㄧㄡˊ ㄑㄧㄥ
源清流潔,1,ㄩㄢˊ ㄑㄧㄥ ㄌㄧㄡˊ ㄐㄧㄝˊ
溘然謝世,1,ㄎㄜˋ ㄖㄢˊ ㄒㄧㄝˋ ㄕˋ
溘然長逝,1,ㄎㄜˋ ㄖㄢˊ ㄔㄤˊ ㄕˋ
溜之乎也,1,ㄌㄧㄡ ㄓ ㄏㄨ ㄧㄝˇ
溜溜秋秋,1,ㄌㄧㄡ ㄌㄧㄡ˙ ㄑㄧㄡ ㄑㄧㄡ
溜門子的,1,ㄌㄧㄡ ㄇㄣˊ ㄗ˙ ㄉㄜ˙
溜鬚拍馬,1,ㄌㄧㄡ ㄒㄩ ㄆㄞ ㄇㄚˇ
溝通管道,1,ㄍㄡ ㄊㄨㄥ ㄍㄨㄢˇ ㄉㄠˋ
溥天同慶,1,ㄆㄨˇ ㄊㄧㄢ ㄊㄨㄥˊ ㄑㄧㄥˋ
溫和飲食,1,ㄨㄣ ㄏㄜˊ ㄧㄣˇ ㄕˊ
溫席扇枕,1,ㄨㄣ ㄒㄧˊ ㄕㄢ ㄓㄣˇ
溫帶氣旋,1,ㄨㄣ ㄉㄞˋ ㄑㄧˋ ㄒㄩㄢˋ
溫情主義,1,ㄨㄣ ㄑㄧㄥˊ ㄓㄨˇ ㄧˋ
溫文爾雅,1,ㄨㄣ ㄨㄣˊ ㄦˇ ㄧㄚˇ
溫潤如玉,1,ㄨㄣ ㄖㄨㄣˋ ㄖㄨˊ ㄩˋ
溫血動物,1,ㄨㄣ ㄒㄧㄝˇ ㄉㄨㄥˋ ㄨˋ
溫香豔玉,1,ㄨㄣ ㄒㄧㄤ ㄧㄢˋ ㄩˋ
溫香軟玉,1,ㄨㄣ ㄒㄧㄤ ㄖㄨㄢˇ ㄩˋ
溯流徂源,1,ㄙㄨˋ ㄌㄧㄡˊ ㄘㄨˊ ㄩㄢˊ
溯流從源,1,ㄙㄨˋ ㄌㄧㄡˊ ㄘㄨㄥˊ ㄩㄢˊ
溯流求源,1,ㄙㄨˋ ㄌㄧㄡˊ ㄑㄧㄡˊ ㄩㄢˊ
溯源窮流,1,ㄙㄨˋ ㄩㄢˊ ㄑㄩㄥˊ ㄌㄧㄡˊ
溶溶洩洩,1,ㄖㄨㄥˊ ㄖㄨㄥˊ ㄒㄧㄝˋ ㄒㄧㄝˋ
溶溶脈脈,1,ㄖㄨㄥˊ ㄖㄨㄥˊ ㄇㄞˋ ㄇㄞˋ
溶溶蕩蕩,1,ㄖㄨㄥˊ ㄖㄨㄥˊ ㄉㄤˋ ㄉㄤˋ
滄桑之變,1,ㄘㄤ ㄙㄤ ㄓ ㄅㄧㄢˋ
滄海一粟,1,ㄘㄤ ㄏㄞˇ ㄧ ㄙㄨˋ
滄海微塵,1,ㄘㄤ ㄏㄞˇ ㄨㄟˊ ㄔㄣˊ
滄海橫流,1,ㄘㄤ ㄏㄞˇ ㄏㄥˋ ㄌㄧㄡˊ
滅國弒君,1,ㄇㄧㄝˋ ㄍㄨㄛˊ ㄕˋ ㄐㄩㄣ
滅族之禍,1,ㄇㄧㄝˋ ㄗㄨˊ ㄓ ㄏㄨㄛˋ
滅此朝食,1,ㄇㄧㄝˋ ㄘˇ ㄓㄠ ㄕˊ
滅私奉公,1,ㄇㄧㄝˋ ㄙ ㄈㄥˋ ㄍㄨㄥ
滅罪修因,1,ㄇㄧㄝˋ ㄗㄨㄟˋ ㄒㄧㄡ ㄧㄣ
滅門絕戶,1,ㄇㄧㄝˋ ㄇㄣˊ ㄐㄩㄝˊ ㄏㄨˋ
滋蔓難圖,1,ㄗ ㄇㄢˋ ㄋㄢˊ ㄊㄨˊ
滌故更新,1,ㄉㄧˊ ㄍㄨˋ ㄍㄥ ㄒㄧㄣ
滌瑕蕩垢,1,ㄉㄧˊ ㄒㄧㄚˊ ㄉㄤˋ ㄍㄡˋ
滌瑕蕩穢,1,ㄉㄧˊ ㄒㄧㄚˊ ㄉㄤˋ ㄏㄨㄟˋ
滌穢蕩瑕,1,ㄉㄧˊ ㄏㄨㄟˋ ㄉㄤˋ ㄒㄧㄚˊ
滑不嘰溜,1,ㄏㄨㄚˊ ㄅㄨ˙ ㄐㄧ ㄌㄧㄡ
滑動關節,1,ㄏㄨㄚˊ ㄉㄨㄥˋ ㄍㄨㄢ ㄐㄧㄝˊ
滑板運動,1,ㄏㄨㄚˊ ㄅㄢˇ ㄩㄣˋ ㄉㄨㄥˋ
滑稽大鼓,1,ㄍㄨˇ ㄐㄧ ㄉㄚˋ ㄍㄨˇ
滑稽突梯,1,ㄍㄨˇ ㄐㄧ ㄊㄨˊ ㄊㄧ
滔天之罪,1,ㄊㄠ ㄊㄧㄢ ㄓ ㄗㄨㄟˋ
滔滔不斷,1,ㄊㄠ ㄊㄠ ㄅㄨˋ ㄉㄨㄢˋ
滔滔不盡,1,ㄊㄠ ㄊㄠ ㄅㄨˋ ㄐㄧㄣˋ
滔滔不竭,1,ㄊㄠ ㄊㄠ ㄅㄨˋ ㄐㄧㄝˊ
滔滔而至,1,ㄊㄠ ㄊㄠ ㄦˊ ㄓˋ
滔滔雄辯,1,ㄊㄠ ㄊㄠ ㄒㄩㄥˊ ㄅㄧㄢˋ
滕王閣序,1,ㄊㄥˊ ㄨㄤˊ ㄍㄜˊ ㄒㄩˋ
滕薛爭長,1,ㄊㄥˊ ㄒㄩㄝ ㄓㄥ ㄔㄤˊ
滯滯泥泥,1,ㄓˋ ㄓˋ ㄋㄧˋ ㄋㄧˋ
滴修都速,1,ㄉㄧ ㄒㄧㄡ ㄉㄨ ㄙㄨˋ
滴水不沾,1,ㄉㄧ ㄕㄨㄟˇ ㄅㄨˋ ㄓㄢ
滴水不漏,1,ㄉㄧ ㄕㄨㄟˇ ㄅㄨˋ ㄌㄡˋ
滴水成凍,1,ㄉㄧ ㄕㄨㄟˇ ㄔㄥˊ ㄉㄨㄥˋ
滴水未沾,1,ㄉㄧ ㄕㄨㄟˇ ㄨㄟˋ ㄓㄢ
滴水漏斗,1,ㄉㄧ ㄕㄨㄟˇ ㄌㄡˋ ㄉㄡˇ
滴溜溜撲,1,ㄉㄧ ㄌㄧㄡ ㄌㄧㄡ ㄆㄨ
滴滴打打,1,ㄉㄧ ㄉㄧ ㄉㄚˇ ㄉㄚˇ
滴滴蹬蹬,1,ㄉㄧ ㄉㄧ ㄉㄥˋ ㄉㄥˋ
滴滴鄧鄧,1,ㄉㄧ ㄉㄧ ㄉㄥˋ ㄉㄥˋ
滴粉搓酥,1,ㄉㄧ ㄈㄣˇ ㄘㄨㄛ ㄙㄨ
滴羞篤速,1,ㄉㄧ ㄒㄧㄡ ㄉㄨˇ ㄙㄨˋ
滴羞跌屑,1,ㄉㄧ ㄒㄧㄡ ㄉㄧㄝˊ ㄒㄧㄝˋ
滴羞蹀躞,1,ㄉㄧ ㄒㄧㄡ ㄉㄧㄝˊ ㄒㄧㄝˋ
滴羞都蘇,1,ㄉㄧ ㄒㄧㄡ ㄉㄨ ㄙㄨ
滴酒不沾,1,ㄉㄧ ㄐㄧㄡˇ ㄅㄨˋ ㄓㄢ
滴酒不飲,1,ㄉㄧ ㄐㄧㄡˇ ㄅㄨˋ ㄧㄣˇ
滴里嘟嚕,1,ㄉㄧ ㄌㄧ˙ ㄉㄨ ㄌㄨ
滴里搭拉,1,ㄉㄧ ㄌㄧ˙ ㄉㄚ ㄌㄚ
滴零搭拉,1,ㄉㄧ ㄌㄧㄥˊ ㄉㄚ ㄌㄚ
滾滾紅塵,1,ㄍㄨㄣˇ ㄍㄨㄣˇ ㄏㄨㄥˊ ㄔㄣˊ
滾滾蹡蹡,1,ㄍㄨㄣˇ ㄍㄨㄣ˙ ㄑㄧㄤ ㄑㄧㄤ
滾瓜溜圓,1,ㄍㄨㄣˇ ㄍㄨㄚ ㄌㄧㄡ ㄩㄢˊ
滾瓜爛熟,1,ㄍㄨㄣˇ ㄍㄨㄚ ㄌㄢˋ ㄕㄨˊ
滾翻運動,1,ㄍㄨㄣˇ ㄈㄢ ㄩㄣˋ ㄉㄨㄥˋ
滾車轍的,1,ㄍㄨㄣˇ ㄔㄜ ㄓㄜˊ ㄉㄜ˙
滿不在乎,1,ㄇㄢˇ ㄅㄨˋ ㄗㄞˋ ㄏㄨ˙
滿口應允,1,ㄇㄢˇ ㄎㄡˇ ㄧㄥˋ ㄩㄣˇ
滿口應承,1,ㄇㄢˇ ㄎㄡˇ ㄧㄥˋ ㄔㄥˊ
滿口胡柴,1,ㄇㄢˇ ㄎㄡˇ ㄏㄨˊ ㄔㄞˊ
滿地荊棘,1,ㄇㄢˇ ㄉㄧˋ ㄐㄧㄥ ㄐㄧˊ
滿山滿野,1,ㄇㄢˇ ㄕㄢ ㄇㄢˇ ㄧㄝˇ
滿布疑雲,1,ㄇㄢˇ ㄅㄨˋ ㄧˊ ㄩㄣˊ
滿座風生,1,ㄇㄢˇ ㄗㄨㄛˋ ㄈㄥ ㄕㄥ
滿心滿意,1,ㄇㄢˇ ㄒㄧㄣ ㄇㄢˇ ㄧˋ
滿心蒼涼,1,ㄇㄢˇ ㄒㄧㄣ ㄘㄤ ㄌㄧㄤˊ
滿應滿許,1,ㄇㄢˇ ㄧㄥˋ ㄇㄢˇ ㄒㄩˇ
滿打滿算,1,ㄇㄢˇ ㄉㄚˇ ㄇㄢˇ ㄙㄨㄢˋ
滿拚自盡,1,ㄇㄢˇ ㄆㄢˋ ㄗˋ ㄐㄧㄣˋ
滿有把握,1,ㄇㄢˇ ㄧㄡˇ ㄅㄚˇ ㄨㄛˋ
滿朝文武,1,ㄇㄢˇ ㄔㄠˊ ㄨㄣˊ ㄨˇ
滿滿當當,1,ㄇㄢˇ ㄇㄢˇ ㄉㄤ ㄉㄤ
滿滿登登,1,ㄇㄢˇ ㄇㄢˇ ㄉㄥ ㄉㄥ
滿目荊榛,1,ㄇㄢˇ ㄇㄨˋ ㄐㄧㄥ ㄓㄣ
滿目荒涼,1,ㄇㄢˇ ㄇㄨˋ ㄏㄨㄤ ㄌㄧㄤˊ
滿眼金星,1,ㄇㄢˇ ㄧㄢˇ ㄐㄧㄣ ㄒㄧㄥ
滿而不溢,1,ㄇㄢˇ ㄦˊ ㄅㄨˋ ㄧˋ
滿肚牢騷,1,ㄇㄢˇ ㄉㄨˋ ㄌㄠˊ ㄙㄠ
滿腔怒火,1,ㄇㄢˇ ㄑㄧㄤ ㄋㄨˋ ㄏㄨㄛˇ
滿腔熱忱,1,ㄇㄢˇ ㄑㄧㄤ ㄖㄜˋ ㄔㄣˊ
滿腹憂愁,1,ㄇㄢˇ ㄈㄨˋ ㄧㄡ ㄔㄡˊ
滿腹才學,1,ㄇㄢˇ ㄈㄨˋ ㄘㄞˊ ㄒㄩㄝˊ
滿腹狐疑,1,ㄇㄢˇ ㄈㄨˋ ㄏㄨˊ ㄧˊ
滿腹珠璣,1,ㄇㄢˇ ㄈㄨˋ ㄓㄨ ㄐㄧ
滿臉堆笑,1,ㄇㄢˇ ㄌㄧㄢˇ ㄉㄨㄟ ㄒㄧㄠˋ
滿臉濺朱,1,ㄇㄢˇ ㄌㄧㄢˇ ㄐㄧㄢˋ ㄓㄨ
滿臉通紅,1,ㄇㄢˇ ㄌㄧㄢˇ ㄊㄨㄥ ㄏㄨㄥˊ
滿臉飛紅,1,ㄇㄢˇ ㄌㄧㄢˇ ㄈㄟ ㄏㄨㄥˊ
滿舌生花,1,ㄇㄢˇ ㄕㄜˊ ㄕㄥ ㄏㄨㄚ
滿袖春風,1,ㄇㄢˇ ㄒㄧㄡˋ ㄔㄨㄣ ㄈㄥ
滿門抄斬,1,ㄇㄢˇ ㄇㄣˊ ㄔㄠ ㄓㄢˇ
滿面堆笑,1,ㄇㄢˇ ㄇㄧㄢˋ ㄉㄨㄟ ㄒㄧㄠˋ
滿面愁容,1,ㄇㄢˇ ㄇㄧㄢˋ ㄔㄡˊ ㄖㄨㄥˊ
滿面春生,1,ㄇㄢˇ ㄇㄧㄢˋ ㄔㄨㄣ ㄕㄥ
滿面生春,1,ㄇㄢˇ ㄇㄧㄢˋ ㄕㄥ ㄔㄨㄣ
滿面生花,1,ㄇㄢˇ ㄇㄧㄢˋ ㄕㄥ ㄏㄨㄚ
滿面紅脹,1,ㄇㄢˇ ㄇㄧㄢˋ ㄏㄨㄥˊ ㄓㄤˋ
滿面羞愧,1,ㄇㄢˇ ㄇㄧㄢˋ ㄒㄧㄡ ㄎㄨㄟˋ
滿面羞慚,1,ㄇㄢˇ ㄇㄧㄢˋ ㄒㄧㄡ ㄘㄢˊ
滿面通紅,1,ㄇㄢˇ ㄇㄧㄢˋ ㄊㄨㄥ ㄏㄨㄥˊ
滿面雪霜,1,ㄇㄢˇ ㄇㄧㄢˋ ㄒㄩㄝˇ ㄕㄨㄤ
滿面飛紅,1,ㄇㄢˇ ㄇㄧㄢˋ ㄈㄟ ㄏㄨㄥˊ
漁業氣象,1,ㄩˊ ㄧㄝˋ ㄑㄧˋ ㄒㄧㄤˋ
漁民團體,1,ㄩˊ ㄇㄧㄣˊ ㄊㄨㄢˊ ㄊㄧˇ
漁獵時代,1,ㄩˊ ㄌㄧㄝˋ ㄕˊ ㄉㄞˋ
漁經獵史,1,ㄩˊ ㄐㄧㄥ ㄌㄧㄝˋ ㄕˇ
漁陽摻撾,1,ㄩˊ ㄧㄤˊ ㄘㄢˋ ㄓㄨㄚ
漁陽鞞鼓,1,ㄩˊ ㄧㄤˊ ㄅㄧㄥˇ ㄍㄨˇ
漂母進食,1,ㄆㄧㄠˇ ㄇㄨˇ ㄐㄧㄣˋ ㄕˊ
漂母進飯,1,ㄆㄧㄠˇ ㄇㄨˇ ㄐㄧㄣˋ ㄈㄢˋ
漂蕩子弟,1,ㄆㄧㄠ ㄉㄤˋ ㄗˇ ㄉㄧˋ
漂零蓬斷,1,ㄆㄧㄠ ㄌㄧㄥˊ ㄆㄥˊ ㄉㄨㄢˋ
漆桶底脫,1,ㄑㄧ ㄊㄨㄥˇ ㄉㄧˇ ㄊㄨㄛ
漆身吞炭,1,ㄑㄧ ㄕㄣ ㄊㄨㄣ ㄊㄢˋ
漏刻之間,1,ㄌㄡˋ ㄎㄜˋ ㄓ ㄐㄧㄢ
漏春和尚,1,ㄌㄡˋ ㄔㄨㄣ ㄏㄜˊ ㄕㄤ˙
漏泄天機,1,ㄌㄡˋ ㄒㄧㄝˋ ㄊㄧㄢ ㄐㄧ
漏洞百出,1,ㄌㄡˋ ㄉㄨㄥˋ ㄅㄞˇ ㄔㄨ
漏洩春光,1,ㄌㄡˋ ㄒㄧㄝˋ ㄔㄨㄣ ㄍㄨㄤ
漏盡更闌,1,ㄌㄡˋ ㄐㄧㄣˋ ㄍㄥ ㄌㄢˊ
漏網游魚,1,ㄌㄡˋ ㄨㄤˇ ㄧㄡˊ ㄩˊ
漏脯充饑,1,ㄌㄡˋ ㄈㄨˇ ㄔㄨㄥ ㄐㄧ
漏虀搭菜,1,ㄌㄡˋ ㄐㄧ ㄉㄚ ㄘㄞˋ
漓漓拉拉,1,ㄌㄧˊ ㄌㄧˊ ㄌㄚ ㄌㄚ
演古勸今,1,ㄧㄢˇ ㄍㄨˇ ㄑㄩㄢˋ ㄐㄧㄣ
演武修文,1,ㄧㄢˇ ㄨˇ ㄒㄧㄡ ㄨㄣˊ
演算法則,1,ㄧㄢˇ ㄙㄨㄢˋ ㄈㄚˇ ㄗㄜˊ
演藝人員,1,ㄧㄢˇ ㄧˋ ㄖㄣˊ ㄩㄢˊ
漠然不動,1,ㄇㄛˋ ㄖㄢˊ ㄅㄨˋ ㄉㄨㄥˋ
漠然不覺,1,ㄇㄛˋ ㄖㄢˊ ㄅㄨˋ ㄐㄩㄝˊ
漠然不顧,1,ㄇㄛˋ ㄖㄢˊ ㄅㄨˋ ㄍㄨˋ
漠然置之,1,ㄇㄛˋ ㄖㄢˊ ㄓˋ ㄓ
漢光武帝,1,ㄏㄢˋ ㄍㄨㄤ ㄨˇ ㄉㄧˋ
漢壽亭侯,1,ㄏㄢˋ ㄕㄡˋ ㄊㄧㄥˊ ㄏㄡˊ
漢孔宙碑,1,ㄏㄢˋ ㄎㄨㄥˇ ㄓㄡˋ ㄅㄟ
漢字改革,1,ㄏㄢˋ ㄗˋ ㄍㄞˇ ㄍㄜˊ
漢官威儀,1,ㄏㄢˋ ㄍㄨㄢ ㄨㄟ ㄧˊ
漢宮秋月,1,ㄏㄢˋ ㄍㄨㄥ ㄑㄧㄡ ㄩㄝˋ
漢武故事,1,ㄏㄢˋ ㄨˇ ㄍㄨˋ ㄕˋ
漢皋解佩,1,ㄏㄢˋ ㄍㄠ ㄐㄧㄝˇ ㄆㄟˋ
漢禮器碑,1,ㄏㄢˋ ㄌㄧˇ ㄑㄧˋ ㄅㄟ
漢藏語系,1,ㄏㄢˋ ㄗㄤˋ ㄩˇ ㄒㄧˋ
漢陰抱甕,1,ㄏㄢˋ ㄧㄣ ㄅㄠˋ ㄨㄥˋ
漢隸字源,1,ㄏㄢˋ ㄌㄧˋ ㄗˋ ㄩㄢˊ
漢魏風骨,1,ㄏㄢˋ ㄨㄟˋ ㄈㄥ ㄍㄨˇ
漩渦星雲,1,ㄒㄩㄢˊ ㄨㄛ ㄒㄧㄥ ㄩㄣˊ
漫不經意,1,ㄇㄢˋ ㄅㄨˋ ㄐㄧㄥ ㄧˋ
漫地漫天,1,ㄇㄢˋ ㄉㄧˋ ㄇㄢˋ ㄊㄧㄢ
漫地風雪,1,ㄇㄢˋ ㄉㄧˋ ㄈㄥ ㄒㄩㄝˇ
漫天匝地,1,ㄇㄢˋ ㄊㄧㄢ ㄗㄚ ㄉㄧˋ
漫天塞地,1,ㄇㄢˋ ㄊㄧㄢ ㄙㄞ ㄉㄧˋ
漫天徹地,1,ㄇㄢˋ ㄊㄧㄢ ㄔㄜˋ ㄉㄧˋ
漫天漫地,1,ㄇㄢˋ ㄊㄧㄢ ㄇㄢˋ ㄉㄧˋ
漫天索價,1,ㄇㄢˋ ㄊㄧㄢ ㄙㄨㄛˇ ㄐㄧㄚˋ
漫天蓋地,1,ㄇㄢˋ ㄊㄧㄢ ㄍㄞˋ ㄉㄧˋ
漫天遍野,1,ㄇㄢˋ ㄊㄧㄢ ㄅㄧㄢˋ ㄧㄝˇ
漫天飛舞,1,ㄇㄢˋ ㄊㄧㄢ ㄈㄟ ㄨˇ
漫山塞野,1,ㄇㄢˋ ㄕㄢ ㄙㄜˋ ㄧㄝˇ
漫山越嶺,1,ㄇㄢˋ ㄕㄢ ㄩㄝˋ ㄌㄧㄥˇ
漫無目的,1,ㄇㄢˋ ㄨˊ ㄇㄨˋ ㄉㄧˋ
漫誕不稽,1,ㄇㄢˋ ㄉㄢˋ ㄅㄨˋ ㄐㄧ
漫頭一料,1,ㄇㄢˋ ㄊㄡˊ ㄧ ㄌㄧㄠˋ
漱流枕石,1,ㄕㄨˋ ㄌㄧㄡˊ ㄓㄣˋ ㄕˊ
漸有起色,1,ㄐㄧㄢˋ ㄧㄡˇ ㄑㄧˇ ㄙㄜˋ
漸漸之石,1,ㄐㄧㄢˋ ㄐㄧㄢˋ ㄓ ㄕˊ
漸至佳境,1,ㄐㄧㄢˋ ㄓˋ ㄐㄧㄚ ㄐㄧㄥˋ
漸趨式微,1,ㄐㄧㄢˋ ㄑㄩ ㄕˋ ㄨㄟˊ
漸通人事,1,ㄐㄧㄢˋ ㄊㄨㄥ ㄖㄣˊ ㄕˋ
漿酒藿肉,1,ㄐㄧㄤ ㄐㄧㄡˇ ㄏㄨㄛˋ ㄖㄡˋ
漿酒霍肉,1,ㄐㄧㄤ ㄐㄧㄡˇ ㄏㄨㄛˋ ㄖㄡˋ
潑丟潑養,1,ㄆㄛ ㄉㄧㄡ ㄆㄛ ㄧㄤˇ
潑出膽子,1,ㄆㄛ ㄔㄨ ㄉㄢˇ ㄗ˙
潑哭潑鬧,1,ㄆㄛ ㄎㄨ ㄆㄛ ㄋㄠˋ
潑墨人物,1,ㄆㄛ ㄇㄛˋ ㄖㄣˊ ㄨˋ
潑天也似,1,ㄆㄛ ㄊㄧㄢ ㄧㄝˇ ㄙˋ
潑天大膽,1,ㄆㄛ ㄊㄧㄢ ㄉㄚˋ ㄉㄢˇ
潑水難收,1,ㄆㄛ ㄕㄨㄟˇ ㄋㄢˊ ㄕㄡ
潑油救火,1,ㄆㄛ ㄧㄡˊ ㄐㄧㄡˋ ㄏㄨㄛˇ
潑潑剌剌,1,ㄆㄛ ㄆㄛ ㄌㄚˋ ㄌㄚˋ
潑潑撒撒,1,ㄆㄛ ㄆㄛ ㄙㄚˇ ㄙㄚˇ
潑皮無賴,1,ㄆㄛ ㄆㄧˊ ㄨˊ ㄌㄞˋ
潑皮賴虎,1,ㄆㄛ ㄆㄧˊ ㄌㄞˋ ㄏㄨˇ
潑聲浪嗓,1,ㄆㄛ ㄕㄥ ㄌㄤˋ ㄙㄤˇ
潑聲浪氣,1,ㄆㄛ ㄕㄥ ㄌㄤˋ ㄑㄧˋ
潑腳子貨,1,ㄆㄛ ㄐㄧㄠˇ ㄗ˙ ㄏㄨㄛˋ
潑賤煙花,1,ㄆㄛ ㄐㄧㄢˋ ㄧㄢ ㄏㄨㄚ
潔己奉公,1,ㄐㄧㄝˊ ㄐㄧˇ ㄈㄥˋ ㄍㄨㄥ
潔己愛人,1,ㄐㄧㄝˊ ㄐㄧˇ ㄞˋ ㄖㄣˊ
潔言汙行,1,ㄐㄧㄝˊ ㄧㄢˊ ㄨ ㄒㄧㄥˊ
潘他唑新,1,ㄆㄢ ㄊㄚ ㄗㄨㄛˋ ㄒㄧㄣ
潘安之貌,1,ㄆㄢ ㄢ ㄓ ㄇㄠˋ
潘安容儀,1,ㄆㄢ ㄢ ㄖㄨㄥˊ ㄧˊ
潘安白髮,1,ㄆㄢ ㄢ ㄅㄞˊ ㄈㄚˇ
潘岳白髮,1,ㄆㄢ ㄩㄝˋ ㄅㄞˊ ㄈㄚˇ
潘岳貌美,1,ㄆㄢ ㄩㄝˋ ㄇㄠˋ ㄇㄟˇ
潘岳鬢白,1,ㄆㄢ ㄩㄝˋ ㄅㄧㄣˋ ㄅㄞˊ
潘朵拉箱,1,ㄆㄢ ㄉㄨㄛˇ ㄌㄚ ㄒㄧㄤ
潘楊之睦,1,ㄆㄢ ㄧㄤˊ ㄓ ㄇㄨˋ
潘江陸海,1,ㄆㄢ ㄐㄧㄤ ㄌㄨˋ ㄏㄞˇ
潘郎車滿,1,ㄆㄢ ㄌㄤˊ ㄔㄜ ㄇㄢˇ
潘陸江海,1,ㄆㄢ ㄌㄨˋ ㄐㄧㄤ ㄏㄞˇ
潘鬢成霜,1,ㄆㄢ ㄅㄧㄣˋ ㄔㄥˊ ㄕㄨㄤ
潘鬢沈腰,1,ㄆㄢ ㄅㄧㄣˋ ㄕㄣˇ ㄧㄠ
潛伏分子,1,ㄑㄧㄢˊ ㄈㄨˊ ㄈㄣˋ ㄗˇ
潛伏感染,1,ㄑㄧㄢˊ ㄈㄨˊ ㄍㄢˇ ㄖㄢˇ
潛包禍謀,1,ㄑㄧㄢˊ ㄅㄠ ㄏㄨㄛˋ ㄇㄡˊ
潛圖問鼎,1,ㄑㄧㄢˊ ㄊㄨˊ ㄨㄣˋ ㄉㄧㄥˇ
潛在危機,1,ㄑㄧㄢˊ ㄗㄞˋ ㄨㄟˊ ㄐㄧ
潛山隱市,1,ㄑㄧㄢˊ ㄕㄢ ㄧㄣˇ ㄕˋ
潛形匿跡,1,ㄑㄧㄢˊ ㄒㄧㄥˊ ㄋㄧˋ ㄐㄧ
潛水炸彈,1,ㄑㄧㄢˊ ㄕㄨㄟˇ ㄓㄚˋ ㄉㄢˋ
潛潛等等,1,ㄑㄧㄢˊ ㄑㄧㄢˊ ㄉㄥˇ ㄉㄥˇ
潛盾工法,1,ㄑㄧㄢˊ ㄉㄨㄣˋ ㄍㄨㄥ ㄈㄚˇ
潛神默思,1,ㄑㄧㄢˊ ㄕㄣˊ ㄇㄛˋ ㄙ
潛神默記,1,ㄑㄧㄢˊ ㄕㄣˊ ㄇㄛˋ ㄐㄧˋ
潛移暗化,1,ㄑㄧㄢˊ ㄧˊ ㄢˋ ㄏㄨㄚˋ
潛移陰奪,1,ㄑㄧㄢˊ ㄧˊ ㄧㄣ ㄉㄨㄛˊ
潛移默奪,1,ㄑㄧㄢˊ ㄧˊ ㄇㄛˋ ㄉㄨㄛˊ
潛移默運,1,ㄑㄧㄢˊ ㄧˊ ㄇㄛˋ ㄩㄣˋ
潛蛟困鳳,1,ㄑㄧㄢˊ ㄐㄧㄠ ㄎㄨㄣˋ ㄈㄥˋ
潛蹤隱跡,1,ㄑㄧㄢˊ ㄗㄨㄥ ㄧㄣˇ ㄐㄧ
潛身遠禍,1,ㄑㄧㄢˊ ㄕㄣ ㄩㄢˇ ㄏㄨㄛˋ
潛身遠跡,1,ㄑㄧㄢˊ ㄕㄣ ㄩㄢˇ ㄐㄧ
潛身遠遁,1,ㄑㄧㄢˊ ㄕㄣ ㄩㄢˇ ㄉㄨㄣˋ
潛骸竄影,1,ㄑㄧㄢˊ ㄏㄞˊ ㄘㄨㄢˋ ㄧㄥˇ
潛龍伏虎,1,ㄑㄧㄢˊ ㄌㄨㄥˊ ㄈㄨˊ ㄏㄨˇ
潛龍勿用,1,ㄑㄧㄢˊ ㄌㄨㄥˊ ㄨˋ ㄩㄥˋ
潢池弄兵,1,ㄏㄨㄤˊ ㄔˊ ㄋㄨㄥˋ ㄅㄧㄥ
潢潦可薦,1,ㄏㄨㄤˊ ㄌㄧㄠˊ ㄎㄜˇ ㄐㄧㄢˋ
潤屋潤身,1,ㄖㄨㄣˋ ㄨ ㄖㄨㄣˋ ㄕㄣ
潦草塞責,1,ㄌㄧㄠˊ ㄘㄠˇ ㄙㄜˋ ㄗㄜˊ
潭祉叶吉,1,ㄊㄢˊ ㄓˇ ㄒㄧㄝˊ ㄐㄧˊ
潮力發電,1,ㄔㄠˊ ㄌㄧˋ ㄈㄚ ㄉㄧㄢˋ
潮汐預報,1,ㄔㄠˊ ㄒㄧˋ ㄩˋ ㄅㄠˋ
潯陽三隱,1,ㄒㄩㄣˊ ㄧㄤˊ ㄙㄢ ㄧㄣˇ
潸然淚下,1,ㄕㄢ ㄖㄢˊ ㄌㄟˋ ㄒㄧㄚˋ
澀剌剌的,1,ㄙㄜˋ ㄌㄚˋ ㄌㄚˋ ㄉㄜ˙
澄心堂紙,1,ㄔㄥˊ ㄒㄧㄣ ㄊㄤˊ ㄓˇ
澄思寂慮,1,ㄔㄥˊ ㄙ ㄐㄧˊ ㄌㄩˋ
澄清天下,1,ㄔㄥˊ ㄑㄧㄥ ㄊㄧㄢ ㄒㄧㄚˋ
澄源正本,1,ㄔㄥˊ ㄩㄢˊ ㄓㄥˋ ㄅㄣˇ
澄澹精致,1,ㄔㄥˊ ㄉㄢˋ ㄐㄧㄥ ㄓˋ
澆瓜之惠,1,ㄐㄧㄠ ㄍㄨㄚ ㄓ ㄏㄨㄟˋ
澆風薄俗,1,ㄐㄧㄠ ㄈㄥ ㄅㄛˊ ㄙㄨˊ
澠池之功,1,ㄇㄧㄣˇ ㄔˊ ㄓ ㄍㄨㄥ
澡身浴德,1,ㄗㄠˇ ㄕㄣ ㄩˋ ㄉㄜˊ
澤及枯骨,1,ㄗㄜˊ ㄐㄧˊ ㄎㄨ ㄍㄨˇ
澤深恩重,1,ㄗㄜˊ ㄕㄣ ㄣ ㄓㄨㄥˋ
澳大利亞,1,ㄠˋ ㄉㄚˋ ㄌㄧˋ ㄧㄚˋ
澳洲鱷魚,1,ㄠˋ ㄓㄡ ㄜˋ ㄩˊ
澶淵之盟,1,ㄔㄢˊ ㄩㄢ ㄓ ㄇㄥˊ
澹泊寡欲,1,ㄉㄢˋ ㄅㄛˊ ㄍㄨㄚˇ ㄩˋ
澹泊明志,1,ㄉㄢˋ ㄅㄛˊ ㄇㄧㄥˊ ㄓˋ
澹淡經營,1,ㄉㄢˋ ㄉㄢˋ ㄐㄧㄥ ㄧㄥˊ
澹臺滅明,1,ㄊㄢˊ ㄊㄞˊ ㄇㄧㄝˋ ㄇㄧㄥˊ
激光唱機,1,ㄐㄧ ㄍㄨㄤ ㄔㄤˋ ㄐㄧ
激光唱片,1,ㄐㄧ ㄍㄨㄤ ㄔㄤˋ ㄆㄧㄢˋ
激光視盤,1,ㄐㄧ ㄍㄨㄤ ㄕˋ ㄆㄢˊ
激忿填膺,1,ㄐㄧ ㄈㄣˋ ㄊㄧㄢˊ ㄧㄥ
激昂慷慨,1,ㄐㄧ ㄤˊ ㄎㄤ ㄎㄞˇ
激貪厲俗,1,ㄐㄧ ㄊㄢ ㄌㄧˋ ㄙㄨˊ
濁涇清渭,1,ㄓㄨㄛˊ ㄐㄧㄥ ㄑㄧㄥ ㄨㄟˋ
濁質凡姿,1,ㄓㄨㄛˊ ㄓˊ ㄈㄢˊ ㄗ
濁酒粗食,1,ㄓㄨㄛˊ ㄐㄧㄡˇ ㄘㄨ ㄕˊ
濁骨凡胎,1,ㄓㄨㄛˊ ㄍㄨˇ ㄈㄢˊ ㄊㄞ
濂洛關閩,1,ㄌㄧㄢˊ ㄌㄨㄛˋ ㄍㄨㄢ ㄇㄧㄣˊ
濃妝淡抹,1,ㄋㄨㄥˊ ㄓㄨㄤ ㄉㄢˋ ㄇㄛˇ
濃妝豔服,1,ㄋㄨㄥˊ ㄓㄨㄤ ㄧㄢˋ ㄈㄨˊ
濃妝豔裹,1,ㄋㄨㄥˊ ㄓㄨㄤ ㄧㄢˋ ㄍㄨㄛˇ
濃妝豔飾,1,ㄋㄨㄥˊ ㄓㄨㄤ ㄧㄢˋ ㄕˋ
濃抹淡妝,1,ㄋㄨㄥˊ ㄇㄛˇ ㄉㄢˋ ㄓㄨㄤ
濃桃豔李,1,ㄋㄨㄥˊ ㄊㄠˊ ㄧㄢˋ ㄌㄧˇ
濃雲密布,1,ㄋㄨㄥˊ ㄩㄣˊ ㄇㄧˋ ㄅㄨˋ
濛昧不清,1,ㄇㄥˊ ㄇㄟˋ ㄅㄨˋ ㄑㄧㄥ
濟世之才,1,ㄐㄧˋ ㄕˋ ㄓ ㄘㄞˊ
濟世匡時,1,ㄐㄧˋ ㄕˋ ㄎㄨㄤ ㄕˊ
濟世安人,1,ㄐㄧˋ ㄕˋ ㄢ ㄖㄣˊ
濟世安民,1,ㄐㄧˋ ㄕˋ ㄢ ㄇㄧㄣˊ
濟世安邦,1,ㄐㄧˋ ㄕˋ ㄢ ㄅㄤ
濟世愛民,1,ㄐㄧˋ ㄕˋ ㄞˋ ㄇㄧㄣˊ
濟世救人,1,ㄐㄧˋ ㄕˋ ㄐㄧㄡˋ ㄖㄣˊ
濟世經邦,1,ㄐㄧˋ ㄕˋ ㄐㄧㄥ ㄅㄤ
濟人利物,1,ㄐㄧˋ ㄖㄣˊ ㄌㄧˋ ㄨˋ
濟勝之具,1,ㄐㄧˋ ㄕㄥˋ ㄓ ㄐㄩˋ
濟困扶危,1,ㄐㄧˋ ㄎㄨㄣˋ ㄈㄨˊ ㄨㄟˊ
濟寒賑貧,1,ㄐㄧˋ ㄏㄢˊ ㄓㄣˋ ㄆㄧㄣˊ
濟弱扶危,1,ㄐㄧˋ ㄖㄨㄛˋ ㄈㄨˊ ㄨㄟˊ
濟弱鋤強,1,ㄐㄧˋ ㄖㄨㄛˋ ㄔㄨˊ ㄑㄧㄤˊ
濟時拯世,1,ㄐㄧˋ ㄕˊ ㄓㄥˇ ㄕˋ
濟時行道,1,ㄐㄧˋ ㄕˊ ㄒㄧㄥˊ ㄉㄠˋ
濟河焚舟,1,ㄐㄧˋ ㄏㄜˊ ㄈㄣˊ ㄓㄡ
濟濟一堂,1,ㄐㄧˇ ㄐㄧˇ ㄧ ㄊㄤˊ
濟濟彬彬,1,ㄐㄧˇ ㄐㄧˇ ㄅㄧㄣ ㄅㄧㄣ
濟濟鏘鏘,1,ㄐㄧˇ ㄐㄧˇ ㄑㄧㄤ ㄑㄧㄤ
濟苦憐貧,1,ㄐㄧˋ ㄎㄨˇ ㄌㄧㄢˊ ㄆㄧㄣˊ
濟貧拔苦,1,ㄐㄧˋ ㄆㄧㄣˊ ㄅㄚˊ ㄎㄨˇ
濠濮間想,1,ㄏㄠˊ ㄆㄨˊ ㄐㄧㄢ ㄒㄧㄤˇ
濡沫涸轍,1,ㄖㄨˊ ㄇㄛˋ ㄏㄜˊ ㄔㄜˋ
濤生雲滅,1,ㄊㄠˊ ㄕㄥ ㄩㄣˊ ㄇㄧㄝˋ
濫吃濫用,1,ㄌㄢˋ ㄔ ㄌㄢˋ ㄩㄥˋ
濫吏贓官,1,ㄌㄢˋ ㄌㄧˋ ㄗㄤ ㄍㄨㄢ
濫官汙吏,1,ㄌㄢˋ ㄍㄨㄢ ㄨ ㄌㄧˋ
濮上之音,1,ㄆㄨˊ ㄕㄤˋ ㄓ ㄧㄣ
濮上桑間,1,ㄆㄨˊ ㄕㄤˋ ㄙㄤ ㄐㄧㄢ
濯汙揚清,1,ㄓㄨㄛˊ ㄨ ㄧㄤˊ ㄑㄧㄥ
濯濯牛山,1,ㄓㄨㄛˊ ㄓㄨㄛˊ ㄋㄧㄡˊ ㄕㄢ
濯纓彈冠,1,ㄓㄨㄛˊ ㄧㄥ ㄊㄢˊ ㄍㄨㄢ
濯纓洗耳,1,ㄓㄨㄛˊ ㄧㄥ ㄒㄧˇ ㄦˇ
濯纓滄浪,1,ㄓㄨㄛˊ ㄧㄥ ㄘㄤ ㄌㄤˊ
濯纓濯足,1,ㄓㄨㄛˊ ㄧㄥ ㄓㄨㄛˊ ㄗㄨˊ
濯足滄浪,1,ㄓㄨㄛˊ ㄗㄨˊ ㄘㄤ ㄌㄤˊ
濾過作用,1,ㄌㄩˋ ㄍㄨㄛˋ ㄗㄨㄛˋ ㄩㄥˋ
瀋海鐵路,1,ㄕㄣˇ ㄏㄞˇ ㄊㄧㄝˇ ㄌㄨˋ
瀛奎律髓,1,ㄧㄥˊ ㄎㄨㄟˊ ㄌㄩˋ ㄙㄨㄟˇ
瀛洲玉雨,1,ㄧㄥˊ ㄓㄡ ㄩˋ ㄩˇ
瀝瀝淅淅,1,ㄌㄧˋ ㄌㄧˋ ㄒㄧ ㄒㄧ
瀝膽墮肝,1,ㄌㄧˋ ㄉㄢˇ ㄉㄨㄛˋ ㄍㄢ
瀝膽披肝,1,ㄌㄧˋ ㄉㄢˇ ㄆㄧ ㄍㄢ
瀝膽抽腸,1,ㄌㄧˋ ㄉㄢˇ ㄔㄡ ㄔㄤˊ
瀝血之仇,1,ㄌㄧˋ ㄒㄩㄝˋ ㄓ ㄔㄡˊ
瀝血以誓,1,ㄌㄧˋ ㄒㄩㄝˋ ㄧˇ ㄕˋ
瀝血叩心,1,ㄌㄧˋ ㄒㄩㄝˋ ㄎㄡˋ ㄒㄧㄣ
瀟湘八景,1,ㄒㄧㄠ ㄒㄧㄤ ㄅㄚ ㄐㄧㄥˇ
瀟瀟淅淅,1,ㄒㄧㄠ ㄒㄧㄠ ㄒㄧ ㄒㄧ
瀟瀟颯颯,1,ㄒㄧㄠ ㄒㄧㄠ ㄙㄚˋ ㄙㄚˋ
瀟灑自若,1,ㄒㄧㄠ ㄙㄚˇ ㄗˋ ㄖㄨㄛˋ
瀟灑風流,1,ㄒㄧㄠ ㄙㄚˇ ㄈㄥ ㄌㄧㄡˊ
瀨戶內海,1,ㄌㄞˋ ㄏㄨˋ ㄋㄟˋ ㄏㄞˇ
瀰山遍野,1,ㄇㄧˊ ㄕㄢ ㄅㄧㄢˋ ㄧㄝˇ
灌口二郎,1,ㄍㄨㄢˋ ㄎㄡˇ ㄦˋ ㄌㄤˊ
灌園食力,1,ㄍㄨㄢˋ ㄩㄢˊ ㄕˊ ㄌㄧˋ
灌夫罵坐,1,ㄍㄨㄢˋ ㄈㄨ ㄇㄚˋ ㄗㄨㄛˋ
灌瓜之義,1,ㄍㄨㄢˋ ㄍㄨㄚ ㄓ ㄧˋ
灞陵呵夜,1,ㄅㄚˋ ㄌㄧㄥˊ ㄏㄜ ㄧㄝˋ
灞陵夜獵,1,ㄅㄚˋ ㄌㄧㄥˊ ㄧㄝˋ ㄌㄧㄝˋ
灞陵醉尉,1,ㄅㄚˋ ㄌㄧㄥˊ ㄗㄨㄟˋ ㄨㄟˋ
火上弄冰,1,ㄏㄨㄛˇ ㄕㄤˋ ㄋㄨㄥˋ ㄅㄧㄥ
火上添油,1,ㄏㄨㄛˇ ㄕㄤˋ ㄊㄧㄢ ㄧㄡˊ
火上澆油,1,ㄏㄨㄛˇ ㄕㄤˋ ㄐㄧㄠ ㄧㄡˊ
火光迸濺,1,ㄏㄨㄛˇ ㄍㄨㄤ ㄅㄥˋ ㄐㄧㄢˋ
火居道士,1,ㄏㄨㄛˇ ㄐㄩ ㄉㄠˋ ㄕˋ
火山作用,1,ㄏㄨㄛˇ ㄕㄢ ㄗㄨㄛˋ ㄩㄥˋ
火山孝子,1,ㄏㄨㄛˇ ㄕㄢ ㄒㄧㄠˋ ㄗˇ
火山湯海,1,ㄏㄨㄛˇ ㄕㄢ ㄊㄤ ㄏㄞˇ
火工道人,1,ㄏㄨㄛˇ ㄍㄨㄥ ㄉㄠˋ ㄖㄣˊ
火帝真君,1,ㄏㄨㄛˇ ㄉㄧˋ ㄓㄣ ㄐㄩㄣ
火德星君,1,ㄏㄨㄛˇ ㄉㄜˊ ㄒㄧㄥ ㄐㄩㄣ
火性強陽,1,ㄏㄨㄛˇ ㄒㄧㄥˋ ㄑㄧㄤˊ ㄧㄤˊ
火染旛竿,1,ㄏㄨㄛˇ ㄖㄢˇ ㄈㄢ ㄍㄢ
火樹琪花,1,ㄏㄨㄛˇ ㄕㄨˋ ㄑㄧˊ ㄏㄨㄚ
火浣布衫,1,ㄏㄨㄛˇ ㄏㄨㄢˇ ㄅㄨˋ ㄕㄢ
火海刀山,1,ㄏㄨㄛˇ ㄏㄞˇ ㄉㄠ ㄕㄢ
火滅煙消,1,ㄏㄨㄛˇ ㄇㄧㄝˋ ㄧㄢ ㄒㄧㄠ
火災損失,1,ㄏㄨㄛˇ ㄗㄞ ㄙㄨㄣˇ ㄕ
火災消防,1,ㄏㄨㄛˇ ㄗㄞ ㄒㄧㄠ ㄈㄤˊ
火焦火辣,1,ㄏㄨㄛˇ ㄐㄧㄠ ㄏㄨㄛˇ ㄌㄚˋ
火然泉達,1,ㄏㄨㄛˇ ㄖㄢˊ ㄑㄩㄢˊ ㄉㄚˊ
火熱水深,1,ㄏㄨㄛˇ ㄖㄜˋ ㄕㄨㄟˇ ㄕㄣ
火燒屁股,1,ㄏㄨㄛˇ ㄕㄠ ㄆㄧˋ ㄍㄨˇ
火燒火燎,1,ㄏㄨㄛˇ ㄕㄠ ㄏㄨㄛˇ ㄌㄧㄠˋ
火燒祆廟,1,ㄏㄨㄛˇ ㄕㄠ ㄒㄧㄢ ㄇㄧㄠˋ
火牌令箭,1,ㄏㄨㄛˇ ㄆㄞˊ ㄌㄧㄥˋ ㄐㄧㄢˋ
火紙筒子,1,ㄏㄨㄛˇ ㄓˇ ㄊㄨㄥˇ ㄗ˙
火耕水種,1,ㄏㄨㄛˇ ㄍㄥ ㄕㄨㄟˇ ㄓㄨㄥˋ
火耕水耨,1,ㄏㄨㄛˇ ㄍㄥ ㄕㄨㄟˇ ㄋㄡˋ
火耕流種,1,ㄏㄨㄛˇ ㄍㄥ ㄌㄧㄡˊ ㄓㄨㄥˋ
火耨刀耕,1,ㄏㄨㄛˇ ㄋㄡˋ ㄉㄠ ㄍㄥ
火花試驗,1,ㄏㄨㄛˇ ㄏㄨㄚ ㄕˋ ㄧㄢˋ
火裡火發,1,ㄏㄨㄛˇ ㄌㄧˇ ㄏㄨㄛˇ ㄈㄚ
灰不溜丟,1,ㄏㄨㄟ ㄅㄨˋ ㄌㄧㄡ ㄉㄧㄡ
灰度等級,1,ㄏㄨㄟ ㄉㄨˋ ㄉㄥˇ ㄐㄧˊ
灰心喪意,1,ㄏㄨㄟ ㄒㄧㄣ ㄙㄤˋ ㄧˋ
灰心槁形,1,ㄏㄨㄟ ㄒㄧㄣ ㄍㄠˇ ㄒㄧㄥˊ
灰身粉骨,1,ㄏㄨㄟ ㄕㄣ ㄈㄣˇ ㄍㄨˇ
灰軀糜骨,1,ㄏㄨㄟ ㄑㄩ ㄇㄧˊ ㄍㄨˇ
灰頭土面,1,ㄏㄨㄟ ㄊㄡˊ ㄊㄨˇ ㄇㄧㄢˋ
灰頭草面,1,ㄏㄨㄟ ㄊㄡˊ ㄘㄠˇ ㄇㄧㄢˋ
灶上騷除,1,ㄗㄠˋ ㄕㄤˋ ㄙㄠ ㄔㄨˊ
灼背燒頂,1,ㄓㄨㄛˊ ㄅㄟˋ ㄕㄠ ㄉㄧㄥˇ
灼艾分痛,1,ㄓㄨㄛˊ ㄞˋ ㄈㄣ ㄊㄨㄥˋ
灼見真知,1,ㄓㄨㄛˊ ㄐㄧㄢˋ ㄓㄣ ㄓ
災害救濟,1,ㄗㄞ ㄏㄞˋ ㄐㄧㄡˋ ㄐㄧˋ
災梨禍棗,1,ㄗㄞ ㄌㄧˊ ㄏㄨㄛˋ ㄗㄠˇ
炊沙成飯,1,ㄔㄨㄟ ㄕㄚ ㄔㄥˊ ㄈㄢˋ
炊沙鏤冰,1,ㄔㄨㄟ ㄕㄚ ㄌㄡˋ ㄅㄧㄥ
炊砂作飯,1,ㄔㄨㄟ ㄕㄚ ㄗㄨㄛˋ ㄈㄢˋ
炊臼之夢,1,ㄔㄨㄟ ㄐㄧㄡˋ ㄓ ㄇㄥˋ
炊臼之戚,1,ㄔㄨㄟ ㄐㄧㄡˋ ㄓ ㄑㄧ
炊金爨玉,1,ㄔㄨㄟ ㄐㄧㄣ ㄘㄨㄢˋ ㄩˋ
炊骨易子,1,ㄔㄨㄟ ㄍㄨˇ ㄧˋ ㄗˇ
炊骨爨骸,1,ㄔㄨㄟ ㄍㄨˇ ㄘㄨㄢˋ ㄏㄞˊ
炎涼世態,1,ㄧㄢˊ ㄌㄧㄤˊ ㄕˋ ㄊㄞˋ
炎精之數,1,ㄧㄢˊ ㄐㄧㄥ ㄓ ㄕㄨˋ
炎陽炙人,1,ㄧㄢˊ ㄧㄤˊ ㄓˋ ㄖㄣˊ
炒麵塊子,1,ㄔㄠˇ ㄇㄧㄢˋ ㄎㄨㄞˋ ㄗ˙
炕上地下,1,ㄎㄤˋ ㄕㄤ˙ ㄉㄧˋ ㄒㄧㄚ˙
炕上安鍋,1,ㄎㄤˋ ㄕㄤˋ ㄢ ㄍㄨㄛ
炕頭子貨,1,ㄎㄤˋ ㄊㄡˊ ㄗ˙ ㄏㄨㄛˋ
炙冰使燥,1,ㄓˋ ㄅㄧㄥ ㄕˇ ㄗㄠˋ
炙膚皸足,1,ㄓˋ ㄈㄨ ㄐㄩㄣ ㄗㄨˊ
炙雞漬酒,1,ㄓˋ ㄐㄧ ㄗˋ ㄐㄧㄡˇ
炙鳳烹龍,1,ㄓˋ ㄈㄥˋ ㄆㄥ ㄌㄨㄥˊ
炫晝縞夜,1,ㄒㄩㄢˋ ㄓㄡˋ ㄍㄠˇ ㄧㄝˋ
炫異爭奇,1,ㄒㄩㄢˋ ㄧˋ ㄓㄥ ㄑㄧˊ
炮火連天,1,ㄆㄠˋ ㄏㄨㄛˇ ㄌㄧㄢˊ ㄊㄧㄢ
炮鳳烹龍,1,ㄆㄠˊ ㄈㄥˋ ㄆㄥ ㄌㄨㄥˊ
炮鳳煮龍,1,ㄆㄠˊ ㄈㄥˋ ㄓㄨˇ ㄌㄨㄥˊ
炮龍烹鳳,1,ㄆㄠˊ ㄌㄨㄥˊ ㄆㄥ ㄈㄥˋ
炯炯有光,1,ㄐㄩㄥˇ ㄐㄩㄥˇ ㄧㄡˇ ㄍㄨㄤ
炰鳳烹龍,1,ㄆㄠˊ ㄈㄥˋ ㄆㄥ ㄌㄨㄥˊ
炳如日星,1,ㄅㄧㄥˇ ㄖㄨˊ ㄖˋ ㄒㄧㄥ
炳炳烺烺,1,ㄅㄧㄥˇ ㄅㄧㄥˇ ㄌㄤˇ ㄌㄤˇ
炳炳鑿鑿,1,ㄅㄧㄥˇ ㄅㄧㄥˇ ㄗㄨㄛˋ ㄗㄨㄛˋ
炳炳麟麟,1,ㄅㄧㄥˇ ㄅㄧㄥˇ ㄌㄧㄣˊ ㄌㄧㄣˊ
炳燭之明,1,ㄅㄧㄥˇ ㄓㄨˊ ㄓ ㄇㄧㄥˊ
炳燭夜遊,1,ㄅㄧㄥˇ ㄓㄨˊ ㄧㄝˋ ㄧㄡˊ
炳若日星,1,ㄅㄧㄥˇ ㄖㄨㄛˋ ㄖˋ ㄒㄧㄥ
為主作倡,1,ㄨㄟˊ ㄓㄨˇ ㄗㄨㄛˋ ㄔㄤˋ
為人為徹,1,ㄨㄟˋ ㄖㄣˊ ㄨㄟˋ ㄔㄜˋ
為人行事,1,ㄨㄟˊ ㄖㄣˊ ㄒㄧㄥˊ ㄕˋ
為人解圍,1,ㄨㄟˋ ㄖㄣˊ ㄐㄧㄝˇ ㄨㄟˊ
為仁不富,1,ㄨㄟˊ ㄖㄣˊ ㄅㄨˋ ㄈㄨˋ
為叢敺雀,1,ㄨㄟˋ ㄘㄨㄥˊ ㄑㄩ ㄑㄩㄝˋ
為叢驅雀,1,ㄨㄟˋ ㄘㄨㄥˊ ㄑㄩ ㄑㄩㄝˋ
為國為民,1,ㄨㄟˋ ㄍㄨㄛˊ ㄨㄟˋ ㄇㄧㄣˊ
為好成歉,1,ㄨㄟˊ ㄏㄠˇ ㄔㄥˊ ㄑㄧㄢˋ
為小失大,1,ㄨㄟˋ ㄒㄧㄠˇ ㄕ ㄉㄚˋ
為德不卒,1,ㄨㄟˊ ㄉㄜˊ ㄅㄨˋ ㄗㄨˊ
為情造文,1,ㄨㄟˋ ㄑㄧㄥˊ ㄗㄠˋ ㄨㄣˊ
為惡不悛,1,ㄨㄟˊ ㄜˋ ㄅㄨˋ ㄑㄩㄢ
為民除患,1,ㄨㄟˋ ㄇㄧㄣˊ ㄔㄨˊ ㄏㄨㄢˋ
為法自弊,1,ㄨㄟˊ ㄈㄚˇ ㄗˋ ㄅㄧˋ
為淵敺魚,1,ㄨㄟˋ ㄩㄢ ㄑㄩ ㄩˊ
為虎傅翼,1,ㄨㄟˋ ㄏㄨˇ ㄈㄨˋ ㄧˋ
為虎添翼,1,ㄨㄟˋ ㄏㄨˇ ㄊㄧㄢ ㄧˋ
為蛇添足,1,ㄨㄟˋ ㄕㄜˊ ㄊㄧㄢ ㄗㄨˊ
為蛇畫足,1,ㄨㄟˋ ㄕㄜˊ ㄏㄨㄚˋ ㄗㄨˊ
為裘為箕,1,ㄨㄟˊ ㄑㄧㄡˊ ㄨㄟˊ ㄐㄧ
為難之處,1,ㄨㄟˊ ㄋㄢˊ ㄓ ㄔㄨˋ
為頭把腦,1,ㄨㄟˊ ㄊㄡˊ ㄅㄚˇ ㄋㄠˇ
為鬼為蜮,1,ㄨㄟˊ ㄍㄨㄟˇ ㄨㄟˊ ㄩˋ
為鬼為魅,1,ㄨㄟˊ ㄍㄨㄟˇ ㄨㄟˊ ㄇㄟˋ
烈士徇名,1,ㄌㄧㄝˋ ㄕˋ ㄒㄩㄣˋ ㄇㄧㄥˊ
烈火乾柴,1,ㄌㄧㄝˋ ㄏㄨㄛˇ ㄍㄢ ㄔㄞˊ
烈火真金,1,ㄌㄧㄝˋ ㄏㄨㄛˇ ㄓㄣ ㄐㄧㄣ
烈火轟雷,1,ㄌㄧㄝˋ ㄏㄨㄛˇ ㄏㄨㄥ ㄌㄟˊ
烈烈轟轟,1,ㄌㄧㄝˋ ㄌㄧㄝˋ ㄏㄨㄥ ㄏㄨㄥ
烏之雌雄,1,ㄨ ㄓ ㄘ ㄒㄩㄥˊ
烏合之卒,1,ㄨ ㄏㄜˊ ㄓ ㄗㄨˊ
烏天黑地,1,ㄨ ㄊㄧㄢ ㄏㄟ ㄉㄧˋ
烏拉圭河,1,ㄨ ㄌㄚ ㄍㄨㄟ ㄏㄜˊ
烏有先生,1,ㄨ ㄧㄡˇ ㄒㄧㄢ ㄕㄥ
烏白馬角,1,ㄨ ㄅㄞˊ ㄇㄚˇ ㄐㄧㄠˇ
烏舅金奴,1,ㄨ ㄐㄧㄡˋ ㄐㄧㄣ ㄋㄨˊ
烏衣子弟,1,ㄨ ㄧ ㄗˇ ㄉㄧˋ
烏雲密布,1,ㄨ ㄩㄣˊ ㄇㄧˋ ㄅㄨˋ
烏雲著頂,1,ㄨ ㄩㄣˊ ㄓㄨㄛˊ ㄉㄧㄥˇ
烏雲蔽日,1,ㄨ ㄩㄣˊ ㄅㄧˋ ㄖˋ
烏飛兔走,1,ㄨ ㄈㄟ ㄊㄨˋ ㄗㄡˇ
烏鳥之情,1,ㄨ ㄋㄧㄠˇ ㄓ ㄑㄧㄥˊ
烏鳥私情,1,ㄨ ㄋㄧㄠˇ ㄙ ㄑㄧㄥˊ
烏鴉閃蛋,1,ㄨ ㄧㄚ ㄕㄢˇ ㄉㄢˋ
烏鵲成橋,1,ㄨ ㄑㄩㄝˋ ㄔㄥˊ ㄑㄧㄠˊ
烏鵲通巢,1,ㄨ ㄑㄩㄝˋ ㄊㄨㄥ ㄔㄠˊ
烏龜亡八,1,ㄨ ㄍㄨㄟ ㄨㄤˊ ㄅㄚ
烜赫一時,1,ㄒㄩㄢˇ ㄏㄜˋ ㄧ ㄕˊ
烹犬藏弓,1,ㄆㄥ ㄑㄩㄢˇ ㄘㄤˊ ㄍㄨㄥ
烹飪鼎鼐,1,ㄆㄥ ㄖㄣˋ ㄉㄧㄥˇ ㄋㄞˋ
烹龍炮鳳,1,ㄆㄥ ㄌㄨㄥˊ ㄆㄠˊ ㄈㄥˋ
烹龍煮鳳,1,ㄆㄥ ㄌㄨㄥˊ ㄓㄨˇ ㄈㄥˋ
烽火相連,1,ㄈㄥ ㄏㄨㄛˇ ㄒㄧㄤ ㄌㄧㄢˊ
烽火連天,1,ㄈㄥ ㄏㄨㄛˇ ㄌㄧㄢˊ ㄊㄧㄢ
焊接材料,1,ㄏㄢˋ ㄐㄧㄝ ㄘㄞˊ ㄌㄧㄠˋ
焊接藝術,1,ㄏㄢˋ ㄐㄧㄝ ㄧˋ ㄕㄨˋ
焚如之刑,1,ㄈㄣˊ ㄖㄨˊ ㄓ ㄒㄧㄥˊ
焚如之禍,1,ㄈㄣˊ ㄖㄨˊ ㄓ ㄏㄨㄛˋ
焚屍揚灰,1,ㄈㄣˊ ㄕ ㄧㄤˊ ㄏㄨㄟ
焚林之求,1,ㄈㄣˊ ㄌㄧㄣˊ ㄓ ㄑㄧㄡˊ
焚林而田,1,ㄈㄣˊ ㄌㄧㄣˊ ㄦˊ ㄊㄧㄢˊ
焚林而畋,1,ㄈㄣˊ ㄌㄧㄣˊ ㄦˊ ㄊㄧㄢˊ
焚舟破釜,1,ㄈㄣˊ ㄓㄡ ㄆㄛˋ ㄈㄨˇ
焚芝鋤蕙,1,ㄈㄣˊ ㄓ ㄔㄨˊ ㄏㄨㄟˋ
焚香頂禮,1,ㄈㄣˊ ㄒㄧㄤ ㄉㄧㄥˇ ㄌㄧˇ
焚骨揚灰,1,ㄈㄣˊ ㄍㄨˇ ㄧㄤˊ ㄏㄨㄟ
無一不備,1,ㄨˊ ㄧ ㄅㄨˋ ㄅㄟˋ
無一倖免,1,ㄨˊ ㄧ ㄒㄧㄥˋ ㄇㄧㄢˇ
無下箸處,1,ㄨˊ ㄒㄧㄚˋ ㄓㄨˋ ㄔㄨˋ
無了無休,1,ㄨˊ ㄌㄧㄠˇ ㄨˊ ㄒㄧㄡ
無事生風,1,ㄨˊ ㄕˋ ㄕㄥ ㄈㄥ
無人之地,1,ㄨˊ ㄖㄣˊ ㄓ ㄉㄧˋ
無人之境,1,ㄨˊ ㄖㄣˊ ㄓ ㄐㄧㄥˋ
無人作主,1,ㄨˊ ㄖㄣˊ ㄗㄨㄛˋ ㄓㄨˇ
無人問津,1,ㄨˊ ㄖㄣˊ ㄨㄣˋ ㄐㄧㄣ
無人銀行,1,ㄨˊ ㄖㄣˊ ㄧㄣˊ ㄏㄤˊ
無人飛機,1,ㄨˊ ㄖㄣˊ ㄈㄟ ㄐㄧ
無以名之,1,ㄨˊ ㄧˇ ㄇㄧㄥˊ ㄓ
無以塞責,1,ㄨˊ ㄧˇ ㄙㄜˋ ㄗㄜˊ
無以為敬,1,ㄨˊ ㄧˇ ㄨㄟˊ ㄐㄧㄥˋ
無以自容,1,ㄨˊ ㄧˇ ㄗˋ ㄖㄨㄥˊ
無任之祿,1,ㄨˊ ㄖㄣˋ ㄓ ㄌㄨˋ
無信不立,1,ㄨˊ ㄒㄧㄣˋ ㄅㄨˋ ㄌㄧˋ
無偏無倚,1,ㄨˊ ㄆㄧㄢ ㄨˊ ㄧˇ
無偏無陂,1,ㄨˊ ㄆㄧㄢ ㄨˊ ㄆㄧˊ
無償契約,1,ㄨˊ ㄔㄤˊ ㄑㄧˋ ㄩㄝ
無冬無夏,1,ㄨˊ ㄉㄨㄥ ㄨˊ ㄒㄧㄚˋ
無功而祿,1,ㄨˊ ㄍㄨㄥ ㄦˊ ㄌㄨˋ
無勢可乘,1,ㄨˊ ㄕˋ ㄎㄜˇ ㄔㄥˊ
無千大萬,1,ㄨˊ ㄑㄧㄢ ㄉㄚˋ ㄨㄢˋ
無千帶數,1,ㄨˊ ㄑㄧㄢ ㄉㄞˋ ㄕㄨˋ
無千無萬,1,ㄨˊ ㄑㄧㄢ ㄨˊ ㄨㄢˋ
無印良品,1,ㄨˊ ㄧㄣˋ ㄌㄧㄤˊ ㄆㄧㄣˇ
無可不可,1,ㄨˊ ㄎㄜˇ ㄅㄨˋ ㄎㄜˇ
無可匹敵,1,ㄨˊ ㄎㄜˇ ㄆㄧˇ ㄉㄧˊ
無可否認,1,ㄨˊ ㄎㄜˇ ㄈㄡˇ ㄖㄣˋ
無可比象,1,ㄨˊ ㄎㄜˇ ㄅㄧˇ ㄒㄧㄤˋ
無可置辯,1,ㄨˊ ㄎㄜˇ ㄓˋ ㄅㄧㄢˋ
無名孽火,1,ㄨˊ ㄇㄧㄥˊ ㄋㄧㄝˋ ㄏㄨㄛˇ
無名腫毒,1,ㄨˊ ㄇㄧㄥˊ ㄓㄨㄥˇ ㄉㄨˊ
無咎無譽,1,ㄨˊ ㄐㄧㄡˋ ㄨˊ ㄩˋ
無因管理,1,ㄨˊ ㄧㄣ ㄍㄨㄢˇ ㄌㄧˇ
無土栽培,1,ㄨˊ ㄊㄨˇ ㄗㄞ ㄆㄟˊ
無地自處,1,ㄨˊ ㄉㄧˋ ㄗˋ ㄔㄨˇ
無堅不摧,1,ㄨˊ ㄐㄧㄢ ㄅㄨˋ ㄘㄨㄟ
無塵粉筆,1,ㄨˊ ㄔㄣˊ ㄈㄣˇ ㄅㄧˇ
無奈我何,1,ㄨˊ ㄋㄞˋ ㄨㄛˇ ㄏㄜˊ
無如之何,1,ㄨˊ ㄖㄨˊ ㄓ ㄏㄜˊ
無如奈何,1,ㄨˊ ㄖㄨˊ ㄋㄞˋ ㄏㄜˊ
無妄之禍,1,ㄨˊ ㄨㄤˋ ㄓ ㄏㄨㄛˋ
無妄之福,1,ㄨˊ ㄨㄤˋ ㄓ ㄈㄨˊ
無始無終,1,ㄨˊ ㄕˇ ㄨˊ ㄓㄨㄥ
無始無邊,1,ㄨˊ ㄕˇ ㄨˊ ㄅㄧㄢ
無孔不入,1,ㄨˊ ㄎㄨㄥˇ ㄅㄨˋ ㄖㄨˋ
無家可奔,1,ㄨˊ ㄐㄧㄚ ㄎㄜˇ ㄅㄣ
無將大車,1,ㄨˊ ㄐㄧㄤ ㄉㄚˋ ㄐㄩ
無幽不燭,1,ㄨˊ ㄧㄡ ㄅㄨˋ ㄓㄨˊ
無庸置辯,1,ㄨˊ ㄩㄥ ㄓˋ ㄅㄧㄢˋ
無庸諱言,1,ㄨˊ ㄩㄥ ㄏㄨㄟˋ ㄧㄢˊ
無庸贅言,1,ㄨˊ ㄩㄥ ㄓㄨㄟˋ ㄧㄢˊ
無形無影,1,ㄨˊ ㄒㄧㄥˊ ㄨˊ ㄧㄥˇ
無形無蹤,1,ㄨˊ ㄒㄧㄥˊ ㄨˊ ㄗㄨㄥ
無形眼鏡,1,ㄨˊ ㄒㄧㄥˊ ㄧㄢˇ ㄐㄧㄥˋ
無形貿易,1,ㄨˊ ㄒㄧㄥˊ ㄇㄠˋ ㄧˋ
無影無形,1,ㄨˊ ㄧㄥˇ ㄨˊ ㄒㄧㄥˊ
無往不利,1,ㄨˊ ㄨㄤˇ ㄅㄨˋ ㄌㄧˋ
無從下手,1,ㄨˊ ㄘㄨㄥˊ ㄒㄧㄚˋ ㄕㄡˇ
無復孑遺,1,ㄨˊ ㄈㄨˋ ㄐㄧㄝˊ ㄧˊ
無微不至,1,ㄨˊ ㄨㄟˊ ㄅㄨˋ ㄓˋ
無徵不信,1,ㄨˊ ㄓㄥ ㄅㄨˋ ㄒㄧㄣˋ
無心戀棧,1,ㄨˊ ㄒㄧㄣ ㄌㄧㄢˋ ㄓㄢˋ
無思無慮,1,ㄨˊ ㄙ ㄨˊ ㄌㄩˋ
無恥之尤,1,ㄨˊ ㄔˇ ㄓ ㄧㄡˊ
無息貸款,1,ㄨˊ ㄒㄧˊ ㄉㄞˋ ㄎㄨㄢˇ
無情無緒,1,ㄨˊ ㄑㄧㄥˊ ㄨˊ ㄒㄩˋ
無情無義,1,ㄨˊ ㄑㄧㄥˊ ㄨˊ ㄧˋ
無惡不作,1,ㄨˊ ㄜˋ ㄅㄨˋ ㄗㄨㄛˋ
無感地震,1,ㄨˊ ㄍㄢˇ ㄉㄧˋ ㄓㄣˋ
無慮無思,1,ㄨˊ ㄌㄩˋ ㄨˊ ㄙ
無慮無憂,1,ㄨˊ ㄌㄩˋ ㄨˊ ㄧㄡ
無所不作,1,ㄨˊ ㄙㄨㄛˇ ㄅㄨˋ ㄗㄨㄛˋ
無所不及,1,ㄨˊ ㄙㄨㄛˇ ㄅㄨˋ ㄐㄧˊ
無所不在,1,ㄨˊ ㄙㄨㄛˇ ㄅㄨˋ ㄗㄞˋ
無所不容,1,ㄨˊ ㄙㄨㄛˇ ㄅㄨˋ ㄖㄨㄥˊ
無所不曉,1,ㄨˊ ㄙㄨㄛˇ ㄅㄨˋ ㄒㄧㄠˇ
無所不至,1,ㄨˊ ㄙㄨㄛˇ ㄅㄨˋ ㄓˋ
無所不談,1,ㄨˊ ㄙㄨㄛˇ ㄅㄨˋ ㄊㄢˊ
無所作為,1,ㄨˊ ㄙㄨㄛˇ ㄗㄨㄛˋ ㄨㄟˊ
無所忌憚,1,ㄨˊ ㄙㄨㄛˇ ㄐㄧˋ ㄉㄢˋ
無所牽掛,1,ㄨˊ ㄙㄨㄛˇ ㄑㄧㄢ ㄍㄨㄚˋ
無所用心,1,ㄨˊ ㄙㄨㄛˇ ㄩㄥˋ ㄒㄧㄣ
無所畏忌,1,ㄨˊ ㄙㄨㄛˇ ㄨㄟˋ ㄐㄧˋ
無所顧忌,1,ㄨˊ ㄙㄨㄛˇ ㄍㄨˋ ㄐㄧˋ
無所顧憚,1,ㄨˊ ㄙㄨㄛˇ ㄍㄨˋ ㄉㄢˋ
無拳無勇,1,ㄨˊ ㄑㄩㄢˊ ㄨˊ ㄩㄥˇ
無掛無礙,1,ㄨˊ ㄍㄨㄚˋ ㄨˊ ㄞˋ
無方之民,1,ㄨˊ ㄈㄤ ㄓ ㄇㄧㄣˊ
無日無夜,1,ㄨˊ ㄖˋ ㄨˊ ㄧㄝˋ
無明無夜,1,ㄨˊ ㄇㄧㄥˊ ㄨˊ ㄧㄝˋ
無是無非,1,ㄨˊ ㄕˋ ㄨˊ ㄈㄟ
無服之喪,1,ㄨˊ ㄈㄨˊ ㄓ ㄙㄤ
無服之殤,1,ㄨˊ ㄈㄨˊ ㄓ ㄕㄤ
無束無拘,1,ㄨˊ ㄕㄨˋ ㄨˊ ㄐㄩ
無根無絆,1,ㄨˊ ㄍㄣ ㄨˊ ㄅㄢˋ
無根無蒂,1,ㄨˊ ㄍㄣ ㄨˊ ㄉㄧˋ
無波無浪,1,ㄨˊ ㄅㄛ ㄨˊ ㄌㄤˋ
無濟無主,1,ㄨˊ ㄐㄧˋ ㄨˊ ㄓㄨˇ
無灰粉筆,1,ㄨˊ ㄏㄨㄟ ㄈㄣˇ ㄅㄧˇ
無為自化,1,ㄨˊ ㄨㄟˊ ㄗˋ ㄏㄨㄚˋ
無煙焦煤,1,ㄨˊ ㄧㄢ ㄐㄧㄠ ㄇㄟˊ
無瑕可擊,1,ㄨˊ ㄒㄧㄚˊ ㄎㄜˇ ㄐㄧˊ
無疆之休,1,ㄨˊ ㄐㄧㄤ ㄓ ㄒㄧㄡ
無病自灸,1,ㄨˊ ㄅㄧㄥˋ ㄗˋ ㄐㄧㄡˇ
無盡無休,1,ㄨˊ ㄐㄧㄣˋ ㄨˊ ㄒㄧㄡ
無盡無窮,1,ㄨˊ ㄐㄧㄣˋ ㄨˊ ㄑㄩㄥˊ
無盡緣起,1,ㄨˊ ㄐㄧㄣˋ ㄩㄢˊ ㄑㄧˇ
無私有弊,1,ㄨˊ ㄙ ㄧㄡˇ ㄅㄧˋ
無稽之言,1,ㄨˊ ㄐㄧ ㄓ ㄧㄢˊ
無窮級數,1,ㄨˊ ㄑㄩㄥˊ ㄐㄧˊ ㄕㄨˋ
無籍之徒,1,ㄨˊ ㄐㄧˊ ㄓ ㄊㄨˊ
無籽果實,1,ㄨˊ ㄗˇ ㄍㄨㄛˇ ㄕˊ
無絲分裂,1,ㄨˊ ㄙ ㄈㄣ ㄌㄧㄝˋ
無絲有線,1,ㄨˊ ㄙ ㄧㄡˇ ㄒㄧㄢˋ
無線滑鼠,1,ㄨˊ ㄒㄧㄢˋ ㄏㄨㄚˊ ㄕㄨˇ
無置錐地,1,ㄨˊ ㄓˋ ㄓㄨㄟ ㄉㄧˋ
無翼而飛,1,ㄨˊ ㄧˋ ㄦˊ ㄈㄟ
無聊透頂,1,ㄨˊ ㄌㄧㄠˊ ㄊㄡˋ ㄉㄧㄥˇ
無能為役,1,ㄨˊ ㄋㄥˊ ㄨㄟˊ ㄧˋ
無脛而行,1,ㄨˊ ㄐㄧㄥˋ ㄦˊ ㄒㄧㄥˊ
無腸公子,1,ㄨˊ ㄔㄤˊ ㄍㄨㄥ ㄗˇ
無與為比,1,ㄨˊ ㄩˇ ㄨㄟˊ ㄅㄧˇ
無藥可救,1,ㄨˊ ㄧㄠˋ ㄎㄜˇ ㄐㄧㄡˋ
無處不在,1,ㄨˊ ㄔㄨˋ ㄅㄨˋ ㄗㄞˋ
無血戰爭,1,ㄨˊ ㄒㄧㄝˇ ㄓㄢˋ ㄓㄥ
無補於世,1,ㄨˊ ㄅㄨˇ ㄩˊ ㄕˋ
無補於時,1,ㄨˊ ㄅㄨˇ ㄩˊ ㄕˊ
無計可生,1,ㄨˊ ㄐㄧˋ ㄎㄜˇ ㄕㄥ
無計奈何,1,ㄨˊ ㄐㄧˋ ㄋㄞˋ ㄏㄜˊ
無話不談,1,ㄨˊ ㄏㄨㄚˋ ㄅㄨˋ ㄊㄢˊ
無足掛齒,1,ㄨˊ ㄗㄨˊ ㄍㄨㄚˋ ㄔˇ
無足重輕,1,ㄨˊ ㄗㄨˊ ㄓㄨㄥˋ ㄑㄧㄥ
無跡可尋,1,ㄨˊ ㄐㄧ ㄎㄜˇ ㄒㄩㄣˊ
無蹤無影,1,ㄨˊ ㄗㄨㄥ ㄨˊ ㄧㄥˇ
無適無莫,1,ㄨˊ ㄉㄧˊ ㄨˊ ㄇㄛˋ
無遮大會,1,ㄨˊ ㄓㄜ ㄉㄚˋ ㄏㄨㄟˋ
無邊苦海,1,ㄨˊ ㄅㄧㄢ ㄎㄨˇ ㄏㄞˇ
無配生殖,1,ㄨˊ ㄆㄟˋ ㄕㄥ ㄓˊ
無量壽佛,1,ㄨˊ ㄌㄧㄤˋ ㄕㄡˋ ㄈㄛˊ
無量壽經,1,ㄨˊ ㄌㄧㄤˋ ㄕㄡˋ ㄐㄧㄥ
無鉤絛蟲,1,ㄨˊ ㄍㄡ ㄊㄠ ㄔㄨㄥˊ
無門投告,1,ㄨˊ ㄇㄣˊ ㄊㄡˊ ㄍㄠˋ
無限小數,1,ㄨˊ ㄒㄧㄢˋ ㄒㄧㄠˇ ㄕㄨˋ
無限戰爭,1,ㄨˊ ㄒㄧㄢˋ ㄓㄢˋ ㄓㄥ
無限花序,1,ㄨˊ ㄒㄧㄢˋ ㄏㄨㄚ ㄒㄩˋ
無靠無依,1,ㄨˊ ㄎㄠˋ ㄨˊ ㄧ
無頭告示,1,ㄨˊ ㄊㄡˊ ㄍㄠˋ ㄕˋ
無頭官事,1,ㄨˊ ㄊㄡˊ ㄍㄨㄢ ㄕˋ
無頭蒼蠅,1,ㄨˊ ㄊㄡˊ ㄘㄤ ㄧㄥ˙
無顛無倒,1,ㄨˊ ㄉㄧㄢ ㄨˊ ㄉㄠˇ
無風生浪,1,ㄨˊ ㄈㄥ ㄕㄥ ㄌㄤˋ
無黨無偏,1,ㄨˊ ㄉㄤˇ ㄨˊ ㄆㄧㄢ
無齒郵票,1,ㄨˊ ㄔˇ ㄧㄡˊ ㄆㄧㄠˋ
焦仲卿妻,1,ㄐㄧㄠ ㄓㄨㄥˋ ㄑㄧㄥ ㄑㄧ
焦孟不離,1,ㄐㄧㄠ ㄇㄥˋ ㄅㄨˋ ㄌㄧˊ
焦心勞思,1,ㄐㄧㄠ ㄒㄧㄣ ㄌㄠˊ ㄙ
焦沙爛石,1,ㄐㄧㄠ ㄕㄚ ㄌㄢˋ ㄕˊ
焦熬投石,1,ㄐㄧㄠ ㄠˊ ㄊㄡˊ ㄕˊ
焦金流石,1,ㄐㄧㄠ ㄐㄧㄣ ㄌㄧㄡˊ ㄕˊ
焦面大士,1,ㄐㄧㄠ ㄇㄧㄢˋ ㄉㄚˋ ㄕˋ
焰色分析,1,ㄧㄢˋ ㄙㄜˋ ㄈㄣ ㄒㄧ
然然可可,1,ㄖㄢˊ ㄖㄢˊ ㄎㄜˇ ㄎㄜˇ
煎水作冰,1,ㄐㄧㄢ ㄕㄨㄟˇ ㄗㄨㄛˋ ㄅㄧㄥ
煎膏炊骨,1,ㄐㄧㄢ ㄍㄠ ㄔㄨㄟ ㄍㄨˇ
煙嵐雲岫,1,ㄧㄢ ㄌㄢˊ ㄩㄣˊ ㄒㄧㄡˋ
煙波浩渺,1,ㄧㄢ ㄅㄛ ㄏㄠˋ ㄇㄧㄠˇ
煙波萬頃,1,ㄧㄢ ㄅㄛ ㄨㄢˋ ㄑㄧㄥˇ
煙波釣叟,1,ㄧㄢ ㄅㄛ ㄉㄧㄠˋ ㄙㄡˇ
煙波釣徒,1,ㄧㄢ ㄅㄛ ㄉㄧㄠˋ ㄊㄨˊ
煙消冰釋,1,ㄧㄢ ㄒㄧㄠ ㄅㄧㄥ ㄕˋ
煙火之警,1,ㄧㄢ ㄏㄨㄛˇ ㄓ ㄐㄧㄥˇ
煙火鄰居,1,ㄧㄢ ㄏㄨㄛˇ ㄌㄧㄣˊ ㄐㄩ
煙熏火燎,1,ㄧㄢ ㄒㄩㄣ ㄏㄨㄛˇ ㄌㄧㄠˋ
煙燄障天,1,ㄧㄢ ㄧㄢˋ ㄓㄤˋ ㄊㄧㄢ
煙生喉舌,1,ㄧㄢ ㄕㄥ ㄏㄡˊ ㄕㄜˊ
煙籠霧鎖,1,ㄧㄢ ㄌㄨㄥˊ ㄨˋ ㄙㄨㄛˇ
煙花寨主,1,ㄧㄢ ㄏㄨㄚ ㄓㄞˋ ㄓㄨˇ
煙花門戶,1,ㄧㄢ ㄏㄨㄚ ㄇㄣˊ ㄏㄨˋ
煙蓑雨笠,1,ㄧㄢ ㄙㄨㄛ ㄩˇ ㄌㄧˋ
煙袋哨子,1,ㄧㄢ ㄉㄞˋ ㄕㄠˋ ㄗ˙
煙袋油子,1,ㄧㄢ ㄉㄞˋ ㄧㄡˊ ㄗ˙
煙袋荷包,1,ㄧㄢ ㄉㄞˋ ㄏㄜˊ ㄅㄠ˙
煙視媚行,1,ㄧㄢ ㄕˋ ㄇㄟˋ ㄒㄧㄥˊ
煙雲供養,1,ㄧㄢ ㄩㄣˊ ㄍㄨㄥˋ ㄧㄤˋ
煙霏霧集,1,ㄧㄢ ㄈㄟ ㄨˋ ㄐㄧˊ
煙霏露結,1,ㄧㄢ ㄈㄟ ㄌㄨˋ ㄐㄧㄝˊ
煙霞外人,1,ㄧㄢ ㄒㄧㄚˊ ㄨㄞˋ ㄖㄣˊ
煙霞痼疾,1,ㄧㄢ ㄒㄧㄚˊ ㄍㄨˋ ㄐㄧˊ
煙飛星散,1,ㄧㄢ ㄈㄟ ㄒㄧㄥ ㄙㄢˋ
煞氣騰騰,1,ㄕㄚ ㄑㄧˋ ㄊㄥˊ ㄊㄥˊ
煞費周章,1,ㄕㄚˋ ㄈㄟˋ ㄓㄡ ㄓㄤ
煢煢孑立,1,ㄑㄩㄥˊ ㄑㄩㄥˊ ㄐㄧㄝˊ ㄌㄧˋ
煥然冰釋,1,ㄏㄨㄢˋ ㄖㄢˊ ㄅㄧㄥ ㄕˋ
照價徵稅,1,ㄓㄠˋ ㄐㄧㄚˋ ㄓㄥ ㄕㄨㄟˋ
照功行賞,1,ㄓㄠˋ ㄍㄨㄥ ㄒㄧㄥˊ ㄕㄤˇ
照如白晝,1,ㄓㄠˋ ㄖㄨˊ ㄅㄞˊ ㄓㄡˋ
照明器具,1,ㄓㄠˋ ㄇㄧㄥˊ ㄑㄧˋ ㄐㄩˋ
照明射擊,1,ㄓㄠˋ ㄇㄧㄥˊ ㄕㄜˋ ㄐㄧˊ
照相凸版,1,ㄓㄠˋ ㄒㄧㄤˋ ㄊㄨˊ ㄅㄢˇ
照相凹版,1,ㄓㄠˋ ㄒㄧㄤˋ ㄠ ㄅㄢˇ
照相平版,1,ㄓㄠˋ ㄒㄧㄤˋ ㄆㄧㄥˊ ㄅㄢˇ
照相打字,1,ㄓㄠˋ ㄒㄧㄤˋ ㄉㄚˇ ㄗˋ
照相測量,1,ㄓㄠˋ ㄒㄧㄤˋ ㄘㄜˋ ㄌㄧㄤˊ
照相著色,1,ㄓㄠˋ ㄒㄧㄤˋ ㄓㄨㄛˊ ㄙㄜˋ
照螢映雪,1,ㄓㄠˋ ㄧㄥˊ ㄧㄥˋ ㄒㄩㄝˇ
照貓畫虎,1,ㄓㄠˋ ㄇㄠ ㄏㄨㄚˋ ㄏㄨˇ
煨乾就濕,1,ㄨㄟ ㄍㄢ ㄐㄧㄡˋ ㄕ
煨乾避濕,1,ㄨㄟ ㄍㄢ ㄅㄧˋ ㄕ
煩囂喧鬧,1,ㄈㄢˊ ㄒㄧㄠ ㄒㄩㄢ ㄋㄠˋ
煩天惱地,1,ㄈㄢˊ ㄊㄧㄢ ㄋㄠˇ ㄉㄧˋ
煩言碎語,1,ㄈㄢˊ ㄧㄢˊ ㄙㄨㄟˋ ㄩˇ
煩言碎辭,1,ㄈㄢˊ ㄧㄢˊ ㄙㄨㄟˋ ㄘˊ
煮字療飢,1,ㄓㄨˇ ㄗˋ ㄌㄧㄠˊ ㄐㄧ
煮海為鹽,1,ㄓㄨˇ ㄏㄞˇ ㄨㄟˊ ㄧㄢˊ
煮粥焚鬚,1,ㄓㄨˇ ㄓㄡ ㄈㄣˊ ㄒㄩ
煮鶴燒琴,1,ㄓㄨˇ ㄏㄜˋ ㄕㄠ ㄑㄧㄣˊ
煽風點火,1,ㄕㄢ ㄈㄥ ㄉㄧㄢˇ ㄏㄨㄛˇ
熊丸之教,1,ㄒㄩㄥˊ ㄨㄢˊ ㄓ ㄐㄧㄠˋ
熊心豹膽,1,ㄒㄩㄥˊ ㄒㄧㄣ ㄅㄠˋ ㄉㄢˇ
熊據虎跱,1,ㄒㄩㄥˊ ㄐㄩˋ ㄏㄨˇ ㄓˋ
熊經鳥申,1,ㄒㄩㄥˊ ㄐㄧㄥ ㄋㄧㄠˇ ㄕㄣ
熊經鴟顧,1,ㄒㄩㄥˊ ㄐㄧㄥ ㄔ ㄍㄨˋ
熊羆之士,1,ㄒㄩㄥˊ ㄆㄧˊ ㄓ ㄕˋ
熊羆之祥,1,ㄒㄩㄥˊ ㄆㄧˊ ㄓ ㄒㄧㄤˊ
熊羆入夢,1,ㄒㄩㄥˊ ㄆㄧˊ ㄖㄨˋ ㄇㄥˋ
熊虎之士,1,ㄒㄩㄥˊ ㄏㄨˇ ㄓ ㄕˋ
熒幕廣告,1,ㄧㄥˊ ㄇㄨˋ ㄍㄨㄤˇ ㄍㄠˋ
熙來攘往,1,ㄒㄧ ㄌㄞˊ ㄖㄤˇ ㄨㄤˇ
熙熙壤壤,1,ㄒㄧ ㄒㄧ ㄖㄤˇ ㄖㄤˇ
熙熙融融,1,ㄒㄧ ㄒㄧ ㄖㄨㄥˊ ㄖㄨㄥˊ
熟視無睹,1,ㄕㄨˊ ㄕˋ ㄨˊ ㄉㄨˇ
熟讀玩味,1,ㄕㄨˊ ㄉㄨˊ ㄨㄢˋ ㄨㄟˋ
熟讀精思,1,ㄕㄨˊ ㄉㄨˊ ㄐㄧㄥ ㄙ
熟路輕車,1,ㄕㄨˊ ㄌㄨˋ ㄑㄧㄥ ㄐㄩ
熟路輕轍,1,ㄕㄨˊ ㄌㄨˋ ㄑㄧㄥ ㄔㄜˋ
熟門熟路,1,ㄕㄨˊ ㄇㄣˊ ㄕㄨˊ ㄌㄨˋ
熟魏生張,1,ㄕㄨˊ ㄨㄟˋ ㄕㄥ ㄓㄤ
熠熠生輝,1,ㄧˋ ㄧˋ ㄕㄥ ㄏㄨㄟ
熠熠紅星,1,ㄧˋ ㄧˋ ㄏㄨㄥˊ ㄒㄧㄥ
熠熠閃亮,1,ㄧˋ ㄧˋ ㄕㄢˇ ㄌㄧㄤˋ
熬枯受淡,1,ㄠˊ ㄎㄨ ㄕㄡˋ ㄉㄢˋ
熬清守淡,1,ㄠˊ ㄑㄧㄥ ㄕㄡˇ ㄉㄢˋ
熯天熾地,1,ㄏㄢˋ ㄊㄧㄢ ㄔˋ ㄉㄧˋ
熱島效應,1,ㄖㄜˋ ㄉㄠˇ ㄒㄧㄠˋ ㄧㄥˋ
熱帶低壓,1,ㄖㄜˋ ㄉㄞˋ ㄉㄧ ㄧㄚ
熱帶氣旋,1,ㄖㄜˋ ㄉㄞˋ ㄑㄧˋ ㄒㄩㄢˋ
熱情如火,1,ㄖㄜˋ ㄑㄧㄥˊ ㄖㄨˊ ㄏㄨㄛˇ
熱淚盈眶,1,ㄖㄜˋ ㄌㄟˋ ㄧㄥˊ ㄎㄨㄤ
熱鬧哄哄,1,ㄖㄜˋ ㄋㄠ˙ ㄏㄨㄥ ㄏㄨㄥ
熹平石經,1,ㄒㄧ ㄆㄧㄥˊ ㄕˊ ㄐㄧㄥ
燃料礦物,1,ㄖㄢˊ ㄌㄧㄠˋ ㄎㄨㄤˋ ㄨˋ
燃犀溫嶠,1,ㄖㄢˊ ㄒㄧ ㄨㄣ ㄐㄧㄠˋ
燃糠照薪,1,ㄖㄢˊ ㄎㄤ ㄓㄠˋ ㄒㄧㄣ
燃糠自照,1,ㄖㄢˊ ㄎㄤ ㄗˋ ㄓㄠˋ
燃膏繼晷,1,ㄖㄢˊ ㄍㄠ ㄐㄧˋ ㄍㄨㄟˇ
燃萁煮豆,1,ㄖㄢˊ ㄑㄧˊ ㄓㄨˇ ㄉㄡˋ
燈光燦爛,1,ㄉㄥ ㄍㄨㄤ ㄘㄢˋ ㄌㄢˋ
燈淺無油,1,ㄉㄥ ㄑㄧㄢˇ ㄨˊ ㄧㄡˊ
燈火之資,1,ㄉㄥ ㄏㄨㄛˇ ㄓ ㄗ
燈火萬家,1,ㄉㄥ ㄏㄨㄛˇ ㄨㄢˋ ㄐㄧㄚ
燈火輝煌,1,ㄉㄥ ㄏㄨㄛˇ ㄏㄨㄟ ㄏㄨㄤˊ
燈火闌珊,1,ㄉㄥ ㄏㄨㄛˇ ㄌㄢˊ ㄕㄢ
燈燭熒煌,1,ㄉㄥ ㄓㄨˊ ㄧㄥˊ ㄏㄨㄤˊ
燈盞熒熒,1,ㄉㄥ ㄓㄢˇ ㄧㄥˊ ㄧㄥˊ
燋金流石,1,ㄐㄧㄠ ㄐㄧㄣ ㄌㄧㄡˊ ㄕˊ
燋金爍石,1,ㄐㄧㄠ ㄐㄧㄣ ㄕㄨㄛˋ ㄕˊ
燋頭爛額,1,ㄐㄧㄠ ㄊㄡˊ ㄌㄢˋ ㄜˊ
燎原之火,1,ㄌㄧㄠˋ ㄩㄢˊ ㄓ ㄏㄨㄛˇ
燒丹鍊汞,1,ㄕㄠ ㄉㄢ ㄌㄧㄢˋ ㄍㄨㄥˇ
燒眉之急,1,ㄕㄠ ㄇㄟˊ ㄓ ㄐㄧˊ
燒紙引鬼,1,ㄕㄠ ㄓˇ ㄧㄣˇ ㄍㄨㄟˇ
燒香磕頭,1,ㄕㄠ ㄒㄧㄤ ㄎㄜ ㄊㄡˊ
燔書坑儒,1,ㄈㄢˊ ㄕㄨ ㄎㄥ ㄖㄨˊ
燕侶鶯儔,1,ㄧㄢˋ ㄌㄩˇ ㄧㄥ ㄔㄡˊ
燕儔鶯侶,1,ㄧㄢˋ ㄔㄡˊ ㄧㄥ ㄌㄩˇ
燕入他家,1,ㄧㄢˋ ㄖㄨˋ ㄊㄚ ㄐㄧㄚ
燕啄皇孫,1,ㄧㄢˋ ㄓㄨㄛˊ ㄏㄨㄤˊ ㄙㄨㄣ
燕太子丹,1,ㄧㄢ ㄊㄞˋ ㄗˇ ㄉㄢ
燕妒鶯慚,1,ㄧㄢˋ ㄉㄨˋ ㄧㄥ ㄘㄢˊ
燕姞夢蘭,1,ㄧㄢ ㄐㄧˊ ㄇㄥˋ ㄌㄢˊ
燕子銜食,1,ㄧㄢˋ ㄗ˙ ㄒㄧㄢˊ ㄕˊ
燕安鴆毒,1,ㄧㄢˋ ㄢ ㄓㄣˋ ㄉㄨˊ
燕巢於幕,1,ㄧㄢˋ ㄔㄠˊ ㄩˊ ㄇㄨˋ
燕市酒人,1,ㄧㄢ ㄕˋ ㄐㄧㄡˇ ㄖㄣˊ
燕昭築臺,1,ㄧㄢ ㄓㄠ ㄓㄨˊ ㄊㄞˊ
燕樂考源,1,ㄧㄢˋ ㄩㄝˋ ㄎㄠˇ ㄩㄢˊ
燕然山銘,1,ㄧㄢ ㄖㄢˊ ㄕㄢ ㄇㄧㄥˊ
燕燕于飛,1,ㄧㄢˋ ㄧㄢˋ ㄩˊ ㄈㄟ
燕石為玉,1,ㄧㄢ ㄕˊ ㄨㄟˊ ㄩˋ
燕約鶯期,1,ㄧㄢˋ ㄩㄝ ㄧㄥ ㄑㄧˊ
燕翼詒謀,1,ㄧㄢˋ ㄧˋ ㄧˊ ㄇㄡˊ
燕舞鶯啼,1,ㄧㄢˋ ㄨˇ ㄧㄥ ㄊㄧˊ
燕語鶯呼,1,ㄧㄢˋ ㄩˇ ㄧㄥ ㄏㄨ
燕語鶯啼,1,ㄧㄢˋ ㄩˇ ㄧㄥ ㄊㄧˊ
燕語鶯聲,1,ㄧㄢˋ ㄩˇ ㄧㄥ ㄕㄥ
燕足繫書,1,ㄧㄢˋ ㄗㄨˊ ㄒㄧˋ ㄕㄨ
燕足繫詩,1,ㄧㄢˋ ㄗㄨˊ ㄒㄧˋ ㄕ
燕雀相賀,1,ㄧㄢˋ ㄑㄩㄝˋ ㄒㄧㄤ ㄏㄜˋ
燕雀處堂,1,ㄧㄢˋ ㄑㄩㄝˋ ㄔㄨˇ ㄊㄤˊ
燕雀處屋,1,ㄧㄢˋ ㄑㄩㄝˋ ㄔㄨˇ ㄨ
燕雁代飛,1,ㄧㄢˋ ㄧㄢˋ ㄉㄞˋ ㄈㄟ
燕頷虎頭,1,ㄧㄢˋ ㄏㄢˋ ㄏㄨˇ ㄊㄡˊ
燕頷虎頸,1,ㄧㄢˋ ㄏㄢˋ ㄏㄨˇ ㄐㄧㄥˇ
燕頷虎鬚,1,ㄧㄢˋ ㄏㄢˋ ㄏㄨˇ ㄒㄩ
營業利益,1,ㄧㄥˊ ㄧㄝˋ ㄌㄧˋ ㄧˋ
營業收入,1,ㄧㄥˊ ㄧㄝˋ ㄕㄡ ㄖㄨˋ
營業機關,1,ㄧㄥˊ ㄧㄝˋ ㄐㄧ ㄍㄨㄢ
營營役役,1,ㄧㄥˊ ㄧㄥˊ ㄧˋ ㄧˋ
營造法式,1,ㄧㄥˊ ㄗㄠˋ ㄈㄚˇ ㄕˋ
營養失調,1,ㄧㄥˊ ㄧㄤˇ ㄕ ㄊㄧㄠˊ
燥不搭的,1,ㄗㄠˋ ㄅㄨˋ ㄉㄚ ㄉㄜ˙
燦然一新,1,ㄘㄢˋ ㄖㄢˊ ㄧ ㄒㄧㄣ
燦爛奪目,1,ㄘㄢˋ ㄌㄢˋ ㄉㄨㄛˊ ㄇㄨˋ
燭影搖紅,1,ㄓㄨˊ ㄧㄥˇ ㄧㄠˊ ㄏㄨㄥˊ
燭影斧聲,1,ㄓㄨˊ ㄧㄥˇ ㄈㄨˇ ㄕㄥ
燭照數計,1,ㄓㄨˊ ㄓㄠˋ ㄕㄨˋ ㄐㄧˋ
燮和之任,1,ㄒㄧㄝˋ ㄏㄜˊ ㄓ ㄖㄣˋ
燮理陰陽,1,ㄒㄧㄝˋ ㄌㄧˇ ㄧㄣ ㄧㄤˊ
爆炸上限,1,ㄅㄠˋ ㄓㄚˋ ㄕㄤˋ ㄒㄧㄢˋ
爆炸下限,1,ㄅㄠˋ ㄓㄚˋ ㄒㄧㄚˋ ㄒㄧㄢˋ
爆燥如雷,1,ㄅㄠˋ ㄗㄠˋ ㄖㄨˊ ㄌㄟˊ
爍石流金,1,ㄕㄨㄛˋ ㄕˊ ㄌㄧㄡˊ ㄐㄧㄣ
爐石水泥,1,ㄌㄨˊ ㄕˊ ㄕㄨㄟˇ ㄋㄧˊ
爐神老君,1,ㄌㄨˊ ㄕㄣˊ ㄌㄠˇ ㄐㄩㄣ
爛了舌頭,1,ㄌㄢˋ ㄌㄜ˙ ㄕㄜˊ ㄊㄡ˙
爛板洋錢,1,ㄌㄢˋ ㄅㄢˇ ㄧㄤˊ ㄑㄧㄢˊ
爛板烏龜,1,ㄌㄢˋ ㄅㄢˇ ㄨ ㄍㄨㄟ
爛若披錦,1,ㄌㄢˋ ㄖㄨㄛˋ ㄆㄧ ㄐㄧㄣˇ
爛額焦頭,1,ㄌㄢˋ ㄜˊ ㄐㄧㄠ ㄊㄡˊ
爝火微光,1,ㄐㄩㄝˊ ㄏㄨㄛˇ ㄨㄟˊ ㄍㄨㄤ
爨寶子碑,1,ㄘㄨㄢˋ ㄅㄠˇ ㄗˇ ㄅㄟ
爨桂炊玉,1,ㄘㄨㄢˋ ㄍㄨㄟˋ ㄔㄨㄟ ㄩˋ
爨龍顏碑,1,ㄘㄨㄢˋ ㄌㄨㄥˊ ㄧㄢˊ ㄅㄟ
爪牙之士,1,ㄓㄠˇ ㄧㄚˊ ㄓ ㄕˋ
爪牙之將,1,ㄓㄠˇ ㄧㄚˊ ㄓ ㄐㄧㄤˋ
爬上爬下,1,ㄆㄚˊ ㄕㄤˋ ㄆㄚˊ ㄒㄧㄚˋ
爬梳剔抉,1,ㄆㄚˊ ㄕㄨ ㄊㄧ ㄐㄩㄝˊ
爬羅剔抉,1,ㄆㄚˊ ㄌㄨㄛˊ ㄊㄧ ㄐㄩㄝˊ
爬耳搔腮,1,ㄆㄚˊ ㄦˇ ㄙㄠ ㄙㄞ
爭勝要強,1,ㄓㄥ ㄕㄥˋ ㄧㄠˋ ㄑㄧㄤˊ
爭名競利,1,ㄓㄥ ㄇㄧㄥˊ ㄐㄧㄥˋ ㄌㄧˋ
爭名逐利,1,ㄓㄥ ㄇㄧㄥˊ ㄓㄨˊ ㄌㄧˋ
爭坐位帖,1,ㄓㄥ ㄗㄨㄛˋ ㄨㄟˋ ㄊㄧㄝˋ
爭奇鬥妍,1,ㄓㄥ ㄑㄧˊ ㄉㄡˋ ㄧㄢˊ
爭奇鬥異,1,ㄓㄥ ㄑㄧˊ ㄉㄡˋ ㄧˋ
爭妍獻媚,1,ㄓㄥ ㄧㄢˊ ㄒㄧㄢˋ ㄇㄟˋ
爭妍鬥奇,1,ㄓㄥ ㄧㄢˊ ㄉㄡˋ ㄑㄧˊ
爭強賭勝,1,ㄓㄥ ㄑㄧㄤˊ ㄉㄨˇ ㄕㄥˋ
爭強顯勝,1,ㄓㄥ ㄑㄧㄤˊ ㄒㄧㄢˇ ㄕㄥˋ
爭強鬥勝,1,ㄓㄥ ㄑㄧㄤˊ ㄉㄡˋ ㄕㄥˋ
爭持不下,1,ㄓㄥ ㄔˊ ㄅㄨˋ ㄒㄧㄚˋ
爭權攘利,1,ㄓㄥ ㄑㄩㄢˊ ㄖㄤˊ ㄌㄧˋ
爭短論長,1,ㄓㄥ ㄉㄨㄢˇ ㄌㄨㄣˋ ㄔㄤˊ
爭紅鬥紫,1,ㄓㄥ ㄏㄨㄥˊ ㄉㄡˋ ㄗˇ
爭鋒吃醋,1,ㄓㄥ ㄈㄥ ㄔ ㄘㄨˋ
爭長爭短,1,ㄓㄥ ㄔㄤˊ ㄓㄥ ㄉㄨㄢˇ
爭頭鼓腦,1,ㄓㄥ ㄊㄡˊ ㄍㄨˇ ㄋㄠˇ
父債子還,1,ㄈㄨˋ ㄓㄞˋ ㄗˇ ㄏㄨㄢˊ
父嚴子孝,1,ㄈㄨˋ ㄧㄢˊ ㄗˇ ㄒㄧㄠˋ
父天母地,1,ㄈㄨˋ ㄊㄧㄢ ㄇㄨˇ ㄉㄧˋ
父子同牝,1,ㄈㄨˋ ㄗˇ ㄊㄨㄥˊ ㄆㄧㄣˋ
父析子荷,1,ㄈㄨˋ ㄒㄧ ㄗˇ ㄏㄜˋ
父母之命,1,ㄈㄨˋ ㄇㄨˇ ㄓ ㄇㄧㄥˋ
父母之邦,1,ㄈㄨˋ ㄇㄨˇ ㄓ ㄅㄤ
父母子女,1,ㄈㄨˋ ㄇㄨˇ ㄗˇ ㄋㄩˇ
父母恩勤,1,ㄈㄨˋ ㄇㄨˇ ㄣ ㄑㄧㄣˊ
父母雙亡,1,ㄈㄨˋ ㄇㄨˇ ㄕㄨㄤ ㄨㄤˊ
父母骨肉,1,ㄈㄨˋ ㄇㄨˇ ㄍㄨˇ ㄖㄡˋ
父為子隱,1,ㄈㄨˋ ㄨㄟˋ ㄗˇ ㄧㄣˇ
父精母血,1,ㄈㄨˋ ㄐㄧㄥ ㄇㄨˇ ㄒㄩㄝˋ
父系制度,1,ㄈㄨˋ ㄒㄧˋ ㄓˋ ㄉㄨˋ
爺羹娘飯,1,ㄧㄝˊ ㄍㄥ ㄋㄧㄤˊ ㄈㄢˋ
爺飯娘羹,1,ㄧㄝˊ ㄈㄢˋ ㄋㄧㄤˊ ㄍㄥ
爽心悅目,1,ㄕㄨㄤˇ ㄒㄧㄣ ㄩㄝˋ ㄇㄨˋ
爽心豁目,1,ㄕㄨㄤˇ ㄒㄧㄣ ㄏㄨㄛˋ ㄇㄨˋ
爽然自失,1,ㄕㄨㄤˇ ㄖㄢˊ ㄗˋ ㄕ
爾汝之交,1,ㄦˇ ㄖㄨˇ ㄓ ㄐㄧㄠ
爾雅溫文,1,ㄦˇ ㄧㄚˇ ㄨㄣ ㄨㄣˊ
牆上泥皮,1,ㄑㄧㄤˊ ㄕㄤˋ ㄋㄧˊ ㄆㄧˊ
牆花路柳,1,ㄑㄧㄤˊ ㄏㄨㄚ ㄌㄨˋ ㄌㄧㄡˇ
牆花路草,1,ㄑㄧㄤˊ ㄏㄨㄚ ㄌㄨˋ ㄘㄠˇ
牆面而立,1,ㄑㄧㄤˊ ㄇㄧㄢˋ ㄦˊ ㄌㄧˋ
牆頭馬上,1,ㄑㄧㄤˊ ㄊㄡˊ ㄇㄚˇ ㄕㄤˋ
牆風壁耳,1,ㄑㄧㄤˊ ㄈㄥ ㄅㄧˋ ㄦˇ
片刻不停,1,ㄆㄧㄢˋ ㄎㄜˋ ㄅㄨˋ ㄊㄧㄥˊ
片刻不離,1,ㄆㄧㄢˋ ㄎㄜˋ ㄅㄨˋ ㄌㄧˊ
片口張舌,1,ㄆㄧㄢˋ ㄎㄡˇ ㄓㄤ ㄕㄜˊ
片善小才,1,ㄆㄧㄢˋ ㄕㄢˋ ㄒㄧㄠˇ ㄘㄞˊ
片接寸附,1,ㄆㄧㄢˋ ㄐㄧㄝ ㄘㄨㄣˋ ㄈㄨˋ
片瓦根椽,1,ㄆㄧㄢˋ ㄨㄚˇ ㄍㄣ ㄔㄨㄢˊ
片瓦無存,1,ㄆㄧㄢˋ ㄨㄚˇ ㄨˊ ㄘㄨㄣˊ
片甲不回,1,ㄆㄧㄢˋ ㄐㄧㄚˇ ㄅㄨˋ ㄏㄨㄟˊ
片甲不存,1,ㄆㄧㄢˋ ㄐㄧㄚˇ ㄅㄨˋ ㄘㄨㄣˊ
片甲無存,1,ㄆㄧㄢˋ ㄐㄧㄚˇ ㄨˊ ㄘㄨㄣˊ
片石千鈞,1,ㄆㄧㄢˋ ㄕˊ ㄑㄧㄢ ㄐㄩㄣ
片言一字,1,ㄆㄧㄢˋ ㄧㄢˊ ㄧ ㄗˋ
片言折獄,1,ㄆㄧㄢˋ ㄧㄢˊ ㄓㄜˊ ㄩˋ
片言立決,1,ㄆㄧㄢˋ ㄧㄢˊ ㄌㄧˋ ㄐㄩㄝˊ
片言隻字,1,ㄆㄧㄢˋ ㄧㄢˊ ㄓ ㄗˋ
片語隻字,1,ㄆㄧㄢˋ ㄩˇ ㄓ ㄗˋ
片語隻辭,1,ㄆㄧㄢˋ ㄩˇ ㄓ ㄘˊ
片長末技,1,ㄆㄧㄢˋ ㄔㄤˊ ㄇㄛˋ ㄐㄧˋ
片長薄技,1,ㄆㄧㄢˋ ㄔㄤˊ ㄅㄛˊ ㄐㄧˋ
片雲遮頂,1,ㄆㄧㄢˋ ㄩㄣˊ ㄓㄜ ㄉㄧㄥˇ
片面之言,1,ㄆㄧㄢˋ ㄇㄧㄢˋ ㄓ ㄧㄢˊ
片鱗半爪,1,ㄆㄧㄢˋ ㄌㄧㄣˊ ㄅㄢˋ ㄓㄨㄚˇ
片鱗碎甲,1,ㄆㄧㄢˋ ㄌㄧㄣˊ ㄙㄨㄟˋ ㄐㄧㄚˇ
版築飯牛,1,ㄅㄢˇ ㄓㄨˊ ㄈㄢˋ ㄋㄧㄡˊ
版面設計,1,ㄅㄢˇ ㄇㄧㄢˋ ㄕㄜˋ ㄐㄧˋ
牌告利率,1,ㄆㄞˊ ㄍㄠˋ ㄌㄧˋ ㄌㄩˋ
牙根癢癢,1,ㄧㄚˊ ㄍㄣ ㄧㄤˇ ㄧㄤ˙
牙科醫學,1,ㄧㄚˊ ㄎㄜ ㄧ ㄒㄩㄝˊ
牙管一雙,1,ㄧㄚˊ ㄍㄨㄢˇ ㄧ ㄕㄨㄤ
牙籤萬軸,1,ㄧㄚˊ ㄑㄧㄢ ㄨㄢˋ ㄓㄡˊ
牙縫高低,1,ㄧㄚˊ ㄈㄥˋ ㄍㄠ ㄉㄧ
牙關緊閉,1,ㄧㄚˊ ㄍㄨㄢ ㄐㄧㄣˇ ㄅㄧˋ
牛之一毛,1,ㄋㄧㄡˊ ㄓ ㄧ ㄇㄠˊ
牛刀割雞,1,ㄋㄧㄡˊ ㄉㄠ ㄍㄜ ㄐㄧ
牛回磨轉,1,ㄋㄧㄡˊ ㄏㄨㄟˊ ㄇㄛˋ ㄓㄨㄢˋ
牛女佳期,1,ㄋㄧㄡˊ ㄋㄩˇ ㄐㄧㄚ ㄑㄧˊ
牛山下涕,1,ㄋㄧㄡˊ ㄕㄢ ㄒㄧㄚˋ ㄊㄧˋ
牛心古怪,1,ㄋㄧㄡˊ ㄒㄧㄣ ㄍㄨˇ ㄍㄨㄞˋ
牛心左性,1,ㄋㄧㄡˊ ㄒㄧㄣ ㄗㄨㄛˇ ㄒㄧㄥˋ
牛溲馬勃,1,ㄋㄧㄡˊ ㄙㄡ ㄇㄚˇ ㄅㄛˊ
牛皮大王,1,ㄋㄧㄡˊ ㄆㄧˊ ㄉㄚˋ ㄨㄤˊ
牛童馬走,1,ㄋㄧㄡˊ ㄊㄨㄥˊ ㄇㄚˇ ㄗㄡˇ
牛筋牛降,1,ㄋㄧㄡˊ ㄐㄧㄣ ㄋㄧㄡˊ ㄐㄧㄤˋ
牛表牛觔,1,ㄋㄧㄡˊ ㄅㄧㄠˇ ㄋㄧㄡˊ ㄐㄧㄣ
牛角之歌,1,ㄋㄧㄡˊ ㄐㄧㄠˇ ㄓ ㄍㄜ
牛角掛書,1,ㄋㄧㄡˊ ㄐㄧㄠˇ ㄍㄨㄚˋ ㄕㄨ
牛角書生,1,ㄋㄧㄡˊ ㄐㄧㄠˇ ㄕㄨ ㄕㄥ
牛蹄中魚,1,ㄋㄧㄡˊ ㄊㄧˊ ㄓㄨㄥ ㄩˊ
牛餼退敵,1,ㄋㄧㄡˊ ㄒㄧˋ ㄊㄨㄟˋ ㄉㄧˊ
牛馬之衣,1,ㄋㄧㄡˊ ㄇㄚˇ ㄓ ㄧ
牛馬襟裾,1,ㄋㄧㄡˊ ㄇㄚˇ ㄐㄧㄣ ㄐㄩ
牛驥共牢,1,ㄋㄧㄡˊ ㄐㄧˋ ㄍㄨㄥˋ ㄌㄠˊ
牛驥同皁,1,ㄋㄧㄡˊ ㄐㄧˋ ㄊㄨㄥˊ ㄗㄠˋ
牛黃狗寶,1,ㄋㄧㄡˊ ㄏㄨㄤˊ ㄍㄡˇ ㄅㄠˇ
牛鼎烹雞,1,ㄋㄧㄡˊ ㄉㄧㄥˇ ㄆㄥ ㄐㄧ
牝牡驪黃,1,ㄆㄧㄣˋ ㄇㄨˇ ㄌㄧˊ ㄏㄨㄤˊ
牝雞晨鳴,1,ㄆㄧㄣˋ ㄐㄧ ㄔㄣˊ ㄇㄧㄥˊ
牝雞無晨,1,ㄆㄧㄣˋ ㄐㄧ ㄨˊ ㄔㄣˊ
牝雞牡鳴,1,ㄆㄧㄣˋ ㄐㄧ ㄇㄨˇ ㄇㄧㄥˊ
牢不可拔,1,ㄌㄠˊ ㄅㄨˋ ㄎㄜˇ ㄅㄚˊ
牢成久慣,1,ㄌㄠˊ ㄔㄥˊ ㄐㄧㄡˇ ㄍㄨㄢˋ
牢騷滿腹,1,ㄌㄠˊ ㄙㄠ ㄇㄢˇ ㄈㄨˋ
牧牛放馬,1,ㄇㄨˋ ㄋㄧㄡˊ ㄈㄤˋ ㄇㄚˇ
牧神之笛,1,ㄇㄨˋ ㄕㄣˊ ㄓ ㄉㄧˊ
牧羊讀書,1,ㄇㄨˋ ㄧㄤˊ ㄉㄨˊ ㄕㄨ
牧豕聽經,1,ㄇㄨˋ ㄕˇ ㄊㄧㄥ ㄐㄧㄥ
牧豬奴戲,1,ㄇㄨˋ ㄓㄨ ㄋㄨˊ ㄒㄧˋ
牧野之戰,1,ㄇㄨˋ ㄧㄝˇ ㄓ ㄓㄢˋ
牧養納畜,1,ㄇㄨˋ ㄧㄤˇ ㄋㄚˋ ㄔㄨˋ
物傷其類,1,ㄨˋ ㄕㄤ ㄑㄧˊ ㄌㄟˋ
物各有主,1,ㄨˋ ㄍㄜˋ ㄧㄡˇ ㄓㄨˇ
物我無間,1,ㄨˋ ㄨㄛˇ ㄨˊ ㄐㄧㄢˋ
物是人非,1,ㄨˋ ㄕˋ ㄖㄣˊ ㄈㄟ
物極則衰,1,ㄨˋ ㄐㄧˊ ㄗㄜˊ ㄕㄨㄞ
物歸舊主,1,ㄨˋ ㄍㄨㄟ ㄐㄧㄡˋ ㄓㄨˇ
物流中心,1,ㄨˋ ㄌㄧㄡˊ ㄓㄨㄥ ㄒㄧㄣ
物流系統,1,ㄨˋ ㄌㄧㄡˊ ㄒㄧˋ ㄊㄨㄥˇ
物物交換,1,ㄨˋ ㄨˋ ㄐㄧㄠ ㄏㄨㄢˋ
物理光學,1,ㄨˋ ㄌㄧˇ ㄍㄨㄤ ㄒㄩㄝˊ
物理治療,1,ㄨˋ ㄌㄧˇ ㄓˋ ㄌㄧㄠˊ
物理診斷,1,ㄨˋ ㄌㄧˇ ㄓㄣˇ ㄉㄨㄢˋ
物盛則衰,1,ㄨˋ ㄕㄥˋ ㄗㄜˊ ㄕㄨㄞ
物腐蟲生,1,ㄨˋ ㄈㄨˇ ㄔㄨㄥˊ ㄕㄥ
物至則反,1,ㄨˋ ㄓˋ ㄗㄜˊ ㄈㄢˇ
物華天寶,1,ㄨˋ ㄏㄨㄚˊ ㄊㄧㄢ ㄅㄠˇ
物論沸騰,1,ㄨˋ ㄌㄨㄣˋ ㄈㄟˋ ㄊㄥˊ
物議沸騰,1,ㄨˋ ㄧˋ ㄈㄟˋ ㄊㄥˊ
物質三態,1,ㄨˋ ㄓˊ ㄙㄢ ㄊㄞˋ
物質建設,1,ㄨˋ ㄓˊ ㄐㄧㄢˋ ㄕㄜˋ
物阜民安,1,ㄨˋ ㄈㄨˋ ㄇㄧㄣˊ ㄢ
物阜民熙,1,ㄨˋ ㄈㄨˋ ㄇㄧㄣˊ ㄒㄧ
物阜民豐,1,ㄨˋ ㄈㄨˋ ㄇㄧㄣˊ ㄈㄥ
物離鄉貴,1,ㄨˋ ㄌㄧˊ ㄒㄧㄤ ㄍㄨㄟˋ
特別來賓,1,ㄊㄜˋ ㄅㄧㄝˊ ㄌㄞˊ ㄅㄧㄣ
特別刑法,1,ㄊㄜˋ ㄅㄧㄝˊ ㄒㄧㄥˊ ㄈㄚˇ
特別助理,1,ㄊㄜˋ ㄅㄧㄝˊ ㄓㄨˋ ㄌㄧˇ
特別報導,1,ㄊㄜˋ ㄅㄧㄝˊ ㄅㄠˋ ㄉㄠˇ
特別節目,1,ㄊㄜˋ ㄅㄧㄝˊ ㄐㄧㄝˊ ㄇㄨˋ
特別護士,1,ㄊㄜˋ ㄅㄧㄝˊ ㄏㄨˋ ㄕˋ
特別賣力,1,ㄊㄜˋ ㄅㄧㄝˊ ㄇㄞˋ ㄌㄧˋ
特別門診,1,ㄊㄜˋ ㄅㄧㄝˊ ㄇㄣˊ ㄓㄣˇ
特利可得,1,ㄊㄜˋ ㄌㄧˋ ㄎㄜˇ ㄉㄜˊ
特型演員,1,ㄊㄜˋ ㄒㄧㄥˊ ㄧㄢˇ ㄩㄢˊ
特惠制度,1,ㄊㄜˋ ㄏㄨㄟˋ ㄓˋ ㄉㄨˋ
特惠待遇,1,ㄊㄜˋ ㄏㄨㄟˋ ㄉㄞˋ ㄩˋ
特技鏡頭,1,ㄊㄜˋ ㄐㄧˋ ㄐㄧㄥˋ ㄊㄡˊ
特殊兒童,1,ㄊㄜˋ ㄕㄨ ㄦˊ ㄊㄨㄥˊ
特殊因素,1,ㄊㄜˋ ㄕㄨ ㄧㄣ ㄙㄨˋ
特殊性向,1,ㄊㄜˋ ㄕㄨ ㄒㄧㄥˋ ㄒㄧㄤˋ
特殊才能,1,ㄊㄜˋ ㄕㄨ ㄘㄞˊ ㄋㄥˊ
特殊效果,1,ㄊㄜˋ ㄕㄨ ㄒㄧㄠˋ ㄍㄨㄛˇ
特殊營業,1,ㄊㄜˋ ㄕㄨ ㄧㄥˊ ㄧㄝˋ
特洛伊城,1,ㄊㄜˋ ㄌㄨㄛˋ ㄧ ㄔㄥˊ
特特意意,1,ㄊㄜˋ ㄊㄜˋ ㄧˋ ㄧˋ
特特為為,1,ㄊㄜˋ ㄊㄜˋ ㄨㄟˊ ㄨㄟˊ
特異功能,1,ㄊㄜˋ ㄧˋ ㄍㄨㄥ ㄋㄥˊ
特種作戰,1,ㄊㄜˋ ㄓㄨㄥˇ ㄗㄨㄛˋ ㄓㄢˋ
特種工藝,1,ㄊㄜˋ ㄓㄨㄥˇ ㄍㄨㄥ ㄧˋ
特種文書,1,ㄊㄜˋ ㄓㄨㄥˇ ㄨㄣˊ ㄕㄨ
特種考試,1,ㄊㄜˋ ㄓㄨㄥˇ ㄎㄠˇ ㄕˋ
特約演員,1,ㄊㄜˋ ㄩㄝ ㄧㄢˇ ㄩㄢˊ
特藝彩色,1,ㄊㄜˋ ㄧˋ ㄘㄞˇ ㄙㄜˋ
特許行業,1,ㄊㄜˋ ㄒㄩˇ ㄏㄤˊ ㄧㄝˋ
特賣活動,1,ㄊㄜˋ ㄇㄞˋ ㄏㄨㄛˊ ㄉㄨㄥˋ
特高頻率,1,ㄊㄜˋ ㄍㄠ ㄆㄧㄣˊ ㄌㄩˋ
牽三掛四,1,ㄑㄧㄢ ㄙㄢ ㄍㄨㄚˋ ㄙˋ
牽五掛四,1,ㄑㄧㄢ ㄨˇ ㄍㄨㄚˋ ㄙˋ
牽合附會,1,ㄑㄧㄢ ㄏㄜˊ ㄈㄨˋ ㄏㄨㄟˋ
牽引療法,1,ㄑㄧㄢ ㄧㄣˇ ㄌㄧㄠˊ ㄈㄚˇ
牽強附會,1,ㄑㄧㄢ ㄑㄧㄤˇ ㄈㄨˋ ㄏㄨㄟˋ
牽牛拔樁,1,ㄑㄧㄢ ㄋㄧㄡˊ ㄅㄚˊ ㄓㄨㄤ
牽牛織女,1,ㄑㄧㄢ ㄋㄧㄡˊ ㄓ ㄋㄩˇ
牽籐帶葉,1,ㄑㄧㄢ ㄊㄥˊ ㄉㄞˋ ㄧㄝˋ
牽絲娶婦,1,ㄑㄧㄢ ㄙ ㄑㄩˇ ㄈㄨˋ
牽絲扳藤,1,ㄑㄧㄢ ㄙ ㄅㄢ ㄊㄥˊ
牽絲攀藤,1,ㄑㄧㄢ ㄙ ㄆㄢ ㄊㄥˊ
牽線搭橋,1,ㄑㄧㄢ ㄒㄧㄢˋ ㄉㄚ ㄑㄧㄠˊ
牽羊成禮,1,ㄑㄧㄢ ㄧㄤˊ ㄔㄥˊ ㄌㄧˇ
牽羊擔酒,1,ㄑㄧㄢ ㄧㄤˊ ㄉㄢ ㄐㄧㄡˇ
牽肚掛腸,1,ㄑㄧㄢ ㄉㄨˋ ㄍㄨㄚˋ ㄔㄤˊ
牽腸割肚,1,ㄑㄧㄢ ㄔㄤˊ ㄍㄜ ㄉㄨˋ
牽蘿補屋,1,ㄑㄧㄢ ㄌㄨㄛˊ ㄅㄨˇ ㄨ
犀牛望月,1,ㄒㄧ ㄋㄧㄡˊ ㄨㄤˋ ㄩㄝˋ
犁庭掃閭,1,ㄌㄧˊ ㄊㄧㄥˊ ㄙㄠˇ ㄌㄩˊ
犁牛之子,1,ㄌㄧˊ ㄋㄧㄡˊ ㄓ ㄗˇ
犁鏵大鼓,1,ㄌㄧˊ ㄏㄨㄚˊ ㄉㄚˋ ㄍㄨˇ
犄角之勢,1,ㄐㄧ ㄐㄧㄠˇ ㄓ ㄕˋ
犖犖大者,1,ㄌㄨㄛˋ ㄌㄨㄛˋ ㄉㄚˋ ㄓㄜˇ
犧牲玉帛,1,ㄒㄧ ㄕㄥ ㄩˋ ㄅㄛˊ
犧牲酒醴,1,ㄒㄧ ㄕㄥ ㄐㄧㄡˇ ㄌㄧˇ
犬不夜吠,1,ㄑㄩㄢˇ ㄅㄨˋ ㄧㄝˋ ㄈㄟˋ
犬兔俱斃,1,ㄑㄩㄢˇ ㄊㄨˋ ㄐㄩˋ ㄅㄧˋ
犬吠之盜,1,ㄑㄩㄢˇ ㄈㄟˋ ㄓ ㄉㄠˋ
犬吠之警,1,ㄑㄩㄢˇ ㄈㄟˋ ㄓ ㄐㄧㄥˇ
犬彘之食,1,ㄑㄩㄢˇ ㄓˋ ㄓ ㄕˊ
犬牙差互,1,ㄑㄩㄢˇ ㄧㄚˊ ㄘ ㄏㄨˋ
犬牙盤石,1,ㄑㄩㄢˇ ㄧㄚˊ ㄆㄢˊ ㄕˊ
犬牙相制,1,ㄑㄩㄢˇ ㄧㄚˊ ㄒㄧㄤ ㄓˋ
犬牙相臨,1,ㄑㄩㄢˇ ㄧㄚˊ ㄒㄧㄤ ㄌㄧㄣˊ
犬牙鷹爪,1,ㄑㄩㄢˇ ㄧㄚˊ ㄧㄥ ㄓㄠˇ
犬馬之力,1,ㄑㄩㄢˇ ㄇㄚˇ ㄓ ㄌㄧˋ
犬馬之命,1,ㄑㄩㄢˇ ㄇㄚˇ ㄓ ㄇㄧㄥˋ
犬馬之報,1,ㄑㄩㄢˇ ㄇㄚˇ ㄓ ㄅㄠˋ
犬馬之年,1,ㄑㄩㄢˇ ㄇㄚˇ ㄓ ㄋㄧㄢˊ
犬馬之心,1,ㄑㄩㄢˇ ㄇㄚˇ ㄓ ㄒㄧㄣ
犬馬之戀,1,ㄑㄩㄢˇ ㄇㄚˇ ㄓ ㄌㄧㄢˋ
犬馬之疾,1,ㄑㄩㄢˇ ㄇㄚˇ ㄓ ㄐㄧˊ
犬馬戀主,1,ㄑㄩㄢˇ ㄇㄚˇ ㄌㄧㄢˋ ㄓㄨˇ
犬馬齒殲,1,ㄑㄩㄢˇ ㄇㄚˇ ㄔˇ ㄐㄧㄢ
犬馬齒窮,1,ㄑㄩㄢˇ ㄇㄚˇ ㄔˇ ㄑㄩㄥˊ
犬馬齒索,1,ㄑㄩㄢˇ ㄇㄚˇ ㄔˇ ㄙㄨㄛˇ
犯法違理,1,ㄈㄢˋ ㄈㄚˇ ㄨㄟˊ ㄌㄧˇ
犯罪現場,1,ㄈㄢˋ ㄗㄨㄟˋ ㄒㄧㄢˋ ㄔㄤˊ
犯而不校,1,ㄈㄢˋ ㄦˊ ㄅㄨˋ ㄐㄧㄠˋ
犯關排闥,1,ㄈㄢˋ ㄍㄨㄢ ㄆㄞˊ ㄊㄚˋ
犯顏苦諫,1,ㄈㄢˋ ㄧㄢˊ ㄎㄨˇ ㄐㄧㄢˋ
狀元及第,1,ㄓㄨㄤˋ ㄩㄢˊ ㄐㄧˊ ㄉㄧˋ
狂三詐四,1,ㄎㄨㄤˊ ㄙㄢ ㄓㄚˋ ㄙˋ
狂吟老監,1,ㄎㄨㄤˊ ㄧㄣˊ ㄌㄠˇ ㄐㄧㄢ
狂奴故態,1,ㄎㄨㄤˊ ㄋㄨˊ ㄍㄨˋ ㄊㄞˋ
狂嫖濫賭,1,ㄎㄨㄤˊ ㄆㄧㄠˊ ㄌㄢˋ ㄉㄨˇ
狂朋怪友,1,ㄎㄨㄤˊ ㄆㄥˊ ㄍㄨㄞˋ ㄧㄡˇ
狂濤巨浪,1,ㄎㄨㄤˊ ㄊㄠˊ ㄐㄩˋ ㄌㄤˋ
狂濤駭浪,1,ㄎㄨㄤˊ ㄊㄠˊ ㄏㄞˋ ㄌㄤˋ
狂熱分子,1,ㄎㄨㄤˊ ㄖㄜˋ ㄈㄣˋ ㄗˇ
狂花病葉,1,ㄎㄨㄤˊ ㄏㄨㄚ ㄅㄧㄥˋ ㄧㄝˋ
狂蜂浪蝶,1,ㄎㄨㄤˊ ㄈㄥ ㄌㄤˋ ㄉㄧㄝˊ
狂風大作,1,ㄎㄨㄤˊ ㄈㄥ ㄉㄚˋ ㄗㄨㄛˋ
狂風大浪,1,ㄎㄨㄤˊ ㄈㄥ ㄉㄚˋ ㄌㄤˋ
狂風烈日,1,ㄎㄨㄤˊ ㄈㄥ ㄌㄧㄝˋ ㄖˋ
狂風駭浪,1,ㄎㄨㄤˊ ㄈㄥ ㄏㄞˋ ㄌㄤˋ
狂風驟雨,1,ㄎㄨㄤˊ ㄈㄥ ㄗㄡˋ ㄩˇ
狂魂怨鬼,1,ㄎㄨㄤˊ ㄏㄨㄣˊ ㄩㄢˋ ㄍㄨㄟˇ
狄良突盧,1,ㄉㄧˊ ㄌㄧㄤˊ ㄊㄨˊ ㄌㄨˊ
狐丘之誡,1,ㄏㄨˊ ㄑㄧㄡ ㄓ ㄐㄧㄝˋ
狐假鴟張,1,ㄏㄨˊ ㄐㄧㄚˇ ㄔ ㄓㄤ
狐兔之悲,1,ㄏㄨˊ ㄊㄨˋ ㄓ ㄅㄟ
狐埋狐搰,1,ㄏㄨˊ ㄇㄞˊ ㄏㄨˊ ㄏㄨˊ
狐奔鼠竄,1,ㄏㄨˊ ㄅㄣ ㄕㄨˇ ㄘㄨㄢˋ
狐媚猿攀,1,ㄏㄨˊ ㄇㄟˋ ㄩㄢˊ ㄆㄢ
狐媚魔道,1,ㄏㄨˊ ㄇㄟˋ ㄇㄛˊ ㄉㄠˋ
狐媚魘道,1,ㄏㄨˊ ㄇㄟˋ ㄧㄢˇ ㄉㄠˋ
狐憑鼠伏,1,ㄏㄨˊ ㄆㄧㄥˊ ㄕㄨˇ ㄈㄨˊ
狐朋狗友,1,ㄏㄨˊ ㄆㄥˊ ㄍㄡˇ ㄧㄡˇ
狐朋狗黨,1,ㄏㄨˊ ㄆㄥˊ ㄍㄡˇ ㄉㄤˇ
狐死兔悲,1,ㄏㄨˊ ㄙˇ ㄊㄨˋ ㄅㄟ
狐死兔泣,1,ㄏㄨˊ ㄙˇ ㄊㄨˋ ㄑㄧˋ
狐死首丘,1,ㄏㄨˊ ㄙˇ ㄕㄡˇ ㄑㄧㄡ
狐潛鼠伏,1,ㄏㄨˊ ㄑㄧㄢˊ ㄕㄨˇ ㄈㄨˊ
狐狸尾巴,1,ㄏㄨˊ ㄌㄧ˙ ㄨㄟˇ ㄅㄚ˙
狐疑未決,1,ㄏㄨˊ ㄧˊ ㄨㄟˋ ㄐㄩㄝˊ
狐藉虎威,1,ㄏㄨˊ ㄐㄧㄝˋ ㄏㄨˇ ㄨㄟ
狐虎之威,1,ㄏㄨˊ ㄏㄨˇ ㄓ ㄨㄟ
狐裘羔袖,1,ㄏㄨˊ ㄑㄧㄡˊ ㄍㄠ ㄒㄧㄡˋ
狐裘蒙戎,1,ㄏㄨˊ ㄑㄧㄡˊ ㄇㄥˊ ㄖㄨㄥˊ
狐裘龍茸,1,ㄏㄨˊ ㄑㄧㄡˊ ㄌㄨㄥˊ ㄖㄨㄥˊ
狐鳴狗盜,1,ㄏㄨˊ ㄇㄧㄥˊ ㄍㄡˇ ㄉㄠˋ
狐鳴魚書,1,ㄏㄨˊ ㄇㄧㄥˊ ㄩˊ ㄕㄨ
狐鼠之徒,1,ㄏㄨˊ ㄕㄨˇ ㄓ ㄊㄨˊ
狗仗官勢,1,ㄍㄡˇ ㄓㄤˋ ㄍㄨㄢ ㄕˋ
狗偷鼠竊,1,ㄍㄡˇ ㄊㄡ ㄕㄨˇ ㄑㄧㄝˋ
狗兔聽提,1,ㄍㄡˇ ㄊㄨˋ ㄊㄧㄥ ㄊㄧˊ
狗吃熱屎,1,ㄍㄡˇ ㄔ ㄖㄜˋ ㄕˇ
狗吠之警,1,ㄍㄡˇ ㄈㄟˋ ㄓ ㄐㄧㄥˇ
狗吠之驚,1,ㄍㄡˇ ㄈㄟˋ ㄓ ㄐㄧㄥ
狗吠非主,1,ㄍㄡˇ ㄈㄟˋ ㄈㄟ ㄓㄨˇ
狗屠角牴,1,ㄍㄡˇ ㄊㄨˊ ㄐㄧㄠˇ ㄉㄧˇ
狗彘不如,1,ㄍㄡˇ ㄓˋ ㄅㄨˋ ㄖㄨˊ
狗彘不若,1,ㄍㄡˇ ㄓˋ ㄅㄨˋ ㄖㄨㄛˋ
狗彘不食,1,ㄍㄡˇ ㄓˋ ㄅㄨˋ ㄕˊ
狗心狗行,1,ㄍㄡˇ ㄒㄧㄣ ㄍㄡˇ ㄒㄧㄥˋ
狗烹錡釜,1,ㄍㄡˇ ㄆㄥ ㄑㄧˊ ㄈㄨˇ
狗皮倒灶,1,ㄍㄡˇ ㄆㄧˊ ㄉㄠˇ ㄗㄠˋ
狗皮膏藥,1,ㄍㄡˇ ㄆㄧˊ ㄍㄠ ㄧㄠˋ
狗盜雞鳴,1,ㄍㄡˇ ㄉㄠˋ ㄐㄧ ㄇㄧㄥˊ
狗盜鼠竊,1,ㄍㄡˇ ㄉㄠˋ ㄕㄨˇ ㄑㄧㄝˋ
狗竇大開,1,ㄍㄡˇ ㄉㄡˋ ㄉㄚˋ ㄎㄞ
狗續貂尾,1,ㄍㄡˇ ㄒㄩˋ ㄉㄧㄠ ㄨㄟˇ
狗肺狼心,1,ㄍㄡˇ ㄈㄟˋ ㄌㄤˊ ㄒㄧㄣ
狗血噴臉,1,ㄍㄡˇ ㄒㄧㄝˇ ㄆㄣ ㄌㄧㄢˇ
狗行狼心,1,ㄍㄡˇ ㄒㄧㄥˊ ㄌㄤˊ ㄒㄧㄣ
狗追耗子,1,ㄍㄡˇ ㄓㄨㄟ ㄏㄠˋ ㄗ˙
狗顛屁股,1,ㄍㄡˇ ㄉㄧㄢ ㄆㄧˋ ㄍㄨ˙
狗馬之心,1,ㄍㄡˇ ㄇㄚˇ ㄓ ㄒㄧㄣ
狗馬聲色,1,ㄍㄡˇ ㄇㄚˇ ㄕㄥ ㄙㄜˋ
狗黨狐群,1,ㄍㄡˇ ㄉㄤˇ ㄏㄨˊ ㄑㄩㄣˊ
狠愎自用,1,ㄏㄣˇ ㄅㄧˋ ㄗˋ ㄩㄥˋ
狡猾多詐,1,ㄐㄧㄠˇ ㄏㄨㄚˊ ㄉㄨㄛ ㄓㄚˋ
狧糠及米,1,ㄊㄚˋ ㄎㄤ ㄐㄧˊ ㄇㄧˇ
狹軌鐵路,1,ㄒㄧㄚˊ ㄍㄨㄟˇ ㄊㄧㄝˇ ㄌㄨˋ
狼吃幞頭,1,ㄌㄤˊ ㄔ ㄆㄨˊ ㄊㄡˊ
狼吞虎噬,1,ㄌㄤˊ ㄊㄨㄣ ㄏㄨˇ ㄕˋ
狼多肉少,1,ㄌㄤˊ ㄉㄨㄛ ㄖㄡˋ ㄕㄠˇ
狼奔豕突,1,ㄌㄤˊ ㄅㄣ ㄕˇ ㄊㄨˊ
狼奔鼠竄,1,ㄌㄤˊ ㄅㄣ ㄕㄨˇ ㄘㄨㄢˋ
狼子獸心,1,ㄌㄤˊ ㄗˇ ㄕㄡˋ ㄒㄧㄣ
狼居胥山,1,ㄌㄤˊ ㄐㄩ ㄒㄩ ㄕㄢ
狼心狗幸,1,ㄌㄤˊ ㄒㄧㄣ ㄍㄡˇ ㄒㄧㄥˋ
狼心狗行,1,ㄌㄤˊ ㄒㄧㄣ ㄍㄡˇ ㄒㄧㄥˋ
狼狽相倚,1,ㄌㄤˊ ㄅㄟˋ ㄒㄧㄤ ㄧˇ
狼狽而逃,1,ㄌㄤˊ ㄅㄟˋ ㄦˊ ㄊㄠˊ
狼狽萬狀,1,ㄌㄤˊ ㄅㄟˋ ㄨㄢˋ ㄓㄨㄤˋ
狼猛蜂毒,1,ㄌㄤˊ ㄇㄥˇ ㄈㄥ ㄉㄨˊ
狼號鬼叫,1,ㄌㄤˊ ㄏㄠˊ ㄍㄨㄟˇ ㄐㄧㄠˋ
狼號鬼哭,1,ㄌㄤˊ ㄏㄠˊ ㄍㄨㄟˇ ㄎㄨ
狼貪鼠竊,1,ㄌㄤˊ ㄊㄢ ㄕㄨˇ ㄑㄧㄝˋ
狼顧狐疑,1,ㄌㄤˊ ㄍㄨˋ ㄏㄨˊ ㄧˊ
狼飧虎嚥,1,ㄌㄤˊ ㄙㄨㄣ ㄏㄨˇ ㄧㄢˋ
狼餐虎嚥,1,ㄌㄤˊ ㄘㄢ ㄏㄨˇ ㄧㄢˋ
猖猖狂狂,1,ㄔㄤ ㄔㄤ ㄎㄨㄤˊ ㄎㄨㄤˊ
猗猗靡靡,1,ㄧ ㄧ ㄇㄧˇ ㄇㄧˇ
猛然大悟,1,ㄇㄥˇ ㄖㄢˊ ㄉㄚˋ ㄨˋ
猛著先鞭,1,ㄇㄥˇ ㄓㄨㄛˊ ㄒㄧㄢ ㄅㄧㄢ
猛著祖鞭,1,ㄇㄥˇ ㄓㄨㄛˊ ㄗㄨˇ ㄅㄧㄢ
猜三划五,1,ㄘㄞ ㄙㄢ ㄏㄨㄚˊ ㄨˇ
猢猻大王,1,ㄏㄨˊ ㄙㄨㄣ ㄉㄞˋ ㄨㄤˊ
猥當大任,1,ㄨㄟˇ ㄉㄤ ㄉㄚˋ ㄖㄣˋ
猴子似的,1,ㄏㄡˊ ㄗ˙ ㄙˋ ㄉㄜ˙
猴子屁股,1,ㄏㄡˊ ㄗ˙ ㄆㄧˋ ㄍㄨˇ
猴子扮戲,1,ㄏㄡˊ ㄗ˙ ㄅㄢˋ ㄒㄧˋ
猶豫多疑,1,ㄧㄡˊ ㄩˋ ㄉㄨㄛ ㄧˊ
猶豫未決,1,ㄧㄡˊ ㄩˋ ㄨㄟˋ ㄐㄩㄝˊ
猶魚得水,1,ㄧㄡˊ ㄩˊ ㄉㄜˊ ㄕㄨㄟˇ
猾猾突突,1,ㄏㄨㄚˊ ㄏㄨㄚˊ ㄊㄨˊ ㄊㄨˊ
猿猴取月,1,ㄩㄢˊ ㄏㄡˊ ㄑㄩˇ ㄩㄝˋ
猿穴壞山,1,ㄩㄢˊ ㄒㄩㄝˋ ㄍㄨㄞˋ ㄕㄢ
猿腸寸斷,1,ㄩㄢˊ ㄔㄤˊ ㄘㄨㄣˋ ㄉㄨㄢˋ
猿鶴沙蟲,1,ㄩㄢˊ ㄏㄜˋ ㄕㄚ ㄔㄨㄥˊ
猿鶴蟲沙,1,ㄩㄢˊ ㄏㄜˋ ㄔㄨㄥˊ ㄕㄚ
獃串了皮,1,ㄉㄞ ㄔㄨㄢˋ ㄌㄜ˙ ㄆㄧˊ
獄貨非寶,1,ㄩˋ ㄏㄨㄛˋ ㄈㄟ ㄅㄠˇ
獅子搏兔,1,ㄕ ㄗ˙ ㄅㄛˊ ㄊㄨˋ
獨享權益,1,ㄉㄨˊ ㄒㄧㄤˇ ㄑㄩㄢˊ ㄧˋ
獨具隻眼,1,ㄉㄨˊ ㄐㄩˋ ㄓ ㄧㄢˇ
獨出心裁,1,ㄉㄨˊ ㄔㄨ ㄒㄧㄣ ㄘㄞˊ
獨出機杼,1,ㄉㄨˊ ㄔㄨ ㄐㄧ ㄓㄨˋ
獨到之見,1,ㄉㄨˊ ㄉㄠˋ ㄓ ㄐㄧㄢˋ
獨力難持,1,ㄉㄨˊ ㄌㄧˋ ㄋㄢˊ ㄔˊ
獨力難支,1,ㄉㄨˊ ㄌㄧˋ ㄋㄢˊ ㄓ
獨占花魁,1,ㄉㄨˊ ㄓㄢˋ ㄏㄨㄚ ㄎㄨㄟˊ
獨占資本,1,ㄉㄨˊ ㄓㄢˋ ㄗ ㄅㄣˇ
獨占鼇頭,1,ㄉㄨˊ ㄓㄢˋ ㄠˊ ㄊㄡˊ
獨吃自痾,1,ㄉㄨˊ ㄔ ㄗˋ ㄜ
獨垂青盼,1,ㄉㄨˊ ㄔㄨㄟˊ ㄑㄧㄥ ㄆㄢˋ
獨夫民賊,1,ㄉㄨˊ ㄈㄨ ㄇㄧㄣˊ ㄗㄟˊ
獨學孤陋,1,ㄉㄨˊ ㄒㄩㄝˊ ㄍㄨ ㄌㄡˋ
獨學寡聞,1,ㄉㄨˊ ㄒㄩㄝˊ ㄍㄨㄚˇ ㄨㄣˊ
獨守尺寸,1,ㄉㄨˊ ㄕㄡˇ ㄔˇ ㄘㄨㄣˋ
獨守空房,1,ㄉㄨˊ ㄕㄡˇ ㄎㄨㄥ ㄈㄤˊ
獨家生意,1,ㄉㄨˊ ㄐㄧㄚ ㄕㄥ ㄧ˙
獨居監禁,1,ㄉㄨˊ ㄐㄩ ㄐㄧㄢ ㄐㄧㄣˋ
獨弦哀歌,1,ㄉㄨˊ ㄒㄧㄢˊ ㄞ ㄍㄜ
獨抒性靈,1,ㄉㄨˊ ㄕㄨ ㄒㄧㄥˋ ㄌㄧㄥˊ
獨擅勝場,1,ㄉㄨˊ ㄕㄢˋ ㄕㄥˋ ㄔㄤˊ
獨木不林,1,ㄉㄨˊ ㄇㄨˋ ㄅㄨˋ ㄌㄧㄣˊ
獨根孤種,1,ㄉㄨˊ ㄍㄣ ㄍㄨ ㄓㄨㄥˇ
獨步一時,1,ㄉㄨˊ ㄅㄨˋ ㄧ ㄕˊ
獨步天下,1,ㄉㄨˊ ㄅㄨˋ ㄊㄧㄢ ㄒㄧㄚˋ
獨步當時,1,ㄉㄨˊ ㄅㄨˋ ㄉㄤ ㄕˊ
獨立不群,1,ㄉㄨˊ ㄌㄧˋ ㄅㄨˋ ㄑㄩㄣˊ
獨立千古,1,ㄉㄨˊ ㄌㄧˋ ㄑㄧㄢ ㄍㄨˇ
獨行其道,1,ㄉㄨˊ ㄒㄧㄥˊ ㄑㄧˊ ㄉㄠˋ
獨行大盜,1,ㄉㄨˊ ㄒㄧㄥˊ ㄉㄚˋ ㄉㄠˋ
獨行獨斷,1,ㄉㄨˊ ㄒㄧㄥˊ ㄉㄨˊ ㄉㄨㄢˋ
獨角赦書,1,ㄉㄨˊ ㄐㄧㄠˇ ㄕㄜˋ ㄕㄨ
獨軌鐵路,1,ㄉㄨˊ ㄍㄨㄟˇ ㄊㄧㄝˇ ㄌㄨˋ
獨門子貨,1,ㄉㄨˊ ㄇㄣˊ ㄗ˙ ㄏㄨㄛˋ
獨闢蹊徑,1,ㄉㄨˊ ㄆㄧˋ ㄒㄧ ㄐㄧㄥˋ
獨領風騷,1,ㄉㄨˊ ㄌㄧㄥˇ ㄈㄥ ㄙㄠ
獲利倍蓰,1,ㄏㄨㄛˋ ㄌㄧˋ ㄅㄟˋ ㄒㄧˇ
獲益不淺,1,ㄏㄨㄛˋ ㄧˋ ㄅㄨˋ ㄑㄧㄢˇ
獲益匪淺,1,ㄏㄨㄛˋ ㄧˋ ㄈㄟˇ ㄑㄧㄢˇ
獲益良多,1,ㄏㄨㄛˋ ㄧˋ ㄌㄧㄤˊ ㄉㄨㄛ
獸心人面,1,ㄕㄡˋ ㄒㄧㄣ ㄖㄣˊ ㄇㄧㄢˋ
獸聚鳥散,1,ㄕㄡˋ ㄐㄩˋ ㄋㄧㄠˇ ㄙㄢˋ
獻可替否,1,ㄒㄧㄢˋ ㄎㄜˇ ㄊㄧˋ ㄈㄡˇ
獻替可否,1,ㄒㄧㄢˋ ㄊㄧˋ ㄎㄜˇ ㄈㄡˇ
玄圃積玉,1,ㄒㄩㄢˊ ㄆㄨˇ ㄐㄧ ㄩˋ
玄天上帝,1,ㄒㄩㄢˊ ㄊㄧㄢ ㄕㄤˋ ㄉㄧˋ
玄妙入神,1,ㄒㄩㄢˊ ㄇㄧㄠˋ ㄖㄨˋ ㄕㄣˊ
玄妙無窮,1,ㄒㄩㄢˊ ㄇㄧㄠˋ ㄨˊ ㄑㄩㄥˊ
玄妙莫測,1,ㄒㄩㄢˊ ㄇㄧㄠˋ ㄇㄛˋ ㄘㄜˋ
玄機妙算,1,ㄒㄩㄢˊ ㄐㄧ ㄇㄧㄠˋ ㄙㄨㄢˋ
玄石沉湎,1,ㄒㄩㄢˊ ㄕˊ ㄔㄣˊ ㄇㄧㄢˇ
玄祕塔碑,1,ㄒㄩㄢˊ ㄇㄧˋ ㄊㄚˇ ㄅㄟ
玄謀廟算,1,ㄒㄩㄢˊ ㄇㄡˊ ㄇㄧㄠˋ ㄙㄨㄢˋ
玄關妙理,1,ㄒㄩㄢˊ ㄍㄨㄢ ㄇㄧㄠˋ ㄌㄧˇ
玄黃翻覆,1,ㄒㄩㄢˊ ㄏㄨㄤˊ ㄈㄢ ㄈㄨˋ
率以為常,1,ㄕㄨㄞˋ ㄧˇ ㄨㄟˊ ㄔㄤˊ
率土之濱,1,ㄕㄨㄞˋ ㄊㄨˇ ㄓ ㄅㄧㄣ
率土同慶,1,ㄕㄨㄞˋ ㄊㄨˇ ㄊㄨㄥˊ ㄑㄧㄥˋ
率土宅心,1,ㄕㄨㄞˋ ㄊㄨˇ ㄓㄞˊ ㄒㄧㄣ
率土歸心,1,ㄕㄨㄞˋ ㄊㄨˇ ㄍㄨㄟ ㄒㄧㄣ
率爾成章,1,ㄕㄨㄞˋ ㄦˇ ㄔㄥˊ ㄓㄤ
率由舊則,1,ㄕㄨㄞˋ ㄧㄡˊ ㄐㄧㄡˋ ㄗㄜˊ
率馬以驥,1,ㄕㄨㄞˋ ㄇㄚˇ ㄧˇ ㄐㄧˋ
玉佩瓊琚,1,ㄩˋ ㄆㄟˋ ㄑㄩㄥˊ ㄐㄩ
玉勒雕鞍,1,ㄩˋ ㄌㄜˋ ㄉㄧㄠ ㄢ
玉卮無當,1,ㄩˋ ㄓ ㄨˊ ㄉㄤˋ
玉堂金門,1,ㄩˋ ㄊㄤˊ ㄐㄧㄣ ㄇㄣˊ
玉堂金馬,1,ㄩˋ ㄊㄤˊ ㄐㄧㄣ ㄇㄚˇ
玉天大帝,1,ㄩˋ ㄊㄧㄢ ㄉㄚˋ ㄉㄧˋ
玉女投壺,1,ㄩˋ ㄋㄩˇ ㄊㄡˊ ㄏㄨˊ
玉尺量才,1,ㄩˋ ㄔˇ ㄌㄧㄤˊ ㄘㄞˊ
玉山傾倒,1,ㄩˋ ㄕㄢ ㄑㄧㄥ ㄉㄠˇ
玉山傾頹,1,ㄩˋ ㄕㄢ ㄑㄧㄥ ㄊㄨㄟˊ
玉山將崩,1,ㄩˋ ㄕㄢ ㄐㄧㄤ ㄅㄥ
玉帛笙歌,1,ㄩˋ ㄅㄛˊ ㄕㄥ ㄍㄜ
玉律金科,1,ㄩˋ ㄌㄩˋ ㄐㄧㄣ ㄎㄜ
玉成其美,1,ㄩˋ ㄔㄥˊ ㄑㄧˊ ㄇㄟˇ
玉手纖纖,1,ㄩˋ ㄕㄡˇ ㄒㄧㄢ ㄒㄧㄢ
玉振金聲,1,ㄩˋ ㄓㄣˋ ㄐㄧㄣ ㄕㄥ
玉昆金友,1,ㄩˋ ㄎㄨㄣ ㄐㄧㄣ ㄧㄡˇ
玉枝卜壽,1,ㄩˋ ㄓ ㄅㄨˇ ㄕㄡˋ
玉樓赴召,1,ㄩˋ ㄌㄡˊ ㄈㄨˋ ㄓㄠˋ
玉樓金殿,1,ㄩˋ ㄌㄡˊ ㄐㄧㄣ ㄉㄧㄢˋ
玉樓金閣,1,ㄩˋ ㄌㄡˊ ㄐㄧㄣ ㄍㄜˊ
玉樓金闕,1,ㄩˋ ㄌㄡˊ ㄐㄧㄣ ㄑㄩㄝˋ
玉海金山,1,ㄩˋ ㄏㄞˇ ㄐㄧㄣ ㄕㄢ
玉減香消,1,ㄩˋ ㄐㄧㄢˇ ㄒㄧㄤ ㄒㄧㄠ
玉燕投懷,1,ㄩˋ ㄧㄢˋ ㄊㄡˊ ㄏㄨㄞˊ
玉皇上帝,1,ㄩˋ ㄏㄨㄤˊ ㄕㄤˋ ㄉㄧˋ
玉石不分,1,ㄩˋ ㄕˊ ㄅㄨˋ ㄈㄣ
玉石俱摧,1,ㄩˋ ㄕˊ ㄐㄩˋ ㄘㄨㄟ
玉石俱燼,1,ㄩˋ ㄕˊ ㄐㄩˋ ㄐㄧㄣˋ
玉石俱碎,1,ㄩˋ ㄕˊ ㄐㄩˋ ㄙㄨㄟˋ
玉石同沉,1,ㄩˋ ㄕˊ ㄊㄨㄥˊ ㄔㄣˊ
玉石同焚,1,ㄩˋ ㄕˊ ㄊㄨㄥˊ ㄈㄣˊ
玉石同燼,1,ㄩˋ ㄕˊ ㄊㄨㄥˊ ㄐㄧㄣˋ
玉石混淆,1,ㄩˋ ㄕˊ ㄏㄨㄣˇ ㄧㄠˊ
玉碎珠沉,1,ㄩˋ ㄙㄨㄟˋ ㄓㄨ ㄔㄣˊ
玉碎花銷,1,ㄩˋ ㄙㄨㄟˋ ㄏㄨㄚ ㄒㄧㄠ
玉碎香殘,1,ㄩˋ ㄙㄨㄟˋ ㄒㄧㄤ ㄘㄢˊ
玉碎香消,1,ㄩˋ ㄙㄨㄟˋ ㄒㄧㄤ ㄒㄧㄠ
玉立亭亭,1,ㄩˋ ㄌㄧˋ ㄊㄧㄥˊ ㄊㄧㄥˊ
玉簫聲斷,1,ㄩˋ ㄒㄧㄠ ㄕㄥ ㄉㄨㄢˋ
玉肌花貌,1,ㄩˋ ㄐㄧ ㄏㄨㄚ ㄇㄠˋ
玉臺新詠,1,ㄩˋ ㄊㄞˊ ㄒㄧㄣ ㄩㄥˇ
玉葉金枝,1,ㄩˋ ㄧㄝˋ ㄐㄧㄣ ㄓ
玉葉金柯,1,ㄩˋ ㄧㄝˋ ㄐㄧㄣ ㄎㄜ
玉葉金花,1,ㄩˋ ㄧㄝˋ ㄐㄧㄣ ㄏㄨㄚ
玉貌潘郎,1,ㄩˋ ㄇㄠˋ ㄆㄢ ㄌㄤˊ
玉貌花容,1,ㄩˋ ㄇㄠˋ ㄏㄨㄚ ㄖㄨㄥˊ
玉質金相,1,ㄩˋ ㄓˊ ㄐㄧㄣ ㄒㄧㄤˋ
玉軟花柔,1,ㄩˋ ㄖㄨㄢˇ ㄏㄨㄚ ㄖㄡˊ
玉軟香溫,1,ㄩˋ ㄖㄨㄢˇ ㄒㄧㄤ ㄨㄣ
玉陽真君,1,ㄩˋ ㄧㄤˊ ㄓㄣ ㄐㄩㄣ
玉食錦衣,1,ㄩˋ ㄕˊ ㄐㄧㄣˇ ㄧ
玉骨冰肌,1,ㄩˋ ㄍㄨˇ ㄅㄧㄥ ㄐㄧ
玉體違和,1,ㄩˋ ㄊㄧˇ ㄨㄟˊ ㄏㄜˊ
王佐之才,1,ㄨㄤˊ ㄗㄨㄛˇ ㄓ ㄘㄞˊ
王八羔子,1,ㄨㄤˊ ㄅㄚ˙ ㄍㄠ ㄗ˙
王公大人,1,ㄨㄤˊ ㄍㄨㄥ ㄉㄚˋ ㄖㄣˊ
王公貴戚,1,ㄨㄤˊ ㄍㄨㄥ ㄍㄨㄟˋ ㄑㄧ
王命旗牌,1,ㄨㄤˊ ㄇㄧㄥˋ ㄑㄧˊ ㄆㄞˊ
王喬騎鶴,1,ㄨㄤˊ ㄑㄧㄠˊ ㄑㄧˊ ㄏㄜˋ
王孫公子,1,ㄨㄤˊ ㄙㄨㄣ ㄍㄨㄥ ㄗˇ
王得祿墓,1,ㄨㄤˊ ㄉㄜˊ ㄌㄨˋ ㄇㄨˋ
王敦擊壺,1,ㄨㄤˊ ㄉㄨㄣ ㄐㄧˊ ㄏㄨˊ
王母娘娘,1,ㄨㄤˊ ㄇㄨˇ ㄋㄧㄤˊ ㄋㄧㄤ˙
王母蟠桃,1,ㄨㄤˊ ㄇㄨˇ ㄆㄢˊ ㄊㄠˊ
王祥臥冰,1,ㄨㄤˊ ㄒㄧㄤˊ ㄨㄛˋ ㄅㄧㄥ
王貢彈冠,1,ㄨㄤˊ ㄍㄨㄥˋ ㄊㄢˊ ㄍㄨㄢ
玍七馬八,1,ㄍㄚˇ ㄑㄧ ㄇㄚˇ ㄅㄚ
玩不得的,1,ㄨㄢˊ ㄅㄨ˙ ㄉㄜˊ ㄉㄜ˙
玩世不羈,1,ㄨㄢˋ ㄕˋ ㄅㄨˋ ㄐㄧ
玩人喪德,1,ㄨㄢˋ ㄖㄣˊ ㄙㄤˋ ㄉㄜˊ
玩日愒歲,1,ㄨㄢˋ ㄖˋ ㄎㄞˋ ㄙㄨㄟˋ
玩歲愒日,1,ㄨㄢˋ ㄙㄨㄟˋ ㄎㄞˋ ㄖˋ
玻璃小鞋,1,ㄅㄛ ㄌㄧ˙ ㄒㄧㄠˇ ㄒㄧㄝˊ
玻璃帷幕,1,ㄅㄛ ㄌㄧ˙ ㄨㄟˊ ㄇㄨˋ
玻璃心肝,1,ㄅㄛ ㄌㄧ˙ ㄒㄧㄣ ㄍㄢ
玻璃浮雕,1,ㄅㄛ ㄌㄧ˙ ㄈㄨˊ ㄉㄧㄠ
玻璃狀態,1,ㄅㄛ ㄌㄧ˙ ㄓㄨㄤˋ ㄊㄞˋ
玻璃絲襪,1,ㄅㄛ ㄌㄧ˙ ㄙ ㄨㄚˋ
玻璃纖維,1,ㄅㄛ ㄌㄧ˙ ㄒㄧㄢ ㄨㄟˊ
珊瑚在網,1,ㄕㄢ ㄏㄨˊ ㄗㄞˋ ㄨㄤˇ
珍同拱璧,1,ㄓㄣ ㄊㄨㄥˊ ㄍㄨㄥˇ ㄅㄧˋ
珍珠丸子,1,ㄓㄣ ㄓㄨ ㄨㄢˊ ㄗ˙
珍羞異饌,1,ㄓㄣ ㄒㄧㄡ ㄧˋ ㄓㄨㄢˋ
珍羞美味,1,ㄓㄣ ㄒㄧㄡ ㄇㄟˇ ㄨㄟˋ
珍藏密斂,1,ㄓㄣ ㄘㄤˊ ㄇㄧˋ ㄌㄧㄢˋ
珍饈佳餚,1,ㄓㄣ ㄒㄧㄡ ㄐㄧㄚ ㄧㄠˊ
珍饈百味,1,ㄓㄣ ㄒㄧㄡ ㄅㄞˇ ㄨㄟˋ
珠圍翠擁,1,ㄓㄨ ㄨㄟˊ ㄘㄨㄟˋ ㄩㄥˇ
珠圍翠繞,1,ㄓㄨ ㄨㄟˊ ㄘㄨㄟˋ ㄖㄠˋ
珠宮貝闕,1,ㄓㄨ ㄍㄨㄥ ㄅㄟˋ ㄑㄩㄝˋ
珠斗爛班,1,ㄓㄨ ㄉㄡˇ ㄌㄢˋ ㄅㄢ
珠殘玉碎,1,ㄓㄨ ㄘㄢˊ ㄩˋ ㄙㄨㄟˋ
珠江流域,1,ㄓㄨ ㄐㄧㄤ ㄌㄧㄡˊ ㄩˋ
珠沉滄海,1,ㄓㄨ ㄔㄣˊ ㄘㄤ ㄏㄞˇ
珠沉玉沒,1,ㄓㄨ ㄔㄣˊ ㄩˋ ㄇㄛˋ
珠沉玉碎,1,ㄓㄨ ㄔㄣˊ ㄩˋ ㄙㄨㄟˋ
珠沉璧碎,1,ㄓㄨ ㄔㄣˊ ㄅㄧˋ ㄙㄨㄟˋ
珠淚偷彈,1,ㄓㄨ ㄌㄟˋ ㄊㄡ ㄊㄢˊ
珠玉之論,1,ㄓㄨ ㄩˋ ㄓ ㄌㄨㄣˋ
珠玉在側,1,ㄓㄨ ㄩˋ ㄗㄞˋ ㄘㄜˋ
珠玉在傍,1,ㄓㄨ ㄩˋ ㄗㄞˋ ㄆㄤˊ
珠璣咳唾,1,ㄓㄨ ㄐㄧ ㄎㄜˊ ㄊㄨㄛˋ
珠繞翠圍,1,ㄓㄨ ㄖㄠˋ ㄘㄨㄟˋ ㄨㄟˊ
珠翠羅綺,1,ㄓㄨ ㄘㄨㄟˋ ㄌㄨㄛˊ ㄑㄧˇ
珠輝玉麗,1,ㄓㄨ ㄏㄨㄟ ㄩˋ ㄌㄧˋ
珠還合浦,1,ㄓㄨ ㄏㄨㄢˊ ㄏㄜˊ ㄆㄨˇ
珥金拖紫,1,ㄦˇ ㄐㄧㄣ ㄊㄨㄛ ㄗˇ
珪璋特達,1,ㄍㄨㄟ ㄓㄤ ㄊㄜˋ ㄉㄚˊ
班克斯島,1,ㄅㄢ ㄎㄜˋ ㄙ ㄉㄠˇ
班功行賞,1,ㄅㄢ ㄍㄨㄥ ㄒㄧㄥˊ ㄕㄤˇ
班姬詠扇,1,ㄅㄢ ㄐㄧ ㄩㄥˇ ㄕㄢˋ
班師得勝,1,ㄅㄢ ㄕ ㄉㄜˊ ㄕㄥˋ
班班可考,1,ㄅㄢ ㄅㄢ ㄎㄜˇ ㄎㄠˇ
班禪喇嘛,1,ㄅㄢ ㄔㄢˊ ㄌㄚˇ ㄇㄚ˙
班美之戰,1,ㄅㄢ ㄇㄟˇ ㄓ ㄓㄢˋ
班荊道故,1,ㄅㄢ ㄐㄧㄥ ㄉㄠˋ ㄍㄨˋ
班荊道舊,1,ㄅㄢ ㄐㄧㄥ ㄉㄠˋ ㄐㄧㄡˋ
班衣戲綵,1,ㄅㄢ ㄧ ㄒㄧˋ ㄘㄞˇ
班達群島,1,ㄅㄢ ㄉㄚˊ ㄑㄩㄣˊ ㄉㄠˇ
班香宋豔,1,ㄅㄢ ㄒㄧㄤ ㄙㄨㄥˋ ㄧㄢˋ
班馬文章,1,ㄅㄢ ㄇㄚˇ ㄨㄣˊ ㄓㄤ
班鳩跌彈,1,ㄅㄢ ㄐㄧㄡ ㄉㄧㄝˊ ㄉㄢˋ
現世現報,1,ㄒㄧㄢˋ ㄕˋ ㄒㄧㄢˋ ㄅㄠˋ
現代建築,1,ㄒㄧㄢˋ ㄉㄞˋ ㄐㄧㄢˋ ㄓㄨˊ
現代繪畫,1,ㄒㄧㄢˋ ㄉㄞˋ ㄏㄨㄟˋ ㄏㄨㄚˋ
現代芭蕾,1,ㄒㄧㄢˋ ㄉㄞˋ ㄅㄚ ㄌㄟˇ
現代藝術,1,ㄒㄧㄢˋ ㄉㄞˋ ㄧˋ ㄕㄨˋ
現出原身,1,ㄒㄧㄢˋ ㄔㄨ ㄩㄢˊ ㄕㄣ
現場節目,1,ㄒㄧㄢˋ ㄔㄤˊ ㄐㄧㄝˊ ㄇㄨˋ
現現成成,1,ㄒㄧㄢˋ ㄒㄧㄢˋ ㄔㄥˊ ㄔㄥˊ
現貨市場,1,ㄒㄧㄢˋ ㄏㄨㄛˋ ㄕˋ ㄔㄤˊ
現金救助,1,ㄒㄧㄢˋ ㄐㄧㄣ ㄐㄧㄡˋ ㄓㄨˋ
現金給付,1,ㄒㄧㄢˋ ㄐㄧㄣ ㄐㄧˇ ㄈㄨˋ
現金股利,1,ㄒㄧㄢˋ ㄐㄧㄣ ㄍㄨˇ ㄌㄧˋ
球根植物,1,ㄑㄧㄡˊ ㄍㄣ ㄓˊ ㄨˋ
球狀星團,1,ㄑㄧㄡˊ ㄓㄨㄤˋ ㄒㄧㄥ ㄊㄨㄢˊ
球窩關節,1,ㄑㄧㄡˊ ㄨㄛ ㄍㄨㄢ ㄐㄧㄝˊ
琅簡蘂書,1,ㄌㄤˊ ㄐㄧㄢˇ ㄖㄨㄟˇ ㄕㄨ
理不勝辭,1,ㄌㄧˇ ㄅㄨˋ ㄕㄥ ㄘˊ
理不忘亂,1,ㄌㄧˇ ㄅㄨˋ ㄨㄤˋ ㄌㄨㄢˋ
理出頭緒,1,ㄌㄧˇ ㄔㄨ ㄊㄡˊ ㄒㄩˋ
理固當然,1,ㄌㄧˇ ㄍㄨˋ ㄉㄤ ㄖㄢˊ
理屈事窮,1,ㄌㄧˇ ㄑㄩ ㄕˋ ㄑㄩㄥˊ
理得辭順,1,ㄌㄧˇ ㄉㄜˊ ㄘˊ ㄕㄨㄣˋ
理性時代,1,ㄌㄧˇ ㄒㄧㄥˋ ㄕˊ ㄉㄞˋ
理所不容,1,ㄌㄧˇ ㄙㄨㄛˇ ㄅㄨˋ ㄖㄨㄥˊ
理所必然,1,ㄌㄧˇ ㄙㄨㄛˇ ㄅㄧˋ ㄖㄢˊ
理番通事,1,ㄌㄧˇ ㄈㄢ ㄊㄨㄥ ㄕˋ
理紛解結,1,ㄌㄧˇ ㄈㄣ ㄐㄧㄝˇ ㄐㄧㄝˊ
理論假設,1,ㄌㄧˇ ㄌㄨㄣˋ ㄐㄧㄚˇ ㄕㄜˋ
理過其辭,1,ㄌㄧˇ ㄍㄨㄛˋ ㄑㄧˊ ㄘˊ
理院鵲巢,1,ㄌㄧˇ ㄩㄢˋ ㄑㄩㄝˋ ㄔㄠˊ
理髮師傅,1,ㄌㄧˇ ㄈㄚˇ ㄕ ㄈㄨˋ
琉璃喇叭,1,ㄌㄧㄡˊ ㄌㄧˊ ㄌㄚˇ ㄅㄚ˙
琉璃工藝,1,ㄌㄧㄡˊ ㄌㄧˊ ㄍㄨㄥ ㄧˋ
琢玉成器,1,ㄓㄨㄛˊ ㄩˋ ㄔㄥˊ ㄑㄧˋ
琨玉秋霜,1,ㄎㄨㄣ ㄩˋ ㄑㄧㄡ ㄕㄨㄤ
琪花瑤草,1,ㄑㄧˊ ㄏㄨㄚ ㄧㄠˊ ㄘㄠˇ
琳宮梵宇,1,ㄌㄧㄣˊ ㄍㄨㄥ ㄈㄢˋ ㄩˇ
琴劍飄零,1,ㄑㄧㄣˊ ㄐㄧㄢˋ ㄆㄧㄠ ㄌㄧㄥˊ
琴心三疊,1,ㄑㄧㄣˊ ㄒㄧㄣ ㄙㄢ ㄉㄧㄝˊ
琴心劍膽,1,ㄑㄧㄣˊ ㄒㄧㄣ ㄐㄧㄢˋ ㄉㄢˇ
琴心相挑,1,ㄑㄧㄣˊ ㄒㄧㄣ ㄒㄧㄤ ㄊㄧㄠˇ
琴斷朱弦,1,ㄑㄧㄣˊ ㄉㄨㄢˋ ㄓㄨ ㄒㄧㄢˊ
琴瑟不調,1,ㄑㄧㄣˊ ㄙㄜˋ ㄅㄨˋ ㄊㄧㄠˊ
琴瑟之好,1,ㄑㄧㄣˊ ㄙㄜˋ ㄓ ㄏㄠˇ
琴瑟和好,1,ㄑㄧㄣˊ ㄙㄜˋ ㄏㄜˊ ㄏㄠˇ
琴瑟和諧,1,ㄑㄧㄣˊ ㄙㄜˋ ㄏㄜˊ ㄒㄧㄝˊ
琴瑟失調,1,ㄑㄧㄣˊ ㄙㄜˋ ㄕ ㄊㄧㄠˊ
琴瑟相調,1,ㄑㄧㄣˊ ㄙㄜˋ ㄒㄧㄤ ㄊㄧㄠˊ
琴瑟調和,1,ㄑㄧㄣˊ ㄙㄜˋ ㄊㄧㄠˊ ㄏㄜˊ
琴高乘鯉,1,ㄑㄧㄣˊ ㄍㄠ ㄔㄥˊ ㄌㄧˇ
琵琶舊語,1,ㄆㄧˊ ㄆㄚˊ ㄐㄧㄡˋ ㄩˇ
瑕瑜互見,1,ㄒㄧㄚˊ ㄩˊ ㄏㄨˋ ㄒㄧㄢˋ
瑚璉之器,1,ㄏㄨˊ ㄌㄧㄢˊ ㄓ ㄑㄧˋ
瑜不掩瑕,1,ㄩˊ ㄅㄨˋ ㄧㄢˇ ㄒㄧㄚˊ
瑞典王國,1,ㄖㄨㄟˋ ㄉㄧㄢˇ ㄨㄤˊ ㄍㄨㄛˊ
瑞士聯邦,1,ㄖㄨㄟˋ ㄕˋ ㄌㄧㄢˊ ㄅㄤ
瑞氣祥雲,1,ㄖㄨㄟˋ ㄑㄧˋ ㄒㄧㄤˊ ㄩㄣˊ
瑟弄琴調,1,ㄙㄜˋ ㄋㄨㄥˋ ㄑㄧㄣˊ ㄊㄧㄠˊ
瑟調琴弄,1,ㄙㄜˋ ㄊㄧㄠˊ ㄑㄧㄣˊ ㄋㄨㄥˋ
瑣尾流離,1,ㄙㄨㄛˇ ㄨㄟˇ ㄌㄧㄡˊ ㄌㄧˊ
瑤林瓊樹,1,ㄧㄠˊ ㄌㄧㄣˊ ㄑㄩㄥˊ ㄕㄨˋ
瑤池玉液,1,ㄧㄠˊ ㄔˊ ㄩˋ ㄧㄝˋ
瑤池閬苑,1,ㄧㄠˊ ㄔˊ ㄌㄤˋ ㄩㄢˋ
瑤環瑜珥,1,ㄧㄠˊ ㄏㄨㄢˊ ㄩˊ ㄦˇ
瑤臺瓊室,1,ㄧㄠˊ ㄊㄞˊ ㄑㄩㄥˊ ㄕˋ
瑤臺銀闕,1,ㄧㄠˊ ㄊㄞˊ ㄧㄣˊ ㄑㄩㄝˋ
瑤草琪花,1,ㄧㄠˊ ㄘㄠˇ ㄑㄧˊ ㄏㄨㄚ
瑪自達神,1,ㄇㄚˇ ㄗˋ ㄉㄚˊ ㄕㄣˊ
瑪莉都鐸,1,ㄇㄚˇ ㄌㄧˋ ㄉㄨ ㄉㄨㄛˊ
瑰意琦行,1,ㄍㄨㄟ ㄧˋ ㄑㄧˊ ㄒㄧㄥˊ
瑰禽怪獸,1,ㄍㄨㄟ ㄑㄧㄣˊ ㄍㄨㄞˋ ㄕㄡˋ
璞玉專案,1,ㄆㄨˊ ㄩˋ ㄓㄨㄢ ㄢˋ
璞玉為石,1,ㄆㄨˊ ㄩˋ ㄨㄟˊ ㄕˊ
璦琿條約,1,ㄞˋ ㄏㄨㄣˊ ㄊㄧㄠˊ ㄩㄝ
璧合珠聯,1,ㄅㄧˋ ㄏㄜˊ ㄓㄨ ㄌㄧㄢˊ
璧合珠連,1,ㄅㄧˋ ㄏㄜˊ ㄓㄨ ㄌㄧㄢˊ
環堵蕭然,1,ㄏㄨㄢˊ ㄉㄨˇ ㄒㄧㄠ ㄖㄢˊ
環境工程,1,ㄏㄨㄢˊ ㄐㄧㄥˋ ㄍㄨㄥ ㄔㄥˊ
環境汙染,1,ㄏㄨㄢˊ ㄐㄧㄥˋ ㄨ ㄖㄢˇ
環境設計,1,ㄏㄨㄢˊ ㄐㄧㄥˋ ㄕㄜˋ ㄐㄧˋ
環境醫學,1,ㄏㄨㄢˊ ㄐㄧㄥˋ ㄧ ㄒㄩㄝˊ
環幕電影,1,ㄏㄨㄢˊ ㄇㄨˋ ㄉㄧㄢˋ ㄧㄥˇ
環狀剝皮,1,ㄏㄨㄢˊ ㄓㄨㄤˋ ㄅㄛ ㄆㄧˊ
環狀軟骨,1,ㄏㄨㄢˊ ㄓㄨㄤˋ ㄖㄨㄢˇ ㄍㄨˇ
環球時間,1,ㄏㄨㄢˊ ㄑㄧㄡˊ ㄕˊ ㄐㄧㄢ
環繞喇叭,1,ㄏㄨㄢˊ ㄖㄠˋ ㄌㄚˇ ㄅㄚ˙
璽印文字,1,ㄒㄧˇ ㄧㄣˋ ㄨㄣˊ ㄗˋ
瓊堆玉砌,1,ㄑㄩㄥˊ ㄉㄨㄟ ㄩˋ ㄑㄧˋ
瓊崖海棠,1,ㄑㄩㄥˊ ㄧㄞˊ ㄏㄞˇ ㄊㄤˊ
瓊廚金穴,1,ㄑㄩㄥˊ ㄔㄨˊ ㄐㄧㄣ ㄒㄩㄝˋ
瓊林玉樹,1,ㄑㄩㄥˊ ㄌㄧㄣˊ ㄩˋ ㄕㄨˋ
瓊林玉質,1,ㄑㄩㄥˊ ㄌㄧㄣˊ ㄩˋ ㄓˊ
瓊枝玉樹,1,ㄑㄩㄥˊ ㄓ ㄩˋ ㄕㄨˋ
瓊漿金液,1,ㄑㄩㄥˊ ㄐㄧㄤ ㄐㄧㄣ ㄧㄝˋ
瓊瑤樓閣,1,ㄑㄩㄥˊ ㄧㄠˊ ㄌㄡˊ ㄍㄜˊ
瓊臺玉宇,1,ㄑㄩㄥˊ ㄊㄞˊ ㄩˋ ㄩˇ
瓊臺玉閣,1,ㄑㄩㄥˊ ㄊㄞˊ ㄩˋ ㄍㄜˊ
瓊閨繡閣,1,ㄑㄩㄥˊ ㄍㄨㄟ ㄒㄧㄡˋ ㄍㄜˊ
瓜分豆剖,1,ㄍㄨㄚ ㄈㄣ ㄉㄡˋ ㄆㄡˇ
瓜李之嫌,1,ㄍㄨㄚ ㄌㄧˇ ㄓ ㄒㄧㄢˊ
瓜田之嫌,1,ㄍㄨㄚ ㄊㄧㄢˊ ㄓ ㄒㄧㄢˊ
瓜葛之親,1,ㄍㄨㄚ ㄍㄜˊ ㄓ ㄑㄧㄣ
瓦合之卒,1,ㄨㄚˇ ㄏㄜˊ ㄓ ㄗㄨˊ
瓦器蚌盤,1,ㄨㄚˇ ㄑㄧˋ ㄅㄤˋ ㄆㄢˊ
瓦影龜魚,1,ㄨㄚˇ ㄧㄥˇ ㄍㄨㄟ ㄩˊ
瓦斯中毒,1,ㄨㄚˇ ㄙ ㄓㄨㄥˋ ㄉㄨˊ
瓦棺篆鼎,1,ㄨㄚˇ ㄍㄨㄢ ㄓㄨㄢˋ ㄉㄧㄥˇ
瓦灶繩床,1,ㄨㄚˇ ㄗㄠˋ ㄕㄥˊ ㄔㄨㄤˊ
瓦解冰泮,1,ㄨㄚˇ ㄐㄧㄝˇ ㄅㄧㄥ ㄆㄢˋ
瓦解冰消,1,ㄨㄚˇ ㄐㄧㄝˇ ㄅㄧㄥ ㄒㄧㄠ
瓦解星散,1,ㄨㄚˇ ㄐㄧㄝˇ ㄒㄧㄥ ㄙㄢˋ
瓦解星飛,1,ㄨㄚˇ ㄐㄧㄝˇ ㄒㄧㄥ ㄈㄟ
瓦解雲散,1,ㄨㄚˇ ㄐㄧㄝˇ ㄩㄣˊ ㄙㄢˋ
瓦釜之鳴,1,ㄨㄚˇ ㄈㄨˇ ㄓ ㄇㄧㄥˊ
瓶刷子樹,1,ㄆㄧㄥˊ ㄕㄨㄚ ㄗ˙ ㄕㄨˋ
瓶墜簪折,1,ㄆㄧㄥˊ ㄓㄨㄟˋ ㄗㄢ ㄓㄜˊ
瓶爾小草,1,ㄆㄧㄥˊ ㄦˇ ㄒㄧㄠˇ ㄘㄠˇ
瓶罄罍恥,1,ㄆㄧㄥˊ ㄑㄧㄥˋ ㄌㄟˊ ㄔˇ
甄奇錄異,1,ㄓㄣ ㄑㄧˊ ㄌㄨˋ ㄧˋ
甄才品能,1,ㄓㄣ ㄘㄞˊ ㄆㄧㄣˇ ㄋㄥˊ
甄煩就簡,1,ㄓㄣ ㄈㄢˊ ㄐㄧㄡˋ ㄐㄧㄢˇ
甑塵釜魚,1,ㄗㄥˋ ㄔㄣˊ ㄈㄨˇ ㄩˊ
甕天蠡海,1,ㄨㄥˋ ㄊㄧㄢ ㄌㄧˊ ㄏㄞˇ
甕牖桑樞,1,ㄨㄥˋ ㄧㄡˇ ㄙㄤ ㄕㄨ
甕盡杯乾,1,ㄨㄥˋ ㄐㄧㄣˋ ㄅㄟ ㄍㄢ
甕裡醯雞,1,ㄨㄥˋ ㄌㄧˇ ㄒㄧ ㄐㄧ
甕間吏部,1,ㄨㄥˋ ㄐㄧㄢ ㄌㄧˋ ㄅㄨˋ
甘之如薺,1,ㄍㄢ ㄓ ㄖㄨˊ ㄐㄧˋ
甘之若素,1,ㄍㄢ ㄓ ㄖㄨㄛˋ ㄙㄨˋ
甘之若飴,1,ㄍㄢ ㄓ ㄖㄨㄛˋ ㄧˊ
甘井先竭,1,ㄍㄢ ㄐㄧㄥˇ ㄒㄧㄢ ㄐㄧㄝˊ
甘冒虎口,1,ㄍㄢ ㄇㄠˋ ㄏㄨˇ ㄎㄡˇ
甘分隨時,1,ㄍㄢ ㄈㄣˋ ㄙㄨㄟˊ ㄕˊ
甘地主義,1,ㄍㄢ ㄉㄧˋ ㄓㄨˇ ㄧˋ
甘居中游,1,ㄍㄢ ㄐㄩ ㄓㄨㄥ ㄧㄡˊ
甘心如薺,1,ㄍㄢ ㄒㄧㄣ ㄖㄨˊ ㄐㄧˋ
甘心瞑目,1,ㄍㄢ ㄒㄧㄣ ㄇㄧㄥˊ ㄇㄨˋ
甘心鈇鉞,1,ㄍㄢ ㄒㄧㄣ ㄈㄨ ㄩㄝˋ
甘旨肥濃,1,ㄍㄢ ㄓˇ ㄈㄟˊ ㄋㄨㄥˊ
甘棠之惠,1,ㄍㄢ ㄊㄤˊ ㄓ ㄏㄨㄟˋ
甘棠有蔭,1,ㄍㄢ ㄊㄤˊ ㄧㄡˇ ㄧㄣˋ
甘棠遺愛,1,ㄍㄢ ㄊㄤˊ ㄧˊ ㄞˋ
甘死如飴,1,ㄍㄢ ㄙˇ ㄖㄨˊ ㄧˊ
甘泉必竭,1,ㄍㄢ ㄑㄩㄢˊ ㄅㄧˋ ㄐㄧㄝˊ
甘瓜苦蒂,1,ㄍㄢ ㄍㄨㄚ ㄎㄨˇ ㄉㄧˋ
甘盡苦來,1,ㄍㄢ ㄐㄧㄣˋ ㄎㄨˇ ㄌㄞˊ
甘草人物,1,ㄍㄢ ㄘㄠˇ ㄖㄣˊ ㄨˋ
甘蔗顛子,1,ㄍㄢ ㄓㄜˋ ㄉㄧㄢ ㄗ˙
甘處下流,1,ㄍㄢ ㄔㄨˇ ㄒㄧㄚˋ ㄌㄧㄡˊ
甘言厚幣,1,ㄍㄢ ㄧㄢˊ ㄏㄡˋ ㄅㄧˋ
甘言厚禮,1,ㄍㄢ ㄧㄢˊ ㄏㄡˋ ㄌㄧˇ
甘言好辭,1,ㄍㄢ ㄧㄢˊ ㄏㄠˇ ㄘˊ
甘言巧辭,1,ㄍㄢ ㄧㄢˊ ㄑㄧㄠˇ ㄘˊ
甘言美語,1,ㄍㄢ ㄧㄢˊ ㄇㄟˇ ㄩˇ
甘貧守分,1,ㄍㄢ ㄆㄧㄣˊ ㄕㄡˇ ㄈㄣˋ
甘貧守志,1,ㄍㄢ ㄆㄧㄣˊ ㄕㄡˇ ㄓˋ
甘貧守節,1,ㄍㄢ ㄆㄧㄣˊ ㄕㄡˇ ㄐㄧㄝˊ
甘貧樂道,1,ㄍㄢ ㄆㄧㄣˊ ㄌㄜˋ ㄉㄠˋ
甘雨隨車,1,ㄍㄢ ㄩˇ ㄙㄨㄟˊ ㄔㄜ
甘露之變,1,ㄍㄢ ㄌㄨˋ ㄓ ㄅㄧㄢˋ
甘露水漿,1,ㄍㄢ ㄌㄨˋ ㄕㄨㄟˇ ㄐㄧㄤ
甘露法雨,1,ㄍㄢ ㄌㄨˋ ㄈㄚˇ ㄩˇ
甘露滋心,1,ㄍㄢ ㄌㄨˋ ㄗ ㄒㄧㄣ
甘食褕衣,1,ㄍㄢ ㄕˊ ㄩˊ ㄧ
甘馨之費,1,ㄍㄢ ㄒㄧㄣ ㄓ ㄈㄟˋ
甚麼打緊,1,ㄕㄣˊ ㄇㄜ˙ ㄉㄚˇ ㄐㄧㄣˇ
甚麼東西,1,ㄕㄣˊ ㄇㄜ˙ ㄉㄨㄥ ㄒㄧ
甜嘴蜜舌,1,ㄊㄧㄢˊ ㄗㄨㄟˇ ㄇㄧˋ ㄕㄜˊ
甜根子草,1,ㄊㄧㄢˊ ㄍㄣ ㄗ˙ ㄘㄠˇ
甜言媚語,1,ㄊㄧㄢˊ ㄧㄢˊ ㄇㄟˋ ㄩˇ
甜言美語,1,ㄊㄧㄢˊ ㄧㄢˊ ㄇㄟˇ ㄩˇ
甜言軟語,1,ㄊㄧㄢˊ ㄧㄢˊ ㄖㄨㄢˇ ㄩˇ
甜語花言,1,ㄊㄧㄢˊ ㄩˇ ㄏㄨㄚ ㄧㄢˊ
甜鞋淨襪,1,ㄊㄧㄢˊ ㄒㄧㄝˊ ㄐㄧㄥˋ ㄨㄚˋ
生不如死,1,ㄕㄥ ㄅㄨˋ ㄖㄨˊ ㄙˇ
生不遇時,1,ㄕㄥ ㄅㄨˋ ㄩˋ ㄕˊ
生事作耗,1,ㄕㄥ ㄕˋ ㄗㄨㄛˋ ㄏㄠˋ
生事擾民,1,ㄕㄥ ㄕˋ ㄖㄠˇ ㄇㄧㄣˊ
生佛萬家,1,ㄕㄥ ㄈㄛˊ ㄨㄢˋ ㄐㄧㄚ
生來死去,1,ㄕㄥ ㄌㄞˊ ㄙˇ ㄑㄩˋ
生別死離,1,ㄕㄥ ㄅㄧㄝˊ ㄙˇ ㄌㄧˊ
生動有趣,1,ㄕㄥ ㄉㄨㄥˋ ㄧㄡˇ ㄑㄩˋ
生命徵象,1,ㄕㄥ ㄇㄧㄥˋ ㄓㄥ ㄒㄧㄤˋ
生命週期,1,ㄕㄥ ㄇㄧㄥˋ ㄓㄡ ㄑㄧˊ
生奪硬搶,1,ㄕㄥ ㄉㄨㄛˊ ㄧㄥˋ ㄑㄧㄤˇ
生妖作怪,1,ㄕㄥ ㄧㄠ ㄗㄨㄛˋ ㄍㄨㄞˋ
生寄死歸,1,ㄕㄥ ㄐㄧˋ ㄙˇ ㄍㄨㄟ
生息蕃庶,1,ㄕㄥ ㄒㄧˊ ㄈㄢˊ ㄕㄨˋ
生情發意,1,ㄕㄥ ㄑㄧㄥˊ ㄈㄚ ㄧˋ
生情見景,1,ㄕㄥ ㄑㄧㄥˊ ㄐㄧㄢˋ ㄐㄧㄥˇ
生情造意,1,ㄕㄥ ㄑㄧㄥˊ ㄗㄠˋ ㄧˋ
生意擔子,1,ㄕㄥ ㄧ˙ ㄉㄢˋ ㄗ˙
生態地位,1,ㄕㄥ ㄊㄞˋ ㄉㄧˋ ㄨㄟˋ
生態工程,1,ㄕㄥ ㄊㄞˋ ㄍㄨㄥ ㄔㄥˊ
生態結構,1,ㄕㄥ ㄊㄞˋ ㄐㄧㄝˊ ㄍㄡˋ
生態農業,1,ㄕㄥ ㄊㄞˋ ㄋㄨㄥˊ ㄧㄝˋ
生我劬勞,1,ㄕㄥ ㄨㄛˇ ㄑㄩˊ ㄌㄠˊ
生拖死拽,1,ㄕㄥ ㄊㄨㄛ ㄙˇ ㄓㄨㄞˋ
生擒活拿,1,ㄕㄥ ㄑㄧㄣˊ ㄏㄨㄛˊ ㄋㄚˊ
生擒活捉,1,ㄕㄥ ㄑㄧㄣˊ ㄏㄨㄛˊ ㄓㄨㄛ
生枯起朽,1,ㄕㄥ ㄎㄨ ㄑㄧˇ ㄒㄧㄡˇ
生桑之夢,1,ㄕㄥ ㄙㄤ ㄓ ㄇㄥˋ
生棟覆屋,1,ㄕㄥ ㄉㄨㄥˋ ㄈㄨˋ ㄨ
生死不渝,1,ㄕㄥ ㄙˇ ㄅㄨˋ ㄩˊ
生死不負,1,ㄕㄥ ㄙˇ ㄅㄨˋ ㄈㄨˋ
生死分定,1,ㄕㄥ ㄙˇ ㄈㄣˋ ㄉㄧㄥˋ
生死弟兄,1,ㄕㄥ ㄙˇ ㄉㄧˋ ㄒㄩㄥ
生死攸關,1,ㄕㄥ ㄙˇ ㄧㄡ ㄍㄨㄢ
生死與奪,1,ㄕㄥ ㄙˇ ㄩˇ ㄉㄨㄛˊ
生死輪迴,1,ㄕㄥ ㄙˇ ㄌㄨㄣˊ ㄏㄨㄟˊ
生殺之權,1,ㄕㄥ ㄕㄚ ㄓ ㄑㄩㄢˊ
生殺予奪,1,ㄕㄥ ㄕㄚ ㄩˇ ㄉㄨㄛˊ
生殺與奪,1,ㄕㄥ ㄕㄚ ㄩˇ ㄉㄨㄛˊ
生毛帶角,1,ㄕㄥ ㄇㄠˊ ㄉㄞˋ ㄐㄧㄠˇ
生民塗炭,1,ㄕㄥ ㄇㄧㄣˊ ㄊㄨˊ ㄊㄢˋ
生活品質,1,ㄕㄥ ㄏㄨㄛˊ ㄆㄧㄣˇ ㄓˊ
生活型態,1,ㄕㄥ ㄏㄨㄛˊ ㄒㄧㄥˊ ㄊㄞˋ
生活態度,1,ㄕㄥ ㄏㄨㄛˊ ㄊㄞˋ ㄉㄨˋ
生活教育,1,ㄕㄥ ㄏㄨㄛˊ ㄐㄧㄠˋ ㄩˋ
生活資訊,1,ㄕㄥ ㄏㄨㄛˊ ㄗ ㄒㄩㄣˋ
生活輔導,1,ㄕㄥ ㄏㄨㄛˊ ㄈㄨˇ ㄉㄠˇ
生活領域,1,ㄕㄥ ㄏㄨㄛˊ ㄌㄧㄥˇ ㄩˋ
生物合成,1,ㄕㄥ ㄨˋ ㄏㄜˊ ㄔㄥˊ
生物因子,1,ㄕㄥ ㄨˋ ㄧㄣ ㄗˇ
生物工程,1,ㄕㄥ ㄨˋ ㄍㄨㄥ ㄔㄥˊ
生物時鐘,1,ㄕㄥ ㄨˋ ㄕˊ ㄓㄨㄥ
生物武器,1,ㄕㄥ ㄨˋ ㄨˇ ㄑㄧˋ
生物潛能,1,ㄕㄥ ㄨˋ ㄑㄧㄢˊ ㄋㄥˊ
生物科技,1,ㄕㄥ ㄨˋ ㄎㄜ ㄐㄧˋ
生物群聚,1,ㄕㄥ ㄨˋ ㄑㄩㄣˊ ㄐㄩˋ
生物製劑,1,ㄕㄥ ㄨˋ ㄓˋ ㄐㄧˋ
生物電流,1,ㄕㄥ ㄨˋ ㄉㄧㄢˋ ㄌㄧㄡˊ
生物食品,1,ㄕㄥ ㄨˋ ㄕˊ ㄆㄧㄣˇ
生猛海鮮,1,ㄕㄥ ㄇㄥˇ ㄏㄞˇ ㄒㄧㄢ
生理年齡,1,ㄕㄥ ㄌㄧˇ ㄋㄧㄢˊ ㄌㄧㄥˊ
生理時鐘,1,ㄕㄥ ㄌㄧˇ ㄕˊ ㄓㄨㄥ
生生化化,1,ㄕㄥ ㄕㄥ ㄏㄨㄚˋ ㄏㄨㄚˋ
生產指數,1,ㄕㄥ ㄔㄢˇ ㄓˇ ㄕㄨˋ
生產管制,1,ㄕㄥ ㄔㄢˇ ㄍㄨㄢˇ ㄓˋ
生產結構,1,ㄕㄥ ㄔㄢˇ ㄐㄧㄝˊ ㄍㄡˋ
生產計畫,1,ㄕㄥ ㄔㄢˇ ㄐㄧˋ ㄏㄨㄚˋ
生申令日,1,ㄕㄥ ㄕㄣ ㄌㄧㄥˋ ㄖˋ
生而知之,1,ㄕㄥ ㄦˊ ㄓ ㄓ
生花之筆,1,ㄕㄥ ㄏㄨㄚ ㄓ ㄅㄧˇ
生芻致祭,1,ㄕㄥ ㄔㄨˊ ㄓˋ ㄐㄧˋ
生財之道,1,ㄕㄥ ㄘㄞˊ ㄓ ㄉㄠˋ
生關死劫,1,ㄕㄥ ㄍㄨㄢ ㄙˇ ㄐㄧㄝˊ
生離死絕,1,ㄕㄥ ㄌㄧˊ ㄙˇ ㄐㄩㄝˊ
生靈塗地,1,ㄕㄥ ㄌㄧㄥˊ ㄊㄨˊ ㄉㄧˋ
生非作歹,1,ㄕㄥ ㄈㄟ ㄗㄨㄛˋ ㄉㄞˇ
生齒日繁,1,ㄕㄥ ㄔˇ ㄖˋ ㄈㄢˊ
產品組合,1,ㄔㄢˇ ㄆㄧㄣˇ ㄗㄨˇ ㄏㄜˊ
產地價格,1,ㄔㄢˇ ㄉㄧˋ ㄐㄧㄚˋ ㄍㄜˊ
產業道路,1,ㄔㄢˇ ㄧㄝˋ ㄉㄠˋ ㄌㄨˋ
產銷秩序,1,ㄔㄢˇ ㄒㄧㄠ ㄓˋ ㄒㄩˋ
用一當十,1,ㄩㄥˋ ㄧ ㄉㄤ ㄕˊ
用代楮敬,1,ㄩㄥˋ ㄉㄞˋ ㄔㄨˇ ㄐㄧㄥˋ
用兵如神,1,ㄩㄥˋ ㄅㄧㄥ ㄖㄨˊ ㄕㄣˊ
用其所長,1,ㄩㄥˋ ㄑㄧˊ ㄙㄨㄛˇ ㄔㄤˊ
用夏變夷,1,ㄩㄥˋ ㄒㄧㄚˋ ㄅㄧㄢˋ ㄧˊ
用天因地,1,ㄩㄥˋ ㄊㄧㄢ ㄧㄣ ㄉㄧˋ
用心用意,1,ㄩㄥˋ ㄒㄧㄣ ㄩㄥˋ ㄧˋ
用心竭力,1,ㄩㄥˋ ㄒㄧㄣ ㄐㄧㄝˊ ㄌㄧˋ
用志不分,1,ㄩㄥˋ ㄓˋ ㄅㄨˋ ㄈㄣ
用智鋪謀,1,ㄩㄥˋ ㄓˋ ㄆㄨ ㄇㄡˊ
用盡心思,1,ㄩㄥˋ ㄐㄧㄣˋ ㄒㄧㄣ ㄙ
用管窺天,1,ㄩㄥˋ ㄍㄨㄢˇ ㄎㄨㄟ ㄊㄧㄢ
用舍失宜,1,ㄩㄥˋ ㄕㄜˇ ㄕ ㄧˊ
用舍行藏,1,ㄩㄥˋ ㄕㄜˇ ㄒㄧㄥˊ ㄘㄤˊ
用行舍藏,1,ㄩㄥˋ ㄒㄧㄥˊ ㄕㄜˇ ㄘㄤˊ
用計鋪謀,1,ㄩㄥˋ ㄐㄧˋ ㄆㄨ ㄇㄡˊ
用賢任能,1,ㄩㄥˋ ㄒㄧㄢˊ ㄖㄣˋ ㄋㄥˊ
用逸待勞,1,ㄩㄥˋ ㄧˋ ㄉㄞˋ ㄌㄠˊ
用錢如水,1,ㄩㄥˋ ㄑㄧㄢˊ ㄖㄨˊ ㄕㄨㄟˇ
用非其人,1,ㄩㄥˋ ㄈㄟ ㄑㄧˊ ㄖㄣˊ
甩手掌櫃,1,ㄕㄨㄞˇ ㄕㄡˇ ㄓㄤˇ ㄍㄨㄟˋ
甯戚扣角,1,ㄋㄧㄥˋ ㄑㄧ ㄎㄡˋ ㄐㄧㄠˇ
甯戚飯牛,1,ㄋㄧㄥˋ ㄑㄧ ㄈㄢˋ ㄋㄧㄡˊ
田園文學,1,ㄊㄧㄢˊ ㄩㄢˊ ㄨㄣˊ ㄒㄩㄝˊ
田夫牧子,1,ㄊㄧㄢˊ ㄈㄨ ㄇㄨˋ ㄗˇ
田夫野老,1,ㄊㄧㄢˊ ㄈㄨ ㄧㄝˇ ㄌㄠˇ
田月桑時,1,ㄊㄧㄢˊ ㄩㄝˋ ㄙㄤ ㄕˊ
田父之獲,1,ㄊㄧㄢˊ ㄈㄨˇ ㄓ ㄏㄨㄛˋ
田豫儉素,1,ㄊㄧㄢˊ ㄩˋ ㄐㄧㄢˇ ㄙㄨˋ
田連仟佰,1,ㄊㄧㄢˊ ㄌㄧㄢˊ ㄑㄧㄢ ㄇㄛˋ
田連阡陌,1,ㄊㄧㄢˊ ㄌㄧㄢˊ ㄑㄧㄢ ㄇㄛˋ
田野工作,1,ㄊㄧㄢˊ ㄧㄝˇ ㄍㄨㄥ ㄗㄨㄛˋ
田駢天口,1,ㄊㄧㄢˊ ㄆㄧㄢˊ ㄊㄧㄢ ㄎㄡˇ
由中之言,1,ㄧㄡˊ ㄓㄨㄥ ㄓ ㄧㄢˊ
由博返約,1,ㄧㄡˊ ㄅㄛˊ ㄈㄢˇ ㄩㄝ
由竇尚書,1,ㄧㄡˊ ㄉㄡˋ ㄕㄤˋ ㄕㄨ
由衷感激,1,ㄧㄡˊ ㄓㄨㄥ ㄍㄢˇ ㄐㄧ
甲申之役,1,ㄐㄧㄚˇ ㄕㄣ ㄓ ㄧˋ
甲第星羅,1,ㄐㄧㄚˇ ㄉㄧˋ ㄒㄧㄥ ㄌㄨㄛˊ
甲第連雲,1,ㄐㄧㄚˇ ㄉㄧˋ ㄌㄧㄢˊ ㄩㄣˊ
甲等特考,1,ㄐㄧㄚˇ ㄉㄥˇ ㄊㄜˋ ㄎㄠˇ
甲級戰犯,1,ㄐㄧㄚˇ ㄐㄧˊ ㄓㄢˋ ㄈㄢˋ
甲級流氓,1,ㄐㄧㄚˇ ㄐㄧˊ ㄌㄧㄡˊ ㄇㄤˊ
申旦達夕,1,ㄕㄣ ㄉㄢˋ ㄉㄚˊ ㄒㄧˋ
男唱女隨,1,ㄋㄢˊ ㄔㄤˋ ㄋㄩˇ ㄙㄨㄟˊ
男女大事,1,ㄋㄢˊ ㄋㄩˇ ㄉㄚˋ ㄕˋ
男女平權,1,ㄋㄢˊ ㄋㄩˇ ㄆㄧㄥˊ ㄑㄩㄢˊ
男婚女聘,1,ㄋㄢˊ ㄏㄨㄣ ㄋㄩˇ ㄆㄧㄣˋ
男媒女妁,1,ㄋㄢˊ ㄇㄟˊ ㄋㄩˇ ㄕㄨㄛˋ
男室女家,1,ㄋㄢˊ ㄕˋ ㄋㄩˇ ㄐㄧㄚ
男尊女卑,1,ㄋㄢˊ ㄗㄨㄣ ㄋㄩˇ ㄅㄟ
畎畝下才,1,ㄑㄩㄢˇ ㄇㄨˇ ㄒㄧㄚˋ ㄘㄞˊ
畎畝之中,1,ㄑㄩㄢˇ ㄇㄨˇ ㄓ ㄓㄨㄥ
畏天恤民,1,ㄨㄟˋ ㄊㄧㄢ ㄒㄩˋ ㄇㄧㄣˊ
畏天愛民,1,ㄨㄟˋ ㄊㄧㄢ ㄞˋ ㄇㄧㄣˊ
畏天知命,1,ㄨㄟˋ ㄊㄧㄢ ㄓ ㄇㄧㄥˋ
畏威懷德,1,ㄨㄟˋ ㄨㄟ ㄏㄨㄞˊ ㄉㄜˊ
畏強凌弱,1,ㄨㄟˋ ㄑㄧㄤˊ ㄌㄧㄥˊ ㄖㄨㄛˋ
畏影惡跡,1,ㄨㄟˋ ㄧㄥˇ ㄨˋ ㄐㄧ
畏影而走,1,ㄨㄟˋ ㄧㄥˇ ㄦˊ ㄗㄡˇ
畏死貪生,1,ㄨㄟˋ ㄙˇ ㄊㄢ ㄕㄥ
畏畏縮縮,1,ㄨㄟˋ ㄨㄟˋ ㄙㄨㄛ ㄙㄨㄛ
畏葸不前,1,ㄨㄟˋ ㄒㄧˇ ㄅㄨˋ ㄑㄧㄢˊ
畏難苟安,1,ㄨㄟˋ ㄋㄢˊ ㄍㄡˇ ㄢ
畏頭畏尾,1,ㄨㄟˋ ㄊㄡˊ ㄨㄟˋ ㄨㄟˇ
留中不發,1,ㄌㄧㄡˊ ㄓㄨㄥ ㄅㄨˋ ㄈㄚ
留學考試,1,ㄌㄧㄡˊ ㄒㄩㄝˊ ㄎㄠˇ ㄕˋ
留心用意,1,ㄌㄧㄡˊ ㄒㄧㄣ ㄩㄥˋ ㄧˋ
留置觀察,1,ㄌㄧㄡˊ ㄓˋ ㄍㄨㄢ ㄔㄚˊ
留美學人,1,ㄌㄧㄡˊ ㄇㄟˇ ㄒㄩㄝˊ ㄖㄣˊ
留芳百世,1,ㄌㄧㄡˊ ㄈㄤ ㄅㄞˇ ㄕˋ
留連不捨,1,ㄌㄧㄡˊ ㄌㄧㄢˊ ㄅㄨˋ ㄕㄜˇ
畢力同心,1,ㄅㄧˋ ㄌㄧˋ ㄊㄨㄥˊ ㄒㄧㄣ
畢卓持螯,1,ㄅㄧˋ ㄓㄨㄛˊ ㄔˊ ㄠˊ
畢宿星團,1,ㄅㄧˋ ㄒㄧㄡˋ ㄒㄧㄥ ㄊㄨㄢˊ
畢拉彗星,1,ㄅㄧˋ ㄌㄚ ㄏㄨㄟˋ ㄒㄧㄥ
畢業旅行,1,ㄅㄧˋ ㄧㄝˋ ㄌㄩˇ ㄒㄧㄥˊ
畢業考試,1,ㄅㄧˋ ㄧㄝˋ ㄎㄠˇ ㄕˋ
畢生之玷,1,ㄅㄧˋ ㄕㄥ ㄓ ㄉㄧㄢˋ
畢生難忘,1,ㄅㄧˋ ㄕㄥ ㄋㄢˊ ㄨㄤˋ
畢畢剝剝,1,ㄅㄧˋ ㄅㄧˋ ㄅㄛ ㄅㄛ
略地侵城,1,ㄌㄩㄝˋ ㄉㄧˋ ㄑㄧㄣ ㄔㄥˊ
略地攻城,1,ㄌㄩㄝˋ ㄉㄧˋ ㄍㄨㄥ ㄔㄥˊ
略施小技,1,ㄌㄩㄝˋ ㄕ ㄒㄧㄠˇ ㄐㄧˋ
略施小計,1,ㄌㄩㄝˋ ㄕ ㄒㄧㄠˇ ㄐㄧˋ
略施薄懲,1,ㄌㄩㄝˋ ㄕ ㄅㄛˊ ㄔㄥˊ
略有耳聞,1,ㄌㄩㄝˋ ㄧㄡˇ ㄦˇ ㄨㄣˊ
略無參商,1,ㄌㄩㄝˋ ㄨˊ ㄕㄣ ㄕㄤ
略盡情誼,1,ㄌㄩㄝˋ ㄐㄧㄣˋ ㄑㄧㄥˊ ㄧˋ
略跡原心,1,ㄌㄩㄝˋ ㄐㄧ ㄩㄢˊ ㄒㄧㄣ
略跡原情,1,ㄌㄩㄝˋ ㄐㄧ ㄩㄢˊ ㄑㄧㄥˊ
略陳管見,1,ㄌㄩㄝˋ ㄔㄣˊ ㄍㄨㄢˇ ㄐㄧㄢˋ
略高一籌,1,ㄌㄩㄝˋ ㄍㄠ ㄧ ㄔㄡˊ
畦溝灌溉,1,ㄒㄧ ㄍㄡ ㄍㄨㄢˋ ㄍㄞˋ
番來覆去,1,ㄈㄢ ㄌㄞˊ ㄈㄨˋ ㄑㄩˋ
番天覆地,1,ㄈㄢ ㄊㄧㄢ ㄈㄨˋ ㄉㄧˋ
番張跟斗,1,ㄈㄢ ㄓㄤ ㄍㄣ ㄉㄡˇ
番番是福,1,ㄈㄢ ㄈㄢ ㄕˋ ㄈㄨˊ
番茄炒蛋,1,ㄈㄢ ㄑㄧㄝˊ ㄔㄠˇ ㄉㄢˋ
番薯椪餅,1,ㄈㄢ ㄕㄨˇ ㄆㄥˋ ㄅㄧㄥˇ
畫地成圖,1,ㄏㄨㄚˋ ㄉㄧˋ ㄔㄥˊ ㄊㄨˊ
畫地為獄,1,ㄏㄨㄚˋ ㄉㄧˋ ㄨㄟˊ ㄩˋ
畫地而趨,1,ㄏㄨㄚˋ ㄉㄧˋ ㄦˊ ㄑㄩ
畫影圖形,1,ㄏㄨㄚˋ ㄧㄥˇ ㄊㄨˊ ㄒㄧㄥˊ
畫意詩情,1,ㄏㄨㄚˋ ㄧˋ ㄕ ㄑㄧㄥˊ
畫梁雕棟,1,ㄏㄨㄚˋ ㄌㄧㄤˊ ㄉㄧㄠ ㄉㄨㄥˋ
畫棟飛雲,1,ㄏㄨㄚˋ ㄉㄨㄥˋ ㄈㄟ ㄩㄣˊ
畫水掀壁,1,ㄏㄨㄚˋ ㄕㄨㄟˇ ㄒㄧㄢ ㄅㄧˋ
畫眉張敞,1,ㄏㄨㄚˋ ㄇㄟˊ ㄓㄤ ㄔㄤˇ
畫眉舉案,1,ㄏㄨㄚˋ ㄇㄟˊ ㄐㄩˇ ㄢˋ
畫策設謀,1,ㄏㄨㄚˋ ㄘㄜˋ ㄕㄜˋ ㄇㄡˊ
畫脂鏤冰,1,ㄏㄨㄚˋ ㄓ ㄌㄡˋ ㄅㄧㄥ
畫虎成犬,1,ㄏㄨㄚˋ ㄏㄨˇ ㄔㄥˊ ㄑㄩㄢˇ
畫虎成狗,1,ㄏㄨㄚˋ ㄏㄨˇ ㄔㄥˊ ㄍㄡˇ
畫虎類犬,1,ㄏㄨㄚˋ ㄏㄨˇ ㄌㄟˋ ㄑㄩㄢˇ
畫虎類狗,1,ㄏㄨㄚˋ ㄏㄨˇ ㄌㄟˋ ㄍㄡˇ
畫蛇著足,1,ㄏㄨㄚˋ ㄕㄜˊ ㄓㄨㄛˊ ㄗㄨˊ
畫閣朱樓,1,ㄏㄨㄚˋ ㄍㄜˊ ㄓㄨ ㄌㄡˊ
畫黛彎蛾,1,ㄏㄨㄚˋ ㄉㄞˋ ㄨㄢ ㄜˊ
異位產式,1,ㄧˋ ㄨㄟˋ ㄔㄢˇ ㄕˋ
異卉奇花,1,ㄧˋ ㄏㄨㄟˋ ㄑㄧˊ ㄏㄨㄚ
異口同辭,1,ㄧˋ ㄎㄡˇ ㄊㄨㄥˊ ㄘˊ
異口同音,1,ㄧˋ ㄎㄡˇ ㄊㄨㄥˊ ㄧㄣ
異地相逢,1,ㄧˋ ㄉㄧˋ ㄒㄧㄤ ㄈㄥˊ
異士奇人,1,ㄧˋ ㄕˋ ㄑㄧˊ ㄖㄣˊ
異夢離心,1,ㄧˋ ㄇㄥˋ ㄌㄧˊ ㄒㄧㄣ
異寶奇珍,1,ㄧˋ ㄅㄠˇ ㄑㄧˊ ㄓㄣ
異常行為,1,ㄧˋ ㄔㄤˊ ㄒㄧㄥˊ ㄨㄟˊ
異形配子,1,ㄧˋ ㄒㄧㄥˊ ㄆㄟˋ ㄗˇ
異戊橡膠,1,ㄧˋ ㄨˋ ㄒㄧㄤˋ ㄐㄧㄠ
異政殊俗,1,ㄧˋ ㄓㄥˋ ㄕㄨ ㄙㄨˊ
異木奇花,1,ㄧˋ ㄇㄨˋ ㄑㄧˊ ㄏㄨㄚ
異派同源,1,ㄧˋ ㄆㄞˋ ㄊㄨㄥˊ ㄩㄢˊ
異聞傳說,1,ㄧˋ ㄨㄣˊ ㄔㄨㄢˊ ㄕㄨㄛ
異花傳粉,1,ㄧˋ ㄏㄨㄚ ㄔㄨㄢˊ ㄈㄣˇ
異苔同岑,1,ㄧˋ ㄊㄞˊ ㄊㄨㄥˊ ㄘㄣˊ
異草奇花,1,ㄧˋ ㄘㄠˇ ㄑㄧˊ ㄏㄨㄚ
異路同歸,1,ㄧˋ ㄌㄨˋ ㄊㄨㄥˊ ㄍㄨㄟ
異軍特起,1,ㄧˋ ㄐㄩㄣ ㄊㄜˋ ㄑㄧˇ
異途同歸,1,ㄧˋ ㄊㄨˊ ㄊㄨㄥˊ ㄍㄨㄟ
異配生殖,1,ㄧˋ ㄆㄟˋ ㄕㄥ ㄓˊ
異類之人,1,ㄧˋ ㄌㄟˋ ㄓ ㄖㄣˊ
異香撲鼻,1,ㄧˋ ㄒㄧㄤ ㄆㄨ ㄅㄧˊ
異香異氣,1,ㄧˋ ㄒㄧㄤ ㄧˋ ㄑㄧˋ
異香襲人,1,ㄧˋ ㄒㄧㄤ ㄒㄧˊ ㄖㄣˊ
當世儒宗,1,ㄉㄤ ㄕˋ ㄖㄨˊ ㄗㄨㄥ
當世才度,1,ㄉㄤ ㄕˋ ㄘㄞˊ ㄉㄨˋ
當世無敵,1,ㄉㄤ ㄕˋ ㄨˊ ㄉㄧˊ
當仁不讓,1,ㄉㄤ ㄖㄣˊ ㄅㄨˋ ㄖㄤˋ
當今無輩,1,ㄉㄤ ㄐㄧㄣ ㄨˊ ㄅㄟˋ
當勞之急,1,ㄉㄤ ㄌㄠˊ ㄓ ㄐㄧˊ
當坊土地,1,ㄉㄤ ㄈㄤ ㄊㄨˇ ㄉㄧˋ
當場出彩,1,ㄉㄤ ㄔㄤˊ ㄔㄨ ㄘㄞˇ
當場獻醜,1,ㄉㄤ ㄔㄤˊ ㄒㄧㄢˋ ㄔㄡˇ
當場隻手,1,ㄉㄤ ㄔㄤˊ ㄓ ㄕㄡˇ
當官追究,1,ㄉㄤ ㄍㄨㄢ ㄓㄨㄟ ㄐㄧㄡˋ
當家和尚,1,ㄉㄤ ㄐㄧㄚ ㄏㄜˊ ㄕㄤˋ
當家小生,1,ㄉㄤ ㄐㄧㄚ ㄒㄧㄠˇ ㄕㄥ
當家立事,1,ㄉㄤ ㄐㄧㄚ ㄌㄧˋ ㄕˋ
當家花旦,1,ㄉㄤ ㄐㄧㄚ ㄏㄨㄚ ㄉㄢˋ
當斷不斷,1,ㄉㄤ ㄉㄨㄢˋ ㄅㄨˋ ㄉㄨㄢˋ
當時得令,1,ㄉㄤ ㄕˊ ㄉㄜˊ ㄌㄧㄥˋ
當朝宰相,1,ㄉㄤ ㄔㄠˊ ㄗㄞˇ ㄒㄧㄤˋ
當牢節級,1,ㄉㄤ ㄌㄠˊ ㄐㄧㄝˊ ㄐㄧˊ
當當丁丁,1,ㄉㄤ ㄉㄤ ㄉㄧㄥ ㄉㄧㄥ
當直巡邏,1,ㄉㄤ ㄓˊ ㄒㄩㄣˊ ㄌㄨㄛˊ
當罏紅袖,1,ㄉㄤ ㄌㄨˊ ㄏㄨㄥˊ ㄒㄧㄡˋ
當者披靡,1,ㄉㄤ ㄓㄜˇ ㄆㄧ ㄇㄧˇ
當艄拿舵,1,ㄉㄤ ㄕㄠ ㄋㄚˊ ㄉㄨㄛˋ
當著不著,1,ㄉㄤ ㄓㄠˊ ㄅㄨˋ ㄓㄠˊ
當行出色,1,ㄉㄤ ㄏㄤˊ ㄔㄨ ㄙㄜˋ
當門對戶,1,ㄉㄤ ㄇㄣˊ ㄉㄨㄟˋ ㄏㄨˋ
當門抵戶,1,ㄉㄤ ㄇㄣˊ ㄉㄧˇ ㄏㄨˋ
當門牙齒,1,ㄉㄤ ㄇㄣˊ ㄧㄚˊ ㄔˇ
當面唾罵,1,ㄉㄤ ㄇㄧㄢˋ ㄊㄨㄛˋ ㄇㄚˋ
當面對質,1,ㄉㄤ ㄇㄧㄢˋ ㄉㄨㄟˋ ㄓˊ
當面錯過,1,ㄉㄤ ㄇㄧㄢˋ ㄘㄨㄛˋ ㄍㄨㄛˋ
當頭一棒,1,ㄉㄤ ㄊㄡˊ ㄧ ㄅㄤˋ
當風秉燭,1,ㄉㄤ ㄈㄥ ㄅㄧㄥˇ ㄓㄨˊ
畸輕畸重,1,ㄐㄧ ㄑㄧㄥ ㄐㄧ ㄓㄨㄥˋ
疇咨之憂,1,ㄔㄡˊ ㄗ ㄓ ㄧㄡ
疊嶺層巒,1,ㄉㄧㄝˊ ㄌㄧㄥˇ ㄘㄥˊ ㄌㄨㄢˊ
疊矩重規,1,ㄉㄧㄝˊ ㄐㄩˇ ㄔㄨㄥˊ ㄍㄨㄟ
疏不謀親,1,ㄕㄨ ㄅㄨˋ ㄇㄡˊ ㄑㄧㄣ
疏不間親,1,ㄕㄨ ㄅㄨˋ ㄐㄧㄢˋ ㄑㄧㄣ
疏宕不拘,1,ㄕㄨ ㄉㄤˋ ㄅㄨˋ ㄐㄩ
疏慵愚鈍,1,ㄕㄨ ㄩㄥ ㄩˊ ㄉㄨㄣˋ
疏水簞瓢,1,ㄕㄨ ㄕㄨㄟˇ ㄉㄢ ㄆㄧㄠˊ
疏而不漏,1,ㄕㄨ ㄦˊ ㄅㄨˋ ㄌㄡˋ
疏謀少略,1,ㄕㄨ ㄇㄡˊ ㄕㄠˇ ㄌㄩㄝˋ
疏財尚氣,1,ㄕㄨ ㄘㄞˊ ㄕㄤˋ ㄑㄧˋ
疏財重義,1,ㄕㄨ ㄘㄞˊ ㄓㄨㄥˋ ㄧˋ
疏食飲水,1,ㄕㄨ ㄕˊ ㄧㄣˇ ㄕㄨㄟˇ
疑人疑鬼,1,ㄧˊ ㄖㄣˊ ㄧˊ ㄍㄨㄟˇ
疑人竊鈇,1,ㄧˊ ㄖㄣˊ ㄑㄧㄝˋ ㄈㄨ
疑問代詞,1,ㄧˊ ㄨㄣˋ ㄉㄞˋ ㄘˊ
疑心疑鬼,1,ㄧˊ ㄒㄧㄣ ㄧˊ ㄍㄨㄟˇ
疑鬼疑神,1,ㄧˊ ㄍㄨㄟˇ ㄧˊ ㄕㄣˊ
疙疙瘩瘩,1,ㄍㄜ ㄍㄜ˙ ㄉㄚ ㄉㄚ
疚心疾首,1,ㄐㄧㄡˋ ㄒㄧㄣ ㄐㄧˊ ㄕㄡˇ
疢如疾首,1,ㄔㄣˋ ㄖㄨˊ ㄐㄧˊ ㄕㄡˇ
疢頭怪腦,1,ㄔㄣˋ ㄊㄡˊ ㄍㄨㄞˋ ㄋㄠˇ
疲乏強度,1,ㄆㄧˊ ㄈㄚˊ ㄑㄧㄤˊ ㄉㄨˋ
疲勞試驗,1,ㄆㄧˊ ㄌㄠˊ ㄕˋ ㄧㄢˋ
疲暮逢君,1,ㄆㄧˊ ㄇㄨˋ ㄈㄥˊ ㄐㄩㄣ
疵蒙謬累,1,ㄘ ㄇㄥˊ ㄇㄧㄡˋ ㄌㄟˇ
疼心泣血,1,ㄊㄥˊ ㄒㄧㄣ ㄑㄧˋ ㄒㄩㄝˋ
疼痛醫學,1,ㄊㄥˊ ㄊㄨㄥˋ ㄧ ㄒㄩㄝˊ
疾世憤俗,1,ㄐㄧˊ ㄕˋ ㄈㄣˋ ㄙㄨˊ
疾之如仇,1,ㄐㄧˊ ㄓ ㄖㄨˊ ㄔㄡˊ
疾之若仇,1,ㄐㄧˊ ㄓ ㄖㄨㄛˋ ㄔㄡˊ
疾如旋踵,1,ㄐㄧˊ ㄖㄨˊ ㄒㄩㄢˊ ㄓㄨㄥˇ
疾如雷電,1,ㄐㄧˊ ㄖㄨˊ ㄌㄟˊ ㄉㄧㄢˋ
疾惡好善,1,ㄐㄧˊ ㄜˋ ㄏㄠˋ ㄕㄢˋ
疾惡如仇,1,ㄐㄧˊ ㄜˋ ㄖㄨˊ ㄔㄡˊ
疾惡若仇,1,ㄐㄧˊ ㄜˋ ㄖㄨㄛˋ ㄔㄡˊ
疾痛慘怛,1,ㄐㄧˊ ㄊㄨㄥˋ ㄘㄢˇ ㄉㄚˊ
疾終正寢,1,ㄐㄧˊ ㄓㄨㄥ ㄓㄥˋ ㄑㄧㄣˇ
疾聲大呼,1,ㄐㄧˊ ㄕㄥ ㄉㄚˋ ㄏㄨ
疾言遽色,1,ㄐㄧˊ ㄧㄢˊ ㄐㄩˋ ㄙㄜˋ
疾足先得,1,ㄐㄧˊ ㄗㄨˊ ㄒㄧㄢ ㄉㄜˊ
疾風暴雨,1,ㄐㄧˊ ㄈㄥ ㄅㄠˋ ㄩˇ
疾風甚雨,1,ㄐㄧˊ ㄈㄥ ㄕㄣˋ ㄩˇ
疾風驟雨,1,ㄐㄧˊ ㄈㄥ ㄗㄡˋ ㄩˇ
疾首痛心,1,ㄐㄧˊ ㄕㄡˇ ㄊㄨㄥˋ ㄒㄧㄣ
疾首蹙頞,1,ㄐㄧˊ ㄕㄡˇ ㄘㄨˋ ㄜˋ
疾首蹙額,1,ㄐㄧˊ ㄕㄡˇ ㄘㄨˋ ㄜˊ
病不拘禮,1,ㄅㄧㄥˋ ㄅㄨˋ ㄐㄩ ㄌㄧˇ
病國殃民,1,ㄅㄧㄥˋ ㄍㄨㄛˊ ㄧㄤ ㄇㄧㄣˊ
病在膏肓,1,ㄅㄧㄥˋ ㄗㄞˋ ㄍㄠ ㄏㄨㄤ
病已成勢,1,ㄅㄧㄥˋ ㄧˇ ㄔㄥˊ ㄕˋ
病染膏肓,1,ㄅㄧㄥˋ ㄖㄢˇ ㄍㄠ ㄏㄨㄤ
病榻纏綿,1,ㄅㄧㄥˋ ㄊㄚˋ ㄔㄢˊ ㄇㄧㄢˊ
病理切片,1,ㄅㄧㄥˋ ㄌㄧˇ ㄑㄧㄝ ㄆㄧㄢˋ
病由口入,1,ㄅㄧㄥˋ ㄧㄡˊ ㄎㄡˇ ㄖㄨˋ
病病歪歪,1,ㄅㄧㄥˋ ㄅㄧㄥ˙ ㄨㄞ ㄨㄞ
病病殃殃,1,ㄅㄧㄥˋ ㄅㄧㄥ˙ ㄧㄤ ㄧㄤ
痌瘝在抱,1,ㄊㄨㄥ ㄍㄨㄢ ㄗㄞˋ ㄅㄠˋ
痘疹娘娘,1,ㄉㄡˋ ㄓㄣˇ ㄋㄧㄤ˙ ㄋㄧㄤ˙
痛不堪忍,1,ㄊㄨㄥˋ ㄅㄨˋ ㄎㄢ ㄖㄣˇ
痛不欲生,1,ㄊㄨㄥˋ ㄅㄨˋ ㄩˋ ㄕㄥ
痛入心脾,1,ㄊㄨㄥˋ ㄖㄨˋ ㄒㄧㄣ ㄆㄧˊ
痛入骨髓,1,ㄊㄨㄥˋ ㄖㄨˋ ㄍㄨˇ ㄙㄨㄟˇ
痛切心骨,1,ㄊㄨㄥˋ ㄑㄧㄝˋ ㄒㄧㄣ ㄍㄨˇ
痛失知音,1,ㄊㄨㄥˋ ㄕ ㄓ ㄧㄣ
痛失英才,1,ㄊㄨㄥˋ ㄕ ㄧㄥ ㄘㄞˊ
痛徹心腑,1,ㄊㄨㄥˋ ㄔㄜˋ ㄒㄧㄣ ㄈㄨˇ
痛心入骨,1,ㄊㄨㄥˋ ㄒㄧㄣ ㄖㄨˋ ㄍㄨˇ
痛心切齒,1,ㄊㄨㄥˋ ㄒㄧㄣ ㄑㄧㄝˋ ㄔˇ
痛心刻骨,1,ㄊㄨㄥˋ ㄒㄧㄣ ㄎㄜˋ ㄍㄨˇ
痛心泣血,1,ㄊㄨㄥˋ ㄒㄧㄣ ㄑㄧˋ ㄒㄩㄝˋ
痛悔前非,1,ㄊㄨㄥˋ ㄏㄨㄟˇ ㄑㄧㄢˊ ㄈㄟ
痛抱西河,1,ㄊㄨㄥˋ ㄅㄠˋ ㄒㄧ ㄏㄜˊ
痛楚徹骨,1,ㄊㄨㄥˋ ㄔㄨˇ ㄔㄜˋ ㄍㄨˇ
痛滌前非,1,ㄊㄨㄥˋ ㄉㄧˊ ㄑㄧㄢˊ ㄈㄟ
痛澈心脾,1,ㄊㄨㄥˋ ㄔㄜˋ ㄒㄧㄣ ㄆㄧˊ
痛澈骨髓,1,ㄊㄨㄥˋ ㄔㄜˋ ㄍㄨˇ ㄙㄨㄟˇ
痛痛快快,1,ㄊㄨㄥˋ ㄊㄨㄥ˙ ㄎㄨㄞˋ ㄎㄨㄞˋ
痛癢無關,1,ㄊㄨㄥˋ ㄧㄤˇ ㄨˊ ㄍㄨㄢ
痛癢相關,1,ㄊㄨㄥˋ ㄧㄤˇ ㄒㄧㄤ ㄍㄨㄢ
痛飲黃龍,1,ㄊㄨㄥˋ ㄧㄣˇ ㄏㄨㄤˊ ㄌㄨㄥˊ
痢疾桿菌,1,ㄌㄧˋ ㄐㄧˊ ㄍㄢˇ ㄐㄩㄣˋ
痰火擾心,1,ㄊㄢˊ ㄏㄨㄛˇ ㄖㄠˇ ㄒㄧㄣ
痰熱阻肺,1,ㄊㄢˊ ㄖㄜˋ ㄗㄨˇ ㄈㄟˋ
痰迷心竅,1,ㄊㄢˊ ㄇㄧˊ ㄒㄧㄣ ㄑㄧㄠˋ
痴人痴福,1,ㄔ ㄖㄣˊ ㄔ ㄈㄨˊ
痴呆懵懂,1,ㄔ ㄉㄞ ㄇㄥˇ ㄉㄨㄥˇ
痴然如醉,1,ㄔ ㄖㄢˊ ㄖㄨˊ ㄗㄨㄟˋ
痴男怨女,1,ㄔ ㄋㄢˊ ㄩㄢˋ ㄋㄩˇ
痿不忘起,1,ㄨㄟˇ ㄅㄨˋ ㄨㄤˋ ㄑㄧˇ
瘋瘋傻傻,1,ㄈㄥ ㄈㄥ˙ ㄕㄚˇ ㄕㄚˇ
瘋瘋癲癲,1,ㄈㄥ ㄈㄥ˙ ㄉㄧㄢ ㄉㄧㄢ
瘋瘋顛顛,1,ㄈㄥ ㄈㄥ˙ ㄉㄧㄢ ㄉㄧㄢ
瘞玉埋香,1,ㄧˋ ㄩˋ ㄇㄞˊ ㄒㄧㄤ
瘠人肥己,1,ㄐㄧˊ ㄖㄣˊ ㄈㄟˊ ㄐㄧˇ
瘠己肥人,1,ㄐㄧˊ ㄐㄧˇ ㄈㄟˊ ㄖㄣˊ
瘠牛僨豚,1,ㄐㄧˊ ㄋㄧㄡˊ ㄈㄣˋ ㄊㄨㄣˊ
瘡好忘痛,1,ㄔㄨㄤ ㄏㄠˇ ㄨㄤˋ ㄊㄨㄥˋ
瘦小枯乾,1,ㄕㄡˋ ㄒㄧㄠˇ ㄎㄨ ㄍㄢ
瘦筋巴骨,1,ㄕㄡˋ ㄐㄧㄣ ㄅㄚ ㄍㄨˇ
瘦骨如柴,1,ㄕㄡˋ ㄍㄨˇ ㄖㄨˊ ㄔㄞˊ
瘦骨嶙峋,1,ㄕㄡˋ ㄍㄨˇ ㄌㄧㄣˊ ㄒㄩㄣˊ
療瘡剜肉,1,ㄌㄧㄠˊ ㄔㄨㄤ ㄨㄢ ㄖㄡˋ
癆病腔子,1,ㄌㄠˊ ㄅㄧㄥˋ ㄑㄧㄤ ㄗ˙
癉惡彰善,1,ㄉㄢˋ ㄜˋ ㄓㄤ ㄕㄢˋ
癩頭跣腳,1,ㄌㄞˋ ㄊㄡˊ ㄒㄧㄢˇ ㄐㄧㄠˇ
癲頭癲腦,1,ㄉㄧㄢ ㄊㄡˊ ㄉㄧㄢ ㄋㄠˇ
登壇拜將,1,ㄉㄥ ㄊㄢˊ ㄅㄞˋ ㄐㄧㄤˋ
登山小魯,1,ㄉㄥ ㄕㄢ ㄒㄧㄠˇ ㄌㄨˇ
登山涉水,1,ㄉㄥ ㄕㄢ ㄕㄜˋ ㄕㄨㄟˇ
登山臨水,1,ㄉㄥ ㄕㄢ ㄌㄧㄣˊ ㄕㄨㄟˇ
登山越嶺,1,ㄉㄥ ㄕㄢ ㄩㄝˋ ㄌㄧㄥˇ
登山運動,1,ㄉㄥ ㄕㄢ ㄩㄣˋ ㄉㄨㄥˋ
登山驀嶺,1,ㄉㄥ ㄕㄢ ㄇㄛˋ ㄌㄧㄥˇ
登枝捐本,1,ㄉㄥ ㄓ ㄐㄩㄢ ㄅㄣˇ
登樓望闕,1,ㄉㄥ ㄌㄡˊ ㄨㄤˋ ㄑㄩㄝˋ
登登登的,1,ㄉㄥ ㄉㄥ ㄉㄥ ㄉㄜ˙
登臺拜將,1,ㄉㄥ ㄊㄞˊ ㄅㄞˋ ㄐㄧㄤˋ
登記入學,1,ㄉㄥ ㄐㄧˋ ㄖㄨˋ ㄒㄩㄝˊ
登門造訪,1,ㄉㄥ ㄇㄣˊ ㄗㄠˋ ㄈㄤˇ
登陸月球,1,ㄉㄥ ㄌㄨˋ ㄩㄝˋ ㄑㄧㄡˊ
登高望遠,1,ㄉㄥ ㄍㄠ ㄨㄤˋ ㄩㄢˇ
登高能賦,1,ㄉㄥ ㄍㄠ ㄋㄥˊ ㄈㄨˋ
登高自卑,1,ㄉㄥ ㄍㄠ ㄗˋ ㄅㄟ
登高賦裁,1,ㄉㄥ ㄍㄠ ㄈㄨˋ ㄘㄞˊ
發光顏料,1,ㄈㄚ ㄍㄨㄤ ㄧㄢˊ ㄌㄧㄠˋ
發凡舉例,1,ㄈㄚ ㄈㄢˊ ㄐㄩˇ ㄌㄧˋ
發喊連天,1,ㄈㄚ ㄏㄢˇ ㄌㄧㄢˊ ㄊㄧㄢ
發奸摘隱,1,ㄈㄚ ㄐㄧㄢ ㄓㄞ ㄧㄣˇ
發奸擿伏,1,ㄈㄚ ㄐㄧㄢ ㄊㄧˋ ㄈㄨˊ
發姦擿伏,1,ㄈㄚ ㄐㄧㄢ ㄊㄧˋ ㄈㄨˊ
發威動怒,1,ㄈㄚ ㄨㄟ ㄉㄨㄥˋ ㄋㄨˋ
發富發貴,1,ㄈㄚ ㄈㄨˋ ㄈㄚ ㄍㄨㄟˋ
發射控制,1,ㄈㄚ ㄕㄜˋ ㄎㄨㄥˋ ㄓˋ
發射星雲,1,ㄈㄚ ㄕㄜˋ ㄒㄧㄥ ㄩㄣˊ
發屋求狸,1,ㄈㄚ ㄨ ㄑㄧㄡˊ ㄌㄧˊ
發憤努力,1,ㄈㄚ ㄈㄣˋ ㄋㄨˇ ㄌㄧˋ
發憤向上,1,ㄈㄚ ㄈㄣˋ ㄒㄧㄤˋ ㄕㄤˋ
發揚踔厲,1,ㄈㄚ ㄧㄤˊ ㄓㄨㄛˊ ㄌㄧˋ
發擿姦伏,1,ㄈㄚ ㄊㄧˋ ㄐㄧㄢ ㄈㄨˊ
發政施仁,1,ㄈㄚ ㄓㄥˋ ㄕ ㄖㄣˊ
發泡成形,1,ㄈㄚ ㄆㄠˋ ㄔㄥˊ ㄒㄧㄥˊ
發現學習,1,ㄈㄚ ㄒㄧㄢˋ ㄒㄩㄝˊ ㄒㄧˊ
發矇振聵,1,ㄈㄚ ㄇㄥˊ ㄓㄣˋ ㄎㄨㄟˋ
發硎新試,1,ㄈㄚ ㄒㄧㄥˊ ㄒㄧㄣ ㄕˋ
發科打諢,1,ㄈㄚ ㄎㄜ ㄉㄚˇ ㄏㄨㄣˋ
發策決科,1,ㄈㄚ ㄘㄜˋ ㄐㄩㄝˊ ㄎㄜ
發聾振聵,1,ㄈㄚ ㄌㄨㄥˊ ㄓㄣˋ ㄎㄨㄟˋ
發脫口齒,1,ㄈㄚ ㄊㄨㄛ ㄎㄡˇ ㄔˇ
發蒙振落,1,ㄈㄚ ㄇㄥˊ ㄓㄣˋ ㄌㄨㄛˋ
發號出令,1,ㄈㄚ ㄏㄠˋ ㄔㄨ ㄌㄧㄥˋ
發號布令,1,ㄈㄚ ㄏㄠˋ ㄅㄨˋ ㄌㄧㄥˋ
發行首日,1,ㄈㄚ ㄒㄧㄥˊ ㄕㄡˇ ㄖˋ
發言發語,1,ㄈㄚ ㄧㄢˊ ㄈㄚ ㄩˇ
發言遣辭,1,ㄈㄚ ㄧㄢˊ ㄑㄧㄢˇ ㄘˊ
發跡變泰,1,ㄈㄚ ㄐㄧ ㄅㄧㄢˋ ㄊㄞˋ
發蹤指示,1,ㄈㄚ ㄗㄨㄥ ㄓˇ ㄕˋ
發酵乳酸,1,ㄈㄚ ㄒㄧㄠˋ ㄖㄨˇ ㄙㄨㄢ
發采揚明,1,ㄈㄚ ㄘㄞˇ ㄧㄤˊ ㄇㄧㄥˊ
發隱擿伏,1,ㄈㄚ ㄧㄣˇ ㄊㄧˋ ㄈㄨˊ
發音方法,1,ㄈㄚ ㄧㄣ ㄈㄤ ㄈㄚˇ
發音部位,1,ㄈㄚ ㄧㄣ ㄅㄨˋ ㄨㄟˋ
發音障礙,1,ㄈㄚ ㄧㄣ ㄓㄤˋ ㄞˋ
發風罵坐,1,ㄈㄚ ㄈㄥ ㄇㄚˋ ㄗㄨㄛˋ
白丁俗客,1,ㄅㄞˊ ㄉㄧㄥ ㄙㄨˊ ㄎㄜˋ
白不呲咧,1,ㄅㄞˊ ㄅㄨˋ ㄘ ㄌㄧㄝ
白俄羅斯,1,ㄅㄞˊ ㄜˊ ㄌㄨㄛˊ ㄙ
白兔擣藥,1,ㄅㄞˊ ㄊㄨˋ ㄉㄠˇ ㄧㄠˋ
白兔赤烏,1,ㄅㄞˊ ㄊㄨˋ ㄔˋ ㄨ
白叟黃童,1,ㄅㄞˊ ㄙㄡˇ ㄏㄨㄤˊ ㄊㄨㄥˊ
白口咀咒,1,ㄅㄞˊ ㄎㄡˇ ㄐㄩˇ ㄓㄡˋ
白古蘇花,1,ㄅㄞˊ ㄍㄨˇ ㄙㄨ ㄏㄨㄚ
白吃白住,1,ㄅㄞˊ ㄔ ㄅㄞˊ ㄓㄨˋ
白喉疫苗,1,ㄅㄞˊ ㄏㄡˊ ㄧˋ ㄇㄧㄠˊ
白圭之玷,1,ㄅㄞˊ ㄍㄨㄟ ㄓ ㄉㄧㄢˋ
白如枯骨,1,ㄅㄞˊ ㄖㄨˊ ㄎㄨ ㄍㄨˇ
白孔六帖,1,ㄅㄞˊ ㄎㄨㄥˇ ㄌㄧㄡˋ ㄊㄧㄝˋ
白宮學者,1,ㄅㄞˊ ㄍㄨㄥ ㄒㄩㄝˊ ㄓㄜˇ
白尼羅河,1,ㄅㄞˊ ㄋㄧˊ ㄌㄨㄛˊ ㄏㄜˊ
白屋人家,1,ㄅㄞˊ ㄨ ㄖㄣˊ ㄐㄧㄚ
白屋寒門,1,ㄅㄞˊ ㄨ ㄏㄢˊ ㄇㄣˊ
白山黑水,1,ㄅㄞˊ ㄕㄢ ㄏㄟ ㄕㄨㄟˇ
白得發亮,1,ㄅㄞˊ ㄉㄜ˙ ㄈㄚ ㄌㄧㄤˋ
白憑無故,1,ㄅㄞˊ ㄆㄧㄥˊ ㄨˊ ㄍㄨˋ
白手興家,1,ㄅㄞˊ ㄕㄡˇ ㄒㄧㄥ ㄐㄧㄚ
白搶白相,1,ㄅㄞˊ ㄑㄧㄤˇ ㄅㄞˊ ㄒㄧㄤˋ
白搽白折,1,ㄅㄞˊ ㄔㄚˊ ㄅㄞˊ ㄓㄜˊ
白旄黃鉞,1,ㄅㄞˊ ㄇㄠˊ ㄏㄨㄤˊ ㄩㄝˋ
白日昇天,1,ㄅㄞˊ ㄖˋ ㄕㄥ ㄊㄧㄢ
白日衣繡,1,ㄅㄞˊ ㄖˋ ㄧˋ ㄒㄧㄡˋ
白日見鬼,1,ㄅㄞˊ ㄖˋ ㄐㄧㄢˋ ㄍㄨㄟˇ
白日飛昇,1,ㄅㄞˊ ㄖˋ ㄈㄟ ㄕㄥ
白板單吊,1,ㄅㄞˊ ㄅㄢˇ ㄉㄢ ㄉㄧㄠˋ
白板天子,1,ㄅㄞˊ ㄅㄢˇ ㄊㄧㄢ ㄗˇ
白毫之賜,1,ㄅㄞˊ ㄏㄠˊ ㄓ ㄙˋ
白水素女,1,ㄅㄞˊ ㄕㄨㄟˇ ㄙㄨˋ ㄋㄩˇ
白沙學派,1,ㄅㄞˊ ㄕㄚ ㄒㄩㄝˊ ㄆㄞˋ
白河水庫,1,ㄅㄞˊ ㄏㄜˊ ㄕㄨㄟˇ ㄎㄨˋ
白浪掀天,1,ㄅㄞˊ ㄌㄤˋ ㄒㄧㄢ ㄊㄧㄢ
白浪滔滔,1,ㄅㄞˊ ㄌㄤˋ ㄊㄠ ㄊㄠ
白淨面皮,1,ㄅㄞˊ ㄐㄧㄥˋ ㄇㄧㄢˋ ㄆㄧˊ
白熱電燈,1,ㄅㄞˊ ㄖㄜˋ ㄉㄧㄢˋ ㄉㄥ
白熾電燈,1,ㄅㄞˊ ㄔˋ ㄉㄧㄢˋ ㄉㄥ
白玉微瑕,1,ㄅㄞˊ ㄩˋ ㄨㄟˊ ㄒㄧㄚˊ
白玉微疵,1,ㄅㄞˊ ㄩˋ ㄨㄟˊ ㄘ
白玉有瑕,1,ㄅㄞˊ ㄩˋ ㄧㄡˇ ㄒㄧㄚˊ
白玉無瑕,1,ㄅㄞˊ ㄩˋ ㄨˊ ㄒㄧㄚˊ
白璧之瑕,1,ㄅㄞˊ ㄅㄧˋ ㄓ ㄒㄧㄚˊ
白璧無瑕,1,ㄅㄞˊ ㄅㄧˋ ㄨˊ ㄒㄧㄚˊ
白璧青蠅,1,ㄅㄞˊ ㄅㄧˋ ㄑㄧㄥ ㄧㄥˊ
白白淨淨,1,ㄅㄞˊ ㄅㄞ˙ ㄐㄧㄥ˙ ㄐㄧㄥ˙
白眉赤眼,1,ㄅㄞˊ ㄇㄟˊ ㄔˋ ㄧㄢˇ
白眼頻加,1,ㄅㄞˊ ㄧㄢˇ ㄆㄧㄣˊ ㄐㄧㄚ
白石道人,1,ㄅㄞˊ ㄕˊ ㄉㄠˋ ㄖㄣˊ
白紹拉河,1,ㄅㄞˊ ㄕㄠˋ ㄌㄚ ㄏㄜˊ
白背飛蝨,1,ㄅㄞˊ ㄅㄟˋ ㄈㄟ ㄕ
白腰雨燕,1,ㄅㄞˊ ㄧㄠ ㄩˇ ㄧㄢˋ
白色人種,1,ㄅㄞˊ ㄙㄜˋ ㄖㄣˊ ㄓㄨㄥˇ
白花八角,1,ㄅㄞˊ ㄏㄨㄚ ㄅㄚ ㄐㄧㄠˇ
白華之怨,1,ㄅㄞˊ ㄏㄨㄚˊ ㄓ ㄩㄢˋ
白虎通義,1,ㄅㄞˊ ㄏㄨˇ ㄊㄨㄥ ㄧˋ
白虹貫日,1,ㄅㄞˊ ㄏㄨㄥˊ ㄍㄨㄢˋ ㄖˋ
白蠟明經,1,ㄅㄞˊ ㄌㄚˋ ㄇㄧㄥˊ ㄐㄧㄥ
白蠟杆子,1,ㄅㄞˊ ㄌㄚˋ ㄍㄢ ㄗ˙
白衣公卿,1,ㄅㄞˊ ㄧ ㄍㄨㄥ ㄑㄧㄥ
白衣卿相,1,ㄅㄞˊ ㄧ ㄑㄧㄥ ㄒㄧㄤˋ
白衣大食,1,ㄅㄞˊ ㄧ ㄉㄚˋ ㄕˊ
白衣教練,1,ㄅㄞˊ ㄧ ㄐㄧㄠˋ ㄌㄧㄢˋ
白衣秀士,1,ㄅㄞˊ ㄧ ㄒㄧㄡˋ ㄕˋ
白衣蒼狗,1,ㄅㄞˊ ㄧ ㄘㄤ ㄍㄡˇ
白衣觀音,1,ㄅㄞˊ ㄧ ㄍㄨㄢ ㄧㄣ
白衣送酒,1,ㄅㄞˊ ㄧ ㄙㄨㄥˋ ㄐㄧㄡˇ
白詞念賦,1,ㄅㄞˊ ㄘˊ ㄋㄧㄢˋ ㄈㄨˋ
白話小說,1,ㄅㄞˊ ㄏㄨㄚˋ ㄒㄧㄠˇ ㄕㄨㄛ
白說六道,1,ㄅㄞˊ ㄕㄨㄛ ㄌㄧㄡˋ ㄉㄠˋ
白說綠道,1,ㄅㄞˊ ㄕㄨㄛ ㄌㄩˋ ㄉㄠˋ
白象之國,1,ㄅㄞˊ ㄒㄧㄤˋ ㄓ ㄍㄨㄛˊ
白費功夫,1,ㄅㄞˊ ㄈㄟˋ ㄍㄨㄥ ㄈㄨ
白費心思,1,ㄅㄞˊ ㄈㄟˋ ㄒㄧㄣ ㄙ
白費心血,1,ㄅㄞˊ ㄈㄟˋ ㄒㄧㄣ ㄒㄧㄝˇ
白雪遺音,1,ㄅㄞˊ ㄒㄩㄝˇ ㄧˊ ㄧㄣ
白雪陽春,1,ㄅㄞˊ ㄒㄩㄝˇ ㄧㄤˊ ㄔㄨㄣ
白雪黃芽,1,ㄅㄞˊ ㄒㄩㄝˇ ㄏㄨㄤˊ ㄧㄚˊ
白雲孤飛,1,ㄅㄞˊ ㄩㄣˊ ㄍㄨ ㄈㄟ
白雲親舍,1,ㄅㄞˊ ㄩㄣˊ ㄑㄧㄣ ㄕㄜˋ
白面書郎,1,ㄅㄞˊ ㄇㄧㄢˋ ㄕㄨ ㄌㄤˊ
白面鼯鼠,1,ㄅㄞˊ ㄇㄧㄢˋ ㄨˊ ㄕㄨˇ
白領勞工,1,ㄅㄞˊ ㄌㄧㄥˇ ㄌㄠˊ ㄍㄨㄥ
白領犯罪,1,ㄅㄞˊ ㄌㄧㄥˇ ㄈㄢˋ ㄗㄨㄟˋ
白頭之歎,1,ㄅㄞˊ ㄊㄡˊ ㄓ ㄊㄢˋ
白頭如新,1,ㄅㄞˊ ㄊㄡˊ ㄖㄨˊ ㄒㄧㄣ
白頭相守,1,ㄅㄞˊ ㄊㄡˊ ㄒㄧㄤ ㄕㄡˇ
白飯青芻,1,ㄅㄞˊ ㄈㄢˋ ㄑㄧㄥ ㄔㄨˊ
白首一節,1,ㄅㄞˊ ㄕㄡˇ ㄧ ㄐㄧㄝˊ
白首之心,1,ㄅㄞˊ ㄕㄡˇ ㄓ ㄒㄧㄣ
白首北面,1,ㄅㄞˊ ㄕㄡˇ ㄅㄟˇ ㄇㄧㄢˋ
白首同歸,1,ㄅㄞˊ ㄕㄡˇ ㄊㄨㄥˊ ㄍㄨㄟ
白首如新,1,ㄅㄞˊ ㄕㄡˇ ㄖㄨˊ ㄒㄧㄣ
白首無成,1,ㄅㄞˊ ㄕㄡˇ ㄨˊ ㄔㄥˊ
白首相知,1,ㄅㄞˊ ㄕㄡˇ ㄒㄧㄤ ㄓ
白首空歸,1,ㄅㄞˊ ㄕㄡˇ ㄎㄨㄥ ㄍㄨㄟ
白首窮經,1,ㄅㄞˊ ㄕㄡˇ ㄑㄩㄥˊ ㄐㄧㄥ
白馬將軍,1,ㄅㄞˊ ㄇㄚˇ ㄐㄧㄤ ㄐㄩㄣ
白馬歸周,1,ㄅㄞˊ ㄇㄚˇ ㄍㄨㄟ ㄓㄡ
白駒空谷,1,ㄅㄞˊ ㄐㄩ ㄎㄨㄥ ㄍㄨˇ
白髮如新,1,ㄅㄞˊ ㄈㄚˇ ㄖㄨˊ ㄒㄧㄣ
白髮朱顏,1,ㄅㄞˊ ㄈㄚˇ ㄓㄨ ㄧㄢˊ
白髮相守,1,ㄅㄞˊ ㄈㄚˇ ㄒㄧㄤ ㄕㄡˇ
白髮紅顏,1,ㄅㄞˊ ㄈㄚˇ ㄏㄨㄥˊ ㄧㄢˊ
白髮蒼顏,1,ㄅㄞˊ ㄈㄚˇ ㄘㄤ ㄧㄢˊ
白髮郎潛,1,ㄅㄞˊ ㄈㄚˇ ㄌㄤˊ ㄑㄧㄢˊ
白髮銀鬚,1,ㄅㄞˊ ㄈㄚˇ ㄧㄣˊ ㄒㄩ
白髮青衫,1,ㄅㄞˊ ㄈㄚˇ ㄑㄧㄥ ㄕㄢ
白髮齊眉,1,ㄅㄞˊ ㄈㄚˇ ㄑㄧˊ ㄇㄟˊ
白魚入舟,1,ㄅㄞˊ ㄩˊ ㄖㄨˋ ㄓㄡ
白鶴秀才,1,ㄅㄞˊ ㄏㄜˋ ㄒㄧㄡˋ ㄘㄞˊ
白黑不分,1,ㄅㄞˊ ㄏㄟ ㄅㄨˋ ㄈㄣ
白黑分明,1,ㄅㄞˊ ㄏㄟ ㄈㄣ ㄇㄧㄥˊ
白龍微服,1,ㄅㄞˊ ㄌㄨㄥˊ ㄨㄟˊ ㄈㄨˊ
白龍魚服,1,ㄅㄞˊ ㄌㄨㄥˊ ㄩˊ ㄈㄨˊ
百丈清規,1,ㄅㄞˇ ㄓㄤˋ ㄑㄧㄥ ㄍㄨㄟ
百丈竿頭,1,ㄅㄞˇ ㄓㄤˋ ㄍㄢ ㄊㄡˊ
百不一失,1,ㄅㄞˇ ㄅㄨˋ ㄧ ㄕ
百不一爽,1,ㄅㄞˇ ㄅㄨˋ ㄧ ㄕㄨㄤˇ
百不一遇,1,ㄅㄞˇ ㄅㄨˋ ㄧ ㄩˋ
百不失一,1,ㄅㄞˇ ㄅㄨˋ ㄕ ㄧ
百不存一,1,ㄅㄞˇ ㄅㄨˋ ㄘㄨㄣˊ ㄧ
百不當一,1,ㄅㄞˇ ㄅㄨˋ ㄉㄤ ㄧ
百世不易,1,ㄅㄞˇ ㄕˋ ㄅㄨˋ ㄧˋ
百世不磨,1,ㄅㄞˇ ㄕˋ ㄅㄨˋ ㄇㄛˊ
百世之人,1,ㄅㄞˇ ㄕˋ ㄓ ㄖㄣˊ
百世之利,1,ㄅㄞˇ ㄕˋ ㄓ ㄌㄧˋ
百世之師,1,ㄅㄞˇ ㄕˋ ㄓ ㄕ
百世流芳,1,ㄅㄞˇ ㄕˋ ㄌㄧㄡˊ ㄈㄤ
百世難期,1,ㄅㄞˇ ㄕˋ ㄋㄢˊ ㄑㄧˊ
百中無一,1,ㄅㄞˇ ㄓㄨㄥ ㄨˊ ㄧ
百中百發,1,ㄅㄞˇ ㄓㄨㄥˋ ㄅㄞˇ ㄈㄚ
百乘之家,1,ㄅㄞˇ ㄕㄥˋ ㄓ ㄐㄧㄚ
百了千當,1,ㄅㄞˇ ㄌㄧㄠˇ ㄑㄧㄢ ㄉㄤˋ
百事不管,1,ㄅㄞˇ ㄕˋ ㄅㄨˋ ㄍㄨㄢˇ
百事可樂,1,ㄅㄞˇ ㄕˋ ㄎㄜˇ ㄌㄜˋ
百事和合,1,ㄅㄞˇ ㄕˋ ㄏㄜˊ ㄏㄜˊ
百事大吉,1,ㄅㄞˇ ㄕˋ ㄉㄚˋ ㄐㄧˊ
百事無成,1,ㄅㄞˇ ㄕˋ ㄨˊ ㄔㄥˊ
百二山河,1,ㄅㄞˇ ㄦˋ ㄕㄢ ㄏㄜˊ
百二關山,1,ㄅㄞˇ ㄦˋ ㄍㄨㄢ ㄕㄢ
百代文宗,1,ㄅㄞˇ ㄉㄞˋ ㄨㄣˊ ㄗㄨㄥ
百伶百俐,1,ㄅㄞˇ ㄌㄧㄥˊ ㄅㄞˇ ㄌㄧˋ
百依百隨,1,ㄅㄞˇ ㄧ ㄅㄞˇ ㄙㄨㄟˊ
百卉千葩,1,ㄅㄞˇ ㄏㄨㄟˋ ㄑㄧㄢ ㄆㄚ
百卉含英,1,ㄅㄞˇ ㄏㄨㄟˋ ㄏㄢˊ ㄧㄥ
百口難分,1,ㄅㄞˇ ㄎㄡˇ ㄋㄢˊ ㄈㄣ
百吃不厭,1,ㄅㄞˇ ㄔ ㄅㄨˋ ㄧㄢˋ
百喙莫辯,1,ㄅㄞˇ ㄏㄨㄟˋ ㄇㄛˋ ㄅㄧㄢˋ
百城之富,1,ㄅㄞˇ ㄔㄥˊ ㄓ ㄈㄨˋ
百堵皆作,1,ㄅㄞˇ ㄉㄨˇ ㄐㄧㄝ ㄗㄨㄛˋ
百姓之心,1,ㄅㄞˇ ㄒㄧㄥˋ ㄓ ㄒㄧㄣ
百媚千嬌,1,ㄅㄞˇ ㄇㄟˋ ㄑㄧㄢ ㄐㄧㄠ
百子全書,1,ㄅㄞˇ ㄗˇ ㄑㄩㄢˊ ㄕㄨ
百子千孫,1,ㄅㄞˇ ㄗˇ ㄑㄧㄢ ㄙㄨㄣ
百孔千創,1,ㄅㄞˇ ㄎㄨㄥˇ ㄑㄧㄢ ㄔㄨㄤ
百家之言,1,ㄅㄞˇ ㄐㄧㄚ ㄓ ㄧㄢˊ
百家衣體,1,ㄅㄞˇ ㄐㄧㄚ ㄧ ㄊㄧˇ
百家諸子,1,ㄅㄞˇ ㄐㄧㄚ ㄓㄨ ㄗˇ
百家齊鳴,1,ㄅㄞˇ ㄐㄧㄚ ㄑㄧˊ ㄇㄧㄥˊ
百川學海,1,ㄅㄞˇ ㄔㄨㄢ ㄒㄩㄝˊ ㄏㄞˇ
百川歸海,1,ㄅㄞˇ ㄔㄨㄢ ㄍㄨㄟ ㄏㄞˇ
百巧千窮,1,ㄅㄞˇ ㄑㄧㄠˇ ㄑㄧㄢ ㄑㄩㄥˊ
百巧成窮,1,ㄅㄞˇ ㄑㄧㄠˇ ㄔㄥˊ ㄑㄩㄥˊ
百年不遇,1,ㄅㄞˇ ㄋㄧㄢˊ ㄅㄨˋ ㄩˋ
百年之好,1,ㄅㄞˇ ㄋㄧㄢˊ ㄓ ㄏㄠˇ
百年之後,1,ㄅㄞˇ ㄋㄧㄢˊ ㄓ ㄏㄡˋ
百年之柄,1,ㄅㄞˇ ㄋㄧㄢˊ ㄓ ㄅㄧㄥˇ
百年之業,1,ㄅㄞˇ ㄋㄧㄢˊ ㄓ ㄧㄝˋ
百年佳偶,1,ㄅㄞˇ ㄋㄧㄢˊ ㄐㄧㄚ ㄡˇ
百年偕老,1,ㄅㄞˇ ㄋㄧㄢˊ ㄒㄧㄝˊ ㄌㄠˇ
百年到老,1,ㄅㄞˇ ㄋㄧㄢˊ ㄉㄠˋ ㄌㄠˇ
百廢備舉,1,ㄅㄞˇ ㄈㄟˋ ㄅㄟˋ ㄐㄩˇ
百念皆灰,1,ㄅㄞˇ ㄋㄧㄢˋ ㄐㄧㄝ ㄏㄨㄟ
百思不解,1,ㄅㄞˇ ㄙ ㄅㄨˋ ㄐㄧㄝˇ
百慮一致,1,ㄅㄞˇ ㄌㄩˋ ㄧ ㄓˋ
百戰不殆,1,ㄅㄞˇ ㄓㄢˋ ㄅㄨˋ ㄉㄞˋ
百戰功高,1,ㄅㄞˇ ㄓㄢˋ ㄍㄨㄥ ㄍㄠ
百戰雄師,1,ㄅㄞˇ ㄓㄢˋ ㄒㄩㄥˊ ㄕ
百折不挫,1,ㄅㄞˇ ㄓㄜˊ ㄅㄨˋ ㄘㄨㄛˋ
百拙千醜,1,ㄅㄞˇ ㄓㄨㄛˊ ㄑㄧㄢ ㄔㄡˇ
百日天下,1,ㄅㄞˇ ㄖˋ ㄊㄧㄢ ㄒㄧㄚˋ
百日維新,1,ㄅㄞˇ ㄖˋ ㄨㄟˊ ㄒㄧㄣ
百武彗星,1,ㄅㄞˇ ㄨˇ ㄏㄨㄟˋ ㄒㄧㄥ
百歲之好,1,ㄅㄞˇ ㄙㄨㄟˋ ㄓ ㄏㄠˇ
百歲之後,1,ㄅㄞˇ ㄙㄨㄟˋ ㄓ ㄏㄡˋ
百歲千秋,1,ㄅㄞˇ ㄙㄨㄟˋ ㄑㄧㄢ ㄑㄧㄡ
百死一生,1,ㄅㄞˇ ㄙˇ ㄧ ㄕㄥ
百毒不侵,1,ㄅㄞˇ ㄉㄨˊ ㄅㄨˋ ㄑㄧㄣ
百治百效,1,ㄅㄞˇ ㄓˋ ㄅㄞˇ ㄒㄧㄠˋ
百源學派,1,ㄅㄞˇ ㄩㄢˊ ㄒㄩㄝˊ ㄆㄞˋ
百無一二,1,ㄅㄞˇ ㄨˊ ㄧ ㄦˋ
百無一存,1,ㄅㄞˇ ㄨˊ ㄧ ㄘㄨㄣˊ
百無一是,1,ㄅㄞˇ ㄨˊ ㄧ ㄕˋ
百無一漏,1,ㄅㄞˇ ㄨˊ ㄧ ㄌㄡˋ
百無一能,1,ㄅㄞˇ ㄨˊ ㄧ ㄋㄥˊ
百無一長,1,ㄅㄞˇ ㄨˊ ㄧ ㄔㄤˊ
百無所忌,1,ㄅㄞˇ ㄨˊ ㄙㄨㄛˇ ㄐㄧˋ
百無所成,1,ㄅㄞˇ ㄨˊ ㄙㄨㄛˇ ㄔㄥˊ
百獸率舞,1,ㄅㄞˇ ㄕㄡˋ ㄕㄨㄞˋ ㄨˇ
百看不厭,1,ㄅㄞˇ ㄎㄢˋ ㄅㄨˋ ㄧㄢˋ
百福具臻,1,ㄅㄞˇ ㄈㄨˊ ㄐㄩˋ ㄓㄣ
百科辭典,1,ㄅㄞˇ ㄎㄜ ㄘˊ ㄉㄧㄢˇ
百端交集,1,ㄅㄞˇ ㄉㄨㄢ ㄐㄧㄠ ㄐㄧˊ
百端待舉,1,ㄅㄞˇ ㄉㄨㄢ ㄉㄞˋ ㄐㄩˇ
百紫千紅,1,ㄅㄞˇ ㄗˇ ㄑㄧㄢ ㄏㄨㄥˊ
百縱千隨,1,ㄅㄞˇ ㄗㄨㄥˋ ㄑㄧㄢ ㄙㄨㄟˊ
百舉百全,1,ㄅㄞˇ ㄐㄩˇ ㄅㄞˇ ㄑㄩㄢˊ
百舉百捷,1,ㄅㄞˇ ㄐㄩˇ ㄅㄞˇ ㄐㄧㄝˊ
百舌之聲,1,ㄅㄞˇ ㄕㄜˊ ㄓ ㄕㄥ
百舍重繭,1,ㄅㄞˇ ㄕㄜˋ ㄔㄨㄥˊ ㄐㄧㄢˇ
百舍重趼,1,ㄅㄞˇ ㄕㄜˋ ㄔㄨㄥˊ ㄐㄧㄢˇ
百般刁難,1,ㄅㄞˇ ㄅㄢ ㄉㄧㄠ ㄋㄢˊ
百般忙亂,1,ㄅㄞˇ ㄅㄢ ㄇㄤˊ ㄌㄨㄢˋ
百般恩愛,1,ㄅㄞˇ ㄅㄢ ㄣ ㄞˋ
百般解說,1,ㄅㄞˇ ㄅㄢ ㄐㄧㄝˇ ㄕㄨㄛ
百花娘子,1,ㄅㄞˇ ㄏㄨㄚ ㄋㄧㄤˊ ㄗ˙
百花爭妍,1,ㄅㄞˇ ㄏㄨㄚ ㄓㄥ ㄧㄢˊ
百花生日,1,ㄅㄞˇ ㄏㄨㄚ ㄕㄥ ㄖˋ
百花盛開,1,ㄅㄞˇ ㄏㄨㄚ ㄕㄥˋ ㄎㄞ
百萬之眾,1,ㄅㄞˇ ㄨㄢˋ ㄓ ㄓㄨㄥˋ
百萬雄兵,1,ㄅㄞˇ ㄨㄢˋ ㄒㄩㄥˊ ㄅㄧㄥ
百葉窗簾,1,ㄅㄞˇ ㄧㄝˋ ㄔㄨㄤ ㄌㄧㄢˊ
百衲綻衣,1,ㄅㄞˇ ㄋㄚˋ ㄓㄢˋ ㄧ
百裡挑一,1,ㄅㄞˇ ㄌㄧˇ ㄊㄧㄠ ㄧ
百覽不厭,1,ㄅㄞˇ ㄌㄢˇ ㄅㄨˋ ㄧㄢˋ
百計千心,1,ㄅㄞˇ ㄐㄧˋ ㄑㄧㄢ ㄒㄧㄣ
百計千謀,1,ㄅㄞˇ ㄐㄧˋ ㄑㄧㄢ ㄇㄡˊ
百謀千計,1,ㄅㄞˇ ㄇㄡˊ ㄑㄧㄢ ㄐㄧˋ
百讀不厭,1,ㄅㄞˇ ㄉㄨˊ ㄅㄨˋ ㄧㄢˋ
百足不僵,1,ㄅㄞˇ ㄗㄨˊ ㄅㄨˋ ㄐㄧㄤ
百足之蟲,1,ㄅㄞˇ ㄗㄨˊ ㄓ ㄔㄨㄥˊ
百身何贖,1,ㄅㄞˇ ㄕㄣ ㄏㄜˊ ㄕㄨˊ
百辭莫辯,1,ㄅㄞˇ ㄘˊ ㄇㄛˋ ㄅㄧㄢˋ
百里之才,1,ㄅㄞˇ ㄌㄧˇ ㄓ ㄘㄞˊ
百金之士,1,ㄅㄞˇ ㄐㄧㄣ ㄓ ㄕˋ
百鍊之鋼,1,ㄅㄞˇ ㄌㄧㄢˋ ㄓ ㄍㄤ
百鍛千練,1,ㄅㄞˇ ㄉㄨㄢˋ ㄑㄧㄢ ㄌㄧㄢˋ
百鎰之金,1,ㄅㄞˇ ㄧˋ ㄓ ㄐㄧㄣ
百靈百驗,1,ㄅㄞˇ ㄌㄧㄥˊ ㄅㄞˇ ㄧㄢˋ
百順百依,1,ㄅㄞˇ ㄕㄨㄣˋ ㄅㄞˇ ㄧ
百馬伐驥,1,ㄅㄞˇ ㄇㄚˇ ㄈㄚˊ ㄐㄧˋ
百鳥朝鳳,1,ㄅㄞˇ ㄋㄧㄠˇ ㄔㄠˊ ㄈㄥˋ
百齡眉壽,1,ㄅㄞˇ ㄌㄧㄥˊ ㄇㄟˊ ㄕㄡˋ
百龍之智,1,ㄅㄞˇ ㄌㄨㄥˊ ㄓ ㄓˋ
皁白不分,1,ㄗㄠˋ ㄅㄞˊ ㄅㄨˋ ㄈㄣ
皁絲麻線,1,ㄗㄠˋ ㄙ ㄇㄚˊ ㄒㄧㄢˋ
的一確二,1,ㄉㄧˊ ㄧ ㄑㄩㄝˋ ㄦˋ
的溜撲碌,1,ㄉㄧˋ ㄌㄧㄡ ㄆㄨ ㄌㄨˋ
的溜骨碌,1,ㄉㄧˊ ㄌㄧㄡ ㄍㄨˊ ㄌㄨ˙
的留的立,1,ㄉㄧˋ ㄌㄧㄡˊ ㄉㄧˋ ㄌㄧˋ
皇家學會,1,ㄏㄨㄤˊ ㄐㄧㄚ ㄒㄩㄝˊ ㄏㄨㄟˋ
皇皇者華,1,ㄏㄨㄤˊ ㄏㄨㄤˊ ㄓㄜˇ ㄏㄨㄚ
皋魚之泣,1,ㄍㄠ ㄩˊ ㄓ ㄑㄧˋ
皓首一經,1,ㄏㄠˋ ㄕㄡˇ ㄧ ㄐㄧㄥ
皓首蒼顏,1,ㄏㄠˋ ㄕㄡˇ ㄘㄤ ㄧㄢˊ
皓齒明眸,1,ㄏㄠˋ ㄔˇ ㄇㄧㄥˊ ㄇㄡˊ
皓齒星眸,1,ㄏㄠˋ ㄔˇ ㄒㄧㄥ ㄇㄡˊ
皓齒朱脣,1,ㄏㄠˋ ㄔˇ ㄓㄨ ㄔㄨㄣˊ
皓齒蛾眉,1,ㄏㄠˋ ㄔˇ ㄜˊ ㄇㄟˊ
皖中盆地,1,ㄨㄢˇ ㄓㄨㄥ ㄆㄣˊ ㄉㄧˋ
皖北平原,1,ㄨㄢˇ ㄅㄟˇ ㄆㄧㄥˊ ㄩㄢˊ
皖南丘陵,1,ㄨㄢˇ ㄋㄢˊ ㄑㄧㄡ ㄌㄧㄥˊ
皮下出血,1,ㄆㄧˊ ㄒㄧㄚˋ ㄔㄨ ㄒㄧㄝˇ
皮下移植,1,ㄆㄧˊ ㄒㄧㄚˋ ㄧˊ ㄓˊ
皮嬌肉嫩,1,ㄆㄧˊ ㄐㄧㄠ ㄖㄡˋ ㄋㄣˋ
皮焦肉爛,1,ㄆㄧˊ ㄐㄧㄠ ㄖㄡˋ ㄌㄢˋ
皮膚甲錯,1,ㄆㄧˊ ㄈㄨ ㄐㄧㄚˇ ㄘㄨㄛˋ
皮膚肌炎,1,ㄆㄧˊ ㄈㄨ ㄐㄧ ㄧㄢˊ
皮膜組織,1,ㄆㄧˊ ㄇㄛˊ ㄗㄨˇ ㄓ
皮蘭德羅,1,ㄆㄧˊ ㄌㄢˊ ㄉㄜˊ ㄌㄨㄛˊ
皮裡抽肉,1,ㄆㄧˊ ㄌㄧˇ ㄔㄡ ㄖㄡˋ
皮裡晉書,1,ㄆㄧˊ ㄌㄧˇ ㄐㄧㄣˋ ㄕㄨ
皮裡膜外,1,ㄆㄧˊ ㄌㄧˇ ㄇㄛˊ ㄨㄞˋ
皮裡走肉,1,ㄆㄧˊ ㄌㄧˇ ㄗㄡˇ ㄖㄡˋ
皮裡陽秋,1,ㄆㄧˊ ㄌㄧˇ ㄧㄤˊ ㄑㄧㄡ
皮賴歪派,1,ㄆㄧˊ ㄌㄞˋ ㄨㄞ ㄆㄞˋ
皮開肉破,1,ㄆㄧˊ ㄎㄞ ㄖㄡˋ ㄆㄛˋ
皮開肉裂,1,ㄆㄧˊ ㄎㄞ ㄖㄡˋ ㄌㄧㄝˋ
皮頭夯腦,1,ㄆㄧˊ ㄊㄡˊ ㄏㄤ ㄋㄠˇ
皮風騷癢,1,ㄆㄧˊ ㄈㄥ ㄙㄠ ㄧㄤˇ
皮鬆肉緊,1,ㄆㄧˊ ㄙㄨㄥ ㄖㄡˋ ㄐㄧㄣˇ
皮鬆骨癢,1,ㄆㄧˊ ㄙㄨㄥ ㄍㄨˇ ㄧㄤˇ
皺眉蹙眼,1,ㄓㄡˋ ㄇㄟˊ ㄘㄨˋ ㄧㄢˇ
盂方水方,1,ㄩˊ ㄈㄤ ㄕㄨㄟˇ ㄈㄤ
盆傾甕倒,1,ㄆㄣˊ ㄑㄧㄥ ㄨㄥˋ ㄉㄠˇ
盈則必虧,1,ㄧㄥˊ ㄗㄜˊ ㄅㄧˋ ㄎㄨㄟ
盈千累百,1,ㄧㄥˊ ㄑㄧㄢ ㄌㄟˇ ㄅㄞˇ
盈千累萬,1,ㄧㄥˊ ㄑㄧㄢ ㄌㄟˇ ㄨㄢˋ
盈尺之地,1,ㄧㄥˊ ㄔˇ ㄓ ㄉㄧˋ
盈滿之咎,1,ㄧㄥˊ ㄇㄢˇ ㄓ ㄐㄧㄡˋ
盈盈一水,1,ㄧㄥˊ ㄧㄥˊ ㄧ ㄕㄨㄟˇ
盈盈在目,1,ㄧㄥˊ ㄧㄥˊ ㄗㄞˋ ㄇㄨˋ
盈盈秋水,1,ㄧㄥˊ ㄧㄥˊ ㄑㄧㄡ ㄕㄨㄟˇ
盈篇累牘,1,ㄧㄥˊ ㄆㄧㄢ ㄌㄟˇ ㄉㄨˊ
盈車嘉穗,1,ㄧㄥˊ ㄔㄜ ㄐㄧㄚ ㄙㄨㄟˋ
益上損下,1,ㄧˋ ㄕㄤˋ ㄙㄨㄣˇ ㄒㄧㄚˋ
益古演段,1,ㄧˋ ㄍㄨˇ ㄧㄢˇ ㄉㄨㄢˋ
益壽延年,1,ㄧˋ ㄕㄡˋ ㄧㄢˊ ㄋㄧㄢˊ
益氣生津,1,ㄧˋ ㄑㄧˋ ㄕㄥ ㄐㄧㄣ
益無忌憚,1,ㄧˋ ㄨˊ ㄐㄧˋ ㄉㄢˋ
益者三友,1,ㄧˋ ㄓㄜˇ ㄙㄢ ㄧㄡˇ
益者三樂,1,ㄧˋ ㄓㄜˇ ㄙㄢ ㄧㄠˋ
益謙虧盈,1,ㄧˋ ㄑㄧㄢ ㄎㄨㄟ ㄧㄥˊ
盎盂相擊,1,ㄤˋ ㄩˊ ㄒㄧㄤ ㄐㄧˊ
盎盂相敲,1,ㄤˋ ㄩˊ ㄒㄧㄤ ㄑㄧㄠ
盛不忘衰,1,ㄕㄥˋ ㄅㄨˋ ㄨㄤˋ ㄕㄨㄞ
盛名難副,1,ㄕㄥˋ ㄇㄧㄥˊ ㄋㄢˊ ㄈㄨˋ
盛德不泯,1,ㄕㄥˋ ㄉㄜˊ ㄅㄨˋ ㄇㄧㄣˇ
盛必慮衰,1,ㄕㄥˋ ㄅㄧˋ ㄌㄩˋ ㄕㄨㄞ
盛暑祁寒,1,ㄕㄥˋ ㄕㄨˇ ㄑㄧˊ ㄏㄢˊ
盛水不漏,1,ㄔㄥˊ ㄕㄨㄟˇ ㄅㄨˋ ㄌㄡˋ
盛筵必散,1,ㄕㄥˋ ㄧㄢˊ ㄅㄧˋ ㄙㄢˋ
盛筵易散,1,ㄕㄥˋ ㄧㄢˊ ㄧˋ ㄙㄢˋ
盛衰利害,1,ㄕㄥˋ ㄕㄨㄞ ㄌㄧˋ ㄏㄞˋ
盛衰榮枯,1,ㄕㄥˋ ㄕㄨㄞ ㄖㄨㄥˊ ㄎㄨ
盛衰榮辱,1,ㄕㄥˋ ㄕㄨㄞ ㄖㄨㄥˊ ㄖㄨˋ
盛衰相乘,1,ㄕㄥˋ ㄕㄨㄞ ㄒㄧㄤ ㄔㄥˊ
盛衰興廢,1,ㄕㄥˋ ㄕㄨㄞ ㄒㄧㄥ ㄈㄟˋ
盛食厲兵,1,ㄕㄥˋ ㄕˊ ㄌㄧˋ ㄅㄧㄥ
盛飾嚴裝,1,ㄕㄥˋ ㄕˋ ㄧㄢˊ ㄓㄨㄤ
盜名欺世,1,ㄉㄠˋ ㄇㄧㄥˊ ㄑㄧ ㄕˋ
盜怨主人,1,ㄉㄠˋ ㄩㄢˋ ㄓㄨˇ ㄖㄣˊ
盜憎主人,1,ㄉㄠˋ ㄗㄥ ㄓㄨˇ ㄖㄣˊ
盜泉寧渴,1,ㄉㄠˋ ㄑㄩㄢˊ ㄋㄧㄥˊ ㄎㄜˇ
盜無實據,1,ㄉㄠˋ ㄨˊ ㄕˊ ㄐㄩˋ
盜賊四起,1,ㄉㄠˋ ㄗㄟˊ ㄙˋ ㄑㄧˇ
盜賊蜂起,1,ㄉㄠˋ ㄗㄟˊ ㄈㄥ ㄑㄧˇ
盜跖顏淵,1,ㄉㄠˋ ㄓˊ ㄧㄢˊ ㄩㄢ
盜鈴掩耳,1,ㄉㄠˋ ㄌㄧㄥˊ ㄧㄢˇ ㄦˇ
盜鐘掩耳,1,ㄉㄠˋ ㄓㄨㄥ ㄧㄢˇ ㄦˇ
盟旗制度,1,ㄇㄥˊ ㄑㄧˊ ㄓˋ ㄉㄨˋ
盡付闕如,1,ㄐㄧㄣˋ ㄈㄨˋ ㄑㄩㄝ ㄖㄨˊ
盡展所長,1,ㄐㄧㄣˋ ㄓㄢˇ ㄙㄨㄛˇ ㄔㄤˊ
盡心圖報,1,ㄐㄧㄣˋ ㄒㄧㄣ ㄊㄨˊ ㄅㄠˋ
盡心竭誠,1,ㄐㄧㄣˋ ㄒㄧㄣ ㄐㄧㄝˊ ㄔㄥˊ
盡忠竭力,1,ㄐㄧㄣˋ ㄓㄨㄥ ㄐㄧㄝˊ ㄌㄧˋ
盡情吐露,1,ㄐㄧㄣˋ ㄑㄧㄥˊ ㄊㄨˇ ㄌㄨˋ
盡情盡理,1,ㄐㄧㄣˋ ㄑㄧㄥˊ ㄐㄧㄣˋ ㄌㄧˇ
盡態極妍,1,ㄐㄧㄣˋ ㄊㄞˋ ㄐㄧˊ ㄧㄢˊ
盡日窮夜,1,ㄐㄧㄣˋ ㄖˋ ㄑㄩㄥˊ ㄧㄝˋ
盡歡而散,1,ㄐㄧㄣˋ ㄏㄨㄢ ㄦˊ ㄙㄢˋ
盡瘁鞠躬,1,ㄐㄧㄣˋ ㄘㄨㄟˋ ㄐㄩˊ ㄍㄨㄥ
盡盤將軍,1,ㄐㄧㄣˋ ㄆㄢˊ ㄐㄧㄤ ㄐㄩㄣ
盡節竭誠,1,ㄐㄧㄣˋ ㄐㄧㄝˊ ㄐㄧㄝˊ ㄔㄥˊ
盡美盡善,1,ㄐㄧㄣˋ ㄇㄟˇ ㄐㄧㄣˋ ㄕㄢˋ
盡誠竭節,1,ㄐㄧㄣˋ ㄔㄥˊ ㄐㄧㄝˊ ㄐㄧㄝˊ
監主自盜,1,ㄐㄧㄢ ㄓㄨˇ ㄗˋ ㄉㄠˋ
監察御史,1,ㄐㄧㄢ ㄔㄚˊ ㄩˋ ㄕˇ
監市履狶,1,ㄐㄧㄢ ㄕˋ ㄌㄩˇ ㄒㄧ
監臨自盜,1,ㄐㄧㄢ ㄌㄧㄣˊ ㄗˋ ㄉㄠˋ
監門之養,1,ㄐㄧㄢ ㄇㄣˊ ㄓ ㄧㄤˇ
監齋使者,1,ㄐㄧㄢ ㄓㄞ ㄕˇ ㄓㄜˇ
盤古大陸,1,ㄆㄢˊ ㄍㄨˇ ㄉㄚˋ ㄌㄨˋ
盤底朝天,1,ㄆㄢˊ ㄉㄧˇ ㄔㄠˊ ㄊㄧㄢ
盤根問底,1,ㄆㄢˊ ㄍㄣ ㄨㄣˋ ㄉㄧˇ
盤水加劍,1,ㄆㄢˊ ㄕㄨㄟˇ ㄐㄧㄚ ㄐㄧㄢˋ
盤瓠石室,1,ㄆㄢˊ ㄏㄨˋ ㄕˊ ㄕˋ
盤石之固,1,ㄆㄢˊ ㄕˊ ㄓ ㄍㄨˋ
盤石之安,1,ㄆㄢˊ ㄕˊ ㄓ ㄢ
盤腿而坐,1,ㄆㄢˊ ㄊㄨㄟˇ ㄦˊ ㄗㄨㄛˋ
盤頭丫頭,1,ㄆㄢˊ ㄊㄡˊ ㄧㄚ ㄊㄡ˙
盥耳山棲,1,ㄍㄨㄢˋ ㄦˇ ㄕㄢ ㄑㄧ
盧家少婦,1,ㄌㄨˊ ㄐㄧㄚ ㄕㄠˋ ㄈㄨˋ
盧溝曉月,1,ㄌㄨˊ ㄍㄡ ㄒㄧㄠˇ ㄩㄝˋ
目下十行,1,ㄇㄨˋ ㄒㄧㄚˋ ㄕˊ ㄏㄤˊ
目不在體,1,ㄇㄨˋ ㄅㄨˋ ㄗㄞˋ ㄊㄧˇ
目不妄視,1,ㄇㄨˋ ㄅㄨˋ ㄨㄤˋ ㄕˋ
目不忍睹,1,ㄇㄨˋ ㄅㄨˋ ㄖㄣˇ ㄉㄨˇ
目不忍視,1,ㄇㄨˋ ㄅㄨˋ ㄖㄣˇ ㄕˋ
目不知書,1,ㄇㄨˋ ㄅㄨˋ ㄓ ㄕㄨ
目不窺園,1,ㄇㄨˋ ㄅㄨˋ ㄎㄨㄟ ㄩㄢˊ
目不給視,1,ㄇㄨˋ ㄅㄨˋ ㄐㄧˇ ㄕˋ
目不見睫,1,ㄇㄨˋ ㄅㄨˋ ㄐㄧㄢˋ ㄐㄧㄝˊ
目不識丁,1,ㄇㄨˋ ㄅㄨˋ ㄕˋ ㄉㄧㄥ
目不識字,1,ㄇㄨˋ ㄅㄨˋ ㄕˋ ㄗˋ
目不轉視,1,ㄇㄨˋ ㄅㄨˋ ㄓㄨㄢˇ ㄕˋ
目不邪視,1,ㄇㄨˋ ㄅㄨˋ ㄒㄧㄝˊ ㄕˋ
目似明星,1,ㄇㄨˋ ㄙˋ ㄇㄧㄥˊ ㄒㄧㄥ
目似點漆,1,ㄇㄨˋ ㄙˋ ㄉㄧㄢˇ ㄑㄧ
目光如鏡,1,ㄇㄨˋ ㄍㄨㄤ ㄖㄨˊ ㄐㄧㄥˋ
目光如電,1,ㄇㄨˋ ㄍㄨㄤ ㄖㄨˊ ㄉㄧㄢˋ
目光如鼠,1,ㄇㄨˋ ㄍㄨㄤ ㄖㄨˊ ㄕㄨˇ
目光所及,1,ㄇㄨˋ ㄍㄨㄤ ㄙㄨㄛˇ ㄐㄧˊ
目前目後,1,ㄇㄨˋ ㄑㄧㄢˊ ㄇㄨˋ ㄏㄡˋ
目即成誦,1,ㄇㄨˋ ㄐㄧˊ ㄔㄥˊ ㄙㄨㄥˋ
目呆口咂,1,ㄇㄨˋ ㄉㄞ ㄎㄡˇ ㄗㄚ
目大不睹,1,ㄇㄨˋ ㄉㄚˋ ㄅㄨˋ ㄉㄨˇ
目定口呆,1,ㄇㄨˋ ㄉㄧㄥˋ ㄎㄡˇ ㄉㄞ
目成心許,1,ㄇㄨˋ ㄔㄥˊ ㄒㄧㄣ ㄒㄩˇ
目所未睹,1,ㄇㄨˋ ㄙㄨㄛˇ ㄨㄟˋ ㄉㄨˇ
目披手抄,1,ㄇㄨˋ ㄆㄧ ㄕㄡˇ ㄔㄠ
目挑心招,1,ㄇㄨˋ ㄊㄧㄠˇ ㄒㄧㄣ ㄓㄠ
目擊耳聞,1,ㄇㄨˋ ㄐㄧˊ ㄦˇ ㄨㄣˊ
目擊證人,1,ㄇㄨˋ ㄐㄧˊ ㄓㄥˋ ㄖㄣˊ
目擊道存,1,ㄇㄨˋ ㄐㄧˊ ㄉㄠˋ ㄘㄨㄣˊ
目擩耳染,1,ㄇㄨˋ ㄖㄨˋ ㄦˇ ㄖㄢˇ
目斷飛鴻,1,ㄇㄨˋ ㄉㄨㄢˋ ㄈㄟ ㄏㄨㄥˊ
目斷魂消,1,ㄇㄨˋ ㄉㄨㄢˋ ㄏㄨㄣˊ ㄒㄧㄠ
目斷魂銷,1,ㄇㄨˋ ㄉㄨㄢˋ ㄏㄨㄣˊ ㄒㄧㄠ
目斷鱗鴻,1,ㄇㄨˋ ㄉㄨㄢˋ ㄌㄧㄣˊ ㄏㄨㄥˊ
目染耳濡,1,ㄇㄨˋ ㄖㄢˇ ㄦˇ ㄖㄨˊ
目標管理,1,ㄇㄨˋ ㄅㄧㄠ ㄍㄨㄢˇ ㄌㄧˇ
目無下塵,1,ㄇㄨˋ ㄨˊ ㄒㄧㄚˋ ㄔㄣˊ
目無流視,1,ㄇㄨˋ ㄨˊ ㄌㄧㄡˊ ㄕˋ
目無王法,1,ㄇㄨˋ ㄨˊ ㄨㄤˊ ㄈㄚˇ
目無餘子,1,ㄇㄨˋ ㄨˊ ㄩˊ ㄗˇ
目牛游刃,1,ㄇㄨˋ ㄋㄧㄡˊ ㄧㄡˊ ㄖㄣˋ
目牛無全,1,ㄇㄨˋ ㄋㄧㄡˊ ㄨˊ ㄑㄩㄢˊ
目盼心思,1,ㄇㄨˋ ㄆㄢˋ ㄒㄧㄣ ㄙ
目眥盡裂,1,ㄇㄨˋ ㄗˋ ㄐㄧㄣˋ ㄌㄧㄝˋ
目眩心花,1,ㄇㄨˋ ㄒㄩㄢˋ ㄒㄧㄣ ㄏㄨㄚ
目眩神搖,1,ㄇㄨˋ ㄒㄩㄢˋ ㄕㄣˊ ㄧㄠˊ
目眩神馳,1,ㄇㄨˋ ㄒㄩㄢˋ ㄕㄣˊ ㄔˊ
目眩魂搖,1,ㄇㄨˋ ㄒㄩㄢˋ ㄏㄨㄣˊ ㄧㄠˊ
目睜口呆,1,ㄇㄨˋ ㄓㄥ ㄎㄡˇ ㄉㄞ
目睹耳聞,1,ㄇㄨˋ ㄉㄨˇ ㄦˇ ㄨㄣˊ
目瞠口哆,1,ㄇㄨˋ ㄔㄥ ㄎㄡˇ ㄔㄜˇ
目瞪口僵,1,ㄇㄨˋ ㄉㄥˋ ㄎㄡˇ ㄐㄧㄤ
目瞪口歪,1,ㄇㄨˋ ㄉㄥˋ ㄎㄡˇ ㄨㄞ
目瞪神呆,1,ㄇㄨˋ ㄉㄥˋ ㄕㄣˊ ㄉㄞ
目瞪舌僵,1,ㄇㄨˋ ㄉㄥˋ ㄕㄜˊ ㄐㄧㄤ
目空四海,1,ㄇㄨˋ ㄎㄨㄥ ㄙˋ ㄏㄞˇ
目窕心與,1,ㄇㄨˋ ㄊㄧㄠˇ ㄒㄧㄣ ㄩˇ
目若懸珠,1,ㄇㄨˋ ㄖㄨㄛˋ ㄒㄩㄢˊ ㄓㄨ
目若朗星,1,ㄇㄨˋ ㄖㄨㄛˋ ㄌㄤˇ ㄒㄧㄥ
目若無人,1,ㄇㄨˋ ㄖㄨㄛˋ ㄨˊ ㄖㄣˊ
目見耳聞,1,ㄇㄨˋ ㄐㄧㄢˋ ㄦˇ ㄨㄣˊ
目視雲霄,1,ㄇㄨˋ ㄕˋ ㄩㄣˊ ㄒㄧㄠ
目迷五色,1,ㄇㄨˋ ㄇㄧˊ ㄨˇ ㄙㄜˋ
目送手揮,1,ㄇㄨˋ ㄙㄨㄥˋ ㄕㄡˇ ㄏㄨㄟ
目駭耳回,1,ㄇㄨˋ ㄏㄞˋ ㄦˇ ㄏㄨㄟˊ
盯人防守,1,ㄉㄧㄥ ㄖㄣˊ ㄈㄤˊ ㄕㄡˇ
盲人把燭,1,ㄇㄤˊ ㄖㄣˊ ㄅㄚˇ ㄓㄨˊ
盲人瞎馬,1,ㄇㄤˊ ㄖㄣˊ ㄒㄧㄚ ㄇㄚˇ
盲人說象,1,ㄇㄤˊ ㄖㄣˊ ㄕㄨㄛ ㄒㄧㄤˋ
盲人讀物,1,ㄇㄤˊ ㄖㄣˊ ㄉㄨˊ ㄨˋ
盲人電腦,1,ㄇㄤˊ ㄖㄣˊ ㄉㄧㄢˋ ㄋㄠˇ
盲婚啞嫁,1,ㄇㄤˊ ㄏㄨㄣ ㄧㄚˇ ㄐㄧㄚˋ
盲目行事,1,ㄇㄤˊ ㄇㄨˋ ㄒㄧㄥˊ ㄕˋ
盲眼無珠,1,ㄇㄤˊ ㄧㄢˇ ㄨˊ ㄓㄨ
盲者得鏡,1,ㄇㄤˊ ㄓㄜˇ ㄉㄜˊ ㄐㄧㄥˋ
直上直下,1,ㄓˊ ㄕㄤˋ ㄓˊ ㄒㄧㄚˋ
直上青雲,1,ㄓˊ ㄕㄤˋ ㄑㄧㄥ ㄩㄣˊ
直偷硬取,1,ㄓˊ ㄊㄡ ㄧㄥˋ ㄑㄩˇ
直入公堂,1,ㄓˊ ㄖㄨˋ ㄍㄨㄥ ㄊㄤˊ
直內方外,1,ㄓˊ ㄋㄟˋ ㄈㄤ ㄨㄞˋ
直去直來,1,ㄓˊ ㄑㄩˋ ㄓˊ ㄌㄞˊ
直奉戰爭,1,ㄓˊ ㄈㄥˋ ㄓㄢˋ ㄓㄥ
直情徑行,1,ㄓˊ ㄑㄧㄥˊ ㄐㄧㄥˋ ㄒㄧㄥˊ
直抒己見,1,ㄓˊ ㄕㄨ ㄐㄧˇ ㄐㄧㄢˋ
直捷了當,1,ㄓˊ ㄐㄧㄝˊ ㄌㄧㄠˇ ㄉㄤˋ
直接了當,1,ㄓˊ ㄐㄧㄝ ㄌㄧㄠˇ ㄉㄤˋ
直接保護,1,ㄓˊ ㄐㄧㄝ ㄅㄠˇ ㄏㄨˋ
直接廣播,1,ㄓˊ ㄐㄧㄝ ㄍㄨㄤˇ ㄅㄛˋ
直接徵稅,1,ㄓˊ ㄐㄧㄝ ㄓㄥ ㄕㄨㄟˋ
直接接觸,1,ㄓˊ ㄐㄧㄝ ㄐㄧㄝ ㄔㄨˋ
直接推理,1,ㄓˊ ㄐㄧㄝ ㄊㄨㄟ ㄌㄧˇ
直接政治,1,ㄓˊ ㄐㄧㄝ ㄓㄥˋ ㄓˋ
直接民權,1,ㄓˊ ㄐㄧㄝ ㄇㄧㄣˊ ㄑㄩㄢˊ
直接立法,1,ㄓˊ ㄐㄧㄝ ㄌㄧˋ ㄈㄚˇ
直接肥料,1,ㄓˊ ㄐㄧㄝ ㄈㄟˊ ㄌㄧㄠˋ
直接證據,1,ㄓˊ ㄐㄧㄝ ㄓㄥˋ ㄐㄩˋ
直接貿易,1,ㄓˊ ㄐㄧㄝ ㄇㄠˋ ㄧˋ
直播衛星,1,ㄓˊ ㄅㄛˋ ㄨㄟˋ ㄒㄧㄥ
直播電視,1,ㄓˊ ㄅㄛˋ ㄉㄧㄢˋ ㄕˋ
直效行銷,1,ㄓˊ ㄒㄧㄠˋ ㄒㄧㄥˊ ㄒㄧㄠ
直木必伐,1,ㄓˊ ㄇㄨˋ ㄅㄧˋ ㄈㄚ
直流馬達,1,ㄓˊ ㄌㄧㄡˊ ㄇㄚˇ ㄉㄚˊ
直瀉而下,1,ㄓˊ ㄒㄧㄝˋ ㄦˊ ㄒㄧㄚˋ
直皖戰爭,1,ㄓˊ ㄨㄢˇ ㄓㄢˋ ㄓㄥ
直節勁氣,1,ㄓˊ ㄐㄧㄝˊ ㄐㄧㄥˋ ㄑㄧˋ
直而不挺,1,ㄓˊ ㄦˊ ㄅㄨˋ ㄊㄧㄥˇ
直肚直腸,1,ㄓˊ ㄉㄨˋ ㄓˊ ㄔㄤˊ
直腸直肚,1,ㄓˊ ㄔㄤˊ ㄓˊ ㄉㄨˋ
直著身子,1,ㄓˊ ㄓㄜ˙ ㄕㄣ ㄗ˙
直言不諱,1,ㄓˊ ㄧㄢˊ ㄅㄨˋ ㄏㄨㄟˋ
直言勿諱,1,ㄓˊ ㄧㄢˊ ㄨˋ ㄏㄨㄟˋ
直言危行,1,ㄓˊ ㄧㄢˊ ㄨㄟˊ ㄒㄧㄥˋ
直言取禍,1,ㄓˊ ㄧㄢˊ ㄑㄩˇ ㄏㄨㄛˋ
直言極諫,1,ㄓˊ ㄧㄢˊ ㄐㄧˊ ㄐㄧㄢˋ
直言正色,1,ㄓˊ ㄧㄢˊ ㄓㄥˋ ㄙㄜˋ
直言正論,1,ㄓˊ ㄧㄢˊ ㄓㄥˋ ㄌㄨㄣˋ
直言正諫,1,ㄓˊ ㄧㄢˊ ㄓㄥˋ ㄐㄧㄢˋ
直言無忌,1,ㄓˊ ㄧㄢˊ ㄨˊ ㄐㄧˋ
直言盡意,1,ㄓˊ ㄧㄢˊ ㄐㄧㄣˋ ㄧˋ
直言讜議,1,ㄓˊ ㄧㄢˊ ㄉㄤˇ ㄧˋ
直言賈禍,1,ㄓˊ ㄧㄢˊ ㄍㄨˇ ㄏㄨㄛˋ
直言骨鯁,1,ㄓˊ ㄧㄢˊ ㄍㄨˇ ㄍㄥˇ
直語補證,1,ㄓˊ ㄩˇ ㄅㄨˇ ㄓㄥˋ
直諒多聞,1,ㄓˊ ㄌㄧㄤˋ ㄉㄨㄛ ㄨㄣˊ
直躬之信,1,ㄓˊ ㄍㄨㄥ ㄓ ㄒㄧㄣˋ
直進直出,1,ㄓˊ ㄐㄧㄣˋ ㄓˊ ㄔㄨ
直道不容,1,ㄓˊ ㄉㄠˋ ㄅㄨˋ ㄖㄨㄥˊ
直道事人,1,ㄓˊ ㄉㄠˋ ㄕˋ ㄖㄣˊ
直道而行,1,ㄓˊ ㄉㄠˋ ㄦˊ ㄒㄧㄥˊ
直頭布袋,1,ㄓˊ ㄊㄡˊ ㄅㄨˋ ㄉㄞˋ
直鼻權腮,1,ㄓˊ ㄅㄧˊ ㄑㄩㄢˊ ㄙㄞ
相倚為命,1,ㄒㄧㄤ ㄧˇ ㄨㄟˊ ㄇㄧㄥˋ
相倚為彊,1,ㄒㄧㄤ ㄧˇ ㄨㄟˊ ㄑㄧㄤˊ
相公堂子,1,ㄒㄧㄤˋ ㄍㄨㄥ˙ ㄊㄤˊ ㄗ˙
相即相入,1,ㄒㄧㄤ ㄐㄧˊ ㄒㄧㄤ ㄖㄨˋ
相去不遠,1,ㄒㄧㄤ ㄑㄩˋ ㄅㄨˋ ㄩㄢˇ
相去咫尺,1,ㄒㄧㄤ ㄑㄩˋ ㄓˇ ㄔˇ
相去天淵,1,ㄒㄧㄤ ㄑㄩˋ ㄊㄧㄢ ㄩㄢ
相去懸殊,1,ㄒㄧㄤ ㄑㄩˋ ㄒㄩㄢˊ ㄕㄨ
相去萬里,1,ㄒㄧㄤ ㄑㄩˋ ㄨㄢˋ ㄌㄧˇ
相呴相濡,1,ㄒㄧㄤ ㄒㄩˇ ㄒㄧㄤ ㄖㄨˊ
相女配夫,1,ㄒㄧㄤˋ ㄋㄩˇ ㄆㄟˋ ㄈㄨ
相如病渴,1,ㄒㄧㄤˋ ㄖㄨˊ ㄅㄧㄥˋ ㄎㄜˇ
相容產品,1,ㄒㄧㄤ ㄖㄨㄥˊ ㄔㄢˇ ㄆㄧㄣˇ
相容網路,1,ㄒㄧㄤ ㄖㄨㄥˊ ㄨㄤˇ ㄌㄨˋ
相對多數,1,ㄒㄧㄤ ㄉㄨㄟˋ ㄉㄨㄛ ㄕㄨˋ
相對時間,1,ㄒㄧㄤ ㄉㄨㄟˋ ㄕˊ ㄐㄧㄢ
相對無言,1,ㄒㄧㄤ ㄉㄨㄟˋ ㄨˊ ㄧㄢˊ
相形失色,1,ㄒㄧㄤ ㄒㄧㄥˊ ㄕ ㄙㄜˋ
相待如賓,1,ㄒㄧㄤ ㄉㄞˋ ㄖㄨˊ ㄅㄧㄣ
相待而成,1,ㄒㄧㄤ ㄉㄞˋ ㄦˊ ㄔㄥˊ
相得恨晚,1,ㄒㄧㄤ ㄉㄜˊ ㄏㄣˋ ㄨㄢˇ
相得甚歡,1,ㄒㄧㄤ ㄉㄜˊ ㄕㄣˋ ㄏㄨㄢ
相忍為國,1,ㄒㄧㄤ ㄖㄣˇ ㄨㄟˋ ㄍㄨㄛˊ
相持不下,1,ㄒㄧㄤ ㄔˊ ㄅㄨˋ ㄒㄧㄚˋ
相擁而泣,1,ㄒㄧㄤ ㄩㄥˇ ㄦˊ ㄑㄧˋ
相時而動,1,ㄒㄧㄤˋ ㄕˊ ㄦˊ ㄉㄨㄥˋ
相機而言,1,ㄒㄧㄤˋ ㄐㄧ ㄦˊ ㄧㄢˊ
相機觀變,1,ㄒㄧㄤˋ ㄐㄧ ㄍㄨㄢ ㄅㄧㄢˋ
相次即世,1,ㄒㄧㄤ ㄘˋ ㄐㄧˊ ㄕˋ
相滅相生,1,ㄒㄧㄤ ㄇㄧㄝˋ ㄒㄧㄤ ㄕㄥ
相為表裡,1,ㄒㄧㄤ ㄨㄟˊ ㄅㄧㄠˇ ㄌㄧˇ
相煎何急,1,ㄒㄧㄤ ㄐㄧㄢ ㄏㄜˊ ㄐㄧˊ
相煎太急,1,ㄒㄧㄤ ㄐㄧㄢ ㄊㄞˋ ㄐㄧˊ
相片光碟,1,ㄒㄧㄤˋ ㄆㄧㄢˋ ㄍㄨㄤ ㄉㄧㄝˊ
相知恨晚,1,ㄒㄧㄤ ㄓ ㄏㄣˋ ㄨㄢˇ
相習成風,1,ㄒㄧㄤ ㄒㄧˊ ㄔㄥˊ ㄈㄥ
相與為命,1,ㄒㄧㄤ ㄩˇ ㄨㄟˊ ㄇㄧㄥˋ
相見無日,1,ㄒㄧㄤ ㄐㄧㄢˋ ㄨˊ ㄖˋ
相視莫逆,1,ㄒㄧㄤ ㄕˋ ㄇㄛˋ ㄋㄧˋ
相輔而成,1,ㄒㄧㄤ ㄈㄨˇ ㄦˊ ㄔㄥˊ
相逢恨晚,1,ㄒㄧㄤ ㄈㄥˊ ㄏㄣˋ ㄨㄢˇ
相逢狹路,1,ㄒㄧㄤ ㄈㄥˊ ㄒㄧㄚˊ ㄌㄨˋ
相門出相,1,ㄒㄧㄤˋ ㄇㄣˊ ㄔㄨ ㄒㄧㄤˋ
相門有相,1,ㄒㄧㄤˋ ㄇㄣˊ ㄧㄡˇ ㄒㄧㄤˋ
相關係數,1,ㄒㄧㄤ ㄍㄨㄢ ㄒㄧˋ ㄕㄨˋ
相關指數,1,ㄒㄧㄤ ㄍㄨㄢ ㄓˇ ㄕㄨˋ
相須為命,1,ㄒㄧㄤ ㄒㄩ ㄨㄟˊ ㄇㄧㄥˋ
相須而行,1,ㄒㄧㄤ ㄒㄩ ㄦˊ ㄒㄧㄥˊ
相類相從,1,ㄒㄧㄤ ㄌㄟˋ ㄒㄧㄤ ㄘㄨㄥˊ
相風使帆,1,ㄒㄧㄤˋ ㄈㄥ ㄕˇ ㄈㄢˊ
相驚伯有,1,ㄒㄧㄤ ㄐㄧㄥ ㄅㄛˊ ㄧㄡˇ
省俗觀風,1,ㄒㄧㄥˇ ㄙㄨˊ ㄍㄨㄢ ㄈㄥ
省刑薄斂,1,ㄕㄥˇ ㄒㄧㄥˊ ㄅㄛˊ ㄌㄧㄢˋ
省喫儉用,1,ㄕㄥˇ ㄔ ㄐㄧㄢˇ ㄩㄥˋ
省慾去奢,1,ㄕㄥˇ ㄩˋ ㄑㄩˋ ㄕㄜ
省政建設,1,ㄕㄥˇ ㄓㄥˋ ㄐㄧㄢˋ ㄕㄜˋ
省方觀俗,1,ㄒㄧㄥˇ ㄈㄤ ㄍㄨㄢ ㄙㄨˊ
省方觀民,1,ㄒㄧㄥˇ ㄈㄤ ㄍㄨㄢ ㄇㄧㄣˊ
省煩從簡,1,ㄕㄥˇ ㄈㄢˊ ㄘㄨㄥˊ ㄐㄧㄢˇ
省用足財,1,ㄕㄥˇ ㄩㄥˋ ㄗㄨˊ ㄘㄞˊ
眇小丈夫,1,ㄇㄧㄠˇ ㄒㄧㄠˇ ㄓㄤˋ ㄈㄨ
眇眇忽忽,1,ㄇㄧㄠˇ ㄇㄧㄠˇ ㄏㄨ ㄏㄨ
眉似春山,1,ㄇㄟˊ ㄙˋ ㄔㄨㄣ ㄕㄢ
眉低眼慢,1,ㄇㄟˊ ㄉㄧ ㄧㄢˇ ㄇㄢˋ
眉來語去,1,ㄇㄟˊ ㄌㄞˊ ㄩˇ ㄑㄩˋ
眉分八彩,1,ㄇㄟˊ ㄈㄣ ㄅㄚ ㄘㄞˇ
眉南面北,1,ㄇㄟˊ ㄋㄢˊ ㄇㄧㄢˋ ㄅㄟˇ
眉垂目合,1,ㄇㄟˊ ㄔㄨㄟˊ ㄇㄨˋ ㄏㄜˊ
眉如墨畫,1,ㄇㄟˊ ㄖㄨˊ ㄇㄛˋ ㄏㄨㄚˋ
眉尖眼尾,1,ㄇㄟˊ ㄐㄧㄢ ㄧㄢˇ ㄨㄟˇ
眉尾相結,1,ㄇㄟˊ ㄨㄟˇ ㄒㄧㄤ ㄐㄧㄝˊ
眉峰雙鎖,1,ㄇㄟˊ ㄈㄥ ㄕㄨㄤ ㄙㄨㄛˇ
眉橫丹鳳,1,ㄇㄟˊ ㄏㄥˊ ㄉㄢ ㄈㄥˋ
眉歡眼笑,1,ㄇㄟˊ ㄏㄨㄢ ㄧㄢˇ ㄒㄧㄠˋ
眉清目朗,1,ㄇㄟˊ ㄑㄧㄥ ㄇㄨˋ ㄌㄤˇ
眉目不清,1,ㄇㄟˊ ㄇㄨˋ ㄅㄨˋ ㄑㄧㄥ
眉目如畫,1,ㄇㄟˊ ㄇㄨˋ ㄖㄨˊ ㄏㄨㄚˋ
眉目明秀,1,ㄇㄟˊ ㄇㄨˋ ㄇㄧㄥˊ ㄒㄧㄡˋ
眉目清明,1,ㄇㄟˊ ㄇㄨˋ ㄑㄧㄥ ㄇㄧㄥˊ
眉眼不開,1,ㄇㄟˊ ㄧㄢˇ ㄅㄨˋ ㄎㄞ
眉眼傳情,1,ㄇㄟˊ ㄧㄢˇ ㄔㄨㄢˊ ㄑㄧㄥˊ
眉眼高低,1,ㄇㄟˊ ㄧㄢˇ ㄍㄠ ㄉㄧ
眉睫之內,1,ㄇㄟˊ ㄐㄧㄝˊ ㄓ ㄋㄟˋ
眉睫之利,1,ㄇㄟˊ ㄐㄧㄝˊ ㄓ ㄌㄧˋ
眉睫之禍,1,ㄇㄟˊ ㄐㄧㄝˊ ㄓ ㄏㄨㄛˋ
眉花眼笑,1,ㄇㄟˊ ㄏㄨㄚ ㄧㄢˇ ㄒㄧㄠˋ
眉貼花鈿,1,ㄇㄟˊ ㄊㄧㄝ ㄏㄨㄚ ㄉㄧㄢˋ
眉蹙春山,1,ㄇㄟˊ ㄘㄨˋ ㄔㄨㄣ ㄕㄢ
眉頭不伸,1,ㄇㄟˊ ㄊㄡˊ ㄅㄨˋ ㄕㄣ
眉頭不展,1,ㄇㄟˊ ㄊㄡˊ ㄅㄨˋ ㄓㄢˇ
眉頭眼腦,1,ㄇㄟˊ ㄊㄡˊ ㄧㄢˇ ㄋㄠˇ
眊眊稍稍,1,ㄇㄠˋ ㄇㄠˋ ㄕㄠ ㄕㄠ
看不下去,1,ㄎㄢˋ ㄅㄨ˙ ㄒㄧㄚˋ ㄑㄩˋ
看人眉睫,1,ㄎㄢˋ ㄖㄣˊ ㄇㄟˊ ㄐㄧㄝˊ
看人行事,1,ㄎㄢˋ ㄖㄣˊ ㄒㄧㄥˊ ㄕˋ
看個究竟,1,ㄎㄢˋ ㄍㄜ˙ ㄐㄧㄡˋ ㄐㄧㄥˋ
看出了神,1,ㄎㄢˋ ㄔㄨ ㄌㄜ˙ ㄕㄣˊ
看圖說話,1,ㄎㄢˋ ㄊㄨˊ ㄕㄨㄛ ㄏㄨㄚˋ
看守內閣,1,ㄎㄢ ㄕㄡˇ ㄋㄟˋ ㄍㄜˊ
看得上眼,1,ㄎㄢˋ ㄉㄜ˙ ㄕㄤˋ ㄧㄢˇ
看文巨眼,1,ㄎㄢˋ ㄨㄣˊ ㄐㄩˋ ㄧㄢˇ
看文老眼,1,ㄎㄢˋ ㄨㄣˊ ㄌㄠˇ ㄧㄢˇ
看景生情,1,ㄎㄢˋ ㄐㄧㄥˇ ㄕㄥ ㄑㄧㄥˊ
看朱成碧,1,ㄎㄢˋ ㄓㄨ ㄔㄥˊ ㄅㄧˋ
看淡後市,1,ㄎㄢˋ ㄉㄢˋ ㄏㄡˋ ㄕˋ
看風使帆,1,ㄎㄢˋ ㄈㄥ ㄕˇ ㄈㄢˊ
看風使船,1,ㄎㄢˋ ㄈㄥ ㄕˇ ㄔㄨㄢˊ
看風行事,1,ㄎㄢˋ ㄈㄥ ㄒㄧㄥˊ ㄕˋ
看香頭的,1,ㄎㄢˋ ㄒㄧㄤ ㄊㄡˊ ㄉㄜ˙
真兇實犯,1,ㄓㄣ ㄒㄩㄥ ㄕˊ ㄈㄢˋ
真太陽日,1,ㄓㄣ ㄊㄞˋ ㄧㄤˊ ㄖˋ
真心誠意,1,ㄓㄣ ㄒㄧㄣ ㄔㄥˊ ㄧˋ
真情實意,1,ㄓㄣ ㄑㄧㄥˊ ㄕˊ ㄧˋ
真材實料,1,ㄓㄣ ㄘㄞˊ ㄕˊ ㄌㄧㄠˋ
真武大帝,1,ㄓㄣ ㄨˇ ㄉㄚˋ ㄉㄧˋ
真理大學,1,ㄓㄣ ㄌㄧˇ ㄉㄚˋ ㄒㄩㄝˊ
真空包裝,1,ㄓㄣ ㄎㄨㄥ ㄅㄠ ㄓㄨㄤ
真誠相見,1,ㄓㄣ ㄔㄥˊ ㄒㄧㄤ ㄐㄧㄢˋ
真贓實犯,1,ㄓㄣ ㄗㄤ ㄕˊ ㄈㄢˋ
真贓正賊,1,ㄓㄣ ㄗㄤ ㄓㄥˋ ㄗㄟˊ
眠琴綠陰,1,ㄇㄧㄢˊ ㄑㄧㄣˊ ㄌㄨˋ ㄧㄣ
眠花宿柳,1,ㄇㄧㄢˊ ㄏㄨㄚ ㄙㄨˋ ㄌㄧㄡˇ
眠花臥柳,1,ㄇㄧㄢˊ ㄏㄨㄚ ㄨㄛˋ ㄌㄧㄡˇ
眠花醉柳,1,ㄇㄧㄢˊ ㄏㄨㄚ ㄗㄨㄟˋ ㄌㄧㄡˇ
眠霜臥雪,1,ㄇㄧㄢˊ ㄕㄨㄤ ㄨㄛˋ ㄒㄩㄝˇ
眠鷗宿鷺,1,ㄇㄧㄢˊ ㄡ ㄙㄨˋ ㄌㄨˋ
眩目震耳,1,ㄒㄩㄢˋ ㄇㄨˋ ㄓㄣˋ ㄦˇ
眷念無斁,1,ㄐㄩㄢˋ ㄋㄧㄢˋ ㄨˊ ㄧˋ
眷眷之心,1,ㄐㄩㄢˋ ㄐㄩㄢˋ ㄓ ㄒㄧㄣ
眼不交睫,1,ㄧㄢˇ ㄅㄨˋ ㄐㄧㄠ ㄐㄧㄝˊ
眼光短淺,1,ㄧㄢˇ ㄍㄨㄤ ㄉㄨㄢˇ ㄑㄧㄢˇ
眼內無珠,1,ㄧㄢˇ ㄋㄟˋ ㄨˊ ㄓㄨ
眼前花發,1,ㄧㄢˇ ㄑㄧㄢˊ ㄏㄨㄚ ㄈㄚ
眼去眉來,1,ㄧㄢˇ ㄑㄩˋ ㄇㄟˊ ㄌㄞˊ
眼如秋水,1,ㄧㄢˇ ㄖㄨˊ ㄑㄧㄡ ㄕㄨㄟˇ
眼嵌縮腮,1,ㄧㄢˇ ㄑㄧㄢ ㄙㄨㄛ ㄙㄞ
眼張失落,1,ㄧㄢˇ ㄓㄤ ㄕ ㄌㄨㄛˋ
眼張失道,1,ㄧㄢˇ ㄓㄤ ㄕ ㄉㄠˋ
眼明心亮,1,ㄧㄢˇ ㄇㄧㄥˊ ㄒㄧㄣ ㄌㄧㄤˋ
眼明手捷,1,ㄧㄢˇ ㄇㄧㄥˊ ㄕㄡˇ ㄐㄧㄝˊ
眼淚洗面,1,ㄧㄢˇ ㄌㄟˋ ㄒㄧˇ ㄇㄧㄢˋ
眼狂心熱,1,ㄧㄢˇ ㄎㄨㄤˊ ㄒㄧㄣ ㄖㄜˋ
眼疾手快,1,ㄧㄢˇ ㄐㄧˊ ㄕㄡˇ ㄎㄨㄞˋ
眼皮子淺,1,ㄧㄢˇ ㄆㄧˊ ㄗ˙ ㄑㄧㄢˇ
眼皮子高,1,ㄧㄢˇ ㄆㄧˊ ㄗ˙ ㄍㄠ
眼空四海,1,ㄧㄢˇ ㄎㄨㄥ ㄙˋ ㄏㄞˇ
眼穿腸斷,1,ㄧㄢˇ ㄔㄨㄢ ㄔㄤˊ ㄉㄨㄢˋ
眼肉胎凡,1,ㄧㄢˇ ㄖㄡˋ ㄊㄞ ㄈㄢˊ
眼花瞭亂,1,ㄧㄢˇ ㄏㄨㄚ ㄌㄧㄠˇ ㄌㄨㄢˋ
眼花瞭亂,1,ㄧㄢˇ ㄏㄨㄚ ㄌㄧㄠˊ ㄌㄨㄢˋ
眼花耳熱,1,ㄧㄢˇ ㄏㄨㄚ ㄦˇ ㄖㄜˋ
眼若流星,1,ㄧㄢˇ ㄖㄨㄛˋ ㄌㄧㄡˊ ㄒㄧㄥ
眼若點漆,1,ㄧㄢˇ ㄖㄨㄛˋ ㄉㄧㄢˇ ㄑㄧ
眼迷心蕩,1,ㄧㄢˇ ㄇㄧˊ ㄒㄧㄣ ㄉㄤˋ
眼餳耳熱,1,ㄧㄢˇ ㄒㄧㄥˊ ㄦˇ ㄖㄜˋ
眼饞肚飽,1,ㄧㄢˇ ㄔㄢˊ ㄉㄨˋ ㄅㄠˇ
眾口交攻,1,ㄓㄨㄥˋ ㄎㄡˇ ㄐㄧㄠ ㄍㄨㄥ
眾口交薦,1,ㄓㄨㄥˋ ㄎㄡˇ ㄐㄧㄠ ㄐㄧㄢˋ
眾口交譽,1,ㄓㄨㄥˋ ㄎㄡˇ ㄐㄧㄠ ㄩˋ
眾口同聲,1,ㄓㄨㄥˋ ㄎㄡˇ ㄊㄨㄥˊ ㄕㄥ
眾口如一,1,ㄓㄨㄥˋ ㄎㄡˇ ㄖㄨˊ ㄧ
眾口熏天,1,ㄓㄨㄥˋ ㄎㄡˇ ㄒㄩㄣ ㄊㄧㄢ
眾口稱善,1,ㄓㄨㄥˋ ㄎㄡˇ ㄔㄥ ㄕㄢˋ
眾口紛紜,1,ㄓㄨㄥˋ ㄎㄡˇ ㄈㄣ ㄩㄣˊ
眾口難調,1,ㄓㄨㄥˋ ㄎㄡˇ ㄋㄢˊ ㄊㄧㄠˊ
眾喣漂山,1,ㄓㄨㄥˋ ㄒㄩˇ ㄆㄧㄠ ㄕㄢ
眾喣飄山,1,ㄓㄨㄥˋ ㄒㄩˇ ㄆㄧㄠ ㄕㄢ
眾寡不敵,1,ㄓㄨㄥˋ ㄍㄨㄚˇ ㄅㄨˋ ㄉㄧˊ
眾寡勢殊,1,ㄓㄨㄥˋ ㄍㄨㄚˇ ㄕˋ ㄕㄨ
眾寡莫敵,1,ㄓㄨㄥˋ ㄍㄨㄚˇ ㄇㄛˋ ㄉㄧˊ
眾寡難敵,1,ㄓㄨㄥˋ ㄍㄨㄚˇ ㄋㄢˊ ㄉㄧˊ
眾少不敵,1,ㄓㄨㄥˋ ㄕㄠˇ ㄅㄨˋ ㄉㄧˊ
眾少成多,1,ㄓㄨㄥˋ ㄕㄠˇ ㄔㄥˊ ㄉㄨㄛ
眾川赴海,1,ㄓㄨㄥˋ ㄔㄨㄢ ㄈㄨˋ ㄏㄞˇ
眾心如城,1,ㄓㄨㄥˋ ㄒㄧㄣ ㄖㄨˊ ㄔㄥˊ
眾心成城,1,ㄓㄨㄥˋ ㄒㄧㄣ ㄔㄥˊ ㄔㄥˊ
眾怒難任,1,ㄓㄨㄥˋ ㄋㄨˋ ㄋㄢˊ ㄖㄣˋ
眾所熟知,1,ㄓㄨㄥˋ ㄙㄨㄛˇ ㄕㄨˊ ㄓ
眾所瞻望,1,ㄓㄨㄥˋ ㄙㄨㄛˇ ㄓㄢ ㄨㄤˋ
眾散親離,1,ㄓㄨㄥˋ ㄙㄢˋ ㄑㄧㄣ ㄌㄧˊ
眾星拱北,1,ㄓㄨㄥˋ ㄒㄧㄥ ㄍㄨㄥˇ ㄅㄟˇ
眾星拱辰,1,ㄓㄨㄥˋ ㄒㄧㄥ ㄍㄨㄥˇ ㄔㄣˊ
眾星捧月,1,ㄓㄨㄥˋ ㄒㄧㄥ ㄆㄥˇ ㄩㄝˋ
眾望所依,1,ㄓㄨㄥˋ ㄨㄤˋ ㄙㄨㄛˇ ㄧ
眾望所積,1,ㄓㄨㄥˋ ㄨㄤˋ ㄙㄨㄛˇ ㄐㄧ
眾望攸歸,1,ㄓㄨㄥˋ ㄨㄤˋ ㄧㄡ ㄍㄨㄟ
眾望有歸,1,ㄓㄨㄥˋ ㄨㄤˋ ㄧㄡˇ ㄍㄨㄟ
眾毀所歸,1,ㄓㄨㄥˋ ㄏㄨㄟˇ ㄙㄨㄛˇ ㄍㄨㄟ
眾毛攢裘,1,ㄓㄨㄥˋ ㄇㄠˊ ㄘㄨㄢˊ ㄑㄧㄡˊ
眾目共睹,1,ㄓㄨㄥˋ ㄇㄨˋ ㄍㄨㄥˋ ㄉㄨˇ
眾目共視,1,ㄓㄨㄥˋ ㄇㄨˋ ㄍㄨㄥˋ ㄕˋ
眾目具瞻,1,ㄓㄨㄥˋ ㄇㄨˋ ㄐㄩˋ ㄓㄢ
眾目所歸,1,ㄓㄨㄥˋ ㄇㄨˋ ㄙㄨㄛˇ ㄍㄨㄟ
眾盲摸象,1,ㄓㄨㄥˋ ㄇㄤˊ ㄇㄛ ㄒㄧㄤˋ
眾議成林,1,ㄓㄨㄥˋ ㄧˋ ㄔㄥˊ ㄌㄧㄣˊ
眾醉獨醒,1,ㄓㄨㄥˋ ㄗㄨㄟˋ ㄉㄨˊ ㄒㄧㄥˇ
睚眥之嫌,1,ㄧㄚˊ ㄗˋ ㄓ ㄒㄧㄢˊ
睚眥之怨,1,ㄧㄚˊ ㄗˋ ㄓ ㄩㄢˋ
睚眥之私,1,ㄧㄚˊ ㄗˋ ㄓ ㄙ
睚眥之隙,1,ㄧㄚˊ ㄗˋ ㄓ ㄒㄧˋ
睚眥必報,1,ㄧㄚˊ ㄗˋ ㄅㄧˋ ㄅㄠˋ
睜眉怒目,1,ㄓㄥ ㄇㄟˊ ㄋㄨˋ ㄇㄨˋ
睜眼瞎子,1,ㄓㄥ ㄧㄢˇ ㄒㄧㄚ ㄗ˙
睟面盎背,1,ㄙㄨㄟˋ ㄇㄧㄢˋ ㄤˋ ㄅㄟˋ
睠以佳耦,1,ㄐㄩㄢˋ ㄧˇ ㄐㄧㄚ ㄡˇ
睡眼惺忪,1,ㄕㄨㄟˋ ㄧㄢˇ ㄒㄧㄥ ㄙㄨㄥ
睡臥不寧,1,ㄕㄨㄟˋ ㄨㄛˋ ㄅㄨˋ ㄋㄧㄥˊ
睢睢盱盱,1,ㄙㄨㄟ ㄙㄨㄟ ㄒㄩ ㄒㄩ
睥睨物表,1,ㄅㄧˋ ㄋㄧˋ ㄨˋ ㄅㄧㄠˇ
睥睨窺覦,1,ㄅㄧˋ ㄋㄧˋ ㄎㄨㄟ ㄩˊ
睹微知著,1,ㄉㄨˇ ㄨㄟˊ ㄓ ㄓㄨˋ
睹景傷情,1,ㄉㄨˇ ㄐㄧㄥˇ ㄕㄤ ㄑㄧㄥˊ
睹物傷情,1,ㄉㄨˇ ㄨˋ ㄕㄤ ㄑㄧㄥˊ
睹物懷人,1,ㄉㄨˇ ㄨˋ ㄏㄨㄞˊ ㄖㄣˊ
睹物生情,1,ㄉㄨˇ ㄨˋ ㄕㄥ ㄑㄧㄥˊ
睹物興悲,1,ㄉㄨˇ ㄨˋ ㄒㄧㄥ ㄅㄟ
睹物興情,1,ㄉㄨˇ ㄨˋ ㄒㄧㄥ ㄑㄧㄥˊ
瞎七瞎八,1,ㄒㄧㄚ ㄑㄧ ㄒㄧㄚ ㄅㄚ
瞎三話四,1,ㄒㄧㄚ ㄙㄢ ㄏㄨㄚˋ ㄙˋ
瞎子摸魚,1,ㄒㄧㄚ ㄗ˙ ㄇㄛ ㄩˊ
瞎子點燈,1,ㄒㄧㄚ ㄗ˙ ㄉㄧㄢˇ ㄉㄥ
瞎神搗鬼,1,ㄒㄧㄚ ㄕㄣˊ ㄉㄠˇ ㄍㄨㄟˇ
瞑目寧心,1,ㄇㄧㄥˊ ㄇㄨˋ ㄋㄧㄥˊ ㄒㄧㄣ
瞑目而逝,1,ㄇㄧㄥˊ ㄇㄨˋ ㄦˊ ㄕˋ
瞞人眼目,1,ㄇㄢˊ ㄖㄣˊ ㄧㄢˇ ㄇㄨˋ
瞞天席地,1,ㄇㄢˊ ㄊㄧㄢ ㄒㄧˊ ㄉㄧˋ
瞞天昧地,1,ㄇㄢˊ ㄊㄧㄢ ㄇㄟˋ ㄉㄧˋ
瞞神嚇鬼,1,ㄇㄢˊ ㄕㄣˊ ㄒㄧㄚˋ ㄍㄨㄟˇ
瞞神弄鬼,1,ㄇㄢˊ ㄕㄣˊ ㄋㄨㄥˋ ㄍㄨㄟˇ
瞞神諕鬼,1,ㄇㄢˊ ㄕㄣˊ ㄒㄧㄚˋ ㄍㄨㄟˇ
瞠目而視,1,ㄔㄥ ㄇㄨˋ ㄦˊ ㄕˋ
瞬息千變,1,ㄕㄨㄣˋ ㄒㄧˊ ㄑㄧㄢ ㄅㄧㄢˋ
瞬時速度,1,ㄕㄨㄣˋ ㄕˊ ㄙㄨˋ ㄉㄨˋ
瞬間目標,1,ㄕㄨㄣˋ ㄐㄧㄢ ㄇㄨˋ ㄅㄧㄠ
瞵視昂藏,1,ㄌㄧㄣˊ ㄕˋ ㄤˊ ㄘㄤˊ
瞻前忽後,1,ㄓㄢ ㄑㄧㄢˊ ㄏㄨ ㄏㄡˋ
瞻天戀闕,1,ㄓㄢ ㄊㄧㄢ ㄌㄧㄢˋ ㄑㄩㄝˋ
瞻彼洛矣,1,ㄓㄢ ㄅㄧˇ ㄌㄨㄛˋ ㄧˇ
瞻情顧意,1,ㄓㄢ ㄑㄧㄥˊ ㄍㄨˋ ㄧˋ
瞽目先生,1,ㄍㄨˇ ㄇㄨˋ ㄒㄧㄢ ㄕㄥ
瞽言妄舉,1,ㄍㄨˇ ㄧㄢˊ ㄨㄤˋ ㄐㄩˇ
瞽言芻議,1,ㄍㄨˇ ㄧㄢˊ ㄔㄨˊ ㄧˋ
矇頭轉向,1,ㄇㄥ ㄊㄡˊ ㄓㄨㄢˋ ㄒㄧㄤˋ
矛盾相向,1,ㄇㄠˊ ㄉㄨㄣˋ ㄒㄧㄤ ㄒㄧㄤˋ
矜功不立,1,ㄐㄧㄣ ㄍㄨㄥ ㄅㄨˋ ㄌㄧˋ
矜功伐善,1,ㄐㄧㄣ ㄍㄨㄥ ㄈㄚ ㄕㄢˋ
矜功恃寵,1,ㄐㄧㄣ ㄍㄨㄥ ㄕˋ ㄔㄨㄥˇ
矜功自伐,1,ㄐㄧㄣ ㄍㄨㄥ ㄗˋ ㄈㄚ
矜功負勝,1,ㄐㄧㄣ ㄍㄨㄥ ㄈㄨˋ ㄕㄥˋ
矜功負氣,1,ㄐㄧㄣ ㄍㄨㄥ ㄈㄨˋ ㄑㄧˋ
矜名嫉能,1,ㄐㄧㄣ ㄇㄧㄥˊ ㄐㄧˊ ㄋㄥˊ
矜奇立異,1,ㄐㄧㄣ ㄑㄧˊ ㄌㄧˋ ㄧˋ
矜寡孤獨,1,ㄍㄨㄢ ㄍㄨㄚˇ ㄍㄨ ㄉㄨˊ
矜己任智,1,ㄐㄧㄣ ㄐㄧˇ ㄖㄣˋ ㄓˋ
矜己自飾,1,ㄐㄧㄣ ㄐㄧˇ ㄗˋ ㄕˋ
矜張顯著,1,ㄐㄧㄣ ㄓㄤ ㄒㄧㄢˇ ㄓㄨˋ
矜才使氣,1,ㄐㄧㄣ ㄘㄞˊ ㄕˇ ㄑㄧˋ
矜智負能,1,ㄐㄧㄣ ㄓˋ ㄈㄨˋ ㄋㄥˊ
矜矜業業,1,ㄐㄧㄣ ㄐㄧㄣ ㄧㄝˋ ㄧㄝˋ
矜糾收繚,1,ㄐㄧㄣ ㄐㄧㄡ ㄕㄡ ㄌㄧㄠˊ
矜能負才,1,ㄐㄧㄣ ㄋㄥˊ ㄈㄨˋ ㄘㄞˊ
矜貧恤獨,1,ㄐㄧㄣ ㄆㄧㄣˊ ㄒㄩˋ ㄉㄨˊ
矜貧救厄,1,ㄐㄧㄣ ㄆㄧㄣˊ ㄐㄧㄡˋ ㄜˋ
矢下如雨,1,ㄕˇ ㄒㄧㄚˋ ㄖㄨˊ ㄩˇ
矢不虛發,1,ㄕˇ ㄅㄨˋ ㄒㄩ ㄈㄚ
矢勤矢勇,1,ㄕˇ ㄑㄧㄣˊ ㄕˇ ㄩㄥˇ
矢在弦上,1,ㄕˇ ㄗㄞˋ ㄒㄧㄢˊ ㄕㄤˋ
矢無虛發,1,ㄕˇ ㄨˊ ㄒㄩ ㄈㄚ
矢盡兵窮,1,ㄕˇ ㄐㄧㄣˋ ㄅㄧㄥ ㄑㄩㄥˊ
矢石之間,1,ㄕˇ ㄕˊ ㄓ ㄐㄧㄢ
矢石之難,1,ㄕˇ ㄕˊ ㄓ ㄋㄢˋ
矢石如雨,1,ㄕˇ ㄕˊ ㄖㄨˊ ㄩˇ
知不足齋,1,ㄓ ㄅㄨˋ ㄗㄨˊ ㄓㄞ
知人下士,1,ㄓ ㄖㄣˊ ㄒㄧㄚˋ ㄕˋ
知人料事,1,ㄓ ㄖㄣˊ ㄌㄧㄠˋ ㄕˋ
知人論世,1,ㄓ ㄖㄣˊ ㄌㄨㄣˋ ㄕˋ
知今博古,1,ㄓ ㄐㄧㄣ ㄅㄛˊ ㄍㄨˇ
知來藏往,1,ㄓ ㄌㄞˊ ㄘㄤˊ ㄨㄤˇ
知名當世,1,ㄓ ㄇㄧㄥˊ ㄉㄤ ㄕˋ
知命安身,1,ㄓ ㄇㄧㄥˋ ㄢ ㄕㄣ
知命樂天,1,ㄓ ㄇㄧㄥˋ ㄌㄜˋ ㄊㄧㄢ
知安忘危,1,ㄓ ㄢ ㄨㄤˋ ㄨㄟˊ
知小謀大,1,ㄓˋ ㄒㄧㄠˇ ㄇㄡˊ ㄉㄚˋ
知幾其神,1,ㄓ ㄐㄧ ㄑㄧˊ ㄕㄣˊ
知彼知己,1,ㄓ ㄅㄧˇ ㄓ ㄐㄧˇ
知往鑒今,1,ㄓ ㄨㄤˇ ㄐㄧㄢˋ ㄐㄧㄣ
知微知彰,1,ㄓ ㄨㄟˊ ㄓ ㄓㄤ
知心著意,1,ㄓ ㄒㄧㄣ ㄓㄠˊ ㄧˋ
知性之旅,1,ㄓ ㄒㄧㄥˋ ㄓ ㄌㄩˇ
知恩不報,1,ㄓ ㄣ ㄅㄨˋ ㄅㄠˋ
知恩報恩,1,ㄓ ㄣ ㄅㄠˋ ㄣ
知情底保,1,ㄓ ㄑㄧㄥˊ ㄉㄧˇ ㄅㄠˇ
知情識趣,1,ㄓ ㄑㄧㄥˊ ㄕˋ ㄑㄩˋ
知情達理,1,ㄓ ㄑㄧㄥˊ ㄉㄚˊ ㄌㄧˇ
知感不盡,1,ㄓ ㄍㄢˇ ㄅㄨˋ ㄐㄧㄣˋ
知時識務,1,ㄓ ㄕˊ ㄕˋ ㄨˋ
知機識變,1,ㄓ ㄐㄧ ㄕˋ ㄅㄧㄢˋ
知水仁山,1,ㄓˋ ㄕㄨㄟˇ ㄖㄣˊ ㄕㄢ
知疼著熱,1,ㄓ ㄊㄥˊ ㄓㄠˊ ㄖㄜˋ
知白守黑,1,ㄓ ㄅㄞˊ ㄕㄡˇ ㄏㄜˋ
知盡能索,1,ㄓˋ ㄐㄧㄣˋ ㄋㄥˊ ㄙㄨㄛˇ
知羞識廉,1,ㄓ ㄒㄧㄡ ㄕˋ ㄌㄧㄢˊ
知者不惑,1,ㄓˋ ㄓㄜˇ ㄅㄨˋ ㄏㄨㄛˋ
知者樂水,1,ㄓˋ ㄓㄜˇ ㄧㄠˋ ㄕㄨㄟˇ
知而不言,1,ㄓ ㄦˊ ㄅㄨˋ ㄧㄢˊ
知覺神經,1,ㄓ ㄐㄩㄝˊ ㄕㄣˊ ㄐㄧㄥ
知覺防衛,1,ㄓ ㄐㄩㄝˊ ㄈㄤˊ ㄨㄟˋ
知識工程,1,ㄓ ㄕˋ ㄍㄨㄥ ㄔㄥˊ
知識產權,1,ㄓ ㄕˋ ㄔㄢˇ ㄑㄩㄢˊ
知識經濟,1,ㄓ ㄕˋ ㄐㄧㄥ ㄐㄧˋ
知足不辱,1,ㄓ ㄗㄨˊ ㄅㄨˋ ㄖㄨˋ
知足知止,1,ㄓ ㄗㄨˊ ㄓ ㄓˇ
知輕識重,1,ㄓ ㄑㄧㄥ ㄕˋ ㄓㄨㄥˋ
知雄守雌,1,ㄓ ㄒㄩㄥˊ ㄕㄡˇ ㄘ
知難而行,1,ㄓ ㄋㄢˊ ㄦˊ ㄒㄧㄥˊ
知音諳呂,1,ㄓ ㄧㄣ ㄢ ㄌㄩˇ
知音識趣,1,ㄓ ㄧㄣ ㄕˋ ㄑㄩˋ
知高識低,1,ㄓ ㄍㄠ ㄕˋ ㄉㄧ
知魚之樂,1,ㄓ ㄩˊ ㄓ ㄌㄜˋ
矩步方行,1,ㄐㄩˇ ㄅㄨˋ ㄈㄤ ㄒㄧㄥˊ
矩矱繩尺,1,ㄐㄩˇ ㄏㄨㄛˋ ㄕㄥˊ ㄔˇ
短兵接戰,1,ㄉㄨㄢˇ ㄅㄧㄥ ㄐㄧㄝ ㄓㄢˋ
短嘆長吁,1,ㄉㄨㄢˇ ㄊㄢˋ ㄔㄤˊ ㄒㄩ
短垣自逾,1,ㄉㄨㄢˇ ㄩㄢˊ ㄗˋ ㄩˊ
短壽促命,1,ㄉㄨㄢˇ ㄕㄡˋ ㄘㄨˋ ㄇㄧㄥˋ
短斤缺兩,1,ㄉㄨㄢˇ ㄐㄧㄣ ㄑㄩㄝ ㄌㄧㄤˇ
短波廣播,1,ㄉㄨㄢˇ ㄅㄛ ㄍㄨㄤˇ ㄅㄛˋ
短綆汲深,1,ㄉㄨㄢˇ ㄍㄥˇ ㄐㄧˊ ㄕㄣ
短褐不全,1,ㄉㄨㄢˇ ㄏㄜˊ ㄅㄨˋ ㄑㄩㄢˊ
短褐不完,1,ㄉㄨㄢˇ ㄏㄜˊ ㄅㄨˋ ㄨㄢˊ
短見薄識,1,ㄉㄨㄢˇ ㄐㄧㄢˋ ㄅㄛˊ ㄕˋ
短視近利,1,ㄉㄨㄢˇ ㄕˋ ㄐㄧㄣˋ ㄌㄧˋ
短長之說,1,ㄉㄨㄢˇ ㄔㄤˊ ㄓ ㄕㄨㄛ
矮了半截,1,ㄞˇ ㄌㄜ˙ ㄅㄢˋ ㄐㄧㄝˊ
矮人看場,1,ㄞˇ ㄖㄣˊ ㄎㄢˋ ㄔㄤˊ
矮人觀場,1,ㄞˇ ㄖㄣˊ ㄍㄨㄢ ㄔㄤˊ
矮子看戲,1,ㄞˇ ㄗ˙ ㄎㄢˋ ㄒㄧˋ
矮子觀場,1,ㄞˇ ㄗ˙ ㄍㄨㄢ ㄔㄤˊ
矮小精悍,1,ㄞˇ ㄒㄧㄠˇ ㄐㄧㄥ ㄏㄢˋ
矮巴溜丟,1,ㄞˇ ㄅㄚ ㄌㄧㄡ ㄉㄧㄡ
矮牆淺屋,1,ㄞˇ ㄑㄧㄤˊ ㄑㄧㄢˇ ㄨ
矯世勵俗,1,ㄐㄧㄠˇ ㄕˋ ㄌㄧˋ ㄙㄨˊ
矯世變俗,1,ㄐㄧㄠˇ ㄕˋ ㄅㄧㄢˋ ㄙㄨˊ
矯情干譽,1,ㄐㄧㄠˇ ㄑㄧㄥˊ ㄍㄢ ㄩˋ
矯情立異,1,ㄐㄧㄠˇ ㄑㄧㄥˊ ㄌㄧˋ ㄧˋ
矯情自飾,1,ㄐㄧㄠˇ ㄑㄧㄥˊ ㄗˋ ㄕˋ
矯情鎮物,1,ㄐㄧㄠˇ ㄑㄧㄥˊ ㄓㄣˋ ㄨˋ
矯情飾行,1,ㄐㄧㄠˇ ㄑㄧㄥˊ ㄕˋ ㄒㄧㄥˋ
矯情飾詐,1,ㄐㄧㄠˇ ㄑㄧㄥˊ ㄕˋ ㄓㄚˋ
矯情飾貌,1,ㄐㄧㄠˇ ㄑㄧㄥˊ ㄕˋ ㄇㄠˋ
矯枉過直,1,ㄐㄧㄠˇ ㄨㄤˇ ㄍㄨㄛˋ ㄓˊ
矯正處分,1,ㄐㄧㄠˇ ㄓㄥˋ ㄔㄨˇ ㄈㄣˋ
矯激奇詭,1,ㄐㄧㄠˇ ㄐㄧ ㄑㄧˊ ㄍㄨㄟˇ
矯矯不群,1,ㄐㄧㄠˇ ㄐㄧㄠˇ ㄅㄨˋ ㄑㄩㄣˊ
矯若遊龍,1,ㄐㄧㄠˇ ㄖㄨㄛˋ ㄧㄡˊ ㄌㄨㄥˊ
矯若驚龍,1,ㄐㄧㄠˇ ㄖㄨㄛˋ ㄐㄧㄥ ㄌㄨㄥˊ
矯言偽行,1,ㄐㄧㄠˇ ㄧㄢˊ ㄨㄟˋ ㄒㄧㄥˋ
矯邪歸正,1,ㄐㄧㄠˇ ㄒㄧㄝˊ ㄍㄨㄟ ㄓㄥˋ
矯飾偽行,1,ㄐㄧㄠˇ ㄕˋ ㄨㄟˋ ㄒㄧㄥˋ
矰繳之說,1,ㄗㄥ ㄓㄨㄛˊ ㄓ ㄕㄨㄛ
石刻史料,1,ㄕˊ ㄎㄜˋ ㄕˇ ㄌㄧㄠˋ
石化材料,1,ㄕˊ ㄏㄨㄚˋ ㄘㄞˊ ㄌㄧㄠˋ
石城湯池,1,ㄕˊ ㄔㄥˊ ㄊㄤ ㄔˊ
石心木腸,1,ㄕˊ ㄒㄧㄣ ㄇㄨˋ ㄔㄤˊ
石投大海,1,ㄕˊ ㄊㄡˊ ㄉㄚˋ ㄏㄞˇ
石枯松老,1,ㄕˊ ㄎㄨ ㄙㄨㄥ ㄌㄠˇ
石油危機,1,ㄕˊ ㄧㄡˊ ㄨㄟˊ ㄐㄧ
石火電光,1,ㄕˊ ㄏㄨㄛˇ ㄉㄧㄢˋ ㄍㄨㄤ
石灰岩洞,1,ㄕˊ ㄏㄨㄟ ㄧㄢˊ ㄉㄨㄥˋ
石爛海枯,1,ㄕˊ ㄌㄢˋ ㄏㄞˇ ㄎㄨ
石版印刷,1,ㄕˊ ㄅㄢˇ ㄧㄣˋ ㄕㄨㄚ
石牛開道,1,ㄕˊ ㄋㄧㄡˊ ㄎㄞ ㄉㄠˋ
石膏模型,1,ㄕˊ ㄍㄠ ㄇㄛˊ ㄒㄧㄥˊ
石英玻璃,1,ㄕˊ ㄧㄥ ㄅㄛ ㄌㄧ˙
砂礫礦床,1,ㄕㄚ ㄌㄧˋ ㄎㄨㄤˋ ㄔㄨㄤˊ
砌塊建築,1,ㄑㄧˋ ㄎㄨㄞˋ ㄐㄧㄢˋ ㄓㄨˊ
砍瓜切菜,1,ㄎㄢˇ ㄍㄨㄚ ㄑㄧㄝ ㄘㄞˋ
砍鐵如泥,1,ㄎㄢˇ ㄊㄧㄝˇ ㄖㄨˊ ㄋㄧˊ
研京練都,1,ㄧㄢˊ ㄐㄧㄥ ㄌㄧㄢˋ ㄉㄨ
研幾探賾,1,ㄧㄢˊ ㄐㄧ ㄊㄢˋ ㄗㄜˊ
研幾析理,1,ㄧㄢˊ ㄐㄧ ㄒㄧ ㄌㄧˇ
研桑心計,1,ㄧㄢˊ ㄙㄤ ㄒㄧㄣ ㄐㄧˋ
研深覃精,1,ㄧㄢˊ ㄕㄣ ㄊㄢˊ ㄐㄧㄥ
研精苦思,1,ㄧㄢˊ ㄐㄧㄥ ㄎㄨˇ ㄙ
研精覃奧,1,ㄧㄢˊ ㄐㄧㄥ ㄊㄢˊ ㄠˋ
研精覃思,1,ㄧㄢˊ ㄐㄧㄥ ㄊㄢˊ ㄙ
研精鉤深,1,ㄧㄢˊ ㄐㄧㄥ ㄍㄡ ㄕㄣ
研精靜慮,1,ㄧㄢˊ ㄐㄧㄥ ㄐㄧㄥˋ ㄌㄩˋ
研經鑄史,1,ㄧㄢˊ ㄐㄧㄥ ㄓㄨˋ ㄕˇ
砥兵礪伍,1,ㄉㄧˇ ㄅㄧㄥ ㄌㄧˋ ㄨˇ
砥名勵節,1,ㄉㄧˇ ㄇㄧㄥˊ ㄌㄧˋ ㄐㄧㄝˊ
砥平繩直,1,ㄉㄧˇ ㄆㄧㄥˊ ㄕㄥˊ ㄓˊ
砥志礪行,1,ㄉㄧˇ ㄓˋ ㄌㄧˋ ㄒㄧㄥˋ
砥柱中流,1,ㄉㄧˇ ㄓㄨˋ ㄓㄨㄥ ㄌㄧㄡˊ
砥礪名節,1,ㄉㄧˇ ㄌㄧˋ ㄇㄧㄥˊ ㄐㄧㄝˊ
砥礪名號,1,ㄉㄧˇ ㄌㄧˋ ㄇㄧㄥˊ ㄏㄠˋ
砥礪名行,1,ㄉㄧˇ ㄌㄧˋ ㄇㄧㄥˊ ㄒㄧㄥˋ
砥礪廉隅,1,ㄉㄧˇ ㄌㄧˋ ㄌㄧㄢˊ ㄩˊ
砥礪清節,1,ㄉㄧˇ ㄌㄧˋ ㄑㄧㄥ ㄐㄧㄝˊ
砥礪風節,1,ㄉㄧˇ ㄌㄧˋ ㄈㄥ ㄐㄧㄝˊ
砥節奉公,1,ㄉㄧˇ ㄐㄧㄝˊ ㄈㄥˋ ㄍㄨㄥ
砥節守公,1,ㄉㄧˇ ㄐㄧㄝˊ ㄕㄡˇ ㄍㄨㄥ
砥行磨名,1,ㄉㄧˇ ㄒㄧㄥˋ ㄇㄛˊ ㄇㄧㄥˊ
砥行立名,1,ㄉㄧˇ ㄒㄧㄥˋ ㄌㄧˋ ㄇㄧㄥˊ
砧上之肉,1,ㄓㄣ ㄕㄤˋ ㄓ ㄖㄡˋ
砭石無效,1,ㄅㄧㄢ ㄕˊ ㄨˊ ㄒㄧㄠˋ
砲兵學校,1,ㄆㄠˋ ㄅㄧㄥ ㄒㄩㄝˊ ㄒㄧㄠˋ
砲火連天,1,ㄆㄠˋ ㄏㄨㄛˇ ㄌㄧㄢˊ ㄊㄧㄢ
破丟不落,1,ㄆㄛˋ ㄉㄧㄡ ㄅㄨˋ ㄌㄨㄛˋ
破土斷木,1,ㄆㄛˋ ㄊㄨˇ ㄉㄨㄢˋ ㄇㄨˋ
破墨山水,1,ㄆㄛˋ ㄇㄛˋ ㄕㄢ ㄕㄨㄟˇ
破壁燎火,1,ㄆㄛˋ ㄅㄧˋ ㄌㄧㄠˋ ㄏㄨㄛˇ
破壁飛去,1,ㄆㄛˋ ㄅㄧˋ ㄈㄟ ㄑㄩˋ
破壞力學,1,ㄆㄛˋ ㄏㄨㄞˋ ㄌㄧˋ ㄒㄩㄝˊ
破壞半徑,1,ㄆㄛˋ ㄏㄨㄞˋ ㄅㄢˋ ㄐㄧㄥˋ
破壞射擊,1,ㄆㄛˋ ㄏㄨㄞˋ ㄕㄜˋ ㄐㄧˊ
破家危國,1,ㄆㄛˋ ㄐㄧㄚ ㄨㄟˊ ㄍㄨㄛˊ
破家散業,1,ㄆㄛˋ ㄐㄧㄚ ㄙㄢˋ ㄧㄝˋ
破家為國,1,ㄆㄛˋ ㄐㄧㄚ ㄨㄟˋ ㄍㄨㄛˊ
破家鬻子,1,ㄆㄛˋ ㄐㄧㄚ ㄩˋ ㄗˇ
破屋壞垣,1,ㄆㄛˋ ㄨ ㄏㄨㄞˋ ㄩㄢˊ
破業失產,1,ㄆㄛˋ ㄧㄝˋ ㄕ ㄔㄢˇ
破步撩衣,1,ㄆㄛˋ ㄅㄨˋ ㄌㄧㄠ ㄧ
破爛不堪,1,ㄆㄛˋ ㄌㄢˋ ㄅㄨˋ ㄎㄢ
破爛流丟,1,ㄆㄛˋ ㄌㄢˋ ㄌㄧㄡˊ ㄉㄧㄡ
破琴絕絃,1,ㄆㄛˋ ㄑㄧㄣˊ ㄐㄩㄝˊ ㄒㄧㄢˊ
破璧毀珪,1,ㄆㄛˋ ㄅㄧˋ ㄏㄨㄟˇ ㄍㄨㄟ
破瓦頹垣,1,ㄆㄛˋ ㄨㄚˇ ㄊㄨㄟˊ ㄩㄢˊ
破甑生塵,1,ㄆㄛˋ ㄗㄥˋ ㄕㄥ ㄔㄣˊ
破產宣告,1,ㄆㄛˋ ㄔㄢˇ ㄒㄩㄢ ㄍㄠˋ
破產財團,1,ㄆㄛˋ ㄔㄢˇ ㄘㄞˊ ㄊㄨㄢˊ
破矩為圓,1,ㄆㄛˋ ㄐㄩˇ ㄨㄟˊ ㄩㄢˊ
破碎家庭,1,ㄆㄛˋ ㄙㄨㄟˋ ㄐㄧㄚ ㄊㄧㄥˊ
破碎支離,1,ㄆㄛˋ ㄙㄨㄟˋ ㄓ ㄌㄧˊ
破竹建瓴,1,ㄆㄛˋ ㄓㄨˊ ㄐㄧㄢˋ ㄌㄧㄥˊ
破米糟糖,1,ㄆㄛˋ ㄇㄧˇ ㄗㄠ ㄊㄤˊ
破繭而出,1,ㄆㄛˋ ㄐㄧㄢˇ ㄦˊ ㄔㄨ
破罐破摔,1,ㄆㄛˋ ㄍㄨㄢˋ ㄆㄛˋ ㄕㄨㄞ
破膽喪魂,1,ㄆㄛˋ ㄉㄢˇ ㄙㄤˋ ㄏㄨㄣˊ
破膽寒心,1,ㄆㄛˋ ㄉㄢˇ ㄏㄢˊ ㄒㄧㄣ
破舊立新,1,ㄆㄛˋ ㄐㄧㄡˋ ㄌㄧˋ ㄒㄧㄣ
破衣拉裳,1,ㄆㄛˋ ㄧ ㄌㄚ ㄔㄤˊ
破觚為圓,1,ㄆㄛˋ ㄍㄨ ㄨㄟˊ ㄩㄢˊ
破觚為圜,1,ㄆㄛˋ ㄍㄨ ㄨㄟˊ ㄩㄢˊ
破迷信財,1,ㄆㄛˋ ㄇㄧˊ ㄒㄧㄣˋ ㄘㄞˊ
破邪論序,1,ㄆㄛˋ ㄒㄧㄝˊ ㄌㄨㄣˋ ㄒㄩˋ
破邪顯正,1,ㄆㄛˋ ㄒㄧㄝˊ ㄒㄧㄢˇ ㄓㄥˋ
破釜沉船,1,ㄆㄛˋ ㄈㄨˇ ㄔㄣˊ ㄔㄨㄢˊ
破鏡之憂,1,ㄆㄛˋ ㄐㄧㄥˋ ㄓ ㄧㄡ
破鏡分釵,1,ㄆㄛˋ ㄐㄧㄥˋ ㄈㄣ ㄔㄞ
破鏡分離,1,ㄆㄛˋ ㄐㄧㄥˋ ㄈㄣ ㄌㄧˊ
破鏡重合,1,ㄆㄛˋ ㄐㄧㄥˋ ㄔㄨㄥˊ ㄏㄜˊ
破鑼嗓子,1,ㄆㄛˋ ㄌㄨㄛˊ ㄙㄤˇ ㄗ˙
破零三亂,1,ㄆㄛˋ ㄌㄧㄥˊ ㄙㄢ ㄌㄨㄢˋ
破零二落,1,ㄆㄛˋ ㄌㄧㄥˊ ㄦˋ ㄌㄨㄛˋ
破顏微笑,1,ㄆㄛˋ ㄧㄢˊ ㄨㄟˊ ㄒㄧㄠˋ
破骨細胞,1,ㄆㄛˋ ㄍㄨˇ ㄒㄧˋ ㄅㄠ
破麥破梨,1,ㄆㄛˋ ㄇㄛˋ ㄆㄛˋ ㄌㄧˊ
砷黃鐵礦,1,ㄕㄣ ㄏㄨㄤˊ ㄊㄧㄝˇ ㄎㄨㄤˋ
砸鍋賣鐵,1,ㄗㄚˊ ㄍㄨㄛ ㄇㄞˋ ㄊㄧㄝˇ
硝化作用,1,ㄒㄧㄠ ㄏㄨㄚˋ ㄗㄨㄛˋ ㄩㄥˋ
硝煙彈雨,1,ㄒㄧㄠ ㄧㄢ ㄉㄢˋ ㄩˇ
硫磺群島,1,ㄌㄧㄡˊ ㄏㄨㄤˊ ㄑㄩㄣˊ ㄉㄠˇ
硫酸菸鹼,1,ㄌㄧㄡˊ ㄙㄨㄢ ㄧㄢ ㄐㄧㄢˇ
硬式棒球,1,ㄧㄥˋ ㄕˋ ㄅㄤˋ ㄑㄧㄡˊ
硬式網球,1,ㄧㄥˋ ㄕˋ ㄨㄤˇ ㄑㄧㄡˊ
硬弩強弓,1,ㄧㄥˋ ㄋㄨˇ ㄑㄧㄤˊ ㄍㄨㄥ
硬是要得,1,ㄧㄥˋ ㄕˋ ㄧㄠˋ ㄉㄜˊ
硬語盤空,1,ㄧㄥˋ ㄩˇ ㄆㄢˊ ㄎㄨㄥ
硬頭硬腦,1,ㄧㄥˋ ㄊㄡˊ ㄧㄥˋ ㄋㄠˇ
硬骨魚綱,1,ㄧㄥˋ ㄍㄨˇ ㄩˊ ㄍㄤ
碌碌庸流,1,ㄌㄨˋ ㄌㄨˋ ㄩㄥ ㄌㄧㄡˊ
碌碌波波,1,ㄌㄨˋ ㄌㄨˋ ㄅㄛ ㄅㄛ
碌碌無奇,1,ㄌㄨˋ ㄌㄨˋ ㄨˊ ㄑㄧˊ
碌碌無為,1,ㄌㄨˋ ㄌㄨˋ ㄨˊ ㄨㄟˊ
碌碌無聞,1,ㄌㄨˋ ㄌㄨˋ ㄨˊ ㄨㄣˊ
碎嘴碎舌,1,ㄙㄨㄟˋ ㄗㄨㄟˇ ㄙㄨㄟˋ ㄕㄜˊ
碎瓊亂玉,1,ㄙㄨㄟˋ ㄑㄩㄥˊ ㄌㄨㄢˋ ㄩˋ
碎身粉骨,1,ㄙㄨㄟˋ ㄕㄣ ㄈㄣˇ ㄍㄨˇ
碎首糜軀,1,ㄙㄨㄟˋ ㄕㄡˇ ㄇㄧˊ ㄑㄩ
碎骨粉身,1,ㄙㄨㄟˋ ㄍㄨˇ ㄈㄣˇ ㄕㄣ
碟型天線,1,ㄉㄧㄝˊ ㄒㄧㄥˊ ㄊㄧㄢ ㄒㄧㄢˋ
碟式煞車,1,ㄉㄧㄝˊ ㄕˋ ㄕㄚ ㄔㄜ
碟式相機,1,ㄉㄧㄝˊ ㄕˋ ㄒㄧㄤˋ ㄐㄧ
碧桃花下,1,ㄅㄧˋ ㄊㄠˊ ㄏㄨㄚ ㄒㄧㄚˋ
碧波爽清,1,ㄅㄧˋ ㄅㄛ ㄕㄨㄤˇ ㄑㄧㄥ
碧波萬頃,1,ㄅㄧˋ ㄅㄛ ㄨㄢˋ ㄑㄧㄥˇ
碧瓦朱甍,1,ㄅㄧˋ ㄨㄚˇ ㄓㄨ ㄇㄥˊ
碧眼童顏,1,ㄅㄧˋ ㄧㄢˇ ㄊㄨㄥˊ ㄧㄢˊ
碧眼紫髯,1,ㄅㄧˋ ㄧㄢˇ ㄗˇ ㄖㄢˊ
碧眼紫鬚,1,ㄅㄧˋ ㄧㄢˇ ㄗˇ ㄒㄩ
碧眼金髮,1,ㄅㄧˋ ㄧㄢˇ ㄐㄧㄣ ㄈㄚˇ
碧落黃泉,1,ㄅㄧˋ ㄌㄨㄛˋ ㄏㄨㄤˊ ㄑㄩㄢˊ
碧藍如黛,1,ㄅㄧˋ ㄌㄢˊ ㄖㄨˊ ㄉㄞˋ
碧雞漫志,1,ㄅㄧˋ ㄐㄧ ㄇㄢˋ ㄓˋ
碩學通儒,1,ㄕㄨㄛˋ ㄒㄩㄝˊ ㄊㄨㄥ ㄖㄨˊ
碩彥名儒,1,ㄕㄨㄛˋ ㄧㄢˋ ㄇㄧㄥˊ ㄖㄨˊ
碳酸氫鹽,1,ㄊㄢˋ ㄙㄨㄢ ㄑㄧㄥ ㄧㄢˊ
確定判決,1,ㄑㄩㄝˋ ㄉㄧㄥˋ ㄆㄢˋ ㄐㄩㄝˊ
確定故意,1,ㄑㄩㄝˋ ㄉㄧㄥˋ ㄍㄨˋ ㄧˋ
磁浮火車,1,ㄘˊ ㄈㄨˊ ㄏㄨㄛˇ ㄔㄜ
磁黃鐵礦,1,ㄘˊ ㄏㄨㄤˊ ㄊㄧㄝˇ ㄎㄨㄤˋ
磊磊落落,1,ㄌㄟˇ ㄌㄟˇ ㄌㄨㄛˋ ㄌㄨㄛˋ
磊落不羈,1,ㄌㄟˇ ㄌㄨㄛˋ ㄅㄨˋ ㄐㄧ
磊落軼蕩,1,ㄌㄟˇ ㄌㄨㄛˋ ㄧˋ ㄉㄤˋ
磐石之固,1,ㄆㄢˊ ㄕˊ ㄓ ㄍㄨˋ
磕牙料嘴,1,ㄎㄜ ㄧㄚˊ ㄌㄧㄠˋ ㄗㄨㄟˇ
磕磕撞撞,1,ㄎㄜ ㄎㄜ ㄓㄨㄤˋ ㄓㄨㄤˋ
磕磕絆絆,1,ㄎㄜ ㄎㄜ ㄅㄢˋ ㄅㄢˋ
磕過頭的,1,ㄎㄜ ㄍㄨㄛ˙ ㄊㄡˊ ㄉㄜ˙
磕頭撞腦,1,ㄎㄜ ㄊㄡˊ ㄓㄨㄤˋ ㄋㄠˇ
磕頭燒香,1,ㄎㄜ ㄊㄡˊ ㄕㄠ ㄒㄧㄤ
磕頭碰腦,1,ㄎㄜ ㄊㄡˊ ㄆㄥˋ ㄋㄠˇ
磨不開臉,1,ㄇㄛˊ ㄅㄨˋ ㄎㄞ ㄌㄧㄢˇ
磨厲以須,1,ㄇㄛˊ ㄌㄧˋ ㄧˇ ㄒㄩ
磨扇墜手,1,ㄇㄛˋ ㄕㄢˋ ㄓㄨㄟˋ ㄕㄡˇ
磨揉遷革,1,ㄇㄛˊ ㄖㄡˊ ㄑㄧㄢ ㄍㄜˊ
磨牙手機,1,ㄇㄛˊ ㄧㄚˊ ㄕㄡˇ ㄐㄧ
磨盾之暇,1,ㄇㄛˊ ㄉㄨㄣˋ ㄓ ㄒㄧㄚˊ
磨砂玻璃,1,ㄇㄛˊ ㄕㄚ ㄅㄛ ㄌㄧ˙
磨磚成鏡,1,ㄇㄛˊ ㄓㄨㄢ ㄔㄥˊ ㄐㄧㄥˋ
磨礪以須,1,ㄇㄛˊ ㄌㄧˋ ㄧˇ ㄒㄩ
磨礱砥礪,1,ㄇㄛˊ ㄌㄨㄥˊ ㄉㄧˇ ㄌㄧˋ
磨而不磷,1,ㄇㄛˊ ㄦˊ ㄅㄨˋ ㄌㄧㄣˋ
磨踵滅頂,1,ㄇㄛˊ ㄓㄨㄥˇ ㄇㄧㄝˋ ㄉㄧㄥˇ
磨鐵成針,1,ㄇㄛˊ ㄊㄧㄝˇ ㄔㄥˊ ㄓㄣ
磨頂至踵,1,ㄇㄛˊ ㄉㄧㄥˇ ㄓˋ ㄓㄨㄥˇ
礎潤而雨,1,ㄔㄨˇ ㄖㄨㄣˋ ㄦˊ ㄩˇ
礙口飾羞,1,ㄞˋ ㄎㄡˇ ㄕˋ ㄒㄧㄡ
礙難照辦,1,ㄞˋ ㄋㄢˊ ㄓㄠˋ ㄅㄢˋ
礦化作用,1,ㄎㄨㄤˋ ㄏㄨㄚˋ ㄗㄨㄛˋ ㄩㄥˋ
礦物纖維,1,ㄎㄨㄤˋ ㄨˋ ㄒㄧㄢ ㄨㄟˊ
礪兵秣馬,1,ㄌㄧˋ ㄅㄧㄥ ㄇㄛˋ ㄇㄚˇ
礪吻磨距,1,ㄌㄧˋ ㄨㄣˇ ㄇㄛˊ ㄐㄩˋ
礪山帶河,1,ㄌㄧˋ ㄕㄢ ㄉㄞˋ ㄏㄜˊ
礪帶山河,1,ㄌㄧˋ ㄉㄞˋ ㄕㄢ ㄏㄜˊ
礪戈秣馬,1,ㄌㄧˋ ㄍㄜ ㄇㄛˋ ㄇㄚˇ
礫耕栽培,1,ㄌㄧˋ ㄍㄥ ㄗㄞ ㄆㄟˊ
礱淬利器,1,ㄌㄨㄥˊ ㄘㄨㄟˋ ㄌㄧˋ ㄑㄧˋ
示威遊行,1,ㄕˋ ㄨㄟ ㄧㄡˊ ㄒㄧㄥˊ
示範社區,1,ㄕˋ ㄈㄢˋ ㄕㄜˋ ㄑㄩ
社區意識,1,ㄕㄜˋ ㄑㄩ ㄧˋ ㄕˋ
社區服務,1,ㄕㄜˋ ㄑㄩ ㄈㄨˊ ㄨˋ
社區發展,1,ㄕㄜˋ ㄑㄩ ㄈㄚ ㄓㄢˇ
社區資源,1,ㄕㄜˋ ㄑㄩ ㄗ ㄩㄢˊ
社區電臺,1,ㄕㄜˋ ㄑㄩ ㄉㄧㄢˋ ㄊㄞˊ
社區電視,1,ㄕㄜˋ ㄑㄩ ㄉㄧㄢˋ ㄕˋ
社會互動,1,ㄕㄜˋ ㄏㄨㄟˋ ㄏㄨˋ ㄉㄨㄥˋ
社會價值,1,ㄕㄜˋ ㄏㄨㄟˋ ㄐㄧㄚˋ ㄓˊ
社會壓力,1,ㄕㄜˋ ㄏㄨㄟˋ ㄧㄚ ㄌㄧˋ
社會失調,1,ㄕㄜˋ ㄏㄨㄟˋ ㄕ ㄊㄧㄠˊ
社會契約,1,ㄕㄜˋ ㄏㄨㄟˋ ㄑㄧˋ ㄩㄝ
社會安全,1,ㄕㄜˋ ㄏㄨㄟˋ ㄢ ㄑㄩㄢˊ
社會建設,1,ㄕㄜˋ ㄏㄨㄟˋ ㄐㄧㄢˋ ㄕㄜˋ
社會成本,1,ㄕㄜˋ ㄏㄨㄟˋ ㄔㄥˊ ㄅㄣˇ
社會控制,1,ㄕㄜˋ ㄏㄨㄟˋ ㄎㄨㄥˋ ㄓˋ
社會政策,1,ㄕㄜˋ ㄏㄨㄟˋ ㄓㄥˋ ㄘㄜˋ
社會救助,1,ㄕㄜˋ ㄏㄨㄟˋ ㄐㄧㄡˋ ㄓㄨˋ
社會救濟,1,ㄕㄜˋ ㄏㄨㄟˋ ㄐㄧㄡˋ ㄐㄧˋ
社會整合,1,ㄕㄜˋ ㄏㄨㄟˋ ㄓㄥˇ ㄏㄜˊ
社會方言,1,ㄕㄜˋ ㄏㄨㄟˋ ㄈㄤ ㄧㄢˊ
社會服務,1,ㄕㄜˋ ㄏㄨㄟˋ ㄈㄨˊ ㄨˋ
社會病態,1,ㄕㄜˋ ㄏㄨㄟˋ ㄅㄧㄥˋ ㄊㄞˋ
社會發展,1,ㄕㄜˋ ㄏㄨㄟˋ ㄈㄚ ㄓㄢˇ
社會秩序,1,ㄕㄜˋ ㄏㄨㄟˋ ㄓˋ ㄒㄩˋ
社會立法,1,ㄕㄜˋ ㄏㄨㄟˋ ㄌㄧˋ ㄈㄚˇ
社會群島,1,ㄕㄜˋ ㄏㄨㄟˋ ㄑㄩㄣˊ ㄉㄠˇ
社會行為,1,ㄕㄜˋ ㄏㄨㄟˋ ㄒㄧㄥˊ ㄨㄟˊ
社會規範,1,ㄕㄜˋ ㄏㄨㄟˋ ㄍㄨㄟ ㄈㄢˋ
社會角色,1,ㄕㄜˋ ㄏㄨㄟˋ ㄐㄩㄝˊ ㄙㄜˋ
社會調查,1,ㄕㄜˋ ㄏㄨㄟˋ ㄉㄧㄠˋ ㄔㄚˊ
社會調適,1,ㄕㄜˋ ㄏㄨㄟˋ ㄊㄧㄠˊ ㄕˋ
社會變遷,1,ㄕㄜˋ ㄏㄨㄟˋ ㄅㄧㄢˋ ㄑㄧㄢ
社會賢達,1,ㄕㄜˋ ㄏㄨㄟˋ ㄒㄧㄢˊ ㄉㄚˊ
社會運動,1,ㄕㄜˋ ㄏㄨㄟˋ ㄩㄣˋ ㄉㄨㄥˋ
社會階級,1,ㄕㄜˋ ㄏㄨㄟˋ ㄐㄧㄝ ㄐㄧˊ
社會革命,1,ㄕㄜˋ ㄏㄨㄟˋ ㄍㄜˊ ㄇㄧㄥˋ
社會體系,1,ㄕㄜˋ ㄏㄨㄟˋ ㄊㄧˇ ㄒㄧˋ
社稷之器,1,ㄕㄜˋ ㄐㄧˋ ㄓ ㄑㄧˋ
社稷之臣,1,ㄕㄜˋ ㄐㄧˋ ㄓ ㄔㄣˊ
社稷為墟,1,ㄕㄜˋ ㄐㄧˋ ㄨㄟˊ ㄒㄩ
社鼠城狐,1,ㄕㄜˋ ㄕㄨˇ ㄔㄥˊ ㄏㄨˊ
祁奚之舉,1,ㄑㄧˊ ㄒㄧ ㄓ ㄐㄩˇ
祁奚舉午,1,ㄑㄧˊ ㄒㄧ ㄐㄩˇ ㄨˇ
祁奚薦仇,1,ㄑㄧˊ ㄒㄧ ㄐㄧㄢˋ ㄔㄡˊ
祁寒暑雨,1,ㄑㄧˊ ㄏㄢˊ ㄕㄨˇ ㄩˇ
祁寒溽暑,1,ㄑㄧˊ ㄏㄢˊ ㄖㄨˋ ㄕㄨˇ
祇樹有緣,1,ㄑㄧˊ ㄕㄨˋ ㄧㄡˇ ㄩㄢˊ
祇洹精舍,1,ㄑㄧˊ ㄩㄢˊ ㄐㄧㄥ ㄕㄜˋ
祈晴禱雨,1,ㄑㄧˊ ㄑㄧㄥˊ ㄉㄠˇ ㄩˇ
祈福酬神,1,ㄑㄧˊ ㄈㄨˊ ㄔㄡˊ ㄕㄣˊ
祈風禱雨,1,ㄑㄧˊ ㄈㄥ ㄉㄠˇ ㄩˇ
祕密交易,1,ㄇㄧˋ ㄇㄧˋ ㄐㄧㄠ ㄧˋ
祕密外交,1,ㄇㄧˋ ㄇㄧˋ ㄨㄞˋ ㄐㄧㄠ
祕密社會,1,ㄇㄧˋ ㄇㄧˋ ㄕㄜˋ ㄏㄨㄟˋ
祕密結社,1,ㄇㄧˋ ㄇㄧˋ ㄐㄧㄝˊ ㄕㄜˋ
祕密證人,1,ㄇㄧˋ ㄇㄧˋ ㄓㄥˋ ㄖㄣˊ
祕密警察,1,ㄇㄧˋ ㄇㄧˋ ㄐㄧㄥˇ ㄔㄚˊ
祕密選舉,1,ㄇㄧˋ ㄇㄧˋ ㄒㄩㄢˇ ㄐㄩˇ
祕而不泄,1,ㄇㄧˋ ㄦˊ ㄅㄨˋ ㄒㄧㄝˋ
祕而不露,1,ㄇㄧˋ ㄦˊ ㄅㄨˋ ㄌㄨˋ
祖宗三代,1,ㄗㄨˇ ㄗㄨㄥ ㄙㄢ ㄉㄞˋ
祖舜宗堯,1,ㄗㄨˇ ㄕㄨㄣˋ ㄗㄨㄥ ㄧㄠˊ
祖鞭先著,1,ㄗㄨˇ ㄅㄧㄢ ㄒㄧㄢ ㄓㄨㄛˊ
祛痰潤肺,1,ㄑㄩ ㄊㄢˊ ㄖㄨㄣˋ ㄈㄟˋ
祛蠹除奸,1,ㄑㄩ ㄉㄨˋ ㄔㄨˊ ㄐㄧㄢ
祛風除熱,1,ㄑㄩ ㄈㄥ ㄔㄨˊ ㄖㄜˋ
祝壽延年,1,ㄓㄨˋ ㄕㄡˋ ㄧㄢˊ ㄋㄧㄢˊ
神不主體,1,ㄕㄣˊ ㄅㄨˋ ㄓㄨˇ ㄊㄧˇ
神人共悅,1,ㄕㄣˊ ㄖㄣˊ ㄍㄨㄥˋ ㄩㄝˋ
神人共戮,1,ㄕㄣˊ ㄖㄣˊ ㄍㄨㄥˋ ㄌㄨˋ
神人鑒知,1,ㄕㄣˊ ㄖㄣˊ ㄐㄧㄢˋ ㄓ
神仙中人,1,ㄕㄣˊ ㄒㄧㄢ ㄓㄨㄥ ㄖㄣˊ
神仙思想,1,ㄕㄣˊ ㄒㄧㄢ ㄙ ㄒㄧㄤˇ
神仙眷屬,1,ㄕㄣˊ ㄒㄧㄢ ㄐㄩㄢˋ ㄕㄨˇ
神作禍作,1,ㄕㄣˊ ㄗㄨㄛˋ ㄏㄨㄛˋ ㄗㄨㄛˋ
神出鬼入,1,ㄕㄣˊ ㄔㄨ ㄍㄨㄟˇ ㄖㄨˋ
神分志奪,1,ㄕㄣˊ ㄈㄣ ㄓˋ ㄉㄨㄛˊ
神動色飛,1,ㄕㄣˊ ㄉㄨㄥˋ ㄙㄜˋ ㄈㄟ
神勞形瘁,1,ㄕㄣˊ ㄌㄠˊ ㄒㄧㄥˊ ㄘㄨㄟˋ
神嚎鬼哭,1,ㄕㄣˊ ㄏㄠˊ ㄍㄨㄟˇ ㄎㄨ
神天福佑,1,ㄕㄣˊ ㄊㄧㄢ ㄈㄨˊ ㄧㄡˋ
神奇荒怪,1,ㄕㄣˊ ㄑㄧˊ ㄏㄨㄤ ㄍㄨㄞˋ
神女生涯,1,ㄕㄣˊ ㄋㄩˇ ㄕㄥ ㄧㄚˊ
神妖鬼怪,1,ㄕㄣˊ ㄧㄠ ㄍㄨㄟˇ ㄍㄨㄞˋ
神安氣定,1,ㄕㄣˊ ㄢ ㄑㄧˋ ㄉㄧㄥˋ
神安氣集,1,ㄕㄣˊ ㄢ ㄑㄧˋ ㄐㄧˊ
神完氣足,1,ㄕㄣˊ ㄨㄢˊ ㄑㄧˋ ㄗㄨˊ
神州赤縣,1,ㄕㄣˊ ㄓㄡ ㄔˋ ㄒㄧㄢˋ
神州陸沉,1,ㄕㄣˊ ㄓㄡ ㄌㄨˋ ㄔㄣˊ
神工妙力,1,ㄕㄣˊ ㄍㄨㄥ ㄇㄧㄠˋ ㄌㄧˋ
神工鬼力,1,ㄕㄣˊ ㄍㄨㄥ ㄍㄨㄟˇ ㄌㄧˋ
神彩奕奕,1,ㄕㄣˊ ㄘㄞˇ ㄧˋ ㄧˋ
神怒人怨,1,ㄕㄣˊ ㄋㄨˋ ㄖㄣˊ ㄩㄢˋ
神怒人棄,1,ㄕㄣˊ ㄋㄨˋ ㄖㄣˊ ㄑㄧˋ
神怒天誅,1,ㄕㄣˊ ㄋㄨˋ ㄊㄧㄢ ㄓㄨ
神怒民怨,1,ㄕㄣˊ ㄋㄨˋ ㄇㄧㄣˊ ㄩㄢˋ
神怒民痛,1,ㄕㄣˊ ㄋㄨˋ ㄇㄧㄣˊ ㄊㄨㄥˋ
神怒鬼怨,1,ㄕㄣˊ ㄋㄨˋ ㄍㄨㄟˇ ㄩㄢˋ
神思恍惚,1,ㄕㄣˊ ㄙ ㄏㄨㄤˇ ㄏㄨ
神怡心曠,1,ㄕㄣˊ ㄧˊ ㄒㄧㄣ ㄎㄨㄤˋ
神怡心醉,1,ㄕㄣˊ ㄧˊ ㄒㄧㄣ ㄗㄨㄟˋ
神情恍惚,1,ㄕㄣˊ ㄑㄧㄥˊ ㄏㄨㄤˇ ㄏㄨ
神愁鬼哭,1,ㄕㄣˊ ㄔㄡˊ ㄍㄨㄟˇ ㄎㄨ
神態自如,1,ㄕㄣˊ ㄊㄞˋ ㄗˋ ㄖㄨˊ
神搖意奪,1,ㄕㄣˊ ㄧㄠˊ ㄧˋ ㄉㄨㄛˊ
神搖目眩,1,ㄕㄣˊ ㄧㄠˊ ㄇㄨˋ ㄒㄩㄢˋ
神搖魂蕩,1,ㄕㄣˊ ㄧㄠˊ ㄏㄨㄣˊ ㄉㄤˋ
神施鬼設,1,ㄕㄣˊ ㄕ ㄍㄨㄟˇ ㄕㄜˋ
神昏意亂,1,ㄕㄣˊ ㄏㄨㄣ ㄧˋ ㄌㄨㄢˋ
神會心契,1,ㄕㄣˊ ㄏㄨㄟˋ ㄒㄧㄣ ㄑㄧˋ
神機妙用,1,ㄕㄣˊ ㄐㄧ ㄇㄧㄠˋ ㄩㄥˋ
神機妙策,1,ㄕㄣˊ ㄐㄧ ㄇㄧㄠˋ ㄘㄜˋ
神機妙術,1,ㄕㄣˊ ㄐㄧ ㄇㄧㄠˋ ㄕㄨˋ
神機火鎗,1,ㄕㄣˊ ㄐㄧ ㄏㄨㄛˇ ㄑㄧㄤ
神機莫測,1,ㄕㄣˊ ㄐㄧ ㄇㄛˋ ㄘㄜˋ
神欽鬼伏,1,ㄕㄣˊ ㄑㄧㄣ ㄍㄨㄟˇ ㄈㄨˊ
神氣揚揚,1,ㄕㄣˊ ㄑㄧˋ ㄧㄤˊ ㄧㄤˊ
神清氣全,1,ㄕㄣˊ ㄑㄧㄥ ㄑㄧˋ ㄑㄩㄢˊ
神清氣和,1,ㄕㄣˊ ㄑㄧㄥ ㄑㄧˋ ㄏㄜˊ
神清氣朗,1,ㄕㄣˊ ㄑㄧㄥ ㄑㄧˋ ㄌㄤˇ
神清氣正,1,ㄕㄣˊ ㄑㄧㄥ ㄑㄧˋ ㄓㄥˋ
神清骨秀,1,ㄕㄣˊ ㄑㄧㄥ ㄍㄨˇ ㄒㄧㄡˋ
神爽飛越,1,ㄕㄣˊ ㄕㄨㄤˇ ㄈㄟ ㄩㄝˋ
神爽體健,1,ㄕㄣˊ ㄕㄨㄤˇ ㄊㄧˇ ㄐㄧㄢˋ
神理不容,1,ㄕㄣˊ ㄌㄧˇ ㄅㄨˋ ㄖㄨㄥˊ
神祕莫測,1,ㄕㄣˊ ㄇㄧˋ ㄇㄛˋ ㄘㄜˋ
神算妙計,1,ㄕㄣˊ ㄙㄨㄢˋ ㄇㄧㄠˋ ㄐㄧˋ
神籟自韻,1,ㄕㄣˊ ㄌㄞˋ ㄗˋ ㄩㄣˋ
神經兮兮,1,ㄕㄣˊ ㄐㄧㄥ ㄒㄧ ㄒㄧ
神經末梢,1,ㄕㄣˊ ㄐㄧㄥ ㄇㄛˋ ㄕㄠ
神經組織,1,ㄕㄣˊ ㄐㄧㄥ ㄗㄨˇ ㄓ
神聊大王,1,ㄕㄣˊ ㄌㄧㄠˊ ㄉㄚˋ ㄨㄤˊ
神聖同盟,1,ㄕㄣˊ ㄕㄥˋ ㄊㄨㄥˊ ㄇㄥˊ
神色不動,1,ㄕㄣˊ ㄙㄜˋ ㄅㄨˋ ㄉㄨㄥˋ
神色不撓,1,ㄕㄣˊ ㄙㄜˋ ㄅㄨˋ ㄋㄠˊ
神色不變,1,ㄕㄣˊ ㄙㄜˋ ㄅㄨˋ ㄅㄧㄢˋ
神色怡然,1,ㄕㄣˊ ㄙㄜˋ ㄧˊ ㄖㄢˊ
神色自得,1,ㄕㄣˊ ㄙㄜˋ ㄗˋ ㄉㄜˊ
神號鬼哭,1,ㄕㄣˊ ㄏㄠˊ ㄍㄨㄟˇ ㄎㄨ
神術妙法,1,ㄕㄣˊ ㄕㄨˋ ㄇㄧㄠˋ ㄈㄚˇ
神術妙策,1,ㄕㄣˊ ㄕㄨˋ ㄇㄧㄠˋ ㄘㄜˋ
神術妙計,1,ㄕㄣˊ ㄕㄨˋ ㄇㄧㄠˋ ㄐㄧˋ
神謀妙策,1,ㄕㄣˊ ㄇㄡˊ ㄇㄧㄠˋ ㄘㄜˋ
神遊太虛,1,ㄕㄣˊ ㄧㄡˊ ㄊㄞˋ ㄒㄩ
神道設教,1,ㄕㄣˊ ㄉㄠˋ ㄕㄜˋ ㄐㄧㄠˋ
神采奕然,1,ㄕㄣˊ ㄘㄞˇ ㄧˋ ㄖㄢˊ
神采英拔,1,ㄕㄣˊ ㄘㄞˇ ㄧㄥ ㄅㄚˊ
神采駿發,1,ㄕㄣˊ ㄘㄞˇ ㄐㄩㄣˋ ㄈㄚ
神頭鬼臉,1,ㄕㄣˊ ㄊㄡˊ ㄍㄨㄟˇ ㄌㄧㄢˇ
神頭鬼面,1,ㄕㄣˊ ㄊㄡˊ ㄍㄨㄟˇ ㄇㄧㄢˋ
神飛色動,1,ㄕㄣˊ ㄈㄟ ㄙㄜˋ ㄉㄨㄥˋ
神飛色舞,1,ㄕㄣˊ ㄈㄟ ㄙㄜˋ ㄨˇ
神鬼不測,1,ㄕㄣˊ ㄍㄨㄟˇ ㄅㄨˋ ㄘㄜˋ
神鬼不知,1,ㄕㄣˊ ㄍㄨㄟˇ ㄅㄨˋ ㄓ
神鬼不覺,1,ㄕㄣˊ ㄍㄨㄟˇ ㄅㄨˋ ㄐㄩㄝˊ
神鬼莫測,1,ㄕㄣˊ ㄍㄨㄟˇ ㄇㄛˋ ㄘㄜˋ
神鬼難測,1,ㄕㄣˊ ㄍㄨㄟˇ ㄋㄢˊ ㄘㄜˋ
神魂搖蕩,1,ㄕㄣˊ ㄏㄨㄣˊ ㄧㄠˊ ㄉㄤˋ
神魂撩亂,1,ㄕㄣˊ ㄏㄨㄣˊ ㄌㄧㄠˊ ㄌㄨㄢˋ
神魂蕩漾,1,ㄕㄣˊ ㄏㄨㄣˊ ㄉㄤˋ ㄧㄤˋ
神魂蕩颺,1,ㄕㄣˊ ㄏㄨㄣˊ ㄉㄤˋ ㄧㄤˊ
神魂飄蕩,1,ㄕㄣˊ ㄏㄨㄣˊ ㄆㄧㄠ ㄉㄤˋ
神魂飛蕩,1,ㄕㄣˊ ㄏㄨㄣˊ ㄈㄟ ㄉㄤˋ
神魂飛越,1,ㄕㄣˊ ㄏㄨㄣˊ ㄈㄟ ㄩㄝˋ
神魂馳蕩,1,ㄕㄣˊ ㄏㄨㄣˊ ㄔˊ ㄉㄤˋ
神龍失勢,1,ㄕㄣˊ ㄌㄨㄥˊ ㄕ ㄕˋ
祥雲瑞彩,1,ㄒㄧㄤˊ ㄩㄣˊ ㄖㄨㄟˋ ㄘㄞˇ
祥雲瑞氣,1,ㄒㄧㄤˊ ㄩㄣˊ ㄖㄨㄟˋ ㄑㄧˋ
祥風慶雲,1,ㄒㄧㄤˊ ㄈㄥ ㄑㄧㄥˋ ㄩㄣˊ
祥麟威鳳,1,ㄒㄧㄤˊ ㄌㄧㄣˊ ㄨㄟ ㄈㄥˋ
祥麟瑞鳳,1,ㄒㄧㄤˊ ㄌㄧㄣˊ ㄖㄨㄟˋ ㄈㄥˋ
票房毒藥,1,ㄆㄧㄠˋ ㄈㄤˊ ㄉㄨˊ ㄧㄠˋ
票房紀錄,1,ㄆㄧㄠˋ ㄈㄤˊ ㄐㄧˋ ㄌㄨˋ
票據存款,1,ㄆㄧㄠˋ ㄐㄩˋ ㄘㄨㄣˊ ㄎㄨㄢˇ
票據行為,1,ㄆㄧㄠˋ ㄐㄩˋ ㄒㄧㄥˊ ㄨㄟˊ
祭五臟廟,1,ㄐㄧˋ ㄨˇ ㄗㄤˋ ㄇㄧㄠˋ
祭亡如在,1,ㄐㄧˋ ㄨㄤˊ ㄖㄨˊ ㄗㄞˋ
祭東施娘,1,ㄐㄧˋ ㄉㄨㄥ ㄕ ㄋㄧㄤˊ
祭遵布被,1,ㄓㄞˋ ㄗㄨㄣ ㄅㄨˋ ㄅㄟˋ
祿山之爪,1,ㄌㄨˋ ㄕㄢ ㄓ ㄓㄠˇ
禁姦除猾,1,ㄐㄧㄣˋ ㄐㄧㄢ ㄔㄨˊ ㄏㄨㄚˊ
禁忌站臺,1,ㄐㄧㄣˋ ㄐㄧˋ ㄓㄢˋ ㄊㄞˊ
禁暴誅亂,1,ㄐㄧㄣˋ ㄅㄠˋ ㄓㄨ ㄌㄨㄢˋ
禁暴靜亂,1,ㄐㄧㄣˋ ㄅㄠˋ ㄐㄧㄥˋ ㄌㄨㄢˋ
禁網疏闊,1,ㄐㄧㄣˋ ㄨㄤˇ ㄕㄨ ㄎㄨㄛˋ
禍不反踵,1,ㄏㄨㄛˋ ㄅㄨˋ ㄈㄢˇ ㄓㄨㄥˇ
禍不妄至,1,ㄏㄨㄛˋ ㄅㄨˋ ㄨㄤˋ ㄓˋ
禍不旋踵,1,ㄏㄨㄛˋ ㄅㄨˋ ㄒㄩㄢˊ ㄓㄨㄥˇ
禍中有福,1,ㄏㄨㄛˋ ㄓㄨㄥ ㄧㄡˇ ㄈㄨˊ
禍亂交興,1,ㄏㄨㄛˋ ㄌㄨㄢˋ ㄐㄧㄠ ㄒㄧㄥ
禍亂滔天,1,ㄏㄨㄛˋ ㄌㄨㄢˋ ㄊㄠ ㄊㄧㄢ
禍作福階,1,ㄏㄨㄛˋ ㄗㄨㄛˋ ㄈㄨˊ ㄐㄧㄝ
禍來神昧,1,ㄏㄨㄛˋ ㄌㄞˊ ㄕㄣˊ ㄇㄟˋ
禍出不測,1,ㄏㄨㄛˋ ㄔㄨ ㄅㄨˋ ㄘㄜˋ
禍到臨頭,1,ㄏㄨㄛˋ ㄉㄠˋ ㄌㄧㄣˊ ㄊㄡˊ
禍因惡積,1,ㄏㄨㄛˋ ㄧㄣ ㄜˋ ㄐㄧ
禍在旦夕,1,ㄏㄨㄛˋ ㄗㄞˋ ㄉㄢˋ ㄒㄧˋ
禍在目前,1,ㄏㄨㄛˋ ㄗㄞˋ ㄇㄨˋ ㄑㄧㄢˊ
禍棗災梨,1,ㄏㄨㄛˋ ㄗㄠˇ ㄗㄞ ㄌㄧˊ
禍為福先,1,ㄏㄨㄛˋ ㄨㄟˊ ㄈㄨˊ ㄒㄧㄢ
禍生不測,1,ㄏㄨㄛˋ ㄕㄥ ㄅㄨˋ ㄘㄜˋ
禍生於忽,1,ㄏㄨㄛˋ ㄕㄥ ㄩˊ ㄏㄨ
禍生肘腋,1,ㄏㄨㄛˋ ㄕㄥ ㄓㄡˇ ㄧˋ
禍發蕭牆,1,ㄏㄨㄛˋ ㄈㄚ ㄒㄧㄠ ㄑㄧㄤˊ
禍發齒牙,1,ㄏㄨㄛˋ ㄈㄚ ㄔˇ ㄧㄚˊ
禍盈惡稔,1,ㄏㄨㄛˋ ㄧㄥˊ ㄜˋ ㄖㄣˇ
禍福倚伏,1,ㄏㄨㄛˋ ㄈㄨˊ ㄧˇ ㄈㄨˊ
禍福惟人,1,ㄏㄨㄛˋ ㄈㄨˊ ㄨㄟˊ ㄖㄣˊ
禍福有命,1,ㄏㄨㄛˋ ㄈㄨˊ ㄧㄡˇ ㄇㄧㄥˋ
禍福無偏,1,ㄏㄨㄛˋ ㄈㄨˊ ㄨˊ ㄆㄧㄢ
禍福無常,1,ㄏㄨㄛˋ ㄈㄨˊ ㄨˊ ㄔㄤˊ
禍福由人,1,ㄏㄨㄛˋ ㄈㄨˊ ㄧㄡˊ ㄖㄣˊ
禍福相倚,1,ㄏㄨㄛˋ ㄈㄨˊ ㄒㄧㄤ ㄧˇ
禍福相生,1,ㄏㄨㄛˋ ㄈㄨˊ ㄒㄧㄤ ㄕㄥ
禍福靡常,1,ㄏㄨㄛˋ ㄈㄨˊ ㄇㄧˇ ㄔㄤˊ
禍稔惡盈,1,ㄏㄨㄛˋ ㄖㄣˇ ㄜˋ ㄧㄥˊ
禍稔蕭牆,1,ㄏㄨㄛˋ ㄖㄣˇ ㄒㄧㄠ ㄑㄧㄤˊ
禍結兵連,1,ㄏㄨㄛˋ ㄐㄧㄝˊ ㄅㄧㄥ ㄌㄧㄢˊ
禍結釁深,1,ㄏㄨㄛˋ ㄐㄧㄝˊ ㄒㄧㄣˋ ㄕㄣ
禍絕福連,1,ㄏㄨㄛˋ ㄐㄩㄝˊ ㄈㄨˊ ㄌㄧㄢˊ
禍與福鄰,1,ㄏㄨㄛˋ ㄩˇ ㄈㄨˊ ㄌㄧㄣˊ
禍起隱微,1,ㄏㄨㄛˋ ㄑㄧˇ ㄧㄣˇ ㄨㄟˊ
禍起飛語,1,ㄏㄨㄛˋ ㄑㄧˇ ㄈㄟ ㄩˇ
禍首罪魁,1,ㄏㄨㄛˋ ㄕㄡˇ ㄗㄨㄟˋ ㄎㄨㄟˊ
福不徒來,1,ㄈㄨˊ ㄅㄨˋ ㄊㄨˊ ㄌㄞˊ
福不盈眥,1,ㄈㄨˊ ㄅㄨˋ ㄧㄥˊ ㄗˋ
福傳語言,1,ㄈㄨˊ ㄔㄨㄢˊ ㄩˇ ㄧㄢˊ
福利國家,1,ㄈㄨˊ ㄌㄧˋ ㄍㄨㄛˊ ㄐㄧㄚ
福利指標,1,ㄈㄨˊ ㄌㄧˋ ㄓˇ ㄅㄧㄠ
福利社會,1,ㄈㄨˊ ㄌㄧˋ ㄕㄜˋ ㄏㄨㄟˋ
福善禍淫,1,ㄈㄨˊ ㄕㄢˋ ㄏㄨㄛˋ ㄧㄣˊ
福地洞天,1,ㄈㄨˊ ㄉㄧˋ ㄉㄨㄥˋ ㄊㄧㄢ
福壽全歸,1,ㄈㄨˊ ㄕㄡˋ ㄑㄩㄢˊ ㄍㄨㄟ
福壽天成,1,ㄈㄨˊ ㄕㄡˋ ㄊㄧㄢ ㄔㄥˊ
福壽天齊,1,ㄈㄨˊ ㄕㄡˋ ㄊㄧㄢ ㄑㄧˊ
福壽年高,1,ㄈㄨˊ ㄕㄡˋ ㄋㄧㄢˊ ㄍㄠ
福壽康寧,1,ㄈㄨˊ ㄕㄡˋ ㄎㄤ ㄋㄧㄥˊ
福壽無疆,1,ㄈㄨˊ ㄕㄡˋ ㄨˊ ㄐㄧㄤ
福壽綿綿,1,ㄈㄨˊ ㄕㄡˋ ㄇㄧㄢˊ ㄇㄧㄢˊ
福壽綿長,1,ㄈㄨˊ ㄕㄡˋ ㄇㄧㄢˊ ㄔㄤˊ
福壽齊天,1,ㄈㄨˊ ㄕㄡˋ ㄑㄧˊ ㄊㄧㄢ
福如山岳,1,ㄈㄨˊ ㄖㄨˊ ㄕㄢ ㄩㄝˋ
福如海淵,1,ㄈㄨˊ ㄖㄨˊ ㄏㄞˇ ㄩㄢ
福履增綏,1,ㄈㄨˊ ㄌㄩˇ ㄗㄥ ㄙㄨㄟ
福州評話,1,ㄈㄨˊ ㄓㄡ ㄆㄧㄥˊ ㄏㄨㄚˋ
福惠雙修,1,ㄈㄨˊ ㄏㄨㄟˋ ㄕㄨㄤ ㄒㄧㄡ
福業相牽,1,ㄈㄨˊ ㄧㄝˋ ㄒㄧㄤ ㄑㄧㄢ
福為禍先,1,ㄈㄨˊ ㄨㄟˊ ㄏㄨㄛˋ ㄒㄧㄢ
福為禍始,1,ㄈㄨˊ ㄨㄟˊ ㄏㄨㄛˋ ㄕˇ
福無十全,1,ㄈㄨˊ ㄨˊ ㄕˊ ㄑㄩㄢˊ
福生于微,1,ㄈㄨˊ ㄕㄥ ㄩˊ ㄨㄟˊ
福盡災生,1,ㄈㄨˊ ㄐㄧㄣˋ ㄗㄞ ㄕㄥ
福祿雙全,1,ㄈㄨˊ ㄌㄨˋ ㄕㄨㄤ ㄑㄩㄢˊ
福與天齊,1,ㄈㄨˊ ㄩˇ ㄊㄧㄢ ㄑㄧˊ
福過災生,1,ㄈㄨˊ ㄍㄨㄛˋ ㄗㄞ ㄕㄥ
福齊南山,1,ㄈㄨˊ ㄑㄧˊ ㄋㄢˊ ㄕㄢ
禮不親授,1,ㄌㄧˇ ㄅㄨˋ ㄑㄧㄣ ㄕㄡˋ
禮俗所拘,1,ㄌㄧˇ ㄙㄨˊ ㄙㄨㄛˇ ㄐㄩ
禮先壹飯,1,ㄌㄧˇ ㄒㄧㄢ ㄧ ㄈㄢˋ
禮壞樂崩,1,ㄌㄧˇ ㄏㄨㄞˋ ㄩㄝˋ ㄅㄥ
禮壞樂缺,1,ㄌㄧˇ ㄏㄨㄞˋ ㄩㄝˋ ㄑㄩㄝ
禮士親賢,1,ㄌㄧˇ ㄕˋ ㄑㄧㄣ ㄒㄧㄢˊ
禮奢寧儉,1,ㄌㄧˇ ㄕㄜ ㄋㄧㄥˊ ㄐㄧㄢˇ
禮存寧儉,1,ㄌㄧˇ ㄘㄨㄣˊ ㄋㄧㄥˊ ㄐㄧㄢˇ
禮崩樂壞,1,ㄌㄧˇ ㄅㄥ ㄩㄝˋ ㄏㄨㄞˋ
禮廢樂崩,1,ㄌㄧˇ ㄈㄟˋ ㄩㄝˋ ㄅㄥ
禮教吃人,1,ㄌㄧˇ ㄐㄧㄠˋ ㄔ ㄖㄣˊ
禮數周到,1,ㄌㄧˇ ㄕㄨˋ ㄓㄡ ㄉㄠˋ
禮數款段,1,ㄌㄧˇ ㄕㄨˋ ㄎㄨㄢˇ ㄉㄨㄢˋ
禮樂崩壞,1,ㄌㄧˇ ㄩㄝˋ ㄅㄥ ㄏㄨㄞˋ
禮樂為鉤,1,ㄌㄧˇ ㄩㄝˋ ㄨㄟˊ ㄍㄡ
禮無不答,1,ㄌㄧˇ ㄨˊ ㄅㄨˋ ㄉㄚˊ
禮節往來,1,ㄌㄧˇ ㄐㄧㄝˊ ㄨㄤˇ ㄌㄞˊ
禮義之邦,1,ㄌㄧˇ ㄧˋ ㄓ ㄅㄤ
禮讓為國,1,ㄌㄧˇ ㄖㄤˋ ㄨㄟˋ ㄍㄨㄛˊ
禮貌運動,1,ㄌㄧˇ ㄇㄠˋ ㄩㄣˋ ㄉㄨㄥˋ
禮賢好士,1,ㄌㄧˇ ㄒㄧㄢˊ ㄏㄠˋ ㄕˋ
禮賢接士,1,ㄌㄧˇ ㄒㄧㄢˊ ㄐㄧㄝ ㄕˋ
禮賢遠佞,1,ㄌㄧˇ ㄒㄧㄢˊ ㄩㄢˋ ㄋㄧㄥˋ
禮輕意重,1,ㄌㄧˇ ㄑㄧㄥ ㄧˋ ㄓㄨㄥˋ
禮部尚書,1,ㄌㄧˇ ㄅㄨˋ ㄕㄤˋ ㄕㄨ
禮門義路,1,ㄌㄧˇ ㄇㄣˊ ㄧˋ ㄌㄨˋ
禮順人情,1,ㄌㄧˇ ㄕㄨㄣˋ ㄖㄣˊ ㄑㄧㄥˊ
禹行舜趨,1,ㄩˇ ㄒㄧㄥˊ ㄕㄨㄣˋ ㄑㄩ
禽困覆車,1,ㄑㄧㄣˊ ㄎㄨㄣˋ ㄈㄨˋ ㄐㄩ
禽奔獸遁,1,ㄑㄧㄣˊ ㄅㄣ ㄕㄡˋ ㄉㄨㄣˋ
禽息鳥視,1,ㄑㄧㄣˊ ㄒㄧˊ ㄋㄧㄠˇ ㄕˋ
禽犢之愛,1,ㄑㄧㄣˊ ㄉㄨˊ ㄓ ㄞˋ
禿妃之髮,1,ㄊㄨ ㄈㄟ ㄓ ㄈㄚˇ
禿子打傘,1,ㄊㄨ ㄗ˙ ㄉㄚˇ ㄙㄢˇ
秀出班行,1,ㄒㄧㄡˋ ㄔㄨ ㄅㄢ ㄏㄤˊ
秀外惠中,1,ㄒㄧㄡˋ ㄨㄞˋ ㄏㄨㄟˋ ㄓㄨㄥ
秀才人情,1,ㄒㄧㄡˋ ㄘㄞˊ ㄖㄣˊ ㄑㄧㄥˊ
秀才造反,1,ㄒㄧㄡˋ ㄘㄞˊ ㄗㄠˋ ㄈㄢˇ
私塾先生,1,ㄙ ㄕㄨˊ ㄒㄧㄢ ㄕㄥ
私心藏奸,1,ㄙ ㄒㄧㄣ ㄘㄤˊ ㄐㄧㄢ
私心雜念,1,ㄙ ㄒㄧㄣ ㄗㄚˊ ㄋㄧㄢˋ
私恩小惠,1,ㄙ ㄣ ㄒㄧㄠˇ ㄏㄨㄟˋ
私房買賣,1,ㄙ ㄈㄤˊ ㄇㄞˇ ㄇㄞˋ
私校保險,1,ㄙ ㄒㄧㄠˋ ㄅㄠˇ ㄒㄧㄢˇ
私言切語,1,ㄙ ㄧㄢˊ ㄑㄧㄝˋ ㄩˇ
秉公無私,1,ㄅㄧㄥˇ ㄍㄨㄥ ㄨˊ ㄙ
秉燭達旦,1,ㄅㄧㄥˇ ㄓㄨˊ ㄉㄚˊ ㄉㄢˋ
秉笏披袍,1,ㄅㄧㄥˇ ㄏㄨˋ ㄆㄧ ㄆㄠˊ
秉筆直書,1,ㄅㄧㄥˇ ㄅㄧˇ ㄓˊ ㄕㄨ
秉要執本,1,ㄅㄧㄥˇ ㄧㄠˋ ㄓˊ ㄅㄣˇ
秋扇見捐,1,ㄑㄧㄡ ㄕㄢˋ ㄐㄧㄢˋ ㄐㄩㄢ
秋收冬藏,1,ㄑㄧㄡ ㄕㄡ ㄉㄨㄥ ㄘㄤˊ
秋月寒江,1,ㄑㄧㄡ ㄩㄝˋ ㄏㄢˊ ㄐㄧㄤ
秋月春風,1,ㄑㄧㄡ ㄩㄝˋ ㄔㄨㄣ ㄈㄥ
秋毫不犯,1,ㄑㄧㄡ ㄏㄠˊ ㄅㄨˋ ㄈㄢˋ
秋毫之末,1,ㄑㄧㄡ ㄏㄠˊ ㄓ ㄇㄛˋ
秋水仙素,1,ㄑㄧㄡ ㄕㄨㄟˇ ㄒㄧㄢ ㄙㄨˋ
秋波送情,1,ㄑㄧㄡ ㄅㄛ ㄙㄨㄥˋ ㄑㄧㄥˊ
秋胡戲妻,1,ㄑㄧㄡ ㄏㄨˊ ㄒㄧˋ ㄑㄧ
秋胡變文,1,ㄑㄧㄡ ㄏㄨˊ ㄅㄧㄢˋ ㄨㄣˊ
秋草人情,1,ㄑㄧㄡ ㄘㄠˇ ㄖㄣˊ ㄑㄧㄥˊ
秋風團扇,1,ㄑㄧㄡ ㄈㄥ ㄊㄨㄢˊ ㄕㄢˋ
秋風落葉,1,ㄑㄧㄡ ㄈㄥ ㄌㄨㄛˋ ㄧㄝˋ
秋高氣肅,1,ㄑㄧㄡ ㄍㄠ ㄑㄧˋ ㄙㄨˋ
科任老師,1,ㄎㄜ ㄖㄣˋ ㄌㄠˇ ㄕ
科員政治,1,ㄎㄜ ㄩㄢˊ ㄓㄥˋ ㄓˋ
科威特市,1,ㄎㄜ ㄨㄟ ㄊㄜˋ ㄕˋ
科學中藥,1,ㄎㄜ ㄒㄩㄝˊ ㄓㄨㄥ ㄧㄠˋ
科學哲學,1,ㄎㄜ ㄒㄩㄝˊ ㄓㄜˊ ㄒㄩㄝˊ
科學精神,1,ㄎㄜ ㄒㄩㄝˊ ㄐㄧㄥ ㄕㄣˊ
科布多河,1,ㄎㄜ ㄅㄨˋ ㄉㄨㄛ ㄏㄜˊ
科技食物,1,ㄎㄜ ㄐㄧˋ ㄕˊ ㄨˋ
科牙磕齒,1,ㄎㄜ ㄧㄚˊ ㄎㄜ ㄔˇ
科際整合,1,ㄎㄜ ㄐㄧˋ ㄓㄥˇ ㄏㄜˊ
科頭箕踞,1,ㄎㄜ ㄊㄡˊ ㄐㄧ ㄐㄩˋ
租借法案,1,ㄗㄨ ㄐㄧㄝˋ ㄈㄚˇ ㄢˋ
租稅轉嫁,1,ㄗㄨ ㄕㄨㄟˋ ㄓㄨㄢˇ ㄐㄧㄚˋ
秣馬利兵,1,ㄇㄛˋ ㄇㄚˇ ㄌㄧˋ ㄅㄧㄥ
秤平斗滿,1,ㄔㄥˋ ㄆㄧㄥˊ ㄉㄡˇ ㄇㄢˇ
秦始皇陵,1,ㄑㄧㄣˊ ㄕˇ ㄏㄨㄤˊ ㄌㄧㄥˊ
秦庭之哭,1,ㄑㄧㄣˊ ㄊㄧㄥˊ ㄓ ㄎㄨ
秦庭朗鏡,1,ㄑㄧㄣˊ ㄊㄧㄥˊ ㄌㄤˇ ㄐㄧㄥˋ
秦庭歸璧,1,ㄑㄧㄣˊ ㄊㄧㄥˊ ㄍㄨㄟ ㄅㄧˋ
秦晉之好,1,ㄑㄧㄣˊ ㄐㄧㄣˋ ㄓ ㄏㄠˇ
秦晉之緣,1,ㄑㄧㄣˊ ㄐㄧㄣˋ ㄓ ㄩㄢˊ
秦書八體,1,ㄑㄧㄣˊ ㄕㄨ ㄅㄚ ㄊㄧˇ
秦樓楚館,1,ㄑㄧㄣˊ ㄌㄡˊ ㄔㄨˇ ㄍㄨㄢˇ
秦樓謝館,1,ㄑㄧㄣˊ ㄌㄡˊ ㄒㄧㄝˋ ㄍㄨㄢˇ
秦歡晉愛,1,ㄑㄧㄣˊ ㄏㄨㄢ ㄐㄧㄣˋ ㄞˋ
秦王構石,1,ㄑㄧㄣˊ ㄨㄤˊ ㄍㄡˋ ㄕˊ
秦鏡高懸,1,ㄑㄧㄣˊ ㄐㄧㄥˋ ㄍㄠ ㄒㄩㄢˊ
秧秧蹌蹌,1,ㄧㄤ ㄧㄤ˙ ㄑㄧㄤ ㄑㄧㄤ
移天徙日,1,ㄧˊ ㄊㄧㄢ ㄒㄧˇ ㄖˋ
移天易日,1,ㄧˊ ㄊㄧㄢ ㄧˋ ㄖˋ
移孝為忠,1,ㄧˊ ㄒㄧㄠˋ ㄨㄟˊ ㄓㄨㄥ
移宮換羽,1,ㄧˊ ㄍㄨㄥ ㄏㄨㄢˋ ㄩˇ
移情作用,1,ㄧˊ ㄑㄧㄥˊ ㄗㄨㄛˋ ㄩㄥˋ
移星換斗,1,ㄧˊ ㄒㄧㄥ ㄏㄨㄢˋ ㄉㄡˇ
移有足無,1,ㄧˊ ㄧㄡˇ ㄗㄨˊ ㄨˊ
移木之信,1,ㄧˊ ㄇㄨˋ ㄓ ㄒㄧㄣˋ
移東就西,1,ㄧˊ ㄉㄨㄥ ㄐㄧㄡˋ ㄒㄧ
移東換西,1,ㄧˊ ㄉㄨㄥ ㄏㄨㄢˋ ㄒㄧ
移東補西,1,ㄧˊ ㄉㄨㄥ ㄅㄨˇ ㄒㄧ
移民媽媽,1,ㄧˊ ㄇㄧㄣˊ ㄇㄚ ㄇㄚ˙
移禍江東,1,ㄧˊ ㄏㄨㄛˋ ㄐㄧㄤ ㄉㄨㄥ
移調樂器,1,ㄧˊ ㄉㄧㄠˋ ㄩㄝˋ ㄑㄧˋ
移轉支付,1,ㄧˊ ㄓㄨㄢˇ ㄓ ㄈㄨˋ
稀世珍寶,1,ㄒㄧ ㄕˋ ㄓㄣ ㄅㄠˇ
稀有氣體,1,ㄒㄧ ㄧㄡˇ ㄑㄧˋ ㄊㄧˇ
稀里嘩啦,1,ㄒㄧ ㄌㄧˇ ㄏㄨㄚ ㄌㄚ
稀里打哄,1,ㄒㄧ ㄌㄧˇ ㄉㄚˇ ㄏㄨㄥ
稀鬆平常,1,ㄒㄧ ㄙㄨㄥ ㄆㄧㄥˊ ㄔㄤˊ
稅務人員,1,ㄕㄨㄟˋ ㄨˋ ㄖㄣˊ ㄩㄢˊ
程孔傾蓋,1,ㄔㄥˊ ㄎㄨㄥˇ ㄑㄧㄥ ㄍㄞˋ
程序修憲,1,ㄔㄥˊ ㄒㄩˋ ㄒㄧㄡ ㄒㄧㄢˋ
程序問題,1,ㄔㄥˊ ㄒㄩˋ ㄨㄣˋ ㄊㄧˊ
程序違建,1,ㄔㄥˊ ㄒㄩˋ ㄨㄟˊ ㄐㄧㄢˋ
程式控制,1,ㄔㄥˊ ㄕˋ ㄎㄨㄥˋ ㄓˋ
程式規劃,1,ㄔㄥˊ ㄕˋ ㄍㄨㄟ ㄏㄨㄚˋ
程式語言,1,ㄔㄥˊ ㄕˋ ㄩˇ ㄧㄢˊ
程門立雪,1,ㄔㄥˊ ㄇㄣˊ ㄌㄧˋ ㄒㄩㄝˇ
稍勝一籌,1,ㄕㄠ ㄕㄥˋ ㄧ ㄔㄡˊ
稍占上風,1,ㄕㄠ ㄓㄢˋ ㄕㄤˋ ㄈㄥ
稍瓜打驢,1,ㄕㄠ ㄍㄨㄚ ㄉㄚˇ ㄌㄩˊ
稍遜一籌,1,ㄕㄠ ㄒㄩㄣˋ ㄧ ㄔㄡˊ
稍長膽壯,1,ㄕㄠ ㄓㄤˇ ㄉㄢˇ ㄓㄨㄤˋ
稔惡不悛,1,ㄖㄣˇ ㄜˋ ㄅㄨˋ ㄑㄩㄢ
稗官小說,1,ㄅㄞˋ ㄍㄨㄢ ㄒㄧㄠˇ ㄕㄨㄛ
稠人廣坐,1,ㄔㄡˊ ㄖㄣˊ ㄍㄨㄤˇ ㄗㄨㄛˋ
種子球員,1,ㄓㄨㄥˇ ㄗˇ ㄑㄧㄡˊ ㄩㄢˊ
種子網路,1,ㄓㄨㄥˇ ㄗˇ ㄨㄤˇ ㄌㄨˋ
種族偏見,1,ㄓㄨㄥˇ ㄗㄨˊ ㄆㄧㄢ ㄐㄧㄢˋ
種族平等,1,ㄓㄨㄥˇ ㄗㄨˊ ㄆㄧㄥˊ ㄉㄥˇ
種族迫害,1,ㄓㄨㄥˇ ㄗㄨˊ ㄆㄛˋ ㄏㄞˋ
種植義齒,1,ㄓㄨㄥˋ ㄓˊ ㄧˋ ㄔˇ
種源中心,1,ㄓㄨㄥˇ ㄩㄢˊ ㄓㄨㄥ ㄒㄧㄣ
種豆得豆,1,ㄓㄨㄥˋ ㄉㄡˋ ㄉㄜˊ ㄉㄡˋ
種間雜交,1,ㄓㄨㄥˇ ㄐㄧㄢ ㄗㄚˊ ㄐㄧㄠ
種麥得麥,1,ㄓㄨㄥˋ ㄇㄞˋ ㄉㄜˊ ㄇㄞˋ
稱功頌德,1,ㄔㄥ ㄍㄨㄥ ㄙㄨㄥˋ ㄉㄜˊ
稱名念佛,1,ㄔㄥ ㄇㄧㄥˊ ㄋㄧㄢˋ ㄈㄛˊ
稱奇道妙,1,ㄔㄥ ㄑㄧˊ ㄉㄠˋ ㄇㄧㄠˋ
稱奇道異,1,ㄔㄥ ㄑㄧˊ ㄉㄠˋ ㄧˋ
稱奇道絕,1,ㄔㄥ ㄑㄧˊ ㄉㄠˋ ㄐㄩㄝˊ
稱家有無,1,ㄔㄥˋ ㄐㄧㄚ ㄧㄡˇ ㄨˊ
稱心如意,1,ㄔㄥˋ ㄒㄧㄣ ㄖㄨˊ ㄧˋ
稱心快意,1,ㄔㄥˋ ㄒㄧㄣ ㄎㄨㄞˋ ㄧˋ
稱心滿志,1,ㄔㄥˋ ㄒㄧㄣ ㄇㄢˇ ㄓˋ
稱心滿意,1,ㄔㄥˋ ㄒㄧㄣ ㄇㄢˇ ㄧˋ
稱柴而爨,1,ㄔㄥ ㄔㄞˊ ㄦˊ ㄘㄨㄢˋ
稱王封后,1,ㄔㄥ ㄨㄤˊ ㄈㄥ ㄏㄡˋ
稱王稱帝,1,ㄔㄥ ㄨㄤˊ ㄔㄥ ㄉㄧˋ
稱臣納貢,1,ㄔㄥ ㄔㄣˊ ㄋㄚˋ ㄍㄨㄥˋ
稱薪而爨,1,ㄔㄥ ㄒㄧㄣ ㄦˊ ㄘㄨㄢˋ
稱薪量水,1,ㄔㄥ ㄒㄧㄣ ㄌㄧㄤˊ ㄕㄨㄟˇ
稱賢薦能,1,ㄔㄥ ㄒㄧㄢˊ ㄐㄧㄢˋ ㄋㄥˊ
稱鎚落井,1,ㄔㄥˋ ㄔㄨㄟˊ ㄌㄨㄛˋ ㄐㄧㄥˇ
稱體裁衣,1,ㄔㄥˋ ㄊㄧˇ ㄘㄞˊ ㄧ
稷下先生,1,ㄐㄧˋ ㄒㄧㄚˋ ㄒㄧㄢ ㄕㄥ
稷下學派,1,ㄐㄧˋ ㄒㄧㄚˋ ㄒㄩㄝˊ ㄆㄞˋ
稷蜂社鼠,1,ㄐㄧˋ ㄈㄥ ㄕㄜˋ ㄕㄨˇ
稻作保險,1,ㄉㄠˋ ㄗㄨㄛˋ ㄅㄠˇ ㄒㄧㄢˇ
稻田轉作,1,ㄉㄠˋ ㄊㄧㄢˊ ㄓㄨㄢˇ ㄗㄨㄛˋ
稼穡艱難,1,ㄐㄧㄚˋ ㄙㄜˋ ㄐㄧㄢ ㄋㄢˊ
稽古之力,1,ㄐㄧ ㄍㄨˇ ㄓ ㄌㄧˋ
稽顙泣血,1,ㄑㄧˇ ㄙㄤˇ ㄑㄧˋ ㄒㄩㄝˋ
稽顙肉袒,1,ㄑㄧˇ ㄙㄤˇ ㄖㄡˋ ㄊㄢˇ
穆天子傳,1,ㄇㄨˋ ㄊㄧㄢ ㄗˇ ㄓㄨㄢˋ
穆如清風,1,ㄇㄨˋ ㄖㄨˊ ㄑㄧㄥ ㄈㄥ
積不相容,1,ㄐㄧ ㄅㄨˋ ㄒㄧㄤ ㄖㄨㄥˊ
積不相能,1,ㄐㄧ ㄅㄨˋ ㄒㄧㄤ ㄋㄥˊ
積久弊生,1,ㄐㄧ ㄐㄧㄡˇ ㄅㄧˋ ㄕㄥ
積健為雄,1,ㄐㄧ ㄐㄧㄢˋ ㄨㄟˊ ㄒㄩㄥˊ
積勞成病,1,ㄐㄧ ㄌㄠˊ ㄔㄥˊ ㄅㄧㄥˋ
積厚流光,1,ㄐㄧ ㄏㄡˋ ㄌㄧㄡˊ ㄍㄨㄤ
積善陰隲,1,ㄐㄧ ㄕㄢˋ ㄧㄣ ㄓˋ
積善餘慶,1,ㄐㄧ ㄕㄢˋ ㄩˊ ㄑㄧㄥˋ
積土成山,1,ㄐㄧ ㄊㄨˇ ㄔㄥˊ ㄕㄢ
積小成大,1,ㄐㄧ ㄒㄧㄠˇ ㄔㄥˊ ㄉㄚˋ
積弱不振,1,ㄐㄧ ㄖㄨㄛˋ ㄅㄨˋ ㄓㄣˋ
積微成著,1,ㄐㄧ ㄨㄟˊ ㄔㄥˊ ㄓㄨˋ
積德累仁,1,ㄐㄧ ㄉㄜˊ ㄌㄟˇ ㄖㄣˊ
積德累功,1,ㄐㄧ ㄉㄜˊ ㄌㄟˇ ㄍㄨㄥ
積惡餘殃,1,ㄐㄧ ㄜˋ ㄩˊ ㄧㄤ
積毀銷骨,1,ㄐㄧ ㄏㄨㄟˇ ㄒㄧㄠ ㄍㄨˇ
積水成淵,1,ㄐㄧ ㄕㄨㄟˇ ㄔㄥˊ ㄩㄢ
積玉堆金,1,ㄐㄧ ㄩˋ ㄉㄨㄟ ㄐㄧㄣ
積理練識,1,ㄐㄧ ㄌㄧˇ ㄌㄧㄢˋ ㄕˋ
積甲山齊,1,ㄐㄧ ㄐㄧㄚˇ ㄕㄢ ㄑㄧˊ
積穀防饑,1,ㄐㄧ ㄍㄨˇ ㄈㄤˊ ㄐㄧ
積羽沉舟,1,ㄐㄧ ㄩˇ ㄔㄣˊ ㄓㄡ
積習成俗,1,ㄐㄧ ㄒㄧˊ ㄔㄥˊ ㄙㄨˊ
積習成常,1,ㄐㄧ ㄒㄧˊ ㄔㄥˊ ㄔㄤˊ
積習生常,1,ㄐㄧ ㄒㄧˊ ㄕㄥ ㄔㄤˊ
積草屯糧,1,ㄐㄧ ㄘㄠˇ ㄊㄨㄣˊ ㄌㄧㄤˊ
積薪厝火,1,ㄐㄧ ㄒㄧㄣ ㄘㄨㄛˋ ㄏㄨㄛˇ
積衰新造,1,ㄐㄧ ㄕㄨㄞ ㄒㄧㄣ ㄗㄠˋ
積裡漸裡,1,ㄐㄧ ㄌㄧˇ ㄐㄧㄢˋ ㄌㄧˇ
積金累玉,1,ㄐㄧ ㄐㄧㄣ ㄌㄟˇ ㄩˋ
積金至斗,1,ㄐㄧ ㄐㄧㄣ ㄓˋ ㄉㄡˇ
積銖累寸,1,ㄐㄧ ㄓㄨ ㄌㄟˇ ㄘㄨㄣˋ
積雪囊螢,1,ㄐㄧ ㄒㄩㄝˇ ㄋㄤˊ ㄧㄥˊ
穎悟絕人,1,ㄧㄥˇ ㄨˋ ㄐㄩㄝˊ ㄖㄣˊ
穎悟絕倫,1,ㄧㄥˇ ㄨˋ ㄐㄩㄝˊ ㄌㄨㄣˊ
穎脫而出,1,ㄧㄥˇ ㄊㄨㄛ ㄦˊ ㄔㄨ
穠纖合度,1,ㄋㄨㄥˊ ㄒㄧㄢ ㄏㄜˊ ㄉㄨˋ
穢語汙言,1,ㄏㄨㄟˋ ㄩˇ ㄨ ㄧㄢˊ
穩吃三注,1,ㄨㄣˇ ㄔ ㄙㄢ ㄓㄨˋ
穩定平衡,1,ㄨㄣˇ ㄉㄧㄥˋ ㄆㄧㄥˊ ㄏㄥˊ
穩操勝算,1,ㄨㄣˇ ㄘㄠ ㄕㄥˋ ㄙㄨㄢˋ
穩操左券,1,ㄨㄣˇ ㄘㄠ ㄗㄨㄛˇ ㄑㄩㄢˋ
穩賺不賠,1,ㄨㄣˇ ㄓㄨㄢˋ ㄅㄨˋ ㄆㄟˊ
穴居野處,1,ㄒㄩㄝˋ ㄐㄩ ㄧㄝˇ ㄔㄨˇ
穴處之徒,1,ㄒㄩㄝˋ ㄔㄨˇ ㄓ ㄊㄨˊ
穴處知雨,1,ㄒㄩㄝˋ ㄔㄨˇ ㄓ ㄩˇ
穴見小儒,1,ㄒㄩㄝˋ ㄐㄧㄢˋ ㄒㄧㄠˇ ㄖㄨˊ
空中交易,1,ㄎㄨㄥ ㄓㄨㄥ ㄐㄧㄠ ㄧˋ
空中加油,1,ㄎㄨㄥ ㄓㄨㄥ ㄐㄧㄚ ㄧㄡˊ
空中堡壘,1,ㄎㄨㄥ ㄓㄨㄥ ㄅㄠˇ ㄌㄟˇ
空中夫妻,1,ㄎㄨㄥ ㄓㄨㄥ ㄈㄨ ㄑㄧ
空中學校,1,ㄎㄨㄥ ㄓㄨㄥ ㄒㄩㄝˊ ㄒㄧㄠˋ
空中客車,1,ㄎㄨㄥ ㄓㄨㄥ ㄎㄜˋ ㄔㄜ
空中封鎖,1,ㄎㄨㄥ ㄓㄨㄥ ㄈㄥ ㄙㄨㄛˇ
空中巴士,1,ㄎㄨㄥ ㄓㄨㄥ ㄅㄚ ㄕˋ
空中教學,1,ㄎㄨㄥ ㄓㄨㄥ ㄐㄧㄠˋ ㄒㄩㄝˊ
空中禁區,1,ㄎㄨㄥ ㄓㄨㄥ ㄐㄧㄣˋ ㄑㄩ
空中芭蕾,1,ㄎㄨㄥ ㄓㄨㄥ ㄅㄚ ㄌㄟˇ
空中花園,1,ㄎㄨㄥ ㄓㄨㄥ ㄏㄨㄚ ㄩㄢˊ
空中護航,1,ㄎㄨㄥ ㄓㄨㄥ ㄏㄨˋ ㄏㄤˊ
空中走廊,1,ㄎㄨㄥ ㄓㄨㄥ ㄗㄡˇ ㄌㄤˊ
空中造雨,1,ㄎㄨㄥ ㄓㄨㄥ ㄗㄠˋ ㄩˇ
空中霸王,1,ㄎㄨㄥ ㄓㄨㄥ ㄅㄚˋ ㄨㄤˊ
空中飛車,1,ㄎㄨㄥ ㄓㄨㄥ ㄈㄟ ㄔㄜ
空優迷彩,1,ㄎㄨㄥ ㄧㄡ ㄇㄧˊ ㄘㄞˇ
空前未有,1,ㄎㄨㄥ ㄑㄧㄢˊ ㄨㄟˋ ㄧㄡˇ
空前盛況,1,ㄎㄨㄥ ㄑㄧㄢˊ ㄕㄥˋ ㄎㄨㄤˋ
空勞神思,1,ㄎㄨㄥ ㄌㄠˊ ㄕㄣˊ ㄙ
空古絕今,1,ㄎㄨㄥˋ ㄍㄨˇ ㄐㄩㄝˊ ㄐㄧㄣ
空大老脬,1,ㄎㄨㄥ ㄉㄚˋ ㄌㄠˇ ㄆㄠ
空帖拜年,1,ㄎㄨㄥ ㄊㄧㄝˇ ㄅㄞˋ ㄋㄧㄢˊ
空弦落雁,1,ㄎㄨㄥ ㄒㄧㄢˊ ㄌㄨㄛˋ ㄧㄢˋ
空心架子,1,ㄎㄨㄥ ㄒㄧㄣ ㄐㄧㄚˋ ㄗ˙
空心湯圓,1,ㄎㄨㄥ ㄒㄧㄣ ㄊㄤ ㄩㄢˊ
空心湯糰,1,ㄎㄨㄥ ㄒㄧㄣ ㄊㄤ ㄊㄨㄢˊ
空心蘿蔔,1,ㄎㄨㄥ ㄒㄧㄣ ㄌㄨㄛˊ ㄅㄛ˙
空氣傳染,1,ㄎㄨㄥ ㄑㄧˋ ㄔㄨㄢˊ ㄖㄢˇ
空氣汙染,1,ㄎㄨㄥ ㄑㄧˋ ㄨ ㄖㄢˇ
空氣警報,1,ㄎㄨㄥ ㄑㄧˋ ㄐㄧㄥˇ ㄅㄠˋ
空氣軸承,1,ㄎㄨㄥ ㄑㄧˋ ㄓㄡˊ ㄔㄥˊ
空水澄鮮,1,ㄎㄨㄥ ㄕㄨㄟˇ ㄔㄥˊ ㄒㄧㄢ
空疏無據,1,ㄎㄨㄥ ㄕㄨ ㄨˊ ㄐㄩˋ
空空落落,1,ㄎㄨㄥ ㄎㄨㄥ ㄌㄨㄛˋ ㄌㄨㄛˋ
空空蕩蕩,1,ㄎㄨㄥ ㄎㄨㄥ ㄉㄤˋ ㄉㄤˋ
空腹便便,1,ㄎㄨㄥ ㄈㄨˋ ㄆㄧㄢˊ ㄆㄧㄢˊ
空腹高心,1,ㄎㄨㄥ ㄈㄨˋ ㄍㄠ ㄒㄧㄣ
空言無補,1,ㄎㄨㄥ ㄧㄢˊ ㄨˊ ㄅㄨˇ
空言虛語,1,ㄎㄨㄥ ㄧㄢˊ ㄒㄩ ㄩˇ
空言虛辭,1,ㄎㄨㄥ ㄧㄢˊ ㄒㄩ ㄘˊ
空谷傳聲,1,ㄎㄨㄥ ㄍㄨˇ ㄔㄨㄢˊ ㄕㄥ
空谷傳響,1,ㄎㄨㄥ ㄍㄨˇ ㄔㄨㄢˊ ㄒㄧㄤˇ
空谷幽蘭,1,ㄎㄨㄥ ㄍㄨˇ ㄧㄡ ㄌㄢˊ
空費時日,1,ㄎㄨㄥ ㄈㄟˋ ㄕˊ ㄖˋ
空間主義,1,ㄎㄨㄥ ㄐㄧㄢ ㄓㄨˇ ㄧˋ
空間分析,1,ㄎㄨㄥ ㄐㄧㄢ ㄈㄣ ㄒㄧ
空間圖形,1,ㄎㄨㄥ ㄐㄧㄢ ㄊㄨˊ ㄒㄧㄥˊ
空間時代,1,ㄎㄨㄥ ㄐㄧㄢ ㄕˊ ㄉㄞˋ
空間曲線,1,ㄎㄨㄥ ㄐㄧㄢ ㄑㄩ ㄒㄧㄢˋ
空間藝術,1,ㄎㄨㄥ ㄐㄧㄢ ㄧˋ ㄕㄨˋ
空降作戰,1,ㄎㄨㄥ ㄐㄧㄤˋ ㄗㄨㄛˋ ㄓㄢˋ
空頭冤家,1,ㄎㄨㄥ ㄊㄡ˙ ㄩㄢ ㄐㄧㄚ
空頭支票,1,ㄎㄨㄥˋ ㄊㄡˊ ㄓ ㄆㄧㄠˋ
穿心槓子,1,ㄔㄨㄢ ㄒㄧㄣ ㄍㄤˋ ㄗ˙
穿房入戶,1,ㄔㄨㄢ ㄈㄤˊ ㄖㄨˋ ㄏㄨˋ
穿房過屋,1,ㄔㄨㄢ ㄈㄤˊ ㄍㄨㄛˋ ㄨ
穿楊百步,1,ㄔㄨㄢ ㄧㄤˊ ㄅㄞˇ ㄅㄨˋ
穿楊貫蝨,1,ㄔㄨㄢ ㄧㄤˊ ㄍㄨㄢˋ ㄕ
穿窬之盜,1,ㄔㄨㄢ ㄩˊ ㄓ ㄉㄠˋ
穿紅著綠,1,ㄔㄨㄢ ㄏㄨㄥˊ ㄓㄨㄛˊ ㄌㄩˋ
穿線膠裝,1,ㄔㄨㄢ ㄒㄧㄢˋ ㄐㄧㄠ ㄓㄨㄤ
穿花納錦,1,ㄔㄨㄢ ㄏㄨㄚ ㄋㄚˋ ㄐㄧㄣˇ
穿花蛺蝶,1,ㄔㄨㄢ ㄏㄨㄚ ㄐㄧㄚˊ ㄉㄧㄝˊ
穿金戴銀,1,ㄔㄨㄢ ㄐㄧㄣ ㄉㄞˋ ㄧㄣˊ
穿雲裂石,1,ㄔㄨㄢ ㄩㄣˊ ㄌㄧㄝˋ ㄕˊ
穿靴戴帽,1,ㄔㄨㄢ ㄒㄩㄝ ㄉㄞˋ ㄇㄠˋ
穿麻掛孝,1,ㄔㄨㄢ ㄇㄚˊ ㄍㄨㄚˋ ㄒㄧㄠˋ
穿鼻草約,1,ㄔㄨㄢ ㄅㄧˊ ㄘㄠˇ ㄩㄝ
突厥語族,1,ㄊㄨˊ ㄐㄩㄝˊ ㄩˇ ㄗㄨˊ
突尼西亞,1,ㄊㄨˊ ㄋㄧˊ ㄒㄧ ㄧㄚˋ
突梯滑稽,1,ㄊㄨˊ ㄊㄧ ㄍㄨˇ ㄐㄧ
突破瓶頸,1,ㄊㄨˊ ㄆㄛˋ ㄆㄧㄥˊ ㄐㄧㄥˇ
突突噥噥,1,ㄊㄨˊ ㄊㄨˊ ㄋㄨㄥˊ ㄋㄨㄥˊ
突突囔囔,1,ㄊㄨˊ ㄊㄨˊ ㄋㄤ˙ ㄋㄤ˙
突突摸摸,1,ㄊㄨˊ ㄊㄨˊ ㄇㄛ ㄇㄛ
窄門窄戶,1,ㄓㄞˇ ㄇㄣˊ ㄓㄞˇ ㄏㄨˋ
窅不可測,1,ㄧㄠˇ ㄅㄨˋ ㄎㄜˇ ㄘㄜˋ
窈窈冥冥,1,ㄧㄠˇ ㄧㄠˇ ㄇㄧㄥˊ ㄇㄧㄥˊ
窗間過馬,1,ㄔㄨㄤ ㄐㄧㄢ ㄍㄨㄛˋ ㄇㄚˇ
窘態百出,1,ㄐㄩㄥˇ ㄊㄞˋ ㄅㄞˇ ㄔㄨ
窟裡拔蛇,1,ㄎㄨ ㄌㄧˇ ㄅㄚˊ ㄕㄜˊ
窩停主人,1,ㄨㄛ ㄊㄧㄥˊ ㄓㄨˇ ㄖㄣˊ
窩窩凹凹,1,ㄨㄛ ㄨㄛ ㄠ ㄠ
窩裡發炮,1,ㄨㄛ ㄌㄧˇ ㄈㄚ ㄆㄠˋ
窮不失義,1,ㄑㄩㄥˊ ㄅㄨˋ ㄕ ㄧˋ
窮且益堅,1,ㄑㄩㄥˊ ㄑㄧㄝˇ ㄧˋ ㄐㄧㄢ
窮兵極武,1,ㄑㄩㄥˊ ㄅㄧㄥ ㄐㄧˊ ㄨˇ
窮凶極虐,1,ㄑㄩㄥˊ ㄒㄩㄥ ㄐㄧˊ ㄋㄩㄝˋ
窮則思變,1,ㄑㄩㄥˊ ㄗㄜˊ ㄙ ㄅㄧㄢˋ
窮坑難滿,1,ㄑㄩㄥˊ ㄎㄥ ㄋㄢˊ ㄇㄢˇ
窮大失居,1,ㄑㄩㄥˊ ㄉㄚˋ ㄕ ㄐㄩ
窮天極地,1,ㄑㄩㄥˊ ㄊㄧㄢ ㄐㄧˊ ㄉㄧˋ
窮妙極巧,1,ㄑㄩㄥˊ ㄇㄧㄠˋ ㄐㄧˊ ㄑㄧㄠˇ
窮富極貴,1,ㄑㄩㄥˊ ㄈㄨˋ ㄐㄧˊ ㄍㄨㄟˋ
窮山僻壤,1,ㄑㄩㄥˊ ㄕㄢ ㄆㄧˋ ㄖㄤˇ
窮工極巧,1,ㄑㄩㄥˊ ㄍㄨㄥ ㄐㄧˊ ㄑㄧㄠˇ
窮年累世,1,ㄑㄩㄥˊ ㄋㄧㄢˊ ㄌㄟˇ ㄕˋ
窮年累月,1,ㄑㄩㄥˊ ㄋㄧㄢˊ ㄌㄟˇ ㄩㄝˋ
窮年累歲,1,ㄑㄩㄥˊ ㄋㄧㄢˊ ㄌㄟˇ ㄙㄨㄟˋ
窮幽極微,1,ㄑㄩㄥˊ ㄧㄡ ㄐㄧˊ ㄨㄟˊ
窮形極狀,1,ㄑㄩㄥˊ ㄒㄧㄥˊ ㄐㄧˊ ㄓㄨㄤˋ
窮形盡相,1,ㄑㄩㄥˊ ㄒㄧㄥˊ ㄐㄧㄣˋ ㄒㄧㄤˋ
窮心劇力,1,ㄑㄩㄥˊ ㄒㄧㄣ ㄐㄩˋ ㄌㄧˋ
窮於應付,1,ㄑㄩㄥˊ ㄩˊ ㄧㄥˋ ㄈㄨˋ
窮日落月,1,ㄑㄩㄥˊ ㄖˋ ㄌㄨㄛˋ ㄩㄝˋ
窮本極源,1,ㄑㄩㄥˊ ㄅㄣˇ ㄐㄧˊ ㄩㄢˊ
窮根尋葉,1,ㄑㄩㄥˊ ㄍㄣ ㄒㄩㄣˊ ㄧㄝˋ
窮根究底,1,ㄑㄩㄥˊ ㄍㄣ ㄐㄧㄡˋ ㄉㄧˇ
窮極其妙,1,ㄑㄩㄥˊ ㄐㄧˊ ㄑㄧˊ ㄇㄧㄠˋ
窮極則變,1,ㄑㄩㄥˊ ㄐㄧˊ ㄗㄜˊ ㄅㄧㄢˋ
窮極要妙,1,ㄑㄩㄥˊ ㄐㄧˊ ㄧㄠˋ ㄇㄧㄠˋ
窮池之魚,1,ㄑㄩㄥˊ ㄔˊ ㄓ ㄩˊ
窮源推本,1,ㄑㄩㄥˊ ㄩㄢˊ ㄊㄨㄟ ㄅㄣˇ
窮源溯流,1,ㄑㄩㄥˊ ㄩㄢˊ ㄙㄨˋ ㄌㄧㄡˊ
窮源竟委,1,ㄑㄩㄥˊ ㄩㄢˊ ㄐㄧㄥˋ ㄨㄟˇ
窮猿失木,1,ㄑㄩㄥˊ ㄩㄢˊ ㄕ ㄇㄨˋ
窮猿奔林,1,ㄑㄩㄥˊ ㄩㄢˊ ㄅㄣ ㄌㄧㄣˊ
窮猿投林,1,ㄑㄩㄥˊ ㄩㄢˊ ㄊㄡˊ ㄌㄧㄣˊ
窮理盡性,1,ㄑㄩㄥˊ ㄌㄧˇ ㄐㄧㄣˋ ㄒㄧㄥˋ
窮神知化,1,ㄑㄩㄥˊ ㄕㄣˊ ㄓ ㄏㄨㄚˋ
窮神觀化,1,ㄑㄩㄥˊ ㄕㄣˊ ㄍㄨㄢ ㄏㄨㄚˋ
窮纖入微,1,ㄑㄩㄥˊ ㄒㄧㄢ ㄖㄨˋ ㄨㄟˊ
窮而後工,1,ㄑㄩㄥˊ ㄦˊ ㄏㄡˋ ㄍㄨㄥ
窮腮乞臉,1,ㄑㄩㄥˊ ㄙㄞ ㄑㄧˇ ㄌㄧㄢˇ
窮貴極富,1,ㄑㄩㄥˊ ㄍㄨㄟˋ ㄐㄧˊ ㄈㄨˋ
窮身潑命,1,ㄑㄩㄥˊ ㄕㄣ ㄆㄛ ㄇㄧㄥˋ
窮途之哭,1,ㄑㄩㄥˊ ㄊㄨˊ ㄓ ㄎㄨ
窮途落魄,1,ㄑㄩㄥˊ ㄊㄨˊ ㄌㄨㄛˋ ㄊㄨㄛˋ
窮通皆命,1,ㄑㄩㄥˊ ㄊㄨㄥ ㄐㄧㄝ ㄇㄧㄥˋ
窮達有命,1,ㄑㄩㄥˊ ㄉㄚˊ ㄧㄡˇ ㄇㄧㄥˋ
窮酸餓醋,1,ㄑㄩㄥˊ ㄙㄨㄢ ㄜˋ ㄘㄨˋ
窮閻漏屋,1,ㄑㄩㄥˊ ㄧㄢˊ ㄌㄡˋ ㄨ
窮靈盡妙,1,ㄑㄩㄥˊ ㄌㄧㄥˊ ㄐㄧㄣˋ ㄇㄧㄠˋ
窮鳥入懷,1,ㄑㄩㄥˊ ㄋㄧㄠˇ ㄖㄨˋ ㄏㄨㄞˊ
窮鼠齧貓,1,ㄑㄩㄥˊ ㄕㄨˇ ㄋㄧㄝˋ ㄇㄠ
窺御激夫,1,ㄎㄨㄟ ㄩˋ ㄐㄧ ㄈㄨ
窺牖小兒,1,ㄎㄨㄟ ㄧㄡˇ ㄒㄧㄠˇ ㄦˊ
窺見一斑,1,ㄎㄨㄟ ㄐㄧㄢˋ ㄧ ㄅㄢ
窺豹一斑,1,ㄎㄨㄟ ㄅㄠˋ ㄧ ㄅㄢ
竄進竄出,1,ㄘㄨㄢˋ ㄐㄧㄣˋ ㄘㄨㄢˋ ㄔㄨ
竊位素餐,1,ㄑㄧㄝˋ ㄨㄟˋ ㄙㄨˋ ㄘㄢ
竊幸乘寵,1,ㄑㄧㄝˋ ㄒㄧㄥˋ ㄔㄥˊ ㄔㄨㄥˇ
竊弄威權,1,ㄑㄧㄝˋ ㄋㄨㄥˋ ㄨㄟ ㄑㄩㄢˊ
竊玉偷香,1,ㄑㄧㄝˋ ㄩˋ ㄊㄡ ㄒㄧㄤ
竊竊細語,1,ㄑㄧㄝˋ ㄑㄧㄝˋ ㄒㄧˋ ㄩˇ
竊簪之臣,1,ㄑㄧㄝˋ ㄗㄢ ㄓ ㄔㄣˊ
竊鉤竊國,1,ㄑㄧㄝˋ ㄍㄡ ㄑㄧㄝˋ ㄍㄨㄛˊ
竊鐘掩耳,1,ㄑㄧㄝˋ ㄓㄨㄥ ㄧㄢˇ ㄦˇ
立不住腳,1,ㄌㄧˋ ㄅㄨˋ ㄓㄨˋ ㄐㄧㄠˇ
立人達人,1,ㄌㄧˋ ㄖㄣˊ ㄉㄚˊ ㄖㄣˊ
立克次體,1,ㄌㄧˋ ㄎㄜˋ ㄘˋ ㄊㄧˇ
立券交易,1,ㄌㄧˋ ㄑㄩㄢˋ ㄐㄧㄠ ㄧˋ
立功立事,1,ㄌㄧˋ ㄍㄨㄥ ㄌㄧˋ ㄕˋ
立功自效,1,ㄌㄧˋ ㄍㄨㄥ ㄗˋ ㄒㄧㄠˋ
立命安身,1,ㄌㄧˋ ㄇㄧㄥˋ ㄢ ㄕㄣ
立國安邦,1,ㄌㄧˋ ㄍㄨㄛˊ ㄢ ㄅㄤ
立國精神,1,ㄌㄧˋ ㄍㄨㄛˊ ㄐㄧㄥ ㄕㄣˊ
立地書廚,1,ㄌㄧˋ ㄉㄧˋ ㄕㄨ ㄔㄨˊ
立地金剛,1,ㄌㄧˋ ㄉㄧˋ ㄐㄧㄣ ㄍㄤ
立定腳跟,1,ㄌㄧˋ ㄉㄧㄥˋ ㄐㄧㄠˇ ㄍㄣ
立掃千言,1,ㄌㄧˋ ㄙㄠˇ ㄑㄧㄢ ㄧㄢˊ
立時三刻,1,ㄌㄧˋ ㄕˊ ㄙㄢ ㄎㄜˋ
立時立刻,1,ㄌㄧˋ ㄕˊ ㄌㄧˋ ㄎㄜˋ
立業安邦,1,ㄌㄧˋ ㄧㄝˋ ㄢ ㄅㄤ
立此存照,1,ㄌㄧˋ ㄘˇ ㄘㄨㄣˊ ㄓㄠˋ
立法程序,1,ㄌㄧˋ ㄈㄚˇ ㄔㄥˊ ㄒㄩˋ
立盹行眠,1,ㄌㄧˋ ㄉㄨㄣˇ ㄒㄧㄥˊ ㄇㄧㄢˊ
立眉嗔目,1,ㄌㄧˋ ㄇㄟˊ ㄔㄣ ㄇㄨˋ
立眉立眼,1,ㄌㄧˋ ㄇㄟˊ ㄌㄧˋ ㄧㄢˇ
立言豎辭,1,ㄌㄧˋ ㄧㄢˊ ㄕㄨˋ ㄘˊ
立論精宏,1,ㄌㄧˋ ㄌㄨㄣˋ ㄐㄧㄥ ㄏㄨㄥˊ
立賢無方,1,ㄌㄧˋ ㄒㄧㄢˊ ㄨˊ ㄈㄤ
立足之地,1,ㄌㄧˋ ㄗㄨˊ ㄓ ㄉㄧˋ
立身揚名,1,ㄌㄧˋ ㄕㄣ ㄧㄤˊ ㄇㄧㄥˊ
立身處世,1,ㄌㄧˋ ㄕㄣ ㄔㄨˇ ㄕˋ
立身行己,1,ㄌㄧˋ ㄕㄣ ㄒㄧㄥˊ ㄐㄧˇ
立身行道,1,ㄌㄧˋ ㄕㄣ ㄒㄧㄥˊ ㄉㄠˋ
立錐之土,1,ㄌㄧˋ ㄓㄨㄟ ㄓ ㄊㄨˇ
立雪神傷,1,ㄌㄧˋ ㄒㄩㄝˇ ㄕㄣˊ ㄕㄤ
立雪程門,1,ㄌㄧˋ ㄒㄩㄝˇ ㄔㄥˊ ㄇㄣˊ
立馬蓋橋,1,ㄌㄧˋ ㄇㄚˇ ㄍㄞˋ ㄑㄧㄠˊ
立馬造橋,1,ㄌㄧˋ ㄇㄚˇ ㄗㄠˋ ㄑㄧㄠˊ
立體主義,1,ㄌㄧˋ ㄊㄧˇ ㄓㄨˇ ㄧˋ
立體交叉,1,ㄌㄧˋ ㄊㄧˇ ㄐㄧㄠ ㄔㄚ
立體印刷,1,ㄌㄧˋ ㄊㄧˇ ㄧㄣˋ ㄕㄨㄚ
立體圖形,1,ㄌㄧˋ ㄊㄧˇ ㄊㄨˊ ㄒㄧㄥˊ
立體地圖,1,ㄌㄧˋ ㄊㄧˇ ㄉㄧˋ ㄊㄨˊ
立體廣告,1,ㄌㄧˋ ㄊㄧˇ ㄍㄨㄤˇ ㄍㄠˋ
立體廣播,1,ㄌㄧˋ ㄊㄧˇ ㄍㄨㄤˇ ㄅㄛˋ
立體影像,1,ㄌㄧˋ ㄊㄧˇ ㄧㄥˇ ㄒㄧㄤˋ
立體影片,1,ㄌㄧˋ ㄊㄧˇ ㄧㄥˇ ㄆㄧㄢˋ
立體攝影,1,ㄌㄧˋ ㄊㄧˇ ㄕㄜˋ ㄧㄥˇ
立鼎安爐,1,ㄌㄧˋ ㄉㄧㄥˇ ㄢ ㄌㄨˊ
站不住腳,1,ㄓㄢˋ ㄅㄨ˙ ㄓㄨˋ ㄐㄧㄠˇ
站穩腳跟,1,ㄓㄢˋ ㄨㄣˇ ㄐㄧㄠˇ ㄍㄣ
竟陵八友,1,ㄐㄧㄥˋ ㄌㄧㄥˊ ㄅㄚ ㄧㄡˇ
章句之徒,1,ㄓㄤ ㄐㄩˋ ㄓ ㄊㄨˊ
章懷太子,1,ㄓㄤ ㄏㄨㄞˊ ㄊㄞˋ ㄗˇ
章決句斷,1,ㄓㄤ ㄐㄩㄝˊ ㄐㄩˋ ㄉㄨㄢˋ
章甫縫掖,1,ㄓㄤ ㄈㄨˇ ㄈㄥˊ ㄧㄝˋ
章甫薦履,1,ㄓㄤ ㄈㄨˇ ㄐㄧㄢˋ ㄌㄩˇ
章臺楊柳,1,ㄓㄤ ㄊㄞˊ ㄧㄤˊ ㄌㄧㄡˇ
童子軍節,1,ㄊㄨㄥˊ ㄗˇ ㄐㄩㄣ ㄐㄧㄝˊ
童牛角馬,1,ㄊㄨㄥˊ ㄋㄧㄡˊ ㄐㄩㄝˊ ㄇㄚˇ
童男童女,1,ㄊㄨㄥˊ ㄋㄢˊ ㄊㄨㄥˊ ㄋㄩˇ
竭智盡忠,1,ㄐㄧㄝˊ ㄓˋ ㄐㄧㄣˋ ㄓㄨㄥ
竭盡心思,1,ㄐㄧㄝˊ ㄐㄧㄣˋ ㄒㄧㄣ ㄙ
竭誠盡節,1,ㄐㄧㄝˊ ㄔㄥˊ ㄐㄧㄣˋ ㄐㄧㄝˊ
端人正士,1,ㄉㄨㄢ ㄖㄣˊ ㄓㄥˋ ㄕˋ
端子插頭,1,ㄉㄨㄢ ㄗˇ ㄔㄚ ㄊㄡˊ
端本正源,1,ㄉㄨㄢ ㄅㄣˇ ㄓㄥˋ ㄩㄢˊ
端本清源,1,ㄉㄨㄢ ㄅㄣˇ ㄑㄧㄥ ㄩㄢˊ
端本澄源,1,ㄉㄨㄢ ㄅㄣˇ ㄔㄥˊ ㄩㄢˊ
端端正正,1,ㄉㄨㄢ ㄉㄨㄢ ㄓㄥˋ ㄓㄥˋ
端陽競渡,1,ㄉㄨㄢ ㄧㄤˊ ㄐㄧㄥˋ ㄉㄨˋ
競今疏古,1,ㄐㄧㄥˋ ㄐㄧㄣ ㄕㄨ ㄍㄨˇ
競合現象,1,ㄐㄧㄥˋ ㄏㄜˊ ㄒㄧㄢˋ ㄒㄧㄤˋ
競相效尤,1,ㄐㄧㄥˋ ㄒㄧㄤ ㄒㄧㄠˋ ㄧㄡˊ
競短爭長,1,ㄐㄧㄥˋ ㄉㄨㄢˇ ㄓㄥ ㄔㄤˊ
競速溜冰,1,ㄐㄧㄥˋ ㄙㄨˋ ㄌㄧㄡ ㄅㄧㄥ
竹取物語,1,ㄓㄨˊ ㄑㄩˇ ㄨˋ ㄩˇ
竹書紀年,1,ㄓㄨˊ ㄕㄨ ㄐㄧˋ ㄋㄧㄢˊ
竹杖成龍,1,ㄓㄨˊ ㄓㄤˋ ㄔㄥˊ ㄌㄨㄥˊ
竹林之游,1,ㄓㄨˊ ㄌㄧㄣˊ ㄓ ㄧㄡˊ
竹溪六逸,1,ㄓㄨˊ ㄒㄧ ㄌㄧㄡˋ ㄧˋ
竹管開花,1,ㄓㄨˊ ㄍㄨㄢˇ ㄎㄞ ㄏㄨㄚ
竹苞松茂,1,ㄓㄨˊ ㄅㄠ ㄙㄨㄥ ㄇㄠˋ
竹馬之友,1,ㄓㄨˊ ㄇㄚˇ ㄓ ㄧㄡˇ
竹馬之好,1,ㄓㄨˊ ㄇㄚˇ ㄓ ㄏㄠˇ
竿頭一步,1,ㄍㄢ ㄊㄡˊ ㄧ ㄅㄨˋ
笑傲風月,1,ㄒㄧㄠˋ ㄠˋ ㄈㄥ ㄩㄝˋ
笑容滿面,1,ㄒㄧㄠˋ ㄖㄨㄥˊ ㄇㄢˇ ㄇㄧㄢˋ
笑成一團,1,ㄒㄧㄠˋ ㄔㄥˊ ㄧ ㄊㄨㄢˊ
笑罵從汝,1,ㄒㄧㄠˋ ㄇㄚˋ ㄘㄨㄥˊ ㄖㄨˇ
笑罵由他,1,ㄒㄧㄠˋ ㄇㄚˋ ㄧㄡˊ ㄊㄚ
笑耍頭回,1,ㄒㄧㄠˋ ㄕㄨㄚˇ ㄊㄡˊ ㄏㄨㄟˊ
笑面夜叉,1,ㄒㄧㄠˋ ㄇㄧㄢˋ ㄧㄝˋ ㄔㄚ
笙歌匝地,1,ㄕㄥ ㄍㄜ ㄗㄚ ㄉㄧˋ
笙歌鼎沸,1,ㄕㄥ ㄍㄜ ㄉㄧㄥˇ ㄈㄟˋ
笙磬同音,1,ㄕㄥ ㄑㄧㄥˋ ㄊㄨㄥˊ ㄧㄣ
符號邏輯,1,ㄈㄨˊ ㄏㄠˋ ㄌㄨㄛˊ ㄐㄧˊ
笨口拙舌,1,ㄅㄣˋ ㄎㄡˇ ㄓㄨㄛˊ ㄕㄜˊ
笨嘴拙腮,1,ㄅㄣˋ ㄗㄨㄟˇ ㄓㄨㄛˊ ㄙㄞ
笨嘴笨腮,1,ㄅㄣˋ ㄗㄨㄟˇ ㄅㄣˋ ㄙㄞ
笨笨拉拉,1,ㄅㄣˋ ㄅㄣˋ ㄌㄚ ㄌㄚ
笨雀先飛,1,ㄅㄣˋ ㄑㄩㄝˋ ㄒㄧㄢ ㄈㄟ
笨鳥先飛,1,ㄅㄣˋ ㄋㄧㄠˇ ㄒㄧㄢ ㄈㄟ
第一國際,1,ㄉㄧˋ ㄧ ㄍㄨㄛˊ ㄐㄧˋ
第一夫人,1,ㄉㄧˋ ㄧ ㄈㄨ ㄖㄣˊ
第一志願,1,ㄉㄧˋ ㄧ ㄓˋ ㄩㄢˋ
第一性徵,1,ㄉㄧˋ ㄧ ㄒㄧㄥˋ ㄓㄥ
第一把手,1,ㄉㄧˋ ㄧ ㄅㄚˇ ㄕㄡˇ
第一火線,1,ㄉㄧˋ ㄧ ㄏㄨㄛˇ ㄒㄧㄢˋ
第一現場,1,ㄉㄧˋ ㄧ ㄒㄧㄢˋ ㄔㄤˇ
第一要緊,1,ㄉㄧˋ ㄧ ㄧㄠˋ ㄐㄧㄣˇ
第一順位,1,ㄉㄧˋ ㄧ ㄕㄨㄣˋ ㄨㄟˋ
第七艦隊,1,ㄉㄧˋ ㄑㄧ ㄐㄧㄢˋ ㄉㄨㄟˋ
第三梯隊,1,ㄉㄧˋ ㄙㄢ ㄊㄧ ㄉㄨㄟˋ
第三醫學,1,ㄉㄧˋ ㄙㄢ ㄧ ㄒㄩㄝˊ
第九藝術,1,ㄉㄧˋ ㄐㄧㄡˇ ㄧˋ ㄕㄨˋ
第二把手,1,ㄉㄧˋ ㄦˋ ㄅㄚˇ ㄕㄡˇ
第二職業,1,ㄉㄧˋ ㄦˋ ㄓˊ ㄧㄝˋ
第二課堂,1,ㄉㄧˋ ㄦˋ ㄎㄜˋ ㄊㄤˊ
第五縱隊,1,ㄉㄧˋ ㄨˇ ㄗㄨㄥ ㄉㄨㄟˋ
第八藝術,1,ㄉㄧˋ ㄅㄚ ㄧˋ ㄕㄨˋ
第四世界,1,ㄉㄧˋ ㄙˋ ㄕˋ ㄐㄧㄝˋ
筆下功夫,1,ㄅㄧˇ ㄒㄧㄚˋ ㄍㄨㄥ ㄈㄨ˙
筆下超生,1,ㄅㄧˇ ㄒㄧㄚˋ ㄔㄠ ㄕㄥ
筆刀硯城,1,ㄅㄧˇ ㄉㄠ ㄧㄢˋ ㄔㄥˊ
筆力扛鼎,1,ㄅㄧˇ ㄌㄧˋ ㄎㄤˊ ㄉㄧㄥˇ
筆力萬鈞,1,ㄅㄧˇ ㄌㄧˋ ㄨㄢˋ ㄐㄩㄣ
筆參造化,1,ㄅㄧˇ ㄘㄢ ㄗㄠˋ ㄏㄨㄚˋ
筆墨官司,1,ㄅㄧˇ ㄇㄛˋ ㄍㄨㄢ ㄙ
筆墨紙硯,1,ㄅㄧˇ ㄇㄛˋ ㄓˇ ㄧㄢˋ
筆夢生花,1,ㄅㄧˇ ㄇㄥˋ ㄕㄥ ㄏㄨㄚ
筆掃千軍,1,ㄅㄧˇ ㄙㄠˇ ㄑㄧㄢ ㄐㄩㄣ
筆斷意連,1,ㄅㄧˇ ㄉㄨㄢˋ ㄧˋ ㄌㄧㄢˊ
筆楮難窮,1,ㄅㄧˇ ㄔㄨˇ ㄋㄢˊ ㄑㄩㄥˊ
筆翰如流,1,ㄅㄧˇ ㄏㄢˋ ㄖㄨˊ ㄌㄧㄡˊ
筆耕墨耘,1,ㄅㄧˇ ㄍㄥ ㄇㄛˋ ㄩㄣˊ
筆補造化,1,ㄅㄧˇ ㄅㄨˇ ㄗㄠˋ ㄏㄨㄚˋ
筆記小說,1,ㄅㄧˇ ㄐㄧˋ ㄒㄧㄠˇ ㄕㄨㄛ
筆走龍蛇,1,ㄅㄧˇ ㄗㄡˇ ㄌㄨㄥˊ ㄕㄜˊ
筆跡鑑定,1,ㄅㄧˇ ㄐㄧ ㄐㄧㄢˋ ㄉㄧㄥˋ
等值價格,1,ㄉㄥˇ ㄓˊ ㄐㄧㄚˋ ㄍㄜˊ
等價交換,1,ㄉㄥˇ ㄐㄧㄚˋ ㄐㄧㄠ ㄏㄨㄢˋ
等因奉此,1,ㄉㄥˇ ㄧㄣ ㄈㄥˋ ㄘˇ
等等潛潛,1,ㄉㄥˇ ㄉㄥˇ ㄑㄧㄢˊ ㄑㄧㄢˊ
等米下鍋,1,ㄉㄥˇ ㄇㄧˇ ㄒㄧㄚˋ ㄍㄨㄛ
等腰梯形,1,ㄉㄥˇ ㄧㄠ ㄊㄧ ㄒㄧㄥˊ
等閒人物,1,ㄉㄥˇ ㄒㄧㄢˊ ㄖㄣˊ ㄨˋ
等高種植,1,ㄉㄥˇ ㄍㄠ ㄓㄨㄥˋ ㄓˊ
等高耕作,1,ㄉㄥˇ ㄍㄠ ㄍㄥ ㄗㄨㄛˋ
筋不束骨,1,ㄐㄧㄣ ㄅㄨˋ ㄕㄨˋ ㄍㄨˇ
筋疲力軟,1,ㄐㄧㄣ ㄆㄧˊ ㄌㄧˋ ㄖㄨㄢˇ
筋骨昂然,1,ㄐㄧㄣ ㄍㄨˇ ㄤˊ ㄖㄢˊ
筐篋中物,1,ㄎㄨㄤ ㄑㄧㄝˋ ㄓㄨㄥ ㄨˋ
筒仔米糕,1,ㄊㄨㄥˇ ㄗˇ ㄇㄧˇ ㄍㄠ
答應不迭,1,ㄉㄚ ㄧㄥˋ ㄅㄨˋ ㄉㄧㄝˊ
箔檢電器,1,ㄅㄛˊ ㄐㄧㄢˇ ㄉㄧㄢˋ ㄑㄧˋ
箕山之志,1,ㄐㄧ ㄕㄢ ㄓ ㄓˋ
箕山之節,1,ㄐㄧ ㄕㄢ ㄓ ㄐㄧㄝˊ
箕帚之使,1,ㄐㄧ ㄓㄡˇ ㄓ ㄕˇ
箕裘相繼,1,ㄐㄧ ㄑㄧㄡˊ ㄒㄧㄤ ㄐㄧˋ
箕風畢雨,1,ㄐㄧ ㄈㄥ ㄅㄧˋ ㄩˇ
算命先生,1,ㄙㄨㄢˋ ㄇㄧㄥˋ ㄒㄧㄢ ㄕㄥ˙
管中闚天,1,ㄍㄨㄢˇ ㄓㄨㄥ ㄎㄨㄟ ㄊㄧㄢ
管仲隨馬,1,ㄍㄨㄢˇ ㄓㄨㄥˋ ㄙㄨㄟˊ ㄇㄚˇ
管制中心,1,ㄍㄨㄢˇ ㄓˋ ㄓㄨㄥ ㄒㄧㄣ
管制區域,1,ㄍㄨㄢˇ ㄓˋ ㄑㄩ ㄩˋ
管制塔臺,1,ㄍㄨㄢˇ ㄓˋ ㄊㄚˇ ㄊㄞˊ
管制空域,1,ㄍㄨㄢˇ ㄓˋ ㄎㄨㄥ ㄩˋ
管制路線,1,ㄍㄨㄢˇ ㄓˋ ㄌㄨˋ ㄒㄧㄢˋ
管城毛穎,1,ㄍㄨㄢˇ ㄔㄥˊ ㄇㄠˊ ㄧㄥˇ
管城生花,1,ㄍㄨㄢˇ ㄔㄥˊ ㄕㄥ ㄏㄨㄚ
管家娘子,1,ㄍㄨㄢˇ ㄐㄧㄚ ㄋㄧㄤˊ ㄗ˙
管寧割席,1,ㄍㄨㄢˇ ㄋㄧㄥˊ ㄍㄜ ㄒㄧˊ
管弦樂團,1,ㄍㄨㄢˇ ㄒㄧㄢˊ ㄩㄝˋ ㄊㄨㄢˊ
管理科學,1,ㄍㄨㄢˇ ㄌㄧˇ ㄎㄜ ㄒㄩㄝˊ
管窺之見,1,ㄍㄨㄢˇ ㄎㄨㄟ ㄓ ㄐㄧㄢˋ
管窺筐舉,1,ㄍㄨㄢˇ ㄎㄨㄟ ㄎㄨㄤ ㄐㄩˇ
管闚錐指,1,ㄍㄨㄢˇ ㄎㄨㄟ ㄓㄨㄟ ㄓˇ
管鮑之交,1,ㄍㄨㄢˇ ㄅㄠˋ ㄓ ㄐㄧㄠ
管鮑分金,1,ㄍㄨㄢˇ ㄅㄠˋ ㄈㄣ ㄐㄧㄣ
箭不虛發,1,ㄐㄧㄢˋ ㄅㄨˋ ㄒㄩ ㄈㄚ
箭也似的,1,ㄐㄧㄢˋ ㄧㄝˇ ㄙˋ ㄉㄜ˙
箭穿鴈嘴,1,ㄐㄧㄢˋ ㄔㄨㄢ ㄧㄢˋ ㄗㄨㄟˇ
箭頭文字,1,ㄐㄧㄢˋ ㄊㄡˊ ㄨㄣˊ ㄗˋ
箱底功夫,1,ㄒㄧㄤ ㄉㄧˇ ㄍㄨㄥ ㄈㄨ
箱網養殖,1,ㄒㄧㄤ ㄨㄤˇ ㄧㄤˇ ㄓˊ
箸長碗短,1,ㄓㄨˋ ㄔㄤˊ ㄨㄢˇ ㄉㄨㄢˇ
節上生枝,1,ㄐㄧㄝˊ ㄕㄤˋ ㄕㄥ ㄓ
節儉力行,1,ㄐㄧㄝˊ ㄐㄧㄢˇ ㄌㄧˋ ㄒㄧㄥˊ
節儉躬行,1,ㄐㄧㄝˊ ㄐㄧㄢˇ ㄍㄨㄥ ㄒㄧㄥˊ
節用厚生,1,ㄐㄧㄝˊ ㄩㄥˋ ㄏㄡˋ ㄕㄥ
節用愛人,1,ㄐㄧㄝˊ ㄩㄥˋ ㄞˋ ㄖㄣˊ
節用裕民,1,ㄐㄧㄝˊ ㄩㄥˋ ㄩˋ ㄇㄧㄣˊ
節目現場,1,ㄐㄧㄝˊ ㄇㄨˋ ㄒㄧㄢˋ ㄔㄤˊ
節節失利,1,ㄐㄧㄝˊ ㄐㄧㄝˊ ㄕ ㄌㄧˋ
節節攀高,1,ㄐㄧㄝˊ ㄐㄧㄝˊ ㄆㄢ ㄍㄠ
節約能源,1,ㄐㄧㄝˊ ㄩㄝ ㄋㄥˊ ㄩㄢˊ
節義廉明,1,ㄐㄧㄝˊ ㄧˋ ㄌㄧㄢˊ ㄇㄧㄥˊ
節行瑰奇,1,ㄐㄧㄝˊ ㄒㄧㄥˋ ㄍㄨㄟ ㄑㄧˊ
節食縮衣,1,ㄐㄧㄝˊ ㄕˊ ㄙㄨㄛ ㄧ
節骨眼上,1,ㄐㄧㄝˊ ㄍㄨ˙ ㄧㄢˇ ㄕㄤˋ
篇海類編,1,ㄆㄧㄢ ㄏㄞˇ ㄌㄟˋ ㄅㄧㄢ
築壇拜將,1,ㄓㄨˊ ㄊㄢˊ ㄅㄞˋ ㄐㄧㄤˋ
築室反耕,1,ㄓㄨˊ ㄕˋ ㄈㄢˇ ㄍㄥ
築築磕磕,1,ㄓㄨˊ ㄓㄨˊ ㄎㄜ ㄎㄜ
篛帽芒鞋,1,ㄖㄨㄛˋ ㄇㄠˋ ㄇㄤˊ ㄒㄧㄝˊ
篝火狐鳴,1,ㄍㄡ ㄏㄨㄛˇ ㄏㄨˊ ㄇㄧㄥˊ
篤信好古,1,ㄉㄨˇ ㄒㄧㄣˋ ㄏㄠˋ ㄍㄨˇ
篤學好古,1,ㄉㄨˇ ㄒㄩㄝˊ ㄏㄠˋ ㄍㄨˇ
篤志好學,1,ㄉㄨˇ ㄓˋ ㄏㄠˋ ㄒㄩㄝˊ
篤志愛古,1,ㄉㄨˇ ㄓˋ ㄞˋ ㄍㄨˇ
篤篤喃喃,1,ㄉㄨˇ ㄉㄨˇ ㄋㄢˊ ㄋㄢˊ
篤篤寞寞,1,ㄉㄨˇ ㄉㄨˇ ㄇㄛˋ ㄇㄛˋ
篤篤末末,1,ㄉㄨˇ ㄉㄨˇ ㄇㄛˋ ㄇㄛˋ
篦頭師傅,1,ㄅㄧˋ ㄊㄡˊ ㄕ ㄈㄨˋ
篩子餵驢,1,ㄕㄞ ㄗ˙ ㄨㄟˋ ㄌㄩˊ
篳路襤褸,1,ㄅㄧˋ ㄌㄨˋ ㄌㄢˊ ㄌㄩˇ
篳門圭窬,1,ㄅㄧˋ ㄇㄣˊ ㄍㄨㄟ ㄩˊ
篳門圭竇,1,ㄅㄧˋ ㄇㄣˊ ㄍㄨㄟ ㄉㄡˋ
篳門閨竇,1,ㄅㄧˋ ㄇㄣˊ ㄍㄨㄟ ㄉㄡˋ
篾片相公,1,ㄇㄧㄝˋ ㄆㄧㄢˋ ㄒㄧㄤˋ ㄍㄨㄥ
簞瓢屢空,1,ㄉㄢ ㄆㄧㄠˊ ㄌㄩˇ ㄎㄨㄥˋ
簞瓢陋巷,1,ㄉㄢ ㄆㄧㄠˊ ㄌㄡˋ ㄒㄧㄤˋ
簞食豆羹,1,ㄉㄢ ㄙˋ ㄉㄡˋ ㄍㄥ
簠簋不飾,1,ㄈㄨˇ ㄍㄨㄟˇ ㄅㄨˋ ㄕˋ
簡化漢字,1,ㄐㄧㄢˇ ㄏㄨㄚˋ ㄏㄢˋ ㄗˋ
簡在帝心,1,ㄐㄧㄢˇ ㄗㄞˋ ㄉㄧˋ ㄒㄧㄣ
簡字譜錄,1,ㄐㄧㄢˇ ㄗˋ ㄆㄨˇ ㄌㄨˋ
簡截了當,1,ㄐㄧㄢˇ ㄐㄧㄝˊ ㄌㄧㄠˇ ㄉㄤˋ
簡易師範,1,ㄐㄧㄢˇ ㄧˋ ㄕ ㄈㄢˋ
簡策楮墨,1,ㄐㄧㄢˇ ㄘㄜˋ ㄔㄨˇ ㄇㄛˋ
簪筆磬折,1,ㄗㄢ ㄅㄧˇ ㄑㄧㄥˋ ㄓㄜˊ
簪纓世胄,1,ㄗㄢ ㄧㄥ ㄕˋ ㄓㄡˋ
簪纓縉紳,1,ㄗㄢ ㄧㄥ ㄐㄧㄣˋ ㄕㄣ
簪纓門第,1,ㄗㄢ ㄧㄥ ㄇㄣˊ ㄉㄧˋ
簫韶九成,1,ㄒㄧㄠ ㄕㄠˊ ㄐㄧㄡˇ ㄔㄥˊ
籃外空心,1,ㄌㄢˊ ㄨㄞˋ ㄎㄨㄥ ㄒㄧㄣ
籍籍無名,1,ㄐㄧˊ ㄐㄧˊ ㄨˊ ㄇㄧㄥˊ
籠中窮鳥,1,ㄌㄨㄥˊ ㄓㄨㄥ ㄑㄩㄥˊ ㄋㄧㄠˇ
籠街喝道,1,ㄌㄨㄥˊ ㄐㄧㄝ ㄏㄜˋ ㄉㄠˋ
籠貫箱張,1,ㄌㄨㄥˊ ㄍㄨㄢˋ ㄒㄧㄤ ㄓㄤ
籠驢把馬,1,ㄌㄨㄥˊ ㄌㄩˊ ㄅㄚˇ ㄇㄚˇ
籠鳥檻猿,1,ㄌㄨㄥˊ ㄋㄧㄠˇ ㄐㄧㄢˋ ㄩㄢˊ
籧篨戚施,1,ㄑㄩˊ ㄔㄨˊ ㄑㄧ ㄕ
籬壁間物,1,ㄌㄧˊ ㄅㄧˋ ㄐㄧㄢ ㄨˋ
米奇老鼠,1,ㄇㄧˇ ㄑㄧˊ ㄌㄠˇ ㄕㄨˇ
米已成炊,1,ㄇㄧˇ ㄧˇ ㄔㄥˊ ㄔㄨㄟ
米爛成倉,1,ㄇㄧˇ ㄌㄢˋ ㄔㄥˊ ㄘㄤ
米粒之珠,1,ㄇㄧˇ ㄌㄧˋ ㄓ ㄓㄨ
米釐米突,1,ㄇㄧˇ ㄌㄧˊ ㄇㄧˇ ㄊㄨˊ
米鹽博辯,1,ㄇㄧˇ ㄧㄢˊ ㄅㄛˊ ㄅㄧㄢˋ
粉吝紅慳,1,ㄈㄣˇ ㄌㄧㄣˋ ㄏㄨㄥˊ ㄑㄧㄢ
粉妝玉琢,1,ㄈㄣˇ ㄓㄨㄤ ㄩˋ ㄓㄨㄛˊ
粉妝玉砌,1,ㄈㄣˇ ㄓㄨㄤ ㄩˋ ㄑㄧˋ
粉淡香殘,1,ㄈㄣˇ ㄉㄢˋ ㄒㄧㄤ ㄘㄢˊ
粉湯包子,1,ㄈㄣˇ ㄊㄤ ㄅㄠ ㄗ˙
粉白墨黑,1,ㄈㄣˇ ㄅㄞˊ ㄇㄛˋ ㄏㄟ
粉白黛綠,1,ㄈㄣˇ ㄅㄞˊ ㄉㄞˋ ㄌㄩˋ
粉白黛黑,1,ㄈㄣˇ ㄅㄞˊ ㄉㄞˋ ㄏㄟ
粉裝玉琢,1,ㄈㄣˇ ㄓㄨㄤ ㄩˋ ㄓㄨㄛˊ
粉身灰骨,1,ㄈㄣˇ ㄕㄣ ㄏㄨㄟ ㄍㄨˇ
粉零麻碎,1,ㄈㄣˇ ㄌㄧㄥˊ ㄇㄚˊ ㄙㄨㄟˋ
粉面油頭,1,ㄈㄣˇ ㄇㄧㄢˋ ㄧㄡˊ ㄊㄡˊ
粉面硃脣,1,ㄈㄣˇ ㄇㄧㄢˋ ㄓㄨ ㄔㄨㄣˊ
粉頸酥胸,1,ㄈㄣˇ ㄐㄧㄥˇ ㄙㄨ ㄒㄩㄥ
粉骨碎身,1,ㄈㄣˇ ㄍㄨˇ ㄙㄨㄟˋ ㄕㄣ
粒米束薪,1,ㄌㄧˋ ㄇㄧˇ ㄕㄨˋ ㄒㄧㄣ
粒米狼戾,1,ㄌㄧˋ ㄇㄧˇ ㄌㄤˊ ㄌㄧˋ
粗心浮氣,1,ㄘㄨ ㄒㄧㄣ ㄈㄨˊ ㄑㄧˋ
粗放農業,1,ㄘㄨ ㄈㄤˋ ㄋㄨㄥˊ ㄧㄝˋ
粗服亂頭,1,ㄘㄨ ㄈㄨˊ ㄌㄨㄢˋ ㄊㄡˊ
粗聲厲語,1,ㄘㄨ ㄕㄥ ㄌㄧˋ ㄩˇ
粗衣劣食,1,ㄘㄨ ㄧ ㄌㄧㄝˋ ㄕˊ
粗衣惡食,1,ㄘㄨ ㄧ ㄜˋ ㄕˊ
粗衣淡飯,1,ㄘㄨ ㄧ ㄉㄢˋ ㄈㄢˋ
粗衣糲食,1,ㄘㄨ ㄧ ㄌㄧˋ ㄕˊ
粗風暴雨,1,ㄘㄨ ㄈㄥ ㄅㄠˋ ㄩˇ
粘皮帶骨,1,ㄋㄧㄢˊ ㄆㄧˊ ㄉㄞˋ ㄍㄨˇ
粘花惹絮,1,ㄋㄧㄢˊ ㄏㄨㄚ ㄖㄜˇ ㄒㄩˋ
粘花惹草,1,ㄋㄧㄢˊ ㄏㄨㄚ ㄖㄜˇ ㄘㄠˇ
粟紅貫朽,1,ㄙㄨˋ ㄏㄨㄥˊ ㄍㄨㄢˋ ㄒㄧㄡˇ
粟陳貫朽,1,ㄙㄨˋ ㄔㄣˊ ㄍㄨㄢˋ ㄒㄧㄡˇ
粥粥無能,1,ㄓㄨˋ ㄓㄨˋ ㄨˊ ㄋㄥˊ
粲然可觀,1,ㄘㄢˋ ㄖㄢˊ ㄎㄜˇ ㄍㄨㄢ
粲花之論,1,ㄘㄢˋ ㄏㄨㄚ ㄓ ㄌㄨㄣˋ
粵犬吠雪,1,ㄩㄝˋ ㄑㄩㄢˇ ㄈㄟˋ ㄒㄩㄝˇ
粵若稽古,1,ㄩㄝˋ ㄖㄨㄛˋ ㄐㄧ ㄍㄨˇ
粼粼波光,1,ㄌㄧㄣˊ ㄌㄧㄣˊ ㄅㄛ ㄍㄨㄤ
精兵猛將,1,ㄐㄧㄥ ㄅㄧㄥ ㄇㄥˇ ㄐㄧㄤˋ
精奇古怪,1,ㄐㄧㄥ ㄑㄧˊ ㄍㄨˇ ㄍㄨㄞˋ
精奇里江,1,ㄐㄧㄥ ㄑㄧˊ ㄌㄧˇ ㄐㄧㄤ
精妙入神,1,ㄐㄧㄥ ㄇㄧㄠˋ ㄖㄨˋ ㄕㄣˊ
精妙絕倫,1,ㄐㄧㄥ ㄇㄧㄠˋ ㄐㄩㄝˊ ㄌㄨㄣˊ
精密陶瓷,1,ㄐㄧㄥ ㄇㄧˋ ㄊㄠˊ ㄘˊ
精彩生動,1,ㄐㄧㄥ ㄘㄞˇ ㄕㄥ ㄉㄨㄥˋ
精彩逼人,1,ㄐㄧㄥ ㄘㄞˇ ㄅㄧ ㄖㄣˊ
精悍短小,1,ㄐㄧㄥ ㄏㄢˋ ㄉㄨㄢˇ ㄒㄧㄠˇ
精悟玄鑒,1,ㄐㄧㄥ ㄨˋ ㄒㄩㄢˊ ㄐㄧㄢˋ
精挑細選,1,ㄐㄧㄥ ㄊㄧㄠ ㄒㄧˋ ㄒㄩㄢˇ
精明幹練,1,ㄐㄧㄥ ㄇㄧㄥˊ ㄍㄢˋ ㄌㄧㄢˋ
精神可嘉,1,ㄐㄧㄥ ㄕㄣˊ ㄎㄜˇ ㄐㄧㄚ
精神外遇,1,ㄐㄧㄥ ㄕㄣˊ ㄨㄞˋ ㄩˋ
精神文化,1,ㄐㄧㄥ ㄕㄣˊ ㄨㄣˊ ㄏㄨㄚˋ
精神文明,1,ㄐㄧㄥ ㄕㄣˊ ㄨㄣˊ ㄇㄧㄥˊ
精神渙散,1,ㄐㄧㄥ ㄕㄣˊ ㄏㄨㄢˋ ㄙㄢˋ
精神滿腹,1,ㄐㄧㄥ ㄕㄣˊ ㄇㄢˇ ㄈㄨˋ
精神煥發,1,ㄐㄧㄥ ㄕㄣˊ ㄏㄨㄢˋ ㄈㄚ
精神醫學,1,ㄐㄧㄥ ㄕㄣˊ ㄧ ㄒㄩㄝˊ
精神錦標,1,ㄐㄧㄥ ㄕㄣˊ ㄐㄧㄣˇ ㄅㄧㄠ
精神錯亂,1,ㄐㄧㄥ ㄕㄣˊ ㄘㄨㄛˋ ㄌㄨㄢˋ
精美絕倫,1,ㄐㄧㄥ ㄇㄟˇ ㄐㄩㄝˊ ㄌㄨㄣˊ
精義入神,1,ㄐㄧㄥ ㄧˋ ㄖㄨˋ ㄕㄣˊ
精衛填海,1,ㄐㄧㄥ ㄨㄟˋ ㄊㄧㄢˊ ㄏㄞˇ
精誠貫日,1,ㄐㄧㄥ ㄔㄥˊ ㄍㄨㄢˋ ㄖˋ
精貫白日,1,ㄐㄧㄥ ㄍㄨㄢˋ ㄅㄛˊ ㄖˋ
精赤條條,1,ㄐㄧㄥ ㄔˋ ㄊㄧㄠˊ ㄊㄧㄠˊ
精金百煉,1,ㄐㄧㄥ ㄐㄧㄣ ㄅㄞˇ ㄌㄧㄢˋ
精金美玉,1,ㄐㄧㄥ ㄐㄧㄣ ㄇㄟˇ ㄩˋ
精金良玉,1,ㄐㄧㄥ ㄐㄧㄣ ㄌㄧㄤˊ ㄩˋ
精銀響鈔,1,ㄐㄧㄥ ㄧㄣˊ ㄒㄧㄤˇ ㄔㄠ
精雕細刻,1,ㄐㄧㄥ ㄉㄧㄠ ㄒㄧˋ ㄎㄜˋ
精雕細鏤,1,ㄐㄧㄥ ㄉㄧㄠ ㄒㄧˋ ㄌㄡˋ
精靈古怪,1,ㄐㄧㄥ ㄌㄧㄥˊ ㄍㄨˇ ㄍㄨㄞˋ
糊仔栽培,1,ㄏㄨˊ ㄗˇ ㄗㄞ ㄆㄟˊ
糊裡糊塗,1,ㄏㄨˊ ㄌㄧ˙ ㄏㄨˊ ㄊㄨˊ
糊里糊塗,1,ㄏㄨˊ ㄌㄧ˙ ㄏㄨˊ ㄊㄨˊ
糖炒栗子,1,ㄊㄤˊ ㄔㄠˇ ㄌㄧˋ ㄗ˙
糖舌蜜口,1,ㄊㄤˊ ㄕㄜˊ ㄇㄧˋ ㄎㄡˇ
糖衣炮彈,1,ㄊㄤˊ ㄧ ㄆㄠˋ ㄉㄢˋ
糖解作用,1,ㄊㄤˊ ㄐㄧㄝˇ ㄗㄨㄛˋ ㄩㄥˋ
糜糜之音,1,ㄇㄧˊ ㄇㄧˊ ㄓ ㄧㄣ
糜軀碎首,1,ㄇㄧˊ ㄑㄩ ㄙㄨㄟˋ ㄕㄡˇ
糞壤窟室,1,ㄈㄣˋ ㄖㄤˇ ㄎㄨ ㄕˋ
糟糠不厭,1,ㄗㄠ ㄎㄤ ㄅㄨˋ ㄧㄢˋ
糢糢糊糊,1,ㄇㄛˊ ㄇㄛ˙ ㄏㄨ ㄏㄨ
糧不繼日,1,ㄌㄧㄤˊ ㄅㄨˋ ㄐㄧˋ ㄖˋ
糧多草廣,1,ㄌㄧㄤˊ ㄉㄨㄛ ㄘㄠˇ ㄍㄨㄤˇ
糧寡兵微,1,ㄌㄧㄤˊ ㄍㄨㄚˇ ㄅㄧㄥ ㄨㄟˊ
糧盡援絕,1,ㄌㄧㄤˊ ㄐㄧㄣˋ ㄩㄢˊ ㄐㄩㄝˊ
糯米丸子,1,ㄋㄨㄛˋ ㄇㄧˇ ㄨㄢˊ ㄗ˙
糲食粗衣,1,ㄌㄧˋ ㄕˊ ㄘㄨ ㄧ
糲食粗餐,1,ㄌㄧˋ ㄕˊ ㄘㄨ ㄘㄢ
糶風賣雨,1,ㄊㄧㄠˋ ㄈㄥ ㄇㄞˋ ㄩˇ
系統理論,1,ㄒㄧˋ ㄊㄨㄥˇ ㄌㄧˇ ㄌㄨㄣˋ
系統設計,1,ㄒㄧˋ ㄊㄨㄥˇ ㄕㄜˋ ㄐㄧˋ
系統軟體,1,ㄒㄧˋ ㄊㄨㄥˇ ㄖㄨㄢˇ ㄊㄧˇ
糾繆繩違,1,ㄐㄧㄡ ㄇㄧㄡˋ ㄕㄥˊ ㄨㄟˊ
紀念信封,1,ㄐㄧˋ ㄋㄧㄢˋ ㄒㄧㄣˋ ㄈㄥ
紀念郵票,1,ㄐㄧˋ ㄋㄧㄢˋ ㄧㄡˊ ㄆㄧㄠˋ
約克夏豬,1,ㄩㄝ ㄎㄜˋ ㄒㄧㄚˋ ㄓㄨ
紅光紫霧,1,ㄏㄨㄥˊ ㄍㄨㄤ ㄗˇ ㄨˋ
紅口白舌,1,ㄏㄨㄥˊ ㄎㄡˇ ㄅㄞˊ ㄕㄜˊ
紅塵客夢,1,ㄏㄨㄥˊ ㄔㄣˊ ㄎㄜˋ ㄇㄥˋ
紅塵萬丈,1,ㄏㄨㄥˊ ㄔㄣˊ ㄨㄢˋ ㄓㄤˋ
紅字黑押,1,ㄏㄨㄥˊ ㄗˋ ㄏㄟ ㄧㄚ
紅寶石婚,1,ㄏㄨㄥˊ ㄅㄠˇ ㄕˊ ㄏㄨㄣ
紅尾伯勞,1,ㄏㄨㄥˊ ㄨㄟˇ ㄅㄛˊ ㄌㄠˊ
紅山文化,1,ㄏㄨㄥˊ ㄕㄢ ㄨㄣˊ ㄏㄨㄚˋ
紅愁綠慘,1,ㄏㄨㄥˊ ㄔㄡˊ ㄌㄩˋ ㄘㄢˇ
紅旗報捷,1,ㄏㄨㄥˊ ㄑㄧˊ ㄅㄠˋ ㄐㄧㄝˊ
紅日三竿,1,ㄏㄨㄥˊ ㄖˋ ㄙㄢ ㄍㄢ
紅日當午,1,ㄏㄨㄥˊ ㄖˋ ㄉㄤ ㄨˇ
紅杏尚書,1,ㄏㄨㄥˊ ㄒㄧㄥˋ ㄕㄤˋ ㄕㄨ
紅消香斷,1,ㄏㄨㄥˊ ㄒㄧㄠ ㄒㄧㄤ ㄉㄨㄢˋ
紅燈綠酒,1,ㄏㄨㄥˊ ㄉㄥ ㄌㄩˋ ㄐㄧㄡˇ
紅瘦綠肥,1,ㄏㄨㄥˊ ㄕㄡˋ ㄌㄩˋ ㄈㄟˊ
紅白大事,1,ㄏㄨㄥˊ ㄅㄞˊ ㄉㄚˋ ㄕˋ
紅白大禮,1,ㄏㄨㄥˊ ㄅㄞˊ ㄉㄚˋ ㄌㄧˇ
紅粉青樓,1,ㄏㄨㄥˊ ㄈㄣˇ ㄑㄧㄥ ㄌㄡˊ
紅粉青蛾,1,ㄏㄨㄥˊ ㄈㄣˇ ㄑㄧㄥ ㄜˊ
紅紫亂朱,1,ㄏㄨㄥˊ ㄗˇ ㄌㄨㄢˋ ㄓㄨ
紅絲待選,1,ㄏㄨㄥˊ ㄙ ㄉㄞˋ ㄒㄩㄢˇ
紅絲暗繫,1,ㄏㄨㄥˊ ㄙ ㄢˋ ㄒㄧˋ
紅綠帖子,1,ㄏㄨㄥˊ ㄌㄩˋ ㄊㄧㄝˇ ㄗ˙
紅線盜盒,1,ㄏㄨㄥˊ ㄒㄧㄢˋ ㄉㄠˋ ㄏㄜˊ
紅腐貫朽,1,ㄏㄨㄥˊ ㄈㄨˇ ㄍㄨㄢˋ ㄒㄧㄡˇ
紅色廣場,1,ㄏㄨㄥˊ ㄙㄜˋ ㄍㄨㄤˇ ㄔㄤˊ
紅色恐怖,1,ㄏㄨㄥˊ ㄙㄜˋ ㄎㄨㄥˇ ㄅㄨˋ
紅花綠葉,1,ㄏㄨㄥˊ ㄏㄨㄚ ㄌㄩˋ ㄧㄝˋ
紅葉之題,1,ㄏㄨㄥˊ ㄧㄝˋ ㄓ ㄊㄧˊ
紅葉題詩,1,ㄏㄨㄥˊ ㄧㄝˋ ㄊㄧˊ ㄕ
紅葡萄藤,1,ㄏㄨㄥˊ ㄆㄨˊ ㄊㄠˊ ㄊㄥˊ
紅衰翠減,1,ㄏㄨㄥˊ ㄕㄨㄞ ㄘㄨㄟˋ ㄐㄧㄢˇ
紅袖添香,1,ㄏㄨㄥˊ ㄒㄧㄡˋ ㄊㄧㄢ ㄒㄧㄤ
紅頭阿三,1,ㄏㄨㄥˊ ㄊㄡˊ ㄚ ㄙㄢ
紅頭黑炭,1,ㄏㄨㄥˊ ㄊㄡˊ ㄏㄟ ㄊㄢˋ
紅顏命薄,1,ㄏㄨㄥˊ ㄧㄢˊ ㄇㄧㄥˋ ㄅㄛˊ
紅鸞照命,1,ㄏㄨㄥˊ ㄌㄨㄢˊ ㄓㄠˋ ㄇㄧㄥˋ
紆朱懷金,1,ㄩ ㄓㄨ ㄏㄨㄞˊ ㄐㄧㄣ
紆青拖紫,1,ㄩ ㄑㄧㄥ ㄊㄨㄛ ㄗˇ
紇字不識,1,ㄏㄜˊ ㄗˋ ㄅㄨˋ ㄕˋ
紋絲不動,1,ㄨㄣˊ ㄙ ㄅㄨˋ ㄉㄨㄥˋ
紋風不動,1,ㄨㄣˊ ㄈㄥ ㄅㄨˋ ㄉㄨㄥˋ
納土獻印,1,ㄋㄚˋ ㄊㄨˇ ㄒㄧㄢˋ ㄧㄣˋ
納垢藏汙,1,ㄋㄚˋ ㄍㄡˋ ㄘㄤˊ ㄨ
納士招賢,1,ㄋㄚˋ ㄕˋ ㄓㄠ ㄒㄧㄢˊ
納奇錄異,1,ㄋㄚˋ ㄑㄧˊ ㄌㄨˋ ㄧˋ
納履決踵,1,ㄋㄚˋ ㄌㄩˇ ㄐㄩㄝˊ ㄓㄨㄥˇ
納屨踵決,1,ㄋㄚˋ ㄐㄩˋ ㄓㄨㄥˇ ㄐㄩㄝˊ
納胯挪腰,1,ㄋㄚˋ ㄎㄨㄚˋ ㄋㄨㄛˊ ㄧㄠ
納草納料,1,ㄋㄚˋ ㄘㄠˇ ㄋㄚˋ ㄌㄧㄠˋ
納莉颱風,1,ㄋㄚˋ ㄌㄧˋ ㄊㄞˊ ㄈㄥ
納蘭性德,1,ㄋㄚˋ ㄌㄢˊ ㄒㄧㄥˋ ㄉㄜˊ
納諫如流,1,ㄋㄚˋ ㄐㄧㄢˋ ㄖㄨˊ ㄌㄧㄡˊ
納貢稱臣,1,ㄋㄚˋ ㄍㄨㄥˋ ㄔㄥ ㄔㄣˊ
紐約影展,1,ㄋㄧㄡˇ ㄩㄝ ㄧㄥˇ ㄓㄢˇ
純淨新聞,1,ㄔㄨㄣˊ ㄐㄧㄥˋ ㄒㄧㄣ ㄨㄣˊ
純粹主義,1,ㄔㄨㄣˊ ㄘㄨㄟˋ ㄓㄨˇ ㄧˋ
純粹理性,1,ㄔㄨㄣˊ ㄘㄨㄟˋ ㄌㄧˇ ㄒㄧㄥˋ
純粹科學,1,ㄔㄨㄣˊ ㄘㄨㄟˋ ㄎㄜ ㄒㄩㄝˊ
純陽祖師,1,ㄔㄨㄣˊ ㄧㄤˊ ㄗㄨˇ ㄕ
紙上封鎖,1,ㄓˇ ㄕㄤˋ ㄈㄥ ㄙㄨㄛˇ
紙上空談,1,ㄓˇ ㄕㄤˋ ㄎㄨㄥ ㄊㄢˊ
紙上電影,1,ㄓˇ ㄕㄤˋ ㄉㄧㄢˋ ㄧㄥˇ
紙煤管子,1,ㄓˇ ㄇㄟˊ ㄍㄨㄢˇ ㄗ˙
紛亂無序,1,ㄈㄣ ㄌㄨㄢˋ ㄨˊ ㄒㄩˋ
紛沓而來,1,ㄈㄣ ㄊㄚˋ ㄦˊ ㄌㄞˊ
紛爭不已,1,ㄈㄣ ㄓㄥ ㄅㄨˋ ㄧˇ
紛紛嚷嚷,1,ㄈㄣ ㄈㄣ ㄖㄤˇ ㄖㄤˇ
紛紛攘攘,1,ㄈㄣ ㄈㄣ ㄖㄤˇ ㄖㄤˇ
紛紛穰穰,1,ㄈㄣ ㄈㄣ ㄖㄤˇ ㄖㄤˇ
紛紛籍籍,1,ㄈㄣ ㄈㄣ ㄐㄧˊ ㄐㄧˊ
紛紛翼翼,1,ㄈㄣ ㄈㄣ ㄧˋ ㄧˋ
紛紛鬧鬧,1,ㄈㄣ ㄈㄣ ㄋㄠˋ ㄋㄠˋ
紛紜雜沓,1,ㄈㄣ ㄩㄣˊ ㄗㄚˊ ㄊㄚˋ
素人畫家,1,ㄙㄨˋ ㄖㄣˊ ㄏㄨㄚˋ ㄐㄧㄚ
素口罵人,1,ㄙㄨˋ ㄎㄡˇ ㄇㄚˋ ㄖㄣˊ
素昧生平,1,ㄙㄨˋ ㄇㄟˋ ㄕㄥ ㄆㄧㄥˊ
素絲羔羊,1,ㄙㄨˋ ㄙ ㄍㄠ ㄧㄤˊ
素絲良馬,1,ㄙㄨˋ ㄙ ㄌㄧㄤˊ ㄇㄚˇ
素行不良,1,ㄙㄨˋ ㄒㄧㄥˋ ㄅㄨˋ ㄌㄧㄤˊ
素衣化緇,1,ㄙㄨˋ ㄧ ㄏㄨㄚˋ ㄗ
素車白馬,1,ㄙㄨˋ ㄔㄜ ㄅㄞˊ ㄇㄚˇ
素門凡流,1,ㄙㄨˋ ㄇㄣˊ ㄈㄢˊ ㄌㄧㄡˊ
素隱行怪,1,ㄙㄨˋ ㄧㄣˇ ㄒㄧㄥˋ ㄍㄨㄞˋ
素面朝天,1,ㄙㄨˋ ㄇㄧㄢˋ ㄔㄠˊ ㄊㄧㄢ
素餐尸位,1,ㄙㄨˋ ㄘㄢ ㄕ ㄨㄟˋ
紡績井臼,1,ㄈㄤˇ ㄐㄧ ㄐㄧㄥˇ ㄐㄧㄡˋ
索垢尋疵,1,ㄙㄨㄛˇ ㄍㄡˋ ㄒㄩㄣˊ ㄘ
索忍尼辛,1,ㄙㄨㄛˇ ㄖㄣˇ ㄋㄧˊ ㄒㄧㄣ
索書號碼,1,ㄙㄨㄛˇ ㄕㄨ ㄏㄠˋ ㄇㄚˇ
索盡枯腸,1,ㄙㄨㄛˇ ㄐㄧㄣˋ ㄎㄨ ㄔㄤˊ
索米長安,1,ㄙㄨㄛˇ ㄇㄧˇ ㄔㄤˊ ㄢ
索隱行怪,1,ㄙㄨㄛˇ ㄧㄣˇ ㄒㄧㄥˊ ㄍㄨㄞˋ
紫氣東來,1,ㄗˇ ㄑㄧˋ ㄉㄨㄥ ㄌㄞˊ
紫綬金章,1,ㄗˇ ㄕㄡˋ ㄐㄧㄣ ㄓㄤ
紫色蛙聲,1,ㄗˇ ㄙㄜˋ ㄨㄚ ㄕㄥ
紫芝眉宇,1,ㄗˇ ㄓ ㄇㄟˊ ㄩˇ
紫花地丁,1,ㄗˇ ㄏㄨㄚ ㄉㄧˋ ㄉㄧㄥ
紫袍玉帶,1,ㄗˇ ㄆㄠˊ ㄩˋ ㄉㄞˋ
紫陌紅塵,1,ㄗˇ ㄇㄛˋ ㄏㄨㄥˊ ㄔㄣˊ
累卵之危,1,ㄌㄟˇ ㄌㄨㄢˇ ㄓ ㄨㄟˊ
累土至山,1,ㄌㄟˇ ㄊㄨˇ ㄓˋ ㄕㄢ
累塊積蘇,1,ㄌㄟˇ ㄎㄨㄞˋ ㄐㄧ ㄙㄨ
累彰勛效,1,ㄌㄟˇ ㄓㄤ ㄒㄩㄣ ㄒㄧㄠˋ
累積盈餘,1,ㄌㄟˇ ㄐㄧ ㄧㄥˊ ㄩˊ
累足成步,1,ㄌㄟˇ ㄗㄨˊ ㄔㄥˊ ㄅㄨˋ
累進稅率,1,ㄌㄟˇ ㄐㄧㄣˋ ㄕㄨㄟˋ ㄌㄩˋ
累進處遇,1,ㄌㄟˇ ㄐㄧㄣˋ ㄔㄨˇ ㄩˋ
細不容髮,1,ㄒㄧˋ ㄅㄨˋ ㄖㄨㄥˊ ㄈㄚˇ
細大不逾,1,ㄒㄧˋ ㄉㄚˋ ㄅㄨˋ ㄩˊ
細大無遺,1,ㄒㄧˋ ㄉㄚˋ ㄨˊ ㄧˊ
細微末節,1,ㄒㄧˋ ㄨㄟˊ ㄇㄛˋ ㄐㄧㄝˊ
細枝末節,1,ㄒㄧˋ ㄓ ㄇㄛˋ ㄐㄧㄝˊ
細聲細氣,1,ㄒㄧˋ ㄕㄥ ㄒㄧˋ ㄑㄧˋ
細胞色素,1,ㄒㄧˋ ㄅㄠ ㄙㄜˋ ㄙㄨˋ
細胞週期,1,ㄒㄧˋ ㄅㄠ ㄓㄡ ㄑㄧˊ
細胞銀行,1,ㄒㄧˋ ㄅㄠ ㄧㄣˊ ㄏㄤˊ
細菌武器,1,ㄒㄧˋ ㄐㄩㄣˋ ㄨˇ ㄑㄧˋ
細葉山茶,1,ㄒㄧˋ ㄧㄝˋ ㄕㄢ ㄔㄚˊ
細針密縷,1,ㄒㄧˋ ㄓㄣ ㄇㄧˋ ㄌㄩˇ
紳士協定,1,ㄕㄣ ㄕˋ ㄒㄧㄝˊ ㄉㄧㄥˋ
紹休聖緒,1,ㄕㄠˋ ㄒㄧㄡ ㄕㄥˋ ㄒㄩˋ
紹興師爺,1,ㄕㄠˋ ㄒㄧㄥ ㄕ ㄧㄝˊ
終南別業,1,ㄓㄨㄥ ㄋㄢˊ ㄅㄧㄝˊ ㄧㄝˋ
終南捷徑,1,ㄓㄨㄥ ㄋㄢˊ ㄐㄧㄝˊ ㄐㄧㄥˋ
終天之恨,1,ㄓㄨㄥ ㄊㄧㄢ ㄓ ㄏㄣˋ
終天之慕,1,ㄓㄨㄥ ㄊㄧㄢ ㄓ ㄇㄨˋ
終天抱恨,1,ㄓㄨㄥ ㄊㄧㄢ ㄅㄠˋ ㄏㄣˋ
終始不渝,1,ㄓㄨㄥ ㄕˇ ㄅㄨˋ ㄩˊ
終始如一,1,ㄓㄨㄥ ㄕˇ ㄖㄨˊ ㄧ
終局裁判,1,ㄓㄨㄥ ㄐㄩˊ ㄘㄞˊ ㄆㄢˋ
終日不倦,1,ㄓㄨㄥ ㄖˋ ㄅㄨˋ ㄐㄩㄢˋ
終焉之志,1,ㄓㄨㄥ ㄧㄢ ㄓ ㄓˋ
終生教育,1,ㄓㄨㄥ ㄕㄥ ㄐㄧㄠˋ ㄩˋ
終而復始,1,ㄓㄨㄥ ㄦˊ ㄈㄨˋ ㄕˇ
終身伴侶,1,ㄓㄨㄥ ㄕㄣ ㄅㄢˋ ㄌㄩˇ
終身保險,1,ㄓㄨㄥ ㄕㄣ ㄅㄠˇ ㄒㄧㄢˇ
終身學習,1,ㄓㄨㄥ ㄕㄣ ㄒㄩㄝˊ ㄒㄧˊ
終身教育,1,ㄓㄨㄥ ㄕㄣ ㄐㄧㄠˋ ㄩˋ
終身有托,1,ㄓㄨㄥ ㄕㄣ ㄧㄡˇ ㄊㄨㄛ
終身有靠,1,ㄓㄨㄥ ㄕㄣ ㄧㄡˇ ㄎㄠˋ
終身遺憾,1,ㄓㄨㄥ ㄕㄣ ㄧˊ ㄏㄢˋ
終軍棄繻,1,ㄓㄨㄥ ㄐㄩㄣ ㄑㄧˋ ㄖㄨˊ
終軍請纓,1,ㄓㄨㄥ ㄐㄩㄣ ㄑㄧㄥˇ ㄧㄥ
終食之間,1,ㄓㄨㄥ ㄕˊ ㄓ ㄐㄧㄢ
組合服裝,1,ㄗㄨˇ ㄏㄜˊ ㄈㄨˊ ㄓㄨㄤ
組合語言,1,ㄗㄨˇ ㄏㄜˊ ㄩˇ ㄧㄢˊ
組織培養,1,ㄗㄨˇ ㄓ ㄆㄟˊ ㄧㄤˇ
結交延譽,1,ㄐㄧㄝˊ ㄐㄧㄠ ㄧㄢˊ ㄩˋ
結合韻母,1,ㄐㄧㄝˊ ㄏㄜˊ ㄩㄣˋ ㄇㄨˇ
結婚戒指,1,ㄐㄧㄝˊ ㄏㄨㄣ ㄐㄧㄝˋ ㄓˇ
結宗會社,1,ㄐㄧㄝˊ ㄗㄨㄥ ㄏㄨㄟˋ ㄕㄜˋ
結晶玻璃,1,ㄐㄧㄝˊ ㄐㄧㄥ ㄅㄛ ㄌㄧ˙
結果收因,1,ㄐㄧㄝˊ ㄍㄨㄛˇ ㄕㄡ ㄧㄣ
結球甘藍,1,ㄐㄧㄝˊ ㄑㄧㄡˊ ㄍㄢ ㄌㄢˊ
結結實實,1,ㄐㄧㄝ ㄐㄧㄝ˙ ㄕ ㄕ
結結巴巴,1,ㄐㄧㄝ ㄐㄧㄝ˙ ㄅㄚ ㄅㄚ
結繩而治,1,ㄐㄧㄝˊ ㄕㄥˊ ㄦˊ ㄓˋ
結舌杜口,1,ㄐㄧㄝˊ ㄕㄜˊ ㄉㄨˋ ㄎㄡˇ
結草啣環,1,ㄐㄧㄝˊ ㄘㄠˇ ㄒㄧㄢˊ ㄏㄨㄢˊ
結草銜環,1,ㄐㄧㄝˊ ㄘㄠˇ ㄒㄧㄢˊ ㄏㄨㄢˊ
結駟連騎,1,ㄐㄧㄝˊ ㄙˋ ㄌㄧㄢˊ ㄐㄧˋ
結髮事師,1,ㄐㄧㄝˊ ㄈㄚˇ ㄕˋ ㄕ
結髮夫妻,1,ㄐㄧㄝˊ ㄈㄚˇ ㄈㄨ ㄑㄧ
結黨聚群,1,ㄐㄧㄝˊ ㄉㄤˇ ㄐㄩˋ ㄑㄩㄣˊ
結黨連群,1,ㄐㄧㄝˊ ㄉㄤˇ ㄌㄧㄢˊ ㄑㄩㄣˊ
絕不屈服,1,ㄐㄩㄝˊ ㄅㄨˋ ㄑㄩ ㄈㄨˊ
絕不相同,1,ㄐㄩㄝˊ ㄅㄨˋ ㄒㄧㄤ ㄊㄨㄥˊ
絕世出塵,1,ㄐㄩㄝˊ ㄕˋ ㄔㄨ ㄔㄣˊ
絕世孤品,1,ㄐㄩㄝˊ ㄕˋ ㄍㄨ ㄆㄧㄣˇ
絕世無倫,1,ㄐㄩㄝˊ ㄕˋ ㄨˊ ㄌㄨㄣˊ
絕世無雙,1,ㄐㄩㄝˊ ㄕˋ ㄨˊ ㄕㄨㄤ
絕世獨立,1,ㄐㄩㄝˊ ㄕˋ ㄉㄨˊ ㄌㄧˋ
絕仁棄義,1,ㄐㄩㄝˊ ㄖㄣˊ ㄑㄧˋ ㄧˋ
絕俗離世,1,ㄐㄩㄝˊ ㄙㄨˊ ㄌㄧˊ ㄕˋ
絕倫超群,1,ㄐㄩㄝˊ ㄌㄨㄣˊ ㄔㄠ ㄑㄩㄣˊ
絕口不道,1,ㄐㄩㄝˊ ㄎㄡˇ ㄅㄨˋ ㄉㄠˋ
絕地天通,1,ㄐㄩㄝˊ ㄉㄧˋ ㄊㄧㄢ ㄊㄨㄥ
絕域殊方,1,ㄐㄩㄝˊ ㄩˋ ㄕㄨ ㄈㄤ
絕域異方,1,ㄐㄩㄝˊ ㄩˋ ㄧˋ ㄈㄤ
絕塵拔俗,1,ㄐㄩㄝˊ ㄔㄣˊ ㄅㄚˊ ㄙㄨˊ
絕壁天懸,1,ㄐㄩㄝˊ ㄅㄧˋ ㄊㄧㄢ ㄒㄩㄢˊ
絕對主義,1,ㄐㄩㄝˊ ㄉㄨㄟˋ ㄓㄨˇ ㄧˋ
絕對數字,1,ㄐㄩㄝˊ ㄉㄨㄟˋ ㄕㄨˋ ㄗˋ
絕對時間,1,ㄐㄩㄝˊ ㄉㄨㄟˋ ㄕˊ ㄐㄧㄢ
絕對溼度,1,ㄐㄩㄝˊ ㄉㄨㄟˋ ㄕ ㄉㄨˋ
絕對音樂,1,ㄐㄩㄝˊ ㄉㄨㄟˋ ㄧㄣ ㄩㄝˋ
絕對高度,1,ㄐㄩㄝˊ ㄉㄨㄟˋ ㄍㄠ ㄉㄨˋ
絕後光前,1,ㄐㄩㄝˊ ㄏㄡˋ ㄍㄨㄤ ㄑㄧㄢˊ
絕渡逢舟,1,ㄐㄩㄝˊ ㄉㄨˋ ㄈㄥˊ ㄓㄡ
絕甘分少,1,ㄐㄩㄝˊ ㄍㄢ ㄈㄣ ㄕㄠˇ
絕聖棄知,1,ㄐㄩㄝˊ ㄕㄥˋ ㄑㄧˋ ㄓˋ
絕色佳人,1,ㄐㄩㄝˊ ㄙㄜˋ ㄐㄧㄚ ㄖㄣˊ
絕裾而去,1,ㄐㄩㄝˊ ㄐㄩ ㄦˊ ㄑㄩˋ
絕長繼短,1,ㄐㄩㄝˊ ㄔㄤˊ ㄐㄧˋ ㄉㄨㄢˇ
絕長續短,1,ㄐㄩㄝˊ ㄔㄤˊ ㄒㄩˋ ㄉㄨㄢˇ
絕長補短,1,ㄐㄩㄝˊ ㄔㄤˊ ㄅㄨˇ ㄉㄨㄢˇ
絢麗多姿,1,ㄒㄩㄢˋ ㄌㄧˋ ㄉㄨㄛ ㄗ
絣扒吊拷,1,ㄅㄥ ㄅㄚ ㄉㄧㄠˋ ㄎㄠˇ
給以顏色,1,ㄍㄟˇ ㄧˇ ㄧㄢˊ ㄙㄜˋ
給我記住,1,ㄍㄟˇ ㄨㄛˇ ㄐㄧˋ ㄓㄨˋ
絮絮叨叨,1,ㄒㄩˋ ㄒㄩˋ ㄉㄠ ㄉㄠ
絮絮聒聒,1,ㄒㄩˋ ㄒㄩˋ ㄍㄨㄚ ㄍㄨㄚ
統收統支,1,ㄊㄨㄥˇ ㄕㄡ ㄊㄨㄥˇ ㄓ
統計地圖,1,ㄊㄨㄥˇ ㄐㄧˋ ㄉㄧˋ ㄊㄨˊ
統計方法,1,ㄊㄨㄥˇ ㄐㄧˋ ㄈㄤ ㄈㄚˇ
統計製圖,1,ㄊㄨㄥˇ ㄐㄧˋ ㄓˋ ㄊㄨˊ
統計資料,1,ㄊㄨㄥˇ ㄐㄧˋ ㄗ ㄌㄧㄠˋ
絲來線去,1,ㄙ ㄌㄞˊ ㄒㄧㄢˋ ㄑㄩˋ
絲恩髮怨,1,ㄙ ㄣ ㄈㄚˇ ㄩㄢˋ
絲竹管絃,1,ㄙ ㄓㄨˊ ㄍㄨㄢˇ ㄒㄧㄢˊ
絲鞋淨襪,1,ㄙ ㄒㄧㄝˊ ㄐㄧㄥˋ ㄨㄚˋ
絲髮之功,1,ㄙ ㄈㄚˇ ㄓ ㄍㄨㄥ
絲麻皁線,1,ㄙ ㄇㄚˊ ㄗㄠˋ ㄒㄧㄢˋ
絳帳授徒,1,ㄐㄧㄤˋ ㄓㄤˋ ㄕㄡˋ ㄊㄨˊ
絳幘雞人,1,ㄐㄧㄤˋ ㄗㄜˊ ㄐㄧ ㄖㄣˊ
綁赴市曹,1,ㄅㄤˇ ㄈㄨˋ ㄕˋ ㄘㄠˊ
綈袍之賜,1,ㄊㄧˊ ㄆㄠˊ ㄓ ㄙˋ
綈袍之贈,1,ㄊㄧˊ ㄆㄠˊ ㄓ ㄗㄥˋ
綈袍垂愛,1,ㄊㄧˊ ㄆㄠˊ ㄔㄨㄟˊ ㄞˋ
綏靖主義,1,ㄙㄨㄟ ㄐㄧㄥˋ ㄓㄨˇ ㄧˋ
經世之才,1,ㄐㄧㄥ ㄕˋ ㄓ ㄘㄞˊ
經世文學,1,ㄐㄧㄥ ㄕˋ ㄨㄣˊ ㄒㄩㄝˊ
經久不息,1,ㄐㄧㄥ ㄐㄧㄡˇ ㄅㄨˋ ㄒㄧˊ
經傳釋詞,1,ㄐㄧㄥ ㄓㄨㄢˋ ㄕˋ ㄘˊ
經典稽疑,1,ㄐㄧㄥ ㄉㄧㄢˇ ㄐㄧ ㄧˊ
經典釋文,1,ㄐㄧㄥ ㄉㄧㄢˇ ㄕˋ ㄨㄣˊ
經國之才,1,ㄐㄧㄥ ㄍㄨㄛˊ ㄓ ㄘㄞˊ
經國濟民,1,ㄐㄧㄥ ㄍㄨㄛˊ ㄐㄧˋ ㄇㄧㄣˊ
經天緯地,1,ㄐㄧㄥ ㄊㄧㄢ ㄨㄟˇ ㄉㄧˋ
經官動府,1,ㄐㄧㄥ ㄍㄨㄢ ㄉㄨㄥˋ ㄈㄨˇ
經宿不歸,1,ㄐㄧㄥ ㄙㄨˋ ㄅㄨˋ ㄍㄨㄟ
經文緯武,1,ㄐㄧㄥ ㄨㄣˊ ㄨㄟˇ ㄨˇ
經旬累月,1,ㄐㄧㄥ ㄒㄩㄣˊ ㄌㄟˇ ㄩㄝˋ
經武緯文,1,ㄐㄧㄥ ㄨˇ ㄨㄟˇ ㄨㄣˊ
經濟之才,1,ㄐㄧㄥ ㄐㄧˋ ㄓ ㄘㄞˊ
經濟人權,1,ㄐㄧㄥ ㄐㄧˋ ㄖㄣˊ ㄑㄩㄢˊ
經濟利潤,1,ㄐㄧㄥ ㄐㄧˋ ㄌㄧˋ ㄖㄨㄣˋ
經濟制裁,1,ㄐㄧㄥ ㄐㄧˋ ㄓˋ ㄘㄞˊ
經濟史觀,1,ㄐㄧㄥ ㄐㄧˋ ㄕˇ ㄍㄨㄢ
經濟封鎖,1,ㄐㄧㄥ ㄐㄧˋ ㄈㄥ ㄙㄨㄛˇ
經濟怪獸,1,ㄐㄧㄥ ㄐㄧˋ ㄍㄨㄞˋ ㄕㄡˋ
經濟成本,1,ㄐㄧㄥ ㄐㄧˋ ㄔㄥˊ ㄅㄣˇ
經濟成長,1,ㄐㄧㄥ ㄐㄧˋ ㄔㄥˊ ㄓㄤˇ
經濟指數,1,ㄐㄧㄥ ㄐㄧˋ ㄓˇ ㄕㄨˋ
經濟指標,1,ㄐㄧㄥ ㄐㄧˋ ㄓˇ ㄅㄧㄠ
經濟改革,1,ㄐㄧㄥ ㄐㄧˋ ㄍㄞˇ ㄍㄜˊ
經濟新聞,1,ㄐㄧㄥ ㄐㄧˋ ㄒㄧㄣ ㄨㄣˊ
經濟海域,1,ㄐㄧㄥ ㄐㄧˋ ㄏㄞˇ ㄩˋ
經濟特區,1,ㄐㄧㄥ ㄐㄧˋ ㄊㄜˋ ㄑㄩ
經濟發展,1,ㄐㄧㄥ ㄐㄧˋ ㄈㄚ ㄓㄢˇ
經濟絕交,1,ㄐㄧㄥ ㄐㄧˋ ㄐㄩㄝˊ ㄐㄧㄠ
經濟罷工,1,ㄐㄧㄥ ㄐㄧˋ ㄅㄚˋ ㄍㄨㄥ
經濟蕭條,1,ㄐㄧㄥ ㄐㄧˋ ㄒㄧㄠ ㄊㄧㄠˊ
經濟計畫,1,ㄐㄧㄥ ㄐㄧˋ ㄐㄧˋ ㄏㄨㄚˋ
經濟警察,1,ㄐㄧㄥ ㄐㄧˋ ㄐㄧㄥˇ ㄔㄚˊ
經筵講官,1,ㄐㄧㄥ ㄧㄢˊ ㄐㄧㄤˇ ㄍㄨㄢ
經籍纂詁,1,ㄐㄧㄥ ㄐㄧˊ ㄗㄨㄢˇ ㄍㄨˇ
經紀人家,1,ㄐㄧㄥ ㄐㄧˋ ㄖㄣˊ ㄐㄧㄚ
經綸滿腹,1,ㄐㄧㄥ ㄌㄨㄣˊ ㄇㄢˇ ㄈㄨˋ
經綸濟世,1,ㄐㄧㄥ ㄌㄨㄣˊ ㄐㄧˋ ㄕˋ
經緯天下,1,ㄐㄧㄥ ㄨㄟˇ ㄊㄧㄢ ㄒㄧㄚˋ
經義述聞,1,ㄐㄧㄥ ㄧˋ ㄕㄨˋ ㄨㄣˊ
經義雜記,1,ㄐㄧㄥ ㄧˋ ㄗㄚˊ ㄐㄧˋ
經行吐衄,1,ㄐㄧㄥ ㄒㄧㄥˊ ㄊㄨˋ ㄋㄩˋ
經費支絀,1,ㄐㄧㄥ ㄈㄟˋ ㄓ ㄔㄨˋ
經達權變,1,ㄐㄧㄥ ㄉㄚˊ ㄑㄩㄢˊ ㄅㄧㄢˋ
經邦論道,1,ㄐㄧㄥ ㄅㄤ ㄌㄨㄣˋ ㄉㄠˋ
經院哲學,1,ㄐㄧㄥ ㄩㄢˋ ㄓㄜˊ ㄒㄩㄝˊ
綜合報導,1,ㄗㄨㄥˋ ㄏㄜˊ ㄅㄠˋ ㄉㄠˇ
綜合存款,1,ㄗㄨㄥˋ ㄏㄜˊ ㄘㄨㄣˊ ㄎㄨㄢˇ
綜合銀行,1,ㄗㄨㄥˋ ㄏㄜˊ ㄧㄣˊ ㄏㄤˊ
綜核名實,1,ㄗㄨㄥˋ ㄏㄜˊ ㄇㄧㄥˊ ㄕˊ
綜藝節目,1,ㄗㄨㄥˋ ㄧˋ ㄐㄧㄝˊ ㄇㄨˋ
綠女紅男,1,ㄌㄩˋ ㄋㄩˇ ㄏㄨㄥˊ ㄋㄢˊ
綠寶石婚,1,ㄌㄩˋ ㄅㄠˇ ㄕˊ ㄏㄨㄣ
綠慘紅愁,1,ㄌㄩˋ ㄘㄢˇ ㄏㄨㄥˊ ㄔㄡˊ
綠慘雙蛾,1,ㄌㄩˋ ㄘㄢˇ ㄕㄨㄤ ㄜˊ
綠暗紅稀,1,ㄌㄩˋ ㄢˋ ㄏㄨㄥˊ ㄒㄧ
綠林大盜,1,ㄌㄩˋ ㄌㄧㄣˊ ㄉㄚˋ ㄉㄠˋ
綠林好漢,1,ㄌㄩˋ ㄌㄧㄣˊ ㄏㄠˇ ㄏㄢˋ
綠林豪客,1,ㄌㄩˋ ㄌㄧㄣˊ ㄏㄠˊ ㄎㄜˋ
綠林起義,1,ㄌㄩˋ ㄌㄧㄣˊ ㄑㄧˇ ㄧˋ
綠楊垂柳,1,ㄌㄩˋ ㄧㄤˊ ㄔㄨㄟˊ ㄌㄧㄡˇ
綠水青山,1,ㄌㄩˋ ㄕㄨㄟˇ ㄑㄧㄥ ㄕㄢ
綠煙紅霧,1,ㄌㄩˋ ㄧㄢ ㄏㄨㄥˊ ㄨˋ
綠肥紅瘦,1,ㄌㄩˋ ㄈㄟˊ ㄏㄨㄥˊ ㄕㄡˋ
綠色和平,1,ㄌㄩˋ ㄙㄜˋ ㄏㄜˊ ㄆㄧㄥˊ
綠色消費,1,ㄌㄩˋ ㄙㄜˋ ㄒㄧㄠ ㄈㄟˋ
綠色矽島,1,ㄌㄩˋ ㄙㄜˋ ㄒㄧˋ ㄉㄠˇ
綠色組織,1,ㄌㄩˋ ㄙㄜˋ ㄗㄨˇ ㄓ
綠色行銷,1,ㄌㄩˋ ㄙㄜˋ ㄒㄧㄥˊ ㄒㄧㄠ
綠色電腦,1,ㄌㄩˋ ㄙㄜˋ ㄉㄧㄢˋ ㄋㄠˇ
綠色革命,1,ㄌㄩˋ ㄙㄜˋ ㄍㄜˊ ㄇㄧㄥˋ
綠葉成陰,1,ㄌㄩˋ ㄧㄝˋ ㄔㄥˊ ㄧㄣ
綠衣黃裡,1,ㄌㄩˋ ㄧ ㄏㄨㄤˊ ㄌㄧˇ
綠鬢朱顏,1,ㄌㄩˋ ㄅㄧㄣˋ ㄓㄨ ㄧㄢˊ
綦谿利跂,1,ㄑㄧˊ ㄒㄧ ㄌㄧˋ ㄑㄧˊ
維天之命,1,ㄨㄟˊ ㄊㄧㄢ ㄓ ㄇㄧㄥˋ
維新圖強,1,ㄨㄟˊ ㄒㄧㄣ ㄊㄨˊ ㄑㄧㄤˊ
綱常倫紀,1,ㄍㄤ ㄔㄤˊ ㄌㄨㄣˊ ㄐㄧˋ
綱常掃地,1,ㄍㄤ ㄔㄤˊ ㄙㄠˇ ㄉㄧˋ
綱目不疏,1,ㄍㄤ ㄇㄨˋ ㄅㄨˋ ㄕㄨ
綱紀廢弛,1,ㄍㄤ ㄐㄧˋ ㄈㄟˋ ㄕˇ
網上活動,1,ㄨㄤˇ ㄕㄤˋ ㄏㄨㄛˊ ㄉㄨㄥˋ
網上購物,1,ㄨㄤˇ ㄕㄤˋ ㄍㄡˋ ㄨˋ
網上雜誌,1,ㄨㄤˇ ㄕㄤˋ ㄗㄚˊ ㄓˋ
網漏吞舟,1,ㄨㄤˇ ㄌㄡˋ ㄊㄨㄣ ㄓㄡ
網狀系統,1,ㄨㄤˇ ㄓㄨㄤˋ ㄒㄧˋ ㄊㄨㄥˇ
網目不疏,1,ㄨㄤˇ ㄇㄨˋ ㄅㄨˋ ㄕㄨ
網站鏡照,1,ㄨㄤˇ ㄓㄢˋ ㄐㄧㄥˋ ㄓㄠˋ
網膜剝離,1,ㄨㄤˇ ㄇㄛˋ ㄅㄛ ㄌㄧˊ
網路作業,1,ㄨㄤˇ ㄌㄨˋ ㄗㄨㄛˋ ㄧㄝˋ
網路信件,1,ㄨㄤˇ ㄌㄨˋ ㄒㄧㄣˋ ㄐㄧㄢˋ
網路傳真,1,ㄨㄤˇ ㄌㄨˋ ㄔㄨㄢˊ ㄓㄣ
網路商場,1,ㄨㄤˇ ㄌㄨˋ ㄕㄤ ㄔㄤˊ
網路商機,1,ㄨㄤˇ ㄌㄨˋ ㄕㄤ ㄐㄧ
網路型錄,1,ㄨㄤˇ ㄌㄨˋ ㄒㄧㄥˊ ㄌㄨˋ
網路套件,1,ㄨㄤˇ ㄌㄨˋ ㄊㄠˋ ㄐㄧㄢˋ
網路婚禮,1,ㄨㄤˇ ㄌㄨˋ ㄏㄨㄣ ㄌㄧˇ
網路導覽,1,ㄨㄤˇ ㄌㄨˋ ㄉㄠˇ ㄌㄢˇ
網路廣告,1,ㄨㄤˇ ㄌㄨˋ ㄍㄨㄤˇ ㄍㄠˋ
網路戀情,1,ㄨㄤˇ ㄌㄨˋ ㄌㄧㄢˋ ㄑㄧㄥˊ
網路援交,1,ㄨㄤˇ ㄌㄨˋ ㄩㄢˊ ㄐㄧㄠ
網路搜尋,1,ㄨㄤˇ ㄌㄨˋ ㄙㄡ ㄒㄩㄣˊ
網路教學,1,ㄨㄤˇ ㄌㄨˋ ㄐㄧㄠˋ ㄒㄩㄝˊ
網路書局,1,ㄨㄤˇ ㄌㄨˋ ㄕㄨ ㄐㄩˊ
網路書店,1,ㄨㄤˇ ㄌㄨˋ ㄕㄨ ㄉㄧㄢˋ
網路站臺,1,ㄨㄤˇ ㄌㄨˋ ㄓㄢˋ ㄊㄞˊ
網路筆友,1,ㄨㄤˇ ㄌㄨˋ ㄅㄧˇ ㄧㄡˇ
網路節點,1,ㄨㄤˇ ㄌㄨˋ ㄐㄧㄝˊ ㄉㄧㄢˇ
網路索引,1,ㄨㄤˇ ㄌㄨˋ ㄙㄨㄛˇ ㄧㄣˇ
網路花店,1,ㄨㄤˇ ㄌㄨˋ ㄏㄨㄚ ㄉㄧㄢˋ
網路茶屋,1,ㄨㄤˇ ㄌㄨˋ ㄔㄚˊ ㄨ
網路行銷,1,ㄨㄤˇ ㄌㄨˋ ㄒㄧㄥˊ ㄒㄧㄠ
網路訂位,1,ㄨㄤˇ ㄌㄨˋ ㄉㄧㄥˋ ㄨㄟˋ
網路診斷,1,ㄨㄤˇ ㄌㄨˋ ㄓㄣˇ ㄉㄨㄢˋ
網路論壇,1,ㄨㄤˇ ㄌㄨˋ ㄌㄨㄣˋ ㄊㄢˊ
網路賀卡,1,ㄨㄤˇ ㄌㄨˋ ㄏㄜˋ ㄎㄚˇ
網路資源,1,ㄨㄤˇ ㄌㄨˋ ㄗ ㄩㄢˊ
網路資訊,1,ㄨㄤˇ ㄌㄨˋ ㄗ ㄒㄩㄣˋ
網路購物,1,ㄨㄤˇ ㄌㄨˋ ㄍㄡˋ ㄨˋ
網路選美,1,ㄨㄤˇ ㄌㄨˋ ㄒㄩㄢˇ ㄇㄟˇ
網路郵購,1,ㄨㄤˇ ㄌㄨˋ ㄧㄡˊ ㄍㄡˋ
網路銀行,1,ㄨㄤˇ ㄌㄨˋ ㄧㄣˊ ㄏㄤˊ
網路雜誌,1,ㄨㄤˇ ㄌㄨˋ ㄗㄚˊ ㄓˋ
網路首頁,1,ㄨㄤˇ ㄌㄨˋ ㄕㄡˇ ㄧㄝˋ
網開一面,1,ㄨㄤˇ ㄎㄞ ㄧ ㄇㄧㄢˋ
網開三面,1,ㄨㄤˇ ㄎㄞ ㄙㄢ ㄇㄧㄢˋ
網際行銷,1,ㄨㄤˇ ㄐㄧˋ ㄒㄧㄥˊ ㄒㄧㄠ
網際電臺,1,ㄨㄤˇ ㄐㄧˋ ㄉㄧㄢˋ ㄊㄞˊ
網頁空間,1,ㄨㄤˇ ㄧㄝˋ ㄎㄨㄥ ㄐㄧㄢ
綵筆生花,1,ㄘㄞˇ ㄅㄧˇ ㄕㄥ ㄏㄨㄚ
綸音佛語,1,ㄌㄨㄣˊ ㄧㄣ ㄈㄛˊ ㄩˇ
綺紈之歲,1,ㄑㄧˇ ㄨㄢˊ ㄓ ㄙㄨㄟˋ
綺羅粉黛,1,ㄑㄧˇ ㄌㄨㄛˊ ㄈㄣˇ ㄉㄞˋ
綺襦紈褲,1,ㄑㄧˇ ㄖㄨˊ ㄨㄢˊ ㄎㄨˋ
綽有餘裕,1,ㄔㄨㄛˋ ㄧㄡˇ ㄩˊ ㄩˋ
綽綽有裕,1,ㄔㄨㄛˋ ㄔㄨㄛˋ ㄧㄡˇ ㄩˋ
綿力薄材,1,ㄇㄧㄢˊ ㄌㄧˋ ㄅㄛˊ ㄘㄞˊ
綿密小巧,1,ㄇㄧㄢˊ ㄇㄧˋ ㄒㄧㄠˇ ㄑㄧㄠˇ
綿延不絕,1,ㄇㄧㄢˊ ㄧㄢˊ ㄅㄨˋ ㄐㄩㄝˊ
綿延起伏,1,ㄇㄧㄢˊ ㄧㄢˊ ㄑㄧˇ ㄈㄨˊ
綿綿不息,1,ㄇㄧㄢˊ ㄇㄧㄢˊ ㄅㄨˋ ㄒㄧˊ
綿綿不斷,1,ㄇㄧㄢˊ ㄇㄧㄢˊ ㄅㄨˋ ㄉㄨㄢˋ
綿綿瓜瓞,1,ㄇㄧㄢˊ ㄇㄧㄢˊ ㄍㄨㄚ ㄉㄧㄝˊ
綿裹秤鎚,1,ㄇㄧㄢˊ ㄍㄨㄛˇ ㄔㄥˋ ㄔㄨㄟˊ
緊七慢八,1,ㄐㄧㄣˇ ㄑㄧ ㄇㄢˋ ㄅㄚ
緊差緊做,1,ㄐㄧㄣˇ ㄔㄞ ㄐㄧㄣˇ ㄗㄨㄛˋ
緊張不安,1,ㄐㄧㄣˇ ㄓㄤ ㄅㄨˋ ㄢ
緊張大師,1,ㄐㄧㄣˇ ㄓㄤ ㄉㄚˋ ㄕ
緊張理論,1,ㄐㄧㄣˇ ㄓㄤ ㄌㄧˇ ㄌㄨㄣˋ
緊急狀態,1,ㄐㄧㄣˇ ㄐㄧˊ ㄓㄨㄤˋ ㄊㄞˋ
緊打慢敲,1,ㄐㄧㄣˇ ㄉㄚˇ ㄇㄢˋ ㄑㄧㄠ
緊溜子裡,1,ㄐㄧㄣˇ ㄌㄧㄡ ㄗ˙ ㄌㄧˇ
緊迫盯人,1,ㄐㄧㄣˇ ㄆㄛˋ ㄉㄧㄥ ㄖㄣˊ
緘口不言,1,ㄐㄧㄢ ㄎㄡˇ ㄅㄨˋ ㄧㄢˊ
緘口如瓶,1,ㄐㄧㄢ ㄎㄡˇ ㄖㄨˊ ㄆㄧㄥˊ
緘口無言,1,ㄐㄧㄢ ㄎㄡˇ ㄨˊ ㄧㄢˊ
緘口結舌,1,ㄐㄧㄢ ㄎㄡˇ ㄐㄧㄝˊ ㄕㄜˊ
緘舌閉口,1,ㄐㄧㄢ ㄕㄜˊ ㄅㄧˋ ㄎㄡˇ
線上交友,1,ㄒㄧㄢˋ ㄕㄤˋ ㄐㄧㄠ ㄧㄡˇ
線上交易,1,ㄒㄧㄢˋ ㄕㄤˋ ㄐㄧㄠ ㄧˋ
線上價目,1,ㄒㄧㄢˋ ㄕㄤˋ ㄐㄧㄚˋ ㄇㄨˋ
線上出版,1,ㄒㄧㄢˋ ㄕㄤˋ ㄔㄨ ㄅㄢˇ
線上叩應,1,ㄒㄧㄢˋ ㄕㄤˋ ㄎㄡˋ ㄧㄥˋ
線上導覽,1,ㄒㄧㄢˋ ㄕㄤˋ ㄉㄠˇ ㄌㄢˇ
線上投票,1,ㄒㄧㄢˋ ㄕㄤˋ ㄊㄡˊ ㄆㄧㄠˋ
線上掛號,1,ㄒㄧㄢˋ ㄕㄤˋ ㄍㄨㄚˋ ㄏㄠˋ
線上新聞,1,ㄒㄧㄢˋ ㄕㄤˋ ㄒㄧㄣ ㄨㄣˊ
線上書屋,1,ㄒㄧㄢˋ ㄕㄤˋ ㄕㄨ ㄨ
線上書店,1,ㄒㄧㄢˋ ㄕㄤˋ ㄕㄨ ㄉㄧㄢˋ
線上期刊,1,ㄒㄧㄢˋ ㄕㄤˋ ㄑㄧˊ ㄎㄢ
線上查詢,1,ㄒㄧㄢˋ ㄕㄤˋ ㄔㄚˊ ㄒㄩㄣˊ
線上求助,1,ㄒㄧㄢˋ ㄕㄤˋ ㄑㄧㄡˊ ㄓㄨˋ
線上牙醫,1,ㄒㄧㄢˋ ㄕㄤˋ ㄧㄚˊ ㄧ
線上百貨,1,ㄒㄧㄢˋ ㄕㄤˋ ㄅㄞˇ ㄏㄨㄛˋ
線上聊天,1,ㄒㄧㄢˋ ㄕㄤˋ ㄌㄧㄠˊ ㄊㄧㄢ
線上訂位,1,ㄒㄧㄢˋ ㄕㄤˋ ㄉㄧㄥˋ ㄨㄟˋ
線上訂書,1,ㄒㄧㄢˋ ㄕㄤˋ ㄉㄧㄥˋ ㄕㄨ
線上訂購,1,ㄒㄧㄢˋ ㄕㄤˋ ㄉㄧㄥˋ ㄍㄡˋ
線上訂閱,1,ㄒㄧㄢˋ ㄕㄤˋ ㄉㄧㄥˋ ㄩㄝˋ
線上評鑑,1,ㄒㄧㄢˋ ㄕㄤˋ ㄆㄧㄥˊ ㄐㄧㄢˋ
線上論壇,1,ㄒㄧㄢˋ ㄕㄤˋ ㄌㄨㄣˋ ㄊㄢˊ
線上諮詢,1,ㄒㄧㄢˋ ㄕㄤˋ ㄗ ㄒㄩㄣˊ
線上購物,1,ㄒㄧㄢˋ ㄕㄤˋ ㄍㄡˋ ㄨˋ
線上郵購,1,ㄒㄧㄢˋ ㄕㄤˋ ㄧㄡˊ ㄍㄡˋ
線型函數,1,ㄒㄧㄢˋ ㄒㄧㄥˊ ㄏㄢˊ ㄕㄨˋ
線形動物,1,ㄒㄧㄢˋ ㄒㄧㄥˊ ㄉㄨㄥˋ ㄨˋ
線抽傀儡,1,ㄒㄧㄢˋ ㄔㄡ ㄎㄨㄟˇ ㄌㄟˇ
線斷風箏,1,ㄒㄧㄢˋ ㄉㄨㄢˋ ㄈㄥ ㄓㄥ
緣名失實,1,ㄩㄢˊ ㄇㄧㄥˊ ㄕ ㄕˊ
緣定三生,1,ㄩㄢˊ ㄉㄧㄥˋ ㄙㄢ ㄕㄥ
緣情體物,1,ㄩㄢˊ ㄑㄧㄥˊ ㄊㄧˇ ㄨˋ
緣慳分淺,1,ㄩㄢˊ ㄑㄧㄢ ㄈㄣˋ ㄑㄧㄢˇ
緣慳命蹇,1,ㄩㄢˊ ㄑㄧㄢ ㄇㄧㄥˋ ㄐㄧㄢˇ
緣文生義,1,ㄩㄢˊ ㄨㄣˊ ㄕㄥ ㄧˋ
緣訂三生,1,ㄩㄢˊ ㄉㄧㄥˋ ㄙㄢ ㄕㄥ
編譯程式,1,ㄅㄧㄢ ㄧˋ ㄔㄥˊ ㄕˋ
編輯設計,1,ㄅㄧㄢ ㄐㄧˊ ㄕㄜˋ ㄐㄧˋ
編隊飛行,1,ㄅㄧㄢ ㄉㄨㄟˋ ㄈㄟ ㄒㄧㄥˊ
緩不濟急,1,ㄏㄨㄢˇ ㄅㄨˋ ㄐㄧˋ ㄐㄧˊ
緩急相濟,1,ㄏㄨㄢˇ ㄐㄧˊ ㄒㄧㄤ ㄐㄧˋ
緩急輕重,1,ㄏㄨㄢˇ ㄐㄧˊ ㄑㄧㄥ ㄓㄨㄥˋ
緩步代車,1,ㄏㄨㄢˇ ㄅㄨˋ ㄉㄞˋ ㄐㄩ
緩步徐行,1,ㄏㄨㄢˇ ㄅㄨˋ ㄒㄩˊ ㄒㄧㄥˊ
緩步細搖,1,ㄏㄨㄢˇ ㄅㄨˋ ㄒㄧˋ ㄧㄠˊ
緩緩而行,1,ㄏㄨㄢˇ ㄏㄨㄢˇ ㄦˊ ㄒㄧㄥˊ
緬甸聯邦,1,ㄇㄧㄢˇ ㄉㄧㄢˋ ㄌㄧㄢˊ ㄅㄤ
緯地經天,1,ㄨㄟˇ ㄉㄧˋ ㄐㄧㄥ ㄊㄧㄢ
緯武經文,1,ㄨㄟˇ ㄨˇ ㄐㄧㄥ ㄨㄣˊ
練兵積粟,1,ㄌㄧㄢˋ ㄅㄧㄥ ㄐㄧ ㄙㄨˋ
練達老成,1,ㄌㄧㄢˋ ㄉㄚˊ ㄌㄠˇ ㄔㄥˊ
緹縈救父,1,ㄊㄧˊ ㄧㄥˊ ㄐㄧㄡˋ ㄈㄨˋ
縈青繚白,1,ㄧㄥˊ ㄑㄧㄥ ㄌㄧㄠˊ ㄅㄞˊ
縑緗黃卷,1,ㄐㄧㄢ ㄒㄧㄤ ㄏㄨㄤˊ ㄐㄩㄢˋ
縛手縛腳,1,ㄈㄨˊ ㄕㄡˇ ㄈㄨˊ ㄐㄧㄠˇ
縛稿為人,1,ㄈㄨˊ ㄍㄠˇ ㄨㄟˊ ㄖㄣˊ
縫縫連連,1,ㄈㄥˊ ㄈㄥˊ ㄌㄧㄢˊ ㄌㄧㄢˊ
縫針補線,1,ㄈㄥˊ ㄓㄣ ㄅㄨˇ ㄒㄧㄢˋ
縮地補天,1,ㄙㄨˋ ㄉㄧˋ ㄅㄨˇ ㄊㄧㄢ
縮屋稱貞,1,ㄙㄨˋ ㄨ ㄔㄥ ㄓㄣ
縮影微捲,1,ㄙㄨㄛ ㄧㄥˇ ㄨㄟˊ ㄐㄩㄢˇ
縮手旁觀,1,ㄙㄨˋ ㄕㄡˇ ㄆㄤˊ ㄍㄨㄢ
縮縮朒朒,1,ㄙㄨˋ ㄙㄨˋ ㄋㄩˋ ㄋㄩˋ
縮衣節口,1,ㄙㄨˋ ㄧ ㄐㄧㄝˊ ㄎㄡˇ
縮頭縮腳,1,ㄙㄨㄛ ㄊㄡˊ ㄙㄨㄛ ㄐㄧㄠˇ
縱情恣欲,1,ㄗㄨㄥˋ ㄑㄧㄥˊ ㄗˋ ㄩˋ
縱情遂欲,1,ㄗㄨㄥˋ ㄑㄧㄥˊ ㄙㄨㄟˋ ㄩˋ
縱情酒色,1,ㄗㄨㄥˋ ㄑㄧㄥˊ ㄐㄧㄡˇ ㄙㄜˋ
縱放心猿,1,ㄗㄨㄥˋ ㄈㄤˋ ㄒㄧㄣ ㄩㄢˊ
縱曲枉直,1,ㄗㄨㄥˋ ㄑㄩ ㄨㄤˇ ㄓˊ
縱橫交貫,1,ㄗㄨㄥ ㄏㄥˊ ㄐㄧㄠ ㄍㄨㄢˋ
縱橫四海,1,ㄗㄨㄥ ㄏㄥˊ ㄙˋ ㄏㄞˇ
縱橫馳騁,1,ㄗㄨㄥ ㄏㄥˊ ㄔˊ ㄔㄥˇ
縱風止燎,1,ㄗㄨㄥˋ ㄈㄥ ㄓˇ ㄌㄧㄠˋ
總包寄遞,1,ㄗㄨㄥˇ ㄅㄠ ㄐㄧˋ ㄉㄧˋ
總有一天,1,ㄗㄨㄥˇ ㄧㄡˇ ㄧ ㄊㄧㄢ
總狀花序,1,ㄗㄨㄥˇ ㄓㄨㄤˋ ㄏㄨㄚ ㄒㄩˋ
總統直選,1,ㄗㄨㄥˇ ㄊㄨㄥˇ ㄓˊ ㄒㄩㄢˇ
總角之交,1,ㄗㄨㄥˇ ㄐㄩㄝˊ ㄓ ㄐㄧㄠ
總角之好,1,ㄗㄨㄥˇ ㄐㄩㄝˊ ㄓ ㄏㄠˇ
績效不彰,1,ㄐㄧ ㄒㄧㄠˋ ㄅㄨˋ ㄓㄤ
績效斐然,1,ㄐㄧ ㄒㄧㄠˋ ㄈㄟˇ ㄖㄢˊ
績麻拈苧,1,ㄐㄧ ㄇㄚˊ ㄋㄧㄢˇ ㄓㄨˋ
繁刑重斂,1,ㄈㄢˊ ㄒㄧㄥˊ ㄓㄨㄥˋ ㄌㄧㄢˋ
繁刑重賦,1,ㄈㄢˊ ㄒㄧㄥˊ ㄓㄨㄥˋ ㄈㄨˋ
繁弦急管,1,ㄈㄢˊ ㄒㄧㄢˊ ㄐㄧˊ ㄍㄨㄢˇ
繁文末節,1,ㄈㄢˊ ㄨㄣˊ ㄇㄛˋ ㄐㄧㄝˊ
繁文縟禮,1,ㄈㄢˊ ㄨㄣˊ ㄖㄨˋ ㄌㄧˇ
繁榮富強,1,ㄈㄢˊ ㄖㄨㄥˊ ㄈㄨˋ ㄑㄧㄤˊ
繁禮多儀,1,ㄈㄢˊ ㄌㄧˇ ㄉㄨㄛ ㄧˊ
繁絲急管,1,ㄈㄢˊ ㄙ ㄐㄧˊ ㄍㄨㄢˇ
繁花錦簇,1,ㄈㄢˊ ㄏㄨㄚ ㄐㄧㄣˇ ㄘㄨˋ
繁華損枝,1,ㄈㄢˊ ㄏㄨㄚ ㄙㄨㄣˇ ㄓ
繁言吝嗇,1,ㄈㄢˊ ㄧㄢˊ ㄌㄧㄣˋ ㄙㄜˋ
繃扒吊拷,1,ㄅㄥ ㄅㄚ ㄉㄧㄠˋ ㄎㄠˇ
繃扒弔拷,1,ㄅㄥ ㄅㄚ ㄉㄧㄠˋ ㄎㄠˇ
繃爬吊拷,1,ㄅㄥ ㄆㄚˊ ㄉㄧㄠˋ ㄎㄠˇ
繃繃拽拽,1,ㄅㄥ ㄅㄥ ㄓㄨㄞˋ ㄓㄨㄞˋ
繆思女神,1,ㄇㄧㄡˋ ㄙ ㄋㄩˇ ㄕㄣˊ
繆種流傳,1,ㄇㄧㄡˋ ㄓㄨㄥˇ ㄌㄧㄡˊ ㄔㄨㄢˊ
織席編屨,1,ㄓ ㄒㄧˊ ㄅㄧㄢ ㄐㄩˋ
織田信長,1,ㄓ ㄊㄧㄢˊ ㄒㄧㄣˋ ㄔㄤˊ
織錦迴文,1,ㄓ ㄐㄧㄣˇ ㄏㄨㄟˊ ㄨㄣˊ
繕甲厲兵,1,ㄕㄢˋ ㄐㄧㄚˇ ㄌㄧˋ ㄅㄧㄥ
繕甲治兵,1,ㄕㄢˋ ㄐㄧㄚˇ ㄓˋ ㄅㄧㄥ
繖房花序,1,ㄙㄢˇ ㄈㄤˊ ㄏㄨㄚ ㄒㄩˋ
繞梁三日,1,ㄖㄠˋ ㄌㄧㄤˊ ㄙㄢ ㄖˋ
繞梁之音,1,ㄖㄠˋ ㄌㄧㄤˊ ㄓ ㄧㄣ
繞梁韻永,1,ㄖㄠˋ ㄌㄧㄤˊ ㄩㄣˋ ㄩㄥˇ
繡口錦心,1,ㄒㄧㄡˋ ㄎㄡˇ ㄐㄧㄣˇ ㄒㄧㄣ
繡幃香冷,1,ㄒㄧㄡˋ ㄨㄟˊ ㄒㄧㄤ ㄌㄥˇ
繡幙牽絲,1,ㄒㄧㄡˋ ㄇㄨˋ ㄑㄧㄢ ㄙ
繡花枕頭,1,ㄒㄧㄡˋ ㄏㄨㄚ ㄓㄣˇ ㄊㄡ˙
繡虎雕龍,1,ㄒㄧㄡˋ ㄏㄨˇ ㄉㄧㄠ ㄌㄨㄥˊ
繡衣御史,1,ㄒㄧㄡˋ ㄧ ㄩˋ ㄕˇ
繡衣朱履,1,ㄒㄧㄡˋ ㄧ ㄓㄨ ㄌㄩˇ
繡閣長春,1,ㄒㄧㄡˋ ㄍㄜˊ ㄔㄤˊ ㄔㄨㄣ
繩其祖武,1,ㄕㄥˊ ㄑㄧˊ ㄗㄨˇ ㄨˇ
繩厥祖武,1,ㄕㄥˊ ㄐㄩㄝˊ ㄗㄨˇ ㄨˇ
繩墨之言,1,ㄕㄥˊ ㄇㄛˋ ㄓ ㄧㄢˊ
繩床瓦灶,1,ㄕㄥˊ ㄔㄨㄤˊ ㄨㄚˇ ㄗㄠˋ
繩愆糾謬,1,ㄕㄥˊ ㄑㄧㄢ ㄐㄧㄡ ㄇㄧㄡˋ
繩樞之士,1,ㄕㄥˊ ㄕㄨ ㄓ ㄕˋ
繩趨尺步,1,ㄕㄥˊ ㄑㄩ ㄔˇ ㄅㄨˋ
繩鋸木斷,1,ㄕㄥˊ ㄐㄩˋ ㄇㄨˋ ㄉㄨㄢˋ
繪事後素,1,ㄏㄨㄟˋ ㄕˋ ㄏㄡˋ ㄙㄨˋ
繫而不食,1,ㄒㄧˋ ㄦˊ ㄅㄨˋ ㄕˊ
繫臂之寵,1,ㄒㄧˋ ㄅㄧˋ ㄓ ㄔㄨㄥˇ
繫鈴解鈴,1,ㄒㄧˋ ㄌㄧㄥˊ ㄐㄧㄝˇ ㄌㄧㄥˊ
繫風捕影,1,ㄒㄧˋ ㄈㄥ ㄅㄨˇ ㄧㄥˇ
繫風捕景,1,ㄒㄧˋ ㄈㄥ ㄅㄨˇ ㄧㄥˇ
繭絲牛毛,1,ㄐㄧㄢˇ ㄙ ㄋㄧㄡˊ ㄇㄠˊ
繼天立極,1,ㄐㄧˋ ㄊㄧㄢ ㄌㄧˋ ㄐㄧˊ
繼志述事,1,ㄐㄧˋ ㄓˋ ㄕㄨˋ ㄕˋ
繼晷焚膏,1,ㄐㄧˋ ㄍㄨㄟˇ ㄈㄣˊ ㄍㄠ
繼絕存亡,1,ㄐㄧˋ ㄐㄩㄝˊ ㄘㄨㄣˊ ㄨㄤˊ
繼絕扶傾,1,ㄐㄧˋ ㄐㄩㄝˊ ㄈㄨˊ ㄑㄧㄥ
繼絕興亡,1,ㄐㄧˋ ㄐㄩㄝˊ ㄒㄧㄥ ㄨㄤˊ
繼踵而至,1,ㄐㄧˋ ㄓㄨㄥˇ ㄦˊ ㄓˋ
繾綣難捨,1,ㄑㄧㄢˇ ㄑㄩㄢˇ ㄋㄢˊ ㄕㄜˇ
續後漢書,1,ㄒㄩˋ ㄏㄡˋ ㄏㄢˋ ㄕㄨ
續齊諧記,1,ㄒㄩˋ ㄑㄧˊ ㄒㄧㄝˊ ㄐㄧˋ
纍瓦結繩,1,ㄌㄟˊ ㄨㄚˇ ㄐㄧㄝˊ ㄕㄥˊ
纏手纏腳,1,ㄔㄢˊ ㄕㄡˇ ㄔㄢˊ ㄐㄧㄠˇ
纏門纏戶,1,ㄔㄢˊ ㄇㄣˊ ㄔㄢˊ ㄏㄨˋ
纓緌之徒,1,ㄧㄥ ㄖㄨㄟˊ ㄓ ㄊㄨˊ
纖不盈握,1,ㄒㄧㄢ ㄅㄨˋ ㄧㄥˊ ㄨㄛˋ
纖塵不染,1,ㄒㄧㄢ ㄔㄣˊ ㄅㄨˋ ㄖㄢˇ
纖悉無遺,1,ㄒㄧㄢ ㄒㄧ ㄨˊ ㄧˊ
纖毛運動,1,ㄒㄧㄢ ㄇㄠˊ ㄩㄣˋ ㄉㄨㄥˋ
纖穠中度,1,ㄒㄧㄢ ㄋㄨㄥˊ ㄓㄨㄥˋ ㄉㄨˋ
纖維光學,1,ㄒㄧㄢ ㄨㄟˊ ㄍㄨㄤ ㄒㄩㄝˊ
纖維細胞,1,ㄒㄧㄢ ㄨㄟˊ ㄒㄧˋ ㄅㄠ
纖纖弱質,1,ㄒㄧㄢ ㄒㄧㄢ ㄖㄨㄛˋ ㄓˊ
纖芥不遺,1,ㄒㄧㄢ ㄐㄧㄝˋ ㄅㄨˋ ㄧˊ
缺斤少兩,1,ㄑㄩㄝ ㄐㄧㄣ ㄕㄠˇ ㄌㄧㄤˇ
缺斤短兩,1,ㄑㄩㄝ ㄐㄧㄣ ㄉㄨㄢˇ ㄌㄧㄤˇ
缺月再圓,1,ㄑㄩㄝ ㄩㄝˋ ㄗㄞˋ ㄩㄢˊ
缺衣少食,1,ㄑㄩㄝ ㄧ ㄕㄠˇ ㄕˊ
缺食無衣,1,ㄑㄩㄝ ㄕˊ ㄨˊ ㄧ
缾沉簪折,1,ㄆㄧㄥˊ ㄔㄣˊ ㄗㄢ ㄓㄜˊ
缾罄罍恥,1,ㄆㄧㄥˊ ㄑㄧㄥˋ ㄌㄟˊ ㄔˇ
罔上虐下,1,ㄨㄤˇ ㄕㄤˋ ㄋㄩㄝˋ ㄒㄧㄚˋ
罔極之恩,1,ㄨㄤˇ ㄐㄧˊ ㄓ ㄣ
罔知所措,1,ㄨㄤˇ ㄓ ㄙㄨㄛˇ ㄘㄨㄛˋ
罕言寡語,1,ㄏㄢˇ ㄧㄢˊ ㄍㄨㄚˇ ㄩˇ
罕譬而喻,1,ㄏㄢˇ ㄆㄧˋ ㄦˊ ㄩˋ
罡神泥鬼,1,ㄍㄤ ㄕㄣˊ ㄋㄧˊ ㄍㄨㄟˇ
罪人不孥,1,ㄗㄨㄟˋ ㄖㄣˊ ㄅㄨˋ ㄋㄨˊ
罪人不帑,1,ㄗㄨㄟˋ ㄖㄣˊ ㄅㄨˋ ㄋㄨˊ
罪以功除,1,ㄗㄨㄟˋ ㄧˇ ㄍㄨㄥ ㄔㄨˊ
罪加一等,1,ㄗㄨㄟˋ ㄐㄧㄚ ㄧ ㄉㄥˇ
罪惡如山,1,ㄗㄨㄟˋ ㄜˋ ㄖㄨˊ ㄕㄢ
罪惡昭著,1,ㄗㄨㄟˋ ㄜˋ ㄓㄠ ㄓㄨˋ
罪惡深重,1,ㄗㄨㄟˋ ㄜˋ ㄕㄣ ㄓㄨㄥˋ
罪惡貫盈,1,ㄗㄨㄟˋ ㄜˋ ㄍㄨㄢˋ ㄧㄥˊ
罪有攸歸,1,ㄗㄨㄟˋ ㄧㄡˇ ㄧㄡ ㄍㄨㄟ
罪業深重,1,ㄗㄨㄟˋ ㄧㄝˋ ㄕㄣ ㄓㄨㄥˋ
罪無可逭,1,ㄗㄨㄟˋ ㄨˊ ㄎㄜˇ ㄏㄨㄢˋ
罪當萬死,1,ㄗㄨㄟˋ ㄉㄤ ㄨㄢˋ ㄙˇ
罪逆深重,1,ㄗㄨㄟˋ ㄋㄧˋ ㄕㄣ ㄓㄨㄥˋ
置之不顧,1,ㄓˋ ㄓ ㄅㄨˋ ㄍㄨˋ
置之高閣,1,ㄓˋ ㄓ ㄍㄠ ㄍㄜˊ
置水之情,1,ㄓˋ ㄕㄨㄟˇ ㄓ ㄑㄧㄥˊ
置水之清,1,ㄓˋ ㄕㄨㄟˇ ㄓ ㄑㄧㄥ
置而不問,1,ㄓˋ ㄦˊ ㄅㄨˋ ㄨㄣˋ
置足之地,1,ㄓˋ ㄗㄨˊ ㄓ ㄉㄧˋ
置身局外,1,ㄓˋ ㄕㄣ ㄐㄩˊ ㄨㄞˋ
置身無地,1,ㄓˋ ㄕㄣ ㄨˊ ㄉㄧˋ
置錐之地,1,ㄓˋ ㄓㄨㄟ ㄓ ㄉㄧˋ
罰一勸百,1,ㄈㄚˊ ㄧ ㄑㄩㄢˋ ㄅㄛˊ
罰不當罪,1,ㄈㄚˊ ㄅㄨˋ ㄉㄤ ㄗㄨㄟˋ
罰球區域,1,ㄈㄚˊ ㄑㄧㄡˊ ㄑㄩ ㄩˋ
罵坐灌夫,1,ㄇㄚˋ ㄗㄨㄛˋ ㄍㄨㄢˋ ㄈㄨ
罵毛延壽,1,ㄇㄚˋ ㄇㄠˊ ㄧㄢˊ ㄕㄡˋ
罵爺罵媽,1,ㄇㄚˋ ㄧㄝˊ ㄇㄚˋ ㄇㄚ
罵罵咧咧,1,ㄇㄚˋ ㄇㄚˋ ㄌㄧㄝ ㄌㄧㄝ
罵罵括括,1,ㄇㄚˋ ㄇㄚˋ ㄍㄨㄚ ㄍㄨㄚ
罷於奔命,1,ㄆㄧˊ ㄩˊ ㄅㄣ ㄇㄧㄥˋ
羅亞爾河,1,ㄌㄨㄛˊ ㄧㄚˋ ㄦˇ ㄏㄜˊ
羅可可式,1,ㄌㄨㄛˊ ㄎㄜˇ ㄎㄜˇ ㄕˋ
羅含夢鳥,1,ㄌㄨㄛˊ ㄏㄢˊ ㄇㄥˋ ㄋㄧㄠˇ
羅德西亞,1,ㄌㄨㄛˊ ㄉㄜˊ ㄒㄧ ㄧㄚˋ
羅成叫關,1,ㄌㄨㄛˊ ㄔㄥˊ ㄐㄧㄠˋ ㄍㄨㄢ
羅掘一空,1,ㄌㄨㄛˊ ㄐㄩㄝˊ ㄧ ㄎㄨㄥ
羅掘俱窮,1,ㄌㄨㄛˊ ㄐㄩㄝˊ ㄐㄩˋ ㄑㄩㄥˊ
羅敷有夫,1,ㄌㄨㄛˊ ㄈㄨ ㄧㄡˇ ㄈㄨ
羅漢身子,1,ㄌㄨㄛˊ ㄏㄢˋ ㄕㄣ ㄗ˙
羅蘭之歌,1,ㄌㄨㄛˊ ㄌㄢˊ ㄓ ㄍㄜ
羅蘭夫人,1,ㄌㄨㄛˊ ㄌㄢˊ ㄈㄨ ㄖㄣˊ
羅袍象簡,1,ㄌㄨㄛˊ ㄆㄠˊ ㄒㄧㄤˋ ㄐㄧㄢˇ
羅裙包土,1,ㄌㄨㄛˊ ㄑㄩㄣˊ ㄅㄠ ㄊㄨˇ
羅西里尼,1,ㄌㄨㄛˊ ㄒㄧ ㄌㄧˇ ㄋㄧˊ
羅鉗吉網,1,ㄌㄨㄛˊ ㄑㄧㄢˊ ㄐㄧˊ ㄨㄤˇ
羅隱題破,1,ㄌㄨㄛˊ ㄧㄣˇ ㄊㄧˊ ㄆㄛˋ
羅馬假期,1,ㄌㄨㄛˊ ㄇㄚˇ ㄐㄧㄚˋ ㄑㄧˊ
羅馬公教,1,ㄌㄨㄛˊ ㄇㄚˇ ㄍㄨㄥ ㄐㄧㄠˋ
羅馬尼亞,1,ㄌㄨㄛˊ ㄇㄚˇ ㄋㄧˊ ㄧㄚˋ
羅馬廣場,1,ㄌㄨㄛˊ ㄇㄚˇ ㄍㄨㄤˇ ㄔㄤˊ
羅馬建築,1,ㄌㄨㄛˊ ㄇㄚˇ ㄐㄧㄢˋ ㄓㄨˊ
羅馬正教,1,ㄌㄨㄛˊ ㄇㄚˇ ㄓㄥˋ ㄐㄧㄠˋ
羅馬法典,1,ㄌㄨㄛˊ ㄇㄚˇ ㄈㄚˇ ㄉㄧㄢˇ
羈心絆意,1,ㄐㄧ ㄒㄧㄣ ㄅㄢˋ ㄧˋ
羊卓雍湖,1,ㄧㄤˊ ㄓㄨㄛˊ ㄩㄥ ㄏㄨˊ
羊左之誼,1,ㄧㄤˊ ㄗㄨㄛˇ ㄓ ㄧˋ
羊撞籬笆,1,ㄧㄤˊ ㄓㄨㄤˋ ㄌㄧˊ ㄅㄚ˙
羊狠狼貪,1,ㄧㄤˊ ㄏㄣˇ ㄌㄤˊ ㄊㄢ
羊真孔草,1,ㄧㄤˊ ㄓㄣ ㄎㄨㄥˇ ㄘㄠˇ
羊續懸魚,1,ㄧㄤˊ ㄒㄩˋ ㄒㄩㄢˊ ㄩˊ
羊肉床子,1,ㄧㄤˊ ㄖㄡˋ ㄔㄨㄤˊ ㄗ˙
羊胃羊頭,1,ㄧㄤˊ ㄨㄟˋ ㄧㄤˊ ㄊㄡˊ
羊腸鳥道,1,ㄧㄤˊ ㄔㄤˊ ㄋㄧㄠˇ ㄉㄠˋ
羊膜穿刺,1,ㄧㄤˊ ㄇㄛˋ ㄔㄨㄢ ㄘˋ
羊落虎口,1,ㄧㄤˊ ㄌㄨㄛˋ ㄏㄨˇ ㄎㄡˇ
羊裘垂釣,1,ㄧㄤˊ ㄑㄧㄡˊ ㄔㄨㄟˊ ㄉㄧㄠˋ
羊觸藩籬,1,ㄧㄤˊ ㄔㄨˋ ㄈㄢˊ ㄌㄧˊ
羊踏菜園,1,ㄧㄤˊ ㄊㄚˋ ㄘㄞˋ ㄩㄢˊ
羊陸之交,1,ㄧㄤˊ ㄌㄨˋ ㄓ ㄐㄧㄠ
羊頭狗肉,1,ㄧㄤˊ ㄊㄡˊ ㄍㄡˇ ㄖㄡˋ
羊體嵇心,1,ㄧㄤˊ ㄊㄧˇ ㄐㄧ ㄒㄧㄣ
羌無故實,1,ㄑㄧㄤ ㄨˊ ㄍㄨˋ ㄕˊ
美人命薄,1,ㄇㄟˇ ㄖㄣˊ ㄇㄧㄥˋ ㄅㄛˊ
美人胎子,1,ㄇㄟˇ ㄖㄣˊ ㄊㄞ ㄗ˙
美人胚子,1,ㄇㄟˇ ㄖㄣˊ ㄆㄟ ㄗ˙
美人香草,1,ㄇㄟˇ ㄖㄣˊ ㄒㄧㄤ ㄘㄠˇ
美冠一方,1,ㄇㄟˇ ㄍㄨㄢˋ ㄧ ㄈㄤ
美夢難圓,1,ㄇㄟˇ ㄇㄥˋ ㄋㄢˊ ㄩㄢˊ
美奐美輪,1,ㄇㄟˇ ㄏㄨㄢˋ ㄇㄟˇ ㄌㄨㄣˊ
美女破舌,1,ㄇㄟˇ ㄋㄩˇ ㄆㄛˋ ㄕㄜˊ
美女簪花,1,ㄇㄟˇ ㄋㄩˇ ㄗㄢ ㄏㄨㄚ
美如冠玉,1,ㄇㄟˇ ㄖㄨˊ ㄍㄨㄢ ㄩˋ
美容體操,1,ㄇㄟˇ ㄖㄨㄥˊ ㄊㄧˇ ㄘㄠ
美工指導,1,ㄇㄟˇ ㄍㄨㄥ ㄓˇ ㄉㄠˇ
美意延年,1,ㄇㄟˇ ㄧˋ ㄧㄢˊ ㄋㄧㄢˊ
美景良辰,1,ㄇㄟˇ ㄐㄧㄥˇ ㄌㄧㄤˊ ㄔㄣˊ
美洲組織,1,ㄇㄟˇ ㄓㄡ ㄗㄨˇ ㄓ
美滿收場,1,ㄇㄟˇ ㄇㄢˇ ㄕㄡ ㄔㄤˊ
美澤鑑人,1,ㄇㄟˇ ㄗㄜˊ ㄐㄧㄢˋ ㄖㄣˊ
美玉無瑕,1,ㄇㄟˇ ㄩˋ ㄨˊ ㄒㄧㄚˊ
美男破老,1,ㄇㄟˇ ㄋㄢˊ ㄆㄛˋ ㄌㄠˇ
美聲唱法,1,ㄇㄟˇ ㄕㄥ ㄔㄤˋ ㄈㄚˇ
美術大師,1,ㄇㄟˇ ㄕㄨˋ ㄉㄚˋ ㄕ
美術設計,1,ㄇㄟˇ ㄕㄨˋ ㄕㄜˋ ㄐㄧˋ
美術電影,1,ㄇㄟˇ ㄕㄨˋ ㄉㄧㄢˋ ㄧㄥˇ
美衣玉食,1,ㄇㄟˇ ㄧ ㄩˋ ㄕˊ
美言不信,1,ㄇㄟˇ ㄧㄢˊ ㄅㄨˋ ㄒㄧㄣˋ
美貌無雙,1,ㄇㄟˇ ㄇㄠˋ ㄨˊ ㄕㄨㄤ
美酒佳肴,1,ㄇㄟˇ ㄐㄧㄡˇ ㄐㄧㄚ ㄧㄠˊ
美食甘寢,1,ㄇㄟˇ ㄕˊ ㄍㄢ ㄑㄧㄣˇ
美饌佳餚,1,ㄇㄟˇ ㄓㄨㄢˋ ㄐㄧㄚ ㄧㄠˊ
美麗奴羊,1,ㄇㄟˇ ㄌㄧˋ ㄋㄨˊ ㄧㄤˊ
羔酒自勞,1,ㄍㄠ ㄐㄧㄡˇ ㄗˋ ㄌㄠˋ
羚羊掛角,1,ㄌㄧㄥˊ ㄧㄤˊ ㄍㄨㄚˋ ㄐㄧㄠˇ
羝乳得歸,1,ㄉㄧ ㄖㄨˇ ㄉㄜˊ ㄍㄨㄟ
羝羊觸藩,1,ㄉㄧ ㄧㄤˊ ㄔㄨˋ ㄈㄢˊ
羞人答答,1,ㄒㄧㄡ ㄖㄣˊ ㄉㄚ ㄉㄚ
羞以牛後,1,ㄒㄧㄡ ㄧˇ ㄋㄧㄡˊ ㄏㄡˋ
羞刀難入,1,ㄒㄧㄡ ㄉㄠ ㄋㄢˊ ㄖㄨˋ
羞口羞腳,1,ㄒㄧㄡ ㄎㄡˇ ㄒㄧㄡ ㄐㄧㄠˇ
羞與噲伍,1,ㄒㄧㄡ ㄩˇ ㄎㄨㄞˋ ㄨˇ
羞辱門楣,1,ㄒㄧㄡ ㄖㄨˋ ㄇㄣˊ ㄇㄟˊ
羞面見人,1,ㄒㄧㄡ ㄇㄧㄢˋ ㄐㄧㄢˋ ㄖㄣˊ
群口鑠金,1,ㄑㄩㄣˊ ㄎㄡˇ ㄕㄨㄛˋ ㄐㄧㄣ
群居和一,1,ㄑㄩㄣˊ ㄐㄩ ㄏㄜˊ ㄧ
群居穴處,1,ㄑㄩㄣˊ ㄐㄩ ㄒㄩㄝˋ ㄔㄨˇ
群島主義,1,ㄑㄩㄣˊ ㄉㄠˇ ㄓㄨˇ ㄧˋ
群眾關係,1,ㄑㄩㄣˊ ㄓㄨㄥˋ ㄍㄨㄢ ㄒㄧˋ
群而不黨,1,ㄑㄩㄣˊ ㄦˊ ㄅㄨˋ ㄉㄤˇ
群蟻潰堤,1,ㄑㄩㄣˊ ㄧˇ ㄎㄨㄟˋ ㄊㄧˊ
群賢畢至,1,ㄑㄩㄣˊ ㄒㄧㄢˊ ㄅㄧˋ ㄓˋ
群起攻之,1,ㄑㄩㄣˊ ㄑㄧˇ ㄍㄨㄥ ㄓ
群起攻訐,1,ㄑㄩㄣˊ ㄑㄧˇ ㄍㄨㄥ ㄐㄧㄝˊ
群起效尤,1,ㄑㄩㄣˊ ㄑㄧˇ ㄒㄧㄠˋ ㄧㄡˊ
群輕折軸,1,ㄑㄩㄣˊ ㄑㄧㄥ ㄓㄜˊ ㄓㄡˊ
群雌粥粥,1,ㄑㄩㄣˊ ㄘ ㄓㄨˋ ㄓㄨˋ
群雞一鶴,1,ㄑㄩㄣˊ ㄐㄧ ㄧ ㄏㄜˋ
群魔亂舞,1,ㄑㄩㄣˊ ㄇㄛˊ ㄌㄨㄢˋ ㄨˇ
義不反顧,1,ㄧˋ ㄅㄨˋ ㄈㄢˇ ㄍㄨˋ
義不取容,1,ㄧˋ ㄅㄨˋ ㄑㄩˇ ㄖㄨㄥˊ
義大利獎,1,ㄧˋ ㄉㄚˋ ㄌㄧˋ ㄐㄧㄤˇ
義大利菜,1,ㄧˋ ㄉㄚˋ ㄌㄧˋ ㄘㄞˋ
羯鼓催花,1,ㄐㄧㄝˊ ㄍㄨˇ ㄘㄨㄟ ㄏㄨㄚ
羲和馭日,1,ㄒㄧ ㄏㄜˊ ㄩˋ ㄖˋ
羹牆見堯,1,ㄍㄥ ㄑㄧㄤˊ ㄐㄧㄢˋ ㄧㄠˊ
羹藜唅糗,1,ㄍㄥ ㄌㄧˊ ㄏㄢˊ ㄑㄧㄡˇ
羽化登仙,1,ㄩˇ ㄏㄨㄚˋ ㄉㄥ ㄒㄧㄢ
羽化飛天,1,ㄩˇ ㄏㄨㄚˋ ㄈㄟ ㄊㄧㄢ
羽檄交馳,1,ㄩˇ ㄒㄧˊ ㄐㄧㄠ ㄔˊ
羽檄飛馳,1,ㄩˇ ㄒㄧˊ ㄈㄟ ㄔˊ
羽翮已就,1,ㄩˇ ㄏㄜˊ ㄧˇ ㄐㄧㄡˋ
羽翮飛肉,1,ㄩˇ ㄏㄜˊ ㄈㄟ ㄖㄡˋ
羽翼已成,1,ㄩˇ ㄧˋ ㄧˇ ㄔㄥˊ
羽蹈烈火,1,ㄩˇ ㄉㄠˋ ㄌㄧㄝˋ ㄏㄨㄛˇ
習以成俗,1,ㄒㄧˊ ㄧˇ ㄔㄥˊ ㄙㄨˊ
習以成性,1,ㄒㄧˊ ㄧˇ ㄔㄥˊ ㄒㄧㄥˋ
習以成風,1,ㄒㄧˊ ㄧˇ ㄔㄥˊ ㄈㄥ
習故守常,1,ㄒㄧˊ ㄍㄨˋ ㄕㄡˇ ㄔㄤˊ
習與性成,1,ㄒㄧˊ ㄩˇ ㄒㄧㄥˋ ㄔㄥˊ
翠消紅減,1,ㄘㄨㄟˋ ㄒㄧㄠ ㄏㄨㄥˊ ㄐㄧㄢˇ
翠玉白菜,1,ㄘㄨㄟˋ ㄩˋ ㄅㄞˊ ㄘㄞˋ
翠繞珠圍,1,ㄘㄨㄟˋ ㄖㄠˋ ㄓㄨ ㄨㄟˊ
翡翠蘭苕,1,ㄈㄟˇ ㄘㄨㄟˋ ㄌㄢˊ ㄊㄧㄠˊ
翦枝竭流,1,ㄐㄧㄢˇ ㄓ ㄐㄧㄝˊ ㄌㄧㄡˊ
翦草除根,1,ㄐㄧㄢˇ ㄘㄠˇ ㄔㄨˊ ㄍㄣ
翩然俊雅,1,ㄆㄧㄢ ㄖㄢˊ ㄐㄩㄣˋ ㄧㄚˇ
翩若驚鴻,1,ㄆㄧㄢ ㄖㄨㄛˋ ㄐㄧㄥ ㄏㄨㄥˊ
翰苑之光,1,ㄏㄢˋ ㄩㄢˋ ㄓ ㄍㄨㄤ
翳桑餓人,1,ㄧˋ ㄙㄤ ㄜˋ ㄖㄣˊ
翹足引領,1,ㄑㄧㄠˊ ㄗㄨˊ ㄧㄣˇ ㄌㄧㄥˇ
翹足而待,1,ㄑㄧㄠˊ ㄗㄨˊ ㄦˊ ㄉㄞˋ
翹首企足,1,ㄑㄧㄠˊ ㄕㄡˇ ㄑㄧˋ ㄗㄨˊ
翹首引領,1,ㄑㄧㄠˊ ㄕㄡˇ ㄧㄣˇ ㄌㄧㄥˇ
翹首盼望,1,ㄑㄧㄠˊ ㄕㄡˇ ㄆㄢˋ ㄨㄤˋ
翻來吊去,1,ㄈㄢ ㄌㄞˊ ㄉㄧㄠˋ ㄑㄩˋ
翻張跟斗,1,ㄈㄢ ㄓㄤ ㄍㄣ ㄉㄡˇ
翻手之間,1,ㄈㄢ ㄕㄡˇ ㄓ ㄐㄧㄢ
翻手為雲,1,ㄈㄢ ㄕㄡˇ ㄨㄟˊ ㄩㄣˊ
翻江攪海,1,ㄈㄢ ㄐㄧㄤ ㄐㄧㄠˇ ㄏㄞˇ
翻然悔悟,1,ㄈㄢ ㄖㄢˊ ㄏㄨㄟˇ ㄨˋ
翻然改圖,1,ㄈㄢ ㄖㄢˊ ㄍㄞˇ ㄊㄨˊ
翻箱倒籠,1,ㄈㄢ ㄒㄧㄤ ㄉㄠˇ ㄌㄨㄥˊ
翻脣弄舌,1,ㄈㄢ ㄔㄨㄣˊ ㄋㄨㄥˋ ㄕㄜˊ
翻覆無常,1,ㄈㄢ ㄈㄨˋ ㄨˊ ㄔㄤˊ
翻譯小說,1,ㄈㄢ ㄧˋ ㄒㄧㄠˇ ㄕㄨㄛ
翻過筋斗,1,ㄈㄢ ㄍㄨㄛˋ ㄐㄧㄣ ㄉㄡˇ
翼翼小心,1,ㄧˋ ㄧˋ ㄒㄧㄠˇ ㄒㄧㄣ
翾風迴雪,1,ㄒㄩㄢ ㄈㄥ ㄏㄨㄟˊ ㄒㄩㄝˇ
耀眼爭光,1,ㄧㄠˋ ㄧㄢˇ ㄓㄥ ㄍㄨㄤ
耀祖榮宗,1,ㄧㄠˋ ㄗㄨˇ ㄖㄨㄥˊ ㄗㄨㄥ
老一巴掌,1,ㄌㄠˇ ㄧ ㄅㄚ ㄓㄤ˙
老一輩子,1,ㄌㄠˇ ㄧ ㄅㄟˋ ㄗ˙
老三大件,1,ㄌㄠˇ ㄙㄢ ㄉㄚˋ ㄐㄧㄢˋ
老不拘禮,1,ㄌㄠˇ ㄅㄨˋ ㄐㄩ ㄌㄧˇ
老不曉事,1,ㄌㄠˇ ㄅㄨˋ ㄒㄧㄠˇ ㄕˋ
老人問題,1,ㄌㄠˇ ㄖㄣˊ ㄨㄣˋ ㄊㄧˊ
老人年金,1,ㄌㄠˇ ㄖㄣˊ ㄋㄧㄢˊ ㄐㄧㄣ
老人福利,1,ㄌㄠˇ ㄖㄣˊ ㄈㄨˊ ㄌㄧˋ
老人與海,1,ㄌㄠˇ ㄖㄣˊ ㄩˇ ㄏㄞˇ
老八輩子,1,ㄌㄠˇ ㄅㄚ ㄅㄟˋ ㄗ˙
老四大件,1,ㄌㄠˇ ㄙˋ ㄉㄚˋ ㄐㄧㄢˋ
老大吃驚,1,ㄌㄠˇ ㄉㄚˋ ㄔ ㄐㄧㄥ
老大無成,1,ㄌㄠˇ ㄉㄚˋ ㄨˊ ㄔㄥˊ
老天拔地,1,ㄌㄠˇ ㄊㄧㄢ ㄅㄚˊ ㄉㄧˋ
老天有眼,1,ㄌㄠˇ ㄊㄧㄢ ㄧㄡˇ ㄧㄢˇ
老女歸宗,1,ㄌㄠˇ ㄋㄩˇ ㄍㄨㄟ ㄗㄨㄥ
老婆當軍,1,ㄌㄠˇ ㄆㄛˊ ㄉㄤ ㄐㄩㄣ
老婆舌頭,1,ㄌㄠˇ ㄆㄛˊ ㄕㄜˊ ㄊㄡ˙
老嫗能解,1,ㄌㄠˇ ㄩˋ ㄋㄥˊ ㄐㄧㄝˇ
老子婆娑,1,ㄌㄠˇ ㄗˇ ㄆㄛˊ ㄙㄨㄛ
老子道君,1,ㄌㄠˇ ㄗˇ ㄉㄠˋ ㄐㄩㄣ
老實巴交,1,ㄌㄠˇ ㄕ˙ ㄅㄚ ㄐㄧㄠ
老少一同,1,ㄌㄠˇ ㄕㄠˋ ㄧ ㄊㄨㄥˊ
老少無欺,1,ㄌㄠˇ ㄕㄠˋ ㄨˊ ㄑㄧ
老少男女,1,ㄌㄠˇ ㄕㄠˋ ㄋㄢˊ ㄋㄩˇ
老師宿儒,1,ㄌㄠˇ ㄕ ㄙㄨˋ ㄖㄨˊ
老年人口,1,ㄌㄠˇ ㄋㄧㄢˊ ㄖㄣˊ ㄎㄡˇ
老年得子,1,ㄌㄠˇ ㄋㄧㄢˊ ㄉㄜˊ ㄗˇ
老年時期,1,ㄌㄠˇ ㄋㄧㄢˊ ㄕˊ ㄑㄧˊ
老年福利,1,ㄌㄠˇ ㄋㄧㄢˊ ㄈㄨˊ ㄌㄧˋ
老年醫學,1,ㄌㄠˇ ㄋㄧㄢˊ ㄧ ㄒㄩㄝˊ
老幼咸宜,1,ㄌㄠˇ ㄧㄡˋ ㄒㄧㄢˊ ㄧˊ
老成之見,1,ㄌㄠˇ ㄔㄥˊ ㄓ ㄐㄧㄢˋ
老成穩重,1,ㄌㄠˇ ㄔㄥˊ ㄨㄣˇ ㄓㄨㄥˋ
老成練達,1,ㄌㄠˇ ㄔㄥˊ ㄌㄧㄢˋ ㄉㄚˊ
老成見到,1,ㄌㄠˇ ㄔㄥˊ ㄐㄧㄢˋ ㄉㄠˋ
老有所終,1,ㄌㄠˇ ㄧㄡˇ ㄙㄨㄛˇ ㄓㄨㄥ
老朽無用,1,ㄌㄠˇ ㄒㄧㄡˇ ㄨˊ ㄩㄥˋ
老樹枯柴,1,ㄌㄠˇ ㄕㄨˋ ㄎㄨ ㄔㄞˊ
老樹盤根,1,ㄌㄠˇ ㄕㄨˋ ㄆㄢˊ ㄍㄣ
老死溝壑,1,ㄌㄠˇ ㄙˇ ㄍㄡ ㄏㄨㄛˋ
老死牖下,1,ㄌㄠˇ ㄙˇ ㄧㄡˇ ㄒㄧㄚˋ
老淚縱橫,1,ㄌㄠˇ ㄌㄟˋ ㄗㄨㄥ ㄏㄥˊ
老熊當道,1,ㄌㄠˇ ㄒㄩㄥˊ ㄉㄤ ㄉㄠˋ
老牛破車,1,ㄌㄠˇ ㄋㄧㄡˊ ㄆㄛˋ ㄔㄜ
老牛箍嘴,1,ㄌㄠˇ ㄋㄧㄡˊ ㄍㄨ ㄗㄨㄟˇ
老牛箝嘴,1,ㄌㄠˇ ㄋㄧㄡˊ ㄑㄧㄢˊ ㄗㄨㄟˇ
老生常譚,1,ㄌㄠˇ ㄕㄥ ㄔㄤˊ ㄊㄢˊ
老的少的,1,ㄌㄠˇ ㄉㄜ˙ ㄕㄠˋ ㄉㄜ˙
老羆當道,1,ㄌㄠˇ ㄆㄧˊ ㄉㄤ ㄉㄠˋ
老羞變怒,1,ㄌㄠˇ ㄒㄧㄡ ㄅㄧㄢˋ ㄋㄨˋ
老老大大,1,ㄌㄠˇ ㄌㄠˇ ㄉㄚˋ ㄉㄚˋ
老老小小,1,ㄌㄠˇ ㄌㄠˇ ㄒㄧㄠˇ ㄒㄧㄠˇ
老老成成,1,ㄌㄠˇ ㄌㄠˇ ㄔㄥˊ ㄔㄥˊ
老莊哲學,1,ㄌㄠˇ ㄓㄨㄤ ㄓㄜˊ ㄒㄩㄝˊ
老萊娛親,1,ㄌㄠˇ ㄌㄞˊ ㄩˊ ㄑㄧㄣ
老著臉皮,1,ㄌㄠˇ ㄓㄜ˙ ㄌㄧㄢˇ ㄆㄧˊ
老蠶作繭,1,ㄌㄠˇ ㄘㄢˊ ㄗㄨㄛˋ ㄐㄧㄢˇ
老街舊鄰,1,ㄌㄠˇ ㄐㄧㄝ ㄐㄧㄡˋ ㄌㄧㄣˊ
老起面皮,1,ㄌㄠˇ ㄑㄧˇ ㄇㄧㄢˋ ㄆㄧˊ
老身長子,1,ㄌㄠˇ ㄕㄣ ㄓㄤˇ ㄗˇ
老邁龍鍾,1,ㄌㄠˇ ㄇㄞˋ ㄌㄨㄥˊ ㄓㄨㄥ
老醫少卜,1,ㄌㄠˇ ㄧ ㄕㄠˋ ㄅㄨˇ
老馬嘶風,1,ㄌㄠˇ ㄇㄚˇ ㄙ ㄈㄥ
老馬為駒,1,ㄌㄠˇ ㄇㄚˇ ㄨㄟˊ ㄐㄩ
老魚跳波,1,ㄌㄠˇ ㄩˊ ㄊㄧㄠˋ ㄅㄛ
老鶴乘軒,1,ㄌㄠˇ ㄏㄜˋ ㄔㄥˊ ㄒㄩㄢ
老黃請醫,1,ㄌㄠˇ ㄏㄨㄤˊ ㄑㄧㄥˇ ㄧ
老鼠見貓,1,ㄌㄠˇ ㄕㄨˇ ㄐㄧㄢˋ ㄇㄠ
老鼠過街,1,ㄌㄠˇ ㄕㄨˇ ㄍㄨㄛˋ ㄐㄧㄝ
老齡問題,1,ㄌㄠˇ ㄌㄧㄥˊ ㄨㄣˋ ㄊㄧˊ
考亭學派,1,ㄎㄠˇ ㄊㄧㄥˊ ㄒㄩㄝˊ ㄆㄞˋ
考古質疑,1,ㄎㄠˇ ㄍㄨˇ ㄓˊ ㄧˊ
考名責實,1,ㄎㄠˇ ㄇㄧㄥˊ ㄗㄜˊ ㄕˊ
考績幽明,1,ㄎㄠˇ ㄐㄧ ㄧㄡ ㄇㄧㄥˊ
考績黜陟,1,ㄎㄠˇ ㄐㄧ ㄔㄨˋ ㄓˋ
考試委員,1,ㄎㄠˇ ㄕˋ ㄨㄟˇ ㄩㄢˊ
者者謙謙,1,ㄓㄜˇ ㄓㄜˇ ㄑㄧㄢ ㄑㄧㄢ
耆儒碩德,1,ㄑㄧˊ ㄖㄨˊ ㄕˊ ㄉㄜˊ
耆儒碩望,1,ㄑㄧˊ ㄖㄨˊ ㄕˊ ㄨㄤˋ
耆儒碩老,1,ㄑㄧˊ ㄖㄨˊ ㄕˊ ㄌㄠˇ
耆年碩德,1,ㄑㄧˊ ㄋㄧㄢˊ ㄕˊ ㄉㄜˊ
而今而後,1,ㄦˊ ㄐㄧㄣ ㄦˊ ㄏㄡˋ
耍嘴皮子,1,ㄕㄨㄚˇ ㄗㄨㄟˇ ㄆㄧˊ ㄗ˙
耐儲大蒜,1,ㄋㄞˋ ㄔㄨˊ ㄉㄚˋ ㄙㄨㄢˋ
耐著性子,1,ㄋㄞˋ ㄓㄜ˙ ㄒㄧㄥˋ ㄗ˙
耒耜之勤,1,ㄌㄟˇ ㄙˋ ㄓ ㄑㄧㄣˊ
耒耨之利,1,ㄌㄟˇ ㄋㄡˋ ㄓ ㄌㄧˋ
耒耨之教,1,ㄌㄟˇ ㄋㄡˋ ㄓ ㄐㄧㄠˋ
耕九餘三,1,ㄍㄥ ㄐㄧㄡˇ ㄩˊ ㄙㄢ
耕前耡後,1,ㄍㄥ ㄑㄧㄢˊ ㄔㄨˊ ㄏㄡˋ
耕地放領,1,ㄍㄥ ㄉㄧˋ ㄈㄤˋ ㄌㄧㄥˇ
耕當問奴,1,ㄍㄥ ㄉㄤ ㄨㄣˋ ㄋㄨˊ
耕讀傳家,1,ㄍㄥ ㄉㄨˊ ㄔㄨㄢˊ ㄐㄧㄚ
耳提面訓,1,ㄦˇ ㄊㄧˊ ㄇㄧㄢˋ ㄒㄩㄣˋ
耳朵底子,1,ㄦˇ ㄉㄨㄛ˙ ㄉㄧˇ ㄗ˙
耳朵裡響,1,ㄦˇ ㄉㄨㄛ˙ ㄌㄧ˙ ㄒㄧㄤˇ
耳染目濡,1,ㄦˇ ㄖㄢˇ ㄇㄨˋ ㄖㄨˊ
耳根清淨,1,ㄦˇ ㄍㄣ ㄑㄧㄥ ㄐㄧㄥˋ
耳消耳息,1,ㄦˇ ㄒㄧㄠ ㄦˇ ㄒㄧˊ
耳滿鼻滿,1,ㄦˇ ㄇㄢˇ ㄅㄧˊ ㄇㄢˇ
耳熱眼跳,1,ㄦˇ ㄖㄜˋ ㄧㄢˇ ㄊㄧㄠˋ
耳目之娛,1,ㄦˇ ㄇㄨˋ ㄓ ㄩˊ
耳目之欲,1,ㄦˇ ㄇㄨˋ ㄓ ㄩˋ
耳目昏眩,1,ㄦˇ ㄇㄨˋ ㄏㄨㄣ ㄒㄩㄢˋ
耳目聰明,1,ㄦˇ ㄇㄨˋ ㄘㄨㄥ ㄇㄧㄥˊ
耳紅面赤,1,ㄦˇ ㄏㄨㄥˊ ㄇㄧㄢˋ ㄔˋ
耳聞目擊,1,ㄦˇ ㄨㄣˊ ㄇㄨˋ ㄐㄧˊ
耳聞目睹,1,ㄦˇ ㄨㄣˊ ㄇㄨˋ ㄉㄨˇ
耳聞目見,1,ㄦˇ ㄨㄣˊ ㄇㄨˋ ㄐㄧㄢˋ
耳聾目花,1,ㄦˇ ㄌㄨㄥˊ ㄇㄨˋ ㄏㄨㄚ
耳視目聽,1,ㄦˇ ㄕˋ ㄇㄨˋ ㄊㄧㄥ
耳軟心活,1,ㄦˇ ㄖㄨㄢˇ ㄒㄧㄣ ㄏㄨㄛˊ
耳順之年,1,ㄦˇ ㄕㄨㄣˋ ㄓ ㄋㄧㄢˊ
耳食之聞,1,ㄦˇ ㄕˊ ㄓ ㄨㄣˊ
耳食之言,1,ㄦˇ ㄕˊ ㄓ ㄧㄢˊ
耳食之談,1,ㄦˇ ㄕˊ ㄓ ㄊㄢˊ
耳鬢交接,1,ㄦˇ ㄅㄧㄣˋ ㄐㄧㄠ ㄐㄧㄝ
耶律休哥,1,ㄧㄝ ㄌㄩˋ ㄒㄧㄡ ㄍㄜ
耶律大石,1,ㄧㄝ ㄌㄩˋ ㄉㄚˋ ㄕˊ
耶律楚材,1,ㄧㄝ ㄌㄩˋ ㄔㄨˇ ㄘㄞˊ
耶誕老人,1,ㄧㄝ ㄉㄢˋ ㄌㄠˇ ㄖㄣˊ
耶魯拼音,1,ㄧㄝ ㄌㄨˇ ㄆㄧㄣ ㄧㄣ
耽花戀酒,1,ㄉㄢ ㄏㄨㄚ ㄌㄧㄢˋ ㄐㄧㄡˇ
耽驚動氣,1,ㄉㄢ ㄐㄧㄥ ㄉㄨㄥˋ ㄑㄧˋ
耽驚受怕,1,ㄉㄢ ㄐㄧㄥ ㄕㄡˋ ㄆㄚˋ
耿介之士,1,ㄍㄥˇ ㄐㄧㄝˋ ㄓ ㄕˋ
耿恭拜井,1,ㄍㄥˇ ㄍㄨㄥ ㄅㄞˋ ㄐㄧㄥˇ
耿耿在心,1,ㄍㄥˇ ㄍㄥˇ ㄗㄞˋ ㄒㄧㄣ
耿耿於心,1,ㄍㄥˇ ㄍㄥˇ ㄩˊ ㄒㄧㄣ
聊以卒歲,1,ㄌㄧㄠˊ ㄧˇ ㄗㄨˊ ㄙㄨㄟˋ
聊以塞責,1,ㄌㄧㄠˊ ㄧˇ ㄙㄜˋ ㄗㄜˊ
聊以自慰,1,ㄌㄧㄠˊ ㄧˇ ㄗˋ ㄨㄟˋ
聊勝一籌,1,ㄌㄧㄠˊ ㄕㄥˋ ㄧ ㄔㄡˊ
聊城射書,1,ㄌㄧㄠˊ ㄔㄥˊ ㄕㄜˋ ㄕㄨ
聊復備數,1,ㄌㄧㄠˊ ㄈㄨˋ ㄅㄟˋ ㄕㄨˋ
聊復爾爾,1,ㄌㄧㄠˊ ㄈㄨˋ ㄦˇ ㄦˇ
聊復爾耳,1,ㄌㄧㄠˊ ㄈㄨˋ ㄦˇ ㄦˇ
聊施小計,1,ㄌㄧㄠˊ ㄕ ㄒㄧㄠˇ ㄐㄧˋ
聊表寸心,1,ㄌㄧㄠˊ ㄅㄧㄠˇ ㄘㄨㄣˋ ㄒㄧㄣ
聊齋志異,1,ㄌㄧㄠˊ ㄓㄞ ㄓˋ ㄧˋ
聐聐聒聒,1,ㄧㄚˋ ㄧㄚˋ ㄍㄨㄚ ㄍㄨㄚ
聖保羅州,1,ㄕㄥˋ ㄅㄠˇ ㄌㄨㄛˊ ㄓㄡ
聖女貞德,1,ㄕㄥˋ ㄋㄩˇ ㄓㄣ ㄉㄜˊ
聖彼得堡,1,ㄕㄥˋ ㄅㄧˇ ㄉㄜˊ ㄅㄠˇ
聖德懿行,1,ㄕㄥˋ ㄉㄜˊ ㄧˋ ㄒㄧㄥˋ
聖手仁心,1,ㄕㄥˋ ㄕㄡˇ ㄖㄣˊ ㄒㄧㄣ
聖經賢傳,1,ㄕㄥˋ ㄐㄧㄥ ㄒㄧㄢˊ ㄓㄨㄢˋ
聖誕百合,1,ㄕㄥˋ ㄉㄢˋ ㄅㄞˇ ㄏㄜˊ
聘用人員,1,ㄆㄧㄣˋ ㄩㄥˋ ㄖㄣˊ ㄩㄢˊ
聚寶尊王,1,ㄐㄩˋ ㄅㄠˇ ㄗㄨㄣ ㄨㄤˊ
聚沙之年,1,ㄐㄩˋ ㄕㄚ ㄓ ㄋㄧㄢˊ
聚眾滋事,1,ㄐㄩˋ ㄓㄨㄥˋ ㄗ ㄕˋ
聚礦作用,1,ㄐㄩˋ ㄎㄨㄤˋ ㄗㄨㄛˋ ㄩㄥˋ
聚米為山,1,ㄐㄩˋ ㄇㄧˇ ㄨㄟˊ ㄕㄢ
聚繖花序,1,ㄐㄩˋ ㄙㄢˇ ㄏㄨㄚ ㄒㄩˋ
聚落保存,1,ㄐㄩˋ ㄌㄨㄛˋ ㄅㄠˇ ㄘㄨㄣˊ
聚葯雄蕊,1,ㄐㄩˋ ㄧㄠˋ ㄒㄩㄥˊ ㄖㄨㄟˇ
聚螢映雪,1,ㄐㄩˋ ㄧㄥˊ ㄧㄥˋ ㄒㄩㄝˇ
聚螢積雪,1,ㄐㄩˋ ㄧㄥˊ ㄐㄧ ㄒㄩㄝˇ
聞名於世,1,ㄨㄣˊ ㄇㄧㄥˊ ㄩˊ ㄕˋ
聞名遐邇,1,ㄨㄣˊ ㄇㄧㄥˊ ㄒㄧㄚˊ ㄦˇ
聞過色喜,1,ㄨㄣˊ ㄍㄨㄛˋ ㄙㄜˋ ㄒㄧˇ
聞道猶迷,1,ㄨㄣˊ ㄉㄠˋ ㄧㄡˊ ㄇㄧˊ
聞雷失箸,1,ㄨㄣˊ ㄌㄟˊ ㄕ ㄓㄨˋ
聞韶忘味,1,ㄨㄣˊ ㄕㄠˊ ㄨㄤˋ ㄨㄟˋ
聞風不動,1,ㄨㄣˊ ㄈㄥ ㄅㄨˋ ㄉㄨㄥˋ
聞風遠揚,1,ㄨㄣˊ ㄈㄥ ㄩㄢˇ ㄧㄤˊ
聯合參謀,1,ㄌㄧㄢˊ ㄏㄜˊ ㄘㄢ ㄇㄡˊ
聯合國日,1,ㄌㄧㄢˊ ㄏㄜˊ ㄍㄨㄛˊ ㄖˋ
聯合獨占,1,ㄌㄧㄢˊ ㄏㄜˊ ㄉㄨˊ ㄓㄢˋ
聯席審查,1,ㄌㄧㄢˊ ㄒㄧˊ ㄕㄣˇ ㄔㄚˊ
聯珠快書,1,ㄌㄧㄢˊ ㄓㄨ ㄎㄨㄞˋ ㄕㄨ
聯科及第,1,ㄌㄧㄢˊ ㄎㄜ ㄐㄧˊ ㄉㄧˋ
聯立內閣,1,ㄌㄧㄢˊ ㄌㄧˋ ㄋㄟˋ ㄍㄜˊ
聯綿字典,1,ㄌㄧㄢˊ ㄇㄧㄢˊ ㄗˋ ㄉㄧㄢˇ
聯聯翩翩,1,ㄌㄧㄢˊ ㄌㄧㄢˊ ㄆㄧㄢ ㄆㄧㄢ
聯肩疊背,1,ㄌㄧㄢˊ ㄐㄧㄢ ㄉㄧㄝˊ ㄅㄟˋ
聯邦國家,1,ㄌㄧㄢˊ ㄅㄤ ㄍㄨㄛˊ ㄐㄧㄚ
聯邦憲法,1,ㄌㄧㄢˊ ㄅㄤ ㄒㄧㄢˋ ㄈㄚˇ
聰明乖覺,1,ㄘㄨㄥ ㄇㄧㄥˊ ㄍㄨㄞ ㄐㄩㄝˊ
聰明伶俐,1,ㄘㄨㄥ ㄇㄧㄥˊ ㄌㄧㄥˊ ㄌㄧˋ
聲價十倍,1,ㄕㄥ ㄐㄧㄚˋ ㄕˊ ㄅㄟˋ
聲勢赫赫,1,ㄕㄥ ㄕˋ ㄏㄜˋ ㄏㄜˋ
聲叫聲應,1,ㄕㄥ ㄐㄧㄠˋ ㄕㄥ ㄧㄥˋ
聲名鵲起,1,ㄕㄥ ㄇㄧㄥˊ ㄑㄩㄝˋ ㄑㄧˇ
聲吞氣忍,1,ㄕㄥ ㄊㄨㄣ ㄑㄧˋ ㄖㄣˇ
聲威大震,1,ㄕㄥ ㄨㄟ ㄉㄚˋ ㄓㄣˋ
聲容宛在,1,ㄕㄥ ㄖㄨㄥˊ ㄨㄢˇ ㄗㄞˋ
聲帶小結,1,ㄕㄥ ㄉㄞˋ ㄒㄧㄠˇ ㄐㄧㄝˊ
聲徹雲霄,1,ㄕㄥ ㄔㄜˋ ㄩㄣˊ ㄒㄧㄠ
聲情並茂,1,ㄕㄥ ㄑㄧㄥˊ ㄅㄧㄥˋ ㄇㄠˋ
聲應氣求,1,ㄕㄥ ㄧㄥˋ ㄑㄧˋ ㄑㄧㄡˊ
聲振林木,1,ㄕㄥ ㄓㄣˋ ㄌㄧㄣˊ ㄇㄨˋ
聲控玩具,1,ㄕㄥ ㄎㄨㄥˋ ㄨㄢˊ ㄐㄩˋ
聲氣相投,1,ㄕㄥ ㄑㄧˋ ㄒㄧㄤ ㄊㄡˊ
聲氣相求,1,ㄕㄥ ㄑㄧˋ ㄒㄧㄤ ㄑㄧㄡˊ
聲求氣應,1,ㄕㄥ ㄑㄧㄡˊ ㄑㄧˋ ㄧㄥˋ
聲稱籍甚,1,ㄕㄥ ㄔㄥ ㄐㄧˊ ㄕㄣˋ
聲絲氣咽,1,ㄕㄥ ㄙ ㄑㄧˋ ㄧㄝˋ
聲色不動,1,ㄕㄥ ㄙㄜˋ ㄅㄨˋ ㄉㄨㄥˋ
聲色場所,1,ㄕㄥ ㄙㄜˋ ㄔㄤˊ ㄙㄨㄛˇ
聲色狗馬,1,ㄕㄥ ㄙㄜˋ ㄍㄡˇ ㄇㄚˇ
聲說聲聽,1,ㄕㄥ ㄕㄨㄛ ㄕㄥ ㄊㄧㄥ
聲調符號,1,ㄕㄥ ㄉㄧㄠˋ ㄈㄨˊ ㄏㄠˋ
聲譽鵲起,1,ㄕㄥ ㄩˋ ㄑㄩㄝˋ ㄑㄧˇ
聲跡彰露,1,ㄕㄥ ㄐㄧ ㄓㄤ ㄌㄨˋ
聲雄力猛,1,ㄕㄥ ㄒㄩㄥˊ ㄌㄧˋ ㄇㄥˇ
聲音笑貌,1,ㄕㄥ ㄧㄣ ㄒㄧㄠˋ ㄇㄠˋ
聳壑昂霄,1,ㄙㄨㄥˇ ㄏㄨㄛˋ ㄤˊ ㄒㄧㄠ
聳頭聳腦,1,ㄙㄨㄥˇ ㄊㄡˊ ㄙㄨㄥˇ ㄋㄠˇ
職位分類,1,ㄓˊ ㄨㄟˋ ㄈㄣ ㄌㄟˋ
職前教育,1,ㄓˊ ㄑㄧㄢˊ ㄐㄧㄠˋ ㄩˋ
職前訓練,1,ㄓˊ ㄑㄧㄢˊ ㄒㄩㄣˋ ㄌㄧㄢˋ
職工學校,1,ㄓˊ ㄍㄨㄥ ㄒㄩㄝˊ ㄒㄧㄠˋ
職方外紀,1,ㄓˊ ㄈㄤ ㄨㄞˋ ㄐㄧˋ
職業團體,1,ㄓˊ ㄧㄝˋ ㄊㄨㄢˊ ㄊㄧˇ
職業學生,1,ㄓˊ ㄧㄝˋ ㄒㄩㄝˊ ㄕㄥ
職業水準,1,ㄓˊ ㄧㄝˋ ㄕㄨㄟˇ ㄓㄨㄣˇ
職業訓練,1,ㄓˊ ㄧㄝˋ ㄒㄩㄣˋ ㄌㄧㄢˋ
職業輔導,1,ㄓˊ ㄧㄝˋ ㄈㄨˇ ㄉㄠˇ
職業選手,1,ㄓˊ ㄧㄝˋ ㄒㄩㄢˇ ㄕㄡˇ
職能治療,1,ㄓˊ ㄋㄥˊ ㄓˋ ㄌㄧㄠˊ
職訓中心,1,ㄓˊ ㄒㄩㄣˋ ㄓㄨㄥ ㄒㄧㄣ
聽之任之,1,ㄊㄧㄥˋ ㄓ ㄖㄣˋ ㄓ
聽人穿鼻,1,ㄊㄧㄥˋ ㄖㄣˊ ㄔㄨㄢ ㄅㄧˊ
聽候官身,1,ㄊㄧㄥ ㄏㄡˋ ㄍㄨㄢ ㄕㄣ
聽候發落,1,ㄊㄧㄥ ㄏㄡˋ ㄈㄚ ㄌㄨㄛˋ
聽力障礙,1,ㄊㄧㄥ ㄌㄧˋ ㄓㄤˋ ㄞˋ
聽天任命,1,ㄊㄧㄥˋ ㄊㄧㄢ ㄖㄣˋ ㄇㄧㄥˋ
聽憑尊便,1,ㄊㄧㄥˋ ㄆㄧㄥˊ ㄗㄨㄣ ㄅㄧㄢˋ
聽籬察壁,1,ㄊㄧㄥ ㄌㄧˊ ㄔㄚˊ ㄅㄧˋ
聽覺中樞,1,ㄊㄧㄥ ㄐㄩㄝˊ ㄓㄨㄥ ㄕㄨ
聽說聽道,1,ㄊㄧㄥ ㄕㄨㄛ ㄊㄧㄥ ㄉㄠˋ
聽證制度,1,ㄊㄧㄥ ㄓㄥˋ ㄓˋ ㄉㄨˋ
聽讒惑亂,1,ㄊㄧㄥ ㄔㄢˊ ㄏㄨㄛˋ ㄌㄨㄢˋ
聽風聽水,1,ㄊㄧㄥ ㄈㄥ ㄊㄧㄥ ㄕㄨㄟˇ
聾盲瘖啞,1,ㄌㄨㄥˊ ㄇㄤˊ ㄧㄣ ㄧㄚˇ
聾者之歌,1,ㄌㄨㄥˊ ㄓㄜˇ ㄓ ㄍㄜ
肆奸植黨,1,ㄙˋ ㄐㄧㄢ ㄓˊ ㄉㄤˇ
肆行無忌,1,ㄙˋ ㄒㄧㄥˊ ㄨˊ ㄐㄧˋ
肆言無忌,1,ㄙˋ ㄧㄢˊ ㄨˊ ㄐㄧˋ
肆言詈辱,1,ㄙˋ ㄧㄢˊ ㄌㄧˋ ㄖㄨˋ
肉山脯林,1,ㄖㄡˋ ㄕㄢ ㄈㄨˇ ㄌㄧㄣˊ
肉山酒海,1,ㄖㄡˋ ㄕㄢ ㄐㄧㄡˇ ㄏㄞˇ
肉眼凡夫,1,ㄖㄡˋ ㄧㄢˇ ㄈㄢˊ ㄈㄨ
肉眼凡胎,1,ㄖㄡˋ ㄧㄢˇ ㄈㄢˊ ㄊㄞ
肉眼愚晦,1,ㄖㄡˋ ㄧㄢˇ ㄩˊ ㄏㄨㄟˋ
肉眼愚眉,1,ㄖㄡˋ ㄧㄢˇ ㄩˊ ㄇㄟˊ
肉穗花序,1,ㄖㄡˋ ㄙㄨㄟˋ ㄏㄨㄚ ㄒㄩˋ
肉綻皮開,1,ㄖㄡˋ ㄓㄢˋ ㄆㄧˊ ㄎㄞ
肉袒牽羊,1,ㄖㄡˋ ㄊㄢˇ ㄑㄧㄢ ㄧㄤˊ
肉袒負荊,1,ㄖㄡˋ ㄊㄢˇ ㄈㄨˋ ㄐㄧㄥ
肉袒面縛,1,ㄖㄡˋ ㄊㄢˇ ㄇㄧㄢˋ ㄈㄨˊ
肉跳心驚,1,ㄖㄡˋ ㄊㄧㄠˋ ㄒㄧㄣ ㄐㄧㄥ
肉重千斤,1,ㄖㄡˋ ㄓㄨㄥˋ ㄑㄧㄢ ㄐㄧㄣ
肉顫心驚,1,ㄖㄡˋ ㄓㄢˋ ㄒㄧㄣ ㄐㄧㄥ
肉食者鄙,1,ㄖㄡˋ ㄕˊ ㄓㄜˇ ㄅㄧˇ
肋骨舉肌,1,ㄌㄜˋ ㄍㄨˇ ㄐㄩˇ ㄐㄧ
肌無完膚,1,ㄐㄧ ㄨˊ ㄨㄢˊ ㄈㄨ
肌理豐盈,1,ㄐㄧ ㄌㄧˇ ㄈㄥ ㄧㄥˊ
肌肉注射,1,ㄐㄧ ㄖㄡˋ ㄓㄨˋ ㄕㄜˋ
肌肉麻痺,1,ㄐㄧ ㄖㄡˋ ㄇㄚˊ ㄅㄧˋ
肌膚之愛,1,ㄐㄧ ㄈㄨ ㄓ ㄞˋ
肐肢肐察,1,ㄍㄜ ㄓ ㄍㄜ ㄔㄚˊ
肐膊肘子,1,ㄍㄜ ㄅㄛ˙ ㄓㄡˇ ㄗ˙
肐膊腕子,1,ㄍㄜ ㄅㄛ˙ ㄨㄢˋ ㄗ˙
肘手鍊足,1,ㄓㄡˇ ㄕㄡˇ ㄌㄧㄢˋ ㄗㄨˊ
肘腋之患,1,ㄓㄡˇ ㄧˋ ㄓ ㄏㄨㄢˋ
肘腋之憂,1,ㄓㄡˇ ㄧˋ ㄓ ㄧㄡ
肚裡一輪,1,ㄉㄨˋ ㄌㄧˇ ㄧ ㄌㄨㄣˊ
肚裡尋思,1,ㄉㄨˋ ㄌㄧˇ ㄒㄩㄣˊ ㄙ
肚裡明白,1,ㄉㄨˋ ㄌㄧˇ ㄇㄧㄥˊ ㄅㄞ˙
肚裡躊躇,1,ㄉㄨˋ ㄌㄧˇ ㄔㄡˊ ㄔㄨˊ
肚裡雷鳴,1,ㄉㄨˋ ㄌㄧˇ ㄌㄟˊ ㄇㄧㄥˊ
肚轉腸鳴,1,ㄉㄨˋ ㄓㄨㄢˇ ㄔㄤˊ ㄇㄧㄥˊ
肝橫膽乍,1,ㄍㄢ ㄏㄥˊ ㄉㄢˇ ㄓㄚˋ
肝火上炎,1,ㄍㄢ ㄏㄨㄛˇ ㄕㄤˋ ㄧㄢˊ
肝硬化症,1,ㄍㄢ ㄧㄥˋ ㄏㄨㄚˋ ㄓㄥˋ
肝腸崩裂,1,ㄍㄢ ㄔㄤˊ ㄅㄥ ㄌㄧㄝˋ
肝膽塗地,1,ㄍㄢ ㄉㄢˇ ㄊㄨˊ ㄉㄧˋ
肝膽楚越,1,ㄍㄢ ㄉㄢˇ ㄔㄨˇ ㄩㄝˋ
肝膽胡越,1,ㄍㄢ ㄉㄢˇ ㄏㄨˊ ㄩㄝˋ
股價指數,1,ㄍㄨˇ ㄐㄧㄚˋ ㄓˇ ㄕㄨˋ
股息股利,1,ㄍㄨˇ ㄒㄧˊ ㄍㄨˇ ㄌㄧˋ
股掌之上,1,ㄍㄨˇ ㄓㄤˇ ㄓ ㄕㄤˋ
股東權益,1,ㄍㄨˇ ㄉㄨㄥ ㄑㄩㄢˊ ㄧˋ
股票價值,1,ㄍㄨˇ ㄆㄧㄠˋ ㄐㄧㄚˋ ㄓˊ
股票分割,1,ㄍㄨˇ ㄆㄧㄠˋ ㄈㄣ ㄍㄜ
股票股利,1,ㄍㄨˇ ㄆㄧㄠˋ ㄍㄨˇ ㄌㄧˋ
股肱之力,1,ㄍㄨˇ ㄍㄨㄥ ㄓ ㄌㄧˋ
股肱耳目,1,ㄍㄨˇ ㄍㄨㄥ ㄦˇ ㄇㄨˋ
股關節炎,1,ㄍㄨˇ ㄍㄨㄢ ㄐㄧㄝˊ ㄧㄢˊ
肢體殘障,1,ㄓ ㄊㄧˇ ㄘㄢˊ ㄓㄤˋ
肢體語言,1,ㄓ ㄊㄧˇ ㄩˇ ㄧㄢˊ
肥冬瘦年,1,ㄈㄟˊ ㄉㄨㄥ ㄕㄡˋ ㄋㄧㄢˊ
肥勻明秀,1,ㄈㄟˊ ㄩㄣˊ ㄇㄧㄥˊ ㄒㄧㄡˋ
肥沃月灣,1,ㄈㄟˊ ㄨㄛˋ ㄩㄝˋ ㄨㄢ
肥肥胖胖,1,ㄈㄟˊ ㄈㄟ˙ ㄆㄤˋ ㄆㄤˋ
肥腸滿腦,1,ㄈㄟˊ ㄔㄤˊ ㄇㄢˇ ㄋㄠˇ
肥遯鳴高,1,ㄈㄟˊ ㄉㄨㄣˋ ㄇㄧㄥˊ ㄍㄠ
肥頭大耳,1,ㄈㄟˊ ㄊㄡˊ ㄉㄚˋ ㄦˇ
肥馬輕裘,1,ㄈㄟˊ ㄇㄚˇ ㄑㄧㄥ ㄑㄧㄡˊ
肩上肩下,1,ㄐㄧㄢ ㄕㄤˋ ㄐㄧㄢ ㄒㄧㄚˋ
肩挑背負,1,ㄐㄧㄢ ㄊㄧㄠ ㄅㄟ ㄈㄨˋ
肩摩踵接,1,ㄐㄧㄢ ㄇㄛˊ ㄓㄨㄥˇ ㄐㄧㄝ
肩摩轂擊,1,ㄐㄧㄢ ㄇㄛˊ ㄍㄨˇ ㄐㄧˊ
肩擔之家,1,ㄐㄧㄢ ㄉㄢˋ ㄓ ㄐㄧㄚ
肩背相望,1,ㄐㄧㄢ ㄅㄟˋ ㄒㄧㄤ ㄨㄤˋ
肩膀不齊,1,ㄐㄧㄢ ㄅㄤˇ ㄅㄨˋ ㄑㄧˊ
肯堂肯構,1,ㄎㄣˇ ㄊㄤˊ ㄎㄣˇ ㄍㄡˋ
肯塔基州,1,ㄎㄣˇ ㄊㄚˇ ㄐㄧ ㄓㄡ
肯定命題,1,ㄎㄣˇ ㄉㄧㄥˋ ㄇㄧㄥˋ ㄊㄧˊ
肯構肯堂,1,ㄎㄣˇ ㄍㄡˋ ㄎㄣˇ ㄊㄤˊ
肺塵矽症,1,ㄈㄟˋ ㄔㄣˊ ㄒㄧˋ ㄓㄥˋ
肺石風清,1,ㄈㄟˋ ㄕˊ ㄈㄥ ㄑㄧㄥ
胃蛋白酶,1,ㄨㄟˋ ㄉㄢˋ ㄅㄞˊ ㄇㄟˊ
胃鏡檢查,1,ㄨㄟˋ ㄐㄧㄥˋ ㄐㄧㄢˇ ㄔㄚˊ
背主賣友,1,ㄅㄟˋ ㄓㄨˇ ㄇㄞˋ ㄧㄡˇ
背信忘義,1,ㄅㄟˋ ㄒㄧㄣˋ ㄨㄤˋ ㄧˋ
背前背後,1,ㄅㄟˋ ㄑㄧㄢˊ ㄅㄟˋ ㄏㄡˋ
背哈喇子,1,ㄅㄟˋ ㄏㄚ ㄌㄚˇ ㄗ˙
背城一戰,1,ㄅㄟˋ ㄔㄥˊ ㄧ ㄓㄢˋ
背城借一,1,ㄅㄟˋ ㄔㄥˊ ㄐㄧㄝˋ ㄧ
背山起樓,1,ㄅㄟˋ ㄕㄢ ㄑㄧˇ ㄌㄡˊ
背恩忘義,1,ㄅㄟˋ ㄣ ㄨㄤˋ ㄧˋ
背景輻射,1,ㄅㄟˋ ㄐㄧㄥˇ ㄈㄨˊ ㄕㄜˋ
背景音樂,1,ㄅㄟˋ ㄐㄧㄥˇ ㄧㄣ ㄩㄝˋ
背暗投明,1,ㄅㄟˋ ㄢˋ ㄊㄡˊ ㄇㄧㄥˊ
背本爭末,1,ㄅㄟˋ ㄅㄣˇ ㄓㄥ ㄇㄛˋ
背本趨末,1,ㄅㄟˋ ㄅㄣˇ ㄑㄩ ㄇㄛˋ
背槽拋糞,1,ㄅㄟˋ ㄘㄠˊ ㄆㄠ ㄈㄣˋ
背水一戰,1,ㄅㄟˋ ㄕㄨㄟˇ ㄧ ㄓㄢˋ
背生兒子,1,ㄅㄟˋ ㄕㄥ ㄦˊ ㄗ˙
背生芒刺,1,ㄅㄟˋ ㄕㄥ ㄇㄤˊ ㄘˋ
背紫腰金,1,ㄅㄟˋ ㄗˇ ㄧㄠ ㄐㄧㄣ
背若芒刺,1,ㄅㄟˋ ㄖㄨㄛˋ ㄇㄤˊ ㄘˋ
胎生植物,1,ㄊㄞ ㄕㄥ ㄓˊ ㄨˋ
胚培養法,1,ㄆㄟ ㄆㄟˊ ㄧㄤˇ ㄈㄚˇ
胞囊孢子,1,ㄅㄠ ㄋㄤˊ ㄅㄠ ㄗ˙
胞子世代,1,ㄅㄠ ㄗˇ ㄕˋ ㄉㄞˋ
胞子囊群,1,ㄅㄠ ㄗˇ ㄋㄤˊ ㄑㄩㄣˊ
胞與為懷,1,ㄅㄠ ㄩˇ ㄨㄟˊ ㄏㄨㄞˊ
胞間連絲,1,ㄅㄠ ㄐㄧㄢ ㄌㄧㄢˊ ㄙ
胠沙思水,1,ㄑㄩ ㄕㄚ ㄙ ㄕㄨㄟˇ
胡二巴越,1,ㄏㄨˊ ㄦˋ ㄅㄚ ㄩㄝˋ
胡做喬為,1,ㄏㄨˊ ㄗㄨㄛˋ ㄑㄧㄠˊ ㄨㄟˊ
胡吹亂滂,1,ㄏㄨˊ ㄔㄨㄟ ㄌㄨㄢˋ ㄆㄤ
胡吹亂謅,1,ㄏㄨˊ ㄔㄨㄟ ㄌㄨㄢˋ ㄗㄡ
胡吹大氣,1,ㄏㄨˊ ㄔㄨㄟ ㄉㄚˋ ㄑㄧˋ
胡天胡地,1,ㄏㄨˊ ㄊㄧㄢ ㄏㄨˊ ㄉㄧˋ
胡天胡帝,1,ㄏㄨˊ ㄊㄧㄢ ㄏㄨˊ ㄉㄧˋ
胡思亂量,1,ㄏㄨˊ ㄙ ㄌㄨㄢˋ ㄌㄧㄤˊ
胡打海摔,1,ㄏㄨˊ ㄉㄚˇ ㄏㄞˇ ㄕㄨㄞ
胡拉混扯,1,ㄏㄨˊ ㄌㄚ ㄏㄨㄣˋ ㄔㄜˇ
胡掄混鬧,1,ㄏㄨˊ ㄌㄨㄣ ㄏㄨㄣˋ ㄋㄠˋ
胡擄忙亂,1,ㄏㄨˊ ㄌㄨˇ ㄇㄤˊ ㄌㄨㄢˋ
胡攪蠻纏,1,ㄏㄨˊ ㄐㄧㄠˇ ㄇㄢˊ ㄔㄢˊ
胡支扯葉,1,ㄏㄨˊ ㄓ ㄔㄜˇ ㄧㄝˋ
胡歌野調,1,ㄏㄨˊ ㄍㄜ ㄧㄝˇ ㄉㄧㄠˋ
胡胡盧盧,1,ㄏㄨˊ ㄏㄨ˙ ㄌㄨˊ ㄌㄨˊ
胡藍之獄,1,ㄏㄨˊ ㄌㄢˊ ㄓ ㄩˋ
胡蘿蔔素,1,ㄏㄨˊ ㄌㄨㄛˊ ㄅㄛ˙ ㄙㄨˋ
胡行亂作,1,ㄏㄨˊ ㄒㄧㄥˊ ㄌㄨㄢˋ ㄗㄨㄛˋ
胡裡胡塗,1,ㄏㄨˊ ㄌㄧ˙ ㄏㄨˊ ㄊㄨˊ
胡言漢語,1,ㄏㄨˊ ㄧㄢˊ ㄏㄢˋ ㄩˇ
胡說亂語,1,ㄏㄨˊ ㄕㄨㄛ ㄌㄨㄢˋ ㄩˇ
胡說亂道,1,ㄏㄨˊ ㄕㄨㄛ ㄌㄨㄢˋ ㄉㄠˋ
胡說散道,1,ㄏㄨˊ ㄕㄨㄛ ㄙㄢˇ ㄉㄠˋ
胡說白道,1,ㄏㄨˊ ㄕㄨㄛ ㄅㄞˊ ㄉㄠˋ
胡越一家,1,ㄏㄨˊ ㄩㄝˋ ㄧ ㄐㄧㄚ
胯下之辱,1,ㄎㄨㄚˋ ㄒㄧㄚˋ ㄓ ㄖㄨˋ
胰澱粉酶,1,ㄧˊ ㄉㄧㄢˋ ㄈㄣˇ ㄇㄟˊ
胰蛋白酶,1,ㄧˊ ㄉㄢˋ ㄅㄞˊ ㄇㄟˊ
胸中有數,1,ㄒㄩㄥ ㄓㄨㄥ ㄧㄡˇ ㄕㄨˋ
胸中柴棘,1,ㄒㄩㄥ ㄓㄨㄥ ㄔㄞˊ ㄐㄧˊ
胸中無數,1,ㄒㄩㄥ ㄓㄨㄥ ㄨˊ ㄕㄨˋ
胸中甲兵,1,ㄒㄩㄥ ㄓㄨㄥ ㄐㄧㄚˇ ㄅㄧㄥ
胸有丘壑,1,ㄒㄩㄥ ㄧㄡˇ ㄑㄧㄡ ㄏㄨㄛˋ
胸有定見,1,ㄒㄩㄥ ㄧㄡˇ ㄉㄧㄥˋ ㄐㄧㄢˋ
胸有甲兵,1,ㄒㄩㄥ ㄧㄡˇ ㄐㄧㄚˇ ㄅㄧㄥ
胸部停球,1,ㄒㄩㄥ ㄅㄨˋ ㄊㄧㄥˊ ㄑㄧㄡˊ
能力分班,1,ㄋㄥˊ ㄌㄧˋ ㄈㄣ ㄅㄢ
能力測驗,1,ㄋㄥˊ ㄌㄧˋ ㄘㄜˋ ㄧㄢˋ
能忍自安,1,ㄋㄥˊ ㄖㄣˇ ㄗˋ ㄢ
能文善武,1,ㄋㄥˊ ㄨㄣˊ ㄕㄢˋ ㄨˇ
能源效益,1,ㄋㄥˊ ㄩㄢˊ ㄒㄧㄠˋ ㄧˋ
能牙利爪,1,ㄋㄥˊ ㄧㄚˊ ㄌㄧˋ ㄓㄠˇ
能者為師,1,ㄋㄥˊ ㄓㄜˇ ㄨㄟˊ ㄕ
能言慣道,1,ㄋㄥˊ ㄧㄢˊ ㄍㄨㄢˋ ㄉㄠˋ
能言舌辯,1,ㄋㄥˊ ㄧㄢˊ ㄕㄜˊ ㄅㄧㄢˋ
能說慣道,1,ㄋㄥˊ ㄕㄨㄛ ㄍㄨㄢˋ ㄉㄠˋ
能說會道,1,ㄋㄥˊ ㄕㄨㄛ ㄏㄨㄟˋ ㄉㄠˋ
能近取譬,1,ㄋㄥˊ ㄐㄧㄣˋ ㄑㄩˇ ㄆㄧˋ
脂粉小說,1,ㄓ ㄈㄣˇ ㄒㄧㄠˇ ㄕㄨㄛ
脂膏不潤,1,ㄓ ㄍㄠ ㄅㄨˋ ㄖㄨㄣˋ
脅肩累足,1,ㄒㄧㄝˊ ㄐㄧㄢ ㄌㄟˇ ㄗㄨˊ
脅肩諂笑,1,ㄒㄧㄝˊ ㄐㄧㄢ ㄔㄢˇ ㄒㄧㄠˋ
脆快了當,1,ㄘㄨㄟˋ ㄎㄨㄞˋ ㄌㄧㄠˇ ㄉㄤ˙
脈不制肉,1,ㄇㄞˋ ㄅㄨˋ ㄓˋ ㄖㄡˋ
脈石礦物,1,ㄇㄞˋ ㄕˊ ㄎㄨㄤˋ ㄨˋ
脈絡貫通,1,ㄇㄞˋ ㄌㄨㄛˋ ㄍㄨㄢˋ ㄊㄨㄥ
脊令在原,1,ㄐㄧˇ ㄌㄧㄥˋ ㄗㄞˋ ㄩㄢˊ
脊索動物,1,ㄐㄧˇ ㄙㄨㄛˇ ㄉㄨㄥˋ ㄨˋ
脣不遮齒,1,ㄔㄨㄣˊ ㄅㄨˋ ㄓㄜ ㄔˇ
脣不離腮,1,ㄔㄨㄣˊ ㄅㄨˋ ㄌㄧˊ ㄙㄞ
脣似抹硃,1,ㄔㄨㄣˊ ㄙˋ ㄇㄛˇ ㄓㄨ
脣如塗朱,1,ㄔㄨㄣˊ ㄖㄨˊ ㄊㄨˊ ㄓㄨ
脣槍舌戰,1,ㄔㄨㄣˊ ㄑㄧㄤ ㄕㄜˊ ㄓㄢˋ
脣焦舌敝,1,ㄔㄨㄣˊ ㄐㄧㄠ ㄕㄜˊ ㄅㄧˋ
脣腐齒落,1,ㄔㄨㄣˊ ㄈㄨˇ ㄔˇ ㄌㄨㄛˋ
脣若塗硃,1,ㄔㄨㄣˊ ㄖㄨㄛˋ ㄊㄨˊ ㄓㄨ
脣若塗脂,1,ㄔㄨㄣˊ ㄖㄨㄛˋ ㄊㄨˊ ㄓ
脣若抹硃,1,ㄔㄨㄣˊ ㄖㄨㄛˋ ㄇㄛˇ ㄓㄨ
脣若施脂,1,ㄔㄨㄣˊ ㄖㄨㄛˋ ㄕ ㄓ
脣齒之邦,1,ㄔㄨㄣˊ ㄔˇ ㄓ ㄅㄤ
脫俗之交,1,ㄊㄨㄛ ㄙㄨˊ ㄓ ㄐㄧㄠ
脫垢離塵,1,ㄊㄨㄛ ㄍㄡˋ ㄌㄧˊ ㄔㄣˊ
脫帽露頂,1,ㄊㄨㄛ ㄇㄠˋ ㄌㄨˋ ㄉㄧㄥˇ
脫殼金蟬,1,ㄊㄨㄛ ㄎㄜˊ ㄐㄧㄣ ㄔㄢˊ
脫水食品,1,ㄊㄨㄛ ㄕㄨㄟˇ ㄕˊ ㄆㄧㄣˇ
脫白換綠,1,ㄊㄨㄛ ㄅㄞˊ ㄏㄨㄢˋ ㄌㄩˋ
脫皮裹劑,1,ㄊㄨㄛ ㄆㄧˊ ㄍㄨㄛˇ ㄐㄧˋ
脫穎囊錐,1,ㄊㄨㄛ ㄧㄥˇ ㄋㄤˊ ㄓㄨㄟ
脫網就淵,1,ㄊㄨㄛ ㄨㄤˇ ㄐㄧㄡˋ ㄩㄢ
脫離常軌,1,ㄊㄨㄛ ㄌㄧˊ ㄔㄤˊ ㄍㄨㄟˇ
脫離苦海,1,ㄊㄨㄛ ㄌㄧˊ ㄎㄨˇ ㄏㄞˇ
脫離速度,1,ㄊㄨㄛ ㄌㄧˊ ㄙㄨˋ ㄉㄨˋ
脾氣情性,1,ㄆㄧˊ ㄑㄧ˙ ㄑㄧㄥˊ ㄒㄧㄥˋ
腌裡巴臢,1,ㄤ ㄌㄧ˙ ㄅㄚ ㄗㄤ
腐化分子,1,ㄈㄨˇ ㄏㄨㄚˋ ㄈㄣˋ ㄗˇ
腐生植物,1,ㄈㄨˇ ㄕㄥ ㄓˊ ㄨˋ
腐腸之藥,1,ㄈㄨˇ ㄔㄤˊ ㄓ ㄧㄠˋ
腔腸動物,1,ㄑㄧㄤ ㄔㄤˊ ㄉㄨㄥˋ ㄨˋ
腕隧道症,1,ㄨㄢˋ ㄙㄨㄟˋ ㄉㄠˋ ㄓㄥˋ
腥風血雨,1,ㄒㄧㄥ ㄈㄥ ㄒㄧㄝˋ ㄩˇ
腦下垂體,1,ㄋㄠˇ ㄒㄧㄚˋ ㄔㄨㄟˊ ㄊㄧˇ
腦性麻痺,1,ㄋㄠˇ ㄒㄧㄥˋ ㄇㄚˊ ㄅㄧˋ
腦袋搬家,1,ㄋㄠˇ ㄉㄞ˙ ㄅㄢ ㄐㄧㄚ
腦袋瓜子,1,ㄋㄠˇ ㄉㄞ˙ ㄍㄨㄚ ㄗ˙
腰板脖硬,1,ㄧㄠ ㄅㄢˇ ㄅㄛˊ ㄧㄥˋ
腰椎神經,1,ㄧㄠ ㄓㄨㄟ ㄕㄣˊ ㄐㄧㄥ
腰椎穿刺,1,ㄧㄠ ㄓㄨㄟ ㄔㄨㄢ ㄘˋ
腰粗氣豪,1,ㄧㄠ ㄘㄨ ㄑㄧˋ ㄏㄠˊ
腰金紫綬,1,ㄧㄠ ㄐㄧㄣ ㄗˇ ㄕㄡˋ
腳不沾地,1,ㄐㄧㄠˇ ㄅㄨˋ ㄓㄢ ㄉㄧˋ
腳不點地,1,ㄐㄧㄠˇ ㄅㄨˋ ㄉㄧㄢˇ ㄉㄧˋ
腳底下人,1,ㄐㄧㄠˇ ㄉㄧˇ ㄒㄧㄚˋ ㄖㄣˊ
腳忙手亂,1,ㄐㄧㄠˇ ㄇㄤˊ ㄕㄡˇ ㄌㄨㄢˋ
腳跟大事,1,ㄐㄧㄠˇ ㄍㄣ ㄉㄚˋ ㄕˋ
腳踏倒鹽,1,ㄐㄧㄠˇ ㄊㄚˋ ㄉㄠˋ ㄧㄢˊ
腳高步低,1,ㄐㄧㄠˇ ㄍㄠ ㄅㄨˋ ㄉㄧ
腷腷膊膊,1,ㄅㄧˋ ㄅㄧˋ ㄅㄛˊ ㄅㄛˊ
腸慌腹熱,1,ㄔㄤˊ ㄏㄨㄤ ㄈㄨˋ ㄖㄜˋ
腸枯思竭,1,ㄔㄤˊ ㄎㄨ ㄙ ㄐㄧㄝˊ
腸肥腦滿,1,ㄔㄤˊ ㄈㄟˊ ㄋㄠˇ ㄇㄢˇ
腹側體腔,1,ㄈㄨˋ ㄘㄜˋ ㄊㄧˇ ㄑㄧㄤ
腹心之友,1,ㄈㄨˋ ㄒㄧㄣ ㄓ ㄧㄡˇ
腹心之患,1,ㄈㄨˋ ㄒㄧㄣ ㄓ ㄏㄨㄢˋ
腹心之疾,1,ㄈㄨˋ ㄒㄧㄣ ㄓ ㄐㄧˊ
腹有鱗甲,1,ㄈㄨˋ ㄧㄡˇ ㄌㄧㄣˊ ㄐㄧㄚˇ
腹熱心煎,1,ㄈㄨˋ ㄖㄜˋ ㄒㄧㄣ ㄐㄧㄢ
腹熱腸荒,1,ㄈㄨˋ ㄖㄜˋ ㄔㄤˊ ㄏㄨㄤ
腹笥甚廣,1,ㄈㄨˋ ㄙˋ ㄕㄣˋ ㄍㄨㄤˇ
腹背之毛,1,ㄈㄨˋ ㄅㄟˋ ㄓ ㄇㄠˊ
腹腔懷孕,1,ㄈㄨˋ ㄑㄧㄤ ㄏㄨㄞˊ ㄩㄣˋ
腹誹心謗,1,ㄈㄨˋ ㄈㄟˇ ㄒㄧㄣ ㄅㄤˋ
腼腆溫柔,1,ㄇㄧㄢˇ ㄊㄧㄢˇ ㄨㄣ ㄖㄡˊ
膏火自煎,1,ㄍㄠ ㄏㄨㄛˇ ㄗˋ ㄐㄧㄢ
膏粱之子,1,ㄍㄠ ㄌㄧㄤˊ ㄓ ㄗˇ
膏粱厚味,1,ㄍㄠ ㄌㄧㄤˊ ㄏㄡˋ ㄨㄟˋ
膏粱子弟,1,ㄍㄠ ㄌㄧㄤˊ ㄗˇ ㄉㄧˋ
膏粱文繡,1,ㄍㄠ ㄌㄧㄤˊ ㄨㄣˊ ㄒㄧㄡˋ
膏粱紈綺,1,ㄍㄠ ㄌㄧㄤˊ ㄨㄢˊ ㄑㄧˇ
膏粱錦繡,1,ㄍㄠ ㄌㄧㄤˊ ㄐㄧㄣˇ ㄒㄧㄡˋ
膏肓之疾,1,ㄍㄠ ㄏㄨㄤ ㄓ ㄐㄧˊ
膏脣拭舌,1,ㄍㄠ ㄔㄨㄣˊ ㄕˋ ㄕㄜˊ
膏藥油子,1,ㄍㄠ ㄧㄠˋ ㄧㄡˊ ㄗ˙
膚如刻畫,1,ㄈㄨ ㄖㄨˊ ㄎㄜ ㄏㄨㄚˋ
膚橈目逃,1,ㄈㄨ ㄋㄠˊ ㄇㄨˋ ㄊㄠˊ
膜外概置,1,ㄇㄛˋ ㄨㄞˋ ㄍㄞˋ ㄓˋ
膜鳴樂器,1,ㄇㄛˋ ㄇㄧㄥˊ ㄩㄝˋ ㄑㄧˋ
膝下猶虛,1,ㄒㄧ ㄒㄧㄚˋ ㄧㄡˊ ㄒㄩ
膝癢搔背,1,ㄒㄧ ㄧㄤˇ ㄙㄠ ㄅㄟˋ
膝行肘步,1,ㄒㄧ ㄒㄧㄥˊ ㄓㄡˇ ㄅㄨˋ
膠元蛋白,1,ㄐㄧㄠ ㄩㄢˊ ㄉㄢˋ ㄅㄞˊ
膠東丘陵,1,ㄐㄧㄠ ㄉㄨㄥ ㄑㄧㄡ ㄌㄧㄥˊ
膠柱調瑟,1,ㄐㄧㄠ ㄓㄨˋ ㄊㄧㄠˊ ㄙㄜˋ
膠漆之情,1,ㄐㄧㄠ ㄑㄧ ㄓ ㄑㄧㄥˊ
膠漆相投,1,ㄐㄧㄠ ㄑㄧ ㄒㄧㄤ ㄊㄡˊ
膠漆相融,1,ㄐㄧㄠ ㄑㄧ ㄒㄧㄤ ㄖㄨㄥˊ
膠濟鐵路,1,ㄐㄧㄠ ㄐㄧˇ ㄊㄧㄝˇ ㄌㄨˋ
膠片書籍,1,ㄐㄧㄠ ㄆㄧㄢˋ ㄕㄨ ㄐㄧˊ
膠萊谷地,1,ㄐㄧㄠ ㄌㄞˊ ㄍㄨˇ ㄉㄧˋ
膠體化學,1,ㄐㄧㄠ ㄊㄧˇ ㄏㄨㄚˋ ㄒㄩㄝˊ
膨脹宇宙,1,ㄆㄥˊ ㄓㄤˋ ㄩˇ ㄓㄡˋ
膨脹缺口,1,ㄆㄥˊ ㄓㄤˋ ㄑㄩㄝ ㄎㄡˇ
膽喪心驚,1,ㄉㄢˇ ㄙㄤˋ ㄒㄧㄣ ㄐㄧㄥ
膽大如斗,1,ㄉㄢˇ ㄉㄚˋ ㄖㄨˊ ㄉㄡˇ
膽大心小,1,ㄉㄢˇ ㄉㄚˋ ㄒㄧㄣ ㄒㄧㄠˇ
膽大於天,1,ㄉㄢˇ ㄉㄚˋ ㄩˊ ㄊㄧㄢ
膽戰心寒,1,ㄉㄢˇ ㄓㄢˋ ㄒㄧㄣ ㄏㄢˊ
膽戰心搖,1,ㄉㄢˇ ㄓㄢˋ ㄒㄧㄣ ㄧㄠˊ
膽破心寒,1,ㄉㄢˇ ㄆㄛˋ ㄒㄧㄣ ㄏㄢˊ
膽裂魂飛,1,ㄉㄢˇ ㄌㄧㄝˋ ㄏㄨㄣˊ ㄈㄟ
膽識俱優,1,ㄉㄢˇ ㄕˋ ㄐㄩˋ ㄧㄡ
膽邊生毛,1,ㄉㄢˇ ㄅㄧㄢ ㄕㄥ ㄇㄠˊ
膽顫心寒,1,ㄉㄢˇ ㄓㄢˋ ㄒㄧㄣ ㄏㄢˊ
膽驚心顫,1,ㄉㄢˇ ㄐㄧㄥ ㄒㄧㄣ ㄓㄢˋ
臂有四肘,1,ㄅㄧˋ ㄧㄡˇ ㄙˋ ㄓㄡˇ
臉上貼金,1,ㄌㄧㄢˇ ㄕㄤˋ ㄊㄧㄝ ㄐㄧㄣ
臉欺膩玉,1,ㄌㄧㄢˇ ㄑㄧ ㄋㄧˋ ㄩˋ
臉白氣噎,1,ㄌㄧㄢˇ ㄅㄞˊ ㄑㄧˋ ㄧㄝ
臉紅心跳,1,ㄌㄧㄢˇ ㄏㄨㄥˊ ㄒㄧㄣ ㄊㄧㄠˋ
臉紅耳赤,1,ㄌㄧㄢˇ ㄏㄨㄥˊ ㄦˇ ㄔˋ
臉紅頭脹,1,ㄌㄧㄢˇ ㄏㄨㄥˊ ㄊㄡˊ ㄓㄤˋ
臉色有異,1,ㄌㄧㄢˇ ㄙㄜˋ ㄧㄡˇ ㄧˋ
臉軟心慈,1,ㄌㄧㄢˇ ㄖㄨㄢˇ ㄒㄧㄣ ㄘˊ
臉都綠了,1,ㄌㄧㄢˇ ㄉㄡ ㄌㄩˋ ㄌㄜ˙
臉面之情,1,ㄌㄧㄢˇ ㄇㄧㄢ˙ ㄓ ㄑㄧㄥˊ
臉黃皮寡,1,ㄌㄧㄢˇ ㄏㄨㄤˊ ㄆㄧˊ ㄍㄨㄚˇ
臘盡冬殘,1,ㄌㄚˋ ㄐㄧㄣˋ ㄉㄨㄥ ㄘㄢˊ
臘鼓頻催,1,ㄌㄚˋ ㄍㄨˇ ㄆㄧㄣˊ ㄘㄨㄟ
臣一主二,1,ㄔㄣˊ ㄧ ㄓㄨˇ ㄦˋ
臣心如水,1,ㄔㄣˊ ㄒㄧㄣ ㄖㄨˊ ㄕㄨㄟˇ
臣門如市,1,ㄔㄣˊ ㄇㄣˊ ㄖㄨˊ ㄕˋ
臥不安席,1,ㄨㄛˋ ㄅㄨˋ ㄢ ㄒㄧˊ
臥不安枕,1,ㄨㄛˋ ㄅㄨˋ ㄢ ㄓㄣˇ
臥旗息鼓,1,ㄨㄛˋ ㄑㄧˊ ㄒㄧˊ ㄍㄨˇ
臥月眠霜,1,ㄨㄛˋ ㄩㄝˋ ㄇㄧㄢˊ ㄕㄨㄤ
臥榻鼾睡,1,ㄨㄛˋ ㄊㄚˋ ㄏㄢ ㄕㄨㄟˋ
臥狼當道,1,ㄨㄛˋ ㄌㄤˊ ㄉㄤ ㄉㄠˋ
臥理淮陽,1,ㄨㄛˋ ㄌㄧˇ ㄏㄨㄞˊ ㄧㄤˊ
臥雪吞氈,1,ㄨㄛˋ ㄒㄩㄝˇ ㄊㄨㄣ ㄓㄢ
臥雪眠霜,1,ㄨㄛˋ ㄒㄩㄝˇ ㄇㄧㄢˊ ㄕㄨㄤ
臥鼓偃旗,1,ㄨㄛˋ ㄍㄨˇ ㄧㄢˇ ㄑㄧˊ
臧否人物,1,ㄗㄤ ㄆㄧˇ ㄖㄣˊ ㄨˋ
臧穀亡羊,1,ㄗㄤ ㄍㄨˇ ㄨㄤˊ ㄧㄤˊ
臨事以懼,1,ㄌㄧㄣˊ ㄕˋ ㄧˇ ㄐㄩˋ
臨事而懼,1,ㄌㄧㄣˊ ㄕˋ ㄦˊ ㄐㄩˋ
臨危下石,1,ㄌㄧㄣˊ ㄨㄟˊ ㄒㄧㄚˋ ㄕˊ
臨危不亂,1,ㄌㄧㄣˊ ㄨㄟˊ ㄅㄨˋ ㄌㄨㄢˋ
臨危不懼,1,ㄌㄧㄣˊ ㄨㄟˊ ㄅㄨˋ ㄐㄩˋ
臨危不撓,1,ㄌㄧㄣˊ ㄨㄟˊ ㄅㄨˋ ㄋㄠˊ
臨危不顧,1,ㄌㄧㄣˊ ㄨㄟˊ ㄅㄨˋ ㄍㄨˋ
臨危履冰,1,ㄌㄧㄣˊ ㄨㄟˊ ㄌㄩˇ ㄅㄧㄥ
臨危效命,1,ㄌㄧㄣˊ ㄨㄟˊ ㄒㄧㄠˋ ㄇㄧㄥˋ
臨危自悔,1,ㄌㄧㄣˊ ㄨㄟˊ ㄗˋ ㄏㄨㄟˇ
臨危自省,1,ㄌㄧㄣˊ ㄨㄟˊ ㄗˋ ㄒㄧㄥˇ
臨危自計,1,ㄌㄧㄣˊ ㄨㄟˊ ㄗˋ ㄐㄧˋ
臨危致命,1,ㄌㄧㄣˊ ㄨㄟˊ ㄓˋ ㄇㄧㄥˋ
臨去秋波,1,ㄌㄧㄣˊ ㄑㄩˋ ㄑㄧㄡ ㄅㄛ
臨噎掘井,1,ㄌㄧㄣˊ ㄧㄝ ㄐㄩㄝˊ ㄐㄧㄥˇ
臨崖勒馬,1,ㄌㄧㄣˊ ㄧㄞˊ ㄌㄜˋ ㄇㄚˇ
臨川羨魚,1,ㄌㄧㄣˊ ㄔㄨㄢ ㄒㄧㄢˋ ㄩˊ
臨床醫學,1,ㄌㄧㄣˊ ㄔㄨㄤˊ ㄧ ㄒㄩㄝˊ
臨敵賣陣,1,ㄌㄧㄣˊ ㄉㄧˊ ㄇㄞˋ ㄓㄣˋ
臨文不諱,1,ㄌㄧㄣˊ ㄨㄣˊ ㄅㄨˋ ㄏㄨㄟˋ
臨時條款,1,ㄌㄧㄣˊ ㄕˊ ㄊㄧㄠˊ ㄎㄨㄢˇ
臨期失誤,1,ㄌㄧㄣˊ ㄑㄧˊ ㄕ ㄨˋ
臨機制勝,1,ㄌㄧㄣˊ ㄐㄧ ㄓˋ ㄕㄥˋ
臨機制變,1,ㄌㄧㄣˊ ㄐㄧ ㄓˋ ㄅㄧㄢˋ
臨機處置,1,ㄌㄧㄣˊ ㄐㄧ ㄔㄨˇ ㄓˋ
臨死不怯,1,ㄌㄧㄣˊ ㄙˇ ㄅㄨˋ ㄑㄩㄝˋ
臨死不恐,1,ㄌㄧㄣˊ ㄙˇ ㄅㄨˋ ㄎㄨㄥˇ
臨水夫人,1,ㄌㄧㄣˊ ㄕㄨㄟˇ ㄈㄨ ㄖㄣˊ
臨水登山,1,ㄌㄧㄣˊ ㄕㄨㄟˇ ㄉㄥ ㄕㄢ
臨江折軸,1,ㄌㄧㄣˊ ㄐㄧㄤ ㄓㄜˊ ㄓㄨˊ
臨池學書,1,ㄌㄧㄣˊ ㄔˊ ㄒㄩㄝˊ ㄕㄨ
臨河羨魚,1,ㄌㄧㄣˊ ㄏㄜˊ ㄒㄧㄢˋ ㄩˊ
臨深履冰,1,ㄌㄧㄣˊ ㄕㄣ ㄌㄩˇ ㄅㄧㄥ
臨淵結網,1,ㄌㄧㄣˊ ㄩㄢ ㄐㄧㄝˊ ㄨㄤˇ
臨渴穿井,1,ㄌㄧㄣˊ ㄎㄜˇ ㄔㄨㄢ ㄐㄧㄥˇ
臨潼鬥寶,1,ㄌㄧㄣˊ ㄊㄨㄥˊ ㄉㄡˋ ㄅㄠˇ
臨終關懷,1,ㄌㄧㄣˊ ㄓㄨㄥ ㄍㄨㄢ ㄏㄨㄞˊ
臨財不苟,1,ㄌㄧㄣˊ ㄘㄞˊ ㄅㄨˋ ㄍㄡˇ
臨財苟得,1,ㄌㄧㄣˊ ㄘㄞˊ ㄍㄡˇ ㄉㄜˊ
臨軍對壘,1,ㄌㄧㄣˊ ㄐㄩㄣ ㄉㄨㄟˋ ㄌㄟˇ
臨軍對陣,1,ㄌㄧㄣˊ ㄐㄩㄣ ㄉㄨㄟˋ ㄓㄣˋ
臨門一腳,1,ㄌㄧㄣˊ ㄇㄣˊ ㄧ ㄐㄧㄠˇ
臨難不屈,1,ㄌㄧㄣˊ ㄋㄢˋ ㄅㄨˋ ㄑㄩ
臨難不恐,1,ㄌㄧㄣˊ ㄋㄢˋ ㄅㄨˋ ㄎㄨㄥˇ
臨難不懼,1,ㄌㄧㄣˊ ㄋㄢˋ ㄅㄨˋ ㄐㄩˋ
臨難不懾,1,ㄌㄧㄣˊ ㄋㄢˋ ㄅㄨˋ ㄓㄜˊ
臨難不避,1,ㄌㄧㄣˊ ㄋㄢˋ ㄅㄨˋ ㄅㄧˋ
臨難無懾,1,ㄌㄧㄣˊ ㄋㄢˋ ㄨˊ ㄓㄜˊ
臨難苟免,1,ㄌㄧㄣˊ ㄋㄢˋ ㄍㄡˇ ㄇㄧㄢˇ
臨難鑄兵,1,ㄌㄧㄣˊ ㄋㄢˋ ㄓㄨˋ ㄅㄧㄥ
臨風對月,1,ㄌㄧㄣˊ ㄈㄥ ㄉㄨㄟˋ ㄩㄝˋ
臨風搖曳,1,ㄌㄧㄣˊ ㄈㄥ ㄧㄠˊ ㄧˋ
臨風顧盼,1,ㄌㄧㄣˊ ㄈㄥ ㄍㄨˋ ㄆㄢˋ
臨食廢箸,1,ㄌㄧㄣˊ ㄕˊ ㄈㄟˋ ㄓㄨˋ
自不待言,1,ㄗˋ ㄅㄨˋ ㄉㄞˋ ㄧㄢˊ
自不量力,1,ㄗˋ ㄅㄨˋ ㄌㄧㄤˋ ㄌㄧˋ
自主旅遊,1,ㄗˋ ㄓㄨˇ ㄌㄩˇ ㄧㄡˊ
自作自用,1,ㄗˋ ㄗㄨㄛ ㄗˋ ㄩㄥˋ
自信滿滿,1,ㄗˋ ㄒㄧㄣˋ ㄇㄢˇ ㄇㄢˇ
自僝自僽,1,ㄗˋ ㄔㄢˊ ㄗˋ ㄓㄡˋ
自全之計,1,ㄗˋ ㄑㄩㄢˊ ㄓ ㄐㄧˋ
自出一家,1,ㄗˋ ㄔㄨ ㄧ ㄐㄧㄚ
自出機杼,1,ㄗˋ ㄔㄨ ㄐㄧ ㄓㄨˋ
自創新意,1,ㄗˋ ㄔㄨㄤˋ ㄒㄧㄣ ㄧˋ
自力更生,1,ㄗˋ ㄌㄧˋ ㄍㄥˋ ㄕㄥ
自助人助,1,ㄗˋ ㄓㄨˋ ㄖㄣˊ ㄓㄨˋ
自助旅行,1,ㄗˋ ㄓㄨˋ ㄌㄩˇ ㄒㄧㄥˊ
自助旅遊,1,ㄗˋ ㄓㄨˋ ㄌㄩˇ ㄧㄡˊ
自動光圈,1,ㄗˋ ㄉㄨㄥˋ ㄍㄨㄤ ㄑㄩㄢ
自動尋線,1,ㄗˋ ㄉㄨㄥˋ ㄒㄩㄣˊ ㄒㄧㄢˋ
自動排檔,1,ㄗˋ ㄉㄨㄥˋ ㄆㄞˊ ㄉㄤˇ
自動步槍,1,ㄗˋ ㄉㄨㄥˋ ㄅㄨˋ ㄑㄧㄤ
自動翻譯,1,ㄗˋ ㄉㄨㄥˋ ㄈㄢ ㄧˋ
自動辨識,1,ㄗˋ ㄉㄨㄥˋ ㄅㄧㄢˋ ㄕˋ
自取其咎,1,ㄗˋ ㄑㄩˇ ㄑㄧˊ ㄐㄧㄡˋ
自取其禍,1,ㄗˋ ㄑㄩˇ ㄑㄧˊ ㄏㄨㄛˋ
自同寒蟬,1,ㄗˋ ㄊㄨㄥˊ ㄏㄢˊ ㄔㄢˊ
自嗟自嘆,1,ㄗˋ ㄐㄧㄝ ㄗˋ ㄊㄢˋ
自在逍遙,1,ㄗˋ ㄗㄞˋ ㄒㄧㄠ ㄧㄠˊ
自墜陷阱,1,ㄗˋ ㄓㄨㄟˋ ㄒㄧㄢˋ ㄐㄧㄥˇ
自尊自大,1,ㄗˋ ㄗㄨㄣ ㄗˋ ㄉㄚˋ
自尋短見,1,ㄗˋ ㄒㄩㄣˊ ㄉㄨㄢˇ ㄐㄧㄢˋ
自崖而反,1,ㄗˋ ㄧㄞˊ ㄦˊ ㄈㄢˇ
自強學堂,1,ㄗˋ ㄑㄧㄤˊ ㄒㄩㄝˊ ㄊㄤˊ
自強活動,1,ㄗˋ ㄑㄧㄤˊ ㄏㄨㄛˊ ㄉㄨㄥˋ
自怨自歎,1,ㄗˋ ㄩㄢˋ ㄗˋ ㄊㄢˋ
自惜羽毛,1,ㄗˋ ㄒㄧˊ ㄩˇ ㄇㄠˊ
自愧弗如,1,ㄗˋ ㄎㄨㄟˋ ㄈㄨˊ ㄖㄨˊ
自我作故,1,ㄗˋ ㄨㄛˇ ㄗㄨㄛˋ ㄍㄨˋ
自我反省,1,ㄗˋ ㄨㄛˇ ㄈㄢˇ ㄒㄧㄥˇ
自我吹噓,1,ㄗˋ ㄨㄛˇ ㄔㄨㄟ ㄒㄩ
自我實現,1,ㄗˋ ㄨㄛˇ ㄕˊ ㄒㄧㄢˋ
自我期許,1,ㄗˋ ㄨㄛˇ ㄑㄧˊ ㄒㄩˇ
自我肯定,1,ㄗˋ ㄨㄛˇ ㄎㄣˇ ㄉㄧㄥˋ
自我解嘲,1,ㄗˋ ㄨㄛˇ ㄐㄧㄝˇ ㄔㄠˊ
自打嘴巴,1,ㄗˋ ㄉㄚˇ ㄗㄨㄟˇ ㄅㄚ˙
自找罪受,1,ㄗˋ ㄓㄠˇ ㄗㄨㄟˋ ㄕㄡˋ
自找麻煩,1,ㄗˋ ㄓㄠˇ ㄇㄚˊ ㄈㄢ˙
自拔來歸,1,ㄗˋ ㄅㄚˊ ㄌㄞˊ ㄍㄨㄟ
自操井臼,1,ㄗˋ ㄘㄠ ㄐㄧㄥˇ ㄐㄧㄡˋ
自救不暇,1,ㄗˋ ㄐㄧㄡˋ ㄅㄨˋ ㄒㄧㄚˊ
自斟自飲,1,ㄗˋ ㄓㄣ ㄗˋ ㄧㄣˇ
自有公論,1,ㄗˋ ㄧㄡˇ ㄍㄨㄥ ㄌㄨㄣˋ
自有肺腸,1,ㄗˋ ㄧㄡˇ ㄈㄟˋ ㄔㄤˊ
自有道理,1,ㄗˋ ㄧㄡˇ ㄉㄠˋ ㄌㄧˇ
自治行政,1,ㄗˋ ㄓˋ ㄒㄧㄥˊ ㄓㄥˋ
自治都市,1,ㄗˋ ㄓˋ ㄉㄨ ㄕˋ
自淨作用,1,ㄗˋ ㄐㄧㄥˋ ㄗㄨㄛˋ ㄩㄥˋ
自然保育,1,ㄗˋ ㄖㄢˊ ㄅㄠˇ ㄩˋ
自然保護,1,ㄗˋ ㄖㄢˊ ㄅㄠˇ ㄏㄨˋ
自然免疫,1,ㄗˋ ㄖㄢˊ ㄇㄧㄢˇ ㄧˋ
自然分類,1,ㄗˋ ㄖㄢˊ ㄈㄣ ㄌㄟˋ
自然利率,1,ㄗˋ ㄖㄢˊ ㄌㄧˋ ㄌㄩˋ
自然接種,1,ㄗˋ ㄖㄢˊ ㄐㄧㄝ ㄓㄨㄥˋ
自然景觀,1,ㄗˋ ㄖㄢˊ ㄐㄧㄥˇ ㄍㄨㄢ
自然步道,1,ㄗˋ ㄖㄢˊ ㄅㄨˋ ㄉㄠˋ
自然淘汰,1,ㄗˋ ㄖㄢˊ ㄊㄠˊ ㄊㄞˋ
自然營力,1,ㄗˋ ㄖㄢˊ ㄧㄥˊ ㄌㄧˋ
自然生態,1,ㄗˋ ㄖㄢˊ ㄕㄥ ㄊㄞˋ
自然神論,1,ㄗˋ ㄖㄢˊ ㄕㄣˊ ㄌㄨㄣˋ
自然蛾眉,1,ㄗˋ ㄖㄢˊ ㄜˊ ㄇㄟˊ
自然資源,1,ㄗˋ ㄖㄢˊ ㄗ ㄩㄢˊ
自然音程,1,ㄗˋ ㄖㄢˊ ㄧㄣ ㄔㄥˊ
自由世界,1,ㄗˋ ㄧㄡˊ ㄕˋ ㄐㄧㄝˋ
自由公債,1,ㄗˋ ㄧㄡˊ ㄍㄨㄥ ㄓㄞˋ
自由報業,1,ㄗˋ ㄧㄡˊ ㄅㄠˋ ㄧㄝˋ
自由放任,1,ㄗˋ ㄧㄡˊ ㄈㄤˋ ㄖㄣˋ
自由稅率,1,ㄗˋ ㄧㄡˊ ㄕㄨㄟˋ ㄌㄩˋ
自由經濟,1,ㄗˋ ㄧㄡˊ ㄐㄧㄥ ㄐㄧˋ
自由裁量,1,ㄗˋ ㄧㄡˊ ㄘㄞˊ ㄌㄧㄤˊ
自由詞組,1,ㄗˋ ㄧㄡˊ ㄘˊ ㄗㄨˇ
自由鬥士,1,ㄗˋ ㄧㄡˊ ㄉㄡˋ ㄕˋ
自發運動,1,ㄗˋ ㄈㄚ ㄩㄣˋ ㄉㄨㄥˋ
自相殘害,1,ㄗˋ ㄒㄧㄤ ㄘㄢˊ ㄏㄞˋ
自相水火,1,ㄗˋ ㄒㄧㄤ ㄕㄨㄟˇ ㄏㄨㄛˇ
自相驚擾,1,ㄗˋ ㄒㄧㄤ ㄐㄧㄥ ㄖㄠˇ
自相魚肉,1,ㄗˋ ㄒㄧㄤ ㄩˊ ㄖㄡˋ
自立一說,1,ㄗˋ ㄌㄧˋ ㄧ ㄕㄨㄛ
自立門戶,1,ㄗˋ ㄌㄧˋ ㄇㄣˊ ㄏㄨˋ
自繇自在,1,ㄗˋ ㄧㄡˊ ㄗˋ ㄗㄞˋ
自花受精,1,ㄗˋ ㄏㄨㄚ ㄕㄡˋ ㄐㄧㄥ
自視過高,1,ㄗˋ ㄕˋ ㄍㄨㄛˋ ㄍㄠ
自覺形穢,1,ㄗˋ ㄐㄩㄝˊ ㄒㄧㄥˊ ㄏㄨㄟˋ
自詒伊戚,1,ㄗˋ ㄧˊ ㄧ ㄑㄧ
自認倒楣,1,ㄗˋ ㄖㄣˋ ㄉㄠˇ ㄇㄟˊ
自負不凡,1,ㄗˋ ㄈㄨˋ ㄅㄨˋ ㄈㄢˊ
自貽伊戚,1,ㄗˋ ㄧˊ ㄧ ㄑㄧ
自輕自賤,1,ㄗˋ ㄑㄧㄥ ㄗˋ ㄐㄧㄢˋ
自選市場,1,ㄗˋ ㄒㄩㄢˇ ㄕˋ ㄔㄤˊ
自體輸血,1,ㄗˋ ㄊㄧˇ ㄕㄨ ㄒㄧㄝˇ
臭不可當,1,ㄔㄡˋ ㄅㄨˋ ㄎㄜˇ ㄉㄤ
臭不可聞,1,ㄔㄡˋ ㄅㄨˋ ㄎㄜˇ ㄨㄣˊ
臭名昭彰,1,ㄔㄡˋ ㄇㄧㄥˊ ㄓㄠ ㄓㄤ
臭名遠揚,1,ㄔㄡˋ ㄇㄧㄥˊ ㄩㄢˇ ㄧㄤˊ
臭味相投,1,ㄒㄧㄡˋ ㄨㄟˋ ㄒㄧㄤ ㄊㄡˊ
臭短臊長,1,ㄔㄡˋ ㄉㄨㄢˇ ㄙㄠ ㄔㄤˊ
臭肉來蠅,1,ㄔㄡˋ ㄖㄡˋ ㄌㄞˊ ㄧㄥˊ
臭腳丫子,1,ㄔㄡˋ ㄐㄧㄠˇ ㄧㄚ ㄗ˙
臭街爛巷,1,ㄔㄡˋ ㄐㄧㄝ ㄌㄢˋ ㄒㄧㄤˋ
至交契友,1,ㄓˋ ㄐㄧㄠ ㄑㄧˋ ㄧㄡˇ
至人無夢,1,ㄓˋ ㄖㄣˊ ㄨˊ ㄇㄥˋ
至公無私,1,ㄓˋ ㄍㄨㄥ ㄨˊ ㄙ
至公至明,1,ㄓˋ ㄍㄨㄥ ㄓˋ ㄇㄧㄥˊ
至再至三,1,ㄓˋ ㄗㄞˋ ㄓˋ ㄙㄢ
至善至美,1,ㄓˋ ㄕㄢˋ ㄓˋ ㄇㄟˇ
至尊至貴,1,ㄓˋ ㄗㄨㄣ ㄓˋ ㄍㄨㄟˋ
至意誠心,1,ㄓˋ ㄧˋ ㄔㄥˊ ㄒㄧㄣ
至愚極陋,1,ㄓˋ ㄩˊ ㄐㄧˊ ㄌㄡˋ
至敬無文,1,ㄓˋ ㄐㄧㄥˋ ㄨˊ ㄨㄣˊ
至死不悟,1,ㄓˋ ㄙˇ ㄅㄨˋ ㄨˋ
至死不泯,1,ㄓˋ ㄙˇ ㄅㄨˋ ㄇㄧㄣˇ
至死方休,1,ㄓˋ ㄙˇ ㄈㄤ ㄒㄧㄡ
至親兄弟,1,ㄓˋ ㄑㄧㄣ ㄒㄩㄥ ㄉㄧˋ
至親骨肉,1,ㄓˋ ㄑㄧㄣ ㄍㄨˇ ㄖㄡˋ
至誠無昧,1,ㄓˋ ㄔㄥˊ ㄨˊ ㄇㄟˋ
至誠高節,1,ㄓˋ ㄔㄥˊ ㄍㄠ ㄐㄧㄝˊ
致使動詞,1,ㄓˋ ㄕˇ ㄉㄨㄥˋ ㄘˊ
致遠任重,1,ㄓˋ ㄩㄢˇ ㄖㄣˋ ㄓㄨㄥˋ
臺南孔廟,1,ㄊㄞˊ ㄋㄢˊ ㄎㄨㄥˇ ㄇㄧㄠˋ
臺灣國語,1,ㄊㄞˊ ㄨㄢ ㄍㄨㄛˊ ㄩˇ
臺灣地區,1,ㄊㄞˊ ㄨㄢ ㄉㄧˋ ㄑㄩ
臺灣杜鵑,1,ㄊㄞˊ ㄨㄢ ㄉㄨˋ ㄐㄩㄢ
臺灣粉蝶,1,ㄊㄞˊ ㄨㄢ ㄈㄣˇ ㄉㄧㄝˊ
臺灣鳳蝶,1,ㄊㄞˊ ㄨㄢ ㄈㄥˋ ㄉㄧㄝˊ
臺維斯杯,1,ㄊㄞˊ ㄨㄟˊ ㄙ ㄅㄟ
臺閣生風,1,ㄊㄞˊ ㄍㄜˊ ㄕㄥ ㄈㄥ
臻臻至至,1,ㄓㄣ ㄓㄣ ㄓˋ ㄓˋ
臼中無釜,1,ㄐㄧㄡˋ ㄓㄨㄥ ㄨˊ ㄈㄨˇ
臼頭深目,1,ㄐㄧㄡˋ ㄊㄡˊ ㄕㄣ ㄇㄨˋ
與世偃仰,1,ㄩˇ ㄕˋ ㄧㄢˇ ㄧㄤˇ
與世沉浮,1,ㄩˇ ㄕˋ ㄔㄣˊ ㄈㄨˊ
與世長辭,1,ㄩˇ ㄕˋ ㄔㄤˊ ㄘˊ
與世靡爭,1,ㄩˇ ㄕˋ ㄇㄧˇ ㄓㄥ
與噲為伍,1,ㄩˇ ㄎㄨㄞˋ ㄨㄟˊ ㄨˇ
與國同休,1,ㄩˇ ㄍㄨㄛˊ ㄊㄨㄥˊ ㄒㄧㄡ
與子同袍,1,ㄩˇ ㄗˇ ㄊㄨㄥˊ ㄆㄠˊ
與日俱新,1,ㄩˇ ㄖˋ ㄐㄩˋ ㄒㄧㄣ
與時俱進,1,ㄩˇ ㄕˊ ㄐㄩˋ ㄐㄧㄣˋ
與時浮沉,1,ㄩˇ ㄕˊ ㄈㄨˊ ㄔㄣˊ
與時消息,1,ㄩˇ ㄕˊ ㄒㄧㄠ ㄒㄧˊ
與民休息,1,ㄩˇ ㄇㄧㄣˊ ㄒㄧㄡ ㄒㄧˊ
與民偕樂,1,ㄩˇ ㄇㄧㄣˊ ㄒㄧㄝˊ ㄌㄜˋ
與民同憂,1,ㄩˇ ㄇㄧㄣˊ ㄊㄨㄥˊ ㄧㄡ
與民同樂,1,ㄩˇ ㄇㄧㄣˊ ㄊㄨㄥˊ ㄌㄜˋ
與民更始,1,ㄩˇ ㄇㄧㄣˊ ㄍㄥ ㄕˇ
與狐謀皮,1,ㄩˇ ㄏㄨˊ ㄇㄡˊ ㄆㄧˊ
與虎添翼,1,ㄩˇ ㄏㄨˇ ㄊㄧㄢ ㄧˋ
興之所至,1,ㄒㄧㄥˋ ㄓ ㄙㄨㄛˇ ㄓˋ
興亡繼絕,1,ㄒㄧㄥ ㄨㄤˊ ㄐㄧˋ ㄐㄩㄝˊ
興兵動眾,1,ㄒㄧㄥ ㄅㄧㄥ ㄉㄨㄥˋ ㄓㄨㄥˋ
興利剔弊,1,ㄒㄧㄥ ㄌㄧˋ ㄊㄧ ㄅㄧˋ
興利除害,1,ㄒㄧㄥ ㄌㄧˋ ㄔㄨˊ ㄏㄞˋ
興味盎然,1,ㄒㄧㄥˋ ㄨㄟˋ ㄤˋ ㄖㄢˊ
興國安邦,1,ㄒㄧㄥ ㄍㄨㄛˊ ㄢ ㄅㄤ
興妖作孽,1,ㄒㄧㄥ ㄧㄠ ㄗㄨㄛˋ ㄋㄧㄝˋ
興妖作怪,1,ㄒㄧㄥ ㄧㄠ ㄗㄨㄛˋ ㄍㄨㄞˋ
興家立業,1,ㄒㄧㄥ ㄐㄧㄚ ㄌㄧˋ ㄧㄝˋ
興師見罪,1,ㄒㄧㄥ ㄕ ㄐㄧㄢˋ ㄗㄨㄟˋ
興廢存亡,1,ㄒㄧㄥ ㄈㄟˋ ㄘㄨㄣˊ ㄨㄤˊ
興廢繼絕,1,ㄒㄧㄥ ㄈㄟˋ ㄐㄧˋ ㄐㄩㄝˊ
興復不淺,1,ㄒㄧㄥˋ ㄈㄨˋ ㄅㄨˋ ㄑㄧㄢˇ
興微繼絕,1,ㄒㄧㄥ ㄨㄟˊ ㄐㄧˋ ㄐㄩㄝˊ
興文匽武,1,ㄒㄧㄥ ㄨㄣˊ ㄧㄢˇ ㄨˇ
興會淋漓,1,ㄒㄧㄥˋ ㄏㄨㄟˋ ㄌㄧㄣˊ ㄌㄧˊ
興業公司,1,ㄒㄧㄥ ㄧㄝˋ ㄍㄨㄥ ㄙ
興滅舉廢,1,ㄒㄧㄥ ㄇㄧㄝˋ ㄐㄩˇ ㄈㄟˋ
興盡悲來,1,ㄒㄧㄥˋ ㄐㄧㄣˋ ㄅㄟ ㄌㄞˊ
興盡意闌,1,ㄒㄧㄥˋ ㄐㄧㄣˋ ㄧˋ ㄌㄢˊ
興致勃發,1,ㄒㄧㄥˋ ㄓˋ ㄅㄛˊ ㄈㄚ
興致盎然,1,ㄒㄧㄥˋ ㄓˋ ㄤˋ ㄖㄢˊ
興致索然,1,ㄒㄧㄥˋ ㄓˋ ㄙㄨㄛˇ ㄖㄢˊ
興興頭頭,1,ㄒㄧㄥˋ ㄒㄧㄥˋ ㄊㄡˊ ㄊㄡˊ
興邦立國,1,ㄒㄧㄥ ㄅㄤ ㄌㄧˋ ㄍㄨㄛˊ
興都斯坦,1,ㄒㄧㄥ ㄉㄨ ㄙ ㄊㄢˇ
興雲作雨,1,ㄒㄧㄥ ㄩㄣˊ ㄗㄨㄛˋ ㄩˇ
興雲作霧,1,ㄒㄧㄥ ㄩㄣˊ ㄗㄨㄛˋ ㄨˋ
興雲吐霧,1,ㄒㄧㄥ ㄩㄣˊ ㄊㄨˇ ㄨˋ
興雲布雨,1,ㄒㄧㄥ ㄩㄣˊ ㄅㄨˋ ㄩˇ
興雲致雨,1,ㄒㄧㄥ ㄩㄣˊ ㄓˋ ㄩˇ
舉不勝舉,1,ㄐㄩˇ ㄅㄨˋ ㄕㄥ ㄐㄩˇ
舉世混濁,1,ㄐㄩˇ ㄕˋ ㄏㄨㄣˇ ㄓㄨㄛˊ
舉世無倫,1,ㄐㄩˇ ㄕˋ ㄨˊ ㄌㄨㄣˊ
舉世無匹,1,ㄐㄩˇ ㄕˋ ㄨˊ ㄆㄧˇ
舉世無比,1,ㄐㄩˇ ㄕˋ ㄨˊ ㄅㄧˇ
舉世知名,1,ㄐㄩˇ ㄕˋ ㄓ ㄇㄧㄥˊ
舉世莫比,1,ㄐㄩˇ ㄕˋ ㄇㄛˋ ㄅㄧˇ
舉例發凡,1,ㄐㄩˇ ㄌㄧˋ ㄈㄚ ㄈㄢˊ
舉動荊棘,1,ㄐㄩˇ ㄉㄨㄥˋ ㄐㄧㄥ ㄐㄧˊ
舉十知九,1,ㄐㄩˇ ㄕˊ ㄓ ㄐㄧㄡˇ
舉國若狂,1,ㄐㄩˇ ㄍㄨㄛˊ ㄖㄨㄛˋ ㄎㄨㄤˊ
舉扇一撝,1,ㄐㄩˇ ㄕㄢˋ ㄧ ㄏㄨㄟ
舉手加額,1,ㄐㄩˇ ㄕㄡˇ ㄐㄧㄚ ㄜˊ
舉手可采,1,ㄐㄩˇ ㄕㄡˇ ㄎㄜˇ ㄘㄞˇ
舉手扣額,1,ㄐㄩˇ ㄕㄡˇ ㄎㄡˋ ㄜˊ
舉棋不定,1,ㄐㄩˇ ㄑㄧˊ ㄅㄨˋ ㄉㄧㄥˋ
舉止不凡,1,ㄐㄩˇ ㄓˇ ㄅㄨˋ ㄈㄢˊ
舉止失措,1,ㄐㄩˇ ㄓˇ ㄕ ㄘㄨㄛˋ
舉止嫻雅,1,ㄐㄩˇ ㄓˇ ㄒㄧㄢˊ ㄧㄚˇ
舉止形容,1,ㄐㄩˇ ㄓˇ ㄒㄧㄥˊ ㄖㄨㄥˊ
舉止言語,1,ㄐㄩˇ ㄓˇ ㄧㄢˊ ㄩˇ
舉止閑冶,1,ㄐㄩˇ ㄓˇ ㄒㄧㄢˊ ㄧㄝˇ
舉止風流,1,ㄐㄩˇ ㄓˇ ㄈㄥ ㄌㄧㄡˊ
舉止高雅,1,ㄐㄩˇ ㄓˇ ㄍㄠ ㄧㄚˇ
舉步如飛,1,ㄐㄩˇ ㄅㄨˋ ㄖㄨˊ ㄈㄟ
舉步生風,1,ㄐㄩˇ ㄅㄨˋ ㄕㄥ ㄈㄥ
舉武揚威,1,ㄐㄩˇ ㄨˇ ㄧㄤˊ ㄨㄟ
舉目千里,1,ㄐㄩˇ ㄇㄨˋ ㄑㄧㄢ ㄌㄧˇ
舉直措枉,1,ㄐㄩˇ ㄓˊ ㄘㄨㄛˋ ㄨㄤˇ
舉眼無親,1,ㄐㄩˇ ㄧㄢˇ ㄨˊ ㄑㄧㄣ
舉筆成章,1,ㄐㄩˇ ㄅㄧˇ ㄔㄥˊ ㄓㄤ
舉綱提領,1,ㄐㄩˇ ㄍㄤ ㄊㄧˊ ㄌㄧㄥˇ
舉薦征辟,1,ㄐㄩˇ ㄐㄧㄢˋ ㄓㄥ ㄆㄧˋ
舉袂成幕,1,ㄐㄩˇ ㄇㄟˋ ㄔㄥˊ ㄇㄨˋ
舉要刪蕪,1,ㄐㄩˇ ㄧㄠˋ ㄕㄢ ㄨˊ
舉要治繁,1,ㄐㄩˇ ㄧㄠˋ ㄓˋ ㄈㄢˊ
舉觴稱慶,1,ㄐㄩˇ ㄕㄤ ㄔㄥ ㄑㄧㄥˋ
舉賢任能,1,ㄐㄩˇ ㄒㄧㄢˊ ㄖㄣˋ ㄋㄥˊ
舉賢使能,1,ㄐㄩˇ ㄒㄧㄢˊ ㄕˇ ㄋㄥˊ
舉酒作樂,1,ㄐㄩˇ ㄐㄧㄡˇ ㄗㄨㄛˋ ㄩㄝˋ
舉重若輕,1,ㄐㄩˇ ㄓㄨㄥˋ ㄖㄨㄛˋ ㄑㄧㄥ
舉鼎拔山,1,ㄐㄩˇ ㄉㄧㄥˇ ㄅㄚˊ ㄕㄢ
舉鼎絕臏,1,ㄐㄩˇ ㄉㄧㄥˇ ㄐㄩㄝˊ ㄅㄧㄣˋ
舉鼎觀畫,1,ㄐㄩˇ ㄉㄧㄥˇ ㄍㄨㄢ ㄏㄨㄚˋ
舊五代史,1,ㄐㄧㄡˋ ㄨˇ ㄉㄞˋ ㄕˇ
舊家行徑,1,ㄐㄧㄡˋ ㄐㄧㄚ ㄒㄧㄥˊ ㄐㄧㄥˋ
舊念復萌,1,ㄐㄧㄡˋ ㄋㄧㄢˋ ㄈㄨˋ ㄇㄥˊ
舊愁新恨,1,ㄐㄧㄡˋ ㄔㄡˊ ㄒㄧㄣ ㄏㄣˋ
舊愛宿恩,1,ㄐㄧㄡˋ ㄞˋ ㄙㄨˋ ㄣ
舊態復萌,1,ㄐㄧㄡˋ ㄊㄞˋ ㄈㄨˋ ㄇㄥˊ
舊時風味,1,ㄐㄧㄡˋ ㄕˊ ㄈㄥ ㄨㄟˋ
舊燕歸巢,1,ㄐㄧㄡˋ ㄧㄢˋ ㄍㄨㄟ ㄔㄠˊ
舊瓶新酒,1,ㄐㄧㄡˋ ㄆㄧㄥˊ ㄒㄧㄣ ㄐㄧㄡˇ
舊病難醫,1,ㄐㄧㄡˋ ㄅㄧㄥˋ ㄋㄢˊ ㄧ
舊識新交,1,ㄐㄧㄡˋ ㄕˋ ㄒㄧㄣ ㄐㄧㄠ
舌下神經,1,ㄕㄜˊ ㄒㄧㄚˋ ㄕㄣˊ ㄐㄧㄥ
舌劍脣槍,1,ㄕㄜˊ ㄐㄧㄢˋ ㄔㄨㄣˊ ㄑㄧㄤ
舌咽神經,1,ㄕㄜˊ ㄧㄢ ㄕㄣˊ ㄐㄧㄥ
舌尖元音,1,ㄕㄜˊ ㄐㄧㄢ ㄩㄢˊ ㄧㄣ
舌尖前音,1,ㄕㄜˊ ㄐㄧㄢ ㄑㄧㄢˊ ㄧㄣ
舌尖後音,1,ㄕㄜˊ ㄐㄧㄢ ㄏㄡˋ ㄧㄣ
舌尖邊音,1,ㄕㄜˊ ㄐㄧㄢ ㄅㄧㄢ ㄧㄣ
舌尖鼻音,1,ㄕㄜˊ ㄐㄧㄢ ㄅㄧˊ ㄧㄣ
舌弊耳聾,1,ㄕㄜˊ ㄅㄧˋ ㄦˇ ㄌㄨㄥˊ
舌根鼻音,1,ㄕㄜˊ ㄍㄣ ㄅㄧˊ ㄧㄣ
舌粲蓮花,1,ㄕㄜˊ ㄘㄢˋ ㄌㄧㄢˊ ㄏㄨㄚ
舌辯之士,1,ㄕㄜˊ ㄅㄧㄢˋ ㄓ ㄕˋ
舌面元音,1,ㄕㄜˊ ㄇㄧㄢˋ ㄩㄢˊ ㄧㄣ
舌面前音,1,ㄕㄜˊ ㄇㄧㄢˋ ㄑㄧㄢˊ ㄧㄣ
舌面如鏡,1,ㄕㄜˊ ㄇㄧㄢˋ ㄖㄨˊ ㄐㄧㄥˋ
舌面後音,1,ㄕㄜˊ ㄇㄧㄢˋ ㄏㄡˋ ㄧㄣ
舍己從人,1,ㄕㄜˇ ㄐㄧˇ ㄘㄨㄥˊ ㄖㄣˊ
舍己芸人,1,ㄕㄜˇ ㄐㄧˇ ㄩㄣˊ ㄖㄣˊ
舍德主義,1,ㄕㄜˋ ㄉㄜˊ ㄓㄨˇ ㄧˋ
舍我復誰,1,ㄕㄜˇ ㄨㄛˇ ㄈㄨˋ ㄕㄨㄟˊ
舍本事末,1,ㄕㄜˇ ㄅㄣˇ ㄕˋ ㄇㄛˋ
舍本問末,1,ㄕㄜˇ ㄅㄣˇ ㄨㄣˋ ㄇㄛˋ
舍正從邪,1,ㄕㄜˇ ㄓㄥˋ ㄘㄨㄥˊ ㄒㄧㄝˊ
舍生存義,1,ㄕㄜˇ ㄕㄥ ㄘㄨㄣˊ ㄧˋ
舍短取長,1,ㄕㄜˇ ㄉㄨㄢˇ ㄑㄩˇ ㄔㄤˊ
舍短從長,1,ㄕㄜˇ ㄉㄨㄢˇ ㄘㄨㄥˊ ㄔㄤˊ
舍短用長,1,ㄕㄜˇ ㄉㄨㄢˇ ㄩㄥˋ ㄔㄤˊ
舍短錄長,1,ㄕㄜˇ ㄉㄨㄢˇ ㄌㄨˋ ㄔㄤˊ
舍近謀遠,1,ㄕㄜˇ ㄐㄧㄣˋ ㄇㄡˊ ㄩㄢˇ
舐犢之愛,1,ㄕˋ ㄉㄨˊ ㄓ ㄞˋ
舐癰吮痔,1,ㄕˋ ㄩㄥ ㄕㄨㄣˇ ㄓˋ
舐糠及米,1,ㄕˋ ㄎㄤ ㄐㄧˊ ㄇㄧˇ
舔嘴咂舌,1,ㄊㄧㄢˇ ㄗㄨㄟˇ ㄗㄚ ㄕㄜˊ
舚脣咂嘴,1,ㄊㄧㄢˋ ㄔㄨㄣˊ ㄗㄚ ㄗㄨㄟˇ
舜日堯天,1,ㄕㄨㄣˋ ㄖˋ ㄧㄠˊ ㄊㄧㄢ
舜日堯年,1,ㄕㄨㄣˋ ㄖˋ ㄧㄠˊ ㄋㄧㄢˊ
舞刀躍馬,1,ㄨˇ ㄉㄠ ㄩㄝˋ ㄇㄚˇ
舞態生風,1,ㄨˇ ㄊㄞˋ ㄕㄥ ㄈㄥ
舞文巧法,1,ㄨˇ ㄨㄣˊ ㄑㄧㄠˇ ㄈㄚˇ
舞文巧詆,1,ㄨˇ ㄨㄣˊ ㄑㄧㄠˇ ㄉㄧˇ
舞文枉法,1,ㄨˇ ㄨㄣˊ ㄨㄤˇ ㄈㄚˇ
舞林高手,1,ㄨˇ ㄌㄧㄣˊ ㄍㄠ ㄕㄡˇ
舞榭歌樓,1,ㄨˇ ㄒㄧㄝˋ ㄍㄜ ㄌㄡˊ
舞榭歌臺,1,ㄨˇ ㄒㄧㄝˋ ㄍㄜ ㄊㄞˊ
舞燕歌鶯,1,ㄨˇ ㄧㄢˋ ㄍㄜ ㄧㄥ
舞爪張牙,1,ㄨˇ ㄓㄠˇ ㄓㄤ ㄧㄚˊ
舞筆弄文,1,ㄨˇ ㄅㄧˇ ㄋㄨㄥˋ ㄨㄣˊ
舞衫歌扇,1,ㄨˇ ㄕㄢ ㄍㄜ ㄕㄢˋ
舞蹈治療,1,ㄨˇ ㄉㄠˋ ㄓˋ ㄌㄧㄠˊ
舞馬之災,1,ㄨˇ ㄇㄚˇ ㄓ ㄗㄞ
舞鸞歌鳳,1,ㄨˇ ㄌㄨㄢˊ ㄍㄜ ㄈㄥˋ
舟中敵國,1,ㄓㄡ ㄓㄨㄥ ㄉㄧˊ ㄍㄨㄛˊ
舟水之喻,1,ㄓㄡ ㄕㄨㄟˇ ㄓ ㄩˋ
舢板運動,1,ㄕㄢ ㄅㄢˇ ㄩㄣˋ ㄉㄨㄥˋ
航天飛機,1,ㄏㄤˊ ㄊㄧㄢ ㄈㄟ ㄐㄧ
航太工業,1,ㄏㄤˊ ㄊㄞˋ ㄍㄨㄥ ㄧㄝˋ
航海梯山,1,ㄏㄤˊ ㄏㄞˇ ㄊㄧ ㄕㄢ
航發中心,1,ㄏㄤˊ ㄈㄚ ㄓㄨㄥ ㄒㄧㄣ
航空包裹,1,ㄏㄤˊ ㄎㄨㄥ ㄅㄠ ㄍㄨㄛˇ
航空學校,1,ㄏㄤˊ ㄎㄨㄥ ㄒㄩㄝˊ ㄒㄧㄠˋ
航空攝影,1,ㄏㄤˊ ㄎㄨㄥ ㄕㄜˋ ㄧㄥˇ
航空郵遞,1,ㄏㄤˊ ㄎㄨㄥ ㄧㄡˊ ㄉㄧˋ
航空醫學,1,ㄏㄤˊ ㄎㄨㄥ ㄧ ㄒㄩㄝˊ
航路標識,1,ㄏㄤˊ ㄌㄨˋ ㄅㄧㄠ ㄓˋ
般門弄斧,1,ㄅㄢ ㄇㄣˊ ㄋㄨㄥˋ ㄈㄨˇ
舳艫千里,1,ㄓㄨˊ ㄌㄨˊ ㄑㄧㄢ ㄌㄧˇ
舳艫啣接,1,ㄓㄨˊ ㄌㄨˊ ㄒㄧㄢˊ ㄐㄧㄝ
舳艫相繼,1,ㄓㄨˊ ㄌㄨˊ ㄒㄧㄤ ㄐㄧˋ
船堅炮利,1,ㄔㄨㄢˊ ㄐㄧㄢ ㄆㄠˋ ㄌㄧˋ
船模試驗,1,ㄔㄨㄢˊ ㄇㄛˊ ㄕˋ ㄧㄢˋ
船沉鉅鹿,1,ㄔㄨㄢˊ ㄔㄣˊ ㄐㄩˋ ㄌㄨˋ
艮苦冰涼,1,ㄍㄣˋ ㄎㄨˇ ㄅㄧㄥ ㄌㄧㄤˊ
良宵美景,1,ㄌㄧㄤˊ ㄒㄧㄠ ㄇㄟˇ ㄐㄧㄥˇ
良家子弟,1,ㄌㄧㄤˊ ㄐㄧㄚ ㄗˇ ㄉㄧˋ
良將賢相,1,ㄌㄧㄤˊ ㄐㄧㄤˋ ㄒㄧㄢˊ ㄒㄧㄤˋ
良工心苦,1,ㄌㄧㄤˊ ㄍㄨㄥ ㄒㄧㄣ ㄎㄨˇ
良心未泯,1,ㄌㄧㄤˊ ㄒㄧㄣ ㄨㄟˋ ㄇㄧㄣˇ
良性競爭,1,ㄌㄧㄤˊ ㄒㄧㄥˋ ㄐㄧㄥˋ ㄓㄥ
良性腫瘤,1,ㄌㄧㄤˊ ㄒㄧㄥˋ ㄓㄨㄥˇ ㄌㄧㄡˊ
良時美景,1,ㄌㄧㄤˊ ㄕˊ ㄇㄟˇ ㄐㄧㄥˇ
良玉精金,1,ㄌㄧㄤˊ ㄩˋ ㄐㄧㄥ ㄐㄧㄣ
良田美地,1,ㄌㄧㄤˊ ㄊㄧㄢˊ ㄇㄟˇ ㄉㄧˋ
良莠不一,1,ㄌㄧㄤˊ ㄧㄡˇ ㄅㄨˋ ㄧ
良莠不分,1,ㄌㄧㄤˊ ㄧㄡˇ ㄅㄨˋ ㄈㄣ
良莠淆雜,1,ㄌㄧㄤˊ ㄧㄡˇ ㄧㄠˊ ㄗㄚˊ
良質美手,1,ㄌㄧㄤˊ ㄓˊ ㄇㄟˇ ㄕㄡˇ
良辰媚景,1,ㄌㄧㄤˊ ㄔㄣˊ ㄇㄟˋ ㄐㄧㄥˇ
良醞可戀,1,ㄌㄧㄤˊ ㄩㄣˋ ㄎㄜˇ ㄌㄧㄢˋ
良金美玉,1,ㄌㄧㄤˊ ㄐㄧㄣ ㄇㄟˇ ㄩˋ
艱苦卓絕,1,ㄐㄧㄢ ㄎㄨˇ ㄓㄨㄛˊ ㄐㄩㄝˊ
色中餓鬼,1,ㄙㄜˋ ㄓㄨㄥ ㄜˋ ㄍㄨㄟˇ
色如死灰,1,ㄙㄜˋ ㄖㄨˊ ㄙˇ ㄏㄨㄟ
色授魂與,1,ㄙㄜˋ ㄕㄡˋ ㄏㄨㄣˊ ㄩˇ
色絲子女,1,ㄙㄜˋ ㄙ ㄗˇ ㄋㄩˇ
色膽如天,1,ㄙㄜˋ ㄉㄢˇ ㄖㄨˊ ㄊㄧㄢ
色膽迷天,1,ㄙㄜˋ ㄉㄢˇ ㄇㄧˊ ㄊㄧㄢ
色色俱全,1,ㄙㄜˋ ㄙㄜˋ ㄐㄩˋ ㄑㄩㄢˊ
色若死灰,1,ㄙㄜˋ ㄖㄨㄛˋ ㄙˇ ㄏㄨㄟ
色藝兩絕,1,ㄙㄜˋ ㄧˋ ㄌㄧㄤˇ ㄐㄩㄝˊ
色藝無雙,1,ㄙㄜˋ ㄧˋ ㄨˊ ㄕㄨㄤ
色藝絕倫,1,ㄙㄜˋ ㄧˋ ㄐㄩㄝˊ ㄌㄨㄣˊ
色藝雙絕,1,ㄙㄜˋ ㄧˋ ㄕㄨㄤ ㄐㄩㄝˊ
色衰愛寢,1,ㄙㄜˋ ㄕㄨㄞ ㄞˋ ㄑㄧㄣˇ
色衰愛弛,1,ㄙㄜˋ ㄕㄨㄞ ㄞˋ ㄕˇ
色豔桃李,1,ㄙㄜˋ ㄧㄢˋ ㄊㄠˊ ㄌㄧˇ
色質細胞,1,ㄙㄜˋ ㄓˊ ㄒㄧˋ ㄅㄠ
色飛眉舞,1,ㄙㄜˋ ㄈㄟ ㄇㄟˊ ㄨˇ
芒刺滿身,1,ㄇㄤˊ ㄘˋ ㄇㄢˇ ㄕㄣ
芒寒色正,1,ㄇㄤˊ ㄏㄢˊ ㄙㄜˋ ㄓㄥˋ
芒然自失,1,ㄇㄤˊ ㄖㄢˊ ㄗˋ ㄕ
芒芒苦海,1,ㄇㄤˊ ㄇㄤˊ ㄎㄨˇ ㄏㄞˇ
芒角撐腸,1,ㄇㄤˊ ㄐㄧㄠˇ ㄔㄥ ㄔㄤˊ
芙蓉之精,1,ㄈㄨˊ ㄖㄨㄥˊ ㄓ ㄐㄧㄥ
芙蓉月印,1,ㄈㄨˊ ㄖㄨㄥˊ ㄩㄝˋ ㄧㄣˋ
芝焚蕙嘆,1,ㄓ ㄈㄣˊ ㄏㄨㄟˋ ㄊㄢˋ
芝艾俱焚,1,ㄓ ㄞˋ ㄐㄩˋ ㄈㄣˊ
芝草無根,1,ㄓ ㄘㄠˇ ㄨˊ ㄍㄣ
芝蘭之化,1,ㄓ ㄌㄢˊ ㄓ ㄏㄨㄚˋ
芝蘭之室,1,ㄓ ㄌㄢˊ ㄓ ㄕˋ
芝蘭氣味,1,ㄓ ㄌㄢˊ ㄑㄧˋ ㄨㄟˋ
芝蘭玉樹,1,ㄓ ㄌㄢˊ ㄩˋ ㄕㄨˋ
芝麻小事,1,ㄓ ㄇㄚ˙ ㄒㄧㄠˇ ㄕˋ
芝麻綠豆,1,ㄓ ㄇㄚ˙ ㄌㄩˋ ㄉㄡˋ
芟繁就簡,1,ㄕㄢ ㄈㄢˊ ㄐㄧㄡˋ ㄐㄧㄢˇ
芥拾青紫,1,ㄐㄧㄝˋ ㄕˊ ㄑㄧㄥ ㄗˇ
芮氏級度,1,ㄖㄨㄟˋ ㄕˋ ㄐㄧˊ ㄉㄨˋ
花不棱登,1,ㄏㄨㄚ ㄅㄨˋ ㄌㄥˊ ㄉㄥ
花不溜丟,1,ㄏㄨㄚ ㄅㄨˋ ㄌㄧㄡ ㄉㄧㄡ
花亂雙眼,1,ㄏㄨㄚ ㄌㄨㄢˋ ㄕㄨㄤ ㄧㄢˇ
花剌子模,1,ㄏㄨㄚ ㄌㄚˋ ㄗˇ ㄇㄛˊ
花嘴花舌,1,ㄏㄨㄚ ㄗㄨㄟˇ ㄏㄨㄚ ㄕㄜˊ
花塢春曉,1,ㄏㄨㄚ ㄨˋ ㄔㄨㄣ ㄒㄧㄠˇ
花多實少,1,ㄏㄨㄚ ㄉㄨㄛ ㄕˊ ㄕㄠˇ
花天錦地,1,ㄏㄨㄚ ㄊㄧㄢ ㄐㄧㄣˇ ㄉㄧˋ
花奴羯鼓,1,ㄏㄨㄚ ㄋㄨˊ ㄐㄧㄝˊ ㄍㄨˇ
花容玉貌,1,ㄏㄨㄚ ㄖㄨㄥˊ ㄩˋ ㄇㄠˋ
花崗岩類,1,ㄏㄨㄚ ㄍㄤ ㄧㄢˊ ㄌㄟˋ
花巾著目,1,ㄏㄨㄚ ㄐㄧㄣ ㄓㄨㄛˊ ㄇㄨˋ
花式撞球,1,ㄏㄨㄚ ㄕˋ ㄓㄨㄤˋ ㄑㄧㄡˊ
花式滑冰,1,ㄏㄨㄚ ㄕˋ ㄏㄨㄚˊ ㄅㄧㄥ
花心蘿蔔,1,ㄏㄨㄚ ㄒㄧㄣ ㄌㄨㄛˊ ㄅㄛ˙
花招百出,1,ㄏㄨㄚ ㄓㄠ ㄅㄞˇ ㄔㄨ
花攢錦簇,1,ㄏㄨㄚ ㄘㄨㄢˊ ㄐㄧㄣˇ ㄘㄨˋ
花明柳媚,1,ㄏㄨㄚ ㄇㄧㄥˊ ㄌㄧㄡˇ ㄇㄟˋ
花明柳暗,1,ㄏㄨㄚ ㄇㄧㄥˊ ㄌㄧㄡˇ ㄢˋ
花晨月夕,1,ㄏㄨㄚ ㄔㄣˊ ㄩㄝˋ ㄒㄧˋ
花朝月夕,1,ㄏㄨㄚ ㄓㄠ ㄩㄝˋ ㄒㄧˋ
花朝月夜,1,ㄏㄨㄚ ㄓㄠ ㄩㄝˋ ㄧㄝˋ
花枝招颭,1,ㄏㄨㄚ ㄓ ㄓㄠ ㄓㄢˇ
花柳之姿,1,ㄏㄨㄚ ㄌㄧㄡˇ ㄓ ㄗ
花根本豔,1,ㄏㄨㄚ ㄍㄣ ㄅㄣˇ ㄧㄢˋ
花殘月缺,1,ㄏㄨㄚ ㄘㄢˊ ㄩㄝˋ ㄑㄩㄝ
花營錦陣,1,ㄏㄨㄚ ㄧㄥˊ ㄐㄧㄣˇ ㄓㄣˋ
花燭之期,1,ㄏㄨㄚ ㄓㄨˊ ㄓ ㄑㄧˊ
花燭夫妻,1,ㄏㄨㄚ ㄓㄨˊ ㄈㄨ ㄑㄧ
花燭洞房,1,ㄏㄨㄚ ㄓㄨˊ ㄉㄨㄥˋ ㄈㄤˊ
花狸狐哨,1,ㄏㄨㄚ ㄌㄧ˙ ㄏㄨˊ ㄕㄠˋ
花甜蜜嘴,1,ㄏㄨㄚ ㄊㄧㄢˊ ㄇㄧˋ ㄗㄨㄟˇ
花簇錦攢,1,ㄏㄨㄚ ㄘㄨˋ ㄐㄧㄣˇ ㄘㄨㄢˊ
花絮新聞,1,ㄏㄨㄚ ㄒㄩˋ ㄒㄧㄣ ㄨㄣˊ
花絲金藝,1,ㄏㄨㄚ ㄙ ㄐㄧㄣ ㄧˋ
花花太歲,1,ㄏㄨㄚ ㄏㄨㄚ ㄊㄞˋ ㄙㄨㄟˋ
花花搭搭,1,ㄏㄨㄚ ㄏㄨㄚ˙ ㄉㄚ ㄉㄚ
花花絮絮,1,ㄏㄨㄚ ㄏㄨㄚ ㄒㄩˋ ㄒㄩˋ
花花黎黎,1,ㄏㄨㄚ ㄏㄨㄚ ㄌㄧˊ ㄌㄧˊ
花菴詞選,1,ㄏㄨㄚ ㄢ ㄘˊ ㄒㄩㄢˇ
花蕊夫人,1,ㄏㄨㄚ ㄖㄨㄟˇ ㄈㄨ ㄖㄣˊ
花藜胡哨,1,ㄏㄨㄚ ㄌㄧ˙ ㄏㄨˊ ㄕㄠˋ
花街柳陌,1,ㄏㄨㄚ ㄐㄧㄝ ㄌㄧㄡˇ ㄇㄛˋ
花裡胡哨,1,ㄏㄨㄚ ㄌㄧ˙ ㄏㄨˊ ㄕㄠˋ
花說柳說,1,ㄏㄨㄚ ㄕㄨㄛ ㄌㄧㄡˇ ㄕㄨㄛ
花貓巧嘴,1,ㄏㄨㄚ ㄇㄠ ㄑㄧㄠˇ ㄗㄨㄟˇ
花遮柳掩,1,ㄏㄨㄚ ㄓㄜ ㄌㄧㄡˇ ㄧㄢˇ
花遮柳隱,1,ㄏㄨㄚ ㄓㄜ ㄌㄧㄡˇ ㄧㄣˇ
花錢粉鈔,1,ㄏㄨㄚ ㄑㄧㄢˊ ㄈㄣˇ ㄔㄠ
花門柳戶,1,ㄏㄨㄚ ㄇㄣˊ ㄌㄧㄡˇ ㄏㄨˋ
花閉月羞,1,ㄏㄨㄚ ㄅㄧˋ ㄩㄝˋ ㄒㄧㄡ
花顏月貌,1,ㄏㄨㄚ ㄧㄢˊ ㄩㄝˋ ㄇㄠˋ
花香鳥語,1,ㄏㄨㄚ ㄒㄧㄤ ㄋㄧㄠˇ ㄩˇ
花馬弔嘴,1,ㄏㄨㄚ ㄇㄚˇ ㄉㄧㄠˋ ㄗㄨㄟˇ
花魁娘子,1,ㄏㄨㄚ ㄎㄨㄟˊ ㄋㄧㄤˊ ㄗˇ
花魔酒病,1,ㄏㄨㄚ ㄇㄛˊ ㄐㄧㄡˇ ㄅㄧㄥˋ
花麗狐哨,1,ㄏㄨㄚ ㄌㄧ˙ ㄏㄨˊ ㄕㄠˋ
芳蘭竟體,1,ㄈㄤ ㄌㄢˊ ㄐㄧㄥˋ ㄊㄧˇ
芳香療法,1,ㄈㄤ ㄒㄧㄤ ㄌㄧㄠˊ ㄈㄚˇ
芳魂已杳,1,ㄈㄤ ㄏㄨㄣˊ ㄧˇ ㄧㄠˇ
苔原氣候,1,ㄊㄞˊ ㄩㄢˊ ㄑㄧˋ ㄏㄡˋ
苗瑤語族,1,ㄇㄧㄠˊ ㄧㄠˊ ㄩˇ ㄗㄨˊ
苗而不秀,1,ㄇㄧㄠˊ ㄦˊ ㄅㄨˋ ㄒㄧㄡˋ
苜蓿風味,1,ㄇㄨˋ ㄙㄨˋ ㄈㄥ ㄨㄟˋ
苞苴公行,1,ㄅㄠ ㄐㄩ ㄍㄨㄥ ㄒㄧㄥˊ
苞苴竿牘,1,ㄅㄠ ㄐㄩ ㄍㄢ ㄉㄨˊ
苞苴賄賂,1,ㄅㄠ ㄐㄩ ㄏㄨㄟˋ ㄌㄨˋ
苞茅不貢,1,ㄅㄠ ㄇㄠˊ ㄅㄨˋ ㄍㄨㄥˋ
苞藏禍心,1,ㄅㄠ ㄘㄤˊ ㄏㄨㄛˋ ㄒㄧㄣ
苟且唐塞,1,ㄍㄡˇ ㄑㄧㄝˇ ㄊㄤˊ ㄙㄜˋ
苟且自度,1,ㄍㄡˇ ㄑㄧㄝˇ ㄗˋ ㄉㄨˋ
苟合取容,1,ㄍㄡˇ ㄏㄜˊ ㄑㄩˇ ㄖㄨㄥˊ
苟安一隅,1,ㄍㄡˇ ㄢ ㄧ ㄩˊ
苟容曲從,1,ㄍㄡˇ ㄖㄨㄥˊ ㄑㄩ ㄘㄨㄥˊ
苟延殘息,1,ㄍㄡˇ ㄧㄢˊ ㄘㄢˊ ㄒㄧˊ
苟弟轉酷,1,ㄍㄡˇ ㄉㄧˋ ㄓㄨㄢˇ ㄎㄨˋ
苟留殘喘,1,ㄍㄡˇ ㄌㄧㄡˊ ㄘㄢˊ ㄔㄨㄢˇ
若出一轍,1,ㄖㄨㄛˋ ㄔㄨ ㄧ ㄔㄜˋ
若卵投石,1,ㄖㄨㄛˋ ㄌㄨㄢˇ ㄊㄡˊ ㄕˊ
若合符節,1,ㄖㄨㄛˋ ㄏㄜˊ ㄈㄨˊ ㄐㄧㄝˊ
若喪考妣,1,ㄖㄨㄛˋ ㄙㄤˋ ㄎㄠˇ ㄅㄧˇ
若存若亡,1,ㄖㄨㄛˋ ㄘㄨㄣˊ ㄖㄨㄛˋ ㄨㄤˊ
若敖鬼餒,1,ㄖㄨㄛˋ ㄠˊ ㄍㄨㄟˇ ㄋㄟˇ
若數家珍,1,ㄖㄨㄛˋ ㄕㄨˇ ㄐㄧㄚ ㄓㄣ
若昧平生,1,ㄖㄨㄛˋ ㄇㄟˋ ㄆㄧㄥˊ ㄕㄥ
若有其事,1,ㄖㄨㄛˋ ㄧㄡˇ ㄑㄧˊ ㄕˋ
若有所亡,1,ㄖㄨㄛˋ ㄧㄡˇ ㄙㄨㄛˇ ㄨㄤˊ
若有所喪,1,ㄖㄨㄛˋ ㄧㄡˇ ㄙㄨㄛˇ ㄙㄤˋ
若有所聞,1,ㄖㄨㄛˋ ㄧㄡˇ ㄙㄨㄛˇ ㄨㄣˊ
若有還無,1,ㄖㄨㄛˋ ㄧㄡˇ ㄏㄨㄢˊ ㄨˊ
若釋重負,1,ㄖㄨㄛˋ ㄕˋ ㄓㄨㄥˋ ㄈㄨˋ
若隱若顯,1,ㄖㄨㄛˋ ㄧㄣˇ ㄖㄨㄛˋ ㄒㄧㄢˇ
若高若低,1,ㄖㄨㄛˋ ㄍㄠ ㄖㄨㄛˋ ㄉㄧ
苦不聊生,1,ㄎㄨˇ ㄅㄨˋ ㄌㄧㄠˊ ㄕㄥ
苦土肥料,1,ㄎㄨˇ ㄊㄨˇ ㄈㄟˊ ㄌㄧㄠˋ
苦心焦慮,1,ㄎㄨˇ ㄒㄧㄣ ㄐㄧㄠ ㄌㄩˋ
苦心積慮,1,ㄎㄨˇ ㄒㄧㄣ ㄐㄧ ㄌㄩˋ
苦心竭力,1,ㄎㄨˇ ㄒㄧㄣ ㄐㄧㄝˊ ㄌㄧˋ
苦心經營,1,ㄎㄨˇ ㄒㄧㄣ ㄐㄧㄥ ㄧㄥˊ
苦思惡想,1,ㄎㄨˇ ㄙ ㄜˋ ㄒㄧㄤˇ
苦海無涯,1,ㄎㄨˇ ㄏㄞˇ ㄨˊ ㄧㄚˊ
苦繃苦拽,1,ㄎㄨˇ ㄅㄥ ㄎㄨˇ ㄓㄨㄞˋ
苦苦哀求,1,ㄎㄨˇ ㄎㄨˇ ㄞ ㄑㄧㄡˊ
苦雨淒風,1,ㄎㄨˇ ㄩˇ ㄑㄧ ㄈㄥ
苫眉努目,1,ㄕㄢ ㄇㄟˊ ㄋㄨˇ ㄇㄨˋ
苫眼鋪眉,1,ㄕㄢ ㄧㄢˇ ㄆㄨ ㄇㄟˊ
英勇善戰,1,ㄧㄥ ㄩㄥˇ ㄕㄢˋ ㄓㄢˋ
英勇無敵,1,ㄧㄥ ㄩㄥˇ ㄨˊ ㄉㄧˊ
英勇雄壯,1,ㄧㄥ ㄩㄥˇ ㄒㄩㄥˊ ㄓㄨㄤˋ
英國國教,1,ㄧㄥ ㄍㄨㄛˊ ㄍㄨㄛˊ ㄐㄧㄠˋ
英姿邁往,1,ㄧㄥ ㄗ ㄇㄞˋ ㄨㄤˇ
英姿颯爽,1,ㄧㄥ ㄗ ㄙㄚˋ ㄕㄨㄤˇ
英才俊偉,1,ㄧㄥ ㄘㄞˊ ㄐㄩㄣˋ ㄨㄟˇ
英明睿智,1,ㄧㄥ ㄇㄧㄥˊ ㄖㄨㄟˋ ㄓˋ
英氣勃勃,1,ㄧㄥ ㄑㄧˋ ㄅㄛˊ ㄅㄛˊ
英氣逼人,1,ㄧㄥ ㄑㄧˋ ㄅㄧ ㄖㄣˊ
英氣風發,1,ㄧㄥ ㄑㄧˋ ㄈㄥ ㄈㄚ
英法聯軍,1,ㄧㄥ ㄈㄚˇ ㄌㄧㄢˊ ㄐㄩㄣ
英特邁往,1,ㄧㄥ ㄊㄜˋ ㄇㄞˋ ㄨㄤˇ
英聲茂實,1,ㄧㄥ ㄕㄥ ㄇㄠˋ ㄕˊ
英語民族,1,ㄧㄥ ㄩˇ ㄇㄧㄣˊ ㄗㄨˊ
英雄入彀,1,ㄧㄥ ㄒㄩㄥˊ ㄖㄨˋ ㄍㄡˋ
英雄好漢,1,ㄧㄥ ㄒㄩㄥˊ ㄏㄠˇ ㄏㄢˋ
英雄本色,1,ㄧㄥ ㄒㄩㄥˊ ㄅㄣˇ ㄙㄜˋ
英雄短氣,1,ㄧㄥ ㄒㄩㄥˊ ㄉㄨㄢˇ ㄑㄧˋ
英風偉烈,1,ㄧㄥ ㄈㄥ ㄨㄟˇ ㄌㄧㄝˋ
英風宛在,1,ㄧㄥ ㄈㄥ ㄨㄢˇ ㄗㄞˋ
英風義氣,1,ㄧㄥ ㄈㄥ ㄧˋ ㄑㄧˋ
茂實英聲,1,ㄇㄠˋ ㄕˊ ㄧㄥ ㄕㄥ
茂才異等,1,ㄇㄠˋ ㄘㄞˊ ㄧˋ ㄉㄥˇ
茂林深竹,1,ㄇㄠˋ ㄌㄧㄣˊ ㄕㄣ ㄓㄨˊ
范張雞黍,1,ㄈㄢˋ ㄓㄤ ㄐㄧ ㄕㄨˇ
茅室土階,1,ㄇㄠˊ ㄕˋ ㄊㄨˇ ㄐㄧㄝ
茅山道士,1,ㄇㄠˊ ㄕㄢ ㄉㄠˋ ㄕˋ
茅山道法,1,ㄇㄠˊ ㄕㄢ ㄉㄠˋ ㄈㄚˇ
茅廁的磚,1,ㄇㄠˊ ㄙ˙ ㄉㄜ˙ ㄓㄨㄢ
茅廁磚頭,1,ㄇㄠˊ ㄙ˙ ㄓㄨㄢ ㄊㄡ˙
茅廬三顧,1,ㄇㄠˊ ㄌㄨˊ ㄙㄢ ㄍㄨˋ
茅椽蓬牖,1,ㄇㄠˊ ㄔㄨㄢˊ ㄆㄥˊ ㄧㄡˇ
茅簷土壁,1,ㄇㄠˊ ㄧㄢˊ ㄊㄨˇ ㄅㄧˋ
茅茨不剪,1,ㄇㄠˊ ㄘˊ ㄅㄨˋ ㄐㄧㄢˇ
茅茨土階,1,ㄇㄠˊ ㄘˊ ㄊㄨˇ ㄐㄧㄝ
茫然不解,1,ㄇㄤˊ ㄖㄢˊ ㄅㄨˋ ㄐㄧㄝˇ
茫然自失,1,ㄇㄤˊ ㄖㄢˊ ㄗˋ ㄕ
茫然若迷,1,ㄇㄤˊ ㄖㄢˊ ㄖㄨㄛˋ ㄇㄧˊ
茫然費解,1,ㄇㄤˊ ㄖㄢˊ ㄈㄟˋ ㄐㄧㄝˇ
茫茫一片,1,ㄇㄤˊ ㄇㄤˊ ㄧ ㄆㄧㄢˋ
茫茫渺渺,1,ㄇㄤˊ ㄇㄤˊ ㄇㄧㄠˇ ㄇㄧㄠˇ
茫茫苦海,1,ㄇㄤˊ ㄇㄤˊ ㄎㄨˇ ㄏㄞˇ
茫茫蕩蕩,1,ㄇㄤˊ ㄇㄤˊ ㄉㄤˋ ㄉㄤˋ
茵席之臣,1,ㄧㄣ ㄒㄧˊ ㄓ ㄔㄣˊ
茶思飯想,1,ㄔㄚˊ ㄙ ㄈㄢˋ ㄒㄧㄤˇ
茶紅酒禮,1,ㄔㄚˊ ㄏㄨㄥˊ ㄐㄧㄡˇ ㄌㄧˇ
茶遲飯晏,1,ㄔㄚˊ ㄔˊ ㄈㄢˋ ㄧㄢˋ
茶飯無心,1,ㄔㄚˊ ㄈㄢˋ ㄨˊ ㄒㄧㄣ
茶餘客話,1,ㄔㄚˊ ㄩˊ ㄎㄜˋ ㄏㄨㄚˋ
茶餘酒後,1,ㄔㄚˊ ㄩˊ ㄐㄧㄡˇ ㄏㄡˋ
茶餘飯飽,1,ㄔㄚˊ ㄩˊ ㄈㄢˋ ㄅㄠˇ
茹古涵今,1,ㄖㄨˊ ㄍㄨˇ ㄏㄢˊ ㄐㄧㄣ
茹柔吐剛,1,ㄖㄨˊ ㄖㄡˊ ㄊㄨˇ ㄍㄤ
茹泣吞悲,1,ㄖㄨˊ ㄑㄧˋ ㄊㄨㄣ ㄅㄟ
茹魚去蠅,1,ㄖㄨˊ ㄩˊ ㄑㄩˋ ㄧㄥˊ
荀粲熨婦,1,ㄒㄩㄣˊ ㄘㄢˋ ㄩㄣˋ ㄈㄨˋ
草偃風從,1,ㄘㄠˇ ㄧㄢˇ ㄈㄥ ㄘㄨㄥˊ
草偃風行,1,ㄘㄠˇ ㄧㄢˇ ㄈㄥ ㄒㄧㄥˊ
草具之陳,1,ㄘㄠˇ ㄐㄩˋ ㄓ ㄔㄣˊ
草原氣候,1,ㄘㄠˇ ㄩㄢˊ ㄑㄧˋ ㄏㄡˋ
草堂詩餘,1,ㄘㄠˇ ㄊㄤˊ ㄕ ㄩˊ
草嶺古道,1,ㄘㄠˇ ㄌㄧㄥˇ ㄍㄨˇ ㄉㄠˋ
草廬三顧,1,ㄘㄠˇ ㄌㄨˊ ㄙㄢ ㄍㄨˋ
草木知威,1,ㄘㄠˇ ㄇㄨˋ ㄓ ㄨㄟ
草木驚心,1,ㄘㄠˇ ㄇㄨˋ ㄐㄧㄥ ㄒㄧㄣ
草滿囹圄,1,ㄘㄠˇ ㄇㄢˇ ㄌㄧㄥˊ ㄩˇ
草率將事,1,ㄘㄠˇ ㄕㄨㄞˋ ㄐㄧㄤ ㄕˋ
草率收兵,1,ㄘㄠˇ ㄕㄨㄞˋ ㄕㄡ ㄅㄧㄥ
草腹菜腸,1,ㄘㄠˇ ㄈㄨˋ ㄘㄞˋ ㄔㄤˊ
草臺班子,1,ㄘㄠˇ ㄊㄞˊ ㄅㄢ ㄗ˙
草茅之臣,1,ㄘㄠˇ ㄇㄠˊ ㄓ ㄔㄣˊ
草薙禽獮,1,ㄘㄠˇ ㄊㄧˋ ㄑㄧㄣˊ ㄒㄧㄢˇ
草行露宿,1,ㄘㄠˇ ㄒㄧㄥˊ ㄌㄨˋ ㄙㄨˋ
草衣木食,1,ㄘㄠˇ ㄧ ㄇㄨˋ ㄕˊ
草長鶯飛,1,ㄘㄠˇ ㄓㄤˇ ㄧㄥ ㄈㄟ
草間求活,1,ㄘㄠˇ ㄐㄧㄢ ㄑㄧㄡˊ ㄏㄨㄛˊ
草靡風行,1,ㄘㄠˇ ㄇㄧˇ ㄈㄥ ㄒㄧㄥˊ
草頭大王,1,ㄘㄠˇ ㄊㄡˊ ㄉㄚˋ ㄨㄤˊ
草頭天子,1,ㄘㄠˇ ㄊㄡˊ ㄊㄧㄢ ㄗˇ
荊劉拜殺,1,ㄐㄧㄥ ㄌㄧㄡˊ ㄅㄞˋ ㄕㄚ
荊南杞梓,1,ㄐㄧㄥ ㄋㄢˊ ㄑㄧˇ ㄗˇ
荊天棘地,1,ㄐㄧㄥ ㄊㄧㄢ ㄐㄧˊ ㄉㄧˋ
荊山之玉,1,ㄐㄧㄥ ㄕㄢ ㄓ ㄩˋ
荊棘銅駝,1,ㄐㄧㄥ ㄐㄧˊ ㄊㄨㄥˊ ㄊㄨㄛˊ
荊榛滿目,1,ㄐㄧㄥ ㄓㄣ ㄇㄢˇ ㄇㄨˋ
荊釵布裙,1,ㄐㄧㄥ ㄔㄞ ㄅㄨˋ ㄑㄩㄣˊ
荊釵布襖,1,ㄐㄧㄥ ㄔㄞ ㄅㄨˋ ㄠˇ
荊釵裙布,1,ㄐㄧㄥ ㄔㄞ ㄑㄩㄣˊ ㄅㄨˋ
荑手纖纖,1,ㄊㄧˊ ㄕㄡˇ ㄒㄧㄢ ㄒㄧㄢ
荒功好頑,1,ㄏㄨㄤ ㄍㄨㄥ ㄏㄠˋ ㄨㄢˊ
荒唐不經,1,ㄏㄨㄤ ㄊㄤˊ ㄅㄨˋ ㄐㄧㄥ
荒唐之言,1,ㄏㄨㄤ ㄊㄤˊ ㄓ ㄧㄢˊ
荒唐無稽,1,ㄏㄨㄤ ㄊㄤˊ ㄨˊ ㄐㄧ
荒怪不經,1,ㄏㄨㄤ ㄍㄨㄞˋ ㄅㄨˋ ㄐㄧㄥ
荒時暴月,1,ㄏㄨㄤ ㄕˊ ㄅㄠˋ ㄩㄝˋ
荒渺不經,1,ㄏㄨㄤ ㄇㄧㄠˇ ㄅㄨˋ ㄐㄧㄥ
荒煙蔓草,1,ㄏㄨㄤ ㄧㄢ ㄇㄢˋ ㄘㄠˇ
荒誕無稽,1,ㄏㄨㄤ ㄉㄢˋ ㄨˊ ㄐㄧ
荒謬小說,1,ㄏㄨㄤ ㄇㄧㄡˋ ㄒㄧㄠˇ ㄕㄨㄛ
荒郊曠野,1,ㄏㄨㄤ ㄐㄧㄠ ㄎㄨㄤˋ ㄧㄝˇ
荒郊草野,1,ㄏㄨㄤ ㄐㄧㄠ ㄘㄠˇ ㄧㄝˇ
荷花出水,1,ㄏㄜˊ ㄏㄨㄚ ㄔㄨ ㄕㄨㄟˇ
荷花大少,1,ㄏㄜˊ ㄏㄨㄚ ㄉㄚˋ ㄕㄠˋ
荷葉先師,1,ㄏㄜˊ ㄧㄝˋ ㄒㄧㄢ ㄕ
荷蘭乳牛,1,ㄏㄜˊ ㄌㄢˊ ㄖㄨˇ ㄋㄧㄡˊ
荷蘭王國,1,ㄏㄜˊ ㄌㄢˊ ㄨㄤˊ ㄍㄨㄛˊ
莊周夢蝶,1,ㄓㄨㄤ ㄓㄡ ㄇㄥˋ ㄉㄧㄝˊ
莊園制度,1,ㄓㄨㄤ ㄩㄢˊ ㄓˋ ㄉㄨˋ
莊子鼓盆,1,ㄓㄨㄤ ㄗˇ ㄍㄨˇ ㄆㄣˊ
莊舄越吟,1,ㄓㄨㄤ ㄒㄧˋ ㄩㄝˋ ㄧㄣˊ
莎喲娜拉,1,ㄕㄚ ㄧㄠ ㄋㄚˋ ㄌㄚ
莎士比亞,1,ㄕㄚ ㄕˋ ㄅㄧˇ ㄧㄚˋ
莒光連隊,1,ㄐㄩˇ ㄍㄨㄤ ㄌㄧㄢˊ ㄉㄨㄟˋ
莠狗尾草,1,ㄧㄡˋ ㄍㄡˇ ㄨㄟˇ ㄘㄠˇ
莫之與京,1,ㄇㄛˋ ㄓ ㄩˇ ㄐㄧㄥ
莫予毒也,1,ㄇㄛˋ ㄩˊ ㄉㄨˊ ㄧㄝˇ
莫余毒也,1,ㄇㄛˋ ㄩˊ ㄉㄨˊ ㄧㄝˇ
莫可名狀,1,ㄇㄛˋ ㄎㄜˇ ㄇㄧㄥˊ ㄓㄨㄤˋ
莫報萬一,1,ㄇㄛˋ ㄅㄠˋ ㄨㄢˋ ㄧ
莫展一籌,1,ㄇㄛˋ ㄓㄢˇ ㄧ ㄔㄡˊ
莫措手足,1,ㄇㄛˋ ㄘㄨㄛˋ ㄕㄡˇ ㄗㄨˊ
莫敢誰何,1,ㄇㄛˋ ㄍㄢˇ ㄕㄨㄟˊ ㄏㄜˊ
莫明其妙,1,ㄇㄛˋ ㄇㄧㄥˊ ㄑㄧˊ ㄇㄧㄠˋ
莫曼斯克,1,ㄇㄛˋ ㄇㄢˋ ㄙ ㄎㄜˋ
莫此為甚,1,ㄇㄛˋ ㄘˇ ㄨㄟˊ ㄕㄣˋ
莫知所措,1,ㄇㄛˋ ㄓ ㄙㄨㄛˇ ㄘㄨㄛˋ
莫知所為,1,ㄇㄛˋ ㄓ ㄙㄨㄛˇ ㄨㄟˊ
莫知所謂,1,ㄇㄛˋ ㄓ ㄙㄨㄛˇ ㄨㄟˋ
莫衷壹是,1,ㄇㄛˋ ㄓㄨㄥ ㄧ ㄕˋ
莫辨楮葉,1,ㄇㄛˋ ㄅㄧㄢˋ ㄔㄨˇ ㄧㄝˋ
莫逆之友,1,ㄇㄛˋ ㄋㄧˋ ㄓ ㄧㄡˇ
莫逆之契,1,ㄇㄛˋ ㄋㄧˋ ㄓ ㄑㄧˋ
莽榛蔓草,1,ㄇㄤˇ ㄓㄣ ㄇㄢˋ ㄘㄠˇ
菁英分子,1,ㄐㄧㄥ ㄧㄥ ㄈㄣˋ ㄗˇ
菊老荷枯,1,ㄐㄩˊ ㄌㄠˇ ㄏㄜˊ ㄎㄨ
菊花與劍,1,ㄐㄩˊ ㄏㄨㄚ ㄩˇ ㄐㄧㄢˋ
菩提流志,1,ㄆㄨˊ ㄊㄧˊ ㄌㄧㄡˊ ㄓˋ
菩提流支,1,ㄆㄨˊ ㄊㄧˊ ㄌㄧㄡˊ ㄓ
菩提達摩,1,ㄆㄨˊ ㄊㄧˊ ㄉㄚˊ ㄇㄛˊ
華倫泰節,1,ㄏㄨㄚˊ ㄌㄨㄣˊ ㄊㄞˋ ㄐㄧㄝˊ
華僑條款,1,ㄏㄨㄚˊ ㄑㄧㄠˊ ㄊㄧㄠˊ ㄎㄨㄢˇ
華嚴五祖,1,ㄏㄨㄚˊ ㄧㄢˊ ㄨˇ ㄗㄨˇ
華屋丘墟,1,ㄏㄨㄚˊ ㄨ ㄑㄧㄡ ㄒㄩ
華屋山丘,1,ㄏㄨㄚˊ ㄨ ㄕㄢ ㄑㄧㄡ
華氏溫標,1,ㄏㄨㄚˊ ㄕˋ ㄨㄣ ㄅㄧㄠ
華胥之夢,1,ㄏㄨㄚˊ ㄒㄩ ㄓ ㄇㄥˋ
華表鶴歸,1,ㄏㄨㄚˊ ㄅㄧㄠˇ ㄏㄜˋ ㄍㄨㄟ
菲列牛排,1,ㄈㄟ ㄌㄧㄝˋ ㄋㄧㄡˊ ㄆㄞˊ
菲才寡學,1,ㄈㄟˇ ㄘㄞˊ ㄍㄨㄚˇ ㄒㄩㄝˊ
菲洛普環,1,ㄈㄟ ㄌㄨㄛˋ ㄆㄨˇ ㄏㄨㄢˊ
菲衣惡食,1,ㄈㄟˇ ㄧ ㄜˋ ㄕˊ
菲食卑宮,1,ㄈㄟˇ ㄕˊ ㄅㄟ ㄍㄨㄥ
菲食薄衣,1,ㄈㄟˇ ㄕˊ ㄅㄛˊ ㄧ
菴羅樹園,1,ㄢ ㄌㄨㄛˊ ㄕㄨˋ ㄩㄢˊ
菽水之歡,1,ㄕㄨˊ ㄕㄨㄟˇ ㄓ ㄏㄨㄢ
菽水之養,1,ㄕㄨˊ ㄕㄨㄟˇ ㄓ ㄧㄤˇ
菽麥不辨,1,ㄕㄨˊ ㄇㄞˋ ㄅㄨˋ ㄅㄧㄢˋ
萇弘化碧,1,ㄔㄤˊ ㄏㄨㄥˊ ㄏㄨㄚˋ ㄅㄧˋ
萊特兄弟,1,ㄌㄞˊ ㄊㄜˋ ㄒㄩㄥ ㄉㄧˋ
萊綵北堂,1,ㄌㄞˊ ㄘㄞˇ ㄅㄟˇ ㄊㄤˊ
萋斐貝錦,1,ㄑㄧ ㄈㄟˇ ㄅㄟˋ ㄐㄧㄣˇ
萋萋綽綽,1,ㄑㄧ ㄑㄧ ㄔㄨㄛˋ ㄔㄨㄛˋ
萍水相交,1,ㄆㄧㄥˊ ㄕㄨㄟˇ ㄒㄧㄤ ㄐㄧㄠ
萍水相遇,1,ㄆㄧㄥˊ ㄕㄨㄟˇ ㄒㄧㄤ ㄩˋ
萍水相遭,1,ㄆㄧㄥˊ ㄕㄨㄟˇ ㄒㄧㄤ ㄗㄠ
萍蹤不定,1,ㄆㄧㄥˊ ㄗㄨㄥ ㄅㄨˋ ㄉㄧㄥˋ
萍蹤梗跡,1,ㄆㄧㄥˊ ㄗㄨㄥ ㄍㄥˇ ㄐㄧ
萍蹤浪影,1,ㄆㄧㄥˊ ㄗㄨㄥ ㄌㄤˋ ㄧㄥˇ
萍蹤浪跡,1,ㄆㄧㄥˊ ㄗㄨㄥ ㄌㄤˋ ㄐㄧ
萍蹤靡定,1,ㄆㄧㄥˊ ㄗㄨㄥ ㄇㄧˇ ㄉㄧㄥˋ
萍鄉煤礦,1,ㄆㄧㄥˊ ㄒㄧㄤ ㄇㄟˊ ㄎㄨㄤˋ
萍飄蓬轉,1,ㄆㄧㄥˊ ㄆㄧㄠ ㄆㄥˊ ㄓㄨㄢˇ
萎靡不振,1,ㄨㄟ ㄇㄧˇ ㄅㄨˋ ㄓㄣˋ
萑苻不靖,1,ㄏㄨㄢˊ ㄈㄨˊ ㄅㄨˋ ㄐㄧㄥˋ
萬丈竿頭,1,ㄨㄢˋ ㄓㄤˋ ㄍㄢ ㄊㄡˊ
萬不及一,1,ㄨㄢˋ ㄅㄨˋ ㄐㄧˊ ㄧ
萬不可失,1,ㄨㄢˋ ㄅㄨˋ ㄎㄜˇ ㄕ
萬不失一,1,ㄨㄢˋ ㄅㄨˋ ㄕ ㄧ
萬世一時,1,ㄨㄢˋ ㄕˋ ㄧ ㄕˊ
萬事亨通,1,ㄨㄢˋ ㄕˋ ㄏㄥ ㄊㄨㄥ
萬事如意,1,ㄨㄢˋ ㄕˋ ㄖㄨˊ ㄧˋ
萬事皆休,1,ㄨㄢˋ ㄕˋ ㄐㄧㄝ ㄒㄧㄡ
萬人之敵,1,ㄨㄢˋ ㄖㄣˊ ㄓ ㄉㄧˊ
萬代一時,1,ㄨㄢˋ ㄉㄞˋ ㄧ ㄕˊ
萬代千秋,1,ㄨㄢˋ ㄉㄞˋ ㄑㄧㄢ ㄑㄧㄡ
萬別千差,1,ㄨㄢˋ ㄅㄧㄝˊ ㄑㄧㄢ ㄔㄚ
萬剮千刀,1,ㄨㄢˋ ㄍㄨㄚˇ ㄑㄧㄢ ㄉㄠ
萬劫不復,1,ㄨㄢˋ ㄐㄧㄝˊ ㄅㄨˋ ㄈㄨˋ
萬古不滅,1,ㄨㄢˋ ㄍㄨˇ ㄅㄨˋ ㄇㄧㄝˋ
萬古千秋,1,ㄨㄢˋ ㄍㄨˇ ㄑㄧㄢ ㄑㄧㄡ
萬古留芳,1,ㄨㄢˋ ㄍㄨˇ ㄌㄧㄡˊ ㄈㄤ
萬古長春,1,ㄨㄢˋ ㄍㄨˇ ㄔㄤˊ ㄔㄨㄣ
萬國公報,1,ㄨㄢˋ ㄍㄨㄛˊ ㄍㄨㄥ ㄅㄠˋ
萬境歸空,1,ㄨㄢˋ ㄐㄧㄥˋ ㄍㄨㄟ ㄎㄨㄥ
萬壑爭流,1,ㄨㄢˋ ㄏㄨㄛˋ ㄓㄥ ㄌㄧㄡˊ
萬壽千秋,1,ㄨㄢˋ ㄕㄡˋ ㄑㄧㄢ ㄑㄧㄡ
萬夫莫當,1,ㄨㄢˋ ㄈㄨ ㄇㄛˋ ㄉㄤ
萬姓統譜,1,ㄨㄢˋ ㄒㄧㄥˋ ㄊㄨㄥˇ ㄆㄨˇ
萬戶千門,1,ㄨㄢˋ ㄏㄨˋ ㄑㄧㄢ ㄇㄣˊ
萬歲千秋,1,ㄨㄢˋ ㄙㄨㄟˋ ㄑㄧㄢ ㄑㄧㄡ
萬水千山,1,ㄨㄢˋ ㄕㄨㄟˇ ㄑㄧㄢ ㄕㄢ
萬法唯識,1,ㄨㄢˋ ㄈㄚˇ ㄨㄟˊ ㄕˋ
萬無失一,1,ㄨㄢˋ ㄨˊ ㄕ ㄧ
萬目睽睽,1,ㄨㄢˋ ㄇㄨˋ ㄎㄨㄟˊ ㄎㄨㄟˊ
萬箭攢心,1,ㄨㄢˋ ㄐㄧㄢˋ ㄘㄨㄢˊ ㄒㄧㄣ
萬箭穿心,1,ㄨㄢˋ ㄐㄧㄢˋ ㄔㄨㄢ ㄒㄧㄣ
萬籟無聲,1,ㄨㄢˋ ㄌㄞˋ ㄨˊ ㄕㄥ
萬籤插架,1,ㄨㄢˋ ㄑㄧㄢ ㄔㄚ ㄐㄧㄚˋ
萬紅千紫,1,ㄨㄢˋ ㄏㄨㄥˊ ㄑㄧㄢ ㄗˇ
萬緒千端,1,ㄨㄢˋ ㄒㄩˋ ㄑㄧㄢ ㄉㄨㄢ
萬緒千頭,1,ㄨㄢˋ ㄒㄩˋ ㄑㄧㄢ ㄊㄡˊ
萬縷千絲,1,ㄨㄢˋ ㄌㄩˇ ㄑㄧㄢ ㄙ
萬能鑰匙,1,ㄨㄢˋ ㄋㄥˊ ㄧㄠˋ ㄕ˙
萬苦千辛,1,ㄨㄢˋ ㄎㄨˇ ㄑㄧㄢ ㄒㄧㄣ
萬萬千千,1,ㄨㄢˋ ㄨㄢˋ ㄑㄧㄢ ㄑㄧㄢ
萬語千言,1,ㄨㄢˋ ㄩˇ ㄑㄧㄢ ㄧㄢˊ
萬象包羅,1,ㄨㄢˋ ㄒㄧㄤˋ ㄅㄠ ㄌㄨㄛˊ
萬象森羅,1,ㄨㄢˋ ㄒㄧㄤˋ ㄙㄣ ㄌㄨㄛˊ
萬貫家私,1,ㄨㄢˋ ㄍㄨㄢˋ ㄐㄧㄚ ㄙ
萬載千秋,1,ㄨㄢˋ ㄗㄞˇ ㄑㄧㄢ ㄑㄧㄡ
萬里之望,1,ㄨㄢˋ ㄌㄧˇ ㄓ ㄨㄤˋ
萬里同風,1,ㄨㄢˋ ㄌㄧˇ ㄊㄨㄥˊ ㄈㄥ
萬里封侯,1,ㄨㄢˋ ㄌㄧˇ ㄈㄥ ㄏㄡˊ
萬里江山,1,ㄨㄢˋ ㄌㄧˇ ㄐㄧㄤ ㄕㄢ
萬里迢迢,1,ㄨㄢˋ ㄌㄧˇ ㄊㄧㄠˊ ㄊㄧㄠˊ
萬里鵬程,1,ㄨㄢˋ ㄌㄧˇ ㄆㄥˊ ㄔㄥˊ
萬里鵬翼,1,ㄨㄢˋ ㄌㄧˇ ㄆㄥˊ ㄧˋ
萬金不換,1,ㄨㄢˋ ㄐㄧㄣ ㄅㄨˋ ㄏㄨㄢˋ
萬金之軀,1,ㄨㄢˋ ㄐㄧㄣ ㄓ ㄑㄩ
萬頭攢動,1,ㄨㄢˋ ㄊㄡˊ ㄘㄨㄢˊ ㄉㄨㄥˋ
萬馬千軍,1,ㄨㄢˋ ㄇㄚˇ ㄑㄧㄢ ㄐㄩㄣ
萬馬皆瘖,1,ㄨㄢˋ ㄇㄚˇ ㄐㄧㄝ ㄧㄣ
萬馬齊瘖,1,ㄨㄢˋ ㄇㄚˇ ㄑㄧˊ ㄧㄣ
萱堂日永,1,ㄒㄩㄢ ㄊㄤˊ ㄖˋ ㄩㄥˇ
萱花椿樹,1,ㄒㄩㄢ ㄏㄨㄚ ㄔㄨㄣ ㄕㄨˋ
萱萎北堂,1,ㄒㄩㄢ ㄨㄟ ㄅㄟˇ ㄊㄤˊ
落人笑柄,1,ㄌㄨㄛˋ ㄖㄣˊ ㄒㄧㄠˋ ㄅㄧㄥˇ
落地簽證,1,ㄌㄨㄛˋ ㄉㄧˋ ㄑㄧㄢ ㄓㄥˋ
落寞寡歡,1,ㄌㄨㄛˋ ㄇㄛˋ ㄍㄨㄚˇ ㄏㄨㄢ
落帽孟嘉,1,ㄌㄨㄛˋ ㄇㄠˋ ㄇㄥˋ ㄐㄧㄚ
落日條款,1,ㄌㄨㄛˋ ㄖˋ ㄊㄧㄠˊ ㄎㄨㄢˇ
落月屋梁,1,ㄌㄨㄛˋ ㄩㄝˋ ㄨ ㄌㄧㄤˊ
落湯螃蟹,1,ㄌㄨㄛˋ ㄊㄤ ㄆㄤˊ ㄒㄧㄝˋ
落筆點蠅,1,ㄌㄨㄛˋ ㄅㄧˇ ㄉㄧㄢˇ ㄧㄥˊ
落紙如飛,1,ㄌㄨㄛˋ ㄓˇ ㄖㄨˊ ㄈㄟ
落花媒人,1,ㄌㄨㄛˋ ㄏㄨㄚ ㄇㄟˊ ㄖㄣˊ
落草為盜,1,ㄌㄨㄛˋ ㄘㄠˇ ㄨㄟˊ ㄉㄠˋ
落荒而走,1,ㄌㄨㄛˋ ㄏㄨㄤ ㄦˊ ㄗㄡˇ
落落寡合,1,ㄌㄨㄛˋ ㄌㄨㄛˋ ㄍㄨㄚˇ ㄏㄜˊ
落落穆穆,1,ㄌㄨㄛˋ ㄌㄨㄛˋ ㄇㄨˋ ㄇㄨˋ
落落難合,1,ㄌㄨㄛˋ ㄌㄨㄛˋ ㄋㄢˊ ㄏㄜˊ
落葉果樹,1,ㄌㄨㄛˋ ㄧㄝˋ ㄍㄨㄛˇ ㄕㄨˋ
落葉知秋,1,ㄌㄨㄛˋ ㄧㄝˋ ㄓ ㄑㄧㄡ
落蓐之身,1,ㄌㄨㄛˋ ㄖㄨˋ ㄓ ㄕㄣ
落雁沉魚,1,ㄌㄨㄛˋ ㄧㄢˋ ㄔㄣˊ ㄩˊ
落魄不羈,1,ㄌㄨㄛˋ ㄊㄨㄛˋ ㄅㄨˋ ㄐㄧ
葉公好龍,1,ㄕㄜˋ ㄍㄨㄥ ㄏㄠˋ ㄌㄨㄥˊ
葉塊繁殖,1,ㄧㄝˋ ㄎㄨㄞˋ ㄈㄢˊ ㄓˊ
葉斯沛森,1,ㄧㄝˋ ㄙ ㄆㄟˋ ㄙㄣ
葉爾羌河,1,ㄧㄝˋ ㄦˇ ㄑㄧㄤ ㄏㄜˊ
葉狀植物,1,ㄧㄝˋ ㄓㄨㄤˋ ㄓˊ ㄨˋ
葉落歸秋,1,ㄧㄝˋ ㄌㄨㄛˋ ㄍㄨㄟ ㄑㄧㄡ
葉落知秋,1,ㄧㄝˋ ㄌㄨㄛˋ ㄓ ㄑㄧㄡ
葉落糞本,1,ㄧㄝˋ ㄌㄨㄛˋ ㄈㄣˋ ㄅㄣˇ
葉赤鐵路,1,ㄧㄝˋ ㄔˋ ㄊㄧㄝˇ ㄌㄨˋ
葉面對稱,1,ㄧㄝˋ ㄇㄧㄢˋ ㄉㄨㄟˋ ㄔㄥˋ
葉面施肥,1,ㄧㄝˋ ㄇㄧㄢˋ ㄕ ㄈㄟˊ
葑菲之采,1,ㄈㄥ ㄈㄟˇ ㄓ ㄘㄞˇ
著作權法,1,ㄓㄨˋ ㄗㄨㄛˋ ㄑㄩㄢˊ ㄈㄚˇ
著作自由,1,ㄓㄨˋ ㄗㄨㄛˋ ㄗˋ ㄧㄡˊ
著手回春,1,ㄓㄨㄛˊ ㄕㄡˇ ㄏㄨㄟˊ ㄔㄨㄣ
著甚來由,1,ㄓㄨㄛˊ ㄕㄣˊ ㄌㄞˊ ㄧㄡˊ
著生植物,1,ㄓㄨㄛˊ ㄕㄥ ㄓˊ ㄨˋ
著糞佛頭,1,ㄓㄨㄛˊ ㄈㄣˋ ㄈㄛˊ ㄊㄡˊ
著腳書樓,1,ㄓㄨㄛˊ ㄐㄧㄠˇ ㄕㄨ ㄌㄡˊ
著著失敗,1,ㄓㄨㄛˊ ㄓㄨㄛˊ ㄕ ㄅㄞˋ
著著進逼,1,ㄓㄨㄛˊ ㄓㄨㄛˊ ㄐㄧㄣˋ ㄅㄧ
著述等身,1,ㄓㄨˋ ㄕㄨˋ ㄉㄥˇ ㄕㄣ
葛天八闋,1,ㄍㄜˇ ㄊㄧㄢ ㄅㄚ ㄑㄩㄝˋ
葛屨履霜,1,ㄍㄜˊ ㄐㄩˋ ㄌㄩˇ ㄕㄨㄤ
葛巾漉酒,1,ㄍㄜˊ ㄐㄧㄣ ㄌㄨˋ ㄐㄧㄡˇ
葛萊美獎,1,ㄍㄜˊ ㄌㄞˊ ㄇㄟˇ ㄐㄧㄤˇ
葡萄深碧,1,ㄆㄨˊ ㄊㄠˊ ㄕㄣ ㄅㄧˋ
葡萄炸彈,1,ㄆㄨˊ ㄊㄠˊ ㄓㄚˋ ㄉㄢˋ
董氏封髮,1,ㄉㄨㄥˇ ㄕˋ ㄈㄥ ㄈㄚˇ
董生下帷,1,ㄉㄨㄥˇ ㄕㄥ ㄒㄧㄚˋ ㄨㄟˊ
葦戟桃杖,1,ㄨㄟˇ ㄐㄧˇ ㄊㄠˊ ㄓㄤˋ
葦苕繫巢,1,ㄨㄟˇ ㄊㄧㄠˊ ㄒㄧˋ ㄔㄠˊ
葬玉埋香,1,ㄗㄤˋ ㄩˋ ㄇㄞˊ ㄒㄧㄤ
葬身火窟,1,ㄗㄤˋ ㄕㄣ ㄏㄨㄛˇ ㄎㄨ
葭莩之末,1,ㄐㄧㄚ ㄈㄨˊ ㄓ ㄇㄛˋ
葭莩之親,1,ㄐㄧㄚ ㄈㄨˊ ㄓ ㄑㄧㄣ
葷湯臘水,1,ㄏㄨㄣ ㄊㄤ ㄌㄚˋ ㄕㄨㄟˇ
葷素不忌,1,ㄏㄨㄣ ㄙㄨˋ ㄅㄨˋ ㄐㄧˋ
蒙主寵召,1,ㄇㄥˊ ㄓㄨˇ ㄔㄨㄥˇ ㄓㄠˋ
蒙古人種,1,ㄇㄥˊ ㄍㄨˇ ㄖㄣˊ ㄓㄨㄥˇ
蒙古利亞,1,ㄇㄥˊ ㄍㄨˇ ㄌㄧˋ ㄧㄚˋ
蒙古帝國,1,ㄇㄥˊ ㄍㄨˇ ㄉㄧˋ ㄍㄨㄛˊ
蒙古醫士,1,ㄇㄥˊ ㄍㄨˇ ㄧ ㄕˋ
蒙古醫生,1,ㄇㄥˊ ㄍㄨˇ ㄧ ㄕㄥ
蒙哥馬利,1,ㄇㄥˊ ㄍㄜ ㄇㄚˇ ㄌㄧˋ
蒙恬造筆,1,ㄇㄥˊ ㄊㄧㄢˊ ㄗㄠˋ ㄅㄧˇ
蒙籠暗碧,1,ㄇㄥˊ ㄌㄨㄥˊ ㄢˋ ㄅㄧˋ
蒙臺梭利,1,ㄇㄥˊ ㄊㄞˊ ㄙㄨㄛ ㄌㄧˋ
蒙頭衲被,1,ㄇㄥˊ ㄊㄡˊ ㄋㄚˋ ㄅㄟˋ
蒜瓣骨朵,1,ㄙㄨㄢˋ ㄅㄢˋ ㄍㄨ ㄉㄨㄛ˙
蒱睃摸索,1,ㄆㄨˊ ㄐㄩㄣˋ ㄇㄛ ㄙㄨㄛˇ
蒲扇價增,1,ㄆㄨˊ ㄕㄢˋ ㄐㄧㄚˋ ㄗㄥ
蒲柳之姿,1,ㄆㄨˊ ㄌㄧㄡˇ ㄓ ㄗ
蒲牒寫書,1,ㄆㄨˊ ㄉㄧㄝˊ ㄒㄧㄝˇ ㄕㄨ
蒲福風級,1,ㄆㄨˊ ㄈㄨˊ ㄈㄥ ㄐㄧˊ
蒲邑三善,1,ㄆㄨˊ ㄧˋ ㄙㄢ ㄕㄢˋ
蒲鞭不施,1,ㄆㄨˊ ㄅㄧㄢ ㄅㄨˋ ㄕ
蒲鞭不用,1,ㄆㄨˊ ㄅㄧㄢ ㄅㄨˋ ㄩㄥˋ
蒲鞭之政,1,ㄆㄨˊ ㄅㄧㄢ ㄓ ㄓㄥˋ
蒲鞭示辱,1,ㄆㄨˊ ㄅㄧㄢ ㄕˋ ㄖㄨˋ
蒸沙成飯,1,ㄓㄥ ㄕㄚ ㄔㄥˊ ㄈㄢˋ
蒸漚歷瀾,1,ㄓㄥ ㄡˋ ㄌㄧˋ ㄌㄢˊ
蒸藜出妻,1,ㄓㄥ ㄌㄧˊ ㄔㄨ ㄑㄧ
蒸骨驗屍,1,ㄓㄥ ㄍㄨˇ ㄧㄢˋ ㄕ
蒹葭倚玉,1,ㄐㄧㄢ ㄐㄧㄚ ㄧˇ ㄩˋ
蒼吾讓兄,1,ㄘㄤ ㄨˊ ㄖㄤˋ ㄒㄩㄥ
蒼蠅拍子,1,ㄘㄤ ㄧㄥ˙ ㄆㄞ ㄗ˙
蒼蠅見血,1,ㄘㄤ ㄧㄥ˙ ㄐㄧㄢˋ ㄒㄧㄝˇ
蒼黃翻覆,1,ㄘㄤ ㄏㄨㄤˊ ㄈㄢ ㄈㄨˋ
蒿目時艱,1,ㄏㄠ ㄇㄨˋ ㄕˊ ㄐㄧㄢ
蓄精蓄銳,1,ㄒㄩˋ ㄐㄧㄥ ㄒㄩˋ ㄖㄨㄟˋ
蓄銳養威,1,ㄒㄩˋ ㄖㄨㄟˋ ㄧㄤˇ ㄨㄟ
蓋世功勛,1,ㄍㄞˋ ㄕˋ ㄍㄨㄥ ㄒㄩㄣ
蓋世雄才,1,ㄍㄞˋ ㄕˋ ㄒㄩㄥˊ ㄘㄞˊ
蓋棺事定,1,ㄍㄞˋ ㄍㄨㄢ ㄕˋ ㄉㄧㄥˋ
蓍簪不忘,1,ㄕ ㄗㄢ ㄅㄨˋ ㄨㄤˋ
蓑衣丈人,1,ㄙㄨㄛ ㄧ ㄓㄤˋ ㄖㄣˊ
蓬屋生輝,1,ㄆㄥˊ ㄨ ㄕㄥ ㄏㄨㄟ
蓬戶甕牖,1,ㄆㄥˊ ㄏㄨˋ ㄨㄥˋ ㄧㄡˇ
蓬瀛仙境,1,ㄆㄥˊ ㄧㄥˊ ㄒㄧㄢ ㄐㄧㄥˋ
蓬萊弱水,1,ㄆㄥˊ ㄌㄞˊ ㄖㄨㄛˋ ㄕㄨㄟˇ
蓬蒿滿徑,1,ㄆㄥˊ ㄏㄠ ㄇㄢˇ ㄐㄧㄥˋ
蓬蓬孛孛,1,ㄆㄥˊ ㄆㄥˊ ㄅㄛˊ ㄅㄛˊ
蓬蓽增輝,1,ㄆㄥˊ ㄅㄧˋ ㄗㄥ ㄏㄨㄟ
蓬蓽有輝,1,ㄆㄥˊ ㄅㄧˋ ㄧㄡˇ ㄏㄨㄟ
蓬蓽生光,1,ㄆㄥˊ ㄅㄧˋ ㄕㄥ ㄍㄨㄤ
蓬門荊布,1,ㄆㄥˊ ㄇㄣˊ ㄐㄧㄥ ㄅㄨˋ
蓬門蓽戶,1,ㄆㄥˊ ㄇㄣˊ ㄅㄧˋ ㄏㄨˋ
蓬閭生輝,1,ㄆㄥˊ ㄌㄩˊ ㄕㄥ ㄏㄨㄟ
蓬首垢面,1,ㄆㄥˊ ㄕㄡˇ ㄍㄡˋ ㄇㄧㄢˋ
蓮開並蒂,1,ㄌㄧㄢˊ ㄎㄞ ㄅㄧㄥˋ ㄉㄧˋ
蓴羹鱸膾,1,ㄔㄨㄣˊ ㄍㄥ ㄌㄨˊ ㄎㄨㄞˋ
蓼菜成行,1,ㄌㄧㄠˇ ㄘㄞˋ ㄔㄥˊ ㄏㄤˊ
蓽門圭竇,1,ㄅㄧˋ ㄇㄣˊ ㄍㄨㄟ ㄉㄡˋ
蓽門蓬戶,1,ㄅㄧˋ ㄇㄣˊ ㄆㄥˊ ㄏㄨˋ
蓽露藍蔞,1,ㄅㄧˋ ㄌㄨˋ ㄌㄢˊ ㄌㄩˇ
蔓徑荒草,1,ㄇㄢˋ ㄐㄧㄥˋ ㄏㄨㄤ ㄘㄠˇ
蔡澤看相,1,ㄘㄞˋ ㄗㄜˊ ㄎㄢˋ ㄒㄧㄤˋ
蔡邕倒屣,1,ㄘㄞˋ ㄩㄥ ㄉㄠˋ ㄒㄧˇ
蔡順分椹,1,ㄘㄞˋ ㄕㄨㄣˋ ㄈㄣ ㄕㄣˋ
蔣舍三徑,1,ㄐㄧㄤˇ ㄕㄜˋ ㄙㄢ ㄐㄧㄥˋ
蔥蔥郁郁,1,ㄘㄨㄥ ㄘㄨㄥ ㄩˋ ㄩˋ
蔭子封妻,1,ㄧㄣˋ ㄗˇ ㄈㄥ ㄑㄧ
蔽月羞花,1,ㄅㄧˋ ㄩㄝˋ ㄒㄧㄡ ㄏㄨㄚ
蔽聰塞明,1,ㄅㄧˋ ㄘㄨㄥ ㄙㄜˋ ㄇㄧㄥˊ
蔽賢寵頑,1,ㄅㄧˋ ㄒㄧㄢˊ ㄔㄨㄥˇ ㄨㄢˊ
蕃籬之鷃,1,ㄈㄢˊ ㄌㄧˊ ㄓ ㄧㄢˋ
蕃衍不絕,1,ㄈㄢˊ ㄧㄢˇ ㄅㄨˋ ㄐㄩㄝˊ
蕙心紈質,1,ㄏㄨㄟˋ ㄒㄧㄣ ㄨㄢˊ ㄓˊ
蕙心蘭質,1,ㄏㄨㄟˋ ㄒㄧㄣ ㄌㄢˊ ㄓˊ
蕙風詞話,1,ㄏㄨㄟˋ ㄈㄥ ㄘˊ ㄏㄨㄚˋ
蕤賓佳節,1,ㄖㄨㄟˊ ㄅㄧㄣ ㄐㄧㄚ ㄐㄧㄝˊ
蕨類植物,1,ㄐㄩㄝˊ ㄌㄟˋ ㄓˊ ㄨˋ
蕩垢滌汙,1,ㄉㄤˋ ㄍㄡˋ ㄉㄧˊ ㄨ
蕩析離居,1,ㄉㄤˋ ㄒㄧ ㄌㄧˊ ㄐㄩ
蕩檢踰閑,1,ㄉㄤˋ ㄐㄧㄢˇ ㄩˊ ㄒㄧㄢˊ
蕩氣回腸,1,ㄉㄤˋ ㄑㄧˋ ㄏㄨㄟˊ ㄔㄤˊ
蕩瑕滌穢,1,ㄉㄤˋ ㄒㄧㄚˊ ㄉㄧˊ ㄏㄨㄟˋ
蕩產傾家,1,ㄉㄤˋ ㄔㄢˇ ㄑㄧㄥ ㄐㄧㄚ
蕩蕩悠悠,1,ㄉㄤˋ ㄉㄤ˙ ㄧㄡ ㄧㄡ
蕭牆之禍,1,ㄒㄧㄠ ㄑㄧㄤˊ ㄓ ㄏㄨㄛˋ
蕭牆禍起,1,ㄒㄧㄠ ㄑㄧㄤˊ ㄏㄨㄛˋ ㄑㄧˇ
蕭行范篆,1,ㄒㄧㄠ ㄒㄧㄥˊ ㄈㄢˋ ㄓㄨㄢˋ
薄壁組織,1,ㄅㄛˊ ㄅㄧˋ ㄗㄨˇ ㄓ
薄情無義,1,ㄅㄛˊ ㄑㄧㄥˊ ㄨˊ ㄧˋ
薄批細切,1,ㄅㄛˊ ㄆㄧ ㄒㄧˋ ㄑㄧㄝ
薄片子嘴,1,ㄅㄛˊ ㄆㄧㄢˋ ㄗ˙ ㄗㄨㄟˇ
薄田朽屋,1,ㄅㄛˊ ㄊㄧㄢˊ ㄒㄧㄡˇ ㄨ
薄祚寒門,1,ㄅㄛˊ ㄗㄨㄛˋ ㄏㄢˊ ㄇㄣˊ
薄翅黃蝶,1,ㄅㄛˊ ㄔˋ ㄏㄨㄤˊ ㄉㄧㄝˊ
薄脣輕言,1,ㄅㄛˊ ㄔㄨㄣˊ ㄑㄧㄥ ㄧㄢˊ
薄薄怯怯,1,ㄅㄛˊ ㄅㄛˊ ㄑㄩㄝˋ ㄑㄩㄝˋ
薄面含嗔,1,ㄅㄛˊ ㄇㄧㄢˋ ㄏㄢˊ ㄔㄣ
薊訓歷家,1,ㄐㄧˋ ㄒㄩㄣˋ ㄌㄧˋ ㄐㄧㄚ
薏苡之謗,1,ㄧˋ ㄧˇ ㄓ ㄅㄤˋ
薏苡明珠,1,ㄧˋ ㄧˇ ㄇㄧㄥˊ ㄓㄨ
薑桂老辣,1,ㄐㄧㄤ ㄍㄨㄟˋ ㄌㄠˇ ㄌㄚˋ
薔薇戰爭,1,ㄑㄧㄤˊ ㄨㄟˊ ㄓㄢˋ ㄓㄥ
薦賢任能,1,ㄐㄧㄢˋ ㄒㄧㄢˊ ㄖㄣˋ ㄋㄥˊ
薦賢舉能,1,ㄐㄧㄢˋ ㄒㄧㄢˊ ㄐㄩˇ ㄋㄥˊ
薩摩斯島,1,ㄙㄚˋ ㄇㄛˊ ㄙ ㄉㄠˇ
薩爾溫江,1,ㄙㄚˋ ㄦˇ ㄨㄣ ㄐㄧㄤ
薩福主義,1,ㄙㄚˋ ㄈㄨˊ ㄓㄨˇ ㄧˋ
薪儲之費,1,ㄒㄧㄣ ㄔㄨˊ ㄓ ㄈㄟˋ
薪桂米珠,1,ㄒㄧㄣ ㄍㄨㄟˋ ㄇㄧˇ ㄓㄨ
薪盡火傳,1,ㄒㄧㄣ ㄐㄧㄣˋ ㄏㄨㄛˇ ㄔㄨㄢˊ
薰穴求君,1,ㄒㄩㄣ ㄒㄩㄝˋ ㄑㄧㄡˊ ㄐㄩㄣ
薰蕕同器,1,ㄒㄩㄣ ㄧㄡˊ ㄊㄨㄥˊ ㄑㄧˋ
薰蕕異器,1,ㄒㄩㄣ ㄧㄡˊ ㄧˋ ㄑㄧˋ
藉箸代籌,1,ㄐㄧㄝˋ ㄓㄨˋ ㄉㄞˋ ㄔㄡˊ
藉草枕塊,1,ㄐㄧㄝˋ ㄘㄠˇ ㄓㄣˇ ㄎㄨㄞˋ
藍十字會,1,ㄌㄢˊ ㄕˊ ㄗˋ ㄏㄨㄟˋ
藍尼羅河,1,ㄌㄢˊ ㄋㄧˊ ㄌㄨㄛˊ ㄏㄜˊ
藍德公司,1,ㄌㄢˊ ㄉㄜˊ ㄍㄨㄥ ㄙ
藍波主義,1,ㄌㄢˊ ㄅㄛ ㄓㄨˇ ㄧˋ
藍田出玉,1,ㄌㄢˊ ㄊㄧㄢˊ ㄔㄨ ㄩˋ
藍田猿人,1,ㄌㄢˊ ㄊㄧㄢˊ ㄩㄢˊ ㄖㄣˊ
藍田生玉,1,ㄌㄢˊ ㄊㄧㄢˊ ㄕㄥ ㄩˋ
藍田遺址,1,ㄌㄢˊ ㄊㄧㄢˊ ㄧˊ ㄓˇ
藍青官話,1,ㄌㄢˊ ㄑㄧㄥ ㄍㄨㄢ ㄏㄨㄚˋ
藍領階級,1,ㄌㄢˊ ㄌㄧㄥˇ ㄐㄧㄝ ㄐㄧˊ
藏之名山,1,ㄘㄤˊ ㄓ ㄇㄧㄥˊ ㄕㄢ
藏南縱谷,1,ㄗㄤˋ ㄋㄢˊ ㄗㄨㄥ ㄍㄨˇ
藏器待時,1,ㄘㄤˊ ㄑㄧˋ ㄉㄞˋ ㄕˊ
藏垢懷恥,1,ㄘㄤˊ ㄍㄡˋ ㄏㄨㄞˊ ㄔˇ
藏垢納汙,1,ㄘㄤˊ ㄍㄡˋ ㄋㄚˋ ㄨ
藏形匿影,1,ㄘㄤˊ ㄒㄧㄥˊ ㄋㄧˋ ㄧㄥˇ
藏汙納垢,1,ㄘㄤˊ ㄨ ㄋㄚˋ ㄍㄡˋ
藏舟難固,1,ㄘㄤˊ ㄓㄡ ㄋㄢˊ ㄍㄨˋ
藏鋒斂鍔,1,ㄘㄤˊ ㄈㄥ ㄌㄧㄢˋ ㄜˋ
藏頭亢腦,1,ㄘㄤˊ ㄊㄡˊ ㄎㄤˋ ㄋㄠˇ
藏頭漏影,1,ㄘㄤˊ ㄊㄡˊ ㄌㄡˋ ㄧㄥˇ
藏風聚氣,1,ㄘㄤˊ ㄈㄥ ㄐㄩˋ ㄑㄧˋ
藏龍臥虎,1,ㄘㄤˊ ㄌㄨㄥˊ ㄨㄛˋ ㄏㄨˇ
藐不可測,1,ㄇㄧㄠˇ ㄅㄨˋ ㄎㄜˇ ㄘㄜˋ
藜藿不採,1,ㄌㄧˊ ㄏㄨㄛˋ ㄅㄨˋ ㄘㄞˇ
藝壓當行,1,ㄧˋ ㄧㄚ ㄉㄤ ㄏㄤˊ
藝文活動,1,ㄧˋ ㄨㄣˊ ㄏㄨㄛˊ ㄉㄨㄥˋ
藝文類聚,1,ㄧˋ ㄨㄣˊ ㄌㄟˋ ㄐㄩˋ
藝術指導,1,ㄧˋ ㄕㄨˋ ㄓˇ ㄉㄠˇ
藝術歌曲,1,ㄧˋ ㄕㄨˋ ㄍㄜ ㄑㄩˇ
藤攀葛繞,1,ㄊㄥˊ ㄆㄢ ㄍㄜˊ ㄖㄠˋ
藤本植物,1,ㄊㄥˊ ㄅㄣˇ ㄓˊ ㄨˋ
藤球運動,1,ㄊㄥˊ ㄑㄧㄡˊ ㄩㄣˋ ㄉㄨㄥˋ
藥到回春,1,ㄧㄠˋ ㄉㄠˋ ㄏㄨㄟˊ ㄔㄨㄣ
藥物中毒,1,ㄧㄠˋ ㄨˋ ㄓㄨㄥˋ ㄉㄨˊ
藥物成癮,1,ㄧㄠˋ ㄨˋ ㄔㄥˊ ㄧㄣˇ
藥物治療,1,ㄧㄠˋ ㄨˋ ㄓˋ ㄌㄧㄠˊ
藥用植物,1,ㄧㄠˋ ㄩㄥˋ ㄓˊ ㄨˋ
藥發傀儡,1,ㄧㄠˋ ㄈㄚ ㄎㄨㄟˇ ㄌㄟˇ
藥石之言,1,ㄧㄠˋ ㄕˊ ㄓ ㄧㄢˊ
藥籠中物,1,ㄧㄠˋ ㄌㄨㄥˊ ㄓㄨㄥ ㄨˋ
藥裹關心,1,ㄧㄠˋ ㄍㄨㄛˇ ㄍㄨㄢ ㄒㄧㄣ
藥食同源,1,ㄧㄠˋ ㄕˊ ㄊㄨㄥˊ ㄩㄢˊ
藩鎮之亂,1,ㄈㄢˊ ㄓㄣˋ ㄓ ㄌㄨㄢˋ
藹然可親,1,ㄞˇ ㄖㄢˊ ㄎㄜˇ ㄑㄧㄣ
藻菌植物,1,ㄗㄠˇ ㄐㄩㄣˋ ㄓˊ ㄨˋ
蘆洲蟹舍,1,ㄌㄨˊ ㄓㄡ ㄒㄧㄝˋ ㄕㄜˋ
蘇州彈詞,1,ㄙㄨ ㄓㄡ ㄊㄢˊ ㄘˊ
蘇州評彈,1,ㄙㄨ ㄓㄡ ㄆㄧㄥˊ ㄊㄢˊ
蘇打餅乾,1,ㄙㄨ ㄉㄚˇ ㄅㄧㄥˇ ㄍㄢ
蘇武牧羊,1,ㄙㄨ ㄨˇ ㄇㄨˋ ㄧㄤˊ
蘇海韓潮,1,ㄙㄨ ㄏㄞˇ ㄏㄢˊ ㄔㄠˊ
蘇秦刺股,1,ㄙㄨ ㄑㄧㄣˊ ㄘˋ ㄍㄨˇ
蘇門答臘,1,ㄙㄨ ㄇㄣˊ ㄉㄚˊ ㄌㄚˋ
蘇門長嘯,1,ㄙㄨ ㄇㄣˊ ㄔㄤˊ ㄒㄧㄠˋ
蘊奇待價,1,ㄩㄣˋ ㄑㄧˊ ㄉㄞˋ ㄐㄧㄚˋ
蘊藉含蓄,1,ㄩㄣˋ ㄐㄧㄝˋ ㄏㄢˊ ㄒㄩˋ
蘧瑗知非,1,ㄑㄩˊ ㄩㄢˋ ㄓ ㄈㄟ
蘭因絮果,1,ㄌㄢˊ ㄧㄣ ㄒㄩˋ ㄍㄨㄛˇ
蘭心蕙性,1,ㄌㄢˊ ㄒㄧㄣ ㄏㄨㄟˋ ㄒㄧㄥˋ
蘭摧玉折,1,ㄌㄢˊ ㄘㄨㄟ ㄩˋ ㄓㄜˊ
蘭摧蕙折,1,ㄌㄢˊ ㄘㄨㄟ ㄏㄨㄟˋ ㄓㄜˊ
蘭根白芷,1,ㄌㄢˊ ㄍㄣ ㄅㄞˊ ㄓˇ
蘭桂騰芳,1,ㄌㄢˊ ㄍㄨㄟˋ ㄊㄥˊ ㄈㄤ
蘭桂齊芳,1,ㄌㄢˊ ㄍㄨㄟˋ ㄑㄧˊ ㄈㄤ
蘭氏小島,1,ㄌㄢˊ ㄕˋ ㄒㄧㄠˇ ㄉㄠˇ
蘭玉蕭條,1,ㄌㄢˊ ㄩˋ ㄒㄧㄠ ㄊㄧㄠˊ
蘭臺令史,1,ㄌㄢˊ ㄊㄞˊ ㄌㄧㄥˋ ㄕˇ
蘭臺公子,1,ㄌㄢˊ ㄊㄞˊ ㄍㄨㄥ ㄗˇ
蘭臺石室,1,ㄌㄢˊ ㄊㄞˊ ㄕˊ ㄕˋ
蘭艾俱焚,1,ㄌㄢˊ ㄞˋ ㄐㄩˋ ㄈㄣˊ
蘭艾同焚,1,ㄌㄢˊ ㄞˋ ㄊㄨㄥˊ ㄈㄣˊ
蘭艾同燼,1,ㄌㄢˊ ㄞˋ ㄊㄨㄥˊ ㄐㄧㄣˋ
蘭芷之室,1,ㄌㄢˊ ㄓˇ ㄓ ㄕˋ
蘭芷漸滫,1,ㄌㄢˊ ㄓˇ ㄐㄧㄢ ㄒㄧㄡˇ
蘭芷蕭艾,1,ㄌㄢˊ ㄓˇ ㄒㄧㄠ ㄞˋ
蘭薰桂馥,1,ㄌㄢˊ ㄒㄩㄣ ㄍㄨㄟˋ ㄈㄨˋ
蘭陽平原,1,ㄌㄢˊ ㄧㄤˊ ㄆㄧㄥˊ ㄩㄢˊ
蘭麝之香,1,ㄌㄢˊ ㄕㄜˋ ㄓ ㄒㄧㄤ
虎克定律,1,ㄏㄨˇ ㄎㄜˋ ㄉㄧㄥˋ ㄌㄩˋ
虎兕出柙,1,ㄏㄨˇ ㄙˋ ㄔㄨ ㄒㄧㄚˊ
虎口逃生,1,ㄏㄨˇ ㄎㄡˇ ㄊㄠˊ ㄕㄥ
虎咽狼吞,1,ㄏㄨˇ ㄧㄢˋ ㄌㄤˊ ㄊㄨㄣ
虎嘯風生,1,ㄏㄨˇ ㄒㄧㄠˋ ㄈㄥ ㄕㄥ
虎嘯鷹揚,1,ㄏㄨˇ ㄒㄧㄠˋ ㄧㄥ ㄧㄤˊ
虎嘯龍吟,1,ㄏㄨˇ ㄒㄧㄠˋ ㄌㄨㄥˊ ㄧㄣˊ
虎威狐假,1,ㄏㄨˇ ㄨㄟ ㄏㄨˊ ㄐㄧㄚˇ
虎尾春冰,1,ㄏㄨˇ ㄨㄟˇ ㄔㄨㄣ ㄅㄧㄥ
虎擲龍拿,1,ㄏㄨˇ ㄓˊ ㄌㄨㄥˊ ㄋㄚˊ
虎步龍行,1,ㄏㄨˇ ㄅㄨˋ ㄌㄨㄥˊ ㄒㄧㄥˊ
虎狼之口,1,ㄏㄨˇ ㄌㄤˊ ㄓ ㄎㄡˇ
虎狼之國,1,ㄏㄨˇ ㄌㄤˊ ㄓ ㄍㄨㄛˊ
虎狼之師,1,ㄏㄨˇ ㄌㄤˊ ㄓ ㄕ
虎狼之心,1,ㄏㄨˇ ㄌㄤˊ ㄓ ㄒㄧㄣ
虎略龍韜,1,ㄏㄨˇ ㄌㄩㄝˋ ㄌㄨㄥˊ ㄊㄠ
虎皮羊質,1,ㄏㄨˇ ㄆㄧˊ ㄧㄤˊ ㄓˊ
虎穴龍潭,1,ㄏㄨˇ ㄒㄩㄝˋ ㄌㄨㄥˊ ㄊㄢˊ
虎窟龍潭,1,ㄏㄨˇ ㄎㄨ ㄌㄨㄥˊ ㄊㄢˊ
虎符金牌,1,ㄏㄨˇ ㄈㄨˊ ㄐㄧㄣ ㄆㄞˊ
虎落平原,1,ㄏㄨˇ ㄌㄨㄛˋ ㄆㄧㄥˊ ㄩㄢˊ
虎蕩羊群,1,ㄏㄨˇ ㄉㄤˋ ㄧㄤˊ ㄑㄩㄣˊ
虎視鷹瞵,1,ㄏㄨˇ ㄕˋ ㄧㄥ ㄌㄧㄣˊ
虎豹之文,1,ㄏㄨˇ ㄅㄠˋ ㄓ ㄨㄣˊ
虎豹豺狼,1,ㄏㄨˇ ㄅㄠˋ ㄔㄞˊ ㄌㄤˊ
虎踞鯨吞,1,ㄏㄨˇ ㄐㄩˋ ㄐㄧㄥ ㄊㄨㄣ
虎踞龍盤,1,ㄏㄨˇ ㄐㄩˋ ㄌㄨㄥˊ ㄆㄢˊ
虎踞龍蟠,1,ㄏㄨˇ ㄐㄩˋ ㄌㄨㄥˊ ㄆㄢˊ
虎門條約,1,ㄏㄨˇ ㄇㄣˊ ㄊㄧㄠˊ ㄩㄝ
虎項金鈴,1,ㄏㄨˇ ㄒㄧㄤˋ ㄐㄧㄣ ㄌㄧㄥˊ
虎頭燕頷,1,ㄏㄨˇ ㄊㄡˊ ㄧㄢˋ ㄏㄢˋ
虎頭食肉,1,ㄏㄨˇ ㄊㄡˊ ㄕˊ ㄖㄡˋ
虎頭鼠尾,1,ㄏㄨˇ ㄊㄡˊ ㄕㄨˇ ㄨㄟˇ
虎體元斑,1,ㄏㄨˇ ㄊㄧˇ ㄩㄢˊ ㄅㄢ
虎體熊腰,1,ㄏㄨˇ ㄊㄧˇ ㄒㄩㄥˊ ㄧㄠ
虎體狼腰,1,ㄏㄨˇ ㄊㄧˇ ㄌㄤˊ ㄧㄠ
虎體猿臂,1,ㄏㄨˇ ㄊㄧˇ ㄩㄢˊ ㄅㄧˋ
虎體鵷班,1,ㄏㄨˇ ㄊㄧˇ ㄩㄢ ㄅㄢ
虎鬥龍爭,1,ㄏㄨˇ ㄉㄡˋ ㄌㄨㄥˊ ㄓㄥ
處世待人,1,ㄔㄨˇ ㄕˋ ㄉㄞˋ ㄖㄣˊ
處境尷尬,1,ㄔㄨˇ ㄐㄧㄥˋ ㄍㄢ ㄍㄚˋ
處女表演,1,ㄔㄨˇ ㄋㄩˇ ㄅㄧㄠˇ ㄧㄢˇ
處安思危,1,ㄔㄨˇ ㄢ ㄙ ㄨㄟˊ
處宗談雞,1,ㄔㄨˇ ㄗㄨㄥ ㄊㄢˊ ㄐㄧ
處處碰壁,1,ㄔㄨˋ ㄔㄨˋ ㄆㄥˋ ㄅㄧˋ
虛嘴掠舌,1,ㄒㄩ ㄗㄨㄟˇ ㄌㄩㄝˋ ㄕㄜˊ
虛堂懸鏡,1,ㄒㄩ ㄊㄤˊ ㄒㄩㄢˊ ㄐㄧㄥˋ
虛多實少,1,ㄒㄩ ㄉㄨㄛ ㄕˊ ㄕㄠˇ
虛室生白,1,ㄒㄩ ㄕˋ ㄕㄥ ㄅㄞˊ
虛己受人,1,ㄒㄩ ㄐㄧˇ ㄕㄡˋ ㄖㄣˊ
虛引猿泣,1,ㄒㄩ ㄧㄣˇ ㄩㄢˊ ㄑㄧˋ
虛往實歸,1,ㄒㄩ ㄨㄤˇ ㄕˊ ㄍㄨㄟ
虛心下氣,1,ㄒㄩ ㄒㄧㄣ ㄒㄧㄚˋ ㄑㄧˋ
虛心冷氣,1,ㄒㄩ ㄒㄧㄣ ㄌㄥˇ ㄑㄧˋ
虛恭實怨,1,ㄒㄩ ㄍㄨㄥ ㄕˊ ㄩㄢˋ
虛擬主機,1,ㄒㄩ ㄋㄧˇ ㄓㄨˇ ㄐㄧ
虛擬樣品,1,ㄒㄩ ㄋㄧˇ ㄧㄤˋ ㄆㄧㄣˇ
虛擬空間,1,ㄒㄩ ㄋㄧˇ ㄎㄨㄥ ㄐㄧㄢ
虛擬診所,1,ㄒㄩ ㄋㄧˇ ㄓㄣˇ ㄙㄨㄛˇ
虛生浪死,1,ㄒㄩ ㄕㄥ ㄌㄤˋ ㄙˇ
虛聲恫嚇,1,ㄒㄩ ㄕㄥ ㄉㄨㄥˋ ㄏㄜˋ
虛舟飄瓦,1,ㄒㄩ ㄓㄡ ㄆㄧㄠ ㄨㄚˇ
虛談廢務,1,ㄒㄩ ㄊㄢˊ ㄈㄟˋ ㄨˋ
虛談高論,1,ㄒㄩ ㄊㄢˊ ㄍㄠ ㄌㄨㄣˋ
虛論高議,1,ㄒㄩ ㄌㄨㄣˋ ㄍㄠ ㄧˋ
虛錢實契,1,ㄒㄩ ㄑㄧㄢˊ ㄕˊ ㄑㄧˋ
虞歌決別,1,ㄩˊ ㄍㄜ ㄐㄩㄝˊ ㄅㄧㄝˊ
虞犯少年,1,ㄩˊ ㄈㄢˋ ㄕㄠˋ ㄋㄧㄢˊ
虞芮之訟,1,ㄩˊ ㄖㄨㄟˋ ㄓ ㄙㄨㄥˋ
號令森嚴,1,ㄏㄠˋ ㄌㄧㄥˋ ㄙㄣ ㄧㄢˊ
號咷痛哭,1,ㄏㄠˊ ㄊㄠˊ ㄊㄨㄥˋ ㄎㄨ
號啕痛哭,1,ㄏㄠˊ ㄊㄠˊ ㄊㄨㄥˋ ㄎㄨ
號天叩地,1,ㄏㄠˊ ㄊㄧㄢ ㄎㄡˋ ㄉㄧˋ
號天哭地,1,ㄏㄠˊ ㄊㄧㄢ ㄎㄨ ㄉㄧˋ
號天大哭,1,ㄏㄠˊ ㄊㄧㄢ ㄉㄚˋ ㄎㄨ
號天扣地,1,ㄏㄠˊ ㄊㄧㄢ ㄎㄡˋ ㄉㄧˋ
號天拍地,1,ㄏㄠˊ ㄊㄧㄢ ㄆㄞ ㄉㄧˋ
號天號地,1,ㄏㄠˊ ㄊㄧㄢ ㄏㄠˊ ㄉㄧˋ
號寒啼飢,1,ㄏㄠˊ ㄏㄢˊ ㄊㄧˊ ㄐㄧ
虢滅虞亡,1,ㄍㄨㄛˊ ㄇㄧㄝˋ ㄩˊ ㄨㄤˊ
虧心短行,1,ㄎㄨㄟ ㄒㄧㄣ ㄉㄨㄢˇ ㄒㄧㄥˋ
虯鏤亮槅,1,ㄑㄧㄡˊ ㄌㄡˋ ㄌㄧㄤˋ ㄍㄜˊ
虯髯客傳,1,ㄑㄧㄡˊ ㄖㄢˊ ㄎㄜˋ ㄓㄨㄢˋ
虹吸作用,1,ㄏㄨㄥˊ ㄒㄧ ㄗㄨㄛˋ ㄩㄥˋ
虺蛇入夢,1,ㄏㄨㄟˇ ㄕㄜˊ ㄖㄨˋ ㄇㄥˋ
蚊力負山,1,ㄨㄣˊ ㄌㄧˋ ㄈㄨˋ ㄕㄢ
蚊動牛鬥,1,ㄨㄣˊ ㄉㄨㄥˋ ㄋㄧㄡˊ ㄉㄡˋ
蚊睫之蟲,1,ㄨㄣˊ ㄐㄧㄝˊ ㄓ ㄔㄨㄥˊ
蚊虻之勞,1,ㄨㄣˊ ㄇㄥˊ ㄓ ㄌㄠˊ
蚍蜉撼樹,1,ㄆㄧˊ ㄈㄨˊ ㄏㄢˋ ㄕㄨˋ
蚩蚩蠢蠢,1,ㄔ ㄔ ㄔㄨㄣˇ ㄔㄨㄣˇ
蚵仔麵線,1,ㄜˊ ㄗˇ ㄇㄧㄢˋ ㄒㄧㄢˋ
蛇心佛口,1,ㄕㄜˊ ㄒㄧㄣ ㄈㄛˊ ㄎㄡˇ
蛇蠍心腸,1,ㄕㄜˊ ㄒㄧㄝ ㄒㄧㄣ ㄔㄤˊ
蛇頭鼠眼,1,ㄕㄜˊ ㄊㄡˊ ㄕㄨˇ ㄧㄢˇ
蛋中挑刺,1,ㄉㄢˋ ㄓㄨㄥ ㄊㄧㄠ ㄘˋ
蛙鼓蟲吟,1,ㄨㄚ ㄍㄨˇ ㄔㄨㄥˊ ㄧㄣˊ
蛛網塵封,1,ㄓㄨ ㄨㄤˇ ㄔㄣˊ ㄈㄥ
蛤蟆吵坑,1,ㄏㄚˊ ㄇㄚ˙ ㄔㄠˇ ㄎㄥ
蛾眉皓齒,1,ㄜˊ ㄇㄟˊ ㄏㄠˋ ㄔˇ
蛾眉螓首,1,ㄜˊ ㄇㄟˊ ㄑㄧㄣˊ ㄕㄡˇ
蜂午並起,1,ㄈㄥ ㄨˇ ㄅㄧㄥˋ ㄑㄧˇ
蜂屯蟻聚,1,ㄈㄥ ㄊㄨㄣˊ ㄧˇ ㄐㄩˋ
蜂擁而至,1,ㄈㄥ ㄩㄥˇ ㄦˊ ㄓˋ
蜂湧而出,1,ㄈㄥ ㄩㄥˇ ㄦˊ ㄔㄨ
蜂目豺聲,1,ㄈㄥ ㄇㄨˋ ㄔㄞˊ ㄕㄥ
蜂腰削背,1,ㄈㄥ ㄧㄠ ㄒㄩㄝˋ ㄅㄟˋ
蜂蠆有毒,1,ㄈㄥ ㄔㄞˋ ㄧㄡˇ ㄉㄨˊ
蜃樓海市,1,ㄕㄣˋ ㄌㄡˊ ㄏㄞˇ ㄕˋ
蜈蚣珊瑚,1,ㄨˊ ㄍㄨㄥ ㄕㄢ ㄏㄨˊ
蜉蝣在世,1,ㄈㄨˊ ㄧㄡˊ ㄗㄞˋ ㄕˋ
蜘蛛抱蛋,1,ㄓ ㄓㄨ ㄅㄠˋ ㄉㄢˋ
蜚英騰茂,1,ㄈㄟ ㄧㄥ ㄊㄥˊ ㄇㄠˋ
蜜月橋牌,1,ㄇㄧˋ ㄩㄝˋ ㄑㄧㄠˊ ㄆㄞˊ
蜜裡調油,1,ㄇㄧˋ ㄌㄧ˙ ㄊㄧㄠˊ ㄧㄡˊ
蜜餞砒霜,1,ㄇㄧˋ ㄐㄧㄢˋ ㄆㄧ ㄕㄨㄤ
蝍蛆鉗帶,1,ㄐㄧˊ ㄐㄩ ㄑㄧㄢˊ ㄉㄞˋ
蝎蝎螫螫,1,ㄏㄜˊ ㄏㄜˊ ㄓㄜ ㄓㄜ
蝗蟲過境,1,ㄏㄨㄤˊ ㄔㄨㄥˊ ㄍㄨㄛˋ ㄐㄧㄥˋ
蝦兵蟹將,1,ㄒㄧㄚ ㄅㄧㄥ ㄒㄧㄝˋ ㄐㄧㄤˋ
蝦荒蟹亂,1,ㄒㄧㄚ ㄏㄨㄤ ㄒㄧㄝˋ ㄌㄨㄢˋ
蝨脛蟣肝,1,ㄕ ㄐㄧㄥˋ ㄐㄧˇ ㄍㄢ
蝨處褌中,1,ㄕ ㄔㄨˇ ㄎㄨㄣ ㄓㄨㄥ
蝴蝶夫人,1,ㄏㄨˊ ㄉㄧㄝˊ ㄈㄨ ㄖㄣˊ
蝴蝶穿花,1,ㄏㄨˊ ㄉㄧㄝˊ ㄔㄨㄢ ㄏㄨㄚ
蝶粉蜂黃,1,ㄉㄧㄝˊ ㄈㄣˇ ㄈㄥ ㄏㄨㄤˊ
蝸利蠅名,1,ㄍㄨㄚ ㄌㄧˋ ㄧㄥˊ ㄇㄧㄥˊ
蝸名蠅利,1,ㄍㄨㄚ ㄇㄧㄥˊ ㄧㄥˊ ㄌㄧˋ
蝸居蟻垤,1,ㄍㄨㄚ ㄐㄩ ㄧˇ ㄉㄧㄝˊ
蝸步難移,1,ㄍㄨㄚ ㄅㄨˋ ㄋㄢˊ ㄧˊ
蝸步龜移,1,ㄍㄨㄚ ㄅㄨˋ ㄍㄨㄟ ㄧˊ
蝸角之爭,1,ㄍㄨㄚ ㄐㄧㄠˇ ㄓ ㄓㄥ
蝸角虛名,1,ㄍㄨㄚ ㄐㄧㄠˇ ㄒㄩ ㄇㄧㄥˊ
蝸角蠅頭,1,ㄍㄨㄚ ㄐㄧㄠˇ ㄧㄥˊ ㄊㄡˊ
螃蟹過河,1,ㄆㄤˊ ㄒㄧㄝˋ ㄍㄨㄛˋ ㄏㄜˊ
螓首蛾眉,1,ㄑㄧㄣˊ ㄕㄡˇ ㄜˊ ㄇㄟˊ
螞蚍叮腿,1,ㄇㄚˇ ㄆㄧˊ ㄉㄧㄥ ㄊㄨㄟˇ
螞蜂兒子,1,ㄇㄚˇ ㄈㄥ ㄦˊ ㄗ˙
螞蝗見血,1,ㄇㄚˇ ㄏㄨㄤˊ ㄐㄧㄢˋ ㄒㄧㄝˇ
螞蟻緣槐,1,ㄇㄚˇ ㄧˇ ㄩㄢˊ ㄏㄨㄞˊ
螢窗雪案,1,ㄧㄥˊ ㄔㄨㄤ ㄒㄩㄝˇ ㄢˋ
螳臂當車,1,ㄊㄤˊ ㄅㄧˋ ㄉㄤˇ ㄔㄜ
螳螂搏蟬,1,ㄊㄤˊ ㄌㄤˊ ㄅㄛˊ ㄔㄢˊ
螺溪石硯,1,ㄌㄨㄛˊ ㄒㄧ ㄕˊ ㄧㄢˋ
螻蟻得志,1,ㄌㄡˊ ㄧˇ ㄉㄜˊ ㄓˋ
螽斯之徵,1,ㄓㄨㄥ ㄙ ㄓ ㄓㄥ
螽斯之慶,1,ㄓㄨㄥ ㄙ ㄓ ㄑㄧㄥˋ
螾廬曲談,1,ㄧㄣˇ ㄌㄨˊ ㄑㄩˇ ㄊㄢˊ
蟣蝨相弔,1,ㄐㄧˇ ㄕ ㄒㄧㄤ ㄉㄧㄠˋ
蟬不知雪,1,ㄔㄢˊ ㄅㄨˋ ㄓ ㄒㄩㄝˇ
蟬腹龜腸,1,ㄔㄢˊ ㄈㄨˋ ㄍㄨㄟ ㄔㄤˊ
蟲沙微類,1,ㄔㄨㄥˊ ㄕㄚ ㄨㄟˊ ㄌㄟˋ
蟲沙猿鶴,1,ㄔㄨㄥˊ ㄕㄚ ㄩㄢˊ ㄏㄜˋ
蟲篆之技,1,ㄔㄨㄥˊ ㄓㄨㄢˋ ㄓ ㄐㄧˋ
蟲臂鼠肝,1,ㄔㄨㄥˊ ㄅㄧˋ ㄕㄨˇ ㄍㄢ
蟲蟲蟻蟻,1,ㄔㄨㄥˊ ㄔㄨㄥˊ ㄧˇ ㄧˇ
蟲霜水旱,1,ㄔㄨㄥˊ ㄕㄨㄤ ㄕㄨㄟˇ ㄏㄢˋ
蟲鳴水沸,1,ㄔㄨㄥˊ ㄇㄧㄥˊ ㄕㄨㄟˇ ㄈㄟˋ
蟹匡蟬緌,1,ㄒㄧㄝˋ ㄎㄨㄤ ㄔㄢˊ ㄖㄨㄟˊ
蟹狀星雲,1,ㄒㄧㄝˋ ㄓㄨㄤˋ ㄒㄧㄥ ㄩㄣˊ
蟹行文字,1,ㄒㄧㄝˋ ㄒㄧㄥˊ ㄨㄣˊ ㄗˋ
蟻聚之兵,1,ㄧˇ ㄐㄩˋ ㄓ ㄅㄧㄥ
蟻聚蜂屯,1,ㄧˇ ㄐㄩˋ ㄈㄥ ㄊㄨㄣˊ
蟾宮折桂,1,ㄔㄢˊ ㄍㄨㄥ ㄓㄜˊ ㄍㄨㄟˋ
蠅利蝸名,1,ㄧㄥˊ ㄌㄧˋ ㄍㄨㄚ ㄇㄧㄥˊ
蠅名蝸利,1,ㄧㄥˊ ㄇㄧㄥˊ ㄍㄨㄚ ㄌㄧˋ
蠅糞點玉,1,ㄧㄥˊ ㄈㄣˋ ㄉㄧㄢˇ ㄩˋ
蠅頭微利,1,ㄧㄥˊ ㄊㄡˊ ㄨㄟˊ ㄌㄧˋ
蠅頭細書,1,ㄧㄥˊ ㄊㄡˊ ㄒㄧˋ ㄕㄨ
蠅頭蝸角,1,ㄧㄥˊ ㄊㄡˊ ㄍㄨㄚ ㄐㄧㄠˇ
蠍蠍螫螫,1,ㄒㄧㄝ ㄒㄧㄝ ㄓㄜ ㄓㄜ
蠕形動物,1,ㄖㄨㄢˇ ㄒㄧㄥˊ ㄉㄨㄥˋ ㄨˋ
蠖屈求伸,1,ㄏㄨㄛˋ ㄑㄩ ㄑㄧㄡˊ ㄕㄣ
蠢若木雞,1,ㄔㄨㄣˇ ㄖㄨㄛˋ ㄇㄨˋ ㄐㄧ
蠨蛸滿堂,1,ㄒㄧㄠ ㄕㄠ ㄇㄢˇ ㄊㄤˊ
蠶績蟹匡,1,ㄘㄢˊ ㄐㄧ ㄒㄧㄝˋ ㄎㄨㄤ
蠶頭雁尾,1,ㄘㄢˊ ㄊㄡˊ ㄧㄢˋ ㄨㄟˇ
蠹國害民,1,ㄉㄨˋ ㄍㄨㄛˊ ㄏㄞˋ ㄇㄧㄣˊ
蠹國殃民,1,ㄉㄨˋ ㄍㄨㄛˊ ㄧㄤ ㄇㄧㄣˊ
蠹居棋處,1,ㄉㄨˋ ㄐㄩ ㄑㄧˊ ㄔㄨˇ
蠻夷戎狄,1,ㄇㄢˊ ㄧˊ ㄖㄨㄥˊ ㄉㄧˊ
蠻聲哈剌,1,ㄇㄢˊ ㄕㄥ ㄏㄚ ㄌㄚˋ
蠻觸之爭,1,ㄇㄢˊ ㄔㄨˋ ㄓ ㄓㄥ
蠻觸相爭,1,ㄇㄢˊ ㄔㄨˋ ㄒㄧㄤ ㄓㄥ
蠻針瞎灸,1,ㄇㄢˊ ㄓㄣ ㄒㄧㄚ ㄐㄧㄡˇ
血不歸經,1,ㄒㄧㄝˇ ㄅㄨˋ ㄍㄨㄟ ㄐㄧㄥ
血光之災,1,ㄒㄩㄝˋ ㄍㄨㄤ ㄓ ㄗㄞ
血化為碧,1,ㄒㄩㄝˋ ㄏㄨㄚˋ ㄨㄟˊ ㄅㄧˋ
血口噴人,1,ㄒㄩㄝˋ ㄎㄡˇ ㄆㄣ ㄖㄣˊ
血吸蟲病,1,ㄒㄧㄝˇ ㄒㄧ ㄔㄨㄥˊ ㄅㄧㄥˋ
血本無歸,1,ㄒㄩㄝˋ ㄅㄣˇ ㄨˊ ㄍㄨㄟ
血氣之勇,1,ㄒㄩㄝˋ ㄑㄧˋ ㄓ ㄩㄥˇ
血氣方剛,1,ㄒㄩㄝˋ ㄑㄧˋ ㄈㄤ ㄍㄤ
血氣方壯,1,ㄒㄩㄝˋ ㄑㄧˋ ㄈㄤ ㄓㄨㄤˋ
血氣方盛,1,ㄒㄩㄝˋ ㄑㄧˋ ㄈㄤ ㄕㄥˋ
血流如注,1,ㄒㄩㄝˋ ㄌㄧㄡˊ ㄖㄨˊ ㄓㄨˋ
血流成渠,1,ㄒㄩㄝˋ ㄌㄧㄡˊ ㄔㄥˊ ㄑㄩˊ
血流漂杵,1,ㄒㄩㄝˋ ㄌㄧㄡˊ ㄆㄧㄠ ㄔㄨˇ
血海屍山,1,ㄒㄧㄝˇ ㄏㄞˇ ㄕ ㄕㄢ
血液凝固,1,ㄒㄧㄝˇ ㄧㄝˋ ㄋㄧㄥˊ ㄍㄨˋ
血液檢驗,1,ㄒㄧㄝˇ ㄧㄝˋ ㄐㄧㄢˇ ㄧㄢˋ
血清療法,1,ㄒㄧㄝˇ ㄑㄧㄥ ㄌㄧㄠˊ ㄈㄚˇ
血漿蛋白,1,ㄒㄧㄝˇ ㄐㄧㄤ ㄉㄢˋ ㄅㄞˊ
血肉淋漓,1,ㄒㄧㄝˇ ㄖㄡˋ ㄌㄧㄣˊ ㄌㄧˊ
血親家族,1,ㄒㄧㄝˇ ㄑㄧㄣ ㄐㄧㄚ ㄗㄨˊ
行三坐五,1,ㄒㄧㄥˊ ㄙㄢ ㄗㄨㄛˋ ㄨˇ
行不及言,1,ㄒㄧㄥˊ ㄅㄨˋ ㄐㄧˊ ㄧㄢˊ
行不苟合,1,ㄒㄧㄥˊ ㄅㄨˋ ㄍㄡˇ ㄏㄜˊ
行不苟容,1,ㄒㄧㄥˊ ㄅㄨˋ ㄍㄡˇ ㄖㄨㄥˊ
行不踰方,1,ㄒㄧㄥˊ ㄅㄨˋ ㄩˊ ㄈㄤ
行不顧言,1,ㄒㄧㄥˊ ㄅㄨˋ ㄍㄨˋ ㄧㄢˊ
行以求知,1,ㄒㄧㄥˊ ㄧˇ ㄑㄧㄡˊ ㄓ
行個方便,1,ㄒㄧㄥˊ ㄍㄜ˙ ㄈㄤ ㄅㄧㄢˋ
行兵列陣,1,ㄒㄧㄥˊ ㄅㄧㄥ ㄌㄧㄝˋ ㄓㄣˋ
行兵布陣,1,ㄒㄧㄥˊ ㄅㄧㄥ ㄅㄨˋ ㄓㄣˋ
行動坐臥,1,ㄒㄧㄥˊ ㄉㄨㄥˋ ㄗㄨㄛˋ ㄨㄛˋ
行動郵局,1,ㄒㄧㄥˊ ㄉㄨㄥˋ ㄧㄡˊ ㄐㄩˊ
行化如神,1,ㄒㄧㄥˊ ㄏㄨㄚˋ ㄖㄨˊ ㄕㄣˊ
行合趨同,1,ㄒㄧㄥˊ ㄏㄜˊ ㄑㄩ ㄊㄨㄥˊ
行同狗彘,1,ㄒㄧㄥˊ ㄊㄨㄥˊ ㄍㄡˇ ㄓˋ
行同狗豨,1,ㄒㄧㄥˊ ㄊㄨㄥˊ ㄍㄡˇ ㄒㄧ
行吟坐詠,1,ㄒㄧㄥˊ ㄧㄣˊ ㄗㄨㄛˋ ㄩㄥˇ
行坐不安,1,ㄒㄧㄥˊ ㄗㄨㄛˋ ㄅㄨˋ ㄢ
行奸賣俏,1,ㄒㄧㄥˊ ㄐㄧㄢ ㄇㄞˋ ㄑㄧㄠˋ
行好積德,1,ㄒㄧㄥˊ ㄏㄠˇ ㄐㄧ ㄉㄜˊ
行尸走骨,1,ㄒㄧㄥˊ ㄕ ㄗㄡˇ ㄍㄨˇ
行屍視肉,1,ㄒㄧㄥˊ ㄕ ㄕˋ ㄖㄡˋ
行己有恥,1,ㄒㄧㄥˊ ㄐㄧˇ ㄧㄡˇ ㄔˇ
行己有方,1,ㄒㄧㄥˊ ㄐㄧˇ ㄧㄡˇ ㄈㄤ
行師動眾,1,ㄒㄧㄥˊ ㄕ ㄉㄨㄥˋ ㄓㄨㄥˋ
行思坐想,1,ㄒㄧㄥˊ ㄙ ㄗㄨㄛˋ ㄒㄧㄤˇ
行思坐憶,1,ㄒㄧㄥˊ ㄙ ㄗㄨㄛˋ ㄧˋ
行成功滿,1,ㄒㄧㄥˊ ㄔㄥˊ ㄍㄨㄥ ㄇㄢˇ
行成於思,1,ㄒㄧㄥˊ ㄔㄥˊ ㄩˊ ㄙ
行所無事,1,ㄒㄧㄥˊ ㄙㄨㄛˇ ㄨˊ ㄕˋ
行政中立,1,ㄒㄧㄥˊ ㄓㄥˋ ㄓㄨㄥ ㄌㄧˋ
行政協調,1,ㄒㄧㄥˊ ㄓㄥˋ ㄒㄧㄝˊ ㄊㄧㄠˊ
行政司法,1,ㄒㄧㄥˊ ㄓㄥˋ ㄙ ㄈㄚˇ
行政官署,1,ㄒㄧㄥˊ ㄓㄥˋ ㄍㄨㄢ ㄕㄨˇ
行政救濟,1,ㄒㄧㄥˊ ㄓㄥˋ ㄐㄧㄡˋ ㄐㄧˋ
行政監督,1,ㄒㄧㄥˊ ㄓㄥˋ ㄐㄧㄢ ㄉㄨ
行政立法,1,ㄒㄧㄥˊ ㄓㄥˋ ㄌㄧˋ ㄈㄚˇ
行政訴願,1,ㄒㄧㄥˊ ㄓㄥˋ ㄙㄨˋ ㄩㄢˋ
行政警察,1,ㄒㄧㄥˊ ㄓㄥˋ ㄐㄧㄥˇ ㄔㄚˊ
行權立斷,1,ㄒㄧㄥˊ ㄑㄩㄢˊ ㄌㄧˋ ㄉㄨㄢˋ
行步如風,1,ㄒㄧㄥˊ ㄅㄨˋ ㄖㄨˊ ㄈㄥ
行步如飛,1,ㄒㄧㄥˊ ㄅㄨˋ ㄖㄨˊ ㄈㄟ
行滿功圓,1,ㄒㄧㄥˊ ㄇㄢˇ ㄍㄨㄥ ㄩㄢˊ
行滿功成,1,ㄒㄧㄥˊ ㄇㄢˇ ㄍㄨㄥ ㄔㄥˊ
行濁言清,1,ㄒㄧㄥˊ ㄓㄨㄛˊ ㄧㄢˊ ㄑㄧㄥ
行為模式,1,ㄒㄧㄥˊ ㄨㄟˊ ㄇㄛˊ ㄕˋ
行為藝術,1,ㄒㄧㄥˊ ㄨㄟˊ ㄧˋ ㄕㄨˋ
行無越思,1,ㄒㄧㄥˊ ㄨˊ ㄩㄝˋ ㄙ
行疾如飛,1,ㄒㄧㄥˊ ㄐㄧˊ ㄖㄨˊ ㄈㄟ
行監坐守,1,ㄒㄧㄥˊ ㄐㄧㄢ ㄗㄨㄛˋ ㄕㄡˇ
行眠立盹,1,ㄒㄧㄥˊ ㄇㄧㄢˊ ㄌㄧˋ ㄉㄨㄣˇ
行短才喬,1,ㄒㄧㄥˋ ㄉㄨㄢˇ ㄘㄞˊ ㄑㄧㄠˊ
行短才高,1,ㄒㄧㄥˋ ㄉㄨㄢˇ ㄘㄞˊ ㄍㄠ
行若狗彘,1,ㄒㄧㄥˊ ㄖㄨㄛˋ ㄍㄡˇ ㄓˋ
行號巷哭,1,ㄏㄤˊ ㄏㄠˊ ㄒㄧㄤˋ ㄎㄨ
行虧名缺,1,ㄒㄧㄥˊ ㄎㄨㄟ ㄇㄧㄥˊ ㄑㄩㄝ
行行忽忽,1,ㄒㄧㄥˊ ㄒㄧㄥˊ ㄏㄨ ㄏㄨ
行行蛇蚓,1,ㄏㄤˊ ㄏㄤˊ ㄕㄜˊ ㄧㄣˇ
行走如飛,1,ㄒㄧㄥˊ ㄗㄡˇ ㄖㄨˊ ㄈㄟ
行蹤無定,1,ㄒㄧㄥˊ ㄗㄨㄥ ㄨˊ ㄉㄧㄥˋ
行車執照,1,ㄒㄧㄥˊ ㄔㄜ ㄓˊ ㄓㄠˋ
行車距離,1,ㄒㄧㄥˊ ㄔㄜ ㄐㄩˋ ㄌㄧˊ
行車速率,1,ㄒㄧㄥˊ ㄔㄜ ㄙㄨˋ ㄌㄩˋ
行軍動眾,1,ㄒㄧㄥˊ ㄐㄩㄣ ㄉㄨㄥˋ ㄓㄨㄥˋ
行遠自邇,1,ㄒㄧㄥˊ ㄩㄢˇ ㄗˋ ㄦˇ
行針步線,1,ㄒㄧㄥˊ ㄓㄣ ㄅㄨˋ ㄒㄧㄢˋ
行鍼布線,1,ㄒㄧㄥˊ ㄓㄣ ㄅㄨˋ ㄒㄧㄢˋ
行鍼走線,1,ㄒㄧㄥˊ ㄓㄣ ㄗㄡˇ ㄒㄧㄢˋ
行隨事遷,1,ㄒㄧㄥˊ ㄙㄨㄟˊ ㄕˋ ㄑㄧㄢ
行雨朝雲,1,ㄒㄧㄥˊ ㄩˇ ㄓㄠ ㄩㄣˊ
衍聲複詞,1,ㄧㄢˇ ㄕㄥ ㄈㄨˋ ㄘˊ
衒材揚己,1,ㄒㄩㄢˋ ㄘㄞˊ ㄧㄤˊ ㄐㄧˇ
衒玉賈石,1,ㄒㄩㄢˋ ㄩˋ ㄍㄨˇ ㄕˊ
術德兼修,1,ㄕㄨˋ ㄉㄜˊ ㄐㄧㄢ ㄒㄧㄡ
街坊鄰居,1,ㄐㄧㄝ ㄈㄤ ㄌㄧㄣˊ ㄐㄩ
街坊鄰舍,1,ㄐㄧㄝ ㄈㄤ ㄌㄧㄣˊ ㄕㄜˋ
街巷阡陌,1,ㄐㄧㄝ ㄒㄧㄤˋ ㄑㄧㄢ ㄇㄛˋ
街號巷哭,1,ㄐㄧㄝ ㄏㄠˊ ㄒㄧㄤˋ ㄎㄨ
街談巷語,1,ㄐㄧㄝ ㄊㄢˊ ㄒㄧㄤˋ ㄩˇ
街談巷說,1,ㄐㄧㄝ ㄊㄢˊ ㄒㄧㄤˋ ㄕㄨㄛ
街里街坊,1,ㄐㄧㄝ ㄌㄧ˙ ㄐㄧㄝ ㄈㄤ
街頭小報,1,ㄐㄧㄝ ㄊㄡˊ ㄒㄧㄠˇ ㄅㄠˋ
街頭巷語,1,ㄐㄧㄝ ㄊㄡˊ ㄒㄧㄤˋ ㄩˇ
街頭市尾,1,ㄐㄧㄝ ㄊㄡˊ ㄕˋ ㄨㄟˇ
街頭運動,1,ㄐㄧㄝ ㄊㄡˊ ㄩㄣˋ ㄉㄨㄥˋ
衙官屈宋,1,ㄧㄚˊ ㄍㄨㄢ ㄑㄩ ㄙㄨㄥˋ
衙院人家,1,ㄧㄚˊ ㄩㄢˋ ㄖㄣˊ ㄐㄧㄚ
衛星國家,1,ㄨㄟˋ ㄒㄧㄥ ㄍㄨㄛˊ ㄐㄧㄚ
衛星導航,1,ㄨㄟˋ ㄒㄧㄥ ㄉㄠˇ ㄏㄤˊ
衛星日蝕,1,ㄨㄟˋ ㄒㄧㄥ ㄖˋ ㄕˊ
衛星轉播,1,ㄨㄟˋ ㄒㄧㄥ ㄓㄨㄢˇ ㄅㄛˋ
衛星都市,1,ㄨㄟˋ ㄒㄧㄥ ㄉㄨ ㄕˋ
衛星門診,1,ㄨㄟˋ ㄒㄧㄥ ㄇㄣˊ ㄓㄣˇ
衛星雲圖,1,ㄨㄟˋ ㄒㄧㄥ ㄩㄣˊ ㄊㄨˊ
衛生工程,1,ㄨㄟˋ ㄕㄥ ㄍㄨㄥ ㄔㄥˊ
衛生掩埋,1,ㄨㄟˋ ㄕㄥ ㄧㄢˇ ㄇㄞˊ
衛生設備,1,ㄨㄟˋ ㄕㄥ ㄕㄜˋ ㄅㄟˋ
衝冠髮怒,1,ㄔㄨㄥ ㄍㄨㄢ ㄈㄚˇ ㄋㄨˋ
衝口而發,1,ㄔㄨㄥ ㄎㄡˇ ㄦˊ ㄈㄚ
衝堅陷陣,1,ㄔㄨㄥ ㄐㄧㄢ ㄒㄧㄢˋ ㄓㄣˋ
衝州撞府,1,ㄔㄨㄥ ㄓㄡ ㄓㄨㄤˋ ㄈㄨˇ
衝波激浪,1,ㄔㄨㄥ ㄅㄛ ㄐㄧ ㄌㄤˋ
衝波逆折,1,ㄔㄨㄥ ㄅㄛ ㄋㄧˋ ㄓㄜˊ
衡石量書,1,ㄏㄥˊ ㄕˊ ㄌㄧㄤˊ ㄕㄨ
衡門深巷,1,ㄏㄥˊ ㄇㄣˊ ㄕㄣ ㄒㄧㄤˋ
衡陽雁去,1,ㄏㄥˊ ㄧㄤˊ ㄧㄢˋ ㄑㄩˋ
衢室之問,1,ㄑㄩˊ ㄕˋ ㄓ ㄨㄣˋ
衣不兼采,1,ㄧ ㄅㄨˋ ㄐㄧㄢ ㄘㄞˇ
衣不完采,1,ㄧ ㄅㄨˋ ㄨㄢˊ ㄘㄞˇ
衣不布體,1,ㄧ ㄅㄨˋ ㄅㄨˋ ㄊㄧˇ
衣不曳地,1,ㄧ ㄅㄨˋ ㄧˋ ㄉㄧˋ
衣不遮身,1,ㄧ ㄅㄨˋ ㄓㄜ ㄕㄣ
衣不重帛,1,ㄧ ㄅㄨˋ ㄓㄨㄥˋ ㄅㄛˊ
衣不重采,1,ㄧ ㄅㄨˋ ㄓㄨㄥˋ ㄘㄞˇ
衣冠中人,1,ㄧ ㄍㄨㄢ ㄓㄨㄥ ㄖㄣˊ
衣冠優孟,1,ㄧ ㄍㄨㄢ ㄧㄡ ㄇㄥˋ
衣冠子女,1,ㄧ ㄍㄨㄢ ㄗˇ ㄋㄩˇ
衣冠梟獍,1,ㄧ ㄍㄨㄢ ㄒㄧㄠ ㄐㄧㄥˋ
衣冠沐猴,1,ㄧ ㄍㄨㄢ ㄇㄨˋ ㄏㄡˊ
衣冠濟楚,1,ㄧ ㄍㄨㄢ ㄐㄧˇ ㄔㄨˇ
衣冠濟濟,1,ㄧ ㄍㄨㄢ ㄐㄧˇ ㄐㄧˇ
衣冠甚偉,1,ㄧ ㄍㄨㄢ ㄕㄣˋ ㄨㄟˇ
衣冠盛事,1,ㄧ ㄍㄨㄢ ㄕㄥˋ ㄕˋ
衣冠禮樂,1,ㄧ ㄍㄨㄢ ㄌㄧˇ ㄩㄝˋ
衣冠緒餘,1,ㄧ ㄍㄨㄢ ㄒㄩˋ ㄩˊ
衣冠藍縷,1,ㄧ ㄍㄨㄢ ㄌㄢˊ ㄌㄩˇ
衣冠赫奕,1,ㄧ ㄍㄨㄢ ㄏㄜˋ ㄧˋ
衣冠輻湊,1,ㄧ ㄍㄨㄢ ㄈㄨˊ ㄘㄡˋ
衣冠雲集,1,ㄧ ㄍㄨㄢ ㄩㄣˊ ㄐㄧˊ
衣冠齊楚,1,ㄧ ㄍㄨㄢ ㄑㄧˊ ㄔㄨˇ
衣帛食肉,1,ㄧˋ ㄅㄛˊ ㄕˊ ㄖㄡˋ
衣架飯囊,1,ㄧ ㄐㄧㄚˋ ㄈㄢˋ ㄋㄤˊ
衣租食稅,1,ㄧ ㄗㄨ ㄕˊ ㄕㄨㄟˋ
衣繡夜行,1,ㄧˋ ㄒㄧㄡˋ ㄧㄝˋ ㄒㄧㄥˊ
衣繡晝行,1,ㄧˋ ㄒㄧㄡˋ ㄓㄡˋ ㄒㄧㄥˊ
衣纓之族,1,ㄧ ㄧㄥ ㄓ ㄗㄨˊ
衣缽相傳,1,ㄧ ㄅㄛ ㄒㄧㄤ ㄔㄨㄢˊ
衣缽真傳,1,ㄧ ㄅㄛ ㄓㄣ ㄔㄨㄢˊ
衣衫藍褸,1,ㄧ ㄕㄢ ㄌㄢˊ ㄌㄩˇ
衣裳之會,1,ㄧ ㄔㄤˊ ㄓ ㄏㄨㄟˋ
衣裳楚楚,1,ㄧ ㄔㄤˊ ㄔㄨˇ ㄔㄨˇ
衣褐懷寶,1,ㄧˋ ㄏㄜˊ ㄏㄨㄞˊ ㄅㄠˇ
衣豐食足,1,ㄧ ㄈㄥ ㄕˊ ㄗㄨˊ
衣豐食飽,1,ㄧ ㄈㄥ ㄕˊ ㄅㄠˇ
衣錦之榮,1,ㄧˋ ㄐㄧㄣˇ ㄓ ㄖㄨㄥˊ
衣錦夜游,1,ㄧˋ ㄐㄧㄣˇ ㄧㄝˋ ㄧㄡˊ
衣錦夜行,1,ㄧˋ ㄐㄧㄣˇ ㄧㄝˋ ㄒㄧㄥˊ
衣錦尚絅,1,ㄧˋ ㄐㄧㄣˇ ㄕㄤˋ ㄐㄩㄥˇ
衣錦故鄉,1,ㄧˋ ㄐㄧㄣˇ ㄍㄨˋ ㄒㄧㄤ
衣錦晝游,1,ㄧˋ ㄐㄧㄣˇ ㄓㄡˋ ㄧㄡˊ
衣錦過鄉,1,ㄧˋ ㄐㄧㄣˇ ㄍㄨㄛˋ ㄒㄧㄤ
衣錦食肉,1,ㄧˋ ㄐㄧㄣˇ ㄕˊ ㄖㄡˋ
衣食之謀,1,ㄧ ㄕˊ ㄓ ㄇㄡˊ
衣香鬢影,1,ㄧ ㄒㄧㄤ ㄅㄧㄣˋ ㄧㄥˇ
表形文字,1,ㄅㄧㄠˇ ㄒㄧㄥˊ ㄨㄣˊ ㄗˋ
表明心跡,1,ㄅㄧㄠˇ ㄇㄧㄥˊ ㄒㄧㄣ ㄐㄧ
表裡受敵,1,ㄅㄧㄠˇ ㄌㄧˇ ㄕㄡˋ ㄉㄧˊ
表裡山河,1,ㄅㄧㄠˇ ㄌㄧˇ ㄕㄢ ㄏㄜˊ
表裡相合,1,ㄅㄧㄠˇ ㄌㄧˇ ㄒㄧㄤ ㄏㄜˊ
表裡相應,1,ㄅㄧㄠˇ ㄌㄧˇ ㄒㄧㄤ ㄧㄥˋ
表裡相濟,1,ㄅㄧㄠˇ ㄌㄧˇ ㄒㄧㄤ ㄐㄧˋ
表記物件,1,ㄅㄧㄠˇ ㄐㄧˋ ㄨˋ ㄐㄧㄢˋ
表面工夫,1,ㄅㄧㄠˇ ㄇㄧㄢˋ ㄍㄨㄥ ㄈㄨ˙
衲被蒙頭,1,ㄋㄚˋ ㄅㄟˋ ㄇㄥˊ ㄊㄡˊ
衷腸密語,1,ㄓㄨㄥ ㄔㄤˊ ㄇㄧˋ ㄩˇ
衾寒枕冷,1,ㄑㄧㄣ ㄏㄢˊ ㄓㄣˇ ㄌㄥˇ
衾影無慚,1,ㄑㄧㄣ ㄧㄥˇ ㄨˊ ㄘㄢˊ
衾枕之樂,1,ㄑㄧㄣ ㄓㄣˇ ㄓ ㄌㄜˋ
衾褥妝奩,1,ㄑㄧㄣ ㄖㄨˋ ㄓㄨㄤ ㄌㄧㄢˊ
袁安臥雪,1,ㄩㄢˊ ㄢ ㄨㄛˋ ㄒㄩㄝˇ
袍笏登場,1,ㄆㄠˊ ㄏㄨˋ ㄉㄥ ㄔㄤˊ
袞州八伯,1,ㄍㄨㄣˇ ㄓㄡ ㄅㄚ ㄅㄛˊ
被保護國,1,ㄅㄟˋ ㄅㄠˇ ㄏㄨˋ ㄍㄨㄛˊ
被動免疫,1,ㄅㄟˋ ㄉㄨㄥˋ ㄇㄧㄢˇ ㄧˋ
被寵若驚,1,ㄅㄟˋ ㄔㄨㄥˇ ㄖㄨㄛˋ ㄐㄧㄥ
被山帶河,1,ㄅㄟˋ ㄕㄢ ㄉㄞˋ ㄏㄜˊ
被山帶河,1,ㄆㄧ ㄕㄢ ㄉㄞˋ ㄏㄜˊ
被底鴛鴦,1,ㄅㄟˋ ㄉㄧˇ ㄩㄢ ㄧㄤ
被澤蒙庥,1,ㄅㄟˋ ㄗㄜˊ ㄇㄥˊ ㄒㄧㄡ
被火紋身,1,ㄅㄟˋ ㄏㄨㄛˇ ㄨㄣˊ ㄕㄣ
被災蒙禍,1,ㄅㄟˋ ㄗㄞ ㄇㄥˊ ㄏㄨㄛˋ
被繼承人,1,ㄅㄟˋ ㄐㄧˋ ㄔㄥˊ ㄖㄣˊ
被褐懷寶,1,ㄆㄧ ㄏㄜˊ ㄏㄨㄞˊ ㄅㄠˇ
被褐懷玉,1,ㄆㄧ ㄏㄜˊ ㄏㄨㄞˊ ㄩˋ
被褐懷珠,1,ㄆㄧ ㄏㄜˊ ㄏㄨㄞˊ ㄓㄨ
被褐懷金,1,ㄆㄧ ㄏㄜˊ ㄏㄨㄞˊ ㄐㄧㄣ
被褐藏輝,1,ㄆㄧ ㄏㄜˊ ㄘㄤˊ ㄏㄨㄟ
被詔輒成,1,ㄅㄟˋ ㄓㄠˋ ㄓㄜˊ ㄔㄥˊ
被選舉人,1,ㄅㄟˋ ㄒㄩㄢˇ ㄐㄩˇ ㄖㄣˊ
被髮佯狂,1,ㄆㄧ ㄈㄚˇ ㄧㄤˊ ㄎㄨㄤˊ
被髮入山,1,ㄆㄧ ㄈㄚˇ ㄖㄨˋ ㄕㄢ
被髮纓冠,1,ㄆㄧ ㄈㄚˇ ㄧㄥ ㄍㄨㄢ
被髮陽狂,1,ㄆㄧ ㄈㄚˇ ㄧㄤˊ ㄎㄨㄤˊ
裁衣合帳,1,ㄘㄞˊ ㄧ ㄏㄜˊ ㄓㄤˋ
裁軍會議,1,ㄘㄞˊ ㄐㄩㄣ ㄏㄨㄟˋ ㄧˋ
裂冠毀冕,1,ㄌㄧㄝˋ ㄍㄨㄢ ㄏㄨㄟˇ ㄇㄧㄢˇ
裂土分茅,1,ㄌㄧㄝˋ ㄊㄨˇ ㄈㄣ ㄇㄠˊ
裂片生殖,1,ㄌㄧㄝˋ ㄆㄧㄢˋ ㄕㄥ ㄓˊ
裂眥嚼齒,1,ㄌㄧㄝˋ ㄗˋ ㄐㄩㄝˊ ㄔˇ
裂裳裹膝,1,ㄌㄧㄝˋ ㄔㄤˊ ㄍㄨㄛˇ ㄒㄧ
裂裳裹足,1,ㄌㄧㄝˋ ㄔㄤˊ ㄍㄨㄛˇ ㄗㄨˊ
裊裊上升,1,ㄋㄧㄠˇ ㄋㄧㄠˇ ㄕㄤˋ ㄕㄥ
裊裊婷婷,1,ㄋㄧㄠˇ ㄋㄧㄠˇ ㄊㄧㄥˊ ㄊㄧㄥˊ
裊裊炊煙,1,ㄋㄧㄠˇ ㄋㄧㄠˇ ㄔㄨㄟ ㄧㄢ
裘弊金盡,1,ㄑㄧㄡˊ ㄅㄧˋ ㄐㄧㄣ ㄐㄧㄣˋ
裘葛之遺,1,ㄑㄧㄡˊ ㄍㄜˊ ㄓ ㄨㄟˋ
裘馬輕肥,1,ㄑㄧㄡˊ ㄇㄚˇ ㄑㄧㄥ ㄈㄟˊ
裙屐少年,1,ㄑㄩㄣˊ ㄐㄧ ㄕㄠˋ ㄋㄧㄢˊ
裙布荊釵,1,ㄑㄩㄣˊ ㄅㄨˋ ㄐㄧㄥ ㄔㄞ
補偏救弊,1,ㄅㄨˇ ㄆㄧㄢ ㄐㄧㄡˋ ㄅㄧˋ
補償作用,1,ㄅㄨˇ ㄔㄤˊ ㄗㄨㄛˋ ㄩㄥˋ
補償支付,1,ㄅㄨˇ ㄔㄤˊ ㄓ ㄈㄨˋ
補償教育,1,ㄅㄨˇ ㄔㄤˊ ㄐㄧㄠˋ ㄩˋ
補償財政,1,ㄅㄨˇ ㄔㄤˊ ㄘㄞˊ ㄓㄥˋ
補充兵役,1,ㄅㄨˇ ㄔㄨㄥ ㄅㄧㄥ ㄧˋ
補助商業,1,ㄅㄨˇ ㄓㄨˋ ㄕㄤ ㄧㄝˋ
補助教育,1,ㄅㄨˇ ㄓㄨˋ ㄐㄧㄠˋ ㄩˋ
補助貨幣,1,ㄅㄨˇ ㄓㄨˋ ㄏㄨㄛˋ ㄅㄧˋ
補垣塞穴,1,ㄅㄨˇ ㄩㄢˊ ㄙㄜˋ ㄒㄩㄝˋ
補壁之作,1,ㄅㄨˇ ㄅㄧˋ ㄓ ㄗㄨㄛˋ
補天浴日,1,ㄅㄨˇ ㄊㄧㄢ ㄩˋ ㄖˋ
補掛朝珠,1,ㄅㄨˇ ㄍㄨㄚˋ ㄔㄠˊ ㄓㄨ
補救教學,1,ㄅㄨˇ ㄐㄧㄡˋ ㄐㄧㄠˋ ㄒㄩㄝˊ
補殘守缺,1,ㄅㄨˇ ㄘㄢˊ ㄕㄡˇ ㄑㄩㄝ
補氣固表,1,ㄅㄨˇ ㄑㄧˋ ㄍㄨˋ ㄅㄧㄠˇ
補氣止血,1,ㄅㄨˇ ㄑㄧˋ ㄓˇ ㄒㄧㄝˇ
補缺拾遺,1,ㄅㄨˇ ㄑㄩㄝ ㄕˊ ㄧˊ
補苴罅漏,1,ㄅㄨˇ ㄐㄩ ㄒㄧㄚˋ ㄌㄡˋ
補苴調胹,1,ㄅㄨˇ ㄐㄩ ㄊㄧㄠˊ ㄦˊ
裝憨打呆,1,ㄓㄨㄤ ㄏㄢ ㄉㄚˇ ㄉㄞ
裝聾裝啞,1,ㄓㄨㄤ ㄌㄨㄥˊ ㄓㄨㄤ ㄧㄚˇ
裝腔作態,1,ㄓㄨㄤ ㄑㄧㄤ ㄗㄨㄛˋ ㄊㄞˋ
裝飾記號,1,ㄓㄨㄤ ㄕˋ ㄐㄧˋ ㄏㄠˋ
裝點門面,1,ㄓㄨㄤ ㄉㄧㄢˇ ㄇㄣˊ ㄇㄧㄢˋ
裡出外進,1,ㄌㄧˇ ㄔㄨ ㄨㄞˋ ㄐㄧㄣˋ
裡勾外連,1,ㄌㄧˇ ㄍㄡ ㄨㄞˋ ㄌㄧㄢˊ
裡外發燒,1,ㄌㄧˇ ㄨㄞˋ ㄈㄚ ㄕㄠ
裡急後重,1,ㄌㄧˇ ㄐㄧˊ ㄏㄡˋ ㄓㄨㄥˋ
裨補闕漏,1,ㄅㄧˋ ㄅㄨˇ ㄑㄩㄝ ㄌㄡˋ
裱褙師傅,1,ㄅㄧㄠˇ ㄅㄟˋ ㄕ ㄈㄨ˙
裳裳者華,1,ㄔㄤˊ ㄔㄤˊ ㄓㄜˇ ㄏㄨㄚˊ
裴高累西,1,ㄆㄟˊ ㄍㄠ ㄌㄟˋ ㄒㄧ
裸袖揎拳,1,ㄌㄨㄛˇ ㄒㄧㄡˋ ㄒㄩㄢ ㄑㄩㄢˊ
裸袖揎衣,1,ㄌㄨㄛˇ ㄒㄧㄡˋ ㄒㄩㄢ ㄧ
裸身赤體,1,ㄌㄨㄛˇ ㄕㄣ ㄔˋ ㄊㄧˇ
裹屍馬革,1,ㄍㄨㄛˇ ㄕ ㄇㄚˇ ㄍㄜˊ
裹糧策馬,1,ㄍㄨㄛˇ ㄌㄧㄤˊ ㄘㄜˋ ㄇㄚˇ
裹足不進,1,ㄍㄨㄛˇ ㄗㄨˊ ㄅㄨˋ ㄐㄧㄣˋ
裾馬襟牛,1,ㄐㄩ ㄇㄚˇ ㄐㄧㄣ ㄋㄧㄡˊ
複利計算,1,ㄈㄨˋ ㄌㄧˋ ㄐㄧˋ ㄙㄨㄢˋ
複合企業,1,ㄈㄨˋ ㄏㄜˊ ㄑㄧˋ ㄧㄝˋ
複合元音,1,ㄈㄨˋ ㄏㄜˊ ㄩㄢˊ ㄧㄣ
複合命題,1,ㄈㄨˋ ㄏㄜˊ ㄇㄧㄥˋ ㄊㄧˊ
複合攝影,1,ㄈㄨˋ ㄏㄜˊ ㄕㄜˋ ㄧㄥˇ
複合概念,1,ㄈㄨˋ ㄏㄜˊ ㄍㄞˋ ㄋㄧㄢˋ
複合樣式,1,ㄈㄨˋ ㄏㄜˊ ㄧㄤˋ ㄕˋ
複合肥料,1,ㄈㄨˋ ㄏㄜˊ ㄈㄟˊ ㄌㄧㄠˋ
複合量詞,1,ㄈㄨˋ ㄏㄜˊ ㄌㄧㄤˋ ㄘˊ
複合韻母,1,ㄈㄨˋ ㄏㄜˊ ㄩㄣˋ ㄇㄨˇ
複式教學,1,ㄈㄨˋ ㄕˋ ㄐㄧㄠˋ ㄒㄩㄝˊ
複式路面,1,ㄈㄨˋ ㄕˋ ㄌㄨˋ ㄇㄧㄢˋ
複式關稅,1,ㄈㄨˋ ㄕˋ ㄍㄨㄢ ㄕㄨㄟˋ
褊狹小器,1,ㄅㄧㄢˇ ㄒㄧㄚˊ ㄒㄧㄠˇ ㄑㄧˋ
褎如充耳,1,ㄧㄡˋ ㄖㄨˊ ㄔㄨㄥ ㄦˇ
褎然舉首,1,ㄧㄡˋ ㄖㄢˊ ㄐㄩˇ ㄕㄡˇ
褐衣疏食,1,ㄏㄜˊ ㄧ ㄕㄨ ㄕˊ
褒善貶惡,1,ㄅㄠ ㄕㄢˋ ㄅㄧㄢˇ ㄜˋ
褒衣博帶,1,ㄅㄠ ㄧ ㄅㄛˊ ㄉㄞˋ
褒貶與奪,1,ㄅㄠ ㄅㄧㄢˇ ㄩˇ ㄉㄨㄛˊ
褒賢遏惡,1,ㄅㄠ ㄒㄧㄢˊ ㄜˋ ㄜˋ
褒采一介,1,ㄅㄠ ㄘㄞˇ ㄧ ㄐㄧㄝˋ
褓抱提攜,1,ㄅㄠˇ ㄅㄠˋ ㄊㄧˊ ㄒㄧ
褕衣甘食,1,ㄩˊ ㄧ ㄍㄢ ㄕˊ
褪前擦後,1,ㄊㄨㄣˋ ㄑㄧㄢˊ ㄘㄚ ㄏㄡˋ
褶曲山脈,1,ㄓㄜˊ ㄑㄩ ㄕㄢ ㄇㄞˋ
褸襤簞瓢,1,ㄌㄩˇ ㄌㄢˊ ㄉㄢ ㄆㄧㄠˊ
襁褓之年,1,ㄑㄧㄤˇ ㄅㄠˇ ㄓ ㄋㄧㄢˊ
襆頭象簡,1,ㄆㄨˊ ㄊㄡˊ ㄒㄧㄤˋ ㄐㄧㄢˇ
襟山帶河,1,ㄐㄧㄣ ㄕㄢ ㄉㄞˋ ㄏㄜˊ
襟懷坦白,1,ㄐㄧㄣ ㄏㄨㄞˊ ㄊㄢˇ ㄅㄞˊ
襟裾馬牛,1,ㄐㄧㄣ ㄐㄩ ㄇㄚˇ ㄋㄧㄡˊ
襲人故智,1,ㄒㄧˊ ㄖㄣˊ ㄍㄨˋ ㄓˋ
襲以成俗,1,ㄒㄧˊ ㄧˇ ㄔㄥˊ ㄙㄨˊ
西京雜記,1,ㄒㄧ ㄐㄧㄥ ㄗㄚˊ ㄐㄧˋ
西伯利亞,1,ㄒㄧ ㄅㄛˊ ㄌㄧˋ ㄧㄚˋ
西利西亞,1,ㄒㄧ ㄌㄧˋ ㄒㄧ ㄧㄚˋ
西北季風,1,ㄒㄧ ㄅㄟˇ ㄐㄧˋ ㄈㄥ
西南季風,1,ㄒㄧ ㄋㄢˊ ㄐㄧˋ ㄈㄥ
西原借款,1,ㄒㄧ ㄩㄢˊ ㄐㄧㄝˋ ㄎㄨㄢˇ
西天取經,1,ㄒㄧ ㄊㄧㄢ ㄑㄩˇ ㄐㄧㄥ
西奈協定,1,ㄒㄧ ㄋㄞˋ ㄒㄧㄝˊ ㄉㄧㄥˋ
西姆孫線,1,ㄒㄧ ㄇㄨˇ ㄙㄨㄣ ㄒㄧㄢˋ
西子捧心,1,ㄒㄧ ㄗˇ ㄆㄥˇ ㄒㄧㄣ
西安事變,1,ㄒㄧ ㄢ ㄕˋ ㄅㄧㄢˋ
西山日薄,1,ㄒㄧ ㄕㄢ ㄖˋ ㄅㄛˊ
西山日迫,1,ㄒㄧ ㄕㄢ ㄖˋ ㄆㄛˋ
西山餓夫,1,ㄒㄧ ㄕㄢ ㄜˋ ㄈㄨ
西州之痛,1,ㄒㄧ ㄓㄡ ㄓ ㄊㄨㄥˋ
西拉山地,1,ㄒㄧ ㄌㄚ ㄕㄢ ㄉㄧˋ
西方三聖,1,ㄒㄧ ㄈㄤ ㄙㄢ ㄕㄥˋ
西施捧心,1,ㄒㄧ ㄕ ㄆㄥˇ ㄒㄧㄣ
西施顰眉,1,ㄒㄧ ㄕ ㄆㄧㄣˊ ㄇㄟˊ
西曆紀元,1,ㄒㄧ ㄌㄧˋ ㄐㄧˋ ㄩㄢˊ
西楚霸王,1,ㄒㄧ ㄔㄨˇ ㄅㄚˋ ㄨㄤˊ
西歐聯盟,1,ㄒㄧ ㄡ ㄌㄧㄢˊ ㄇㄥˊ
西歐集團,1,ㄒㄧ ㄡ ㄐㄧˊ ㄊㄨㄢˊ
西歪東倒,1,ㄒㄧ ㄨㄞ ㄉㄨㄥ ㄉㄠˇ
西河之痛,1,ㄒㄧ ㄏㄜˊ ㄓ ㄊㄨㄥˋ
西河大鼓,1,ㄒㄧ ㄏㄜˊ ㄉㄚˋ ㄍㄨˇ
西泠八家,1,ㄒㄧ ㄌㄧㄥˊ ㄅㄚ ㄐㄧㄚ
西泠十子,1,ㄒㄧ ㄌㄧㄥˊ ㄕˊ ㄗˇ
西洋象棋,1,ㄒㄧ ㄧㄤˊ ㄒㄧㄤˋ ㄑㄧˊ
西洛可風,1,ㄒㄧ ㄌㄨㄛˋ ㄎㄜˇ ㄈㄥ
西湖佳話,1,ㄒㄧ ㄏㄨˊ ㄐㄧㄚ ㄏㄨㄚˋ
西濱大橋,1,ㄒㄧ ㄅㄧㄣ ㄉㄚˋ ㄑㄧㄠˊ
西皮流水,1,ㄒㄧ ㄆㄧˊ ㄌㄧㄡˊ ㄕㄨㄟˇ
西眉南臉,1,ㄒㄧ ㄇㄟˊ ㄋㄢˊ ㄌㄧㄢˇ
西窗翦燭,1,ㄒㄧ ㄔㄨㄤ ㄐㄧㄢˇ ㄓㄨˊ
西臺古堡,1,ㄒㄧ ㄊㄞˊ ㄍㄨˇ ㄅㄠˇ
西臺帝國,1,ㄒㄧ ㄊㄞˊ ㄉㄧˋ ㄍㄨㄛˊ
西藏佛教,1,ㄒㄧ ㄗㄤˋ ㄈㄛˊ ㄐㄧㄠˋ
西西佛斯,1,ㄒㄧ ㄒㄧ ㄈㄛˊ ㄙ
西谷椰子,1,ㄒㄧ ㄍㄨˇ ㄧㄝˊ ㄗˇ
西那畫派,1,ㄒㄧ ㄋㄚˋ ㄏㄨㄚˋ ㄆㄞˋ
西鄉隆盛,1,ㄒㄧ ㄒㄧㄤ ㄌㄨㄥˊ ㄕㄥˋ
西除東蕩,1,ㄒㄧ ㄔㄨˊ ㄉㄨㄥ ㄉㄤˋ
西陵歌舞,1,ㄒㄧ ㄌㄧㄥˊ ㄍㄜ ㄨˇ
西風的話,1,ㄒㄧ ㄈㄥ ㄉㄜ˙ ㄏㄨㄚˋ
要人好看,1,ㄧㄠˋ ㄖㄣˊ ㄏㄠˇ ㄎㄢˋ
要價還價,1,ㄧㄠˋ ㄐㄧㄚˋ ㄏㄨㄢˊ ㄐㄧㄚˋ
要千取萬,1,ㄧㄠˋ ㄑㄧㄢ ㄑㄩˇ ㄨㄢˋ
要好成歉,1,ㄧㄠˋ ㄏㄠˇ ㄔㄥˊ ㄑㄧㄢˋ
要寵召禍,1,ㄧㄠ ㄔㄨㄥˇ ㄓㄠˋ ㄏㄨㄛˋ
要死要活,1,ㄧㄠˋ ㄙˇ ㄧㄠˋ ㄏㄨㄛˊ
要而言之,1,ㄧㄠˋ ㄦˊ ㄧㄢˊ ㄓ
要言妙道,1,ㄧㄠˋ ㄧㄢˊ ㄇㄧㄠˋ ㄉㄠˋ
覆去翻來,1,ㄈㄨˋ ㄑㄩˋ ㄈㄢ ㄌㄞˊ
覆地翻天,1,ㄈㄨˋ ㄉㄧˋ ㄈㄢ ㄊㄧㄢ
覆宗滅祀,1,ㄈㄨˋ ㄗㄨㄥ ㄇㄧㄝˋ ㄙˋ
覆宗絕嗣,1,ㄈㄨˋ ㄗㄨㄥ ㄐㄩㄝˊ ㄙˋ
覆宗絕祀,1,ㄈㄨˋ ㄗㄨㄥ ㄐㄩㄝˊ ㄙˋ
覆巢傾卵,1,ㄈㄨˋ ㄔㄠˊ ㄑㄧㄥ ㄌㄨㄢˇ
覆巢毀卵,1,ㄈㄨˋ ㄔㄠˊ ㄏㄨㄟˇ ㄌㄨㄢˇ
覆巢破卵,1,ㄈㄨˋ ㄔㄠˊ ㄆㄛˋ ㄌㄨㄢˇ
覆庇之恩,1,ㄈㄨˋ ㄅㄧˋ ㄓ ㄣ
覆海移山,1,ㄈㄨˋ ㄏㄞˇ ㄧˊ ㄕㄢ
覆盂之固,1,ㄈㄨˋ ㄩˊ ㄓ ㄍㄨˋ
覆盂之安,1,ㄈㄨˋ ㄩˊ ㄓ ㄢ
覆盆之冤,1,ㄈㄨˋ ㄆㄣˊ ㄓ ㄩㄢ
覆盆難照,1,ㄈㄨˋ ㄆㄣˊ ㄋㄢˊ ㄓㄠˋ
覆盤難照,1,ㄈㄨˋ ㄆㄢˊ ㄋㄢˊ ㄓㄠˋ
覆舟載舟,1,ㄈㄨˋ ㄓㄡ ㄗㄞˋ ㄓㄡ
覆蕉尋鹿,1,ㄈㄨˋ ㄐㄧㄠ ㄒㄩㄣˊ ㄌㄨˋ
覆車之軌,1,ㄈㄨˋ ㄔㄜ ㄓ ㄍㄨㄟˇ
覆車之轍,1,ㄈㄨˋ ㄔㄜ ㄓ ㄔㄜˋ
覆車之鑒,1,ㄈㄨˋ ㄔㄜ ㄓ ㄐㄧㄢˋ
覆車當戒,1,ㄈㄨˋ ㄔㄜ ㄉㄤ ㄐㄧㄝˋ
覆車繼軌,1,ㄈㄨˋ ㄔㄜ ㄐㄧˋ ㄍㄨㄟˇ
覆軍殺將,1,ㄈㄨˋ ㄐㄩㄣ ㄕㄚ ㄐㄧㄤˋ
覆轍重蹈,1,ㄈㄨˋ ㄔㄜˋ ㄔㄨㄥˊ ㄉㄠˋ
覆雨翻雲,1,ㄈㄨˋ ㄩˇ ㄈㄢ ㄩㄣˊ
覆餗之患,1,ㄈㄨˋ ㄙㄨˋ ㄓ ㄏㄨㄢˋ
覆餗之憂,1,ㄈㄨˋ ㄙㄨˋ ㄓ ㄧㄡ
覆餗之釁,1,ㄈㄨˋ ㄙㄨˋ ㄓ ㄒㄧㄣˋ
覆鹿尋蕉,1,ㄈㄨˋ ㄌㄨˋ ㄒㄩㄣˊ ㄐㄧㄠ
覆鹿遺蕉,1,ㄈㄨˋ ㄌㄨˋ ㄧˊ ㄐㄧㄠ
見事風生,1,ㄐㄧㄢˋ ㄕˋ ㄈㄥ ㄕㄥ
見仁見知,1,ㄐㄧㄢˋ ㄖㄣˊ ㄐㄧㄢˋ ㄓˋ
見兔呼狗,1,ㄐㄧㄢˋ ㄊㄨˋ ㄏㄨ ㄍㄡˇ
見兔放鷹,1,ㄐㄧㄢˋ ㄊㄨˋ ㄈㄤˋ ㄧㄥ
見兔顧犬,1,ㄐㄧㄢˋ ㄊㄨˋ ㄍㄨˋ ㄑㄩㄢˇ
見利思義,1,ㄐㄧㄢˋ ㄌㄧˋ ㄙ ㄧˋ
見危受命,1,ㄐㄧㄢˋ ㄨㄟˊ ㄕㄡˋ ㄇㄧㄥˋ
見危授命,1,ㄐㄧㄢˋ ㄨㄟˊ ㄕㄡˋ ㄇㄧㄥˋ
見危致命,1,ㄐㄧㄢˋ ㄨㄟˊ ㄓˋ ㄇㄧㄥˋ
見噎廢食,1,ㄐㄧㄢˋ ㄧㄝ ㄈㄟˋ ㄕˊ
見堯於牆,1,ㄐㄧㄢˋ ㄧㄠˊ ㄩˊ ㄑㄧㄤˊ
見幾而作,1,ㄐㄧㄢˋ ㄐㄧ ㄦˊ ㄗㄨㄛˋ
見彈求鴞,1,ㄐㄧㄢˋ ㄉㄢˋ ㄑㄧㄡˊ ㄒㄧㄠ
見微知萌,1,ㄐㄧㄢˋ ㄨㄟˊ ㄓ ㄇㄥˊ
見德思齊,1,ㄐㄧㄢˋ ㄉㄜˊ ㄙ ㄑㄧˊ
見性成佛,1,ㄐㄧㄢˋ ㄒㄧㄥˋ ㄔㄥˊ ㄈㄛˊ
見怪不怪,1,ㄐㄧㄢˋ ㄍㄨㄞˋ ㄅㄨˋ ㄍㄨㄞˋ
見慣不驚,1,ㄐㄧㄢˋ ㄍㄨㄢˋ ㄅㄨˋ ㄐㄧㄥ
見慣司空,1,ㄐㄧㄢˋ ㄍㄨㄢˋ ㄙ ㄎㄨㄥ
見智見仁,1,ㄐㄧㄢˋ ㄓˋ ㄐㄧㄢˋ ㄖㄣˊ
見樣學樣,1,ㄐㄧㄢˋ ㄧㄤˋ ㄒㄩㄝˊ ㄧㄤˋ
見機而作,1,ㄐㄧㄢˋ ㄐㄧ ㄦˊ ㄗㄨㄛˋ
見死不救,1,ㄐㄧㄢˋ ㄙˇ ㄅㄨˋ ㄐㄧㄡˋ
見溺不救,1,ㄐㄧㄢˋ ㄋㄧˋ ㄅㄨˋ ㄐㄧㄡˋ
見神見鬼,1,ㄐㄧㄢˋ ㄕㄣˊ ㄐㄧㄢˋ ㄍㄨㄟˇ
見笑大方,1,ㄐㄧㄢˋ ㄒㄧㄠˋ ㄉㄚˋ ㄈㄤ
見笑於人,1,ㄐㄧㄢˋ ㄒㄧㄠˋ ㄩˊ ㄖㄣˊ
見精識精,1,ㄐㄧㄢˋ ㄐㄧㄥ ㄕˋ ㄐㄧㄥ
見經識經,1,ㄐㄧㄢˋ ㄐㄧㄥ ㄕˋ ㄐㄧㄥ
見縫就鑽,1,ㄐㄧㄢˋ ㄈㄥˋ ㄐㄧㄡˋ ㄗㄨㄢ
見而色喜,1,ㄐㄧㄢˋ ㄦˊ ㄙㄜˋ ㄒㄧˇ
見聞習染,1,ㄐㄧㄢˋ ㄨㄣˊ ㄒㄧˊ ㄖㄢˇ
見肉生根,1,ㄐㄧㄢˋ ㄖㄡˋ ㄕㄥ ㄍㄣ
見色忘友,1,ㄐㄧㄢˋ ㄙㄜˋ ㄨㄤˋ ㄧㄡˇ
見血封喉,1,ㄐㄧㄢˋ ㄒㄧㄝˇ ㄈㄥ ㄏㄡˊ
見識淺短,1,ㄐㄧㄢˋ ㄕˋ ㄑㄧㄢˇ ㄉㄨㄢˇ
見貌辨色,1,ㄐㄧㄢˋ ㄇㄠˋ ㄅㄧㄢˋ ㄙㄜˋ
見賢不隱,1,ㄐㄧㄢˋ ㄒㄧㄢˊ ㄅㄨˋ ㄧㄣˇ
見錢眼紅,1,ㄐㄧㄢˋ ㄑㄧㄢˊ ㄧㄢˇ ㄏㄨㄥˊ
見鞍思馬,1,ㄐㄧㄢˋ ㄢ ㄙ ㄇㄚˇ
見風使帆,1,ㄐㄧㄢˋ ㄈㄥ ㄕˇ ㄈㄢˊ
見風是雨,1,ㄐㄧㄢˋ ㄈㄥ ㄕˋ ㄩˇ
見風轉篷,1,ㄐㄧㄢˋ ㄈㄥ ㄓㄨㄢˇ ㄆㄥˊ
見風駛船,1,ㄐㄧㄢˋ ㄈㄥ ㄕˇ ㄔㄨㄢˊ
見驥一毛,1,ㄐㄧㄢˋ ㄐㄧˋ ㄧ ㄇㄠˊ
規圓矩方,1,ㄍㄨㄟ ㄩㄢˊ ㄐㄩˇ ㄈㄤ
規外行動,1,ㄍㄨㄟ ㄨㄞˋ ㄒㄧㄥˊ ㄉㄨㄥˋ
規定地價,1,ㄍㄨㄟ ㄉㄧㄥˋ ㄉㄧˋ ㄐㄧㄚˋ
規模遠舉,1,ㄍㄨㄟ ㄇㄛˊ ㄩㄢˇ ㄐㄩˇ
規矩準繩,1,ㄍㄨㄟ ㄐㄩˇ ㄓㄨㄣˇ ㄕㄥˊ
規矩繩墨,1,ㄍㄨㄟ ㄐㄩˇ ㄕㄥˊ ㄇㄛˋ
規矩鉤繩,1,ㄍㄨㄟ ㄐㄩˇ ㄍㄡ ㄕㄥˊ
規行矩止,1,ㄍㄨㄟ ㄒㄧㄥˊ ㄐㄩˇ ㄓˇ
規行矩步,1,ㄍㄨㄟ ㄒㄧㄥˊ ㄐㄩˇ ㄅㄨˋ
規言矩步,1,ㄍㄨㄟ ㄧㄢˊ ㄐㄩˇ ㄅㄨˋ
規重矩疊,1,ㄍㄨㄟ ㄔㄨㄥˊ ㄐㄩˇ ㄉㄧㄝˊ
覓愛追歡,1,ㄇㄧˋ ㄞˋ ㄓㄨㄟ ㄏㄨㄢ
覓柳尋花,1,ㄇㄧˋ ㄌㄧㄡˇ ㄒㄩㄣˊ ㄏㄨㄚ
覓死尋活,1,ㄇㄧˋ ㄙˇ ㄒㄩㄣˊ ㄏㄨㄛˊ
覓生覓死,1,ㄇㄧˋ ㄕㄥ ㄇㄧˋ ㄙˇ
覓衣求食,1,ㄇㄧˋ ㄧ ㄑㄧㄡˊ ㄕˊ
視丹如綠,1,ㄕˋ ㄉㄢ ㄖㄨˊ ㄌㄩˋ
視人如傷,1,ㄕˋ ㄖㄣˊ ㄖㄨˊ ㄕㄤ
視人如子,1,ㄕˋ ㄖㄣˊ ㄖㄨˊ ㄗˇ
視人畏傷,1,ㄕˋ ㄖㄣˊ ㄨㄟˋ ㄕㄤ
視同兒戲,1,ㄕˋ ㄊㄨㄥˊ ㄦˊ ㄒㄧˋ
視同具文,1,ㄕˋ ㄊㄨㄥˊ ㄐㄩˋ ㄨㄣˊ
視同秦越,1,ㄕˋ ㄊㄨㄥˊ ㄑㄧㄣˊ ㄩㄝˋ
視同陌路,1,ㄕˋ ㄊㄨㄥˊ ㄇㄛˋ ㄌㄨˋ
視如土芥,1,ㄕˋ ㄖㄨˊ ㄊㄨˇ ㄐㄧㄝˋ
視如寇讎,1,ㄕˋ ㄖㄨˊ ㄎㄡˋ ㄔㄡˊ
視如敝屣,1,ㄕˋ ㄖㄨˊ ㄅㄧˋ ㄒㄧˇ
視如糞土,1,ㄕˋ ㄖㄨˊ ㄈㄣˋ ㄊㄨˇ
視如草芥,1,ㄕˋ ㄖㄨˊ ㄘㄠˇ ㄐㄧㄝˋ
視微知著,1,ㄕˋ ㄨㄟˊ ㄓ ㄓㄨˋ
視死如生,1,ㄕˋ ㄙˇ ㄖㄨˊ ㄕㄥ
視死如飴,1,ㄕˋ ㄙˇ ㄖㄨˊ ㄧˊ
視死若歸,1,ㄕˋ ㄙˇ ㄖㄨㄛˋ ㄍㄨㄟ
視民如傷,1,ㄕˋ ㄇㄧㄣˊ ㄖㄨˊ ㄕㄤ
視民如子,1,ㄕˋ ㄇㄧㄣˊ ㄖㄨˊ ㄗˇ
視為畏途,1,ㄕˋ ㄨㄟˊ ㄨㄟˋ ㄊㄨˊ
視窗九五,1,ㄕˋ ㄔㄨㄤ ㄐㄧㄡˇ ㄨˇ
視端容寂,1,ㄕˋ ㄉㄨㄢ ㄖㄨㄥˊ ㄐㄧˊ
視而不見,1,ㄕˋ ㄦˊ ㄅㄨˋ ㄐㄧㄢˋ
視聽傳播,1,ㄕˋ ㄊㄧㄥ ㄔㄨㄢˊ ㄅㄛˋ
視若兒戲,1,ㄕˋ ㄖㄨㄛˋ ㄦˊ ㄒㄧˋ
視若無物,1,ㄕˋ ㄖㄨㄛˋ ㄨˊ ㄨˋ
視若草芥,1,ㄕˋ ㄖㄨㄛˋ ㄘㄠˇ ㄐㄧㄝˋ
視虱如輪,1,ㄕˋ ㄕ ㄖㄨˊ ㄌㄨㄣˊ
視覺懸崖,1,ㄕˋ ㄐㄩㄝˊ ㄒㄩㄢˊ ㄧㄞˊ
視覺空間,1,ㄕˋ ㄐㄩㄝˊ ㄎㄨㄥ ㄐㄧㄢ
視覺藝術,1,ㄕˋ ㄐㄩㄝˊ ㄧˋ ㄕㄨˋ
視覺適應,1,ㄕˋ ㄐㄩㄝˊ ㄕˋ ㄧㄥˋ
視訊會議,1,ㄕˋ ㄒㄩㄣˋ ㄏㄨㄟˋ ㄧˋ
視訊系統,1,ㄕˋ ㄒㄩㄣˋ ㄒㄧˋ ㄊㄨㄥˇ
視險如夷,1,ㄕˋ ㄒㄧㄢˇ ㄖㄨˊ ㄧˊ
視險若夷,1,ㄕˋ ㄒㄧㄢˇ ㄖㄨㄛˋ ㄧˊ
親上作親,1,ㄑㄧㄣ ㄕㄤˋ ㄗㄨㄛˋ ㄑㄧㄣ
親上成親,1,ㄑㄧㄣ ㄕㄤˋ ㄔㄥˊ ㄑㄧㄣ
親子教養,1,ㄑㄧㄣ ㄗˇ ㄐㄧㄠˋ ㄧㄤˇ
親家禮道,1,ㄑㄧㄥˋ ㄐㄧㄚ˙ ㄌㄧˇ ㄉㄠˋ
親家老爺,1,ㄑㄧㄥˋ ㄐㄧㄚ˙ ㄌㄠˇ ㄧㄝ˙
親密無間,1,ㄑㄧㄣ ㄇㄧˋ ㄨˊ ㄐㄧㄢˋ
親屬稱謂,1,ㄑㄧㄣ ㄕㄨˇ ㄔㄥ ㄨㄟˋ
親屬語言,1,ㄑㄧㄣ ㄕㄨˇ ㄩˇ ㄧㄢˊ
親操井臼,1,ㄑㄧㄣ ㄘㄠ ㄐㄧㄥˇ ㄐㄧㄡˋ
親極反疏,1,ㄑㄧㄣ ㄐㄧˊ ㄈㄢˇ ㄕㄨ
親生骨肉,1,ㄑㄧㄣ ㄕㄥ ㄍㄨˇ ㄖㄡˋ
親疏遠近,1,ㄑㄧㄣ ㄕㄨ ㄩㄢˇ ㄐㄧㄣˋ
親痛仇快,1,ㄑㄧㄣ ㄊㄨㄥˋ ㄔㄡˊ ㄎㄨㄞˋ
親眼目睹,1,ㄑㄧㄣ ㄧㄢˇ ㄇㄨˋ ㄉㄨˇ
親職教育,1,ㄑㄧㄣ ㄓˊ ㄐㄧㄠˋ ㄩˋ
親離眾叛,1,ㄑㄧㄣ ㄌㄧˊ ㄓㄨㄥˋ ㄆㄢˋ
覬覦之心,1,ㄐㄧˋ ㄩˊ ㄓ ㄒㄧㄣ
覬覦之志,1,ㄐㄧˋ ㄩˊ ㄓ ㄓˋ
覷個意順,1,ㄑㄩˋ ㄍㄜ˙ ㄧˋ ㄕㄨㄣˋ
覺返迷津,1,ㄐㄩㄝˊ ㄈㄢˇ ㄇㄧˊ ㄐㄧㄣ
觀光夜市,1,ㄍㄨㄢ ㄍㄨㄤ ㄧㄝˋ ㄕˋ
觀光果園,1,ㄍㄨㄢ ㄍㄨㄤ ㄍㄨㄛˇ ㄩㄢˊ
觀光簽證,1,ㄍㄨㄢ ㄍㄨㄤ ㄑㄧㄢ ㄓㄥˋ
觀審制度,1,ㄍㄨㄢ ㄕㄣˇ ㄓˋ ㄉㄨˋ
觀形察色,1,ㄍㄨㄢ ㄒㄧㄥˊ ㄔㄚˊ ㄙㄜˋ
觀往知來,1,ㄍㄨㄢ ㄨㄤˇ ㄓ ㄌㄞˊ
觀想念佛,1,ㄍㄨㄢ ㄒㄧㄤˇ ㄋㄧㄢˋ ㄈㄛˊ
觀望成敗,1,ㄍㄨㄢ ㄨㄤˋ ㄔㄥˊ ㄅㄞˋ
觀機而動,1,ㄍㄨㄢ ㄐㄧ ㄦˊ ㄉㄨㄥˋ
觀眉說眼,1,ㄍㄨㄢ ㄇㄟˊ ㄕㄨㄛ ㄧㄢˇ
觀者如市,1,ㄍㄨㄢ ㄓㄜˇ ㄖㄨˊ ㄕˋ
觀者如織,1,ㄍㄨㄢ ㄓㄜˇ ㄖㄨˊ ㄓ
觀者如雲,1,ㄍㄨㄢ ㄓㄜˇ ㄖㄨˊ ㄩㄣˊ
觀者蝟集,1,ㄍㄨㄢ ㄓㄜˇ ㄨㄟˋ ㄐㄧˊ
觀者雲集,1,ㄍㄨㄢ ㄓㄜˇ ㄩㄣˊ ㄐㄧˊ
觀葉植物,1,ㄍㄨㄢ ㄧㄝˋ ㄓˊ ㄨˋ
觀護制度,1,ㄍㄨㄢ ㄏㄨˋ ㄓˋ ㄉㄨˋ
觀貌察色,1,ㄍㄨㄢ ㄇㄠˋ ㄔㄚˊ ㄙㄜˋ
觀賞植物,1,ㄍㄨㄢ ㄕㄤˇ ㄓˊ ㄨˋ
觀賞辣椒,1,ㄍㄨㄢ ㄕㄤˇ ㄌㄚˋ ㄐㄧㄠ
觀過知仁,1,ㄍㄨㄢ ㄍㄨㄛˋ ㄓ ㄖㄣˊ
觀釁伺隙,1,ㄍㄨㄢ ㄒㄧㄣˋ ㄙˋ ㄒㄧˋ
觀釁而動,1,ㄍㄨㄢ ㄒㄧㄣˋ ㄦˊ ㄉㄨㄥˋ
觀音佛祖,1,ㄍㄨㄢ ㄧㄣ ㄈㄛˊ ㄗㄨˇ
觀音座蓮,1,ㄍㄨㄢ ㄧㄣ ㄗㄨㄛˋ ㄌㄧㄢˊ
觀音棕竹,1,ㄍㄨㄢ ㄧㄣ ㄗㄨㄥ ㄓㄨˊ
觀音法會,1,ㄍㄨㄢ ㄧㄣ ㄈㄚˇ ㄏㄨㄟˋ
觀風問俗,1,ㄍㄨㄢ ㄈㄥ ㄨㄣˋ ㄙㄨˊ
角巾私第,1,ㄐㄧㄠˇ ㄐㄧㄣ ㄙ ㄉㄧˋ
角平分線,1,ㄐㄧㄠˇ ㄆㄧㄥˊ ㄈㄣ ㄒㄧㄢˋ
角肩椿象,1,ㄐㄧㄠˇ ㄐㄧㄢ ㄔㄨㄣ ㄒㄧㄤˋ
角色衝突,1,ㄐㄩㄝˊ ㄙㄜˋ ㄔㄨㄥ ㄊㄨˊ
解兵釋甲,1,ㄐㄧㄝˇ ㄅㄧㄥ ㄕˋ ㄐㄧㄚˇ
解劍拜仇,1,ㄐㄧㄝˇ ㄐㄧㄢˋ ㄅㄞˋ ㄔㄡˊ
解弦更張,1,ㄐㄧㄝˇ ㄒㄧㄢˊ ㄍㄥ ㄓㄤ
解悶破寂,1,ㄐㄧㄝˇ ㄇㄣˋ ㄆㄛˋ ㄐㄧˊ
解析函數,1,ㄐㄧㄝˇ ㄒㄧ ㄏㄢˊ ㄕㄨˋ
解析批評,1,ㄐㄧㄝˇ ㄒㄧ ㄆㄧ ㄆㄧㄥˊ
解甲休兵,1,ㄐㄧㄝˇ ㄐㄧㄚˇ ㄒㄧㄡ ㄅㄧㄥ
解甲休士,1,ㄐㄧㄝˇ ㄐㄧㄚˇ ㄒㄧㄡ ㄕˋ
解甲倒戈,1,ㄐㄧㄝˇ ㄐㄧㄚˇ ㄉㄠˇ ㄍㄜ
解甲投戈,1,ㄐㄧㄝˇ ㄐㄧㄚˇ ㄊㄡˊ ㄍㄜ
解甲釋兵,1,ㄐㄧㄝˇ ㄐㄧㄚˇ ㄕˋ ㄅㄧㄥ
解疑釋結,1,ㄐㄧㄝˇ ㄧˊ ㄕˋ ㄐㄧㄝˊ
解組歸田,1,ㄐㄧㄝˇ ㄗㄨˇ ㄍㄨㄟ ㄊㄧㄢˊ
解衣卸甲,1,ㄐㄧㄝˇ ㄧ ㄒㄧㄝˋ ㄐㄧㄚˇ
解訟息爭,1,ㄐㄧㄝˇ ㄙㄨㄥˋ ㄒㄧˊ ㄓㄥ
解鈴繫鈴,1,ㄐㄧㄝˇ ㄌㄧㄥˊ ㄒㄧˋ ㄌㄧㄥˊ
解開疙瘩,1,ㄐㄧㄝˇ ㄎㄞ ㄍㄜ ㄉㄚ˙
解難排憂,1,ㄐㄧㄝˇ ㄋㄢˊ ㄆㄞˊ ㄧㄡ
解驂推食,1,ㄐㄧㄝˇ ㄘㄢ ㄊㄨㄟ ㄕˊ
解髮佯狂,1,ㄐㄧㄝˇ ㄈㄚˇ ㄧㄤˊ ㄎㄨㄤˊ
觥籌交舉,1,ㄍㄨㄥ ㄔㄡˊ ㄐㄧㄠ ㄐㄩˇ
觳觫伏罪,1,ㄏㄨˊ ㄙㄨˋ ㄈㄨˊ ㄗㄨㄟˋ
觸事面牆,1,ㄔㄨˋ ㄕˋ ㄇㄧㄢˋ ㄑㄧㄤˊ
觸山之力,1,ㄔㄨˋ ㄕㄢ ㄓ ㄌㄧˋ
觸手可及,1,ㄔㄨˋ ㄕㄡˇ ㄎㄜˇ ㄐㄧˊ
觸景傷情,1,ㄔㄨˋ ㄐㄧㄥˇ ㄕㄤ ㄑㄧㄥˊ
觸景傷懷,1,ㄔㄨˋ ㄐㄧㄥˇ ㄕㄤ ㄏㄨㄞˊ
觸景生懷,1,ㄔㄨˋ ㄐㄧㄥˇ ㄕㄥ ㄏㄨㄞˊ
觸機落阱,1,ㄔㄨˋ ㄐㄧ ㄌㄨㄛˋ ㄐㄧㄥˇ
觸物傷情,1,ㄔㄨˋ ㄨˋ ㄕㄤ ㄑㄧㄥˊ
觸目傷心,1,ㄔㄨˋ ㄇㄨˋ ㄕㄤ ㄒㄧㄣ
觸目崩心,1,ㄔㄨˋ ㄇㄨˋ ㄅㄥ ㄒㄧㄣ
觸目慟心,1,ㄔㄨˋ ㄇㄨˋ ㄊㄨㄥˋ ㄒㄧㄣ
觸目成誦,1,ㄔㄨˋ ㄇㄨˋ ㄔㄥˊ ㄙㄨㄥˋ
觸目所及,1,ㄔㄨˋ ㄇㄨˋ ㄙㄨㄛˇ ㄐㄧˊ
觸目警心,1,ㄔㄨˋ ㄇㄨˋ ㄐㄧㄥˇ ㄒㄧㄣ
觸目駭心,1,ㄔㄨˋ ㄇㄨˋ ㄏㄞˋ ㄒㄧㄣ
觸禁犯忌,1,ㄔㄨˋ ㄐㄧㄣˋ ㄈㄢˋ ㄐㄧˋ
觸類而長,1,ㄔㄨˋ ㄌㄟˋ ㄦˊ ㄓㄤˇ
言三語四,1,ㄧㄢˊ ㄙㄢ ㄩˇ ㄙˋ
言不及私,1,ㄧㄢˊ ㄅㄨˋ ㄐㄧˊ ㄙ
言不應點,1,ㄧㄢˊ ㄅㄨˋ ㄧㄥˋ ㄉㄧㄢˇ
言不由中,1,ㄧㄢˊ ㄅㄨˋ ㄧㄡˊ ㄓㄨㄥ
言不盡意,1,ㄧㄢˊ ㄅㄨˋ ㄐㄧㄣˋ ㄧˋ
言不詭隨,1,ㄧㄢˊ ㄅㄨˋ ㄍㄨㄟˇ ㄙㄨㄟˊ
言不諳典,1,ㄧㄢˊ ㄅㄨˋ ㄢ ㄉㄧㄢˇ
言不踐行,1,ㄧㄢˊ ㄅㄨˋ ㄐㄧㄢˋ ㄒㄧㄥˊ
言不逮意,1,ㄧㄢˊ ㄅㄨˋ ㄉㄞˋ ㄧˋ
言不顧行,1,ㄧㄢˊ ㄅㄨˋ ㄍㄨˋ ㄒㄧㄥˊ
言之不渝,1,ㄧㄢˊ ㄓ ㄅㄨˋ ㄩˊ
言之不盡,1,ㄧㄢˊ ㄓ ㄅㄨˋ ㄐㄧㄣˋ
言之不預,1,ㄧㄢˊ ㄓ ㄅㄨˋ ㄩˋ
言之過甚,1,ㄧㄢˊ ㄓ ㄍㄨㄛˋ ㄕㄣˋ
言事若神,1,ㄧㄢˊ ㄕˋ ㄖㄨㄛˋ ㄕㄣˊ
言來語去,1,ㄧㄢˊ ㄌㄞˊ ㄩˇ ㄑㄩˋ
言兒語子,1,ㄧㄢˊ ㄦˊ ㄩˇ ㄗˇ
言出如山,1,ㄧㄢˊ ㄔㄨ ㄖㄨˊ ㄕㄢ
言出患入,1,ㄧㄢˊ ㄔㄨ ㄏㄨㄢˋ ㄖㄨˋ
言出法隨,1,ㄧㄢˊ ㄔㄨ ㄈㄚˇ ㄙㄨㄟˊ
言十妄九,1,ㄧㄢˊ ㄕˊ ㄨㄤˋ ㄐㄧㄡˇ
言和意順,1,ㄧㄢˊ ㄏㄜˊ ㄧˋ ㄕㄨㄣˋ
言多傷行,1,ㄧㄢˊ ㄉㄨㄛ ㄕㄤ ㄒㄧㄥˊ
言多失實,1,ㄧㄢˊ ㄉㄨㄛ ㄕ ㄕˊ
言大而夸,1,ㄧㄢˊ ㄉㄚˋ ㄦˊ ㄎㄨㄚ
言差語錯,1,ㄧㄢˊ ㄔㄚˋ ㄩˇ ㄘㄨㄛˋ
言從計納,1,ㄧㄢˊ ㄘㄨㄥˊ ㄐㄧˋ ㄋㄚˋ
言從計行,1,ㄧㄢˊ ㄘㄨㄥˊ ㄐㄧˋ ㄒㄧㄥˊ
言微旨遠,1,ㄧㄢˊ ㄨㄟˊ ㄓˇ ㄩㄢˇ
言必有中,1,ㄧㄢˊ ㄅㄧˋ ㄧㄡˇ ㄓㄨㄥˋ
言必有據,1,ㄧㄢˊ ㄅㄧˋ ㄧㄡˇ ㄐㄩˋ
言揚行舉,1,ㄧㄢˊ ㄧㄤˊ ㄒㄧㄥˊ ㄐㄩˇ
言歸于好,1,ㄧㄢˊ ㄍㄨㄟ ㄩˊ ㄏㄠˇ
言歸和好,1,ㄧㄢˊ ㄍㄨㄟ ㄏㄜˊ ㄏㄠˇ
言清行濁,1,ㄧㄢˊ ㄑㄧㄥ ㄒㄧㄥˊ ㄓㄨㄛˊ
言無不盡,1,ㄧㄢˊ ㄨˊ ㄅㄨˋ ㄐㄧㄣˋ
言無二價,1,ㄧㄢˊ ㄨˊ ㄦˋ ㄐㄧㄚˋ
言狂意妄,1,ㄧㄢˊ ㄎㄨㄤˊ ㄧˋ ㄨㄤˋ
言真道假,1,ㄧㄢˊ ㄓㄣ ㄉㄠˋ ㄐㄧㄚˇ
言笑嘻怡,1,ㄧㄢˊ ㄒㄧㄠˋ ㄒㄧ ㄧˊ
言笑晏晏,1,ㄧㄢˊ ㄒㄧㄠˋ ㄧㄢˋ ㄧㄢˋ
言笑自如,1,ㄧㄢˊ ㄒㄧㄠˋ ㄗˋ ㄖㄨˊ
言笑自若,1,ㄧㄢˊ ㄒㄧㄠˋ ㄗˋ ㄖㄨㄛˋ
言而不信,1,ㄧㄢˊ ㄦˊ ㄅㄨˋ ㄒㄧㄣˋ
言聽行從,1,ㄧㄢˊ ㄊㄧㄥ ㄒㄧㄥˊ ㄘㄨㄥˊ
言聽計用,1,ㄧㄢˊ ㄊㄧㄥ ㄐㄧˋ ㄩㄥˋ
言聽計行,1,ㄧㄢˊ ㄊㄧㄥ ㄐㄧˋ ㄒㄧㄥˊ
言若懸河,1,ㄧㄢˊ ㄖㄨㄛˋ ㄒㄩㄢˊ ㄏㄜˊ
言行一致,1,ㄧㄢˊ ㄒㄧㄥˋ ㄧ ㄓˋ
言行相悖,1,ㄧㄢˊ ㄒㄧㄥˋ ㄒㄧㄤ ㄅㄟˋ
言行相詭,1,ㄧㄢˊ ㄒㄧㄥˋ ㄒㄧㄤ ㄍㄨㄟˇ
言行相顧,1,ㄧㄢˊ ㄒㄧㄥˋ ㄒㄧㄤ ㄍㄨˋ
言行舉止,1,ㄧㄢˊ ㄒㄧㄥˋ ㄐㄩˇ ㄓˇ
言行若一,1,ㄧㄢˊ ㄒㄧㄥˋ ㄖㄨㄛˋ ㄧ
言行計從,1,ㄧㄢˊ ㄒㄧㄥˋ ㄐㄧˋ ㄘㄨㄥˊ
言言語語,1,ㄧㄢˊ ㄧㄢˊ ㄩˇ ㄩˇ
言詞泠泠,1,ㄧㄢˊ ㄘˊ ㄌㄧㄥˊ ㄌㄧㄥˊ
言語道斷,1,ㄧㄢˊ ㄩˇ ㄉㄠˋ ㄉㄨㄢˋ
言語高低,1,ㄧㄢˊ ㄩˇ ㄍㄠ ㄉㄧ
言談林藪,1,ㄧㄢˊ ㄊㄢˊ ㄌㄧㄣˊ ㄙㄡˇ
言談行事,1,ㄧㄢˊ ㄊㄢˊ ㄒㄧㄥˊ ㄕˋ
言論廣場,1,ㄧㄢˊ ㄌㄨㄣˋ ㄍㄨㄤˇ ㄔㄤˊ
言近指遠,1,ㄧㄢˊ ㄐㄧㄣˋ ㄓˇ ㄩㄢˇ
言近旨遠,1,ㄧㄢˊ ㄐㄧㄣˋ ㄓˇ ㄩㄢˇ
言顛語倒,1,ㄧㄢˊ ㄉㄧㄢ ㄩˇ ㄉㄠˋ
言類懸河,1,ㄧㄢˊ ㄌㄟˋ ㄒㄩㄢˊ ㄏㄜˊ
言高語低,1,ㄧㄢˊ ㄍㄠ ㄩˇ ㄉㄧ
訂婚柬帖,1,ㄉㄧㄥˋ ㄏㄨㄣ ㄐㄧㄢˇ ㄊㄧㄝˇ
計上心頭,1,ㄐㄧˋ ㄕㄤˋ ㄒㄧㄣ ㄊㄡˊ
計不旋踵,1,ㄐㄧˋ ㄅㄨˋ ㄒㄩㄢˊ ㄓㄨㄥˇ
計出萬全,1,ㄐㄧˋ ㄔㄨ ㄨㄢˋ ㄑㄩㄢˊ
計功受爵,1,ㄐㄧˋ ㄍㄨㄥ ㄕㄡˋ ㄐㄩㄝˊ
計功受賞,1,ㄐㄧˋ ㄍㄨㄥ ㄕㄡˋ ㄕㄤˇ
計功行賞,1,ㄐㄧˋ ㄍㄨㄥ ㄒㄧㄥˊ ㄕㄤˇ
計功補過,1,ㄐㄧˋ ㄍㄨㄥ ㄅㄨˇ ㄍㄨㄛˋ
計勞納封,1,ㄐㄧˋ ㄌㄠˊ ㄋㄚˋ ㄈㄥ
計將安出,1,ㄐㄧˋ ㄐㄧㄤ ㄢ ㄔㄨ
計日奏功,1,ㄐㄧˋ ㄖˋ ㄗㄡˋ ㄍㄨㄥ
計日程功,1,ㄐㄧˋ ㄖˋ ㄔㄥˊ ㄍㄨㄥ
計日而俟,1,ㄐㄧˋ ㄖˋ ㄦˊ ㄙˋ
計日而待,1,ㄐㄧˋ ㄖˋ ㄦˊ ㄉㄞˋ
計深慮遠,1,ㄐㄧˋ ㄕㄣ ㄌㄩˋ ㄩㄢˇ
計無所出,1,ㄐㄧˋ ㄨˊ ㄙㄨㄛˇ ㄔㄨ
計無所施,1,ㄐㄧˋ ㄨˊ ㄙㄨㄛˇ ㄕ
計畫生育,1,ㄐㄧˋ ㄏㄨㄚˋ ㄕㄥ ㄩˋ
計畫經濟,1,ㄐㄧˋ ㄏㄨㄚˋ ㄐㄧㄥ ㄐㄧˋ
計白當黑,1,ㄐㄧˋ ㄅㄞˊ ㄉㄤ ㄏㄟ
計盡力窮,1,ㄐㄧˋ ㄐㄧㄣˋ ㄌㄧˋ ㄑㄩㄥˊ
計窮力屈,1,ㄐㄧˋ ㄑㄩㄥˊ ㄌㄧˋ ㄑㄩ
計窮力極,1,ㄐㄧˋ ㄑㄩㄥˊ ㄌㄧˋ ㄐㄧˊ
計窮力盡,1,ㄐㄧˋ ㄑㄩㄥˊ ㄌㄧˋ ㄐㄧㄣˋ
計窮力竭,1,ㄐㄧˋ ㄑㄩㄥˊ ㄌㄧˋ ㄐㄧㄝˊ
計窮勢蹙,1,ㄐㄧˋ ㄑㄩㄥˊ ㄕˋ ㄘㄨˋ
計窮慮極,1,ㄐㄧˋ ㄑㄩㄥˊ ㄌㄩˋ ㄐㄧˊ
計窮智短,1,ㄐㄧˋ ㄑㄩㄥˊ ㄓˋ ㄉㄨㄢˇ
計窮途拙,1,ㄐㄧˋ ㄑㄩㄥˊ ㄊㄨˊ ㄓㄨㄛˊ
計行慮義,1,ㄐㄧˋ ㄒㄧㄥˊ ㄌㄩˋ ㄧˋ
計過自訟,1,ㄐㄧˋ ㄍㄨㄛˋ ㄗˋ ㄙㄨㄥˋ
討個分曉,1,ㄊㄠˇ ㄍㄜ˙ ㄈㄣ ㄒㄧㄠˇ
討價還價,1,ㄊㄠˇ ㄐㄧㄚˋ ㄏㄨㄢˊ ㄐㄧㄚˋ
討好賣乖,1,ㄊㄠˇ ㄏㄠˇ ㄇㄞˋ ㄍㄨㄞ
討惡剪暴,1,ㄊㄠˇ ㄜˋ ㄐㄧㄢˇ ㄅㄠˋ
討沒意思,1,ㄊㄠˇ ㄇㄟˊ ㄧˋ ㄙ˙
討沒臉面,1,ㄊㄠˇ ㄇㄟˊ ㄌㄧㄢˇ ㄇㄧㄢˋ
討逆除暴,1,ㄊㄠˇ ㄋㄧˋ ㄔㄨˊ ㄅㄠˋ
訓兵秣馬,1,ㄒㄩㄣˋ ㄅㄧㄥ ㄇㄛˋ ㄇㄚˇ
訕不搭的,1,ㄕㄢˋ ㄅㄨ˙ ㄉㄚ ㄉㄜ˙
託之空言,1,ㄊㄨㄛ ㄓ ㄎㄨㄥ ㄧㄢˊ
託物寓興,1,ㄊㄨㄛ ㄨˋ ㄩˋ ㄒㄧㄥˋ
託足無門,1,ㄊㄨㄛ ㄗㄨˊ ㄨˊ ㄇㄣˊ
記憶單元,1,ㄐㄧˋ ㄧˋ ㄉㄢ ㄩㄢˊ
記憶容量,1,ㄐㄧˋ ㄧˋ ㄖㄨㄥˊ ㄌㄧㄤˋ
記述文學,1,ㄐㄧˋ ㄕㄨˋ ㄨㄣˊ ㄒㄩㄝˊ
訛言惑眾,1,ㄜˊ ㄧㄢˊ ㄏㄨㄛˋ ㄓㄨㄥˋ
訛言課語,1,ㄜˊ ㄧㄢˊ ㄎㄜˋ ㄩˇ
訛言謊語,1,ㄜˊ ㄧㄢˊ ㄏㄨㄤˇ ㄩˇ
訪古尋幽,1,ㄈㄤˇ ㄍㄨˇ ㄒㄩㄣˊ ㄧㄡ
設定質權,1,ㄕㄜˋ ㄉㄧㄥˋ ㄓˋ ㄑㄩㄢˊ
設帨佳辰,1,ㄕㄜˋ ㄕㄨㄟˋ ㄐㄧㄚ ㄔㄣˊ
設席張筵,1,ㄕㄜˋ ㄒㄧˊ ㄓㄤ ㄧㄢˊ
設張舉措,1,ㄕㄜˋ ㄓㄤ ㄐㄩˇ ㄘㄨㄛˋ
設朝升殿,1,ㄕㄜˋ ㄔㄠˊ ㄕㄥ ㄉㄧㄢˋ
設言托意,1,ㄕㄜˋ ㄧㄢˊ ㄊㄨㄛ ㄧˋ
設鼓懸鐘,1,ㄕㄜˋ ㄍㄨˇ ㄒㄩㄢˊ ㄓㄨㄥ
許由棄瓢,1,ㄒㄩˇ ㄧㄡˊ ㄑㄧˋ ㄆㄧㄠˊ
許由洗耳,1,ㄒㄩˇ ㄧㄡˊ ㄒㄧˇ ㄦˇ
訴訟擔保,1,ㄙㄨˋ ㄙㄨㄥˋ ㄉㄢ ㄅㄠˇ
訶佛罵祖,1,ㄏㄜ ㄈㄛˊ ㄇㄚˋ ㄗㄨˇ
診斷試劑,1,ㄓㄣˇ ㄉㄨㄢˋ ㄕˋ ㄐㄧˋ
註生娘娘,1,ㄓㄨˋ ㄕㄥ ㄋㄧㄤˊ ㄋㄧㄤ˙
詐取豪奪,1,ㄓㄚˋ ㄑㄩˇ ㄏㄠˊ ㄉㄨㄛˊ
詐啞佯聾,1,ㄓㄚˋ ㄧㄚˇ ㄧㄤˊ ㄌㄨㄥˊ
詐奸不及,1,ㄓㄚˋ ㄐㄧㄢ ㄅㄨˋ ㄐㄧˊ
詐敗佯輸,1,ㄓㄚˋ ㄅㄞˋ ㄧㄤˊ ㄕㄨ
詐謀奇計,1,ㄓㄚˋ ㄇㄡˊ ㄑㄧˊ ㄐㄧˋ
詒厥之謀,1,ㄧˊ ㄐㄩㄝˊ ㄓ ㄇㄡˊ
詒厥孫謀,1,ㄧˊ ㄐㄩㄝˊ ㄙㄨㄣ ㄇㄡˊ
評頭品足,1,ㄆㄧㄥˊ ㄊㄡˊ ㄆㄧㄣˇ ㄗㄨˊ
評頭評足,1,ㄆㄧㄥˊ ㄊㄡˊ ㄆㄧㄥˊ ㄗㄨˊ
詘寸伸尺,1,ㄑㄩ ㄘㄨㄣˋ ㄕㄣ ㄔˇ
詘寸信尺,1,ㄑㄩ ㄘㄨㄣˋ ㄕㄣ ㄔˇ
詞不悉心,1,ㄘˊ ㄅㄨˋ ㄒㄧ ㄒㄧㄣ
詞嚴義密,1,ㄘˊ ㄧㄢˊ ㄧˋ ㄇㄧˋ
詞嚴義正,1,ㄘˊ ㄧㄢˊ ㄧˋ ㄓㄥˋ
詞林紀事,1,ㄘˊ ㄌㄧㄣˊ ㄐㄧˋ ㄕˋ
詞清訟簡,1,ㄘˊ ㄑㄧㄥ ㄙㄨㄥˋ ㄐㄧㄢˇ
詞無枝葉,1,ㄘˊ ㄨˊ ㄓ ㄧㄝˋ
詞窮理屈,1,ㄘˊ ㄑㄩㄥˊ ㄌㄧˇ ㄑㄩ
詞窮理盡,1,ㄘˊ ㄑㄩㄥˊ ㄌㄧˇ ㄐㄧㄣˋ
詞窮理絕,1,ㄘˊ ㄑㄩㄥˊ ㄌㄧˇ ㄐㄩㄝˊ
詞華典贍,1,ㄘˊ ㄏㄨㄚˊ ㄉㄧㄢˇ ㄕㄢˋ
詠懷古蹟,1,ㄩㄥˇ ㄏㄨㄞˊ ㄍㄨˇ ㄐㄧ
詠雪之慧,1,ㄩㄥˇ ㄒㄩㄝˇ ㄓ ㄏㄨㄟˋ
詠雪之才,1,ㄩㄥˇ ㄒㄩㄝˇ ㄓ ㄘㄞˊ
詢事考言,1,ㄒㄩㄣˊ ㄕˋ ㄎㄠˇ ㄧㄢˊ
詢於芻蕘,1,ㄒㄩㄣˊ ㄩˊ ㄔㄨˊ ㄖㄠˊ
試管動物,1,ㄕˋ ㄍㄨㄢˇ ㄉㄨㄥˋ ㄨˋ
詩云子曰,1,ㄕ ㄩㄣˊ ㄗˇ ㄩㄝ
詩以言志,1,ㄕ ㄧˇ ㄧㄢˊ ㄓˋ
詩入雞林,1,ㄕ ㄖㄨˋ ㄐㄧ ㄌㄧㄣˊ
詩書禮樂,1,ㄕ ㄕㄨ ㄌㄧˇ ㄩㄝˋ
詩朋酒侶,1,ㄕ ㄆㄥˊ ㄐㄧㄡˇ ㄌㄩˇ
詩朋酒友,1,ㄕ ㄆㄥˊ ㄐㄧㄡˇ ㄧㄡˇ
詩禮之家,1,ㄕ ㄌㄧˇ ㄓ ㄐㄧㄚ
詩禮人家,1,ㄕ ㄌㄧˇ ㄖㄣˊ ㄐㄧㄚ
詩禮傳家,1,ㄕ ㄌㄧˇ ㄔㄨㄢˊ ㄐㄧㄚ
詩腸鼓吹,1,ㄕ ㄔㄤˊ ㄍㄨˇ ㄔㄨㄟˋ
詩酒朋儕,1,ㄕ ㄐㄧㄡˇ ㄆㄥˊ ㄔㄞˊ
詬誶謠諑,1,ㄍㄡˋ ㄙㄨㄟˋ ㄧㄠˊ ㄓㄨㄛˊ
詭形怪狀,1,ㄍㄨㄟˇ ㄒㄧㄥˊ ㄍㄨㄞˋ ㄓㄨㄤˋ
詭形殊狀,1,ㄍㄨㄟˇ ㄒㄧㄥˊ ㄕㄨ ㄓㄨㄤˋ
詭怪奇譎,1,ㄍㄨㄟˇ ㄍㄨㄞˋ ㄑㄧˊ ㄐㄩㄝˊ
詭狀異形,1,ㄍㄨㄟˇ ㄓㄨㄤˋ ㄧˋ ㄒㄧㄥˊ
詭計百出,1,ㄍㄨㄟˇ ㄐㄧˋ ㄅㄞˇ ㄔㄨ
詭計陰謀,1,ㄍㄨㄟˇ ㄐㄧˋ ㄧㄣ ㄇㄡˊ
詭譎怪誕,1,ㄍㄨㄟˇ ㄐㄩㄝˊ ㄍㄨㄞˋ ㄉㄢˋ
詭譎無行,1,ㄍㄨㄟˇ ㄐㄩㄝˊ ㄨˊ ㄒㄧㄥˊ
詭變多端,1,ㄍㄨㄟˇ ㄅㄧㄢˋ ㄉㄨㄛ ㄉㄨㄢ
詭負葛藤,1,ㄍㄨㄟˇ ㄈㄨˋ ㄍㄜˊ ㄊㄥˊ
詭辭欺世,1,ㄍㄨㄟˇ ㄘˊ ㄑㄧ ㄕˋ
詭辯學派,1,ㄍㄨㄟˇ ㄅㄧㄢˋ ㄒㄩㄝˊ ㄆㄞˋ
詭銜竊轡,1,ㄍㄨㄟˇ ㄒㄧㄢˊ ㄑㄧㄝˋ ㄆㄟˋ
詭麗輻輳,1,ㄍㄨㄟˇ ㄌㄧˋ ㄈㄨˊ ㄘㄡˋ
話不虛傳,1,ㄏㄨㄚˋ ㄅㄨˋ ㄒㄩ ㄔㄨㄢˊ
話休絮煩,1,ㄏㄨㄚˋ ㄒㄧㄡ ㄒㄩˋ ㄈㄢˊ
話冷雞窗,1,ㄏㄨㄚˋ ㄌㄥˇ ㄐㄧ ㄔㄨㄤ
話分兩頭,1,ㄏㄨㄚˋ ㄈㄣ ㄌㄧㄤˇ ㄊㄡˊ
話裡套話,1,ㄏㄨㄚˋ ㄌㄧˇ ㄊㄠˋ ㄏㄨㄚˋ
話裡藏鬮,1,ㄏㄨㄚˋ ㄌㄧˇ ㄘㄤˊ ㄐㄧㄡ
話雖如此,1,ㄏㄨㄚˋ ㄙㄨㄟ ㄖㄨˊ ㄘˇ
該死行瘟,1,ㄍㄞ ㄙˇ ㄒㄧㄥˊ ㄨㄣ
詹氏年鑑,1,ㄓㄢ ㄕˋ ㄋㄧㄢˊ ㄐㄧㄢˋ
詼諧笑浪,1,ㄏㄨㄟ ㄒㄧㄝˊ ㄒㄧㄠˋ ㄌㄤˋ
誅一警百,1,ㄓㄨ ㄧ ㄐㄧㄥˇ ㄅㄞˇ
誅不避貴,1,ㄓㄨ ㄅㄨˋ ㄅㄧˋ ㄍㄨㄟˋ
誅凶殄逆,1,ㄓㄨ ㄒㄩㄥ ㄊㄧㄢˇ ㄋㄧˋ
誅凶討逆,1,ㄓㄨ ㄒㄩㄥ ㄊㄠˇ ㄋㄧˋ
誅暴討逆,1,ㄓㄨ ㄅㄠˋ ㄊㄠˇ ㄋㄧˋ
誅求無厭,1,ㄓㄨ ㄑㄧㄡˊ ㄨˊ ㄧㄢˋ
誅求無已,1,ㄓㄨ ㄑㄧㄡˊ ㄨˊ ㄧˇ
誅盡殺絕,1,ㄓㄨ ㄐㄧㄣˋ ㄕㄚ ㄐㄩㄝˊ
誅鋤異己,1,ㄓㄨ ㄔㄨˊ ㄧˋ ㄐㄧˇ
誆言詐語,1,ㄎㄨㄤ ㄧㄢˊ ㄓㄚˋ ㄩˇ
誇勝道強,1,ㄎㄨㄚ ㄕㄥˋ ㄉㄠˋ ㄑㄧㄤˊ
誇多鬥靡,1,ㄎㄨㄚ ㄉㄨㄛ ㄉㄡˋ ㄇㄧˇ
誇大不實,1,ㄎㄨㄚ ㄉㄚˋ ㄅㄨˋ ㄕˊ
誇大其辭,1,ㄎㄨㄚ ㄉㄚˋ ㄑㄧˊ ㄘˊ
誇張其辭,1,ㄎㄨㄚ ㄓㄤ ㄑㄧˊ ㄘˊ
誇強說會,1,ㄎㄨㄚ ㄑㄧㄤˊ ㄕㄨㄛ ㄏㄨㄟˋ
誇才賣智,1,ㄎㄨㄚ ㄘㄞˊ ㄇㄞˋ ㄓˋ
誇能鬥智,1,ㄎㄨㄚ ㄋㄥˊ ㄉㄡˋ ㄓˋ
誇誇其談,1,ㄎㄨㄚ ㄎㄨㄚ ㄑㄧˊ ㄊㄢˊ
誌之不忘,1,ㄓˋ ㄓ ㄅㄨˋ ㄨㄤˋ
認賊為子,1,ㄖㄣˋ ㄗㄟˊ ㄨㄟˊ ㄗˇ
誓同生死,1,ㄕˋ ㄊㄨㄥˊ ㄕㄥ ㄙˇ
誓山盟海,1,ㄕˋ ㄕㄢ ㄇㄥˊ ㄏㄞˇ
誓彼襟靈,1,ㄕˋ ㄅㄧˇ ㄐㄧㄣ ㄌㄧㄥˊ
誓死不二,1,ㄕˋ ㄙˇ ㄅㄨˋ ㄦˋ
誓泉之譏,1,ㄕˋ ㄑㄩㄢˊ ㄓ ㄐㄧ
誓海盟山,1,ㄕˋ ㄏㄞˇ ㄇㄥˊ ㄕㄢ
誓無二心,1,ㄕˋ ㄨˊ ㄦˋ ㄒㄧㄣ
誓無二志,1,ㄕˋ ㄨˊ ㄦˋ ㄓˋ
誕登道岸,1,ㄉㄢˋ ㄉㄥ ㄉㄠˋ ㄢˋ
誕罔不經,1,ㄉㄢˋ ㄨㄤˇ ㄅㄨˋ ㄐㄧㄥ
誘掖後進,1,ㄧㄡˋ ㄧˋ ㄏㄡˋ ㄐㄧㄣˋ
誘敵深入,1,ㄧㄡˋ ㄉㄧˊ ㄕㄣ ㄖㄨˋ
語不投機,1,ㄩˇ ㄅㄨˋ ㄊㄡˊ ㄐㄧ
語不擇人,1,ㄩˇ ㄅㄨˋ ㄗㄜˊ ㄖㄣˊ
語不驚人,1,ㄩˇ ㄅㄨˋ ㄐㄧㄥ ㄖㄣˊ
語四言三,1,ㄩˇ ㄙˋ ㄧㄢˊ ㄙㄢ
語妙絕倫,1,ㄩˇ ㄇㄧㄠˋ ㄐㄩㄝˊ ㄌㄨㄣˊ
語笑喧呼,1,ㄩˇ ㄒㄧㄠˋ ㄒㄩㄢ ㄏㄨ
語笑喧譁,1,ㄩˇ ㄒㄧㄠˋ ㄒㄩㄢ ㄏㄨㄚˊ
語笑喧闐,1,ㄩˇ ㄒㄧㄠˋ ㄒㄩㄢ ㄊㄧㄢˊ
語言治療,1,ㄩˇ ㄧㄢˊ ㄓˋ ㄌㄧㄠˊ
語言無味,1,ㄩˇ ㄧㄢˊ ㄨˊ ㄨㄟˋ
語言邏輯,1,ㄩˇ ㄧㄢˊ ㄌㄨㄛˊ ㄐㄧˊ
語言顛倒,1,ㄩˇ ㄧㄢˊ ㄉㄧㄢ ㄉㄠˇ
語音合成,1,ㄩˇ ㄧㄣ ㄏㄜˊ ㄔㄥˊ
語音郵件,1,ㄩˇ ㄧㄣ ㄧㄡˊ ㄐㄧㄢˋ
誠信原則,1,ㄔㄥˊ ㄒㄧㄣˋ ㄩㄢˊ ㄗㄜˊ
誠可格天,1,ㄔㄥˊ ㄎㄜˇ ㄍㄜˊ ㄊㄧㄢ
誠心敬意,1,ㄔㄥˊ ㄒㄧㄣ ㄐㄧㄥˋ ㄧˋ
誠心正意,1,ㄔㄥˊ ㄒㄧㄣ ㄓㄥˋ ㄧˋ
誠恐誠惶,1,ㄔㄥˊ ㄎㄨㄥˇ ㄔㄥˊ ㄏㄨㄤˊ
誠惶誠懼,1,ㄔㄥˊ ㄏㄨㄤˊ ㄔㄥˊ ㄐㄩˋ
誣盜插贓,1,ㄨ ㄉㄠˋ ㄔㄚ ㄗㄤ
誣良為盜,1,ㄨ ㄌㄧㄤˊ ㄨㄟˊ ㄉㄠˋ
誤國害民,1,ㄨˋ ㄍㄨㄛˊ ㄏㄞˋ ㄇㄧㄣˊ
誤國欺君,1,ㄨˋ ㄍㄨㄛˊ ㄑㄧ ㄐㄩㄣ
誤國殃民,1,ㄨˋ ㄍㄨㄛˊ ㄧㄤ ㄇㄧㄣˊ
誤國殄民,1,ㄨˋ ㄍㄨㄛˊ ㄊㄧㄢˇ ㄇㄧㄣˊ
誨淫誨盜,1,ㄏㄨㄟˋ ㄧㄣˊ ㄏㄨㄟˋ ㄉㄠˋ
誨盜誨淫,1,ㄏㄨㄟˋ ㄉㄠˋ ㄏㄨㄟˋ ㄧㄣˊ
誨而不倦,1,ㄏㄨㄟˋ ㄦˊ ㄅㄨˋ ㄐㄩㄢˋ
說一不二,1,ㄕㄨㄛ ㄧ ㄅㄨˋ ㄦˋ
說三說四,1,ㄕㄨㄛ ㄙㄢ ㄕㄨㄛ ㄙˋ
說三道四,1,ㄕㄨㄛ ㄙㄢ ㄉㄠˋ ㄙˋ
說不上來,1,ㄕㄨㄛ ㄅㄨ˙ ㄕㄤˋ ㄌㄞˊ
說不下去,1,ㄕㄨㄛ ㄅㄨ˙ ㄒㄧㄚˋ ㄑㄩˋ
說不過去,1,ㄕㄨㄛ ㄅㄨ˙ ㄍㄨㄛˋ ㄑㄩˋ
說也奇怪,1,ㄕㄨㄛ ㄧㄝˇ ㄑㄧˊ ㄍㄨㄞˋ
說事過錢,1,ㄕㄨㄛ ㄕˋ ㄍㄨㄛˋ ㄑㄧㄢˊ
說今道古,1,ㄕㄨㄛ ㄐㄧㄣ ㄉㄠˋ ㄍㄨˇ
說做就做,1,ㄕㄨㄛ ㄗㄨㄛˋ ㄐㄧㄡˋ ㄗㄨㄛˋ
說千說萬,1,ㄕㄨㄛ ㄑㄧㄢ ㄕㄨㄛ ㄨㄢˋ
說古談今,1,ㄕㄨㄛ ㄍㄨˇ ㄊㄢˊ ㄐㄧㄣ
說唱文學,1,ㄕㄨㄛ ㄔㄤˋ ㄨㄣˊ ㄒㄩㄝˊ
說嘴打嘴,1,ㄕㄨㄛ ㄗㄨㄟˇ ㄉㄚˇ ㄗㄨㄟˇ
說地談天,1,ㄕㄨㄛ ㄉㄧˋ ㄊㄢˊ ㄊㄧㄢ
說天說地,1,ㄕㄨㄛ ㄊㄧㄢ ㄕㄨㄛ ㄉㄧˋ
說學逗唱,1,ㄕㄨㄛ ㄒㄩㄝˊ ㄉㄡˋ ㄔㄤˋ
說家克計,1,ㄕㄨㄛ ㄐㄧㄚ ㄎㄜˋ ㄐㄧˋ
說是談非,1,ㄕㄨㄛ ㄕˋ ㄊㄢˊ ㄈㄟ
說東談西,1,ㄕㄨㄛ ㄉㄨㄥ ㄊㄢˊ ㄒㄧ
說梅止渴,1,ㄕㄨㄛ ㄇㄟˊ ㄓˇ ㄎㄜˇ
說清道白,1,ㄕㄨㄛ ㄑㄧㄥ ㄉㄠˋ ㄅㄞˊ
說白道綠,1,ㄕㄨㄛ ㄅㄞˊ ㄉㄠˋ ㄌㄩˋ
說白道黑,1,ㄕㄨㄛ ㄅㄞˊ ㄉㄠˋ ㄏㄟ
說短道長,1,ㄕㄨㄛ ㄉㄨㄢˇ ㄉㄠˋ ㄔㄤˊ
說親道熱,1,ㄕㄨㄛ ㄑㄧㄣ ㄉㄠˋ ㄖㄜˋ
說詩啐話,1,ㄕㄨㄛ ㄕ ㄗㄨㄟˋ ㄏㄨㄚˋ
說詩晬語,1,ㄕㄨㄛ ㄕ ㄗㄨㄟˋ ㄩˇ
說說笑笑,1,ㄕㄨㄛ ㄕㄨㄛ ㄒㄧㄠˋ ㄒㄧㄠˋ
說說道道,1,ㄕㄨㄛ ㄕㄨㄛ ㄉㄠˋ ㄉㄠˋ
說長說短,1,ㄕㄨㄛ ㄔㄤˊ ㄕㄨㄛ ㄉㄨㄢˇ
說長論短,1,ㄕㄨㄛ ㄔㄤˊ ㄌㄨㄣˋ ㄉㄨㄢˇ
說雨談雲,1,ㄕㄨㄛ ㄩˇ ㄊㄢˊ ㄩㄣˊ
說風涼話,1,ㄕㄨㄛ ㄈㄥ ㄌㄧㄤˊ ㄏㄨㄚˋ
說風說水,1,ㄕㄨㄛ ㄈㄥ ㄕㄨㄛ ㄕㄨㄟˇ
說黃道黑,1,ㄕㄨㄛ ㄏㄨㄤˊ ㄉㄠˋ ㄏㄟ
說黑道白,1,ㄕㄨㄛ ㄏㄟ ㄉㄠˋ ㄅㄞˊ
課嘴撩牙,1,ㄎㄜˋ ㄗㄨㄟˇ ㄌㄧㄠˊ ㄧㄚˊ
課後輔導,1,ㄎㄜˋ ㄏㄡˋ ㄈㄨˇ ㄉㄠˇ
課業輔導,1,ㄎㄜˋ ㄧㄝˋ ㄈㄨˇ ㄉㄠˇ
課稅所得,1,ㄎㄜˋ ㄕㄨㄟˋ ㄙㄨㄛˇ ㄉㄜˊ
課語訛言,1,ㄎㄜˋ ㄩˇ ㄜˊ ㄧㄢˊ
誹謗之木,1,ㄈㄟˇ ㄅㄤˋ ㄓ ㄇㄨˋ
誼不容辭,1,ㄧˋ ㄅㄨˋ ㄖㄨㄥˊ ㄘˊ
調三斡四,1,ㄊㄧㄠˊ ㄙㄢ ㄨㄛˋ ㄙˋ
調三窩四,1,ㄊㄧㄠˊ ㄙㄢ ㄨㄛ ㄙˋ
調和鼎鼐,1,ㄊㄧㄠˊ ㄏㄜˊ ㄉㄧㄥˇ ㄋㄞˋ
調嘴學舌,1,ㄉㄧㄠˋ ㄗㄨㄟˇ ㄒㄩㄝˊ ㄕㄜˊ
調嘴弄舌,1,ㄉㄧㄠˋ ㄗㄨㄟˇ ㄋㄨㄥˋ ㄕㄜˊ
調嘴調舌,1,ㄉㄧㄠˋ ㄗㄨㄟˇ ㄉㄧㄠˋ ㄕㄜˊ
調墨弄筆,1,ㄊㄧㄠˊ ㄇㄛˋ ㄋㄨㄥˋ ㄅㄧˇ
調幅廣播,1,ㄊㄧㄠˊ ㄈㄨˊ ㄍㄨㄤˇ ㄅㄛˋ
調弓號猿,1,ㄊㄧㄠˊ ㄍㄨㄥ ㄏㄠˊ ㄩㄢˊ
調撥車道,1,ㄉㄧㄠˋ ㄅㄛ ㄔㄜ ㄉㄠˋ
調絃品竹,1,ㄊㄧㄠˊ ㄒㄧㄢˊ ㄆㄧㄣˇ ㄓㄨˊ
調絃弄管,1,ㄊㄧㄠˊ ㄒㄧㄢˊ ㄋㄨㄥˋ ㄍㄨㄢˇ
調絲品竹,1,ㄊㄧㄠˊ ㄙ ㄆㄧㄣˇ ㄓㄨˊ
調脣弄舌,1,ㄉㄧㄠˋ ㄔㄨㄣˊ ㄋㄨㄥˋ ㄕㄜˊ
調舌弄脣,1,ㄉㄧㄠˋ ㄕㄜˊ ㄋㄨㄥˋ ㄔㄨㄣˊ
調頻廣播,1,ㄊㄧㄠˊ ㄆㄧㄣˊ ㄍㄨㄤˇ ㄅㄛˋ
調風弄月,1,ㄊㄧㄠˊ ㄈㄥ ㄋㄨㄥˋ ㄩㄝˋ
調風變俗,1,ㄊㄧㄠˊ ㄈㄥ ㄅㄧㄢˋ ㄙㄨˊ
調風貼怪,1,ㄊㄧㄠˊ ㄈㄥ ㄊㄧㄝ ㄍㄨㄞˋ
調養生息,1,ㄊㄧㄠˊ ㄧㄤˇ ㄕㄥ ㄒㄧˊ
諂上抑下,1,ㄔㄢˇ ㄕㄤˋ ㄧˋ ㄒㄧㄚˋ
諂詞令色,1,ㄔㄢˇ ㄘˊ ㄌㄧㄥˋ ㄙㄜˋ
諂諛取容,1,ㄔㄢˇ ㄩˊ ㄑㄩˇ ㄖㄨㄥˊ
諄諄不倦,1,ㄓㄨㄣ ㄓㄨㄣ ㄅㄨˋ ㄐㄩㄢˋ
諄諄告戒,1,ㄓㄨㄣ ㄓㄨㄣ ㄍㄠˋ ㄐㄧㄝˋ
諄諄善誘,1,ㄓㄨㄣ ㄓㄨㄣ ㄕㄢˋ ㄧㄡˋ
諄諄教誨,1,ㄓㄨㄣ ㄓㄨㄣ ㄐㄧㄠˋ ㄏㄨㄟˋ
談今論古,1,ㄊㄢˊ ㄐㄧㄣ ㄌㄨㄣˋ ㄍㄨˇ
談判代表,1,ㄊㄢˊ ㄆㄢˋ ㄉㄞˋ ㄅㄧㄠˇ
談古說今,1,ㄊㄢˊ ㄍㄨˇ ㄕㄨㄛ ㄐㄧㄣ
談古論今,1,ㄊㄢˊ ㄍㄨˇ ㄌㄨㄣˋ ㄐㄧㄣ
談吐如流,1,ㄊㄢˊ ㄊㄨˇ ㄖㄨˊ ㄌㄧㄡˊ
談吐有致,1,ㄊㄢˊ ㄊㄨˇ ㄧㄡˇ ㄓˋ
談天論地,1,ㄊㄢˊ ㄊㄧㄢ ㄌㄨㄣˋ ㄉㄧˋ
談文論藝,1,ㄊㄢˊ ㄨㄣˊ ㄌㄨㄣˋ ㄧˋ
談空說有,1,ㄊㄢˊ ㄎㄨㄥ ㄕㄨㄛ ㄧㄡˇ
談笑封侯,1,ㄊㄢˊ ㄒㄧㄠˋ ㄈㄥ ㄏㄡˊ
談笑自如,1,ㄊㄢˊ ㄒㄧㄠˋ ㄗˋ ㄖㄨˊ
談經說法,1,ㄊㄢˊ ㄐㄧㄥ ㄕㄨㄛ ㄈㄚˇ
談言微中,1,ㄊㄢˊ ㄧㄢˊ ㄨㄟˊ ㄓㄨㄥˋ
談論風生,1,ㄊㄢˊ ㄌㄨㄣˋ ㄈㄥ ㄕㄥ
談辭如雲,1,ㄊㄢˊ ㄘˊ ㄖㄨˊ ㄩㄣˊ
請功受賞,1,ㄑㄧㄥˇ ㄍㄨㄥ ㄕㄡˋ ㄕㄤˇ
請求乃論,1,ㄑㄧㄥˇ ㄑㄧㄡˊ ㄋㄞˇ ㄌㄨㄣˋ
請自隗始,1,ㄑㄧㄥˇ ㄗˋ ㄨㄟˇ ㄕˇ
諒山之戰,1,ㄌㄧㄤˋ ㄕㄢ ㄓ ㄓㄢˋ
論今說古,1,ㄌㄨㄣˋ ㄐㄧㄣ ㄕㄨㄛ ㄍㄨˇ
論列是非,1,ㄌㄨㄣˋ ㄌㄧㄝˋ ㄕˋ ㄈㄟ
論功封賞,1,ㄌㄨㄣˋ ㄍㄨㄥ ㄈㄥ ㄕㄤˇ
論功行封,1,ㄌㄨㄣˋ ㄍㄨㄥ ㄒㄧㄥˊ ㄈㄥ
論千論萬,1,ㄌㄨㄣˋ ㄑㄧㄢ ㄌㄨㄣˋ ㄨㄢˋ
論及婚嫁,1,ㄌㄨㄣˋ ㄐㄧˊ ㄏㄨㄣ ㄐㄧㄚˋ
論斤估兩,1,ㄌㄨㄣˋ ㄐㄧㄣ ㄍㄨ ㄌㄧㄤˇ
論議風生,1,ㄌㄨㄣˋ ㄧˋ ㄈㄥ ㄕㄥ
論貴粟疏,1,ㄌㄨㄣˋ ㄍㄨㄟˋ ㄙㄨˋ ㄕㄨˋ
論資排輩,1,ㄌㄨㄣˋ ㄗ ㄆㄞˊ ㄅㄟˋ
論道經邦,1,ㄌㄨㄣˋ ㄉㄠˋ ㄐㄧㄥ ㄅㄤ
論黃數白,1,ㄌㄨㄣˋ ㄏㄨㄤˊ ㄕㄨˇ ㄅㄞˊ
論黃數黑,1,ㄌㄨㄣˋ ㄏㄨㄤˊ ㄕㄨˇ ㄏㄟ
諢詞小說,1,ㄏㄨㄣˋ ㄘˊ ㄒㄧㄠˇ ㄕㄨㄛ
諧聲偏旁,1,ㄒㄧㄝˊ ㄕㄥ ㄆㄧㄢ ㄆㄤˊ
諫爭如流,1,ㄐㄧㄢˋ ㄓㄥ ㄖㄨˊ ㄌㄧㄡˊ
諫而剖腹,1,ㄐㄧㄢˋ ㄦˊ ㄆㄡˇ ㄈㄨˋ
諫議大夫,1,ㄐㄧㄢˋ ㄧˋ ㄉㄚˋ ㄈㄨ
諫逐客書,1,ㄐㄧㄢˋ ㄓㄨˊ ㄎㄜˋ ㄕㄨ
諱惡不悛,1,ㄏㄨㄟˋ ㄜˋ ㄅㄨˋ ㄑㄩㄢ
諱敗推過,1,ㄏㄨㄟˋ ㄅㄞˋ ㄊㄨㄟ ㄍㄨㄛˋ
諱過稱善,1,ㄏㄨㄟˋ ㄍㄨㄛˋ ㄔㄥ ㄕㄢˋ
諷一勸百,1,ㄈㄥˋ ㄧ ㄑㄩㄢˋ ㄅㄛˊ
諷刺文字,1,ㄈㄥˋ ㄘˋ ㄨㄣˊ ㄗˋ
諸凡順遂,1,ㄓㄨ ㄈㄢˊ ㄕㄨㄣˋ ㄙㄨㄟˋ
諸務叢脞,1,ㄓㄨ ㄨˋ ㄘㄨㄥˊ ㄘㄨㄛˇ
諸如此例,1,ㄓㄨ ㄖㄨˊ ㄘˇ ㄌㄧˋ
諸子百家,1,ㄓㄨ ㄗˇ ㄅㄛˊ ㄐㄧㄚ
諸葛四郎,1,ㄓㄨ ㄍㄜˊ ㄙˋ ㄌㄤˊ
謀勇兼備,1,ㄇㄡˊ ㄩㄥˇ ㄐㄧㄢ ㄅㄟˋ
謀及婦人,1,ㄇㄡˊ ㄐㄧˊ ㄈㄨˋ ㄖㄣˊ
謀圖不軌,1,ㄇㄡˊ ㄊㄨˊ ㄅㄨˋ ㄍㄨㄟˇ
謀夫孔多,1,ㄇㄡˊ ㄈㄨ ㄎㄨㄥˇ ㄉㄨㄛ
謀如湧泉,1,ㄇㄡˊ ㄖㄨˊ ㄩㄥˇ ㄑㄩㄢˊ
謀定後動,1,ㄇㄡˊ ㄉㄧㄥˋ ㄏㄡˋ ㄉㄨㄥˋ
謀慮深遠,1,ㄇㄡˊ ㄌㄩˋ ㄕㄣ ㄩㄢˇ
謀泄事露,1,ㄇㄡˊ ㄒㄧㄝˋ ㄕˋ ㄌㄡˋ
謀為不軌,1,ㄇㄡˊ ㄨㄟˊ ㄅㄨˋ ㄍㄨㄟˇ
謀無遺策,1,ㄇㄡˊ ㄨˊ ㄧˊ ㄘㄜˋ
謀無遺諝,1,ㄇㄡˊ ㄨˊ ㄧˊ ㄒㄩˇ
謀王圖霸,1,ㄇㄡˊ ㄨㄤˊ ㄊㄨˊ ㄅㄚˋ
謀而後動,1,ㄇㄡˊ ㄦˊ ㄏㄡˋ ㄉㄨㄥˋ
謀臣如雨,1,ㄇㄡˊ ㄔㄣˊ ㄖㄨˊ ㄩˇ
謀臣武將,1,ㄇㄡˊ ㄔㄣˊ ㄨˇ ㄐㄧㄤˋ
謀臣猛將,1,ㄇㄡˊ ㄔㄣˊ ㄇㄥˇ ㄐㄧㄤˋ
謀虛逐妄,1,ㄇㄡˊ ㄒㄩ ㄓㄨˊ ㄨㄤˋ
謀謨帷幄,1,ㄇㄡˊ ㄇㄛˊ ㄨㄟˊ ㄨㄛˋ
謀逆不軌,1,ㄇㄡˊ ㄋㄧˋ ㄅㄨˋ ㄍㄨㄟˇ
謄寫鋼版,1,ㄊㄥˊ ㄒㄧㄝˇ ㄍㄤ ㄅㄢˇ
謇諤之風,1,ㄐㄧㄢˇ ㄜˋ ㄓ ㄈㄥ
謇諤自負,1,ㄐㄧㄢˇ ㄜˋ ㄗˋ ㄈㄨˋ
謊徹梢虛,1,ㄏㄨㄤˇ ㄔㄜˋ ㄕㄠ ㄒㄩ
謊話連篇,1,ㄏㄨㄤˇ ㄏㄨㄚˋ ㄌㄧㄢˊ ㄆㄧㄢ
謎言謎語,1,ㄇㄧˊ ㄧㄢˊ ㄇㄧˊ ㄩˇ
謏聞之陋,1,ㄒㄧㄠˇ ㄨㄣˊ ㄓ ㄌㄡˋ
謏聞淺說,1,ㄒㄧㄠˇ ㄨㄣˊ ㄑㄧㄢˇ ㄕㄨㄛ
謔浪笑敖,1,ㄋㄩㄝˋ ㄌㄤˋ ㄒㄧㄠˋ ㄠˋ
謔浪話頭,1,ㄋㄩㄝˋ ㄌㄤˋ ㄏㄨㄚˋ ㄊㄡˊ
謔而不虐,1,ㄋㄩㄝˋ ㄦˊ ㄅㄨˋ ㄋㄩㄝˋ
謙以下士,1,ㄑㄧㄢ ㄧˇ ㄒㄧㄚˋ ㄕˋ
謙卑自牧,1,ㄑㄧㄢ ㄅㄟ ㄗˋ ㄇㄨˋ
謙恭下士,1,ㄑㄧㄢ ㄍㄨㄥ ㄒㄧㄚˋ ㄕˋ
謙恭厚道,1,ㄑㄧㄢ ㄍㄨㄥ ㄏㄡˋ ㄉㄠˋ
謙沖自牧,1,ㄑㄧㄢ ㄔㄨㄥ ㄗˋ ㄇㄨˋ
謙虛自牧,1,ㄑㄧㄢ ㄒㄩ ㄗˋ ㄇㄨˋ
謙謙下士,1,ㄑㄧㄢ ㄑㄧㄢ ㄒㄧㄚˋ ㄕˋ
謙遜下士,1,ㄑㄧㄢ ㄒㄩㄣˋ ㄒㄧㄚˋ ㄕˋ
講古論今,1,ㄐㄧㄤˇ ㄍㄨˇ ㄌㄨㄣˋ ㄐㄧㄣ
講唱文學,1,ㄐㄧㄤˇ ㄔㄤˋ ㄨㄣˊ ㄒㄩㄝˊ
講經說法,1,ㄐㄧㄤˇ ㄐㄧㄥ ㄕㄨㄛ ㄈㄚˇ
謝安折屐,1,ㄒㄧㄝˋ ㄢ ㄓㄜˊ ㄐㄧ
謠言惑眾,1,ㄧㄠˊ ㄧㄢ˙ ㄏㄨㄛˋ ㄓㄨㄥˋ
謠言紛飛,1,ㄧㄠˊ ㄧㄢ˙ ㄈㄣ ㄈㄟ
謠諑紛傳,1,ㄧㄠˊ ㄓㄨㄛˊ ㄈㄣ ㄔㄨㄢˊ
謬悠之說,1,ㄇㄧㄡˋ ㄧㄡ ㄓ ㄕㄨㄛ
謬採虛聲,1,ㄇㄧㄡˋ ㄘㄞˇ ㄒㄩ ㄕㄥ
謬種流傳,1,ㄇㄧㄡˋ ㄓㄨㄥˇ ㄌㄧㄡˊ ㄔㄨㄢˊ
謬誤百出,1,ㄇㄧㄡˋ ㄨˋ ㄅㄞˇ ㄔㄨ
謹毛失貌,1,ㄐㄧㄣˇ ㄇㄠˊ ㄕ ㄇㄠˋ
謹終追遠,1,ㄐㄧㄣˇ ㄓㄨㄥ ㄓㄨㄟ ㄩㄢˇ
謹謹慎慎,1,ㄐㄧㄣˇ ㄐㄧㄣˇ ㄕㄣˋ ㄕㄣˋ
謾天昧地,1,ㄇㄢˊ ㄊㄧㄢ ㄇㄟˋ ㄉㄧˋ
謾罵叫囂,1,ㄇㄢˋ ㄇㄚˋ ㄐㄧㄠˋ ㄒㄧㄠ
譁世取寵,1,ㄏㄨㄚˊ ㄕˋ ㄑㄩˇ ㄔㄨㄥˇ
譆譆出出,1,ㄒㄧ ㄒㄧ ㄔㄨ ㄔㄨ
譎怪之談,1,ㄐㄩㄝˊ ㄍㄨㄞˋ ㄓ ㄊㄢˊ
譎而不正,1,ㄐㄩㄝˊ ㄦˊ ㄅㄨˋ ㄓㄥˋ
識別信號,1,ㄕˋ ㄅㄧㄝˊ ㄒㄧㄣˋ ㄏㄠˋ
識多才廣,1,ㄕˋ ㄉㄨㄛ ㄘㄞˊ ㄍㄨㄤˇ
識才尊賢,1,ㄕˋ ㄘㄞˊ ㄗㄨㄣ ㄒㄧㄢˊ
識文斷字,1,ㄕˋ ㄨㄣˊ ㄉㄨㄢˋ ㄗˋ
識文談字,1,ㄕˋ ㄨㄣˊ ㄊㄢˊ ㄗˋ
識時通變,1,ㄕˋ ㄕˊ ㄊㄨㄥ ㄅㄧㄢˋ
識時達務,1,ㄕˋ ㄕˊ ㄉㄚˊ ㄨˋ
識時達變,1,ㄕˋ ㄕˊ ㄉㄚˊ ㄅㄧㄢˋ
識禮知書,1,ㄕˋ ㄌㄧˇ ㄓ ㄕㄨ
識量弘恢,1,ㄕˋ ㄌㄧㄤˋ ㄏㄨㄥˊ ㄏㄨㄟ
識面臺官,1,ㄕˋ ㄇㄧㄢˋ ㄊㄞˊ ㄍㄨㄢ
譙周獨笑,1,ㄑㄧㄠˊ ㄓㄡ ㄉㄨˊ ㄒㄧㄠˋ
譚天說地,1,ㄊㄢˊ ㄊㄧㄢ ㄕㄨㄛ ㄉㄧˋ
警世通言,1,ㄐㄧㄥˇ ㄕˋ ㄊㄨㄥ ㄧㄢˊ
警備森嚴,1,ㄐㄧㄥˇ ㄅㄟˋ ㄙㄣ ㄧㄢˊ
警告啟事,1,ㄐㄧㄥˇ ㄍㄠˋ ㄑㄧˇ ㄕˋ
警察制度,1,ㄐㄧㄥˇ ㄔㄚˊ ㄓˋ ㄉㄨˋ
警察勤務,1,ㄐㄧㄥˇ ㄔㄚˊ ㄑㄧㄣˊ ㄨˋ
警心滌慮,1,ㄐㄧㄥˇ ㄒㄧㄣ ㄉㄧˊ ㄌㄩˋ
譯音符號,1,ㄧˋ ㄧㄣ ㄈㄨˊ ㄏㄠˋ
議不反顧,1,ㄧˋ ㄅㄨˋ ㄈㄢˇ ㄍㄨˋ
議事日程,1,ㄧˋ ㄕˋ ㄖˋ ㄔㄥˊ
議事紀錄,1,ㄧˋ ㄕˋ ㄐㄧˋ ㄌㄨˋ
議會政治,1,ㄧˋ ㄏㄨㄟˋ ㄓㄥˋ ㄓˋ
議論風生,1,ㄧˋ ㄌㄨㄣˋ ㄈㄥ ㄕㄥ
譴責小說,1,ㄑㄧㄢˇ ㄗㄜˊ ㄒㄧㄠˇ ㄕㄨㄛ
護國佑民,1,ㄏㄨˋ ㄍㄨㄛˊ ㄧㄡˋ ㄇㄧㄣˊ
護坡工程,1,ㄏㄨˋ ㄆㄛ ㄍㄨㄥ ㄔㄥˊ
護法戰爭,1,ㄏㄨˋ ㄈㄚˇ ㄓㄢˋ ㄓㄥ
護軍將軍,1,ㄏㄨˋ ㄐㄩㄣ ㄐㄧㄤ ㄐㄩㄣ
護過飾非,1,ㄏㄨˋ ㄍㄨㄛˋ ㄕˋ ㄈㄟ
譸張為幻,1,ㄓㄡ ㄓㄤ ㄨㄟˊ ㄏㄨㄢˋ
譽塞天下,1,ㄩˋ ㄙㄜˋ ㄊㄧㄢ ㄒㄧㄚˋ
譽滿天下,1,ㄩˋ ㄇㄢˇ ㄊㄧㄢ ㄒㄧㄚˋ
譽滿寰中,1,ㄩˋ ㄇㄢˇ ㄏㄨㄢˊ ㄓㄨㄥ
譽過其實,1,ㄩˋ ㄍㄨㄛˋ ㄑㄧˊ ㄕˊ
譾薄之材,1,ㄐㄧㄢˇ ㄅㄛˊ ㄓ ㄘㄞˊ
讀不捨手,1,ㄉㄨˊ ㄅㄨˋ ㄕㄜˇ ㄕㄡˇ
讀書三到,1,ㄉㄨˊ ㄕㄨ ㄙㄢ ㄉㄠˋ
讀書三餘,1,ㄉㄨˊ ㄕㄨ ㄙㄢ ㄩˊ
讀書明理,1,ㄉㄨˊ ㄕㄨ ㄇㄧㄥˊ ㄌㄧˇ
讀書種子,1,ㄉㄨˊ ㄕㄨ ㄓㄨㄥˇ ㄗˇ
讀書識字,1,ㄉㄨˊ ㄕㄨ ㄕˋ ㄗˋ
讀者投書,1,ㄉㄨˊ ㄓㄜˇ ㄊㄡˊ ㄕㄨ
變亂四起,1,ㄅㄧㄢˋ ㄌㄨㄢˋ ㄙˋ ㄑㄧˇ
變亂紛乘,1,ㄅㄧㄢˋ ㄌㄨㄢˋ ㄈㄣ ㄔㄥˊ
變動不居,1,ㄅㄧㄢˋ ㄉㄨㄥˋ ㄅㄨˋ ㄐㄩ
變動匯率,1,ㄅㄧㄢˋ ㄉㄨㄥˋ ㄏㄨㄟˋ ㄌㄩˋ
變化不測,1,ㄅㄧㄢˋ ㄏㄨㄚˋ ㄅㄨˋ ㄘㄜˋ
變化無常,1,ㄅㄧㄢˋ ㄏㄨㄚˋ ㄨˊ ㄔㄤˊ
變化無方,1,ㄅㄧㄢˋ ㄏㄨㄚˋ ㄨˊ ㄈㄤ
變化無窮,1,ㄅㄧㄢˋ ㄏㄨㄚˋ ㄨˊ ㄑㄩㄥˊ
變化莫測,1,ㄅㄧㄢˋ ㄏㄨㄚˋ ㄇㄛˋ ㄘㄜˋ
變化萬端,1,ㄅㄧㄢˋ ㄏㄨㄚˋ ㄨㄢˋ ㄉㄨㄢ
變危為安,1,ㄅㄧㄢˋ ㄨㄟˊ ㄨㄟˊ ㄢ
變古亂常,1,ㄅㄧㄢˋ ㄍㄨˇ ㄌㄨㄢˋ ㄔㄤˊ
變名易姓,1,ㄅㄧㄢˋ ㄇㄧㄥˊ ㄧˋ ㄒㄧㄥˋ
變幻不測,1,ㄅㄧㄢˋ ㄏㄨㄢˋ ㄅㄨˋ ㄘㄜˋ
變形工時,1,ㄅㄧㄢˋ ㄒㄧㄥˊ ㄍㄨㄥ ㄕˊ
變形金剛,1,ㄅㄧㄢˋ ㄒㄧㄥˊ ㄐㄧㄣ ㄍㄤ
變徵之聲,1,ㄅㄧㄢˋ ㄓˇ ㄓ ㄕㄥ
變徵之音,1,ㄅㄧㄢˋ ㄓˇ ㄓ ㄧㄣ
變性氣團,1,ㄅㄧㄢˋ ㄒㄧㄥˋ ㄑㄧˋ ㄊㄨㄢˊ
變性酒精,1,ㄅㄧㄢˋ ㄒㄧㄥˋ ㄐㄧㄡˇ ㄐㄧㄥ
變故易常,1,ㄅㄧㄢˋ ㄍㄨˋ ㄧˋ ㄔㄤˊ
變溫動物,1,ㄅㄧㄢˋ ㄨㄣ ㄉㄨㄥˋ ㄨˋ
變焦鏡頭,1,ㄅㄧㄢˋ ㄐㄧㄠ ㄐㄧㄥˋ ㄊㄡˊ
變生肘腋,1,ㄅㄧㄢˋ ㄕㄥ ㄓㄡˇ ㄧㄝˋ
變盡方法,1,ㄅㄧㄢˋ ㄐㄧㄣˋ ㄈㄤ ㄈㄚˇ
變色易容,1,ㄅㄧㄢˋ ㄙㄜˋ ㄧˋ ㄖㄨㄥˊ
變色眼鏡,1,ㄅㄧㄢˋ ㄙㄜˋ ㄧㄢˇ ㄐㄧㄥˋ
變起蕭牆,1,ㄅㄧㄢˋ ㄑㄧˇ ㄒㄧㄠ ㄑㄧㄤˊ
變跡埋名,1,ㄅㄧㄢˋ ㄐㄧ ㄇㄞˊ ㄇㄧㄥˊ
變造文書,1,ㄅㄧㄢˋ ㄗㄠˋ ㄨㄣˊ ㄕㄨ
變風改俗,1,ㄅㄧㄢˋ ㄈㄥ ㄍㄞˇ ㄙㄨˊ
變風易俗,1,ㄅㄧㄢˋ ㄈㄥ ㄧˋ ㄙㄨˊ
變風變雅,1,ㄅㄧㄢˋ ㄈㄥ ㄅㄧㄢˋ ㄧㄚˇ
變驢變馬,1,ㄅㄧㄢˋ ㄌㄩˊ ㄅㄧㄢˋ ㄇㄚˇ
讒言佞語,1,ㄔㄢˊ ㄧㄢˊ ㄋㄧㄥˋ ㄩˇ
讓棗推梨,1,ㄖㄤˋ ㄗㄠˇ ㄊㄨㄟ ㄌㄧˊ
讜言嘉論,1,ㄉㄤˇ ㄧㄢˊ ㄐㄧㄚ ㄌㄨㄣˋ
讜言直聲,1,ㄉㄤˇ ㄧㄢˊ ㄓˊ ㄕㄥ
讜論侃侃,1,ㄉㄤˇ ㄌㄨㄣˋ ㄎㄢˇ ㄎㄢˇ
谷口耕岩,1,ㄍㄨˇ ㄎㄡˇ ㄍㄥ ㄧㄢˊ
谿壑無厭,1,ㄒㄧ ㄏㄨㄛˋ ㄨˊ ㄧㄢˋ
豁口截舌,1,ㄏㄨㄛˋ ㄎㄡˇ ㄐㄧㄝˊ ㄕㄜˊ
豁然大悟,1,ㄏㄨㄛˋ ㄖㄢˊ ㄉㄚˋ ㄨˋ
豁然省悟,1,ㄏㄨㄛˋ ㄖㄢˊ ㄒㄧㄥˇ ㄨˋ
豁然開悟,1,ㄏㄨㄛˋ ㄖㄢˊ ㄎㄞ ㄨˋ
豁略大度,1,ㄏㄨㄛˋ ㄌㄩㄝˋ ㄉㄚˋ ㄉㄨˋ
豁達明亮,1,ㄏㄨㄛˋ ㄉㄚˊ ㄇㄧㄥˊ ㄌㄧㄤˋ
豆腐西施,1,ㄉㄡˋ ㄈㄨ˙ ㄒㄧ ㄕ
豆萁之喻,1,ㄉㄡˋ ㄑㄧˊ ㄓ ㄩˋ
豆萁相煎,1,ㄉㄡˋ ㄑㄧˊ ㄒㄧㄤ ㄐㄧㄢ
豆蔻梢頭,1,ㄉㄡˋ ㄎㄡˋ ㄕㄠ ㄊㄡˊ
豆重榆瞑,1,ㄉㄡˋ ㄓㄨㄥˋ ㄩˊ ㄇㄧㄢˊ
豈弟君子,1,ㄎㄞˇ ㄊㄧˋ ㄐㄩㄣ ㄗˇ
豎人毛髮,1,ㄕㄨˋ ㄖㄣˊ ㄇㄠˊ ㄈㄚˇ
豎柱上梁,1,ㄕㄨˋ ㄓㄨˋ ㄕㄤˋ ㄌㄧㄤˊ
豎起脊梁,1,ㄕㄨˋ ㄑㄧˇ ㄐㄧˇ ㄌㄧㄤˊ
豐上銳下,1,ㄈㄥ ㄕㄤˋ ㄖㄨㄟˋ ㄒㄧㄚˋ
豐亨豫大,1,ㄈㄥ ㄏㄥ ㄩˋ ㄉㄚˋ
豐功厚利,1,ㄈㄥ ㄍㄨㄥ ㄏㄡˋ ㄌㄧˋ
豐功懋烈,1,ㄈㄥ ㄍㄨㄥ ㄇㄠˋ ㄌㄧㄝˋ
豐功盛烈,1,ㄈㄥ ㄍㄨㄥ ㄕㄥˋ ㄌㄧㄝˋ
豐取刻與,1,ㄈㄥ ㄑㄩˇ ㄎㄜˋ ㄩˇ
豐城劍氣,1,ㄈㄥ ㄔㄥˊ ㄐㄧㄢˋ ㄑㄧˋ
豐城貫斗,1,ㄈㄥ ㄔㄥˊ ㄍㄨㄢˋ ㄉㄡˇ
豐容靚飾,1,ㄈㄥ ㄖㄨㄥˊ ㄐㄧㄥˋ ㄕˋ
豐年稔歲,1,ㄈㄥ ㄋㄧㄢˊ ㄖㄣˇ ㄙㄨㄟˋ
豐神異彩,1,ㄈㄥ ㄕㄣˊ ㄧˋ ㄘㄞˇ
豔冠群芳,1,ㄧㄢˋ ㄍㄨㄢˋ ㄑㄩㄣˊ ㄈㄤ
豔如桃李,1,ㄧㄢˋ ㄖㄨˊ ㄊㄠˊ ㄌㄧˇ
豔絕一時,1,ㄧㄢˋ ㄐㄩㄝˊ ㄧ ㄕˊ
豔美無敵,1,ㄧㄢˋ ㄇㄟˇ ㄨˊ ㄉㄧˊ
豔美絕俗,1,ㄧㄢˋ ㄇㄟˇ ㄐㄩㄝˊ ㄙㄨˊ
豔色絕世,1,ㄧㄢˋ ㄙㄜˋ ㄐㄩㄝˊ ㄕˋ
豔色耀目,1,ㄧㄢˋ ㄙㄜˋ ㄧㄠˋ ㄇㄨˋ
豔陽高照,1,ㄧㄢˋ ㄧㄤˊ ㄍㄠ ㄓㄠˋ
豔麗奪目,1,ㄧㄢˋ ㄌㄧˋ ㄉㄨㄛˊ ㄇㄨˋ
豕交獸畜,1,ㄕˇ ㄐㄧㄠ ㄕㄡˋ ㄒㄩˋ
豕突狼奔,1,ㄕˇ ㄊㄨˊ ㄌㄤˊ ㄅㄣ
豚兒犬子,1,ㄊㄨㄣˊ ㄦˊ ㄑㄩㄢˇ ㄗˇ
豚蹄穰田,1,ㄊㄨㄣˊ ㄊㄧˊ ㄖㄤˊ ㄊㄧㄢˊ
象山學派,1,ㄒㄧㄤˋ ㄕㄢ ㄒㄩㄝˊ ㄆㄞˋ
象箸玉杯,1,ㄒㄧㄤˋ ㄓㄨˋ ㄩˋ ㄅㄟ
象齒焚身,1,ㄒㄧㄤˋ ㄔˇ ㄈㄣˊ ㄕㄣ
豪俠好義,1,ㄏㄠˊ ㄒㄧㄚˊ ㄏㄠˋ ㄧˋ
豪俠強徒,1,ㄏㄠˊ ㄒㄧㄚˊ ㄑㄧㄤˊ ㄊㄨˊ
豪奢放逸,1,ㄏㄠˊ ㄕㄜ ㄈㄤˋ ㄧˋ
豪奪巧取,1,ㄏㄠˊ ㄉㄨㄛˊ ㄑㄧㄠˇ ㄑㄩˇ
豪情逸致,1,ㄏㄠˊ ㄑㄧㄥˊ ㄧˋ ㄓˋ
豪放雄邁,1,ㄏㄠˊ ㄈㄤˋ ㄒㄩㄥˊ ㄇㄞˋ
豪氣干雲,1,ㄏㄠˊ ㄑㄧˋ ㄍㄢ ㄩㄣˊ
豪邁不群,1,ㄏㄠˊ ㄇㄞˋ ㄅㄨˋ ㄑㄩㄣˊ
豪釐千里,1,ㄏㄠˊ ㄌㄧˊ ㄑㄧㄢ ㄌㄧˇ
豪門貴胄,1,ㄏㄠˊ ㄇㄣˊ ㄍㄨㄟˋ ㄓㄡˋ
豪雨特報,1,ㄏㄠˊ ㄩˇ ㄊㄜˋ ㄅㄠˋ
豫西山地,1,ㄩˋ ㄒㄧ ㄕㄢ ㄉㄧˋ
豬心瓣膜,1,ㄓㄨ ㄒㄧㄣ ㄅㄢˋ ㄇㄛˋ
豬朋狗友,1,ㄓㄨ ㄆㄥˊ ㄍㄡˇ ㄧㄡˇ
豬狗不如,1,ㄓㄨ ㄍㄡˇ ㄅㄨˋ ㄖㄨˊ
豹頭猿臂,1,ㄅㄠˋ ㄊㄡˊ ㄩㄢˊ ㄅㄧˋ
豹頭環眼,1,ㄅㄠˋ ㄊㄡˊ ㄏㄨㄢˊ ㄧㄢˇ
豺狼塞路,1,ㄔㄞˊ ㄌㄤˊ ㄙㄜˋ ㄌㄨˋ
豺狼成性,1,ㄔㄞˊ ㄌㄤˊ ㄔㄥˊ ㄒㄧㄥˋ
豺狼橫道,1,ㄔㄞˊ ㄌㄤˊ ㄏㄥˊ ㄉㄠˋ
豺狼當塗,1,ㄔㄞˊ ㄌㄤˊ ㄉㄤ ㄊㄨˊ
豺狼當路,1,ㄔㄞˊ ㄌㄤˊ ㄉㄤ ㄌㄨˋ
豺狼虎豹,1,ㄔㄞˊ ㄌㄤˊ ㄏㄨˇ ㄅㄠˋ
豺狼野心,1,ㄔㄞˊ ㄌㄤˊ ㄧㄝˇ ㄒㄧㄣ
豺虎肆虐,1,ㄔㄞˊ ㄏㄨˇ ㄙˋ ㄋㄩㄝˋ
貂裘換酒,1,ㄉㄧㄠ ㄑㄧㄡˊ ㄏㄨㄢˋ ㄐㄧㄡˇ
貌合心離,1,ㄇㄠˋ ㄏㄜˊ ㄒㄧㄣ ㄌㄧˊ
貌合情離,1,ㄇㄠˋ ㄏㄜˊ ㄑㄧㄥˊ ㄌㄧˊ
貌合行離,1,ㄇㄠˋ ㄏㄜˊ ㄒㄧㄥˊ ㄌㄧˊ
貌同實異,1,ㄇㄠˋ ㄊㄨㄥˊ ㄕˊ ㄧˋ
貌是情非,1,ㄇㄠˋ ㄕˋ ㄑㄧㄥˊ ㄈㄟ
貌白神清,1,ㄇㄠˋ ㄅㄞˊ ㄕㄣˊ ㄑㄧㄥ
貓噬鸚鵡,1,ㄇㄠ ㄕˋ ㄧㄥ ㄨˇ
貓鼠同眠,1,ㄇㄠ ㄕㄨˇ ㄊㄨㄥˊ ㄇㄧㄢˊ
貔子窩港,1,ㄆㄧˊ ㄗˇ ㄨㄛ ㄍㄤˇ
貝加爾湖,1,ㄅㄟˋ ㄐㄧㄚ ㄦˇ ㄏㄨˊ
貝奧武夫,1,ㄅㄟˋ ㄠˋ ㄨˇ ㄈㄨ
貝比魯斯,1,ㄅㄟˋ ㄅㄧˇ ㄌㄨˇ ㄙ
貝爾尼尼,1,ㄅㄟˋ ㄦˇ ㄋㄧˊ ㄋㄧˊ
貝爾茲列,1,ㄅㄟˋ ㄦˇ ㄗ ㄌㄧㄝˋ
貝積如山,1,ㄅㄟˋ ㄐㄧ ㄖㄨˊ ㄕㄢ
貝那芬托,1,ㄅㄟˋ ㄋㄚˋ ㄈㄣ ㄊㄨㄛ
貝錦萋菲,1,ㄅㄟˋ ㄐㄧㄣˇ ㄑㄧ ㄈㄟˇ
貝闕珠宮,1,ㄅㄟˋ ㄑㄩㄝˋ ㄓㄨ ㄍㄨㄥ
貝類養殖,1,ㄅㄟˋ ㄌㄟˋ ㄧㄤˇ ㄓˊ
貞夫烈婦,1,ㄓㄣ ㄈㄨ ㄌㄧㄝˋ ㄈㄨˋ
貞懿賢淑,1,ㄓㄣ ㄧˋ ㄒㄧㄢˊ ㄕㄨˊ
貞節牌坊,1,ㄓㄣ ㄐㄧㄝˊ ㄆㄞˊ ㄈㄤ˙
貞觀之治,1,ㄓㄣ ㄍㄨㄢˋ ㄓ ㄓˋ
貞觀政要,1,ㄓㄣ ㄍㄨㄢˋ ㄓㄥˋ ㄧㄠˋ
貞風亮節,1,ㄓㄣ ㄈㄥ ㄌㄧㄤˋ ㄐㄧㄝˊ
貞高絕俗,1,ㄓㄣ ㄍㄠ ㄐㄩㄝˊ ㄙㄨˊ
負乘致寇,1,ㄈㄨˋ ㄕㄥˋ ㄓˋ ㄎㄡˋ
負固不悛,1,ㄈㄨˋ ㄍㄨˋ ㄅㄨˋ ㄑㄩㄢ
負固不服,1,ㄈㄨˋ ㄍㄨˋ ㄅㄨˋ ㄈㄨˊ
負圖之托,1,ㄈㄨˋ ㄊㄨˊ ㄓ ㄊㄨㄛ
負土成墳,1,ㄈㄨˋ ㄊㄨˇ ㄔㄥˊ ㄈㄣˊ
負壺灌區,1,ㄈㄨˋ ㄏㄨˊ ㄍㄨㄢˋ ㄑㄩ
負屈含冤,1,ㄈㄨˋ ㄑㄩ ㄏㄢˊ ㄩㄢ
負屈銜冤,1,ㄈㄨˋ ㄑㄩ ㄒㄧㄢˊ ㄩㄢ
負山戴岳,1,ㄈㄨˋ ㄕㄢ ㄉㄞˋ ㄩㄝˋ
負嵎頑抗,1,ㄈㄨˋ ㄩˊ ㄨㄢˊ ㄎㄤˋ
負弩先驅,1,ㄈㄨˋ ㄋㄨˇ ㄒㄧㄢ ㄑㄩ
負心違願,1,ㄈㄨˋ ㄒㄧㄣ ㄨㄟˊ ㄩㄢˋ
負所得稅,1,ㄈㄨˋ ㄙㄨㄛˇ ㄉㄜˊ ㄕㄨㄟˋ
負才任氣,1,ㄈㄨˋ ㄘㄞˊ ㄖㄣˋ ㄑㄧˋ
負才使氣,1,ㄈㄨˋ ㄘㄞˊ ㄕˇ ㄑㄧˋ
負日之暄,1,ㄈㄨˋ ㄖˋ ㄓ ㄒㄩㄢ
負氣仗義,1,ㄈㄨˋ ㄑㄧˋ ㄓㄤˋ ㄧˋ
負氣鬥狠,1,ㄈㄨˋ ㄑㄧˋ ㄉㄡˋ ㄏㄣˇ
負石赴河,1,ㄈㄨˋ ㄕˊ ㄈㄨˋ ㄏㄜˊ
負笈千里,1,ㄈㄨˋ ㄐㄧˊ ㄑㄧㄢ ㄌㄧˇ
負笈從師,1,ㄈㄨˋ ㄐㄧˊ ㄘㄨㄥˊ ㄕ
負笈擔簦,1,ㄈㄨˋ ㄐㄧˊ ㄉㄢ ㄉㄥ
負義忘恩,1,ㄈㄨˋ ㄧˋ ㄨㄤˋ ㄣ
負老提幼,1,ㄈㄨˋ ㄌㄠˇ ㄊㄧˊ ㄧㄡˋ
負老攜幼,1,ㄈㄨˋ ㄌㄠˇ ㄒㄧ ㄧㄡˋ
負薪之憂,1,ㄈㄨˋ ㄒㄧㄣ ㄓ ㄧㄡ
負薪之疾,1,ㄈㄨˋ ㄒㄧㄣ ㄓ ㄐㄧˊ
負薪之病,1,ㄈㄨˋ ㄒㄧㄣ ㄓ ㄅㄧㄥˋ
負薪之議,1,ㄈㄨˋ ㄒㄧㄣ ㄓ ㄧˋ
負薪之資,1,ㄈㄨˋ ㄒㄧㄣ ㄓ ㄗ
負載開關,1,ㄈㄨˋ ㄗㄞˋ ㄎㄞ ㄍㄨㄢ
負重涉遠,1,ㄈㄨˋ ㄓㄨㄥˋ ㄕㄜˋ ㄩㄢˇ
負鼎之願,1,ㄈㄨˋ ㄉㄧㄥˇ ㄓ ㄩㄢˋ
財務管理,1,ㄘㄞˊ ㄨˋ ㄍㄨㄢˇ ㄌㄧˇ
財匱力絀,1,ㄘㄞˊ ㄎㄨㄟˋ ㄌㄧˋ ㄔㄨˋ
財多勢重,1,ㄘㄞˊ ㄉㄨㄛ ㄕˋ ㄓㄨㄥˋ
財多命殆,1,ㄘㄞˊ ㄉㄨㄛ ㄇㄧㄥˋ ㄉㄞˋ
財政政策,1,ㄘㄞˊ ㄓㄥˋ ㄓㄥˋ ㄘㄜˋ
財殫力盡,1,ㄘㄞˊ ㄉㄢ ㄌㄧˋ ㄐㄧㄣˋ
財殫力竭,1,ㄘㄞˊ ㄉㄢ ㄌㄧˋ ㄐㄧㄝˊ
財竭力盡,1,ㄘㄞˊ ㄐㄧㄝˊ ㄌㄧˋ ㄐㄧㄣˋ
貢禹彈冠,1,ㄍㄨㄥˋ ㄩˇ ㄊㄢˊ ㄍㄨㄢ
貧嘴惡舌,1,ㄆㄧㄣˊ ㄗㄨㄟˇ ㄜˋ ㄕㄜˊ
貧嘴薄舌,1,ㄆㄧㄣˊ ㄗㄨㄟˇ ㄅㄛˊ ㄕㄜˊ
貧嘴賤舌,1,ㄆㄧㄣˊ ㄗㄨㄟˇ ㄐㄧㄢˋ ㄕㄜˊ
貧嘴餓舌,1,ㄆㄧㄣˊ ㄗㄨㄟˇ ㄜˋ ㄕㄜˊ
貧女分光,1,ㄆㄧㄣˊ ㄋㄩˇ ㄈㄣ ㄍㄨㄤ
貧寒出身,1,ㄆㄧㄣˊ ㄏㄢˊ ㄔㄨ ㄕㄣ
貧民住宅,1,ㄆㄧㄣˊ ㄇㄧㄣˊ ㄓㄨˋ ㄓㄞˊ
貧民救助,1,ㄆㄧㄣˊ ㄇㄧㄣˊ ㄐㄧㄡˋ ㄓㄨˋ
貧無立錐,1,ㄆㄧㄣˊ ㄨˊ ㄌㄧˋ ㄓㄨㄟ
貧病交攻,1,ㄆㄧㄣˊ ㄅㄧㄥˋ ㄐㄧㄠ ㄍㄨㄥ
貧窮文化,1,ㄆㄧㄣˊ ㄑㄩㄥˊ ㄨㄣˊ ㄏㄨㄚˋ
貧而樂道,1,ㄆㄧㄣˊ ㄦˊ ㄌㄜˋ ㄉㄠˋ
貧而無諂,1,ㄆㄧㄣˊ ㄦˊ ㄨˊ ㄔㄢˇ
貧賤之交,1,ㄆㄧㄣˊ ㄐㄧㄢˋ ㄓ ㄐㄧㄠ
貧賤之知,1,ㄆㄧㄣˊ ㄐㄧㄢˋ ㄓ ㄓ
貧賤糟糠,1,ㄆㄧㄣˊ ㄐㄧㄢˋ ㄗㄠ ㄎㄤ
貧賤驕人,1,ㄆㄧㄣˊ ㄐㄧㄢˋ ㄐㄧㄠ ㄖㄣˊ
貨幣乘數,1,ㄏㄨㄛˋ ㄅㄧˋ ㄔㄥˊ ㄕㄨˋ
貨幣市場,1,ㄏㄨㄛˋ ㄅㄧˋ ㄕˋ ㄔㄤˊ
貨幣政策,1,ㄏㄨㄛˋ ㄅㄧˋ ㄓㄥˋ ㄘㄜˋ
貨賂公行,1,ㄏㄨㄛˋ ㄌㄨˋ ㄍㄨㄥ ㄒㄧㄥˊ
貨賄公行,1,ㄏㄨㄛˋ ㄏㄨㄟˋ ㄍㄨㄥ ㄒㄧㄥˊ
販官鬻爵,1,ㄈㄢˋ ㄍㄨㄢ ㄩˋ ㄐㄩㄝˊ
貪位取容,1,ㄊㄢ ㄨㄟˋ ㄑㄩˇ ㄖㄨㄥˊ
貪位慕祿,1,ㄊㄢ ㄨㄟˋ ㄇㄨˋ ㄌㄨˋ
貪冒榮寵,1,ㄊㄢ ㄇㄛˋ ㄖㄨㄥˊ ㄔㄨㄥˇ
貪功起釁,1,ㄊㄢ ㄍㄨㄥ ㄑㄧˇ ㄒㄧㄣˋ
貪吃懶做,1,ㄊㄢ ㄔ ㄌㄢˇ ㄗㄨㄛˋ
貪名圖利,1,ㄊㄢ ㄇㄧㄥˊ ㄊㄨˊ ㄌㄧˋ
貪名逐利,1,ㄊㄢ ㄇㄧㄥˊ ㄓㄨˊ ㄌㄧˋ
貪吏猾胥,1,ㄊㄢ ㄌㄧˋ ㄏㄨㄚˊ ㄒㄩ
貪墨之風,1,ㄊㄢ ㄇㄛˋ ㄓ ㄈㄥ
貪墨敗度,1,ㄊㄢ ㄇㄛˋ ㄅㄞˋ ㄉㄨˋ
貪多務得,1,ㄊㄢ ㄉㄨㄛ ㄨˋ ㄉㄜˊ
貪天之功,1,ㄊㄢ ㄊㄧㄢ ㄓ ㄍㄨㄥ
貪夫徇財,1,ㄊㄢ ㄈㄨ ㄒㄩㄣˋ ㄘㄞˊ
貪夫痴客,1,ㄊㄢ ㄈㄨ ㄔ ㄎㄜˋ
貪婪無厭,1,ㄊㄢ ㄌㄢˊ ㄨˊ ㄧㄢˋ
貪安好逸,1,ㄊㄢ ㄢ ㄏㄠˋ ㄧˋ
貪官蠹役,1,ㄊㄢ ㄍㄨㄢ ㄉㄨˋ ㄧˋ
貪心妄想,1,ㄊㄢ ㄒㄧㄣ ㄨㄤˋ ㄒㄧㄤˇ
貪心無厭,1,ㄊㄢ ㄒㄧㄣ ㄨˊ ㄧㄢˋ
貪慾無藝,1,ㄊㄢ ㄩˋ ㄨˊ ㄧˋ
貪榮冒寵,1,ㄊㄢ ㄖㄨㄥˊ ㄇㄛˋ ㄔㄨㄥˇ
貪榮慕利,1,ㄊㄢ ㄖㄨㄥˊ ㄇㄨˋ ㄌㄧˋ
貪權竊柄,1,ㄊㄢ ㄑㄩㄢˊ ㄑㄧㄝˋ ㄅㄧㄥˇ
貪殘酷烈,1,ㄊㄢ ㄘㄢˊ ㄎㄨˋ ㄌㄧㄝˋ
貪求無厭,1,ㄊㄢ ㄑㄧㄡˊ ㄨˊ ㄧㄢˋ
貪求無已,1,ㄊㄢ ㄑㄧㄡˊ ㄨˊ ㄧˇ
貪求無饜,1,ㄊㄢ ㄑㄧㄡˊ ㄨˊ ㄧㄢˋ
貪汙腐化,1,ㄊㄢ ㄨ ㄈㄨˇ ㄏㄨㄚˋ
貪汙舞弊,1,ㄊㄢ ㄨ ㄨˇ ㄅㄧˋ
貪泉酌飲,1,ㄊㄢ ㄑㄩㄢˊ ㄓㄨㄛˊ ㄧㄣˇ
貪濁有狀,1,ㄊㄢ ㄓㄨㄛˊ ㄧㄡˇ ㄓㄨㄤˋ
貪猥無厭,1,ㄊㄢ ㄨㄟˇ ㄨˊ ㄧㄢˋ
貪生害義,1,ㄊㄢ ㄕㄥ ㄏㄞˋ ㄧˋ
貪生惡死,1,ㄊㄢ ㄕㄥ ㄨˋ ㄙˇ
貪生畏死,1,ㄊㄢ ㄕㄥ ㄨㄟˋ ㄙˇ
貪生舍義,1,ㄊㄢ ㄕㄥ ㄕㄜˇ ㄧˋ
貪而無信,1,ㄊㄢ ㄦˊ ㄨˊ ㄒㄧㄣˋ
貪聲逐色,1,ㄊㄢ ㄕㄥ ㄓㄨˊ ㄙㄜˋ
貪花戀酒,1,ㄊㄢ ㄏㄨㄚ ㄌㄧㄢˋ ㄐㄧㄡˇ
貪財好色,1,ㄊㄢ ㄘㄞˊ ㄏㄠˋ ㄙㄜˋ
貪財好賄,1,ㄊㄢ ㄘㄞˊ ㄏㄠˋ ㄏㄨㄟˋ
貪財慕勢,1,ㄊㄢ ㄘㄞˊ ㄇㄨˋ ㄕˋ
貪贓壞法,1,ㄊㄢ ㄗㄤ ㄏㄨㄞˋ ㄈㄚˇ
貫手著棼,1,ㄍㄨㄢˋ ㄕㄡˇ ㄓㄨㄛˊ ㄈㄣˊ
貫朽粟紅,1,ㄍㄨㄢˋ ㄒㄧㄡˇ ㄙㄨˋ ㄏㄨㄥˊ
貫朽粟腐,1,ㄍㄨㄢˋ ㄒㄧㄡˇ ㄙㄨˋ ㄈㄨˇ
貫朽粟陳,1,ㄍㄨㄢˋ ㄒㄧㄡˇ ㄙㄨˋ ㄔㄣˊ
貫穿今古,1,ㄍㄨㄢˋ ㄔㄨㄢ ㄐㄧㄣ ㄍㄨˇ
貫穿馳騁,1,ㄍㄨㄢˋ ㄔㄨㄢ ㄔˊ ㄔㄥˇ
貫蝨之技,1,ㄍㄨㄢˋ ㄕ ㄓ ㄐㄧˋ
貫頤奮戟,1,ㄍㄨㄢˋ ㄧˊ ㄈㄣˋ ㄐㄧˇ
貫魚之次,1,ㄍㄨㄢˋ ㄩˊ ㄓ ㄘˋ
貫魚承寵,1,ㄍㄨㄢˋ ㄩˊ ㄔㄥˊ ㄔㄨㄥˇ
責任保險,1,ㄗㄜˊ ㄖㄣˋ ㄅㄠˇ ㄒㄧㄢˇ
責有攸歸,1,ㄗㄜˊ ㄧㄡˇ ㄧㄡ ㄍㄨㄟ
責躬省過,1,ㄗㄜˊ ㄍㄨㄥ ㄒㄧㄥˇ ㄍㄨㄛˋ
貴不凌賤,1,ㄍㄨㄟˋ ㄅㄨˋ ㄌㄧㄥˊ ㄐㄧㄢˋ
貴不可言,1,ㄍㄨㄟˋ ㄅㄨˋ ㄎㄜˇ ㄧㄢˊ
貴人多忘,1,ㄍㄨㄟˋ ㄖㄣˊ ㄉㄨㄛ ㄨㄤˋ
貴勢炎炎,1,ㄍㄨㄟˋ ㄕˋ ㄧㄢˊ ㄧㄢˊ
貴古賤今,1,ㄍㄨㄟˋ ㄍㄨˇ ㄐㄧㄢˋ ㄐㄧㄣ
貴妃醉酒,1,ㄍㄨㄟˋ ㄈㄟ ㄗㄨㄟˋ ㄐㄧㄡˇ
貴族子弟,1,ㄍㄨㄟˋ ㄗㄨˊ ㄗˇ ㄉㄧˋ
貴族文學,1,ㄍㄨㄟˋ ㄗㄨˊ ㄨㄣˊ ㄒㄩㄝˊ
貴極人臣,1,ㄍㄨㄟˋ ㄐㄧˊ ㄖㄣˊ ㄔㄣˊ
貴無常尊,1,ㄍㄨㄟˋ ㄨˊ ㄔㄤˊ ㄗㄨㄣ
貴耳賤目,1,ㄍㄨㄟˋ ㄦˇ ㄐㄧㄢˋ ㄇㄨˋ
貴賤之別,1,ㄍㄨㄟˋ ㄐㄧㄢˋ ㄓ ㄅㄧㄝˊ
貴賤無二,1,ㄍㄨㄟˋ ㄐㄧㄢˋ ㄨˊ ㄦˋ
貴賤無常,1,ㄍㄨㄟˋ ㄐㄧㄢˋ ㄨˊ ㄔㄤˊ
貴賤高下,1,ㄍㄨㄟˋ ㄐㄧㄢˋ ㄍㄠ ㄒㄧㄚˋ
貴遊子弟,1,ㄍㄨㄟˋ ㄧㄡˊ ㄗˇ ㄉㄧˋ
貴遠賤近,1,ㄍㄨㄟˋ ㄩㄢˇ ㄐㄧㄢˋ ㄐㄧㄣˋ
貴遠鄙近,1,ㄍㄨㄟˋ ㄩㄢˇ ㄅㄧˇ ㄐㄧㄣˋ
貴霜王朝,1,ㄍㄨㄟˋ ㄕㄨㄤ ㄨㄤˊ ㄔㄠˊ
貴體違和,1,ㄍㄨㄟˋ ㄊㄧˇ ㄨㄟˊ ㄏㄜˊ
買上告下,1,ㄇㄞˇ ㄕㄤˋ ㄍㄠˋ ㄒㄧㄚˋ
買休賣休,1,ㄇㄞˇ ㄒㄧㄡ ㄇㄞˋ ㄒㄧㄡ
買妻恥樵,1,ㄇㄞˇ ㄑㄧ ㄔˇ ㄑㄧㄠˊ
買官鬻爵,1,ㄇㄞˇ ㄍㄨㄢ ㄩˋ ㄐㄩㄝˊ
買櫝還珠,1,ㄇㄞˇ ㄉㄨˊ ㄏㄨㄢˊ ㄓㄨ
買牛賣劍,1,ㄇㄞˇ ㄋㄧㄡˊ ㄇㄞˋ ㄐㄧㄢˋ
買物栽贓,1,ㄇㄞˇ ㄨˋ ㄗㄞ ㄗㄤ
買笑追歡,1,ㄇㄞˇ ㄒㄧㄠˋ ㄓㄨㄟ ㄏㄨㄢ
買臣覆水,1,ㄇㄞˇ ㄔㄣˊ ㄈㄨˋ ㄕㄨㄟˇ
買臣負薪,1,ㄇㄞˇ ㄔㄣˊ ㄈㄨˋ ㄒㄧㄣ
買菜求益,1,ㄇㄞˇ ㄘㄞˋ ㄑㄧㄡˊ ㄧˋ
買賣人口,1,ㄇㄞˇ ㄇㄞˋ ㄖㄣˊ ㄎㄡˇ
買進對沖,1,ㄇㄞˇ ㄐㄧㄣˋ ㄉㄨㄟˋ ㄔㄨㄥ
買馬招軍,1,ㄇㄞˇ ㄇㄚˇ ㄓㄠ ㄐㄩㄣ
費力勞心,1,ㄈㄟˋ ㄌㄧˋ ㄌㄠˊ ㄒㄧㄣ
費心勞力,1,ㄈㄟˋ ㄒㄧㄣ ㄌㄠˊ ㄌㄧˋ
費心費力,1,ㄈㄟˋ ㄒㄧㄣ ㄈㄟˋ ㄌㄧˋ
費日損功,1,ㄈㄟˋ ㄖˋ ㄙㄨㄣˇ ㄍㄨㄥ
費盡精神,1,ㄈㄟˋ ㄐㄧㄣˋ ㄐㄧㄥ ㄕㄣˊ
費盡脣舌,1,ㄈㄟˋ ㄐㄧㄣˋ ㄔㄨㄣˊ ㄕㄜˊ
費財勞民,1,ㄈㄟˋ ㄘㄞˊ ㄌㄠˊ ㄇㄧㄣˊ
貼心貼腹,1,ㄊㄧㄝ ㄒㄧㄣ ㄊㄧㄝ ㄈㄨˋ
貼現窗口,1,ㄊㄧㄝ ㄒㄧㄢˋ ㄔㄨㄤ ㄎㄡˇ
貼皮貼肉,1,ㄊㄧㄝ ㄆㄧˊ ㄊㄧㄝ ㄖㄡˋ
貼紙圖案,1,ㄊㄧㄝ ㄓˇ ㄊㄨˊ ㄢˋ
貽厥孫謀,1,ㄧˊ ㄐㄩㄝˊ ㄙㄨㄣ ㄇㄡˊ
貽笑千古,1,ㄧˊ ㄒㄧㄠˋ ㄑㄧㄢ ㄍㄨˇ
貽笑千秋,1,ㄧˊ ㄒㄧㄠˋ ㄑㄧㄢ ㄑㄧㄡ
貽笑萬世,1,ㄧˊ ㄒㄧㄠˋ ㄨㄢˋ ㄕˋ
貽範古今,1,ㄧˊ ㄈㄢˋ ㄍㄨˇ ㄐㄧㄣ
貽羞萬年,1,ㄧˊ ㄒㄧㄡ ㄨㄢˋ ㄋㄧㄢˊ
貽誚多方,1,ㄧˊ ㄑㄧㄠˋ ㄉㄨㄛ ㄈㄤ
貿易保護,1,ㄇㄠˋ ㄧˋ ㄅㄠˇ ㄏㄨˋ
貿易差額,1,ㄇㄠˋ ㄧˋ ㄔㄚ ㄜˊ
貿易收支,1,ㄇㄠˋ ㄧˋ ㄕㄡ ㄓ
貿易網路,1,ㄇㄠˋ ㄧˋ ㄨㄤˇ ㄌㄨˋ
貿易赤字,1,ㄇㄠˋ ㄧˋ ㄔˋ ㄗˋ
賀后罵殿,1,ㄏㄜˋ ㄏㄡˋ ㄇㄚˋ ㄉㄧㄢˋ
賀喜撮空,1,ㄏㄜˋ ㄒㄧˇ ㄘㄨㄛ ㄎㄨㄥ
賄貨公行,1,ㄏㄨㄟˋ ㄏㄨㄛˋ ㄍㄨㄥ ㄒㄧㄥˊ
賄賂公行,1,ㄏㄨㄟˋ ㄌㄨˋ ㄍㄨㄥ ㄒㄧㄥˊ
賄賂并行,1,ㄏㄨㄟˋ ㄌㄨˋ ㄅㄧㄥˋ ㄒㄧㄥˊ
資怨助禍,1,ㄗ ㄩㄢˋ ㄓㄨˋ ㄏㄨㄛˋ
資料傳輸,1,ㄗ ㄌㄧㄠˋ ㄔㄨㄢˊ ㄕㄨ
資料索引,1,ㄗ ㄌㄧㄠˋ ㄙㄨㄛˇ ㄧㄣˇ
資料處理,1,ㄗ ㄌㄧㄠˋ ㄔㄨˇ ㄌㄧˇ
資料通訊,1,ㄗ ㄌㄧㄠˋ ㄊㄨㄥ ㄒㄩㄣˋ
資本市場,1,ㄗ ㄅㄣˇ ㄕˋ ㄔㄤˊ
資淺望輕,1,ㄗ ㄑㄧㄢˇ ㄨㄤˋ ㄑㄧㄥ
資淺齒少,1,ㄗ ㄑㄧㄢˇ ㄔˇ ㄕㄠˋ
資源保育,1,ㄗ ㄩㄢˊ ㄅㄠˇ ㄩˋ
資產重估,1,ㄗ ㄔㄢˇ ㄔㄨㄥˊ ㄍㄨ
資訊中心,1,ㄗ ㄒㄩㄣˋ ㄓㄨㄥ ㄒㄧㄣ
資訊時代,1,ㄗ ㄒㄩㄣˋ ㄕˊ ㄉㄞˋ
資訊檢索,1,ㄗ ㄒㄩㄣˋ ㄐㄧㄢˇ ㄙㄨㄛˇ
資訊科學,1,ㄗ ㄒㄩㄣˋ ㄎㄜ ㄒㄩㄝˊ
資訊網路,1,ㄗ ㄒㄩㄣˋ ㄨㄤˇ ㄌㄨˋ
資訊革命,1,ㄗ ㄒㄩㄣˋ ㄍㄜˊ ㄇㄧㄥˋ
賈人渡河,1,ㄍㄨˇ ㄖㄣˊ ㄉㄨˋ ㄏㄜˊ
賈儒商秀,1,ㄍㄨˇ ㄖㄨˊ ㄕㄤ ㄒㄧㄡˋ
賊人心虛,1,ㄗㄟˊ ㄖㄣˊ ㄒㄧㄣ ㄒㄩ
賊人膽虛,1,ㄗㄟˊ ㄖㄣˊ ㄉㄢˇ ㄒㄩ
賊去關門,1,ㄗㄟˊ ㄑㄩˋ ㄍㄨㄢ ㄇㄣˊ
賊喊捉賊,1,ㄗㄟˊ ㄏㄢˇ ㄓㄨㄛ ㄗㄟˊ
賊子亂臣,1,ㄗㄟˊ ㄗˇ ㄌㄨㄢˋ ㄔㄣˊ
賊皮賊骨,1,ㄗㄟˊ ㄆㄧˊ ㄗㄟˊ ㄍㄨˇ
賊臣亂子,1,ㄗㄟˊ ㄔㄣˊ ㄌㄨㄢˋ ㄗˇ
賊臣逆子,1,ㄗㄟˊ ㄔㄣˊ ㄋㄧˋ ㄗˇ
賊頭鼠腦,1,ㄗㄟˊ ㄊㄡˊ ㄕㄨˇ ㄋㄠˇ
賑窮濟乏,1,ㄓㄣˋ ㄑㄩㄥˊ ㄐㄧˋ ㄈㄚˊ
賓之初筵,1,ㄅㄧㄣ ㄓ ㄔㄨ ㄧㄢˊ
賓客填門,1,ㄅㄧㄣ ㄎㄜˋ ㄊㄧㄢˊ ㄇㄣˊ
賓客如雲,1,ㄅㄧㄣ ㄎㄜˋ ㄖㄨˊ ㄩㄣˊ
賓客盈庭,1,ㄅㄧㄣ ㄎㄜˋ ㄧㄥˊ ㄊㄧㄥˊ
賓客盈門,1,ㄅㄧㄣ ㄎㄜˋ ㄧㄥˊ ㄇㄣˊ
賓朋滿座,1,ㄅㄧㄣ ㄆㄥˊ ㄇㄢˇ ㄗㄨㄛˋ
賞一勸百,1,ㄕㄤˇ ㄧ ㄑㄩㄢˋ ㄅㄞˇ
賞不當功,1,ㄕㄤˇ ㄅㄨˋ ㄉㄤ ㄍㄨㄥ
賞不踰日,1,ㄕㄤˇ ㄅㄨˋ ㄩˊ ㄖˋ
賞不踰時,1,ㄕㄤˇ ㄅㄨˋ ㄩˊ ㄕˊ
賞不遺賤,1,ㄕㄤˇ ㄅㄨˋ ㄧˊ ㄐㄧㄢˋ
賞功罰罪,1,ㄕㄤˇ ㄍㄨㄥ ㄈㄚˊ ㄗㄨㄟˋ
賞口飯吃,1,ㄕㄤˇ ㄎㄡˇ ㄈㄢˋ ㄔ
賞同罰異,1,ㄕㄤˇ ㄊㄨㄥˊ ㄈㄚˊ ㄧˋ
賞善罰惡,1,ㄕㄤˇ ㄕㄢˋ ㄈㄚˊ ㄜˋ
賞奇析疑,1,ㄕㄤˇ ㄑㄧˊ ㄒㄧ ㄧˊ
賞心樂事,1,ㄕㄤˇ ㄒㄧㄣ ㄌㄜˋ ㄕˋ
賞罰不信,1,ㄕㄤˇ ㄈㄚˊ ㄅㄨˋ ㄒㄧㄣˋ
賞罰不明,1,ㄕㄤˇ ㄈㄚˊ ㄅㄨˋ ㄇㄧㄥˊ
賞罰不當,1,ㄕㄤˇ ㄈㄚˊ ㄅㄨˋ ㄉㄤ
賞罰無章,1,ㄕㄤˇ ㄈㄚˊ ㄨˊ ㄓㄤ
賠個不是,1,ㄆㄟˊ ㄍㄜ˙ ㄅㄨˋ ㄕˋ
賠償醫學,1,ㄆㄟˊ ㄔㄤˊ ㄧ ㄒㄩㄝˊ
賢否不明,1,ㄒㄧㄢˊ ㄆㄧˇ ㄅㄨˋ ㄇㄧㄥˊ
賢奸倒置,1,ㄒㄧㄢˊ ㄐㄧㄢ ㄉㄠˋ ㄓˋ
賢愚不分,1,ㄒㄧㄢˊ ㄩˊ ㄅㄨˋ ㄈㄣ
賢良方正,1,ㄒㄧㄢˊ ㄌㄧㄤˊ ㄈㄤ ㄓㄥˋ
賢賢易色,1,ㄒㄧㄢˊ ㄒㄧㄢˊ ㄧˋ ㄙㄜˋ
賣俏營奸,1,ㄇㄞˋ ㄑㄧㄠˋ ㄧㄥˊ ㄐㄧㄢ
賣俏行姦,1,ㄇㄞˋ ㄑㄧㄠˋ ㄒㄧㄥˊ ㄐㄧㄢ
賣俏迎奸,1,ㄇㄞˋ ㄑㄧㄠˋ ㄧㄥˊ ㄐㄧㄢ
賣個破綻,1,ㄇㄞˋ ㄍㄜ˙ ㄆㄛˋ ㄓㄢˋ
賣兒鬻女,1,ㄇㄞˋ ㄦˊ ㄩˋ ㄋㄩˇ
賣公營私,1,ㄇㄞˋ ㄍㄨㄥ ㄧㄥˊ ㄙ
賣刀買牛,1,ㄇㄞˋ ㄉㄠ ㄇㄞˇ ㄋㄧㄡˊ
賣刀買犢,1,ㄇㄞˋ ㄉㄠ ㄇㄞˇ ㄉㄨˊ
賣劍買牛,1,ㄇㄞˋ ㄐㄧㄢˋ ㄇㄞˇ ㄋㄧㄡˊ
賣卜測字,1,ㄇㄞˋ ㄅㄨˇ ㄘㄜˋ ㄗˋ
賣嘴料舌,1,ㄇㄞˋ ㄗㄨㄟˇ ㄌㄧㄠˋ ㄕㄜˊ
賣國求利,1,ㄇㄞˋ ㄍㄨㄛˊ ㄑㄧㄡˊ ㄌㄧˋ
賣妻鬻子,1,ㄇㄞˋ ㄑㄧ ㄩˋ ㄗˇ
賣官鬻獄,1,ㄇㄞˋ ㄍㄨㄢ ㄩˋ ㄩˋ
賣富差貧,1,ㄇㄞˋ ㄈㄨˋ ㄔㄞ ㄆㄧㄣˊ
賣弄玄虛,1,ㄇㄞˋ ㄌㄨㄥ˙ ㄒㄩㄢˊ ㄒㄩ
賣文為活,1,ㄇㄞˋ ㄨㄣˊ ㄨㄟˊ ㄏㄨㄛˊ
賣李鑽核,1,ㄇㄞˋ ㄌㄧˇ ㄗㄨㄢ ㄏㄜˊ
賣杖搖鈴,1,ㄇㄞˋ ㄓㄤˋ ㄧㄠˊ ㄌㄧㄥˊ
賣爵贅子,1,ㄇㄞˋ ㄐㄩㄝˊ ㄓㄨㄟˋ ㄗˇ
賣爵鬻子,1,ㄇㄞˋ ㄐㄩㄝˊ ㄩˋ ㄗˇ
賣狗懸羊,1,ㄇㄞˋ ㄍㄡˇ ㄒㄩㄢˊ ㄧㄤˊ
賣空買空,1,ㄇㄞˋ ㄎㄨㄥ ㄇㄞˇ ㄎㄨㄥ
賣笑追歡,1,ㄇㄞˋ ㄒㄧㄠˋ ㄓㄨㄟ ㄏㄨㄢ
賣膏藥的,1,ㄇㄞˋ ㄍㄠ ㄧㄠˋ ㄉㄜ˙
賣身投靠,1,ㄇㄞˋ ㄕㄣ ㄊㄡˊ ㄎㄠˋ
賣身葬父,1,ㄇㄞˋ ㄕㄣ ㄗㄤˋ ㄈㄨˋ
賣野人頭,1,ㄇㄞˋ ㄧㄝˇ ㄖㄣˊ ㄊㄡˊ
賣陣之計,1,ㄇㄞˋ ㄓㄣˋ ㄓ ㄐㄧˋ
賣頭賣腳,1,ㄇㄞˋ ㄊㄡˊ ㄇㄞˋ ㄐㄧㄠˇ
賤如糞土,1,ㄐㄧㄢˋ ㄖㄨˊ ㄈㄣˋ ㄊㄨˇ
賤斂貴出,1,ㄐㄧㄢˋ ㄌㄧㄢˋ ㄍㄨㄟˋ ㄔㄨ
賤斂貴發,1,ㄐㄧㄢˋ ㄌㄧㄢˋ ㄍㄨㄟˋ ㄈㄚ
賤貴窮通,1,ㄐㄧㄢˋ ㄍㄨㄟˋ ㄑㄩㄥˊ ㄊㄨㄥ
賤買貴賣,1,ㄐㄧㄢˋ ㄇㄞˇ ㄍㄨㄟˋ ㄇㄞˋ
賦詩言志,1,ㄈㄨˋ ㄕ ㄧㄢˊ ㄓˋ
賦食行水,1,ㄈㄨˋ ㄕˊ ㄒㄧㄥˊ ㄕㄨㄟˇ
質妻鬻子,1,ㄓˋ ㄑㄧ ㄩˋ ㄗˇ
質疑問難,1,ㄓˊ ㄧˊ ㄨㄣˋ ㄋㄢˋ
質直渾厚,1,ㄓˊ ㄓˊ ㄏㄨㄣˊ ㄏㄡˋ
質而不俚,1,ㄓˊ ㄦˊ ㄅㄨˋ ㄌㄧˇ
賭咒發願,1,ㄉㄨˇ ㄓㄡˋ ㄈㄚ ㄩㄢˋ
賭身發誓,1,ㄉㄨˇ ㄕㄣ ㄈㄚ ㄕˋ
賭身立誓,1,ㄉㄨˇ ㄕㄣ ㄌㄧˋ ㄕˋ
賴比瑞亞,1,ㄌㄞˋ ㄅㄧˇ ㄖㄨㄟˋ ㄧㄚˋ
賴肉頑皮,1,ㄌㄞˋ ㄖㄡˋ ㄨㄢˊ ㄆㄧˊ
賴衣求食,1,ㄌㄞˋ ㄧ ㄑㄧㄡˊ ㄕˊ
賴骨頑皮,1,ㄌㄞˋ ㄍㄨˇ ㄨㄢˊ ㄆㄧˊ
贏姦賣俏,1,ㄧㄥˊ ㄐㄧㄢ ㄇㄞˋ ㄑㄧㄠˋ
贓汙狼藉,1,ㄗㄤ ㄨ ㄌㄤˊ ㄐㄧˊ
赤口毒舌,1,ㄔˋ ㄎㄡˇ ㄉㄨˊ ㄕㄜˊ
赤口白舌,1,ㄔˋ ㄎㄡˇ ㄅㄛˊ ㄕㄜˊ
赤土陶器,1,ㄔˋ ㄊㄨˇ ㄊㄠˊ ㄑㄧˋ
赤地千里,1,ㄔˋ ㄉㄧˋ ㄑㄧㄢ ㄌㄧˇ
赤壁懷古,1,ㄔˋ ㄅㄧˋ ㄏㄨㄞˊ ㄍㄨˇ
赤壁鏖兵,1,ㄔˋ ㄅㄧˋ ㄠˊ ㄅㄧㄥ
赤字財政,1,ㄔˋ ㄗˋ ㄘㄞˊ ㄓㄥˋ
赤字預算,1,ㄔˋ ㄗˋ ㄩˋ ㄙㄨㄢˋ
赤心忠膽,1,ㄔˋ ㄒㄧㄣ ㄓㄨㄥ ㄉㄢˇ
赤手起家,1,ㄔˋ ㄕㄡˇ ㄑㄧˇ ㄐㄧㄚ
赤條精光,1,ㄔˋ ㄊㄧㄠˊ ㄐㄧㄥ ㄍㄨㄤ
赤留出律,1,ㄔˋ ㄌㄧㄡˊ ㄔㄨ ㄌㄩˋ
赤眼卵蜂,1,ㄔˋ ㄧㄢˇ ㄌㄨㄢˇ ㄈㄥ
赤縣神州,1,ㄔˋ ㄒㄧㄢˋ ㄕㄣˊ ㄓㄡ
赤繩綰足,1,ㄔˋ ㄕㄥˊ ㄨㄢˇ ㄗㄨˊ
赤繩繫足,1,ㄔˋ ㄕㄥˊ ㄒㄧˋ ㄗㄨˊ
赤膽忠肝,1,ㄔˋ ㄉㄢˇ ㄓㄨㄥ ㄍㄢ
赤舌燒城,1,ㄔˋ ㄕㄜˊ ㄕㄠ ㄔㄥˊ
赤色中國,1,ㄔˋ ㄙㄜˋ ㄓㄨㄥ ㄍㄨㄛˊ
赤色國際,1,ㄔˋ ㄙㄜˋ ㄍㄨㄛˊ ㄐㄧˋ
赤血丹心,1,ㄔˋ ㄒㄧㄝˇ ㄉㄢ ㄒㄧㄣ
赤衣使者,1,ㄔˋ ㄧ ㄕˇ ㄓㄜˇ
赤赤哈哈,1,ㄔˋ ㄔˋ ㄏㄚ ㄏㄚ
赤身裸體,1,ㄔˋ ㄕㄣ ㄌㄨㄛˇ ㄊㄧˇ
赤道洋流,1,ㄔˋ ㄉㄠˋ ㄧㄤˊ ㄌㄧㄡˊ
赤道群島,1,ㄔˋ ㄉㄠˋ ㄑㄩㄣˊ ㄉㄠˇ
赤道雨林,1,ㄔˋ ㄉㄠˋ ㄩˇ ㄌㄧㄣˊ
赤道非洲,1,ㄔˋ ㄉㄠˋ ㄈㄟ ㄓㄡ
赧顏汗下,1,ㄋㄢˇ ㄧㄢˊ ㄏㄢˋ ㄒㄧㄚˋ
赫丘利斯,1,ㄏㄜˋ ㄑㄧㄡ ㄌㄧˋ ㄙ
赫斯之威,1,ㄏㄜˋ ㄙ ㄓ ㄨㄟ
赫斯之怒,1,ㄏㄜˋ ㄙ ㄓ ㄋㄨˋ
赫柏定律,1,ㄏㄜˋ ㄅㄛˊ ㄉㄧㄥˋ ㄌㄩˋ
赫然有聲,1,ㄏㄜˋ ㄖㄢˊ ㄧㄡˇ ㄕㄥ
赫赫之光,1,ㄏㄜˋ ㄏㄜˋ ㄓ ㄍㄨㄤ
赫赫之功,1,ㄏㄜˋ ㄏㄜˋ ㄓ ㄍㄨㄥ
赫赫之名,1,ㄏㄜˋ ㄏㄜˋ ㄓ ㄇㄧㄥˊ
赫赫名流,1,ㄏㄜˋ ㄏㄜˋ ㄇㄧㄥˊ ㄌㄧㄡˊ
赫赫揚揚,1,ㄏㄜˋ ㄏㄜˋ ㄧㄤˊ ㄧㄤˊ
赫赫炎炎,1,ㄏㄜˋ ㄏㄜˋ ㄧㄢˊ ㄧㄢˊ
赭衣半道,1,ㄓㄜˇ ㄧ ㄅㄢˋ ㄉㄠˋ
赭衣塞路,1,ㄓㄜˇ ㄧ ㄙㄜˋ ㄌㄨˋ
赭衣滿道,1,ㄓㄜˇ ㄧ ㄇㄢˇ ㄉㄠˋ
走了風聲,1,ㄗㄡˇ ㄌㄜ˙ ㄈㄥ ㄕㄥ
走了馬腳,1,ㄗㄡˇ ㄌㄜ˙ ㄇㄚˇ ㄐㄧㄠˇ
走南闖北,1,ㄗㄡˇ ㄋㄢˊ ㄔㄨㄤˋ ㄅㄟˇ
走及奔馬,1,ㄗㄡˇ ㄐㄧˊ ㄅㄣ ㄇㄚˇ
走回頭路,1,ㄗㄡˇ ㄏㄨㄟˊ ㄊㄡˊ ㄌㄨˋ
走小路子,1,ㄗㄡˇ ㄒㄧㄠˇ ㄌㄨˋ ㄗ˙
走投沒路,1,ㄗㄡˇ ㄊㄡˊ ㄇㄟˊ ㄌㄨˋ
走斝傳觴,1,ㄗㄡˇ ㄐㄧㄚˇ ㄔㄨㄢˊ ㄕㄤ
走斝飛觥,1,ㄗㄡˇ ㄐㄧㄚˇ ㄈㄟ ㄍㄨㄥ
走斝飛觴,1,ㄗㄡˇ ㄐㄧㄚˇ ㄈㄟ ㄕㄤ
走漏天機,1,ㄗㄡˇ ㄌㄡˋ ㄊㄧㄢ ㄐㄧ
走漏消息,1,ㄗㄡˇ ㄌㄡˋ ㄒㄧㄠ ㄒㄧ˙
走石揚沙,1,ㄗㄡˇ ㄕˊ ㄧㄤˊ ㄕㄚ
走石飛砂,1,ㄗㄡˇ ㄕˊ ㄈㄟ ㄕㄚ
走筆成文,1,ㄗㄡˇ ㄅㄧˇ ㄔㄥˊ ㄨㄣˊ
走筆成章,1,ㄗㄡˇ ㄅㄧˇ ㄔㄥˊ ㄓㄤ
走肉行屍,1,ㄗㄡˇ ㄖㄡˋ ㄒㄧㄥˊ ㄕ
走遍天下,1,ㄗㄡˇ ㄅㄧㄢˋ ㄊㄧㄢ ㄒㄧㄚˋ
走馬之任,1,ㄗㄡˇ ㄇㄚˇ ㄓ ㄖㄣˋ
走馬到任,1,ㄗㄡˇ ㄇㄚˇ ㄉㄠˋ ㄖㄣˋ
走馬章臺,1,ㄗㄡˇ ㄇㄚˇ ㄓㄤ ㄊㄞˊ
走馬赴任,1,ㄗㄡˇ ㄇㄚˇ ㄈㄨˋ ㄖㄣˋ
走骨行屍,1,ㄗㄡˇ ㄍㄨˇ ㄒㄧㄥˊ ㄕ
走魔入火,1,ㄗㄡˇ ㄇㄛˊ ㄖㄨˋ ㄏㄨㄛˇ
赳赳雄風,1,ㄐㄧㄡ ㄐㄧㄡ ㄒㄩㄥˊ ㄈㄥ
赴死如歸,1,ㄈㄨˋ ㄙˇ ㄖㄨˊ ㄍㄨㄟ
赴湯投火,1,ㄈㄨˋ ㄊㄤ ㄊㄡˊ ㄏㄨㄛˇ
赴湯跳火,1,ㄈㄨˋ ㄊㄤ ㄊㄧㄠˋ ㄏㄨㄛˇ
赴火蹈刃,1,ㄈㄨˋ ㄏㄨㄛˇ ㄉㄠˋ ㄖㄣˋ
赴蹈湯火,1,ㄈㄨˋ ㄉㄠˋ ㄊㄤ ㄏㄨㄛˇ
赴險如夷,1,ㄈㄨˋ ㄒㄧㄢˇ ㄖㄨˊ ㄧˊ
起伏不平,1,ㄑㄧˇ ㄈㄨˊ ㄅㄨˋ ㄆㄧㄥˊ
起偃為豎,1,ㄑㄧˇ ㄧㄢˇ ㄨㄟˊ ㄕㄨˋ
起兵動眾,1,ㄑㄧˇ ㄅㄧㄥ ㄉㄨㄥˋ ㄓㄨㄥˋ
起動馬達,1,ㄑㄧˇ ㄉㄨㄥˋ ㄇㄚˇ ㄉㄚˊ
起司蛋糕,1,ㄑㄧˇ ㄙ ㄉㄢˋ ㄍㄠ
起師動眾,1,ㄑㄧˇ ㄕ ㄉㄨㄥˋ ㄓㄨㄥˋ
起根發腳,1,ㄑㄧˇ ㄍㄣ ㄈㄚ ㄐㄧㄠˇ
起根立地,1,ㄑㄧˇ ㄍㄣ ㄌㄧˋ ㄉㄧˋ
起而效尤,1,ㄑㄧˇ ㄦˊ ㄒㄧㄠˋ ㄧㄡˊ
趁人不備,1,ㄔㄣˋ ㄖㄣˊ ㄅㄨˋ ㄅㄟˋ
趁勢落篷,1,ㄔㄣˋ ㄕˋ ㄌㄨㄛˋ ㄆㄥˊ
趁哄打劫,1,ㄔㄣˋ ㄏㄨㄥ ㄉㄚˇ ㄐㄧㄝˊ
趁波逐浪,1,ㄔㄣˋ ㄅㄛ ㄓㄨˊ ㄌㄤˋ
趁浪逐波,1,ㄔㄣˋ ㄌㄤˋ ㄓㄨˊ ㄅㄛ
趁火搶劫,1,ㄔㄣˋ ㄏㄨㄛˇ ㄑㄧㄤˇ ㄐㄧㄝˊ
趁熱灶火,1,ㄔㄣˋ ㄖㄜˋ ㄗㄠˋ ㄏㄨㄛˇ
趁風揚帆,1,ㄔㄣˋ ㄈㄥ ㄧㄤˊ ㄈㄢˊ
超世之才,1,ㄔㄠ ㄕˋ ㄓ ㄘㄞˊ
超世拔俗,1,ㄔㄠ ㄕˋ ㄅㄚˊ ㄙㄨˊ
超世絕俗,1,ㄔㄠ ㄕˋ ㄐㄩㄝˊ ㄙㄨˊ
超世絕倫,1,ㄔㄠ ㄕˋ ㄐㄩㄝˊ ㄌㄨㄣˊ
超今冠古,1,ㄔㄠ ㄐㄧㄣ ㄍㄨㄢˋ ㄍㄨˇ
超今絕古,1,ㄔㄠ ㄐㄧㄣ ㄐㄩㄝˊ ㄍㄨˇ
超今越古,1,ㄔㄠ ㄐㄧㄣ ㄩㄝˋ ㄍㄨˇ
超以象外,1,ㄔㄠ ㄧˇ ㄒㄧㄤˋ ㄨㄞˋ
超俗拔群,1,ㄔㄠ ㄙㄨˊ ㄅㄚˊ ㄑㄩㄣˊ
超俗絕世,1,ㄔㄠ ㄙㄨˊ ㄐㄩㄝˊ ㄕˋ
超凡出世,1,ㄔㄠ ㄈㄢˊ ㄔㄨ ㄕˋ
超前絕後,1,ㄔㄠ ㄑㄧㄢˊ ㄐㄩㄝˊ ㄏㄡˋ
超塵出俗,1,ㄔㄠ ㄔㄣˊ ㄔㄨ ㄙㄨˊ
超塵拔俗,1,ㄔㄠ ㄔㄣˊ ㄅㄚˊ ㄙㄨˊ
超導電性,1,ㄔㄠ ㄉㄠˇ ㄉㄧㄢˋ ㄒㄧㄥˋ
超心理學,1,ㄔㄠ ㄒㄧㄣ ㄌㄧˇ ㄒㄩㄝˊ
超手遊廊,1,ㄔㄠ ㄕㄡˇ ㄧㄡˊ ㄌㄤˊ
超深水港,1,ㄔㄠ ㄕㄣ ㄕㄨㄟˇ ㄍㄤˇ
超然不群,1,ㄔㄠ ㄖㄢˊ ㄅㄨˋ ㄑㄩㄣˊ
超然內閣,1,ㄔㄠ ㄖㄢˊ ㄋㄟˋ ㄍㄜˊ
超然獨立,1,ㄔㄠ ㄖㄢˊ ㄉㄨˊ ㄌㄧˋ
超然獨處,1,ㄔㄠ ㄖㄢˊ ㄉㄨˊ ㄔㄨˇ
超然絕俗,1,ㄔㄠ ㄖㄢˊ ㄐㄩㄝˊ ㄙㄨˊ
超然自引,1,ㄔㄠ ㄖㄢˊ ㄗˋ ㄧㄣˇ
超然自得,1,ㄔㄠ ㄖㄢˊ ㄗˋ ㄉㄜˊ
超然自逸,1,ㄔㄠ ㄖㄢˊ ㄗˋ ㄧˋ
超然遠引,1,ㄔㄠ ㄖㄢˊ ㄩㄢˇ ㄧㄣˇ
超然遠舉,1,ㄔㄠ ㄖㄢˊ ㄩㄢˇ ㄐㄩˇ
超然邁倫,1,ㄔㄠ ㄖㄢˊ ㄇㄞˋ ㄌㄨㄣˊ
超級瑪琍,1,ㄔㄠ ㄐㄧˊ ㄇㄚˇ ㄌㄧˋ
超級颱風,1,ㄔㄠ ㄐㄧˊ ㄊㄞˊ ㄈㄥ
超絕群倫,1,ㄔㄠ ㄐㄩㄝˊ ㄑㄩㄣˊ ㄌㄨㄣˊ
超群出眾,1,ㄔㄠ ㄑㄩㄣˊ ㄔㄨ ㄓㄨㄥˋ
超群拔類,1,ㄔㄠ ㄑㄩㄣˊ ㄅㄚˊ ㄌㄟˋ
超群脫俗,1,ㄔㄠ ㄑㄩㄣˊ ㄊㄨㄛ ㄙㄨˊ
超群越輩,1,ㄔㄠ ㄑㄩㄣˊ ㄩㄝˋ ㄅㄟˋ
超群軼類,1,ㄔㄠ ㄑㄩㄣˊ ㄧˋ ㄌㄟˋ
超超玄箸,1,ㄔㄠ ㄔㄠ ㄒㄩㄢˊ ㄓㄨˋ
超軼絕塵,1,ㄔㄠ ㄧˋ ㄐㄩㄝˊ ㄔㄣˊ
超逸絕塵,1,ㄔㄠ ㄧˋ ㄐㄩㄝˊ ㄔㄣˊ
超邁絕倫,1,ㄔㄠ ㄇㄞˋ ㄐㄩㄝˊ ㄌㄨㄣˊ
超階越次,1,ㄔㄠ ㄐㄧㄝ ㄩㄝˋ ㄘˋ
超額貸款,1,ㄔㄠ ㄜˊ ㄉㄞˋ ㄎㄨㄢˇ
越人視秦,1,ㄩㄝˋ ㄖㄣˊ ㄕˋ ㄑㄧㄣˊ
越冬作物,1,ㄩㄝˋ ㄉㄨㄥ ㄗㄨㄛˋ ㄨˋ
越古超今,1,ㄩㄝˋ ㄍㄨˇ ㄔㄠ ㄐㄧㄣ
越扶越醉,1,ㄩㄝˋ ㄈㄨˊ ㄩㄝˋ ㄗㄨㄟˋ
越次超倫,1,ㄩㄝˋ ㄘˋ ㄔㄠ ㄌㄨㄣˊ
越次躐等,1,ㄩㄝˋ ㄘˋ ㄌㄧㄝˋ ㄉㄥˇ
越犬吠雪,1,ㄩㄝˋ ㄑㄩㄢˇ ㄈㄟˋ ㄒㄩㄝˇ
越王嘗蓼,1,ㄩㄝˋ ㄨㄤˊ ㄔㄤˊ ㄌㄧㄠˇ
越野賽跑,1,ㄩㄝˋ ㄧㄝˇ ㄙㄞˋ ㄆㄠˇ
越鳥南棲,1,ㄩㄝˋ ㄋㄧㄠˇ ㄋㄢˊ ㄑㄧ
越鳧楚乙,1,ㄩㄝˋ ㄈㄨˊ ㄔㄨˇ ㄧˇ
趑趄不前,1,ㄗ ㄐㄩ ㄅㄨˋ ㄑㄧㄢˊ
趑趄卻顧,1,ㄗ ㄐㄩ ㄑㄩㄝˋ ㄍㄨˋ
趔趔趄趄,1,ㄌㄧㄝˋ ㄌㄧㄝˋ ㄐㄩ ㄐㄩ
趕不上趟,1,ㄍㄢˇ ㄅㄨˋ ㄕㄤˋ ㄊㄤˋ
趙武靈王,1,ㄓㄠˋ ㄨˇ ㄌㄧㄥˊ ㄨㄤˊ
趙氏孤兒,1,ㄓㄠˋ ㄕˋ ㄍㄨ ㄦˊ
趙禮讓肥,1,ㄓㄠˋ ㄌㄧˇ ㄖㄤˋ ㄈㄟˊ
趣味橫生,1,ㄑㄩˋ ㄨㄟˋ ㄏㄥˊ ㄕㄥ
趨之若鶩,1,ㄑㄩ ㄓ ㄖㄨㄛˋ ㄨˋ
趨前退後,1,ㄑㄩ ㄑㄧㄢˊ ㄊㄨㄟˋ ㄏㄡˋ
趨時捧勢,1,ㄑㄩ ㄕˊ ㄆㄥˇ ㄕˋ
趨末背本,1,ㄑㄩ ㄇㄛˋ ㄅㄟˋ ㄅㄣˇ
趨權附勢,1,ㄑㄩ ㄑㄩㄢˊ ㄈㄨˋ ㄕˋ
趨炎奉勢,1,ㄑㄩ ㄧㄢˊ ㄈㄥˋ ㄕˋ
趨炎附熱,1,ㄑㄩ ㄧㄢˊ ㄈㄨˋ ㄖㄜˋ
趨舍指湊,1,ㄑㄩ ㄕㄜˇ ㄓˇ ㄘㄡˋ
趨舍異路,1,ㄑㄩ ㄕㄜˇ ㄧˋ ㄌㄨˋ
趨財慕勢,1,ㄑㄩ ㄘㄞˊ ㄇㄨˋ ㄕˋ
足不出門,1,ㄗㄨˊ ㄅㄨˋ ㄔㄨ ㄇㄣˊ
足不踰戶,1,ㄗㄨˊ ㄅㄨˋ ㄩˊ ㄏㄨˋ
足了十人,1,ㄗㄨˊ ㄌㄧㄠˇ ㄕˊ ㄖㄣˊ
足利義滿,1,ㄗㄨˊ ㄌㄧˋ ㄧˋ ㄇㄢˇ
足謀寡斷,1,ㄗㄨˊ ㄇㄡˊ ㄍㄨㄚˇ ㄉㄨㄢˋ
足蹈手舞,1,ㄗㄨˊ ㄉㄠˋ ㄕㄡˇ ㄨˇ
足音跫然,1,ㄗㄨˊ ㄧㄣ ㄑㄩㄥˊ ㄖㄢˊ
足食豐衣,1,ㄗㄨˊ ㄕˊ ㄈㄥ ㄧ
足高氣揚,1,ㄗㄨˊ ㄍㄠ ㄑㄧˋ ㄧㄤˊ
趵突泉詩,1,ㄅㄠˋ ㄊㄨˊ ㄑㄩㄢˊ ㄕ
跂行喙息,1,ㄑㄧˊ ㄒㄧㄥˊ ㄏㄨㄟˋ ㄒㄧˊ
跋前疐後,1,ㄅㄚˊ ㄑㄧㄢˊ ㄓˋ ㄏㄡˋ
跋山涉川,1,ㄅㄚˊ ㄕㄢ ㄕㄜˋ ㄔㄨㄢ
跋扈自恣,1,ㄅㄚˊ ㄏㄨˋ ㄗˋ ㄗˋ
跋涉千里,1,ㄅㄚˊ ㄕㄜˋ ㄑㄧㄢ ㄌㄧˇ
跋涉山川,1,ㄅㄚˊ ㄕㄜˋ ㄕㄢ ㄔㄨㄢ
跋胡疐尾,1,ㄅㄚˊ ㄏㄨˊ ㄓˋ ㄨㄟˇ
跌宕不羈,1,ㄉㄧㄝˊ ㄉㄤˋ ㄅㄨˋ ㄐㄧ
跌宕不群,1,ㄉㄧㄝˊ ㄉㄤˋ ㄅㄨˋ ㄑㄩㄣˊ
跌宕昭彰,1,ㄉㄧㄝˊ ㄉㄤˋ ㄓㄠ ㄓㄤ
跌宕遒麗,1,ㄉㄧㄝˊ ㄉㄤˋ ㄑㄧㄡˊ ㄌㄧˋ
跌腳搥胸,1,ㄉㄧㄝˊ ㄐㄧㄠˇ ㄔㄨㄟˊ ㄒㄩㄥ
跌腳絆手,1,ㄉㄧㄝˊ ㄐㄧㄠˇ ㄅㄢˋ ㄕㄡˇ
跌至谷底,1,ㄉㄧㄝˊ ㄓˋ ㄍㄨˇ ㄉㄧˇ
跌蕩不羈,1,ㄉㄧㄝˊ ㄉㄤˋ ㄅㄨˋ ㄐㄧ
跌蕩放言,1,ㄉㄧㄝˊ ㄉㄤˋ ㄈㄤˋ ㄧㄢˊ
跑跑顛顛,1,ㄆㄠˇ ㄆㄠˇ ㄉㄧㄢ ㄉㄧㄢ
跑蹄剪尾,1,ㄆㄠˊ ㄊㄧˊ ㄐㄧㄢˇ ㄨㄟˇ
跑道容量,1,ㄆㄠˇ ㄉㄠˋ ㄖㄨㄥˊ ㄌㄧㄤˋ
跑馬賣解,1,ㄆㄠˇ ㄇㄚˇ ㄇㄞˋ ㄒㄧㄝˋ
跑馬走解,1,ㄆㄠˇ ㄇㄚˇ ㄗㄡˇ ㄒㄧㄝˋ
跕鳶之悟,1,ㄉㄧㄝˊ ㄩㄢ ㄓ ㄨˋ
跖犬吠堯,1,ㄓˊ ㄑㄩㄢˇ ㄈㄟˋ ㄧㄠˊ
跖狗吠堯,1,ㄓˊ ㄍㄡˇ ㄈㄟˋ ㄧㄠˊ
跛立箕坐,1,ㄅㄧˋ ㄌㄧˋ ㄐㄧ ㄗㄨㄛˋ
跛羅蓋子,1,ㄅㄛˇ ㄌㄨㄛˊ ㄍㄞˋ ㄗ˙
跛鱉千里,1,ㄅㄛˇ ㄅㄧㄝ ㄑㄧㄢ ㄌㄧˇ
跣足科頭,1,ㄒㄧㄢˇ ㄗㄨˊ ㄎㄜ ㄊㄡˊ
跨州越郡,1,ㄎㄨㄚˋ ㄓㄡ ㄩㄝˋ ㄐㄩㄣˋ
跨欄運動,1,ㄎㄨㄚˋ ㄌㄢˊ ㄩㄣˋ ㄉㄨㄥˋ
跨鳳乘鸞,1,ㄎㄨㄚˋ ㄈㄥˋ ㄔㄥˊ ㄌㄨㄢˊ
跨鳳乘龍,1,ㄎㄨㄚˋ ㄈㄥˋ ㄔㄥˊ ㄌㄨㄥˊ
跫然足音,1,ㄑㄩㄥˊ ㄖㄢˊ ㄗㄨˊ ㄧㄣ
跬步不離,1,ㄎㄨㄟˇ ㄅㄨˋ ㄅㄨˋ ㄌㄧˊ
跬步千里,1,ㄎㄨㄟˇ ㄅㄨˋ ㄑㄧㄢ ㄌㄧˇ
路德教派,1,ㄌㄨˋ ㄉㄜˊ ㄐㄧㄠˋ ㄆㄞˋ
路斷人稀,1,ㄌㄨˋ ㄉㄨㄢˋ ㄖㄣˊ ㄒㄧ
路易十三,1,ㄌㄨˋ ㄧˋ ㄕˊ ㄙㄢ
路易十六,1,ㄌㄨˋ ㄧˋ ㄕˊ ㄌㄧㄡˋ
路易十四,1,ㄌㄨˋ ㄧˋ ㄕˊ ㄙˋ
路柳牆花,1,ㄌㄨˋ ㄌㄧㄡˇ ㄑㄧㄤˊ ㄏㄨㄚ
路無拾遺,1,ㄌㄨˋ ㄨˊ ㄕˊ ㄧˊ
路絕人稀,1,ㄌㄨˋ ㄐㄩㄝˊ ㄖㄣˊ ㄒㄧ
路線測量,1,ㄌㄨˋ ㄒㄧㄢˋ ㄘㄜˋ ㄌㄧㄤˊ
路路不通,1,ㄌㄨˋ ㄌㄨˋ ㄅㄨˋ ㄊㄨㄥ
路逢窄道,1,ㄌㄨˋ ㄈㄥˊ ㄓㄞˇ ㄉㄠˋ
路面等級,1,ㄌㄨˋ ㄇㄧㄢˋ ㄉㄥˇ ㄐㄧˊ
跳塔輪鍘,1,ㄊㄧㄠˋ ㄊㄚˇ ㄌㄨㄣˊ ㄓㄚˊ
跳天撅地,1,ㄊㄧㄠˋ ㄊㄧㄢ ㄐㄩㄝ ㄉㄧˋ
跳天索地,1,ㄊㄧㄠˋ ㄊㄧㄢ ㄙㄨㄛˇ ㄉㄧˋ
跳牆和尚,1,ㄊㄧㄠˋ ㄑㄧㄤˊ ㄏㄜˊ ㄕㄤˋ
跳牆驀圈,1,ㄊㄧㄠˋ ㄑㄧㄤˊ ㄇㄛˋ ㄑㄩㄢ
跳籬騙馬,1,ㄊㄧㄠˋ ㄌㄧˊ ㄆㄧㄢˋ ㄇㄚˇ
跳蚤市場,1,ㄊㄧㄠˋ ㄗㄠˇ ㄕˋ ㄔㄤˊ
跳跳躥躥,1,ㄊㄧㄠˋ ㄊㄧㄠˋ ㄘㄨㄢ ㄘㄨㄢ
跳躍比賽,1,ㄊㄧㄠˋ ㄩㄝˋ ㄅㄧˇ ㄙㄞˋ
跼天蹐地,1,ㄐㄩˊ ㄊㄧㄢ ㄐㄧˊ ㄉㄧˋ
跼蹐不安,1,ㄐㄩˊ ㄐㄧˊ ㄅㄨˋ ㄢ
踅來踅去,1,ㄒㄩㄝˊ ㄌㄞˊ ㄒㄩㄝˊ ㄑㄩˋ
踅門瞭戶,1,ㄒㄩㄝˊ ㄇㄣˊ ㄌㄧㄠˋ ㄏㄨˋ
踉踉蹡蹡,1,ㄌㄧㄤˋ ㄌㄧㄤˋ ㄑㄧㄤˋ ㄑㄧㄤˋ
踊貴屨賤,1,ㄩㄥˇ ㄍㄨㄟˋ ㄐㄩˋ ㄐㄧㄢˋ
踏地知根,1,ㄊㄚˋ ㄉㄧˋ ㄓ ㄍㄣ
踏燕奔馬,1,ㄊㄚˋ ㄧㄢˋ ㄅㄣ ㄇㄚˇ
踏踏實實,1,ㄊㄚˋ ㄊㄚ˙ ㄕˊ ㄕˊ
踐冰履炭,1,ㄐㄧㄢˋ ㄅㄧㄥ ㄌㄩˇ ㄊㄢˋ
踢到鐵板,1,ㄊㄧ ㄉㄠˋ ㄊㄧㄝˇ ㄅㄢˇ
踢天弄井,1,ㄊㄧ ㄊㄧㄢ ㄋㄨㄥˋ ㄐㄧㄥˇ
踢腳絆手,1,ㄊㄧ ㄐㄧㄠˇ ㄅㄢˋ ㄕㄡˇ
踢踢躂躂,1,ㄊㄧ ㄊㄧ ㄊㄚˋ ㄊㄚˋ
踧踖不安,1,ㄘㄨˋ ㄐㄧˊ ㄅㄨˋ ㄢ
踰牆避命,1,ㄩˊ ㄑㄧㄤˊ ㄅㄧˋ ㄇㄧㄥˋ
踰牆鑽穴,1,ㄩˊ ㄑㄧㄤˊ ㄗㄨㄢ ㄒㄩㄝˋ
踰牆鑽隙,1,ㄩˊ ㄑㄧㄤˊ ㄗㄨㄢ ㄒㄧˋ
踰閑蕩檢,1,ㄩˊ ㄒㄧㄢˊ ㄉㄤˋ ㄐㄧㄢˇ
踱來踱去,1,ㄉㄨㄛˋ ㄌㄞˊ ㄉㄨㄛˋ ㄑㄩˋ
踵事增華,1,ㄓㄨㄥˇ ㄕˋ ㄗㄥ ㄏㄨㄚˊ
踵決肘見,1,ㄓㄨㄥˇ ㄐㄩㄝˊ ㄓㄡˇ ㄒㄧㄢˋ
踽踽涼涼,1,ㄐㄩˇ ㄐㄩˇ ㄌㄧㄤˊ ㄌㄧㄤˊ
踽踽獨行,1,ㄐㄩˇ ㄐㄩˇ ㄉㄨˊ ㄒㄧㄥˊ
蹀躞不下,1,ㄉㄧㄝˊ ㄒㄧㄝˋ ㄅㄨˋ ㄒㄧㄚˋ
蹀里蹀斜,1,ㄉㄧㄝˊ ㄌㄧˇ ㄉㄧㄝˊ ㄒㄧㄝˊ
蹇諤之風,1,ㄐㄧㄢˇ ㄜˋ ㄓ ㄈㄥ
蹈厲之志,1,ㄉㄠˋ ㄌㄧˋ ㄓ ㄓˋ
蹈厲奮發,1,ㄉㄠˋ ㄌㄧˋ ㄈㄣˋ ㄈㄚ
蹈矩循規,1,ㄉㄠˋ ㄐㄩˇ ㄒㄩㄣˊ ㄍㄨㄟ
蹈襲故常,1,ㄉㄠˋ ㄒㄧˊ ㄍㄨˋ ㄔㄤˊ
蹈規循矩,1,ㄉㄠˋ ㄍㄨㄟ ㄒㄩㄣˊ ㄐㄩˇ
蹈赴湯火,1,ㄉㄠˋ ㄈㄨˋ ㄊㄤ ㄏㄨㄛˇ
蹊田奪牛,1,ㄒㄧ ㄊㄧㄢˊ ㄉㄨㄛˊ ㄋㄧㄡˊ
蹌蹌踉踉,1,ㄑㄧㄤˋ ㄑㄧㄤˋ ㄌㄧㄤˋ ㄌㄧㄤˋ
蹐地跼天,1,ㄐㄧˊ ㄉㄧˋ ㄐㄩˊ ㄊㄧㄢ
蹙國喪師,1,ㄘㄨˋ ㄍㄨㄛˊ ㄙㄤˋ ㄕ
蹙眉長歎,1,ㄘㄨˋ ㄇㄟˊ ㄔㄤˊ ㄊㄢˋ
蹙額愁眉,1,ㄘㄨˋ ㄜˊ ㄔㄡˊ ㄇㄟˊ
蹙額顰眉,1,ㄘㄨˋ ㄜˊ ㄆㄧㄣˊ ㄇㄟˊ
蹶石伐木,1,ㄐㄩㄝˊ ㄕˊ ㄈㄚ ㄇㄨˋ
蹺足而待,1,ㄑㄧㄠ ㄗㄨˊ ㄦˊ ㄉㄞˋ
蹼輪汽船,1,ㄆㄨˊ ㄌㄨㄣˊ ㄑㄧˋ ㄔㄨㄢˊ
躁人辭多,1,ㄗㄠˋ ㄖㄣˊ ㄘˊ ㄉㄨㄛ
躉售市場,1,ㄉㄨㄣˇ ㄕㄡˋ ㄕˋ ㄔㄤˊ
躊躇不決,1,ㄔㄡˊ ㄔㄨˊ ㄅㄨˋ ㄐㄩㄝˊ
躊躇未決,1,ㄔㄡˊ ㄔㄨˊ ㄨㄟˋ ㄐㄩㄝˊ
躋躋蹌蹌,1,ㄐㄧ ㄐㄧ ㄑㄧㄤ ㄑㄧㄤ
躍躍狂徒,1,ㄩㄝˋ ㄩㄝˋ ㄎㄨㄤˊ ㄊㄨˊ
躍馬揚鞭,1,ㄩㄝˋ ㄇㄚˇ ㄧㄤˊ ㄅㄧㄢ
躡影追風,1,ㄋㄧㄝˋ ㄧㄥˇ ㄓㄨㄟ ㄈㄥ
躡景追飛,1,ㄋㄧㄝˋ ㄧㄥˇ ㄓㄨㄟ ㄈㄟ
躡足潛蹤,1,ㄋㄧㄝˋ ㄗㄨˊ ㄑㄧㄢˊ ㄗㄨㄥ
躡足附耳,1,ㄋㄧㄝˋ ㄗㄨˊ ㄈㄨˋ ㄦˇ
躡蹻擔簦,1,ㄋㄧㄝˋ ㄐㄩㄝˊ ㄉㄢ ㄉㄥ
躥房越脊,1,ㄘㄨㄢ ㄈㄤˊ ㄩㄝˋ ㄐㄧˇ
躧匾稱鉈,1,ㄒㄧˇ ㄅㄧㄢˇ ㄔㄥˋ ㄊㄨㄛˊ
身不遇時,1,ㄕㄣ ㄅㄨˋ ㄩˋ ㄕˊ
身做身當,1,ㄕㄣ ㄗㄨㄛˋ ㄕㄣ ㄉㄤ
身價非凡,1,ㄕㄣ ㄐㄧㄚˋ ㄈㄟ ㄈㄢˊ
身先士眾,1,ㄕㄣ ㄒㄧㄢ ㄕˋ ㄓㄨㄥˋ
身分認證,1,ㄕㄣ ㄈㄣˋ ㄖㄣˋ ㄓㄥˋ
身名俱泰,1,ㄕㄣ ㄇㄧㄥˊ ㄐㄩˋ ㄊㄞˋ
身名俱滅,1,ㄕㄣ ㄇㄧㄥˊ ㄐㄩˋ ㄇㄧㄝˋ
身名無忝,1,ㄕㄣ ㄇㄧㄥˊ ㄨˊ ㄊㄧㄢˇ
身家調查,1,ㄕㄣ ㄐㄧㄚ ㄉㄧㄠˋ ㄔㄚˊ
身寄虎吻,1,ㄕㄣ ㄐㄧˋ ㄏㄨˇ ㄨㄣˇ
身廢名裂,1,ㄕㄣ ㄈㄟˋ ㄇㄧㄥˊ ㄌㄧㄝˋ
身心交病,1,ㄕㄣ ㄒㄧㄣ ㄐㄧㄠ ㄅㄧㄥˋ
身心交瘁,1,ㄕㄣ ㄒㄧㄣ ㄐㄧㄠ ㄘㄨㄟˋ
身心障礙,1,ㄕㄣ ㄒㄧㄣ ㄓㄤˋ ㄞˋ
身懷六甲,1,ㄕㄣ ㄏㄨㄞˊ ㄌㄨˋ ㄐㄧㄚˇ
身懷絕技,1,ㄕㄣ ㄏㄨㄞˊ ㄐㄩㄝˊ ㄐㄧˋ
身手矯捷,1,ㄕㄣ ㄕㄡˇ ㄐㄧㄠˇ ㄐㄧㄝˊ
身敗名隳,1,ㄕㄣ ㄅㄞˋ ㄇㄧㄥˊ ㄏㄨㄟ
身無一文,1,ㄕㄣ ㄨˊ ㄧ ㄨㄣˊ
身無分文,1,ㄕㄣ ㄨˊ ㄈㄣ ㄨㄣˊ
身無完膚,1,ㄕㄣ ㄨˊ ㄨㄢˊ ㄈㄨ
身無寸縷,1,ㄕㄣ ㄨˊ ㄘㄨㄣˋ ㄌㄩˇ
身無擇行,1,ㄕㄣ ㄨˊ ㄗㄜˊ ㄒㄧㄥˊ
身無立錐,1,ㄕㄣ ㄨˊ ㄌㄧˋ ㄓㄨㄟ
身當其境,1,ㄕㄣ ㄉㄤ ㄑㄧˊ ㄐㄧㄥˋ
身當矢石,1,ㄕㄣ ㄉㄤ ㄕˇ ㄕˊ
身膏鼎鑊,1,ㄕㄣ ㄍㄠ ㄉㄧㄥˇ ㄏㄨㄛˋ
身貧如洗,1,ㄕㄣ ㄆㄧㄣˊ ㄖㄨˊ ㄒㄧˇ
身輕如燕,1,ㄕㄣ ㄑㄧㄥ ㄖㄨˊ ㄧㄢˋ
身輕體健,1,ㄕㄣ ㄑㄧㄥ ㄊㄧˇ ㄐㄧㄢˋ
身退功成,1,ㄕㄣ ㄊㄨㄟˋ ㄍㄨㄥ ㄔㄥˊ
身遠心近,1,ㄕㄣ ㄩㄢˇ ㄒㄧㄣ ㄐㄧㄣˋ
身陷縲絏,1,ㄕㄣ ㄒㄧㄢˋ ㄌㄟˊ ㄒㄧㄝˋ
身非木石,1,ㄕㄣ ㄈㄟ ㄇㄨˋ ㄕˊ
身顯名揚,1,ㄕㄣ ㄒㄧㄢˇ ㄇㄧㄥˊ ㄧㄤˊ
身首分離,1,ㄕㄣ ㄕㄡˇ ㄈㄣ ㄌㄧˊ
身體髮膚,1,ㄕㄣ ㄊㄧˇ ㄈㄚˇ ㄈㄨ
躬先士卒,1,ㄍㄨㄥ ㄒㄧㄢ ㄕˋ ㄗㄨˊ
躬先表率,1,ㄍㄨㄥ ㄒㄧㄢ ㄅㄧㄠˇ ㄕㄨㄞˋ
躬擐甲冑,1,ㄍㄨㄥ ㄏㄨㄢˋ ㄐㄧㄚˇ ㄓㄡˋ
躬耕樂道,1,ㄍㄨㄥ ㄍㄥ ㄌㄜˋ ㄉㄠˋ
躬自菲薄,1,ㄍㄨㄥ ㄗˋ ㄈㄟˇ ㄅㄛˊ
躬行實踐,1,ㄍㄨㄥ ㄒㄧㄥˊ ㄕˊ ㄐㄧㄢˋ
躬行節儉,1,ㄍㄨㄥ ㄒㄧㄥˊ ㄐㄧㄝˊ ㄐㄧㄢˇ
躬蹈矢石,1,ㄍㄨㄥ ㄉㄠˋ ㄕˇ ㄕˊ
躬逢目擊,1,ㄍㄨㄥ ㄈㄥˊ ㄇㄨˋ ㄐㄧˊ
躬體力行,1,ㄍㄨㄥ ㄊㄧˇ ㄌㄧˋ ㄒㄧㄥˊ
躲躲藏藏,1,ㄉㄨㄛˇ ㄉㄨㄛ˙ ㄘㄤˊ ㄘㄤˊ
車側氣囊,1,ㄔㄜ ㄘㄜˋ ㄑㄧˋ ㄋㄤˊ
車在馬前,1,ㄔㄜ ㄗㄞˋ ㄇㄚˇ ㄑㄧㄢˊ
車塵馬跡,1,ㄔㄜ ㄔㄣˊ ㄇㄚˇ ㄐㄧ
車攻馬同,1,ㄔㄜ ㄍㄨㄥ ㄇㄚˇ ㄊㄨㄥˊ
車書相望,1,ㄔㄜ ㄕㄨ ㄒㄧㄤ ㄨㄤˋ
車殆馬煩,1,ㄐㄩ ㄉㄞˋ ㄇㄚˇ ㄈㄢˊ
車毀人亡,1,ㄔㄜ ㄏㄨㄟˇ ㄖㄣˊ ㄨㄤˊ
車無退表,1,ㄔㄜ ㄨˊ ㄊㄨㄟˋ ㄅㄧㄠˇ
車笠之盟,1,ㄐㄩ ㄌㄧˋ ㄓ ㄇㄥˊ
車箍轆會,1,ㄔㄜ ㄍㄨ ㄌㄨˋ ㄏㄨㄟˋ
車胤囊螢,1,ㄔㄜ ㄧㄣˋ ㄋㄤˊ ㄧㄥˊ
車輪大戰,1,ㄔㄜ ㄌㄨㄣˊ ㄉㄚˋ ㄓㄢˋ
車轂擊馳,1,ㄔㄜ ㄍㄨˇ ㄐㄧˊ ㄔˊ
車轍馬跡,1,ㄔㄜ ㄓㄜˊ ㄇㄚˇ ㄐㄧ
車馬之勞,1,ㄔㄜ ㄇㄚˇ ㄓ ㄌㄠˊ
車馬填門,1,ㄔㄜ ㄇㄚˇ ㄊㄧㄢˊ ㄇㄣˊ
車馬盈門,1,ㄔㄜ ㄇㄚˇ ㄧㄥˊ ㄇㄣˊ
車馬輻輳,1,ㄔㄜ ㄇㄚˇ ㄈㄨˊ ㄘㄡˋ
車馬駢溢,1,ㄔㄜ ㄇㄚˇ ㄆㄧㄢˊ ㄧˋ
車馬駢闐,1,ㄔㄜ ㄇㄚˇ ㄆㄧㄢˊ ㄊㄧㄢˊ
車體廣告,1,ㄔㄜ ㄊㄧˇ ㄍㄨㄤˇ ㄍㄠˋ
軌外行為,1,ㄍㄨㄟˇ ㄨㄞˋ ㄒㄧㄥˊ ㄨㄟˊ
軌道交點,1,ㄍㄨㄟˇ ㄉㄠˋ ㄐㄧㄠ ㄉㄧㄢˇ
軌道電路,1,ㄍㄨㄟˇ ㄉㄠˋ ㄉㄧㄢˋ ㄌㄨˋ
軍不血刃,1,ㄐㄩㄣ ㄅㄨˋ ㄒㄩㄝˋ ㄖㄣˋ
軍事審判,1,ㄐㄩㄣ ㄕˋ ㄕㄣˇ ㄆㄢˋ
軍事戰略,1,ㄐㄩㄣ ㄕˋ ㄓㄢˋ ㄌㄩㄝˋ
軍事政變,1,ㄐㄩㄣ ㄕˋ ㄓㄥˋ ㄅㄧㄢˋ
軍事機密,1,ㄐㄩㄣ ㄕˋ ㄐㄧ ㄇㄧˋ
軍事科學,1,ㄐㄩㄣ ㄕˋ ㄎㄜ ㄒㄩㄝˊ
軍事管制,1,ㄐㄩㄣ ㄕˋ ㄍㄨㄢˇ ㄓˋ
軍事設施,1,ㄐㄩㄣ ㄕˋ ㄕㄜˋ ㄕ
軍事警察,1,ㄐㄩㄣ ㄕˋ ㄐㄧㄥˇ ㄔㄚˊ
軍事體育,1,ㄐㄩㄣ ㄕˋ ㄊㄧˇ ㄩˋ
軍多將廣,1,ㄐㄩㄣ ㄉㄨㄛ ㄐㄧㄤˋ ㄍㄨㄤˇ
軍法從事,1,ㄐㄩㄣ ㄈㄚˇ ㄘㄨㄥˊ ㄕˋ
軍法警察,1,ㄐㄩㄣ ㄈㄚˇ ㄐㄧㄥˇ ㄔㄚˊ
軍牢快手,1,ㄐㄩㄣ ㄌㄠˊ ㄎㄨㄞˋ ㄕㄡˇ
軍縮會議,1,ㄐㄩㄣ ㄙㄨㄛ ㄏㄨㄟˋ ㄧˋ
軍臨城下,1,ㄐㄩㄣ ㄌㄧㄣˊ ㄔㄥˊ ㄒㄧㄚˋ
軒昂氣宇,1,ㄒㄩㄢ ㄤˊ ㄑㄧˋ ㄩˇ
軒昂自若,1,ㄒㄩㄢ ㄤˊ ㄗˋ ㄖㄨㄛˋ
軒軒甚得,1,ㄒㄩㄢ ㄒㄩㄢ ㄕㄣˋ ㄉㄜˊ
軟不叮噹,1,ㄖㄨㄢˇ ㄅㄨˋ ㄉㄧㄥ ㄉㄤ
軟嘴塌舌,1,ㄖㄨㄢˇ ㄗㄨㄟˇ ㄊㄚ ㄕㄜˊ
軟土深掘,1,ㄖㄨㄢˇ ㄊㄨˇ ㄕㄣ ㄐㄩㄝˊ
軟式棒球,1,ㄖㄨㄢˇ ㄕˋ ㄅㄤˋ ㄑㄧㄡˊ
軟弱無力,1,ㄖㄨㄢˇ ㄖㄨㄛˋ ㄨˊ ㄌㄧˋ
軟性新聞,1,ㄖㄨㄢˇ ㄒㄧㄥˋ ㄒㄧㄣ ㄨㄣˊ
軟枝黃蟬,1,ㄖㄨㄢˇ ㄓ ㄏㄨㄤˊ ㄔㄢˊ
軟殼雞蛋,1,ㄖㄨㄢˇ ㄎㄜˊ ㄐㄧ ㄉㄢˋ
軟玉嬌香,1,ㄖㄨㄢˇ ㄩˋ ㄐㄧㄠ ㄒㄧㄤ
軟玉溫香,1,ㄖㄨㄢˇ ㄩˋ ㄨㄣ ㄒㄧㄤ
軟硬不吃,1,ㄖㄨㄢˇ ㄧㄥˋ ㄅㄨˋ ㄔ
軟語溫存,1,ㄖㄨㄢˇ ㄩˇ ㄨㄣ ㄘㄨㄣˊ
軟香溫玉,1,ㄖㄨㄢˇ ㄒㄧㄤ ㄨㄣ ㄩˋ
軟骨魚綱,1,ㄖㄨㄢˇ ㄍㄨˇ ㄩˊ ㄍㄤ
軟體銀行,1,ㄖㄨㄢˇ ㄊㄧˇ ㄧㄣˊ ㄏㄤˊ
軸轤千里,1,ㄓㄡˊ ㄌㄨˊ ㄑㄧㄢ ㄌㄧˇ
軼群絕類,1,ㄧˋ ㄑㄩㄣˊ ㄐㄩㄝˊ ㄌㄟˋ
軼類超群,1,ㄧˋ ㄌㄟˋ ㄔㄠ ㄑㄩㄣˊ
較勝一籌,1,ㄐㄧㄠˋ ㄕㄥˋ ㄧ ㄔㄡˊ
較如畫一,1,ㄐㄧㄠˋ ㄖㄨˊ ㄏㄨㄚˋ ㄧ
較時量力,1,ㄐㄧㄠˋ ㄕˊ ㄌㄧㄤˋ ㄌㄧˋ
較武論文,1,ㄐㄧㄠˋ ㄨˇ ㄌㄨㄣˋ ㄨㄣˊ
較短量長,1,ㄐㄧㄠˋ ㄉㄨㄢˇ ㄌㄧㄤˋ ㄔㄤˊ
較若畫一,1,ㄐㄧㄠˋ ㄖㄨㄛˋ ㄏㄨㄚˋ ㄧ
輈張跋扈,1,ㄓㄡ ㄓㄤ ㄅㄚˊ ㄏㄨˋ
載歌且舞,1,ㄗㄞˋ ㄍㄜ ㄑㄧㄝˇ ㄨˇ
載沉載浮,1,ㄗㄞˋ ㄔㄣˊ ㄗㄞˋ ㄈㄨˊ
載笑載言,1,ㄗㄞˋ ㄒㄧㄠˋ ㄗㄞˋ ㄧㄢˊ
載舟覆舟,1,ㄗㄞˋ ㄓㄡ ㄈㄨˋ ㄓㄡ
載道怨聲,1,ㄗㄞˋ ㄉㄠˋ ㄩㄢˋ ㄕㄥ
載酒問字,1,ㄗㄞˋ ㄐㄧㄡˇ ㄨㄣˋ ㄗˋ
載馳載驅,1,ㄗㄞˋ ㄔˊ ㄗㄞˋ ㄑㄩ
輔助車道,1,ㄈㄨˇ ㄓㄨˋ ㄔㄜ ㄉㄠˋ
輔弼之勛,1,ㄈㄨˇ ㄅㄧˋ ㄓ ㄒㄩㄣ
輔車相依,1,ㄈㄨˇ ㄐㄩ ㄒㄧㄤ ㄧ
輔車脣齒,1,ㄈㄨˇ ㄐㄩ ㄔㄨㄣˊ ㄔˇ
輕世傲物,1,ㄑㄧㄥ ㄕˋ ㄠˋ ㄨˋ
輕事重報,1,ㄑㄧㄥ ㄕˋ ㄓㄨㄥˋ ㄅㄠˋ
輕偎低傍,1,ㄑㄧㄥ ㄨㄟ ㄉㄧ ㄅㄤˋ
輕卒銳兵,1,ㄑㄧㄥ ㄗㄨˊ ㄖㄨㄟˋ ㄅㄧㄥ
輕口薄舌,1,ㄑㄧㄥ ㄎㄡˇ ㄅㄛˊ ㄕㄜˊ
輕吞慢吐,1,ㄑㄧㄥ ㄊㄨㄣ ㄇㄢˋ ㄊㄨˇ
輕嘴薄舌,1,ㄑㄧㄥ ㄗㄨㄟˇ ㄅㄛˊ ㄕㄜˊ
輕塵弱草,1,ㄑㄧㄥ ㄔㄣˊ ㄖㄨㄛˋ ㄘㄠˇ
輕如鴻毛,1,ㄑㄧㄥ ㄖㄨˊ ㄏㄨㄥˊ ㄇㄠˊ
輕度颱風,1,ㄑㄧㄥ ㄉㄨˋ ㄊㄞˊ ㄈㄥ
輕徭薄稅,1,ㄑㄧㄥ ㄧㄠˊ ㄅㄛˊ ㄕㄨㄟˋ
輕徭薄賦,1,ㄑㄧㄥ ㄧㄠˊ ㄅㄛˊ ㄈㄨˋ
輕慮淺謀,1,ㄑㄧㄥ ㄌㄩˋ ㄑㄧㄢˇ ㄇㄡˊ
輕手輕腳,1,ㄑㄧㄥ ㄕㄡˇ ㄑㄧㄥ ㄐㄧㄠˇ
輕攏慢撚,1,ㄑㄧㄥ ㄌㄨㄥˇ ㄇㄢˋ ㄋㄧㄢˇ
輕歌慢舞,1,ㄑㄧㄥ ㄍㄜ ㄇㄢˋ ㄨˇ
輕水冷卻,1,ㄑㄧㄥ ㄕㄨㄟˇ ㄌㄥˇ ㄑㄩㄝˋ
輕浪浮薄,1,ㄑㄧㄥ ㄌㄤˋ ㄈㄨˊ ㄅㄛˊ
輕災浮難,1,ㄑㄧㄥ ㄗㄞ ㄈㄨˊ ㄋㄢˋ
輕狂百勢,1,ㄑㄧㄥ ㄎㄨㄤˊ ㄅㄞˇ ㄕˋ
輕生重義,1,ㄑㄧㄥ ㄕㄥ ㄓㄨㄥˋ ㄧˋ
輕聲細語,1,ㄑㄧㄥ ㄕㄥ ㄒㄧˋ ㄩˇ
輕薄無知,1,ㄑㄧㄥ ㄅㄛˊ ㄨˊ ㄓ
輕薄無行,1,ㄑㄧㄥ ㄅㄛˊ ㄨˊ ㄒㄧㄥˋ
輕裘緩帶,1,ㄑㄧㄥ ㄑㄧㄡˊ ㄏㄨㄢˇ ㄉㄞˋ
輕裘肥馬,1,ㄑㄧㄥ ㄑㄧㄡˊ ㄈㄟˊ ㄇㄚˇ
輕裝簡從,1,ㄑㄧㄥ ㄓㄨㄤ ㄐㄧㄢˇ ㄗㄨㄥˋ
輕言寡信,1,ㄑㄧㄥ ㄧㄢˊ ㄍㄨㄚˇ ㄒㄧㄣˋ
輕財仗義,1,ㄑㄧㄥ ㄘㄞˊ ㄓㄤˋ ㄧˋ
輕財任俠,1,ㄑㄧㄥ ㄘㄞˊ ㄖㄣˋ ㄒㄧㄚˊ
輕財好士,1,ㄑㄧㄥ ㄘㄞˊ ㄏㄠˋ ㄕˋ
輕財好施,1,ㄑㄧㄥ ㄘㄞˊ ㄏㄠˋ ㄕ
輕財敬士,1,ㄑㄧㄥ ㄘㄞˊ ㄐㄧㄥˋ ㄕˋ
輕財貴義,1,ㄑㄧㄥ ㄘㄞˊ ㄍㄨㄟˋ ㄧˋ
輕財重士,1,ㄑㄧㄥ ㄘㄞˊ ㄓㄨㄥˋ ㄕˋ
輕財重義,1,ㄑㄧㄥ ㄘㄞˊ ㄓㄨㄥˋ ㄧˋ
輕賢慢士,1,ㄑㄧㄥ ㄒㄧㄢˊ ㄇㄢˋ ㄕˋ
輕身重義,1,ㄑㄧㄥ ㄕㄣ ㄓㄨㄥˋ ㄧˋ
輕車介士,1,ㄑㄧㄥ ㄐㄩ ㄐㄧㄝˋ ㄕˋ
輕車熟路,1,ㄑㄧㄥ ㄐㄩ ㄕㄨˊ ㄌㄨˋ
輕輕款款,1,ㄑㄧㄥ ㄑㄧㄥ ㄎㄨㄢˇ ㄎㄨㄢˇ
輕輕瞥瞥,1,ㄑㄧㄥ ㄑㄧㄥ ㄆㄧㄝ ㄆㄧㄝ
輕輕試試,1,ㄑㄧㄥ ㄑㄧㄥ ㄕˋ ㄕˋ
輕重倒置,1,ㄑㄧㄥ ㄓㄨㄥˋ ㄉㄠˋ ㄓˋ
輕重失宜,1,ㄑㄧㄥ ㄓㄨㄥˋ ㄕ ㄧˊ
輕量貨幣,1,ㄑㄧㄥ ㄌㄧㄤˋ ㄏㄨㄛˋ ㄅㄧˋ
輕鬆自如,1,ㄑㄧㄥ ㄙㄨㄥ ㄗˋ ㄖㄨˊ
輝光放電,1,ㄏㄨㄟ ㄍㄨㄤ ㄈㄤˋ ㄉㄧㄢˋ
輝煌奪目,1,ㄏㄨㄟ ㄏㄨㄤˊ ㄉㄨㄛˊ ㄇㄨˋ
輟耕壟上,1,ㄔㄨㄛˋ ㄍㄥ ㄌㄨㄥˇ ㄕㄤˋ
輟食吐哺,1,ㄔㄨㄛˋ ㄕˊ ㄊㄨˇ ㄅㄨˇ
輪作制度,1,ㄌㄨㄣˊ ㄗㄨㄛˋ ㄓˋ ㄉㄨˋ
輪式溜冰,1,ㄌㄨㄣˊ ㄕˋ ㄌㄧㄡ ㄅㄧㄥ
輪形動物,1,ㄌㄨㄣˊ ㄒㄧㄥˊ ㄉㄨㄥˋ ㄨˋ
輪扁斲輪,1,ㄌㄨㄣˊ ㄅㄧㄢˇ ㄓㄨㄛˊ ㄌㄨㄣˊ
輪流灌溉,1,ㄌㄨㄣˊ ㄌㄧㄡˊ ㄍㄨㄢˋ ㄍㄞˋ
輪繖花序,1,ㄌㄨㄣˊ ㄙㄢˇ ㄏㄨㄚ ㄒㄩˋ
輪鎗拽步,1,ㄌㄨㄣˊ ㄑㄧㄤ ㄧㄝˋ ㄅㄨˋ
輸服甘結,1,ㄕㄨ ㄈㄨˊ ㄍㄢ ㄐㄧㄝˊ
輸肝剖膽,1,ㄕㄨ ㄍㄢ ㄆㄡˇ ㄉㄢˇ
輸肝瀝膽,1,ㄕㄨ ㄍㄢ ㄌㄧˋ ㄉㄢˇ
輻射治療,1,ㄈㄨˊ ㄕㄜˋ ㄓˋ ㄌㄧㄠˊ
輻射滅菌,1,ㄈㄨˊ ㄕㄜˋ ㄇㄧㄝˋ ㄐㄩㄣˋ
輻射落塵,1,ㄈㄨˊ ㄕㄜˋ ㄌㄨㄛˋ ㄔㄣˊ
輻狀花冠,1,ㄈㄨˊ ㄓㄨㄤˋ ㄏㄨㄚ ㄍㄨㄢ
輾轉不寐,1,ㄓㄢˇ ㄓㄨㄢˇ ㄅㄨˋ ㄇㄟˋ
輾轉相傳,1,ㄓㄢˇ ㄓㄨㄢˇ ㄒㄧㄤ ㄔㄨㄢˊ
輿地廣記,1,ㄩˊ ㄉㄧˋ ㄍㄨㄤˇ ㄐㄧˋ
輿論政治,1,ㄩˊ ㄌㄨㄣˋ ㄓㄥˋ ㄓˋ
轅門射戟,1,ㄩㄢˊ ㄇㄣˊ ㄕㄜˋ ㄐㄧˇ
轉世投胎,1,ㄓㄨㄢˇ ㄕˋ ㄊㄡˊ ㄊㄞ
轉側不安,1,ㄓㄨㄢˇ ㄘㄜˋ ㄅㄨˋ ㄢ
轉化作用,1,ㄓㄨㄢˇ ㄏㄨㄚˋ ㄗㄨㄛˋ ㄩㄥˋ
轉帳交易,1,ㄓㄨㄢˇ ㄓㄤˋ ㄐㄧㄠ ㄧˋ
轉彎抹角,1,ㄓㄨㄢˇ ㄨㄢ ㄇㄛˋ ㄐㄧㄠˇ
轉悲為喜,1,ㄓㄨㄢˇ ㄅㄟ ㄨㄟˊ ㄒㄧˇ
轉愁為喜,1,ㄓㄨㄢˇ ㄔㄡˊ ㄨㄟˊ ㄒㄧˇ
轉意回心,1,ㄓㄨㄢˇ ㄧˋ ㄏㄨㄟˊ ㄒㄧㄣ
轉憂成喜,1,ㄓㄨㄢˇ ㄧㄡ ㄔㄥˊ ㄒㄧˇ
轉憂為喜,1,ㄓㄨㄢˇ ㄧㄡ ㄨㄟˊ ㄒㄧˇ
轉戰千里,1,ㄓㄨㄢˇ ㄓㄢˋ ㄑㄧㄢ ㄌㄧˇ
轉換基金,1,ㄓㄨㄢˇ ㄏㄨㄢˋ ㄐㄧ ㄐㄧㄣ
轉敗為功,1,ㄓㄨㄢˇ ㄅㄞˋ ㄨㄟˊ ㄍㄨㄥ
轉日回天,1,ㄓㄨㄢˇ ㄖˋ ㄏㄨㄟˊ ㄊㄧㄢ
轉死溝壑,1,ㄓㄨㄢˇ ㄙˇ ㄍㄡ ㄏㄨㄛˋ
轉死溝渠,1,ㄓㄨㄢˇ ㄙˇ ㄍㄡ ㄑㄩˊ
轉灣抹角,1,ㄓㄨㄢˇ ㄨㄢ ㄇㄛˋ ㄐㄧㄠˇ
轉災為福,1,ㄓㄨㄢˇ ㄗㄞ ㄨㄟˊ ㄈㄨˊ
轉珠繩子,1,ㄓㄨㄢˇ ㄓㄨ ㄕㄥˊ ㄗ˙
轉盼多情,1,ㄓㄨㄢˇ ㄆㄢˋ ㄉㄨㄛ ㄑㄧㄥˊ
轉看轉好,1,ㄓㄨㄢˇ ㄎㄢˋ ㄓㄨㄢˇ ㄏㄠˇ
轉移視線,1,ㄓㄨㄢˇ ㄧˊ ㄕˋ ㄒㄧㄢˋ
轉輪手槍,1,ㄓㄨㄢˋ ㄌㄨㄣˊ ㄕㄡˇ ㄑㄧㄤ
轉輪聖王,1,ㄓㄨㄢˇ ㄌㄨㄣˊ ㄕㄥˋ ㄨㄤˊ
轉輾反側,1,ㄓㄨㄢˇ ㄓㄢˇ ㄈㄢˇ ㄘㄜˋ
轉轉相因,1,ㄓㄨㄢˇ ㄓㄨㄢˇ ㄒㄧㄤ ㄧㄣ
轉進作戰,1,ㄓㄨㄢˇ ㄐㄧㄣˋ ㄗㄨㄛˋ ㄓㄢˋ
轉鬥千里,1,ㄓㄨㄢˇ ㄉㄡˋ ㄑㄧㄢ ㄌㄧˇ
轍亂旗靡,1,ㄔㄜˋ ㄌㄨㄢˋ ㄑㄧˊ ㄇㄧˇ
轍環天下,1,ㄔㄜˋ ㄏㄨㄢˊ ㄊㄧㄢ ㄒㄧㄚˋ
轍鮒之急,1,ㄔㄜˋ ㄈㄨˋ ㄓ ㄐㄧˊ
轟然雷動,1,ㄏㄨㄥ ㄖㄢˊ ㄌㄟˊ ㄉㄨㄥˋ
轟雷掣電,1,ㄏㄨㄥ ㄌㄟˊ ㄔㄜˋ ㄉㄧㄢˋ
轟雷貫耳,1,ㄏㄨㄥ ㄌㄟˊ ㄍㄨㄢˋ ㄦˇ
辛辛那提,1,ㄒㄧㄣ ㄒㄧㄣ ㄋㄚˋ ㄊㄧˊ
辜恩背義,1,ㄍㄨ ㄣ ㄅㄟˋ ㄧˋ
辜恩負義,1,ㄍㄨ ㄣ ㄈㄨˋ ㄧˋ
辜汪會談,1,ㄍㄨ ㄨㄤ ㄏㄨㄟˋ ㄊㄢˊ
辟人之士,1,ㄅㄧˋ ㄖㄣˊ ㄓ ㄕˋ
辟君三舍,1,ㄅㄧˋ ㄐㄩㄣ ㄙㄢ ㄕㄜˋ
辟惡除患,1,ㄆㄧˋ ㄜˋ ㄔㄨˊ ㄏㄨㄢˋ
辟歷施鞭,1,ㄆㄧˋ ㄌㄧˋ ㄕ ㄅㄧㄢ
辟穀絕粒,1,ㄆㄧˋ ㄍㄨˇ ㄐㄩㄝˊ ㄌㄧˋ
辣菜根子,1,ㄌㄚˋ ㄘㄞ˙ ㄍㄣ ㄗ˙
辦事細則,1,ㄅㄢˋ ㄕˋ ㄒㄧˋ ㄗㄜˊ
辭不意逮,1,ㄘˊ ㄅㄨˋ ㄧˋ ㄉㄞˋ
辭不獲命,1,ㄘˊ ㄅㄨˋ ㄏㄨㄛˋ ㄇㄧㄥˋ
辭喻橫生,1,ㄘˊ ㄩˋ ㄏㄥˊ ㄕㄥ
辭嚴氣正,1,ㄘˊ ㄧㄢˊ ㄑㄧˋ ㄓㄥˋ
辭嚴義正,1,ㄘˊ ㄧㄢˊ ㄧˋ ㄓㄥˋ
辭多受少,1,ㄘˊ ㄉㄨㄛ ㄕㄡˋ ㄕㄠˇ
辭尊居卑,1,ㄘˊ ㄗㄨㄣ ㄐㄩ ㄅㄟ
辭巧理拙,1,ㄘˊ ㄑㄧㄠˇ ㄌㄧˇ ㄓㄨㄛˊ
辭微旨遠,1,ㄘˊ ㄨㄟˊ ㄓˇ ㄩㄢˇ
辭簡意足,1,ㄘˊ ㄐㄧㄢˇ ㄧˋ ㄗㄨˊ
辭色俱厲,1,ㄘˊ ㄙㄜˋ ㄐㄩˋ ㄌㄧˋ
辭豐意雄,1,ㄘˊ ㄈㄥ ㄧˋ ㄒㄩㄥˊ
辭達理舉,1,ㄘˊ ㄉㄚˊ ㄌㄧˇ ㄐㄩˇ
辯口利舌,1,ㄅㄧㄢˋ ㄎㄡˇ ㄌㄧˋ ㄕㄜˊ
辯口利辭,1,ㄅㄧㄢˋ ㄎㄡˇ ㄌㄧˋ ㄘˊ
辯圃學林,1,ㄅㄧㄢˋ ㄆㄨˇ ㄒㄩㄝˊ ㄌㄧㄣˊ
辯知閎達,1,ㄅㄧㄢˋ ㄓ ㄏㄨㄥˊ ㄉㄚˊ
辯證邏輯,1,ㄅㄧㄢˋ ㄓㄥˋ ㄌㄨㄛˊ ㄐㄧˊ
辰勾盼月,1,ㄔㄣˊ ㄍㄡ ㄆㄢˋ ㄩㄝˋ
辱國喪師,1,ㄖㄨˋ ㄍㄨㄛˊ ㄙㄤˋ ㄕ
辱承華翰,1,ㄖㄨˋ ㄔㄥˊ ㄏㄨㄚˊ ㄏㄢˋ
辱身敗名,1,ㄖㄨˋ ㄕㄣ ㄅㄞˋ ㄇㄧㄥˊ
辱門敗戶,1,ㄖㄨˋ ㄇㄣˊ ㄅㄞˋ ㄏㄨˋ
農地改革,1,ㄋㄨㄥˊ ㄉㄧˋ ㄍㄞˇ ㄍㄜˊ
農奴制度,1,ㄋㄨㄥˊ ㄋㄨˊ ㄓˋ ㄉㄨˋ
農業化學,1,ㄋㄨㄥˊ ㄧㄝˋ ㄏㄨㄚˋ ㄒㄩㄝˊ
農業推廣,1,ㄋㄨㄥˊ ㄧㄝˋ ㄊㄨㄟ ㄍㄨㄤˇ
農業改革,1,ㄋㄨㄥˊ ㄧㄝˋ ㄍㄞˇ ㄍㄜˊ
農業經營,1,ㄋㄨㄥˊ ㄧㄝˋ ㄐㄧㄥ ㄧㄥˊ
農民團體,1,ㄋㄨㄥˊ ㄇㄧㄣˊ ㄊㄨㄢˊ ㄊㄧˇ
農民年金,1,ㄋㄨㄥˊ ㄇㄧㄣˊ ㄋㄧㄢˊ ㄐㄧㄣ
農產加工,1,ㄋㄨㄥˊ ㄔㄢˇ ㄐㄧㄚ ㄍㄨㄥ
農產運銷,1,ㄋㄨㄥˊ ㄔㄢˇ ㄩㄣˋ ㄒㄧㄠ
迂怪不經,1,ㄩ ㄍㄨㄞˋ ㄅㄨˋ ㄐㄧㄥ
迂直之計,1,ㄩ ㄓˊ ㄓ ㄐㄧˋ
迂談闊論,1,ㄩ ㄊㄢˊ ㄎㄨㄛˋ ㄌㄨㄣˋ
迂迂曲曲,1,ㄩ ㄩ ㄑㄩ ㄑㄩ
迄未成功,1,ㄑㄧˋ ㄨㄟˋ ㄔㄥˊ ㄍㄨㄥ
迅風暴雨,1,ㄒㄩㄣˋ ㄈㄥ ㄅㄠˋ ㄩˇ
迆迆邐邐,1,ㄧˇ ㄧˇ ㄌㄧˇ ㄌㄧˇ
迆邐不絕,1,ㄧˇ ㄌㄧˇ ㄅㄨˋ ㄐㄩㄝˊ
迆邐歪斜,1,ㄧˇ ㄌㄧˇ ㄨㄞ ㄒㄧㄝˊ
迍邅之世,1,ㄓㄨㄣ ㄓㄢ ㄓ ㄕˋ
迎來送往,1,ㄧㄥˊ ㄌㄞˊ ㄙㄨㄥˋ ㄨㄤˇ
迎姦賣俏,1,ㄧㄥˊ ㄐㄧㄢ ㄇㄞˋ ㄑㄧㄠˋ
迎意承旨,1,ㄧㄥˊ ㄧˋ ㄔㄥˊ ㄓˇ
迎新送故,1,ㄧㄥˊ ㄒㄧㄣ ㄙㄨㄥˋ ㄍㄨˋ
迎歡買俏,1,ㄧㄥˊ ㄏㄨㄢ ㄇㄞˇ ㄑㄧㄠˋ
迎風冒雪,1,ㄧㄥˊ ㄈㄥ ㄇㄠˋ ㄒㄩㄝˇ
迎風待月,1,ㄧㄥˊ ㄈㄥ ㄉㄞˋ ㄩㄝˋ
迎風搖曳,1,ㄧㄥˊ ㄈㄥ ㄧㄠˊ ㄧˋ
近在眉睫,1,ㄐㄧㄣˋ ㄗㄞˋ ㄇㄟˊ ㄐㄧㄝˊ
近情近理,1,ㄐㄧㄣˋ ㄑㄧㄥˊ ㄐㄧㄣˋ ㄌㄧˇ
近攝鏡頭,1,ㄐㄧㄣˋ ㄕㄜˋ ㄐㄧㄥˋ ㄊㄡˊ
近朱近墨,1,ㄐㄧㄣˋ ㄓㄨ ㄐㄧㄣˋ ㄇㄛˋ
近火先燋,1,ㄐㄧㄣˋ ㄏㄨㄛˇ ㄒㄧㄢ ㄐㄧㄠ
近焦攝影,1,ㄐㄧㄣˋ ㄐㄧㄠ ㄕㄜˋ ㄧㄥˇ
近郊農業,1,ㄐㄧㄣˋ ㄐㄧㄠ ㄋㄨㄥˊ ㄧㄝˋ
返吟復吟,1,ㄈㄢˇ ㄧㄣˊ ㄈㄨˋ ㄧㄣˊ
返本還原,1,ㄈㄢˇ ㄅㄣˇ ㄏㄨㄢˊ ㄩㄢˊ
返正撥亂,1,ㄈㄢˇ ㄓㄥˋ ㄅㄛ ㄌㄨㄢˋ
返照回光,1,ㄈㄢˇ ㄓㄠˋ ㄏㄨㄟˊ ㄍㄨㄤ
返老歸童,1,ㄈㄢˇ ㄌㄠˇ ㄍㄨㄟ ㄊㄨㄥˊ
返躬內省,1,ㄈㄢˇ ㄍㄨㄥ ㄋㄟˋ ㄒㄧㄥˇ
返魂乏術,1,ㄈㄢˇ ㄏㄨㄣˊ ㄈㄚˊ ㄕㄨˋ
迥不相同,1,ㄐㄩㄥˇ ㄅㄨˋ ㄒㄧㄤ ㄊㄨㄥˊ
迥乎不同,1,ㄐㄩㄥˇ ㄏㄨ ㄅㄨˋ ㄊㄨㄥˊ
迥隔霄壤,1,ㄐㄩㄥˇ ㄍㄜˊ ㄒㄧㄠ ㄖㄤˇ
迦羅林朝,1,ㄐㄧㄚ ㄌㄨㄛˊ ㄌㄧㄣˊ ㄔㄠˊ
迦陵頻伽,1,ㄐㄧㄚ ㄌㄧㄥˊ ㄆㄧㄣˊ ㄑㄧㄝˊ
迫於眉睫,1,ㄆㄛˋ ㄩˊ ㄇㄟˊ ㄐㄧㄝˊ
迫而察之,1,ㄆㄛˋ ㄦˊ ㄔㄚˊ ㄓ
迫良為娼,1,ㄆㄛˋ ㄌㄧㄤˊ ㄨㄟˊ ㄔㄤ
迭出迭入,1,ㄉㄧㄝˊ ㄔㄨ ㄉㄧㄝˊ ㄖㄨˋ
迭見雜出,1,ㄉㄧㄝˊ ㄐㄧㄢˋ ㄗㄚˊ ㄔㄨ
迴文織錦,1,ㄏㄨㄟˊ ㄨㄣˊ ㄓ ㄐㄧㄣˇ
迴清倒影,1,ㄏㄨㄟˊ ㄑㄧㄥ ㄉㄠˋ ㄧㄥˇ
迴環轉折,1,ㄏㄨㄟˊ ㄏㄨㄢˊ ㄓㄨㄢˇ ㄓㄜˊ
迴聲探測,1,ㄏㄨㄟˊ ㄕㄥ ㄊㄢˋ ㄘㄜˋ
迴腸傷氣,1,ㄏㄨㄟˊ ㄔㄤˊ ㄕㄤ ㄑㄧˋ
迴腸寸斷,1,ㄏㄨㄟˊ ㄔㄤˊ ㄘㄨㄣˋ ㄉㄨㄢˋ
迴腸蕩氣,1,ㄏㄨㄟˊ ㄔㄤˊ ㄉㄤˋ ㄑㄧˋ
迴避學習,1,ㄏㄨㄟˊ ㄅㄧˋ ㄒㄩㄝˊ ㄒㄧˊ
迴饋作用,1,ㄏㄨㄟˊ ㄎㄨㄟˋ ㄗㄨㄛˋ ㄩㄥˋ
迷了心竅,1,ㄇㄧˊ ㄌㄜ˙ ㄒㄧㄣ ㄑㄧㄠˋ
迷人敗本,1,ㄇㄧˊ ㄖㄣˊ ㄅㄞˋ ㄅㄣˇ
迷人眼目,1,ㄇㄧˊ ㄖㄣˊ ㄧㄢˇ ㄇㄨˋ
迷你玫瑰,1,ㄇㄧˊ ㄋㄧˇ ㄇㄟˊ ㄍㄨㄟ˙
迷你盆景,1,ㄇㄧˊ ㄋㄧˇ ㄆㄣˊ ㄐㄧㄥˇ
迷你電腦,1,ㄇㄧˊ ㄋㄧˇ ㄉㄧㄢˋ ㄋㄠˇ
迷天大罪,1,ㄇㄧˊ ㄊㄧㄢ ㄉㄚˋ ㄗㄨㄟˋ
迷失路途,1,ㄇㄧˊ ㄕ ㄌㄨˋ ㄊㄨˊ
迷溜沒亂,1,ㄇㄧˊ ㄌㄧㄡ ㄇㄛˋ ㄌㄨㄢˋ
迷留悶亂,1,ㄇㄧˊ ㄌㄧㄡˊ ㄇㄣ ㄌㄨㄢˋ
迷留摸亂,1,ㄇㄧˊ ㄌㄧㄡˊ ㄇㄛ ㄌㄨㄢˋ
迷留沒亂,1,ㄇㄧˊ ㄌㄧㄡˊ ㄇㄛˋ ㄌㄨㄢˋ
迷而不反,1,ㄇㄧˊ ㄦˊ ㄅㄨˋ ㄈㄢˇ
迷而不返,1,ㄇㄧˊ ㄦˊ ㄅㄨˋ ㄈㄢˇ
迷而知反,1,ㄇㄧˊ ㄦˊ ㄓ ㄈㄢˇ
迷而知返,1,ㄇㄧˊ ㄦˊ ㄓ ㄈㄢˇ
迷花眼笑,1,ㄇㄧˊ ㄏㄨㄚ ㄧㄢˇ ㄒㄧㄠˋ
迷言迷語,1,ㄇㄧˊ ㄧㄢˊ ㄇㄧˊ ㄩˇ
迷路東西,1,ㄇㄧˊ ㄌㄨˋ ㄉㄨㄥ ㄒㄧ
迷路羔羊,1,ㄇㄧˊ ㄌㄨˋ ㄍㄠ ㄧㄤˊ
迷蹤失路,1,ㄇㄧˊ ㄗㄨㄥ ㄕ ㄌㄨˋ
迷迷惑惑,1,ㄇㄧˊ ㄇㄧˊ ㄏㄨㄛˋ ㄏㄨㄛˋ
迷迷瞪瞪,1,ㄇㄧˊ ㄇㄧˊ ㄉㄥˋ ㄉㄥˋ
迷途知反,1,ㄇㄧˊ ㄊㄨˊ ㄓ ㄈㄢˇ
迷離倘恍,1,ㄇㄧˊ ㄌㄧˊ ㄊㄤˇ ㄏㄨㄤˇ
迷離撲朔,1,ㄇㄧˊ ㄌㄧˊ ㄆㄨ ㄕㄨㄛˋ
迷離顛倒,1,ㄇㄧˊ ㄌㄧˊ ㄉㄧㄢ ㄉㄠˇ
迷颩模登,1,ㄇㄧˊ ㄅㄧㄠ ㄇㄛˊ ㄉㄥ
迷魂奪魄,1,ㄇㄧˊ ㄏㄨㄣˊ ㄉㄨㄛˊ ㄆㄛˋ
追奔逐北,1,ㄓㄨㄟ ㄅㄣ ㄓㄨˊ ㄅㄟˇ
追悔不及,1,ㄓㄨㄟ ㄏㄨㄟˇ ㄅㄨˋ ㄐㄧˊ
追悔何及,1,ㄓㄨㄟ ㄏㄨㄟˇ ㄏㄜˊ ㄐㄧˊ
追星趕月,1,ㄓㄨㄟ ㄒㄧㄥ ㄍㄢˇ ㄩㄝˋ
追歡取樂,1,ㄓㄨㄟ ㄏㄨㄢ ㄑㄩˇ ㄌㄜˋ
追歡買笑,1,ㄓㄨㄟ ㄏㄨㄢ ㄇㄞˇ ㄒㄧㄠˋ
追蹤覓影,1,ㄓㄨㄟ ㄗㄨㄥ ㄇㄧˋ ㄧㄥˇ
追蹤躡跡,1,ㄓㄨㄟ ㄗㄨㄥ ㄋㄧㄝˋ ㄐㄧ
追隨驥尾,1,ㄓㄨㄟ ㄙㄨㄟˊ ㄐㄧˋ ㄨㄟˇ
追風捕影,1,ㄓㄨㄟ ㄈㄥ ㄅㄨˇ ㄧㄥˇ
追風覓影,1,ㄓㄨㄟ ㄈㄥ ㄇㄧˋ ㄧㄥˇ
追風躡影,1,ㄓㄨㄟ ㄈㄥ ㄋㄧㄝˋ ㄧㄥˇ
追風逐電,1,ㄓㄨㄟ ㄈㄥ ㄓㄨˊ ㄉㄧㄢˋ
追駟不及,1,ㄓㄨㄟ ㄙˋ ㄅㄨˋ ㄐㄧˊ
追魂攝魄,1,ㄓㄨㄟ ㄏㄨㄣˊ ㄕㄜˋ ㄆㄛˋ
退一步想,1,ㄊㄨㄟˋ ㄧ ㄅㄨˋ ㄒㄧㄤˇ
退前縮後,1,ㄊㄨㄟˋ ㄑㄧㄢˊ ㄙㄨㄛ ㄏㄡˋ
退化現象,1,ㄊㄨㄟˋ ㄏㄨㄚˋ ㄒㄧㄢˋ ㄒㄧㄤˋ
退如山移,1,ㄊㄨㄟˋ ㄖㄨˊ ㄕㄢ ㄧˊ
退居幕後,1,ㄊㄨㄟˋ ㄐㄩ ㄇㄨˋ ㄏㄡˋ
退徙三舍,1,ㄊㄨㄟˋ ㄒㄧˇ ㄙㄢ ㄕㄜˋ
退思補過,1,ㄊㄨㄟˋ ㄙ ㄅㄨˇ ㄍㄨㄛˋ
退有後言,1,ㄊㄨㄟˋ ㄧㄡˇ ㄏㄡˋ ㄧㄢˊ
退藏於密,1,ㄊㄨㄟˋ ㄘㄤˊ ㄩˊ ㄇㄧˋ
送往事居,1,ㄙㄨㄥˋ ㄨㄤˇ ㄕˋ ㄐㄩ
送故迎新,1,ㄙㄨㄥˋ ㄍㄨˋ ㄧㄥˊ ㄒㄧㄣ
送暖偷寒,1,ㄙㄨㄥˋ ㄋㄨㄢˇ ㄊㄡ ㄏㄢˊ
送眼流眉,1,ㄙㄨㄥˋ ㄧㄢˇ ㄌㄧㄡˊ ㄇㄟˊ
逃出生天,1,ㄊㄠˊ ㄔㄨ ㄕㄥ ㄊㄧㄢ
逃名晦跡,1,ㄊㄠˊ ㄇㄧㄥˊ ㄏㄨㄟˋ ㄐㄧ
逃名溷俗,1,ㄊㄠˊ ㄇㄧㄥˊ ㄏㄨㄣˋ ㄙㄨˊ
逃災躲難,1,ㄊㄠˊ ㄗㄞ ㄉㄨㄛˇ ㄋㄢˋ
逃災避難,1,ㄊㄠˊ ㄗㄞ ㄅㄧˋ ㄋㄢˋ
逃避退縮,1,ㄊㄠˊ ㄅㄧˋ ㄊㄨㄟˋ ㄙㄨㄛ
逆入平出,1,ㄋㄧˋ ㄖㄨˋ ㄆㄧㄥˊ ㄔㄨ
逆取順守,1,ㄋㄧˋ ㄑㄩˇ ㄕㄨㄣˋ ㄕㄡˇ
逆向公車,1,ㄋㄧˋ ㄒㄧㄤˋ ㄍㄨㄥ ㄔㄜ
逆向思考,1,ㄋㄧˋ ㄒㄧㄤˋ ㄙ ㄎㄠˇ
逆向整合,1,ㄋㄧˋ ㄒㄧㄤˋ ㄓㄥˇ ㄏㄜˊ
逆天悖理,1,ㄋㄧˋ ㄊㄧㄢ ㄅㄟˋ ㄌㄧˇ
逆天暴物,1,ㄋㄧˋ ㄊㄧㄢ ㄅㄠˋ ㄨˋ
逆天犯順,1,ㄋㄧˋ ㄊㄧㄢ ㄈㄢˋ ㄕㄨㄣˋ
逆天背理,1,ㄋㄧˋ ㄊㄧㄢ ㄅㄟˋ ㄌㄧˇ
逆天違理,1,ㄋㄧˋ ㄊㄧㄢ ㄨㄟˊ ㄌㄧˇ
逆子賊臣,1,ㄋㄧˋ ㄗˇ ㄗㄟˊ ㄔㄣˊ
逆理違天,1,ㄋㄧˋ ㄌㄧˇ ㄨㄟˊ ㄊㄧㄢ
逆耳之言,1,ㄋㄧˋ ㄦˇ ㄓ ㄧㄢˊ
逆耳利行,1,ㄋㄧˋ ㄦˇ ㄌㄧˋ ㄒㄧㄥˊ
逆耳忠言,1,ㄋㄧˋ ㄦˇ ㄓㄨㄥ ㄧㄢˊ
逆臣賊子,1,ㄋㄧˋ ㄔㄣˊ ㄗㄟˊ ㄗˇ
逆行倒施,1,ㄋㄧˋ ㄒㄧㄥˊ ㄉㄠˋ ㄕ
逆道亂常,1,ㄋㄧˋ ㄉㄠˋ ㄌㄨㄢˋ ㄔㄤˊ
逆風撐船,1,ㄋㄧˋ ㄈㄥ ㄔㄥ ㄔㄨㄢˊ
逍遙學派,1,ㄒㄧㄠ ㄧㄠˊ ㄒㄩㄝˊ ㄆㄞˋ
逍遙自娛,1,ㄒㄧㄠ ㄧㄠˊ ㄗˋ ㄩˊ
逍遙自得,1,ㄒㄧㄠ ㄧㄠˊ ㄗˋ ㄉㄜˊ
透不過氣,1,ㄊㄡˋ ㄅㄨˋ ㄍㄨㄛˋ ㄑㄧˋ
透古通今,1,ㄊㄡˋ ㄍㄨˇ ㄊㄨㄥ ㄐㄧㄣ
透視畫法,1,ㄊㄡˋ ㄕˋ ㄏㄨㄚˋ ㄈㄚˇ
透視縮影,1,ㄊㄡˋ ㄕˋ ㄙㄨㄛ ㄧㄥˇ
透風就過,1,ㄊㄡˋ ㄈㄥ ㄐㄧㄡˋ ㄍㄨㄛˋ
透骨酸心,1,ㄊㄡˋ ㄍㄨˇ ㄙㄨㄢ ㄒㄧㄣ
逐兔先得,1,ㄓㄨˊ ㄊㄨˋ ㄒㄧㄢ ㄉㄜˊ
逐出門牆,1,ㄓㄨˊ ㄔㄨ ㄇㄣˊ ㄑㄧㄤˊ
逐利爭名,1,ㄓㄨˊ ㄌㄧˋ ㄓㄥ ㄇㄧㄥˊ
逐朝每日,1,ㄓㄨˊ ㄓㄠ ㄇㄟˇ ㄖˋ
逐末捨本,1,ㄓㄨˊ ㄇㄛˋ ㄕㄜˇ ㄅㄣˇ
逐浪隨波,1,ㄓㄨˊ ㄌㄤˋ ㄙㄨㄟˊ ㄅㄛ
逐臭之夫,1,ㄓㄨˊ ㄔㄡˋ ㄓ ㄈㄨ
逐電追風,1,ㄓㄨˊ ㄉㄧㄢˋ ㄓㄨㄟ ㄈㄥ
途窮日暮,1,ㄊㄨˊ ㄑㄩㄥˊ ㄖˋ ㄇㄨˋ
逗嘴皮子,1,ㄉㄡˋ ㄗㄨㄟˇ ㄆㄧˊ ㄗ˙
這個擋口,1,ㄓㄜˋ ㄍㄜ˙ ㄉㄤˇ ㄎㄡˇ
這個那個,1,ㄓㄜˋ ㄍㄜ˙ ㄋㄚˋ ㄍㄜ˙
這般如此,1,ㄓㄜˋ ㄅㄢ ㄖㄨˊ ㄘˇ
這般說來,1,ㄓㄜˋ ㄅㄢ ㄕㄨㄛ ㄌㄞˊ
這般這般,1,ㄓㄜˋ ㄅㄢ ㄓㄜˋ ㄅㄢ
通事舍人,1,ㄊㄨㄥ ㄕˋ ㄕㄜˋ ㄖㄣˊ
通人達才,1,ㄊㄨㄥ ㄖㄣˊ ㄉㄚˊ ㄘㄞˊ
通今博古,1,ㄊㄨㄥ ㄐㄧㄣ ㄅㄛˊ ㄍㄨˇ
通信系統,1,ㄊㄨㄥ ㄒㄧㄣˋ ㄒㄧˋ ㄊㄨㄥˇ
通功易事,1,ㄊㄨㄥ ㄍㄨㄥ ㄧˋ ㄕˋ
通古博今,1,ㄊㄨㄥ ㄍㄨˇ ㄅㄛˊ ㄐㄧㄣ
通古斯族,1,ㄊㄨㄥ ㄍㄨˇ ㄙ ㄗㄨˊ
通合一氣,1,ㄊㄨㄥ ㄏㄜˊ ㄧ ㄑㄧˋ
通同一氣,1,ㄊㄨㄥ ㄊㄨㄥˊ ㄧ ㄑㄧˋ
通天徹地,1,ㄊㄨㄥ ㄊㄧㄢ ㄔㄜˋ ㄉㄧˋ
通家之好,1,ㄊㄨㄥ ㄐㄧㄚ ㄓ ㄏㄠˇ
通幽洞微,1,ㄊㄨㄥ ㄧㄡ ㄉㄨㄥˋ ㄨㄟˊ
通才教育,1,ㄊㄨㄥ ㄘㄞˊ ㄐㄧㄠˋ ㄩˋ
通才練識,1,ㄊㄨㄥ ㄘㄞˊ ㄌㄧㄢˋ ㄕˋ
通時達變,1,ㄊㄨㄥ ㄕˊ ㄉㄚˊ ㄅㄧㄢˋ
通眉長爪,1,ㄊㄨㄥ ㄇㄟˊ ㄔㄤˊ ㄓㄨㄚˇ
通知啟事,1,ㄊㄨㄥ ㄓ ㄑㄧˇ ㄕˋ
通脫不拘,1,ㄊㄨㄥ ㄊㄨㄛ ㄅㄨˋ ㄐㄩ
通衢廣陌,1,ㄊㄨㄥ ㄑㄩˊ ㄍㄨㄤˇ ㄇㄛˋ
通觀全局,1,ㄊㄨㄥ ㄍㄨㄢ ㄑㄩㄢˊ ㄐㄩˊ
通訊自由,1,ㄊㄨㄥ ㄒㄩㄣˋ ㄗˋ ㄧㄡˊ
通識教育,1,ㄊㄨㄥ ㄕˋ ㄐㄧㄠˋ ㄩˋ
通識科目,1,ㄊㄨㄥ ㄕˋ ㄎㄜ ㄇㄨˋ
通貨緊縮,1,ㄊㄨㄥ ㄏㄨㄛˋ ㄐㄧㄣˇ ㄙㄨㄛ
通身上下,1,ㄊㄨㄥ ㄕㄣ ㄕㄤˋ ㄒㄧㄚˋ
通都大邑,1,ㄊㄨㄥ ㄉㄨ ㄉㄚˋ ㄧˋ
通關鼻子,1,ㄊㄨㄥ ㄍㄨㄢ ㄅㄧˊ ㄗ˙
通靈寶玉,1,ㄊㄨㄥ ㄌㄧㄥˊ ㄅㄠˇ ㄩˋ
逝者如斯,1,ㄕˋ ㄓㄜˇ ㄖㄨˊ ㄙ
逞己失眾,1,ㄔㄥˇ ㄐㄧˇ ㄕ ㄓㄨㄥˋ
逞強稱能,1,ㄔㄥˇ ㄑㄧㄤˊ ㄔㄥ ㄋㄥˊ
逞意妄為,1,ㄔㄥˇ ㄧˋ ㄨㄤˋ ㄨㄟˊ
逞異誇能,1,ㄔㄥˇ ㄧˋ ㄎㄨㄚ ㄋㄥˊ
逞起威風,1,ㄔㄥˇ ㄑㄧˇ ㄨㄟ ㄈㄥ
速動比率,1,ㄙㄨˋ ㄉㄨㄥˋ ㄅㄧˇ ㄌㄩˋ
速成作物,1,ㄙㄨˋ ㄔㄥˊ ㄗㄨㄛˋ ㄨˋ
速效肥料,1,ㄙㄨˋ ㄒㄧㄠˋ ㄈㄟˊ ㄌㄧㄠˋ
速食主義,1,ㄙㄨˋ ㄕˊ ㄓㄨˇ ㄧˋ
速食戀愛,1,ㄙㄨˋ ㄕˊ ㄌㄧㄢˋ ㄞˋ
造化小兒,1,ㄗㄠˋ ㄏㄨㄚˋ ㄒㄧㄠˇ ㄦˊ
造天立極,1,ㄗㄠˋ ㄊㄧㄢ ㄌㄧˋ ㄐㄧˊ
造微入妙,1,ㄗㄠˋ ㄨㄟ ㄖㄨˋ ㄇㄧㄠˋ
造極登峰,1,ㄗㄠˋ ㄐㄧˊ ㄉㄥ ㄈㄥ
造次顛沛,1,ㄗㄠˋ ㄘˋ ㄉㄧㄢ ㄆㄟˋ
造畜稠棧,1,ㄗㄠˋ ㄔㄨˋ ㄔㄡˊ ㄓㄢˋ
造言惑眾,1,ㄗㄠˋ ㄧㄢˊ ㄏㄨㄛˋ ㄓㄨㄥˋ
造言生事,1,ㄗㄠˋ ㄧㄢˊ ㄕㄥ ㄕˋ
造謗生事,1,ㄗㄠˋ ㄅㄤˋ ㄕㄥ ㄕˋ
造陸運動,1,ㄗㄠˋ ㄌㄨˋ ㄩㄣˋ ㄉㄨㄥˋ
逢低承接,1,ㄈㄥˊ ㄉㄧ ㄔㄥˊ ㄐㄧㄝ
逢君之惡,1,ㄈㄥˊ ㄐㄩㄣ ㄓ ㄜˋ
逢場作樂,1,ㄈㄥˊ ㄔㄤˊ ㄗㄨㄛˋ ㄌㄜˋ
逢山開道,1,ㄈㄥˊ ㄕㄢ ㄎㄞ ㄉㄠˋ
逢掖之士,1,ㄈㄥˊ ㄧㄝˋ ㄓ ㄕˋ
逢時按節,1,ㄈㄥˊ ㄕˊ ㄢˋ ㄐㄧㄝˊ
逢時遇節,1,ㄈㄥˊ ㄕˊ ㄩˋ ㄐㄧㄝˊ
逢迎色笑,1,ㄈㄥˊ ㄧㄥˊ ㄙㄜˋ ㄒㄧㄠˋ
連一連二,1,ㄌㄧㄢˊ ㄧ ㄌㄧㄢˊ ㄦˋ
連三併四,1,ㄌㄧㄢˊ ㄙㄢ ㄅㄧㄥˋ ㄙˋ
連三接二,1,ㄌㄧㄢˊ ㄙㄢ ㄐㄧㄝ ㄦˋ
連三接四,1,ㄌㄧㄢˊ ㄙㄢ ㄐㄧㄝ ㄙˋ
連三跨五,1,ㄌㄧㄢˊ ㄙㄢ ㄎㄨㄚˋ ㄨˇ
連中三元,1,ㄌㄧㄢˊ ㄓㄨㄥˋ ㄙㄢ ㄩㄢˊ
連二趕三,1,ㄌㄧㄢˊ ㄦˋ ㄍㄢˇ ㄙㄢ
連勸帶訓,1,ㄌㄧㄢˊ ㄑㄩㄢˋ ㄉㄞˋ ㄒㄩㄣˋ
連城之價,1,ㄌㄧㄢˊ ㄔㄥˊ ㄓ ㄐㄧㄚˋ
連城之珍,1,ㄌㄧㄢˊ ㄔㄥˊ ㄓ ㄓㄣ
連外道路,1,ㄌㄧㄢˊ ㄨㄞˋ ㄉㄠˋ ㄌㄨˋ
連夜奔走,1,ㄌㄧㄢˊ ㄧㄝˋ ㄅㄣ ㄗㄡˇ
連帶保證,1,ㄌㄧㄢˊ ㄉㄞˋ ㄅㄠˇ ㄓㄥˋ
連帶負擔,1,ㄌㄧㄢˊ ㄉㄞˋ ㄈㄨˋ ㄉㄢ
連成一氣,1,ㄌㄧㄢˊ ㄔㄥˊ ㄧ ㄑㄧˋ
連扯跟頭,1,ㄌㄧㄢˊ ㄔㄜˇ ㄍㄣ ㄊㄡ˙
連拖帶拉,1,ㄌㄧㄢˊ ㄊㄨㄛ ㄉㄞˋ ㄌㄚ
連拖帶拽,1,ㄌㄧㄢˊ ㄊㄨㄛ ㄉㄞˋ ㄓㄨㄞˋ
連更徹夜,1,ㄌㄧㄢˊ ㄍㄥ ㄔㄜˋ ㄧㄝˋ
連朝接夕,1,ㄌㄧㄢˊ ㄓㄠ ㄐㄧㄝ ㄒㄧˋ
連朦帶忽,1,ㄌㄧㄢˊ ㄇㄥˊ ㄉㄞˋ ㄏㄨ
連枝分葉,1,ㄌㄧㄢˊ ㄓ ㄈㄣ ㄧㄝˋ
連枝帶葉,1,ㄌㄧㄢˊ ㄓ ㄉㄞˋ ㄧㄝˋ
連枝比翼,1,ㄌㄧㄢˊ ㄓ ㄅㄧˇ ㄧˋ
連根拔掉,1,ㄌㄧㄢˊ ㄍㄣ ㄅㄚˊ ㄉㄧㄠˋ
連營畫角,1,ㄌㄧㄢˊ ㄧㄥˊ ㄏㄨㄚˋ ㄐㄩㄝˊ
連爬帶滾,1,ㄌㄧㄢˊ ㄆㄚˊ ㄉㄞˋ ㄍㄨㄣˇ
連珠合璧,1,ㄌㄧㄢˊ ㄓㄨ ㄏㄜˊ ㄅㄧˋ
連珠快書,1,ㄌㄧㄢˊ ㄓㄨ ㄎㄨㄞˋ ㄕㄨ
連理枝分,1,ㄌㄧㄢˊ ㄌㄧˇ ㄓ ㄈㄣ
連環車禍,1,ㄌㄧㄢˊ ㄏㄨㄢˊ ㄔㄜ ㄏㄨㄛˋ
連登雲路,1,ㄌㄧㄢˊ ㄉㄥ ㄩㄣˊ ㄌㄨˋ
連章累牘,1,ㄌㄧㄢˊ ㄓㄤ ㄌㄟˇ ㄉㄨˊ
連篇累幅,1,ㄌㄧㄢˊ ㄆㄧㄢ ㄌㄟˇ ㄈㄨˊ
連綿不斷,1,ㄌㄧㄢˊ ㄇㄧㄢˊ ㄅㄨˋ ㄉㄨㄢˋ
連綿起伏,1,ㄌㄧㄢˊ ㄇㄧㄢˊ ㄑㄧˇ ㄈㄨˊ
連續不斷,1,ㄌㄧㄢˊ ㄒㄩˋ ㄅㄨˋ ㄉㄨㄢˋ
連續假日,1,ㄌㄧㄢˊ ㄒㄩˋ ㄐㄧㄚˋ ㄖˋ
連臺本戲,1,ㄌㄧㄢˊ ㄊㄞˊ ㄅㄣˇ ㄒㄧˋ
連衽成帷,1,ㄌㄧㄢˊ ㄖㄣˋ ㄔㄥˊ ㄨㄟˊ
連記投票,1,ㄌㄧㄢˊ ㄐㄧˋ ㄊㄡˊ ㄆㄧㄠˋ
連說帶唱,1,ㄌㄧㄢˊ ㄕㄨㄛ ㄉㄞˋ ㄔㄤˋ
連說帶罵,1,ㄌㄧㄢˊ ㄕㄨㄛ ㄉㄞˋ ㄇㄚˋ
連跌帶爬,1,ㄌㄧㄢˊ ㄉㄧㄝˊ ㄉㄞˋ ㄆㄚˊ
連鎖商店,1,ㄌㄧㄢˊ ㄙㄨㄛˇ ㄕㄤ ㄉㄧㄢˋ
連鎖經營,1,ㄌㄧㄢˊ ㄙㄨㄛˇ ㄐㄧㄥ ㄧㄥˊ
連鎖運作,1,ㄌㄧㄢˊ ㄙㄨㄛˇ ㄩㄣˋ ㄗㄨㄛˋ
連鑣並軫,1,ㄌㄧㄢˊ ㄅㄧㄠ ㄅㄧㄥˋ ㄓㄣˇ
連闥洞房,1,ㄌㄧㄢˊ ㄊㄚˋ ㄉㄨㄥˋ ㄈㄤˊ
連階累任,1,ㄌㄧㄢˊ ㄐㄧㄝ ㄌㄟˇ ㄖㄣˋ
連雲疊嶂,1,ㄌㄧㄢˊ ㄩㄣˊ ㄉㄧㄝˊ ㄓㄤˋ
連頭帶尾,1,ㄌㄧㄢˊ ㄊㄡˊ ㄉㄞˋ ㄨㄟˇ
連類比物,1,ㄌㄧㄢˊ ㄌㄟˋ ㄅㄧˇ ㄨˋ
連鬚鬍子,1,ㄌㄧㄢˊ ㄒㄩ ㄏㄨˊ ㄗ˙
連齒木屐,1,ㄌㄧㄢˊ ㄔˇ ㄇㄨˋ ㄐㄧ
週末效應,1,ㄓㄡ ㄇㄛˋ ㄒㄧㄠˋ ㄧㄥˋ
進口家電,1,ㄐㄧㄣˋ ㄎㄡˇ ㄐㄧㄚ ㄉㄧㄢˋ
進口貿易,1,ㄐㄧㄣˋ ㄎㄡˇ ㄇㄠˋ ㄧˋ
進口配額,1,ㄐㄧㄣˋ ㄎㄡˇ ㄆㄟˋ ㄜˊ
進可替不,1,ㄐㄧㄣˋ ㄎㄜˇ ㄊㄧˋ ㄈㄡˇ
進可替否,1,ㄐㄧㄣˋ ㄎㄜˇ ㄊㄧˋ ㄆㄧˇ
進士出身,1,ㄐㄧㄣˋ ㄕˋ ㄔㄨ ㄕㄣ
進士及第,1,ㄐㄧㄣˋ ㄕˋ ㄐㄧˊ ㄉㄧˋ
進寸退尺,1,ㄐㄧㄣˋ ㄘㄨㄣˋ ㄊㄨㄟˋ ㄔˇ
進履之謙,1,ㄐㄧㄣˋ ㄌㄩˇ ㄓ ㄑㄧㄢ
進步神速,1,ㄐㄧㄣˋ ㄅㄨˋ ㄕㄣˊ ㄙㄨˋ
進賢任能,1,ㄐㄧㄣˋ ㄒㄧㄢˊ ㄖㄣˋ ㄋㄥˊ
進身之計,1,ㄐㄧㄣˋ ㄕㄣ ㄓ ㄐㄧˋ
進退中繩,1,ㄐㄧㄣˋ ㄊㄨㄟˋ ㄓㄨㄥˋ ㄕㄥˊ
進退存亡,1,ㄐㄧㄣˋ ㄊㄨㄟˋ ㄘㄨㄣˊ ㄨㄤˊ
進退有常,1,ㄐㄧㄣˋ ㄊㄨㄟˋ ㄧㄡˇ ㄔㄤˊ
進退無據,1,ㄐㄧㄣˋ ㄊㄨㄟˋ ㄨˊ ㄐㄩˋ
進退無路,1,ㄐㄧㄣˋ ㄊㄨㄟˋ ㄨˊ ㄌㄨˋ
進退無門,1,ㄐㄧㄣˋ ㄊㄨㄟˋ ㄨˊ ㄇㄣˊ
進退首鼠,1,ㄐㄧㄣˋ ㄊㄨㄟˋ ㄕㄡˇ ㄕㄨˇ
進酒作樂,1,ㄐㄧㄣˋ ㄐㄧㄡˇ ㄗㄨㄛˋ ㄌㄜˋ
進銳退速,1,ㄐㄧㄣˋ ㄖㄨㄟˋ ㄊㄨㄟˋ ㄙㄨˋ
逸世超群,1,ㄧˋ ㄕˋ ㄔㄠ ㄑㄩㄣˊ
逸以待勞,1,ㄧˋ ㄧˇ ㄉㄞˋ ㄌㄠˊ
逸塵斷鞅,1,ㄧˋ ㄔㄣˊ ㄉㄨㄢˋ ㄧㄤ
逸態橫生,1,ㄧˋ ㄊㄞˋ ㄏㄥˊ ㄕㄥ
逸文軼事,1,ㄧˋ ㄨㄣˊ ㄧˋ ㄕˋ
逸游自恣,1,ㄧˋ ㄧㄡˊ ㄗˋ ㄗˋ
逸群之才,1,ㄧˋ ㄑㄩㄣˊ ㄓ ㄘㄞˊ
逸群絕俗,1,ㄧˋ ㄑㄩㄣˊ ㄐㄩㄝˊ ㄙㄨˊ
逸群絕倫,1,ㄧˋ ㄑㄩㄣˊ ㄐㄩㄝˊ ㄌㄨㄣˊ
逼手逼腳,1,ㄅㄧ ㄕㄡˇ ㄅㄧ ㄐㄧㄠˇ
逼民為盜,1,ㄅㄧ ㄇㄧㄣˊ ㄨㄟˊ ㄉㄠˋ
逼良為娼,1,ㄅㄧ ㄌㄧㄤˊ ㄨㄟˊ ㄔㄤ
遁世逃名,1,ㄉㄨㄣˋ ㄕˋ ㄊㄠˊ ㄇㄧㄥˊ
遁世離群,1,ㄉㄨㄣˋ ㄕˋ ㄌㄧˊ ㄑㄩㄣˊ
遁名匿跡,1,ㄉㄨㄣˋ ㄇㄧㄥˊ ㄋㄧˋ ㄐㄧ
遁跡潛形,1,ㄉㄨㄣˋ ㄐㄧ ㄑㄧㄢˊ ㄒㄧㄥˊ
遁跡銷聲,1,ㄉㄨㄣˋ ㄐㄧ ㄒㄧㄠ ㄕㄥ
遇事生風,1,ㄩˋ ㄕˋ ㄕㄥ ㄈㄥ
遇物持平,1,ㄩˋ ㄨˋ ㄔˊ ㄆㄧㄥˊ
遇缺不補,1,ㄩˋ ㄑㄩㄝ ㄅㄨˋ ㄅㄨˇ
遇難成祥,1,ㄩˋ ㄋㄢˋ ㄔㄥˊ ㄒㄧㄤˊ
遊客如織,1,ㄧㄡˊ ㄎㄜˋ ㄖㄨˊ ㄓ
遊手遊食,1,ㄧㄡˊ ㄕㄡˇ ㄧㄡˊ ㄕˊ
遊營撞屍,1,ㄧㄡˊ ㄧㄥˊ ㄓㄨㄤˋ ㄕ
遊絲飛絮,1,ㄧㄡˊ ㄙ ㄈㄟ ㄒㄩˋ
遊花插趣,1,ㄧㄡˊ ㄏㄨㄚ ㄔㄚ ㄑㄩˋ
遊蜂戲蝶,1,ㄧㄡˊ ㄈㄥ ㄒㄧˋ ㄉㄧㄝˊ
遊蜂浪蝶,1,ㄧㄡˊ ㄈㄥ ㄌㄤˋ ㄉㄧㄝˊ
遊覽勝地,1,ㄧㄡˊ ㄌㄢˇ ㄕㄥˋ ㄉㄧˋ
遊騎無歸,1,ㄧㄡˊ ㄐㄧˋ ㄨˊ ㄍㄨㄟ
運乖時蹇,1,ㄩㄣˋ ㄍㄨㄞ ㄕˊ ㄐㄧㄢˇ
運動傷害,1,ㄩㄣˋ ㄉㄨㄥˋ ㄕㄤ ㄏㄞˋ
運動器官,1,ㄩㄣˋ ㄉㄨㄥˋ ㄑㄧˋ ㄍㄨㄢ
運動治療,1,ㄩㄣˋ ㄉㄨㄥˋ ㄓˋ ㄌㄧㄠˊ
運動錯覺,1,ㄩㄣˋ ㄉㄨㄥˋ ㄘㄨㄛˋ ㄐㄩㄝˊ
運動飲料,1,ㄩㄣˋ ㄉㄨㄥˋ ㄧㄣˇ ㄌㄧㄠˋ
運拙時乖,1,ㄩㄣˋ ㄓㄨㄛˊ ㄕˊ ㄍㄨㄞ
運拙時艱,1,ㄩㄣˋ ㄓㄨㄛˊ ㄕˊ ㄐㄧㄢ
運斤成風,1,ㄩㄣˋ ㄐㄧㄣ ㄔㄥˊ ㄈㄥ
運智鋪謀,1,ㄩㄣˋ ㄓˋ ㄆㄨ ㄇㄡˊ
運筆如飛,1,ㄩㄣˋ ㄅㄧˇ ㄖㄨˊ ㄈㄟ
運算符號,1,ㄩㄣˋ ㄙㄨㄢˋ ㄈㄨˊ ㄏㄠˋ
運籌千里,1,ㄩㄣˋ ㄔㄡˊ ㄑㄧㄢ ㄌㄧˇ
運籌決勝,1,ㄩㄣˋ ㄔㄡˊ ㄐㄩㄝˊ ㄕㄥˋ
運計鋪謀,1,ㄩㄣˋ ㄐㄧˋ ㄆㄨ ㄇㄡˊ
運蹇時乖,1,ㄩㄣˋ ㄐㄧㄢˇ ㄕˊ ㄍㄨㄞ
運輸工具,1,ㄩㄣˋ ㄕㄨ ㄍㄨㄥ ㄐㄩˋ
遍地荒旱,1,ㄅㄧㄢˋ ㄉㄧˋ ㄏㄨㄤ ㄏㄢˋ
遍地開花,1,ㄅㄧㄢˋ ㄉㄧˋ ㄎㄞ ㄏㄨㄚ
遍體生津,1,ㄅㄧㄢˋ ㄊㄧˇ ㄕㄥ ㄐㄧㄣ
過人才略,1,ㄍㄨㄛˋ ㄖㄣˊ ㄘㄞˊ ㄌㄩㄝˋ
過勿憚改,1,ㄍㄨㄛˋ ㄨˋ ㄉㄢˋ ㄍㄞˇ
過化存神,1,ㄍㄨㄛˋ ㄏㄨㄚˋ ㄘㄨㄣˊ ㄕㄣˊ
過失致死,1,ㄍㄨㄛˋ ㄕ ㄓˋ ㄙˇ
過庭之訓,1,ㄍㄨㄛˋ ㄊㄧㄥˊ ㄓ ㄒㄩㄣˋ
過意不去,1,ㄍㄨㄛˋ ㄧˋ ㄅㄨˋ ㄑㄩˋ
過房兒子,1,ㄍㄨㄛˋ ㄈㄤˊ ㄦˊ ㄗ˙
過時不候,1,ㄍㄨㄛˋ ㄕˊ ㄅㄨˋ ㄏㄡˋ
過橋抽板,1,ㄍㄨㄛˋ ㄑㄧㄠˊ ㄔㄡ ㄅㄢˇ
過橋拆橋,1,ㄍㄨㄛˋ ㄑㄧㄠˊ ㄔㄞ ㄑㄧㄠˊ
過此以往,1,ㄍㄨㄛˋ ㄘˇ ㄧˇ ㄨㄤˇ
過河卒子,1,ㄍㄨㄛˋ ㄏㄜˊ ㄗㄨˊ ㄗ˙
過河抽板,1,ㄍㄨㄛˋ ㄏㄜˊ ㄔㄡ ㄅㄢˇ
過渡內閣,1,ㄍㄨㄛˋ ㄉㄨˋ ㄋㄟˋ ㄍㄜˊ
過渡金屬,1,ㄍㄨㄛˋ ㄉㄨˋ ㄐㄧㄣ ㄕㄨˇ
過甚其實,1,ㄍㄨㄛˋ ㄕㄣˋ ㄑㄧˊ ㄕˊ
過當防衛,1,ㄍㄨㄛˋ ㄉㄤˋ ㄈㄤˊ ㄨㄟˋ
過盛必衰,1,ㄍㄨㄛˋ ㄕㄥˋ ㄅㄧˋ ㄕㄨㄞ
過目不忘,1,ㄍㄨㄛˋ ㄇㄨˋ ㄅㄨˋ ㄨㄤˋ
過眼煙雲,1,ㄍㄨㄛˋ ㄧㄢˇ ㄧㄢ ㄩㄣˊ
過眼風燈,1,ㄍㄨㄛˋ ㄧㄢˇ ㄈㄥ ㄉㄥ
過而能改,1,ㄍㄨㄛˋ ㄦˊ ㄋㄥˊ ㄍㄞˇ
過耳秋風,1,ㄍㄨㄛˋ ㄦˇ ㄑㄧㄡ ㄈㄥ
過贓犯法,1,ㄍㄨㄛˋ ㄗㄤ ㄈㄢˋ ㄈㄚˇ
過路財神,1,ㄍㄨㄛˋ ㄌㄨˋ ㄘㄞˊ ㄕㄣˊ
過路買賣,1,ㄍㄨㄛˋ ㄌㄨˋ ㄇㄞˇ ㄇㄞˋ
過門不入,1,ㄍㄨㄛˋ ㄇㄣˊ ㄅㄨˋ ㄖㄨˋ
過隙白駒,1,ㄍㄨㄛˋ ㄒㄧˋ ㄅㄞˊ ㄐㄩ
遏漸防萌,1,ㄜˋ ㄐㄧㄢ ㄈㄤˊ ㄇㄥˊ
遐方絕域,1,ㄒㄧㄚˊ ㄈㄤ ㄐㄩㄝˊ ㄩˋ
遐方絕壤,1,ㄒㄧㄚˊ ㄈㄤ ㄐㄩㄝˊ ㄖㄤˇ
遐邇一體,1,ㄒㄧㄚˊ ㄦˇ ㄧ ㄊㄧˇ
遐邇聞名,1,ㄒㄧㄚˊ ㄦˇ ㄨㄣˊ ㄇㄧㄥˊ
遐邇著聞,1,ㄒㄧㄚˊ ㄦˇ ㄓㄨˋ ㄨㄣˊ
遒文壯節,1,ㄑㄧㄡˊ ㄨㄣˊ ㄓㄨㄤˋ ㄐㄧㄝˊ
道不相謀,1,ㄉㄠˋ ㄅㄨˋ ㄒㄧㄤ ㄇㄡˊ
道傍苦李,1,ㄉㄠˋ ㄆㄤˊ ㄎㄨˇ ㄌㄧˇ
道合志同,1,ㄉㄠˋ ㄏㄜˊ ㄓˋ ㄊㄨㄥˊ
道同志合,1,ㄉㄠˋ ㄊㄨㄥˊ ㄓˋ ㄏㄜˊ
道在屎溺,1,ㄉㄠˋ ㄗㄞˋ ㄕˇ ㄋㄧㄠˋ
道媽媽子,1,ㄉㄠˋ ㄇㄚ ㄇㄚ ㄗ˙
道學先生,1,ㄉㄠˋ ㄒㄩㄝˊ ㄒㄧㄢ ㄕㄥ
道寡稱孤,1,ㄉㄠˋ ㄍㄨㄚˇ ㄔㄥ ㄍㄨ
道山學海,1,ㄉㄠˋ ㄕㄢ ㄒㄩㄝˊ ㄏㄞˇ
道得應得,1,ㄉㄠˋ ㄉㄜˊ ㄧㄥ ㄉㄜˊ
道德教育,1,ㄉㄠˋ ㄉㄜˊ ㄐㄧㄠˋ ㄩˋ
道德發展,1,ㄉㄠˋ ㄉㄜˊ ㄈㄚ ㄓㄢˇ
道德真經,1,ㄉㄠˋ ㄉㄜˊ ㄓㄣ ㄐㄧㄥ
道德真言,1,ㄉㄠˋ ㄉㄜˊ ㄓㄣ ㄧㄢˊ
道東說西,1,ㄉㄠˋ ㄉㄨㄥ ㄕㄨㄛ ㄒㄧ
道歉啟事,1,ㄉㄠˋ ㄑㄧㄢˋ ㄑㄧˇ ㄕˋ
道殣相望,1,ㄉㄠˋ ㄐㄧㄣˇ ㄒㄧㄤ ㄨㄤˋ
道濟天下,1,ㄉㄠˋ ㄐㄧˋ ㄊㄧㄢ ㄒㄧㄚˋ
道爾頓制,1,ㄉㄠˋ ㄦˇ ㄉㄨㄣˋ ㄓˋ
道盡塗殫,1,ㄉㄠˋ ㄐㄧㄣˋ ㄊㄨˊ ㄉㄢ
道盡途窮,1,ㄉㄠˋ ㄐㄧㄣˋ ㄊㄨˊ ㄑㄩㄥˊ
道範長昭,1,ㄉㄠˋ ㄈㄢˋ ㄔㄤˊ ㄓㄠ
道而不徑,1,ㄉㄠˋ ㄦˊ ㄅㄨˋ ㄐㄧㄥˋ
道袍竹冠,1,ㄉㄠˋ ㄆㄠˊ ㄓㄨˊ ㄍㄨㄢ
道西說東,1,ㄉㄠˋ ㄒㄧ ㄕㄨㄛ ㄉㄨㄥ
道謀是用,1,ㄉㄠˋ ㄇㄡˊ ㄕˋ ㄩㄥˋ
道貌凜然,1,ㄉㄠˋ ㄇㄠˋ ㄌㄧㄣˇ ㄖㄢˊ
道路以目,1,ㄉㄠˋ ㄌㄨˋ ㄧˇ ㄇㄨˋ
道路側目,1,ㄉㄠˋ ㄌㄨˋ ㄘㄜˋ ㄇㄨˋ
道路容量,1,ㄉㄠˋ ㄌㄨˋ ㄖㄨㄥˊ ㄌㄧㄤˋ
道路工程,1,ㄉㄠˋ ㄌㄨˋ ㄍㄨㄥ ㄔㄥˊ
道路用地,1,ㄉㄠˋ ㄌㄨˋ ㄩㄥˋ ㄉㄧˋ
道路風聞,1,ㄉㄠˋ ㄌㄨˋ ㄈㄥ ㄨㄣˊ
道近易從,1,ㄉㄠˋ ㄐㄧㄣˋ ㄧˋ ㄘㄨㄥˊ
道道地地,1,ㄉㄠˋ ㄉㄠ˙ ㄉㄧˋ ㄉㄧˋ
道遠任重,1,ㄉㄠˋ ㄩㄢˇ ㄖㄣˋ ㄓㄨㄥˋ
道遠日暮,1,ㄉㄠˋ ㄩㄢˇ ㄖˋ ㄇㄨˋ
道遠知驥,1,ㄉㄠˋ ㄩㄢˇ ㄓ ㄐㄧˋ
道頭會尾,1,ㄉㄠˋ ㄊㄡˊ ㄏㄨㄟˋ ㄨㄟˇ
道頭知尾,1,ㄉㄠˋ ㄊㄡˊ ㄓ ㄨㄟˇ
道骨仙風,1,ㄉㄠˋ ㄍㄨˇ ㄒㄧㄢ ㄈㄥ
道高德隆,1,ㄉㄠˋ ㄍㄠ ㄉㄜˊ ㄌㄨㄥˊ
達人知命,1,ㄉㄚˊ ㄖㄣˊ ㄓ ㄇㄧㄥˋ
達士通人,1,ㄉㄚˊ ㄕˋ ㄊㄨㄥ ㄖㄣˊ
達官顯宦,1,ㄉㄚˊ ㄍㄨㄢ ㄒㄧㄢˇ ㄏㄨㄢˋ
達官顯要,1,ㄉㄚˊ ㄍㄨㄢ ㄒㄧㄢˇ ㄧㄠˋ
達斡爾族,1,ㄉㄚˊ ㄨㄛˋ ㄦˇ ㄗㄨˊ
達權知變,1,ㄉㄚˊ ㄑㄩㄢˊ ㄓ ㄅㄧㄢˋ
達權通變,1,ㄉㄚˊ ㄑㄩㄢˊ ㄊㄨㄥ ㄅㄧㄢˋ
達見水庫,1,ㄉㄚˊ ㄐㄧㄢˋ ㄕㄨㄟˇ ㄎㄨˋ
達魯花赤,1,ㄉㄚˊ ㄌㄨˇ ㄏㄨㄚ ㄔˋ
違世遁俗,1,ㄨㄟˊ ㄕˋ ㄉㄨㄣˋ ㄙㄨˊ
違信背約,1,ㄨㄟˊ ㄒㄧㄣˋ ㄅㄟˋ ㄩㄝ
違利赴名,1,ㄨㄟˊ ㄌㄧˋ ㄈㄨˋ ㄇㄧㄥˊ
違天害理,1,ㄨㄟˊ ㄊㄧㄢ ㄏㄞˋ ㄌㄧˇ
違天悖理,1,ㄨㄟˊ ㄊㄧㄢ ㄅㄟˋ ㄌㄧˇ
違害就利,1,ㄨㄟˊ ㄏㄞˋ ㄐㄧㄡˋ ㄌㄧˋ
違強陵弱,1,ㄨㄟˊ ㄑㄧㄤˊ ㄌㄧㄥˊ ㄖㄨㄛˋ
違心之言,1,ㄨㄟˊ ㄒㄧㄣ ㄓ ㄧㄢˊ
違恩負義,1,ㄨㄟˊ ㄣ ㄈㄨˋ ㄧˋ
違時絕俗,1,ㄨㄟˊ ㄕˊ ㄐㄩㄝˊ ㄙㄨˊ
違紀參選,1,ㄨㄟˊ ㄐㄧˋ ㄘㄢ ㄒㄩㄢˇ
違約交割,1,ㄨㄟˊ ㄩㄝ ㄐㄧㄠ ㄍㄜ
遙不可及,1,ㄧㄠˊ ㄅㄨˋ ㄎㄜˇ ㄐㄧˊ
遙不可期,1,ㄧㄠˊ ㄅㄨˋ ㄎㄜˇ ㄑㄧˊ
遙感探測,1,ㄧㄠˊ ㄍㄢˇ ㄊㄢˋ ㄘㄜˋ
遙控飛機,1,ㄧㄠˊ ㄎㄨㄥˋ ㄈㄟ ㄐㄧ
遙測影像,1,ㄧㄠˊ ㄘㄜˋ ㄧㄥˇ ㄒㄧㄤˋ
遙測技術,1,ㄧㄠˊ ㄘㄜˋ ㄐㄧˋ ㄕㄨˋ
遙相應和,1,ㄧㄠˊ ㄒㄧㄤ ㄧㄥˋ ㄏㄜˋ
遙遙華胄,1,ㄧㄠˊ ㄧㄠˊ ㄏㄨㄚˊ ㄓㄡˋ
遜志時敏,1,ㄒㄩㄣˋ ㄓˋ ㄕˊ ㄇㄧㄣˇ
遞解出境,1,ㄉㄧˋ ㄐㄧㄝˋ ㄔㄨ ㄐㄧㄥˋ
遠不間親,1,ㄩㄢˇ ㄅㄨˋ ㄐㄧㄢˋ ㄑㄧㄣ
遠圖長慮,1,ㄩㄢˇ ㄊㄨˊ ㄔㄤˊ ㄌㄩˋ
遠害全身,1,ㄩㄢˋ ㄏㄞˋ ㄑㄩㄢˊ ㄕㄣ
遠引曲喻,1,ㄩㄢˇ ㄧㄣˇ ㄑㄩ ㄩˋ
遠引深潛,1,ㄩㄢˇ ㄧㄣˇ ㄕㄣ ㄑㄧㄢˊ
遠愁近慮,1,ㄩㄢˇ ㄔㄡˊ ㄐㄧㄣˋ ㄌㄩˋ
遠慮深思,1,ㄩㄢˇ ㄌㄩˋ ㄕㄣ ㄙ
遠慮深計,1,ㄩㄢˇ ㄌㄩˋ ㄕㄣ ㄐㄧˋ
遠打週折,1,ㄩㄢˇ ㄉㄚˇ ㄓㄡ ㄓㄜˊ
遠期外匯,1,ㄩㄢˇ ㄑㄧˊ ㄨㄞˋ ㄏㄨㄟˋ
遠期支票,1,ㄩㄢˇ ㄑㄧˊ ㄓ ㄆㄧㄠˋ
遠端會議,1,ㄩㄢˇ ㄉㄨㄢ ㄏㄨㄟˋ ㄧˋ
遠端簽入,1,ㄩㄢˇ ㄉㄨㄢ ㄑㄧㄢ ㄖㄨˋ
遠紅外線,1,ㄩㄢˇ ㄏㄨㄥˊ ㄨㄞˋ ㄒㄧㄢˋ
遠舉高飛,1,ㄩㄢˇ ㄐㄩˇ ㄍㄠ ㄈㄟ
遠見卓識,1,ㄩㄢˇ ㄐㄧㄢˋ ㄓㄨㄛˊ ㄕˋ
遠距教學,1,ㄩㄢˇ ㄐㄩˋ ㄐㄧㄠˋ ㄒㄩㄝˊ
遠距醫療,1,ㄩㄢˇ ㄐㄩˋ ㄧ ㄌㄧㄠˊ
遠近知名,1,ㄩㄢˇ ㄐㄧㄣˋ ㄓ ㄇㄧㄥˊ
遠近聞名,1,ㄩㄢˇ ㄐㄧㄣˋ ㄨㄣˊ ㄇㄧㄥˊ
遠遁山林,1,ㄩㄢˇ ㄉㄨㄣˋ ㄕㄢ ㄌㄧㄣˊ
遠遠落後,1,ㄩㄢˇ ㄩㄢˇ ㄌㄨㄛˋ ㄏㄡˋ
遣兵調將,1,ㄑㄧㄢˇ ㄅㄧㄥ ㄉㄧㄠˋ ㄐㄧㄤˋ
遣興陶情,1,ㄑㄧㄢˇ ㄒㄧㄥˋ ㄊㄠˊ ㄑㄧㄥˊ
遣詞立意,1,ㄑㄧㄢˇ ㄘˊ ㄌㄧˋ ㄧˋ
遣辭措意,1,ㄑㄧㄢˇ ㄘˊ ㄘㄨㄛˋ ㄧˋ
遣辭用句,1,ㄑㄧㄢˇ ㄘˊ ㄩㄥˋ ㄐㄩˋ
適中下懷,1,ㄕˋ ㄓㄨㄥˋ ㄒㄧㄚˋ ㄏㄨㄞˊ
適得其所,1,ㄕˋ ㄉㄜˊ ㄑㄧˊ ㄙㄨㄛˇ
適材適用,1,ㄕˋ ㄘㄞˊ ㄕˋ ㄩㄥˋ
適逢其會,1,ㄕˋ ㄈㄥˊ ㄑㄧˊ ㄏㄨㄟˋ
適銷對路,1,ㄕˋ ㄒㄧㄠ ㄉㄨㄟˋ ㄌㄨˋ
遭家不造,1,ㄗㄠ ㄐㄧㄚ ㄅㄨˋ ㄗㄠˋ
遭時不遇,1,ㄗㄠ ㄕˊ ㄅㄨˋ ㄩˋ
遮人眼目,1,ㄓㄜ ㄖㄣˊ ㄧㄢˇ ㄇㄨˋ
遮前掩後,1,ㄓㄜ ㄑㄧㄢˊ ㄧㄢˇ ㄏㄡˋ
遮天映日,1,ㄓㄜ ㄊㄧㄢ ㄧㄥˋ ㄖˋ
遮天蓋地,1,ㄓㄜ ㄊㄧㄢ ㄍㄞˋ ㄉㄧˋ
遮天蓋日,1,ㄓㄜ ㄊㄧㄢ ㄍㄞˋ ㄖˋ
遮天蔽日,1,ㄓㄜ ㄊㄧㄢ ㄅㄧˋ ㄖˋ
遮天迷日,1,ㄓㄜ ㄊㄧㄢ ㄇㄧˊ ㄖˋ
遮道挽留,1,ㄓㄜ ㄉㄠˋ ㄨㄢˇ ㄌㄧㄡˊ
遯跡山林,1,ㄉㄨㄣˋ ㄐㄧ ㄕㄢ ㄌㄧㄣˊ
遲回觀望,1,ㄔˊ ㄏㄨㄟˊ ㄍㄨㄢ ㄨㄤˋ
遲效肥料,1,ㄔˊ ㄒㄧㄠˋ ㄈㄟˊ ㄌㄧㄠˋ
遲疑未決,1,ㄔˊ ㄧˊ ㄨㄟˋ ㄐㄩㄝˊ
遲行早住,1,ㄔˊ ㄒㄧㄥˊ ㄗㄠˇ ㄓㄨˋ
遲賓之館,1,ㄓˋ ㄅㄧㄣ ㄓ ㄍㄨㄢˇ
遵時養晦,1,ㄗㄨㄣ ㄕˊ ㄧㄤˇ ㄏㄨㄟˋ
遵而不失,1,ㄗㄨㄣ ㄦˊ ㄅㄨˋ ㄕ
遵養時晦,1,ㄗㄨㄣ ㄧㄤˇ ㄕˊ ㄏㄨㄟˋ
遷善遠罪,1,ㄑㄧㄢ ㄕㄢˋ ㄩㄢˇ ㄗㄨㄟˋ
遷喬之望,1,ㄑㄧㄢ ㄑㄧㄠˊ ㄓ ㄨㄤˋ
遷客騷人,1,ㄑㄧㄢ ㄎㄜˋ ㄙㄠ ㄖㄣˊ
遷徙自由,1,ㄑㄧㄢ ㄒㄧˇ ㄗˋ ㄧㄡˊ
遷思迴慮,1,ㄑㄧㄢ ㄙ ㄏㄨㄟˊ ㄌㄩˋ
選兵秣馬,1,ㄒㄩㄢˇ ㄅㄧㄥ ㄇㄛˋ ㄇㄚˇ
選士厲兵,1,ㄒㄩㄢˇ ㄕˋ ㄌㄧˋ ㄅㄧㄥ
選舉人票,1,ㄒㄩㄢˇ ㄐㄩˇ ㄖㄣˊ ㄆㄧㄠˋ
選舉訴訟,1,ㄒㄩㄢˇ ㄐㄩˇ ㄙㄨˋ ㄙㄨㄥˋ
選賢任能,1,ㄒㄩㄢˇ ㄒㄧㄢˊ ㄖㄣˋ ㄋㄥˊ
遺世絕俗,1,ㄧˊ ㄕˋ ㄐㄩㄝˊ ㄙㄨˊ
遺孽餘烈,1,ㄧˊ ㄋㄧㄝˋ ㄩˊ ㄌㄧㄝˋ
遺恨千古,1,ㄧˊ ㄏㄣˋ ㄑㄧㄢ ㄍㄨˇ
遺珠棄璧,1,ㄧˊ ㄓㄨ ㄑㄧˋ ㄅㄧˋ
遺簪墜屨,1,ㄧˊ ㄗㄢ ㄓㄨㄟˋ ㄐㄩˋ
遺簪墮履,1,ㄧˊ ㄗㄢ ㄉㄨㄛˋ ㄌㄩˇ
遺精夢泄,1,ㄧˊ ㄐㄧㄥ ㄇㄥˋ ㄒㄧㄝˋ
遺編絕簡,1,ㄧˊ ㄅㄧㄢ ㄐㄩㄝˊ ㄐㄧㄢˇ
遺臭千年,1,ㄧˊ ㄔㄡˋ ㄑㄧㄢ ㄋㄧㄢˊ
遺臭萬代,1,ㄧˊ ㄔㄡˋ ㄨㄢˋ ㄉㄞˋ
遺臭萬載,1,ㄧˊ ㄔㄡˋ ㄨㄢˋ ㄗㄞˇ
遺芳餘烈,1,ㄧˊ ㄈㄤ ㄩˊ ㄌㄧㄝˋ
遺風餘思,1,ㄧˊ ㄈㄥ ㄩˊ ㄙ
遺風餘澤,1,ㄧˊ ㄈㄥ ㄩˊ ㄗㄜˊ
遺風餘烈,1,ㄧˊ ㄈㄥ ㄩˊ ㄌㄧㄝˋ
遼天祚帝,1,ㄌㄧㄠˊ ㄊㄧㄢ ㄗㄨㄛˋ ㄉㄧˋ
遼東白豕,1,ㄌㄧㄠˊ ㄉㄨㄥ ㄅㄛˊ ㄕˇ
遼西走廊,1,ㄌㄧㄠˊ ㄒㄧ ㄗㄡˇ ㄌㄤˊ
避不見面,1,ㄅㄧˋ ㄅㄨˋ ㄐㄧㄢˋ ㄇㄧㄢˋ
避世離俗,1,ㄅㄧˋ ㄕˋ ㄌㄧˊ ㄙㄨˊ
避井落坑,1,ㄅㄧˋ ㄐㄧㄥˇ ㄌㄨㄛˋ ㄎㄥ
避人之處,1,ㄅㄧˋ ㄖㄣˊ ㄓ ㄔㄨˋ
避人眼目,1,ㄅㄧˋ ㄖㄣˊ ㄧㄢˇ ㄇㄨˋ
避凶就吉,1,ㄅㄧˋ ㄒㄩㄥ ㄐㄧㄡˋ ㄐㄧˊ
避凶趨吉,1,ㄅㄧˋ ㄒㄩㄥ ㄑㄩ ㄐㄧˊ
避坑落井,1,ㄅㄧˋ ㄎㄥ ㄌㄨㄛˋ ㄐㄧㄥˇ
避火浴血,1,ㄅㄧˋ ㄏㄨㄛˇ ㄩˋ ㄒㄩㄝˋ
避禍就福,1,ㄅㄧˋ ㄏㄨㄛˋ ㄐㄧㄡˋ ㄈㄨˊ
避賢謝拙,1,ㄅㄧˋ ㄒㄧㄢˊ ㄒㄧㄝˋ ㄓㄨㄛˊ
避阱入坑,1,ㄅㄧˋ ㄐㄧㄥˇ ㄖㄨˋ ㄎㄥ
避難就易,1,ㄅㄧˋ ㄋㄢˊ ㄐㄧㄡˋ ㄧˋ
邀名射利,1,ㄧㄠ ㄇㄧㄥˊ ㄕㄜˋ ㄌㄧˋ
邀買人心,1,ㄧㄠ ㄇㄞˇ ㄖㄣˊ ㄒㄧㄣ
邁步猛進,1,ㄇㄞˋ ㄅㄨˋ ㄇㄥˇ ㄐㄧㄣˋ
邁越常流,1,ㄇㄞˋ ㄩㄝˋ ㄔㄤˊ ㄌㄧㄡˊ
邁過隅頭,1,ㄇㄞˋ ㄍㄨㄛˋ ㄩˊ ㄊㄡˊ
邁錫尼城,1,ㄇㄞˋ ㄒㄧˊ ㄋㄧˊ ㄔㄥˊ
邂逅之緣,1,ㄒㄧㄝˋ ㄏㄡˋ ㄓ ㄩㄢˊ
邂逅相逢,1,ㄒㄧㄝˋ ㄏㄡˋ ㄒㄧㄤ ㄈㄥˊ
邂逅相遇,1,ㄒㄧㄝˋ ㄏㄡˋ ㄒㄧㄤ ㄩˋ
還以顏色,1,ㄏㄨㄢˊ ㄧˇ ㄧㄢˊ ㄙㄜˋ
還元返本,1,ㄏㄨㄢˊ ㄩㄢˊ ㄈㄢˇ ㄅㄣˇ
還原反應,1,ㄏㄨㄢˊ ㄩㄢˊ ㄈㄢˇ ㄧㄥˋ
還有一說,1,ㄏㄞˊ ㄧㄡˇ ㄧ ㄕㄨㄛ
還淳反樸,1,ㄏㄨㄢˊ ㄔㄨㄣˊ ㄈㄢˇ ㄆㄨˊ
還淳返樸,1,ㄏㄨㄢˊ ㄔㄨㄣˊ ㄈㄢˇ ㄆㄨˊ
還珠合浦,1,ㄏㄨㄢˊ ㄓㄨ ㄏㄜˊ ㄆㄨˇ
還珠返璧,1,ㄏㄨㄢˊ ㄓㄨ ㄈㄢˇ ㄅㄧˋ
邈若山河,1,ㄇㄧㄠˇ ㄖㄨㄛˋ ㄕㄢ ㄏㄜˊ
邊幅不修,1,ㄅㄧㄢ ㄈㄨˊ ㄅㄨˋ ㄒㄧㄡ
邊沁主義,1,ㄅㄧㄢ ㄑㄧㄣˋ ㄓㄨˇ ㄧˋ
邊界談判,1,ㄅㄧㄢ ㄐㄧㄝˋ ㄊㄢˊ ㄆㄢˋ
邊際利益,1,ㄅㄧㄢ ㄐㄧˋ ㄌㄧˋ ㄧˋ
邊際效用,1,ㄅㄧㄢ ㄐㄧˋ ㄒㄧㄠˋ ㄩㄥˋ
邏輯主語,1,ㄌㄨㄛˊ ㄐㄧˊ ㄓㄨˇ ㄩˇ
邏輯代數,1,ㄌㄨㄛˊ ㄐㄧˊ ㄉㄞˋ ㄕㄨˋ
邏輯常項,1,ㄌㄨㄛˊ ㄐㄧˊ ㄔㄤˊ ㄒㄧㄤˋ
邏輯設計,1,ㄌㄨㄛˊ ㄐㄧˊ ㄕㄜˋ ㄐㄧˋ
邏輯運算,1,ㄌㄨㄛˊ ㄐㄧˊ ㄩㄣˋ ㄙㄨㄢˋ
邏輯重音,1,ㄌㄨㄛˊ ㄐㄧˊ ㄓㄨㄥˋ ㄧㄣ
邑犬群吠,1,ㄧˋ ㄑㄩㄢˇ ㄑㄩㄣˊ ㄈㄟˋ
那不勒斯,1,ㄋㄚˋ ㄅㄨˋ ㄌㄜˋ ㄙ
邦家之光,1,ㄅㄤ ㄐㄧㄚ ㄓ ㄍㄨㄤ
邪不勝正,1,ㄒㄧㄝˊ ㄅㄨˋ ㄕㄥˋ ㄓㄥˋ
邪不干正,1,ㄒㄧㄝˊ ㄅㄨˋ ㄍㄢ ㄓㄥˋ
邪說異端,1,ㄒㄧㄝˊ ㄕㄨㄛ ㄧˋ ㄉㄨㄢ
邯鄲一夢,1,ㄏㄢˊ ㄉㄢ ㄧ ㄇㄥˋ
邯鄲之夢,1,ㄏㄢˊ ㄉㄢ ㄓ ㄇㄥˋ
郁郁青青,1,ㄩˋ ㄩˋ ㄐㄧㄥ ㄐㄧㄥ
郊壇下窯,1,ㄐㄧㄠ ㄊㄢˊ ㄒㄧㄚˋ ㄧㄠˊ
郊寒島瘦,1,ㄐㄧㄠ ㄏㄢˊ ㄉㄠˇ ㄕㄡˋ
郊廟歌辭,1,ㄐㄧㄠ ㄇㄧㄠˋ ㄍㄜ ㄘˊ
郎心如鐵,1,ㄌㄤˊ ㄒㄧㄣ ㄖㄨˊ ㄊㄧㄝˇ
郎才女姿,1,ㄌㄤˊ ㄘㄞˊ ㄋㄩˇ ㄗ
郎潛白髮,1,ㄌㄤˊ ㄑㄧㄢˊ ㄅㄛˊ ㄈㄚˇ
郝隆晒書,1,ㄏㄠˇ ㄌㄨㄥˊ ㄕㄞˋ ㄕㄨ
郢匠揮斤,1,ㄧㄥˇ ㄐㄧㄤˋ ㄏㄨㄟ ㄐㄧㄣ
部執異論,1,ㄅㄨˋ ㄓˊ ㄧˋ ㄌㄨㄣˋ
部派佛教,1,ㄅㄨˋ ㄆㄞˋ ㄈㄛˊ ㄐㄧㄠˋ
部落同盟,1,ㄅㄨˋ ㄌㄨㄛˋ ㄊㄨㄥˊ ㄇㄥˊ
郭公夏五,1,ㄍㄨㄛ ㄍㄨㄥ ㄒㄧㄚˋ ㄨˇ
郭公真人,1,ㄍㄨㄛ ㄍㄨㄥ ㄓㄣ ㄖㄣˊ
郭璞之說,1,ㄍㄨㄛ ㄆㄨˊ ㄓ ㄕㄨㄛ
郭華情罪,1,ㄍㄨㄛ ㄏㄨㄚˊ ㄑㄧㄥˊ ㄗㄨㄟˋ
郵寄炸彈,1,ㄧㄡˊ ㄐㄧˋ ㄓㄚˋ ㄉㄢˋ
郵政匯票,1,ㄧㄡˊ ㄓㄥˋ ㄏㄨㄟˋ ㄆㄧㄠˋ
郵購商店,1,ㄧㄡˊ ㄍㄡˋ ㄕㄤ ㄉㄧㄢˋ
都俞吁咈,1,ㄉㄨ ㄩˊ ㄒㄩ ㄈㄨˊ
都市之肺,1,ㄉㄨ ㄕˋ ㄓ ㄈㄟˋ
都市家具,1,ㄉㄨ ㄕˋ ㄐㄧㄚ ㄐㄩˋ
都會文學,1,ㄉㄨ ㄏㄨㄟˋ ㄨㄣˊ ㄒㄩㄝˊ
都都摸摸,1,ㄉㄨ ㄉㄨ˙ ㄇㄛ ㄇㄛ
都都磨磨,1,ㄉㄨ ㄉㄨ˙ ㄇㄛˊ ㄇㄛˊ
都鄙有章,1,ㄉㄨ ㄅㄧˇ ㄧㄡˇ ㄓㄤ
郾城之戰,1,ㄧㄢˇ ㄔㄥˊ ㄓ ㄓㄢˋ
鄂倫春族,1,ㄜˋ ㄌㄨㄣˊ ㄔㄨㄣ ㄗㄨˊ
鄂君啟節,1,ㄜˋ ㄐㄩㄣ ㄑㄧˇ ㄐㄧㄝˊ
鄂君繡被,1,ㄜˋ ㄐㄩㄣ ㄒㄧㄡˋ ㄅㄟˋ
鄂圖第一,1,ㄜˋ ㄊㄨˊ ㄉㄧˋ ㄧ
鄂溫克族,1,ㄜˋ ㄨㄣ ㄎㄜˋ ㄗㄨˊ
鄉壁虛造,1,ㄒㄧㄤˋ ㄅㄧˋ ㄒㄩ ㄗㄠˋ
鄉曲之譽,1,ㄒㄧㄤ ㄑㄩ ㄓ ㄩˋ
鄉村社區,1,ㄒㄧㄤ ㄘㄨㄣ ㄕㄜˋ ㄑㄩ
鄉村音樂,1,ㄒㄧㄤ ㄘㄨㄣ ㄧㄣ ㄩㄝˋ
鄉里小人,1,ㄒㄧㄤ ㄌㄧˇ ㄒㄧㄠˇ ㄖㄣˊ
鄉野傳奇,1,ㄒㄧㄤ ㄧㄝˇ ㄔㄨㄢˊ ㄑㄧˊ
鄉間小路,1,ㄒㄧㄤ ㄐㄧㄢ ㄒㄧㄠˇ ㄌㄨˋ
鄉風慕義,1,ㄒㄧㄤˋ ㄈㄥ ㄇㄨˋ ㄧˋ
鄉飲酒禮,1,ㄒㄧㄤ ㄧㄣˇ ㄐㄧㄡˇ ㄌㄧˇ
鄉黨尚齒,1,ㄒㄧㄤ ㄉㄤˇ ㄕㄤˋ ㄔˇ
鄒纓齊紫,1,ㄗㄡ ㄧㄥ ㄑㄧˊ ㄗˇ
鄒魯遺風,1,ㄗㄡ ㄌㄨˇ ㄧˊ ㄈㄥ
鄙俗不堪,1,ㄅㄧˇ ㄙㄨˊ ㄅㄨˋ ㄎㄢ
鄙夫之見,1,ㄅㄧˇ ㄈㄨ ㄓ ㄐㄧㄢˋ
鄙言俚語,1,ㄅㄧˇ ㄧㄢˊ ㄌㄧˇ ㄩˇ
鄙言累句,1,ㄅㄧˇ ㄧㄢˊ ㄌㄟˇ ㄐㄩˋ
鄧虜淪敦,1,ㄉㄥˋ ㄌㄨˇ ㄌㄨㄣˊ ㄉㄨㄣ
鄧通之財,1,ㄉㄥˋ ㄊㄨㄥ ㄓ ㄘㄞˊ
鄧鄧呆呆,1,ㄉㄥˋ ㄉㄥˋ ㄉㄞ ㄉㄞ
鄭人爭年,1,ㄓㄥˋ ㄖㄣˊ ㄓㄥ ㄋㄧㄢˊ
鄭人買履,1,ㄓㄥˋ ㄖㄣˊ ㄇㄞˇ ㄌㄩˇ
鄭崇履聲,1,ㄓㄥˋ ㄔㄨㄥˊ ㄌㄩˇ ㄕㄥ
鄭昭宋聾,1,ㄓㄥˋ ㄓㄠ ㄙㄨㄥˋ ㄌㄨㄥˊ
鄭氏群虎,1,ㄓㄥˋ ㄕˋ ㄑㄩㄣˊ ㄏㄨˇ
鄭衛之女,1,ㄓㄥˋ ㄨㄟˋ ㄓ ㄋㄩˇ
鄭衛之曲,1,ㄓㄥˋ ㄨㄟˋ ㄓ ㄑㄩˇ
鄭衛之聲,1,ㄓㄥˋ ㄨㄟˋ ㄓ ㄕㄥ
鄭衛之音,1,ㄓㄥˋ ㄨㄟˋ ㄓ ㄧㄣ
鄭衛桑間,1,ㄓㄥˋ ㄨㄟˋ ㄙㄤ ㄐㄧㄢ
鄭驛留賓,1,ㄓㄥˋ ㄧˋ ㄌㄧㄡˊ ㄅㄧㄣ
鄰女窺牆,1,ㄌㄧㄣˊ ㄋㄩˇ ㄎㄨㄟ ㄑㄧㄤˊ
鄰里鄉黨,1,ㄌㄧㄣˊ ㄌㄧˇ ㄒㄧㄤ ㄉㄤˇ
鄴下文學,1,ㄧㄝˋ ㄒㄧㄚˋ ㄨㄣˊ ㄒㄩㄝˊ
酈寄賣友,1,ㄌㄧˋ ㄐㄧˋ ㄇㄞˋ ㄧㄡˇ
酉陽雜俎,1,ㄧㄡˇ ㄧㄤˊ ㄗㄚˊ ㄗㄨˇ
酋長制度,1,ㄑㄧㄡˊ ㄓㄤˇ ㄓˋ ㄉㄨˋ
酌古御今,1,ㄓㄨㄛˊ ㄍㄨˇ ㄩˋ ㄐㄧㄣ
配偶家族,1,ㄆㄟˋ ㄡˇ ㄐㄧㄚ ㄗㄨˊ
配分比例,1,ㄆㄟˋ ㄈㄣ ㄅㄧˇ ㄌㄧˋ
配合禁忌,1,ㄆㄟˋ ㄏㄜˊ ㄐㄧㄣˋ ㄐㄧˋ
配天之美,1,ㄆㄟˋ ㄊㄧㄢ ㄓ ㄇㄟˇ
配子世代,1,ㄆㄟˋ ㄗˇ ㄕˋ ㄉㄞˋ
配水幹管,1,ㄆㄟˋ ㄕㄨㄟˇ ㄍㄢˋ ㄍㄨㄢˇ
配水支管,1,ㄆㄟˋ ㄕㄨㄟˇ ㄓ ㄍㄨㄢˇ
配水系統,1,ㄆㄟˋ ㄕㄨㄟˇ ㄒㄧˋ ㄊㄨㄥˇ
配給制度,1,ㄆㄟˋ ㄐㄧˇ ㄓˋ ㄉㄨˋ
配置廣播,1,ㄆㄟˋ ㄓˋ ㄍㄨㄤˇ ㄅㄛˋ
配電裝置,1,ㄆㄟˋ ㄉㄧㄢˋ ㄓㄨㄤ ㄓˋ
酒介齊眉,1,ㄐㄧㄡˇ ㄐㄧㄝˋ ㄑㄧˊ ㄇㄟˊ
酒入舌出,1,ㄐㄧㄡˇ ㄖㄨˋ ㄕㄜˊ ㄔㄨ
酒八仙人,1,ㄐㄧㄡˇ ㄅㄚ ㄒㄧㄢ ㄖㄣˊ
酒喻聖賢,1,ㄐㄧㄡˇ ㄩˋ ㄕㄥˋ ㄒㄧㄢˊ
酒地花天,1,ㄐㄧㄡˇ ㄉㄧˋ ㄏㄨㄚ ㄊㄧㄢ
酒有別腸,1,ㄐㄧㄡˇ ㄧㄡˇ ㄅㄧㄝˊ ㄔㄤˊ
酒澆壘塊,1,ㄐㄧㄡˇ ㄐㄧㄠ ㄌㄟˇ ㄎㄨㄞˋ
酒瓮飯囊,1,ㄐㄧㄡˇ ㄨㄥˋ ㄈㄢˋ ㄋㄤˊ
酒瓶椰子,1,ㄐㄧㄡˇ ㄆㄧㄥˊ ㄧㄝˊ ㄗ˙
酒病花愁,1,ㄐㄧㄡˇ ㄅㄧㄥˋ ㄏㄨㄚ ㄔㄡˊ
酒綠燈紅,1,ㄐㄧㄡˇ ㄌㄩˋ ㄉㄥ ㄏㄨㄥˊ
酒肉兄弟,1,ㄐㄧㄡˇ ㄖㄡˋ ㄒㄩㄥ ㄉㄧˋ
酒肉朋友,1,ㄐㄧㄡˇ ㄖㄡˋ ㄆㄥˊ ㄧㄡˇ
酒醉飯飽,1,ㄐㄧㄡˇ ㄗㄨㄟˋ ㄈㄢˋ ㄅㄠˇ
酒醴麴櫱,1,ㄐㄧㄡˇ ㄌㄧˇ ㄑㄩˊ ㄋㄧㄝˋ
酒醴麴糱,1,ㄐㄧㄡˇ ㄌㄧˇ ㄑㄩˊ ㄋㄧㄝˋ
酒食地獄,1,ㄐㄧㄡˇ ㄕˊ ㄉㄧˋ ㄩˋ
酒食徵逐,1,ㄐㄧㄡˇ ㄕˊ ㄓㄥ ㄓㄨˊ
酣嬉淋漓,1,ㄏㄢ ㄒㄧ ㄌㄧㄣˊ ㄌㄧˊ
酣暢淋漓,1,ㄏㄢ ㄔㄤˋ ㄌㄧㄣˊ ㄌㄧˊ
酣歌恆舞,1,ㄏㄢ ㄍㄜ ㄏㄥˊ ㄨˇ
酩酊大醉,1,ㄇㄧㄥˇ ㄉㄧㄥˇ ㄉㄚˋ ㄗㄨㄟˋ
酸不溜丟,1,ㄙㄨㄢ ㄅㄨ˙ ㄌㄧㄡ ㄉㄧㄡ
酸巴溜丟,1,ㄙㄨㄢ ㄅㄚ˙ ㄌㄧㄡ ㄉㄧㄡ
酸文假醋,1,ㄙㄨㄢ ㄨㄣˊ ㄐㄧㄚˇ ㄘㄨˋ
醇酒婦人,1,ㄔㄨㄣˊ ㄐㄧㄡˇ ㄈㄨˋ ㄖㄣˊ
醉中逐月,1,ㄗㄨㄟˋ ㄓㄨㄥ ㄓㄨˊ ㄩㄝˋ
醉打山門,1,ㄗㄨㄟˋ ㄉㄚˇ ㄕㄢ ㄇㄣˊ
醉舞狂歌,1,ㄗㄨㄟˋ ㄨˇ ㄎㄨㄤˊ ㄍㄜ
醉貌咕咚,1,ㄗㄨㄟˋ ㄇㄠ˙ ㄍㄨ ㄉㄨㄥ
醉酒飽德,1,ㄗㄨㄟˋ ㄐㄧㄡˇ ㄅㄠˇ ㄉㄜˊ
醒世恆言,1,ㄒㄧㄥˇ ㄕˋ ㄏㄥˊ ㄧㄢˊ
醜女效顰,1,ㄔㄡˇ ㄋㄩˇ ㄒㄧㄠˋ ㄆㄧㄣˊ
醜聲遠播,1,ㄔㄡˇ ㄕㄥ ㄩㄢˇ ㄅㄛˋ
醜頭怪臉,1,ㄔㄡˇ ㄊㄡˊ ㄍㄨㄞˋ ㄌㄧㄢˇ
醜類惡物,1,ㄔㄡˇ ㄌㄟˋ ㄜˋ ㄨˋ
醫務人員,1,ㄧ ㄨˋ ㄖㄣˊ ㄩㄢˊ
醫務扶助,1,ㄧ ㄨˋ ㄈㄨˊ ㄓㄨˋ
醫卜星相,1,ㄧ ㄅㄨˇ ㄒㄧㄥ ㄒㄧㄤˋ
醫宗金鑑,1,ㄧ ㄗㄨㄥ ㄐㄧㄣ ㄐㄧㄢˋ
醫時救弊,1,ㄧ ㄕˊ ㄐㄧㄡˋ ㄅㄧˋ
醫林改錯,1,ㄧ ㄌㄧㄣˊ ㄍㄞˇ ㄘㄨㄛˋ
醫療給付,1,ㄧ ㄌㄧㄠˊ ㄐㄧˇ ㄈㄨˋ
醫藥分業,1,ㄧ ㄧㄠˋ ㄈㄣ ㄧㄝˋ
醫護人員,1,ㄧ ㄏㄨˋ ㄖㄣˊ ㄩㄢˊ
醫門法律,1,ㄧ ㄇㄣˊ ㄈㄚˇ ㄌㄩˋ
醯雞甕裡,1,ㄒㄧ ㄐㄧ ㄨㄥˋ ㄌㄧˇ
醴酒不設,1,ㄌㄧˇ ㄐㄧㄡˇ ㄅㄨˋ ㄕㄜˋ
釁發蕭牆,1,ㄒㄧㄣˋ ㄈㄚ ㄒㄧㄠ ㄑㄧㄤˊ
釁起蕭牆,1,ㄒㄧㄣˋ ㄑㄧˇ ㄒㄧㄠ ㄑㄧㄤˊ
采光剖璞,1,ㄘㄞˇ ㄍㄨㄤ ㄆㄡˇ ㄆㄨˊ
采椽不斲,1,ㄘㄞˇ ㄔㄨㄢˊ ㄅㄨˋ ㄓㄨㄛˊ
采石之役,1,ㄘㄞˇ ㄕˊ ㄓ ㄧˋ
采薪之憂,1,ㄘㄞˇ ㄒㄧㄣ ㄓ ㄧㄡ
采薪之疾,1,ㄘㄞˇ ㄒㄧㄣ ㄓ ㄐㄧˊ
采蘭贈芍,1,ㄘㄞˇ ㄌㄢˊ ㄗㄥˋ ㄕㄨㄛˋ
釋提桓因,1,ㄕˋ ㄊㄧˊ ㄏㄨㄢˊ ㄧㄣ
里仁為美,1,ㄌㄧˇ ㄖㄣˊ ㄨㄟˊ ㄇㄟˇ
里談巷議,1,ㄌㄧˇ ㄊㄢˊ ㄒㄧㄤˋ ㄧˋ
重三疊四,1,ㄔㄨㄥˊ ㄙㄢ ㄉㄧㄝˊ ㄙˋ
重光累洽,1,ㄔㄨㄥˊ ㄍㄨㄤ ㄌㄟˇ ㄒㄧㄚˊ
重利盤剝,1,ㄓㄨㄥˋ ㄌㄧˋ ㄆㄢˊ ㄅㄛ
重力位能,1,ㄓㄨㄥˋ ㄌㄧˋ ㄨㄟˋ ㄋㄥˊ
重厚少文,1,ㄓㄨㄥˋ ㄏㄡˋ ㄕㄠˇ ㄨㄣˊ
重巖疊嶂,1,ㄔㄨㄥˊ ㄧㄢˊ ㄉㄧㄝˊ ㄓㄤˋ
重拾舊歡,1,ㄔㄨㄥˊ ㄕˊ ㄐㄧㄡˋ ㄏㄨㄢ
重振旗鼓,1,ㄔㄨㄥˊ ㄓㄣˋ ㄑㄧˊ ㄍㄨˇ
重振雄風,1,ㄔㄨㄥˊ ㄓㄣˋ ㄒㄩㄥˊ ㄈㄥ
重機關槍,1,ㄓㄨㄥˋ ㄐㄧ ㄍㄨㄢ ㄑㄧㄤ
重氣輕生,1,ㄓㄨㄥˋ ㄑㄧˋ ㄑㄧㄥ ㄕㄥ
重溫舊業,1,ㄔㄨㄥˊ ㄨㄣ ㄐㄧㄡˋ ㄧㄝˋ
重熙累洽,1,ㄔㄨㄥˊ ㄒㄧ ㄌㄟˇ ㄒㄧㄚˊ
重現江湖,1,ㄔㄨㄥˊ ㄒㄧㄢˋ ㄐㄧㄤ ㄏㄨˊ
重生父母,1,ㄔㄨㄥˊ ㄕㄥ ㄈㄨˋ ㄇㄨˇ
重生爺娘,1,ㄔㄨㄥˊ ㄕㄥ ㄧㄝˊ ㄋㄧㄤˊ
重睹天日,1,ㄔㄨㄥˊ ㄉㄨˇ ㄊㄧㄢ ㄖˋ
重置價格,1,ㄔㄨㄥˊ ㄓˋ ㄐㄧㄚˋ ㄍㄜˊ
重義輕生,1,ㄓㄨㄥˋ ㄧˋ ㄑㄧㄥ ㄕㄥ
重義輕財,1,ㄓㄨㄥˋ ㄧˋ ㄑㄧㄥ ㄘㄞˊ
重色輕友,1,ㄓㄨㄥˋ ㄙㄜˋ ㄑㄧㄥ ㄧㄡˇ
重裀列鼎,1,ㄔㄨㄥˊ ㄧㄣ ㄌㄧㄝˋ ㄉㄧㄥˇ
重裀疊褥,1,ㄔㄨㄥˊ ㄧㄣ ㄉㄧㄝˊ ㄖㄨˋ
重複課稅,1,ㄔㄨㄥˊ ㄈㄨˋ ㄎㄜˋ ㄕㄨㄟˋ
重要分子,1,ㄓㄨㄥˋ ㄧㄠˋ ㄈㄣˋ ㄗˇ
重見複出,1,ㄔㄨㄥˊ ㄐㄧㄢˋ ㄈㄨˋ ㄔㄨ
重規疊矩,1,ㄔㄨㄥˊ ㄍㄨㄟ ㄉㄧㄝˊ ㄐㄩˇ
重規累矩,1,ㄔㄨㄥˊ ㄍㄨㄟ ㄌㄟˇ ㄐㄩˇ
重規襲矩,1,ㄔㄨㄥˊ ㄍㄨㄟ ㄒㄧˊ ㄐㄩˇ
重質原油,1,ㄓㄨㄥˋ ㄓˊ ㄩㄢˊ ㄧㄡˊ
重赴鹿鳴,1,ㄔㄨㄥˊ ㄈㄨˋ ㄌㄨˋ ㄇㄧㄥˊ
重足側目,1,ㄔㄨㄥˊ ㄗㄨˊ ㄘㄜˋ ㄇㄨˋ
重足而立,1,ㄔㄨㄥˊ ㄗㄨˊ ㄦˊ ㄌㄧˋ
重重落落,1,ㄔㄨㄥˊ ㄔㄨㄥˊ ㄌㄨㄛˋ ㄌㄨㄛˋ
重門擊柝,1,ㄔㄨㄥˊ ㄇㄣˊ ㄐㄧˊ ㄊㄨㄛˋ
重門深鎖,1,ㄔㄨㄥˊ ㄇㄣˊ ㄕㄣ ㄙㄨㄛˇ
重點採訪,1,ㄓㄨㄥˋ ㄉㄧㄢˇ ㄘㄞˇ ㄈㄤˇ
野人獻芹,1,ㄧㄝˇ ㄖㄣˊ ㄒㄧㄢˋ ㄑㄧㄣˊ
野戰射擊,1,ㄧㄝˇ ㄓㄢˋ ㄕㄜˋ ㄐㄧˊ
野戰裝備,1,ㄧㄝˇ ㄓㄢˋ ㄓㄨㄤ ㄅㄟˋ
野手選擇,1,ㄧㄝˇ ㄕㄡˇ ㄒㄩㄢˇ ㄗㄜˊ
野有死麕,1,ㄧㄝˇ ㄧㄡˇ ㄙˇ ㄐㄩㄣ
野有蔓草,1,ㄧㄝˇ ㄧㄡˇ ㄇㄢˋ ㄘㄠˇ
野毛扁豆,1,ㄧㄝˇ ㄇㄠˊ ㄅㄧㄢˇ ㄉㄡˋ
野無遺才,1,ㄧㄝˇ ㄨˊ ㄧˊ ㄘㄞˊ
野無遺賢,1,ㄧㄝˇ ㄨˊ ㄧˊ ㄒㄧㄢˊ
野祭巷哭,1,ㄧㄝˇ ㄐㄧˋ ㄒㄧㄤˋ ㄎㄨ
野草叢生,1,ㄧㄝˇ ㄘㄠˇ ㄘㄨㄥˊ ㄕㄥ
野草閒花,1,ㄧㄝˇ ㄘㄠˇ ㄒㄧㄢˊ ㄏㄨㄚ
野調無腔,1,ㄧㄝˇ ㄉㄧㄠˋ ㄨˊ ㄑㄧㄤ
野雞巴士,1,ㄧㄝˇ ㄐㄧ ㄅㄚ ㄕˋ
野鶴閒雲,1,ㄧㄝˇ ㄏㄜˋ ㄒㄧㄢˊ ㄩㄣˊ
量出制入,1,ㄌㄧㄤˋ ㄔㄨ ㄓˋ ㄖㄨˋ
量如江海,1,ㄌㄧㄤˋ ㄖㄨˊ ㄐㄧㄤ ㄏㄞˇ
量小力微,1,ㄌㄧㄤˋ ㄒㄧㄠˇ ㄌㄧˋ ㄨㄟˊ
量小易盈,1,ㄌㄧㄤˋ ㄒㄧㄠˇ ㄧˋ ㄧㄥˊ
量小氣窄,1,ㄌㄧㄤˋ ㄒㄧㄠˇ ㄑㄧˋ ㄓㄞˇ
量時度力,1,ㄌㄧㄤˋ ㄕˊ ㄉㄨㄛˋ ㄌㄧˋ
量材錄用,1,ㄌㄧㄤˋ ㄘㄞˊ ㄌㄨˋ ㄩㄥˋ
量能課稅,1,ㄌㄧㄤˊ ㄋㄥˊ ㄎㄜˋ ㄕㄨㄟˋ
量腹取足,1,ㄌㄧㄤˋ ㄈㄨˋ ㄑㄩˇ ㄗㄨˊ
金光四射,1,ㄐㄧㄣ ㄍㄨㄤ ㄙˋ ㄕㄜˋ
金光明經,1,ㄐㄧㄣ ㄍㄨㄤ ㄇㄧㄥˊ ㄐㄧㄥ
金光閃耀,1,ㄐㄧㄣ ㄍㄨㄤ ㄕㄢˇ ㄧㄠˋ
金剛努目,1,ㄐㄧㄣ ㄍㄤ ㄋㄨˇ ㄇㄨˋ
金剛猩猩,1,ㄐㄧㄣ ㄍㄤ ㄒㄧㄥ ㄒㄧㄥ˙
金剛鑽婚,1,ㄐㄧㄣ ㄍㄤ ㄗㄨㄢˋ ㄏㄨㄣ
金印如斗,1,ㄐㄧㄣ ㄧㄣˋ ㄖㄨˊ ㄉㄡˇ
金友玉昆,1,ㄐㄧㄣ ㄧㄡˇ ㄩˋ ㄎㄨㄣ
金吾不禁,1,ㄐㄧㄣ ㄨˊ ㄅㄨˋ ㄐㄧㄣˋ
金圓外交,1,ㄐㄧㄣ ㄩㄢˊ ㄨㄞˋ ㄐㄧㄠ
金奴銀婢,1,ㄐㄧㄣ ㄋㄨˊ ㄧㄣˊ ㄅㄧˋ
金屬中毒,1,ㄐㄧㄣ ㄕㄨˇ ㄓㄨㄥˋ ㄉㄨˊ
金戈鐵馬,1,ㄐㄧㄣ ㄍㄜ ㄊㄧㄝˇ ㄇㄚˇ
金榜掛名,1,ㄐㄧㄣ ㄅㄤˇ ㄍㄨㄚˋ ㄇㄧㄥˊ
金玉之言,1,ㄐㄧㄣ ㄩˋ ㄓ ㄧㄢˊ
金玉之論,1,ㄐㄧㄣ ㄩˋ ㄓ ㄌㄨㄣˋ
金玉君子,1,ㄐㄧㄣ ㄩˋ ㄐㄩㄣ ㄗˇ
金盆洗手,1,ㄐㄧㄣ ㄆㄣˊ ㄒㄧˇ ㄕㄡˇ
金粉樓臺,1,ㄐㄧㄣ ㄈㄣˇ ㄌㄡˊ ㄊㄞˊ
金縷玉衣,1,ㄐㄧㄣ ㄌㄩˇ ㄩˋ ㄧ
金色年華,1,ㄐㄧㄣ ㄙㄜˋ ㄋㄧㄢˊ ㄏㄨㄚˊ
金蘭之交,1,ㄐㄧㄣ ㄌㄢˊ ㄓ ㄐㄧㄠ
金融公司,1,ㄐㄧㄣ ㄖㄨㄥˊ ㄍㄨㄥ ㄙ
金融商品,1,ㄐㄧㄣ ㄖㄨㄥˊ ㄕㄤ ㄆㄧㄣˇ
金融市場,1,ㄐㄧㄣ ㄖㄨㄥˊ ㄕˋ ㄔㄤˊ
金融機關,1,ㄐㄧㄣ ㄖㄨㄥˊ ㄐㄧ ㄍㄨㄢ
金谷酒數,1,ㄐㄧㄣ ㄍㄨˇ ㄐㄧㄡˇ ㄕㄨˋ
金鏤梅科,1,ㄐㄧㄣ ㄌㄡˋ ㄇㄟˊ ㄎㄜ
金鏤玉衣,1,ㄐㄧㄣ ㄌㄩˇ ㄩˋ ㄧ
金鑲玉嵌,1,ㄐㄧㄣ ㄒㄧㄤ ㄩˋ ㄑㄧㄢ
金門大捷,1,ㄐㄧㄣ ㄇㄣˊ ㄉㄚˋ ㄐㄧㄝˊ
金門炮戰,1,ㄐㄧㄣ ㄇㄣˊ ㄆㄠˋ ㄓㄢˋ
金門繡戶,1,ㄐㄧㄣ ㄇㄣˊ ㄒㄧㄡˋ ㄏㄨˋ
金陵八家,1,ㄐㄧㄣ ㄌㄧㄥˊ ㄅㄚ ㄐㄧㄚ
金頭銀面,1,ㄐㄧㄣ ㄊㄡˊ ㄧㄣˊ ㄇㄧㄢˋ
金風玉露,1,ㄐㄧㄣ ㄈㄥ ㄩˋ ㄌㄨˋ
金馬玉堂,1,ㄐㄧㄣ ㄇㄚˇ ㄩˋ ㄊㄤˊ
金馬碧雞,1,ㄐㄧㄣ ㄇㄚˇ ㄅㄧˋ ㄐㄧ
金鼓喧天,1,ㄐㄧㄣ ㄍㄨˇ ㄒㄩㄢ ㄊㄧㄢ
金鼓連天,1,ㄐㄧㄣ ㄍㄨˇ ㄌㄧㄢˊ ㄊㄧㄢ
金鼓齊鳴,1,ㄐㄧㄣ ㄍㄨˇ ㄑㄧˊ ㄇㄧㄥˊ
釘嘴鐵舌,1,ㄉㄧㄥ ㄗㄨㄟˇ ㄊㄧㄝˇ ㄕㄜˊ
釘封文書,1,ㄉㄧㄥˋ ㄈㄥ ㄨㄣˊ ㄕㄨ
釘鈴鐺鋃,1,ㄉㄧㄥ ㄌㄧㄥˊ ㄉㄤ ㄌㄤˊ
釘頭文字,1,ㄉㄧㄥ ㄊㄡˊ ㄨㄣˊ ㄗˋ
釜中之魚,1,ㄈㄨˇ ㄓㄨㄥ ㄓ ㄩˊ
釜中生魚,1,ㄈㄨˇ ㄓㄨㄥ ㄕㄥ ㄩˊ
釜底枯魚,1,ㄈㄨˇ ㄉㄧˇ ㄎㄨ ㄩˊ
釜底游魚,1,ㄈㄨˇ ㄉㄧˇ ㄧㄡˊ ㄩˊ
釜底遊魂,1,ㄈㄨˇ ㄉㄧˇ ㄧㄡˊ ㄏㄨㄣˊ
釜裡之魚,1,ㄈㄨˇ ㄌㄧˇ ㄓ ㄩˊ
釜魚幕燕,1,ㄈㄨˇ ㄩˊ ㄇㄨˋ ㄧㄢˋ
針孔現象,1,ㄓㄣ ㄎㄨㄥˇ ㄒㄧㄢˋ ㄒㄧㄤˋ
針挑刀挖,1,ㄓㄣ ㄊㄧㄠ ㄉㄠ ㄨㄚ
針灸銅人,1,ㄓㄣ ㄐㄧㄡˇ ㄊㄨㄥˊ ㄖㄣˊ
針灸麻醉,1,ㄓㄣ ㄐㄧㄡˇ ㄇㄚˊ ㄗㄨㄟˋ
針芥相投,1,ㄓㄣ ㄐㄧㄝˋ ㄒㄧㄤ ㄊㄡˊ
針針見血,1,ㄓㄣ ㄓㄣ ㄐㄧㄢˋ ㄒㄧㄝˇ
針鋒相投,1,ㄓㄣ ㄈㄥ ㄒㄧㄤ ㄊㄡˊ
針頭線腦,1,ㄓㄣ ㄊㄡˊ ㄒㄧㄢˋ ㄋㄠˇ
針餌莫減,1,ㄓㄣ ㄦˇ ㄇㄛˋ ㄐㄧㄢˇ
針黹紡績,1,ㄓㄣ ㄓˇ ㄈㄤˇ ㄐㄧ
釣名欺世,1,ㄉㄧㄠˋ ㄇㄧㄥˊ ㄑㄧ ㄕˋ
釣譽沽名,1,ㄉㄧㄠˋ ㄩˋ ㄍㄨ ㄇㄧㄥˊ
釣遊舊地,1,ㄉㄧㄠˋ ㄧㄡˊ ㄐㄧㄡˋ ㄉㄧˋ
釵腳漏痕,1,ㄔㄞ ㄐㄩㄝˊ ㄌㄡˋ ㄏㄣˊ
鈍刀慢剮,1,ㄉㄨㄣˋ ㄉㄠ ㄇㄢˋ ㄍㄨㄚˇ
鈞天廣樂,1,ㄐㄩㄣ ㄊㄧㄢ ㄍㄨㄤˇ ㄩㄝˋ
鈞旋轂轉,1,ㄐㄩㄣ ㄒㄩㄢˊ ㄍㄨˇ ㄓㄨㄢˇ
鈣化作用,1,ㄍㄞˋ ㄏㄨㄚˋ ㄗㄨㄛˋ ㄩㄥˋ
鈴鐺壽星,1,ㄌㄧㄥˊ ㄉㄤ˙ ㄕㄡˋ ㄒㄧㄥ˙
鈿頭雲篦,1,ㄉㄧㄢˋ ㄊㄡˊ ㄩㄣˊ ㄅㄧˋ
鉅卿偉公,1,ㄐㄩˋ ㄑㄧㄥ ㄨㄟˇ ㄍㄨㄥ
鉅細靡遺,1,ㄐㄩˋ ㄒㄧˋ ㄇㄧˇ ㄧˊ
鉅鹿之戰,1,ㄐㄩˋ ㄌㄨˋ ㄓ ㄓㄢˋ
鉏麑觸槐,1,ㄔㄨˊ ㄋㄧˊ ㄔㄨˋ ㄏㄨㄞˊ
鉗口吞舌,1,ㄑㄧㄢˊ ㄎㄡˇ ㄊㄨㄣ ㄕㄜˊ
鉗口撟舌,1,ㄑㄧㄢˊ ㄎㄡˇ ㄐㄧㄠˋ ㄕㄜˊ
鉗馬銜枚,1,ㄑㄧㄢˊ ㄇㄚˇ ㄒㄧㄢˊ ㄇㄟˊ
鉛字合金,1,ㄑㄧㄢ ㄗˋ ㄏㄜˊ ㄐㄧㄣ
鉤元提要,1,ㄍㄡ ㄩㄢˊ ㄊㄧˊ ㄧㄠˋ
鉤爪鋸牙,1,ㄍㄡ ㄓㄠˇ ㄐㄩˋ ㄧㄚˊ
鉤章棘句,1,ㄍㄡ ㄓㄤ ㄐㄧˊ ㄐㄩˋ
鉤索羅織,1,ㄍㄡ ㄙㄨㄛˇ ㄌㄨㄛˊ ㄓ
鉤輈格磔,1,ㄍㄡ ㄓㄡ ㄍㄜˊ ㄓㄜˊ
鉤隱抉微,1,ㄍㄡ ㄧㄣˇ ㄐㄩㄝˊ ㄨㄟˊ
銀杯羽化,1,ㄧㄣˊ ㄅㄟ ㄩˇ ㄏㄨㄚˋ
銀河倒瀉,1,ㄧㄣˊ ㄏㄜˊ ㄉㄠˋ ㄒㄧㄝˋ
銀河座標,1,ㄧㄣˊ ㄏㄜˊ ㄗㄨㄛˋ ㄅㄧㄠ
銀河清淺,1,ㄧㄣˊ ㄏㄜˊ ㄑㄧㄥ ㄑㄧㄢˇ
銀色世界,1,ㄧㄣˊ ㄙㄜˋ ㄕˋ ㄐㄧㄝˋ
銀行貸款,1,ㄧㄣˊ ㄏㄤˊ ㄉㄞˋ ㄎㄨㄢˇ
銀質沉著,1,ㄧㄣˊ ㄓˊ ㄔㄣˊ ㄓㄨㄛˊ
銀鉤蠆尾,1,ㄧㄣˊ ㄍㄡ ㄔㄞˋ ㄨㄟˇ
銀鉤鐵畫,1,ㄧㄣˊ ㄍㄡ ㄊㄧㄝˇ ㄏㄨㄚˋ
銀髮產業,1,ㄧㄣˊ ㄈㄚˇ ㄔㄢˇ ㄧㄝˋ
銅壺滴漏,1,ㄊㄨㄥˊ ㄏㄨˊ ㄉㄧ ㄌㄡˋ
銅斗家私,1,ㄊㄨㄥˊ ㄉㄡˇ ㄐㄧㄚ ㄙ
銅斗家計,1,ㄊㄨㄥˊ ㄉㄡˇ ㄐㄧㄚ ㄐㄧˋ
銅琵鐵板,1,ㄊㄨㄥˊ ㄆㄧˊ ㄊㄧㄝˇ ㄅㄢˇ
銅筋鐵肋,1,ㄊㄨㄥˊ ㄐㄧㄣ ㄊㄧㄝˇ ㄌㄜˋ
銅頭鐵額,1,ㄊㄨㄥˊ ㄊㄡˊ ㄊㄧㄝˇ ㄜˊ
銅駝荊棘,1,ㄊㄨㄥˊ ㄊㄨㄛˊ ㄐㄧㄥ ㄐㄧˊ
銜冤負屈,1,ㄒㄧㄢˊ ㄩㄢ ㄈㄨˋ ㄑㄩ
銜哀致誠,1,ㄒㄧㄢˊ ㄞ ㄓˋ ㄔㄥˊ
銜恨蒙枉,1,ㄒㄧㄢˊ ㄏㄣˋ ㄇㄥˊ ㄨㄤˇ
銜悲茹恨,1,ㄒㄧㄢˊ ㄅㄟ ㄖㄨˊ ㄏㄣˋ
銜橛之變,1,ㄒㄧㄢˊ ㄐㄩㄝˊ ㄓ ㄅㄧㄢˋ
銜石填海,1,ㄒㄧㄢˊ ㄕˊ ㄊㄧㄢˊ ㄏㄞˇ
銜缺相當,1,ㄒㄧㄢˊ ㄑㄩㄝ ㄒㄧㄤ ㄉㄤ
銜聲茹氣,1,ㄒㄧㄢˊ ㄕㄥ ㄖㄨˊ ㄑㄧˋ
銜華佩實,1,ㄒㄧㄢˊ ㄏㄨㄚ ㄆㄟˋ ㄕˊ
銳不可當,1,ㄖㄨㄟˋ ㄅㄨˋ ㄎㄜˇ ㄉㄤˇ
銳未可當,1,ㄖㄨㄟˋ ㄨㄟˋ ㄎㄜˇ ㄉㄤˇ
銷售一空,1,ㄒㄧㄠ ㄕㄡˋ ㄧ ㄎㄨㄥ
銷聲斂跡,1,ㄒㄧㄠ ㄕㄥ ㄌㄧㄢˋ ㄐㄧ
銷魂奪魄,1,ㄒㄧㄠ ㄏㄨㄣˊ ㄉㄨㄛˊ ㄆㄛˋ
鋁融接劑,1,ㄌㄩˇ ㄖㄨㄥˊ ㄐㄧㄝ ㄐㄧˋ
鋒發韻流,1,ㄈㄥ ㄈㄚ ㄩㄣˋ ㄌㄧㄡˊ
鋒芒所向,1,ㄈㄥ ㄇㄤˊ ㄙㄨㄛˇ ㄒㄧㄤˋ
鋒芒畢露,1,ㄈㄥ ㄇㄤˊ ㄅㄧˋ ㄌㄨˋ
鋒芒逼人,1,ㄈㄥ ㄇㄤˊ ㄅㄧ ㄖㄣˊ
鋒鏑餘生,1,ㄈㄥ ㄉㄧˊ ㄩˊ ㄕㄥ
鋪堂使費,1,ㄆㄨ ㄊㄤˊ ㄕˇ ㄈㄟˋ
鋪天蓋地,1,ㄆㄨ ㄊㄧㄢ ㄍㄞˋ ㄉㄧˋ
鋪張揚厲,1,ㄆㄨ ㄓㄤ ㄧㄤˊ ㄌㄧˋ
鋪排張揚,1,ㄆㄨ ㄆㄞˊ ㄓㄤ ㄧㄤˊ
鋪眉搧眼,1,ㄆㄨ ㄇㄟˊ ㄕㄢ ㄧㄢˇ
鋪眉苫眼,1,ㄆㄨ ㄇㄟˊ ㄕㄢ ㄧㄢˇ
鋪眉蒙眼,1,ㄆㄨ ㄇㄟˊ ㄇㄥˊ ㄧㄢˇ
鋪胸納地,1,ㄆㄨ ㄒㄩㄥ ㄋㄚˋ ㄉㄧˋ
鋪謀定計,1,ㄆㄨ ㄇㄡˊ ㄉㄧㄥˋ ㄐㄧˋ
鋪錦列繡,1,ㄆㄨ ㄐㄧㄣˇ ㄌㄧㄝˋ ㄒㄧㄡˋ
鋪霜湧雪,1,ㄆㄨ ㄕㄨㄤ ㄩㄥˇ ㄒㄩㄝˇ
鋸嘴葫蘆,1,ㄐㄩˋ ㄗㄨㄟˇ ㄏㄨˊ ㄌㄨˊ
鋼化玻璃,1,ㄍㄤ ㄏㄨㄚˋ ㄅㄛ ㄌㄧˊ
鋼琴酒吧,1,ㄍㄤ ㄑㄧㄣˊ ㄐㄧㄡˇ ㄅㄚ
鋼鐵工業,1,ㄍㄤ ㄊㄧㄝˇ ㄍㄨㄥ ㄧㄝˋ
鋼骨水泥,1,ㄍㄤ ㄍㄨˇ ㄕㄨㄟˇ ㄋㄧˊ
錄影節目,1,ㄌㄨˋ ㄧㄥˇ ㄐㄧㄝˊ ㄇㄨˋ
錄音電話,1,ㄌㄨˋ ㄧㄣ ㄉㄧㄢˋ ㄏㄨㄚˋ
錐刀之利,1,ㄓㄨㄟ ㄉㄠ ㄓ ㄌㄧˋ
錐刀之末,1,ㄓㄨㄟ ㄉㄠ ㄓ ㄇㄛˋ
錐刀之用,1,ㄓㄨㄟ ㄉㄠ ㄓ ㄩㄥˋ
錙銖較量,1,ㄗ ㄓㄨ ㄐㄧㄠˋ ㄌㄧㄤˋ
錚錚佼佼,1,ㄓㄥ ㄓㄥ ㄐㄧㄠˇ ㄐㄧㄠˇ
錚錚有名,1,ㄓㄥ ㄓㄥ ㄧㄡˇ ㄇㄧㄥˊ
錚錚鏦鏦,1,ㄓㄥ ㄓㄥ ㄘㄨㄥ ㄘㄨㄥ
錢不露白,1,ㄑㄧㄢˊ ㄅㄨˋ ㄌㄡˋ ㄅㄞˊ
錢可使鬼,1,ㄑㄧㄢˊ ㄎㄜˇ ㄕˇ ㄍㄨㄟˇ
錢王射潮,1,ㄑㄧㄢˊ ㄨㄤˊ ㄕㄜˋ ㄔㄠˊ
錢過北斗,1,ㄑㄧㄢˊ ㄍㄨㄛˋ ㄅㄟˇ ㄉㄡˇ
錦囊佳句,1,ㄐㄧㄣˇ ㄋㄤˊ ㄐㄧㄚ ㄐㄩˋ
錦囊佳製,1,ㄐㄧㄣˇ ㄋㄤˊ ㄐㄧㄚ ㄓˋ
錦心繡腹,1,ㄐㄧㄣˇ ㄒㄧㄣ ㄒㄧㄡˋ ㄈㄨˋ
錦營花陣,1,ㄐㄧㄣˇ ㄧㄥˊ ㄏㄨㄚ ㄓㄣˋ
錦片前程,1,ㄐㄧㄣˇ ㄆㄧㄢˋ ㄑㄧㄢˊ ㄔㄥˊ
錦瑟華年,1,ㄐㄧㄣˇ ㄙㄜˋ ㄏㄨㄚˊ ㄋㄧㄢˊ
錦繡山河,1,ㄐㄧㄣˇ ㄒㄧㄡˋ ㄕㄢ ㄏㄜˊ
錦繡心腸,1,ㄐㄧㄣˇ ㄒㄧㄡˋ ㄒㄧㄣ ㄔㄤˊ
錦繡江山,1,ㄐㄧㄣˇ ㄒㄧㄡˋ ㄐㄧㄤ ㄕㄢ
錦衣夜行,1,ㄐㄧㄣˇ ㄧ ㄧㄝˋ ㄒㄧㄥˊ
錦衣紈褲,1,ㄐㄧㄣˇ ㄧ ㄨㄢˊ ㄎㄨˋ
錦陣花營,1,ㄐㄧㄣˇ ㄓㄣˋ ㄏㄨㄚ ㄧㄥˊ
錦雉之衣,1,ㄐㄧㄣˇ ㄓˋ ㄓ ㄧ
錫安主義,1,ㄒㄧˊ ㄢ ㄓㄨˇ ㄧˋ
錯化合物,1,ㄘㄨㄛˋ ㄏㄨㄚˋ ㄏㄜˊ ㄨˋ
錯彩鏤金,1,ㄘㄨㄛˋ ㄘㄞˇ ㄌㄡˋ ㄐㄧㄣ
錯斬崔寧,1,ㄘㄨㄛˋ ㄓㄢˇ ㄘㄨㄟ ㄋㄧㄥˊ
錯節盤根,1,ㄘㄨㄛˋ ㄐㄧㄝˊ ㄆㄢˊ ㄍㄣ
錯綜複雜,1,ㄘㄨㄛˋ ㄗㄨㄥˋ ㄈㄨˋ ㄗㄚˊ
錯翻眼皮,1,ㄘㄨㄛˋ ㄈㄢ ㄧㄢˇ ㄆㄧˊ
錯落有致,1,ㄘㄨㄛˋ ㄌㄨㄛˋ ㄧㄡˇ ㄓˋ
錯認顏標,1,ㄘㄨㄛˋ ㄖㄣˋ ㄧㄢˊ ㄅㄧㄠ
錯身而過,1,ㄘㄨㄛˋ ㄕㄣ ㄦˊ ㄍㄨㄛˋ
鍊石補天,1,ㄌㄧㄢˋ ㄕˊ ㄅㄨˇ ㄊㄧㄢ
鍋叫門開,1,ㄍㄨㄛ ㄐㄧㄠˋ ㄇㄣˊ ㄎㄞ
鍋碗瓢盆,1,ㄍㄨㄛ ㄨㄢˇ ㄆㄧㄠˊ ㄆㄣˊ
鍥而不舍,1,ㄑㄧㄝˋ ㄦˊ ㄅㄨˋ ㄕㄜˇ
鍼灸銅人,1,ㄓㄣ ㄐㄧㄡˇ ㄊㄨㄥˊ ㄖㄣˊ
鍼芥相投,1,ㄓㄣ ㄐㄧㄝˋ ㄒㄧㄤ ㄊㄡˊ
鍾儀楚奏,1,ㄓㄨㄥ ㄧˊ ㄔㄨˇ ㄗㄡˋ
鍾馗嫁妹,1,ㄓㄨㄥ ㄎㄨㄟˊ ㄐㄧㄚˋ ㄇㄟˋ
鎢錳鐵礦,1,ㄨ ㄇㄥˇ ㄊㄧㄝˇ ㄎㄨㄤˋ
鎮國將軍,1,ㄓㄣˋ ㄍㄨㄛˊ ㄐㄧㄤ ㄐㄩㄣ
鎮家之寶,1,ㄓㄣˋ ㄐㄧㄚ ㄓ ㄅㄠˇ
鎮暴警察,1,ㄓㄣˋ ㄅㄠˋ ㄐㄧㄥˇ ㄔㄚˊ
鏈鎖反應,1,ㄌㄧㄢˋ ㄙㄨㄛˇ ㄈㄢˇ ㄧㄥˋ
鏖兵赤壁,1,ㄠˊ ㄅㄧㄥ ㄔˋ ㄅㄧˋ
鏗鏗鏘鏘,1,ㄎㄥ ㄎㄥ ㄑㄧㄤ ㄑㄧㄤ
鏡破釵分,1,ㄐㄧㄥˋ ㄆㄛˋ ㄔㄞ ㄈㄣ
鏡裡孤鸞,1,ㄐㄧㄥˋ ㄌㄧˇ ㄍㄨ ㄌㄨㄢˊ
鏡頭視角,1,ㄐㄧㄥˋ ㄊㄡˊ ㄕˋ ㄐㄧㄠˇ
鏤冰雕朽,1,ㄌㄡˋ ㄅㄧㄥ ㄉㄧㄠ ㄒㄧㄡˇ
鏤塵吹影,1,ㄌㄡˋ ㄔㄣˊ ㄔㄨㄟ ㄧㄥˇ
鏤彩摛文,1,ㄌㄡˋ ㄘㄞˇ ㄔ ㄨㄣˊ
鏤心刻骨,1,ㄌㄡˋ ㄒㄧㄣ ㄎㄜˋ ㄍㄨˇ
鏤月裁雲,1,ㄌㄡˋ ㄩㄝˋ ㄘㄞˊ ㄩㄣˊ
鏤金錯采,1,ㄌㄡˋ ㄐㄧㄣ ㄘㄨㄛˋ ㄘㄞˇ
鏤骨銘肌,1,ㄌㄡˋ ㄍㄨˇ ㄇㄧㄥˊ ㄐㄧ
鐘鳴鼎食,1,ㄓㄨㄥ ㄇㄧㄥˊ ㄉㄧㄥˇ ㄕˊ
鐘鼎之家,1,ㄓㄨㄥ ㄉㄧㄥˇ ㄓ ㄐㄧㄚ
鐘鼎款識,1,ㄓㄨㄥ ㄉㄧㄥˇ ㄎㄨㄢˇ ㄓˋ
鐘鼎高門,1,ㄓㄨㄥ ㄉㄧㄥˇ ㄍㄠ ㄇㄣˊ
鐫心銘骨,1,ㄐㄩㄢ ㄒㄧㄣ ㄇㄧㄥˊ ㄍㄨˇ
鐮倉幕府,1,ㄌㄧㄢˊ ㄘㄤ ㄇㄨˋ ㄈㄨˇ
鐳射唱片,1,ㄌㄟˊ ㄕㄜˋ ㄔㄤˋ ㄆㄧㄢˋ
鐵中錚錚,1,ㄊㄧㄝˇ ㄓㄨㄥ ㄓㄥ ㄓㄥ
鐵人三項,1,ㄊㄧㄝˇ ㄖㄣˊ ㄙㄢ ㄒㄧㄤˋ
鐵嘴直斷,1,ㄊㄧㄝˇ ㄗㄨㄟˇ ㄓˊ ㄉㄨㄢˋ
鐵壁銅牆,1,ㄊㄧㄝˇ ㄅㄧˋ ㄊㄨㄥˊ ㄑㄧㄤˊ
鐵心石腸,1,ㄊㄧㄝˇ ㄒㄧㄣ ㄕˊ ㄔㄤˊ
鐵心銅膽,1,ㄊㄧㄝˇ ㄒㄧㄣ ㄊㄨㄥˊ ㄉㄢˇ
鐵扇公主,1,ㄊㄧㄝˇ ㄕㄢˋ ㄍㄨㄥ ㄓㄨˇ
鐵打心腸,1,ㄊㄧㄝˇ ㄉㄚˇ ㄒㄧㄣ ㄔㄤˊ
鐵杵磨針,1,ㄊㄧㄝˇ ㄔㄨˇ ㄇㄛˊ ㄓㄣ
鐵板快書,1,ㄊㄧㄝˇ ㄅㄢˇ ㄎㄨㄞˋ ㄕㄨ
鐵板註腳,1,ㄊㄧㄝˇ ㄅㄢˇ ㄓㄨˋ ㄐㄧㄠˇ
鐵案如山,1,ㄊㄧㄝˇ ㄢˋ ㄖㄨˊ ㄕㄢ
鐵死冤家,1,ㄊㄧㄝˇ ㄙˇ ㄩㄢ ㄐㄧㄚ
鐵片大鼓,1,ㄊㄧㄝˇ ㄆㄧㄢˋ ㄉㄚˋ ㄍㄨˇ
鐵畫銀鉤,1,ㄊㄧㄝˇ ㄏㄨㄚˋ ㄧㄣˊ ㄍㄡ
鐵硯磨穿,1,ㄊㄧㄝˇ ㄧㄢˋ ㄇㄛˊ ㄔㄨㄢ
鐵筆直書,1,ㄊㄧㄝˇ ㄅㄧˇ ㄓˊ ㄕㄨ
鐵筆銀鉤,1,ㄊㄧㄝˇ ㄅㄧˇ ㄧㄣˊ ㄍㄡ
鐵索郎當,1,ㄊㄧㄝˇ ㄙㄨㄛˇ ㄌㄤˊ ㄉㄤ
鐵網珊瑚,1,ㄊㄧㄝˇ ㄨㄤˇ ㄕㄢ ㄏㄨˊ
鐵線木偶,1,ㄊㄧㄝˇ ㄒㄧㄢˋ ㄇㄨˋ ㄡˇ
鐵腸石心,1,ㄊㄧㄝˇ ㄔㄤˊ ㄕˊ ㄒㄧㄣ
鐵膽銅心,1,ㄊㄧㄝˇ ㄉㄢˇ ㄊㄨㄥˊ ㄒㄧㄣ
鐵血主義,1,ㄊㄧㄝˇ ㄒㄩㄝˋ ㄓㄨˇ ㄧˋ
鐵血宰相,1,ㄊㄧㄝˇ ㄒㄩㄝˋ ㄗㄞˇ ㄒㄧㄤˋ
鐵路警察,1,ㄊㄧㄝˇ ㄌㄨˋ ㄐㄧㄥˇ ㄔㄚˊ
鐵達尼號,1,ㄊㄧㄝˇ ㄉㄚˊ ㄋㄧˊ ㄏㄠˋ
鐵郭銅關,1,ㄊㄧㄝˇ ㄍㄨㄛ ㄊㄨㄥˊ ㄍㄨㄢ
鐵鎖橫江,1,ㄊㄧㄝˇ ㄙㄨㄛˇ ㄏㄥˊ ㄐㄧㄤ
鐵鎖沉江,1,ㄊㄧㄝˇ ㄙㄨㄛˇ ㄔㄣˊ ㄐㄧㄤ
鐵雲藏龜,1,ㄊㄧㄝˇ ㄩㄣˊ ㄘㄤˊ ㄍㄨㄟ
鐵面判官,1,ㄊㄧㄝˇ ㄇㄧㄢˋ ㄆㄢˋ ㄍㄨㄢ
鐵面御史,1,ㄊㄧㄝˇ ㄇㄧㄢˋ ㄩˋ ㄕˇ
鐵面無情,1,ㄊㄧㄝˇ ㄇㄧㄢˋ ㄨˊ ㄑㄧㄥˊ
鐵馬橫行,1,ㄊㄧㄝˇ ㄇㄚˇ ㄏㄥˊ ㄒㄧㄥˊ
鐵馬金戈,1,ㄊㄧㄝˇ ㄇㄚˇ ㄐㄧㄣ ㄍㄜ
鐵骨柔情,1,ㄊㄧㄝˇ ㄍㄨˇ ㄖㄡˊ ㄑㄧㄥˊ
鐺底焦飯,1,ㄔㄥ ㄉㄧˇ ㄐㄧㄠ ㄈㄢˋ
鑄鼎象物,1,ㄓㄨˋ ㄉㄧㄥˇ ㄒㄧㄤˋ ㄨˋ
鑑古推今,1,ㄐㄧㄢˋ ㄍㄨˇ ㄊㄨㄟ ㄐㄧㄣ
鑑湖女俠,1,ㄐㄧㄢˋ ㄏㄨˊ ㄋㄩˇ ㄒㄧㄚˊ
鑒核備查,1,ㄐㄧㄢˋ ㄏㄜˊ ㄅㄟˋ ㄔㄚˊ
鑒毛辨色,1,ㄐㄧㄢˋ ㄇㄠˊ ㄅㄧㄢˋ ㄙㄜˋ
鑒貌辨色,1,ㄐㄧㄢˋ ㄇㄠˋ ㄅㄧㄢˋ ㄙㄜˋ
鑲嵌工藝,1,ㄒㄧㄤ ㄑㄧㄢ ㄍㄨㄥ ㄧˋ
鑲金包銀,1,ㄒㄧㄤ ㄐㄧㄣ ㄅㄠ ㄧㄣˊ
鑼群文化,1,ㄌㄨㄛˊ ㄑㄩㄣˊ ㄨㄣˊ ㄏㄨㄚˋ
鑽冰取火,1,ㄗㄨㄢ ㄅㄧㄥ ㄑㄩˇ ㄏㄨㄛˇ
鑽冰求火,1,ㄗㄨㄢ ㄅㄧㄥ ㄑㄧㄡˊ ㄏㄨㄛˇ
鑽冰求酥,1,ㄗㄨㄢ ㄅㄧㄥ ㄑㄧㄡˊ ㄙㄨ
鑽堅仰高,1,ㄗㄨㄢ ㄐㄧㄢ ㄧㄤˇ ㄍㄠ
鑽天打洞,1,ㄗㄨㄢ ㄊㄧㄢ ㄉㄚˇ ㄉㄨㄥˋ
鑽懶幫閑,1,ㄗㄨㄢ ㄌㄢˇ ㄅㄤ ㄒㄧㄢˊ
鑽火得冰,1,ㄗㄨㄢ ㄏㄨㄛˇ ㄉㄜˊ ㄅㄧㄥ
鑽牛犄角,1,ㄗㄨㄢ ㄋㄧㄡˊ ㄐㄧ ㄐㄧㄠ˙
鑽皮出羽,1,ㄗㄨㄢ ㄆㄧˊ ㄔㄨ ㄩˇ
鑽穴踰垣,1,ㄗㄨㄢ ㄒㄩㄝˋ ㄩˊ ㄩㄢˊ
鑽穴踰牆,1,ㄗㄨㄢ ㄒㄩㄝˋ ㄩˊ ㄑㄧㄤˊ
鑽隙踰牆,1,ㄗㄨㄢ ㄒㄧˋ ㄩˊ ㄑㄧㄤˊ
鑽頭就鎖,1,ㄗㄨㄢ ㄊㄡˊ ㄐㄧㄡˋ ㄙㄨㄛˇ
鑽頭覓縫,1,ㄗㄨㄢ ㄊㄡˊ ㄇㄧˋ ㄈㄥˋ
鑿圓枘方,1,ㄗㄨㄛˋ ㄩㄢˊ ㄖㄨㄟˋ ㄈㄤ
鑿壁偷光,1,ㄗㄨㄛˋ ㄅㄧˋ ㄊㄡ ㄍㄨㄤ
鑿壁懸梁,1,ㄗㄨㄛˋ ㄅㄧˋ ㄒㄩㄢˊ ㄌㄧㄤˊ
鑿山破石,1,ㄗㄨㄛˋ ㄕㄢ ㄆㄛˋ ㄕˊ
鑿枘不入,1,ㄗㄨㄛˋ ㄖㄨㄟˋ ㄅㄨˋ ㄖㄨˋ
鑿空指鹿,1,ㄗㄨㄛˋ ㄎㄨㄥ ㄓˇ ㄌㄨˋ
鑿鑿有據,1,ㄗㄨㄛˋ ㄗㄨㄛˋ ㄧㄡˇ ㄐㄩˋ
鑿飲耕食,1,ㄗㄨㄛˋ ㄧㄣˇ ㄍㄥ ㄕˊ
長亭短亭,1,ㄔㄤˊ ㄊㄧㄥˊ ㄉㄨㄢˇ ㄊㄧㄥˊ
長君之惡,1,ㄓㄤˇ ㄐㄩㄣ ㄓ ㄜˋ
長嘴獠牙,1,ㄔㄤˊ ㄗㄨㄟˇ ㄌㄧㄠˊ ㄧㄚˊ
長大成人,1,ㄓㄤˇ ㄉㄚˋ ㄔㄥˊ ㄖㄣˊ
長天大日,1,ㄔㄤˊ ㄊㄧㄢ ㄉㄚˋ ㄖˋ
長孫無忌,1,ㄓㄤˇ ㄙㄨㄣ ㄨˊ ㄐㄧˋ
長安如弈,1,ㄔㄤˊ ㄢ ㄖㄨˊ ㄧˋ
長安道上,1,ㄔㄤˊ ㄢ ㄉㄠˋ ㄕㄤˋ
長平之戰,1,ㄔㄤˊ ㄆㄧㄥˊ ㄓ ㄓㄢˋ
長役夢魂,1,ㄔㄤˊ ㄧˋ ㄇㄥˋ ㄏㄨㄣˊ
長惡不悛,1,ㄔㄤˊ ㄜˋ ㄅㄨˋ ㄑㄩㄢ
長期飯票,1,ㄔㄤˊ ㄑㄧˊ ㄈㄢˋ ㄆㄧㄠˋ
長枕大被,1,ㄔㄤˊ ㄓㄣˇ ㄉㄚˋ ㄅㄟˋ
長林豐草,1,ㄔㄤˊ ㄌㄧㄣˊ ㄈㄥ ㄘㄠˇ
長樂未央,1,ㄔㄤˊ ㄌㄜˋ ㄨㄟˋ ㄧㄤ
長歌當哭,1,ㄔㄤˊ ㄍㄜ ㄉㄤˋ ㄎㄨ
長江天塹,1,ㄔㄤˊ ㄐㄧㄤ ㄊㄧㄢ ㄑㄧㄢˋ
長沙會戰,1,ㄔㄤˊ ㄕㄚ ㄏㄨㄟˋ ㄓㄢˋ
長濱文化,1,ㄔㄤˊ ㄅㄧㄣ ㄨㄣˊ ㄏㄨㄚˋ
長生不死,1,ㄔㄤˊ ㄕㄥ ㄅㄨˋ ㄙˇ
長生不滅,1,ㄔㄤˊ ㄕㄥ ㄅㄨˋ ㄇㄧㄝˋ
長生久視,1,ㄔㄤˊ ㄕㄥ ㄐㄧㄡˇ ㄕˋ
長生牌位,1,ㄔㄤˊ ㄕㄥ ㄆㄞˊ ㄨㄟˋ
長生祿位,1,ㄔㄤˊ ㄕㄥ ㄌㄨˋ ㄨㄟˋ
長相廝守,1,ㄔㄤˊ ㄒㄧㄤ ㄙ ㄕㄡˇ
長算遠略,1,ㄔㄤˊ ㄙㄨㄢˋ ㄩㄢˇ ㄌㄩㄝˋ
長篇累牘,1,ㄔㄤˊ ㄆㄧㄢ ㄌㄟˇ ㄉㄨˊ
長篇連載,1,ㄔㄤˊ ㄆㄧㄢ ㄌㄧㄢˊ ㄗㄞˋ
長篇闊論,1,ㄔㄤˊ ㄆㄧㄢ ㄎㄨㄛˋ ㄌㄨㄣˋ
長繩繫日,1,ㄔㄤˊ ㄕㄥˊ ㄒㄧˋ ㄖˋ
長繩繫景,1,ㄔㄤˊ ㄕㄥˊ ㄒㄧˋ ㄐㄧㄥˇ
長轡遠御,1,ㄔㄤˊ ㄆㄟˋ ㄩㄢˇ ㄩˋ
長轡遠馭,1,ㄔㄤˊ ㄆㄟˋ ㄩㄢˇ ㄩˋ
長青學苑,1,ㄔㄤˊ ㄑㄧㄥ ㄒㄩㄝˊ ㄩㄢˋ
長頸鳥喙,1,ㄔㄤˊ ㄐㄧㄥˇ ㄋㄧㄠˇ ㄏㄨㄟˋ
長風萬里,1,ㄔㄤˊ ㄈㄥ ㄨㄢˋ ㄌㄧˇ
長驅徑入,1,ㄔㄤˊ ㄑㄩ ㄐㄧㄥˋ ㄖㄨˋ
長驅而入,1,ㄔㄤˊ ㄑㄩ ㄦˊ ㄖㄨˋ
長齋繡佛,1,ㄔㄤˊ ㄓㄞ ㄒㄧㄡˋ ㄈㄛˊ
門不停賓,1,ㄇㄣˊ ㄅㄨˋ ㄊㄧㄥˊ ㄅㄧㄣ
門不夜扃,1,ㄇㄣˊ ㄅㄨˋ ㄧㄝˋ ㄐㄩㄥ
門不夜關,1,ㄇㄣˊ ㄅㄨˋ ㄧㄝˋ ㄍㄨㄢ
門到戶說,1,ㄇㄣˊ ㄉㄠˋ ㄏㄨˋ ㄕㄨㄛ
門可張羅,1,ㄇㄣˊ ㄎㄜˇ ㄓㄤ ㄌㄨㄛˊ
門庭赫奕,1,ㄇㄣˊ ㄊㄧㄥˊ ㄏㄜˋ ㄧˋ
門戶之爭,1,ㄇㄣˊ ㄏㄨˋ ㄓ ㄓㄥ
門戶人家,1,ㄇㄣˊ ㄏㄨˋ ㄖㄣˊ ㄐㄧㄚ
門戶大開,1,ㄇㄣˊ ㄏㄨˋ ㄉㄚˋ ㄎㄞ
門檻條款,1,ㄇㄣˊ ㄎㄢˇ ㄊㄧㄠˊ ㄎㄨㄢˇ
門殫戶盡,1,ㄇㄣˊ ㄉㄢ ㄏㄨˋ ㄐㄧㄣˋ
門無雜賓,1,ㄇㄣˊ ㄨˊ ㄗㄚˊ ㄅㄧㄣ
門牆桃李,1,ㄇㄣˊ ㄑㄧㄤˊ ㄊㄠˊ ㄌㄧˇ
門生故吏,1,ㄇㄣˊ ㄕㄥ ㄍㄨˋ ㄌㄧˋ
門神將軍,1,ㄇㄣˊ ㄕㄣˊ ㄐㄧㄤ ㄐㄩㄣ
門神戶尉,1,ㄇㄣˊ ㄕㄣˊ ㄏㄨˋ ㄨㄟˋ
門羅主義,1,ㄇㄣˊ ㄌㄨㄛˊ ㄓㄨˇ ㄧˋ
門衰祚薄,1,ㄇㄣˊ ㄕㄨㄞ ㄗㄨㄛˋ ㄅㄛˊ
門裡出身,1,ㄇㄣˊ ㄌㄧ˙ ㄔㄨ ㄕㄣ
門裡安心,1,ㄇㄣˊ ㄌㄧˇ ㄢ ㄒㄧㄣ
門闌藹瑞,1,ㄇㄣˊ ㄌㄢˊ ㄞˇ ㄖㄨㄟˋ
門館先生,1,ㄇㄣˊ ㄍㄨㄢˇ ㄒㄧㄢ ㄕㄥ˙
門高莫對,1,ㄇㄣˊ ㄍㄠ ㄇㄛˋ ㄉㄨㄟˋ
閃閃爍爍,1,ㄕㄢˇ ㄕㄢˇ ㄕㄨㄛˋ ㄕㄨㄛˋ
閃電行動,1,ㄕㄢˇ ㄉㄧㄢˋ ㄒㄧㄥˊ ㄉㄨㄥˋ
閉口奪氣,1,ㄅㄧˋ ㄎㄡˇ ㄉㄨㄛˊ ㄑㄧˋ
閉口無言,1,ㄅㄧˋ ㄎㄡˇ ㄨˊ ㄧㄢˊ
閉口藏舌,1,ㄅㄧˋ ㄎㄡˇ ㄘㄤˊ ㄕㄜˊ
閉明塞聰,1,ㄅㄧˋ ㄇㄧㄥˊ ㄙㄜˋ ㄘㄨㄥ
閉目塞聽,1,ㄅㄧˋ ㄇㄨˋ ㄙㄜˋ ㄊㄧㄥ
閉目沉思,1,ㄅㄧˋ ㄇㄨˋ ㄔㄣˊ ㄙ
閉眉刷眼,1,ㄅㄧˋ ㄇㄟˊ ㄕㄨㄚ ㄧㄢˇ
閉門塞竇,1,ㄅㄧˋ ㄇㄣˊ ㄙㄜˋ ㄉㄡˋ
閉門天子,1,ㄅㄧˋ ㄇㄣˊ ㄊㄧㄢ ㄗˇ
閉門覓句,1,ㄅㄧˋ ㄇㄣˊ ㄇㄧˋ ㄐㄩˋ
閉閣思過,1,ㄅㄧˋ ㄍㄜˊ ㄙ ㄍㄨㄛˋ
閉關卻掃,1,ㄅㄧˋ ㄍㄨㄢ ㄑㄩㄝˋ ㄙㄠˇ
閉關鎖國,1,ㄅㄧˋ ㄍㄨㄢ ㄙㄨㄛˇ ㄍㄨㄛˊ
開低走低,1,ㄎㄞ ㄉㄧ ㄗㄡˇ ㄉㄧ
開低走軟,1,ㄎㄞ ㄉㄧ ㄗㄡˇ ㄖㄨㄢˇ
開元通寶,1,ㄎㄞ ㄩㄢˊ ㄊㄨㄥ ㄅㄠˇ
開元雜報,1,ㄎㄞ ㄩㄢˊ ㄗㄚˊ ㄅㄠˋ
開光點眼,1,ㄎㄞ ㄍㄨㄤ ㄉㄧㄢˇ ㄧㄢˇ
開卷有得,1,ㄎㄞ ㄐㄩㄢˋ ㄧㄡˇ ㄉㄜˊ
開口元音,1,ㄎㄞ ㄎㄡˇ ㄩㄢˊ ㄧㄣ
開司米龍,1,ㄎㄞ ㄙ ㄇㄧˇ ㄌㄨㄥˊ
開國元勛,1,ㄎㄞ ㄍㄨㄛˊ ㄩㄢˊ ㄒㄩㄣ
開國方略,1,ㄎㄞ ㄍㄨㄛˊ ㄈㄤ ㄌㄩㄝˋ
開國精神,1,ㄎㄞ ㄍㄨㄛˊ ㄐㄧㄥ ㄕㄣˊ
開堂歃血,1,ㄎㄞ ㄊㄤˊ ㄕㄚˋ ㄒㄧㄝˇ
開場抽頭,1,ㄎㄞ ㄔㄤˊ ㄔㄡ ㄊㄡˊ
開山大師,1,ㄎㄞ ㄕㄢ ㄉㄚˋ ㄕ
開山老祖,1,ㄎㄞ ㄕㄢ ㄌㄠˇ ㄗㄨˇ
開山鼻祖,1,ㄎㄞ ㄕㄢ ㄅㄧˊ ㄗㄨˇ
開市大吉,1,ㄎㄞ ㄕˋ ㄉㄚˋ ㄐㄧˊ
開心見膽,1,ㄎㄞ ㄒㄧㄣ ㄐㄧㄢˋ ㄉㄢˇ
開放空間,1,ㄎㄞ ㄈㄤˋ ㄎㄨㄥ ㄐㄧㄢ
開放系統,1,ㄎㄞ ㄈㄤˋ ㄒㄧˋ ㄊㄨㄥˇ
開放舞臺,1,ㄎㄞ ㄈㄤˋ ㄨˇ ㄊㄞˊ
開放醫院,1,ㄎㄞ ㄈㄤˋ ㄧ ㄩㄢˋ
開方便門,1,ㄎㄞ ㄈㄤ ㄅㄧㄢˋ ㄇㄣˊ
開明專制,1,ㄎㄞ ㄇㄧㄥˊ ㄓㄨㄢ ㄓˋ
開普威得,1,ㄎㄞ ㄆㄨˇ ㄨㄟ ㄉㄜˊ
開渠穿井,1,ㄎㄞ ㄑㄩˊ ㄔㄨㄢ ㄐㄧㄥˇ
開灤煤礦,1,ㄎㄞ ㄌㄨㄢˊ ㄇㄟˊ ㄎㄨㄤˋ
開物成務,1,ㄎㄞ ㄨˋ ㄔㄥˊ ㄨˋ
開發國家,1,ㄎㄞ ㄈㄚ ㄍㄨㄛˊ ㄐㄧㄚ
開發基金,1,ㄎㄞ ㄈㄚ ㄐㄧ ㄐㄧㄣ
開發銀行,1,ㄎㄞ ㄈㄚ ㄧㄣˊ ㄏㄤˊ
開眉展眼,1,ㄎㄞ ㄇㄟˊ ㄓㄢˇ ㄧㄢˇ
開科取士,1,ㄎㄞ ㄎㄜ ㄑㄩˇ ㄕˋ
開花結實,1,ㄎㄞ ㄏㄨㄚ ㄐㄧㄝˊ ㄕˊ
開運化妝,1,ㄎㄞ ㄩㄣˋ ㄏㄨㄚˋ ㄓㄨㄤ
開高走高,1,ㄎㄞ ㄍㄠ ㄗㄡˇ ㄍㄠ
開齊合撮,1,ㄎㄞ ㄑㄧˊ ㄏㄜˊ ㄘㄨㄛˋ
閎覽博物,1,ㄏㄨㄥˊ ㄌㄢˇ ㄅㄛˊ ㄨˋ
閑是閑非,1,ㄒㄧㄢˊ ㄕˋ ㄒㄧㄢˊ ㄈㄟ
閑邪存誠,1,ㄒㄧㄢˊ ㄒㄧㄝˊ ㄘㄨㄣˊ ㄔㄥˊ
閒來無事,1,ㄒㄧㄢˊ ㄌㄞˊ ㄨˊ ㄕˋ
閒情逸趣,1,ㄒㄧㄢˊ ㄑㄧㄥˊ ㄧˋ ㄑㄩˋ
閒花野草,1,ㄒㄧㄢˊ ㄏㄨㄚ ㄧㄝˇ ㄘㄠˇ
閒茶浪酒,1,ㄒㄧㄢˊ ㄔㄚˊ ㄌㄤˋ ㄐㄧㄡˇ
閒言亂語,1,ㄒㄧㄢˊ ㄧㄢˊ ㄌㄨㄢˋ ㄩˇ
閒言碎語,1,ㄒㄧㄢˊ ㄧㄢˊ ㄙㄨㄟˋ ㄩˇ
閒言長語,1,ㄒㄧㄢˊ ㄧㄢˊ ㄔㄤˊ ㄩˇ
閒言閒事,1,ㄒㄧㄢˊ ㄧㄢˊ ㄒㄧㄢˊ ㄕˋ
閒雲孤鶴,1,ㄒㄧㄢˊ ㄩㄣˊ ㄍㄨ ㄏㄜˋ
間接推理,1,ㄐㄧㄢˋ ㄐㄧㄝ ㄊㄨㄟ ㄌㄧˇ
間接推論,1,ㄐㄧㄢˋ ㄐㄧㄝ ㄊㄨㄟ ㄌㄨㄣˋ
間接正犯,1,ㄐㄧㄢˋ ㄐㄧㄝ ㄓㄥˋ ㄈㄢˋ
間接民權,1,ㄐㄧㄢˋ ㄐㄧㄝ ㄇㄧㄣˊ ㄑㄩㄢˊ
間接照明,1,ㄐㄧㄢˋ ㄐㄧㄝ ㄓㄠˋ ㄇㄧㄥˊ
間接經驗,1,ㄐㄧㄢˋ ㄐㄧㄝ ㄐㄧㄥ ㄧㄢˋ
間接證據,1,ㄐㄧㄢˋ ㄐㄧㄝ ㄓㄥˋ ㄐㄩˋ
間接貿易,1,ㄐㄧㄢˋ ㄐㄧㄝ ㄇㄠˋ ㄧˋ
間斷不繼,1,ㄐㄧㄢˋ ㄉㄨㄢˋ ㄅㄨˋ ㄐㄧˋ
間條掃描,1,ㄐㄧㄢˋ ㄊㄧㄠˊ ㄙㄠˇ ㄇㄧㄠˊ
閔予小子,1,ㄇㄧㄣˇ ㄩˇ ㄒㄧㄠˇ ㄗ˙
閨中妙質,1,ㄍㄨㄟ ㄓㄨㄥ ㄇㄧㄠˋ ㄓˊ
閨中密友,1,ㄍㄨㄟ ㄓㄨㄥ ㄇㄧˋ ㄧㄡˇ
閨門禮法,1,ㄍㄨㄟ ㄇㄣˊ ㄌㄧˇ ㄈㄚˇ
閨閣之臣,1,ㄍㄨㄟ ㄍㄜˊ ㄓ ㄔㄣˊ
閭巷草野,1,ㄌㄩˊ ㄒㄧㄤˋ ㄘㄠˇ ㄧㄝˇ
閭黨姻婭,1,ㄌㄩˊ ㄉㄤˇ ㄧㄣ ㄧㄚˋ
閻王老子,1,ㄧㄢˊ ㄨㄤˊ ㄌㄠˇ ㄗ˙
閻羅包老,1,ㄧㄢˊ ㄌㄨㄛˊ ㄅㄠ ㄌㄠˇ
闃其無人,1,ㄑㄩˋ ㄑㄧˊ ㄨˊ ㄖㄣˊ
闃寂無聲,1,ㄑㄩˋ ㄐㄧˊ ㄨˊ ㄕㄥ
闊步高談,1,ㄎㄨㄛˋ ㄅㄨˋ ㄍㄠ ㄊㄢˊ
闔門卻掃,1,ㄏㄜˊ ㄇㄣˊ ㄑㄩㄝˋ ㄙㄠˇ
關係命題,1,ㄍㄨㄢ ㄒㄧˋ ㄇㄧㄥˋ ㄊㄧˊ
關係運算,1,ㄍㄨㄢ ㄒㄧˋ ㄩㄣˋ ㄙㄨㄢˋ
關切補詞,1,ㄍㄨㄢ ㄑㄧㄝˋ ㄅㄨˇ ㄘˊ
關山迢遞,1,ㄍㄨㄢ ㄕㄢ ㄊㄧㄠˊ ㄉㄧˋ
關東平原,1,ㄍㄨㄢ ㄉㄨㄥ ㄆㄧㄥˊ ㄩㄢˊ
關稅保護,1,ㄍㄨㄢ ㄕㄨㄟˋ ㄅㄠˇ ㄏㄨˋ
關稅壁壘,1,ㄍㄨㄢ ㄕㄨㄟˋ ㄅㄧˋ ㄌㄟˇ
關稅政策,1,ㄍㄨㄢ ㄕㄨㄟˋ ㄓㄥˋ ㄘㄜˋ
關稅稅則,1,ㄍㄨㄢ ㄕㄨㄟˋ ㄕㄨㄟˋ ㄗㄜˊ
關稅自主,1,ㄍㄨㄢ ㄕㄨㄟˋ ㄗˋ ㄓㄨˇ
關節腫大,1,ㄍㄨㄢ ㄐㄧㄝˊ ㄓㄨㄥˇ ㄉㄚˋ
關聖帝君,1,ㄍㄨㄢ ㄕㄥˋ ㄉㄧˋ ㄐㄩㄣ
關連概念,1,ㄍㄨㄢ ㄌㄧㄢˊ ㄍㄞˋ ㄋㄧㄢˋ
關門弟子,1,ㄍㄨㄢ ㄇㄣˊ ㄉㄧˋ ㄗˇ
關門落鎖,1,ㄍㄨㄢ ㄇㄣˊ ㄌㄨㄛˋ ㄙㄨㄛˇ
關門落閂,1,ㄍㄨㄢ ㄇㄣˊ ㄌㄨㄛˋ ㄕㄨㄢ
關門閉戶,1,ㄍㄨㄢ ㄇㄣˊ ㄅㄧˋ ㄏㄨˋ
關馬鄭白,1,ㄍㄨㄢ ㄇㄚˇ ㄓㄥˋ ㄅㄞˊ
闢地開天,1,ㄆㄧˋ ㄉㄧˋ ㄎㄞ ㄊㄧㄢ
阪上走丸,1,ㄅㄢˇ ㄕㄤˋ ㄗㄡˇ ㄨㄢˊ
阮孚蠟屐,1,ㄖㄨㄢˇ ㄈㄨˊ ㄌㄚˋ ㄐㄧ
阱中之虎,1,ㄐㄧㄥˇ ㄓㄨㄥ ㄓ ㄏㄨˇ
防弊除害,1,ㄈㄤˊ ㄅㄧˋ ㄔㄨˊ ㄏㄞˋ
防微慮遠,1,ㄈㄤˊ ㄨㄟˊ ㄌㄩˋ ㄩㄢˇ
防意如城,1,ㄈㄤˊ ㄧˋ ㄖㄨˊ ㄔㄥˊ
防有鵲巢,1,ㄈㄤˊ ㄧㄡˇ ㄑㄩㄝˋ ㄔㄠˊ
防水材料,1,ㄈㄤˊ ㄕㄨㄟˇ ㄘㄞˊ ㄌㄧㄠˋ
防火建材,1,ㄈㄤˊ ㄏㄨㄛˇ ㄐㄧㄢˋ ㄘㄞˊ
防火系統,1,ㄈㄤˊ ㄏㄨㄛˇ ㄒㄧˋ ㄊㄨㄥˇ
防空雷達,1,ㄈㄤˊ ㄎㄨㄥ ㄌㄟˊ ㄉㄚˊ
防空飛彈,1,ㄈㄤˊ ㄎㄨㄥ ㄈㄟ ㄉㄢˋ
防範得宜,1,ㄈㄤˊ ㄈㄢˋ ㄉㄜˊ ㄧˊ
防範未然,1,ㄈㄤˊ ㄈㄢˋ ㄨㄟˋ ㄖㄢˊ
防芽遏萌,1,ㄈㄤˊ ㄧㄚˊ ㄜˋ ㄇㄥˊ
防萌杜漸,1,ㄈㄤˊ ㄇㄥˊ ㄉㄨˋ ㄐㄧㄢˋ
防蔽耳目,1,ㄈㄤˊ ㄅㄧˋ ㄦˇ ㄇㄨˋ
防衛作用,1,ㄈㄤˊ ㄨㄟˋ ㄗㄨㄛˋ ㄩㄥˋ
防衛機制,1,ㄈㄤˊ ㄨㄟˋ ㄐㄧ ㄓˋ
防衛過當,1,ㄈㄤˊ ㄨㄟˋ ㄍㄨㄛˋ ㄉㄤˋ
防護面具,1,ㄈㄤˊ ㄏㄨˋ ㄇㄧㄢˋ ㄐㄩˋ
防送公人,1,ㄈㄤˊ ㄙㄨㄥˋ ㄍㄨㄥ ㄖㄣˊ
防震設計,1,ㄈㄤˊ ㄓㄣˋ ㄕㄜˋ ㄐㄧˋ
阻街女郎,1,ㄗㄨˇ ㄐㄧㄝ ㄋㄩˇ ㄌㄤˊ
阿伐射線,1,ㄚ ㄈㄚ ㄕㄜˋ ㄒㄧㄢˋ
阿伐粒子,1,ㄚ ㄈㄚ ㄌㄧˋ ㄗˇ
阿伐蛻變,1,ㄚ ㄈㄚ ㄕㄨㄟˋ ㄅㄧㄢˋ
阿保之功,1,ㄜ ㄅㄠˇ ㄓ ㄍㄨㄥ
阿保之勞,1,ㄜ ㄅㄠˇ ㄓ ㄌㄠˊ
阿其所好,1,ㄜ ㄑㄧˊ ㄙㄨㄛˇ ㄏㄠˋ
阿吠斯陀,1,ㄚ ㄈㄟˋ ㄙ ㄊㄨㄛˊ
阿呼地獄,1,ㄚ ㄏㄨ ㄉㄧˋ ㄩˋ
阿基米得,1,ㄚ ㄐㄧ ㄇㄧˇ ㄉㄜˊ
阿多尼斯,1,ㄚ ㄉㄨㄛ ㄋㄧˊ ㄙ
阿富羅底,1,ㄚ ㄈㄨˋ ㄌㄨㄛˊ ㄉㄧˇ
阿尊事貴,1,ㄜ ㄗㄨㄣ ㄕˋ ㄍㄨㄟˋ
阿布達比,1,ㄚ ㄅㄨˋ ㄉㄚˊ ㄅㄧˇ
阿彌陀經,1,ㄜ ㄇㄧˊ ㄊㄨㄛˊ ㄐㄧㄥ
阿意曲從,1,ㄜ ㄧˋ ㄑㄩ ㄘㄨㄥˊ
阿意順旨,1,ㄜ ㄧˋ ㄕㄨㄣˋ ㄓˇ
阿拉伯膠,1,ㄚ ㄌㄚ ㄅㄛˊ ㄐㄧㄠ
阿拉木汗,1,ㄚ ㄌㄚ ㄇㄨˋ ㄏㄢˊ
阿提密斯,1,ㄚ ㄊㄧˊ ㄇㄧˋ ㄙ
阿月渾子,1,ㄚ ㄩㄝˋ ㄏㄨㄣˊ ㄗˇ
阿毗達磨,1,ㄚ ㄆㄧˊ ㄉㄚˊ ㄇㄛˊ
阿爾斯太,1,ㄚ ㄦˇ ㄙ ㄊㄞˋ
阿爾考特,1,ㄚ ㄦˇ ㄎㄠˇ ㄊㄜˋ
阿爾金山,1,ㄚ ㄦˇ ㄐㄧㄣ ㄕㄢ
阿特拉斯,1,ㄚ ㄊㄜˋ ㄌㄚ ㄙ
阿空卡瓜,1,ㄚ ㄎㄨㄥ ㄎㄚˇ ㄍㄨㄚ
阿薩密省,1,ㄚ ㄙㄚˋ ㄇㄧˋ ㄕㄥˇ
阿諛取容,1,ㄜ ㄩˊ ㄑㄩˇ ㄖㄨㄥˊ
阿諛趨奉,1,ㄜ ㄩˊ ㄑㄩ ㄈㄥˋ
阿諛逢迎,1,ㄜ ㄩˊ ㄈㄥˊ ㄧㄥˊ
阿諛順意,1,ㄜ ㄩˊ ㄕㄨㄣˋ ㄧˋ
阿諛順旨,1,ㄜ ㄩˊ ㄕㄨㄣˋ ㄓˇ
阿貓阿狗,1,ㄚ ㄇㄠ ㄚ ㄍㄡˇ
阿郎雜碎,1,ㄚ ㄌㄤˊ ㄗㄚˊ ㄙㄨㄟˋ
阿金溺銀,1,ㄜ ㄐㄧㄣ ㄋㄧㄠˋ ㄧㄣˊ
阿順取容,1,ㄜ ㄕㄨㄣˋ ㄑㄩˇ ㄖㄨㄥˊ
陀羅尼被,1,ㄊㄨㄛˊ ㄌㄨㄛˊ ㄋㄧˊ ㄅㄟˋ
附上罔下,1,ㄈㄨˋ ㄕㄤˋ ㄨㄤˇ ㄒㄧㄚˋ
附下罔上,1,ㄈㄨˋ ㄒㄧㄚˋ ㄨㄤˇ ㄕㄤˋ
附加價值,1,ㄈㄨˋ ㄐㄧㄚ ㄐㄧㄚˋ ㄓˊ
附加成分,1,ㄈㄨˋ ㄐㄧㄚ ㄔㄥˊ ㄈㄣˋ
附學生員,1,ㄈㄨˋ ㄒㄩㄝˊ ㄕㄥ ㄩㄢˊ
附帶條款,1,ㄈㄨˋ ㄉㄞˋ ㄊㄧㄠˊ ㄎㄨㄢˇ
附捐郵票,1,ㄈㄨˋ ㄐㄩㄢ ㄧㄡˊ ㄆㄧㄠˋ
附會假借,1,ㄈㄨˋ ㄏㄨㄟˋ ㄐㄧㄚˇ ㄐㄧㄝˋ
附生植物,1,ㄈㄨˋ ㄕㄥ ㄓˊ ㄨˋ
附耳低言,1,ㄈㄨˋ ㄦˇ ㄉㄧ ㄧㄢˊ
附膻逐穢,1,ㄈㄨˋ ㄕㄢ ㄓㄨˊ ㄏㄨㄟˋ
附膻逐臭,1,ㄈㄨˋ ㄕㄢ ㄓㄨˊ ㄔㄡˋ
附贅懸疣,1,ㄈㄨˋ ㄓㄨㄟˋ ㄒㄩㄢˊ ㄧㄡˊ
附過還職,1,ㄈㄨˋ ㄍㄨㄛˋ ㄏㄨㄢˊ ㄓˊ
附驥之尾,1,ㄈㄨˋ ㄐㄧˋ ㄓ ㄨㄟˇ
附驥攀鴻,1,ㄈㄨˋ ㄐㄧˋ ㄆㄢ ㄏㄨㄥˊ
附鳳攀龍,1,ㄈㄨˋ ㄈㄥˋ ㄆㄢ ㄌㄨㄥˊ
附點音符,1,ㄈㄨˋ ㄉㄧㄢˇ ㄧㄣ ㄈㄨˊ
陋巷簞瓢,1,ㄌㄡˋ ㄒㄧㄤˋ ㄉㄢ ㄆㄧㄠˊ
陌路相逢,1,ㄇㄛˋ ㄌㄨˋ ㄒㄧㄤ ㄈㄥˊ
降冪排列,1,ㄐㄧㄤˋ ㄇㄧˋ ㄆㄞˊ ㄌㄧㄝˋ
降志辱身,1,ㄐㄧㄤˋ ㄓˋ ㄖㄨˋ ㄕㄣ
降格仿諷,1,ㄐㄧㄤˋ ㄍㄜˊ ㄈㄤˇ ㄈㄥˋ
降貴紆尊,1,ㄐㄧㄤˋ ㄍㄨㄟˋ ㄩ ㄗㄨㄣ
限制住居,1,ㄒㄧㄢˋ ㄓˋ ㄓㄨˋ ㄐㄩ
限制選舉,1,ㄒㄧㄢˋ ㄓˋ ㄒㄩㄢˇ ㄐㄩˇ
限武協定,1,ㄒㄧㄢˋ ㄨˇ ㄒㄧㄝˊ ㄉㄧㄥˋ
限武談判,1,ㄒㄧㄢˋ ㄨˇ ㄊㄢˊ ㄆㄢˋ
陟岵瞻望,1,ㄓˋ ㄏㄨˋ ㄓㄢ ㄨㄤˋ
陟岵陟屺,1,ㄓˋ ㄏㄨˋ ㄓˋ ㄑㄧˇ
陟罰臧否,1,ㄓˋ ㄈㄚˊ ㄗㄤ ㄆㄧˇ
院內感染,1,ㄩㄢˋ ㄋㄟˋ ㄍㄢˇ ㄖㄢˇ
陣腳大亂,1,ㄓㄣˋ ㄐㄧㄠˇ ㄉㄚˋ ㄌㄨㄢˋ
除凶去害,1,ㄔㄨˊ ㄒㄩㄥ ㄑㄩˋ ㄏㄞˋ
除患興利,1,ㄔㄨˊ ㄏㄨㄢˋ ㄒㄧㄥ ㄌㄧˋ
除惡務本,1,ㄔㄨˊ ㄜˋ ㄨˋ ㄅㄣˇ
除惡扶善,1,ㄔㄨˊ ㄜˋ ㄈㄨˊ ㄕㄢˋ
除權判決,1,ㄔㄨˊ ㄑㄩㄢˊ ㄆㄢˋ ㄐㄩㄝˊ
除殘去穢,1,ㄔㄨˊ ㄘㄢˊ ㄑㄩˋ ㄏㄨㄟˋ
除汙去垢,1,ㄔㄨˊ ㄨ ㄑㄩˋ ㄍㄡˋ
除疾遺類,1,ㄔㄨˊ ㄐㄧˊ ㄧˊ ㄌㄟˋ
除紅捉綠,1,ㄔㄨˊ ㄏㄨㄥˊ ㄓㄨㄛ ㄌㄩˋ
除舊更新,1,ㄔㄨˊ ㄐㄧㄡˋ ㄍㄥ ㄒㄧㄣ
陪席推事,1,ㄆㄟˊ ㄒㄧˊ ㄊㄨㄟ ㄕˋ
陰丹士林,1,ㄧㄣ ㄉㄢ ㄕˋ ㄌㄧㄣˊ
陰勝則寒,1,ㄧㄣ ㄕㄥˋ ㄗㄜˊ ㄏㄢˊ
陰地植物,1,ㄧㄣ ㄉㄧˋ ㄓˊ ㄨˋ
陰山背後,1,ㄧㄣ ㄕㄢ ㄅㄟˋ ㄏㄡˋ
陰性植物,1,ㄧㄣ ㄒㄧㄥˋ ㄓˊ ㄨˋ
陰晴不定,1,ㄧㄣ ㄑㄧㄥˊ ㄅㄨˋ ㄉㄧㄥˋ
陰柔害物,1,ㄧㄣ ㄖㄡˊ ㄏㄞˋ ㄨˋ
陰虛火旺,1,ㄧㄣ ㄒㄩ ㄏㄨㄛˇ ㄨㄤˋ
陰虛發熱,1,ㄧㄣ ㄒㄩ ㄈㄚ ㄖㄜˋ
陰虛陽浮,1,ㄧㄣ ㄒㄩ ㄧㄤˊ ㄈㄨˊ
陰謀不軌,1,ㄧㄣ ㄇㄡˊ ㄅㄨˋ ㄍㄨㄟˇ
陰道前膜,1,ㄧㄣ ㄉㄠˋ ㄑㄧㄢˊ ㄇㄛˋ
陰陵失道,1,ㄧㄣ ㄌㄧㄥˊ ㄕ ㄉㄠˋ
陰陽不將,1,ㄧㄣ ㄧㄤˊ ㄅㄨˋ ㄐㄧㄤ
陰陽五行,1,ㄧㄣ ㄧㄤˊ ㄨˇ ㄒㄧㄥˊ
陰陽交錯,1,ㄧㄣ ㄧㄤˊ ㄐㄧㄠ ㄘㄨㄛˋ
陰陽兩隔,1,ㄧㄣ ㄧㄤˊ ㄌㄧㄤˇ ㄍㄜˊ
陰陽合曆,1,ㄧㄣ ㄧㄤˊ ㄏㄜˊ ㄌㄧˋ
陰陽對轉,1,ㄧㄣ ㄧㄤˊ ㄉㄨㄟˋ ㄓㄨㄢˇ
陰陽易位,1,ㄧㄣ ㄧㄤˊ ㄧˋ ㄨㄟˋ
陰陽祕書,1,ㄧㄣ ㄧㄤˊ ㄇㄧˋ ㄕㄨ
陰陽間隔,1,ㄧㄣ ㄧㄤˊ ㄐㄧㄢˋ ㄍㄜˊ
陰魂不散,1,ㄧㄣ ㄏㄨㄣˊ ㄅㄨˋ ㄙㄢˋ
陳力就列,1,ㄔㄣˊ ㄌㄧˋ ㄐㄧㄡˋ ㄌㄧㄝˋ
陳寔遺盜,1,ㄔㄣˊ ㄕˊ ㄨㄟˋ ㄉㄠˋ
陳師鞠旅,1,ㄔㄣˊ ㄕ ㄐㄩˊ ㄌㄩˇ
陳平分肉,1,ㄔㄣˊ ㄆㄧㄥˊ ㄈㄣ ㄖㄡˋ
陳橋兵變,1,ㄔㄣˊ ㄑㄧㄠˊ ㄅㄧㄥ ㄅㄧㄢˋ
陳義過高,1,ㄔㄣˊ ㄧˋ ㄍㄨㄛˋ ㄍㄠ
陳蔡之厄,1,ㄔㄣˊ ㄘㄞˋ ㄓ ㄜˋ
陳蕃一室,1,ㄔㄣˊ ㄈㄢˊ ㄧ ㄕˋ
陳蕃下榻,1,ㄔㄣˊ ㄈㄢˊ ㄒㄧㄚˋ ㄊㄚˋ
陳言務去,1,ㄔㄣˊ ㄧㄢˊ ㄨˋ ㄑㄩˋ
陳遵投轄,1,ㄔㄣˊ ㄗㄨㄣ ㄊㄡˊ ㄒㄧㄚˊ
陳雷膠漆,1,ㄔㄣˊ ㄌㄟˊ ㄐㄧㄠ ㄑㄧ
陳鼎擊鐘,1,ㄔㄣˊ ㄉㄧㄥˇ ㄐㄧˊ ㄓㄨㄥ
陵上虐下,1,ㄌㄧㄥˊ ㄕㄤˋ ㄋㄩㄝˋ ㄒㄧㄚˋ
陵土未乾,1,ㄌㄧㄥˊ ㄊㄨˇ ㄨㄟˋ ㄍㄢ
陶侃運甓,1,ㄊㄠˊ ㄎㄢˇ ㄩㄣˋ ㄆㄧˋ
陶土製品,1,ㄊㄠˊ ㄊㄨˇ ㄓˋ ㄆㄧㄣˇ
陶庵夢憶,1,ㄊㄠˊ ㄢ ㄇㄥˋ ㄧˋ
陶潛三徑,1,ㄊㄠˊ ㄑㄧㄢˊ ㄙㄢ ㄐㄧㄥˋ
陶潛五柳,1,ㄊㄠˊ ㄑㄧㄢˊ ㄨˇ ㄌㄧㄡˇ
陶犬瓦雞,1,ㄊㄠˊ ㄑㄩㄢˇ ㄨㄚˇ ㄐㄧ
陶猗之富,1,ㄊㄠˊ ㄧ ㄓ ㄈㄨˋ
陶瓷材料,1,ㄊㄠˊ ㄘˊ ㄘㄞˊ ㄌㄧㄠˋ
陶鎔鼓鑄,1,ㄊㄠˊ ㄖㄨㄥˊ ㄍㄨˇ ㄓㄨˋ
陶陶兀兀,1,ㄊㄠˊ ㄊㄠˊ ㄨˋ ㄨˋ
陷堅破陣,1,ㄒㄧㄢˋ ㄐㄧㄢ ㄆㄛˋ ㄓㄣˋ
陸地神仙,1,ㄌㄨˋ ㄉㄧˋ ㄕㄣˊ ㄒㄧㄢ
陸海潘江,1,ㄌㄨˋ ㄏㄞˇ ㄆㄢ ㄐㄧㄤ
陸王之學,1,ㄌㄨˋ ㄨㄤˊ ㄓ ㄒㄩㄝˊ
陸相沉積,1,ㄌㄨˋ ㄒㄧㄤˋ ㄔㄣˊ ㄐㄧ
陸讋水慄,1,ㄌㄨˋ ㄓㄜˊ ㄕㄨㄟˇ ㄌㄧˋ
陸賈分金,1,ㄌㄨˋ ㄐㄧㄚˇ ㄈㄣ ㄐㄧㄣ
陸離光怪,1,ㄌㄨˋ ㄌㄧˊ ㄍㄨㄤ ㄍㄨㄞˋ
陸離斑駁,1,ㄌㄨˋ ㄌㄧˊ ㄅㄢ ㄅㄛˊ
陽九之會,1,ㄧㄤˊ ㄐㄧㄡˇ ㄓ ㄏㄨㄟˋ
陽九之阨,1,ㄧㄤˊ ㄐㄧㄡˇ ㄓ ㄜˋ
陽侯之患,1,ㄧㄤˊ ㄏㄡˊ ㄓ ㄏㄨㄢˋ
陽儒陰釋,1,ㄧㄤˊ ㄖㄨˊ ㄧㄣ ㄕˋ
陽光普照,1,ㄧㄤˊ ㄍㄨㄤ ㄆㄨˇ ㄓㄠˋ
陽光法案,1,ㄧㄤˊ ㄍㄨㄤ ㄈㄚˇ ㄢˋ
陽性植物,1,ㄧㄤˊ ㄒㄧㄥˋ ㄓˊ ㄨˋ
陽明先生,1,ㄧㄤˊ ㄇㄧㄥˊ ㄒㄧㄢ ㄕㄥ
陽明哲學,1,ㄧㄤˊ ㄇㄧㄥˊ ㄓㄜˊ ㄒㄩㄝˊ
陽明學派,1,ㄧㄤˊ ㄇㄧㄥˊ ㄒㄩㄝˊ ㄆㄞˋ
陽春有腳,1,ㄧㄤˊ ㄔㄨㄣ ㄧㄡˇ ㄐㄧㄠˇ
陽極射線,1,ㄧㄤˊ ㄐㄧˊ ㄕㄜˋ ㄒㄧㄢˋ
陽狂自免,1,ㄧㄤˊ ㄎㄨㄤˊ ㄗˋ ㄇㄧㄢˇ
陽臺春夢,1,ㄧㄤˊ ㄊㄞˊ ㄔㄨㄣ ㄇㄥˋ
陽臺雲雨,1,ㄧㄤˊ ㄊㄞˊ ㄩㄣˊ ㄩˇ
陽虛發熱,1,ㄧㄤˊ ㄒㄩ ㄈㄚ ㄖㄜˋ
陽關三疊,1,ㄧㄤˊ ㄍㄨㄢ ㄙㄢ ㄉㄧㄝˊ
陽陵虎符,1,ㄧㄤˊ ㄌㄧㄥˊ ㄏㄨˇ ㄈㄨˊ
陽順陰違,1,ㄧㄤˊ ㄕㄨㄣˋ ㄧㄣ ㄨㄟˊ
隄潰蟻孔,1,ㄊㄧˊ ㄎㄨㄟˋ ㄧˇ ㄎㄨㄥˇ
隆刑峻法,1,ㄌㄨㄥˊ ㄒㄧㄥˊ ㄐㄩㄣˋ ㄈㄚˇ
隆古賤今,1,ㄌㄨㄥˊ ㄍㄨˇ ㄐㄧㄢˋ ㄐㄧㄣ
隆恩曠典,1,ㄌㄨㄥˊ ㄣ ㄎㄨㄤˋ ㄉㄧㄢˇ
隆恩盛德,1,ㄌㄨㄥˊ ㄣ ㄕㄥˋ ㄉㄜˊ
隆河谷地,1,ㄌㄨㄥˊ ㄏㄜˊ ㄍㄨˇ ㄉㄧˋ
隊伍行列,1,ㄉㄨㄟˋ ㄨˇ ㄏㄤˊ ㄌㄧㄝˋ
隋侯之珠,1,ㄙㄨㄟˊ ㄏㄡˊ ㄓ ㄓㄨ
隋侯明月,1,ㄙㄨㄟˊ ㄏㄡˊ ㄇㄧㄥˊ ㄩㄝˋ
階級敵人,1,ㄐㄧㄝ ㄐㄧˊ ㄉㄧˊ ㄖㄣˊ
隔三差五,1,ㄍㄜˊ ㄙㄢ ㄔㄚ ㄨˇ
隔二偏三,1,ㄍㄜˊ ㄦˋ ㄆㄧㄢ ㄙㄢ
隔屋攛椽,1,ㄍㄜˊ ㄨ ㄘㄨㄢ ㄔㄨㄢˊ
隔山打牛,1,ㄍㄜˊ ㄕㄢ ㄉㄚˇ ㄋㄧㄡˊ
隔山拘火,1,ㄍㄜˊ ㄕㄢ ㄐㄩ ㄏㄨㄛˇ
隔岸開火,1,ㄍㄜˊ ㄢˋ ㄎㄞ ㄏㄨㄛˇ
隔房同輩,1,ㄍㄜˊ ㄈㄤˊ ㄊㄨㄥˊ ㄅㄟˋ
隔皮斷貨,1,ㄍㄜˊ ㄆㄧˊ ㄉㄨㄢˋ ㄏㄨㄛˋ
隔窗有耳,1,ㄍㄜˊ ㄔㄨㄤ ㄧㄡˇ ㄦˇ
隔裡個裡,1,ㄍㄜˊ ㄌㄧˇ ㄍㄜ˙ ㄌㄧˇ
隔靴抓癢,1,ㄍㄜˊ ㄒㄩㄝ ㄓㄨㄚ ㄧㄤˇ
隙大牆壞,1,ㄒㄧˋ ㄉㄚˋ ㄑㄧㄤˊ ㄏㄨㄞˋ
際會風雲,1,ㄐㄧˋ ㄏㄨㄟˋ ㄈㄥ ㄩㄣˊ
隨世沉浮,1,ㄙㄨㄟˊ ㄕˋ ㄔㄣˊ ㄈㄨˊ
隨侯之珠,1,ㄙㄨㄟˊ ㄏㄡˊ ㄓ ㄓㄨ
隨俗沉浮,1,ㄙㄨㄟˊ ㄙㄨˊ ㄔㄣˊ ㄈㄨˊ
隨俗浮沉,1,ㄙㄨㄟˊ ㄙㄨˊ ㄈㄨˊ ㄔㄣˊ
隨園詩話,1,ㄙㄨㄟˊ ㄩㄢˊ ㄕ ㄏㄨㄚˋ
隨寓而安,1,ㄙㄨㄟˊ ㄩˋ ㄦˊ ㄢ
隨意契約,1,ㄙㄨㄟˊ ㄧˋ ㄑㄧˋ ㄩㄝ
隨才器使,1,ㄙㄨㄟˊ ㄘㄞˊ ㄑㄧˋ ㄕˇ
隨方就圓,1,ㄙㄨㄟˊ ㄈㄤ ㄐㄧㄡˋ ㄩㄢˊ
隨時度勢,1,ㄙㄨㄟˊ ㄕˊ ㄉㄨㄛˋ ㄕˋ
隨機抽樣,1,ㄙㄨㄟˊ ㄐㄧ ㄔㄡ ㄧㄤˋ
隨機而變,1,ㄙㄨㄟˊ ㄐㄧ ㄦˊ ㄅㄧㄢˋ
隨機變數,1,ㄙㄨㄟˊ ㄐㄧ ㄅㄧㄢˋ ㄕㄨˋ
隨波漂流,1,ㄙㄨㄟˊ ㄅㄛ ㄆㄧㄠ ㄌㄧㄡˊ
隨波逐塵,1,ㄙㄨㄟˊ ㄅㄛ ㄓㄨˊ ㄔㄣˊ
隨波逐浪,1,ㄙㄨㄟˊ ㄅㄛ ㄓㄨˊ ㄌㄤˋ
隨物賦形,1,ㄙㄨㄟˊ ㄨˋ ㄈㄨˋ ㄒㄧㄥˊ
隨珠彈雀,1,ㄙㄨㄟˊ ㄓㄨ ㄊㄢˊ ㄑㄩㄝˋ
隨緣樂助,1,ㄙㄨㄟˊ ㄩㄢˊ ㄌㄜˋ ㄓㄨˋ
隨茶隨飯,1,ㄙㄨㄟˊ ㄔㄚˊ ㄙㄨㄟˊ ㄈㄢˋ
隨行就市,1,ㄙㄨㄟˊ ㄏㄤˊ ㄐㄧㄡˋ ㄕˋ
隨遇平衡,1,ㄙㄨㄟˊ ㄩˋ ㄆㄧㄥˊ ㄏㄥˊ
隨鄉入俗,1,ㄙㄨㄟˊ ㄒㄧㄤ ㄖㄨˋ ㄙㄨˊ
隨鄉入鄉,1,ㄙㄨㄟˊ ㄒㄧㄤ ㄖㄨˋ ㄒㄧㄤ
隨風倒舵,1,ㄙㄨㄟˊ ㄈㄥ ㄉㄠˇ ㄉㄨㄛˋ
隨風搖曳,1,ㄙㄨㄟˊ ㄈㄥ ㄧㄠˊ ㄧˋ
隨驢把馬,1,ㄙㄨㄟˊ ㄌㄩˊ ㄅㄚˇ ㄇㄚˇ
隨高就低,1,ㄙㄨㄟˊ ㄍㄠ ㄐㄧㄡˋ ㄉㄧ
險遭不測,1,ㄒㄧㄢˇ ㄗㄠ ㄅㄨˋ ㄘㄜˋ
險阻艱難,1,ㄒㄧㄢˇ ㄗㄨˇ ㄐㄧㄢ ㄋㄢˊ
隰有萇楚,1,ㄒㄧˊ ㄧㄡˇ ㄔㄤˊ ㄔㄨˇ
隱不違親,1,ㄧㄣˇ ㄅㄨˋ ㄨㄟˊ ㄑㄧㄣ
隱介藏形,1,ㄧㄣˇ ㄐㄧㄝˋ ㄘㄤˊ ㄒㄧㄥˊ
隱名合夥,1,ㄧㄣˇ ㄇㄧㄥˊ ㄏㄜˊ ㄏㄨㄛˇ
隱天蔽日,1,ㄧㄣˇ ㄊㄧㄢ ㄅㄧˋ ㄖˋ
隱形塗料,1,ㄧㄣˇ ㄒㄧㄥˊ ㄊㄨˊ ㄌㄧㄠˋ
隱性傳染,1,ㄧㄣˇ ㄒㄧㄥˋ ㄔㄨㄢˊ ㄖㄢˇ
隱約其辭,1,ㄧㄣˇ ㄩㄝ ㄑㄧˊ ㄘˊ
隱花植物,1,ㄧㄣˇ ㄏㄨㄚ ㄓˊ ㄨˋ
隱若敵國,1,ㄧㄣˇ ㄖㄨㄛˋ ㄉㄧˊ ㄍㄨㄛˊ
隱跡埋名,1,ㄧㄣˇ ㄐㄧ ㄇㄞˊ ㄇㄧㄥˊ
隱跡藏名,1,ㄧㄣˇ ㄐㄧ ㄘㄤˊ ㄇㄧㄥˊ
隱頭花序,1,ㄧㄣˇ ㄊㄡˊ ㄏㄨㄚ ㄒㄩˋ
隱顯墨水,1,ㄧㄣˇ ㄒㄧㄢˇ ㄇㄛˋ ㄕㄨㄟˇ
隳突叫號,1,ㄏㄨㄟ ㄊㄨˊ ㄐㄧㄠˋ ㄏㄠˊ
隳節敗名,1,ㄏㄨㄟ ㄐㄧㄝˊ ㄅㄞˋ ㄇㄧㄥˊ
隳肝瀝膽,1,ㄏㄨㄟ ㄍㄢ ㄌㄧˋ ㄉㄢˇ
隴頭音信,1,ㄌㄨㄥˇ ㄊㄡˊ ㄧㄣ ㄒㄧㄣˋ
隻字不提,1,ㄓ ㄗˋ ㄅㄨˋ ㄊㄧˊ
隻字片言,1,ㄓ ㄗˋ ㄆㄧㄢˋ ㄧㄢˊ
隻影全無,1,ㄓ ㄧㄥˇ ㄑㄩㄢˊ ㄨˊ
隻手單拳,1,ㄓ ㄕㄡˇ ㄉㄢ ㄑㄩㄢˊ
隻手擎天,1,ㄓ ㄕㄡˇ ㄑㄧㄥˊ ㄊㄧㄢ
隻手空拳,1,ㄓ ㄕㄡˇ ㄎㄨㄥ ㄑㄩㄢˊ
隻眼獨具,1,ㄓ ㄧㄢˇ ㄉㄨˊ ㄐㄩˋ
隻身孤影,1,ㄓ ㄕㄣ ㄍㄨ ㄧㄥˇ
隻輪不反,1,ㄓ ㄌㄨㄣˊ ㄅㄨˋ ㄈㄢˇ
隻雞絮酒,1,ㄓ ㄐㄧ ㄒㄩˋ ㄐㄧㄡˇ
雀屏中目,1,ㄑㄩㄝˋ ㄆㄧㄥˊ ㄓㄨㄥˋ ㄇㄨˋ
雀角鼠牙,1,ㄑㄩㄝˋ ㄐㄧㄠˇ ㄕㄨˇ ㄧㄚˊ
雁去魚來,1,ㄧㄢˋ ㄑㄩˋ ㄩˊ ㄌㄞˊ
雁塔題名,1,ㄧㄢˋ ㄊㄚˇ ㄊㄧˊ ㄇㄧㄥˊ
雁影分飛,1,ㄧㄢˋ ㄧㄥˇ ㄈㄣ ㄈㄟ
雁杳魚沉,1,ㄧㄢˋ ㄧㄠˇ ㄩˊ ㄔㄣˊ
雁行折翼,1,ㄧㄢˋ ㄏㄤˊ ㄓㄜˊ ㄧˋ
雁足傳書,1,ㄧㄢˋ ㄗㄨˊ ㄔㄨㄢˊ ㄕㄨ
雄偉壯麗,1,ㄒㄩㄥˊ ㄨㄟˇ ㄓㄨㄤˋ ㄌㄧˋ
雄性激素,1,ㄒㄩㄥˊ ㄒㄧㄥˋ ㄐㄧ ㄙㄨˋ
雄材偉略,1,ㄒㄩㄥˊ ㄘㄞˊ ㄨㄟˇ ㄌㄩㄝˋ
雄辯滔滔,1,ㄒㄩㄥˊ ㄅㄧㄢˋ ㄊㄠ ㄊㄠ
雄辯高談,1,ㄒㄩㄥˊ ㄅㄧㄢˋ ㄍㄠ ㄊㄢˊ
雄雄赫赫,1,ㄒㄩㄥˊ ㄒㄩㄥˊ ㄏㄜˋ ㄏㄜˋ
雄雞斷尾,1,ㄒㄩㄥˊ ㄐㄧ ㄉㄨㄢˋ ㄨㄟˇ
雄霸一方,1,ㄒㄩㄥˊ ㄅㄚˋ ㄧ ㄈㄤ
雄飛突進,1,ㄒㄩㄥˊ ㄈㄟ ㄊㄨˊ ㄐㄧㄣˋ
雅人深致,1,ㄧㄚˇ ㄖㄣˊ ㄕㄣ ㄓˋ
雅俗稽言,1,ㄧㄚˇ ㄙㄨˊ ㄐㄧ ㄧㄢˊ
雅典主義,1,ㄧㄚˇ ㄉㄧㄢˇ ㄓㄨˇ ㄧˋ
雅庫次克,1,ㄧㄚˇ ㄎㄨˋ ㄘˋ ㄎㄜˋ
集中保管,1,ㄐㄧˊ ㄓㄨㄥ ㄅㄠˇ ㄍㄨㄢˇ
集兵練卒,1,ㄐㄧˊ ㄅㄧㄥ ㄌㄧㄢˋ ㄗㄨˊ
集合名詞,1,ㄐㄧˊ ㄏㄜˊ ㄇㄧㄥˊ ㄘˊ
集苑集枯,1,ㄐㄧˊ ㄩㄢˋ ㄐㄧˊ ㄎㄨ
集螢映雪,1,ㄐㄧˊ ㄧㄥˊ ㄧㄥˋ ㄒㄩㄝˇ
集錦照相,1,ㄐㄧˊ ㄐㄧㄣˇ ㄓㄠˋ ㄒㄧㄤˋ
集體安全,1,ㄐㄧˊ ㄊㄧˇ ㄢ ㄑㄩㄢˊ
集體行為,1,ㄐㄧˊ ㄊㄧˇ ㄒㄧㄥˊ ㄨㄟˊ
集體訴訟,1,ㄐㄧˊ ㄊㄧˇ ㄙㄨˋ ㄙㄨㄥˋ
雇妻鬻子,1,ㄍㄨˋ ㄑㄧ ㄩˋ ㄗˇ
雉尾小生,1,ㄓˋ ㄨㄟˇ ㄒㄧㄠˇ ㄕㄥ
雉求牡匹,1,ㄓˋ ㄑㄧㄡˊ ㄇㄨˇ ㄆㄧˇ
雌一頭灰,1,ㄘ ㄧ ㄊㄡˊ ㄏㄨㄟ
雌牙扮齒,1,ㄘ ㄧㄚˊ ㄅㄢˋ ㄔˇ
雌雄未決,1,ㄘ ㄒㄩㄥˊ ㄨㄟˋ ㄐㄩㄝˊ
雌雞報曉,1,ㄘ ㄐㄧ ㄅㄠˋ ㄒㄧㄠˇ
雍容文雅,1,ㄩㄥ ㄖㄨㄥˊ ㄨㄣˊ ㄧㄚˇ
雍容閒雅,1,ㄩㄥ ㄖㄨㄥˊ ㄒㄧㄢˊ ㄧㄚˇ
雍齒封侯,1,ㄩㄥ ㄔˇ ㄈㄥ ㄏㄡˊ
雕梁畫柱,1,ㄉㄧㄠ ㄌㄧㄤˊ ㄏㄨㄚˋ ㄓㄨˋ
雕梁畫棟,1,ㄉㄧㄠ ㄌㄧㄤˊ ㄏㄨㄚˋ ㄉㄨㄥˋ
雕版印刷,1,ㄉㄧㄠ ㄅㄢˇ ㄧㄣˋ ㄕㄨㄚ
雕章鏤句,1,ㄉㄧㄠ ㄓㄤ ㄌㄡˋ ㄐㄩˋ
雕肝琢腎,1,ㄉㄧㄠ ㄍㄢ ㄓㄨㄛˊ ㄕㄣˋ
雕肝琢膂,1,ㄉㄧㄠ ㄍㄢ ㄓㄨㄛˊ ㄌㄩˇ
雕肝鏤腎,1,ㄉㄧㄠ ㄍㄢ ㄌㄡˋ ㄕㄣˋ
雕花漆彩,1,ㄉㄧㄠ ㄏㄨㄚ ㄑㄧ ㄘㄞˇ
雕蟲小藝,1,ㄉㄧㄠ ㄔㄨㄥˊ ㄒㄧㄠˇ ㄧˋ
雕蟲篆刻,1,ㄉㄧㄠ ㄔㄨㄥˊ ㄓㄨㄢˋ ㄎㄜˋ
雖休勿休,1,ㄙㄨㄟ ㄒㄧㄡ ㄨˋ ㄒㄧㄡ
雖死猶生,1,ㄙㄨㄟ ㄙˇ ㄧㄡˊ ㄕㄥ
雖然如此,1,ㄙㄨㄟ ㄖㄢˊ ㄖㄨˊ ㄘˇ
雖覆能復,1,ㄙㄨㄟ ㄈㄨˋ ㄋㄥˊ ㄈㄨˋ
雙務契約,1,ㄕㄨㄤ ㄨˋ ㄑㄧˋ ㄩㄝ
雙向溝通,1,ㄕㄨㄤ ㄒㄧㄤˋ ㄍㄡ ㄊㄨㄥ
雙套飛車,1,ㄕㄨㄤ ㄊㄠˋ ㄈㄟ ㄔㄜ
雙層公路,1,ㄕㄨㄤ ㄘㄥˊ ㄍㄨㄥ ㄌㄨˋ
雙層巴士,1,ㄕㄨㄤ ㄘㄥˊ ㄅㄚ ㄕˋ
雙柑斗酒,1,ㄕㄨㄤ ㄍㄢ ㄉㄡˇ ㄐㄧㄡˇ
雙核都市,1,ㄕㄨㄤ ㄏㄜˊ ㄉㄨ ㄕˋ
雙棲雙宿,1,ㄕㄨㄤ ㄑㄧ ㄕㄨㄤ ㄙㄨˋ
雙眉直豎,1,ㄕㄨㄤ ㄇㄟˊ ㄓˊ ㄕㄨˋ
雙眉緊鎖,1,ㄕㄨㄤ ㄇㄟˊ ㄐㄧㄣˇ ㄙㄨㄛˇ
雙瞳翦水,1,ㄕㄨㄤ ㄊㄨㄥˊ ㄐㄧㄢˇ ㄕㄨㄟˇ
雙薪家庭,1,ㄕㄨㄤ ㄒㄧㄣ ㄐㄧㄚ ㄊㄧㄥˊ
雙邊貿易,1,ㄕㄨㄤ ㄅㄧㄢ ㄇㄠˋ ㄧˋ
雙重身分,1,ㄕㄨㄤ ㄔㄨㄥˊ ㄕㄣ ㄈㄣˋ
雙鉤廓填,1,ㄕㄨㄤ ㄍㄡ ㄎㄨㄛˋ ㄊㄧㄢˊ
雙頭汽鍋,1,ㄕㄨㄤ ㄊㄡˊ ㄑㄧˋ ㄍㄨㄛ
雙頭火杖,1,ㄕㄨㄤ ㄊㄡˊ ㄏㄨㄛˇ ㄓㄤˋ
雙頭馬車,1,ㄕㄨㄤ ㄊㄡˊ ㄇㄚˇ ㄔㄜ
雞不及鳳,1,ㄐㄧ ㄅㄨˋ ㄐㄧˊ ㄈㄥˋ
雞口牛後,1,ㄐㄧ ㄎㄡˇ ㄋㄧㄡˊ ㄏㄡˋ
雞吵鵝鬥,1,ㄐㄧ ㄔㄠˇ ㄜˊ ㄉㄡˋ
雞尸牛從,1,ㄐㄧ ㄕ ㄋㄧㄡˊ ㄗㄨㄥˋ
雞毛打帚,1,ㄐㄧ ㄇㄠˊ ㄉㄚˇ ㄓㄡˇ
雞毛文書,1,ㄐㄧ ㄇㄠˊ ㄨㄣˊ ㄕㄨ
雞爭鵝鬥,1,ㄐㄧ ㄓㄥ ㄜˊ ㄉㄡˋ
雞犬不驚,1,ㄐㄧ ㄑㄩㄢˇ ㄅㄨˋ ㄐㄧㄥ
雞犬俱升,1,ㄐㄧ ㄑㄩㄢˇ ㄐㄩˋ ㄕㄥ
雞犬桑麻,1,ㄐㄧ ㄑㄩㄢˇ ㄙㄤ ㄇㄚˊ
雞犬皆仙,1,ㄐㄧ ㄑㄩㄢˇ ㄐㄧㄝ ㄒㄧㄢ
雞皮栗子,1,ㄐㄧ ㄆㄧˊ ㄌㄧˋ ㄗ˙
雞皮疙瘩,1,ㄐㄧ ㄆㄧˊ ㄍㄜ ㄉㄚ˙
雞肋尊拳,1,ㄐㄧ ㄌㄜˋ ㄗㄨㄣ ㄑㄩㄢˊ
雞膚鶴髮,1,ㄐㄧ ㄈㄨ ㄏㄜˋ ㄈㄚˇ
雞蟲得失,1,ㄐㄧ ㄔㄨㄥˊ ㄉㄜˊ ㄕ
雞飛蛋打,1,ㄐㄧ ㄈㄟ ㄉㄢˋ ㄉㄚˇ
雞骨支床,1,ㄐㄧ ㄍㄨˇ ㄓ ㄔㄨㄤˊ
雞鳴問寢,1,ㄐㄧ ㄇㄧㄥˊ ㄨㄣˋ ㄑㄧㄣˇ
雞鳴犬吠,1,ㄐㄧ ㄇㄧㄥˊ ㄑㄩㄢˇ ㄈㄟˋ
雞鳴狗吠,1,ㄐㄧ ㄇㄧㄥˊ ㄍㄡˇ ㄈㄟˋ
雞鳴而起,1,ㄐㄧ ㄇㄧㄥˊ ㄦˊ ㄑㄧˇ
雞鶩爭食,1,ㄐㄧ ㄨˋ ㄓㄥ ㄕˊ
雞黍之約,1,ㄐㄧ ㄕㄨˇ ㄓ ㄩㄝ
離合悲歡,1,ㄌㄧˊ ㄏㄜˊ ㄅㄟ ㄏㄨㄢ
離奇曲折,1,ㄌㄧˊ ㄑㄧˊ ㄑㄩ ㄓㄜˊ
離婁之明,1,ㄌㄧˊ ㄌㄡˊ ㄓ ㄇㄧㄥˊ
離山窵遠,1,ㄌㄧˊ ㄕㄢ ㄉㄧㄠˋ ㄩㄢˇ
離峰用電,1,ㄌㄧˊ ㄈㄥ ㄩㄥˋ ㄉㄧㄢˋ
離情依依,1,ㄌㄧˊ ㄑㄧㄥˊ ㄧ ㄧ
離情別緒,1,ㄌㄧˊ ㄑㄧㄥˊ ㄅㄧㄝˊ ㄒㄩˋ
離瓣花冠,1,ㄌㄧˊ ㄅㄢˋ ㄏㄨㄚ ㄍㄨㄢ
離線作業,1,ㄌㄧˊ ㄒㄧㄢˋ ㄗㄨㄛˋ ㄧㄝˋ
離鄉背土,1,ㄌㄧˊ ㄒㄧㄤ ㄅㄟˋ ㄊㄨˇ
離鄉避井,1,ㄌㄧˊ ㄒㄧㄤ ㄅㄟˋ ㄐㄧㄥˇ
離門離戶,1,ㄌㄧˊ ㄇㄣˊ ㄌㄧˊ ㄏㄨˋ
離離蔚蔚,1,ㄌㄧˊ ㄌㄧˊ ㄨㄟˋ ㄨㄟˋ
離題萬里,1,ㄌㄧˊ ㄊㄧˊ ㄨㄢˋ ㄌㄧˇ
離鸞別鳳,1,ㄌㄧˊ ㄌㄨㄢˊ ㄅㄧㄝˊ ㄈㄥˋ
難乎為繼,1,ㄋㄢˊ ㄏㄨ ㄨㄟˊ ㄐㄧˋ
難以估計,1,ㄋㄢˊ ㄧˇ ㄍㄨ ㄐㄧˋ
難以兩全,1,ㄋㄢˊ ㄧˇ ㄌㄧㄤˇ ㄑㄩㄢˊ
難以名狀,1,ㄋㄢˊ ㄧˇ ㄇㄧㄥˊ ㄓㄨㄤˋ
難以忍受,1,ㄋㄢˊ ㄧˇ ㄖㄣˇ ㄕㄡˋ
難以想像,1,ㄋㄢˊ ㄧˇ ㄒㄧㄤˇ ㄒㄧㄤˋ
難以招架,1,ㄋㄢˊ ㄧˇ ㄓㄠ ㄐㄧㄚˋ
難以消受,1,ㄋㄢˊ ㄧˇ ㄒㄧㄠ ㄕㄡˋ
難以為情,1,ㄋㄢˊ ㄧˇ ㄨㄟˊ ㄑㄧㄥˊ
難以言喻,1,ㄋㄢˊ ㄧˇ ㄧㄢˊ ㄩˋ
難償所願,1,ㄋㄢˊ ㄔㄤˊ ㄙㄨㄛˇ ㄩㄢˋ
難兄難弟,1,ㄋㄢˊ ㄒㄩㄥ ㄋㄢˊ ㄉㄧˋ
難出手心,1,ㄋㄢˊ ㄔㄨ ㄕㄡˇ ㄒㄧㄣ
難得一見,1,ㄋㄢˊ ㄉㄜˊ ㄧ ㄐㄧㄢˋ
難得糊塗,1,ㄋㄢˊ ㄉㄜˊ ㄏㄨˊ ㄊㄨˊ
難於上天,1,ㄋㄢˊ ㄩˊ ㄕㄤˋ ㄊㄧㄢ
難施面目,1,ㄋㄢˊ ㄕ ㄇㄧㄢˋ ㄇㄨˋ
難易適中,1,ㄋㄢˊ ㄧˋ ㄕˋ ㄓㄨㄥ
難望項背,1,ㄋㄢˊ ㄨㄤˋ ㄒㄧㄤˋ ㄅㄟˋ
難當重任,1,ㄋㄢˊ ㄉㄤ ㄓㄨㄥˋ ㄖㄣˋ
難竟全功,1,ㄋㄢˊ ㄐㄧㄥˋ ㄑㄩㄢˊ ㄍㄨㄥ
難與抗衡,1,ㄋㄢˊ ㄩˇ ㄎㄤˋ ㄏㄥˊ
難若登天,1,ㄋㄢˊ ㄖㄨㄛˋ ㄉㄥ ㄊㄧㄢ
難說難言,1,ㄋㄢˊ ㄕㄨㄛ ㄋㄢˊ ㄧㄢˊ
難買難賣,1,ㄋㄢˊ ㄇㄞˇ ㄋㄢˊ ㄇㄞˋ
難越雷池,1,ㄋㄢˊ ㄩㄝˋ ㄌㄟˊ ㄔˊ
雨打梨花,1,ㄩˇ ㄉㄚˇ ㄌㄧˊ ㄏㄨㄚ
雨打風吹,1,ㄩˇ ㄉㄚˇ ㄈㄥ ㄔㄨㄟ
雨暘時若,1,ㄩˇ ㄧㄤˊ ㄕˊ ㄖㄨㄛˋ
雨村曲話,1,ㄩˇ ㄘㄨㄣ ㄑㄩˇ ㄏㄨㄚˋ
雨約雲期,1,ㄩˇ ㄩㄝ ㄩㄣˊ ㄑㄧˊ
雨零星散,1,ㄩˇ ㄌㄧㄥˊ ㄒㄧㄥ ㄙㄢˋ
雨露之恩,1,ㄩˇ ㄌㄨˋ ㄓ ㄣ
雨魄雲魂,1,ㄩˇ ㄆㄛˋ ㄩㄣˊ ㄏㄨㄣˊ
雪中贈襦,1,ㄒㄩㄝˇ ㄓㄨㄥ ㄗㄥˋ ㄖㄨˊ
雪夜訪普,1,ㄒㄩㄝˇ ㄧㄝˋ ㄈㄤˇ ㄆㄨˇ
雪案螢燈,1,ㄒㄩㄝˇ ㄢˋ ㄧㄥˊ ㄉㄥ
雪案螢窗,1,ㄒㄩㄝˇ ㄢˋ ㄧㄥˊ ㄔㄨㄤ
雪窗螢几,1,ㄒㄩㄝˇ ㄔㄨㄤ ㄧㄥˊ ㄐㄧˇ
雪窗螢火,1,ㄒㄩㄝˇ ㄔㄨㄤ ㄧㄥˊ ㄏㄨㄛˇ
雪裡送炭,1,ㄒㄩㄝˇ ㄌㄧˇ ㄙㄨㄥˋ ㄊㄢˋ
雲仙雜記,1,ㄩㄣˊ ㄒㄧㄢ ㄗㄚˊ ㄐㄧˋ
雲出無心,1,ㄩㄣˊ ㄔㄨ ㄨˊ ㄒㄧㄣ
雲南回變,1,ㄩㄣˊ ㄋㄢˊ ㄏㄨㄟˊ ㄅㄧㄢˋ
雲南起義,1,ㄩㄣˊ ㄋㄢˊ ㄑㄧˇ ㄧˋ
雲南黃馨,1,ㄩㄣˊ ㄋㄢˊ ㄏㄨㄤˊ ㄒㄧㄣ
雲夢大澤,1,ㄩㄣˊ ㄇㄥˋ ㄉㄚˋ ㄗㄜˊ
雲天高誼,1,ㄩㄣˊ ㄊㄧㄢ ㄍㄠ ㄧˋ
雲屯雨集,1,ㄩㄣˊ ㄊㄨㄣˊ ㄩˇ ㄐㄧˊ
雲山霧罩,1,ㄩㄣˊ ㄕㄢ ㄨˋ ㄓㄠˋ
雲形定規,1,ㄩㄣˊ ㄒㄧㄥˊ ㄉㄧㄥˋ ㄍㄨㄟ
雲情雨意,1,ㄩㄣˊ ㄑㄧㄥˊ ㄩˇ ㄧˋ
雲收雨散,1,ㄩㄣˊ ㄕㄡ ㄩˇ ㄙㄢˋ
雲收霧散,1,ㄩㄣˊ ㄕㄡ ㄨˋ ㄙㄢˋ
雲散風流,1,ㄩㄣˊ ㄙㄢˋ ㄈㄥ ㄌㄧㄡˊ
雲水道人,1,ㄩㄣˊ ㄕㄨㄟˇ ㄉㄠˋ ㄖㄣˊ
雲泥之別,1,ㄩㄣˊ ㄋㄧˊ ㄓ ㄅㄧㄝˊ
雲泥異路,1,ㄩㄣˊ ㄋㄧˊ ㄧˋ ㄌㄨˋ
雲消雨散,1,ㄩㄣˊ ㄒㄧㄠ ㄩˇ ㄙㄢˋ
雲煙過眼,1,ㄩㄣˊ ㄧㄢ ㄍㄨㄛˋ ㄧㄢˇ
雲程發軔,1,ㄩㄣˊ ㄔㄥˊ ㄈㄚ ㄖㄣˋ
雲笈七籤,1,ㄩㄣˊ ㄐㄧˊ ㄑㄧ ㄑㄧㄢ
雲翻雨覆,1,ㄩㄣˊ ㄈㄢ ㄩˇ ㄈㄨˋ
雲興霞蔚,1,ㄩㄣˊ ㄒㄧㄥ ㄒㄧㄚˊ ㄨㄟˋ
雲英未嫁,1,ㄩㄣˊ ㄧㄥ ㄨㄟˋ ㄐㄧㄚˋ
雲蒸霞蔚,1,ㄩㄣˊ ㄓㄥ ㄒㄧㄚˊ ㄨㄟˋ
雲行雨施,1,ㄩㄣˊ ㄒㄧㄥˊ ㄩˇ ㄕ
雲起龍驤,1,ㄩㄣˊ ㄑㄧˇ ㄌㄨㄥˊ ㄒㄧㄤ
雲車風馬,1,ㄩㄣˊ ㄔㄜ ㄈㄥ ㄇㄚˇ
雲階月地,1,ㄩㄣˊ ㄐㄧㄝ ㄩㄝˋ ㄉㄧˋ
雲雨之歡,1,ㄩㄣˊ ㄩˇ ㄓ ㄏㄨㄢ
雲雨巫山,1,ㄩㄣˊ ㄩˇ ㄨ ㄕㄢ
雲雨高唐,1,ㄩㄣˊ ㄩˇ ㄍㄠ ㄊㄤˊ
雲霓之望,1,ㄩㄣˊ ㄋㄧˊ ㄓ ㄨㄤˋ
雲麾勛章,1,ㄩㄣˊ ㄏㄨㄟ ㄒㄩㄣ ㄓㄤ
雲龍風虎,1,ㄩㄣˊ ㄌㄨㄥˊ ㄈㄥ ㄏㄨˇ
零丁孤苦,1,ㄌㄧㄥˊ ㄉㄧㄥ ㄍㄨ ㄎㄨˇ
零七八碎,1,ㄌㄧㄥˊ ㄑㄧ ㄅㄚ ㄙㄨㄟˋ
零售市場,1,ㄌㄧㄥˊ ㄕㄡˋ ㄕˋ ㄔㄤˊ
零基預算,1,ㄌㄧㄥˊ ㄐㄧ ㄩˋ ㄙㄨㄢˋ
零股交易,1,ㄌㄧㄥˊ ㄍㄨˇ ㄐㄧㄠ ㄧˋ
零落山丘,1,ㄌㄧㄥˊ ㄌㄨㄛˋ ㄕㄢ ㄑㄧㄡ
雷厲風飛,1,ㄌㄟˊ ㄌㄧˋ ㄈㄥ ㄈㄟ
雷嗔電怒,1,ㄌㄟˊ ㄔㄣ ㄉㄧㄢˋ ㄋㄨˋ
雷多公路,1,ㄌㄟˊ ㄉㄨㄛ ㄍㄨㄥ ㄌㄨˋ
雷大雨小,1,ㄌㄟˊ ㄉㄚˋ ㄩˇ ㄒㄧㄠˇ
雷射唱片,1,ㄌㄟˊ ㄕㄜˋ ㄔㄤˋ ㄆㄧㄢˋ
雷射唱盤,1,ㄌㄟˊ ㄕㄜˋ ㄔㄤˋ ㄆㄢˊ
雷射攝影,1,ㄌㄟˊ ㄕㄜˋ ㄕㄜˋ ㄧㄥˇ
雷射音響,1,ㄌㄟˊ ㄕㄜˋ ㄧㄣ ㄒㄧㄤˇ
雷打不動,1,ㄌㄟˊ ㄉㄚˇ ㄅㄨˋ ㄉㄨㄥˋ
雷根主義,1,ㄌㄟˊ ㄍㄣ ㄓㄨˇ ㄧˋ
雷轟電掣,1,ㄌㄟˊ ㄏㄨㄥ ㄉㄧㄢˋ ㄔㄜˋ
雷達搜索,1,ㄌㄟˊ ㄉㄚˊ ㄙㄡ ㄙㄨㄛˇ
雷達追蹤,1,ㄌㄟˊ ㄉㄚˊ ㄓㄨㄟ ㄗㄨㄥ
雷鋒運動,1,ㄌㄟˊ ㄈㄥ ㄩㄣˋ ㄉㄨㄥˋ
雷陳膠漆,1,ㄌㄟˊ ㄔㄣˊ ㄐㄧㄠ ㄑㄧ
雷霆之怒,1,ㄌㄟˊ ㄊㄧㄥˊ ㄓ ㄋㄨˋ
雷霆電雹,1,ㄌㄟˊ ㄊㄧㄥˊ ㄉㄧㄢˋ ㄅㄠˊ
雷鳴瓦釜,1,ㄌㄟˊ ㄇㄧㄥˊ ㄨㄚˇ ㄈㄨˇ
電傳會議,1,ㄉㄧㄢˋ ㄔㄨㄢˊ ㄏㄨㄟˋ ㄧˋ
電動玩具,1,ㄉㄧㄢˋ ㄉㄨㄥˋ ㄨㄢˊ ㄐㄩˋ
電動馬達,1,ㄉㄧㄢˋ ㄉㄨㄥˋ ㄇㄚˇ ㄉㄚˊ
電化設備,1,ㄉㄧㄢˋ ㄏㄨㄚˋ ㄕㄜˋ ㄅㄟˋ
電卷星飛,1,ㄉㄧㄢˋ ㄐㄩㄢˇ ㄒㄧㄥ ㄈㄟ
電卷風馳,1,ㄉㄧㄢˋ ㄐㄩㄢˇ ㄈㄥ ㄔˊ
電子信件,1,ㄉㄧㄢˋ ㄗˇ ㄒㄧㄣˋ ㄐㄧㄢˋ
電子信箱,1,ㄉㄧㄢˋ ㄗˇ ㄒㄧㄣˋ ㄒㄧㄤ
電子卡片,1,ㄉㄧㄢˋ ㄗˇ ㄎㄚˇ ㄆㄧㄢˋ
電子反制,1,ㄉㄧㄢˋ ㄗˇ ㄈㄢˇ ㄓˋ
電子媒體,1,ㄉㄧㄢˋ ㄗˇ ㄇㄟˊ ㄊㄧˇ
電子字典,1,ㄉㄧㄢˋ ㄗˇ ㄗˋ ㄉㄧㄢˇ
電子店面,1,ㄉㄧㄢˋ ㄗˇ ㄉㄧㄢˋ ㄇㄧㄢˋ
電子廣告,1,ㄉㄧㄢˋ ㄗˇ ㄍㄨㄤˇ ㄍㄠˋ
電子文件,1,ㄉㄧㄢˋ ㄗˇ ㄨㄣˊ ㄐㄧㄢˋ
電子看板,1,ㄉㄧㄢˋ ㄗˇ ㄎㄢˋ ㄅㄢˇ
電子祕書,1,ㄉㄧㄢˋ ㄗˇ ㄇㄧˋ ㄕㄨ
電子網路,1,ㄉㄧㄢˋ ㄗˇ ㄨㄤˇ ㄌㄨˋ
電子裁判,1,ㄉㄧㄢˋ ㄗˇ ㄘㄞˊ ㄆㄢˋ
電子論壇,1,ㄉㄧㄢˋ ㄗˇ ㄌㄨㄣˋ ㄊㄢˊ
電子賀卡,1,ㄉㄧㄢˋ ㄗˇ ㄏㄜˋ ㄎㄚˇ
電子購物,1,ㄉㄧㄢˋ ㄗˇ ㄍㄡˋ ㄨˋ
電子通勤,1,ㄉㄧㄢˋ ㄗˇ ㄊㄨㄥ ㄑㄧㄣˊ
電子郵箱,1,ㄉㄧㄢˋ ㄗˇ ㄧㄡˊ ㄒㄧㄤ
電子郵購,1,ㄉㄧㄢˋ ㄗˇ ㄧㄡˊ ㄍㄡˋ
電子郵遞,1,ㄉㄧㄢˋ ㄗˇ ㄧㄡˊ ㄉㄧˋ
電子銀行,1,ㄉㄧㄢˋ ㄗˇ ㄧㄣˊ ㄏㄤˊ
電子錢包,1,ㄉㄧㄢˋ ㄗˇ ㄑㄧㄢˊ ㄅㄠ
電子雜誌,1,ㄉㄧㄢˋ ㄗˇ ㄗㄚˊ ㄓˋ
電子音樂,1,ㄉㄧㄢˋ ㄗˇ ㄧㄣ ㄩㄝˋ
電宰豬肉,1,ㄉㄧㄢˋ ㄗㄞˇ ㄓㄨ ㄖㄡˋ
電影小說,1,ㄉㄧㄢˋ ㄧㄥˇ ㄒㄧㄠˇ ㄕㄨㄛ
電影文化,1,ㄉㄧㄢˋ ㄧㄥˇ ㄨㄣˊ ㄏㄨㄚˋ
電影美術,1,ㄉㄧㄢˋ ㄧㄥˇ ㄇㄟˇ ㄕㄨˋ
電影藝術,1,ㄉㄧㄢˋ ㄧㄥˇ ㄧˋ ㄕㄨˋ
電影語言,1,ㄉㄧㄢˋ ㄧㄥˇ ㄩˇ ㄧㄢˊ
電掣星馳,1,ㄉㄧㄢˋ ㄔㄜˋ ㄒㄧㄥ ㄔˊ
電掣風馳,1,ㄉㄧㄢˋ ㄔㄜˋ ㄈㄥ ㄔˊ
電氣設備,1,ㄉㄧㄢˋ ㄑㄧˋ ㄕㄜˋ ㄅㄟˋ
電熱水器,1,ㄉㄧㄢˋ ㄖㄜˋ ㄕㄨㄟˇ ㄑㄧˋ
電熱水瓶,1,ㄉㄧㄢˋ ㄖㄜˋ ㄕㄨㄟˇ ㄆㄧㄥˊ
電玩軟體,1,ㄉㄧㄢˋ ㄨㄢˊ ㄖㄨㄢˇ ㄊㄧˇ
電腦兵棋,1,ㄉㄧㄢˋ ㄋㄠˇ ㄅㄧㄥ ㄑㄧˊ
電腦動畫,1,ㄉㄧㄢˋ ㄋㄠˇ ㄉㄨㄥˋ ㄏㄨㄚˋ
電腦孤兒,1,ㄉㄧㄢˋ ㄋㄠˇ ㄍㄨ ㄦˊ
電腦彩噴,1,ㄉㄧㄢˋ ㄋㄠˇ ㄘㄞˇ ㄆㄣ
電腦打字,1,ㄉㄧㄢˋ ㄋㄠˇ ㄉㄚˇ ㄗˋ
電腦指令,1,ㄉㄧㄢˋ ㄋㄠˇ ㄓˇ ㄌㄧㄥˋ
電腦排版,1,ㄉㄧㄢˋ ㄋㄠˇ ㄆㄞˊ ㄅㄢˇ
電腦擇友,1,ㄉㄧㄢˋ ㄋㄠˇ ㄗㄜˊ ㄧㄡˇ
電腦教學,1,ㄉㄧㄢˋ ㄋㄠˇ ㄐㄧㄠˋ ㄒㄩㄝˊ
電腦書局,1,ㄉㄧㄢˋ ㄋㄠˇ ㄕㄨ ㄐㄩˊ
電腦病毒,1,ㄉㄧㄢˋ ㄋㄠˇ ㄅㄧㄥˋ ㄉㄨˊ
電腦百貨,1,ㄉㄧㄢˋ ㄋㄠˇ ㄅㄞˇ ㄏㄨㄛˋ
電腦看板,1,ㄉㄧㄢˋ ㄋㄠˇ ㄎㄢˋ ㄅㄢˇ
電腦祕書,1,ㄉㄧㄢˋ ㄋㄠˇ ㄇㄧˋ ㄕㄨ
電腦網誌,1,ㄉㄧㄢˋ ㄋㄠˇ ㄨㄤˇ ㄓˋ
電腦網路,1,ㄉㄧㄢˋ ㄋㄠˇ ㄨㄤˇ ㄌㄨˋ
電腦繪圖,1,ㄉㄧㄢˋ ㄋㄠˇ ㄏㄨㄟˋ ㄊㄨˊ
電腦美工,1,ㄉㄧㄢˋ ㄋㄠˇ ㄇㄟˇ ㄍㄨㄥ
電腦藝術,1,ㄉㄧㄢˋ ㄋㄠˇ ㄧˋ ㄕㄨˋ
電腦詞典,1,ㄉㄧㄢˋ ㄋㄠˇ ㄘˊ ㄉㄧㄢˇ
電腦語言,1,ㄉㄧㄢˋ ㄋㄠˇ ㄩˇ ㄧㄢˊ
電腦諮詢,1,ㄉㄧㄢˋ ㄋㄠˇ ㄗ ㄒㄩㄣˊ
電腦軟體,1,ㄉㄧㄢˋ ㄋㄠˇ ㄖㄨㄢˇ ㄊㄧˇ
電腦辭典,1,ㄉㄧㄢˋ ㄋㄠˇ ㄘˊ ㄉㄧㄢˇ
電腦連線,1,ㄉㄧㄢˋ ㄋㄠˇ ㄌㄧㄢˊ ㄒㄧㄢˋ
電腦遊戲,1,ㄉㄧㄢˋ ㄋㄠˇ ㄧㄡˊ ㄒㄧˋ
電腦音樂,1,ㄉㄧㄢˋ ㄋㄠˇ ㄧㄣ ㄩㄝˋ
電視影像,1,ㄉㄧㄢˋ ㄕˋ ㄧㄥˇ ㄒㄧㄤˋ
電視影片,1,ㄉㄧㄢˋ ㄕˋ ㄧㄥˇ ㄆㄧㄢˋ
電視新聞,1,ㄉㄧㄢˋ ㄕˋ ㄒㄧㄣ ㄨㄣˊ
電視眼病,1,ㄉㄧㄢˋ ㄕˋ ㄧㄢˇ ㄅㄧㄥˋ
電視購物,1,ㄉㄧㄢˋ ㄕˋ ㄍㄡˋ ㄨˋ
電視電話,1,ㄉㄧㄢˋ ㄕˋ ㄉㄧㄢˋ ㄏㄨㄚˋ
電訊會議,1,ㄉㄧㄢˋ ㄒㄩㄣˋ ㄏㄨㄟˋ ㄧˋ
電話傳真,1,ㄉㄧㄢˋ ㄏㄨㄚˋ ㄔㄨㄢˊ ㄓㄣ
電話國碼,1,ㄉㄧㄢˋ ㄏㄨㄚˋ ㄍㄨㄛˊ ㄇㄚˇ
電話祕書,1,ㄉㄧㄢˋ ㄏㄨㄚˋ ㄇㄧˋ ㄕㄨ
電話訪問,1,ㄉㄧㄢˋ ㄏㄨㄚˋ ㄈㄤˇ ㄨㄣˋ
電話錄音,1,ㄉㄧㄢˋ ㄏㄨㄚˋ ㄌㄨˋ ㄧㄣ
電針麻醉,1,ㄉㄧㄢˋ ㄓㄣ ㄇㄚˊ ㄗㄨㄟˋ
需才孔亟,1,ㄒㄩ ㄘㄞˊ ㄎㄨㄥˇ ㄐㄧˊ
霄壤之殊,1,ㄒㄧㄠ ㄖㄤˇ ㄓ ㄕㄨ
震天價響,1,ㄓㄣˋ ㄊㄧㄢ ㄍㄚ˙ ㄒㄧㄤˇ
震撼人心,1,ㄓㄣˋ ㄏㄢˋ ㄖㄣˊ ㄒㄧㄣ
震旦方向,1,ㄓㄣˋ ㄉㄢˋ ㄈㄤ ㄒㄧㄤˋ
震波測勘,1,ㄓㄣˋ ㄅㄛ ㄘㄜˋ ㄎㄢ
震顫麻痺,1,ㄓㄣˋ ㄓㄢˋ ㄇㄚˊ ㄅㄧˋ
霍亂弧菌,1,ㄏㄨㄛˋ ㄌㄨㄢˋ ㄏㄨˊ ㄐㄩㄣˋ
霍亂疫區,1,ㄏㄨㄛˋ ㄌㄨㄢˋ ㄧˋ ㄑㄩ
霍小玉傳,1,ㄏㄨㄛˋ ㄒㄧㄠˇ ㄩˋ ㄓㄨㄢˋ
霍普特曼,1,ㄏㄨㄛˋ ㄆㄨˇ ㄊㄜˋ ㄇㄢˋ
霍霍眨眨,1,ㄏㄨㄛˋ ㄏㄨㄛˋ ㄓㄚˇ ㄓㄚˇ
霑體塗足,1,ㄓㄢ ㄊㄧˇ ㄊㄨˊ ㄗㄨˊ
霓裳羽衣,1,ㄋㄧˊ ㄔㄤˊ ㄩˇ ㄧ
霖雨蒼生,1,ㄌㄧㄣˊ ㄩˇ ㄘㄤ ㄕㄥ
霜舂雨薪,1,ㄕㄨㄤ ㄔㄨㄥ ㄩˇ ㄒㄧㄣ
霜露之思,1,ㄕㄨㄤ ㄌㄨˋ ㄓ ㄙ
霞光豔豔,1,ㄒㄧㄚˊ ㄍㄨㄤ ㄧㄢˋ ㄧㄢˋ
霧社事件,1,ㄨˋ ㄕㄜˋ ㄕˋ ㄐㄧㄢˋ
霧鎖雲埋,1,ㄨˋ ㄙㄨㄛˇ ㄩㄣˊ ㄇㄞˊ
霧鬢風鬟,1,ㄨˋ ㄅㄧㄣˋ ㄈㄥ ㄏㄨㄢˊ
露一鼻子,1,ㄌㄡˋ ㄧ ㄅㄧˊ ㄗ˙
露尾藏頭,1,ㄌㄨˋ ㄨㄟˇ ㄘㄤˊ ㄊㄡˊ
露才揚己,1,ㄌㄨˋ ㄘㄞˊ ㄧㄤˊ ㄐㄧˇ
露水交道,1,ㄌㄨˋ ㄕㄨㄟˇ ㄐㄧㄠ ㄉㄠˋ
露水姻緣,1,ㄌㄨˋ ㄕㄨㄟˇ ㄧㄣ ㄩㄢˊ
露膽披肝,1,ㄌㄨˋ ㄉㄢˇ ㄆㄧ ㄍㄢ
露臺弟子,1,ㄌㄨˋ ㄊㄞˊ ㄉㄧˋ ㄗˇ
露面拋頭,1,ㄌㄡˋ ㄇㄧㄢˋ ㄆㄠ ㄊㄡˊ
霸王別姬,1,ㄅㄚˋ ㄨㄤˊ ㄅㄧㄝˊ ㄐㄧ
霸王卸甲,1,ㄅㄚˋ ㄨㄤˊ ㄒㄧㄝˋ ㄐㄧㄚˇ
霸王悲歌,1,ㄅㄚˋ ㄨㄤˊ ㄅㄟ ㄍㄜ
霸王風月,1,ㄅㄚˋ ㄨㄤˊ ㄈㄥ ㄩㄝˋ
霸陵呵夜,1,ㄅㄚˋ ㄌㄧㄥˊ ㄏㄜ ㄧㄝˋ
霸陵折柳,1,ㄅㄚˋ ㄌㄧㄥˊ ㄓㄜˊ ㄌㄧㄡˇ
霸陵醉尉,1,ㄅㄚˋ ㄌㄧㄥˊ ㄗㄨㄟˋ ㄨㄟˋ
霹靂之聲,1,ㄆㄧ ㄌㄧˋ ㄓ ㄕㄥ
霹靂小組,1,ㄆㄧ ㄌㄧˋ ㄒㄧㄠˇ ㄗㄨˇ
霹靂行動,1,ㄆㄧ ㄌㄧˋ ㄒㄧㄥˊ ㄉㄨㄥˋ
霽範永存,1,ㄐㄧˋ ㄈㄢˋ ㄩㄥˇ ㄘㄨㄣˊ
靈丹聖藥,1,ㄌㄧㄥˊ ㄉㄢ ㄕㄥˋ ㄧㄠˋ
靈光一閃,1,ㄌㄧㄥˊ ㄍㄨㄤ ㄧ ㄕㄢˇ
靈山秀水,1,ㄌㄧㄥˊ ㄕㄢ ㄒㄧㄡˋ ㄕㄨㄟˇ
靈犀相通,1,ㄌㄧㄥˊ ㄒㄧ ㄒㄧㄤ ㄊㄨㄥ
靈蛇之珠,1,ㄌㄧㄥˊ ㄕㄜˊ ㄓ ㄓㄨ
靈霄寶殿,1,ㄌㄧㄥˊ ㄒㄧㄠ ㄅㄠˇ ㄉㄧㄢˋ
靈魂之窗,1,ㄌㄧㄥˊ ㄏㄨㄣˊ ㄓ ㄔㄨㄤ
靈魂人物,1,ㄌㄧㄥˊ ㄏㄨㄣˊ ㄖㄣˊ ㄨˋ
青史傳名,1,ㄑㄧㄥ ㄕˇ ㄔㄨㄢˊ ㄇㄧㄥˊ
青史名留,1,ㄑㄧㄥ ㄕˇ ㄇㄧㄥˊ ㄌㄧㄡˊ
青史流芳,1,ㄑㄧㄥ ㄕˇ ㄌㄧㄡˊ ㄈㄤ
青史留名,1,ㄑㄧㄥ ㄕˇ ㄌㄧㄡˊ ㄇㄧㄥˊ
青山一髮,1,ㄑㄧㄥ ㄕㄢ ㄧ ㄈㄚˇ
青州從事,1,ㄑㄧㄥ ㄓㄡ ㄘㄨㄥˊ ㄕˋ
青年商店,1,ㄑㄧㄥ ㄋㄧㄢˊ ㄕㄤ ㄉㄧㄢˋ
青年問題,1,ㄑㄧㄥ ㄋㄧㄢˊ ㄨㄣˋ ㄊㄧˊ
青年守則,1,ㄑㄧㄥ ㄋㄧㄢˊ ㄕㄡˇ ㄗㄜˊ
青氈舊物,1,ㄑㄧㄥ ㄓㄢ ㄐㄧㄡˋ ㄨˋ
青江白菜,1,ㄑㄧㄥ ㄐㄧㄤ ㄅㄞˊ ㄘㄞˋ
青燈黃卷,1,ㄑㄧㄥ ㄉㄥ ㄏㄨㄤˊ ㄐㄩㄢˋ
青牛紫氣,1,ㄑㄧㄥ ㄋㄧㄡˊ ㄗˇ ㄑㄧˋ
青白晦氣,1,ㄑㄧㄥ ㄅㄞˊ ㄏㄨㄟˋ ㄑㄧˋ
青綠山水,1,ㄑㄧㄥ ㄌㄩˋ ㄕㄢ ㄕㄨㄟˇ
青臉獠牙,1,ㄑㄧㄥ ㄌㄧㄢˇ ㄌㄧㄠˊ ㄧㄚˊ
青蠅弔客,1,ㄑㄧㄥ ㄧㄥˊ ㄉㄧㄠˋ ㄎㄜˋ
青蠅染白,1,ㄑㄧㄥ ㄧㄥˊ ㄖㄢˇ ㄅㄞˊ
青蠅點素,1,ㄑㄧㄥ ㄧㄥˊ ㄉㄧㄢˇ ㄙㄨˋ
青過於藍,1,ㄑㄧㄥ ㄍㄨㄛˋ ㄩˊ ㄌㄢˊ
青錢萬選,1,ㄑㄧㄥ ㄑㄧㄢˊ ㄨㄢˋ ㄒㄩㄢˇ
青雲之器,1,ㄑㄧㄥ ㄩㄣˊ ㄓ ㄑㄧˋ
青雲之士,1,ㄑㄧㄥ ㄩㄣˊ ㄓ ㄕˋ
青鞋布襪,1,ㄑㄧㄥ ㄒㄧㄝˊ ㄅㄨˋ ㄨㄚˋ
青黃皂白,1,ㄑㄧㄥ ㄏㄨㄤˊ ㄗㄠˋ ㄅㄞˊ
青龍頭上,1,ㄑㄧㄥ ㄌㄨㄥˊ ㄊㄡˊ ㄕㄤ˙
靖國神社,1,ㄐㄧㄥˋ ㄍㄨㄛˊ ㄕㄣˊ ㄕㄜˋ
靖康之難,1,ㄐㄧㄥˋ ㄎㄤ ㄓ ㄋㄢˋ
靖康要錄,1,ㄐㄧㄥˋ ㄎㄤ ㄧㄠˋ ㄌㄨˋ
靖難之變,1,ㄐㄧㄥˋ ㄋㄢˋ ㄓ ㄅㄧㄢˋ
靜力平衡,1,ㄐㄧㄥˋ ㄌㄧˋ ㄆㄧㄥˊ ㄏㄥˊ
靜脈注射,1,ㄐㄧㄥˋ ㄇㄞˋ ㄓㄨˋ ㄕㄜˋ
靜謐無聲,1,ㄐㄧㄥˋ ㄇㄧˋ ㄨˊ ㄕㄥ
靜電感應,1,ㄐㄧㄥˋ ㄉㄧㄢˋ ㄍㄢˇ ㄧㄥˋ
非人不傳,1,ㄈㄟ ㄖㄣˊ ㄅㄨˋ ㄔㄨㄢˊ
非凡氣魄,1,ㄈㄟ ㄈㄢˊ ㄑㄧˋ ㄆㄛˋ
非同兒戲,1,ㄈㄟ ㄊㄨㄥˊ ㄦˊ ㄒㄧˋ
非同容易,1,ㄈㄟ ㄊㄨㄥˊ ㄖㄨㄥˊ ㄧˋ
非同尋常,1,ㄈㄟ ㄊㄨㄥˊ ㄒㄩㄣˊ ㄔㄤˊ
非定命論,1,ㄈㄟ ㄉㄧㄥˋ ㄇㄧㄥˋ ㄌㄨㄣˋ
非常上訴,1,ㄈㄟ ㄔㄤˊ ㄕㄤˋ ㄙㄨˋ
非常之事,1,ㄈㄟ ㄔㄤˊ ㄓ ㄕˋ
非常之人,1,ㄈㄟ ㄔㄤˊ ㄓ ㄖㄣˊ
非常之功,1,ㄈㄟ ㄔㄤˊ ㄓ ㄍㄨㄥ
非常審判,1,ㄈㄟ ㄔㄤˊ ㄕㄣˇ ㄆㄢˋ
非常總統,1,ㄈㄟ ㄔㄤˊ ㄗㄨㄥˇ ㄊㄨㄥˇ
非意相干,1,ㄈㄟ ㄧˋ ㄒㄧㄤ ㄍㄢ
非愚則誣,1,ㄈㄟ ㄩˊ ㄗㄜˊ ㄨ
非昔是今,1,ㄈㄟ ㄒㄧˊ ㄕˋ ㄐㄧㄣ
非時之物,1,ㄈㄟ ㄕˊ ㄓ ㄨˋ
非書資料,1,ㄈㄟ ㄕㄨ ㄗ ㄌㄧㄠˋ
非有先生,1,ㄈㄟ ㄧㄡˇ ㄒㄧㄢ ㄕㄥ
非核武區,1,ㄈㄟ ㄏㄜˊ ㄨˇ ㄑㄩ
非法勾當,1,ㄈㄟ ㄈㄚˇ ㄍㄡˋ ㄉㄤ˙
非法行事,1,ㄈㄟ ㄈㄚˇ ㄒㄧㄥˊ ㄕˋ
非洲綠猴,1,ㄈㄟ ㄓㄡ ㄌㄩˋ ㄏㄡˊ
非熊賣屠,1,ㄈㄟ ㄒㄩㄥˊ ㄇㄞˋ ㄊㄨˊ
非熊非羆,1,ㄈㄟ ㄒㄩㄥˊ ㄈㄟ ㄆㄧˊ
非理就終,1,ㄈㄟ ㄌㄧˇ ㄐㄧㄡˋ ㄓㄨㄥ
非生物界,1,ㄈㄟ ㄕㄥ ㄨˋ ㄐㄧㄝˋ
非異人任,1,ㄈㄟ ㄧˋ ㄖㄣˊ ㄖㄣˋ
非病原菌,1,ㄈㄟ ㄅㄧㄥˋ ㄩㄢˊ ㄐㄩㄣˋ
非發光體,1,ㄈㄟ ㄈㄚ ㄍㄨㄤ ㄊㄧˇ
非鐵金屬,1,ㄈㄟ ㄊㄧㄝˇ ㄐㄧㄣ ㄕㄨˇ
非類相從,1,ㄈㄟ ㄌㄟˋ ㄒㄧㄤ ㄘㄨㄥˊ
非鴉非鳳,1,ㄈㄟ ㄧㄚ ㄈㄟ ㄈㄥˋ
靠胸貼肉,1,ㄎㄠˋ ㄒㄩㄥ ㄊㄧㄝ ㄖㄡˋ
靡有孑遺,1,ㄇㄧˇ ㄧㄡˇ ㄐㄧㄝˊ ㄧˊ
靡然向風,1,ㄇㄧˇ ㄖㄢˊ ㄒㄧㄤˋ ㄈㄥ
靡然從風,1,ㄇㄧˇ ㄖㄢˊ ㄘㄨㄥˊ ㄈㄥ
靡然鄉風,1,ㄇㄧˇ ㄖㄢˊ ㄒㄧㄤ ㄈㄥ
靡知所措,1,ㄇㄧˇ ㄓ ㄙㄨㄛˇ ㄘㄨㄛˋ
靡衣偷食,1,ㄇㄧˇ ㄧ ㄊㄡ ㄕˊ
靡衣玉食,1,ㄇㄧˇ ㄧ ㄩˋ ㄕˊ
靡靡之樂,1,ㄇㄧˇ ㄇㄧˇ ㄓ ㄩㄝˋ
面不改容,1,ㄇㄧㄢˋ ㄅㄨˋ ㄍㄞˇ ㄖㄨㄥˊ
面北眉南,1,ㄇㄧㄢˋ ㄅㄟˇ ㄇㄟˊ ㄋㄢˊ
面命耳提,1,ㄇㄧㄢˋ ㄇㄧㄥˋ ㄦˇ ㄊㄧˊ
面善心狠,1,ㄇㄧㄢˋ ㄕㄢˋ ㄒㄧㄣ ㄏㄣˇ
面圓耳大,1,ㄇㄧㄢˋ ㄩㄢˊ ㄦˇ ㄉㄚˋ
面壁下帷,1,ㄇㄧㄢˋ ㄅㄧˋ ㄒㄧㄚˋ ㄨㄟˊ
面壁功深,1,ㄇㄧㄢˋ ㄅㄧˋ ㄍㄨㄥ ㄕㄣ
面壁坐禪,1,ㄇㄧㄢˋ ㄅㄧˋ ㄗㄨㄛˋ ㄔㄢˊ
面如傅粉,1,ㄇㄧㄢˋ ㄖㄨˊ ㄈㄨˋ ㄈㄣˇ
面如冠玉,1,ㄇㄧㄢˋ ㄖㄨˊ ㄍㄨㄢ ㄩˋ
面如噀血,1,ㄇㄧㄢˋ ㄖㄨˊ ㄒㄩㄣˋ ㄒㄧㄝˇ
面如敷粉,1,ㄇㄧㄢˋ ㄖㄨˊ ㄈㄨ ㄈㄣˇ
面如桃花,1,ㄇㄧㄢˋ ㄖㄨˊ ㄊㄠˊ ㄏㄨㄚ
面如槁木,1,ㄇㄧㄢˋ ㄖㄨˊ ㄍㄠˇ ㄇㄨˋ
面如死灰,1,ㄇㄧㄢˋ ㄖㄨˊ ㄙˇ ㄏㄨㄟ
面如灰土,1,ㄇㄧㄢˋ ㄖㄨˊ ㄏㄨㄟ ㄊㄨˇ
面如白紙,1,ㄇㄧㄢˋ ㄖㄨˊ ㄅㄞˊ ㄓˇ
面如白蠟,1,ㄇㄧㄢˋ ㄖㄨˊ ㄅㄞˊ ㄌㄚˋ
面如美玉,1,ㄇㄧㄢˋ ㄖㄨˊ ㄇㄟˇ ㄩˋ
面如重棗,1,ㄇㄧㄢˋ ㄖㄨˊ ㄓㄨㄥˋ ㄗㄠˇ
面如鐵色,1,ㄇㄧㄢˋ ㄖㄨˊ ㄊㄧㄝˇ ㄙㄜˋ
面帶憂容,1,ㄇㄧㄢˋ ㄉㄞˋ ㄧㄡ ㄖㄨㄥˊ
面折廷爭,1,ㄇㄧㄢˋ ㄓㄜˊ ㄊㄧㄥˊ ㄓㄥ
面方口闊,1,ㄇㄧㄢˋ ㄈㄤ ㄎㄡˇ ㄎㄨㄛˋ
面月印記,1,ㄇㄧㄢˋ ㄩㄝˋ ㄧㄣˋ ㄐㄧˋ
面有憂色,1,ㄇㄧㄢˋ ㄧㄡˇ ㄧㄡ ㄙㄜˋ
面牆而立,1,ㄇㄧㄢˋ ㄑㄧㄤˊ ㄦˊ ㄌㄧˋ
面生不熟,1,ㄇㄧㄢˋ ㄕㄥ ㄅㄨˋ ㄕㄨˊ
面皮失色,1,ㄇㄧㄢˋ ㄆㄧˊ ㄕ ㄙㄜˋ
面皮焦黃,1,ㄇㄧㄢˋ ㄆㄧˊ ㄐㄧㄠ ㄏㄨㄤˊ
面皮鐵青,1,ㄇㄧㄢˋ ㄆㄧˊ ㄊㄧㄝˇ ㄑㄧㄥ
面目清秀,1,ㄇㄧㄢˋ ㄇㄨˋ ㄑㄧㄥ ㄒㄧㄡˋ
面目猙獰,1,ㄇㄧㄢˋ ㄇㄨˋ ㄓㄥ ㄋㄧㄥˊ
面目黃瘦,1,ㄇㄧㄢˋ ㄇㄨˋ ㄏㄨㄤˊ ㄕㄡˋ
面紅過耳,1,ㄇㄧㄢˋ ㄏㄨㄥˊ ㄍㄨㄛˋ ㄦˇ
面紅面赤,1,ㄇㄧㄢˋ ㄏㄨㄥˊ ㄇㄧㄢˋ ㄔˋ
面縛輿櫬,1,ㄇㄧㄢˋ ㄈㄨˊ ㄩˊ ㄔㄣˋ
面縛銜璧,1,ㄇㄧㄢˋ ㄈㄨˊ ㄒㄧㄢˊ ㄅㄧˋ
面色如土,1,ㄇㄧㄢˋ ㄙㄜˋ ㄖㄨˊ ㄊㄨˇ
面色如生,1,ㄇㄧㄢˋ ㄙㄜˋ ㄖㄨˊ ㄕㄥ
面色發白,1,ㄇㄧㄢˋ ㄙㄜˋ ㄈㄚ ㄅㄞˊ
面若春花,1,ㄇㄧㄢˋ ㄖㄨㄛˋ ㄔㄨㄣ ㄏㄨㄚ
面薄腰纖,1,ㄇㄧㄢˋ ㄅㄛˊ ㄧㄠ ㄒㄧㄢ
面見江東,1,ㄇㄧㄢˋ ㄐㄧㄢˋ ㄐㄧㄤ ㄉㄨㄥ
面譽背毀,1,ㄇㄧㄢˋ ㄩˋ ㄅㄟˋ ㄏㄨㄟˇ
面闊口方,1,ㄇㄧㄢˋ ㄎㄨㄛˋ ㄎㄡˇ ㄈㄤ
面青脣白,1,ㄇㄧㄢˋ ㄑㄧㄥ ㄔㄨㄣˊ ㄅㄞˊ
面面俱全,1,ㄇㄧㄢˋ ㄇㄧㄢˋ ㄐㄩˋ ㄑㄩㄢˊ
面面俱圓,1,ㄇㄧㄢˋ ㄇㄧㄢˋ ㄐㄩˋ ㄩㄢˊ
面面廝覷,1,ㄇㄧㄢˋ ㄇㄧㄢˋ ㄙ ㄑㄩˋ
面面相窺,1,ㄇㄧㄢˋ ㄇㄧㄢˋ ㄒㄧㄤ ㄎㄨㄟ
面黃脣白,1,ㄇㄧㄢˋ ㄏㄨㄤˊ ㄔㄨㄣˊ ㄅㄞˊ
靦顏事仇,1,ㄊㄧㄢˇ ㄧㄢˊ ㄕˋ ㄔㄡˊ
靦顏借命,1,ㄊㄧㄢˇ ㄧㄢˊ ㄐㄧㄝˋ ㄇㄧㄥˋ
革凡成聖,1,ㄍㄜˊ ㄈㄢˊ ㄔㄥˊ ㄕㄥˋ
革凡登聖,1,ㄍㄜˊ ㄈㄢˊ ㄉㄥ ㄕㄥˋ
革命之母,1,ㄍㄜˊ ㄇㄧㄥˋ ㄓ ㄇㄨˇ
革命民權,1,ㄍㄜˊ ㄇㄧㄥˋ ㄇㄧㄣˊ ㄑㄩㄢˊ
革命法庭,1,ㄍㄜˊ ㄇㄧㄥˋ ㄈㄚˇ ㄊㄧㄥˊ
革帶移孔,1,ㄍㄜˊ ㄉㄞˋ ㄧˊ ㄎㄨㄥˇ
革故鼎新,1,ㄍㄜˊ ㄍㄨˋ ㄉㄧㄥˇ ㄒㄧㄣ
革職查辦,1,ㄍㄜˊ ㄓˊ ㄔㄚˊ ㄅㄢˋ
革舊鼎新,1,ㄍㄜˊ ㄐㄧㄡˋ ㄉㄧㄥˇ ㄒㄧㄣ
鞋鞋腳腳,1,ㄒㄧㄝˊ ㄒㄧㄝˊ ㄐㄧㄠˇ ㄐㄧㄠˇ
鞍馬勞倦,1,ㄢ ㄇㄚˇ ㄌㄠˊ ㄐㄩㄢˋ
鞍馬勞神,1,ㄢ ㄇㄚˇ ㄌㄠˊ ㄕㄣˊ
鞍馬勞頓,1,ㄢ ㄇㄚˇ ㄌㄠˊ ㄉㄨㄣˋ
鞏縣石窟,1,ㄍㄨㄥˇ ㄒㄧㄢˋ ㄕˊ ㄎㄨ
鞭不及腹,1,ㄅㄧㄢ ㄅㄨˋ ㄐㄧˊ ㄈㄨˋ
鞭石成橋,1,ㄅㄧㄢ ㄕˊ ㄔㄥˊ ㄑㄧㄠˊ
鞭笞天下,1,ㄅㄧㄢ ㄔ ㄊㄧㄢ ㄒㄧㄚˋ
鞭辟近裡,1,ㄅㄧㄢ ㄅㄧˋ ㄐㄧㄣˋ ㄌㄧˇ
韃靼海峽,1,ㄉㄚˊ ㄉㄚˊ ㄏㄞˇ ㄒㄧㄚˊ
韋叡樹麾,1,ㄨㄟˊ ㄖㄨㄟˋ ㄕㄨˋ ㄏㄨㄟ
韋布匹夫,1,ㄨㄟˊ ㄅㄨˋ ㄆㄧˇ ㄈㄨ
韋編三絕,1,ㄨㄟˊ ㄅㄧㄢ ㄙㄢ ㄐㄩㄝˊ
韋陟朵雲,1,ㄨㄟˊ ㄓˋ ㄉㄨㄛˇ ㄩㄣˊ
韓信囊沙,1,ㄏㄢˊ ㄒㄧㄣˋ ㄋㄤˊ ㄕㄚ
韓信將兵,1,ㄏㄢˊ ㄒㄧㄣˋ ㄐㄧㄤˋ ㄅㄧㄥ
韓信用兵,1,ㄏㄢˊ ㄒㄧㄣˋ ㄩㄥˋ ㄅㄧㄥ
韓信登壇,1,ㄏㄢˊ ㄒㄧㄣˋ ㄉㄥ ㄊㄢˊ
韓壽偷香,1,ㄏㄢˊ ㄕㄡˋ ㄊㄡ ㄒㄧㄤ
韓壽分香,1,ㄏㄢˊ ㄕㄡˋ ㄈㄣ ㄒㄧㄤ
韓市呼天,1,ㄏㄢˊ ㄕˋ ㄏㄨ ㄊㄧㄢ
韓幹畫馬,1,ㄏㄢˊ ㄍㄢˋ ㄏㄨㄚˋ ㄇㄚˇ
韓康賣藥,1,ㄏㄢˊ ㄎㄤ ㄇㄞˋ ㄧㄠˋ
韓海蘇潮,1,ㄏㄢˊ ㄏㄞˇ ㄙㄨ ㄔㄠˊ
韓盧逐㕙,1,ㄏㄢˊ ㄌㄨˊ ㄓㄨˊ ㄐㄩㄣˋ
韓盧逐塊,1,ㄏㄢˊ ㄌㄨˊ ㄓㄨˊ ㄎㄨㄞˋ
韓盧逐逡,1,ㄏㄢˊ ㄌㄨˊ ㄓㄨˊ ㄑㄩㄣ
韜光俟奮,1,ㄊㄠ ㄍㄨㄤ ㄙˋ ㄈㄣˋ
韜光晦跡,1,ㄊㄠ ㄍㄨㄤ ㄏㄨㄟˋ ㄐㄧ
韜光滅跡,1,ㄊㄠ ㄍㄨㄤ ㄇㄧㄝˋ ㄐㄧ
韜光隱跡,1,ㄊㄠ ㄍㄨㄤ ㄧㄣˇ ㄐㄧ
韜光韞玉,1,ㄊㄠ ㄍㄨㄤ ㄩㄣˋ ㄩˋ
韜戈偃武,1,ㄊㄠ ㄍㄜ ㄧㄢˇ ㄨˇ
韜戈卷甲,1,ㄊㄠ ㄍㄜ ㄐㄩㄢˇ ㄐㄧㄚˇ
韜晦待時,1,ㄊㄠ ㄏㄨㄟˋ ㄉㄞˋ ㄕˊ
韜聲匿跡,1,ㄊㄠ ㄕㄥ ㄋㄧˋ ㄐㄧ
韞櫝待價,1,ㄩㄣˋ ㄉㄨˊ ㄉㄞˋ ㄐㄧㄚˋ
韞櫝未酤,1,ㄩㄣˋ ㄉㄨˊ ㄨㄟˋ ㄍㄨ
韞櫝而藏,1,ㄩㄣˋ ㄉㄨˊ ㄦˊ ㄘㄤˊ
韞櫝藏珠,1,ㄩㄣˋ ㄉㄨˊ ㄘㄤˊ ㄓㄨ
韭菜盒子,1,ㄐㄧㄡˇ ㄘㄞˋ ㄏㄜˊ ㄗ˙
音信杳無,1,ㄧㄣ ㄒㄧㄣˋ ㄧㄠˇ ㄨˊ
音信杳然,1,ㄧㄣ ㄒㄧㄣˋ ㄧㄠˇ ㄖㄢˊ
音像製品,1,ㄧㄣ ㄒㄧㄤˋ ㄓˋ ㄆㄧㄣˇ
音問兩絕,1,ㄧㄣ ㄨㄣˋ ㄌㄧㄤˇ ㄐㄩㄝˊ
音問杳然,1,ㄧㄣ ㄨㄣˋ ㄧㄠˇ ㄖㄢˊ
音問相繼,1,ㄧㄣ ㄨㄣˋ ㄒㄧㄤ ㄐㄧˋ
音學五書,1,ㄧㄣ ㄒㄩㄝˊ ㄨˇ ㄕㄨ
音學十書,1,ㄧㄣ ㄒㄩㄝˊ ㄕˊ ㄕㄨ
音容如在,1,ㄧㄣ ㄖㄨㄥˊ ㄖㄨˊ ㄗㄞˋ
音容淒斷,1,ㄧㄣ ㄖㄨㄥˊ ㄑㄧ ㄉㄨㄢˋ
音容笑貌,1,ㄧㄣ ㄖㄨㄥˊ ㄒㄧㄠˋ ㄇㄠˋ
音感作畫,1,ㄧㄣ ㄍㄢˇ ㄗㄨㄛˋ ㄏㄨㄚˋ
音樂治療,1,ㄧㄣ ㄩㄝˋ ㄓˋ ㄌㄧㄠˊ
音樂電鈴,1,ㄧㄣ ㄩㄝˋ ㄉㄧㄢˋ ㄌㄧㄥˊ
音標文字,1,ㄧㄣ ㄅㄧㄠ ㄨㄣˊ ㄗˋ
音正詞圓,1,ㄧㄣ ㄓㄥˋ ㄘˊ ㄩㄢˊ
音稀信杳,1,ㄧㄣ ㄒㄧ ㄒㄧㄣˋ ㄧㄠˇ
音節文字,1,ㄧㄣ ㄐㄧㄝˊ ㄨㄣˊ ㄗˋ
音素文字,1,ㄧㄣ ㄙㄨˋ ㄨㄣˊ ㄗˋ
音耗不絕,1,ㄧㄣ ㄏㄠˋ ㄅㄨˋ ㄐㄩㄝˊ
音聲如鐘,1,ㄧㄣ ㄕㄥ ㄖㄨˊ ㄓㄨㄥ
音部記號,1,ㄧㄣ ㄅㄨˋ ㄐㄧˋ ㄏㄠˋ
音韻闡微,1,ㄧㄣ ㄩㄣˋ ㄔㄢˇ ㄨㄟˊ
韶光似箭,1,ㄕㄠˊ ㄍㄨㄤ ㄙˋ ㄐㄧㄢˋ
韶顏稚齒,1,ㄕㄠˊ ㄧㄢˊ ㄓˋ ㄔˇ
韻府群玉,1,ㄩㄣˋ ㄈㄨˇ ㄑㄩㄣˊ ㄩˋ
韻律體操,1,ㄩㄣˋ ㄌㄩˋ ㄊㄧˇ ㄘㄠ
韻會舉要,1,ㄩㄣˋ ㄏㄨㄟˋ ㄐㄩˇ ㄧㄠˋ
響天大日,1,ㄒㄧㄤˇ ㄊㄧㄢ ㄉㄚˋ ㄖˋ
響徹雲漢,1,ㄒㄧㄤˇ ㄔㄜˋ ㄩㄣˊ ㄏㄢˋ
響徹雲際,1,ㄒㄧㄤˇ ㄔㄜˋ ㄩㄣˊ ㄐㄧˋ
響答影隨,1,ㄒㄧㄤˇ ㄉㄚˊ ㄧㄥˇ ㄙㄨㄟˊ
響鈔精銀,1,ㄒㄧㄤˇ ㄔㄠ ㄐㄧㄥ ㄧㄣˊ
頂上功夫,1,ㄉㄧㄥˇ ㄕㄤˋ ㄍㄨㄥ ㄈㄨ
頂名代告,1,ㄉㄧㄥˇ ㄇㄧㄥˊ ㄉㄞˋ ㄍㄠˋ
頂名冒姓,1,ㄉㄧㄥˇ ㄇㄧㄥˊ ㄇㄠˋ ㄒㄧㄥˋ
頂喪駕靈,1,ㄉㄧㄥˇ ㄙㄤ ㄐㄧㄚˋ ㄌㄧㄥˊ
頂天履地,1,ㄉㄧㄥˇ ㄊㄧㄢ ㄌㄩˇ ㄉㄧˋ
頂尖好手,1,ㄉㄧㄥˇ ㄐㄧㄢ ㄏㄠˇ ㄕㄡˇ
頂橦踏索,1,ㄉㄧㄥˇ ㄔㄨㄤˊ ㄊㄚˋ ㄙㄨㄛˇ
頂真續麻,1,ㄉㄧㄥˇ ㄓㄣ ㄒㄩˋ ㄇㄚˊ
頂輩宗圖,1,ㄉㄧㄥˇ ㄅㄟˋ ㄗㄨㄥ ㄊㄨˊ
頂針捱住,1,ㄉㄧㄥˇ ㄓㄣ ㄞˊ ㄓㄨˋ
頂門主顧,1,ㄉㄧㄥˇ ㄇㄣˊ ㄓㄨˇ ㄍㄨˋ
頂門壯戶,1,ㄉㄧㄥˇ ㄇㄣˊ ㄓㄨㄤˋ ㄏㄨˋ
頂門腰軟,1,ㄉㄧㄥˇ ㄇㄣˊ ㄧㄠ ㄖㄨㄢˇ
項莊舞劍,1,ㄒㄧㄤˋ ㄓㄨㄤ ㄨˇ ㄐㄧㄢˋ
順人應天,1,ㄕㄨㄣˋ ㄖㄣˊ ㄧㄥˋ ㄊㄧㄢ
順口談天,1,ㄕㄨㄣˋ ㄎㄡˇ ㄊㄢˊ ㄊㄧㄢ
順口開河,1,ㄕㄨㄣˋ ㄎㄡˇ ㄎㄞ ㄏㄜˊ
順天恤民,1,ㄕㄨㄣˋ ㄊㄧㄢ ㄒㄩˋ ㄇㄧㄣˊ
順天應時,1,ㄕㄨㄣˋ ㄊㄧㄢ ㄧㄥˋ ㄕˊ
順天聽命,1,ㄕㄨㄣˋ ㄊㄧㄢ ㄊㄧㄥ ㄇㄧㄥˋ
順心遂意,1,ㄕㄨㄣˋ ㄒㄧㄣ ㄙㄨㄟˋ ㄧˋ
順情順理,1,ㄕㄨㄣˋ ㄑㄧㄥˊ ㄕㄨㄣˋ ㄌㄧˇ
順應民心,1,ㄕㄨㄣˋ ㄧㄥˋ ㄇㄧㄣˊ ㄒㄧㄣ
順時達變,1,ㄕㄨㄣˋ ㄕˊ ㄉㄚˊ ㄅㄧㄢˋ
順水推船,1,ㄕㄨㄣˋ ㄕㄨㄟˇ ㄊㄨㄟ ㄔㄨㄢˊ
順水行舟,1,ㄕㄨㄣˋ ㄕㄨㄟˇ ㄒㄧㄥˊ ㄓㄡ
順絲順綹,1,ㄕㄨㄣˋ ㄙ ㄕㄨㄣˋ ㄌㄧㄡˇ
順藤摸瓜,1,ㄕㄨㄣˋ ㄊㄥˊ ㄇㄛ ㄍㄨㄚ
順順溜溜,1,ㄕㄨㄣˋ ㄕㄨㄣ˙ ㄌㄧㄡ ㄌㄧㄡ
順頭順腦,1,ㄕㄨㄣˋ ㄊㄡˊ ㄕㄨㄣˋ ㄋㄠˇ
順風吹火,1,ㄕㄨㄣˋ ㄈㄥ ㄔㄨㄟ ㄏㄨㄛˇ
順風扯旗,1,ㄕㄨㄣˋ ㄈㄥ ㄔㄜˇ ㄑㄧˊ
順風駛船,1,ㄕㄨㄣˋ ㄈㄥ ㄕˇ ㄔㄨㄢˊ
頌古非今,1,ㄙㄨㄥˋ ㄍㄨˇ ㄈㄟ ㄐㄧㄣ
頌聲遍野,1,ㄙㄨㄥˋ ㄕㄥ ㄅㄧㄢˋ ㄧㄝˇ
預防接種,1,ㄩˋ ㄈㄤˊ ㄐㄧㄝ ㄓㄨㄥˋ
預防注射,1,ㄩˋ ㄈㄤˊ ㄓㄨˋ ㄕㄜˋ
預防醫學,1,ㄩˋ ㄈㄤˊ ㄧ ㄒㄩㄝˊ
頑廉懦立,1,ㄨㄢˊ ㄌㄧㄢˊ ㄋㄨㄛˋ ㄌㄧˋ
頑強不屈,1,ㄨㄢˊ ㄑㄧㄤˊ ㄅㄨˋ ㄑㄩ
頑皮賴骨,1,ㄨㄢˊ ㄆㄧˊ ㄌㄞˋ ㄍㄨˇ
頓劍搖環,1,ㄉㄨㄣˋ ㄐㄧㄢˋ ㄧㄠˊ ㄏㄨㄢˊ
頓口無言,1,ㄉㄨㄣˋ ㄎㄡˇ ㄨˊ ㄧㄢˊ
頓失所依,1,ㄉㄨㄣˋ ㄕ ㄙㄨㄛˇ ㄧ
頓悟前非,1,ㄉㄨㄣˋ ㄨˋ ㄑㄧㄢˊ ㄈㄟ
頓挫抑揚,1,ㄉㄨㄣˋ ㄘㄨㄛˋ ㄧˋ ㄧㄤˊ
頓衣而走,1,ㄉㄨㄣˋ ㄧ ㄦˊ ㄗㄡˇ
頓開茅塞,1,ㄉㄨㄣˋ ㄎㄞ ㄇㄠˊ ㄙㄜˋ
頗為可觀,1,ㄆㄛˇ ㄨㄟˊ ㄎㄜˇ ㄍㄨㄢ
領先指標,1,ㄌㄧㄥˇ ㄒㄧㄢ ㄓˇ ㄅㄧㄠ
領先群倫,1,ㄌㄧㄥˇ ㄒㄧㄢ ㄑㄩㄣˊ ㄌㄨㄣˊ
領先群雄,1,ㄌㄧㄥˇ ㄒㄧㄢ ㄑㄩㄣˊ ㄒㄩㄥˊ
領如蝤蠐,1,ㄌㄧㄥˇ ㄖㄨˊ ㄑㄧㄡˊ ㄑㄧˊ
領導制度,1,ㄌㄧㄥˇ ㄉㄠˇ ㄓˋ ㄉㄨˋ
領導幹部,1,ㄌㄧㄥˇ ㄉㄠˇ ㄍㄢˋ ㄅㄨˋ
領導班子,1,ㄌㄧㄥˇ ㄉㄠˇ ㄅㄢ ㄗ˙
領袖人物,1,ㄌㄧㄥˇ ㄒㄧㄡˋ ㄖㄣˊ ㄨˋ
頡頏之行,1,ㄒㄧㄝˊ ㄏㄤˊ ㄓ ㄒㄧㄥˋ
頤性養壽,1,ㄧˊ ㄒㄧㄥˋ ㄧㄤˇ ㄕㄡˋ
頤指進退,1,ㄧˊ ㄓˇ ㄐㄧㄣˋ ㄊㄨㄟˋ
頤神養壽,1,ㄧˊ ㄕㄣˊ ㄧㄤˇ ㄕㄡˋ
頤神養性,1,ㄧˊ ㄕㄣˊ ㄧㄤˇ ㄒㄧㄥˋ
頤神養氣,1,ㄧˊ ㄕㄣˊ ㄧㄤˇ ㄑㄧˋ
頤精養神,1,ㄧˊ ㄐㄧㄥ ㄧㄤˇ ㄕㄣˊ
頤養精神,1,ㄧˊ ㄧㄤˇ ㄐㄧㄥ ㄕㄣˊ
頭上安頭,1,ㄊㄡˊ ㄕㄤˋ ㄢ ㄊㄡˊ
頭上抹下,1,ㄊㄡˊ ㄕㄤˋ ㄇㄛˇ ㄒㄧㄚˋ
頭上末下,1,ㄊㄡˊ ㄕㄤˋ ㄇㄛˋ ㄒㄧㄚˋ
頭懸目眩,1,ㄊㄡˊ ㄒㄩㄢˊ ㄇㄨˋ ㄒㄩㄢˋ
頭昏目眩,1,ㄊㄡˊ ㄏㄨㄣ ㄇㄨˋ ㄒㄩㄢˋ
頭昏眼暈,1,ㄊㄡˊ ㄏㄨㄣ ㄧㄢˇ ㄩㄣ
頭昏眼暗,1,ㄊㄡˊ ㄏㄨㄣ ㄧㄢˇ ㄢˋ
頭昏腦悶,1,ㄊㄡˊ ㄏㄨㄣ ㄋㄠˇ ㄇㄣ
頭暈眼昏,1,ㄊㄡˊ ㄩㄣ ㄧㄢˇ ㄏㄨㄣ
頭暈眼黑,1,ㄊㄡˊ ㄩㄣ ㄧㄢˇ ㄏㄟ
頭會箕賦,1,ㄊㄡˊ ㄏㄨㄟˋ ㄐㄧ ㄈㄨˋ
頭梢自領,1,ㄊㄡˊ ㄕㄠ ㄗˋ ㄌㄧㄥˇ
頭癢搔跟,1,ㄊㄡˊ ㄧㄤˇ ㄙㄠ ㄍㄣ
頭眩眼花,1,ㄊㄡˊ ㄒㄩㄢˋ ㄧㄢˇ ㄏㄨㄚ
頭破血出,1,ㄊㄡˊ ㄆㄛˋ ㄒㄧㄝˇ ㄔㄨ
頭破血淋,1,ㄊㄡˊ ㄆㄛˋ ㄒㄧㄝˇ ㄌㄧㄣˊ
頭稍自領,1,ㄊㄡˊ ㄕㄠ ㄗˋ ㄌㄧㄥˇ
頭童齒豁,1,ㄊㄡˊ ㄊㄨㄥˊ ㄔˇ ㄏㄨㄛˋ
頭腦簡單,1,ㄊㄡˊ ㄋㄠˇ ㄐㄧㄢˇ ㄉㄢ
頭腦體操,1,ㄊㄡˊ ㄋㄠˇ ㄊㄧˇ ㄘㄠ
頭蓬眼瘇,1,ㄊㄡˊ ㄆㄥˊ ㄧㄢˇ ㄓㄨㄥˇ
頭角嶄然,1,ㄊㄡˊ ㄐㄧㄠˇ ㄓㄢˇ ㄖㄢˊ
頭足異所,1,ㄊㄡˊ ㄗㄨˊ ㄧˋ ㄙㄨㄛˇ
頭足異處,1,ㄊㄡˊ ㄗㄨˊ ㄧˋ ㄔㄨˋ
頭輕腳重,1,ㄊㄡˊ ㄑㄧㄥ ㄐㄧㄠˇ ㄓㄨㄥˋ
頭重身輕,1,ㄊㄡˊ ㄓㄨㄥˋ ㄕㄣ ㄑㄧㄥ
頭頭件件,1,ㄊㄡˊ ㄊㄡˊ ㄐㄧㄢˋ ㄐㄧㄢˋ
頭髮上指,1,ㄊㄡˊ ㄈㄚˇ ㄕㄤˋ ㄓˇ
頭髮殼子,1,ㄊㄡˊ ㄈㄚˇ ㄎㄜˊ ㄗ˙
頸動脈竇,1,ㄐㄧㄥˇ ㄉㄨㄥˋ ㄇㄞˋ ㄉㄡˋ
頹牆壞壁,1,ㄊㄨㄟˊ ㄑㄧㄤˊ ㄏㄨㄞˋ ㄅㄧˋ
頹靡不振,1,ㄊㄨㄟˊ ㄇㄧˇ ㄅㄨˋ ㄓㄣˋ
頻來無忌,1,ㄆㄧㄣˊ ㄌㄞˊ ㄨˊ ㄐㄧˋ
頻頻失利,1,ㄆㄧㄣˊ ㄆㄧㄣˊ ㄕ ㄌㄧˋ
頻頻貶降,1,ㄆㄧㄣˊ ㄆㄧㄣˊ ㄅㄧㄢˇ ㄐㄧㄤˋ
題目正名,1,ㄊㄧˊ ㄇㄨˋ ㄓㄥˋ ㄇㄧㄥˊ
題鳳題午,1,ㄊㄧˊ ㄈㄥˋ ㄊㄧˊ ㄨˇ
額外之人,1,ㄜˊ ㄨㄞˋ ㄓ ㄖㄣˊ
額我略曆,1,ㄜˊ ㄨㄛˇ ㄌㄩㄝˋ ㄌㄧˋ
額手稱頌,1,ㄜˊ ㄕㄡˇ ㄔㄥ ㄙㄨㄥˋ
額濟納河,1,ㄜˊ ㄐㄧˋ ㄋㄚˋ ㄏㄜˊ
額爾德尼,1,ㄜˊ ㄦˇ ㄉㄜˊ ㄋㄧˊ
顎化作用,1,ㄜˋ ㄏㄨㄚˋ ㄗㄨㄛˋ ㄩㄥˋ
顏勤禮碑,1,ㄧㄢˊ ㄑㄧㄣˊ ㄌㄧˇ ㄅㄟ
顏家廟碑,1,ㄧㄢˊ ㄐㄧㄚ ㄇㄧㄠˋ ㄅㄟ
顏筋柳骨,1,ㄧㄢˊ ㄐㄧㄣ ㄌㄧㄡˇ ㄍㄨˇ
顏苦孔卓,1,ㄧㄢˊ ㄎㄨˇ ㄎㄨㄥˇ ㄓㄨㄛˊ
顏闔鑿培,1,ㄧㄢˊ ㄏㄜˊ ㄗㄨㄛˋ ㄆㄟˊ
顏面神經,1,ㄧㄢˊ ㄇㄧㄢˋ ㄕㄣˊ ㄐㄧㄥ
顏骨柳筋,1,ㄧㄢˊ ㄍㄨˇ ㄌㄧㄡˇ ㄐㄧㄣ
願寘誠念,1,ㄩㄢˋ ㄓˋ ㄔㄥˊ ㄋㄧㄢˋ
顛不剌的,1,ㄉㄧㄢ ㄅㄨ˙ ㄌㄚ ㄉㄜ˙
顛之倒之,1,ㄉㄧㄢ ㄓ ㄉㄠˇ ㄓ
顛乾倒坤,1,ㄉㄧㄢ ㄑㄧㄢˊ ㄉㄠˇ ㄎㄨㄣ
顛倒而行,1,ㄉㄧㄢ ㄉㄠˇ ㄦˊ ㄒㄧㄥˊ
顛倒衣裳,1,ㄉㄧㄢ ㄉㄠˇ ㄧ ㄔㄤˊ
顛倒錯亂,1,ㄉㄧㄢ ㄉㄠˇ ㄘㄨㄛˋ ㄌㄨㄢˋ
顛倒陰陽,1,ㄉㄧㄢ ㄉㄠˇ ㄧㄣ ㄧㄤˊ
顛寒作熱,1,ㄉㄧㄢ ㄏㄢˊ ㄗㄨㄛˋ ㄖㄜˋ
顛張醉素,1,ㄉㄧㄢ ㄓㄤ ㄗㄨㄟˋ ㄙㄨˋ
顛撲不破,1,ㄉㄧㄢ ㄆㄨ ㄅㄨˋ ㄆㄛˋ
顛撲不碎,1,ㄉㄧㄢ ㄆㄨ ㄅㄨˋ ㄙㄨㄟˋ
顛東顛東,1,ㄉㄧㄢ ㄉㄨㄥ ㄉㄧㄢ ㄉㄨㄥ
顛番面皮,1,ㄉㄧㄢ ㄈㄢ ㄇㄧㄢˋ ㄆㄧˊ
顛簸不破,1,ㄉㄧㄢ ㄅㄛˇ ㄅㄨˋ ㄆㄛˋ
顛而倒之,1,ㄉㄧㄢ ㄦˊ ㄉㄠˇ ㄓ
顛脣簸嘴,1,ㄉㄧㄢ ㄔㄨㄣˊ ㄅㄛˇ ㄗㄨㄟˇ
顛越不恭,1,ㄉㄧㄢ ㄩㄝˋ ㄅㄨˋ ㄍㄨㄥ
顛連困苦,1,ㄉㄧㄢ ㄌㄧㄢˊ ㄎㄨㄣˋ ㄎㄨˇ
顛頭聳腦,1,ㄉㄧㄢ ㄊㄡˊ ㄙㄨㄥˇ ㄋㄠˇ
顛鸞倒鳳,1,ㄉㄧㄢ ㄌㄨㄢˊ ㄉㄠˇ ㄈㄥˋ
顜若畫一,1,ㄐㄧㄤˇ ㄖㄨㄛˋ ㄏㄨㄚˋ ㄧ
類地行星,1,ㄌㄟˋ ㄉㄧˋ ㄒㄧㄥˊ ㄒㄧㄥ
類推作用,1,ㄌㄟˋ ㄊㄨㄟ ㄗㄨㄛˋ ㄩㄥˋ
類木行星,1,ㄌㄟˋ ㄇㄨˋ ㄒㄧㄥˊ ㄒㄧㄥ
類比信號,1,ㄌㄟˋ ㄅㄧˇ ㄒㄧㄣˋ ㄏㄠˋ
類比唱片,1,ㄌㄟˋ ㄅㄧˇ ㄔㄤˋ ㄆㄧㄢˋ
類比電腦,1,ㄌㄟˋ ㄅㄧˇ ㄉㄧㄢˋ ㄋㄠˇ
顢裡顢頇,1,ㄇㄢˊ ㄌㄧ˙ ㄇㄢˊ ㄏㄢ
顧不過來,1,ㄍㄨˋ ㄅㄨˋ ㄍㄨㄛˋ ㄌㄞˊ
顧前顧後,1,ㄍㄨˋ ㄑㄧㄢˊ ㄍㄨˋ ㄏㄡˋ
顧影弄姿,1,ㄍㄨˋ ㄧㄥˇ ㄋㄨㄥˋ ㄗ
顧後瞻前,1,ㄍㄨˋ ㄏㄡˋ ㄓㄢ ㄑㄧㄢˊ
顧得過來,1,ㄍㄨˋ ㄉㄜ˙ ㄍㄨㄛˋ ㄌㄞˊ
顧復之恩,1,ㄍㄨˋ ㄈㄨˋ ㄓ ㄣ
顧曲周郎,1,ㄍㄨˋ ㄑㄩˇ ㄓㄡ ㄌㄤˊ
顧犬補牢,1,ㄍㄨˋ ㄑㄩㄢˇ ㄅㄨˇ ㄌㄠˊ
顧盼生姿,1,ㄍㄨˋ ㄆㄢˋ ㄕㄥ ㄗ
顧盼生輝,1,ㄍㄨˋ ㄆㄢˋ ㄕㄥ ㄏㄨㄟ
顧盼神飛,1,ㄍㄨˋ ㄆㄢˋ ㄕㄣˊ ㄈㄟ
顧盼自豪,1,ㄍㄨˋ ㄆㄢˋ ㄗˋ ㄏㄠˊ
顫顫巍巍,1,ㄓㄢˋ ㄓㄢˋ ㄨㄟˊ ㄨㄟˊ
顯姓揚名,1,ㄒㄧㄢˇ ㄒㄧㄥˋ ㄧㄤˊ ㄇㄧㄥˊ
顯微手術,1,ㄒㄧㄢˇ ㄨㄟˊ ㄕㄡˇ ㄕㄨˋ
顯微書影,1,ㄒㄧㄢˇ ㄨㄟˊ ㄕㄨ ㄧㄥˇ
顯微照相,1,ㄒㄧㄢˇ ㄨㄟˊ ㄓㄠˋ ㄒㄧㄤˋ
顯祖揚宗,1,ㄒㄧㄢˇ ㄗㄨˇ ㄧㄤˊ ㄗㄨㄥ
顯祖榮宗,1,ㄒㄧㄢˇ ㄗㄨˇ ㄖㄨㄥˊ ㄗㄨㄥ
顯色反應,1,ㄒㄧㄢˇ ㄙㄜˋ ㄈㄢˇ ㄧㄥˋ
顯親揚名,1,ㄒㄧㄢˇ ㄑㄧㄣ ㄧㄤˊ ㄇㄧㄥˊ
顯露原形,1,ㄒㄧㄢˇ ㄌㄨˋ ㄩㄢˊ ㄒㄧㄥˊ
顰眉蹙額,1,ㄆㄧㄣˊ ㄇㄟˊ ㄘㄨˋ ㄜˊ
風不鳴條,1,ㄈㄥ ㄅㄨˋ ㄇㄧㄥˊ ㄊㄧㄠˊ
風世勵俗,1,ㄈㄥˋ ㄕˋ ㄌㄧˋ ㄙㄨˊ
風中之燭,1,ㄈㄥ ㄓㄨㄥ ㄓ ㄓㄨˊ
風中秉燭,1,ㄈㄥ ㄓㄨㄥ ㄅㄧㄥˇ ㄓㄨˊ
風亭月館,1,ㄈㄥ ㄊㄧㄥˊ ㄩㄝˋ ㄍㄨㄢˇ
風休冰解,1,ㄈㄥ ㄒㄧㄡ ㄅㄧㄥ ㄐㄧㄝˇ
風伯雨師,1,ㄈㄥ ㄅㄛˊ ㄩˇ ㄕ
風俗人情,1,ㄈㄥ ㄙㄨˊ ㄖㄣˊ ㄑㄧㄥˊ
風俗通義,1,ㄈㄥ ㄙㄨˊ ㄊㄨㄥ ㄧˋ
風光旖旎,1,ㄈㄥ ㄍㄨㄤ ㄧˇ ㄋㄧˇ
風兵草甲,1,ㄈㄥ ㄅㄧㄥ ㄘㄠˇ ㄐㄧㄚˇ
風刀霜劍,1,ㄈㄥ ㄉㄠ ㄕㄨㄤ ㄐㄧㄢˋ
風前之燭,1,ㄈㄥ ㄑㄧㄢˊ ㄓ ㄓㄨˊ
風前月下,1,ㄈㄥ ㄑㄧㄢˊ ㄩㄝˋ ㄒㄧㄚˋ
風力發電,1,ㄈㄥ ㄌㄧˋ ㄈㄚ ㄉㄧㄢˋ
風動旛動,1,ㄈㄥ ㄉㄨㄥˋ ㄈㄢ ㄉㄨㄥˋ
風吹浪打,1,ㄈㄥ ㄔㄨㄟ ㄌㄤˋ ㄉㄚˇ
風吹草低,1,ㄈㄥ ㄔㄨㄟ ㄘㄠˇ ㄉㄧ
風和日美,1,ㄈㄥ ㄏㄜˊ ㄖˋ ㄇㄟˇ
風土民情,1,ㄈㄥ ㄊㄨˇ ㄇㄧㄣˊ ㄑㄧㄥˊ
風塵三俠,1,ㄈㄥ ㄔㄣˊ ㄙㄢ ㄒㄧㄚˊ
風塵勞攘,1,ㄈㄥ ㄔㄣˊ ㄌㄠˊ ㄖㄤˇ
風塵外物,1,ㄈㄥ ㄔㄣˊ ㄨㄞˋ ㄨˋ
風塵女子,1,ㄈㄥ ㄔㄣˊ ㄋㄩˇ ㄗˇ
風塵惡俗,1,ㄈㄥ ㄔㄣˊ ㄜˋ ㄙㄨˊ
風塵知己,1,ㄈㄥ ㄔㄣˊ ㄓ ㄐㄧˇ
風塵碌碌,1,ㄈㄥ ㄔㄣˊ ㄌㄨˋ ㄌㄨˋ
風塵荏苒,1,ㄈㄥ ㄔㄣˊ ㄖㄣˇ ㄖㄢˇ
風塵表物,1,ㄈㄥ ㄔㄣˊ ㄅㄧㄠˇ ㄨˋ
風大浪高,1,ㄈㄥ ㄉㄚˋ ㄌㄤˋ ㄍㄠ
風姿瀟灑,1,ㄈㄥ ㄗ ㄒㄧㄠ ㄙㄚˇ
風定天晴,1,ㄈㄥ ㄉㄧㄥˋ ㄊㄧㄢ ㄑㄧㄥˊ
風寒紗縵,1,ㄈㄥ ㄏㄢˊ ㄕㄚ ㄇㄢˋ
風平波息,1,ㄈㄥ ㄆㄧㄥˊ ㄅㄛ ㄒㄧˊ
風從響應,1,ㄈㄥ ㄘㄨㄥˊ ㄒㄧㄤˇ ㄧㄥˋ
風微浪穩,1,ㄈㄥ ㄨㄟˊ ㄌㄤˋ ㄨㄣˇ
風快的刀,1,ㄈㄥ ㄎㄨㄞˋ ㄉㄜ˙ ㄉㄠ
風急雨驟,1,ㄈㄥ ㄐㄧˊ ㄩˇ ㄗㄡˋ
風恬日朗,1,ㄈㄥ ㄊㄧㄢˊ ㄖˋ ㄌㄤˇ
風恬月朗,1,ㄈㄥ ㄊㄧㄢˊ ㄩㄝˋ ㄌㄤˇ
風恬浪靜,1,ㄈㄥ ㄊㄧㄢˊ ㄌㄤˋ ㄐㄧㄥˋ
風情月債,1,ㄈㄥ ㄑㄧㄥˊ ㄩㄝˋ ㄓㄞˋ
風情月思,1,ㄈㄥ ㄑㄧㄥˊ ㄩㄝˋ ㄙ
風情月意,1,ㄈㄥ ㄑㄧㄥˊ ㄩㄝˋ ㄧˋ
風成化習,1,ㄈㄥ ㄔㄥˊ ㄏㄨㄚˋ ㄒㄧˊ
風成砂岩,1,ㄈㄥ ㄔㄥˊ ㄕㄚ ㄧㄢˊ
風掣雷行,1,ㄈㄥ ㄔㄜˋ ㄌㄟˊ ㄒㄧㄥˊ
風日晴和,1,ㄈㄥ ㄖˋ ㄑㄧㄥˊ ㄏㄜˊ
風暖日麗,1,ㄈㄥ ㄋㄨㄢˇ ㄖˋ ㄌㄧˋ
風月子弟,1,ㄈㄥ ㄩㄝˋ ㄗˇ ㄉㄧˋ
風月寶鑑,1,ㄈㄥ ㄩㄝˋ ㄅㄠˇ ㄐㄧㄢˋ
風月常新,1,ㄈㄥ ㄩㄝˋ ㄔㄤˊ ㄒㄧㄣ
風月故事,1,ㄈㄥ ㄩㄝˋ ㄍㄨˋ ㄕˋ
風月清照,1,ㄈㄥ ㄩㄝˋ ㄑㄧㄥ ㄓㄠˋ
風月無邊,1,ㄈㄥ ㄩㄝˋ ㄨˊ ㄅㄧㄢ
風月筆墨,1,ㄈㄥ ㄩㄝˋ ㄅㄧˇ ㄇㄛˋ
風木之思,1,ㄈㄥ ㄇㄨˋ ㄓ ㄙ
風木含悲,1,ㄈㄥ ㄇㄨˋ ㄏㄢˊ ㄅㄟ
風標俏倬,1,ㄈㄥ ㄅㄧㄠ ㄑㄧㄠˋ ㄓㄨㄛˊ
風樹之悲,1,ㄈㄥ ㄕㄨˋ ㄓ ㄅㄟ
風樹之感,1,ㄈㄥ ㄕㄨˋ ㄓ ㄍㄢˇ
風檐寸晷,1,ㄈㄥ ㄧㄢˊ ㄘㄨㄣˋ ㄍㄨㄟˇ
風檣陣馬,1,ㄈㄥ ㄑㄧㄤˊ ㄓㄣˋ ㄇㄚˇ
風水先生,1,ㄈㄥ ㄕㄨㄟ˙ ㄒㄧㄢ ㄕㄥ˙
風波平地,1,ㄈㄥ ㄅㄛ ㄆㄧㄥˊ ㄉㄧˋ
風流佳事,1,ㄈㄥ ㄌㄧㄡˊ ㄐㄧㄚ ㄕˋ
風流俊俏,1,ㄈㄥ ㄌㄧㄡˊ ㄐㄩㄣˋ ㄑㄧㄠˋ
風流儒雅,1,ㄈㄥ ㄌㄧㄡˊ ㄖㄨˊ ㄧㄚˇ
風流冤孽,1,ㄈㄥ ㄌㄧㄡˊ ㄩㄢ ㄋㄧㄝˋ
風流冤業,1,ㄈㄥ ㄌㄧㄡˊ ㄩㄢ ㄧㄝˋ
風流別致,1,ㄈㄥ ㄌㄧㄡˊ ㄅㄧㄝˊ ㄓˋ
風流千古,1,ㄈㄥ ㄌㄧㄡˊ ㄑㄧㄢ ㄍㄨˇ
風流博浪,1,ㄈㄥ ㄌㄧㄡˊ ㄅㄛˊ ㄌㄤˋ
風流婉轉,1,ㄈㄥ ㄌㄧㄡˊ ㄨㄢˇ ㄓㄨㄢˇ
風流宰相,1,ㄈㄥ ㄌㄧㄡˊ ㄗㄞˇ ㄒㄧㄤˋ
風流家數,1,ㄈㄥ ㄌㄧㄡˊ ㄐㄧㄚ ㄕㄨˋ
風流快活,1,ㄈㄥ ㄌㄧㄡˊ ㄎㄨㄞˋ ㄏㄨㄛˊ
風流標致,1,ㄈㄥ ㄌㄧㄡˊ ㄅㄧㄠ ㄓˋ
風流爾雅,1,ㄈㄥ ㄌㄧㄡˊ ㄦˇ ㄧㄚˇ
風流班首,1,ㄈㄥ ㄌㄧㄡˊ ㄅㄢ ㄕㄡˇ
風流罪過,1,ㄈㄥ ㄌㄧㄡˊ ㄗㄨㄟˋ ㄍㄨㄛˋ
風流自賞,1,ㄈㄥ ㄌㄧㄡˊ ㄗˋ ㄕㄤˇ
風流蘊藉,1,ㄈㄥ ㄌㄧㄡˊ ㄩㄣˋ ㄐㄧㄝˋ
風流話靶,1,ㄈㄥ ㄌㄧㄡˊ ㄏㄨㄚˋ ㄅㄚˇ
風流調法,1,ㄈㄥ ㄌㄧㄡˊ ㄉㄧㄠˋ ㄈㄚˇ
風流醞藉,1,ㄈㄥ ㄌㄧㄡˊ ㄩㄣˋ ㄐㄧㄝˋ
風流雨散,1,ㄈㄥ ㄌㄧㄡˊ ㄩˇ ㄙㄢˋ
風清弊絕,1,ㄈㄥ ㄑㄧㄥ ㄅㄧˋ ㄐㄩㄝˊ
風清月明,1,ㄈㄥ ㄑㄧㄥ ㄩㄝˋ ㄇㄧㄥˊ
風清月朗,1,ㄈㄥ ㄑㄧㄥ ㄩㄝˋ ㄌㄤˇ
風清月白,1,ㄈㄥ ㄑㄧㄥ ㄩㄝˋ ㄅㄞˊ
風清月皎,1,ㄈㄥ ㄑㄧㄥ ㄩㄝˋ ㄐㄧㄠˇ
風清氣爽,1,ㄈㄥ ㄑㄧㄥ ㄑㄧˋ ㄕㄨㄤˇ
風激電飛,1,ㄈㄥ ㄐㄧ ㄉㄧㄢˋ ㄈㄟ
風激電駭,1,ㄈㄥ ㄐㄧ ㄉㄧㄢˋ ㄏㄞˋ
風火相煽,1,ㄈㄥ ㄏㄨㄛˇ ㄒㄧㄤ ㄕㄢ
風火眼痛,1,ㄈㄥ ㄏㄨㄛˇ ㄧㄢˇ ㄊㄨㄥˋ
風熱感冒,1,ㄈㄥ ㄖㄜˋ ㄍㄢˇ ㄇㄠˋ
風燭草露,1,ㄈㄥ ㄓㄨˊ ㄘㄠˇ ㄌㄨˋ
風物習俗,1,ㄈㄥ ㄨˋ ㄒㄧˊ ㄙㄨˊ
風神秀雅,1,ㄈㄥ ㄕㄣˊ ㄒㄧㄡˋ ㄧㄚˇ
風移俗改,1,ㄈㄥ ㄧˊ ㄙㄨˊ ㄍㄞˇ
風移俗易,1,ㄈㄥ ㄧˊ ㄙㄨˊ ㄧˋ
風移俗變,1,ㄈㄥ ㄧˊ ㄙㄨˊ ㄅㄧㄢˋ
風簷寸晷,1,ㄈㄥ ㄧㄢˊ ㄘㄨㄣˋ ㄍㄨㄟˇ
風聞言事,1,ㄈㄥ ㄨㄣˊ ㄧㄢˊ ㄕˋ
風興雲蒸,1,ㄈㄥ ㄒㄧㄥ ㄩㄣˊ ㄓㄥ
風舉雲搖,1,ㄈㄥ ㄐㄩˇ ㄩㄣˊ ㄧㄠˊ
風色大作,1,ㄈㄥ ㄙㄜˋ ㄉㄚˋ ㄗㄨㄛˋ
風華正茂,1,ㄈㄥ ㄏㄨㄚˊ ㄓㄥˋ ㄇㄠˋ
風萍浪跡,1,ㄈㄥ ㄆㄧㄥˊ ㄌㄤˋ ㄐㄧ
風虎雲龍,1,ㄈㄥ ㄏㄨˇ ㄩㄣˊ ㄌㄨㄥˊ
風行水上,1,ㄈㄥ ㄒㄧㄥˊ ㄕㄨㄟˇ ㄕㄤˋ
風行草從,1,ㄈㄥ ㄒㄧㄥˊ ㄘㄠˇ ㄘㄨㄥˊ
風行草靡,1,ㄈㄥ ㄒㄧㄥˊ ㄘㄠˇ ㄇㄧˇ
風行電擊,1,ㄈㄥ ㄒㄧㄥˊ ㄉㄧㄢˋ ㄐㄧˊ
風裡楊花,1,ㄈㄥ ㄌㄧˇ ㄧㄤˊ ㄏㄨㄚ
風言俏語,1,ㄈㄥ ㄧㄢˊ ㄑㄧㄠˋ ㄩˇ
風調雨潤,1,ㄈㄥ ㄊㄧㄠˊ ㄩˇ ㄖㄨㄣˋ
風起水涌,1,ㄈㄥ ㄑㄧˇ ㄕㄨㄟˇ ㄩㄥˇ
風起潮湧,1,ㄈㄥ ㄑㄧˇ ㄔㄠˊ ㄩㄥˇ
風起雲布,1,ㄈㄥ ㄑㄧˇ ㄩㄣˊ ㄅㄨˋ
風起雲蒸,1,ㄈㄥ ㄑㄧˇ ㄩㄣˊ ㄓㄥ
風趣橫生,1,ㄈㄥ ㄑㄩˋ ㄏㄥˊ ㄕㄥ
風輕日暖,1,ㄈㄥ ㄑㄧㄥ ㄖˋ ㄋㄨㄢˇ
風輕雲淡,1,ㄈㄥ ㄑㄧㄥ ㄩㄣˊ ㄉㄢˋ
風輕雲淨,1,ㄈㄥ ㄑㄧㄥ ㄩㄣˊ ㄐㄧㄥˋ
風采堂堂,1,ㄈㄥ ㄘㄞˇ ㄊㄤˊ ㄊㄤˊ
風雨不改,1,ㄈㄥ ㄩˇ ㄅㄨˋ ㄍㄞˇ
風雨不透,1,ㄈㄥ ㄩˇ ㄅㄨˋ ㄊㄡˋ
風雨如磐,1,ㄈㄥ ㄩˇ ㄖㄨˊ ㄆㄢˊ
風雨對床,1,ㄈㄥ ㄩˇ ㄉㄨㄟˋ ㄔㄨㄤˊ
風雨時若,1,ㄈㄥ ㄩˇ ㄕˊ ㄖㄨㄛˋ
風雨晦冥,1,ㄈㄥ ㄩˇ ㄏㄨㄟˋ ㄇㄧㄥˊ
風雨蕭條,1,ㄈㄥ ㄩˇ ㄒㄧㄠ ㄊㄧㄠˊ
風雲不測,1,ㄈㄥ ㄩㄣˊ ㄅㄨˋ ㄘㄜˋ
風雲之志,1,ㄈㄥ ㄩㄣˊ ㄓ ㄓˋ
風雲感會,1,ㄈㄥ ㄩㄣˊ ㄍㄢˇ ㄏㄨㄟˋ
風雲月露,1,ㄈㄥ ㄩㄣˊ ㄩㄝˋ ㄌㄨˋ
風雲氣候,1,ㄈㄥ ㄩㄣˊ ㄑㄧˋ ㄏㄡˋ
風雲突變,1,ㄈㄥ ㄩㄣˊ ㄊㄨˊ ㄅㄧㄢˋ
風雲變幻,1,ㄈㄥ ㄩㄣˊ ㄅㄧㄢˋ ㄏㄨㄢˋ
風雲變態,1,ㄈㄥ ㄩㄣˊ ㄅㄧㄢˋ ㄊㄞˋ
風雲開闔,1,ㄈㄥ ㄩㄣˊ ㄎㄞ ㄏㄜˊ
風雷之性,1,ㄈㄥ ㄌㄟˊ ㄓ ㄒㄧㄥˋ
風雷火炮,1,ㄈㄥ ㄌㄟˊ ㄏㄨㄛˇ ㄆㄠˋ
風靜浪平,1,ㄈㄥ ㄐㄧㄥˋ ㄌㄤˋ ㄆㄧㄥˊ
風靡雲湧,1,ㄈㄥ ㄇㄧˇ ㄩㄣˊ ㄩㄥˇ
風靡雲蒸,1,ㄈㄥ ㄇㄧˇ ㄩㄣˊ ㄓㄥ
風風勢勢,1,ㄈㄥ ㄈㄥ ㄕˋ ㄕˋ
風風火火,1,ㄈㄥ ㄈㄥ ㄏㄨㄛˇ ㄏㄨㄛˇ
風風韻韻,1,ㄈㄥ ㄈㄥ ㄩㄣˋ ㄩㄣˋ
風飛雲會,1,ㄈㄥ ㄈㄟ ㄩㄣˊ ㄏㄨㄟˋ
風飧水宿,1,ㄈㄥ ㄙㄨㄣ ㄕㄨㄟˇ ㄙㄨˋ
風飧露宿,1,ㄈㄥ ㄙㄨㄣ ㄌㄨˋ ㄙㄨˋ
風餐水宿,1,ㄈㄥ ㄘㄢ ㄕㄨㄟˇ ㄙㄨˋ
風餐水棲,1,ㄈㄥ ㄘㄢ ㄕㄨㄟˇ ㄑㄧ
風餐雨宿,1,ㄈㄥ ㄘㄢ ㄩˇ ㄙㄨˋ
風馬不接,1,ㄈㄥ ㄇㄚˇ ㄅㄨˋ ㄐㄧㄝ
風馬雲車,1,ㄈㄥ ㄇㄚˇ ㄩㄣˊ ㄔㄜ
風馳雨驟,1,ㄈㄥ ㄔˊ ㄩˇ ㄗㄡˋ
風馳電卷,1,ㄈㄥ ㄔˊ ㄉㄧㄢˋ ㄐㄩㄢˇ
風馳電赴,1,ㄈㄥ ㄔˊ ㄉㄧㄢˋ ㄈㄨˋ
風馳電逝,1,ㄈㄥ ㄔˊ ㄉㄧㄢˋ ㄕˋ
風驅電掃,1,ㄈㄥ ㄑㄩ ㄉㄧㄢˋ ㄙㄠˇ
風驅電擊,1,ㄈㄥ ㄑㄩ ㄉㄧㄢˋ ㄐㄧˊ
風骨峭峻,1,ㄈㄥ ㄍㄨˇ ㄑㄧㄠˋ ㄐㄩㄣˋ
風鬟雨鬢,1,ㄈㄥ ㄏㄨㄢˊ ㄩˇ ㄅㄧㄣˋ
風鬟霧鬢,1,ㄈㄥ ㄏㄨㄢˊ ㄨˋ ㄅㄧㄣˋ
風魔九伯,1,ㄈㄥ ㄇㄛˊ ㄐㄧㄡˇ ㄅㄛˊ
風鶴魂驚,1,ㄈㄥ ㄏㄜˋ ㄏㄨㄣˊ ㄐㄧㄥ
颯爽英姿,1,ㄙㄚˋ ㄕㄨㄤˇ ㄧㄥ ㄗ
颱風警報,1,ㄊㄞˊ ㄈㄥ ㄐㄧㄥˇ ㄅㄠˋ
飄忽不定,1,ㄆㄧㄠ ㄏㄨ ㄅㄨˋ ㄉㄧㄥˋ
飄若神仙,1,ㄆㄧㄠ ㄖㄨㄛˋ ㄕㄣˊ ㄒㄧㄢ
飄茵落溷,1,ㄆㄧㄠ ㄧㄣ ㄌㄨㄛˋ ㄏㄨㄣˋ
飄蓬斷梗,1,ㄆㄧㄠ ㄆㄥˊ ㄉㄨㄢˋ ㄍㄥˇ
飄風急雨,1,ㄆㄧㄠ ㄈㄥ ㄐㄧˊ ㄩˇ
飄風戲月,1,ㄆㄧㄠ ㄈㄥ ㄒㄧˋ ㄩㄝˋ
飄風暴雨,1,ㄆㄧㄠ ㄈㄥ ㄅㄠˋ ㄩˇ
飄風驟雨,1,ㄆㄧㄠ ㄈㄥ ㄗㄡˋ ㄩˇ
飆發電舉,1,ㄅㄧㄠ ㄈㄚ ㄉㄧㄢˋ ㄐㄩˇ
飆舉電至,1,ㄅㄧㄠ ㄐㄩˇ ㄉㄧㄢˋ ㄓˋ
飛也似的,1,ㄈㄟ ㄧㄝˇ ㄙˋ ㄉㄜ˙
飛來橫禍,1,ㄈㄟ ㄌㄞˊ ㄏㄥˋ ㄏㄨㄛˋ
飛來橫財,1,ㄈㄟ ㄌㄞˊ ㄏㄥˋ ㄘㄞˊ
飛土逐肉,1,ㄈㄟ ㄊㄨˇ ㄓㄨˊ ㄖㄡˋ
飛天光棍,1,ㄈㄟ ㄊㄧㄢ ㄍㄨㄤ ㄍㄨㄣˋ
飛彈快艇,1,ㄈㄟ ㄉㄢˋ ㄎㄨㄞˋ ㄊㄧㄥˇ
飛必沖天,1,ㄈㄟ ㄅㄧˋ ㄔㄨㄥ ㄊㄧㄢ
飛揚浮躁,1,ㄈㄟ ㄧㄤˊ ㄈㄨˊ ㄗㄠˋ
飛文染翰,1,ㄈㄟ ㄨㄣˊ ㄖㄢˇ ㄏㄢˋ
飛書傳羽,1,ㄈㄟ ㄕㄨ ㄔㄨㄢˊ ㄩˇ
飛書走檄,1,ㄈㄟ ㄕㄨ ㄗㄡˇ ㄒㄧˊ
飛書馳檄,1,ㄈㄟ ㄕㄨ ㄔˊ ㄒㄧˊ
飛機下蛋,1,ㄈㄟ ㄐㄧ ㄒㄧㄚˋ ㄉㄢˋ
飛殃走禍,1,ㄈㄟ ㄧㄤ ㄗㄡˇ ㄏㄨㄛˋ
飛沙揚礫,1,ㄈㄟ ㄕㄚ ㄧㄤˊ ㄌㄧˋ
飛沙走礫,1,ㄈㄟ ㄕㄚ ㄗㄡˇ ㄌㄧˋ
飛流短長,1,ㄈㄟ ㄌㄧㄡˊ ㄉㄨㄢˇ ㄔㄤˊ
飛潛動植,1,ㄈㄟ ㄑㄧㄢˊ ㄉㄨㄥˋ ㄓˊ
飛災橫禍,1,ㄈㄟ ㄗㄞ ㄏㄥˋ ㄏㄨㄛˋ
飛熊入夢,1,ㄈㄟ ㄒㄩㄥˊ ㄖㄨˋ ㄇㄥˋ
飛燕外傳,1,ㄈㄟ ㄧㄢˋ ㄨㄞˋ ㄓㄨㄢˋ
飛燕游龍,1,ㄈㄟ ㄧㄢˋ ㄧㄡˊ ㄌㄨㄥˊ
飛牆走壁,1,ㄈㄟ ㄑㄧㄤˊ ㄗㄡˇ ㄅㄧˋ
飛眼傳情,1,ㄈㄟ ㄧㄢˇ ㄔㄨㄢˊ ㄑㄧㄥˊ
飛短流長,1,ㄈㄟ ㄉㄨㄢˇ ㄌㄧㄡˊ ㄔㄤˊ
飛砂揚礫,1,ㄈㄟ ㄕㄚ ㄧㄤˊ ㄌㄧˋ
飛砂走石,1,ㄈㄟ ㄕㄚ ㄗㄡˇ ㄕˊ
飛砂轉石,1,ㄈㄟ ㄕㄚ ㄓㄨㄢˇ ㄕˊ
飛磚擲瓦,1,ㄈㄟ ㄓㄨㄢ ㄓˊ ㄨㄚˇ
飛簷走脊,1,ㄈㄟ ㄧㄢˊ ㄗㄡˇ ㄐㄧˇ
飛米轉芻,1,ㄈㄟ ㄇㄧˇ ㄓㄨㄢˇ ㄔㄨˊ
飛糧輓秣,1,ㄈㄟ ㄌㄧㄤˊ ㄨㄢˇ ㄇㄛˋ
飛聲騰實,1,ㄈㄟ ㄕㄥ ㄊㄥˊ ㄕˊ
飛花點翠,1,ㄈㄟ ㄏㄨㄚ ㄉㄧㄢˇ ㄘㄨㄟˋ
飛芻輓粒,1,ㄈㄟ ㄔㄨˊ ㄨㄢˇ ㄌㄧˋ
飛芻輓粟,1,ㄈㄟ ㄔㄨˊ ㄨㄢˇ ㄙㄨˋ
飛芻輓糧,1,ㄈㄟ ㄔㄨˊ ㄨㄢˇ ㄌㄧㄤˊ
飛芻轉餉,1,ㄈㄟ ㄔㄨˊ ㄓㄨㄢˇ ㄒㄧㄤˇ
飛蒼走黃,1,ㄈㄟ ㄘㄤ ㄗㄡˇ ㄏㄨㄤˊ
飛蓬之問,1,ㄈㄟ ㄆㄥˊ ㄓ ㄨㄣˋ
飛蓬乘風,1,ㄈㄟ ㄆㄥˊ ㄔㄥˊ ㄈㄥ
飛蓬隨風,1,ㄈㄟ ㄆㄥˊ ㄙㄨㄟˊ ㄈㄥ
飛蛾投火,1,ㄈㄟ ㄜˊ ㄊㄡˊ ㄏㄨㄛˇ
飛蛾投焰,1,ㄈㄟ ㄜˊ ㄊㄡˊ ㄧㄢˋ
飛蛾赴焰,1,ㄈㄟ ㄜˊ ㄈㄨˋ ㄧㄢˋ
飛蛾赴燭,1,ㄈㄟ ㄜˊ ㄈㄨˋ ㄓㄨˊ
飛蠅垂珠,1,ㄈㄟ ㄧㄥˊ ㄔㄨㄟˊ ㄓㄨ
飛行甲板,1,ㄈㄟ ㄒㄧㄥˊ ㄐㄧㄚˇ ㄅㄢˇ
飛觴走斝,1,ㄈㄟ ㄕㄤ ㄗㄡˇ ㄐㄧㄚˇ
飛走如風,1,ㄈㄟ ㄗㄡˇ ㄖㄨˊ ㄈㄥ
飛車走壁,1,ㄈㄟ ㄔㄜ ㄗㄡˇ ㄅㄧˋ
飛遯離俗,1,ㄈㄟ ㄉㄨㄣˋ ㄌㄧˊ ㄙㄨˊ
飛針走線,1,ㄈㄟ ㄓㄣ ㄗㄡˇ ㄒㄧㄢˋ
飛雲掣電,1,ㄈㄟ ㄩㄣˊ ㄔㄜˋ ㄉㄧㄢˋ
飛靶射擊,1,ㄈㄟ ㄅㄚˇ ㄕㄜˋ ㄐㄧˊ
飛馳之勢,1,ㄈㄟ ㄔˊ ㄓ ㄕˋ
飛騰之兆,1,ㄈㄟ ㄊㄥˊ ㄓ ㄓㄠˋ
飛騰之藥,1,ㄈㄟ ㄊㄥˊ ㄓ ㄧㄠˋ
飛魚飛彈,1,ㄈㄟ ㄩˊ ㄈㄟ ㄉㄢˋ
飛鳥依人,1,ㄈㄟ ㄋㄧㄠˇ ㄧ ㄖㄣˊ
飛鴻印雪,1,ㄈㄟ ㄏㄨㄥˊ ㄧㄣˋ ㄒㄩㄝˇ
飛鴻踏雪,1,ㄈㄟ ㄏㄨㄥˊ ㄊㄚˋ ㄒㄩㄝˇ
飛鴻雪爪,1,ㄈㄟ ㄏㄨㄥˊ ㄒㄩㄝˇ ㄓㄠˇ
飛鷹走犬,1,ㄈㄟ ㄧㄥ ㄗㄡˇ ㄑㄩㄢˇ
飛鷹走狗,1,ㄈㄟ ㄧㄥ ㄗㄡˇ ㄍㄡˇ
飛鷹走馬,1,ㄈㄟ ㄧㄥ ㄗㄡˇ ㄇㄚˇ
飛鸞輕鳳,1,ㄈㄟ ㄌㄨㄢˊ ㄑㄧㄥ ㄈㄥˋ
飛黃騰踏,1,ㄈㄟ ㄏㄨㄤˊ ㄊㄥˊ ㄊㄚˋ
飛龍乘雲,1,ㄈㄟ ㄌㄨㄥˊ ㄔㄥˊ ㄩㄣˊ
飛龍在天,1,ㄈㄟ ㄌㄨㄥˊ ㄗㄞˋ ㄊㄧㄢ
食不下咽,1,ㄕˊ ㄅㄨˋ ㄒㄧㄚˋ ㄧㄢˋ
食不二味,1,ㄕˊ ㄅㄨˋ ㄦˋ ㄨㄟˋ
食不充口,1,ㄕˊ ㄅㄨˋ ㄔㄨㄥ ㄎㄡˇ
食不充腸,1,ㄕˊ ㄅㄨˋ ㄔㄨㄥ ㄔㄤˊ
食不充飢,1,ㄕˊ ㄅㄨˋ ㄔㄨㄥ ㄐㄧ
食不兼味,1,ㄕˊ ㄅㄨˋ ㄐㄧㄢ ㄨㄟˋ
食不念飽,1,ㄕˊ ㄅㄨˋ ㄋㄧㄢˋ ㄅㄠˇ
食不暇飽,1,ㄕˊ ㄅㄨˋ ㄒㄧㄚˊ ㄅㄠˇ
食不果腹,1,ㄕˊ ㄅㄨˋ ㄍㄨㄛˇ ㄈㄨˋ
食不求甘,1,ㄕˊ ㄅㄨˋ ㄑㄧㄡˊ ㄍㄢ
食不求飽,1,ㄕˊ ㄅㄨˋ ㄑㄧㄡˊ ㄅㄠˇ
食不甘味,1,ㄕˊ ㄅㄨˋ ㄍㄢ ㄨㄟˋ
食不異肉,1,ㄕˊ ㄅㄨˋ ㄧˋ ㄖㄡˋ
食不累味,1,ㄕˊ ㄅㄨˋ ㄌㄟˇ ㄨㄟˋ
食不終味,1,ㄕˊ ㄅㄨˋ ㄓㄨㄥ ㄨㄟˋ
食不遑味,1,ㄕˊ ㄅㄨˋ ㄏㄨㄤˊ ㄨㄟˋ
食不重味,1,ㄕˊ ㄅㄨˋ ㄔㄨㄥˊ ㄨㄟˋ
食不重肉,1,ㄕˊ ㄅㄨˋ ㄔㄨㄥˊ ㄖㄡˋ
食不餬口,1,ㄕˊ ㄅㄨˋ ㄏㄨˊ ㄎㄡˇ
食古不化,1,ㄕˊ ㄍㄨˇ ㄅㄨˋ ㄏㄨㄚˋ
食味方丈,1,ㄕˊ ㄨㄟˋ ㄈㄤ ㄓㄤˋ
食少事煩,1,ㄕˊ ㄕㄠˇ ㄕˋ ㄈㄢˊ
食慾不振,1,ㄕˊ ㄩˋ ㄅㄨˋ ㄓㄣˋ
食指大動,1,ㄕˊ ㄓˇ ㄉㄚˋ ㄉㄨㄥˋ
食日萬錢,1,ㄕˊ ㄖˋ ㄨㄢˋ ㄑㄧㄢˊ
食毛踐土,1,ㄕˊ ㄇㄠˊ ㄐㄧㄢˋ ㄊㄨˇ
食洋不化,1,ㄕˊ ㄧㄤˊ ㄅㄨˋ ㄏㄨㄚˋ
食物療法,1,ㄕˊ ㄨˋ ㄌㄧㄠˊ ㄈㄚˇ
食玉炊桂,1,ㄕˊ ㄩˋ ㄔㄨㄟ ㄍㄨㄟˋ
食用色素,1,ㄕˊ ㄩㄥˋ ㄙㄜˋ ㄙㄨˋ
食租衣稅,1,ㄕˊ ㄗㄨ ㄧ ㄕㄨㄟˋ
食而不化,1,ㄕˊ ㄦˊ ㄅㄨˋ ㄏㄨㄚˋ
食肉寢皮,1,ㄕˊ ㄖㄡˋ ㄑㄧㄣˇ ㄆㄧˊ
食蟲植物,1,ㄕˊ ㄔㄨㄥˊ ㄓˊ ㄨˋ
飢凍交切,1,ㄐㄧ ㄉㄨㄥˋ ㄐㄧㄠ ㄑㄧㄝˋ
飢寒交切,1,ㄐㄧ ㄏㄢˊ ㄐㄧㄠ ㄑㄧㄝˋ
飢渴交攻,1,ㄐㄧ ㄎㄜˇ ㄐㄧㄠ ㄍㄨㄥ
飢渴交迫,1,ㄐㄧ ㄎㄜˇ ㄐㄧㄠ ㄆㄛˋ
飢火中焚,1,ㄐㄧ ㄏㄨㄛˇ ㄓㄨㄥ ㄈㄣˊ
飢火燒腸,1,ㄐㄧ ㄏㄨㄛˇ ㄕㄠ ㄔㄤˊ
飢虎撲食,1,ㄐㄧ ㄏㄨˇ ㄆㄨ ㄕˊ
飢附飽颺,1,ㄐㄧ ㄈㄨˋ ㄅㄠˇ ㄧㄤˊ
飢餐渴飲,1,ㄐㄧ ㄘㄢ ㄎㄜˇ ㄧㄣˇ
飢餓三十,1,ㄐㄧ ㄜˋ ㄙㄢ ㄕˊ
飢鷹餓虎,1,ㄐㄧ ㄧㄥ ㄜˋ ㄏㄨˇ
飫甘饜肥,1,ㄩˋ ㄍㄢ ㄧㄢˋ ㄈㄟˊ
飯囊衣架,1,ㄈㄢˋ ㄋㄤˊ ㄧ ㄐㄧㄚˋ
飯囊酒瓮,1,ㄈㄢˋ ㄋㄤˊ ㄐㄧㄡˇ ㄨㄥˋ
飯囊酒甕,1,ㄈㄢˋ ㄋㄤˊ ㄐㄧㄡˇ ㄨㄥˋ
飯坑酒囊,1,ㄈㄢˋ ㄎㄥ ㄐㄧㄡˇ ㄋㄤˊ
飯店回蔥,1,ㄈㄢˋ ㄉㄧㄢˋ ㄏㄨㄟˊ ㄘㄨㄥ
飯糗茹草,1,ㄈㄢˋ ㄑㄧㄡˇ ㄖㄨˊ ㄘㄠˇ
飯蔬飲水,1,ㄈㄢˋ ㄕㄨ ㄧㄣˇ ㄕㄨㄟˇ
飯飽丟箸,1,ㄈㄢˋ ㄅㄠˇ ㄉㄧㄡ ㄓㄨˋ
飯飽弄箸,1,ㄈㄢˋ ㄅㄠˇ ㄋㄨㄥˋ ㄓㄨˋ
飲冰食蘗,1,ㄧㄣˇ ㄅㄧㄥ ㄕˊ ㄅㄛˋ
飲恨吞聲,1,ㄧㄣˇ ㄏㄣˋ ㄊㄨㄣ ㄕㄥ
飲氣吞聲,1,ㄧㄣˇ ㄑㄧˋ ㄊㄨㄣ ㄕㄥ
飲水啜菽,1,ㄧㄣˇ ㄕㄨㄟˇ ㄔㄨㄛˋ ㄕㄨˊ
飲水曲肱,1,ㄧㄣˇ ㄕㄨㄟˇ ㄑㄩ ㄍㄨㄥ
飲水知源,1,ㄧㄣˇ ㄕㄨㄟˇ ㄓ ㄩㄢˊ
飲水食菽,1,ㄧㄣˇ ㄕㄨㄟˇ ㄕˊ ㄕㄨˊ
飲河滿腹,1,ㄧㄣˇ ㄏㄜˊ ㄇㄢˇ ㄈㄨˋ
飲泣吞聲,1,ㄧㄣˇ ㄑㄧˋ ㄊㄨㄣ ㄕㄥ
飲流懷源,1,ㄧㄣˇ ㄌㄧㄡˊ ㄏㄨㄞˊ ㄩㄢˊ
飲灰洗胃,1,ㄧㄣˇ ㄏㄨㄟ ㄒㄧˇ ㄨㄟˋ
飲血茹毛,1,ㄧㄣˇ ㄒㄩㄝˋ ㄖㄨˊ ㄇㄠˊ
飲露餐風,1,ㄧㄣˇ ㄌㄨˋ ㄘㄢ ㄈㄥ
飲風餐露,1,ㄧㄣˇ ㄈㄥ ㄘㄢ ㄌㄨˋ
飲食不進,1,ㄧㄣˇ ㄕˊ ㄅㄨˋ ㄐㄧㄣˋ
飲食之人,1,ㄧㄣˇ ㄕˊ ㄓ ㄖㄣˊ
飲馬投錢,1,ㄧㄣˋ ㄇㄚˇ ㄊㄡˊ ㄑㄧㄢˊ
飼料奶粉,1,ㄙˋ ㄌㄧㄠˋ ㄋㄞˇ ㄈㄣˇ
飽和溼度,1,ㄅㄠˇ ㄏㄜˊ ㄕ ㄉㄨˋ
飽和空氣,1,ㄅㄠˇ ㄏㄜˊ ㄎㄨㄥ ㄑㄧˋ
飽和脂肪,1,ㄅㄠˇ ㄏㄜˊ ㄓ ㄈㄤˊ
飽和蒸汽,1,ㄅㄠˇ ㄏㄜˊ ㄓㄥ ㄑㄧˋ
飽和轟炸,1,ㄅㄠˇ ㄏㄜˊ ㄏㄨㄥ ㄓㄚˋ
飽啖一頓,1,ㄅㄠˇ ㄉㄢˋ ㄧ ㄉㄨㄣˋ
飽學秀才,1,ㄅㄠˇ ㄒㄩㄝˊ ㄒㄧㄡˋ ㄘㄞˊ
飽暖生淫,1,ㄅㄠˇ ㄋㄨㄢˇ ㄕㄥ ㄧㄣˊ
飽經憂患,1,ㄅㄠˇ ㄐㄧㄥ ㄧㄡ ㄏㄨㄢˋ
飽經霜雪,1,ㄅㄠˇ ㄐㄧㄥ ㄕㄨㄤ ㄒㄩㄝˇ
飽讀詩書,1,ㄅㄠˇ ㄉㄨˊ ㄕ ㄕㄨ
飽食暖衣,1,ㄅㄠˇ ㄕˊ ㄋㄨㄢˇ ㄧ
飾非拒諫,1,ㄕˋ ㄈㄟ ㄐㄩˋ ㄐㄧㄢˋ
飾非文過,1,ㄕˋ ㄈㄟ ㄨㄣˋ ㄍㄨㄛˋ
飾非遂過,1,ㄕˋ ㄈㄟ ㄙㄨㄟˋ ㄍㄨㄛˋ
養兒備老,1,ㄧㄤˇ ㄦˊ ㄅㄟˋ ㄌㄠˇ
養威蓄銳,1,ㄧㄤˇ ㄨㄟ ㄒㄩˋ ㄖㄨㄟˋ
養家經紀,1,ㄧㄤˇ ㄐㄧㄚ ㄐㄧㄥ ㄐㄧˋ
養家肥己,1,ㄧㄤˇ ㄐㄧㄚ ㄈㄟˊ ㄐㄧˇ
養心安神,1,ㄧㄤˇ ㄒㄧㄣ ㄢ ㄕㄣˊ
養性修真,1,ㄧㄤˇ ㄒㄧㄥˋ ㄒㄧㄡ ㄓㄣ
養性存身,1,ㄧㄤˇ ㄒㄧㄥˋ ㄘㄨㄣˊ ㄕㄣ
養殖漁業,1,ㄧㄤˇ ㄓˊ ㄩˊ ㄧㄝˋ
養生送死,1,ㄧㄤˋ ㄕㄥ ㄙㄨㄥˋ ㄙˇ
養癰成患,1,ㄧㄤˇ ㄩㄥ ㄔㄥˊ ㄏㄨㄢˋ
養癰自患,1,ㄧㄤˇ ㄩㄥ ㄗˋ ㄏㄨㄢˋ
養癰貽害,1,ㄧㄤˇ ㄩㄥ ㄧˊ ㄏㄞˋ
養老送終,1,ㄧㄤˋ ㄌㄠˇ ㄙㄨㄥˋ ㄓㄨㄥ
養虎傷身,1,ㄧㄤˇ ㄏㄨˇ ㄕㄤ ㄕㄣ
養虎留患,1,ㄧㄤˇ ㄏㄨˇ ㄌㄧㄡˊ ㄏㄨㄢˋ
養虎自齧,1,ㄧㄤˇ ㄏㄨˇ ㄗˋ ㄋㄧㄝˋ
養虎貽患,1,ㄧㄤˇ ㄏㄨˇ ㄧˊ ㄏㄨㄢˋ
養虺成蛇,1,ㄧㄤˇ ㄏㄨㄟˇ ㄔㄥˊ ㄕㄜˊ
養賢納士,1,ㄧㄤˇ ㄒㄧㄢˊ ㄋㄚˋ ㄕˋ
養身父母,1,ㄧㄤˇ ㄕㄣ ㄈㄨˋ ㄇㄨˇ
養銳蓄威,1,ㄧㄤˇ ㄖㄨㄟˋ ㄒㄩˋ ㄨㄟ
養顏有術,1,ㄧㄤˇ ㄧㄢˊ ㄧㄡˇ ㄕㄨˋ
餌名釣祿,1,ㄦˇ ㄇㄧㄥˊ ㄉㄧㄠˋ ㄌㄨˋ
餌料生物,1,ㄦˇ ㄌㄧㄠˋ ㄕㄥ ㄨˋ
餐松啖柏,1,ㄘㄢ ㄙㄨㄥ ㄉㄢˋ ㄅㄛˊ
餐松食柏,1,ㄘㄢ ㄙㄨㄥ ㄕˊ ㄅㄛˊ
餐松飲澗,1,ㄘㄢ ㄙㄨㄥ ㄧㄣˇ ㄐㄧㄢˋ
餐風吸露,1,ㄘㄢ ㄈㄥ ㄒㄧ ㄌㄨˋ
餐風宿雨,1,ㄘㄢ ㄈㄥ ㄙㄨˋ ㄩˇ
餐風宿露,1,ㄘㄢ ㄈㄥ ㄙㄨˋ ㄌㄨˋ
餐風沐雨,1,ㄘㄢ ㄈㄥ ㄇㄨˋ ㄩˇ
餐風飲露,1,ㄘㄢ ㄈㄥ ㄧㄣˇ ㄌㄨˋ
餒殍相望,1,ㄋㄟˇ ㄆㄧㄠˇ ㄒㄧㄤ ㄨㄤˋ
餓殍枕藉,1,ㄜˋ ㄆㄧㄠˇ ㄓㄣˋ ㄐㄧㄝˋ
餓莩載道,1,ㄜˋ ㄆㄧㄠˇ ㄗㄞˋ ㄉㄠˋ
餓虎吞羊,1,ㄜˋ ㄏㄨˇ ㄊㄨㄣ ㄧㄤˊ
餓虎擒羊,1,ㄜˋ ㄏㄨˇ ㄑㄧㄣˊ ㄧㄤˊ
餓虎飢鷹,1,ㄜˋ ㄏㄨˇ ㄐㄧ ㄧㄥ
餔糟啜醨,1,ㄅㄨ ㄗㄠ ㄔㄨㄛˋ ㄌㄧˊ
餔糟歠醨,1,ㄅㄨ ㄗㄠ ㄔㄨㄛˋ ㄌㄧˊ
餘勇可賈,1,ㄩˊ ㄩㄥˇ ㄎㄜˇ ㄍㄨˇ
餘妙繞梁,1,ㄩˊ ㄇㄧㄠˋ ㄖㄠˋ ㄌㄧㄤˊ
餘姚之學,1,ㄩˊ ㄧㄠˊ ㄓ ㄒㄩㄝˊ
餘子碌碌,1,ㄩˊ ㄗˇ ㄌㄨˋ ㄌㄨˋ
餘弦定律,1,ㄩˊ ㄒㄧㄢˊ ㄉㄧㄥˋ ㄌㄩˋ
餘杯冷炙,1,ㄩˊ ㄅㄟ ㄌㄥˇ ㄓˋ
餘桃啗君,1,ㄩˊ ㄊㄠˊ ㄉㄢˋ ㄐㄩㄣ
餘業遺烈,1,ㄩˊ ㄧㄝˋ ㄧˊ ㄌㄧㄝˋ
餘燼復然,1,ㄩˊ ㄐㄧㄣˋ ㄈㄨˋ ㄖㄢˊ
餘珍璧謝,1,ㄩˊ ㄓㄣ ㄅㄧˋ ㄒㄧㄝˋ
餘膏剩馥,1,ㄩˊ ㄍㄠ ㄕㄥˋ ㄈㄨˋ
餘霞成綺,1,ㄩˊ ㄒㄧㄚˊ ㄔㄥˊ ㄑㄧˇ
餘韻流風,1,ㄩˊ ㄩㄣˋ ㄌㄧㄡˊ ㄈㄥ
餘響繞梁,1,ㄩˊ ㄒㄧㄤˇ ㄖㄠˋ ㄌㄧㄤˊ
餘額交割,1,ㄩˊ ㄜˊ ㄐㄧㄠ ㄍㄜ
餘食贅行,1,ㄩˊ ㄕˊ ㄓㄨㄟˋ ㄒㄧㄥˋ
館際互借,1,ㄍㄨㄢˇ ㄐㄧˋ ㄏㄨˋ ㄐㄧㄝˋ
饌玉炊金,1,ㄓㄨㄢˋ ㄩˋ ㄔㄨㄟ ㄐㄧㄣ
饑腸轆轆,1,ㄐㄧ ㄔㄤˊ ㄌㄨˋ ㄌㄨˋ
饑饉之歲,1,ㄐㄧ ㄐㄧㄣˇ ㄓ ㄙㄨㄟˋ
饑饉荐臻,1,ㄐㄧ ㄐㄧㄣˇ ㄐㄧㄢˋ ㄓㄣ
饑饉薦臻,1,ㄐㄧ ㄐㄧㄣˇ ㄐㄧㄢˋ ㄓㄣ
饒舌歌曲,1,ㄖㄠˊ ㄕㄜˊ ㄍㄜ ㄑㄩˇ
饒舌調脣,1,ㄖㄠˊ ㄕㄜˊ ㄊㄧㄠˊ ㄔㄨㄣˊ
饔飧不給,1,ㄩㄥ ㄙㄨㄣ ㄅㄨˋ ㄐㄧˇ
饔飧不繼,1,ㄩㄥ ㄙㄨㄣ ㄅㄨˋ ㄐㄧˋ
饔飧不飽,1,ㄩㄥ ㄙㄨㄣ ㄅㄨˋ ㄅㄠˇ
饕口饞舌,1,ㄊㄠ ㄎㄡˇ ㄔㄢˊ ㄕㄜˊ
饕餮之徒,1,ㄊㄠ ㄊㄧㄝˋ ㄓ ㄊㄨˊ
饞涎欲垂,1,ㄔㄢˊ ㄒㄧㄢˊ ㄩˋ ㄔㄨㄟˊ
首下尻高,1,ㄕㄡˇ ㄒㄧㄚˋ ㄎㄠ ㄍㄠ
首丘之念,1,ㄕㄡˇ ㄑㄧㄡ ㄓ ㄋㄧㄢˋ
首丘之思,1,ㄕㄡˇ ㄑㄧㄡ ㄓ ㄙ
首丘之情,1,ㄕㄡˇ ㄑㄧㄡ ㄓ ㄑㄧㄥˊ
首丘之望,1,ㄕㄡˇ ㄑㄧㄡ ㄓ ㄨㄤˋ
首丘夙願,1,ㄕㄡˇ ㄑㄧㄡ ㄙㄨˋ ㄩㄢˋ
首倡義舉,1,ㄕㄡˇ ㄔㄤˋ ㄧˋ ㄐㄩˇ
首唱義兵,1,ㄕㄡˇ ㄔㄤˋ ㄧˋ ㄅㄧㄥ
首唱義舉,1,ㄕㄡˇ ㄔㄤˋ ㄧˋ ㄐㄩˇ
首善之地,1,ㄕㄡˇ ㄕㄢˋ ㄓ ㄉㄧˋ
首如飛蓬,1,ㄕㄡˇ ㄖㄨˊ ㄈㄟ ㄆㄥˊ
首尾一貫,1,ㄕㄡˇ ㄨㄟˇ ㄧ ㄍㄨㄢˋ
首尾乖互,1,ㄕㄡˇ ㄨㄟˇ ㄍㄨㄞ ㄏㄨˋ
首尾兩端,1,ㄕㄡˇ ㄨㄟˇ ㄌㄧㄤˇ ㄉㄨㄢ
首尾共濟,1,ㄕㄡˇ ㄨㄟˇ ㄍㄨㄥˋ ㄐㄧˋ
首尾受敵,1,ㄕㄡˇ ㄨㄟˇ ㄕㄡˋ ㄉㄧˊ
首尾夾攻,1,ㄕㄡˇ ㄨㄟˇ ㄐㄧㄚˊ ㄍㄨㄥ
首尾狼狽,1,ㄕㄡˇ ㄨㄟˇ ㄌㄤˊ ㄅㄟˋ
首尾相應,1,ㄕㄡˇ ㄨㄟˇ ㄒㄧㄤ ㄧㄥˋ
首尾相援,1,ㄕㄡˇ ㄨㄟˇ ㄒㄧㄤ ㄩㄢˊ
首尾相救,1,ㄕㄡˇ ㄨㄟˇ ㄒㄧㄤ ㄐㄧㄡˋ
首尾相繼,1,ㄕㄡˇ ㄨㄟˇ ㄒㄧㄤ ㄐㄧˋ
首尾相衛,1,ㄕㄡˇ ㄨㄟˇ ㄒㄧㄤ ㄨㄟˋ
首尾相赴,1,ㄕㄡˇ ㄨㄟˇ ㄒㄧㄤ ㄈㄨˋ
首尾相連,1,ㄕㄡˇ ㄨㄟˇ ㄒㄧㄤ ㄌㄧㄢˊ
首尾貫通,1,ㄕㄡˇ ㄨㄟˇ ㄍㄨㄢˋ ㄊㄨㄥ
首屈一指,1,ㄕㄡˇ ㄑㄩ ㄧ ㄓˇ
首施兩端,1,ㄕㄡˇ ㄕ ㄌㄧㄤˇ ㄉㄨㄢ
首足異處,1,ㄕㄡˇ ㄗㄨˊ ㄧˋ ㄔㄨˋ
首身分離,1,ㄕㄡˇ ㄕㄣ ㄈㄣ ㄌㄧˊ
首鼠模棱,1,ㄕㄡˇ ㄕㄨˇ ㄇㄛˊ ㄌㄥˊ
香嬌玉嫩,1,ㄒㄧㄤ ㄐㄧㄠ ㄩˋ ㄋㄣˋ
香山居士,1,ㄒㄧㄤ ㄕㄢ ㄐㄩ ㄕˋ
香氣四溢,1,ㄒㄧㄤ ㄑㄧˋ ㄙˋ ㄧˋ
香氣芬馥,1,ㄒㄧㄤ ㄑㄧˋ ㄈㄣ ㄈㄨˋ
香水混堂,1,ㄒㄧㄤ ㄕㄨㄟˇ ㄏㄨㄣˋ ㄊㄤˊ
香消玉損,1,ㄒㄧㄤ ㄒㄧㄠ ㄩˋ ㄙㄨㄣˇ
香消玉減,1,ㄒㄧㄤ ㄒㄧㄠ ㄩˋ ㄐㄧㄢˇ
香消玉碎,1,ㄒㄧㄤ ㄒㄧㄠ ㄩˋ ㄙㄨㄟˋ
香溫玉軟,1,ㄒㄧㄤ ㄨㄣ ㄩˋ ㄖㄨㄢˇ
香潤玉溫,1,ㄒㄧㄤ ㄖㄨㄣˋ ㄩˋ ㄨㄣ
香火不斷,1,ㄒㄧㄤ ㄏㄨㄛˇ ㄅㄨˋ ㄉㄨㄢˋ
香火兄弟,1,ㄒㄧㄤ ㄏㄨㄛˇ ㄒㄩㄥ ㄉㄧˋ
香火姊妹,1,ㄒㄧㄤ ㄏㄨㄛˇ ㄗˇ ㄇㄟˋ
香火道人,1,ㄒㄧㄤ ㄏㄨㄛˇ ㄉㄠˋ ㄖㄣˊ
香火鼎盛,1,ㄒㄧㄤ ㄏㄨㄛˇ ㄉㄧㄥˇ ㄕㄥˋ
香煙不絕,1,ㄒㄧㄤ ㄧㄢ ㄅㄨˋ ㄐㄩㄝˊ
香煙後代,1,ㄒㄧㄤ ㄧㄢ ㄏㄡˋ ㄉㄞˋ
香肌玉體,1,ㄒㄧㄤ ㄐㄧ ㄩˋ ㄊㄧˇ
香花供養,1,ㄒㄧㄤ ㄏㄨㄚ ㄍㄨㄥˋ ㄧㄤˋ
香草美人,1,ㄒㄧㄤ ㄘㄠˇ ㄇㄟˇ ㄖㄣˊ
香蠟紙馬,1,ㄒㄧㄤ ㄌㄚˋ ㄓˇ ㄇㄚˇ
香象渡河,1,ㄒㄧㄤ ㄒㄧㄤˋ ㄉㄨˋ ㄏㄜˊ
香象絕流,1,ㄒㄧㄤ ㄒㄧㄤˋ ㄐㄩㄝˊ ㄌㄧㄡˊ
香車寶馬,1,ㄒㄧㄤ ㄔㄜ ㄅㄠˇ ㄇㄚˇ
香銷玉沉,1,ㄒㄧㄤ ㄒㄧㄠ ㄩˋ ㄔㄣˊ
香閨繡閣,1,ㄒㄧㄤ ㄍㄨㄟ ㄒㄧㄡˋ ㄍㄜˊ
馨香禱祝,1,ㄒㄧㄣ ㄒㄧㄤ ㄉㄠˇ ㄓㄨˋ
馬丁路得,1,ㄇㄚˇ ㄉㄧㄥ ㄌㄨˋ ㄉㄜˊ
馬不及鞍,1,ㄇㄚˇ ㄅㄨˋ ㄐㄧˊ ㄢ
馬來西亞,1,ㄇㄚˇ ㄌㄞˊ ㄒㄧ ㄧㄚˋ
馬利諾會,1,ㄇㄚˇ ㄌㄧˋ ㄋㄨㄛˋ ㄏㄨㄟˋ
馬前潑水,1,ㄇㄚˇ ㄑㄧㄢˊ ㄆㄛ ㄕㄨㄟˇ
馬勃牛溲,1,ㄇㄚˇ ㄅㄛˊ ㄋㄧㄡˊ ㄙㄡ
馬后練服,1,ㄇㄚˇ ㄏㄡˋ ㄌㄧㄢˋ ㄈㄨˊ
馬壯人強,1,ㄇㄚˇ ㄓㄨㄤˋ ㄖㄣˊ ㄑㄧㄤˊ
馬失前蹄,1,ㄇㄚˇ ㄕ ㄑㄧㄢˊ ㄊㄧˊ
馬奴法典,1,ㄇㄚˇ ㄋㄨˊ ㄈㄚˇ ㄉㄧㄢˇ
馬尼拉麻,1,ㄇㄚˇ ㄋㄧˊ ㄌㄚ ㄇㄚˊ
馬工枚速,1,ㄇㄚˇ ㄍㄨㄥ ㄇㄟˊ ㄙㄨˋ
馬店買豬,1,ㄇㄚˇ ㄉㄧㄢˋ ㄇㄞˇ ㄓㄨ
馬拉巴栗,1,ㄇㄚˇ ㄌㄚ ㄅㄚ ㄌㄧˋ
馬捉老鼠,1,ㄇㄚˇ ㄓㄨㄛ ㄌㄠˇ ㄕㄨˇ
馬掙力戰,1,ㄇㄚˇ ㄓㄥ ㄌㄧˋ ㄓㄢˋ
馬放南山,1,ㄇㄚˇ ㄈㄤˋ ㄋㄢˊ ㄕㄢ
馬斯卡尼,1,ㄇㄚˇ ㄙ ㄎㄚˇ ㄋㄧˊ
馬林巴琴,1,ㄇㄚˇ ㄌㄧㄣˊ ㄅㄚ ㄑㄧㄣˊ
馬溜子船,1,ㄇㄚˇ ㄌㄧㄡ ㄗ˙ ㄔㄨㄢˊ
馬牛襟裾,1,ㄇㄚˇ ㄋㄧㄡˊ ㄐㄧㄣ ㄐㄩ
馬舞之災,1,ㄇㄚˇ ㄨˇ ㄓ ㄗㄞ
馬良白眉,1,ㄇㄚˇ ㄌㄧㄤˊ ㄅㄞˊ ㄇㄟˊ
馬虎從事,1,ㄇㄚˇ ㄏㄨ˙ ㄘㄨㄥˊ ㄕˋ
馬角烏白,1,ㄇㄚˇ ㄐㄧㄠˇ ㄨ ㄅㄞˊ
馬路新聞,1,ㄇㄚˇ ㄌㄨˋ ㄒㄧㄣ ㄨㄣˊ
馬路消息,1,ㄇㄚˇ ㄌㄨˋ ㄒㄧㄠ ㄒㄧˊ
馬躍檀溪,1,ㄇㄚˇ ㄩㄝˋ ㄊㄢˊ ㄒㄧ
馬雅文字,1,ㄇㄚˇ ㄧㄚˇ ㄨㄣˊ ㄗˋ
馬雅文明,1,ㄇㄚˇ ㄧㄚˇ ㄨㄣˊ ㄇㄧㄥˊ
馬面戰棚,1,ㄇㄚˇ ㄇㄧㄢˋ ㄓㄢˋ ㄆㄥˊ
馬頭草檄,1,ㄇㄚˇ ㄊㄡˊ ㄘㄠˇ ㄒㄧˊ
馬馬虎虎,1,ㄇㄚˇ ㄇㄚ˙ ㄏㄨ ㄏㄨ
馬齒加長,1,ㄇㄚˇ ㄔˇ ㄐㄧㄚ ㄔㄤˊ
馮唐易老,1,ㄈㄥˊ ㄊㄤˊ ㄧˋ ㄌㄠˇ
馮虛御風,1,ㄆㄧㄥˊ ㄒㄩ ㄩˋ ㄈㄥ
馮諼彈鋏,1,ㄈㄥˊ ㄒㄩㄢ ㄊㄢˊ ㄐㄧㄚˊ
馮諼燒券,1,ㄈㄥˊ ㄒㄩㄢ ㄕㄠ ㄑㄩㄢˋ
馳名遠近,1,ㄔˊ ㄇㄧㄥˊ ㄩㄢˇ ㄐㄧㄣˋ
駐外使節,1,ㄓㄨˋ ㄨㄞˋ ㄕˇ ㄐㄧㄝˊ
駐衛警察,1,ㄓㄨˋ ㄨㄟˋ ㄐㄧㄥˇ ㄔㄚˊ
駑馬十舍,1,ㄋㄨˊ ㄇㄚˇ ㄕˊ ㄕㄜˋ
駑馬戀棧,1,ㄋㄨˊ ㄇㄚˇ ㄌㄧㄢˋ ㄓㄢˋ
駑馬鉛刀,1,ㄋㄨˊ ㄇㄚˇ ㄑㄧㄢ ㄉㄠ
駒齒未落,1,ㄐㄩ ㄔˇ ㄨㄟˋ ㄌㄨㄛˋ
駕輕就熟,1,ㄐㄧㄚˋ ㄑㄧㄥ ㄐㄧㄡˋ ㄕㄨˊ
駕返瑤池,1,ㄐㄧㄚˋ ㄈㄢˇ ㄧㄠˊ ㄔˊ
駕霧騰雲,1,ㄐㄧㄚˋ ㄨˋ ㄊㄥˊ ㄩㄣˊ
駙馬都尉,1,ㄈㄨˋ ㄇㄚˇ ㄉㄨ ㄨㄟˋ
駝鳥政策,1,ㄊㄨㄛˊ ㄋㄧㄠˇ ㄓㄥˋ ㄘㄜˋ
駟不及舌,1,ㄙˋ ㄅㄨˋ ㄐㄧˊ ㄕㄜˊ
駟之過隙,1,ㄙˋ ㄓ ㄍㄨㄛˋ ㄒㄧˋ
駟馬高車,1,ㄙˋ ㄇㄚˇ ㄍㄠ ㄔㄜ
駢四儷六,1,ㄆㄧㄢˊ ㄙˋ ㄌㄧˋ ㄌㄧㄡˋ
駢字類編,1,ㄆㄧㄢˊ ㄗˋ ㄌㄟˋ ㄅㄧㄢ
駢肩累足,1,ㄆㄧㄢˊ ㄐㄧㄢ ㄌㄟˇ ㄗㄨˊ
駢肩累跡,1,ㄆㄧㄢˊ ㄐㄧㄢ ㄌㄟˇ ㄐㄧ
駢肩累踵,1,ㄆㄧㄢˊ ㄐㄧㄢ ㄌㄟˇ ㄓㄨㄥˇ
駢肩雜遝,1,ㄆㄧㄢˊ ㄐㄧㄢ ㄗㄚˊ ㄊㄚˋ
駭人耳目,1,ㄏㄞˋ ㄖㄣˊ ㄦˇ ㄇㄨˋ
駭浪驚濤,1,ㄏㄞˋ ㄌㄤˋ ㄐㄧㄥ ㄊㄠ
駱驛不絕,1,ㄌㄨㄛˋ ㄧˋ ㄅㄨˋ ㄐㄩㄝˊ
駿業宏發,1,ㄐㄩㄣˋ ㄧㄝˋ ㄏㄨㄥˊ ㄈㄚ
駿業宏興,1,ㄐㄩㄣˋ ㄧㄝˋ ㄏㄨㄥˊ ㄒㄧㄥ
駿馬雕鞍,1,ㄐㄩㄣˋ ㄇㄚˇ ㄉㄧㄠ ㄢ
騁兇騁勢,1,ㄔㄥˇ ㄒㄩㄥ ㄔㄥˇ ㄕˋ
騁強背理,1,ㄔㄥˇ ㄑㄧㄤˊ ㄅㄟˋ ㄌㄧˇ
騎上老虎,1,ㄑㄧˊ ㄕㄤˋ ㄌㄠˇ ㄏㄨˇ
騎兩頭馬,1,ㄑㄧˊ ㄌㄧㄤˇ ㄊㄡˊ ㄇㄚˇ
騎士教育,1,ㄑㄧˊ ㄕˋ ㄐㄧㄠˋ ㄩˋ
騎牆之見,1,ㄑㄧˊ ㄑㄧㄤˊ ㄓ ㄐㄧㄢˋ
騎牛覓牛,1,ㄑㄧˊ ㄋㄧㄡˊ ㄇㄧˋ ㄋㄧㄡˊ
騎者善墮,1,ㄑㄧˊ ㄓㄜˇ ㄕㄢˋ ㄉㄨㄛˋ
騎鞍壓馬,1,ㄑㄧˊ ㄢ ㄧㄚ ㄇㄚˇ
騎馬尋馬,1,ㄑㄧˊ ㄇㄚˇ ㄒㄩㄣˊ ㄇㄚˇ
騎驢覓驢,1,ㄑㄧˊ ㄌㄩˊ ㄇㄧˋ ㄌㄩˊ
騎鶴揚州,1,ㄑㄧˊ ㄏㄜˋ ㄧㄤˊ ㄓㄡ
騏驥一毛,1,ㄑㄧˊ ㄐㄧˋ ㄧ ㄇㄠˊ
騙口張舌,1,ㄆㄧㄢˋ ㄎㄡˇ ㄓㄤ ㄕㄜˊ
騰捷飛升,1,ㄊㄥˊ ㄐㄧㄝˊ ㄈㄟ ㄕㄥ
騰格里湖,1,ㄊㄥˊ ㄍㄜˊ ㄌㄧˇ ㄏㄨˊ
騰蛟起鳳,1,ㄊㄥˊ ㄐㄧㄠ ㄑㄧˇ ㄈㄥˋ
騰雲跨風,1,ㄊㄥˊ ㄩㄣˊ ㄎㄨㄚˋ ㄈㄥ
騾馬大道,1,ㄌㄨㄛˊ ㄇㄚˇ ㄉㄚˋ ㄉㄠˋ
驃騎將軍,1,ㄆㄧㄠˋ ㄐㄧˋ ㄐㄧㄤ ㄐㄩㄣ
驅蟲效率,1,ㄑㄩ ㄔㄨㄥˊ ㄒㄧㄠˋ ㄌㄩˋ
驊騮開道,1,ㄏㄨㄚˊ ㄌㄧㄡˊ ㄎㄞ ㄉㄠˋ
驕兵之計,1,ㄐㄧㄠ ㄅㄧㄥ ㄓ ㄐㄧˋ
驕奢淫泆,1,ㄐㄧㄠ ㄕㄜ ㄧㄣˊ ㄧˋ
驕奢無度,1,ㄐㄧㄠ ㄕㄜ ㄨˊ ㄉㄨˋ
驕氣十足,1,ㄐㄧㄠ ㄑㄧˋ ㄕˊ ㄗㄨˊ
驕矜狂妄,1,ㄐㄧㄠ ㄐㄧㄣ ㄎㄨㄤˊ ㄨㄤˋ
驕矜自喜,1,ㄐㄧㄠ ㄐㄧㄣ ㄗˋ ㄒㄧˇ
驚喜交加,1,ㄐㄧㄥ ㄒㄧˇ ㄐㄧㄠ ㄐㄧㄚ
驚奇駭異,1,ㄐㄧㄥ ㄑㄧˊ ㄏㄞˋ ㄧˋ
驚慌失色,1,ㄐㄧㄥ ㄏㄨㄤ ㄕ ㄙㄜˋ
驚才絕豔,1,ㄐㄧㄥ ㄘㄞˊ ㄐㄩㄝˊ ㄧㄢˋ
驚濤拍岸,1,ㄐㄧㄥ ㄊㄠˊ ㄆㄞ ㄢˋ
驚疑不定,1,ㄐㄧㄥ ㄧˊ ㄅㄨˋ ㄉㄧㄥˋ
驚神未定,1,ㄐㄧㄥ ㄕㄣˊ ㄨㄟˋ ㄉㄧㄥˋ
驚蛇入草,1,ㄐㄧㄥ ㄕㄜˊ ㄖㄨˋ ㄘㄠˇ
驚險百出,1,ㄐㄧㄥ ㄒㄧㄢˇ ㄅㄞˇ ㄔㄨ
驚顧不遑,1,ㄐㄧㄥ ㄍㄨˋ ㄅㄨˋ ㄏㄨㄤˊ
驟雨狂風,1,ㄗㄡˋ ㄩˇ ㄎㄨㄤˊ ㄈㄥ
驢前馬後,1,ㄌㄩˊ ㄑㄧㄢˊ ㄇㄚˇ ㄏㄡˋ
驢年馬月,1,ㄌㄩˊ ㄋㄧㄢˊ ㄇㄚˇ ㄩㄝˋ
驢心狗肺,1,ㄌㄩˊ ㄒㄧㄣ ㄍㄡˇ ㄈㄟˋ
驢生戟角,1,ㄌㄩˊ ㄕㄥ ㄐㄧˇ ㄐㄧㄠˇ
驢生笄角,1,ㄌㄩˊ ㄕㄥ ㄐㄧ ㄐㄧㄠˇ
驢脣馬嘴,1,ㄌㄩˊ ㄔㄨㄣˊ ㄇㄚˇ ㄗㄨㄟˇ
驢蒙虎皮,1,ㄌㄩˊ ㄇㄥˊ ㄏㄨˇ ㄆㄧˊ
驢鳴犬吠,1,ㄌㄩˊ ㄇㄧㄥˊ ㄑㄩㄢˇ ㄈㄟˋ
驥子龍文,1,ㄐㄧˋ ㄗˇ ㄌㄨㄥˊ ㄨㄣˊ
驥服鹽車,1,ㄐㄧˋ ㄈㄨˊ ㄧㄢˊ ㄔㄜ
驪山老母,1,ㄌㄧˊ ㄕㄢ ㄌㄠˇ ㄇㄨˇ
驪駒在門,1,ㄌㄧˊ ㄐㄩ ㄗㄞˋ ㄇㄣˊ
骨格不凡,1,ㄍㄨˇ ㄍㄜˊ ㄅㄨˋ ㄈㄢˊ
骨牌理論,1,ㄍㄨˇ ㄆㄞˊ ㄌㄧˇ ㄌㄨㄣˋ
骨瘦如豺,1,ㄍㄨˇ ㄕㄡˋ ㄖㄨˊ ㄔㄞˊ
骨肉各方,1,ㄍㄨˇ ㄖㄡˋ ㄍㄜˋ ㄈㄤ
骨肉團圞,1,ㄍㄨˇ ㄖㄡˋ ㄊㄨㄢˊ ㄌㄨㄢˊ
骨肉未寒,1,ㄍㄨˇ ㄖㄡˋ ㄨㄟˋ ㄏㄢˊ
骨肉私情,1,ㄍㄨˇ ㄖㄡˋ ㄙ ㄑㄧㄥˊ
骨肉重逢,1,ㄍㄨˇ ㄖㄡˋ ㄔㄨㄥˊ ㄈㄥˊ
骨肉離散,1,ㄍㄨˇ ㄖㄡˋ ㄌㄧˊ ㄙㄢˋ
骨肉離異,1,ㄍㄨˇ ㄖㄡˋ ㄌㄧˊ ㄧˋ
骨裡骨碌,1,ㄍㄨˊ ㄌㄧ˙ ㄍㄨˊ ㄌㄨˋ
骨軟筋酥,1,ㄍㄨˇ ㄖㄨㄢˇ ㄐㄧㄣ ㄙㄨ
骨軟筋麻,1,ㄍㄨˇ ㄖㄨㄢˇ ㄐㄧㄣ ㄇㄚˊ
骨頭架子,1,ㄍㄨˊ ㄊㄡ˙ ㄐㄧㄚˋ ㄗ˙
骨頭骨腦,1,ㄍㄨˊ ㄊㄡ˙ ㄍㄨˊ ㄋㄠˇ
骨顫肉驚,1,ㄍㄨˇ ㄓㄢˋ ㄖㄡˋ ㄐㄧㄥ
骨騰肉飛,1,ㄍㄨˇ ㄊㄥˊ ㄖㄡˋ ㄈㄟ
骨髓移植,1,ㄍㄨˇ ㄙㄨㄟˇ ㄧˊ ㄓˊ
骨鯁之臣,1,ㄍㄨˇ ㄍㄥˇ ㄓ ㄔㄣˊ
體內受精,1,ㄊㄧˇ ㄋㄟˋ ㄕㄡˋ ㄐㄧㄥ
體內美容,1,ㄊㄧˇ ㄋㄟˋ ㄇㄟˇ ㄖㄨㄥˊ
體國經野,1,ㄊㄧˇ ㄍㄨㄛˊ ㄐㄧㄥ ㄧㄝˇ
體外受精,1,ㄊㄧˇ ㄨㄞˋ ㄕㄡˋ ㄐㄧㄥ
體物寫志,1,ㄊㄧˇ ㄨˋ ㄒㄧㄝˇ ㄓˋ
體貴心驕,1,ㄊㄧˇ ㄍㄨㄟˋ ㄒㄧㄣ ㄐㄧㄠ
高下任心,1,ㄍㄠ ㄒㄧㄚˋ ㄖㄣˋ ㄒㄧㄣ
高下其手,1,ㄍㄠ ㄒㄧㄚˋ ㄑㄧˊ ㄕㄡˇ
高下在心,1,ㄍㄠ ㄒㄧㄚˋ ㄗㄞˋ ㄒㄧㄣ
高不可登,1,ㄍㄠ ㄅㄨˋ ㄎㄜˇ ㄉㄥ
高人勝士,1,ㄍㄠ ㄖㄣˊ ㄕㄥˋ ㄕˋ
高人逸士,1,ㄍㄠ ㄖㄣˊ ㄧˋ ㄕˋ
高位厚祿,1,ㄍㄠ ㄨㄟˋ ㄏㄡˋ ㄌㄨˋ
高位重祿,1,ㄍㄠ ㄨㄟˋ ㄓㄨㄥˋ ㄌㄨˋ
高低起伏,1,ㄍㄠ ㄉㄧ ㄑㄧˇ ㄈㄨˊ
高來高去,1,ㄍㄠ ㄌㄞˊ ㄍㄠ ㄑㄩˋ
高入雲霄,1,ㄍㄠ ㄖㄨˋ ㄩㄣˊ ㄒㄧㄠ
高冠博帶,1,ㄍㄠ ㄍㄨㄢ ㄅㄛˊ ㄉㄞˋ
高冠敞袖,1,ㄍㄠ ㄍㄨㄢ ㄔㄤˇ ㄒㄧㄡˋ
高原之舟,1,ㄍㄠ ㄩㄢˊ ㄓ ㄓㄡ
高可摩天,1,ㄍㄠ ㄎㄜˇ ㄇㄛˊ ㄊㄧㄢ
高地氣候,1,ㄍㄠ ㄉㄧˋ ㄑㄧˋ ㄏㄡˋ
高城深塹,1,ㄍㄠ ㄔㄥˊ ㄕㄣ ㄑㄧㄢˋ
高城深池,1,ㄍㄠ ㄔㄥˊ ㄕㄣ ㄔˊ
高城深溝,1,ㄍㄠ ㄔㄥˊ ㄕㄣ ㄍㄡ
高堂大廈,1,ㄍㄠ ㄊㄤˊ ㄉㄚˋ ㄒㄧㄚˋ
高壁深塹,1,ㄍㄠ ㄅㄧˋ ㄕㄣ ㄑㄧㄢˋ
高壁深壘,1,ㄍㄠ ㄅㄧˋ ㄕㄣ ㄌㄟˇ
高壓迴流,1,ㄍㄠ ㄧㄚ ㄏㄨㄟˊ ㄌㄧㄡˊ
高壘深塹,1,ㄍㄠ ㄌㄟˇ ㄕㄣ ㄑㄧㄢˋ
高壘深壁,1,ㄍㄠ ㄌㄟˇ ㄕㄣ ㄅㄧˋ
高壘深溝,1,ㄍㄠ ㄌㄟˇ ㄕㄣ ㄍㄡ
高天厚地,1,ㄍㄠ ㄊㄧㄢ ㄏㄡˋ ㄉㄧˋ
高官大祿,1,ㄍㄠ ㄍㄨㄢ ㄉㄚˋ ㄌㄨˋ
高官極品,1,ㄍㄠ ㄍㄨㄢ ㄐㄧˊ ㄆㄧㄣˇ
高官重祿,1,ㄍㄠ ㄍㄨㄢ ㄓㄨㄥˋ ㄌㄨˋ
高官顯爵,1,ㄍㄠ ㄍㄨㄢ ㄒㄧㄢˇ ㄐㄩㄝˊ
高屋建瓴,1,ㄍㄠ ㄨ ㄐㄧㄢˋ ㄌㄧㄥˊ
高山仰之,1,ㄍㄠ ㄕㄢ ㄧㄤˇ ㄓ
高山仰止,1,ㄍㄠ ㄕㄢ ㄧㄤˇ ㄓˇ
高山安仰,1,ㄍㄠ ㄕㄢ ㄢ ㄧㄤˇ
高山峻嶺,1,ㄍㄠ ㄕㄢ ㄐㄩㄣˋ ㄌㄧㄥˇ
高山植物,1,ㄍㄠ ㄕㄢ ㄓˊ ㄨˋ
高山重嶂,1,ㄍㄠ ㄕㄢ ㄔㄨㄥˊ ㄓㄤˋ
高岸深谷,1,ㄍㄠ ㄢˋ ㄕㄣ ㄍㄨˇ
高峰會議,1,ㄍㄠ ㄈㄥ ㄏㄨㄟˋ ㄧˋ
高悝匿孤,1,ㄍㄠ ㄎㄨㄟ ㄋㄧˋ ㄍㄨ
高情厚意,1,ㄍㄠ ㄑㄧㄥˊ ㄏㄡˋ ㄧˋ
高情厚愛,1,ㄍㄠ ㄑㄧㄥˊ ㄏㄡˋ ㄞˋ
高情厚誼,1,ㄍㄠ ㄑㄧㄥˊ ㄏㄡˋ ㄧˋ
高情逸態,1,ㄍㄠ ㄑㄧㄥˊ ㄧˋ ㄊㄞˋ
高情逸興,1,ㄍㄠ ㄑㄧㄥˊ ㄧˋ ㄒㄧㄥˋ
高情遠意,1,ㄍㄠ ㄑㄧㄥˊ ㄩㄢˇ ㄧˋ
高情遠致,1,ㄍㄠ ㄑㄧㄥˊ ㄩㄢˇ ㄓˋ
高情邁俗,1,ㄍㄠ ㄑㄧㄥˊ ㄇㄞˋ ㄙㄨˊ
高手雲集,1,ㄍㄠ ㄕㄡˇ ㄩㄣˊ ㄐㄧˊ
高才卓識,1,ㄍㄠ ㄘㄞˊ ㄓㄨㄛˊ ㄕˋ
高才博學,1,ㄍㄠ ㄘㄞˊ ㄅㄛˊ ㄒㄩㄝˊ
高才大學,1,ㄍㄠ ㄘㄞˊ ㄉㄚˋ ㄒㄩㄝˊ
高才大德,1,ㄍㄠ ㄘㄞˊ ㄉㄚˋ ㄉㄜˊ
高才捷足,1,ㄍㄠ ㄘㄞˊ ㄐㄧㄝˊ ㄗㄨˊ
高才碩學,1,ㄍㄠ ㄘㄞˊ ㄕㄨㄛˋ ㄒㄩㄝˊ
高才絕學,1,ㄍㄠ ㄘㄞˊ ㄐㄩㄝˊ ㄒㄩㄝˊ
高才遠識,1,ㄍㄠ ㄘㄞˊ ㄩㄢˇ ㄕˋ
高抬明鏡,1,ㄍㄠ ㄊㄞˊ ㄇㄧㄥˊ ㄐㄧㄥˋ
高掌遠蹠,1,ㄍㄠ ㄓㄤˇ ㄩㄢˇ ㄓˊ
高攀不上,1,ㄍㄠ ㄆㄢ ㄅㄨˋ ㄕㄤˋ
高文大冊,1,ㄍㄠ ㄨㄣˊ ㄉㄚˋ ㄘㄜˋ
高昂鬥志,1,ㄍㄠ ㄤˊ ㄉㄡˋ ㄓˋ
高明遠見,1,ㄍㄠ ㄇㄧㄥˊ ㄩㄢˇ ㄐㄧㄢˋ
高明遠識,1,ㄍㄠ ㄇㄧㄥˊ ㄩㄢˇ ㄕˋ
高曾規矩,1,ㄍㄠ ㄗㄥ ㄍㄨㄟ ㄐㄩˇ
高朋故戚,1,ㄍㄠ ㄆㄥˊ ㄍㄨˋ ㄑㄧ
高材疾足,1,ㄍㄠ ㄘㄞˊ ㄐㄧˊ ㄗㄨˊ
高枕不虞,1,ㄍㄠ ㄓㄣˇ ㄅㄨˋ ㄩˊ
高枕勿憂,1,ㄍㄠ ㄓㄣˇ ㄨˋ ㄧㄡ
高枕安寢,1,ㄍㄠ ㄓㄣˇ ㄢ ㄑㄧㄣˇ
高枕安臥,1,ㄍㄠ ㄓㄣˇ ㄢ ㄨㄛˋ
高枕無事,1,ㄍㄠ ㄓㄣˇ ㄨˊ ㄕˋ
高枕無虞,1,ㄍㄠ ㄓㄣˇ ㄨˊ ㄩˊ
高枕而眠,1,ㄍㄠ ㄓㄣˇ ㄦˊ ㄇㄧㄢˊ
高枕而臥,1,ㄍㄠ ㄓㄣˇ ㄦˊ ㄨㄛˋ
高果子茶,1,ㄍㄠ ㄍㄨㄛˇ ㄗ˙ ㄔㄚˊ
高業弟子,1,ㄍㄠ ㄧㄝˋ ㄉㄧˋ ㄗˇ
高歌猛進,1,ㄍㄠ ㄍㄜ ㄇㄥˇ ㄐㄧㄣˋ
高步通衢,1,ㄍㄠ ㄅㄨˋ ㄊㄨㄥ ㄑㄩˊ
高溫消毒,1,ㄍㄠ ㄨㄣ ㄒㄧㄠ ㄉㄨˊ
高潮迭起,1,ㄍㄠ ㄔㄠˊ ㄉㄧㄝˊ ㄑㄧˇ
高爵厚祿,1,ㄍㄠ ㄐㄩㄝˊ ㄏㄡˋ ㄌㄨˋ
高爵豐祿,1,ㄍㄠ ㄐㄩㄝˊ ㄈㄥ ㄌㄨˋ
高爵重祿,1,ㄍㄠ ㄐㄩㄝˊ ㄓㄨㄥˋ ㄌㄨˋ
高牙大纛,1,ㄍㄠ ㄧㄚˊ ㄉㄚˋ ㄉㄠˋ
高空作業,1,ㄍㄠ ㄎㄨㄥ ㄗㄨㄛˋ ㄧㄝˋ
高空跳傘,1,ㄍㄠ ㄎㄨㄥ ㄊㄧㄠˋ ㄙㄢˇ
高空轟炸,1,ㄍㄠ ㄎㄨㄥ ㄏㄨㄥ ㄓㄚˋ
高空逆溫,1,ㄍㄠ ㄎㄨㄥ ㄋㄧˋ ㄨㄣ
高等文官,1,ㄍㄠ ㄉㄥˇ ㄨㄣˊ ㄍㄨㄢ
高節清風,1,ㄍㄠ ㄐㄧㄝˊ ㄑㄧㄥ ㄈㄥ
高節邁俗,1,ㄍㄠ ㄐㄧㄝˊ ㄇㄞˋ ㄙㄨˊ
高級官員,1,ㄍㄠ ㄐㄧˊ ㄍㄨㄢ ㄩㄢˊ
高級汽油,1,ㄍㄠ ㄐㄧˊ ㄑㄧˋ ㄧㄡˊ
高義薄雲,1,ㄍㄠ ㄧˋ ㄅㄛˊ ㄩㄣˊ
高翔遠引,1,ㄍㄠ ㄒㄧㄤˊ ㄩㄢˇ ㄧㄣˇ
高而不危,1,ㄍㄠ ㄦˊ ㄅㄨˋ ㄨㄟˊ
高聲朗誦,1,ㄍㄠ ㄕㄥ ㄌㄤˇ ㄙㄨㄥˋ
高臥東山,1,ㄍㄠ ㄨㄛˋ ㄉㄨㄥ ㄕㄢ
高自位置,1,ㄍㄠ ㄗˋ ㄨㄟˋ ㄓˋ
高自標樹,1,ㄍㄠ ㄗˋ ㄅㄧㄠ ㄕㄨˋ
高自標置,1,ㄍㄠ ㄗˋ ㄅㄧㄠ ㄓˋ
高自驕大,1,ㄍㄠ ㄗˋ ㄐㄧㄠ ㄉㄚˋ
高舉深藏,1,ㄍㄠ ㄐㄩˇ ㄕㄣ ㄘㄤˊ
高舉遠蹈,1,ㄍㄠ ㄐㄩˇ ㄩㄢˇ ㄉㄠˋ
高血糖症,1,ㄍㄠ ㄒㄧㄝˇ ㄊㄤˊ ㄓㄥˋ
高見遠識,1,ㄍㄠ ㄐㄧㄢˋ ㄩㄢˇ ㄕˋ
高調照片,1,ㄍㄠ ㄉㄧㄠˋ ㄓㄠˋ ㄆㄧㄢˋ
高談劇論,1,ㄍㄠ ㄊㄢˊ ㄐㄩˋ ㄌㄨㄣˋ
高談大論,1,ㄍㄠ ㄊㄢˊ ㄉㄚˋ ㄌㄨㄣˋ
高談弘論,1,ㄍㄠ ㄊㄢˊ ㄏㄨㄥˊ ㄌㄨㄣˋ
高談快論,1,ㄍㄠ ㄊㄢˊ ㄎㄨㄞˋ ㄌㄨㄣˋ
高談虛論,1,ㄍㄠ ㄊㄢˊ ㄒㄩ ㄌㄨㄣˋ
高談虛辭,1,ㄍㄠ ㄊㄢˊ ㄒㄩ ㄘˊ
高談闊步,1,ㄍㄠ ㄊㄢˊ ㄎㄨㄛˋ ㄅㄨˋ
高談雄辯,1,ㄍㄠ ㄊㄢˊ ㄒㄩㄥˊ ㄅㄧㄢˋ
高談雅步,1,ㄍㄠ ㄊㄢˊ ㄧㄚˇ ㄅㄨˋ
高識遠度,1,ㄍㄠ ㄕˋ ㄩㄢˇ ㄉㄨˋ
高識遠見,1,ㄍㄠ ㄕˋ ㄩㄢˇ ㄐㄧㄢˋ
高譚清論,1,ㄍㄠ ㄊㄢˊ ㄑㄧㄥ ㄌㄨㄣˋ
高貴不貴,1,ㄍㄠ ㄍㄨㄟˋ ㄅㄨˋ ㄍㄨㄟˋ
高貴優雅,1,ㄍㄠ ㄍㄨㄟˋ ㄧㄡ ㄧㄚˇ
高蹈遠引,1,ㄍㄠ ㄉㄠˋ ㄩㄢˇ ㄧㄣˇ
高蹈遠舉,1,ㄍㄠ ㄉㄠˋ ㄩㄢˇ ㄐㄩˇ
高車駟馬,1,ㄍㄠ ㄔㄜ ㄙˋ ㄇㄚˇ
高軒蒞止,1,ㄍㄠ ㄒㄩㄢ ㄌㄧˋ ㄓˇ
高速攝影,1,ㄍㄠ ㄙㄨˋ ㄕㄜˋ ㄧㄥˇ
高陽公子,1,ㄍㄠ ㄧㄤˊ ㄍㄨㄥ ㄗˇ
高陽狂客,1,ㄍㄠ ㄧㄤˊ ㄎㄨㄤˊ ㄎㄜˋ
高陽酒徒,1,ㄍㄠ ㄧㄤˊ ㄐㄧㄡˇ ㄊㄨˊ
高頭駿馬,1,ㄍㄠ ㄊㄡˊ ㄐㄩㄣˋ ㄇㄚˇ
高風勁節,1,ㄍㄠ ㄈㄥ ㄐㄧㄥˋ ㄐㄧㄝˊ
高風峻節,1,ㄍㄠ ㄈㄥ ㄐㄩㄣˋ ㄐㄧㄝˊ
高飛遠翔,1,ㄍㄠ ㄈㄟ ㄩㄢˇ ㄒㄧㄤˊ
高飛遠舉,1,ㄍㄠ ㄈㄟ ㄩㄢˇ ㄐㄩˇ
高飛遠遁,1,ㄍㄠ ㄈㄟ ㄩㄢˇ ㄉㄨㄣˋ
高飛遠集,1,ㄍㄠ ㄈㄟ ㄩㄢˇ ㄐㄧˊ
高高下下,1,ㄍㄠ ㄍㄠ˙ ㄒㄧㄚˋ ㄒㄧㄚˋ
高高低低,1,ㄍㄠ ㄍㄠ˙ ㄉㄧ ㄉㄧ
高高瘦瘦,1,ㄍㄠ ㄍㄠ˙ ㄕㄡˋ ㄕㄡˋ
高高興興,1,ㄍㄠ ㄍㄠ˙ ㄒㄧㄥˋ ㄒㄧㄥˋ
高鳳流麥,1,ㄍㄠ ㄈㄥˋ ㄌㄧㄡˊ ㄇㄛˋ
髮上指冠,1,ㄈㄚˇ ㄕㄤˋ ㄓˇ ㄍㄨㄢ
髮上衝冠,1,ㄈㄚˇ ㄕㄤˋ ㄔㄨㄥ ㄍㄨㄢ
髮光可鑑,1,ㄈㄚˇ ㄍㄨㄤ ㄎㄜˇ ㄐㄧㄢˋ
髮引千鈞,1,ㄈㄚˇ ㄧㄣˇ ㄑㄧㄢ ㄐㄩㄣ
髮指眥裂,1,ㄈㄚˇ ㄓˇ ㄗˋ ㄌㄧㄝˋ
髮短心長,1,ㄈㄚˇ ㄉㄨㄢˇ ㄒㄧㄣ ㄔㄤˊ
髮踊衝冠,1,ㄈㄚˇ ㄩㄥˇ ㄔㄨㄥ ㄍㄨㄢ
鬆一口氣,1,ㄙㄨㄥ ㄧ ㄎㄡˇ ㄑㄧˋ
鬍子工程,1,ㄏㄨˊ ㄗ˙ ㄍㄨㄥ ㄔㄥˊ
鬍子阿姨,1,ㄏㄨˊ ㄗ˙ ㄚ ㄧˊ
鬚髯如戟,1,ㄒㄩ ㄖㄢˊ ㄖㄨˊ ㄐㄧˇ
鬢亂釵橫,1,ㄅㄧㄣˋ ㄌㄨㄢˋ ㄔㄞ ㄏㄥˊ
鬢如銀絲,1,ㄅㄧㄣˋ ㄖㄨˊ ㄧㄣˊ ㄙ
鬢若刀裁,1,ㄅㄧㄣˋ ㄖㄨㄛˋ ㄉㄠ ㄘㄞˊ
鬢若堆鴉,1,ㄅㄧㄣˋ ㄖㄨㄛˋ ㄉㄨㄟ ㄧㄚ
鬢髮如銀,1,ㄅㄧㄣˋ ㄈㄚˇ ㄖㄨˊ ㄧㄣˊ
鬢髮皓然,1,ㄅㄧㄣˋ ㄈㄚˇ ㄏㄠˋ ㄖㄢˊ
鬢髯如漆,1,ㄅㄧㄣˋ ㄖㄢˊ ㄖㄨˊ ㄑㄧ
鬥巧爭奇,1,ㄉㄡˋ ㄑㄧㄠˇ ㄓㄥ ㄑㄧˊ
鬥志高昂,1,ㄉㄡˋ ㄓˋ ㄍㄠ ㄤˊ
鬥爭鬥合,1,ㄉㄡˋ ㄓㄥ ㄉㄡˋ ㄏㄜˊ
鬥牙拌齒,1,ㄉㄡˋ ㄧㄚˊ ㄅㄢˋ ㄔˇ
鬥牙鬥齒,1,ㄉㄡˋ ㄧㄚˊ ㄉㄡˋ ㄔˇ
鬥而鑄兵,1,ㄉㄡˋ ㄦˊ ㄓㄨˋ ㄅㄧㄥ
鬥而鑄錐,1,ㄉㄡˋ ㄦˊ ㄓㄨˋ ㄓㄨㄟ
鬥豔爭芳,1,ㄉㄡˋ ㄧㄢˋ ㄓㄥ ㄈㄤ
鬥雞走狗,1,ㄉㄡˋ ㄐㄧ ㄗㄡˇ ㄍㄡˇ
鬧小月子,1,ㄋㄠˋ ㄒㄧㄠˇ ㄩㄝˋ ㄗ˙
鬧標鬧闊,1,ㄋㄠˋ ㄅㄧㄠ ㄋㄠˋ ㄎㄨㄛˋ
鬧鬧熱熱,1,ㄋㄠˋ ㄋㄠ˙ ㄖㄜˋ ㄖㄜˋ
鬧鬧穰穰,1,ㄋㄠˋ ㄋㄠ˙ ㄖㄤˊ ㄖㄤˊ
鬨堂大笑,1,ㄏㄨㄥˋ ㄊㄤˊ ㄉㄚˋ ㄒㄧㄠˋ
鬨然大笑,1,ㄏㄨㄥˋ ㄖㄢˊ ㄉㄚˋ ㄒㄧㄠˋ
鬩牆之禍,1,ㄒㄧˋ ㄑㄧㄤˊ ㄓ ㄏㄨㄛˋ
鬱堙不偶,1,ㄩˋ ㄧㄣ ㄅㄨˋ ㄡˇ
鬱鬱不平,1,ㄩˋ ㄩˋ ㄅㄨˋ ㄆㄧㄥˊ
鬱鬱不樂,1,ㄩˋ ㄩˋ ㄅㄨˋ ㄌㄜˋ
鬱鬱蔥蔥,1,ㄩˋ ㄩˋ ㄘㄨㄥ ㄘㄨㄥ
鬻兒賣女,1,ㄩˋ ㄦˊ ㄇㄞˋ ㄋㄩˇ
鬻官賣爵,1,ㄩˋ ㄍㄨㄢ ㄇㄞˋ ㄐㄩㄝˊ
鬼出電入,1,ㄍㄨㄟˇ ㄔㄨ ㄉㄧㄢˋ ㄖㄨˋ
鬼哭狼嚎,1,ㄍㄨㄟˇ ㄎㄨ ㄌㄤˊ ㄏㄠˊ
鬼哭狼號,1,ㄍㄨㄟˇ ㄎㄨ ㄌㄤˊ ㄏㄠˊ
鬼哭神嚎,1,ㄍㄨㄟˇ ㄎㄨ ㄕㄣˊ ㄏㄠˊ
鬼子敢爾,1,ㄍㄨㄟˇ ㄗ˙ ㄍㄢˇ ㄦˇ
鬼影幢幢,1,ㄍㄨㄟˇ ㄧㄥˇ ㄔㄨㄤˊ ㄔㄨㄤˊ
鬼怕惡人,1,ㄍㄨㄟˇ ㄆㄚˋ ㄜˋ ㄖㄣˊ
鬼戮神誅,1,ㄍㄨㄟˇ ㄌㄨˋ ㄕㄣˊ ㄓㄨ
鬼摸腦殼,1,ㄍㄨㄟˇ ㄇㄛ ㄋㄠˇ ㄎㄜˊ
鬼畫桃符,1,ㄍㄨㄟˇ ㄏㄨㄚˋ ㄊㄠˊ ㄈㄨˊ
鬼瞰其室,1,ㄍㄨㄟˇ ㄎㄢˋ ㄑㄧˊ ㄕˋ
鬼神不測,1,ㄍㄨㄟˇ ㄕㄣˊ ㄅㄨˋ ㄘㄜˋ
鬼神莫測,1,ㄍㄨㄟˇ ㄕㄣˊ ㄇㄛˋ ㄘㄜˋ
鬼神莫窺,1,ㄍㄨㄟˇ ㄕㄣˊ ㄇㄛˋ ㄎㄨㄟ
鬼蜮伎倆,1,ㄍㄨㄟˇ ㄩˋ ㄐㄧˋ ㄌㄧㄤˇ
鬼行胸臆,1,ㄍㄨㄟˇ ㄒㄧㄥˊ ㄒㄩㄥ ㄧˋ
鬼酉上車,1,ㄍㄨㄟˇ ㄧㄡˇ ㄕㄤˋ ㄔㄜ
鬼靈信仰,1,ㄍㄨㄟˇ ㄌㄧㄥˊ ㄒㄧㄣˋ ㄧㄤˇ
鬼頭關竅,1,ㄍㄨㄟˇ ㄊㄡˊ ㄍㄨㄢ ㄑㄧㄠˋ
鬼飯疙瘩,1,ㄍㄨㄟˇ ㄈㄢˋ ㄍㄜ ㄉㄚ˙
鬼鬼唧唧,1,ㄍㄨㄟˇ ㄍㄨㄟˇ ㄐㄧ ㄐㄧ
鬼鬼頭頭,1,ㄍㄨㄟˇ ㄍㄨㄟˇ ㄊㄡˊ ㄊㄡˊ
鬼魅伎倆,1,ㄍㄨㄟˇ ㄇㄟˋ ㄐㄧˋ ㄌㄧㄤˇ
魁梧奇偉,1,ㄎㄨㄟˊ ㄨˋ ㄑㄧˊ ㄨㄟˇ
魂不守宅,1,ㄏㄨㄣˊ ㄅㄨˋ ㄕㄡˇ ㄓㄞˊ
魂不附體,1,ㄏㄨㄣˊ ㄅㄨˋ ㄈㄨˋ ㄊㄧˇ
魂亡膽落,1,ㄏㄨㄣˊ ㄨㄤˊ ㄉㄢˇ ㄌㄨㄛˋ
魂消氣泄,1,ㄏㄨㄣˊ ㄒㄧㄠ ㄑㄧˋ ㄒㄧㄝˋ
魂牽夢縈,1,ㄏㄨㄣˊ ㄑㄧㄢ ㄇㄥˋ ㄧㄥˊ
魂飄魄散,1,ㄏㄨㄣˊ ㄆㄧㄠ ㄆㄛˋ ㄙㄢˋ
魂飛魄喪,1,ㄏㄨㄣˊ ㄈㄟ ㄆㄛˋ ㄙㄤˋ
魄散九霄,1,ㄆㄛˋ ㄙㄢˋ ㄐㄧㄡˇ ㄒㄧㄠ
魄散魂飛,1,ㄆㄛˋ ㄙㄢˋ ㄏㄨㄣˊ ㄈㄟ
魏孝文帝,1,ㄨㄟˋ ㄒㄧㄠˋ ㄨㄣˊ ㄉㄧˋ
魏紫姚黃,1,ㄨㄟˋ ㄗˇ ㄧㄠˊ ㄏㄨㄤˊ
魏道武帝,1,ㄨㄟˋ ㄉㄠˋ ㄨˇ ㄉㄧˋ
魏顆結草,1,ㄨㄟˋ ㄎㄜ ㄐㄧㄝˊ ㄘㄠˇ
魔王夜叉,1,ㄇㄛˊ ㄨㄤˊ ㄧㄝˋ ㄔㄚ
魔術數字,1,ㄇㄛˊ ㄕㄨˋ ㄕㄨˋ ㄗˋ
魔術方塊,1,ㄇㄛˊ ㄕㄨˋ ㄈㄤ ㄎㄨㄞˋ
魔音傳腦,1,ㄇㄛˊ ㄧㄣ ㄔㄨㄢˊ ㄋㄠˇ
魔鬼學派,1,ㄇㄛˊ ㄍㄨㄟˇ ㄒㄩㄝˊ ㄆㄞˋ
魔鬼身材,1,ㄇㄛˊ ㄍㄨㄟˇ ㄕㄣ ㄘㄞˊ
魚水和諧,1,ㄩˊ ㄕㄨㄟˇ ㄏㄜˊ ㄒㄧㄝˊ
魚沉雁杳,1,ㄩˊ ㄔㄣˊ ㄧㄢˋ ㄧㄠˇ
魚沉雁渺,1,ㄩˊ ㄔㄣˊ ㄧㄢˋ ㄇㄧㄠˇ
魚沉雁落,1,ㄩˊ ㄔㄣˊ ㄧㄢˋ ㄌㄨㄛˋ
魚潰鳥散,1,ㄩˊ ㄎㄨㄟˋ ㄋㄧㄠˇ ㄙㄢˋ
魚爛土崩,1,ㄩˊ ㄌㄢˋ ㄊㄨˇ ㄅㄥ
魚爛而亡,1,ㄩˊ ㄌㄢˋ ㄦˊ ㄨㄤˊ
魚眼鏡頭,1,ㄩˊ ㄧㄢˇ ㄐㄧㄥˋ ㄊㄡˊ
魚籃寶卷,1,ㄩˊ ㄌㄢˊ ㄅㄠˇ ㄐㄩㄢˋ
魚籃觀音,1,ㄩˊ ㄌㄢˊ ㄍㄨㄢ ㄧㄣ
魚網鴻離,1,ㄩˊ ㄨㄤˇ ㄏㄨㄥˊ ㄌㄧˊ
魚貫而出,1,ㄩˊ ㄍㄨㄢˋ ㄦˊ ㄔㄨ
魚貫而行,1,ㄩˊ ㄍㄨㄢˋ ㄦˊ ㄒㄧㄥˊ
魚貫而進,1,ㄩˊ ㄍㄨㄢˋ ㄦˊ ㄐㄧㄣˋ
魚質龍文,1,ㄩˊ ㄓˊ ㄌㄨㄥˊ ㄨㄣˊ
魚路古道,1,ㄩˊ ㄌㄨˋ ㄍㄨˇ ㄉㄠˋ
魚躍鳶飛,1,ㄩˊ ㄩㄝˋ ㄩㄢ ㄈㄟ
魚躍龍門,1,ㄩˊ ㄩㄝˋ ㄌㄨㄥˊ ㄇㄣˊ
魚遊釜中,1,ㄩˊ ㄧㄡˊ ㄈㄨˇ ㄓㄨㄥ
魚遊釜底,1,ㄩˊ ㄧㄡˊ ㄈㄨˇ ㄉㄧˇ
魚雁不絕,1,ㄩˊ ㄧㄢˋ ㄅㄨˋ ㄐㄩㄝˊ
魚雁沉沉,1,ㄩˊ ㄧㄢˋ ㄔㄣˊ ㄔㄣˊ
魚雷快艇,1,ㄩˊ ㄌㄟˊ ㄎㄨㄞˋ ㄊㄧㄥˇ
魚頭參政,1,ㄩˊ ㄊㄡˊ ㄘㄢ ㄓㄥˋ
魚驚鳥散,1,ㄩˊ ㄐㄧㄥ ㄋㄧㄠˇ ㄙㄢˋ
魚魚雅雅,1,ㄩˊ ㄩˊ ㄧㄚˇ ㄧㄚˇ
魚鼓簡板,1,ㄩˊ ㄍㄨˇ ㄐㄧㄢˇ ㄅㄢˇ
魚鼓道情,1,ㄩˊ ㄍㄨˇ ㄉㄠˋ ㄑㄧㄥˊ
魚龍混雜,1,ㄩˊ ㄌㄨㄥˊ ㄏㄨㄣˋ ㄗㄚˊ
魚龍漫衍,1,ㄩˊ ㄌㄨㄥˊ ㄇㄢˋ ㄧㄢˇ
魚龍變化,1,ㄩˊ ㄌㄨㄥˊ ㄅㄧㄢˋ ㄏㄨㄚˋ
魯女憂葵,1,ㄌㄨˇ ㄋㄩˇ ㄧㄡ ㄎㄨㄟˊ
魯班真人,1,ㄌㄨˇ ㄅㄢ ㄓㄣ ㄖㄣˊ
魯肅指囷,1,ㄌㄨˇ ㄙㄨˋ ㄓˇ ㄐㄩㄣ
魯衛之政,1,ㄌㄨˇ ㄨㄟˋ ㄓ ㄓㄥˋ
魯連蹈海,1,ㄌㄨˇ ㄌㄧㄢˊ ㄉㄠˋ ㄏㄞˇ
魯陽揮戈,1,ㄌㄨˇ ㄧㄤˊ ㄏㄨㄟ ㄍㄜ
魯魚帝虎,1,ㄌㄨˇ ㄩˊ ㄉㄧˋ ㄏㄨˇ
魴魚赬尾,1,ㄈㄤˊ ㄩˊ ㄔㄥ ㄨㄟˇ
鮑凱利尼,1,ㄅㄠˋ ㄎㄞˇ ㄌㄧˋ ㄋㄧˊ
鮑斯威爾,1,ㄅㄠˋ ㄙ ㄨㄟ ㄦˇ
鮮為人知,1,ㄒㄧㄢˇ ㄨㄟˊ ㄖㄣˊ ㄓ
鮮眉亮眼,1,ㄒㄧㄢ ㄇㄟˊ ㄌㄧㄤˋ ㄧㄢˇ
鮮車怒馬,1,ㄒㄧㄢ ㄔㄜ ㄋㄨˋ ㄇㄚˇ
鯤鵬展翅,1,ㄎㄨㄣ ㄆㄥˊ ㄓㄢˇ ㄔˋ
鯨吞虎噬,1,ㄐㄧㄥ ㄊㄨㄣ ㄏㄨˇ ㄕˋ
鰵魚肝油,1,ㄇㄧㄣˇ ㄩˊ ㄍㄢ ㄧㄡˊ
鱗鋏星鐔,1,ㄌㄧㄣˊ ㄐㄧㄚˊ ㄒㄧㄥ ㄊㄢˊ
鱗鴻杳絕,1,ㄌㄧㄣˊ ㄏㄨㄥˊ ㄧㄠˇ ㄐㄩㄝˊ
鱗鴻附便,1,ㄌㄧㄣˊ ㄏㄨㄥˊ ㄈㄨˋ ㄅㄧㄢˋ
鳥散魚潰,1,ㄋㄧㄠˇ ㄙㄢˋ ㄩˊ ㄎㄨㄟˋ
鳥裡鳥氣,1,ㄋㄧㄠˇ ㄌㄧˇ ㄋㄧㄠˇ ㄑㄧˋ
鳥道羊腸,1,ㄋㄧㄠˇ ㄉㄠˋ ㄧㄤˊ ㄔㄤˊ
鳥集鱗萃,1,ㄋㄧㄠˇ ㄐㄧˊ ㄌㄧㄣˊ ㄘㄨㄟˋ
鳥面鵠形,1,ㄋㄧㄠˇ ㄇㄧㄢˋ ㄏㄨˊ ㄒㄧㄥˊ
鳥革翬飛,1,ㄋㄧㄠˇ ㄍㄜˊ ㄏㄨㄟ ㄈㄟ
鳥驚魚潰,1,ㄋㄧㄠˇ ㄐㄧㄥ ㄩˊ ㄎㄨㄟˋ
鳧趨雀躍,1,ㄈㄨˊ ㄑㄩ ㄑㄩㄝˋ ㄩㄝˋ
鳩僭鵲巢,1,ㄐㄧㄡ ㄐㄧㄢˋ ㄑㄩㄝˋ ㄔㄠˊ
鳩奪鵲巢,1,ㄐㄧㄡ ㄉㄨㄛˊ ㄑㄩㄝˋ ㄔㄠˊ
鳩居鵲巢,1,ㄐㄧㄡ ㄐㄩ ㄑㄩㄝˋ ㄔㄠˊ
鳩工庀材,1,ㄐㄧㄡ ㄍㄨㄥ ㄆㄧˇ ㄘㄞˊ
鳳凰來儀,1,ㄈㄥˋ ㄏㄨㄤˊ ㄌㄞˊ ㄧˊ
鳳凰在笯,1,ㄈㄥˋ ㄏㄨㄤˊ ㄗㄞˋ ㄋㄨˊ
鳳去樓空,1,ㄈㄥˋ ㄑㄩˋ ㄌㄡˊ ㄎㄨㄥ
鳳去秦樓,1,ㄈㄥˋ ㄑㄩˋ ㄑㄧㄣˊ ㄌㄡˊ
鳳去臺空,1,ㄈㄥˋ ㄑㄩˋ ㄊㄞˊ ㄎㄨㄥ
鳳友鸞交,1,ㄈㄥˋ ㄧㄡˇ ㄌㄨㄢˊ ㄐㄧㄠ
鳳尾香羅,1,ㄈㄥˋ ㄨㄟˇ ㄒㄧㄤ ㄌㄨㄛˊ
鳳止高梧,1,ㄈㄥˋ ㄓˇ ㄍㄠ ㄨˊ
鳳毛濟美,1,ㄈㄥˋ ㄇㄠˊ ㄐㄧˋ ㄇㄟˇ
鳳泊鸞飄,1,ㄈㄥˋ ㄅㄛˊ ㄌㄨㄢˊ ㄆㄧㄠ
鳳皇于蜚,1,ㄈㄥˋ ㄏㄨㄤˊ ㄩˊ ㄈㄟ
鳳舞龍飛,1,ㄈㄥˋ ㄨˇ ㄌㄨㄥˊ ㄈㄟ
鳳陽花鼓,1,ㄈㄥˋ ㄧㄤˊ ㄏㄨㄚ ㄍㄨˇ
鳳雛麟子,1,ㄈㄥˋ ㄔㄨˊ ㄌㄧㄣˊ ㄗˇ
鳳靡鸞吪,1,ㄈㄥˋ ㄇㄧˊ ㄌㄨㄢˊ ㄜˊ
鳳鳴朝陽,1,ㄈㄥˋ ㄇㄧㄥˊ ㄓㄠ ㄧㄤˊ
鳴琴垂拱,1,ㄇㄧㄥˊ ㄑㄧㄣˊ ㄔㄨㄟˊ ㄍㄨㄥˇ
鳴琴而治,1,ㄇㄧㄥˊ ㄑㄧㄣˊ ㄦˊ ㄓˋ
鳴謝啟事,1,ㄇㄧㄥˊ ㄒㄧㄝˋ ㄑㄧˇ ㄕˋ
鳴鐘列鼎,1,ㄇㄧㄥˊ ㄓㄨㄥ ㄌㄧㄝˋ ㄉㄧㄥˇ
鳴鑼開道,1,ㄇㄧㄥˊ ㄌㄨㄛˊ ㄎㄞ ㄉㄠˋ
鳴鞭電抹,1,ㄇㄧㄥˊ ㄅㄧㄢ ㄉㄧㄢˋ ㄇㄛˇ
鳴鳳朝陽,1,ㄇㄧㄥˊ ㄈㄥˋ ㄔㄠˊ ㄧㄤˊ
鳴鼓大噪,1,ㄇㄧㄥˊ ㄍㄨˇ ㄉㄚˋ ㄗㄠˋ
鳶飛戾天,1,ㄩㄢ ㄈㄟ ㄌㄧˋ ㄊㄧㄢ
鳶飛魚躍,1,ㄩㄢ ㄈㄟ ㄩˊ ㄩㄝˋ
鴉巢生鳳,1,ㄧㄚ ㄔㄠˊ ㄕㄥ ㄈㄥˋ
鴉雀不聞,1,ㄧㄚ ㄑㄩㄝˋ ㄅㄨˋ ㄨㄣˊ
鴉雀無聞,1,ㄧㄚ ㄑㄩㄝˋ ㄨˊ ㄨㄣˊ
鴉飛鵲亂,1,ㄧㄚ ㄈㄟ ㄑㄩㄝˋ ㄌㄨㄢˋ
鴉鵲不聞,1,ㄧㄚ ㄑㄩㄝˋ ㄅㄨˋ ㄨㄣˊ
鴉鵲無聲,1,ㄧㄚ ㄑㄩㄝˋ ㄨˊ ㄕㄥ
鴉默雀靜,1,ㄧㄚ ㄇㄛˋ ㄑㄩㄝˋ ㄐㄧㄥˋ
鴛儔鳳侶,1,ㄩㄢ ㄔㄡˊ ㄈㄥˋ ㄌㄩˇ
鴛鴦折頸,1,ㄩㄢ ㄧㄤ ㄓㄜˊ ㄐㄧㄥˇ
鴞心鸝舌,1,ㄒㄧㄠ ㄒㄧㄣ ㄌㄧˊ ㄕㄜˊ
鴟得腐鼠,1,ㄔ ㄉㄜˊ ㄈㄨˇ ㄕㄨˇ
鴟目虎吻,1,ㄔ ㄇㄨˋ ㄏㄨˇ ㄨㄣˇ
鴨子上架,1,ㄧㄚ ㄗ˙ ㄕㄤˋ ㄐㄧㄚˋ
鴨子聽雷,1,ㄧㄚ ㄗ˙ ㄊㄧㄥ ㄌㄟˊ
鴨步鵝行,1,ㄧㄚ ㄅㄨˋ ㄜˊ ㄒㄧㄥˊ
鴨頭丸帖,1,ㄧㄚ ㄊㄡˊ ㄨㄢˊ ㄊㄧㄝˋ
鴻案相莊,1,ㄏㄨㄥˊ ㄢˋ ㄒㄧㄤ ㄓㄨㄤ
鴻案鹿車,1,ㄏㄨㄥˊ ㄢˋ ㄌㄨˋ ㄔㄜ
鴻毛泰山,1,ㄏㄨㄥˊ ㄇㄠˊ ㄊㄞˋ ㄕㄢ
鴻稀鱗絕,1,ㄏㄨㄥˊ ㄒㄧ ㄌㄧㄣˊ ㄐㄩㄝˊ
鴻篇巨制,1,ㄏㄨㄥˊ ㄆㄧㄢ ㄐㄩˋ ㄓˋ
鴻篇巨帙,1,ㄏㄨㄥˊ ㄆㄧㄢ ㄐㄩˋ ㄓˋ
鴻運當頭,1,ㄏㄨㄥˊ ㄩㄣˋ ㄉㄤ ㄊㄡˊ
鴻鵠大志,1,ㄏㄨㄥˊ ㄏㄨˊ ㄉㄚˋ ㄓˋ
鵠形菜色,1,ㄏㄨˊ ㄒㄧㄥˊ ㄘㄞˋ ㄙㄜˋ
鵠面鳥形,1,ㄏㄨˊ ㄇㄧㄢˋ ㄋㄧㄠˇ ㄒㄧㄥˊ
鵠面鳩形,1,ㄏㄨˊ ㄇㄧㄢˋ ㄐㄧㄡ ㄒㄧㄥˊ
鵬舉獎章,1,ㄆㄥˊ ㄐㄩˇ ㄐㄧㄤˇ ㄓㄤ
鵰心雁爪,1,ㄉㄧㄠ ㄒㄧㄣ ㄧㄢˋ ㄓㄠˇ
鵲笑鳩舞,1,ㄑㄩㄝˋ ㄒㄧㄠˋ ㄐㄧㄡ ㄨˇ
鶉之奔奔,1,ㄔㄨㄣˊ ㄓ ㄅㄣ ㄅㄣ
鶉衣百結,1,ㄔㄨㄣˊ ㄧ ㄅㄞˇ ㄐㄧㄝˊ
鶯儔燕侶,1,ㄧㄥ ㄔㄡˊ ㄧㄢˋ ㄌㄩˇ
鶯飛草長,1,ㄧㄥ ㄈㄟ ㄘㄠˇ ㄓㄤˇ
鶴唳風聲,1,ㄏㄜˋ ㄌㄧˋ ㄈㄥ ㄕㄥ
鶴林玉露,1,ㄏㄜˋ ㄌㄧㄣˊ ㄩˋ ㄌㄨˋ
鶴算龜齡,1,ㄏㄜˋ ㄙㄨㄢˋ ㄍㄨㄟ ㄌㄧㄥˊ
鶴處雞群,1,ㄏㄜˋ ㄔㄨˇ ㄐㄧ ㄑㄩㄣˊ
鶴長鳧短,1,ㄏㄜˋ ㄔㄤˊ ㄈㄨˊ ㄉㄨㄢˇ
鶴骨松姿,1,ㄏㄜˋ ㄍㄨˇ ㄙㄨㄥ ㄗ
鶴髮雞皮,1,ㄏㄜˋ ㄈㄚˇ ㄐㄧ ㄆㄧˊ
鶴鳴之士,1,ㄏㄜˋ ㄇㄧㄥˊ ㄓ ㄕˋ
鶴鳴九皋,1,ㄏㄜˋ ㄇㄧㄥˊ ㄐㄧㄡˇ ㄍㄠ
鶺鴒在原,1,ㄐㄧˊ ㄌㄧㄥˊ ㄗㄞˋ ㄩㄢˊ
鷙鳥不群,1,ㄓˋ ㄋㄧㄠˇ ㄅㄨˋ ㄑㄩㄣˊ
鷦鷯一枝,1,ㄐㄧㄠ ㄌㄧㄠˊ ㄧ ㄓ
鷲峰山脈,1,ㄐㄧㄡˋ ㄈㄥ ㄕㄢ ㄇㄞˋ
鷹抓燕雀,1,ㄧㄥ ㄓㄨㄚ ㄧㄢˋ ㄑㄩㄝˋ
鷹揚虎視,1,ㄧㄥ ㄧㄤˊ ㄏㄨˇ ㄕˋ
鷹擊毛摯,1,ㄧㄥ ㄐㄧˊ ㄇㄠˊ ㄓˋ
鷹瞵鶚視,1,ㄧㄥ ㄌㄧㄣˊ ㄜˋ ㄕˋ
鷹視狼步,1,ㄧㄥ ㄕˋ ㄌㄤˊ ㄅㄨˋ
鷹覷鶻望,1,ㄧㄥ ㄑㄩˋ ㄏㄨˊ ㄨㄤˋ
鷽鳩笑鵬,1,ㄒㄩㄝˊ ㄐㄧㄡ ㄒㄧㄠˋ ㄆㄥˊ
鸚鵡學舌,1,ㄧㄥ ㄨˇ ㄒㄩㄝˊ ㄕㄜˊ
鸞停鵠峙,1,ㄌㄨㄢˊ ㄊㄧㄥˊ ㄏㄨˊ ㄓˋ
鸞儔鳳侶,1,ㄌㄨㄢˊ ㄔㄡˊ ㄈㄥˋ ㄌㄩˇ
鸞翔鳳翥,1,ㄌㄨㄢˊ ㄒㄧㄤˊ ㄈㄥˋ ㄓㄨˋ
鸞膠續斷,1,ㄌㄨㄢˊ ㄐㄧㄠ ㄒㄩˋ ㄉㄨㄢˋ
鸞飄鳳泊,1,ㄌㄨㄢˊ ㄆㄧㄠ ㄈㄥˋ ㄅㄛˊ
鸞鳳之配,1,ㄌㄨㄢˊ ㄈㄥˋ ㄓ ㄆㄟˋ
鸞鵠停峙,1,ㄌㄨㄢˊ ㄏㄨˊ ㄊㄧㄥˊ ㄓˋ
鹵莽滅裂,1,ㄌㄨˇ ㄇㄤˇ ㄇㄧㄝˋ ㄌㄧㄝˋ
鹹嘴淡舌,1,ㄒㄧㄢˊ ㄗㄨㄟˇ ㄉㄢˋ ㄕㄜˊ
鹼性電池,1,ㄐㄧㄢˇ ㄒㄧㄥˋ ㄉㄧㄢˋ ㄔˊ
鹼性食品,1,ㄐㄧㄢˇ ㄒㄧㄥˋ ㄕˊ ㄆㄧㄣˇ
鹽分地帶,1,ㄧㄢˊ ㄈㄣˋ ㄉㄧˋ ㄉㄞˋ
鹽務總局,1,ㄧㄢˊ ㄨˋ ㄗㄨㄥˇ ㄐㄩˊ
鹽析作用,1,ㄧㄢˊ ㄒㄧ ㄗㄨㄛˋ ㄩㄥˋ
鹽水蜂炮,1,ㄧㄢˊ ㄕㄨㄟˇ ㄈㄥ ㄆㄠˋ
鹽水選種,1,ㄧㄢˊ ㄕㄨㄟˇ ㄒㄩㄢˇ ㄓㄨㄥˇ
鹽漬食物,1,ㄧㄢˊ ㄗˋ ㄕˊ ㄨˋ
鹽生植物,1,ㄧㄢˊ ㄕㄥ ㄓˊ ㄨˋ
鹿裘不完,1,ㄌㄨˋ ㄑㄧㄡˊ ㄅㄨˋ ㄨㄢˊ
鹿車共挽,1,ㄌㄨˋ ㄐㄩ ㄍㄨㄥˋ ㄨㄢˇ
鹿門采藥,1,ㄌㄨˋ ㄇㄣˊ ㄘㄞˇ ㄧㄠˋ
麇至沓來,1,ㄑㄩㄣˊ ㄓˋ ㄊㄚˋ ㄌㄞˊ
麇集蜂萃,1,ㄑㄩㄣˊ ㄐㄧˊ ㄈㄥ ㄘㄨㄟˋ
麋沸蟻動,1,ㄇㄧˊ ㄈㄟˋ ㄧˇ ㄉㄨㄥˋ
麋沸蟻聚,1,ㄇㄧˊ ㄈㄟˋ ㄧˇ ㄐㄩˋ
麋鹿之性,1,ㄇㄧˊ ㄌㄨˋ ㄓ ㄒㄧㄥˋ
麒麟文化,1,ㄑㄧˊ ㄌㄧㄣˊ ㄨㄣˊ ㄏㄨㄚˋ
麓山寺碑,1,ㄌㄨˋ ㄕㄢ ㄙˋ ㄅㄟ
麗格海棠,1,ㄌㄧˋ ㄍㄜˊ ㄏㄞˇ ㄊㄤˊ
麟吐玉書,1,ㄌㄧㄣˊ ㄊㄨˇ ㄩˋ ㄕㄨ
麟子鳳雛,1,ㄌㄧㄣˊ ㄗˇ ㄈㄥˋ ㄔㄨˊ
麟肝鳳髓,1,ㄌㄧㄣˊ ㄍㄢ ㄈㄥˋ ㄙㄨㄟˇ
麟角鳳毛,1,ㄌㄧㄣˊ ㄐㄧㄠˇ ㄈㄥˋ ㄇㄠˊ
麟角鳳觜,1,ㄌㄧㄣˊ ㄐㄧㄠˇ ㄈㄥˋ ㄗㄨㄟˇ
麟角鳳距,1,ㄌㄧㄣˊ ㄐㄧㄠˇ ㄈㄥˋ ㄐㄩˋ
麟趾呈祥,1,ㄌㄧㄣˊ ㄓˇ ㄔㄥˊ ㄒㄧㄤˊ
麟鳳龜龍,1,ㄌㄧㄣˊ ㄈㄥˋ ㄍㄨㄟ ㄌㄨㄥˊ
麤服亂頭,1,ㄘㄨ ㄈㄨˊ ㄌㄨㄢˋ ㄊㄡˊ
麥丘老人,1,ㄇㄞˋ ㄑㄧㄡ ㄌㄠˇ ㄖㄣˊ
麥秀兩歧,1,ㄇㄞˋ ㄒㄧㄡˋ ㄌㄧㄤˇ ㄑㄧˊ
麥穗兩歧,1,ㄇㄞˋ ㄙㄨㄟˋ ㄌㄧㄤˇ ㄑㄧˊ
麵杖吹火,1,ㄇㄧㄢˋ ㄓㄤˋ ㄔㄨㄟ ㄏㄨㄛˇ
麻做一團,1,ㄇㄚˊ ㄗㄨㄛˋ ㄧ ㄊㄨㄢˊ
麻姑搔癢,1,ㄇㄚˊ ㄍㄨ ㄙㄠ ㄧㄤˇ
麻姑獻壽,1,ㄇㄚˊ ㄍㄨ ㄒㄧㄢˋ ㄕㄡˋ
麻婆豆腐,1,ㄇㄚˊ ㄆㄛˊ ㄉㄡˋ ㄈㄨ˙
麻將搭子,1,ㄇㄚˊ ㄐㄧㄤˋ ㄉㄚ ㄗ˙
麻屣鶉衣,1,ㄇㄚˊ ㄒㄧˇ ㄔㄨㄣˊ ㄧ
麻痺不仁,1,ㄇㄚˊ ㄅㄧˋ ㄅㄨˋ ㄖㄣˊ
麻胡著臉,1,ㄇㄚˊ ㄏㄨˊ ㄓㄜ˙ ㄌㄧㄢˇ
麻著膽子,1,ㄇㄚˊ ㄓㄜ˙ ㄉㄢˇ ㄗ˙
麻蚍叮腿,1,ㄇㄚˊ ㄆㄧˊ ㄉㄧㄥ ㄊㄨㄟˇ
麻衣仙翁,1,ㄇㄚˊ ㄧ ㄒㄧㄢ ㄨㄥ
麻衣相法,1,ㄇㄚˊ ㄧ ㄒㄧㄤˋ ㄈㄚˇ
麻醉藥品,1,ㄇㄚˊ ㄗㄨㄟˋ ㄧㄠˋ ㄆㄧㄣˇ
麻麻呼呼,1,ㄇㄚˊ ㄇㄚ˙ ㄏㄨ ㄏㄨ
麻麻糊糊,1,ㄇㄚˊ ㄇㄚ˙ ㄏㄨˊ ㄏㄨˊ
黃乾黑瘦,1,ㄏㄨㄤˊ ㄍㄢ ㄏㄟ ㄕㄡˋ
黃卷青燈,1,ㄏㄨㄤˊ ㄐㄩㄢˋ ㄑㄧㄥ ㄉㄥ
黃口孺子,1,ㄏㄨㄤˊ ㄎㄡˇ ㄖㄨˊ ㄗˇ
黃口小兒,1,ㄏㄨㄤˊ ㄎㄡˇ ㄒㄧㄠˇ ㄦˊ
黃埔條約,1,ㄏㄨㄤˊ ㄆㄨˇ ㄊㄧㄠˊ ㄩㄝ
黃堂太守,1,ㄏㄨㄤˊ ㄊㄤˊ ㄊㄞˋ ㄕㄡˇ
黃塵滾滾,1,ㄏㄨㄤˊ ㄔㄣˊ ㄍㄨㄣˇ ㄍㄨㄣˇ
黃巢之亂,1,ㄏㄨㄤˊ ㄔㄠˊ ㄓ ㄌㄨㄢˋ
黃帝乘龍,1,ㄏㄨㄤˊ ㄉㄧˋ ㄔㄥˊ ㄌㄨㄥˊ
黃帝內經,1,ㄏㄨㄤˊ ㄉㄧˋ ㄋㄟˋ ㄐㄧㄥ
黃帝素問,1,ㄏㄨㄤˊ ㄉㄧˋ ㄙㄨˋ ㄨㄣˋ
黃庭換鵝,1,ㄏㄨㄤˊ ㄊㄧㄥˊ ㄏㄨㄢˋ ㄜˊ
黃旗紫蓋,1,ㄏㄨㄤˊ ㄑㄧˊ ㄗˇ ㄍㄞˋ
黃昏時分,1,ㄏㄨㄤˊ ㄏㄨㄣ ㄕˊ ㄈㄣˋ
黃梅時候,1,ㄏㄨㄤˊ ㄇㄟˊ ㄕˊ ㄏㄡˋ
黃楊厄閏,1,ㄏㄨㄤˊ ㄧㄤˊ ㄜˋ ㄖㄨㄣˋ
黃毛丫頭,1,ㄏㄨㄤˊ ㄇㄠˊ ㄧㄚ ㄊㄡ˙
黃沙蓋面,1,ㄏㄨㄤˊ ㄕㄚ ㄍㄞˋ ㄇㄧㄢˋ
黃湯辣水,1,ㄏㄨㄤˊ ㄊㄤ ㄌㄚˋ ㄕㄨㄟˇ
黃白之物,1,ㄏㄨㄤˊ ㄅㄞˊ ㄓ ㄨˋ
黃白之術,1,ㄏㄨㄤˊ ㄅㄞˊ ㄓ ㄕㄨˋ
黃石授書,1,ㄏㄨㄤˊ ㄕˊ ㄕㄡˋ ㄕㄨ
黃童白叟,1,ㄏㄨㄤˊ ㄊㄨㄥˊ ㄅㄞˊ ㄙㄡˇ
黃粱一夢,1,ㄏㄨㄤˊ ㄌㄧㄤˊ ㄧ ㄇㄥˋ
黃老治術,1,ㄏㄨㄤˊ ㄌㄠˇ ㄓˋ ㄕㄨˋ
黃耳傳書,1,ㄏㄨㄤˊ ㄦˇ ㄔㄨㄢˊ ㄕㄨ
黃色刊物,1,ㄏㄨㄤˊ ㄙㄜˋ ㄎㄢ ㄨˋ
黃色文學,1,ㄏㄨㄤˊ ㄙㄜˋ ㄨㄣˊ ㄒㄩㄝˊ
黃色新聞,1,ㄏㄨㄤˊ ㄙㄜˋ ㄒㄧㄣ ㄨㄣˊ
黃花後生,1,ㄏㄨㄤˊ ㄏㄨㄚ ㄏㄡˋ ㄕㄥ
黃花晚節,1,ㄏㄨㄤˊ ㄏㄨㄚ ㄨㄢˇ ㄐㄧㄝˊ
黃花蜜菜,1,ㄏㄨㄤˊ ㄏㄨㄚ ㄇㄧˋ ㄘㄞˋ
黃貓黑尾,1,ㄏㄨㄤˊ ㄇㄠ ㄏㄟ ㄨㄟˇ
黃道良辰,1,ㄏㄨㄤˊ ㄉㄠˋ ㄌㄧㄤˊ ㄔㄣˊ
黃道黑道,1,ㄏㄨㄤˊ ㄉㄠˋ ㄏㄟ ㄉㄠˋ
黃金入櫃,1,ㄏㄨㄤˊ ㄐㄧㄣ ㄖㄨˋ ㄍㄨㄟˋ
黃金分割,1,ㄏㄨㄤˊ ㄐㄧㄣ ㄈㄣ ㄍㄜ
黃金地帶,1,ㄏㄨㄤˊ ㄐㄧㄣ ㄉㄧˋ ㄉㄞˋ
黃金存摺,1,ㄏㄨㄤˊ ㄐㄧㄣ ㄘㄨㄣˊ ㄓㄜˊ
黃金時段,1,ㄏㄨㄤˊ ㄐㄧㄣ ㄕˊ ㄉㄨㄢˋ
黃金時間,1,ㄏㄨㄤˊ ㄐㄧㄣ ㄕˊ ㄐㄧㄢ
黃金有疵,1,ㄏㄨㄤˊ ㄐㄧㄣ ㄧㄡˇ ㄘ
黃金條款,1,ㄏㄨㄤˊ ㄐㄧㄣ ㄊㄧㄠˊ ㄎㄨㄢˇ
黃鐘大呂,1,ㄏㄨㄤˊ ㄓㄨㄥ ㄉㄚˋ ㄌㄩˇ
黃鐘毀棄,1,ㄏㄨㄤˊ ㄓㄨㄥ ㄏㄨㄟˇ ㄑㄧˋ
黃鐘長棄,1,ㄏㄨㄤˊ ㄓㄨㄥ ㄔㄤˊ ㄑㄧˋ
黃門駙馬,1,ㄏㄨㄤˊ ㄇㄣˊ ㄈㄨˋ ㄇㄚˇ
黃門鼓吹,1,ㄏㄨㄤˊ ㄇㄣˊ ㄍㄨˇ ㄔㄨㄟˋ
黃閣紫樞,1,ㄏㄨㄤˊ ㄍㄜˊ ㄗˇ ㄕㄨ
黃雀銜環,1,ㄏㄨㄤˊ ㄑㄩㄝˋ ㄒㄧㄢˊ ㄏㄨㄢˊ
黃體激素,1,ㄏㄨㄤˊ ㄊㄧˇ ㄐㄧ ㄙㄨˋ
黃髮兒齒,1,ㄏㄨㄤˊ ㄈㄚˇ ㄦˊ ㄔˇ
黃髮鮐背,1,ㄏㄨㄤˊ ㄈㄚˇ ㄊㄞˊ ㄅㄟˋ
黍谷生春,1,ㄕㄨˇ ㄍㄨˇ ㄕㄥ ㄔㄨㄣ
黍離麥秀,1,ㄕㄨˇ ㄌㄧˊ ㄇㄞˋ ㄒㄧㄡˋ
黎丘丈人,1,ㄌㄧˊ ㄑㄧㄡ ㄓㄤˋ ㄖㄣˊ
黎俱吠陀,1,ㄌㄧˊ ㄐㄩˋ ㄈㄟˋ ㄊㄨㄛˊ
黏涎答答,1,ㄋㄧㄢˊ ㄒㄧㄢ˙ ㄉㄚ ㄉㄚ
黑不溜丟,1,ㄏㄟ ㄅㄨ˙ ㄌㄧㄡ ㄉㄧㄡ
黑人問題,1,ㄏㄟ ㄖㄣˊ ㄨㄣˋ ㄊㄧˊ
黑人靈歌,1,ㄏㄟ ㄖㄣˊ ㄌㄧㄥˊ ㄍㄜ
黑人音樂,1,ㄏㄟ ㄖㄣˊ ㄧㄣ ㄩㄝˋ
黑克索斯,1,ㄏㄟ ㄎㄜˋ ㄙㄨㄛˇ ㄙ
黑冠麻鷺,1,ㄏㄟ ㄍㄨㄢ ㄇㄚˊ ㄌㄨˋ
黑咕籠咚,1,ㄏㄟ ㄍㄨ˙ ㄌㄨㄥˊ ㄉㄨㄥ
黑天摸地,1,ㄏㄟ ㄊㄧㄢ ㄇㄛ ㄉㄧˋ
黑字倒閉,1,ㄏㄟ ㄗˋ ㄉㄠˇ ㄅㄧˋ
黑家白日,1,ㄏㄟ ㄐㄧㄚ˙ ㄅㄞˊ ㄖˋ
黑暗大陸,1,ㄏㄟ ㄢˋ ㄉㄚˋ ㄌㄨˋ
黑更半夜,1,ㄏㄟ ㄍㄥ ㄅㄢˋ ㄧㄝˋ
黑氣沖天,1,ㄏㄟ ㄑㄧˋ ㄔㄨㄥ ㄊㄧㄢ
黑汗白流,1,ㄏㄟ ㄏㄢˋ ㄅㄞˊ ㄌㄧㄡˊ
黑漆一團,1,ㄏㄟ ㄑㄧ ㄧ ㄊㄨㄢˊ
黑漆板凳,1,ㄏㄟ ㄑㄧ ㄅㄢˇ ㄉㄥˋ
黑漆皮燈,1,ㄏㄟ ㄑㄧ ㄆㄧˊ ㄉㄥ
黑燈下火,1,ㄏㄟ ㄉㄥ ㄒㄧㄚˋ ㄏㄨㄛˇ
黑王相公,1,ㄏㄟ ㄨㄤˊ ㄒㄧㄤˋ ㄍㄨㄥ
黑白混淆,1,ㄏㄟ ㄅㄞˊ ㄏㄨㄣˋ ㄧㄠˊ
黑白顛倒,1,ㄏㄟ ㄅㄞˊ ㄉㄧㄢ ㄉㄠˇ
黑眉烏嘴,1,ㄏㄟ ㄇㄟˊ ㄨ ㄗㄨㄟˇ
黑箱作業,1,ㄏㄟ ㄒㄧㄤ ㄗㄨㄛˋ ㄧㄝˋ
黑臉董嘴,1,ㄏㄟ ㄌㄧㄢˇ ㄉㄨㄥˇ ㄗㄨㄟˇ
黑色喜劇,1,ㄏㄟ ㄙㄜˋ ㄒㄧˇ ㄐㄩˋ
黑色幽默,1,ㄏㄟ ㄙㄜˋ ㄧㄡ ㄇㄛˋ
黑金政治,1,ㄏㄟ ㄐㄧㄣ ㄓㄥˋ ㄓˋ
黑驢告狀,1,ㄏㄟ ㄌㄩˊ ㄍㄠˋ ㄓㄨㄤˋ
黔突暖席,1,ㄑㄧㄢˊ ㄊㄨˊ ㄋㄨㄢˇ ㄒㄧˊ
默不作聲,1,ㄇㄛˋ ㄅㄨˋ ㄗㄨㄛˋ ㄕㄥ
默無一言,1,ㄇㄛˋ ㄨˊ ㄧ ㄧㄢˊ
默然無聲,1,ㄇㄛˋ ㄖㄢˊ ㄨˊ ㄕㄥ
默默無聲,1,ㄇㄛˋ ㄇㄛˋ ㄨˊ ㄕㄥ
默默無語,1,ㄇㄛˋ ㄇㄛˋ ㄨˊ ㄩˇ
黛玉葬花,1,ㄉㄞˋ ㄩˋ ㄗㄤˋ ㄏㄨㄚ
黜陟幽明,1,ㄔㄨˋ ㄓˋ ㄧㄡ ㄇㄧㄥˊ
點一點二,1,ㄉㄧㄢˇ ㄧ ㄉㄧㄢˇ ㄦˋ
點兵派將,1,ㄉㄧㄢˇ ㄅㄧㄥ ㄆㄞˋ ㄐㄧㄤˋ
點土成金,1,ㄉㄧㄢˇ ㄊㄨˇ ㄔㄥˊ ㄐㄧㄣ
點指畫字,1,ㄉㄧㄢˇ ㄓˇ ㄏㄨㄚˋ ㄗˋ
點描畫法,1,ㄉㄧㄢˇ ㄇㄧㄠˊ ㄏㄨㄚˋ ㄈㄚˇ
點染雲煙,1,ㄉㄧㄢˇ ㄖㄢˇ ㄩㄣˊ ㄧㄢ
點檢形骸,1,ㄉㄧㄢˇ ㄐㄧㄢˇ ㄒㄧㄥˊ ㄏㄞˊ
點水不漏,1,ㄉㄧㄢˇ ㄕㄨㄟˇ ㄅㄨˋ ㄌㄡˋ
點紙畫字,1,ㄉㄧㄢˇ ㄓˇ ㄏㄨㄚˋ ㄗˋ
點金成鐵,1,ㄉㄧㄢˇ ㄐㄧㄣ ㄔㄥˊ ㄊㄧㄝˇ
點鐵成金,1,ㄉㄧㄢˇ ㄊㄧㄝˇ ㄔㄥˊ ㄐㄧㄣ
點頭哈腰,1,ㄉㄧㄢˇ ㄊㄡˊ ㄏㄚ ㄧㄠ
點頭幌腦,1,ㄉㄧㄢˇ ㄊㄡˊ ㄏㄨㄤˇ ㄋㄠˇ
點頭會意,1,ㄉㄧㄢˇ ㄊㄡˊ ㄏㄨㄟˋ ㄧˋ
點頭稱善,1,ㄉㄧㄢˇ ㄊㄡˊ ㄔㄥ ㄕㄢˋ
點頭答應,1,ㄉㄧㄢˇ ㄊㄡˊ ㄉㄚ ㄧㄥˋ
點鬼之談,1,ㄉㄧㄢˇ ㄍㄨㄟˇ ㄓ ㄊㄢˊ
點點搠搠,1,ㄉㄧㄢˇ ㄉㄧㄢˇ ㄕㄨㄛˋ ㄕㄨㄛˋ
黨內初選,1,ㄉㄤˇ ㄋㄟˋ ㄔㄨ ㄒㄩㄢˇ
黯然無色,1,ㄢˋ ㄖㄢˊ ㄨˊ ㄙㄜˋ
黯然銷魂,1,ㄢˋ ㄖㄢˊ ㄒㄧㄠ ㄏㄨㄣˊ
黷武窮兵,1,ㄉㄨˊ ㄨˇ ㄑㄩㄥˊ ㄅㄧㄥ
黿鳴鱉應,1,ㄩㄢˊ ㄇㄧㄥˊ ㄅㄧㄝ ㄧㄥˋ
鼇背負山,1,ㄠˊ ㄅㄟˋ ㄈㄨˋ ㄕㄢ
鼇頭獨占,1,ㄠˊ ㄊㄡˊ ㄉㄨˊ ㄓㄢˋ
鼎元之分,1,ㄉㄧㄥˇ ㄩㄢˊ ㄓ ㄈㄣˋ
鼎力玉成,1,ㄉㄧㄥˇ ㄌㄧˋ ㄩˋ ㄔㄥˊ
鼎新革故,1,ㄉㄧㄥˇ ㄒㄧㄣ ㄍㄜˊ ㄍㄨˋ
鼎沸不絕,1,ㄉㄧㄥˇ ㄈㄟˋ ㄅㄨˋ ㄐㄩㄝˊ
鼎足三分,1,ㄉㄧㄥˇ ㄗㄨˊ ㄙㄢ ㄈㄣ
鼎鑊刀鋸,1,ㄉㄧㄥˇ ㄏㄨㄛˋ ㄉㄠ ㄐㄩˋ
鼎食鳴鐘,1,ㄉㄧㄥˇ ㄕˊ ㄇㄧㄥˊ ㄓㄨㄥ
鼎鼐調和,1,ㄉㄧㄥˇ ㄋㄞˋ ㄊㄧㄠˊ ㄏㄜˊ
鼓勇直行,1,ㄍㄨˇ ㄩㄥˇ ㄓˊ ㄒㄧㄥˊ
鼓吹鳴蛙,1,ㄍㄨˇ ㄔㄨㄟˋ ㄇㄧㄥˊ ㄨㄚ
鼓掌歡呼,1,ㄍㄨˇ ㄓㄤˇ ㄏㄨㄢ ㄏㄨ
鼓瑟焚香,1,ㄍㄨˇ ㄙㄜˋ ㄈㄣˊ ㄒㄧㄤ
鼓盆之戚,1,ㄍㄨˇ ㄆㄣˊ ㄓ ㄑㄧ
鼓盆而歌,1,ㄍㄨˇ ㄆㄣˊ ㄦˊ ㄍㄜ
鼓脣搖舌,1,ㄍㄨˇ ㄔㄨㄣˊ ㄧㄠˊ ㄕㄜˊ
鼓腦爭頭,1,ㄍㄨˇ ㄋㄠˇ ㄓㄥ ㄊㄡˊ
鼓腹含哺,1,ㄍㄨˇ ㄈㄨˋ ㄏㄢˊ ㄅㄨˇ
鼓腹而遊,1,ㄍㄨˇ ㄈㄨˋ ㄦˊ ㄧㄡˊ
鼓舞歡欣,1,ㄍㄨˇ ㄨˇ ㄏㄨㄢ ㄒㄧㄣ
鼓鼓囊囊,1,ㄍㄨˇ ㄍㄨ˙ ㄋㄤ ㄋㄤ
鼙鼓雷鳴,1,ㄆㄧˊ ㄍㄨˇ ㄌㄟˊ ㄇㄧㄥˊ
鼠憑社貴,1,ㄕㄨˇ ㄆㄧㄥˊ ㄕㄜˋ ㄍㄨㄟˋ
鼠攛狼奔,1,ㄕㄨˇ ㄘㄨㄢ ㄌㄤˊ ㄅㄣ
鼠牙雀角,1,ㄕㄨˇ ㄧㄚˊ ㄑㄩㄝˋ ㄐㄧㄠˇ
鼠目寸光,1,ㄕㄨˇ ㄇㄨˋ ㄘㄨㄣˋ ㄍㄨㄤ
鼠目獐頭,1,ㄕㄨˇ ㄇㄨˋ ㄓㄤ ㄊㄡˊ
鼠竄狼奔,1,ㄕㄨˇ ㄘㄨㄢˋ ㄌㄤˊ ㄅㄣ
鼠竊狗偷,1,ㄕㄨˇ ㄑㄧㄝˋ ㄍㄡˇ ㄊㄡ
鼠竊狗盜,1,ㄕㄨˇ ㄑㄧㄝˋ ㄍㄡˇ ㄉㄠˋ
鼠肚雞腸,1,ㄕㄨˇ ㄉㄨˋ ㄐㄧ ㄔㄤˊ
鼠肝蟲臂,1,ㄕㄨˇ ㄍㄢ ㄔㄨㄥˊ ㄅㄧˋ
鼠腹雞腸,1,ㄕㄨˇ ㄈㄨˋ ㄐㄧ ㄔㄤˊ
鼫鼠五技,1,ㄕˊ ㄕㄨˇ ㄨˇ ㄐㄧˋ
鼻中出火,1,ㄅㄧˊ ㄓㄨㄥ ㄔㄨ ㄏㄨㄛˇ
鼻偃齒露,1,ㄅㄧˊ ㄧㄢˇ ㄔˇ ㄌㄨˋ
鼻化元音,1,ㄅㄧˊ ㄏㄨㄚˋ ㄩㄢˊ ㄧㄣ
鼻塌嘴歪,1,ㄅㄧˊ ㄊㄚ ㄗㄨㄟˇ ㄨㄞ
鼻塞聲重,1,ㄅㄧˊ ㄙㄜˋ ㄕㄥ ㄓㄨㄥˋ
鼻子一酸,1,ㄅㄧˊ ㄗ˙ ㄧ ㄙㄨㄢ
鼻子裡笑,1,ㄅㄧˊ ㄗ˙ ㄌㄧˇ ㄒㄧㄠˋ
鼻無梁柱,1,ㄅㄧˊ ㄨˊ ㄌㄧㄤˊ ㄓㄨˋ
鼻破裂音,1,ㄅㄧˊ ㄆㄛˋ ㄌㄧㄝˋ ㄧㄣ
鼻頭出火,1,ㄅㄧˊ ㄊㄡˊ ㄔㄨ ㄏㄨㄛˇ
鼻鼾如雷,1,ㄅㄧˊ ㄏㄢ ㄖㄨˊ ㄌㄟˊ
鼾聲雷動,1,ㄏㄢ ㄕㄥ ㄌㄟˊ ㄉㄨㄥˋ
鼾齁如雷,1,ㄏㄢ ㄏㄡ ㄖㄨˊ ㄌㄟˊ
齁聲雷起,1,ㄏㄡ ㄕㄥ ㄌㄟˊ ㄑㄧˇ
齊人攫金,1,ㄑㄧˊ ㄖㄣˊ ㄐㄩㄝˊ ㄐㄧㄣ
齊傅楚咻,1,ㄑㄧˊ ㄈㄨˋ ㄔㄨˇ ㄒㄧㄡ
齊名並價,1,ㄑㄧˊ ㄇㄧㄥˊ ㄅㄧㄥˋ ㄐㄧㄚˋ
齊后破環,1,ㄑㄧˊ ㄏㄡˋ ㄆㄛˋ ㄏㄨㄢˊ
齊大非耦,1,ㄑㄧˊ ㄉㄚˋ ㄈㄟ ㄡˇ
齊天大聖,1,ㄑㄧˊ ㄊㄧㄢ ㄉㄚˋ ㄕㄥˋ
齊天洪福,1,ㄑㄧˊ ㄊㄧㄢ ㄏㄨㄥˊ ㄈㄨˊ
齊家治國,1,ㄑㄧˊ ㄐㄧㄚ ㄓˋ ㄍㄨㄛˊ
齊心一力,1,ㄑㄧˊ ㄒㄧㄣ ㄧ ㄌㄧˋ
齊心併力,1,ㄑㄧˊ ㄒㄧㄣ ㄅㄧㄥˋ ㄌㄧˋ
齊心合力,1,ㄑㄧˊ ㄒㄧㄣ ㄏㄜˊ ㄌㄧˋ
齊心同力,1,ㄑㄧˊ ㄒㄧㄣ ㄊㄨㄥˊ ㄌㄧˋ
齊心戮力,1,ㄑㄧˊ ㄒㄧㄣ ㄌㄨˋ ㄌㄧˋ
齊心滌慮,1,ㄓㄞ ㄒㄧㄣ ㄉㄧˊ ㄌㄩˋ
齊整如一,1,ㄑㄧˊ ㄓㄥˇ ㄖㄨˊ ㄧ
齊梁世界,1,ㄑㄧˊ ㄌㄧㄤˊ ㄕˋ ㄐㄧㄝˋ
齊民要術,1,ㄑㄧˊ ㄇㄧㄣˊ ㄧㄠˋ ㄕㄨˋ
齊煙九點,1,ㄑㄧˊ ㄧㄢ ㄐㄧㄡˇ ㄉㄧㄢˇ
齊王捨牛,1,ㄑㄧˊ ㄨㄤˊ ㄕㄜˇ ㄋㄧㄡˊ
齊眉舉案,1,ㄑㄧˊ ㄇㄟˊ ㄐㄩˇ ㄢˋ
齊紈魯縞,1,ㄑㄧˊ ㄨㄢˊ ㄌㄨˇ ㄍㄠˇ
齊聚一堂,1,ㄑㄧˊ ㄐㄩˋ ㄧ ㄊㄤˊ
齊足並馳,1,ㄑㄧˊ ㄗㄨˊ ㄅㄧㄥˋ ㄔˊ
齊足並驅,1,ㄑㄧˊ ㄗㄨˊ ㄅㄧㄥˋ ㄑㄩ
齊驅並駕,1,ㄑㄧˊ ㄑㄩ ㄅㄧㄥˋ ㄐㄧㄚˋ
齊驅並驟,1,ㄑㄧˊ ㄑㄩ ㄅㄧㄥˋ ㄗㄡˋ
齋居蔬食,1,ㄓㄞ ㄐㄩ ㄕㄨ ㄕˊ
齋心滌慮,1,ㄓㄞ ㄒㄧㄣ ㄉㄧˊ ㄌㄩˋ
齎志沒地,1,ㄐㄧ ㄓˋ ㄇㄛˋ ㄉㄧˋ
齎志而歿,1,ㄐㄧ ㄓˋ ㄦˊ ㄇㄛˋ
齒亡舌存,1,ㄔˇ ㄨㄤˊ ㄕㄜˊ ㄘㄨㄣˊ
齒危髮秀,1,ㄔˇ ㄨㄟˊ ㄈㄚˇ ㄒㄧㄡˋ
齒如含貝,1,ㄔˇ ㄖㄨˊ ㄏㄢˊ ㄅㄟˋ
齒如齊貝,1,ㄔˇ ㄖㄨˊ ㄑㄧˊ ㄅㄟˋ
齒弊舌存,1,ㄔˇ ㄅㄧˋ ㄕㄜˊ ㄘㄨㄣˊ
齒德俱增,1,ㄔˇ ㄉㄜˊ ㄐㄩˋ ㄗㄥ
齒牙為猾,1,ㄔˇ ㄧㄚˊ ㄨㄟˊ ㄏㄨㄚˊ
齒牙為禍,1,ㄔˇ ㄧㄚˊ ㄨㄟˊ ㄏㄨㄛˋ
齒牙餘論,1,ㄔˇ ㄧㄚˊ ㄩˊ ㄌㄨㄣˋ
齒白脣紅,1,ㄔˇ ㄅㄞˊ ㄔㄨㄣˊ ㄏㄨㄥˊ
齒若編貝,1,ㄔˇ ㄖㄨㄛˋ ㄅㄧㄢ ㄅㄟˋ
齒落舌鈍,1,ㄔˇ ㄌㄨㄛˋ ㄕㄜˊ ㄉㄨㄣˋ
齒落髮白,1,ㄔˇ ㄌㄨㄛˋ ㄈㄚˇ ㄅㄞˊ
齒豁頭童,1,ㄔˇ ㄏㄨㄛˋ ㄊㄡˊ ㄊㄨㄥˊ
齒頰生香,1,ㄔˇ ㄐㄧㄚˊ ㄕㄥ ㄒㄧㄤ
齒頰留香,1,ㄔˇ ㄐㄧㄚˊ ㄌㄧㄡˊ ㄒㄧㄤ
齜牙裂嘴,1,ㄗ ㄧㄚˊ ㄌㄧㄝˋ ㄗㄨㄟˇ
齠年稚齒,1,ㄊㄧㄠˊ ㄋㄧㄢˊ ㄓˋ ㄔˇ
齧臂之交,1,ㄋㄧㄝˋ ㄅㄧˋ ㄓ ㄐㄧㄠ
齧蘗吞針,1,ㄋㄧㄝˋ ㄅㄛˋ ㄊㄨㄣ ㄓㄣ
齧雪吞氈,1,ㄋㄧㄝˋ ㄒㄩㄝˇ ㄊㄨㄣ ㄓㄢ
齧雪餐氈,1,ㄋㄧㄝˋ ㄒㄩㄝˇ ㄘㄢ ㄓㄢ
龍入大海,1,ㄌㄨㄥˊ ㄖㄨˋ ㄉㄚˋ ㄏㄞˇ
龍困淺灘,1,ㄌㄨㄥˊ ㄎㄨㄣˋ ㄑㄧㄢˇ ㄊㄢ
龍圖公案,1,ㄌㄨㄥˊ ㄊㄨˊ ㄍㄨㄥ ㄢˋ
龍城飛將,1,ㄌㄨㄥˊ ㄔㄥˊ ㄈㄟ ㄐㄧㄤˋ
龍孫帝子,1,ㄌㄨㄥˊ ㄙㄨㄣ ㄉㄧˋ ㄗˇ
龍山落帽,1,ㄌㄨㄥˊ ㄕㄢ ㄌㄨㄛˋ ㄇㄠˋ
龍戰虎爭,1,ㄌㄨㄥˊ ㄓㄢˋ ㄏㄨˇ ㄓㄥ
龍江虎浪,1,ㄌㄨㄥˊ ㄐㄧㄤ ㄏㄨˇ ㄌㄤˋ
龍潭虎窟,1,ㄌㄨㄥˊ ㄊㄢˊ ㄏㄨˇ ㄎㄨ
龍爭虎戰,1,ㄌㄨㄥˊ ㄓㄥ ㄏㄨˇ ㄓㄢˋ
龍生九子,1,ㄌㄨㄥˊ ㄕㄥ ㄐㄧㄡˇ ㄗˇ
龍盤虎踞,1,ㄌㄨㄥˊ ㄆㄢˊ ㄏㄨˇ ㄐㄩˋ
龍眉鳳目,1,ㄌㄨㄥˊ ㄇㄟˊ ㄈㄥˋ ㄇㄨˋ
龍眉鳳眼,1,ㄌㄨㄥˊ ㄇㄟˊ ㄈㄥˋ ㄧㄢˇ
龍睜虎眼,1,ㄌㄨㄥˊ ㄓㄥ ㄏㄨˇ ㄧㄢˇ
龍章鳳姿,1,ㄌㄨㄥˊ ㄓㄤ ㄈㄥˋ ㄗ
龍章鳳篆,1,ㄌㄨㄥˊ ㄓㄤ ㄈㄥˋ ㄓㄨㄢˋ
龍翰鳳翼,1,ㄌㄨㄥˊ ㄏㄢˋ ㄈㄥˋ ㄧˋ
龍肝豹胎,1,ㄌㄨㄥˊ ㄍㄢ ㄅㄠˋ ㄊㄞ
龍興鳳舉,1,ㄌㄨㄥˊ ㄒㄧㄥ ㄈㄥˋ ㄐㄩˇ
龍舟比賽,1,ㄌㄨㄥˊ ㄓㄡ ㄅㄧˇ ㄙㄞˋ
龍藏寺碑,1,ㄌㄨㄥˊ ㄗㄤˋ ㄙˋ ㄅㄟ
龍虎並伏,1,ㄌㄨㄥˊ ㄏㄨˇ ㄅㄧㄥˋ ㄈㄨˊ
龍虎日子,1,ㄌㄨㄥˊ ㄏㄨˇ ㄖˋ ㄗ˙
龍蛇之章,1,ㄌㄨㄥˊ ㄕㄜˊ ㄓ ㄓㄤ
龍蛇渾雜,1,ㄌㄨㄥˊ ㄕㄜˊ ㄏㄨㄣˋ ㄗㄚˊ
龍蛇飛動,1,ㄌㄨㄥˊ ㄕㄜˊ ㄈㄟ ㄉㄨㄥˋ
龍蟠鳳逸,1,ㄌㄨㄥˊ ㄆㄢˊ ㄈㄥˋ ㄧˋ
龍袖嬌民,1,ㄌㄨㄥˊ ㄒㄧㄡˋ ㄐㄧㄠ ㄇㄧㄣˊ
龍跳虎臥,1,ㄌㄨㄥˊ ㄊㄧㄠˋ ㄏㄨˇ ㄨㄛˋ
龍蹙虎振,1,ㄌㄨㄥˊ ㄘㄨˋ ㄏㄨˇ ㄓㄣˋ
龍躍天衢,1,ㄌㄨㄥˊ ㄩㄝˋ ㄊㄧㄢ ㄑㄩˊ
龍躍鳳鳴,1,ㄌㄨㄥˊ ㄩㄝˋ ㄈㄥˋ ㄇㄧㄥˊ
龍車鳳輦,1,ㄌㄨㄥˊ ㄔㄜ ㄈㄥˋ ㄋㄧㄢˇ
龍鍾潦倒,1,ㄌㄨㄥˊ ㄓㄨㄥ ㄌㄧㄠˊ ㄉㄠˇ
龍門刨床,1,ㄌㄨㄥˊ ㄇㄣˊ ㄅㄠˋ ㄔㄨㄤˊ
龍門扶風,1,ㄌㄨㄥˊ ㄇㄣˊ ㄈㄨˊ ㄈㄥ
龍門造像,1,ㄌㄨㄥˊ ㄇㄣˊ ㄗㄠˋ ㄒㄧㄤˋ
龍門點額,1,ㄌㄨㄥˊ ㄇㄣˊ ㄉㄧㄢˇ ㄜˊ
龍韜虎略,1,ㄌㄨㄥˊ ㄊㄠ ㄏㄨˇ ㄌㄩㄝˋ
龍頭拐杖,1,ㄌㄨㄥˊ ㄊㄡˊ ㄍㄨㄞˇ ㄓㄤˋ
龍頭老大,1,ㄌㄨㄥˊ ㄊㄡˊ ㄌㄠˇ ㄉㄚˋ
龍頭蛇尾,1,ㄌㄨㄥˊ ㄊㄡˊ ㄕㄜˊ ㄨㄟˇ
龍馬精神,1,ㄌㄨㄥˊ ㄇㄚˇ ㄐㄧㄥ ㄕㄣˊ
龍駒鳳雛,1,ㄌㄨㄥˊ ㄐㄩ ㄈㄥˋ ㄔㄨˊ
龍驤虎步,1,ㄌㄨㄥˊ ㄒㄧㄤ ㄏㄨˇ ㄅㄨˋ
龍驤虎視,1,ㄌㄨㄥˊ ㄒㄧㄤ ㄏㄨˇ ㄕˋ
龍鳳之姿,1,ㄌㄨㄥˊ ㄈㄥˋ ㄓ ㄗ
龍鳳之表,1,ㄌㄨㄥˊ ㄈㄥˋ ㄓ ㄅㄧㄠˇ
龍龕手鑑,1,ㄌㄨㄥˊ ㄎㄢ ㄕㄡˇ ㄐㄧㄢˋ
龐大無比,1,ㄆㄤˊ ㄉㄚˋ ㄨˊ ㄅㄧˇ
龐巴瓦克,1,ㄆㄤˊ ㄅㄚ ㄨㄚˇ ㄎㄜˋ
龐德比丹,1,ㄆㄤˊ ㄉㄜˊ ㄅㄧˇ ㄉㄢ
龐琴曲線,1,ㄆㄤˊ ㄑㄧㄣˊ ㄑㄩ ㄒㄧㄢˋ
龐眉白髮,1,ㄆㄤˊ ㄇㄟˊ ㄅㄞˊ ㄈㄚˇ
龐眉皓首,1,ㄆㄤˊ ㄇㄟˊ ㄏㄠˋ ㄕㄡˇ
龐眉皓髮,1,ㄆㄤˊ ㄇㄟˊ ㄏㄠˋ ㄈㄚˇ
龐貝壁畫,1,ㄆㄤˊ ㄅㄟˋ ㄅㄧˋ ㄏㄨㄚˋ
龔勝不屈,1,ㄍㄨㄥ ㄕㄥˋ ㄅㄨˋ ㄑㄩ
龔行天罰,1,ㄍㄨㄥ ㄒㄧㄥˊ ㄊㄧㄢ ㄈㄚˊ
龔遂勸農,1,ㄍㄨㄥ ㄙㄨㄟˋ ㄑㄩㄢˋ ㄋㄨㄥˊ
龔黃滿朝,1,ㄍㄨㄥ ㄏㄨㄤˊ ㄇㄢˇ ㄔㄠˊ
龜兔賽跑,1,ㄍㄨㄟ ㄊㄨˋ ㄙㄞˋ ㄆㄠˇ
龜年鶴壽,1,ㄍㄨㄟ ㄋㄧㄢˊ ㄏㄜˋ ㄕㄡˋ
龜文鳥跡,1,ㄍㄨㄟ ㄨㄣˊ ㄋㄧㄠˇ ㄐㄧ
龜毛兔角,1,ㄍㄨㄟ ㄇㄠˊ ㄊㄨˋ ㄐㄧㄠˇ
龜蛇二將,1,ㄍㄨㄟ ㄕㄜˊ ㄦˋ ㄐㄧㄤˋ
龜鶴同春,1,ㄍㄨㄟ ㄏㄜˋ ㄊㄨㄥˊ ㄔㄨㄣ
龜齡鶴算,1,ㄍㄨㄟ ㄌㄧㄥˊ ㄏㄜˋ ㄙㄨㄢˋ
龜龍麟鳳,1,ㄍㄨㄟ ㄌㄨㄥˊ ㄌㄧㄣˊ ㄈㄥˋ
一丈差九尺,1,ㄧ ㄓㄤˋ ㄔㄚ ㄐㄧㄡˇ ㄔˇ
一個不小心,1,ㄧ ㄍㄜ˙ ㄅㄨˋ ㄒㄧㄠˇ ㄒㄧㄣ
一個獵古調,1,ㄧ ㄍㄜ˙ ㄌㄧㄝˋ ㄍㄨˇ ㄉㄧㄠˋ
一價吃到飽,1,ㄧ ㄐㄧㄚˋ ㄔ ㄉㄠˋ ㄅㄠˇ
一切經音義,1,ㄧ ㄑㄧㄝˋ ㄐㄧㄥ ㄧㄣ ㄧˋ
一去不復返,1,ㄧ ㄑㄩˋ ㄅㄨˋ ㄈㄨˋ ㄈㄢˇ
一夫多妻制,1,ㄧ ㄈㄨ ㄉㄨㄛ ㄑㄧ ㄓˋ
一子繼承制,1,ㄧ ㄗˇ ㄐㄧˋ ㄔㄥˊ ㄓˋ
一字值千金,1,ㄧ ㄗˋ ㄓˊ ㄑㄧㄢ ㄐㄧㄣ
一字肩背心,1,ㄧ ㄗˋ ㄐㄧㄢ ㄅㄟˋ ㄒㄧㄣ
一字長蛇陣,1,ㄧ ㄗˋ ㄔㄤˊ ㄕㄜˊ ㄓㄣˋ
一宅分兩院,1,ㄧ ㄓㄞˊ ㄈㄣ ㄌㄧㄤˇ ㄩㄢˋ
一年生作物,1,ㄧ ㄋㄧㄢˊ ㄕㄥ ㄗㄨㄛˋ ㄨˋ
一年生植物,1,ㄧ ㄋㄧㄢˊ ㄕㄥ ㄓˊ ㄨˋ
一心挂兩頭,1,ㄧ ㄒㄧㄣ ㄍㄨㄚˋ ㄌㄧㄤˇ ㄊㄡˊ
一心無罣礙,1,ㄧ ㄒㄧㄣ ㄨˊ ㄍㄨㄚˋ ㄞˋ
一手托兩家,1,ㄧ ㄕㄡˇ ㄊㄨㄛ ㄌㄧㄤˇ ㄐㄧㄚ
一打三分低,1,ㄧ ㄉㄚˇ ㄙㄢ ㄈㄣ ㄉㄧ
一棍子打死,1,ㄧ ㄍㄨㄣˋ ㄗ˙ ㄉㄚˇ ㄙˇ
一棍打一船,1,ㄧ ㄍㄨㄣˋ ㄉㄚˇ ㄧ ㄔㄨㄢˊ
一棒一條痕,1,ㄧ ㄅㄤˋ ㄧ ㄊㄧㄠˊ ㄏㄣˊ
一步一回頭,1,ㄧ ㄅㄨˋ ㄧ ㄏㄨㄟˊ ㄊㄡˊ
一沐三捉髮,1,ㄧ ㄇㄨˋ ㄙㄢ ㄓㄨㄛ ㄈㄚˇ
一畝三分地,1,ㄧ ㄇㄨˇ ㄙㄢ ㄈㄣ ㄉㄧˋ
一百二十行,1,ㄧ ㄅㄞˇ ㄦˋ ㄕˊ ㄏㄤˊ
一百八十度,1,ㄧ ㄅㄞˇ ㄅㄚ ㄕˊ ㄉㄨˋ
一盞茶工夫,1,ㄧ ㄓㄢˇ ㄔㄚˊ ㄍㄨㄥ ㄈㄨ
一竹竿到底,1,ㄧ ㄓㄨˊ ㄍㄢ ㄉㄠˋ ㄉㄧˇ
一級謀殺罪,1,ㄧ ㄐㄧˊ ㄇㄡˊ ㄕㄚ ㄗㄨㄟˋ
一絲沒兩氣,1,ㄧ ㄙ ㄇㄟˊ ㄌㄧㄤˇ ㄑㄧˋ
一言抄百總,1,ㄧ ㄧㄢˊ ㄔㄠ ㄅㄞˇ ㄗㄨㄥˇ
一語撞倒牆,1,ㄧ ㄩˇ ㄓㄨㄤˋ ㄉㄠˇ ㄑㄧㄤˊ
一退六二五,1,ㄧ ㄊㄨㄟˋ ㄌㄧㄡˋ ㄦˋ ㄨˇ
一錘子買賣,1,ㄧ ㄔㄨㄟˊ ㄗ˙ ㄇㄞˇ ㄇㄞ˙
一鍬掘個井,1,ㄧ ㄑㄧㄠ ㄐㄩㄝˊ ㄍㄜ˙ ㄐㄧㄥˇ
一鞭一條痕,1,ㄧ ㄅㄧㄢ ㄧ ㄊㄧㄠˊ ㄏㄣˊ
一飯三遺矢,1,ㄧ ㄈㄢˋ ㄙㄢ ㄧˊ ㄕˇ
丁令威化鶴,1,ㄉㄧㄥ ㄌㄧㄥˋ ㄨㄟ ㄏㄨㄚˋ ㄏㄜˋ
七十二地煞,1,ㄑㄧ ㄕˊ ㄦˋ ㄉㄧˋ ㄕㄚˋ
七國高峰會,1,ㄑㄧ ㄍㄨㄛˊ ㄍㄠ ㄈㄥ ㄏㄨㄟˋ
三○一條款,1,ㄙㄢ ㄌㄧㄥˊ ㄧ ㄊㄧㄠˊ ㄎㄨㄢˇ
三一三十一,1,ㄙㄢ ㄧ ㄙㄢ ㄕˊ ㄧ
三七二十一,1,ㄙㄢ ㄑㄧ ㄦˋ ㄕˊ ㄧ
三下五除二,1,ㄙㄢ ㄒㄧㄚˋ ㄨˇ ㄔㄨˊ ㄦˋ
三個鼻子管,1,ㄙㄢ ㄍㄜ˙ ㄅㄧˊ ㄗ˙ ㄍㄨㄢˇ
三元方程式,1,ㄙㄢ ㄩㄢˊ ㄈㄤ ㄔㄥˊ ㄕˋ
三十六天罡,1,ㄙㄢ ㄕˊ ㄌㄧㄡˋ ㄊㄧㄢ ㄍㄤ
三十六字母,1,ㄙㄢ ㄕˊ ㄌㄧㄡˋ ㄗˋ ㄇㄨˇ
三十年戰爭,1,ㄙㄢ ㄕˊ ㄋㄧㄢˊ ㄓㄢˋ ㄓㄥ
三合複元音,1,ㄙㄢ ㄏㄜˊ ㄈㄨˋ ㄩㄢˊ ㄧㄣ
三國志平話,1,ㄙㄢ ㄍㄨㄛˊ ㄓˋ ㄆㄧㄥˊ ㄏㄨㄚˋ
三垂線定理,1,ㄙㄢ ㄔㄨㄟˊ ㄒㄧㄢˋ ㄉㄧㄥˋ ㄌㄧˇ
三尖兩刃刀,1,ㄙㄢ ㄐㄧㄢ ㄌㄧㄤˇ ㄖㄣˋ ㄉㄠ
三島由紀夫,1,ㄙㄢ ㄉㄠˇ ㄧㄡˊ ㄐㄧˋ ㄈㄨ
三希堂法帖,1,ㄙㄢ ㄒㄧ ㄊㄤˊ ㄈㄚˇ ㄊㄧㄝˋ
三年不窺園,1,ㄙㄢ ㄋㄧㄢˊ ㄅㄨˋ ㄎㄨㄟ ㄩㄢˊ
三旬九遇食,1,ㄙㄢ ㄒㄩㄣˊ ㄐㄧㄡˇ ㄩˋ ㄕˊ
三杯和萬事,1,ㄙㄢ ㄅㄟ ㄏㄜˊ ㄨㄢˋ ㄕˋ
三次方程式,1,ㄙㄢ ㄘˋ ㄈㄤ ㄔㄥˊ ㄕˋ
三箭定天山,1,ㄙㄢ ㄐㄧㄢˋ ㄉㄧㄥˋ ㄊㄧㄢ ㄕㄢ
三級三審制,1,ㄙㄢ ㄐㄧˊ ㄙㄢ ㄕㄣˇ ㄓˋ
三腳採茶戲,1,ㄙㄢ ㄐㄧㄠˇ ㄘㄞˇ ㄔㄚˊ ㄒㄧˋ
三藏法師傳,1,ㄙㄢ ㄗㄤˋ ㄈㄚˇ ㄕ ㄓㄨㄢˋ
三藐三佛陀,1,ㄙㄢ ㄇㄧㄠˇ ㄙㄢ ㄈㄛˊ ㄊㄨㄛˊ
三角方程式,1,ㄙㄢ ㄐㄧㄠˇ ㄈㄤ ㄔㄥˊ ㄕˋ
三酸甘油酯,1,ㄙㄢ ㄙㄨㄢ ㄍㄢ ㄧㄡˊ ㄓˇ
三頭不辨兩,1,ㄙㄢ ㄊㄡˊ ㄅㄨˋ ㄅㄧㄢˋ ㄌㄧㄤˇ
三頭馬車制,1,ㄙㄢ ㄊㄡˊ ㄇㄚˇ ㄔㄜ ㄓˋ
上不了臺面,1,ㄕㄤˋ ㄅㄨˋ ㄌㄧㄠˇ ㄊㄞˊ ㄇㄧㄢˋ
上不得臺盤,1,ㄕㄤˋ ㄅㄨˋ ㄉㄜˊ ㄊㄞˊ ㄆㄢˊ
上座部佛教,1,ㄕㄤˋ ㄗㄨㄛˋ ㄅㄨˋ ㄈㄛˊ ㄐㄧㄠˋ
上篇上論的,1,ㄕㄤˋ ㄆㄧㄢ ㄕㄤˋ ㄌㄨㄣˋ ㄉㄜ˙
下水道工程,1,ㄒㄧㄚˋ ㄕㄨㄟˇ ㄉㄠˋ ㄍㄨㄥ ㄔㄥˊ
下水道系統,1,ㄒㄧㄚˋ ㄕㄨㄟˇ ㄉㄠˋ ㄒㄧˋ ㄊㄨㄥˇ
下筆如有神,1,ㄒㄧㄚˋ ㄅㄧˇ ㄖㄨˊ ㄧㄡˇ ㄕㄣˊ
不以人廢言,1,ㄅㄨˋ ㄧˇ ㄖㄣˊ ㄈㄟˋ ㄧㄢˊ
不作為違警,1,ㄅㄨˋ ㄗㄨㄛˋ ㄨㄟˊ ㄨㄟˊ ㄐㄧㄥˇ
不侵犯協定,1,ㄅㄨˋ ㄑㄧㄣ ㄈㄢˋ ㄒㄧㄝˊ ㄉㄧㄥˋ
不信任投票,1,ㄅㄨˋ ㄒㄧㄣˋ ㄖㄣˋ ㄊㄡˊ ㄆㄧㄠˋ
不假以詞色,1,ㄅㄨˋ ㄐㄧㄚˇ ㄧˇ ㄘˊ ㄙㄜˋ
不列顛國協,1,ㄅㄨˋ ㄌㄧㄝˋ ㄉㄧㄢ ㄍㄨㄛˊ ㄒㄧㄝˊ
不列顛群島,1,ㄅㄨˋ ㄌㄧㄝˋ ㄉㄧㄢ ㄑㄩㄣˊ ㄉㄠˇ
不受理判決,1,ㄅㄨˋ ㄕㄡˋ ㄌㄧˇ ㄆㄢˋ ㄐㄩㄝˊ
不可逆反應,1,ㄅㄨˋ ㄎㄜˇ ㄋㄧˋ ㄈㄢˇ ㄧㄥˋ
不吃煙火食,1,ㄅㄨˋ ㄔ ㄧㄢ ㄏㄨㄛˇ ㄕˊ
不合作運動,1,ㄅㄨˋ ㄏㄜˊ ㄗㄨㄛˋ ㄩㄣˋ ㄉㄨㄥˋ
不圓脣元音,1,ㄅㄨˋ ㄩㄢˊ ㄔㄨㄣˊ ㄩㄢˊ ㄧㄣ
不在場證明,1,ㄅㄨˋ ㄗㄞˋ ㄔㄤˊ ㄓㄥˋ ㄇㄧㄥˊ
不大說話的,1,ㄅㄨˋ ㄉㄚˋ ㄕㄨㄛ ㄏㄨㄚˋ ㄉㄜ˙
不完全小節,1,ㄅㄨˋ ㄨㄢˊ ㄑㄩㄢˊ ㄒㄧㄠˇ ㄐㄧㄝˊ
不完全給付,1,ㄅㄨˋ ㄨㄢˊ ㄑㄩㄢˊ ㄐㄧˇ ㄈㄨˋ
不平等待遇,1,ㄅㄨˋ ㄆㄧㄥˊ ㄉㄥˇ ㄉㄞˋ ㄩˋ
不幹這把刀,1,ㄅㄨˋ ㄍㄢˋ ㄓㄜˋ ㄅㄚˇ ㄉㄠ
不忍人之心,1,ㄅㄨˋ ㄖㄣˇ ㄖㄣˊ ㄓ ㄒㄧㄣ
不忍人之政,1,ㄅㄨˋ ㄖㄣˇ ㄖㄣˊ ㄓ ㄓㄥˋ
不抵抗主義,1,ㄅㄨˋ ㄉㄧˇ ㄎㄤˋ ㄓㄨˇ ㄧˋ
不放在心上,1,ㄅㄨˋ ㄈㄤˋ ㄗㄞˋ ㄒㄧㄣ ㄕㄤˋ
不放在眼裡,1,ㄅㄨˋ ㄈㄤˋ ㄗㄞˋ ㄧㄢˇ ㄌㄧˇ
不斷電系統,1,ㄅㄨˋ ㄉㄨㄢˋ ㄉㄧㄢˋ ㄒㄧˋ ㄊㄨㄥˇ
不明飛行體,1,ㄅㄨˋ ㄇㄧㄥˊ ㄈㄟ ㄒㄧㄥˊ ㄊㄧˇ
不期然而然,1,ㄅㄨˋ ㄑㄧˊ ㄖㄢˊ ㄦˊ ㄖㄢˊ
不死也帶傷,1,ㄅㄨˋ ㄙˇ ㄧㄝˇ ㄉㄞˋ ㄕㄤ
不為米折腰,1,ㄅㄨˋ ㄨㄟˋ ㄇㄧˇ ㄓㄜˊ ㄧㄠ
不當人化化,1,ㄅㄨˋ ㄉㄤ ㄖㄣˊ ㄏㄨㄚ ㄏㄨㄚ
不當家化化,1,ㄅㄨˋ ㄉㄤ ㄐㄧㄚ ㄏㄨㄚ ㄏㄨㄚ
不當家花拉,1,ㄅㄨˋ ㄉㄤ ㄐㄧㄚ ㄏㄨㄚ ㄌㄚ
不當家花花,1,ㄅㄨˋ ㄉㄤ ㄐㄧㄚ ㄏㄨㄚ ㄏㄨㄚ
不當家豁拉,1,ㄅㄨˋ ㄉㄤ ㄐㄧㄚ ㄏㄨㄚˊ ㄌㄚ
不知何許人,1,ㄅㄨˋ ㄓ ㄏㄜˊ ㄒㄩˇ ㄖㄣˊ
不知者不罪,1,ㄅㄨˋ ㄓ ㄓㄜˇ ㄅㄨˋ ㄗㄨㄟˋ
不確定故意,1,ㄅㄨˋ ㄑㄩㄝˋ ㄉㄧㄥˋ ㄍㄨˋ ㄧˋ
不穩定平衡,1,ㄅㄨˋ ㄨㄣˇ ㄉㄧㄥˋ ㄆㄧㄥˊ ㄏㄥˊ
不算一件事,1,ㄅㄨˋ ㄙㄨㄢˋ ㄧ ㄐㄧㄢˋ ㄕˋ
不結匯進口,1,ㄅㄨˋ ㄐㄧㄝˊ ㄏㄨㄟˋ ㄐㄧㄣˋ ㄎㄡˇ
不經事少年,1,ㄅㄨˋ ㄐㄧㄥ ㄕˋ ㄕㄠˋ ㄋㄧㄢˊ
不肖的東西,1,ㄅㄨˋ ㄒㄧㄠˋ ㄉㄜ˙ ㄉㄨㄥ ㄒㄧ
不能措一辭,1,ㄅㄨˋ ㄋㄥˊ ㄘㄨㄛˋ ㄧ ㄘˊ
不能贊一辭,1,ㄅㄨˋ ㄋㄥˊ ㄗㄢˋ ㄧ ㄘˊ
不設防城市,1,ㄅㄨˋ ㄕㄜˋ ㄈㄤˊ ㄔㄥˊ ㄕˋ
不認得字的,1,ㄅㄨˋ ㄖㄣˋ ㄉㄜ˙ ㄗˋ ㄉㄜ˙
不起訴處分,1,ㄅㄨˋ ㄑㄧˇ ㄙㄨˋ ㄔㄨˇ ㄈㄣˋ
不逮捕特權,1,ㄅㄨˋ ㄉㄞˋ ㄅㄨˇ ㄊㄜˋ ㄑㄩㄢˊ
不隨意動作,1,ㄅㄨˋ ㄙㄨㄟˊ ㄧˋ ㄉㄨㄥˋ ㄗㄨㄛˋ
不高的東西,1,ㄅㄨˋ ㄍㄠ ㄉㄜ˙ ㄉㄨㄥ ㄒㄧ
丙種經紀人,1,ㄅㄧㄥˇ ㄓㄨㄥˇ ㄐㄧㄥ ㄐㄧˋ ㄖㄣˊ
中國科學院,1,ㄓㄨㄥ ㄍㄨㄛˊ ㄎㄜ ㄒㄩㄝˊ ㄩㄢˋ
中國超新星,1,ㄓㄨㄥ ㄍㄨㄛˊ ㄔㄠ ㄒㄧㄣ ㄒㄧㄥ
中央健保局,1,ㄓㄨㄥ ㄧㄤ ㄐㄧㄢˋ ㄅㄠˇ ㄐㄩˊ
中央商業區,1,ㄓㄨㄥ ㄧㄤ ㄕㄤ ㄧㄝˋ ㄑㄩ
中央氣象局,1,ㄓㄨㄥ ㄧㄤ ㄑㄧˋ ㄒㄧㄤˋ ㄐㄩˊ
中央處理機,1,ㄓㄨㄥ ㄧㄤ ㄔㄨˇ ㄌㄧˇ ㄐㄧ
中山文藝獎,1,ㄓㄨㄥ ㄕㄢ ㄨㄣˊ ㄧˋ ㄐㄧㄤˇ
中心商業區,1,ㄓㄨㄥ ㄒㄧㄣ ㄕㄤ ㄧㄝˋ ㄑㄩ
中文輸入法,1,ㄓㄨㄥ ㄨㄣˊ ㄕㄨ ㄖㄨˋ ㄈㄚˇ
中看不中吃,1,ㄓㄨㄥˋ ㄎㄢˋ ㄅㄨˋ ㄓㄨㄥˋ ㄔ
中華大字典,1,ㄓㄨㄥ ㄏㄨㄚˊ ㄉㄚˋ ㄗˋ ㄉㄧㄢˇ
中途島之役,1,ㄓㄨㄥ ㄊㄨˊ ㄉㄠˇ ㄓ ㄧˋ
丹楓呦鹿圖,1,ㄉㄢ ㄈㄥ ㄧㄡ ㄌㄨˋ ㄊㄨˊ
丹麥式體操,1,ㄉㄢ ㄇㄞˋ ㄕˋ ㄊㄧˇ ㄘㄠ
主從式架構,1,ㄓㄨˇ ㄗㄨㄥˋ ㄕˋ ㄐㄧㄚˋ ㄍㄡˋ
主題論壇區,1,ㄓㄨˇ ㄊㄧˊ ㄌㄨㄣˋ ㄊㄢˊ ㄑㄩ
久病無孝子,1,ㄐㄧㄡˇ ㄅㄧㄥˋ ㄨˊ ㄒㄧㄠˋ ㄗˇ
久磁發電機,1,ㄐㄧㄡˇ ㄘˊ ㄈㄚ ㄉㄧㄢˋ ㄐㄧ
久賭無勝家,1,ㄐㄧㄡˇ ㄉㄨˇ ㄨˊ ㄕㄥˋ ㄐㄧㄚ
乙種國庫券,1,ㄧˇ ㄓㄨㄥˇ ㄍㄨㄛˊ ㄎㄨˋ ㄑㄩㄢˋ
乙醯水楊酸,1,ㄧˇ ㄒㄧ ㄕㄨㄟˇ ㄧㄤˊ ㄙㄨㄢ
九一一事件,1,ㄐㄧㄡˇ ㄧ ㄧ ㄕˋ ㄐㄧㄢˋ
九九消寒圖,1,ㄐㄧㄡˇ ㄐㄧㄡˇ ㄒㄧㄠ ㄏㄢˊ ㄊㄨˊ
九烹十八火,1,ㄐㄧㄡˇ ㄆㄥ ㄕˊ ㄅㄚ ㄏㄨㄛˇ
九焞十八火,1,ㄐㄧㄡˇ ㄉㄨㄣˋ ㄕˊ ㄅㄚ ㄏㄨㄛˇ
九牛拉不轉,1,ㄐㄧㄡˇ ㄋㄧㄡˊ ㄌㄚ ㄅㄨˋ ㄓㄨㄢˋ
乞兒乘小車,1,ㄑㄧˇ ㄦˊ ㄔㄥˊ ㄒㄧㄠˇ ㄔㄜ
乾吊著下巴,1,ㄍㄢ ㄉㄧㄠˋ ㄓㄜ˙ ㄒㄧㄚˋ ㄅㄚ˙
亂鬨不過來,1,ㄌㄨㄢˋ ㄏㄨㄥ˙ ㄅㄨˋ ㄍㄨㄛˋ ㄌㄞˊ
事後諸葛亮,1,ㄕˋ ㄏㄡˋ ㄓㄨ ㄍㄜˊ ㄌㄧㄤˋ
事急無君子,1,ㄕˋ ㄐㄧˊ ㄨˊ ㄐㄩㄣ ㄗˇ
事急馬行田,1,ㄕˋ ㄐㄧˊ ㄇㄚˇ ㄒㄧㄥˊ ㄊㄧㄢˊ
事無三不成,1,ㄕˋ ㄨˊ ㄙㄢ ㄅㄨˋ ㄔㄥˊ
二把手車子,1,ㄦˋ ㄅㄚˇ ㄕㄡˇ ㄔㄜ ㄗ˙
二桃殺三士,1,ㄦˋ ㄊㄠˊ ㄕㄚ ㄙㄢ ㄕˋ
二桿子脾氣,1,ㄦˋ ㄍㄢˇ ㄗ˙ ㄆㄧˊ ㄑㄧ˙
二滴水門樓,1,ㄦˋ ㄉㄧ ㄕㄨㄟˇ ㄇㄣˊ ㄌㄡˊ
二等邊梯形,1,ㄦˋ ㄉㄥˇ ㄅㄧㄢ ㄊㄧ ㄒㄧㄥˊ
二級消費者,1,ㄦˋ ㄐㄧˊ ㄒㄧㄠ ㄈㄟˋ ㄓㄜˇ
二衝程引擎,1,ㄦˋ ㄔㄨㄥ ㄔㄥˊ ㄧㄣˇ ㄑㄧㄥˊ
二里頭文化,1,ㄦˋ ㄌㄧˇ ㄊㄡˊ ㄨㄣˊ ㄏㄨㄚˋ
二重分類表,1,ㄦˋ ㄔㄨㄥˊ ㄈㄣ ㄌㄟˋ ㄅㄧㄠˇ
互動式媒體,1,ㄏㄨˋ ㄉㄨㄥˋ ㄕˋ ㄇㄟˊ ㄊㄧˇ
互動式廣告,1,ㄏㄨˋ ㄉㄨㄥˋ ㄕˋ ㄍㄨㄤˇ ㄍㄠˋ
互動式電視,1,ㄏㄨˋ ㄉㄨㄥˋ ㄕˋ ㄉㄧㄢˋ ㄕˋ
五城十二樓,1,ㄨˇ ㄔㄥˊ ㄕˊ ㄦˋ ㄌㄡˊ
五朵梅花級,1,ㄨˇ ㄉㄨㄛˇ ㄇㄟˊ ㄏㄨㄚ ㄐㄧˊ
五鬼搬運法,1,ㄨˇ ㄍㄨㄟˇ ㄅㄢ ㄩㄣˋ ㄈㄚˇ
亞利桑那州,1,ㄧㄚˋ ㄌㄧˋ ㄙㄤ ㄋㄚˋ ㄓㄡ
亞太經合會,1,ㄧㄚˋ ㄊㄞˋ ㄐㄧㄥ ㄏㄜˊ ㄏㄨㄟˋ
亞平寧山脈,1,ㄧㄚˋ ㄆㄧㄥˊ ㄋㄧㄥˊ ㄕㄢ ㄇㄞˋ
亞得里亞海,1,ㄧㄚˋ ㄉㄜˊ ㄌㄧˇ ㄧㄚˋ ㄏㄞˇ
亞拉岡王國,1,ㄧㄚˋ ㄌㄚ ㄍㄤ ㄨㄤˊ ㄍㄨㄛˊ
亞拉拉特山,1,ㄧㄚˋ ㄌㄚ ㄌㄚ ㄊㄜˋ ㄕㄢ
亞斯文高壩,1,ㄧㄚˋ ㄙ ㄨㄣˊ ㄍㄠ ㄅㄚˋ
亞羅船事件,1,ㄧㄚˋ ㄌㄨㄛˊ ㄔㄨㄢˊ ㄕˋ ㄐㄧㄢˋ
亞里斯多德,1,ㄧㄚˋ ㄌㄧˇ ㄙ ㄉㄨㄛ ㄉㄜˊ
交談式作業,1,ㄐㄧㄠ ㄊㄢˊ ㄕˋ ㄗㄨㄛˋ ㄧㄝˋ
京師大學堂,1,ㄐㄧㄥ ㄕ ㄉㄚˋ ㄒㄩㄝˊ ㄊㄤˊ
人力仲介業,1,ㄖㄣˊ ㄌㄧˋ ㄓㄨㄥˋ ㄐㄧㄝˋ ㄧㄝˋ
人勤地不懶,1,ㄖㄣˊ ㄑㄧㄣˊ ㄉㄧˋ ㄅㄨˋ ㄌㄢˇ
人在人情在,1,ㄖㄣˊ ㄗㄞˋ ㄖㄣˊ ㄑㄧㄥˊ ㄗㄞˋ
人境廬詩草,1,ㄖㄣˊ ㄐㄧㄥˋ ㄌㄨˊ ㄕ ㄘㄠˇ
人情一把鋸,1,ㄖㄣˊ ㄑㄧㄥˊ ㄧ ㄅㄚˇ ㄐㄩˋ
人情薄似紙,1,ㄖㄣˊ ㄑㄧㄥˊ ㄅㄛˊ ㄙˋ ㄓˇ
人才代訓所,1,ㄖㄣˊ ㄘㄞˊ ㄉㄞˋ ㄒㄩㄣˋ ㄙㄨㄛˇ
人文地理學,1,ㄖㄣˊ ㄨㄣˊ ㄉㄧˋ ㄌㄧˇ ㄒㄩㄝˊ
人是地行仙,1,ㄖㄣˊ ㄕˋ ㄉㄧˋ ㄒㄧㄥˊ ㄒㄧㄢ
人無前後眼,1,ㄖㄣˊ ㄨˊ ㄑㄧㄢˊ ㄏㄡˋ ㄧㄢˇ
人生如風燈,1,ㄖㄣˊ ㄕㄥ ㄖㄨˊ ㄈㄥ ㄉㄥ
人生路不熟,1,ㄖㄣˊ ㄕㄥ ㄌㄨˋ ㄅㄨˋ ㄕㄨˊ
人生面不熟,1,ㄖㄣˊ ㄕㄥ ㄇㄧㄢˋ ㄅㄨˋ ㄕㄨˊ
人面逐高低,1,ㄖㄣˊ ㄇㄧㄢˋ ㄓㄨˊ ㄍㄠ ㄉㄧ
人類工程學,1,ㄖㄣˊ ㄌㄟˋ ㄍㄨㄥ ㄔㄥˊ ㄒㄩㄝˊ
他日相呼圖,1,ㄊㄚ ㄖˋ ㄒㄧㄤ ㄏㄨ ㄊㄨˊ
代數幾何學,1,ㄉㄞˋ ㄕㄨˋ ㄐㄧˇ ㄏㄜˊ ㄒㄩㄝˊ
代數方程式,1,ㄉㄞˋ ㄕㄨˋ ㄈㄤ ㄔㄥˊ ㄕˋ
代馬依北風,1,ㄉㄞˋ ㄇㄚˇ ㄧ ㄅㄛˋ ㄈㄥ
令行如流水,1,ㄌㄧㄥˋ ㄒㄧㄥˊ ㄖㄨˊ ㄌㄧㄡˊ ㄕㄨㄟˇ
伊士曼彩色,1,ㄧ ㄕˋ ㄇㄢˋ ㄘㄞˇ ㄙㄜˋ
伊拉斯莫斯,1,ㄧ ㄌㄚ ㄙ ㄇㄛˋ ㄙ
伊斯蘭教曆,1,ㄧ ㄙ ㄌㄢˊ ㄐㄧㄠˋ ㄌㄧˋ
伊斯蘭美術,1,ㄧ ㄙ ㄌㄢˊ ㄇㄟˇ ㄕㄨˋ
伊洛淵源錄,1,ㄧ ㄌㄨㄛˋ ㄩㄢ ㄩㄢˊ ㄌㄨˋ
伊洛瓦底江,1,ㄧ ㄌㄨㄛˋ ㄨㄚˇ ㄉㄧˇ ㄐㄧㄤ
伊爾庫次克,1,ㄧ ㄦˇ ㄎㄨˋ ㄘˋ ㄎㄜˋ
伯爾發斯特,1,ㄅㄛˊ ㄦˇ ㄈㄚ ㄙ ㄊㄜˋ
伴君如伴虎,1,ㄅㄢˋ ㄐㄩㄣ ㄖㄨˊ ㄅㄢˋ ㄏㄨˇ
低密度戰爭,1,ㄉㄧ ㄇㄧˋ ㄉㄨˋ ㄓㄢˋ ㄓㄥ
低溫超導體,1,ㄉㄧ ㄨㄣ ㄔㄠ ㄉㄠˇ ㄊㄧˇ
低軌道衛星,1,ㄉㄧ ㄍㄨㄟˇ ㄉㄠˋ ㄨㄟˋ ㄒㄧㄥ
低酸性食品,1,ㄉㄧ ㄙㄨㄢ ㄒㄧㄥˋ ㄕˊ ㄆㄧㄣˇ
何杰金氏病,1,ㄏㄜˊ ㄐㄧㄝˊ ㄐㄧㄣ ㄕˋ ㄅㄧㄥˋ
佛說不可說,1,ㄈㄛˊ ㄕㄨㄛ ㄅㄨˋ ㄎㄜˇ ㄕㄨㄛ
佛面上刮金,1,ㄈㄛˊ ㄇㄧㄢˋ ㄕㄤˋ ㄍㄨㄚ ㄐㄧㄣ
作倒了行市,1,ㄗㄨㄛˋ ㄉㄠˇ ㄌㄜ˙ ㄏㄤˊ ㄕˋ
使用者介面,1,ㄕˇ ㄩㄥˋ ㄓㄜˇ ㄐㄧㄝˋ ㄇㄧㄢˋ
來得去不得,1,ㄌㄞˊ ㄉㄜ˙ ㄑㄩˋ ㄅㄨˋ ㄉㄜ˙
依本畫葫蘆,1,ㄧ ㄅㄣˇ ㄏㄨㄚˋ ㄏㄨˊ ㄌㄨˊ
依樣畫葫蘆,1,ㄧ ㄧㄤˋ ㄏㄨㄚˋ ㄏㄨˊ ㄌㄨ˙
便宜無好貨,1,ㄆㄧㄢˊ ㄧ˙ ㄨˊ ㄏㄠˇ ㄏㄨㄛˋ
俄羅斯方塊,1,ㄜˊ ㄌㄨㄛˊ ㄙ ㄈㄤ ㄎㄨㄞˋ
俄羅斯聯邦,1,ㄜˊ ㄌㄨㄛˊ ㄙ ㄌㄧㄢˊ ㄅㄤ
保加利亞乳,1,ㄅㄠˇ ㄐㄧㄚ ㄌㄧˋ ㄧㄚˋ ㄖㄨˇ
保安責任制,1,ㄅㄠˇ ㄢ ㄗㄜˊ ㄖㄣˋ ㄓˋ
保留意見書,1,ㄅㄠˇ ㄌㄧㄡˊ ㄧˋ ㄐㄧㄢˋ ㄕㄨ
保綠基金會,1,ㄅㄠˇ ㄌㄩˋ ㄐㄧ ㄐㄧㄣ ㄏㄨㄟˋ
保護妳專線,1,ㄅㄠˇ ㄏㄨˋ ㄋㄧˇ ㄓㄨㄢ ㄒㄧㄢˋ
保險經紀人,1,ㄅㄠˇ ㄒㄧㄢˇ ㄐㄧㄥ ㄐㄧˋ ㄖㄣˊ
保麗龍餐具,1,ㄅㄠˇ ㄌㄧˋ ㄌㄨㄥˊ ㄘㄢ ㄐㄩˋ
倉頡中文碼,1,ㄘㄤ ㄐㄧㄝˊ ㄓㄨㄥ ㄨㄣˊ ㄇㄚˇ
個人工作室,1,ㄍㄜˋ ㄖㄣˊ ㄍㄨㄥ ㄗㄨㄛˋ ㄕˋ
個人秀空間,1,ㄍㄜˋ ㄖㄣˊ ㄒㄧㄡˋ ㄎㄨㄥ ㄐㄧㄢ
個人追逐賽,1,ㄍㄜˋ ㄖㄣˊ ㄓㄨㄟ ㄓㄨˊ ㄙㄞˋ
倒抽一口氣,1,ㄉㄠˋ ㄔㄡ ㄧ ㄎㄡˇ ㄑㄧˋ
倒數第一名,1,ㄉㄠˋ ㄕㄨˇ ㄉㄧˋ ㄧ ㄇㄧㄥˊ
倒鐘擺效應,1,ㄉㄠˋ ㄓㄨㄥ ㄅㄞˇ ㄒㄧㄠˋ ㄧㄥˋ
候風地動儀,1,ㄏㄡˋ ㄈㄥ ㄉㄧˋ ㄉㄨㄥˋ ㄧˊ
倚晴樓七種,1,ㄧˇ ㄑㄧㄥˊ ㄌㄡˊ ㄑㄧ ㄓㄨㄥˇ
倚酒三分醉,1,ㄧˇ ㄐㄧㄡˇ ㄙㄢ ㄈㄣ ㄗㄨㄟˋ
借梯子下樓,1,ㄐㄧㄝˋ ㄊㄧ ㄗ˙ ㄒㄧㄚˋ ㄌㄡˊ
借酒三分醉,1,ㄐㄧㄝˋ ㄐㄧㄡˇ ㄙㄢ ㄈㄣ ㄗㄨㄟˋ
假言三段論,1,ㄐㄧㄚˇ ㄧㄢˊ ㄙㄢ ㄉㄨㄢˋ ㄌㄨㄣˋ
假設演繹法,1,ㄐㄧㄚˇ ㄕㄜˋ ㄧㄢˇ ㄧˋ ㄈㄚˇ
偏性寄生菌,1,ㄆㄧㄢ ㄒㄧㄥˋ ㄐㄧˋ ㄕㄥ ㄐㄩㄣˋ
偏性腐生菌,1,ㄆㄧㄢ ㄒㄧㄥˋ ㄈㄨˇ ㄕㄥ ㄐㄩㄣˋ
偏相關係數,1,ㄆㄧㄢ ㄒㄧㄤ ㄍㄨㄢ ㄒㄧˋ ㄕㄨˋ
偽國民政府,1,ㄨㄟˋ ㄍㄨㄛˊ ㄇㄧㄣˊ ㄓㄥˋ ㄈㄨˇ
偽維新政府,1,ㄨㄟˋ ㄨㄟˊ ㄒㄧㄣ ㄓㄥˋ ㄈㄨˇ
偽臨時政府,1,ㄨㄟˋ ㄌㄧㄣˊ ㄕˊ ㄓㄥˋ ㄈㄨˇ
傻人有傻福,1,ㄕㄚˇ ㄖㄣˊ ㄧㄡˇ ㄕㄚˇ ㄈㄨˊ
傻瓜照相機,1,ㄕㄚˇ ㄍㄨㄚ ㄓㄠˋ ㄒㄧㄤˋ ㄐㄧ
元曲四大家,1,ㄩㄢˊ ㄑㄩˇ ㄙˋ ㄉㄚˋ ㄐㄧㄚ
先天性異常,1,ㄒㄧㄢ ㄊㄧㄢ ㄒㄧㄥˋ ㄧˋ ㄔㄤˊ
先天性畸形,1,ㄒㄧㄢ ㄊㄧㄢ ㄒㄧㄥˋ ㄐㄧ ㄒㄧㄥˊ
先訴抗辯權,1,ㄒㄧㄢ ㄙㄨˋ ㄎㄤˋ ㄅㄧㄢˋ ㄑㄩㄢˊ
光動力療法,1,ㄍㄨㄤ ㄉㄨㄥˋ ㄌㄧˋ ㄌㄧㄠˊ ㄈㄚˇ
光化學煙霧,1,ㄍㄨㄤ ㄏㄨㄚˋ ㄒㄩㄝˊ ㄧㄢ ㄨˋ
光呼吸作用,1,ㄍㄨㄤ ㄏㄨ ㄒㄧ ㄗㄨㄛˋ ㄩㄥˋ
光學印像機,1,ㄍㄨㄤ ㄒㄩㄝˊ ㄧㄣˋ ㄒㄧㄤˋ ㄐㄧ
光學望遠鏡,1,ㄍㄨㄤ ㄒㄩㄝˊ ㄨㄤˋ ㄩㄢˇ ㄐㄧㄥˋ
光學讀字機,1,ㄍㄨㄤ ㄒㄩㄝˊ ㄉㄨˊ ㄗˋ ㄐㄧ
光效應藝術,1,ㄍㄨㄤ ㄒㄧㄠˋ ㄧㄥˋ ㄧˋ ㄕㄨˋ
光照射治療,1,ㄍㄨㄤ ㄓㄠˋ ㄕㄜˋ ㄓˋ ㄌㄧㄠˊ
光積體電路,1,ㄍㄨㄤ ㄐㄧ ㄊㄧˇ ㄉㄧㄢˋ ㄌㄨˋ
光陰如隙駒,1,ㄍㄨㄤ ㄧㄣ ㄖㄨˊ ㄒㄧˋ ㄐㄩ
光電二極體,1,ㄍㄨㄤ ㄉㄧㄢˋ ㄦˋ ㄐㄧˊ ㄊㄧˇ
光電顯像管,1,ㄍㄨㄤ ㄉㄧㄢˋ ㄒㄧㄢˇ ㄒㄧㄤˋ ㄍㄨㄢˇ
克卜勒定律,1,ㄎㄜˋ ㄅㄨˇ ㄌㄜˋ ㄉㄧㄥˋ ㄌㄩˋ
免疫風溼科,1,ㄇㄧㄢˇ ㄧˋ ㄈㄥ ㄕ ㄎㄜ
兒大不由爺,1,ㄦˊ ㄉㄚˋ ㄅㄨˋ ㄧㄡˊ ㄧㄝˊ
兒女英雄傳,1,ㄦˊ ㄋㄩˇ ㄧㄥ ㄒㄩㄥˊ ㄓㄨㄢˋ
兒童福利法,1,ㄦˊ ㄊㄨㄥˊ ㄈㄨˊ ㄌㄧˋ ㄈㄚˇ
內分泌系統,1,ㄋㄟˋ ㄈㄣ ㄇㄧˋ ㄒㄧˋ ㄊㄨㄥˇ
內填琺瑯器,1,ㄋㄟˋ ㄊㄧㄢˊ ㄈㄚˋ ㄌㄤˊ ㄑㄧˋ
全動態影像,1,ㄑㄩㄢˊ ㄉㄨㄥˋ ㄊㄞˋ ㄧㄥˇ ㄒㄧㄤˋ
全國文藝季,1,ㄑㄩㄢˊ ㄍㄨㄛˊ ㄨㄣˊ ㄧˋ ㄐㄧˋ
全文資料庫,1,ㄑㄩㄢˊ ㄨㄣˊ ㄗ ㄌㄧㄠˋ ㄎㄨˋ
全民運動歌,1,ㄑㄩㄢˊ ㄇㄧㄣˊ ㄩㄣˋ ㄉㄨㄥˋ ㄍㄜ
全球資訊網,1,ㄑㄩㄢˊ ㄑㄧㄡˊ ㄗ ㄒㄩㄣˋ ㄨㄤˇ
全球電話卡,1,ㄑㄩㄢˊ ㄑㄧㄡˊ ㄉㄧㄢˋ ㄏㄨㄚˋ ㄎㄚˇ
兩性化合物,1,ㄌㄧㄤˇ ㄒㄧㄥˋ ㄏㄨㄚˋ ㄏㄜˊ ㄨˋ
兩棲類動物,1,ㄌㄧㄤˇ ㄑㄧ ㄌㄟˋ ㄉㄨㄥˋ ㄨˋ
兩極真空管,1,ㄌㄧㄤˇ ㄐㄧˊ ㄓㄣ ㄎㄨㄥ ㄍㄨㄢˇ
兩步做一步,1,ㄌㄧㄤˇ ㄅㄨˋ ㄗㄨㄛˋ ㄧ ㄅㄨˋ
兩雄不俱立,1,ㄌㄧㄤˇ ㄒㄩㄥˊ ㄅㄨˋ ㄐㄩˋ ㄌㄧˋ
兩面不是人,1,ㄌㄧㄤˇ ㄇㄧㄢˋ ㄅㄨˋ ㄕˋ ㄖㄣˊ
兩面不討好,1,ㄌㄧㄤˇ ㄇㄧㄢˋ ㄅㄨˋ ㄊㄠˇ ㄏㄠˇ
兩頭不見影,1,ㄌㄧㄤˇ ㄊㄡˊ ㄅㄨˋ ㄐㄧㄢˋ ㄧㄥˇ
八一三之役,1,ㄅㄚ ㄧ ㄙㄢ ㄓ ㄧˋ
八二三炮戰,1,ㄅㄚ ㄦˋ ㄙㄢ ㄆㄠˋ ㄓㄢˋ
八兩配半斤,1,ㄅㄚ ㄌㄧㄤˇ ㄆㄟˋ ㄅㄢˋ ㄐㄧㄣ
八分休止符,1,ㄅㄚ ㄈㄣ ㄒㄧㄡ ㄓˇ ㄈㄨˊ
八通關古道,1,ㄅㄚ ㄊㄨㄥ ㄍㄨㄢ ㄍㄨˇ ㄉㄠˋ
公共使用物,1,ㄍㄨㄥ ㄍㄨㄥˋ ㄕˇ ㄩㄥˋ ㄨˋ
公共危險罪,1,ㄍㄨㄥ ㄍㄨㄥˋ ㄨㄟˊ ㄒㄧㄢˇ ㄗㄨㄟˋ
公共圖書館,1,ㄍㄨㄥ ㄍㄨㄥˋ ㄊㄨˊ ㄕㄨ ㄍㄨㄢˇ
公平交易法,1,ㄍㄨㄥ ㄆㄧㄥˊ ㄐㄧㄠ ㄧˋ ㄈㄚˇ
公路個人賽,1,ㄍㄨㄥ ㄌㄨˋ ㄍㄜˋ ㄖㄣˊ ㄙㄞˋ
公車專用道,1,ㄍㄨㄥ ㄔㄜ ㄓㄨㄢ ㄩㄥˋ ㄉㄠˋ
公開說明書,1,ㄍㄨㄥ ㄎㄞ ㄕㄨㄛ ㄇㄧㄥˊ ㄕㄨ
六耳不傳道,1,ㄌㄧㄡˋ ㄦˇ ㄅㄨˋ ㄔㄨㄢˊ ㄉㄠˋ
六耳不通謀,1,ㄌㄧㄡˋ ㄦˇ ㄅㄨˋ ㄊㄨㄥ ㄇㄡˊ
共同交際語,1,ㄍㄨㄥˋ ㄊㄨㄥˊ ㄐㄧㄠ ㄐㄧˋ ㄩˇ
共同決議案,1,ㄍㄨㄥˋ ㄊㄨㄥˊ ㄐㄩㄝˊ ㄧˋ ㄢˋ
共同被告人,1,ㄍㄨㄥˋ ㄊㄨㄥˊ ㄅㄟˋ ㄍㄠˋ ㄖㄣˊ
共同財產制,1,ㄍㄨㄥˋ ㄊㄨㄥˊ ㄘㄞˊ ㄔㄢˇ ㄓˋ
共同通訊社,1,ㄍㄨㄥˋ ㄊㄨㄥˊ ㄊㄨㄥ ㄒㄩㄣˋ ㄕㄜˋ
共軛雙曲線,1,ㄍㄨㄥˋ ㄜˋ ㄕㄨㄤ ㄑㄩ ㄒㄧㄢˋ
兵書寶劍峽,1,ㄅㄧㄥ ㄕㄨ ㄅㄠˇ ㄐㄧㄢˋ ㄒㄧㄚˊ
冰上曲棍球,1,ㄅㄧㄥ ㄕㄤˋ ㄑㄩ ㄍㄨㄣˋ ㄑㄧㄡˊ
冰島共和國,1,ㄅㄧㄥ ㄉㄠˇ ㄍㄨㄥˋ ㄏㄜˊ ㄍㄨㄛˊ
冰火不同爐,1,ㄅㄧㄥ ㄏㄨㄛˇ ㄅㄨˋ ㄊㄨㄥˊ ㄌㄨˊ
冰炭不同器,1,ㄅㄧㄥ ㄊㄢˋ ㄅㄨˋ ㄊㄨㄥˊ ㄑㄧˋ
冰炭不同爐,1,ㄅㄧㄥ ㄊㄢˋ ㄅㄨˋ ㄊㄨㄥˊ ㄌㄨˊ
冰炭不同罏,1,ㄅㄧㄥ ㄊㄢˋ ㄅㄨˋ ㄊㄨㄥˊ ㄌㄨˊ
冰炭不相入,1,ㄅㄧㄥ ㄊㄢˋ ㄅㄨˋ ㄒㄧㄤ ㄖㄨˋ
冰炭不相容,1,ㄅㄧㄥ ㄊㄢˋ ㄅㄨˋ ㄒㄧㄤ ㄖㄨㄥˊ
冰炭不相投,1,ㄅㄧㄥ ㄊㄢˋ ㄅㄨˋ ㄒㄧㄤ ㄊㄡˊ
冷鍋裡爆豆,1,ㄌㄥˇ ㄍㄨㄛ ㄌㄧˇ ㄅㄠˋ ㄉㄡˋ
冷風淘熱氣,1,ㄌㄥˇ ㄈㄥ ㄊㄠˊ ㄖㄜˋ ㄑㄧˋ
凡爾賽和約,1,ㄈㄢˊ ㄦˇ ㄙㄞˋ ㄏㄜˊ ㄩㄝ
凱恩斯學說,1,ㄎㄞˇ ㄣ ㄙ ㄒㄩㄝˊ ㄕㄨㄛ
凱薩琳大帝,1,ㄎㄞˇ ㄙㄚˋ ㄌㄧㄣˊ ㄉㄚˋ ㄉㄧˋ
出手見高低,1,ㄔㄨ ㄕㄡˇ ㄐㄧㄢˋ ㄍㄠ ㄉㄧ
刀口上舔血,1,ㄉㄠ ㄎㄡˇ ㄕㄤˋ ㄊㄧㄢˇ ㄒㄧㄝˇ
分別財產制,1,ㄈㄣ ㄅㄧㄝˊ ㄘㄞˊ ㄔㄢˇ ㄓˋ
分散式網路,1,ㄈㄣ ㄙㄢˋ ㄕˋ ㄨㄤˇ ㄌㄨˋ
切韻指掌圖,1,ㄑㄧㄝˋ ㄩㄣˋ ㄓˇ ㄓㄤˇ ㄊㄨˊ
刑不上大夫,1,ㄒㄧㄥˊ ㄅㄨˋ ㄕㄤˋ ㄉㄚˋ ㄈㄨ
刑事警察局,1,ㄒㄧㄥˊ ㄕˋ ㄐㄧㄥˇ ㄔㄚˊ ㄐㄩˊ
列氏溫度計,1,ㄌㄧㄝˋ ㄕˋ ㄨㄣ ㄉㄨˋ ㄐㄧˋ
刨樹要尋根,1,ㄆㄠˊ ㄕㄨˋ ㄧㄠˋ ㄒㄩㄣˊ ㄍㄣ
利害關係人,1,ㄌㄧˋ ㄏㄞˋ ㄍㄨㄢ ㄒㄧˋ ㄖㄣˊ
到三不著兩,1,ㄉㄠˋ ㄙㄢ ㄅㄨˋ ㄓㄨㄛˊ ㄌㄧㄤˇ
刺吸式口器,1,ㄘˋ ㄒㄧ ㄕˋ ㄎㄡˇ ㄑㄧˋ
刺激反應論,1,ㄘˋ ㄐㄧ ㄈㄢˇ ㄧㄥˋ ㄌㄨㄣˋ
刺頭泥裡陷,1,ㄘˋ ㄊㄡˊ ㄋㄧˊ ㄌㄧˇ ㄒㄧㄢˋ
前級擴大機,1,ㄑㄧㄢˊ ㄐㄧˊ ㄎㄨㄛˋ ㄉㄚˋ ㄐㄧ
剛構式橋梁,1,ㄍㄤ ㄍㄡˋ ㄕˋ ㄑㄧㄠˊ ㄌㄧㄤˊ
剪牡丹喂牛,1,ㄐㄧㄢˇ ㄇㄨˇ ㄉㄢ ㄨㄟˋ ㄋㄧㄡˊ
副都市中心,1,ㄈㄨˋ ㄉㄨ ㄕˋ ㄓㄨㄥ ㄒㄧㄣ
創造性思考,1,ㄔㄨㄤˋ ㄗㄠˋ ㄒㄧㄥˋ ㄙ ㄎㄠˇ
創造性教學,1,ㄔㄨㄤˋ ㄗㄠˋ ㄒㄧㄥˋ ㄐㄧㄠˋ ㄒㄩㄝˊ
劉備借荊州,1,ㄌㄧㄡˊ ㄅㄟˋ ㄐㄧㄝˋ ㄐㄧㄥ ㄓㄡ
劉阮上天台,1,ㄌㄧㄡˊ ㄖㄨㄢˇ ㄕㄤˋ ㄊㄧㄢ ㄊㄞˊ
功能性文盲,1,ㄍㄨㄥ ㄋㄥˊ ㄒㄧㄥˋ ㄨㄣˊ ㄇㄤˊ
加值型網路,1,ㄐㄧㄚ ㄓˊ ㄒㄧㄥˊ ㄨㄤˇ ㄌㄨˋ
加值資料庫,1,ㄐㄧㄚ ㄓˊ ㄗ ㄌㄧㄠˋ ㄎㄨˋ
加彭共和國,1,ㄐㄧㄚ ㄆㄥˊ ㄍㄨㄥˋ ㄏㄜˊ ㄍㄨㄛˊ
加權平均數,1,ㄐㄧㄚ ㄑㄩㄢˊ ㄆㄧㄥˊ ㄐㄩㄣ ㄕㄨˋ
加羅林群島,1,ㄐㄧㄚ ㄌㄨㄛˊ ㄌㄧㄣˊ ㄑㄩㄣˊ ㄉㄠˇ
加解密系統,1,ㄐㄧㄚ ㄐㄧㄝˇ ㄇㄧˋ ㄒㄧˋ ㄊㄨㄥˇ
加那列群島,1,ㄐㄧㄚ ㄋㄚˋ ㄌㄧㄝˋ ㄑㄩㄣˊ ㄉㄠˇ
劫後英雄傳,1,ㄐㄧㄝˊ ㄏㄡˋ ㄧㄥ ㄒㄩㄥˊ ㄓㄨㄢˋ
勃氏硬度數,1,ㄅㄛˊ ㄕˋ ㄧㄥˋ ㄉㄨˋ ㄕㄨˋ
勃洛大哥拉,1,ㄅㄛˊ ㄌㄨㄛˋ ㄉㄚˋ ㄍㄜ ㄌㄚ
動物傳染病,1,ㄉㄨㄥˋ ㄨˋ ㄔㄨㄢˊ ㄖㄢˇ ㄅㄧㄥˋ
動物性脂肪,1,ㄉㄨㄥˋ ㄨˋ ㄒㄧㄥˋ ㄓ ㄈㄤˊ
動物生態學,1,ㄉㄨㄥˋ ㄨˋ ㄕㄥ ㄊㄞˋ ㄒㄩㄝˊ
勞動經濟學,1,ㄌㄠˊ ㄉㄨㄥˋ ㄐㄧㄥ ㄐㄧˋ ㄒㄩㄝˊ
勞工基本權,1,ㄌㄠˊ ㄍㄨㄥ ㄐㄧ ㄅㄣˇ ㄑㄩㄢˊ
包伯利風衣,1,ㄅㄠ ㄅㄛˊ ㄌㄧˋ ㄈㄥ ㄧ
包在我身上,1,ㄅㄠ ㄗㄞˋ ㄨㄛˇ ㄕㄣ ㄕㄤˋ
包法利夫人,1,ㄅㄠ ㄈㄚˇ ㄌㄧˋ ㄈㄨ ㄖㄣˊ
匋齋吉金錄,1,ㄊㄠˊ ㄓㄞ ㄐㄧˊ ㄐㄧㄣ ㄌㄨˋ
匋齋藏石記,1,ㄊㄠˊ ㄓㄞ ㄘㄤˊ ㄕˊ ㄐㄧˋ
化學性肝炎,1,ㄏㄨㄚˋ ㄒㄩㄝˊ ㄒㄧㄥˋ ㄍㄢ ㄧㄢˊ
化學治療法,1,ㄏㄨㄚˋ ㄒㄩㄝˊ ㄓˋ ㄌㄧㄠˊ ㄈㄚˇ
北平圖書館,1,ㄅㄟˇ ㄆㄧㄥˊ ㄊㄨˊ ㄕㄨ ㄍㄨㄢˇ
北杜味納河,1,ㄅㄟˇ ㄉㄨˋ ㄨㄟˋ ㄋㄚˋ ㄏㄜˊ
北極星飛彈,1,ㄅㄟˇ ㄐㄧˊ ㄒㄧㄥ ㄈㄟ ㄉㄢˋ
北洋機器局,1,ㄅㄟˇ ㄧㄤˊ ㄐㄧ ㄑㄧˋ ㄐㄩˊ
北港媽祖廟,1,ㄅㄟˇ ㄍㄤˇ ㄇㄚ ㄗㄨˇ ㄇㄧㄠˋ
北碑南帖論,1,ㄅㄟˇ ㄅㄟ ㄋㄢˊ ㄊㄧㄝˇ ㄌㄨㄣˋ
北詞廣正譜,1,ㄅㄟˇ ㄘˊ ㄍㄨㄤˇ ㄓㄥˋ ㄆㄨˇ
北赤道海流,1,ㄅㄟˇ ㄔˋ ㄉㄠˋ ㄏㄞˇ ㄌㄧㄡˊ
北達科他州,1,ㄅㄟˇ ㄉㄚˊ ㄎㄜ ㄊㄚ ㄓㄡ
北魏孝文帝,1,ㄅㄟˇ ㄨㄟˋ ㄒㄧㄠˋ ㄨㄣˊ ㄉㄧˋ
十三經注疏,1,ㄕˊ ㄙㄢ ㄐㄧㄥ ㄓㄨˋ ㄕㄨˋ
十三行遺址,1,ㄕˊ ㄙㄢ ㄏㄤˊ ㄧˊ ㄓˇ
十二指腸蟲,1,ㄕˊ ㄦˋ ㄓˇ ㄔㄤˊ ㄔㄨㄥˊ
十二木表法,1,ㄕˊ ㄦˋ ㄇㄨˋ ㄅㄧㄠˇ ㄈㄚˇ
十二項建設,1,ㄕˊ ㄦˋ ㄒㄧㄤˋ ㄐㄧㄢˋ ㄕㄜˋ
十全大補湯,1,ㄕˊ ㄑㄩㄢˊ ㄉㄚˋ ㄅㄨˇ ㄊㄤ
十六字心傳,1,ㄕˊ ㄌㄧㄡˋ ㄗˋ ㄒㄧㄣ ㄔㄨㄢˊ
十天半個月,1,ㄕˊ ㄊㄧㄢ ㄅㄢˋ ㄍㄜˋ ㄩㄝˋ
十年九不遇,1,ㄕˊ ㄋㄧㄢˊ ㄐㄧㄡˇ ㄅㄨˋ ㄩˋ
十指有長短,1,ㄕˊ ㄓˇ ㄧㄡˇ ㄔㄤˊ ㄉㄨㄢˇ
十進分類法,1,ㄕˊ ㄐㄧㄣˋ ㄈㄣ ㄌㄟˋ ㄈㄚˇ
千島湖事件,1,ㄑㄧㄢ ㄉㄠˇ ㄏㄨˊ ㄕˋ ㄐㄧㄢˋ
千里始足下,1,ㄑㄧㄢ ㄌㄧˇ ㄕˇ ㄗㄨˊ ㄒㄧㄚˋ
千里寄鵝毛,1,ㄑㄧㄢ ㄌㄧˇ ㄐㄧˋ ㄜˊ ㄇㄠˊ
千里搭長棚,1,ㄑㄧㄢ ㄌㄧˇ ㄉㄚ ㄔㄤˊ ㄆㄥˊ
半人馬星座,1,ㄅㄢˋ ㄖㄣˊ ㄇㄚˇ ㄒㄧㄥ ㄗㄨㄛˋ
半導體雷射,1,ㄅㄢˋ ㄉㄠˇ ㄊㄧˇ ㄌㄟˊ ㄕㄜˋ
半斤逢八兩,1,ㄅㄢˋ ㄐㄧㄣ ㄈㄥˊ ㄅㄚ ㄌㄧㄤˇ
半窗晴翠圖,1,ㄅㄢˋ ㄔㄨㄤ ㄑㄧㄥˊ ㄘㄨㄟˋ ㄊㄨˊ
半素食族群,1,ㄅㄢˋ ㄙㄨˋ ㄕˊ ㄗㄨˊ ㄑㄩㄣˊ
半頓飯工夫,1,ㄅㄢˋ ㄉㄨㄣˋ ㄈㄢˋ ㄍㄨㄥ ㄈㄨ˙
半齒半舌音,1,ㄅㄢˋ ㄔˇ ㄅㄢˋ ㄕㄜˊ ㄧㄣ
南京大屠殺,1,ㄋㄢˊ ㄐㄧㄥ ㄉㄚˋ ㄊㄨˊ ㄕㄚ
南柯太守傳,1,ㄋㄢˊ ㄎㄜ ㄊㄞˋ ㄕㄡˇ ㄓㄨㄢˋ
南極老人星,1,ㄋㄢˊ ㄐㄧˊ ㄌㄠˇ ㄖㄣˊ ㄒㄧㄥ
博學宏詞科,1,ㄅㄛˊ ㄒㄩㄝˊ ㄏㄨㄥˊ ㄘˊ ㄎㄜ
博學宏辭科,1,ㄅㄛˊ ㄒㄩㄝˊ ㄏㄨㄥˊ ㄘˊ ㄎㄜ
卡式錄音帶,1,ㄎㄚˇ ㄕˋ ㄌㄨˋ ㄧㄣ ㄉㄞˋ
卡式錄音機,1,ㄎㄚˇ ㄕˋ ㄌㄨˋ ㄧㄣ ㄐㄧ
印刷電路板,1,ㄧㄣˋ ㄕㄨㄚ ㄉㄧㄢˋ ㄌㄨˋ ㄅㄢˇ
印度共和國,1,ㄧㄣˋ ㄉㄨˋ ㄍㄨㄥˋ ㄏㄜˊ ㄍㄨㄛˊ
印度大麻草,1,ㄧㄣˋ ㄉㄨˋ ㄉㄚˋ ㄇㄚˊ ㄘㄠˇ
印度尼西亞,1,ㄧㄣˋ ㄉㄨˋ ㄋㄧˊ ㄒㄧ ㄧㄚˋ
印度希臘式,1,ㄧㄣˋ ㄉㄨˋ ㄒㄧ ㄌㄚˋ ㄕˋ
印度橡膠樹,1,ㄧㄣˋ ㄉㄨˋ ㄒㄧㄤˋ ㄐㄧㄠ ㄕㄨˋ
印度河文化,1,ㄧㄣˋ ㄉㄨˋ ㄏㄜˊ ㄨㄣˊ ㄏㄨㄚˋ
印第安那州,1,ㄧㄣˋ ㄉㄧˋ ㄢ ㄋㄚˋ ㄓㄡ
原子發電廠,1,ㄩㄢˊ ㄗˇ ㄈㄚ ㄉㄧㄢˋ ㄔㄤˇ
反寫實小說,1,ㄈㄢˇ ㄒㄧㄝˇ ㄕˊ ㄒㄧㄠˇ ㄕㄨㄛ
口服避孕藥,1,ㄎㄡˇ ㄈㄨˊ ㄅㄧˋ ㄩㄣˋ ㄧㄠˋ
古埃及文字,1,ㄍㄨˇ ㄞ ㄐㄧˊ ㄨㄣˊ ㄗˋ
古埃及文明,1,ㄍㄨˇ ㄞ ㄐㄧˊ ㄨㄣˊ ㄇㄧㄥˊ
古寧頭之役,1,ㄍㄨˇ ㄋㄧㄥˊ ㄊㄡˊ ㄓ ㄧˋ
古寧頭大捷,1,ㄍㄨˇ ㄋㄧㄥˊ ㄊㄡˊ ㄉㄚˋ ㄐㄧㄝˊ
古巴共和國,1,ㄍㄨˇ ㄅㄚ ㄍㄨㄥˋ ㄏㄜˊ ㄍㄨㄛˊ
古拉格群島,1,ㄍㄨˇ ㄌㄚ ㄍㄜˊ ㄑㄩㄣˊ ㄉㄠˇ
古文八大家,1,ㄍㄨˇ ㄨㄣˊ ㄅㄚ ㄉㄚˋ ㄐㄧㄚ
古文辭類纂,1,ㄍㄨˇ ㄨㄣˊ ㄘˊ ㄌㄟˋ ㄗㄨㄢˇ
古詩十九首,1,ㄍㄨˇ ㄕ ㄕˊ ㄐㄧㄡˇ ㄕㄡˇ
叫好不叫座,1,ㄐㄧㄠˋ ㄏㄠˇ ㄅㄨˋ ㄐㄧㄠˋ ㄗㄨㄛˋ
叫花子上墳,1,ㄐㄧㄠˋ ㄏㄨㄚ ㄗ˙ ㄕㄤˋ ㄈㄣˊ
叫花子看戲,1,ㄐㄧㄠˋ ㄏㄨㄚ ㄗ˙ ㄎㄢˋ ㄒㄧˋ
可望不可即,1,ㄎㄜˇ ㄨㄤˋ ㄅㄨˋ ㄎㄜˇ ㄐㄧˊ
可望不可親,1,ㄎㄜˇ ㄨㄤˋ ㄅㄨˋ ㄎㄜˇ ㄑㄧㄣ
可變電阻箱,1,ㄎㄜˇ ㄅㄧㄢˋ ㄉㄧㄢˋ ㄗㄨˇ ㄒㄧㄤ
可轉換公債,1,ㄎㄜˇ ㄓㄨㄢˇ ㄏㄨㄢˋ ㄍㄨㄥ ㄓㄞˋ
史塔溫斯基,1,ㄕˇ ㄊㄚˇ ㄨㄣ ㄙ ㄐㄧ
史杜伊夫人,1,ㄕˇ ㄉㄨˋ ㄧ ㄈㄨ ㄖㄣˊ
史迪威事件,1,ㄕˇ ㄉㄧˊ ㄨㄟ ㄕˋ ㄐㄧㄢˋ
司乃耳定律,1,ㄙ ㄋㄞˇ ㄦˇ ㄉㄧㄥˋ ㄌㄩˋ
司法行政部,1,ㄙ ㄈㄚˇ ㄒㄧㄥˊ ㄓㄥˋ ㄅㄨˋ
司法警察官,1,ㄙ ㄈㄚˇ ㄐㄧㄥˇ ㄔㄚˊ ㄍㄨㄢ
吃不得慢酒,1,ㄔ ㄅㄨ˙ ㄉㄜ˙ ㄇㄢˋ ㄐㄧㄡˇ
吃不得緊酒,1,ㄔ ㄅㄨ˙ ㄉㄜ˙ ㄐㄧㄣˇ ㄐㄧㄡˇ
吃人不吐骨,1,ㄔ ㄖㄣˊ ㄅㄨˋ ㄊㄨˇ ㄍㄨˇ
吃喝拉撒睡,1,ㄔ ㄏㄜ ㄌㄚ ㄙㄚ ㄕㄨㄟˋ
吃幾碗乾飯,1,ㄔ ㄐㄧˇ ㄨㄢˇ ㄍㄢ ㄈㄢˋ
吃涼不管酸,1,ㄔ ㄌㄧㄤˊ ㄅㄨˋ ㄍㄨㄢˇ ㄙㄨㄢ
吃順不吃搶,1,ㄔ ㄕㄨㄣˋ ㄅㄨˋ ㄔ ㄑㄧㄤˇ
各打五十板,1,ㄍㄜˋ ㄉㄚˇ ㄨˇ ㄕˊ ㄅㄢˇ
各掃門前雪,1,ㄍㄜˋ ㄙㄠˇ ㄇㄣˊ ㄑㄧㄢˊ ㄒㄩㄝˇ
各走各的路,1,ㄍㄜˋ ㄗㄡˇ ㄍㄜˋ ㄉㄜ˙ ㄌㄨˋ
合成清潔劑,1,ㄏㄜˊ ㄔㄥˊ ㄑㄧㄥ ㄐㄧㄝˊ ㄐㄧˋ
合理化作用,1,ㄏㄜˊ ㄌㄧˇ ㄏㄨㄚˋ ㄗㄨㄛˋ ㄩㄥˋ
合眾國際社,1,ㄏㄜˊ ㄓㄨㄥˋ ㄍㄨㄛˊ ㄐㄧˋ ㄕㄜˋ
吉爾吉斯人,1,ㄐㄧˊ ㄦˇ ㄐㄧˊ ㄙ ㄖㄣˊ
吊死鬼搽粉,1,ㄉㄧㄠˋ ㄙˇ ㄍㄨㄟˇ ㄔㄚˊ ㄈㄣˇ
吊著鍋子底,1,ㄉㄧㄠˋ ㄓㄜ˙ ㄍㄨㄛ ㄗ˙ ㄉㄧˇ
同位素掃描,1,ㄊㄨㄥˊ ㄨㄟˋ ㄙㄨˋ ㄙㄠˇ ㄇㄧㄠˊ
同分異構物,1,ㄊㄨㄥˊ ㄈㄣ ㄧˋ ㄍㄡˋ ㄨˋ
同心圓理論,1,ㄊㄨㄥˊ ㄒㄧㄣ ㄩㄢˊ ㄌㄧˇ ㄌㄨㄣˋ
同性戀酒吧,1,ㄊㄨㄥˊ ㄒㄧㄥˋ ㄌㄧㄢˋ ㄐㄧㄡˇ ㄅㄚ
同時語言學,1,ㄊㄨㄥˊ ㄕˊ ㄩˇ ㄧㄢˊ ㄒㄩㄝˊ
同步輻射儀,1,ㄊㄨㄥˊ ㄅㄨˋ ㄈㄨˊ ㄕㄜˋ ㄧˊ
同盟會宣言,1,ㄊㄨㄥˊ ㄇㄥˊ ㄏㄨㄟˋ ㄒㄩㄢ ㄧㄢˊ
同進士出身,1,ㄊㄨㄥˊ ㄐㄧㄣˋ ㄕˋ ㄔㄨ ㄕㄣ
名下無虛士,1,ㄇㄧㄥˊ ㄒㄧㄚˋ ㄨˊ ㄒㄩ ㄕˋ
名不見經傳,1,ㄇㄧㄥˊ ㄅㄨˋ ㄐㄧㄢˋ ㄐㄧㄥ ㄓㄨㄢˋ
名臣言行錄,1,ㄇㄧㄥˊ ㄔㄣˊ ㄧㄢˊ ㄒㄧㄥˋ ㄌㄨˋ
吐魯番窪地,1,ㄊㄨˇ ㄌㄨˇ ㄈㄢ ㄨㄚ ㄉㄧˋ
君子遠庖廚,1,ㄐㄩㄣ ㄗˇ ㄩㄢˋ ㄆㄠˊ ㄔㄨˊ
含淚斬丁公,1,ㄏㄢˊ ㄌㄟˋ ㄓㄢˇ ㄉㄧㄥ ㄍㄨㄥ
吮吸式口器,1,ㄕㄨㄣˇ ㄒㄧ ㄕˋ ㄎㄡˇ ㄑㄧˋ
吹綿介殼蟲,1,ㄔㄨㄟ ㄇㄧㄢˊ ㄐㄧㄝˋ ㄎㄜˊ ㄔㄨㄥˊ
吹鬍子瞪眼,1,ㄔㄨㄟ ㄏㄨˊ ㄗ˙ ㄉㄥˋ ㄧㄢˇ
呂底亞王國,1,ㄌㄩˇ ㄉㄧˇ ㄧㄚˋ ㄨㄤˊ ㄍㄨㄛˊ
周口店文化,1,ㄓㄡ ㄎㄡˇ ㄉㄧㄢˋ ㄨㄣˊ ㄏㄨㄚˋ
周瑜打黃蓋,1,ㄓㄡ ㄩˊ ㄉㄚˇ ㄏㄨㄤˊ ㄍㄞˋ
命運交響曲,1,ㄇㄧㄥˋ ㄩㄣˋ ㄐㄧㄠ ㄒㄧㄤˇ ㄑㄩˇ
和尚吃八方,1,ㄏㄜˊ ㄕㄤˋ ㄔ ㄅㄚ ㄈㄤ
和尚拖木頭,1,ㄏㄜˊ ㄕㄤˋ ㄊㄨㄛ ㄇㄨˋ ㄊㄡ˙
和平工作團,1,ㄏㄜˊ ㄆㄧㄥˊ ㄍㄨㄥ ㄗㄨㄛˋ ㄊㄨㄢˊ
咬牙封雍齒,1,ㄧㄠˇ ㄧㄚˊ ㄈㄥ ㄩㄥ ㄔˇ
咬群的騾子,1,ㄧㄠˇ ㄑㄩㄣˊ ㄉㄜ˙ ㄌㄨㄛˊ ㄗ˙
哀的美敦書,1,ㄞ ㄉㄧˋ ㄇㄟˇ ㄉㄨㄣ ㄕㄨ
哈爾列姆市,1,ㄏㄚ ㄦˇ ㄌㄧㄝˋ ㄇㄨˇ ㄕˋ
哥哥不在家,1,ㄍㄜ ㄍㄜ˙ ㄅㄨˋ ㄗㄞˋ ㄐㄧㄚ
哲布尊丹巴,1,ㄓㄜˊ ㄅㄨˋ ㄗㄨㄣ ㄉㄢ ㄅㄚ
唐吉訶德傳,1,ㄊㄤˊ ㄐㄧˊ ㄏㄜ ㄉㄜˊ ㄓㄨㄢˋ
唐山大地震,1,ㄊㄤˊ ㄕㄢ ㄉㄚˋ ㄉㄧˋ ㄓㄣˋ
唐氏綜合症,1,ㄊㄤˊ ㄕˋ ㄗㄨㄥˋ ㄏㄜˊ ㄓㄥˋ
唐王遊地府,1,ㄊㄤˊ ㄨㄤˊ ㄧㄡˊ ㄉㄧˋ ㄈㄨˇ
唯讀儲存器,1,ㄨㄟˊ ㄉㄨˊ ㄔㄨˊ ㄘㄨㄣˊ ㄑㄧˋ
唯讀記憶體,1,ㄨㄟˊ ㄉㄨˊ ㄐㄧˋ ㄧˋ ㄊㄧˇ
啞叭夢見媽,1,ㄧㄚˇ ㄅㄚ˙ ㄇㄥˋ ㄐㄧㄢˋ ㄇㄚ
啞子吃黃連,1,ㄧㄚˇ ㄗ˙ ㄔ ㄏㄨㄤˊ ㄌㄧㄢˊ
啞巴吃黃連,1,ㄧㄚˇ ㄅㄚ˙ ㄔ ㄏㄨㄤˊ ㄌㄧㄢˊ
啟發性程式,1,ㄑㄧˇ ㄈㄚ ㄒㄧㄥˋ ㄔㄥˊ ㄕˋ
喀喇崑崙山,1,ㄎㄚˋ ㄌㄚˇ ㄎㄨㄣ ㄌㄨㄣˊ ㄕㄢ
喀斯特地形,1,ㄎㄚˋ ㄙ ㄊㄜˋ ㄉㄧˋ ㄒㄧㄥˊ
喀爾喀蒙古,1,ㄎㄚˋ ㄦˇ ㄎㄚˋ ㄇㄥˊ ㄍㄨˇ
喀爾文教派,1,ㄎㄚˋ ㄦˇ ㄨㄣˊ ㄐㄧㄠˋ ㄆㄞˋ
善意的謊言,1,ㄕㄢˋ ㄧˋ ㄉㄜ˙ ㄏㄨㄤˇ ㄧㄢˊ
善意第三人,1,ㄕㄢˋ ㄧˋ ㄉㄧˋ ㄙㄢ ㄖㄣˊ
喘不過氣來,1,ㄔㄨㄢˇ ㄅㄨˋ ㄍㄨㄛˋ ㄑㄧˋ ㄌㄞ˙
喫力不討好,1,ㄔ ㄌㄧˋ ㄅㄨˋ ㄊㄠˇ ㄏㄠˇ
單元教學法,1,ㄉㄢ ㄩㄢˊ ㄐㄧㄠˋ ㄒㄩㄝˊ ㄈㄚˇ
單木不成林,1,ㄉㄢ ㄇㄨˋ ㄅㄨˋ ㄔㄥˊ ㄌㄧㄣˊ
單板心合板,1,ㄉㄢ ㄅㄢˇ ㄒㄧㄣ ㄏㄜˊ ㄅㄢˇ
單浪瓦房子,1,ㄉㄢ ㄌㄤˋ ㄨㄚˇ ㄈㄤˊ ㄗ˙
單細胞動物,1,ㄉㄢ ㄒㄧˋ ㄅㄠ ㄉㄨㄥˋ ㄨˋ
單腳鞋銀行,1,ㄉㄢ ㄐㄧㄠˇ ㄒㄧㄝˊ ㄧㄣˊ ㄏㄤˊ
單鉤執筆法,1,ㄉㄢ ㄍㄡ ㄓˊ ㄅㄧˇ ㄈㄚˇ
單食性動物,1,ㄉㄢ ㄕˊ ㄒㄧㄥˋ ㄉㄨㄥˋ ㄨˋ
嘉德麗亞蘭,1,ㄐㄧㄚ ㄉㄜˊ ㄌㄧˋ ㄧㄚˇ ㄌㄢˊ
嘉義交趾燒,1,ㄐㄧㄚ ㄧˋ ㄐㄧㄠ ㄓˇ ㄕㄠ
嘉義小灰蝶,1,ㄐㄧㄚ ㄧˋ ㄒㄧㄠˇ ㄏㄨㄟ ㄉㄧㄝˊ
嘓啅嘓啅的,1,ㄍㄨㄛ ㄓㄨㄛ˙ ㄍㄨㄛ ㄓㄨㄛ˙ ㄉㄜ˙
嘴上抹石灰,1,ㄗㄨㄟˇ ㄕㄤ˙ ㄇㄛˇ ㄕˊ ㄏㄨㄟ
噍吧哖事件,1,ㄐㄧㄠ ㄅㄚ ㄋㄧㄢˊ ㄕˋ ㄐㄧㄢˋ
噪音指示計,1,ㄗㄠˋ ㄧㄣ ㄓˇ ㄕˋ ㄐㄧˋ
噪音管制法,1,ㄗㄠˋ ㄧㄣ ㄍㄨㄢˇ ㄓˋ ㄈㄚˇ
噴嘴推進器,1,ㄆㄣ ㄗㄨㄟˇ ㄊㄨㄟ ㄐㄧㄣˋ ㄑㄧˋ
噴壺的兒子,1,ㄆㄣ ㄏㄨˊ ㄉㄜ˙ ㄦˊ ㄗ˙
噴射凝結器,1,ㄆㄣ ㄕㄜˋ ㄋㄧㄥˊ ㄐㄧㄝˊ ㄑㄧˋ
噴射戰鬥機,1,ㄆㄣ ㄕㄜˋ ㄓㄢˋ ㄉㄡˋ ㄐㄧ
噴射混凝土,1,ㄆㄣ ㄕㄜˋ ㄏㄨㄣˋ ㄋㄧㄥˊ ㄊㄨˇ
噴射發動機,1,ㄆㄣ ㄕㄜˋ ㄈㄚ ㄉㄨㄥˋ ㄐㄧ
嚴家無格虜,1,ㄧㄢˊ ㄐㄧㄚ ㄨˊ ㄍㄜˊ ㄌㄨˇ
四十二章經,1,ㄙˋ ㄕˊ ㄦˋ ㄓㄤ ㄐㄧㄥ
四級三審制,1,ㄙˋ ㄐㄧˊ ㄙㄢ ㄕㄣˇ ㄓˋ
回家吃自己,1,ㄏㄨㄟˊ ㄐㄧㄚ ㄔ ㄗˋ ㄐㄧˇ
回教忠孝節,1,ㄏㄨㄟˊ ㄐㄧㄠˋ ㄓㄨㄥ ㄒㄧㄠˋ ㄐㄧㄝˊ
回教開齋節,1,ㄏㄨㄟˊ ㄐㄧㄠˋ ㄎㄞ ㄓㄞ ㄐㄧㄝˊ
國大主席團,1,ㄍㄨㄛˊ ㄉㄚˋ ㄓㄨˇ ㄒㄧˊ ㄊㄨㄢˊ
國子監博士,1,ㄍㄨㄛˊ ㄗˇ ㄐㄧㄢˋ ㄅㄛˊ ㄕˋ
國子監司業,1,ㄍㄨㄛˊ ㄗˇ ㄐㄧㄢˋ ㄙ ㄧㄝˋ
國子監祭酒,1,ㄍㄨㄛˊ ㄗˇ ㄐㄧㄢˋ ㄐㄧˋ ㄐㄧㄡˇ
國家基本權,1,ㄍㄨㄛˊ ㄐㄧㄚ ㄐㄧ ㄅㄣˇ ㄑㄩㄢˊ
國家安全局,1,ㄍㄨㄛˊ ㄐㄧㄚ ㄢ ㄑㄩㄢˊ ㄐㄩˊ
國家安全法,1,ㄍㄨㄛˊ ㄐㄧㄚ ㄢ ㄑㄩㄢˊ ㄈㄚˇ
國家生命力,1,ㄍㄨㄛˊ ㄐㄧㄚ ㄕㄥ ㄇㄧㄥˋ ㄌㄧˋ
國家總動員,1,ㄍㄨㄛˊ ㄐㄧㄚ ㄗㄨㄥˇ ㄉㄨㄥˋ ㄩㄢˊ
國家賠償法,1,ㄍㄨㄛˊ ㄐㄧㄚ ㄆㄟˊ ㄔㄤˊ ㄈㄚˇ
國家音樂廳,1,ㄍㄨㄛˊ ㄐㄧㄚ ㄧㄣ ㄩㄝˋ ㄊㄧㄥ
國慶紀念日,1,ㄍㄨㄛˊ ㄑㄧㄥˋ ㄐㄧˋ ㄋㄧㄢˋ ㄖˋ
國民裁判制,1,ㄍㄨㄛˊ ㄇㄧㄣˊ ㄘㄞˊ ㄆㄢˋ ㄓˋ
國營電視臺,1,ㄍㄨㄛˊ ㄧㄥˊ ㄉㄧㄢˋ ㄕˋ ㄊㄞˊ
國父史蹟館,1,ㄍㄨㄛˊ ㄈㄨˋ ㄕˇ ㄐㄧ ㄍㄨㄢˇ
國立博物館,1,ㄍㄨㄛˊ ㄌㄧˋ ㄅㄛˊ ㄨˋ ㄍㄨㄢˇ
國語聽寫機,1,ㄍㄨㄛˊ ㄩˇ ㄊㄧㄥ ㄒㄧㄝˇ ㄐㄧ
國防白皮書,1,ㄍㄨㄛˊ ㄈㄤˊ ㄅㄞˊ ㄆㄧˊ ㄕㄨ
國際兒童村,1,ㄍㄨㄛˊ ㄐㄧˋ ㄦˊ ㄊㄨㄥˊ ㄘㄨㄣ
國際合作節,1,ㄍㄨㄛˊ ㄐㄧˋ ㄏㄜˊ ㄗㄨㄛˋ ㄐㄧㄝˊ
國際和平軍,1,ㄍㄨㄛˊ ㄐㄧˋ ㄏㄜˊ ㄆㄧㄥˊ ㄐㄩㄣ
國際太陽節,1,ㄍㄨㄛˊ ㄐㄧˋ ㄊㄞˋ ㄧㄤˊ ㄐㄧㄝˊ
國際婦女節,1,ㄍㄨㄛˊ ㄐㄧˋ ㄈㄨˋ ㄋㄩˇ ㄐㄧㄝˊ
國際標準舞,1,ㄍㄨㄛˊ ㄐㄧˋ ㄅㄧㄠ ㄓㄨㄣˇ ㄨˇ
國際獅子會,1,ㄍㄨㄛˊ ㄐㄧˋ ㄕ ㄗ˙ ㄏㄨㄟˋ
國際經常帳,1,ㄍㄨㄛˊ ㄐㄧˋ ㄐㄧㄥ ㄔㄤˊ ㄓㄤˋ
國際貿易局,1,ㄍㄨㄛˊ ㄐㄧˋ ㄇㄠˋ ㄧˋ ㄐㄩˊ
國際電影節,1,ㄍㄨㄛˊ ㄐㄧˋ ㄉㄧㄢˋ ㄧㄥˇ ㄐㄧㄝˊ
國際電話卡,1,ㄍㄨㄛˊ ㄐㄧˋ ㄉㄧㄢˋ ㄏㄨㄚˋ ㄎㄚˇ
圖形加速卡,1,ㄊㄨˊ ㄒㄧㄥˊ ㄐㄧㄚ ㄙㄨˋ ㄎㄚˇ
圖書分類法,1,ㄊㄨˊ ㄕㄨ ㄈㄣ ㄌㄟˋ ㄈㄚˇ
圖書巡迴車,1,ㄊㄨˊ ㄕㄨ ㄒㄩㄣˊ ㄏㄨㄟˊ ㄔㄜ
圖書餐飲店,1,ㄊㄨˊ ㄕㄨ ㄘㄢ ㄧㄣˇ ㄉㄧㄢˋ
圖畫明信片,1,ㄊㄨˊ ㄏㄨㄚˋ ㄇㄧㄥˊ ㄒㄧㄣˋ ㄆㄧㄢˋ
圖窮匕首見,1,ㄊㄨˊ ㄑㄩㄥˊ ㄅㄧˇ ㄕㄡˇ ㄒㄧㄢˋ
土地增值稅,1,ㄊㄨˇ ㄉㄧˋ ㄗㄥ ㄓˊ ㄕㄨㄟˋ
土地所有權,1,ㄊㄨˇ ㄉㄧˋ ㄙㄨㄛˇ ㄧㄡˇ ㄑㄩㄢˊ
土耳其帝國,1,ㄊㄨˇ ㄦˇ ㄑㄧˊ ㄉㄧˋ ㄍㄨㄛˊ
在罈子胡同,1,ㄗㄞˋ ㄊㄢˊ ㄗ˙ ㄏㄨˊ ㄊㄨㄥˋ
地下修文郎,1,ㄉㄧˋ ㄒㄧㄚˋ ㄒㄧㄡ ㄨㄣˊ ㄌㄤˊ
地下停車場,1,ㄉㄧˋ ㄒㄧㄚˋ ㄊㄧㄥˊ ㄔㄜ ㄔㄤˇ
地區通行證,1,ㄉㄧˋ ㄑㄩ ㄊㄨㄥ ㄒㄧㄥˊ ㄓㄥˋ
地無三里平,1,ㄉㄧˋ ㄨˊ ㄙㄢ ㄌㄧˇ ㄆㄧㄥˊ
地球高峰會,1,ㄉㄧˋ ㄑㄧㄡˊ ㄍㄠ ㄈㄥ ㄏㄨㄟˋ
垃圾子母車,1,ㄌㄜˋ ㄙㄜˋ ㄗˇ ㄇㄨˇ ㄔㄜ
垃圾焚化爐,1,ㄌㄜˋ ㄙㄜˋ ㄈㄣˊ ㄏㄨㄚˋ ㄌㄨˊ
型錄式廣告,1,ㄒㄧㄥˊ ㄌㄨˋ ㄕˋ ㄍㄨㄤˇ ㄍㄠˋ
埃佛勒斯峰,1,ㄞ ㄈㄛˊ ㄌㄜˋ ㄙ ㄈㄥ
埃及博物館,1,ㄞ ㄐㄧˊ ㄅㄛˊ ㄨˋ ㄍㄨㄢˇ
埃特納火山,1,ㄞ ㄊㄜˋ ㄋㄚˋ ㄏㄨㄛˇ ㄕㄢ
埃理亞學派,1,ㄞ ㄌㄧˇ ㄧㄚˋ ㄒㄩㄝˊ ㄆㄞˋ
城子崖遺跡,1,ㄔㄥˊ ㄗˇ ㄧㄞˊ ㄧˊ ㄐㄧ
城市熱效應,1,ㄔㄥˊ ㄕˋ ㄖㄜˋ ㄒㄧㄠˋ ㄧㄥˋ
培里克里斯,1,ㄆㄟˊ ㄌㄧˇ ㄎㄜˋ ㄌㄧˇ ㄙ
基立爾字母,1,ㄐㄧ ㄌㄧˋ ㄦˇ ㄗˋ ㄇㄨˇ
基阿連山脈,1,ㄐㄧ ㄚˋ ㄌㄧㄢˊ ㄕㄢ ㄇㄞˋ
堪察加半島,1,ㄎㄢ ㄔㄚˊ ㄐㄧㄚ ㄅㄢˋ ㄉㄠˇ
報告傳染病,1,ㄅㄠˋ ㄍㄠˋ ㄔㄨㄢˊ ㄖㄢˇ ㄅㄧㄥˋ
報喜不報憂,1,ㄅㄠˋ ㄒㄧˇ ㄅㄨˋ ㄅㄠˋ ㄧㄡ
塊肉餘生錄,1,ㄎㄨㄞˋ ㄖㄡˋ ㄩˊ ㄕㄥ ㄌㄨˋ
塔尖上功德,1,ㄊㄚˇ ㄐㄧㄢ ㄕㄤ˙ ㄍㄨㄥ ㄉㄜˊ
塞車症候群,1,ㄙㄞ ㄔㄜ ㄓㄥˋ ㄏㄡˋ ㄑㄩㄣˊ
填海新生地,1,ㄊㄧㄢˊ ㄏㄞˇ ㄒㄧㄣ ㄕㄥ ㄉㄧˋ
墨子悲素絲,1,ㄇㄛˋ ㄗˇ ㄅㄟ ㄙㄨˋ ㄙ
壓迫性潰瘍,1,ㄧㄚ ㄆㄛˋ ㄒㄧㄥˋ ㄎㄨㄟˋ ㄧㄤˊ
壽星吃砒霜,1,ㄕㄡˋ ㄒㄧㄥ˙ ㄔ ㄆㄧ ㄕㄨㄤ
夏威夷襯衫,1,ㄒㄧㄚˋ ㄨㄟ ㄧˊ ㄔㄣˋ ㄕㄢ
夏威夷音樂,1,ㄒㄧㄚˋ ㄨㄟ ㄧˊ ㄧㄣ ㄩㄝˋ
外交豁免權,1,ㄨㄞˋ ㄐㄧㄠ ㄏㄨㄛˋ ㄇㄧㄢˇ ㄑㄩㄢˊ
外切多邊形,1,ㄨㄞˋ ㄑㄧㄝ ㄉㄨㄛ ㄅㄧㄢ ㄒㄧㄥˊ
外接多邊形,1,ㄨㄞˋ ㄐㄧㄝ ㄉㄨㄛ ㄅㄧㄢ ㄒㄧㄥˊ
外甥打燈籠,1,ㄨㄞˋ ㄕㄥ ㄉㄚˇ ㄉㄥ ㄌㄨㄥˊ
多原作藝術,1,ㄉㄨㄛ ㄩㄢˊ ㄗㄨㄛˋ ㄧˋ ㄕㄨˋ
多國籍企業,1,ㄉㄨㄛ ㄍㄨㄛˊ ㄐㄧˊ ㄑㄧˋ ㄧㄝˋ
多媒體資料,1,ㄉㄨㄛ ㄇㄟˊ ㄊㄧˇ ㄗ ㄌㄧㄠˋ
多媒體雜誌,1,ㄉㄨㄛ ㄇㄟˊ ㄊㄧˇ ㄗㄚˊ ㄓˋ
多媒體電腦,1,ㄉㄨㄛ ㄇㄟˊ ㄊㄧˇ ㄉㄧㄢˋ ㄋㄠˇ
多層次傳銷,1,ㄉㄨㄛ ㄘㄥˊ ㄘˋ ㄔㄨㄢˊ ㄒㄧㄠ
多平臺環境,1,ㄉㄨㄛ ㄆㄧㄥˊ ㄊㄞˊ ㄏㄨㄢˊ ㄐㄧㄥˋ
多年生作物,1,ㄉㄨㄛ ㄋㄧㄢˊ ㄕㄥ ㄗㄨㄛˋ ㄨˋ
多式綜合語,1,ㄉㄨㄛ ㄕˋ ㄗㄨㄥˋ ㄏㄜˊ ㄩˇ
多目標經營,1,ㄉㄨㄛ ㄇㄨˋ ㄅㄧㄠ ㄐㄧㄥ ㄧㄥˊ
夜雨秋燈錄,1,ㄧㄝˋ ㄩˇ ㄑㄧㄡ ㄉㄥ ㄌㄨˋ
大主考座師,1,ㄉㄚˋ ㄓㄨˇ ㄎㄠˇ ㄗㄨㄛˋ ㄕ
大乘起信論,1,ㄉㄚˋ ㄕㄥˋ ㄑㄧˇ ㄒㄧㄣˋ ㄌㄨㄣˋ
大分水山脈,1,ㄉㄚˋ ㄈㄣ ㄕㄨㄟˇ ㄕㄢ ㄇㄞˋ
大口徑武器,1,ㄉㄚˋ ㄎㄡˇ ㄐㄧㄥˋ ㄨˇ ㄑㄧˋ
大唐西域記,1,ㄉㄚˋ ㄊㄤˊ ㄒㄧ ㄩˋ ㄐㄧˋ
大喜的日子,1,ㄉㄚˋ ㄒㄧˇ ㄉㄜ˙ ㄖˋ ㄗ˙
大坌坑文化,1,ㄉㄚˋ ㄅㄣˋ ㄎㄥ ㄨㄣˊ ㄏㄨㄚˋ
大型工業區,1,ㄉㄚˋ ㄒㄧㄥˊ ㄍㄨㄥ ㄧㄝˋ ㄑㄩ
大型計算機,1,ㄉㄚˋ ㄒㄧㄥˊ ㄐㄧˋ ㄙㄨㄢˋ ㄐㄧ
大小李將軍,1,ㄉㄚˋ ㄒㄧㄠˇ ㄌㄧˇ ㄐㄧㄤ ㄐㄩㄣ
大小金瓦寺,1,ㄉㄚˋ ㄒㄧㄠˇ ㄐㄧㄣ ㄨㄚˇ ㄙˋ
大屏幕電視,1,ㄉㄚˋ ㄆㄧㄥˊ ㄇㄨˋ ㄉㄧㄢˋ ㄕˋ
大意失荊州,1,ㄉㄚˋ ㄧˋ ㄕ ㄐㄧㄥ ㄓㄡ
大捕頭專線,1,ㄉㄚˋ ㄅㄨˇ ㄊㄡˊ ㄓㄨㄢ ㄒㄧㄢˋ
大旱望雲霓,1,ㄉㄚˋ ㄏㄢˋ ㄨㄤˋ ㄩㄣˊ ㄋㄧˊ
大曆十才子,1,ㄉㄚˋ ㄌㄧˋ ㄕˊ ㄘㄞˊ ㄗˇ
大東亞主義,1,ㄉㄚˋ ㄉㄨㄥ ㄧㄚˋ ㄓㄨˇ ㄧˋ
大東亞戰爭,1,ㄉㄚˋ ㄉㄨㄥ ㄧㄚˋ ㄓㄢˋ ㄓㄥ
大桶子頭巾,1,ㄉㄚˋ ㄊㄨㄥˇ ㄗ˙ ㄊㄡˊ ㄐㄧㄣ
大樹大陰涼,1,ㄉㄚˋ ㄕㄨˋ ㄉㄚˋ ㄧㄣ ㄌㄧㄤˊ
大民族主義,1,ㄉㄚˋ ㄇㄧㄣˊ ㄗㄨˊ ㄓㄨˇ ㄧˋ
大汶口文化,1,ㄉㄚˋ ㄨㄣˋ ㄎㄡˇ ㄨㄣˊ ㄏㄨㄚˋ
大法官會議,1,ㄉㄚˋ ㄈㄚˇ ㄍㄨㄢ ㄏㄨㄟˋ ㄧˋ
大海裡撈針,1,ㄉㄚˋ ㄏㄞˇ ㄌㄧˇ ㄌㄠ ㄓㄣ
大清一統志,1,ㄉㄚˋ ㄑㄧㄥ ㄧ ㄊㄨㄥˇ ㄓˋ
大清天白日,1,ㄉㄚˋ ㄑㄧㄥ ㄊㄧㄢ ㄅㄞˊ ㄖˋ
大滑答子貨,1,ㄉㄚˋ ㄏㄨㄚˊ ㄉㄚˊ ㄗ˙ ㄏㄨㄛˋ
大甲鎮瀾宮,1,ㄉㄚˋ ㄐㄧㄚˇ ㄓㄣˋ ㄌㄢˊ ㄍㄨㄥ
大眼望小眼,1,ㄉㄚˋ ㄧㄢˇ ㄨㄤˋ ㄒㄧㄠˇ ㄧㄢˇ
大眼看小眼,1,ㄉㄚˋ ㄧㄢˇ ㄎㄢˋ ㄒㄧㄠˇ ㄧㄢˇ
大眾指導法,1,ㄉㄚˋ ㄓㄨㄥˋ ㄓˇ ㄉㄠˇ ㄈㄚˇ
大秦景教碑,1,ㄉㄚˋ ㄑㄧㄣˊ ㄐㄧㄥˇ ㄐㄧㄠˋ ㄅㄟ
大義覺迷錄,1,ㄉㄚˋ ㄧˋ ㄐㄩㄝˊ ㄇㄧˊ ㄌㄨˋ
大腸告小腸,1,ㄉㄚˋ ㄔㄤˊ ㄍㄠˋ ㄒㄧㄠˇ ㄔㄤˊ
大腸桿菌群,1,ㄉㄚˋ ㄔㄤˊ ㄍㄢˇ ㄐㄩㄣˋ ㄑㄩㄣˊ
大般涅槃經,1,ㄉㄚˋ ㄅㄛ ㄋㄧㄝˋ ㄆㄢˊ ㄐㄧㄥ
大英博物館,1,ㄉㄚˋ ㄧㄥ ㄅㄛˊ ㄨˋ ㄍㄨㄢˇ
大葉野百合,1,ㄉㄚˋ ㄧㄝˋ ㄧㄝˇ ㄅㄞˇ ㄏㄜˊ
大蟲吃小蟲,1,ㄉㄚˋ ㄔㄨㄥˊ ㄔ ㄒㄧㄠˇ ㄔㄨㄥˊ
大衛營協定,1,ㄉㄚˋ ㄨㄟˋ ㄧㄥˊ ㄒㄧㄝˊ ㄉㄧㄥˋ
大西洋憲章,1,ㄉㄚˋ ㄒㄧ ㄧㄤˊ ㄒㄧㄢˋ ㄓㄤ
大西洋時代,1,ㄉㄚˋ ㄒㄧ ㄧㄤˊ ㄕˊ ㄉㄞˋ
大話小結果,1,ㄉㄚˋ ㄏㄨㄚˋ ㄒㄧㄠˇ ㄐㄧㄝˊ ㄍㄨㄛˇ
大量消費期,1,ㄉㄚˋ ㄌㄧㄤˋ ㄒㄧㄠ ㄈㄟˋ ㄑㄧˊ
大陸冷氣團,1,ㄉㄚˋ ㄌㄨˋ ㄌㄥˇ ㄑㄧˋ ㄊㄨㄢˊ
大陸性氣候,1,ㄉㄚˋ ㄌㄨˋ ㄒㄧㄥˋ ㄑㄧˋ ㄏㄡˋ
大陸性氣團,1,ㄉㄚˋ ㄌㄨˋ ㄒㄧㄥˋ ㄑㄧˋ ㄊㄨㄢˊ
大陸漂移說,1,ㄉㄚˋ ㄌㄨˋ ㄆㄧㄠ ㄧˊ ㄕㄨㄛ
大鹽湖沙漠,1,ㄉㄚˋ ㄧㄢˊ ㄏㄨˊ ㄕㄚ ㄇㄛˋ
天下父母心,1,ㄊㄧㄢ ㄒㄧㄚˋ ㄈㄨˋ ㄇㄨˇ ㄒㄧㄣ
天公不作美,1,ㄊㄧㄢ ㄍㄨㄥ ㄅㄨˋ ㄗㄨㄛˋ ㄇㄟˇ
天公無皁白,1,ㄊㄧㄢ ㄍㄨㄥ ㄨˊ ㄗㄠˋ ㄅㄞˊ
天公疼憨人,1,ㄊㄧㄢ ㄍㄨㄥ ㄊㄥˊ ㄏㄢ ㄖㄣˊ
天地一沙鷗,1,ㄊㄧㄢ ㄉㄧˋ ㄧ ㄕㄚ ㄡ
天地君親師,1,ㄊㄧㄢ ㄉㄧˋ ㄐㄩㄣ ㄑㄧㄣ ㄕ
天子無戲言,1,ㄊㄧㄢ ㄗˇ ㄨˊ ㄒㄧˋ ㄧㄢˊ
天文物理學,1,ㄊㄧㄢ ㄨㄣˊ ㄨˋ ㄌㄧˇ ㄒㄩㄝˊ
天牌壓地牌,1,ㄊㄧㄢ ㄆㄞˊ ㄧㄚ ㄉㄧˋ ㄆㄞˊ
天發神讖碑,1,ㄊㄧㄢ ㄈㄚ ㄕㄣˊ ㄔㄣˋ ㄅㄟ
天體望遠鏡,1,ㄊㄧㄢ ㄊㄧˇ ㄨㄤˋ ㄩㄢˇ ㄐㄧㄥˋ
天體物理學,1,ㄊㄧㄢ ㄊㄧˇ ㄨˋ ㄌㄧˇ ㄒㄩㄝˊ
天鳳元年牘,1,ㄊㄧㄢ ㄈㄥˋ ㄩㄢˊ ㄋㄧㄢˊ ㄉㄨˊ
天龍山石窟,1,ㄊㄧㄢ ㄌㄨㄥˊ ㄕㄢ ㄕˊ ㄎㄨ
太上感應篇,1,ㄊㄞˋ ㄕㄤˋ ㄍㄢˇ ㄧㄥˋ ㄆㄧㄢ
太和正音譜,1,ㄊㄞˋ ㄏㄜˊ ㄓㄥˋ ㄧㄣ ㄆㄨˇ
太平洋盆地,1,ㄊㄞˋ ㄆㄧㄥˊ ㄧㄤˊ ㄆㄣˊ ㄉㄧˋ
太歲紀年法,1,ㄊㄞˋ ㄙㄨㄟˋ ㄐㄧˋ ㄋㄧㄢˊ ㄈㄚˇ
太空天文臺,1,ㄊㄞˋ ㄎㄨㄥ ㄊㄧㄢ ㄨㄣˊ ㄊㄞˊ
太空實驗室,1,ㄊㄞˋ ㄎㄨㄥ ㄕˊ ㄧㄢˋ ㄕˋ
太空探測船,1,ㄊㄞˋ ㄎㄨㄥ ㄊㄢˋ ㄘㄜˋ ㄔㄨㄢˊ
太空生態學,1,ㄊㄞˋ ㄎㄨㄥ ㄕㄥ ㄊㄞˋ ㄒㄩㄝˊ
太空飛行員,1,ㄊㄞˋ ㄎㄨㄥ ㄈㄟ ㄒㄧㄥˊ ㄩㄢˊ
太陽神計畫,1,ㄊㄞˋ ㄧㄤˊ ㄕㄣˊ ㄐㄧˋ ㄏㄨㄚˋ
太陽能電池,1,ㄊㄞˋ ㄧㄤˊ ㄋㄥˊ ㄉㄧㄢˋ ㄔˊ
夫妻財產制,1,ㄈㄨ ㄑㄧ ㄘㄞˊ ㄔㄢˇ ㄓˋ
失落的一代,1,ㄕ ㄌㄨㄛˋ ㄉㄜ˙ ㄧ ㄉㄞˋ
夾袋中人物,1,ㄐㄧㄚˊ ㄉㄞˋ ㄓㄨㄥ ㄖㄣˊ ㄨˋ
奧杜伐峽谷,1,ㄠˋ ㄉㄨˋ ㄈㄚ ㄒㄧㄚˊ ㄍㄨˇ
女大不中留,1,ㄋㄩˇ ㄉㄚˋ ㄅㄨˋ ㄓㄨㄥˋ ㄌㄧㄡˊ
女性本位說,1,ㄋㄩˇ ㄒㄧㄥˋ ㄅㄣˇ ㄨㄟˋ ㄕㄨㄛ
女性荷爾蒙,1,ㄋㄩˇ ㄒㄧㄥˋ ㄏㄜˊ ㄦˇ ㄇㄥˊ
女性藝術史,1,ㄋㄩˇ ㄒㄧㄥˋ ㄧˋ ㄕㄨˋ ㄕˇ
女為悅己容,1,ㄋㄩˇ ㄨㄟˋ ㄩㄝˋ ㄐㄧˇ ㄖㄨㄥˊ
好大的架子,1,ㄏㄠˇ ㄉㄚˋ ㄉㄜ˙ ㄐㄧㄚˋ ㄗ˙
好客主人多,1,ㄏㄠˇ ㄎㄜˋ ㄓㄨˇ ㄖㄣˊ ㄉㄨㄛ
好心沒好意,1,ㄏㄠˇ ㄒㄧㄣ ㄇㄟˊ ㄏㄠˇ ㄧˋ
好氣又好笑,1,ㄏㄠˇ ㄑㄧˋ ㄧㄡˋ ㄏㄠˇ ㄒㄧㄠˋ
好漢惜好漢,1,ㄏㄠˇ ㄏㄢˋ ㄒㄧˊ ㄏㄠˇ ㄏㄢˋ
好物不在多,1,ㄏㄠˇ ㄨˋ ㄅㄨˋ ㄗㄞˋ ㄉㄨㄛ
好酒沉甕底,1,ㄏㄠˇ ㄐㄧㄡˇ ㄔㄣˊ ㄨㄥˋ ㄉㄧˇ
妊娠毒血症,1,ㄖㄣˋ ㄕㄣ ㄉㄨˊ ㄒㄧㄝˇ ㄓㄥˋ
妨害公務罪,1,ㄈㄤˊ ㄏㄞˋ ㄍㄨㄥ ㄨˋ ㄗㄨㄟˋ
妨害自由罪,1,ㄈㄤˊ ㄏㄞˋ ㄗˋ ㄧㄡˊ ㄗㄨㄟˋ
妨害風化罪,1,ㄈㄤˊ ㄏㄞˋ ㄈㄥ ㄏㄨㄚˋ ㄗㄨㄟˋ
妻賢夫禍少,1,ㄑㄧ ㄒㄧㄢˊ ㄈㄨ ㄏㄨㄛˋ ㄕㄠˇ
姑子死和尚,1,ㄍㄨ ㄗ˙ ㄙˇ ㄏㄜˊ ㄕㄤˋ
威尼斯影展,1,ㄨㄟ ㄋㄧˊ ㄙ ㄧㄥˇ ㄓㄢˇ
威尼斯畫派,1,ㄨㄟ ㄋㄧˊ ㄙ ㄏㄨㄚˋ ㄆㄞˋ
威爾森氏症,1,ㄨㄟ ㄦˇ ㄙㄣ ㄕˋ ㄓㄥˋ
媒體狂併潮,1,ㄇㄟˊ ㄊㄧˇ ㄎㄨㄤˊ ㄅㄧㄥˋ ㄔㄠˊ
媳婦熬成婆,1,ㄒㄧˊ ㄈㄨˋ ㄠˊ ㄔㄥˊ ㄆㄛˊ
媽媽頭主子,1,ㄇㄚ ㄇㄚ˙ ㄊㄡˊ ㄓㄨˇ ㄗ˙
嬌子如殺子,1,ㄐㄧㄠ ㄗˇ ㄖㄨˊ ㄕㄚ ㄗˇ
嬰兒死亡率,1,ㄧㄥ ㄦˊ ㄙˇ ㄨㄤˊ ㄌㄩˋ
子宮內膜癌,1,ㄗˇ ㄍㄨㄥ ㄋㄟˋ ㄇㄛˋ ㄧㄢˊ
子網路罩幕,1,ㄗˇ ㄨㄤˇ ㄌㄨˋ ㄓㄠˋ ㄇㄨˋ
字型產生器,1,ㄗˋ ㄒㄧㄥˊ ㄔㄢˇ ㄕㄥ ㄑㄧˋ
存款準備率,1,ㄘㄨㄣˊ ㄎㄨㄢˇ ㄓㄨㄣˇ ㄅㄟˋ ㄌㄩˋ
孟德爾定律,1,ㄇㄥˋ ㄉㄜˊ ㄦˇ ㄉㄧㄥˋ ㄌㄩˋ
學了個不留,1,ㄒㄩㄝˊ ㄌㄜ˙ ㄍㄜ ㄅㄨˋ ㄌㄧㄡˊ
學了個不留,1,ㄒㄩㄝˊ ㄌㄜ˙ ㄍㄜ˙ ㄅㄨˋ ㄌㄧㄡˊ
學生事務處,1,ㄒㄩㄝˊ ㄕㄥ ㄕˋ ㄨˋ ㄔㄨˋ
安全庫存量,1,ㄢ ㄑㄩㄢˊ ㄎㄨˋ ㄘㄨㄣˊ ㄌㄧㄤˋ
安哥拉羊毛,1,ㄢ ㄍㄜ ㄌㄚ ㄧㄤˊ ㄇㄠˊ
安地斯山脈,1,ㄢ ㄉㄧˋ ㄙ ㄕㄢ ㄇㄞˋ
安妮的日記,1,ㄢ ㄋㄧˊ ㄉㄜ˙ ㄖˋ ㄐㄧˋ
安道爾侯國,1,ㄢ ㄉㄠˋ ㄦˇ ㄏㄡˊ ㄍㄨㄛˊ
安達曼群島,1,ㄢ ㄉㄚˊ ㄇㄢˋ ㄑㄩㄣˊ ㄉㄠˇ
安那其主義,1,ㄢ ㄋㄚˋ ㄑㄧˊ ㄓㄨˇ ㄧˋ
安陽小屯村,1,ㄢ ㄧㄤˊ ㄒㄧㄠˇ ㄊㄨㄣˊ ㄘㄨㄣ
完全蛋白質,1,ㄨㄢˊ ㄑㄩㄢˊ ㄉㄢˋ ㄅㄞˊ ㄓˊ
完顏阿骨打,1,ㄨㄢˊ ㄧㄢˊ ㄚ ㄍㄨˇ ㄉㄚˇ
官斷十條路,1,ㄍㄨㄢ ㄉㄨㄢˋ ㄕˊ ㄊㄧㄠˊ ㄌㄨˋ
官清吏不清,1,ㄍㄨㄢ ㄑㄧㄥ ㄌㄧˋ ㄅㄨˋ ㄑㄧㄥ
定型化契約,1,ㄉㄧㄥˋ ㄒㄧㄥˊ ㄏㄨㄚˋ ㄑㄧˋ ㄩㄝ
客家山歌戲,1,ㄎㄜˋ ㄐㄧㄚ ㄕㄢ ㄍㄜ ㄒㄧˋ
客星犯帝座,1,ㄎㄜˋ ㄒㄧㄥ ㄈㄢˋ ㄉㄧˋ ㄗㄨㄛˋ
客貨兩用車,1,ㄎㄜˋ ㄏㄨㄛˋ ㄌㄧㄤˇ ㄩㄥˋ ㄔㄜ
家庭汙水管,1,ㄐㄧㄚ ㄊㄧㄥˊ ㄨ ㄕㄨㄟˇ ㄍㄨㄢˇ
家庭電影院,1,ㄐㄧㄚ ㄊㄧㄥˊ ㄉㄧㄢˋ ㄧㄥˇ ㄩㄢˋ
容容多後福,1,ㄖㄨㄥˊ ㄖㄨㄥˊ ㄉㄨㄛ ㄏㄡˋ ㄈㄨˊ
富無三代享,1,ㄈㄨˋ ㄨˊ ㄙㄢ ㄉㄞˋ ㄒㄧㄤˇ
富貴如浮雲,1,ㄈㄨˋ ㄍㄨㄟˋ ㄖㄨˊ ㄈㄨˊ ㄩㄣˊ
富貴草頭露,1,ㄈㄨˋ ㄍㄨㄟˋ ㄘㄠˇ ㄊㄡˊ ㄌㄨˋ
寒天飲冷水,1,ㄏㄢˊ ㄊㄧㄢ ㄧㄣˇ ㄌㄥˇ ㄕㄨㄟˇ
察合臺汗國,1,ㄔㄚˊ ㄏㄜˊ ㄊㄞˊ ㄏㄢˊ ㄍㄨㄛˊ
察罕帖木兒,1,ㄔㄚˊ ㄏㄢˇ ㄊㄧㄝˋ ㄇㄨˋ ㄦˊ
寡婦死兒子,1,ㄍㄨㄚˇ ㄈㄨˋ ㄙˇ ㄦˊ ㄗ˙
審核紅皮書,1,ㄕㄣˇ ㄏㄜˊ ㄏㄨㄥˊ ㄆㄧˊ ㄕㄨ
寬螢幕電視,1,ㄎㄨㄢ ㄧㄥˊ ㄇㄨˋ ㄉㄧㄢˋ ㄕˋ
寶光嘉禾章,1,ㄅㄠˇ ㄍㄨㄤ ㄐㄧㄚ ㄏㄜˊ ㄓㄤ
寶塔式寫作,1,ㄅㄠˇ ㄊㄚˇ ㄕˋ ㄒㄧㄝˇ ㄗㄨㄛˋ
寶晉齋法帖,1,ㄅㄠˇ ㄐㄧㄣˋ ㄓㄞ ㄈㄚˇ ㄊㄧㄝˋ
寶泉提舉司,1,ㄅㄠˇ ㄑㄩㄢˊ ㄊㄧˊ ㄐㄩˇ ㄙ
封包驅動器,1,ㄈㄥ ㄅㄠ ㄑㄩ ㄉㄨㄥˋ ㄑㄧˋ
封家十八姨,1,ㄈㄥ ㄐㄧㄚ ㄕˊ ㄅㄚ ㄧˊ
射電天文學,1,ㄕㄜˋ ㄉㄧㄢˋ ㄊㄧㄢ ㄨㄣˊ ㄒㄩㄝˊ
將相本無種,1,ㄐㄧㄤˋ ㄒㄧㄤˋ ㄅㄣˇ ㄨˊ ㄓㄨㄥˇ
專業化經營,1,ㄓㄨㄢ ㄧㄝˋ ㄏㄨㄚˋ ㄐㄧㄥ ㄧㄥˊ
專業網路站,1,ㄓㄨㄢ ㄧㄝˋ ㄨㄤˇ ㄌㄨˋ ㄓㄢˋ
對半攔腰截,1,ㄉㄨㄟˋ ㄅㄢˋ ㄌㄢˊ ㄧㄠ ㄐㄧㄝˊ
對妻失語症,1,ㄉㄨㄟˋ ㄑㄧ ㄕ ㄩˇ ㄓㄥˋ
對面不見人,1,ㄉㄨㄟˋ ㄇㄧㄢˋ ㄅㄨˋ ㄐㄧㄢˋ ㄖㄣˊ
小兒放紙炮,1,ㄒㄧㄠˇ ㄦˊ ㄈㄤˋ ㄓˇ ㄆㄠˋ
小兒麻痺症,1,ㄒㄧㄠˇ ㄦˊ ㄇㄚˊ ㄅㄧˋ ㄓㄥˋ
小和尚念經,1,ㄒㄧㄠˇ ㄏㄜˊ ㄕㄤˋ ㄋㄧㄢˋ ㄐㄧㄥ
小孩子心性,1,ㄒㄧㄠˇ ㄏㄞˊ ㄗ˙ ㄒㄧㄣ ㄒㄧㄥˋ
小孩子脾氣,1,ㄒㄧㄠˇ ㄏㄞˊ ㄗ˙ ㄆㄧˊ ㄑㄧ˙
小實孔雀豆,1,ㄒㄧㄠˇ ㄕˊ ㄎㄨㄥˇ ㄑㄩㄝˋ ㄉㄡˋ
小心就是本,1,ㄒㄧㄠˇ ㄒㄧㄣ ㄐㄧㄡˋ ㄕˋ ㄅㄣˇ
小心沒過逾,1,ㄒㄧㄠˇ ㄒㄧㄣ ㄇㄟˊ ㄍㄨㄛˋ ㄩˊ
小笠原群島,1,ㄒㄧㄠˇ ㄌㄧˋ ㄩㄢˊ ㄑㄩㄣˊ ㄉㄠˇ
少年福利法,1,ㄕㄠˋ ㄋㄧㄢˊ ㄈㄨˊ ㄌㄧˋ ㄈㄚˇ
少年觀護所,1,ㄕㄠˋ ㄋㄧㄢˊ ㄍㄨㄢ ㄏㄨˋ ㄙㄨㄛˇ
少年輔育院,1,ㄕㄠˋ ㄋㄧㄢˊ ㄈㄨˇ ㄩˋ ㄩㄢˋ
尖擔兩頭脫,1,ㄐㄧㄢ ㄉㄢˋ ㄌㄧㄤˇ ㄊㄡˊ ㄊㄨㄛ
尤里比底斯,1,ㄧㄡˊ ㄌㄧˇ ㄅㄧˇ ㄉㄧˇ ㄙ
尼安德塔人,1,ㄋㄧˊ ㄢ ㄉㄜˊ ㄊㄚˇ ㄖㄣˊ
尼布楚條約,1,ㄋㄧˊ ㄅㄨˋ ㄔㄨˇ ㄊㄧㄠˊ ㄩㄝ
尼日共和國,1,ㄋㄧˊ ㄖˋ ㄍㄨㄥˋ ㄏㄜˊ ㄍㄨㄛˊ
尼泊爾王國,1,ㄋㄧˊ ㄅㄛˊ ㄦˇ ㄨㄤˊ ㄍㄨㄛˊ
尼羅河文化,1,ㄋㄧˊ ㄌㄨㄛˊ ㄏㄜˊ ㄨㄣˊ ㄏㄨㄚˋ
屁出了掩臀,1,ㄆㄧˋ ㄔㄨ ㄌㄜ˙ ㄧㄢˇ ㄊㄨㄣˊ
屁股震葫蘆,1,ㄆㄧˋ ㄍㄨ˙ ㄓㄣˋ ㄏㄨˊ ㄌㄨˊ
屏開金孔雀,1,ㄆㄧㄥˊ ㄎㄞ ㄐㄧㄣ ㄎㄨㄥˇ ㄑㄩㄝˋ
山中無曆日,1,ㄕㄢ ㄓㄨㄥ ㄨˊ ㄌㄧˋ ㄖˋ
山地保留地,1,ㄕㄢ ㄉㄧˋ ㄅㄠˇ ㄌㄧㄡˊ ㄉㄧˋ
山地管制區,1,ㄕㄢ ㄉㄧˋ ㄍㄨㄢˇ ㄓˋ ㄑㄩ
山坡地保育,1,ㄕㄢ ㄆㄛ ㄉㄧˋ ㄅㄠˇ ㄩˋ
岳陽風土記,1,ㄩㄝˋ ㄧㄤˊ ㄈㄥ ㄊㄨˇ ㄐㄧˋ
峻坂困鹽駒,1,ㄐㄩㄣˋ ㄅㄢˇ ㄎㄨㄣˋ ㄧㄢˊ ㄐㄩ
巡迴圖書館,1,ㄒㄩㄣˊ ㄏㄨㄟˊ ㄊㄨˊ ㄕㄨ ㄍㄨㄢˇ
工商綜合區,1,ㄍㄨㄥ ㄕㄤ ㄗㄨㄥˋ ㄏㄜˊ ㄑㄩ
工廠自動化,1,ㄍㄨㄥ ㄔㄤˇ ㄗˋ ㄉㄨㄥˋ ㄏㄨㄚˋ
工業化七國,1,ㄍㄨㄥ ㄧㄝˋ ㄏㄨㄚˋ ㄑㄧ ㄍㄨㄛˊ
工業心理學,1,ㄍㄨㄥ ㄧㄝˋ ㄒㄧㄣ ㄌㄧˇ ㄒㄩㄝˊ
工業所有權,1,ㄍㄨㄥ ㄧㄝˋ ㄙㄨㄛˇ ㄧㄡˇ ㄑㄩㄢˊ
工業機器人,1,ㄍㄨㄥ ㄧㄝˋ ㄐㄧ ㄑㄧˋ ㄖㄣˊ
工業殖民地,1,ㄍㄨㄥ ㄧㄝˋ ㄓˊ ㄇㄧㄣˊ ㄉㄧˋ
工業民主制,1,ㄍㄨㄥ ㄧㄝˋ ㄇㄧㄣˊ ㄓㄨˇ ㄓˋ
工業衛生學,1,ㄍㄨㄥ ㄧㄝˋ ㄨㄟˋ ㄕㄥ ㄒㄩㄝˊ
工程師學會,1,ㄍㄨㄥ ㄔㄥˊ ㄕ ㄒㄩㄝˊ ㄏㄨㄟˋ
左右是左右,1,ㄗㄨㄛˇ ㄧㄡˋ ㄕˋ ㄗㄨㄛˇ ㄧㄡˋ
巨細胞病毒,1,ㄐㄩˋ ㄒㄧˋ ㄅㄠ ㄅㄧㄥˋ ㄉㄨˊ
差半車麥秸,1,ㄔㄚ ㄅㄢˋ ㄔㄜ ㄇㄞˋ ㄐㄧㄝ
巴圖魯坎肩,1,ㄅㄚ ㄊㄨˊ ㄌㄨˇ ㄎㄢˇ ㄐㄧㄢ
巴士噶語言,1,ㄅㄚ ㄕˋ ㄍㄜˊ ㄩˇ ㄧㄢˊ
巴士底監獄,1,ㄅㄚ ㄕˋ ㄉㄧˇ ㄐㄧㄢ ㄩˋ
巴拉拉卡琴,1,ㄅㄚ ㄌㄚ ㄌㄚ ㄎㄚˇ ㄑㄧㄣˊ
巴斯德菌症,1,ㄅㄚ ㄙ ㄉㄜˊ ㄐㄩㄣˋ ㄓㄥˋ
巴斯特納克,1,ㄅㄚ ㄙ ㄊㄜˋ ㄋㄚˋ ㄎㄜˋ
巴曼得海峽,1,ㄅㄚ ㄇㄢˋ ㄉㄜˊ ㄏㄞˇ ㄒㄧㄚˊ
巴朗孜闊木,1,ㄅㄚ ㄌㄤˇ ㄗ ㄎㄨㄛˋ ㄇㄨˋ
巴枯寧主義,1,ㄅㄚ ㄎㄨ ㄋㄧㄥˊ ㄓㄨˇ ㄧˋ
巴比特合金,1,ㄅㄚ ㄅㄧˇ ㄊㄜˋ ㄏㄜˊ ㄐㄧㄣ
巴洛克藝術,1,ㄅㄚ ㄌㄨㄛˋ ㄎㄜˋ ㄧˋ ㄕㄨˋ
巴洛克風格,1,ㄅㄚ ㄌㄨㄛˋ ㄎㄜˋ ㄈㄥ ㄍㄜˊ
巴特農神殿,1,ㄅㄚ ㄊㄜˋ ㄋㄨㄥˊ ㄕㄣˊ ㄉㄧㄢˋ
巴米加尼諾,1,ㄅㄚ ㄇㄧˇ ㄐㄧㄚ ㄋㄧˊ ㄋㄨㄛˋ
巴顏喀喇山,1,ㄅㄚ ㄧㄢˊ ㄎㄚˋ ㄌㄚˇ ㄕㄢ
巴黎歌劇院,1,ㄅㄚ ㄌㄧˊ ㄍㄜ ㄐㄩˋ ㄩㄢˋ
巴黎聖母院,1,ㄅㄚ ㄌㄧˊ ㄕㄥˋ ㄇㄨˇ ㄩㄢˋ
市場占有率,1,ㄕˋ ㄔㄤˇ ㄓㄢˋ ㄧㄡˇ ㄌㄩˋ
布來德史崔,1,ㄅㄨˋ ㄌㄞˊ ㄉㄜˊ ㄕˇ ㄘㄨㄟ
布列茲涅夫,1,ㄅㄨˋ ㄌㄧㄝˋ ㄗ ㄋㄧㄝˋ ㄈㄨ
布哈林模式,1,ㄅㄨˋ ㄏㄚ ㄌㄧㄣˊ ㄇㄛˊ ㄕˋ
布拉格定律,1,ㄅㄨˋ ㄌㄚ ㄍㄜˊ ㄉㄧㄥˋ ㄌㄩˋ
布氏桿菌病,1,ㄅㄨˋ ㄕˋ ㄍㄢˇ ㄐㄩㄣˋ ㄅㄧㄥˋ
布隆吉爾河,1,ㄅㄨˋ ㄌㄨㄥˊ ㄐㄧˊ ㄦˇ ㄏㄜˊ
希臘共和國,1,ㄒㄧ ㄌㄚˋ ㄍㄨㄥˋ ㄏㄜˊ ㄍㄨㄛˊ
帕德嫩神廟,1,ㄆㄚˋ ㄉㄜˊ ㄋㄣˋ ㄕㄣˊ ㄇㄧㄠˋ
帛琉共和國,1,ㄅㄛˊ ㄌㄧㄡˊ ㄍㄨㄥˋ ㄏㄜˊ ㄍㄨㄛˊ
帶式運送機,1,ㄉㄞˋ ㄕˋ ㄩㄣˋ ㄙㄨㄥˋ ㄐㄧ
常設委員會,1,ㄔㄤˊ ㄕㄜˋ ㄨㄟˇ ㄩㄢˊ ㄏㄨㄟˋ
干支紀年法,1,ㄍㄢ ㄓ ㄐㄧˋ ㄋㄧㄢˊ ㄈㄚˇ
干隔澇漢子,1,ㄍㄢ ㄍㄜˊ ㄌㄠˋ ㄏㄢˋ ㄗ˙
平原十日飲,1,ㄆㄧㄥˊ ㄩㄢˊ ㄕˊ ㄖˋ ㄧㄣˇ
平地下鍬撅,1,ㄆㄧㄥˊ ㄉㄧˋ ㄒㄧㄚˋ ㄑㄧㄠ ㄐㄩㄝ
平地起孤丁,1,ㄆㄧㄥˊ ㄉㄧˋ ㄑㄧˇ ㄍㄨ ㄉㄧㄥ
平地起孤堆,1,ㄆㄧㄥˊ ㄉㄧˋ ㄑㄧˇ ㄍㄨ ㄉㄨㄟ
平均太陽日,1,ㄆㄧㄥˊ ㄐㄩㄣ ㄊㄞˋ ㄧㄤˊ ㄖˋ
平均太陽時,1,ㄆㄧㄥˊ ㄐㄩㄣ ㄊㄞˋ ㄧㄤˊ ㄕˊ
平安就是福,1,ㄆㄧㄥˊ ㄢ ㄐㄧㄡˋ ㄕˋ ㄈㄨˊ
平等的精義,1,ㄆㄧㄥˊ ㄉㄥˇ ㄉㄜ˙ ㄐㄧㄥ ㄧˋ
平行線支票,1,ㄆㄧㄥˊ ㄒㄧㄥˊ ㄒㄧㄢˋ ㄓ ㄆㄧㄠˋ
平衡木運動,1,ㄆㄧㄥˊ ㄏㄥˊ ㄇㄨˋ ㄩㄣˋ ㄉㄨㄥˋ
平面幾何學,1,ㄆㄧㄥˊ ㄇㄧㄢˋ ㄐㄧˇ ㄏㄜˊ ㄒㄩㄝˊ
幽門狹窄症,1,ㄧㄡ ㄇㄣˊ ㄒㄧㄚˊ ㄓㄞˇ ㄓㄥˋ
庇里牛斯山,1,ㄅㄧˋ ㄌㄧˇ ㄋㄧㄡˊ ㄙ ㄕㄢ
底格里斯河,1,ㄉㄧˇ ㄍㄜˊ ㄌㄧˇ ㄙ ㄏㄜˊ
庫蘇古爾湖,1,ㄎㄨˋ ㄙㄨ ㄍㄨˇ ㄦˇ ㄏㄨˊ
廟裡的豬頭,1,ㄇㄧㄠˋ ㄌㄧˇ ㄉㄜ˙ ㄓㄨ ㄊㄡˊ
廢學如斷織,1,ㄈㄟˋ ㄒㄩㄝˊ ㄖㄨˊ ㄉㄨㄢˋ ㄓ
廣告代理商,1,ㄍㄨㄤˇ ㄍㄠˋ ㄉㄞˋ ㄌㄧˇ ㄕㄤ
廣告心理學,1,ㄍㄨㄤˇ ㄍㄠˋ ㄒㄧㄣ ㄌㄧˇ ㄒㄩㄝˊ
廣播歌仔戲,1,ㄍㄨㄤˇ ㄅㄛˋ ㄍㄜ ㄗˇ ㄒㄧˋ
廣東石灣窯,1,ㄍㄨㄤˇ ㄉㄨㄥ ㄕˊ ㄨㄢ ㄧㄠˊ
廣藝舟雙楫,1,ㄍㄨㄤˇ ㄧˋ ㄓㄡ ㄕㄨㄤ ㄐㄧˊ
廣食性生物,1,ㄍㄨㄤˇ ㄕˊ ㄒㄧㄥˋ ㄕㄥ ㄨˋ
建中告身帖,1,ㄐㄧㄢˋ ㄓㄨㄥ ㄍㄠˋ ㄕㄣ ㄊㄧㄝˋ
引虎入羊群,1,ㄧㄣˇ ㄏㄨˇ ㄖㄨˋ ㄧㄤˊ ㄑㄩㄣˊ
張玄墓誌銘,1,ㄓㄤ ㄒㄩㄢˊ ㄇㄨˋ ㄓˋ ㄇㄧㄥˊ
張良慕赤松,1,ㄓㄤ ㄌㄧㄤˊ ㄇㄨˋ ㄔˋ ㄙㄨㄥ
張飛殺岳飛,1,ㄓㄤ ㄈㄟ ㄕㄚ ㄩㄝˋ ㄈㄟ
強制猥褻罪,1,ㄑㄧㄤˇ ㄓˋ ㄨㄟˇ ㄒㄧㄝˋ ㄗㄨㄟˋ
強賓不壓主,1,ㄑㄧㄤˊ ㄅㄧㄣ ㄅㄨˋ ㄧㄚ ㄓㄨˇ
彩妝保養化,1,ㄘㄞˇ ㄓㄨㄤ ㄅㄠˇ ㄧㄤˇ ㄏㄨㄚˋ
影像圖書館,1,ㄧㄥˇ ㄒㄧㄤˋ ㄊㄨˊ ㄕㄨ ㄍㄨㄢˇ
影像對講機,1,ㄧㄥˇ ㄒㄧㄤˋ ㄉㄨㄟˋ ㄐㄧㄤˇ ㄐㄧ
影像捕捉卡,1,ㄧㄥˇ ㄒㄧㄤˋ ㄅㄨˇ ㄓㄨㄛ ㄎㄚˇ
影像捕捉器,1,ㄧㄥˇ ㄒㄧㄤˋ ㄅㄨˇ ㄓㄨㄛ ㄑㄧˋ
影像資料庫,1,ㄧㄥˇ ㄒㄧㄤˋ ㄗ ㄌㄧㄠˋ ㄎㄨˋ
後冷戰時代,1,ㄏㄡˋ ㄌㄥˇ ㄓㄢˋ ㄕˊ ㄉㄞˋ
後印象主義,1,ㄏㄡˋ ㄧㄣˋ ㄒㄧㄤˋ ㄓㄨˇ ㄧˋ
後廣告紀元,1,ㄏㄡˋ ㄍㄨㄤˇ ㄍㄠˋ ㄐㄧˋ ㄩㄢˊ
後期印象派,1,ㄏㄡˋ ㄑㄧˊ ㄧㄣˋ ㄒㄧㄤˋ ㄆㄞˋ
後浪催前浪,1,ㄏㄡˋ ㄌㄤˋ ㄘㄨㄟ ㄑㄧㄢˊ ㄌㄤˋ
後現代劇場,1,ㄏㄡˋ ㄒㄧㄢˋ ㄉㄞˋ ㄐㄩˋ ㄔㄤˊ
後級擴大機,1,ㄏㄡˋ ㄐㄧˊ ㄎㄨㄛˋ ㄉㄚˋ ㄐㄧ
徐妃半面妝,1,ㄒㄩˊ ㄈㄟ ㄅㄢˋ ㄇㄧㄢˋ ㄓㄨㄤ
徐霞客遊記,1,ㄒㄩˊ ㄒㄧㄚˊ ㄎㄜˋ ㄧㄡˊ ㄐㄧˋ
得不的一聲,1,ㄉㄜˊ ㄅㄨˋ ㄉㄜ˙ ㄧ ㄕㄥ
得兔而忘蹄,1,ㄉㄜˊ ㄊㄨˋ ㄦˊ ㄨㄤˋ ㄊㄧˊ
德意志革命,1,ㄉㄜˊ ㄧˋ ㄓˋ ㄍㄜˊ ㄇㄧㄥˋ
德拉克洛瓦,1,ㄉㄜˊ ㄌㄚ ㄎㄜˋ ㄌㄨㄛˋ ㄨㄚˇ
德謨克拉西,1,ㄉㄜˊ ㄇㄛˊ ㄎㄜˋ ㄌㄚ ㄒㄧ
德黑蘭會議,1,ㄉㄜˊ ㄏㄜˋ ㄌㄢˊ ㄏㄨㄟˋ ㄧˋ
心去意難留,1,ㄒㄧㄣ ㄑㄩˋ ㄧˋ ㄋㄢˊ ㄌㄧㄡˊ
心寬出少年,1,ㄒㄧㄣ ㄎㄨㄢ ㄔㄨ ㄕㄠˋ ㄋㄧㄢˊ
心導管檢查,1,ㄒㄧㄣ ㄉㄠˇ ㄍㄨㄢˇ ㄐㄧㄢˇ ㄔㄚˊ
心律調節器,1,ㄒㄧㄣ ㄌㄩˋ ㄊㄧㄠˊ ㄐㄧㄝˊ ㄑㄧˋ
心涼了半截,1,ㄒㄧㄣ ㄌㄧㄤˊ ㄌㄜ˙ ㄅㄢˋ ㄐㄧㄝˊ
心臟復甦術,1,ㄒㄧㄣ ㄗㄤˋ ㄈㄨˋ ㄙㄨ ㄕㄨˋ
心臟節律器,1,ㄒㄧㄣ ㄗㄤˋ ㄐㄧㄝˊ ㄌㄩˋ ㄑㄧˋ
心裡有個譜,1,ㄒㄧㄣ ㄌㄧ˙ ㄧㄡˇ ㄍㄜ˙ ㄆㄨˇ
心靜自然涼,1,ㄒㄧㄣ ㄐㄧㄥˋ ㄗˋ ㄖㄢˊ ㄌㄧㄤˊ
心頭撞小鹿,1,ㄒㄧㄣ ㄊㄡˊ ㄓㄨㄤˋ ㄒㄧㄠˇ ㄌㄨˋ
快雪時晴帖,1,ㄎㄨㄞˋ ㄒㄩㄝˇ ㄕˊ ㄑㄧㄥˊ ㄊㄧㄝˋ
急來抱佛腳,1,ㄐㄧˊ ㄌㄞˊ ㄅㄠˋ ㄈㄛˊ ㄐㄧㄠˇ
急則抱佛腳,1,ㄐㄧˊ ㄗㄜˊ ㄅㄠˋ ㄈㄛˊ ㄐㄧㄠˇ
急急如律令,1,ㄐㄧˊ ㄐㄧˊ ㄖㄨˊ ㄌㄩˋ ㄌㄧㄥˋ
急時抱佛腳,1,ㄐㄧˊ ㄕˊ ㄅㄠˋ ㄈㄛˊ ㄐㄧㄠˇ
性變態行為,1,ㄒㄧㄥˋ ㄅㄧㄢˋ ㄊㄞˋ ㄒㄧㄥˊ ㄨㄟˊ
恆春野百合,1,ㄏㄥˊ ㄔㄨㄣ ㄧㄝˇ ㄅㄞˇ ㄏㄜˊ
恩格爾定律,1,ㄣ ㄍㄜˊ ㄦˇ ㄉㄧㄥˋ ㄌㄩˋ
恰克圖條約,1,ㄑㄧㄚˋ ㄎㄜˋ ㄊㄨˊ ㄊㄧㄠˊ ㄩㄝ
悲愴交響曲,1,ㄅㄟ ㄔㄨㄤˋ ㄐㄧㄠ ㄒㄧㄤˇ ㄑㄩˇ
惠斯登電橋,1,ㄏㄨㄟˋ ㄙ ㄉㄥ ㄉㄧㄢˋ ㄑㄧㄠˊ
惡向膽邊生,1,ㄜˋ ㄒㄧㄤˋ ㄉㄢˇ ㄅㄧㄢ ㄕㄥ
惡馬惡人騎,1,ㄜˋ ㄇㄚˇ ㄜˋ ㄖㄣˊ ㄑㄧˊ
惺惺惜惺惺,1,ㄒㄧㄥ ㄒㄧㄥ ㄒㄧˊ ㄒㄧㄥ ㄒㄧㄥ
意定抵押權,1,ㄧˋ ㄉㄧㄥˋ ㄉㄧˇ ㄧㄚ ㄑㄩㄢˊ
意識流電影,1,ㄧˋ ㄕˋ ㄌㄧㄡˊ ㄉㄧㄢˋ ㄧㄥˇ
愛丁堡大學,1,ㄞˋ ㄉㄧㄥ ㄅㄠˇ ㄉㄚˋ ㄒㄩㄝˊ
愛國者飛彈,1,ㄞˋ ㄍㄨㄛˊ ㄓㄜˇ ㄈㄟ ㄉㄢˋ
愛心刮刮樂,1,ㄞˋ ㄒㄧㄣ ㄍㄨㄚ ㄍㄨㄚ ㄌㄜˋ
愛迪生效應,1,ㄞˋ ㄉㄧˊ ㄕㄥ ㄒㄧㄠˋ ㄧㄥˋ
愛迪生氏病,1,ㄞˋ ㄉㄧˊ ㄕㄥ ㄕˋ ㄅㄧㄥˋ
慢工出細貨,1,ㄇㄢˋ ㄍㄨㄥ ㄔㄨ ㄒㄧˋ ㄏㄨㄛˋ
慢速變化球,1,ㄇㄢˋ ㄙㄨˋ ㄅㄧㄢˋ ㄏㄨㄚˋ ㄑㄧㄡˊ
憂道不憂貧,1,ㄧㄡ ㄉㄠˋ ㄅㄨˋ ㄧㄡ ㄆㄧㄣˊ
應用心理學,1,ㄧㄥˋ ㄩㄥˋ ㄒㄧㄣ ㄌㄧˇ ㄒㄩㄝˊ
應用語言學,1,ㄧㄥˋ ㄩㄥˋ ㄩˇ ㄧㄢˊ ㄒㄩㄝˊ
戊戌六君子,1,ㄨˋ ㄒㄩ ㄌㄧㄡˋ ㄐㄩㄣ ㄗˇ
我手寫吾口,1,ㄨㄛˇ ㄕㄡˇ ㄒㄧㄝˇ ㄨˊ ㄎㄡˇ
戰爭權力法,1,ㄓㄢˋ ㄓㄥ ㄑㄩㄢˊ ㄌㄧˋ ㄈㄚˇ
房室結迴路,1,ㄈㄤˊ ㄕˋ ㄐㄧㄝˊ ㄏㄨㄟˊ ㄌㄨˋ
扁擬穀盜蟲,1,ㄅㄧㄢˇ ㄋㄧˇ ㄍㄨˇ ㄉㄠˋ ㄔㄨㄥˊ
手掌多汗症,1,ㄕㄡˇ ㄓㄤˇ ㄉㄨㄛ ㄏㄢˋ ㄓㄥˋ
手長衣袖短,1,ㄕㄡˇ ㄔㄤˊ ㄧ ㄒㄧㄡˋ ㄉㄨㄢˇ
打一棒快毬,1,ㄉㄚˇ ㄧ ㄅㄤˋ ㄎㄨㄞˋ ㄑㄧㄡˊ
打了個寒噤,1,ㄉㄚˇ ㄌㄜ˙ ㄍㄜ˙ ㄏㄢˊ ㄐㄧㄣˋ
打了個照面,1,ㄉㄚˇ ㄌㄜ˙ ㄍㄜ˙ ㄓㄠˋ ㄇㄧㄢˋ
打人休打臉,1,ㄉㄚˇ ㄖㄣˊ ㄒㄧㄡ ㄉㄚˇ ㄌㄧㄢˇ
打人喊救人,1,ㄉㄚˇ ㄖㄣˊ ㄏㄢˇ ㄐㄧㄡˋ ㄖㄣˊ
打出頭棒子,1,ㄉㄚˇ ㄔㄨ ㄊㄡˊ ㄅㄤˋ ㄗ˙
打夥子穿靴,1,ㄉㄚˇ ㄏㄨㄛˇ ㄗ˙ ㄔㄨㄢ ㄒㄩㄝ
打如意算盤,1,ㄉㄚˇ ㄖㄨˊ ㄧˋ ㄙㄨㄢˋ ㄆㄢˊ
打沒頭官司,1,ㄉㄚˇ ㄇㄟˊ ㄊㄡˊ ㄍㄨㄢ ㄙ˙
打狗看主人,1,ㄉㄚˇ ㄍㄡˇ ㄎㄢˋ ㄓㄨˇ ㄖㄣˊ
打甚麼不緊,1,ㄉㄚˇ ㄕㄣˊ ㄇㄜ˙ ㄅㄨˋ ㄐㄧㄣˇ
打蛇打七寸,1,ㄉㄚˇ ㄕㄜˊ ㄉㄚˇ ㄑㄧ ㄘㄨㄣˋ
打開後門說,1,ㄉㄚˇ ㄎㄞ ㄏㄡˋ ㄇㄣˊ ㄕㄨㄛ
托塔李天王,1,ㄊㄨㄛ ㄊㄚˇ ㄌㄧˇ ㄊㄧㄢ ㄨㄤˊ
扦插繁殖法,1,ㄑㄧㄢ ㄔㄚ ㄈㄢˊ ㄓˊ ㄈㄚˇ
扯空心架子,1,ㄔㄜˇ ㄎㄨㄥ ㄒㄧㄣ ㄐㄧㄚˋ ㄗ˙
技術密集型,1,ㄐㄧˋ ㄕㄨˋ ㄇㄧˋ ㄐㄧˊ ㄒㄧㄥˊ
投手防禦率,1,ㄊㄡˊ ㄕㄡˇ ㄈㄤˊ ㄩˋ ㄌㄩˋ
拆穿西洋鏡,1,ㄔㄞ ㄔㄨㄢ ㄒㄧ ㄧㄤˊ ㄐㄧㄥˋ
拉不下臉來,1,ㄌㄚ ㄅㄨ˙ ㄒㄧㄚˋ ㄌㄧㄢˇ ㄌㄞ˙
拉纜子擺渡,1,ㄌㄚ ㄌㄢˇ ㄗ˙ ㄅㄞˇ ㄉㄨˋ
拉老婆舌頭,1,ㄌㄚ ㄌㄠˇ ㄆㄛ˙ ㄕㄜˊ ㄊㄡ˙
拉長耳朵聽,1,ㄌㄚ ㄔㄤˊ ㄦˇ ㄉㄨㄛ˙ ㄊㄧㄥ
拋棄型員工,1,ㄆㄠ ㄑㄧˋ ㄒㄧㄥˊ ㄩㄢˊ ㄍㄨㄥ
拍立得攝影,1,ㄆㄞ ㄌㄧˋ ㄉㄜˊ ㄕㄜˋ ㄧㄥˇ
拍立得相機,1,ㄆㄞ ㄌㄧˋ ㄉㄜˊ ㄒㄧㄤˋ ㄐㄧ
拔不出腿來,1,ㄅㄚˊ ㄅㄨ˙ ㄔㄨ ㄊㄨㄟˇ ㄌㄞˊ
拖刀背砍計,1,ㄊㄨㄛ ㄉㄠ ㄅㄟˋ ㄎㄢˇ ㄐㄧˋ
拚死吃河豚,1,ㄆㄢˋ ㄙˇ ㄔ ㄏㄜˊ ㄊㄨㄣˊ
拜占庭帝國,1,ㄅㄞˋ ㄓㄢˋ ㄊㄧㄥˊ ㄉㄧˋ ㄍㄨㄛˊ
拜占庭文化,1,ㄅㄞˋ ㄓㄢˋ ㄊㄧㄥˊ ㄨㄣˊ ㄏㄨㄚˋ
拿破崙法典,1,ㄋㄚˊ ㄆㄛˋ ㄌㄨㄣˊ ㄈㄚˇ ㄉㄧㄢˇ
指數方程式,1,ㄓˇ ㄕㄨˋ ㄈㄤ ㄔㄥˊ ㄕˋ
指示代名詞,1,ㄓˇ ㄕˋ ㄉㄞˋ ㄇㄧㄥˊ ㄘˊ
振衣千仞岡,1,ㄓㄣˋ ㄧ ㄑㄧㄢ ㄖㄣˋ ㄍㄤ
挾天子之命,1,ㄒㄧㄝˊ ㄊㄧㄢ ㄗˇ ㄓ ㄇㄧㄥˋ
捏了一把汗,1,ㄋㄧㄝ ㄌㄜ˙ ㄧ ㄅㄚˇ ㄏㄢˋ
捧卵子過橋,1,ㄆㄥˇ ㄌㄨㄢˇ ㄗˇ ㄍㄨㄛˋ ㄑㄧㄠˊ
捧土加泰山,1,ㄆㄥˇ ㄊㄨˇ ㄐㄧㄚ ㄊㄞˋ ㄕㄢ
捧心效西子,1,ㄆㄥˇ ㄒㄧㄣ ㄒㄧㄠˋ ㄒㄧ ㄗˇ
捧鳳凰似的,1,ㄆㄥˇ ㄈㄥˋ ㄏㄨㄤˊ ㄙˋ ㄉㄜ˙
捷克共和國,1,ㄐㄧㄝˊ ㄎㄜˋ ㄍㄨㄥˋ ㄏㄜˊ ㄍㄨㄛˊ
捷運工程局,1,ㄐㄧㄝˊ ㄩㄣˋ ㄍㄨㄥ ㄔㄥˊ ㄐㄩˊ
掌上型電腦,1,ㄓㄤˇ ㄕㄤˋ ㄒㄧㄥˊ ㄉㄧㄢˋ ㄋㄠˇ
排灣文化相,1,ㄆㄞˊ ㄨㄢ ㄨㄣˊ ㄏㄨㄚˋ ㄒㄧㄤˋ
探險家一號,1,ㄊㄢˋ ㄒㄧㄢˇ ㄐㄧㄚ ㄧ ㄏㄠˋ
揚州十日記,1,ㄧㄤˊ ㄓㄡ ㄕˊ ㄖˋ ㄐㄧˋ
揚州畫舫錄,1,ㄧㄤˊ ㄓㄡ ㄏㄨㄚˋ ㄈㄤˇ ㄌㄨˋ
換湯不換藥,1,ㄏㄨㄢˋ ㄊㄤ ㄅㄨˋ ㄏㄨㄢˋ ㄧㄠˋ
損人不利己,1,ㄙㄨㄣˇ ㄖㄣˊ ㄅㄨˋ ㄌㄧˋ ㄐㄧˇ
搓熟的湯團,1,ㄘㄨㄛ ㄕㄡˊ ㄉㄜ˙ ㄊㄤ ㄊㄨㄢˊ
搶棺材奔命,1,ㄑㄧㄤˇ ㄍㄨㄢ ㄘㄞˊ ㄅㄣˋ ㄇㄧㄥˋ
摩洛哥王國,1,ㄇㄛˊ ㄌㄨㄛˋ ㄍㄜ ㄨㄤˊ ㄍㄨㄛˊ
摩爾斯電碼,1,ㄇㄛˊ ㄦˇ ㄙ ㄉㄧㄢˋ ㄇㄚˇ
摩納哥侯國,1,ㄇㄛˊ ㄋㄚˋ ㄍㄜ ㄏㄡˊ ㄍㄨㄛˊ
摩鹿加群島,1,ㄇㄛˊ ㄌㄨˋ ㄐㄧㄚ ㄑㄩㄣˊ ㄉㄠˇ
摸不著頭腦,1,ㄇㄛ ㄅㄨˋ ㄓㄠˊ ㄊㄡˊ ㄋㄠˇ
摸不著頭路,1,ㄇㄛ ㄅㄨˋ ㄓㄠˊ ㄊㄡˊ ㄌㄨˋ
摸摸索索的,1,ㄇㄛ ㄇㄛ ㄙㄨㄛˇ ㄙㄨㄛˇ ㄉㄜ˙
摸頭路不著,1,ㄇㄛ ㄊㄡˊ ㄌㄨˋ ㄅㄨˋ ㄓㄠˊ
撞一鼻子灰,1,ㄓㄨㄤˋ ㄧ ㄅㄧˊ ㄗ˙ ㄏㄨㄟ
擂鼓交響曲,1,ㄌㄟˊ ㄍㄨˇ ㄐㄧㄠ ㄒㄧㄤˇ ㄑㄩˇ
擄人勒贖罪,1,ㄌㄨˇ ㄖㄣˊ ㄌㄜˋ ㄕㄨˊ ㄗㄨㄟˋ
操同室之戈,1,ㄘㄠ ㄊㄨㄥˊ ㄕˋ ㄓ ㄍㄜ
擴音機系統,1,ㄎㄨㄛˋ ㄧㄣ ㄐㄧ ㄒㄧˋ ㄊㄨㄥˇ
擺線推進器,1,ㄅㄞˇ ㄒㄧㄢˋ ㄊㄨㄟ ㄐㄧㄣˋ ㄑㄧˋ
攔頭一槓子,1,ㄌㄢˊ ㄊㄡˊ ㄧ ㄍㄤˋ ㄗ˙
收錄兩用機,1,ㄕㄡ ㄌㄨˋ ㄌㄧㄤˇ ㄩㄥˋ ㄐㄧ
放射性廢料,1,ㄈㄤˋ ㄕㄜˋ ㄒㄧㄥˋ ㄈㄟˋ ㄌㄧㄠˋ
放射線治療,1,ㄈㄤˋ ㄕㄜˋ ㄒㄧㄢˋ ㄓˋ ㄌㄧㄠˊ
放流水標準,1,ㄈㄤˋ ㄌㄧㄡˊ ㄕㄨㄟˇ ㄅㄧㄠ ㄓㄨㄣˇ
放禿尾巴鷹,1,ㄈㄤˋ ㄊㄨ ㄨㄟˇ ㄅㄚ˙ ㄧㄥ
政治社會學,1,ㄓㄥˋ ㄓˋ ㄕㄜˋ ㄏㄨㄟˋ ㄒㄩㄝˊ
救人須救徹,1,ㄐㄧㄡˋ ㄖㄣˊ ㄒㄩ ㄐㄧㄡˋ ㄔㄜˋ
救兵如救火,1,ㄐㄧㄡˋ ㄅㄧㄥ ㄖㄨˊ ㄐㄧㄡˋ ㄏㄨㄛˇ
敗棋有勝著,1,ㄅㄞˋ ㄑㄧˊ ㄧㄡˇ ㄕㄥˋ ㄓㄨㄛˊ
敗血性休克,1,ㄅㄞˋ ㄒㄧㄝˇ ㄒㄧㄥˋ ㄒㄧㄡ ㄎㄜˋ
敗血膿毒症,1,ㄅㄞˋ ㄒㄧㄝˇ ㄋㄨㄥˊ ㄉㄨˊ ㄓㄥˋ
教科文組織,1,ㄐㄧㄠˋ ㄎㄜ ㄨㄣˊ ㄗㄨˇ ㄓ
教育心理學,1,ㄐㄧㄠˋ ㄩˋ ㄒㄧㄣ ㄌㄧˇ ㄒㄩㄝˊ
教育社會學,1,ㄐㄧㄠˋ ㄩˋ ㄕㄜˋ ㄏㄨㄟˋ ㄒㄩㄝˊ
教育統計學,1,ㄐㄧㄠˋ ㄩˋ ㄊㄨㄥˇ ㄐㄧˋ ㄒㄩㄝˊ
敦煌千佛洞,1,ㄉㄨㄣ ㄏㄨㄤˊ ㄑㄧㄢ ㄈㄛˊ ㄉㄨㄥˋ
數位計算機,1,ㄕㄨˋ ㄨㄟˋ ㄐㄧˋ ㄙㄨㄢˋ ㄐㄧ
數理語言學,1,ㄕㄨˋ ㄌㄧˇ ㄩˇ ㄧㄢˊ ㄒㄩㄝˊ
文字處理機,1,ㄨㄣˊ ㄗˋ ㄔㄨˇ ㄌㄧˇ ㄐㄧ
文齊福不齊,1,ㄨㄣˊ ㄑㄧˊ ㄈㄨˊ ㄅㄨˋ ㄑㄧˊ
斐濟共和國,1,ㄈㄟˇ ㄐㄧˋ ㄍㄨㄥˋ ㄏㄜˊ ㄍㄨㄛˊ
斗大的手卷,1,ㄉㄡˇ ㄉㄚˋ ㄉㄜ˙ ㄕㄡˇ ㄐㄩㄢˋ
斗大的饅頭,1,ㄉㄡˇ ㄉㄚˋ ㄉㄜ˙ ㄇㄢˊ ㄊㄡ˙
斗酒博涼州,1,ㄉㄡˇ ㄐㄧㄡˇ ㄅㄛˊ ㄌㄧㄤˊ ㄓㄡ
斯多噶學派,1,ㄙ ㄉㄨㄛ ㄍㄜˊ ㄒㄩㄝˊ ㄆㄞˋ
斯巴達教育,1,ㄙ ㄅㄚ ㄉㄚˊ ㄐㄧㄠˋ ㄩˋ
新人文主義,1,ㄒㄧㄣ ㄖㄣˊ ㄨㄣˊ ㄓㄨˇ ㄧˋ
新冷戰時代,1,ㄒㄧㄣ ㄌㄥˇ ㄓㄢˋ ㄕˊ ㄉㄞˋ
新古典學派,1,ㄒㄧㄣ ㄍㄨˇ ㄉㄧㄢˇ ㄒㄩㄝˊ ㄆㄞˋ
新年新氣象,1,ㄒㄧㄣ ㄋㄧㄢˊ ㄒㄧㄣ ㄑㄧˋ ㄒㄧㄤˋ
新幾內亞島,1,ㄒㄧㄣ ㄐㄧ ㄋㄟˋ ㄧㄚˋ ㄉㄠˇ
新康德主義,1,ㄒㄧㄣ ㄎㄤ ㄉㄜˊ ㄓㄨˇ ㄧˋ
新愛爾蘭島,1,ㄒㄧㄣ ㄞˋ ㄦˇ ㄌㄢˊ ㄉㄠˇ
新浪漫主義,1,ㄒㄧㄣ ㄌㄤˋ ㄇㄢˋ ㄓㄨˇ ㄧˋ
新理想主義,1,ㄒㄧㄣ ㄌㄧˇ ㄒㄧㄤˇ ㄓㄨˇ ㄧˋ
新藝綜合體,1,ㄒㄧㄣ ㄧˋ ㄗㄨㄥˋ ㄏㄜˊ ㄊㄧˇ
新達達主義,1,ㄒㄧㄣ ㄉㄚˊ ㄉㄚˊ ㄓㄨˇ ㄧˋ
斷送老頭皮,1,ㄉㄨㄢˋ ㄙㄨㄥˋ ㄌㄠˇ ㄊㄡˊ ㄆㄧˊ
方員無真假,1,ㄈㄤ ㄩㄢˊ ㄨˊ ㄓㄣ ㄐㄧㄚˇ
施恩不望報,1,ㄕ ㄣ ㄅㄨˋ ㄨㄤˋ ㄅㄠˋ
日內瓦公約,1,ㄖˋ ㄋㄟˋ ㄨㄚˇ ㄍㄨㄥ ㄩㄝ
日德蘭半島,1,ㄖˋ ㄉㄜˊ ㄌㄢˊ ㄅㄢˋ ㄉㄠˇ
日耳曼帝國,1,ㄖˋ ㄦˇ ㄇㄢˋ ㄉㄧˋ ㄍㄨㄛˊ
日耳曼民族,1,ㄖˋ ㄦˇ ㄇㄢˋ ㄇㄧㄣˊ ㄗㄨˊ
日近長安遠,1,ㄖˋ ㄐㄧㄣˋ ㄔㄤˊ ㄢ ㄩㄢˇ
日頭常晌午,1,ㄖˋ ㄊㄡˊ ㄔㄤˊ ㄕㄤˇ ㄏㄨㄛ˙
早走不貪黑,1,ㄗㄠˇ ㄗㄡˇ ㄅㄨˋ ㄊㄢ ㄏㄟ
昊天有成命,1,ㄏㄠˋ ㄊㄧㄢ ㄧㄡˇ ㄔㄥˊ ㄇㄧㄥˋ
明師出高徒,1,ㄇㄧㄥˊ ㄕ ㄔㄨ ㄍㄠ ㄊㄨˊ
易卜生主義,1,ㄧˋ ㄅㄨˇ ㄕㄥ ㄓㄨˇ ㄧˋ
易學象數論,1,ㄧˋ ㄒㄩㄝˊ ㄒㄧㄤˋ ㄕㄨˋ ㄌㄨㄣˋ
易數鉤隱圖,1,ㄧˋ ㄕㄨˋ ㄍㄡ ㄧㄣˇ ㄊㄨˊ
昔得蘭群島,1,ㄒㄧˊ ㄉㄜˊ ㄌㄢˊ ㄑㄩㄣˊ ㄉㄠˇ
星期五餐廳,1,ㄒㄧㄥ ㄑㄧˊ ㄨˇ ㄘㄢ ㄊㄧㄥ
星體追蹤儀,1,ㄒㄧㄥ ㄊㄧˇ ㄓㄨㄟ ㄗㄨㄥ ㄧˊ
春江花月夜,1,ㄔㄨㄣ ㄐㄧㄤ ㄏㄨㄚ ㄩㄝˋ ㄧㄝˋ
春秋大一統,1,ㄔㄨㄣ ㄑㄧㄡ ㄉㄚˋ ㄧ ㄊㄨㄥˇ
春雨貴如油,1,ㄔㄨㄣ ㄩˇ ㄍㄨㄟˋ ㄖㄨˊ ㄧㄡˊ
時勢比人強,1,ㄕˊ ㄕˋ ㄅㄧˇ ㄖㄣˊ ㄑㄧㄤˊ
時衰鬼弄人,1,ㄕˊ ㄕㄨㄞ ㄍㄨㄟˇ ㄋㄨㄥˋ ㄖㄣˊ
時間差攻擊,1,ㄕˊ ㄐㄧㄢ ㄔㄚ ㄍㄨㄥ ㄐㄧˊ
普通強盜罪,1,ㄆㄨˇ ㄊㄨㄥ ㄑㄧㄤˊ ㄉㄠˋ ㄗㄨㄟˋ
普通心理學,1,ㄆㄨˇ ㄊㄨㄥ ㄒㄧㄣ ㄌㄧˇ ㄒㄩㄝˊ
普通染色體,1,ㄆㄨˇ ㄊㄨㄥ ㄖㄢˇ ㄙㄜˋ ㄊㄧˇ
普通語言學,1,ㄆㄨˇ ㄊㄨㄥ ㄩˇ ㄧㄢˊ ㄒㄩㄝˊ
普陀洛伽山,1,ㄆㄨˇ ㄊㄨㄛˊ ㄌㄨㄛˋ ㄑㄧㄝˊ ㄕㄢ
晶體收音機,1,ㄐㄧㄥ ㄊㄧˇ ㄕㄡ ㄧㄣ ㄐㄧ
智利共和國,1,ㄓˋ ㄌㄧˋ ㄍㄨㄥˋ ㄏㄜˊ ㄍㄨㄛˊ
智慧型大廈,1,ㄓˋ ㄏㄨㄟˋ ㄒㄧㄥˊ ㄉㄚˋ ㄒㄧㄚˋ
智慧型大樓,1,ㄓˋ ㄏㄨㄟˋ ㄒㄧㄥˊ ㄉㄚˋ ㄌㄡˊ
暫染髮慕絲,1,ㄓㄢˋ ㄖㄢˇ ㄈㄚˇ ㄇㄨˋ ㄙ
暴君焚城錄,1,ㄅㄠˋ ㄐㄩㄣ ㄈㄣˊ ㄔㄥˊ ㄌㄨˋ
書無百日工,1,ㄕㄨ ㄨˊ ㄅㄛˊ ㄖˋ ㄍㄨㄥ
曼哈坦計畫,1,ㄇㄢˋ ㄏㄚ ㄊㄢˇ ㄐㄧˋ ㄏㄨㄚˋ
替古人擔憂,1,ㄊㄧˋ ㄍㄨˇ ㄖㄣˊ ㄉㄢ ㄧㄡ
替古人耽憂,1,ㄊㄧˋ ㄍㄨˇ ㄖㄣˊ ㄉㄢ ㄧㄡ
最低公倍式,1,ㄗㄨㄟˋ ㄉㄧ ㄍㄨㄥ ㄅㄟˋ ㄕˋ
最低消費額,1,ㄗㄨㄟˋ ㄉㄧ ㄒㄧㄠ ㄈㄟˋ ㄜˊ
最大公約數,1,ㄗㄨㄟˋ ㄉㄚˋ ㄍㄨㄥ ㄩㄝ ㄕㄨˋ
最小公倍數,1,ㄗㄨㄟˋ ㄒㄧㄠˇ ㄍㄨㄥ ㄅㄟˋ ㄕㄨˋ
最小公分母,1,ㄗㄨㄟˋ ㄒㄧㄠˇ ㄍㄨㄥ ㄈㄣ ㄇㄨˇ
最後的審判,1,ㄗㄨㄟˋ ㄏㄡˋ ㄉㄜ˙ ㄕㄣˇ ㄆㄢˋ
最後的晚餐,1,ㄗㄨㄟˋ ㄏㄡˋ ㄉㄜ˙ ㄨㄢˇ ㄘㄢ
最高公約式,1,ㄗㄨㄟˋ ㄍㄠ ㄍㄨㄥ ㄩㄝ ㄕˋ
最高容許量,1,ㄗㄨㄟˋ ㄍㄠ ㄖㄨㄥˊ ㄒㄩˇ ㄌㄧㄤˋ
最高蘇維埃,1,ㄗㄨㄟˋ ㄍㄠ ㄙㄨ ㄨㄟˊ ㄞ
月經規則術,1,ㄩㄝˋ ㄐㄧㄥ ㄍㄨㄟ ㄗㄜˊ ㄕㄨˋ
有兩把刷子,1,ㄧㄡˇ ㄌㄧㄤˇ ㄅㄚˇ ㄕㄨㄚ ㄗ˙
有天沒日頭,1,ㄧㄡˇ ㄊㄧㄢ ㄇㄟˊ ㄖˋ ㄊㄡ˙
有天無日頭,1,ㄧㄡˇ ㄊㄧㄢ ㄨˊ ㄖˋ ㄊㄡˊ
有奶便是娘,1,ㄧㄡˇ ㄋㄞˇ ㄅㄧㄢˋ ㄕˋ ㄋㄧㄤˊ
有擔保公債,1,ㄧㄡˇ ㄉㄢ ㄅㄠˇ ㄍㄨㄥ ㄓㄞˋ
有毛的蠻子,1,ㄧㄡˇ ㄇㄠˊ ㄉㄜ˙ ㄇㄢˊ ㄗ˙
有理方程式,1,ㄧㄡˇ ㄌㄧˇ ㄈㄤ ㄔㄥˊ ㄕˋ
有線電通訊,1,ㄧㄡˇ ㄒㄧㄢˋ ㄉㄧㄢˋ ㄊㄨㄥ ㄒㄩㄣˋ
有髮頭陀寺,1,ㄧㄡˇ ㄈㄚˇ ㄊㄡˊ ㄊㄨㄛˊ ㄙˋ
有鼻子有眼,1,ㄧㄡˇ ㄅㄧˊ ㄗ˙ ㄧㄡˇ ㄧㄢˇ
望山走倒馬,1,ㄨㄤˋ ㄕㄢ ㄗㄡˇ ㄉㄠˇ ㄇㄚˇ
望山跑死馬,1,ㄨㄤˋ ㄕㄢ ㄆㄠˇ ㄙˇ ㄇㄚˇ
木偶奇遇記,1,ㄇㄨˋ ㄡˇ ㄑㄧˊ ㄩˋ ㄐㄧˋ
木馬屠城記,1,ㄇㄨˋ ㄇㄚˇ ㄊㄨˊ ㄔㄥˊ ㄐㄧˋ
未開發國家,1,ㄨㄟˋ ㄎㄞ ㄈㄚ ㄍㄨㄛˊ ㄐㄧㄚ
本色獨造語,1,ㄅㄣˇ ㄙㄜˋ ㄉㄨˊ ㄗㄠˋ ㄩˇ
札什倫布寺,1,ㄓㄚˊ ㄕˊ ㄌㄨㄣˊ ㄅㄨˋ ㄙˋ
朱絲欄抄本,1,ㄓㄨ ㄙ ㄌㄢˊ ㄔㄠ ㄅㄣˇ
朱門酒肉臭,1,ㄓㄨ ㄇㄣˊ ㄐㄧㄡˇ ㄖㄡˋ ㄔㄡˋ
朽木不可雕,1,ㄒㄧㄡˇ ㄇㄨˋ ㄅㄨˋ ㄎㄜˇ ㄉㄧㄠ
李斯黃犬嘆,1,ㄌㄧˇ ㄙ ㄏㄨㄤˊ ㄑㄩㄢˇ ㄊㄢˋ
杜魯門主義,1,ㄉㄨˋ ㄌㄨˇ ㄇㄣˊ ㄓㄨˇ ㄧˋ
杯酒釋兵權,1,ㄅㄟ ㄐㄧㄡˇ ㄕˋ ㄅㄧㄥ ㄑㄩㄢˊ
東南亞國協,1,ㄉㄨㄥ ㄋㄢˊ ㄧㄚˋ ㄍㄨㄛˊ ㄒㄧㄝˊ
東西南北人,1,ㄉㄨㄥ ㄒㄧ ㄋㄢˊ ㄅㄟˇ ㄖㄣˊ
東西南北客,1,ㄉㄨㄥ ㄒㄧ ㄋㄢˊ ㄅㄟˇ ㄎㄜˋ
東非大地塹,1,ㄉㄨㄥ ㄈㄟ ㄉㄚˋ ㄉㄧˋ ㄑㄧㄢˋ
東風吹馬耳,1,ㄉㄨㄥ ㄈㄥ ㄔㄨㄟ ㄇㄚˇ ㄦˇ
東風射馬耳,1,ㄉㄨㄥ ㄈㄥ ㄕㄜˋ ㄇㄚˇ ㄦˇ
松柏長青茶,1,ㄙㄨㄥ ㄅㄛˊ ㄔㄤˊ ㄑㄧㄥ ㄔㄚˊ
板板六十四,1,ㄅㄢˇ ㄅㄢˇ ㄌㄧㄡˋ ㄕˊ ㄙˋ
板橋三娘子,1,ㄅㄢˇ ㄑㄧㄠˊ ㄙㄢ ㄋㄧㄤˊ ㄗ˙
板蕩識忠臣,1,ㄅㄢˇ ㄉㄤˋ ㄕˋ ㄓㄨㄥ ㄔㄣˊ
林肯紀念堂,1,ㄌㄧㄣˊ ㄎㄣˇ ㄐㄧˋ ㄋㄧㄢˋ ㄊㄤˊ
柏利尼家族,1,ㄅㄛˊ ㄌㄧˋ ㄋㄧˊ ㄐㄧㄚ ㄗㄨˊ
柏濟力阿斯,1,ㄅㄛˊ ㄐㄧˋ ㄌㄧˋ ㄚ ㄙ
柏特斯加登,1,ㄅㄛˊ ㄊㄜˋ ㄙ ㄐㄧㄚ ㄉㄥ
柏金森氏病,1,ㄅㄛˊ ㄐㄧㄣ ㄙㄣ ㄕˋ ㄅㄧㄥˋ
查德共和國,1,ㄔㄚˊ ㄉㄜˊ ㄍㄨㄥˋ ㄏㄜˊ ㄍㄨㄛˊ
查理曼大帝,1,ㄔㄚˊ ㄌㄧˇ ㄇㄢˋ ㄉㄚˋ ㄉㄧˋ
查理曼帝國,1,ㄔㄚˊ ㄌㄧˇ ㄇㄢˋ ㄉㄧˋ ㄍㄨㄛˊ
柯爾克孜族,1,ㄎㄜ ㄦˇ ㄎㄜˋ ㄗ ㄗㄨˊ
核子動力船,1,ㄏㄜˊ ㄗˇ ㄉㄨㄥˋ ㄌㄧˋ ㄔㄨㄢˊ
核子反應爐,1,ㄏㄜˊ ㄗˇ ㄈㄢˇ ㄧㄥˋ ㄌㄨˊ
核子工程學,1,ㄏㄜˊ ㄗˇ ㄍㄨㄥ ㄔㄥˊ ㄒㄩㄝˊ
核融合發電,1,ㄏㄜˊ ㄖㄨㄥˊ ㄏㄜˊ ㄈㄚ ㄉㄧㄢˋ
格列佛遊記,1,ㄍㄜˊ ㄌㄧㄝˋ ㄈㄛˊ ㄧㄡˊ ㄐㄧˋ
桃園三結義,1,ㄊㄠˊ ㄩㄢˊ ㄙㄢ ㄐㄧㄝˊ ㄧˋ
桃李遍天下,1,ㄊㄠˊ ㄌㄧˇ ㄅㄧㄢˋ ㄊㄧㄢ ㄒㄧㄚˋ
桌上型電腦,1,ㄓㄨㄛ ㄕㄤˋ ㄒㄧㄥˊ ㄉㄧㄢˋ ㄋㄠˇ
梅尼爾氏症,1,ㄇㄟˊ ㄋㄧˊ ㄦˇ ㄕˋ ㄓㄥˋ
梅葛二仙翁,1,ㄇㄟˊ ㄍㄜˇ ㄦˋ ㄒㄧㄢ ㄨㄥ
梅香拜把子,1,ㄇㄟˊ ㄒㄧㄤ ㄅㄞˋ ㄅㄚˇ ㄗ˙
棉花店著火,1,ㄇㄧㄢˊ ㄏㄨㄚ ㄉㄧㄢˋ ㄓㄠˊ ㄏㄨㄛˇ
棒下出孝子,1,ㄅㄤˋ ㄒㄧㄚˋ ㄔㄨ ㄒㄧㄠˋ ㄗˇ
棒打薄情郎,1,ㄅㄤˋ ㄉㄚˇ ㄅㄛˊ ㄑㄧㄥˊ ㄌㄤˊ
棒頭出孝子,1,ㄅㄤˋ ㄊㄡˊ ㄔㄨ ㄒㄧㄠˋ ㄗˇ
森林副產物,1,ㄙㄣ ㄌㄧㄣˊ ㄈㄨˋ ㄔㄢˇ ㄨˋ
森林生態系,1,ㄙㄣ ㄌㄧㄣˊ ㄕㄥ ㄊㄞˋ ㄒㄧˋ
森林遊樂區,1,ㄙㄣ ㄌㄧㄣˊ ㄧㄡˊ ㄌㄜˋ ㄑㄩ
棺材裡伸手,1,ㄍㄨㄢ ㄘㄞ˙ ㄌㄧˇ ㄕㄣ ㄕㄡˇ
植物生理學,1,ㄓˊ ㄨˋ ㄕㄥ ㄌㄧˇ ㄒㄩㄝˊ
植物生長素,1,ㄓˊ ㄨˋ ㄕㄥ ㄓㄤˇ ㄙㄨˋ
楊柳青年畫,1,ㄧㄤˊ ㄌㄧㄡˇ ㄑㄧㄥ ㄋㄧㄢˊ ㄏㄨㄚˋ
楊輝三角形,1,ㄧㄤˊ ㄏㄨㄟ ㄙㄢ ㄐㄧㄠˇ ㄒㄧㄥˊ
極低頻輻射,1,ㄐㄧˊ ㄉㄧ ㄆㄧㄣˊ ㄈㄨˊ ㄕㄜˋ
槭葉止血草,1,ㄘㄨˋ ㄧㄝˋ ㄓˇ ㄒㄧㄝˇ ㄘㄠˇ
樂昌分破鏡,1,ㄌㄜˋ ㄔㄤ ㄈㄣ ㄆㄛˋ ㄐㄧㄥˋ
模態理則學,1,ㄇㄛˊ ㄊㄞˋ ㄌㄧˇ ㄗㄜˊ ㄒㄩㄝˊ
模範大音階,1,ㄇㄛˊ ㄈㄢˋ ㄉㄚˋ ㄧㄣ ㄐㄧㄝ
橙紅美人蕉,1,ㄔㄥˊ ㄏㄨㄥˊ ㄇㄟˇ ㄖㄣˊ ㄐㄧㄠ
機器腳踏車,1,ㄐㄧ ㄑㄧˋ ㄐㄧㄠˇ ㄊㄚˋ ㄔㄜ
機械化耕作,1,ㄐㄧ ㄒㄧㄝˋ ㄏㄨㄚˋ ㄍㄥ ㄗㄨㄛˋ
權利請願書,1,ㄑㄩㄢˊ ㄌㄧˋ ㄑㄧㄥˇ ㄩㄢˋ ㄕㄨ
次微米元件,1,ㄘˋ ㄨㄟˊ ㄇㄧˇ ㄩㄢˊ ㄐㄧㄢˋ
次微米計畫,1,ㄘˋ ㄨㄟˊ ㄇㄧˇ ㄐㄧˋ ㄏㄨㄚˋ
次級消費者,1,ㄘˋ ㄐㄧˊ ㄒㄧㄠ ㄈㄟˋ ㄓㄜˇ
步步生蓮花,1,ㄅㄨˋ ㄅㄨˋ ㄕㄥ ㄌㄧㄢˊ ㄏㄨㄚ
步步生蓮華,1,ㄅㄨˋ ㄅㄨˋ ㄕㄥ ㄌㄧㄢˊ ㄏㄨㄚ
武梁祠畫像,1,ㄨˇ ㄌㄧㄤˊ ㄘˊ ㄏㄨㄚˋ ㄒㄧㄤˋ
歲月不待人,1,ㄙㄨㄟˋ ㄩㄝˋ ㄅㄨˋ ㄉㄞˋ ㄖㄣˊ
歲月不饒人,1,ㄙㄨㄟˋ ㄩㄝˋ ㄅㄨˋ ㄖㄠˊ ㄖㄣˊ
歷代名畫記,1,ㄌㄧˋ ㄉㄞˋ ㄇㄧㄥˊ ㄏㄨㄚˋ ㄐㄧˋ
歷史社會學,1,ㄌㄧˋ ㄕˇ ㄕㄜˋ ㄏㄨㄟˋ ㄒㄩㄝˊ
歷史語言學,1,ㄌㄧˋ ㄕˇ ㄩˇ ㄧㄢˊ ㄒㄩㄝˊ
歹竹出好筍,1,ㄉㄞˇ ㄓㄨˊ ㄔㄨ ㄏㄠˇ ㄙㄨㄣˇ
歹路不可行,1,ㄉㄞˇ ㄌㄨˋ ㄅㄨˋ ㄎㄜˇ ㄒㄧㄥˊ
死店活人開,1,ㄙˇ ㄉㄧㄢˋ ㄏㄨㄛˊ ㄖㄣˊ ㄎㄞ
殘障福利法,1,ㄘㄢˊ ㄓㄤˋ ㄈㄨˊ ㄌㄧˋ ㄈㄚˇ
殺人不見血,1,ㄕㄚ ㄖㄣˊ ㄅㄨˋ ㄐㄧㄢˋ ㄒㄧㄝˇ
母雞不下蛋,1,ㄇㄨˇ ㄐㄧ ㄅㄨˋ ㄒㄧㄚˋ ㄉㄢˋ
比上天還難,1,ㄅㄧˇ ㄕㄤˋ ㄊㄧㄢ ㄏㄞˊ ㄋㄢˊ
比例代表制,1,ㄅㄧˇ ㄌㄧˋ ㄉㄞˋ ㄅㄧㄠˇ ㄓˋ
比利時王國,1,ㄅㄧˇ ㄌㄧˋ ㄕˊ ㄨㄤˊ ㄍㄨㄛˊ
比登天還難,1,ㄅㄧˇ ㄉㄥ ㄊㄧㄢ ㄏㄞˊ ㄋㄢˊ
比薩大教堂,1,ㄅㄧˇ ㄙㄚˋ ㄉㄚˋ ㄐㄧㄠˋ ㄊㄤˊ
比較語言學,1,ㄅㄧˇ ㄐㄧㄠˋ ㄩˇ ㄧㄢˊ ㄒㄩㄝˊ
毛坑沒後壁,1,ㄇㄠˊ ㄎㄥ ㄇㄟˊ ㄏㄡˋ ㄅㄧˋ
毛細管現象,1,ㄇㄠˊ ㄒㄧˋ ㄍㄨㄢˇ ㄒㄧㄢˋ ㄒㄧㄤˋ
氈襪裹腳靴,1,ㄓㄢ ㄨㄚˋ ㄍㄨㄛˇ ㄐㄧㄠˇ ㄒㄩㄝ
民以食為本,1,ㄇㄧㄣˊ ㄧˇ ㄕˊ ㄨㄟˊ ㄅㄣˇ
民族優越感,1,ㄇㄧㄣˊ ㄗㄨˊ ㄧㄡ ㄩㄝˋ ㄍㄢˇ
民族共同語,1,ㄇㄧㄣˊ ㄗㄨˊ ㄍㄨㄥˋ ㄊㄨㄥˊ ㄩˇ
民族掃墓節,1,ㄇㄧㄣˊ ㄗㄨˊ ㄙㄠˇ ㄇㄨˋ ㄐㄧㄝˊ
民用航空站,1,ㄇㄧㄣˊ ㄩㄥˋ ㄏㄤˊ ㄎㄨㄥ ㄓㄢˋ
氟化斑狀齒,1,ㄈㄨˊ ㄏㄨㄚˋ ㄅㄢ ㄓㄨㄤˋ ㄔˇ
氟化物中毒,1,ㄈㄨˊ ㄏㄨㄚˋ ㄨˋ ㄓㄨㄥˋ ㄉㄨˊ
氟氯碳化物,1,ㄈㄨˊ ㄌㄩˋ ㄊㄢˋ ㄏㄨㄚˋ ㄨˋ
氣壓保溫瓶,1,ㄑㄧˋ ㄧㄚ ㄅㄠˇ ㄨㄣ ㄆㄧㄥˊ
氣體溫度計,1,ㄑㄧˋ ㄊㄧˇ ㄨㄣ ㄉㄨˋ ㄐㄧˋ
氯化消毒法,1,ㄌㄩˋ ㄏㄨㄚˋ ㄒㄧㄠ ㄉㄨˊ ㄈㄚˇ
水上摩托車,1,ㄕㄨㄟˇ ㄕㄤˋ ㄇㄛˊ ㄊㄨㄛ ㄔㄜ
水仙不開花,1,ㄕㄨㄟˇ ㄒㄧㄢ ㄅㄨˋ ㄎㄞ ㄏㄨㄚ
水媒性疾病,1,ㄕㄨㄟˇ ㄇㄟˊ ㄒㄧㄥˋ ㄐㄧˊ ㄅㄧㄥˋ
水文海籍圖,1,ㄕㄨㄟˇ ㄨㄣˊ ㄏㄞˇ ㄐㄧˊ ㄊㄨˊ
水產試驗所,1,ㄕㄨㄟˇ ㄔㄢˇ ㄕˋ ㄧㄢˋ ㄙㄨㄛˇ
水磨腔曲子,1,ㄕㄨㄟˇ ㄇㄛˊ ㄑㄧㄤ ㄑㄩˇ ㄗ˙
水米不打牙,1,ㄕㄨㄟˇ ㄇㄧˇ ㄅㄨˋ ㄉㄚˇ ㄧㄚˊ
水草馬明王,1,ㄕㄨㄟˇ ㄘㄠˇ ㄇㄚˇ ㄇㄧㄥˊ ㄨㄤˊ
水過地皮溼,1,ㄕㄨㄟˇ ㄍㄨㄛˋ ㄉㄧˋ ㄆㄧˊ ㄕ
水銀氣壓計,1,ㄕㄨㄟˇ ㄧㄣˊ ㄑㄧˋ ㄧㄚ ㄐㄧˋ
永久居留權,1,ㄩㄥˇ ㄐㄧㄡˇ ㄐㄩ ㄌㄧㄡˊ ㄑㄩㄢˊ
永豐艦事件,1,ㄩㄥˇ ㄈㄥ ㄐㄧㄢˋ ㄕˋ ㄐㄧㄢˋ
求士莫求全,1,ㄑㄧㄡˊ ㄕˋ ㄇㄛˋ ㄑㄧㄡˊ ㄑㄩㄢˊ
汗騰格里山,1,ㄏㄢˋ ㄊㄥˊ ㄍㄜˊ ㄌㄧˇ ㄕㄢ
江村銷夏錄,1,ㄐㄧㄤ ㄘㄨㄣ ㄒㄧㄠ ㄒㄧㄚˋ ㄌㄨˋ
汽油添加劑,1,ㄑㄧˋ ㄧㄡˊ ㄊㄧㄢ ㄐㄧㄚ ㄐㄧˋ
汽油發動機,1,ㄑㄧˋ ㄧㄡˊ ㄈㄚ ㄉㄨㄥˋ ㄐㄧ
汽車電影院,1,ㄑㄧˋ ㄔㄜ ㄉㄧㄢˋ ㄧㄥˇ ㄩㄢˋ
沒下頷的話,1,ㄇㄟˊ ㄒㄧㄚˋ ㄏㄢˋ ㄉㄜ˙ ㄏㄨㄚˋ
沒什麼要緊,1,ㄇㄟˊ ㄕㄣˊ ㄇㄜ˙ ㄧㄠˋ ㄐㄧㄣˇ
沒個好結果,1,ㄇㄟˊ ㄍㄜ˙ ㄏㄠˇ ㄐㄧㄝˊ ㄍㄨㄛˇ
沒做圓活處,1,ㄇㄟˊ ㄗㄨㄛˋ ㄩㄢˊ ㄏㄨㄛˊ ㄔㄨˋ
沒做奈何處,1,ㄇㄟˊ ㄗㄨㄛˋ ㄋㄞˋ ㄏㄜˊ ㄔㄨˋ
沒做思量處,1,ㄇㄟˊ ㄗㄨㄛˋ ㄙ ㄌㄧㄤˊ ㄔㄨˋ
沒做理會處,1,ㄇㄟˊ ㄗㄨㄛˋ ㄌㄧˇ ㄏㄨㄟˋ ㄔㄨˋ
沒做道理處,1,ㄇㄟˊ ㄗㄨㄛˋ ㄉㄠˋ ㄌㄧˇ ㄔㄨˋ
沒地裡巡檢,1,ㄇㄟˊ ㄉㄧˋ ㄌㄧˇ ㄒㄩㄣˊ ㄐㄧㄢˇ
沒奔一頭處,1,ㄇㄟˊ ㄅㄣ ㄧ ㄊㄡˊ ㄔㄨˋ
沒尋歸路處,1,ㄇㄟˊ ㄒㄩㄣˊ ㄍㄨㄟ ㄌㄨˋ ㄔㄨˋ
沒巧不成話,1,ㄇㄟˊ ㄑㄧㄠˇ ㄅㄨˋ ㄔㄥˊ ㄏㄨㄚˋ
沒想一頭處,1,ㄇㄟˊ ㄒㄧㄤˇ ㄧ ㄊㄡˊ ㄔㄨˋ
沒有砣的秤,1,ㄇㄟˊ ㄧㄡˇ ㄊㄨㄛˊ ㄉㄜ˙ ㄔㄥˋ
沒本錢買賣,1,ㄇㄟˊ ㄅㄣˇ ㄑㄧㄢˊ ㄇㄞˇ ㄇㄞ˙
沒正經的事,1,ㄇㄟˊ ㄓㄥˋ ㄐㄧㄥ˙ ㄉㄜ˙ ㄕˋ
沒氣力的話,1,ㄇㄟˊ ㄑㄧˋ ㄌㄧˋ ㄉㄜ˙ ㄏㄨㄚˋ
沒當家花花,1,ㄇㄟˊ ㄉㄤ ㄐㄧㄚ ㄏㄨㄚ ㄏㄨㄚ
沒籠頭的馬,1,ㄇㄟˊ ㄌㄨㄥˊ ㄊㄡˊ ㄉㄜ˙ ㄇㄚˇ
沒腳子的跑,1,ㄇㄟˊ ㄐㄧㄠˇ ㄗ˙ ㄉㄜ˙ ㄆㄠˇ
沒見過世面,1,ㄇㄟˊ ㄐㄧㄢˋ ㄍㄨㄛˋ ㄕˋ ㄇㄧㄢˋ
沒討個空處,1,ㄇㄟˊ ㄊㄠˇ ㄍㄜ˙ ㄎㄨㄥ ㄔㄨˋ
沒跑路投處,1,ㄇㄟˊ ㄆㄠˇ ㄌㄨˋ ㄊㄡˊ ㄔㄨˋ
沒頭腦官司,1,ㄇㄟˊ ㄊㄡˊ ㄋㄠˇ ㄍㄨㄢ ㄙ
沒頭腦的事,1,ㄇㄟˊ ㄊㄡˊ ㄋㄠˇ ㄉㄜ˙ ㄕˋ
沙利竇邁度,1,ㄕㄚ ㄌㄧˋ ㄉㄡˋ ㄇㄞˋ ㄉㄨˋ
沙漠生態系,1,ㄕㄚ ㄇㄛˋ ㄕㄥ ㄊㄞˋ ㄒㄧˋ
沙門氏桿菌,1,ㄕㄚ ㄇㄣˊ ㄕˋ ㄍㄢˇ ㄐㄩㄣˋ
河水不洗船,1,ㄏㄜˊ ㄕㄨㄟˇ ㄅㄨˋ ㄒㄧˇ ㄔㄨㄢˊ
河海航行員,1,ㄏㄜˊ ㄏㄞˇ ㄏㄤˊ ㄒㄧㄥˊ ㄩㄢˊ
河陽一縣花,1,ㄏㄜˊ ㄧㄤˊ ㄧ ㄒㄧㄢˋ ㄏㄨㄚ
油料類作物,1,ㄧㄡˊ ㄌㄧㄠˋ ㄌㄟˋ ㄗㄨㄛˋ ㄨˋ
法不傳六耳,1,ㄈㄚˇ ㄅㄨˋ ㄔㄨㄢˊ ㄌㄧㄡˋ ㄦˇ
法國喜劇片,1,ㄈㄚˇ ㄍㄨㄛˊ ㄒㄧˇ ㄐㄩˋ ㄆㄧㄢˋ
法定傳染病,1,ㄈㄚˇ ㄉㄧㄥˋ ㄔㄨㄢˊ ㄖㄢˇ ㄅㄧㄥˋ
法定準備率,1,ㄈㄚˇ ㄉㄧㄥˋ ㄓㄨㄣˇ ㄅㄟˋ ㄌㄩˋ
法定繼承人,1,ㄈㄚˇ ㄉㄧㄥˋ ㄐㄧˋ ㄔㄥˊ ㄖㄣˊ
法屬圭亞那,1,ㄈㄚˇ ㄕㄨˇ ㄍㄨㄟ ㄧㄚˋ ㄋㄚˋ
法律意見書,1,ㄈㄚˇ ㄌㄩˋ ㄧˋ ㄐㄧㄢˋ ㄕㄨ
法律社會學,1,ㄈㄚˇ ㄌㄩˋ ㄕㄜˋ ㄏㄨㄟˋ ㄒㄩㄝˊ
法蘭西革命,1,ㄈㄚˇ ㄌㄢˊ ㄒㄧ ㄍㄜˊ ㄇㄧㄥˋ
法院書記官,1,ㄈㄚˇ ㄩㄢˋ ㄕㄨ ㄐㄧˋ ㄍㄨㄢ
泛科學主義,1,ㄈㄢˋ ㄎㄜ ㄒㄩㄝˊ ㄓㄨˇ ㄧˋ
波以耳定律,1,ㄅㄛ ㄧˇ ㄦˇ ㄉㄧㄥˋ ㄌㄩˋ
波希米亞人,1,ㄅㄛ ㄒㄧ ㄇㄧˇ ㄧㄚˋ ㄖㄣˊ
波斯灣危機,1,ㄅㄛ ㄙ ㄨㄢ ㄨㄟˊ ㄐㄧ
波爾卡舞曲,1,ㄅㄛ ㄦˇ ㄎㄚˇ ㄨˇ ㄑㄩˇ
波羅提木叉,1,ㄅㄛ ㄌㄨㄛˊ ㄊㄧˊ ㄇㄨˋ ㄔㄚ
波茨坦宣言,1,ㄅㄛ ㄘˊ ㄊㄢˇ ㄒㄩㄢ ㄧㄢˊ
波茨坦會議,1,ㄅㄛ ㄘˊ ㄊㄢˇ ㄏㄨㄟˋ ㄧˋ
波蘭共和國,1,ㄅㄛ ㄌㄢˊ ㄍㄨㄥˋ ㄏㄜˊ ㄍㄨㄛˊ
波里尼西亞,1,ㄅㄛ ㄌㄧˇ ㄋㄧˊ ㄒㄧ ㄧㄚˋ
波雷羅舞曲,1,ㄅㄛ ㄌㄟˊ ㄌㄨㄛˊ ㄨˇ ㄑㄩˇ
泥佛勸土佛,1,ㄋㄧˊ ㄈㄛˊ ㄑㄩㄢˋ ㄊㄨˇ ㄈㄛˊ
泥毬換眼睛,1,ㄋㄧˊ ㄑㄧㄡˊ ㄏㄨㄢˋ ㄧㄢˇ ㄐㄧㄥ
泥馬渡康王,1,ㄋㄧˊ ㄇㄚˇ ㄉㄨˋ ㄎㄤ ㄨㄤˊ
泰吉瑪哈廟,1,ㄊㄞˋ ㄐㄧˊ ㄇㄚˇ ㄏㄚ ㄇㄧㄠˋ
泰特美術館,1,ㄊㄞˋ ㄊㄜˋ ㄇㄟˇ ㄕㄨˋ ㄍㄨㄢˇ
洋涇浜英語,1,ㄧㄤˊ ㄐㄧㄥ ㄅㄤ ㄧㄥ ㄩˇ
洗錢防制法,1,ㄒㄧˇ ㄑㄧㄢˊ ㄈㄤˊ ㄓˋ ㄈㄚˇ
洛可可美術,1,ㄌㄨㄛˋ ㄎㄜˇ ㄎㄜˇ ㄇㄟˇ ㄕㄨˋ
洛可可音樂,1,ㄌㄨㄛˋ ㄎㄜˇ ㄎㄜˇ ㄧㄣ ㄩㄝˋ
洛陽伽藍記,1,ㄌㄨㄛˋ ㄧㄤˊ ㄑㄧㄝˊ ㄌㄢˊ ㄐㄧˋ
津田左右吉,1,ㄐㄧㄣ ㄊㄧㄢˊ ㄗㄨㄛˇ ㄧㄡˋ ㄐㄧˊ
洪都百鍊生,1,ㄏㄨㄥˊ ㄉㄨ ㄅㄞˇ ㄌㄧㄢˋ ㄕㄥ
活字版印刷,1,ㄏㄨㄛˊ ㄗˋ ㄅㄢˇ ㄧㄣˋ ㄕㄨㄚ
活性汙泥菌,1,ㄏㄨㄛˊ ㄒㄧㄥˋ ㄨ ㄋㄧˊ ㄐㄩㄣˋ
活物寄生菌,1,ㄏㄨㄛˊ ㄨˋ ㄐㄧˋ ㄕㄥ ㄐㄩㄣˋ
浦羅高菲夫,1,ㄆㄨˇ ㄌㄨㄛˊ ㄍㄠ ㄈㄟ ㄈㄨ
浮揚式鐵路,1,ㄈㄨˊ ㄧㄤˊ ㄕˋ ㄊㄧㄝˇ ㄌㄨˋ
海底沉積物,1,ㄏㄞˇ ㄉㄧˇ ㄔㄣˊ ㄐㄧ ㄨˋ
海底鑽探器,1,ㄏㄞˇ ㄉㄧˇ ㄗㄨㄢ ㄊㄢˋ ㄑㄧˋ
海洋沉積物,1,ㄏㄞˇ ㄧㄤˊ ㄔㄣˊ ㄐㄧ ㄨˋ
海洋生態系,1,ㄏㄞˇ ㄧㄤˊ ㄕㄥ ㄊㄞˋ ㄒㄧˋ
海軍航空兵,1,ㄏㄞˇ ㄐㄩㄣ ㄏㄤˊ ㄎㄨㄥ ㄅㄧㄥ
消化性潰瘍,1,ㄒㄧㄠ ㄏㄨㄚˋ ㄒㄧㄥˋ ㄎㄨㄟˋ ㄧㄤˊ
消費合作社,1,ㄒㄧㄠ ㄈㄟˋ ㄏㄜˊ ㄗㄨㄛˋ ㄕㄜˋ
消費者運動,1,ㄒㄧㄠ ㄈㄟˋ ㄓㄜˇ ㄩㄣˋ ㄉㄨㄥˋ
液化天然氣,1,ㄧㄝˋ ㄏㄨㄚˋ ㄊㄧㄢ ㄖㄢˊ ㄑㄧˋ
液化石油氣,1,ㄧㄝˋ ㄏㄨㄚˋ ㄕˊ ㄧㄡˊ ㄑㄧˋ
液晶投影器,1,ㄧㄝˋ ㄐㄧㄥ ㄊㄡˊ ㄧㄥˇ ㄑㄧˋ
液晶顯示器,1,ㄧㄝˋ ㄐㄧㄥ ㄒㄧㄢˇ ㄕˋ ㄑㄧˋ
液體比重計,1,ㄧㄝˋ ㄊㄧˇ ㄅㄧˇ ㄓㄨㄥˋ ㄐㄧˋ
淌海水似的,1,ㄊㄤˇ ㄏㄞˇ ㄕㄨㄟˇ ㄙˋ ㄉㄜ˙
淡水生態系,1,ㄉㄢˋ ㄕㄨㄟˇ ㄕㄥ ㄊㄞˋ ㄒㄧˋ
深山出俊鳥,1,ㄕㄣ ㄕㄢ ㄔㄨ ㄐㄩㄣˋ ㄋㄧㄠˇ
深海定位器,1,ㄕㄣ ㄏㄞˇ ㄉㄧㄥˋ ㄨㄟˋ ㄑㄧˋ
混循環小數,1,ㄏㄨㄣˋ ㄒㄩㄣˊ ㄏㄨㄢˊ ㄒㄧㄠˇ ㄕㄨˋ
清明上河圖,1,ㄑㄧㄥ ㄇㄧㄥˊ ㄕㄤˋ ㄏㄜˊ ㄊㄨˊ
清水下雜麵,1,ㄑㄧㄥ ㄕㄨㄟˇ ㄒㄧㄚˋ ㄗㄚˊ ㄇㄧㄢˋ
測視照相機,1,ㄘㄜˋ ㄕˋ ㄓㄠˋ ㄒㄧㄤˋ ㄐㄧ
游僧攢住持,1,ㄧㄡˊ ㄙㄥ ㄘㄨㄢˊ ㄓㄨˋ ㄔˊ
湘桂黔鐵路,1,ㄒㄧㄤ ㄍㄨㄟˋ ㄑㄧㄢˊ ㄊㄧㄝˇ ㄌㄨˋ
滑鐵盧之役,1,ㄏㄨㄚˊ ㄊㄧㄝˇ ㄌㄨˊ ㄓ ㄧˋ
滬杭甬鐵路,1,ㄏㄨˋ ㄏㄤˊ ㄩㄥˇ ㄊㄧㄝˇ ㄌㄨˋ
滾水潑老鼠,1,ㄍㄨㄣˇ ㄕㄨㄟˇ ㄆㄛ ㄌㄠˇ ㄕㄨˇ
滾石合唱團,1,ㄍㄨㄣˇ ㄕˊ ㄏㄜˊ ㄔㄤˋ ㄊㄨㄢˊ
滿嘴跑舌頭,1,ㄇㄢˇ ㄗㄨㄟˇ ㄆㄠˇ ㄕㄜˊ ㄊㄡ˙
滿壘全壘打,1,ㄇㄢˇ ㄌㄟˇ ㄑㄩㄢˊ ㄌㄟˇ ㄉㄚˇ
漏斗狀花冠,1,ㄌㄡˋ ㄉㄡˇ ㄓㄨㄤˋ ㄏㄨㄚ ㄍㄨㄢ
漏甕沃焦釜,1,ㄌㄡˋ ㄨㄥˋ ㄨㄛˋ ㄐㄧㄠ ㄈㄨˇ
漏眼不藏絲,1,ㄌㄡˋ ㄧㄢˇ ㄅㄨˋ ㄘㄤˊ ㄙ
漏電斷路器,1,ㄌㄡˋ ㄉㄧㄢˋ ㄉㄨㄢˋ ㄌㄨˋ ㄑㄧˋ
漏風的巴掌,1,ㄌㄡˋ ㄈㄥ ㄉㄜ˙ ㄅㄚ ㄓㄤ˙
演算邏輯部,1,ㄧㄢˇ ㄙㄨㄢˋ ㄌㄨㄛˊ ㄐㄧˊ ㄅㄨˋ
漢書藝文志,1,ㄏㄢˋ ㄕㄨ ㄧˋ ㄨㄣˊ ㄓˋ
漢武帝內傳,1,ㄏㄢˋ ㄨˇ ㄉㄧˋ ㄋㄟˋ ㄓㄨㄢˋ
漢賊不兩立,1,ㄏㄢˋ ㄗㄟˊ ㄅㄨˋ ㄌㄧㄤˇ ㄌㄧˋ
漫上不漫下,1,ㄇㄢˋ ㄕㄤˋ ㄅㄨˋ ㄇㄢˋ ㄒㄧㄚˋ
潛意識歷程,1,ㄑㄧㄢˊ ㄧˋ ㄕˋ ㄌㄧˋ ㄔㄥˊ
澱粉類作物,1,ㄉㄧㄢˋ ㄈㄣˇ ㄌㄟˋ ㄗㄨㄛˋ ㄨˋ
澳大拉西亞,1,ㄠˋ ㄉㄚˋ ㄌㄚ ㄒㄧ ㄧㄚˋ
濕肉伴乾柴,1,ㄕ ㄖㄡˋ ㄅㄢˋ ㄍㄢ ㄔㄞˊ
火上弄冰凌,1,ㄏㄨㄛˇ ㄕㄤˋ ㄋㄨㄥˋ ㄅㄧㄥ ㄌㄧㄥˊ
火焰噴射器,1,ㄏㄨㄛˇ ㄧㄢˋ ㄆㄣ ㄕㄜˋ ㄑㄧˋ
火燒紅蓮寺,1,ㄏㄨㄛˇ ㄕㄠ ㄏㄨㄥˊ ㄌㄧㄢˊ ㄙˋ
火車頭工業,1,ㄏㄨㄛˇ ㄔㄜ ㄊㄡˊ ㄍㄨㄥ ㄧㄝˋ
烏孜別克族,1,ㄨ ㄗ ㄅㄧㄝˊ ㄎㄜˋ ㄗㄨˊ
烏梁海盆地,1,ㄨ ㄌㄧㄤˊ ㄏㄞˇ ㄆㄣˊ ㄉㄧˋ
烏茲衝鋒槍,1,ㄨ ㄗ ㄔㄨㄥ ㄈㄥ ㄑㄧㄤ
烏里雅蘇臺,1,ㄨ ㄌㄧˇ ㄧㄚˇ ㄙㄨ ㄊㄞˊ
烏魯克穆河,1,ㄨ ㄌㄨˇ ㄎㄜˋ ㄇㄨˋ ㄏㄜˊ
無任所大使,1,ㄨˊ ㄖㄣˋ ㄙㄨㄛˇ ㄉㄚˋ ㄕˇ
無何有之鄉,1,ㄨˊ ㄏㄜˊ ㄧㄡˇ ㄓ ㄒㄧㄤ
無佛處稱尊,1,ㄨˊ ㄈㄛˊ ㄔㄨˋ ㄔㄥ ㄗㄨㄣ
無光探照燈,1,ㄨˊ ㄍㄨㄤ ㄊㄢˋ ㄓㄠˋ ㄉㄥ
無功不受祿,1,ㄨˊ ㄍㄨㄥ ㄅㄨˋ ㄕㄡˋ ㄌㄨˋ
無可無不可,1,ㄨˊ ㄎㄜˇ ㄨˊ ㄅㄨˋ ㄎㄜˇ
無害通過權,1,ㄨˊ ㄏㄞˋ ㄊㄨㄥ ㄍㄨㄛˋ ㄑㄩㄢˊ
無容身之地,1,ㄨˊ ㄖㄨㄥˊ ㄕㄣ ㄓ ㄉㄧˋ
無實體公債,1,ㄨˊ ㄕˊ ㄊㄧˇ ㄍㄨㄥ ㄓㄞˋ
無巧不成話,1,ㄨˊ ㄑㄧㄠˇ ㄅㄨˋ ㄔㄥˊ ㄏㄨㄚˋ
無所措手足,1,ㄨˊ ㄙㄨㄛˇ ㄘㄨㄛˋ ㄕㄡˇ ㄗㄨˊ
無毒不丈夫,1,ㄨˊ ㄉㄨˊ ㄅㄨˋ ㄓㄤˋ ㄈㄨ
無煙囪工業,1,ㄨˊ ㄧㄢ ㄘㄨㄥ ㄍㄨㄥ ㄧㄝˋ
無病一身輕,1,ㄨˊ ㄅㄧㄥˋ ㄧ ㄕㄣ ㄑㄧㄥ
無立錐之地,1,ㄨˊ ㄌㄧˋ ㄓㄨㄟ ㄓ ㄉㄧˋ
無紙化作業,1,ㄨˊ ㄓˇ ㄏㄨㄚˋ ㄗㄨㄛˋ ㄧㄝˋ
無線電傳真,1,ㄨˊ ㄒㄧㄢˋ ㄉㄧㄢˋ ㄔㄨㄢˊ ㄓㄣ
無線麥克風,1,ㄨˊ ㄒㄧㄢˋ ㄇㄞˋ ㄎㄜˋ ㄈㄥ
無縛雞之力,1,ㄨˊ ㄈㄨˊ ㄐㄧ ㄓ ㄌㄧˋ
無缺點計畫,1,ㄨˊ ㄑㄩㄝ ㄉㄧㄢˇ ㄐㄧˋ ㄏㄨㄚˋ
無脊椎動物,1,ㄨˊ ㄐㄧˇ ㄓㄨㄟ ㄉㄨㄥˋ ㄨˋ
無謊不成媒,1,ㄨˊ ㄏㄨㄤˇ ㄅㄨˋ ㄔㄥˊ ㄇㄟˊ
無謊不成狀,1,ㄨˊ ㄏㄨㄤˇ ㄅㄨˋ ㄔㄥˊ ㄓㄨㄤˋ
無責任劇評,1,ㄨˊ ㄗㄜˊ ㄖㄣˋ ㄐㄩˋ ㄆㄧㄥˊ
無針不引線,1,ㄨˊ ㄓㄣ ㄅㄨˋ ㄧㄣˇ ㄒㄧㄢˋ
無障礙環境,1,ㄨˊ ㄓㄤˋ ㄞˋ ㄏㄨㄢˊ ㄐㄧㄥˋ
無面值郵票,1,ㄨˊ ㄇㄧㄢˋ ㄓˊ ㄧㄡˊ ㄆㄧㄠˋ
照相打字機,1,ㄓㄠˋ ㄒㄧㄤˋ ㄉㄚˇ ㄗˋ ㄐㄧ
照葫蘆畫瓢,1,ㄓㄠˋ ㄏㄨˊ ㄌㄨ˙ ㄏㄨㄚˋ ㄆㄧㄠˊ
熱力性紊流,1,ㄖㄜˋ ㄌㄧˋ ㄒㄧㄥˋ ㄨㄣˋ ㄌㄧㄡˊ
熱地上蚰蜒,1,ㄖㄜˋ ㄉㄧˋ ㄕㄤˋ ㄧㄡˊ ㄧㄢˊ
熱帶栽培業,1,ㄖㄜˋ ㄉㄞˋ ㄗㄞ ㄆㄟˊ ㄧㄝˋ
熱鍋上螞蟻,1,ㄖㄜˋ ㄍㄨㄛ ㄕㄤˋ ㄇㄚˇ ㄧˇ
燈臺不自照,1,ㄉㄥ ㄊㄞˊ ㄅㄨˋ ㄗˋ ㄓㄠˋ
燈草心打鼓,1,ㄉㄥ ㄘㄠˇ ㄒㄧㄣ ㄉㄚˇ ㄍㄨˇ
燕京歲時記,1,ㄧㄢ ㄐㄧㄥ ㄙㄨㄟˋ ㄕˊ ㄐㄧˋ
燕樂半字譜,1,ㄧㄢˋ ㄩㄝˋ ㄅㄢˋ ㄗˋ ㄆㄨˇ
燕雲十六州,1,ㄧㄢ ㄩㄣˊ ㄕˊ ㄌㄧㄡˋ ㄓㄡ
營業加值稅,1,ㄧㄥˊ ㄧㄝˋ ㄐㄧㄚ ㄓˊ ㄕㄨㄟˋ
營養強化蛋,1,ㄧㄥˊ ㄧㄤˇ ㄑㄧㄤˊ ㄏㄨㄚˋ ㄉㄢˋ
爛泥防有刺,1,ㄌㄢˋ ㄋㄧˊ ㄈㄤˊ ㄧㄡˇ ㄘˋ
爬蟲類動物,1,ㄆㄚˊ ㄔㄨㄥˊ ㄌㄟˋ ㄉㄨㄥˋ ㄨˋ
父不償子債,1,ㄈㄨˋ ㄅㄨˋ ㄔㄤˊ ㄗˇ ㄓㄞˋ
牆倒眾人推,1,ㄑㄧㄤˊ ㄉㄠˇ ㄓㄨㄥˋ ㄖㄣˊ ㄊㄨㄟ
版版六十四,1,ㄅㄢˇ ㄅㄢˇ ㄌㄧㄡˋ ㄕˊ ㄙˋ
牙科矯正學,1,ㄧㄚˊ ㄎㄜ ㄐㄧㄠˇ ㄓㄥˋ ㄒㄩㄝˊ
牡丹社事件,1,ㄇㄨˇ ㄉㄢ ㄕㄜˋ ㄕˋ ㄐㄧㄢˋ
物不平則鳴,1,ㄨˋ ㄅㄨˋ ㄆㄧㄥˊ ㄗㄜˊ ㄇㄧㄥˊ
物質不滅律,1,ㄨˋ ㄓˊ ㄅㄨˋ ㄇㄧㄝˋ ㄌㄩˋ
特別扣除額,1,ㄊㄜˋ ㄅㄧㄝˊ ㄎㄡˋ ㄔㄨˊ ㄜˊ
特定免稅人,1,ㄊㄜˋ ㄉㄧㄥˋ ㄇㄧㄢˇ ㄕㄨㄟˋ ㄖㄣˊ
特殊奧運會,1,ㄊㄜˋ ㄕㄨ ㄠˋ ㄩㄣˋ ㄏㄨㄟˋ
特洛伊星群,1,ㄊㄜˋ ㄌㄨㄛˋ ㄧ ㄒㄧㄥ ㄑㄩㄣˊ
特洛伊木馬,1,ㄊㄜˋ ㄌㄨㄛˋ ㄧ ㄇㄨˋ ㄇㄚˇ
犯罪嫌疑人,1,ㄈㄢˋ ㄗㄨㄟˋ ㄒㄧㄢˊ ㄧˊ ㄖㄣˊ
狂犬病疫苗,1,ㄎㄨㄤˊ ㄑㄩㄢˇ ㄅㄧㄥˋ ㄧˋ ㄇㄧㄠˊ
狄斯奈樂園,1,ㄉㄧˊ ㄙ ㄋㄞˋ ㄌㄜˋ ㄩㄢˊ
狄斯耐卡通,1,ㄉㄧˊ ㄙ ㄋㄞˋ ㄎㄚˇ ㄊㄨㄥ
狄斯耐樂園,1,ㄉㄧˊ ㄙ ㄋㄞˋ ㄌㄜˋ ㄩㄢˊ
狗子夾尾巴,1,ㄍㄡˇ ㄗ˙ ㄐㄧㄚˊ ㄨㄟˇ ㄅㄚ˙
狗攬三堆屎,1,ㄍㄡˇ ㄌㄢˇ ㄙㄢ ㄉㄨㄟ ㄕˇ
狗頭上生角,1,ㄍㄡˇ ㄊㄡˊ ㄕㄤˋ ㄕㄥ ㄐㄧㄠˇ
狗餂熱煎盤,1,ㄍㄡˇ ㄊㄧㄢˇ ㄖㄜˋ ㄐㄧㄢ ㄆㄢˊ
猢猻入布袋,1,ㄏㄨˊ ㄙㄨㄣ ㄖㄨˋ ㄅㄨˋ ㄉㄞˋ
猶加敦半島,1,ㄧㄡˊ ㄐㄧㄚ ㄉㄨㄣ ㄅㄢˋ ㄉㄠˇ
猶加敦海峽,1,ㄧㄡˊ ㄐㄧㄚ ㄉㄨㄣ ㄏㄞˇ ㄒㄧㄚˊ
猶太屯墾區,1,ㄧㄡˊ ㄊㄞˋ ㄊㄨㄣˊ ㄎㄣˇ ㄑㄩ
獅子大開口,1,ㄕ ㄗ˙ ㄉㄚˋ ㄎㄞ ㄎㄡˇ
獨樹不成林,1,ㄉㄨˊ ㄕㄨˋ ㄅㄨˋ ㄔㄥˊ ㄌㄧㄣˊ
獨陽則不長,1,ㄉㄨˊ ㄧㄤˊ ㄗㄜˊ ㄅㄨˋ ㄓㄤˇ
玉茗堂四夢,1,ㄩˋ ㄇㄧㄥˊ ㄊㄤˊ ㄙˋ ㄇㄥˋ
王八看綠豆,1,ㄨㄤˊ ㄅㄚ˙ ㄎㄢˋ ㄌㄩˋ ㄉㄡˋ
王老五賣瓜,1,ㄨㄤˊ ㄌㄠˇ ㄨˇ ㄇㄞˋ ㄍㄨㄚ
玻璃質肥料,1,ㄅㄛ ㄌㄧ˙ ㄓˊ ㄈㄟˊ ㄌㄧㄠˋ
珍珠港事件,1,ㄓㄣ ㄓㄨ ㄍㄤˇ ㄕˋ ㄐㄧㄢˋ
班克斯群島,1,ㄅㄢ ㄎㄜˋ ㄙ ㄑㄩㄣˊ ㄉㄠˇ
現代芭蕾舞,1,ㄒㄧㄢˋ ㄉㄞˋ ㄅㄚ ㄌㄟˇ ㄨˇ
琅邪臺刻石,1,ㄌㄤˊ ㄧㄝˊ ㄊㄞˊ ㄎㄜˋ ㄕˊ
瑣羅亞斯德,1,ㄙㄨㄛˇ ㄌㄨㄛˊ ㄧㄚˋ ㄙ ㄉㄜˊ
瑪莎葛蘭姆,1,ㄇㄚˇ ㄕㄚ ㄍㄜˇ ㄌㄢˊ ㄇㄨˇ
瑪麗蓮夢露,1,ㄇㄚˇ ㄌㄧˋ ㄌㄧㄢˊ ㄇㄥˋ ㄌㄨˋ
環境地質學,1,ㄏㄨㄢˊ ㄐㄧㄥˋ ㄉㄧˋ ㄓˊ ㄒㄩㄝˊ
瓜地馬拉市,1,ㄍㄨㄚ ㄉㄧˋ ㄇㄚˇ ㄌㄚ ㄕˋ
甘瓜抱苦蒂,1,ㄍㄢ ㄍㄨㄚ ㄅㄠˋ ㄎㄨˇ ㄉㄧˋ
甘羅說趙王,1,ㄍㄢ ㄌㄨㄛˊ ㄕㄨㄟˋ ㄓㄠˋ ㄨㄤˊ
甜檸檬心理,1,ㄊㄧㄢˊ ㄋㄧㄥˊ ㄇㄥˊ ㄒㄧㄣ ㄌㄧˇ
生命共同體,1,ㄕㄥ ㄇㄧㄥˋ ㄍㄨㄥˋ ㄊㄨㄥˊ ㄊㄧˇ
生死見交情,1,ㄕㄥ ㄙˇ ㄐㄧㄢˋ ㄐㄧㄠ ㄑㄧㄥˊ
田園交響曲,1,ㄊㄧㄢˊ ㄩㄢˊ ㄐㄧㄠ ㄒㄧㄤˇ ㄑㄩˇ
田橫客笑人,1,ㄊㄧㄢˊ ㄏㄥˊ ㄎㄜˋ ㄒㄧㄠˋ ㄖㄣˊ
甲種國庫券,1,ㄐㄧㄚˇ ㄓㄨㄥˇ ㄍㄨㄛˊ ㄎㄨˋ ㄑㄩㄢˋ
男女不親授,1,ㄋㄢˊ ㄋㄩˇ ㄅㄨˋ ㄑㄧㄣ ㄕㄡˋ
異卵雙胞胎,1,ㄧˋ ㄌㄨㄢˇ ㄕㄨㄤ ㄅㄠ ㄊㄞ
異常心理學,1,ㄧˋ ㄔㄤˊ ㄒㄧㄣ ㄌㄧˇ ㄒㄩㄝˊ
異端裁判所,1,ㄧˋ ㄉㄨㄢ ㄘㄞˊ ㄆㄢˋ ㄙㄨㄛˇ
異菸鹼醯酸,1,ㄧˋ ㄧㄢ ㄐㄧㄢˇ ㄒㄧ ㄙㄨㄢ
異部宗輪論,1,ㄧˋ ㄅㄨˋ ㄗㄨㄥ ㄌㄨㄣˊ ㄌㄨㄣˋ
當衣買酒喝,1,ㄉㄤˋ ㄧ ㄇㄞˇ ㄐㄧㄡˇ ㄏㄜ
疑問代名詞,1,ㄧˊ ㄨㄣˋ ㄉㄞˋ ㄇㄧㄥˊ ㄘˊ
疤瘌流星的,1,ㄅㄚ ㄌㄚ˙ ㄌㄧㄡˊ ㄒㄧㄥ ㄉㄜ˙
疾行無善跡,1,ㄐㄧˊ ㄒㄧㄥˊ ㄨˊ ㄕㄢˋ ㄐㄧ
疾風掃秋葉,1,ㄐㄧˊ ㄈㄥ ㄙㄠˇ ㄑㄧㄡ ㄧㄝˋ
病僧勸患僧,1,ㄅㄧㄥˋ ㄙㄥ ㄑㄩㄢˋ ㄏㄨㄢˋ ㄙㄥ
病毒性肝炎,1,ㄅㄧㄥˋ ㄉㄨˊ ㄒㄧㄥˋ ㄍㄢ ㄧㄢˊ
病篤亂投醫,1,ㄅㄧㄥˋ ㄉㄨˇ ㄌㄨㄢˋ ㄊㄡˊ ㄧ
瘸和尚說法,1,ㄑㄩㄝˊ ㄏㄜˊ ㄕㄤ˙ ㄕㄨㄛ ㄈㄚˇ
登高必跌重,1,ㄉㄥ ㄍㄠ ㄅㄧˋ ㄉㄧㄝˊ ㄓㄨㄥˋ
發音合作人,1,ㄈㄚ ㄧㄣ ㄏㄜˊ ㄗㄨㄛˋ ㄖㄣˊ
白俄羅斯人,1,ㄅㄞˊ ㄜˊ ㄌㄨㄛˊ ㄙ ㄖㄣˊ
白努利定理,1,ㄅㄞˊ ㄋㄨˇ ㄌㄧˋ ㄉㄧㄥˋ ㄌㄧˇ
白宮幕僚長,1,ㄅㄞˊ ㄍㄨㄥ ㄇㄨˋ ㄌㄧㄠˊ ㄓㄤˇ
白眼望青天,1,ㄅㄞˊ ㄧㄢˇ ㄨㄤˋ ㄑㄧㄥ ㄊㄧㄢ
白背浮塵子,1,ㄅㄞˊ ㄅㄟˋ ㄈㄨˊ ㄔㄣˊ ㄗˇ
白荷蘭翹搖,1,ㄅㄞˊ ㄏㄜˊ ㄌㄢˊ ㄑㄧㄠˋ ㄧㄠˊ
白話文運動,1,ㄅㄞˊ ㄏㄨㄚˋ ㄨㄣˊ ㄩㄣˋ ㄉㄨㄥˋ
白馬非馬說,1,ㄅㄞˊ ㄇㄚˇ ㄈㄟ ㄇㄚˇ ㄕㄨㄛ
白鹿洞書院,1,ㄅㄞˊ ㄌㄨˋ ㄉㄨㄥˋ ㄕㄨ ㄩㄢˋ
百慕達群島,1,ㄅㄞˇ ㄇㄨˋ ㄉㄚˊ ㄑㄩㄣˊ ㄉㄠˇ
百步無輕擔,1,ㄅㄞˇ ㄅㄨˋ ㄨˊ ㄑㄧㄥ ㄉㄢˋ
百科全書派,1,ㄅㄞˇ ㄎㄜ ㄑㄩㄢˊ ㄕㄨ ㄆㄞˋ
的的喀喀湖,1,ㄉㄧˊ ㄉㄧˊ ㄎㄚˋ ㄎㄚˋ ㄏㄨˊ
皇輿全覽圖,1,ㄏㄨㄤˊ ㄩˊ ㄑㄩㄢˊ ㄌㄢˇ ㄊㄨˊ
皮內反應法,1,ㄆㄧˊ ㄋㄟˋ ㄈㄢˇ ㄧㄥˋ ㄈㄚˇ
皮氏花仙螺,1,ㄆㄧˊ ㄕˋ ㄏㄨㄚ ㄒㄧㄢ ㄌㄨㄛˊ
皮爾卡登獎,1,ㄆㄧˊ ㄦˇ ㄎㄚˇ ㄉㄥ ㄐㄧㄤˇ
皮笑肉不笑,1,ㄆㄧˊ ㄒㄧㄠˋ ㄖㄡˋ ㄅㄨˋ ㄒㄧㄠˋ
皮脂腺囊腫,1,ㄆㄧˊ ㄓ ㄒㄧㄢˋ ㄋㄤˊ ㄓㄨㄥˇ
皮蛋瘦肉粥,1,ㄆㄧˊ ㄉㄢˋ ㄕㄡˋ ㄖㄡˋ ㄓㄡ
益州名畫錄,1,ㄧˋ ㄓㄡ ㄇㄧㄥˊ ㄏㄨㄚˋ ㄌㄨˋ
盒式錄音帶,1,ㄏㄜˊ ㄕˋ ㄌㄨˋ ㄧㄣ ㄉㄞˋ
盤古氏夫妻,1,ㄆㄢˊ ㄍㄨˇ ㄕˋ ㄈㄨ ㄑㄧ
盤頭大閨女,1,ㄆㄢˊ ㄊㄡˊ ㄉㄚˋ ㄍㄨㄟ ㄋㄩˇ
盧溝橋事件,1,ㄌㄨˊ ㄍㄡ ㄑㄧㄠˊ ㄕˋ ㄐㄧㄢˋ
盧溝橋事變,1,ㄌㄨˊ ㄍㄡ ㄑㄧㄠˊ ㄕˋ ㄅㄧㄢˋ
盧醫不自醫,1,ㄌㄨˊ ㄧ ㄅㄨˋ ㄗˋ ㄧ
目下有臥蠶,1,ㄇㄨˋ ㄒㄧㄚˋ ㄧㄡˇ ㄨㄛˋ ㄘㄢˊ
目短於自見,1,ㄇㄨˋ ㄉㄨㄢˇ ㄩˊ ㄗˋ ㄐㄧㄢˋ
盲人騎瞎馬,1,ㄇㄤˊ ㄖㄣˊ ㄑㄧˊ ㄒㄧㄚ ㄇㄚˇ
盲目不盲心,1,ㄇㄤˊ ㄇㄨˋ ㄅㄨˋ ㄇㄤˊ ㄒㄧㄣ
直排輪刀鞋,1,ㄓˊ ㄆㄞˊ ㄌㄨㄣˊ ㄉㄠ ㄒㄧㄝˊ
直接教學法,1,ㄓˊ ㄐㄧㄝ ㄐㄧㄠˋ ㄒㄩㄝˊ ㄈㄚˇ
直線加速器,1,ㄓˊ ㄒㄧㄢˋ ㄐㄧㄚ ㄙㄨˋ ㄑㄧˋ
相似多邊形,1,ㄒㄧㄤ ㄙˋ ㄉㄨㄛ ㄅㄧㄢ ㄒㄧㄥˊ
眉毛都會笑,1,ㄇㄟˊ ㄇㄠˊ ㄉㄡ ㄏㄨㄟˋ ㄒㄧㄠˋ
真人不露相,1,ㄓㄣ ㄖㄣˊ ㄅㄨˋ ㄌㄡˋ ㄒㄧㄤˋ
真草千字文,1,ㄓㄣ ㄘㄠˇ ㄑㄧㄢ ㄗˋ ㄨㄣˊ
真金不怕火,1,ㄓㄣ ㄐㄧㄣ ㄅㄨˋ ㄆㄚˋ ㄏㄨㄛˇ
眼不見為淨,1,ㄧㄢˇ ㄅㄨˋ ㄐㄧㄢˋ ㄨㄟˊ ㄐㄧㄥˋ
眼球乾燥症,1,ㄧㄢˇ ㄑㄧㄡˊ ㄍㄢ ㄗㄠˋ ㄓㄥˋ
眼皮子底下,1,ㄧㄢˇ ㄆㄧˊ ㄗ˙ ㄉㄧˇ ㄒㄧㄚ˙
眾怒如水火,1,ㄓㄨㄥˋ ㄋㄨˋ ㄖㄨˊ ㄕㄨㄟˇ ㄏㄨㄛˇ
眾曲不容直,1,ㄓㄨㄥˋ ㄑㄩ ㄅㄨˋ ㄖㄨㄥˊ ㄓˊ
睜眼跳黃河,1,ㄓㄥ ㄧㄢˇ ㄊㄧㄠˋ ㄏㄨㄤˊ ㄏㄜˊ
睡虎地秦簡,1,ㄕㄨㄟˋ ㄏㄨˇ ㄉㄧˋ ㄑㄧㄣˊ ㄐㄧㄢˇ
睪丸未降症,1,ㄍㄠ ㄨㄢˊ ㄨㄟˋ ㄐㄧㄤˋ ㄓㄥˋ
瞎倉官收糧,1,ㄒㄧㄚ ㄘㄤ ㄍㄨㄢ ㄕㄡ ㄌㄧㄤˊ
瞎子吃湯圓,1,ㄒㄧㄚ ㄗ˙ ㄔ ㄊㄤ ㄩㄢˊ
瞎子看電影,1,ㄒㄧㄚ ㄗ˙ ㄎㄢˋ ㄉㄧㄢˋ ㄧㄥˇ
瞎子起房子,1,ㄒㄧㄚ ㄗ˙ ㄑㄧˇ ㄈㄤˊ ㄗ˙
瞞上不瞞下,1,ㄇㄢˊ ㄕㄤˋ ㄅㄨˋ ㄇㄢˊ ㄒㄧㄚˋ
矛盾方程式,1,ㄇㄠˊ ㄉㄨㄣˋ ㄈㄤ ㄔㄥˊ ㄕˋ
知一不知十,1,ㄓ ㄧ ㄅㄨˋ ㄓ ㄕˊ
矩陣印字機,1,ㄐㄩˇ ㄓㄣˋ ㄧㄣˋ ㄗˋ ㄐㄧ
石棉沉著病,1,ㄕˊ ㄇㄧㄢˊ ㄔㄣˊ ㄓㄨㄛˊ ㄅㄧㄥˋ
破傷風桿菌,1,ㄆㄛˋ ㄕㄤ ㄈㄥ ㄍㄢˇ ㄐㄩㄣˋ
破產管理人,1,ㄆㄛˋ ㄔㄢˇ ㄍㄨㄢˇ ㄌㄧˇ ㄖㄣˊ
破裂摩擦音,1,ㄆㄛˋ ㄌㄧㄝˋ ㄇㄛˊ ㄘㄚ ㄧㄣ
破財是擋災,1,ㄆㄛˋ ㄘㄞˊ ㄕˋ ㄉㄤˇ ㄗㄞ
硬打軟熟和,1,ㄧㄥˋ ㄉㄚˇ ㄖㄨㄢˇ ㄕㄡˊ ㄏㄜ˙
碗內拿蒸餅,1,ㄨㄢˇ ㄋㄟˋ ㄋㄚˊ ㄓㄥ ㄅㄧㄥˇ
碳的化合物,1,ㄊㄢˋ ㄉㄜ˙ ㄏㄨㄚˋ ㄏㄜˊ ㄨˋ
磁卡閱讀機,1,ㄘˊ ㄎㄚˇ ㄩㄝˋ ㄉㄨˊ ㄐㄧ
磕頭如搗蒜,1,ㄎㄜ ㄊㄡˊ ㄖㄨˊ ㄉㄠˇ ㄙㄨㄢˋ
礦石收音機,1,ㄎㄨㄤˋ ㄕˊ ㄕㄡ ㄧㄣ ㄐㄧ
社會病理學,1,ㄕㄜˋ ㄏㄨㄟˋ ㄅㄧㄥˋ ㄌㄧˇ ㄒㄩㄝˊ
社會總供給,1,ㄕㄜˋ ㄏㄨㄟˋ ㄗㄨㄥˇ ㄍㄨㄥ ㄐㄧˇ
社會總需求,1,ㄕㄜˋ ㄏㄨㄟˋ ㄗㄨㄥˇ ㄒㄩ ㄑㄧㄡˊ
神仙一把抓,1,ㄕㄣˊ ㄒㄧㄢ ㄧ ㄅㄚˇ ㄓㄨㄚ
神農本草經,1,ㄕㄣˊ ㄋㄨㄥˊ ㄅㄣˇ ㄘㄠˇ ㄐㄧㄥ
票據交易所,1,ㄆㄧㄠˋ ㄐㄩˋ ㄐㄧㄠ ㄧˋ ㄙㄨㄛˇ
祭十二郎文,1,ㄐㄧˋ ㄕˊ ㄦˋ ㄌㄤˊ ㄨㄣˊ
祭神如神在,1,ㄐㄧˋ ㄕㄣˊ ㄖㄨˊ ㄕㄣˊ ㄗㄞˋ
禮不下庶人,1,ㄌㄧˇ ㄅㄨˋ ㄒㄧㄚˋ ㄕㄨˋ ㄖㄣˊ
禮多人不怪,1,ㄌㄧˇ ㄉㄨㄛ ㄖㄣˊ ㄅㄨˋ ㄍㄨㄞˋ
禮豈為我設,1,ㄌㄧˇ ㄑㄧˇ ㄨㄟˋ ㄨㄛˇ ㄕㄜˋ
禾穀類作物,1,ㄏㄜˊ ㄍㄨˇ ㄌㄟˋ ㄗㄨㄛˋ ㄨˋ
秀才遇到兵,1,ㄒㄧㄡˋ ㄘㄞˊ ㄩˋ ㄉㄠˋ ㄅㄧㄥ
私有財產制,1,ㄙ ㄧㄡˇ ㄘㄞˊ ㄔㄢˇ ㄓˋ
科布多盆地,1,ㄎㄜ ㄅㄨˋ ㄉㄨㄛ ㄆㄣˊ ㄉㄧˋ
科技示範戶,1,ㄎㄜ ㄐㄧˋ ㄕˋ ㄈㄢˋ ㄏㄨˋ
科羅拉多州,1,ㄎㄜ ㄌㄨㄛˊ ㄌㄚ ㄉㄨㄛ ㄓㄡ
秘魯共和國,1,ㄅㄧˋ ㄌㄨˇ ㄍㄨㄥˋ ㄏㄜˊ ㄍㄨㄛˊ
秦王破陣樂,1,ㄑㄧㄣˊ ㄨㄤˊ ㄆㄛˋ ㄓㄣˋ ㄩㄝˋ
秦穆殺三良,1,ㄑㄧㄣˊ ㄇㄨˋ ㄕㄚ ㄙㄢ ㄌㄧㄤˊ
程式流程圖,1,ㄔㄥˊ ㄕˋ ㄌㄧㄡˊ ㄔㄥˊ ㄊㄨˊ
程式設計員,1,ㄔㄥˊ ㄕˋ ㄕㄜˋ ㄐㄧˋ ㄩㄢˊ
稻米的文化,1,ㄉㄠˋ ㄇㄧˇ ㄉㄜ˙ ㄨㄣˊ ㄏㄨㄚˋ
穆罕默德曆,1,ㄇㄨˋ ㄏㄢˇ ㄇㄛˋ ㄉㄜˊ ㄌㄧˋ
空中管制站,1,ㄎㄨㄥ ㄓㄨㄥ ㄍㄨㄢˇ ㄓˋ ㄓㄢˋ
空心大老官,1,ㄎㄨㄥ ㄒㄧㄣ ㄉㄚˋ ㄌㄠˇ ㄍㄨㄢ
空梁落燕泥,1,ㄎㄨㄥ ㄌㄧㄤˊ ㄌㄨㄛˋ ㄧㄢˋ ㄋㄧˊ
空權決定論,1,ㄎㄨㄥ ㄑㄩㄢˊ ㄐㄩㄝˊ ㄉㄧㄥˋ ㄌㄨㄣˋ
空氣動力學,1,ㄎㄨㄥ ㄑㄧˋ ㄉㄨㄥˋ ㄌㄧˋ ㄒㄩㄝˊ
空氣調節機,1,ㄎㄨㄥ ㄑㄧˋ ㄊㄧㄠˊ ㄐㄧㄝˊ ㄐㄧ
空防辨識圈,1,ㄎㄨㄥ ㄈㄤˊ ㄅㄧㄢˋ ㄕˋ ㄑㄩㄢ
穿一條褲子,1,ㄔㄨㄢ ㄧ ㄊㄧㄠˊ ㄎㄨˋ ㄗ˙
穿二尺半的,1,ㄔㄨㄢ ㄦˋ ㄔˇ ㄅㄢˋ ㄉㄜ˙
窗型冷氣機,1,ㄔㄨㄤ ㄒㄧㄥˊ ㄌㄥˇ ㄑㄧˋ ㄐㄧ
窨子裡秋月,1,ㄧㄣˋ ㄗ˙ ㄌㄧˇ ㄑㄧㄡ ㄩㄝˋ
窩闊臺汗國,1,ㄨㄛ ㄎㄨㄛˋ ㄊㄞˊ ㄏㄢˊ ㄍㄨㄛˊ
立體停車場,1,ㄌㄧˋ ㄊㄧˇ ㄊㄧㄥˊ ㄔㄜ ㄔㄤˊ
立體照相機,1,ㄌㄧˋ ㄊㄧˇ ㄓㄠˋ ㄒㄧㄤˋ ㄐㄧ
立體身歷聲,1,ㄌㄧˋ ㄊㄧˇ ㄕㄣ ㄌㄧˋ ㄕㄥ
笑比黃河清,1,ㄒㄧㄠˋ ㄅㄧˇ ㄏㄨㄤˊ ㄏㄜˊ ㄑㄧㄥ
第一手資料,1,ㄉㄧˋ ㄧ ㄕㄡˇ ㄗ ㄌㄧㄠˋ
第一把交椅,1,ㄉㄧˋ ㄧ ㄅㄚˇ ㄐㄧㄠ ㄧˇ
第一準備金,1,ㄉㄧˋ ㄧ ㄓㄨㄣˇ ㄅㄟˋ ㄐㄧㄣ
第一類接觸,1,ㄉㄧˋ ㄧ ㄌㄟˋ ㄐㄧㄝ ㄔㄨˋ
第三度空間,1,ㄉㄧˋ ㄙㄢ ㄉㄨˋ ㄎㄨㄥ ㄐㄧㄢ
第三類接觸,1,ㄉㄧˋ ㄙㄢ ㄌㄟˋ ㄐㄧㄝ ㄔㄨˋ
第二手資料,1,ㄉㄧˋ ㄦˋ ㄕㄡˇ ㄗ ㄌㄧㄠˋ
第二類接觸,1,ㄉㄧˋ ㄦˋ ㄌㄟˋ ㄐㄧㄝ ㄔㄨˋ
第四類接觸,1,ㄉㄧˋ ㄙˋ ㄌㄟˋ ㄐㄧㄝ ㄔㄨˋ
筆畫檢字法,1,ㄅㄧˇ ㄏㄨㄚˋ ㄐㄧㄢˇ ㄗˋ ㄈㄚˇ
筆記型電腦,1,ㄅㄧˇ ㄐㄧˋ ㄒㄧㄥˊ ㄉㄧㄢˋ ㄋㄠˇ
策略性工業,1,ㄘㄜˋ ㄌㄩㄝˋ ㄒㄧㄥˋ ㄍㄨㄥ ㄧㄝˋ
算術平均數,1,ㄙㄨㄢˋ ㄕㄨˋ ㄆㄧㄥˊ ㄐㄩㄣ ㄕㄨˋ
簡易包紮法,1,ㄐㄧㄢˇ ㄧˋ ㄅㄠ ㄗㄚ ㄈㄚˇ
籃下三秒鐘,1,ㄌㄢˊ ㄒㄧㄚˋ ㄙㄢ ㄇㄧㄠˇ ㄓㄨㄥ
籬牢犬不入,1,ㄌㄧˊ ㄌㄠˊ ㄑㄩㄢˇ ㄅㄨˋ ㄖㄨˋ
米開蘭基羅,1,ㄇㄧˇ ㄎㄞ ㄌㄢˊ ㄐㄧ ㄌㄨㄛˊ
粗脖子紅臉,1,ㄘㄨ ㄅㄛˊ ㄗ˙ ㄏㄨㄥˊ ㄌㄧㄢˇ
精忠說岳傳,1,ㄐㄧㄥ ㄓㄨㄥ ㄕㄨㄛ ㄩㄝˋ ㄓㄨㄢˋ
精神官能症,1,ㄐㄧㄥ ㄕㄣˊ ㄍㄨㄢ ㄋㄥˊ ㄓㄥˋ
糊塗油蒙心,1,ㄏㄨˊ ㄊㄨˊ ㄧㄡˊ ㄇㄥˊ ㄒㄧㄣ
糕仔崁古道,1,ㄍㄠ ㄗˇ ㄎㄢˇ ㄍㄨˇ ㄉㄠˋ
糖堆裡養的,1,ㄊㄤˊ ㄉㄨㄟ ㄌㄧˇ ㄧㄤˇ ㄉㄜ˙
系列電視劇,1,ㄒㄧˋ ㄌㄧㄝˋ ㄉㄧㄢˋ ㄕˋ ㄐㄩˋ
系統抽樣法,1,ㄒㄧˋ ㄊㄨㄥˇ ㄔㄡ ㄧㄤˋ ㄈㄚˇ
系統流程圖,1,ㄒㄧˋ ㄊㄨㄥˇ ㄌㄧㄡˊ ㄔㄥˊ ㄊㄨˊ
紅外線攝影,1,ㄏㄨㄥˊ ㄨㄞˋ ㄒㄧㄢˋ ㄕㄜˋ ㄧㄥˇ
紅斑性狼瘡,1,ㄏㄨㄥˊ ㄅㄢ ㄒㄧㄥˋ ㄌㄤˊ ㄔㄨㄤ
紅粉贈佳人,1,ㄏㄨㄥˊ ㄈㄣˇ ㄗㄥˋ ㄐㄧㄚ ㄖㄣˊ
納稅義務人,1,ㄋㄚˋ ㄕㄨㄟˋ ㄧˋ ㄨˋ ㄖㄣˊ
紐倫堡大審,1,ㄋㄧㄡˇ ㄌㄨㄣˊ ㄅㄠˇ ㄉㄚˋ ㄕㄣˇ
紙包不住火,1,ㄓˇ ㄅㄠ ㄅㄨˋ ㄓㄨˋ ㄏㄨㄛˇ
索羅門群島,1,ㄙㄨㄛˇ ㄌㄨㄛˊ ㄇㄣˊ ㄑㄩㄣˊ ㄉㄠˇ
紫外線攝影,1,ㄗˇ ㄨㄞˋ ㄒㄧㄢˋ ㄕㄜˋ ㄧㄥˇ
細胞原生質,1,ㄒㄧˋ ㄅㄠ ㄩㄢˊ ㄕㄥ ㄓˊ
細胞溶解酶,1,ㄒㄧˋ ㄅㄠ ㄖㄨㄥˊ ㄐㄧㄝˇ ㄇㄟˊ
細胞診斷法,1,ㄒㄧˋ ㄅㄠ ㄓㄣˇ ㄉㄨㄢˋ ㄈㄚˇ
細胞遺傳學,1,ㄒㄧˋ ㄅㄠ ㄧˊ ㄔㄨㄢˊ ㄒㄩㄝˊ
細菌性痢疾,1,ㄒㄧˋ ㄐㄩㄣˋ ㄒㄧㄥˋ ㄌㄧˋ ㄐㄧˊ
終非池中物,1,ㄓㄨㄥ ㄈㄟ ㄔˊ ㄓㄨㄥ ㄨˋ
組立式建築,1,ㄗㄨˇ ㄌㄧˋ ㄕˋ ㄐㄧㄢˋ ㄓㄨˊ
結婚進行曲,1,ㄐㄧㄝˊ ㄏㄨㄣ ㄐㄧㄣˋ ㄒㄧㄥˊ ㄑㄩˇ
結尾應酬語,1,ㄐㄧㄝˊ ㄨㄟˇ ㄧㄥˋ ㄔㄡˊ ㄩˇ
絕地大反攻,1,ㄐㄩㄝˊ ㄉㄧˋ ㄉㄚˋ ㄈㄢˇ ㄍㄨㄥ
絨毛取樣法,1,ㄖㄨㄥˊ ㄇㄠˊ ㄑㄩˇ ㄧㄤˋ ㄈㄚˇ
經濟地理學,1,ㄐㄧㄥ ㄐㄧˋ ㄉㄧˋ ㄌㄧˇ ㄒㄩㄝˊ
經濟成長率,1,ㄐㄧㄥ ㄐㄧˋ ㄔㄥˊ ㄓㄤˇ ㄌㄩˋ
經濟社會學,1,ㄐㄧㄥ ㄐㄧˋ ㄕㄜˋ ㄏㄨㄟˋ ㄒㄩㄝˊ
經營管理權,1,ㄐㄧㄥ ㄧㄥˊ ㄍㄨㄢˇ ㄌㄧˇ ㄑㄩㄢˊ
綜合擴大機,1,ㄗㄨㄥˋ ㄏㄜˊ ㄎㄨㄛˋ ㄉㄚˋ ㄐㄧ
綠扁帽部隊,1,ㄌㄩˋ ㄅㄧㄢˇ ㄇㄠˋ ㄅㄨˋ ㄉㄨㄟˋ
維也納會議,1,ㄨㄟˊ ㄧㄝˇ ㄋㄚˋ ㄏㄨㄟˋ ㄧˋ
維吉尼亞州,1,ㄨㄟˊ ㄐㄧˊ ㄋㄧˊ ㄧㄚˋ ㄓㄡ
維多利亞湖,1,ㄨㄟˊ ㄉㄨㄛ ㄌㄧˋ ㄧㄚˋ ㄏㄨˊ
維科揚斯克,1,ㄨㄟˊ ㄎㄜ ㄧㄤˊ ㄙ ㄎㄜˋ
維蘇威火山,1,ㄨㄟˊ ㄙㄨ ㄨㄟ ㄏㄨㄛˇ ㄕㄢ
網上博物館,1,ㄨㄤˇ ㄕㄤˋ ㄅㄛˊ ㄨˋ ㄍㄨㄢˇ
網址服務業,1,ㄨㄤˇ ㄓˇ ㄈㄨˊ ㄨˋ ㄧㄝˋ
網路伺服器,1,ㄨㄤˇ ㄌㄨˋ ㄙˋ ㄈㄨˊ ㄑㄧˋ
網路六合彩,1,ㄨㄤˇ ㄌㄨˋ ㄌㄧㄡˋ ㄏㄜˊ ㄘㄞˇ
網路博覽會,1,ㄨㄤˇ ㄌㄨˋ ㄅㄛˊ ㄌㄢˇ ㄏㄨㄟˋ
網路印表機,1,ㄨㄤˇ ㄌㄨˋ ㄧㄣˋ ㄅㄧㄠˇ ㄐㄧ
網路展覽會,1,ㄨㄤˇ ㄌㄨˋ ㄓㄢˇ ㄌㄢˇ ㄏㄨㄟˋ
網路市政府,1,ㄨㄤˇ ㄌㄨˋ ㄕˋ ㄓㄥˋ ㄈㄨˇ
網路拍賣會,1,ㄨㄤˇ ㄌㄨˋ ㄆㄞ ㄇㄞˋ ㄏㄨㄟˋ
網路服務業,1,ㄨㄤˇ ㄌㄨˋ ㄈㄨˊ ㄨˋ ㄧㄝˋ
網路火腿族,1,ㄨㄤˇ ㄌㄨˋ ㄏㄨㄛˇ ㄊㄨㄟˇ ㄗㄨˊ
網路速食店,1,ㄨㄤˇ ㄌㄨˋ ㄙㄨˋ ㄕˊ ㄉㄧㄢˋ
網路音樂廳,1,ㄨㄤˇ ㄌㄨˋ ㄧㄣ ㄩㄝˋ ㄊㄧㄥ
綿襖改被窩,1,ㄇㄧㄢˊ ㄠˇ ㄍㄞˇ ㄅㄟˋ ㄨㄛ
緊急避難權,1,ㄐㄧㄣˇ ㄐㄧˊ ㄅㄧˋ ㄋㄢˋ ㄑㄩㄢˊ
緊行無好步,1,ㄐㄧㄣˇ ㄒㄧㄥˊ ㄨˊ ㄏㄠˇ ㄅㄨˋ
線上保齡球,1,ㄒㄧㄢˋ ㄕㄤˋ ㄅㄠˇ ㄌㄧㄥˊ ㄑㄧㄡˊ
線上討論區,1,ㄒㄧㄢˋ ㄕㄤˋ ㄊㄠˇ ㄌㄨㄣˋ ㄑㄩ
線上討論室,1,ㄒㄧㄢˋ ㄕㄤˋ ㄊㄠˇ ㄌㄨㄣˋ ㄕˋ
線上資料庫,1,ㄒㄧㄢˋ ㄕㄤˋ ㄗ ㄌㄧㄠˋ ㄎㄨˋ
線性方程式,1,ㄒㄧㄢˋ ㄒㄧㄥˋ ㄈㄤ ㄔㄥˊ ㄕˋ
總貝他活性,1,ㄗㄨㄥˇ ㄅㄟˋ ㄊㄚ ㄏㄨㄛˊ ㄒㄧㄥˋ
總體經濟學,1,ㄗㄨㄥˇ ㄊㄧˇ ㄐㄧㄥ ㄐㄧˋ ㄒㄩㄝˊ
繪宗十二忌,1,ㄏㄨㄟˋ ㄗㄨㄥ ㄕˊ ㄦˋ ㄐㄧˋ
繳稅通知單,1,ㄐㄧㄠˇ ㄕㄨㄟˋ ㄊㄨㄥ ㄓ ㄉㄢ
續文獻通考,1,ㄒㄩˋ ㄨㄣˊ ㄒㄧㄢˋ ㄊㄨㄥ ㄎㄠˇ
罵人不吐核,1,ㄇㄚˋ ㄖㄣˊ ㄅㄨˋ ㄊㄨˇ ㄏㄜˊ
罵人如奴婢,1,ㄇㄚˋ ㄖㄣˊ ㄖㄨˊ ㄋㄨˊ ㄅㄧˋ
羅加諾公約,1,ㄌㄨㄛˊ ㄐㄧㄚ ㄋㄨㄛˋ ㄍㄨㄥ ㄩㄝ
羅塞達石碑,1,ㄌㄨㄛˊ ㄙㄞˋ ㄉㄚˊ ㄕˊ ㄅㄟ
羅帛像生花,1,ㄌㄨㄛˊ ㄅㄛˊ ㄒㄧㄤˋ ㄕㄥ ㄏㄨㄚ
羅門諾梭夫,1,ㄌㄨㄛˊ ㄇㄣˊ ㄋㄨㄛˋ ㄙㄨㄛ ㄈㄨ
羅馬共和國,1,ㄌㄨㄛˊ ㄇㄚˇ ㄍㄨㄥˋ ㄏㄜˊ ㄍㄨㄛˊ
羅馬記數法,1,ㄌㄨㄛˊ ㄇㄚˇ ㄐㄧˋ ㄕㄨˋ ㄈㄚˇ
羊曇哭西州,1,ㄧㄤˊ ㄊㄢˊ ㄎㄨ ㄒㄧ ㄓㄡ
羊膜穿刺術,1,ㄧㄤˊ ㄇㄛˊ ㄔㄨㄢ ㄘˋ ㄕㄨˋ
美拉尼西亞,1,ㄇㄟˇ ㄌㄚ ㄋㄧˊ ㄒㄧ ㄧㄚˋ
美言可以市,1,ㄇㄟˇ ㄧㄢˊ ㄎㄜˇ ㄧˇ ㄕˋ
群蝨處褌中,1,ㄑㄩㄣˊ ㄕ ㄔㄨˇ ㄎㄨㄣ ㄓㄨㄥ
翻臉不認人,1,ㄈㄢ ㄌㄧㄢˇ ㄅㄨˋ ㄖㄣˋ ㄖㄣˊ
老人俱樂部,1,ㄌㄠˇ ㄖㄣˊ ㄐㄩˋ ㄌㄜˋ ㄅㄨˋ
老人失智症,1,ㄌㄠˇ ㄖㄣˊ ㄕ ㄓˋ ㄓㄥˋ
老人痴呆症,1,ㄌㄠˇ ㄖㄣˊ ㄔ ㄉㄞ ㄓㄥˋ
老人福利法,1,ㄌㄠˇ ㄖㄣˊ ㄈㄨˊ ㄌㄧˋ ㄈㄚˇ
老和尚撞鐘,1,ㄌㄠˇ ㄏㄜˊ ㄕㄤˋ ㄓㄨㄤˋ ㄓㄨㄥ
老寡婦死兒,1,ㄌㄠˇ ㄍㄨㄚˇ ㄈㄨˋ ㄙˇ ㄦˊ
老年人問題,1,ㄌㄠˇ ㄋㄧㄢˊ ㄖㄣˊ ㄨㄣˋ ㄊㄧˊ
老年性紫斑,1,ㄌㄠˇ ㄋㄧㄢˊ ㄒㄧㄥˋ ㄗˇ ㄅㄢ
老年痴呆症,1,ㄌㄠˇ ㄋㄧㄢˊ ㄔ ㄉㄞ ㄓㄥˋ
老臉皮子厚,1,ㄌㄠˇ ㄌㄧㄢˇ ㄆㄧˊ ㄗ˙ ㄏㄡˋ
老蚌出明珠,1,ㄌㄠˇ ㄅㄤˋ ㄔㄨ ㄇㄧㄥˊ ㄓㄨ
老貓溜房檐,1,ㄌㄠˇ ㄇㄠ ㄌㄧㄡ ㄈㄤˊ ㄧㄢˊ
耶律阿保機,1,ㄧㄝ ㄌㄩˋ ㄚˋ ㄅㄠˇ ㄐㄧ
聖哥達隧道,1,ㄕㄥˋ ㄍㄜ ㄉㄚˊ ㄙㄨㄟˋ ㄉㄠˋ
聖塔路淇亞,1,ㄕㄥˋ ㄊㄚˇ ㄌㄨˋ ㄑㄧˊ ㄧㄚˋ
聖羅倫斯河,1,ㄕㄥˋ ㄌㄨㄛˊ ㄌㄨㄣˊ ㄙ ㄏㄜˊ
聖羅倫斯灣,1,ㄕㄥˋ ㄌㄨㄛˊ ㄌㄨㄣˊ ㄙ ㄨㄢ
聖西門主義,1,ㄕㄥˋ ㄒㄧ ㄇㄣˊ ㄓㄨˇ ㄧˋ
聖赫勒拿島,1,ㄕㄥˋ ㄏㄜˋ ㄌㄜˋ ㄋㄚˊ ㄉㄠˇ
聯合收穫機,1,ㄌㄧㄢˊ ㄏㄜˊ ㄕㄡ ㄏㄨㄛˋ ㄐㄧ
聯絡神經元,1,ㄌㄧㄢˊ ㄌㄨㄛˋ ㄕㄣˊ ㄐㄧㄥ ㄩㄢˊ
職業代表制,1,ㄓˊ ㄧㄝˋ ㄉㄞˋ ㄅㄧㄠˇ ㄓˋ
職業倦怠症,1,ㄓˊ ㄧㄝˋ ㄐㄩㄢˋ ㄉㄞˋ ㄓㄥˋ
職業訓練所,1,ㄓˊ ㄧㄝˋ ㄒㄩㄣˋ ㄌㄧㄢˋ ㄙㄨㄛˇ
聾子放炮仗,1,ㄌㄨㄥˊ ㄗ˙ ㄈㄤˋ ㄆㄠˋ ㄓㄤˋ
肉食性動物,1,ㄖㄡˋ ㄕˊ ㄒㄧㄥˋ ㄉㄨㄥˋ ㄨˋ
肘頭霍散腦,1,ㄓㄡˇ ㄊㄡˊ ㄏㄨㄛˋ ㄙㄢˋ ㄋㄠˇ
肚子裡點燈,1,ㄉㄨˋ ㄗ˙ ㄌㄧˇ ㄉㄧㄢˇ ㄉㄥ
肚裡的蛔蟲,1,ㄉㄨˋ ㄌㄧˇ ㄉㄜ˙ ㄏㄨㄟˊ ㄔㄨㄥˊ
肛門閉鎖症,1,ㄍㄤ ㄇㄣˊ ㄅㄧˋ ㄙㄨㄛˇ ㄓㄥˋ
肯亞共和國,1,ㄎㄣˇ ㄧㄚˋ ㄍㄨㄥˋ ㄏㄜˊ ㄍㄨㄛˊ
胃酸過多症,1,ㄨㄟˋ ㄙㄨㄢ ㄍㄨㄛˋ ㄉㄨㄛ ㄓㄥˋ
胡桃鉗組曲,1,ㄏㄨˊ ㄊㄠˊ ㄑㄧㄢˊ ㄗㄨˇ ㄑㄩˇ
胡笳十八拍,1,ㄏㄨˊ ㄐㄧㄚ ㄕˊ ㄅㄚ ㄆㄞ
胡適紀念館,1,ㄏㄨˊ ㄕˋ ㄐㄧˋ ㄋㄧㄢˋ ㄍㄨㄢˇ
胡馬依北風,1,ㄏㄨˊ ㄇㄚˇ ㄧ ㄅㄟˇ ㄈㄥ
能說不能幹,1,ㄋㄥˊ ㄕㄨㄛ ㄅㄨˋ ㄋㄥˊ ㄍㄢˋ
能說不能行,1,ㄋㄥˊ ㄕㄨㄛ ㄅㄨˋ ㄋㄥˊ ㄒㄧㄥˊ
能量不滅律,1,ㄋㄥˊ ㄌㄧㄤˋ ㄅㄨˋ ㄇㄧㄝˋ ㄌㄩˋ
脈衝電磁場,1,ㄇㄞˋ ㄔㄨㄥ ㄉㄧㄢˋ ㄘˊ ㄔㄤˊ
脫褲子放屁,1,ㄊㄨㄛ ㄎㄨˋ ㄗ˙ ㄈㄤˋ ㄆㄧˋ
腐食性動物,1,ㄈㄨˇ ㄕˊ ㄒㄧㄥˋ ㄉㄨㄥˋ ㄨˋ
腓尼基字母,1,ㄈㄟˊ ㄋㄧˊ ㄐㄧ ㄗˋ ㄇㄨˇ
腕道症候群,1,ㄨㄢˋ ㄉㄠˋ ㄓㄥˋ ㄏㄡˋ ㄑㄩㄣˊ
腦力服務業,1,ㄋㄠˇ ㄌㄧˋ ㄈㄨˊ ㄨˋ ㄧㄝˋ
腦力激盪術,1,ㄋㄠˇ ㄌㄧˋ ㄐㄧ ㄉㄤˋ ㄕㄨˋ
腦神經衰弱,1,ㄋㄠˇ ㄕㄣˊ ㄐㄧㄥ ㄕㄨㄞ ㄖㄨㄛˋ
腦筋急轉彎,1,ㄋㄠˇ ㄐㄧㄣ ㄐㄧˊ ㄓㄨㄢˇ ㄨㄢ
腦血管栓塞,1,ㄋㄠˇ ㄒㄧㄝˇ ㄍㄨㄢˇ ㄕㄨㄢ ㄙㄜˋ
腰椎麻醉法,1,ㄧㄠ ㄓㄨㄟ ㄇㄚˊ ㄗㄨㄟˋ ㄈㄚˇ
腳踏兩來舡,1,ㄐㄧㄠˇ ㄊㄚˋ ㄌㄧㄤˇ ㄌㄞˊ ㄒㄧㄤ
膣腔內容物,1,ㄓˋ ㄑㄧㄤ ㄋㄟˋ ㄖㄨㄥˊ ㄨˋ
臉上過不去,1,ㄌㄧㄢˇ ㄕㄤˋ ㄍㄨㄛˋ ㄅㄨˋ ㄑㄩˋ
臊一鼻子灰,1,ㄙㄠˋ ㄧ ㄅㄧˊ ㄗ˙ ㄏㄨㄟ
臨床心理學,1,ㄌㄧㄣˊ ㄔㄨㄤˊ ㄒㄧㄣ ㄌㄧˇ ㄒㄩㄝˊ
臨時偵查庭,1,ㄌㄧㄣˊ ㄕˊ ㄓㄣ ㄔㄚˊ ㄊㄧㄥˊ
臨時性帳戶,1,ㄌㄧㄣˊ ㄕˊ ㄒㄧㄥˋ ㄓㄤˋ ㄏㄨˋ
自以為得計,1,ㄗˋ ㄧˇ ㄨㄟˊ ㄉㄜˊ ㄐㄧˋ
自動提款機,1,ㄗˋ ㄉㄨㄥˋ ㄊㄧˊ ㄎㄨㄢˇ ㄐㄧ
自動翻譯機,1,ㄗˋ ㄉㄨㄥˋ ㄈㄢ ㄧˋ ㄐㄧ
自動販賣機,1,ㄗˋ ㄉㄨㄥˋ ㄈㄢˋ ㄇㄞˋ ㄐㄧ
自動點唱機,1,ㄗˋ ㄉㄨㄥˋ ㄉㄧㄢˇ ㄔㄤˋ ㄐㄧ
自然保留區,1,ㄗˋ ㄖㄢˊ ㄅㄠˇ ㄌㄧㄡˊ ㄑㄩ
自然增加率,1,ㄗˋ ㄖㄢˊ ㄗㄥ ㄐㄧㄚ ㄌㄩˋ
自然輸入法,1,ㄗˋ ㄖㄢˊ ㄕㄨ ㄖㄨˋ ㄈㄚˇ
自由女神像,1,ㄗˋ ㄧㄡˊ ㄋㄩˇ ㄕㄣˊ ㄒㄧㄤˋ
自由貿易港,1,ㄗˋ ㄧㄡˊ ㄇㄠˋ ㄧˋ ㄍㄤˇ
自行車馬球,1,ㄗˋ ㄒㄧㄥˊ ㄔㄜ ㄇㄚˇ ㄑㄧㄡˊ
自見者不明,1,ㄗˋ ㄒㄧㄢˋ ㄓㄜˇ ㄅㄨˋ ㄇㄧㄥˊ
自身照不亮,1,ㄗˋ ㄕㄣ ㄓㄠˋ ㄅㄨˋ ㄌㄧㄤˋ
臺灣獼猴桃,1,ㄊㄞˊ ㄨㄢ ㄇㄧˊ ㄏㄡˊ ㄊㄠˊ
臺灣環頸雉,1,ㄊㄞˊ ㄨㄢ ㄏㄨㄢˊ ㄐㄧㄥˇ ㄓˋ
臺灣關係法,1,ㄊㄞˊ ㄨㄢ ㄍㄨㄢ ㄒㄧˋ ㄈㄚˇ
臺灣高山族,1,ㄊㄞˊ ㄨㄢ ㄍㄠ ㄕㄢ ㄗㄨˊ
興都庫什山,1,ㄒㄧㄥ ㄉㄨ ㄎㄨˋ ㄕˊ ㄕㄢ
舉手不留情,1,ㄐㄩˇ ㄕㄡˇ ㄅㄨˋ ㄌㄧㄡˊ ㄑㄧㄥˊ
舊瓶裝新酒,1,ㄐㄧㄡˋ ㄆㄧㄥˊ ㄓㄨㄤ ㄒㄧㄣ ㄐㄧㄡˇ
航行安全書,1,ㄏㄤˊ ㄒㄧㄥˊ ㄢ ㄑㄩㄢˊ ㄕㄨ
船上交貨價,1,ㄔㄨㄢˊ ㄕㄤˋ ㄐㄧㄠ ㄏㄨㄛˋ ㄐㄧㄚˋ
船邊交貨價,1,ㄔㄨㄢˊ ㄅㄧㄢ ㄐㄧㄠ ㄏㄨㄛˋ ㄐㄧㄚˋ
色彩三要素,1,ㄙㄜˋ ㄘㄞˇ ㄙㄢ ㄧㄠˋ ㄙㄨˋ
色香味俱全,1,ㄙㄜˋ ㄒㄧㄤ ㄨㄟˋ ㄐㄩˋ ㄑㄩㄢˊ
艾森豪主義,1,ㄞˋ ㄙㄣ ㄏㄠˊ ㄓㄨˇ ㄧˋ
艾菲爾鐵塔,1,ㄞˋ ㄈㄟ ㄦˇ ㄊㄧㄝˇ ㄊㄚˇ
芥子園畫傳,1,ㄐㄧㄝˋ ㄗˇ ㄩㄢˊ ㄏㄨㄚˋ ㄓㄨㄢˋ
芥子納須彌,1,ㄐㄧㄝˋ ㄗˇ ㄋㄚˋ ㄒㄩ ㄇㄧˊ
芥川龍之介,1,ㄐㄧㄝˋ ㄔㄨㄢ ㄌㄨㄥˊ ㄓ ㄐㄧㄝˋ
芬蘭共和國,1,ㄈㄣ ㄌㄢˊ ㄍㄨㄥˋ ㄏㄜˊ ㄍㄨㄛˊ
花卉園藝學,1,ㄏㄨㄚ ㄏㄨㄟˋ ㄩㄢˊ ㄧˋ ㄒㄩㄝˊ
苜蓿長欄干,1,ㄇㄨˋ ㄙㄨˋ ㄔㄤˊ ㄌㄢˊ ㄍㄢ
英雄交響曲,1,ㄧㄥ ㄒㄩㄥˊ ㄐㄧㄠ ㄒㄧㄤˇ ㄑㄩˇ
英雄出少年,1,ㄧㄥ ㄒㄩㄥˊ ㄔㄨ ㄕㄠˋ ㄋㄧㄢˊ
草食性動物,1,ㄘㄠˇ ㄕˊ ㄒㄧㄥˋ ㄉㄨㄥˋ ㄨˋ
荊楚歲時記,1,ㄐㄧㄥ ㄔㄨˇ ㄙㄨㄟˋ ㄕˊ ㄐㄧˋ
荷莫茲海峽,1,ㄏㄜˊ ㄇㄛˋ ㄗ ㄏㄞˇ ㄒㄧㄚˊ
莫乃耳合金,1,ㄇㄛˋ ㄋㄞˇ ㄦˇ ㄏㄜˊ ㄐㄧㄣ
莫氏硬度標,1,ㄇㄛˋ ㄕˋ ㄧㄥˋ ㄉㄨˋ ㄅㄧㄠ
菌類培養液,1,ㄐㄩㄣˋ ㄌㄟˋ ㄆㄟˊ ㄧㄤˇ ㄧㄝˋ
菩提道燈論,1,ㄆㄨˊ ㄊㄧˊ ㄉㄠˋ ㄉㄥ ㄌㄨㄣˋ
華人經濟圈,1,ㄏㄨㄚˊ ㄖㄣˊ ㄐㄧㄥ ㄐㄧˋ ㄑㄩㄢ
華嚴原人論,1,ㄏㄨㄚˊ ㄧㄢˊ ㄩㄢˊ ㄖㄣˊ ㄌㄨㄣˋ
華爾滋舞曲,1,ㄏㄨㄚˊ ㄦˇ ㄗ ㄨˇ ㄑㄩˇ
華盛頓會議,1,ㄏㄨㄚˊ ㄕㄥˋ ㄉㄨㄣˋ ㄏㄨㄟˋ ㄧˋ
萊子侯刻石,1,ㄌㄞˊ ㄗˇ ㄏㄡˊ ㄎㄜˋ ㄕˊ
萬國博覽會,1,ㄨㄢˋ ㄍㄨㄛˊ ㄅㄛˊ ㄌㄢˇ ㄏㄨㄟˋ
落水狗上岸,1,ㄌㄨㄛˋ ㄕㄨㄟˇ ㄍㄡˇ ㄕㄤˋ ㄢˋ
葉綠體基質,1,ㄧㄝˋ ㄌㄩˋ ㄊㄧˇ ㄐㄧ ㄓˊ
葉門共和國,1,ㄧㄝˋ ㄇㄣˊ ㄍㄨㄥˋ ㄏㄜˊ ㄍㄨㄛˊ
著三不著兩,1,ㄓㄠˊ ㄙㄢ ㄅㄨˋ ㄓㄠˊ ㄌㄧㄤˇ
著作鄰接權,1,ㄓㄨˋ ㄗㄨㄛˋ ㄌㄧㄣˊ ㄐㄧㄝ ㄑㄩㄢˊ
葷油蒙了心,1,ㄏㄨㄣ ㄧㄡˊ ㄇㄥˊ ㄌㄜ˙ ㄒㄧㄣ
蒙兀兒帝國,1,ㄇㄥˊ ㄨˋ ㄦˊ ㄉㄧˋ ㄍㄨㄛˊ
蒙太奇電影,1,ㄇㄥˊ ㄊㄞˋ ㄑㄧˊ ㄉㄧㄢˋ ㄧㄥˇ
蒸熟的鴨子,1,ㄓㄥ ㄕㄡˊ ㄉㄜ˙ ㄧㄚ ㄗ˙
蒹葭倚玉樹,1,ㄐㄧㄢ ㄐㄧㄚ ㄧˇ ㄩˋ ㄕㄨˋ
蒼蠅掐了頭,1,ㄘㄤ ㄧㄥ˙ ㄑㄧㄚ ㄌㄜ˙ ㄊㄡˊ
蓬萊小蛺蝶,1,ㄆㄥˊ ㄌㄞˊ ㄒㄧㄠˇ ㄐㄧㄚˊ ㄉㄧㄝˊ
蓮花步步生,1,ㄌㄧㄢˊ ㄏㄨㄚ ㄅㄨˋ ㄅㄨˋ ㄕㄥ
蔣總統祕錄,1,ㄐㄧㄤˇ ㄗㄨㄥˇ ㄊㄨㄥˇ ㄇㄧˋ ㄌㄨˋ
蔦蘿施喬松,1,ㄋㄧㄠˇ ㄌㄨㄛˊ ㄧˋ ㄑㄧㄠˊ ㄙㄨㄥ
蕭蘭不辨真,1,ㄒㄧㄠ ㄌㄢˊ ㄅㄨˋ ㄅㄧㄢˋ ㄓㄣ
薄膜剝離法,1,ㄅㄛˊ ㄇㄛˊ ㄅㄛ ㄌㄧˊ ㄈㄚˇ
薑是老的辣,1,ㄐㄧㄤ ㄕˋ ㄌㄠˇ ㄉㄜ˙ ㄌㄚˋ
薩丁尼亞島,1,ㄙㄚˋ ㄉㄧㄥ ㄋㄧˊ ㄧㄚˋ ㄉㄠˇ
薩摩亞群島,1,ㄙㄚˋ ㄇㄛˊ ㄧㄚˋ ㄑㄩㄣˊ ㄉㄠˇ
薩爾滸之戰,1,ㄙㄚˋ ㄦˇ ㄏㄨˇ ㄓ ㄓㄢˋ
薰以香自燒,1,ㄒㄩㄣ ㄧˇ ㄒㄧㄤ ㄗˋ ㄕㄠ
薰蕕不同器,1,ㄒㄩㄣ ㄧㄡˊ ㄅㄨˋ ㄊㄨㄥˊ ㄑㄧˋ
藍色多瑙河,1,ㄌㄢˊ ㄙㄜˋ ㄉㄨㄛ ㄋㄠˇ ㄏㄜˊ
藝多不壓身,1,ㄧˋ ㄉㄨㄛ ㄅㄨˋ ㄧㄚ ㄕㄣ
蘇丹共和國,1,ㄙㄨ ㄉㄢ ㄍㄨㄥˋ ㄏㄜˊ ㄍㄨㄛˊ
蘇富比公司,1,ㄙㄨ ㄈㄨˋ ㄅㄧˇ ㄍㄨㄥ ㄙ
蘇拉威西島,1,ㄙㄨ ㄌㄚ ㄨㄟ ㄒㄧ ㄉㄠˇ
蘋果子姜尼,1,ㄆㄧㄥˊ ㄍㄨㄛˇ ㄗˇ ㄐㄧㄤ ㄋㄧˊ
蘭陵笑笑生,1,ㄌㄢˊ ㄌㄧㄥˊ ㄒㄧㄠˋ ㄒㄧㄠˋ ㄕㄥ
虎口換珍珠,1,ㄏㄨˇ ㄎㄡˇ ㄏㄨㄢˋ ㄓㄣ ㄓㄨ
虎嘴上拔毛,1,ㄏㄨˇ ㄗㄨㄟˇ ㄕㄤˋ ㄅㄚˊ ㄇㄠˊ
虎毒不吃兒,1,ㄏㄨˇ ㄉㄨˊ ㄅㄨˋ ㄔ ㄦˊ
虎毒不食兒,1,ㄏㄨˇ ㄉㄨˊ ㄅㄨˋ ㄕˊ ㄦˊ
虎生而文炳,1,ㄏㄨˇ ㄕㄥ ㄦˊ ㄨㄣˊ ㄅㄧㄥˇ
虎賁中郎將,1,ㄏㄨˇ ㄅㄣ ㄓㄨㄥ ㄌㄤˊ ㄐㄧㄤˋ
虎頭上搔癢,1,ㄏㄨˇ ㄊㄡˊ ㄕㄤˋ ㄙㄠ ㄧㄤˇ
蚊虻走牛羊,1,ㄨㄣˊ ㄇㄥˊ ㄗㄡˇ ㄋㄧㄡˊ ㄧㄤˊ
蚍蜉撼大樹,1,ㄆㄧˊ ㄈㄨˊ ㄏㄢˋ ㄉㄚˋ ㄕㄨˋ
蛟龍得雲雨,1,ㄐㄧㄠ ㄌㄨㄥˊ ㄉㄜˊ ㄩㄣˊ ㄩˇ
蜻蜓撼石柱,1,ㄑㄧㄥ ㄊㄧㄥˊ ㄏㄢˋ ㄕˊ ㄓㄨˋ
蝨處頭而黑,1,ㄕ ㄔㄨˋ ㄊㄡˊ ㄦˊ ㄏㄟ
螞蟻啃骨頭,1,ㄇㄚˇ ㄧˇ ㄎㄣˇ ㄍㄨˇ ㄊㄡ˙
螞蟻搬泰山,1,ㄇㄚˇ ㄧˇ ㄅㄢ ㄊㄞˋ ㄕㄢ
螺旋推進機,1,ㄌㄨㄛˊ ㄒㄩㄢˊ ㄊㄨㄟ ㄐㄧㄣˋ ㄐㄧ
蠙珠來入掌,1,ㄆㄧㄣˊ ㄓㄨ ㄌㄞˊ ㄖㄨˋ ㄓㄤˇ
蠹啄剖梁柱,1,ㄉㄨˋ ㄓㄨㄛˊ ㄆㄡˇ ㄌㄧㄤˊ ㄓㄨˋ
血脂升高症,1,ㄒㄧㄝˇ ㄓ ㄕㄥ ㄍㄠ ㄓㄥˋ
行人徒步區,1,ㄒㄧㄥˊ ㄖㄣˊ ㄊㄨˊ ㄅㄨˋ ㄑㄩ
行家瞧門道,1,ㄏㄤˊ ㄐㄧㄚ˙ ㄑㄧㄠˊ ㄇㄣˊ ㄉㄠˋ
行政裁量權,1,ㄒㄧㄥˊ ㄓㄥˋ ㄘㄞˊ ㄌㄧㄤˊ ㄑㄩㄢˊ
行政院會議,1,ㄒㄧㄥˊ ㄓㄥˋ ㄩㄢˋ ㄏㄨㄟˋ ㄧˋ
行星狀星雲,1,ㄒㄧㄥˊ ㄒㄧㄥ ㄓㄨㄤˋ ㄒㄧㄥ ㄩㄣˊ
行為藝術者,1,ㄒㄧㄥˊ ㄨㄟˊ ㄧˋ ㄕㄨˋ ㄓㄜˇ
衛生下水道,1,ㄨㄟˋ ㄕㄥ ㄒㄧㄚˋ ㄕㄨㄟˇ ㄉㄠˋ
表格化公文,1,ㄅㄧㄠˇ ㄍㄜˊ ㄏㄨㄚˋ ㄍㄨㄥ ㄨㄣˊ
被奴役國家,1,ㄅㄟˋ ㄋㄨˊ ㄧˋ ㄍㄨㄛˊ ㄐㄧㄚ
被害妄想症,1,ㄅㄟˋ ㄏㄞˋ ㄨㄤˋ ㄒㄧㄤˇ ㄓㄥˋ
被窩裡放屁,1,ㄅㄟˋ ㄨㄛ ㄌㄧ˙ ㄈㄤˋ ㄆㄧˋ
裁判管轄權,1,ㄘㄞˊ ㄆㄢˋ ㄍㄨㄢˇ ㄒㄧㄚˊ ㄑㄩㄢˊ
裡外不是人,1,ㄌㄧˇ ㄨㄞˋ ㄅㄨˋ ㄕˋ ㄖㄣˊ
裴夫斯奈爾,1,ㄆㄟˊ ㄈㄨ ㄙ ㄋㄞˋ ㄦˇ
裴岑紀功碑,1,ㄆㄟˊ ㄘㄣˊ ㄐㄧˋ ㄍㄨㄥ ㄅㄟ
裴航遇雲英,1,ㄆㄟˊ ㄏㄤˊ ㄩˋ ㄩㄣˊ ㄧㄥ
裸蕨類植物,1,ㄌㄨㄛˇ ㄐㄩㄝˊ ㄌㄟˋ ㄓˊ ㄨˋ
複合蛋白質,1,ㄈㄨˋ ㄏㄜˊ ㄉㄢˋ ㄅㄞˊ ㄓˊ
複循環發電,1,ㄈㄨˋ ㄒㄩㄣˊ ㄏㄨㄢˊ ㄈㄚ ㄉㄧㄢˋ
複本位制度,1,ㄈㄨˋ ㄅㄣˇ ㄨㄟˋ ㄓˋ ㄉㄨˋ
西哥德王國,1,ㄒㄧ ㄍㄜ ㄉㄜˊ ㄨㄤˊ ㄍㄨㄛˊ
西域考古記,1,ㄒㄧ ㄩˋ ㄎㄠˇ ㄍㄨˇ ㄐㄧˋ
西尼克學派,1,ㄒㄧ ㄋㄧˊ ㄎㄜˋ ㄒㄩㄝˊ ㄆㄞˋ
西屋科學獎,1,ㄒㄧ ㄨ ㄎㄜ ㄒㄩㄝˊ ㄐㄧㄤˇ
西班牙文學,1,ㄒㄧ ㄅㄢ ㄧㄚˊ ㄨㄣˊ ㄒㄩㄝˊ
西班牙王國,1,ㄒㄧ ㄅㄢ ㄧㄚˊ ㄨㄤˊ ㄍㄨㄛˊ
西班牙舞蹈,1,ㄒㄧ ㄅㄢ ㄧㄚˊ ㄨˇ ㄉㄠˋ
西班牙音樂,1,ㄒㄧ ㄅㄢ ㄧㄚˊ ㄧㄣ ㄩㄝˋ
西突厥史料,1,ㄒㄧ ㄊㄨˊ ㄐㄩㄝˊ ㄕˇ ㄌㄧㄠˋ
西線無戰事,1,ㄒㄧ ㄒㄧㄢˋ ㄨˊ ㄓㄢˋ ㄕˋ
西部開拓史,1,ㄒㄧ ㄅㄨˋ ㄎㄞ ㄊㄨㄛˋ ㄕˇ
西門商業區,1,ㄒㄧ ㄇㄣˊ ㄕㄤ ㄧㄝˋ ㄑㄩ
西門豹佩韋,1,ㄒㄧ ㄇㄣˊ ㄅㄠˋ ㄆㄟˋ ㄨㄟˊ
西高止山脈,1,ㄒㄧ ㄍㄠ ㄓˇ ㄕㄢ ㄇㄞˋ
要錢不要命,1,ㄧㄠˋ ㄑㄧㄢˊ ㄅㄨˋ ㄧㄠˋ ㄇㄧㄥˋ
覆巢無完卵,1,ㄈㄨˋ ㄔㄠˊ ㄨˊ ㄨㄢˊ ㄌㄨㄢˇ
見善如不及,1,ㄐㄧㄢˋ ㄕㄢˋ ㄖㄨˊ ㄅㄨˋ ㄐㄧˊ
見面三分情,1,ㄐㄧㄢˋ ㄇㄧㄢˋ ㄙㄢ ㄈㄣ ㄑㄧㄥˊ
視窗加速卡,1,ㄕˋ ㄔㄨㄤ ㄐㄧㄚ ㄙㄨˋ ㄎㄚˇ
視訊捕捉卡,1,ㄕˋ ㄒㄩㄣˋ ㄅㄨˇ ㄓㄨㄛ ㄎㄚˇ
觀無量壽經,1,ㄍㄨㄢ ㄨˊ ㄌㄧㄤˋ ㄕㄡˋ ㄐㄧㄥ
觀音山轎子,1,ㄍㄨㄢ ㄧㄣ ㄕㄢ ㄐㄧㄠˋ ㄗ˙
角膜移植術,1,ㄐㄧㄠˇ ㄇㄛˋ ㄧˊ ㄓˊ ㄕㄨˋ
解析三角法,1,ㄐㄧㄝˇ ㄒㄧ ㄙㄢ ㄐㄧㄠˇ ㄈㄚˇ
解釋性新聞,1,ㄐㄧㄝˇ ㄕˋ ㄒㄧㄥˋ ㄒㄧㄣ ㄨㄣˊ
觸媒轉化器,1,ㄔㄨˋ ㄇㄟˊ ㄓㄨㄢˇ ㄏㄨㄚˋ ㄑㄧˋ
言語妙天下,1,ㄧㄢˊ ㄩˇ ㄇㄧㄠˋ ㄊㄧㄢ ㄒㄧㄚˋ
言論免責權,1,ㄧㄢˊ ㄌㄨㄣˋ ㄇㄧㄢˇ ㄗㄜˊ ㄑㄩㄢˊ
言隱於榮華,1,ㄧㄢˊ ㄧㄣˇ ㄩˊ ㄖㄨㄥˊ ㄏㄨㄚˊ
訪客留言版,1,ㄈㄤˇ ㄎㄜˋ ㄌㄧㄡˊ ㄧㄢˊ ㄅㄢˇ
訴訟代理人,1,ㄙㄨˋ ㄙㄨㄥˋ ㄉㄞˋ ㄌㄧˇ ㄖㄣˊ
話不說不明,1,ㄏㄨㄚˋ ㄅㄨˋ ㄕㄨㄛ ㄅㄨˋ ㄇㄧㄥˊ
話又說回來,1,ㄏㄨㄚˋ ㄧㄡˋ ㄕㄨㄛ ㄏㄨㄟˊ ㄌㄞˊ
語言學習機,1,ㄩˇ ㄧㄢˊ ㄒㄩㄝˊ ㄒㄧˊ ㄐㄧ
語言心理學,1,ㄩˇ ㄧㄢˊ ㄒㄧㄣ ㄌㄧˇ ㄒㄩㄝˊ
語音數據機,1,ㄩˇ ㄧㄣ ㄕㄨˋ ㄐㄩˋ ㄐㄧ
說三不接兩,1,ㄕㄨㄛ ㄙㄢ ㄅㄨˋ ㄐㄧㄝ ㄌㄧㄤˇ
說文解字注,1,ㄕㄨㄛ ㄨㄣˊ ㄐㄧㄝˇ ㄗˋ ㄓㄨˋ
論六家要旨,1,ㄌㄨㄣˋ ㄌㄧㄡˋ ㄐㄧㄚ ㄧㄠˋ ㄓˇ
諾魯共和國,1,ㄋㄨㄛˋ ㄌㄨˇ ㄍㄨㄥˋ ㄏㄜˊ ㄍㄨㄛˊ
謾上不謾下,1,ㄇㄢˊ ㄕㄤˋ ㄅㄨˋ ㄇㄢˊ ㄒㄧㄚˋ
證券交易法,1,ㄓㄥˋ ㄑㄩㄢˋ ㄐㄧㄠ ㄧˋ ㄈㄚˇ
證券經紀商,1,ㄓㄥˋ ㄑㄩㄢˋ ㄐㄧㄥ ㄐㄧˋ ㄕㄤ
證券自營商,1,ㄓㄥˋ ㄑㄩㄢˋ ㄗˋ ㄧㄥˊ ㄕㄤ
譜系分類法,1,ㄆㄨˇ ㄒㄧˋ ㄈㄣ ㄌㄟˋ ㄈㄚˇ
讀書破萬卷,1,ㄉㄨˊ ㄕㄨ ㄆㄛˋ ㄨㄢˋ ㄐㄩㄢˋ
變不出花樣,1,ㄅㄧㄢˋ ㄅㄨˋ ㄔㄨ ㄏㄨㄚ ㄧㄤˋ
讓一不讓二,1,ㄖㄤˋ ㄧ ㄅㄨˋ ㄖㄤˋ ㄦˋ
豆菽類作物,1,ㄉㄡˋ ㄕㄨˊ ㄌㄟˋ ㄗㄨㄛˋ ㄨˋ
豔歌羅敷行,1,ㄧㄢˋ ㄍㄜ ㄌㄨㄛˊ ㄈㄨ ㄒㄧㄥˊ
豚肩不揜豆,1,ㄊㄨㄣˊ ㄐㄧㄢ ㄅㄨˋ ㄧㄢˇ ㄉㄡˋ
豬八戒上陣,1,ㄓㄨ ㄅㄚ ㄐㄧㄝˋ ㄕㄤˋ ㄓㄣˋ
豬八戒戴花,1,ㄓㄨ ㄅㄚ ㄐㄧㄝˋ ㄉㄞˋ ㄏㄨㄚ
貍貓換太子,1,ㄌㄧˊ ㄇㄠ ㄏㄨㄢˋ ㄊㄞˋ ㄗˇ
貓吃生柿子,1,ㄇㄠ ㄔ ㄕㄥ ㄕˋ ㄗ˙
貝南共和國,1,ㄅㄟˋ ㄋㄢˊ ㄍㄨㄥˋ ㄏㄜˊ ㄍㄨㄛˊ
貝爾實驗室,1,ㄅㄟˋ ㄦˇ ㄕˊ ㄧㄢˋ ㄕˋ
貝雅多莉婕,1,ㄅㄟˋ ㄧㄚˇ ㄉㄨㄛ ㄌㄧˋ ㄐㄧㄝˊ
負載電壓降,1,ㄈㄨˋ ㄗㄞˋ ㄉㄧㄢˋ ㄧㄚ ㄐㄧㄤˋ
財去身安樂,1,ㄘㄞˊ ㄑㄩˋ ㄕㄣ ㄢ ㄌㄜˋ
貨幣供給額,1,ㄏㄨㄛˋ ㄅㄧˋ ㄍㄨㄥ ㄐㄧˇ ㄜˊ
貪多嚼不爛,1,ㄊㄢ ㄉㄨㄛ ㄐㄧㄠˊ ㄅㄨˋ ㄌㄢˋ
貪杯惜醉人,1,ㄊㄢ ㄅㄟ ㄒㄧˊ ㄗㄨㄟˋ ㄖㄣˊ
貯藏性資源,1,ㄓㄨˇ ㄘㄤˊ ㄒㄧㄥˋ ㄗ ㄩㄢˊ
買風雲雷雨,1,ㄇㄞˇ ㄈㄥ ㄩㄣˊ ㄌㄟˊ ㄩˇ
買鹹魚放生,1,ㄇㄞˇ ㄒㄧㄢˊ ㄩˊ ㄈㄤˋ ㄕㄥ
費優姆遺跡,1,ㄈㄟˋ ㄧㄡ ㄇㄨˇ ㄧˊ ㄐㄧ
貿易依存度,1,ㄇㄠˋ ㄧˋ ㄧ ㄘㄨㄣˊ ㄉㄨˋ
貿易保護法,1,ㄇㄠˋ ㄧˋ ㄅㄠˇ ㄏㄨˋ ㄈㄚˇ
貿易白皮書,1,ㄇㄠˋ ㄧˋ ㄅㄞˊ ㄆㄧˊ ㄕㄨ
貿易自由化,1,ㄇㄠˋ ㄧˋ ㄗˋ ㄧㄡˊ ㄏㄨㄚˋ
資訊圖書館,1,ㄗ ㄒㄩㄣˋ ㄊㄨˊ ㄕㄨ ㄍㄨㄢˇ
資訊服務網,1,ㄗ ㄒㄩㄣˋ ㄈㄨˊ ㄨˋ ㄨㄤˇ
資訊自由法,1,ㄗ ㄒㄩㄣˋ ㄗˋ ㄧㄡˊ ㄈㄚˇ
賣狗皮膏藥,1,ㄇㄞˋ ㄍㄡˇ ㄆㄧˊ ㄍㄠ ㄧㄠˋ
賴象嗑瓜子,1,ㄌㄞˋ ㄒㄧㄤˋ ㄎㄜˋ ㄍㄨㄚ ㄗˇ
購買力等值,1,ㄍㄡˋ ㄇㄞˇ ㄌㄧˋ ㄉㄥˇ ㄓˊ
赤尾青竹絲,1,ㄔˋ ㄨㄟˇ ㄑㄧㄥ ㄓㄨˊ ㄙ
赤瓦不剌海,1,ㄔˋ ㄨㄚˇ ㄅㄨˋ ㄌㄚˋ ㄏㄞˇ
赤腳絆驢蹄,1,ㄔˋ ㄐㄧㄠˇ ㄅㄢˋ ㄌㄩˊ ㄊㄧˊ
赤道幾內亞,1,ㄔˋ ㄉㄠˋ ㄐㄧ ㄋㄟˋ ㄧㄚˋ
赤道無風帶,1,ㄔˋ ㄉㄠˋ ㄨˊ ㄈㄥ ㄉㄞˋ
起雞皮疙瘩,1,ㄑㄧˇ ㄐㄧ ㄆㄧˊ ㄍㄜ ㄉㄚ˙
超友誼關係,1,ㄔㄠ ㄧㄡˇ ㄧˋ ㄍㄨㄢ ㄒㄧˋ
超大型電腦,1,ㄔㄠ ㄉㄚˋ ㄒㄧㄥˊ ㄉㄧㄢˋ ㄋㄠˇ
超寫實主義,1,ㄔㄠ ㄒㄧㄝˇ ㄕˊ ㄓㄨˇ ㄧˋ
超現實主義,1,ㄔㄠ ㄒㄧㄢˋ ㄕˊ ㄓㄨˇ ㄧˋ
超輕型航機,1,ㄔㄠ ㄑㄧㄥ ㄒㄧㄥˊ ㄏㄤˊ ㄐㄧ
越活越回去,1,ㄩㄝˋ ㄏㄨㄛˊ ㄩㄝˋ ㄏㄨㄟˊ ㄑㄩˋ
趕麵杖吹火,1,ㄍㄢˇ ㄇㄧㄢˋ ㄓㄤˋ ㄔㄨㄟ ㄏㄨㄛˇ
跨媒體合作,1,ㄎㄨㄚˋ ㄇㄟˊ ㄊㄧˇ ㄏㄜˊ ㄗㄨㄛˋ
路遠沒輕擔,1,ㄌㄨˋ ㄩㄢˇ ㄇㄟˊ ㄑㄧㄥ ㄉㄢˋ
車到沒惡路,1,ㄔㄜ ㄉㄠˋ ㄇㄟˊ ㄜˋ ㄌㄨˋ
軍中無戲言,1,ㄐㄩㄣ ㄓㄨㄥ ㄨˊ ㄒㄧˋ ㄧㄢˊ
輔助記憶體,1,ㄈㄨˇ ㄓㄨˋ ㄐㄧˋ ㄧˋ ㄊㄧˇ
輕水反應器,1,ㄑㄧㄥ ㄕㄨㄟˇ ㄈㄢˇ ㄧㄥˋ ㄑㄧˋ
輪廓狀紅斑,1,ㄌㄨㄣˊ ㄎㄨㄛˋ ㄓㄨㄤˋ ㄏㄨㄥˊ ㄅㄢ
輪式印字機,1,ㄌㄨㄣˊ ㄕˋ ㄧㄣˋ ㄗˋ ㄐㄧ
輸入許可制,1,ㄕㄨ ㄖㄨˋ ㄒㄩˇ ㄎㄜˇ ㄓˋ
輾轉相除法,1,ㄓㄢˇ ㄓㄨㄢˇ ㄒㄧㄤ ㄔㄨˊ ㄈㄚˇ
農業現代化,1,ㄋㄨㄥˊ ㄧㄝˋ ㄒㄧㄢˋ ㄉㄞˋ ㄏㄨㄚˋ
農業經濟學,1,ㄋㄨㄥˊ ㄧㄝˋ ㄐㄧㄥ ㄐㄧˋ ㄒㄩㄝˊ
迦納共和國,1,ㄐㄧㄚ ㄋㄚˋ ㄍㄨㄥˋ ㄏㄜˊ ㄍㄨㄛˊ
迪斯尼樂園,1,ㄉㄧˊ ㄙ ㄋㄧˊ ㄌㄜˋ ㄩㄢˊ
退伍軍人症,1,ㄊㄨㄟˋ ㄨˇ ㄐㄩㄣ ㄖㄣˊ ㄓㄥˋ
逐水草而居,1,ㄓㄨˊ ㄕㄨㄟˇ ㄘㄠˇ ㄦˊ ㄐㄩ
通信研究員,1,ㄊㄨㄥ ㄒㄧㄣˋ ㄧㄢˊ ㄐㄧㄡˋ ㄩㄢˊ
連通管原理,1,ㄌㄧㄢˊ ㄊㄨㄥ ㄍㄨㄢˇ ㄩㄢˊ ㄌㄧˇ
連鎖式論證,1,ㄌㄧㄢˊ ㄙㄨㄛˇ ㄕˋ ㄌㄨㄣˋ ㄓㄥˋ
進口加簽權,1,ㄐㄧㄣˋ ㄎㄡˇ ㄐㄧㄚ ㄑㄧㄢ ㄑㄩㄢˊ
進步夥伴展,1,ㄐㄧㄣˋ ㄅㄨˋ ㄏㄨㄛˇ ㄅㄢˋ ㄓㄢˇ
遊民收容所,1,ㄧㄡˊ ㄇㄧㄣˊ ㄕㄡ ㄖㄨㄥˊ ㄙㄨㄛˇ
過敏性反應,1,ㄍㄨㄛˋ ㄇㄧㄣˇ ㄒㄧㄥˋ ㄈㄢˇ ㄧㄥˋ
道三不著兩,1,ㄉㄠˋ ㄙㄢ ㄅㄨˋ ㄓㄠˊ ㄌㄧㄤˇ
道耳吞定律,1,ㄉㄠˋ ㄦˇ ㄊㄨㄣ ㄉㄧㄥˋ ㄌㄩˋ
道路中心樁,1,ㄉㄠˋ ㄌㄨˋ ㄓㄨㄥ ㄒㄧㄣ ㄓㄨㄤ
達爾文主義,1,ㄉㄚˊ ㄦˇ ㄨㄣˊ ㄓㄨˇ ㄧˋ
達爾文學說,1,ㄉㄚˊ ㄦˇ ㄨㄣˊ ㄒㄩㄝˊ ㄕㄨㄛ
避色如避讎,1,ㄅㄧˋ ㄙㄜˋ ㄖㄨˊ ㄅㄧˋ ㄔㄡˊ
避風如避箭,1,ㄅㄧˋ ㄈㄥ ㄖㄨˊ ㄅㄧˋ ㄐㄧㄢˋ
邊都沾不上,1,ㄅㄧㄢ ㄉㄡ ㄓㄢ ㄅㄨˋ ㄕㄤˋ
邏輯實證論,1,ㄌㄨㄛˊ ㄐㄧˊ ㄕˊ ㄓㄥˋ ㄌㄨㄣˋ
部首檢字法,1,ㄅㄨˋ ㄕㄡˇ ㄐㄧㄢˇ ㄗˋ ㄈㄚˇ
都市美容師,1,ㄉㄨ ㄕˋ ㄇㄟˇ ㄖㄨㄥˊ ㄕ
鄂霍次克海,1,ㄜˋ ㄏㄨㄛˋ ㄘˋ ㄎㄜˋ ㄏㄞˇ
鄱陽湖平原,1,ㄆㄛˊ ㄧㄤˊ ㄏㄨˊ ㄆㄧㄥˊ ㄩㄢˊ
配位化合物,1,ㄆㄟˋ ㄨㄟˋ ㄏㄨㄚˋ ㄏㄜˊ ㄨˋ
酒令如軍令,1,ㄐㄧㄡˇ ㄌㄧㄥˋ ㄖㄨˊ ㄐㄩㄣ ㄌㄧㄥˋ
酒是色之媒,1,ㄐㄧㄡˇ ㄕˋ ㄙㄜˋ ㄓ ㄇㄟˊ
酒病酒藥醫,1,ㄐㄧㄡˇ ㄅㄧㄥˋ ㄐㄧㄡˇ ㄧㄠˋ ㄧ
酒精去氫酶,1,ㄐㄧㄡˇ ㄐㄧㄥ ㄑㄩˋ ㄑㄧㄥ ㄇㄟˊ
酒精溫度計,1,ㄐㄧㄡˇ ㄐㄧㄥ ㄨㄣ ㄉㄨˋ ㄐㄧˋ
酸葡萄心理,1,ㄙㄨㄢ ㄆㄨˊ ㄊㄠ˙ ㄒㄧㄣ ㄌㄧˇ
醒世姻緣傳,1,ㄒㄧㄥˇ ㄕˋ ㄧㄣ ㄩㄢˊ ㄓㄨㄢˋ
醫學檢驗所,1,ㄧ ㄒㄩㄝˊ ㄐㄧㄢˇ ㄧㄢˋ ㄙㄨㄛˇ
醫藥氣候學,1,ㄧ ㄧㄠˋ ㄑㄧˋ ㄏㄡˋ ㄒㄩㄝˊ
重金屬含量,1,ㄓㄨㄥˋ ㄐㄧㄣ ㄕㄨˇ ㄏㄢˊ ㄌㄧㄤˋ
野性的呼喚,1,ㄧㄝˇ ㄒㄧㄥˋ ㄉㄜ˙ ㄏㄨ ㄏㄨㄢˋ
野生動物園,1,ㄧㄝˇ ㄕㄥ ㄉㄨㄥˋ ㄨˋ ㄩㄢˊ
金融檢查權,1,ㄐㄧㄣ ㄖㄨㄥˊ ㄐㄧㄢˇ ㄔㄚˊ ㄑㄩㄢˊ
金龍少棒隊,1,ㄐㄧㄣ ㄌㄨㄥˊ ㄕㄠˋ ㄅㄤˋ ㄉㄨㄟˋ
針孔照相機,1,ㄓㄣ ㄎㄨㄥˇ ㄓㄠˋ ㄒㄧㄤˋ ㄐㄧ
針尖對麥芒,1,ㄓㄣ ㄐㄧㄢ ㄉㄨㄟˋ ㄇㄞˋ ㄇㄤˊ
銀本位制度,1,ㄧㄣˊ ㄅㄣˇ ㄨㄟˋ ㄓˋ ㄉㄨˋ
銀樣蠟鎗頭,1,ㄧㄣˊ ㄧㄤˋ ㄌㄚˋ ㄑㄧㄤ ㄊㄡˊ
銀樣鑞槍頭,1,ㄧㄣˊ ㄧㄤˋ ㄌㄚˋ ㄑㄧㄤ ㄊㄡˊ
銀河落九天,1,ㄧㄣˊ ㄏㄜˊ ㄌㄨㄛˋ ㄐㄧㄡˇ ㄊㄧㄢ
銀行對帳單,1,ㄧㄣˊ ㄏㄤˊ ㄉㄨㄟˋ ㄓㄤˋ ㄉㄢ
鋪面臨街房,1,ㄆㄨˋ ㄇㄧㄢˋ ㄌㄧㄣˊ ㄐㄧㄝ ㄈㄤˊ
鋼琴二重奏,1,ㄍㄤ ㄑㄧㄣˊ ㄦˋ ㄔㄨㄥˊ ㄗㄡˋ
錢眼裡安身,1,ㄑㄧㄢˊ ㄧㄢˇ ㄌㄧˇ ㄢ ㄕㄣ
錢親人不親,1,ㄑㄧㄢˊ ㄑㄧㄣ ㄖㄣˊ ㄅㄨˋ ㄑㄧㄣ
鏊盤上螞蟻,1,ㄠˊ ㄆㄢˊ ㄕㄤ˙ ㄇㄚˇ ㄧˇ
鐵將軍把門,1,ㄊㄧㄝˇ ㄐㄧㄤ ㄐㄩㄣ ㄅㄚˇ ㄇㄣˊ
鐵路地下化,1,ㄊㄧㄝˇ ㄌㄨˋ ㄉㄧˋ ㄒㄧㄚˋ ㄏㄨㄚˋ
鐵路電氣化,1,ㄊㄧㄝˇ ㄌㄨˋ ㄉㄧㄢˋ ㄑㄧˋ ㄏㄨㄚˋ
鐸以聲自毀,1,ㄉㄨㄛˊ ㄧˇ ㄕㄥ ㄗˋ ㄏㄨㄟˇ
長尾闊嘴鳥,1,ㄔㄤˊ ㄨㄟˇ ㄎㄨㄛˋ ㄗㄨㄟˇ ㄋㄧㄠˇ
長日照植物,1,ㄔㄤˊ ㄖˋ ㄓㄠˋ ㄓˊ ㄨˋ
長梗滿天星,1,ㄔㄤˊ ㄍㄥˇ ㄇㄢˇ ㄊㄧㄢ ㄒㄧㄥ
長江無六月,1,ㄔㄤˊ ㄐㄧㄤ ㄨˊ ㄌㄧㄡˋ ㄩㄝˋ
長焦距鏡頭,1,ㄔㄤˊ ㄐㄧㄠ ㄐㄩˋ ㄐㄧㄥˋ ㄊㄡˊ
長線放遠鷂,1,ㄔㄤˊ ㄒㄧㄢˋ ㄈㄤˋ ㄩㄢˇ ㄧㄠˋ
門口攝影機,1,ㄇㄣˊ ㄎㄡˇ ㄕㄜˋ ㄧㄥˇ ㄐㄧ
門縫裡看人,1,ㄇㄣˊ ㄈㄥˋ ㄌㄧˇ ㄎㄢˋ ㄖㄣˊ
門面鋪席人,1,ㄇㄣˊ ㄇㄧㄢˋ ㄆㄨˋ ㄒㄧˊ ㄖㄣˊ
閃電式結婚,1,ㄕㄢˇ ㄉㄧㄢˋ ㄕˋ ㄐㄧㄝˊ ㄏㄨㄣ
開弓不放箭,1,ㄎㄞ ㄍㄨㄥ ㄅㄨˋ ㄈㄤˋ ㄐㄧㄢˋ
開放式教育,1,ㄎㄞ ㄈㄤˋ ㄕˋ ㄐㄧㄠˋ ㄩˋ
開放的態度,1,ㄎㄞ ㄈㄤˋ ㄉㄜ˙ ㄊㄞˋ ㄉㄨˋ
開普不列敦,1,ㄎㄞ ㄆㄨˇ ㄅㄨˋ ㄌㄧㄝˋ ㄉㄨㄣ
間接自由球,1,ㄐㄧㄢˋ ㄐㄧㄝ ㄗˋ ㄧㄡˊ ㄑㄧㄡˊ
間繞式彈簧,1,ㄐㄧㄢˋ ㄖㄠˋ ㄕˋ ㄊㄢˊ ㄏㄨㄤˊ
間質性肺炎,1,ㄐㄧㄢ ㄓˊ ㄒㄧㄥˋ ㄈㄟˋ ㄧㄢˊ
關公賣豆腐,1,ㄍㄨㄢ ㄍㄨㄥ ㄇㄞˋ ㄉㄡˋ ㄈㄨˇ
關東都督府,1,ㄍㄨㄢ ㄉㄨㄥ ㄉㄨ ㄉㄨ ㄈㄨˇ
關王賣豆腐,1,ㄍㄨㄢ ㄨㄤˊ ㄇㄞˋ ㄉㄡˋ ㄈㄨˇ
防空識別區,1,ㄈㄤˊ ㄎㄨㄥ ㄕˋ ㄅㄧㄝˊ ㄑㄩ
防衛性反應,1,ㄈㄤˊ ㄨㄟˋ ㄒㄧㄥˋ ㄈㄢˇ ㄧㄥˋ
防衛性外交,1,ㄈㄤˊ ㄨㄟˋ ㄒㄧㄥˋ ㄨㄞˋ ㄐㄧㄠ
阿拉伯字母,1,ㄚ ㄌㄚ ㄅㄛˊ ㄗˋ ㄇㄨˇ
阿拉伯沙漠,1,ㄚ ㄌㄚ ㄅㄛˊ ㄕㄚ ㄇㄛˋ
阿拉伯聯盟,1,ㄚ ㄌㄚ ㄅㄛˊ ㄌㄧㄢˊ ㄇㄥˊ
阿拉伯膠樹,1,ㄚ ㄌㄚ ㄅㄛˊ ㄐㄧㄠ ㄕㄨˋ
阿摩尼亞水,1,ㄚ ㄇㄛˊ ㄋㄧˊ ㄧㄚˋ ㄕㄨㄟˇ
阿朗壹古道,1,ㄚ ㄌㄤˇ ㄧ ㄍㄨˇ ㄉㄠˋ
阿爾及利亞,1,ㄚ ㄦˇ ㄐㄧˊ ㄌㄧˋ ㄧㄚˋ
阿爾巴尼亞,1,ㄚ ㄦˇ ㄅㄚ ㄋㄧˊ ㄧㄚˋ
阿米巴原蟲,1,ㄚ ㄇㄧˇ ㄅㄚ ㄩㄢˊ ㄔㄨㄥˊ
阿米巴痢疾,1,ㄚ ㄇㄧˇ ㄅㄚ ㄌㄧˋ ㄐㄧˊ
阿茨海默症,1,ㄚ ㄘ ㄏㄞˇ ㄇㄛˋ ㄓㄥˋ
阿茨海默症,1,ㄚ ㄘˊ ㄏㄞˇ ㄇㄛˋ ㄓㄥˋ
阿里山之歌,1,ㄚ ㄌㄧˇ ㄕㄢ ㄓ ㄍㄜ
阿里山山脈,1,ㄚ ㄌㄧˇ ㄕㄢ ㄕㄢ ㄇㄞˋ
陰溝裡翻船,1,ㄧㄣ ㄍㄡ ㄌㄧ˙ ㄈㄢ ㄔㄨㄢˊ
陳年爛芝麻,1,ㄔㄣˊ ㄋㄧㄢˊ ㄌㄢˋ ㄓ ㄇㄚ˙
陳摶的兄弟,1,ㄔㄣˊ ㄊㄨㄢˊ ㄉㄜ˙ ㄒㄩㄥ ㄉㄧˋ
陳貓古老鼠,1,ㄔㄣˊ ㄇㄠ ㄍㄨˇ ㄌㄠˇ ㄕㄨˇ
陽光基金會,1,ㄧㄤˊ ㄍㄨㄤ ㄐㄧ ㄐㄧㄣ ㄏㄨㄟˋ
隔山觀虎鬥,1,ㄍㄜˊ ㄕㄢ ㄍㄨㄢ ㄏㄨˇ ㄉㄡˋ
隔年的皇曆,1,ㄍㄜˊ ㄋㄧㄢˊ ㄉㄜ˙ ㄏㄨㄤˊ ㄌㄧˋ
隔牆掠篩箕,1,ㄍㄜˊ ㄑㄧㄤˊ ㄌㄩㄝˋ ㄕㄞ ㄐㄧ
隔牆掠肝腸,1,ㄍㄜˊ ㄑㄧㄤˊ ㄌㄩㄝˋ ㄍㄢ ㄔㄤˊ
隔牆撩肐膊,1,ㄍㄜˊ ㄑㄧㄤˊ ㄌㄧㄠ ㄍㄜ ㄅㄛ˙
隔牆還有耳,1,ㄍㄜˊ ㄑㄧㄤˊ ㄏㄞˊ ㄧㄡˇ ㄦˇ
隧道棚栽法,1,ㄙㄨㄟˋ ㄉㄠˋ ㄆㄥˊ ㄗㄞ ㄈㄚˇ
雁頭鴟勞嘴,1,ㄧㄢˋ ㄊㄡˊ ㄔ ㄌㄠˊ ㄗㄨㄟˇ
雅爾達密約,1,ㄧㄚˇ ㄦˇ ㄉㄚˊ ㄇㄧˋ ㄩㄝ
雅爾達會議,1,ㄧㄚˇ ㄦˇ ㄉㄚˊ ㄏㄨㄟˋ ㄧˋ
集集大地震,1,ㄐㄧˊ ㄐㄧˊ ㄉㄚˋ ㄉㄧˋ ㄓㄣˋ
集體恐怖營,1,ㄐㄧˊ ㄊㄧˇ ㄎㄨㄥˇ ㄅㄨˋ ㄧㄥˊ
雙伴音電視,1,ㄕㄨㄤ ㄅㄢˋ ㄧㄣ ㄉㄧㄢˋ ㄕˋ
雙向討論區,1,ㄕㄨㄤ ㄒㄧㄤˋ ㄊㄠˇ ㄌㄨㄣˋ ㄑㄩ
雙畫面電視,1,ㄕㄨㄤ ㄏㄨㄚˋ ㄇㄧㄢˋ ㄉㄧㄢˋ ㄕˋ
雙鉤執筆法,1,ㄕㄨㄤ ㄍㄡ ㄓˊ ㄅㄧˇ ㄈㄚˇ
雜食性動物,1,ㄗㄚˊ ㄕˊ ㄒㄧㄥˋ ㄉㄨㄥˋ ㄨˋ
雞棲鳳凰食,1,ㄐㄧ ㄑㄧ ㄈㄥˋ ㄏㄨㄤˊ ㄕˊ
雞毛子亂叫,1,ㄐㄧ ㄇㄠˊ ㄗ˙ ㄌㄨㄢˋ ㄐㄧㄠˋ
雞毛當令箭,1,ㄐㄧ ㄇㄠˊ ㄉㄤˋ ㄌㄧㄥˋ ㄐㄧㄢˋ
雞犬識新豐,1,ㄐㄧ ㄑㄩㄢˇ ㄕˋ ㄒㄧㄣ ㄈㄥ
離婚同意書,1,ㄌㄧˊ ㄏㄨㄣ ㄊㄨㄥˊ ㄧˋ ㄕㄨ
離心分離機,1,ㄌㄧˊ ㄒㄧㄣ ㄈㄣ ㄌㄧˊ ㄐㄧ
雪獅子向火,1,ㄒㄩㄝˇ ㄕ ㄗ˙ ㄒㄧㄤˋ ㄏㄨㄛˇ
雲煙過眼錄,1,ㄩㄣˊ ㄧㄢ ㄍㄨㄛˋ ㄧㄢˇ ㄌㄨˋ
雲端裡老鼠,1,ㄩㄣˊ ㄉㄨㄢ ㄌㄧ˙ ㄌㄠˇ ㄕㄨˇ
雲麾將軍碑,1,ㄩㄣˊ ㄏㄨㄟ ㄐㄧㄤ ㄐㄩㄣ ㄅㄟ
零缺點運動,1,ㄌㄧㄥˊ ㄑㄩㄝ ㄉㄧㄢˇ ㄩㄣˋ ㄉㄨㄥˋ
雷克坦跑道,1,ㄌㄟˊ ㄎㄜˋ ㄊㄢˇ ㄆㄠˇ ㄉㄠˋ
雷射碟影機,1,ㄌㄟˊ ㄕㄜˋ ㄉㄧㄝˊ ㄧㄥˇ ㄐㄧ
雷昂卡發洛,1,ㄌㄟˊ ㄤˊ ㄎㄚˇ ㄈㄚ ㄌㄨㄛˋ
雷神進行曲,1,ㄌㄟˊ ㄕㄣˊ ㄐㄧㄣˋ ㄒㄧㄥˊ ㄑㄩˇ
電動刮鬍刀,1,ㄉㄧㄢˋ ㄉㄨㄥˋ ㄍㄨㄚ ㄏㄨˊ ㄉㄠ
電動剃鬚刀,1,ㄉㄧㄢˋ ㄉㄨㄥˋ ㄊㄧˋ ㄒㄩ ㄉㄠ
電動縫衣機,1,ㄉㄧㄢˋ ㄉㄨㄥˋ ㄈㄥˊ ㄧ ㄐㄧ
電子信件窗,1,ㄉㄧㄢˋ ㄗˇ ㄒㄧㄣˋ ㄐㄧㄢˋ ㄔㄨㄤ
電子公事包,1,ㄉㄧㄢˋ ㄗˇ ㄍㄨㄥ ㄕˋ ㄅㄠ
電子布告欄,1,ㄉㄧㄢˋ ㄗˇ ㄅㄨˋ ㄍㄠˋ ㄌㄢˊ
電子望遠鏡,1,ㄉㄧㄢˋ ㄗˇ ㄨㄤˋ ㄩㄢˇ ㄐㄧㄥˋ
電子琴花車,1,ㄉㄧㄢˋ ㄗˇ ㄑㄧㄣˊ ㄏㄨㄚ ㄔㄜ
電影分級制,1,ㄉㄧㄢˋ ㄧㄥˇ ㄈㄣ ㄐㄧˊ ㄓˋ
電影回顧展,1,ㄉㄧㄢˋ ㄧㄥˇ ㄏㄨㄟˊ ㄍㄨˋ ㄓㄢˇ
電影圖書館,1,ㄉㄧㄢˋ ㄧㄥˇ ㄊㄨˊ ㄕㄨ ㄍㄨㄢˇ
電影放映機,1,ㄉㄧㄢˋ ㄧㄥˇ ㄈㄤˋ ㄧㄥˋ ㄐㄧ
電機工程師,1,ㄉㄧㄢˋ ㄐㄧ ㄍㄨㄥ ㄔㄥˊ ㄕ
電腦化會議,1,ㄉㄧㄢˋ ㄋㄠˇ ㄏㄨㄚˋ ㄏㄨㄟˋ ㄧˋ
電腦筆記本,1,ㄉㄧㄢˋ ㄋㄠˇ ㄅㄧˇ ㄐㄧˋ ㄅㄣˇ
電腦系統業,1,ㄉㄧㄢˋ ㄋㄠˇ ㄒㄧˋ ㄊㄨㄥˇ ㄧㄝˋ
電腦終端機,1,ㄉㄧㄢˋ ㄋㄠˇ ㄓㄨㄥ ㄉㄨㄢ ㄐㄧ
電腦維護業,1,ㄉㄧㄢˋ ㄋㄠˇ ㄨㄟˊ ㄏㄨˋ ㄧㄝˋ
電腦補習業,1,ㄉㄧㄢˋ ㄋㄠˇ ㄅㄨˇ ㄒㄧˊ ㄧㄝˋ
電腦讀卡機,1,ㄉㄧㄢˋ ㄋㄠˇ ㄉㄨˊ ㄎㄚˇ ㄐㄧ
電腦軟體業,1,ㄉㄧㄢˋ ㄋㄠˇ ㄖㄨㄢˇ ㄊㄧˇ ㄧㄝˋ
電腦馬桶座,1,ㄉㄧㄢˋ ㄋㄠˇ ㄇㄚˇ ㄊㄨㄥˇ ㄗㄨㄛˋ
電視映像管,1,ㄉㄧㄢˋ ㄕˋ ㄧㄥˋ ㄒㄧㄤˋ ㄍㄨㄢˇ
電視歌仔戲,1,ㄉㄧㄢˋ ㄕˋ ㄍㄜ ㄗˇ ㄒㄧˋ
電視系列片,1,ㄉㄧㄢˋ ㄕˋ ㄒㄧˋ ㄌㄧㄝˋ ㄆㄧㄢˋ
電視興奮症,1,ㄉㄧㄢˋ ㄕˋ ㄒㄧㄥ ㄈㄣˋ ㄓㄥˋ
電視轉播車,1,ㄉㄧㄢˋ ㄕˋ ㄓㄨㄢˇ ㄅㄛˋ ㄔㄜ
電視連續劇,1,ㄉㄧㄢˋ ㄕˋ ㄌㄧㄢˊ ㄒㄩˋ ㄐㄩˋ
電視遊樂器,1,ㄉㄧㄢˋ ㄕˋ ㄧㄡˊ ㄌㄜˋ ㄑㄧˋ
電話交換機,1,ㄉㄧㄢˋ ㄏㄨㄚˋ ㄐㄧㄠ ㄏㄨㄢˋ ㄐㄧ
電話答錄機,1,ㄉㄧㄢˋ ㄏㄨㄚˋ ㄉㄚˊ ㄌㄨˋ ㄐㄧ
霓裳羽衣曲,1,ㄋㄧˊ ㄔㄤˊ ㄩˇ ㄧ ㄑㄩˇ
霓裳羽衣舞,1,ㄋㄧˊ ㄔㄤˊ ㄩˇ ㄧ ㄨˇ
露天咖啡座,1,ㄌㄨˋ ㄊㄧㄢ ㄎㄚ ㄈㄟ ㄗㄨㄛˋ
青天大老爺,1,ㄑㄧㄥ ㄊㄧㄢ ㄉㄚˋ ㄌㄠˇ ㄧㄝ˙
青果合作社,1,ㄑㄧㄥ ㄍㄨㄛˇ ㄏㄜˊ ㄗㄨㄛˋ ㄕㄜˋ
青海湖盆地,1,ㄑㄧㄥ ㄏㄞˇ ㄏㄨˊ ㄆㄣˊ ㄉㄧˋ
青蓮崗文化,1,ㄑㄧㄥ ㄌㄧㄢˊ ㄍㄤ ㄨㄣˊ ㄏㄨㄚˋ
靖康傳信錄,1,ㄐㄧㄥˋ ㄎㄤ ㄔㄨㄢˊ ㄒㄧㄣˋ ㄌㄨˋ
靜脈血栓症,1,ㄐㄧㄥˋ ㄇㄞˋ ㄒㄧㄝˇ ㄕㄨㄢ ㄓㄥˋ
非再生資源,1,ㄈㄟ ㄗㄞˋ ㄕㄥ ㄗ ㄩㄢˊ
非官守議員,1,ㄈㄟ ㄍㄨㄢ ㄕㄡˇ ㄧˋ ㄩㄢˊ
非形象藝術,1,ㄈㄟ ㄒㄧㄥˊ ㄒㄧㄤˋ ㄧˋ ㄕㄨˋ
非戰鬥人員,1,ㄈㄟ ㄓㄢˋ ㄉㄡˋ ㄖㄣˊ ㄩㄢˊ
非是小可的,1,ㄈㄟ ㄕˋ ㄒㄧㄠˇ ㄎㄜˇ ㄉㄜ˙
非正式教育,1,ㄈㄟ ㄓㄥˋ ㄕˋ ㄐㄧㄠˋ ㄩˋ
非正規作戰,1,ㄈㄟ ㄓㄥˋ ㄍㄨㄟ ㄗㄨㄛˋ ㄓㄢˋ
非洲出血熱,1,ㄈㄟ ㄓㄡ ㄔㄨ ㄒㄧㄝˇ ㄖㄜˋ
非理性主義,1,ㄈㄟ ㄌㄧˇ ㄒㄧㄥˋ ㄓㄨˇ ㄧˋ
非禮不可入,1,ㄈㄟ ㄌㄧˇ ㄅㄨˋ ㄎㄜˇ ㄖㄨˋ
非經濟因素,1,ㄈㄟ ㄐㄧㄥ ㄐㄧˋ ㄧㄣ ㄙㄨˋ
非職業演員,1,ㄈㄟ ㄓˊ ㄧㄝˋ ㄧㄢˇ ㄩㄢˊ
非語文傳播,1,ㄈㄟ ㄩˇ ㄨㄣˊ ㄔㄨㄢˊ ㄅㄛˋ
非貿易創匯,1,ㄈㄟ ㄇㄠˋ ㄧˋ ㄔㄨㄤˋ ㄏㄨㄟˋ
面子上的人,1,ㄇㄧㄢˋ ㄗ˙ ㄕㄤˋ ㄉㄜ˙ ㄖㄣˊ
面子上的話,1,ㄇㄧㄢˋ ㄗ˙ ㄕㄤˋ ㄉㄜ˙ ㄏㄨㄚˋ
面色如金紙,1,ㄇㄧㄢˋ ㄙㄜˋ ㄖㄨˊ ㄐㄧㄣ ㄓˇ
韓國八角會,1,ㄏㄢˊ ㄍㄨㄛˊ ㄅㄚ ㄐㄧㄠˇ ㄏㄨㄟˋ
音序查字法,1,ㄧㄣ ㄒㄩˋ ㄔㄚˊ ㄗˋ ㄈㄚˇ
音樂圖書館,1,ㄧㄣ ㄩㄝˋ ㄊㄨˊ ㄕㄨ ㄍㄨㄢˇ
音響測深儀,1,ㄧㄣ ㄒㄧㄤˇ ㄘㄜˋ ㄕㄣ ㄧˊ
響堂山石窟,1,ㄒㄧㄤˇ ㄊㄤˊ ㄕㄢ ㄕˊ ㄎㄨ
響尾蛇飛彈,1,ㄒㄧㄤˇ ㄨㄟˇ ㄕㄜˊ ㄈㄟ ㄉㄢˋ
預備軍官役,1,ㄩˋ ㄅㄟˋ ㄐㄩㄣ ㄍㄨㄢ ㄧˋ
預力混凝土,1,ㄩˋ ㄌㄧˋ ㄏㄨㄣˋ ㄋㄧㄥˊ ㄊㄨˇ
預拌混凝土,1,ㄩˋ ㄅㄢˋ ㄏㄨㄣˋ ㄋㄧㄥˊ ㄊㄨˇ
頑童流浪記,1,ㄨㄢˊ ㄊㄨㄥˊ ㄌㄧㄡˊ ㄌㄤˋ ㄐㄧˋ
頗不以為然,1,ㄆㄛˇ ㄅㄨˋ ㄧˇ ㄨㄟˊ ㄖㄢˊ
頭齊腳不齊,1,ㄊㄡˊ ㄑㄧˊ ㄐㄧㄠˇ ㄅㄨˋ ㄑㄧˊ
額爾古納河,1,ㄜˊ ㄦˇ ㄍㄨˇ ㄋㄚˋ ㄏㄜˊ
額爾濟斯河,1,ㄜˊ ㄦˇ ㄐㄧˋ ㄙ ㄏㄜˊ
類別的團體,1,ㄌㄟˋ ㄅㄧㄝˊ ㄉㄜ˙ ㄊㄨㄢˊ ㄊㄧˇ
類神經網路,1,ㄌㄟˋ ㄕㄣˊ ㄐㄧㄥ ㄨㄤˇ ㄌㄨˋ
類胡蘿蔔素,1,ㄌㄟˋ ㄏㄨˊ ㄌㄨㄛˊ ㄅㄛ˙ ㄙㄨˋ
顧一不顧二,1,ㄍㄨˋ ㄧ ㄅㄨˋ ㄍㄨˋ ㄦˋ
顧三不顧四,1,ㄍㄨˋ ㄙㄢ ㄅㄨˋ ㄍㄨˋ ㄙˋ
顧不得許多,1,ㄍㄨˋ ㄅㄨˋ ㄉㄜˊ ㄒㄩˇ ㄉㄨㄛ
顧不的死活,1,ㄍㄨˋ ㄅㄨˋ ㄉㄜ˙ ㄙˇ ㄏㄨㄛˊ
顧前不顧後,1,ㄍㄨˋ ㄑㄧㄢˊ ㄅㄨˋ ㄍㄨˋ ㄏㄡˋ
顧頭不顧尾,1,ㄍㄨˋ ㄊㄡˊ ㄅㄨˋ ㄍㄨˋ ㄨㄟˇ
顱蓋內出血,1,ㄌㄨˊ ㄍㄞˋ ㄋㄟˋ ㄔㄨ ㄒㄧㄝˇ
風吹兩邊倒,1,ㄈㄥ ㄔㄨㄟ ㄌㄧㄤˇ ㄅㄧㄢ ㄉㄠˇ
風吹牆頭草,1,ㄈㄥ ㄔㄨㄟ ㄑㄧㄤˊ ㄊㄡˊ ㄘㄠˇ
風景特定區,1,ㄈㄥ ㄐㄧㄥˇ ㄊㄜˋ ㄉㄧㄥˋ ㄑㄩ
風箏斷了線,1,ㄈㄥ ㄓㄥ ㄉㄨㄢˋ ㄌㄜ˙ ㄒㄧㄢˋ
風紋也不動,1,ㄈㄥ ㄨㄣˊ ㄧㄝˇ ㄅㄨˋ ㄉㄨㄥˋ
飛毛腿飛彈,1,ㄈㄟ ㄇㄠˊ ㄊㄨㄟˇ ㄈㄟ ㄉㄢˋ
飛航情報區,1,ㄈㄟ ㄏㄤˊ ㄑㄧㄥˊ ㄅㄠˋ ㄑㄩ
飛行情報區,1,ㄈㄟ ㄒㄧㄥˊ ㄑㄧㄥˊ ㄅㄠˋ ㄑㄩ
食品添加物,1,ㄕˊ ㄆㄧㄣˇ ㄊㄧㄢ ㄐㄧㄚ ㄨˋ
食用蠟燭木,1,ㄕˊ ㄩㄥˋ ㄌㄚˋ ㄓㄨˊ ㄇㄨˋ
飢者易為食,1,ㄐㄧ ㄓㄜˇ ㄧˋ ㄨㄟˊ ㄕˊ
飢者甘糟糠,1,ㄐㄧ ㄓㄜˇ ㄍㄢ ㄗㄠ ㄎㄤ
飯店裡買蔥,1,ㄈㄢˋ ㄉㄧㄢˋ ㄌㄧˇ ㄇㄞˇ ㄘㄨㄥ
飲冰室文集,1,ㄧㄣˇ ㄅㄧㄥ ㄕˋ ㄨㄣˊ ㄐㄧˊ
飽和化合物,1,ㄅㄠˇ ㄏㄜˊ ㄏㄨㄚˋ ㄏㄜˊ ㄨˋ
飽和單位重,1,ㄅㄠˇ ㄏㄜˊ ㄉㄢ ㄨㄟˋ ㄓㄨㄥˋ
飽和水蒸汽,1,ㄅㄠˇ ㄏㄜˊ ㄕㄨㄟˇ ㄓㄥ ㄑㄧˋ
飽和脂肪酸,1,ㄅㄠˇ ㄏㄜˊ ㄓ ㄈㄤˊ ㄙㄨㄢ
飽和蒸汽壓,1,ㄅㄠˇ ㄏㄜˊ ㄓㄥ ㄑㄧˋ ㄧㄚ
飽暖生淫慾,1,ㄅㄠˇ ㄋㄨㄢˇ ㄕㄥ ㄧㄣˊ ㄩˋ
飽當知人飢,1,ㄅㄠˇ ㄉㄤ ㄓ ㄖㄣˊ ㄐㄧ
養病如養虎,1,ㄧㄤˇ ㄅㄧㄥˋ ㄖㄨˊ ㄧㄤˇ ㄏㄨˇ
餓死鬼投胎,1,ㄜˋ ㄙˇ ㄍㄨㄟˇ ㄊㄡˊ ㄊㄞ
香榭里大道,1,ㄒㄧㄤ ㄒㄧㄝˋ ㄌㄧˇ ㄉㄚˋ ㄉㄠˋ
馬上辦中心,1,ㄇㄚˇ ㄕㄤˋ ㄅㄢˋ ㄓㄨㄥ ㄒㄧㄣ
馬不知臉長,1,ㄇㄚˇ ㄅㄨˋ ㄓ ㄌㄧㄢˇ ㄔㄤˊ
馬伏波射潮,1,ㄇㄚˇ ㄈㄨˊ ㄅㄛ ㄕㄜˋ ㄔㄠˊ
馬其諾防線,1,ㄇㄚˇ ㄑㄧˊ ㄋㄨㄛˋ ㄈㄤˊ ㄒㄧㄢˋ
馬其頓王國,1,ㄇㄚˇ ㄑㄧˊ ㄉㄨㄣˋ ㄨㄤˊ ㄍㄨㄛˊ
馬利共和國,1,ㄇㄚˇ ㄌㄧˋ ㄍㄨㄥˋ ㄏㄜˊ ㄍㄨㄛˊ
馬厝卡舞曲,1,ㄇㄚˇ ㄘㄨㄛˋ ㄎㄚˇ ㄨˇ ㄑㄩˇ
馬太受難曲,1,ㄇㄚˇ ㄊㄞˋ ㄕㄡˋ ㄋㄢˋ ㄑㄩˇ
馬家窯文化,1,ㄇㄚˇ ㄐㄧㄚ ㄧㄠˊ ㄨㄣˊ ㄏㄨㄚˋ
馬德堡半球,1,ㄇㄚˇ ㄉㄜˊ ㄅㄠˇ ㄅㄢˋ ㄑㄧㄡˊ
馬歇爾計畫,1,ㄇㄚˇ ㄒㄧㄝ ㄦˇ ㄐㄧˋ ㄏㄨㄚˋ
馬死黃金盡,1,ㄇㄚˇ ㄙˇ ㄏㄨㄤˊ ㄐㄧㄣ ㄐㄧㄣˋ
馬紹爾群島,1,ㄇㄚˇ ㄕㄠˋ ㄦˇ ㄑㄩㄣˊ ㄉㄠˇ
馬聽鑼聲轉,1,ㄇㄚˇ ㄊㄧㄥ ㄌㄨㄛˊ ㄕㄥ ㄓㄨㄢˇ
馬賽進行曲,1,ㄇㄚˇ ㄙㄞˋ ㄐㄧㄣˋ ㄒㄧㄥˊ ㄑㄩˇ
駑馬戀棧豆,1,ㄋㄨˊ ㄇㄚˇ ㄌㄧㄢˋ ㄓㄢˋ ㄉㄡˋ
騎到頭上去,1,ㄑㄧˊ ㄉㄠˋ ㄊㄡˊ ㄕㄤˋ ㄑㄩˋ
骨質石化症,1,ㄍㄨˇ ㄓˊ ㄕˊ ㄏㄨㄚˋ ㄓㄥˋ
骨質軟化症,1,ㄍㄨˇ ㄓˊ ㄖㄨㄢˇ ㄏㄨㄚˋ ㄓㄥˋ
高冷地蔬菜,1,ㄍㄠ ㄌㄥˇ ㄉㄧˋ ㄕㄨ ㄘㄞˋ
高分子材料,1,ㄍㄠ ㄈㄣ ㄗˇ ㄘㄞˊ ㄌㄧㄠˋ
高加索山脈,1,ㄍㄠ ㄐㄧㄚ ㄙㄨㄛˇ ㄕㄢ ㄇㄞˋ
高溫超導體,1,ㄍㄠ ㄨㄣ ㄔㄠ ㄉㄠˇ ㄊㄧˇ
高畫質電視,1,ㄍㄠ ㄏㄨㄚˋ ㄓˊ ㄉㄧㄢˋ ㄕˋ
高速公路局,1,ㄍㄠ ㄙㄨˋ ㄍㄨㄥ ㄌㄨˋ ㄐㄩˊ
高飛犧牲打,1,ㄍㄠ ㄈㄟ ㄒㄧ ㄕㄥ ㄉㄚˇ
高齡化社會,1,ㄍㄠ ㄌㄧㄥˊ ㄏㄨㄚˋ ㄕㄜˋ ㄏㄨㄟˋ
鬥智不鬥力,1,ㄉㄡˋ ㄓˋ ㄅㄨˋ ㄉㄡˋ ㄌㄧˋ
鬧了半天鬼,1,ㄋㄠˋ ㄌㄜ˙ ㄅㄢˋ ㄊㄧㄢ ㄍㄨㄟˇ
鬼也不上門,1,ㄍㄨㄟˇ ㄧㄝˇ ㄅㄨˋ ㄕㄤˋ ㄇㄣˊ
鬼門上占卦,1,ㄍㄨㄟˇ ㄇㄣˊ ㄕㄤˋ ㄓㄢ ㄍㄨㄚˋ
魏斯曼學說,1,ㄨㄟˋ ㄙ ㄇㄢˋ ㄒㄩㄝˊ ㄕㄨㄛ
魯孝王刻石,1,ㄌㄨˇ ㄒㄧㄠˋ ㄨㄤˊ ㄎㄜ ㄕˊ
鮑亞士學派,1,ㄅㄠˋ ㄧㄚˋ ㄕˋ ㄒㄩㄝˊ ㄆㄞˋ
鯉魚跳龍門,1,ㄌㄧˇ ㄩˊ ㄊㄧㄠˋ ㄌㄨㄥˊ ㄇㄣˊ
鳳山縣舊城,1,ㄈㄥˋ ㄕㄢ ㄒㄧㄢˋ ㄐㄧㄡˋ ㄔㄥˊ
鳴鳳山古道,1,ㄇㄧㄥˊ ㄈㄥˋ ㄕㄢ ㄍㄨˇ ㄉㄠˋ
鵝頭執筆法,1,ㄜˊ ㄊㄡˊ ㄓˊ ㄅㄧˇ ㄈㄚˇ
鹹菜燒豆腐,1,ㄒㄧㄢˊ ㄘㄞˋ ㄕㄠ ㄉㄡˋ ㄈㄨ˙
鹼性蓄電池,1,ㄐㄧㄢˇ ㄒㄧㄥˋ ㄒㄩˋ ㄉㄧㄢˋ ㄔˊ
鹽務管理局,1,ㄧㄢˊ ㄨˋ ㄍㄨㄢˇ ㄌㄧˇ ㄐㄩˊ
鹿死不擇音,1,ㄌㄨˋ ㄙˇ ㄅㄨˋ ㄗㄜˊ ㄧㄣˋ
鹿港龍山寺,1,ㄌㄨˋ ㄍㄤˇ ㄌㄨㄥˊ ㄕㄢ ㄙˋ
鹿特丹影展,1,ㄌㄨˋ ㄊㄜˋ ㄉㄢ ㄧㄥˇ ㄓㄢˇ
麥哲倫星雲,1,ㄇㄞˋ ㄓㄜˊ ㄌㄨㄣˊ ㄒㄧㄥ ㄩㄣˊ
麥哲倫海峽,1,ㄇㄞˋ ㄓㄜˊ ㄌㄨㄣˊ ㄏㄞˇ ㄒㄧㄚˊ
麥格塞塞獎,1,ㄇㄞˋ ㄍㄜˊ ㄙㄜˋ ㄙㄜˋ ㄐㄧㄤˇ
麥積山石窟,1,ㄇㄞˋ ㄐㄧ ㄕㄢ ㄕˊ ㄎㄨ
麻六甲海峽,1,ㄇㄚˊ ㄌㄨˋ ㄐㄧㄚˇ ㄏㄞˇ ㄒㄧㄚˊ
麻口袋倒米,1,ㄇㄚˊ ㄎㄡˇ ㄉㄞˋ ㄉㄠˋ ㄇㄧˇ
麻姑仙壇記,1,ㄇㄚˊ ㄍㄨ ㄒㄧㄢ ㄊㄢˊ ㄐㄧˋ
麻衣神相法,1,ㄇㄚˊ ㄧ ㄕㄣˊ ㄒㄧㄤˋ ㄈㄚˇ
麻雀生鵝蛋,1,ㄇㄚˊ ㄑㄩㄝˋ ㄕㄥ ㄜˊ ㄉㄢˋ
黃花岡之役,1,ㄏㄨㄤˊ ㄏㄨㄚ ㄍㄤ ㄓ ㄧˋ
黃菓樹瀑布,1,ㄏㄨㄤˊ ㄍㄨㄛˇ ㄕㄨˋ ㄆㄨˋ ㄅㄨˋ
黃道十二宮,1,ㄏㄨㄤˊ ㄉㄠˋ ㄕˊ ㄦˋ ㄍㄨㄥ
黃金光照社,1,ㄏㄨㄤˊ ㄐㄧㄣ ㄍㄨㄤ ㄓㄠˋ ㄕㄜˋ
黃金提貨單,1,ㄏㄨㄤˊ ㄐㄧㄣ ㄊㄧˊ ㄏㄨㄛˋ ㄉㄢ
黃金擲虛牝,1,ㄏㄨㄤˊ ㄐㄧㄣ ㄓˊ ㄒㄩ ㄆㄧㄣˋ
黑奴籲天錄,1,ㄏㄟ ㄋㄨˊ ㄩˋ ㄊㄧㄢ ㄌㄨˋ
黑尾浮塵子,1,ㄏㄟ ㄨㄟˇ ㄈㄨˊ ㄔㄣˊ ㄗˇ
黑漆皮燈籠,1,ㄏㄟ ㄑㄧ ㄆㄧˊ ㄉㄥ ㄌㄨㄥ˙
黑牛生白犢,1,ㄏㄟ ㄋㄧㄡˊ ㄕㄥ ㄅㄞˊ ㄉㄨˊ
黑白電視機,1,ㄏㄟ ㄅㄞˊ ㄉㄧㄢˋ ㄕˋ ㄐㄧ
黑色棘皮症,1,ㄏㄟ ㄙㄜˋ ㄐㄧˊ ㄆㄧˊ ㄓㄥˋ
鼓樓上小雀,1,ㄍㄨˇ ㄌㄡˊ ㄕㄤˋ ㄒㄧㄠˇ ㄑㄩㄝˋ
鼻涕往上流,1,ㄅㄧˊ ㄊㄧˋ ㄨㄤˇ ㄕㄤˋ ㄌㄧㄡˊ
齊格飛防線,1,ㄑㄧˊ ㄍㄜˊ ㄈㄟ ㄈㄤˊ ㄒㄧㄢˋ
齊瓦哥醫生,1,ㄑㄧˊ ㄨㄚˇ ㄍㄜ ㄧ ㄕㄥ
龍門二十品,1,ㄌㄨㄥˊ ㄇㄣˊ ㄦˋ ㄕˊ ㄆㄧㄣˇ
龍頭屬老成,1,ㄌㄨㄥˊ ㄊㄡˊ ㄕㄨˇ ㄌㄠˇ ㄔㄥˊ
龐巴度夫人,1,ㄆㄤˊ ㄅㄚ ㄉㄨˋ ㄈㄨ ㄖㄣˊ
龐統做知縣,1,ㄆㄤˊ ㄊㄨㄥˇ ㄗㄨㄛˋ ㄓ ㄒㄧㄢˋ
龔古爾獎金,1,ㄍㄨㄥ ㄍㄨˇ ㄦˇ ㄐㄧㄤˇ ㄐㄧㄣ
龜笑鱉無尾,1,ㄍㄨㄟ ㄒㄧㄠˋ ㄅㄧㄝ ㄨˊ ㄨㄟˇ
一二三自由日,1,ㄧ ㄦˋ ㄙㄢ ㄗˋ ㄧㄡˊ ㄖˋ
一個鼻孔出氣,1,ㄧ ㄍㄜ˙ ㄅㄧˊ ㄎㄨㄥˇ ㄔㄨ ㄑㄧˋ
一口吃個胖子,1,ㄧ ㄎㄡˇ ㄔ ㄍㄜ˙ ㄆㄤˋ ㄗ˙
一夥子持臥單,1,ㄧ ㄏㄨㄛˇ ㄗ˙ ㄔˊ ㄨㄛˋ ㄉㄢ
一天一個現在,1,ㄧ ㄊㄧㄢ ㄧ ㄍㄜ˙ ㄒㄧㄢˋ ㄗㄞˋ
一客不煩二主,1,ㄧ ㄎㄜˋ ㄅㄨˋ ㄈㄢˊ ㄦˋ ㄓㄨˇ
一客不犯二主,1,ㄧ ㄎㄜˋ ㄅㄨˋ ㄈㄢˋ ㄦˋ ㄓㄨˇ
一尺還他十寸,1,ㄧ ㄔˇ ㄏㄨㄢˊ ㄊㄚ ㄕˊ ㄘㄨㄣˋ
一山不容二虎,1,ㄧ ㄕㄢ ㄅㄨˋ ㄖㄨㄥˊ ㄦˋ ㄏㄨˇ
一床錦被蓋過,1,ㄧ ㄔㄨㄤˊ ㄐㄧㄣˇ ㄅㄟˋ ㄍㄞˋ ㄍㄨㄛˋ
一床錦被遮蓋,1,ㄧ ㄔㄨㄤˊ ㄐㄧㄣˇ ㄅㄟˋ ㄓㄜ ㄍㄞˋ
一時不等一時,1,ㄧ ㄕˊ ㄅㄨˋ ㄉㄥˇ ㄧ ㄕˊ
一根肚腸到底,1,ㄧ ㄍㄣ ㄉㄨˋ ㄔㄤˊ ㄉㄠˋ ㄉㄧˇ
一氧化碳中毒,1,ㄧ ㄧㄤˇ ㄏㄨㄚˋ ㄊㄢˋ ㄓㄨㄥˋ ㄉㄨˊ
一生受用不盡,1,ㄧ ㄕㄥ ㄕㄡˋ ㄩㄥˋ ㄅㄨˋ ㄐㄧㄣˋ
一生喫著不盡,1,ㄧ ㄕㄥ ㄔ ㄓㄨㄛˊ ㄅㄨˋ ㄐㄧㄣˋ
一發不可收拾,1,ㄧ ㄈㄚ ㄅㄨˋ ㄎㄜˇ ㄕㄡ ㄕ˙
一秤不抵一秤,1,ㄧ ㄔㄥˋ ㄅㄨˋ ㄉㄧˇ ㄧ ㄔㄥˋ
一竅通百竅通,1,ㄧ ㄑㄧㄠˋ ㄊㄨㄥ ㄅㄞˇ ㄑㄧㄠˋ ㄊㄨㄥ
一竿子插到底,1,ㄧ ㄍㄢ ㄗ˙ ㄔㄚ ㄉㄠˋ ㄉㄧˇ
一腳高一腳低,1,ㄧ ㄐㄧㄠˇ ㄍㄠ ㄧ ㄐㄧㄠˇ ㄉㄧ
一舉而竟全功,1,ㄧ ㄐㄩˇ ㄦˊ ㄐㄧㄥˋ ㄑㄩㄢˊ ㄍㄨㄥ
一虎難敵眾犬,1,ㄧ ㄏㄨˇ ㄋㄢˊ ㄉㄧˊ ㄓㄨㄥˋ ㄑㄩㄢˇ
一蟹不如一蟹,1,ㄧ ㄒㄧㄝˋ ㄅㄨˋ ㄖㄨˊ ㄧ ㄒㄧㄝˋ
一陣青一陣白,1,ㄧ ㄓㄣˋ ㄑㄧㄥ ㄧ ㄓㄣˋ ㄅㄞˊ
一頭撞倒南牆,1,ㄧ ㄊㄡˊ ㄓㄨㄤˋ ㄉㄠˇ ㄋㄢˊ ㄑㄧㄤˊ
一馬不被兩鞍,1,ㄧ ㄇㄚˇ ㄅㄨˋ ㄅㄟˋ ㄌㄧㄤˇ ㄢ
一點水一個泡,1,ㄧ ㄉㄧㄢˇ ㄕㄨㄟˇ ㄧ ㄍㄜ˙ ㄆㄠˋ
三代吉金文存,1,ㄙㄢ ㄉㄞˋ ㄐㄧˊ ㄐㄧㄣ ㄨㄣˊ ㄘㄨㄣˊ
三千大千世界,1,ㄙㄢ ㄑㄧㄢ ㄉㄚˋ ㄑㄧㄢ ㄕˋ ㄐㄧㄝˋ
三句不離本行,1,ㄙㄢ ㄐㄩˋ ㄅㄨˋ ㄌㄧˊ ㄅㄣˇ ㄏㄤˊ
三寸丁谷樹皮,1,ㄙㄢ ㄘㄨㄣˋ ㄉㄧㄥ ㄍㄨˇ ㄕㄨˋ ㄆㄧˊ
三寸不爛之舌,1,ㄙㄢ ㄘㄨㄣˋ ㄅㄨˋ ㄌㄢˋ ㄓ ㄕㄜˊ
三折肱為良醫,1,ㄙㄢ ㄓㄜˊ ㄍㄨㄥ ㄨㄟˊ ㄌㄧㄤˊ ㄧ
三拳難敵四手,1,ㄙㄢ ㄑㄩㄢˊ ㄋㄢˊ ㄉㄧˊ ㄙˋ ㄕㄡˇ
三月不知肉味,1,ㄙㄢ ㄩㄝˋ ㄅㄨˋ ㄓ ㄖㄡˋ ㄨㄟˋ
三月裡的桃花,1,ㄙㄢ ㄩㄝˋ ㄌㄧˇ ㄉㄜ˙ ㄊㄠˊ ㄏㄨㄚ
三武一宗之禍,1,ㄙㄢ ㄨˇ ㄧ ㄗㄨㄥ ㄓ ㄏㄨㄛˋ
三直角三角形,1,ㄙㄢ ㄓˊ ㄐㄧㄠˇ ㄙㄢ ㄐㄧㄠˇ ㄒㄧㄥˊ
三聚氰胺塑膠,1,ㄙㄢ ㄐㄩˋ ㄑㄧㄥ ㄢ ㄙㄨˋ ㄐㄧㄠ
三角巾包紮法,1,ㄙㄢ ㄐㄧㄠˇ ㄐㄧㄣ ㄅㄠ ㄗㄚ ㄈㄚˇ
三魂掉了二魂,1,ㄙㄢ ㄏㄨㄣˊ ㄉㄧㄠˋ ㄌㄜ˙ ㄦˋ ㄏㄨㄣˊ
不分青紅皁白,1,ㄅㄨˋ ㄈㄣ ㄑㄧㄥ ㄏㄨㄥˊ ㄗㄠˋ ㄅㄞˊ
不受歡迎人物,1,ㄅㄨˋ ㄕㄡˋ ㄏㄨㄢ ㄧㄥˊ ㄖㄣˊ ㄨˋ
不可同年而語,1,ㄅㄨˋ ㄎㄜˇ ㄊㄨㄥˊ ㄋㄧㄢˊ ㄦˊ ㄩˇ
不問東西南北,1,ㄅㄨˋ ㄨㄣˋ ㄉㄨㄥ ㄒㄧ ㄋㄢˊ ㄅㄟˇ
不問青紅白皁,1,ㄅㄨˋ ㄨㄣˋ ㄑㄧㄥ ㄏㄨㄥˊ ㄅㄞˊ ㄗㄠˋ
不問青紅皁白,1,ㄅㄨˋ ㄨㄣˋ ㄑㄧㄥ ㄏㄨㄥˊ ㄗㄠˋ ㄅㄞˊ
不如意恆七八,1,ㄅㄨˋ ㄖㄨˊ ㄧˋ ㄏㄥˊ ㄑㄧ ㄅㄚ
不得其門而入,1,ㄅㄨˋ ㄉㄜˊ ㄑㄧˊ ㄇㄣˊ ㄦˊ ㄖㄨˋ
不打不成相與,1,ㄅㄨˋ ㄉㄚˇ ㄅㄨˋ ㄔㄥˊ ㄒㄧㄤ ㄩˇ
不打不成相識,1,ㄅㄨˋ ㄉㄚˇ ㄅㄨˋ ㄔㄥˊ ㄒㄧㄤ ㄕˋ
不按牌理出牌,1,ㄅㄨˋ ㄢˋ ㄆㄞˊ ㄌㄧˇ ㄔㄨ ㄆㄞˊ
不死也半條命,1,ㄅㄨˋ ㄙˇ ㄧㄝˇ ㄅㄢˋ ㄊㄧㄠˊ ㄇㄧㄥˋ
不登大雅之堂,1,ㄅㄨˋ ㄉㄥ ㄉㄚˋ ㄧㄚˇ ㄓ ㄊㄤˊ
不知一個頭腦,1,ㄅㄨˋ ㄓ ㄧ ㄍㄜ˙ ㄊㄡˊ ㄋㄠˇ
不知天高地下,1,ㄅㄨˋ ㄓ ㄊㄧㄢ ㄍㄠ ㄉㄧˋ ㄒㄧㄚˋ
不知天高地厚,1,ㄅㄨˋ ㄓ ㄊㄧㄢ ㄍㄠ ㄉㄧˋ ㄏㄡˋ
不知東南西北,1,ㄅㄨˋ ㄓ ㄉㄨㄥ ㄋㄢˊ ㄒㄧ ㄅㄟˇ
不知者不做罪,1,ㄅㄨˋ ㄓ ㄓㄜˇ ㄅㄨˋ ㄗㄨㄛˋ ㄗㄨㄟˋ
不空成就如來,1,ㄅㄨˋ ㄎㄨㄥ ㄔㄥˊ ㄐㄧㄡˋ ㄖㄨˊ ㄌㄞˊ
不管三七廿一,1,ㄅㄨˋ ㄍㄨㄢˇ ㄙㄢ ㄑㄧ ㄋㄧㄢˋ ㄧ
不管青紅皁白,1,ㄅㄨˋ ㄍㄨㄢˇ ㄑㄧㄥ ㄏㄨㄥˊ ㄗㄠˋ ㄅㄞˊ
不能增減一分,1,ㄅㄨˋ ㄋㄥˊ ㄗㄥ ㄐㄧㄢˇ ㄧ ㄈㄣ
不自由毋寧死,1,ㄅㄨˋ ㄗˋ ㄧㄡˊ ㄨˊ ㄋㄧㄥˊ ㄙˇ
不要臉的東西,1,ㄅㄨˋ ㄧㄠˋ ㄌㄧㄢˇ ㄉㄜ˙ ㄉㄨㄥ ㄒㄧ
不費吹灰之力,1,ㄅㄨˋ ㄈㄟˋ ㄔㄨㄟ ㄏㄨㄟ ㄓ ㄌㄧˋ
不越雷池一步,1,ㄅㄨˋ ㄩㄝˋ ㄌㄟˊ ㄔˊ ㄧ ㄅㄨˋ
不足為外人道,1,ㄅㄨˋ ㄗㄨˊ ㄨㄟˋ ㄨㄞˋ ㄖㄣˊ ㄉㄠˋ
不透明水彩畫,1,ㄅㄨˋ ㄊㄡˋ ㄇㄧㄥˊ ㄕㄨㄟˇ ㄘㄞˇ ㄏㄨㄚˋ
不顧青紅皁白,1,ㄅㄨˋ ㄍㄨˋ ㄑㄧㄥ ㄏㄨㄥˊ ㄗㄠˋ ㄅㄞˊ
丟入爪哇國裡,1,ㄉㄧㄡ ㄖㄨˋ ㄓㄠˇ ㄨㄚ ㄍㄨㄛˊ ㄌㄧˇ
中型積體電路,1,ㄓㄨㄥ ㄒㄧㄥˊ ㄐㄧ ㄊㄧˇ ㄉㄧㄢˋ ㄌㄨˋ
中央常務委員,1,ㄓㄨㄥ ㄧㄤ ㄔㄤˊ ㄨˋ ㄨㄟˇ ㄩㄢˊ
中央政治會議,1,ㄓㄨㄥ ㄧㄤ ㄓㄥˋ ㄓˋ ㄏㄨㄟˋ ㄧˋ
中央監控系統,1,ㄓㄨㄥ ㄧㄤ ㄐㄧㄢ ㄎㄨㄥˋ ㄒㄧˋ ㄊㄨㄥˇ
中央空調系統,1,ㄓㄨㄥ ㄧㄤ ㄎㄨㄥ ㄊㄧㄠˊ ㄒㄧˋ ㄊㄨㄥˇ
中央警察大學,1,ㄓㄨㄥ ㄧㄤ ㄐㄧㄥˇ ㄔㄚˊ ㄉㄚˋ ㄒㄩㄝˊ
中密度人口區,1,ㄓㄨㄥ ㄇㄧˋ ㄉㄨˋ ㄖㄣˊ ㄎㄡˇ ㄑㄩ
中山高速公路,1,ㄓㄨㄥ ㄕㄢ ㄍㄠ ㄙㄨˋ ㄍㄨㄥ ㄌㄨˋ
中度發展國家,1,ㄓㄨㄥ ㄉㄨˋ ㄈㄚ ㄓㄢˇ ㄍㄨㄛˊ ㄐㄧㄚ
中性日照植物,1,ㄓㄨㄥ ㄒㄧㄥˋ ㄖˋ ㄓㄠˋ ㄓˊ ㄨˋ
中華民國憲法,1,ㄓㄨㄥ ㄏㄨㄚˊ ㄇㄧㄣˊ ㄍㄨㄛˊ ㄒㄧㄢˋ ㄈㄚˇ
中華肝吸蟲病,1,ㄓㄨㄥ ㄏㄨㄚˊ ㄍㄢ ㄒㄧ ㄔㄨㄥˊ ㄅㄧㄥˋ
中部橫貫公路,1,ㄓㄨㄥ ㄅㄨˋ ㄏㄥˊ ㄍㄨㄢˋ ㄍㄨㄥ ㄌㄨˋ
主從式資料庫,1,ㄓㄨˇ ㄗㄨㄥˋ ㄕˋ ㄗ ㄌㄧㄠˋ ㄎㄨˋ
乙種國民兵役,1,ㄧˇ ㄓㄨㄥˇ ㄍㄨㄛˊ ㄇㄧㄣˊ ㄅㄧㄥ ㄧˋ
九二一大地震,1,ㄐㄧㄡˇ ㄦˋ ㄧ ㄉㄚˋ ㄉㄧˋ ㄓㄣˋ
九成宮醴泉銘,1,ㄐㄧㄡˇ ㄔㄥˊ ㄍㄨㄥ ㄌㄧˇ ㄑㄩㄢˊ ㄇㄧㄥˊ
九牛去得一毛,1,ㄐㄧㄡˇ ㄋㄧㄡˊ ㄑㄩˋ ㄉㄜ˙ ㄧ ㄇㄠˊ
二二八紀念碑,1,ㄦˋ ㄦˋ ㄅㄚ ㄐㄧˋ ㄋㄧㄢˋ ㄅㄟ
二十八星瓢蟲,1,ㄦˋ ㄕˊ ㄅㄚ ㄒㄧㄥ ㄆㄧㄠˊ ㄔㄨㄥˊ
二姑娘頑老雕,1,ㄦˋ ㄍㄨ ㄋㄧㄤ˙ ㄨㄢˊ ㄌㄠˇ ㄉㄧㄠ
二韃子吃螺螄,1,ㄦˋ ㄉㄚˊ ㄗ˙ ㄔ ㄌㄨㄛˊ ㄙ
互動媒體網路,1,ㄏㄨˋ ㄉㄨㄥˋ ㄇㄟˊ ㄊㄧˇ ㄨㄤˇ ㄌㄨˋ
互動式資訊站,1,ㄏㄨˋ ㄉㄨㄥˋ ㄕˋ ㄗ ㄒㄩㄣˋ ㄓㄢˋ
井水不犯河水,1,ㄐㄧㄥˇ ㄕㄨㄟˇ ㄅㄨˋ ㄈㄢˋ ㄏㄜˊ ㄕㄨㄟˇ
亞佛加厥定律,1,ㄧㄚˋ ㄈㄛˊ ㄐㄧㄚ ㄐㄩㄝˊ ㄉㄧㄥˋ ㄌㄩˋ
亞東關係協會,1,ㄧㄚˋ ㄉㄨㄥ ㄍㄨㄢ ㄒㄧˋ ㄒㄧㄝˊ ㄏㄨㄟˋ
亞歷山大大帝,1,ㄧㄚˋ ㄌㄧˋ ㄕㄢ ㄉㄚˋ ㄉㄚˋ ㄉㄧˋ
亞歷山大帝國,1,ㄧㄚˋ ㄌㄧˋ ㄕㄢ ㄉㄚˋ ㄉㄧˋ ㄍㄨㄛˊ
亞洲開發銀行,1,ㄧㄚˋ ㄓㄡ ㄎㄞ ㄈㄚ ㄧㄣˊ ㄏㄤˊ
亞特拉斯山脈,1,ㄧㄚˋ ㄊㄜˋ ㄌㄚ ㄙ ㄕㄢ ㄇㄞˋ
亞美利加人種,1,ㄧㄚˋ ㄇㄟˇ ㄌㄧˋ ㄐㄧㄚ ㄖㄣˊ ㄓㄨㄥˇ
交通安全教育,1,ㄐㄧㄠ ㄊㄨㄥ ㄢ ㄑㄩㄢˊ ㄐㄧㄠˋ ㄩˋ
京本通俗小說,1,ㄐㄧㄥ ㄅㄣˇ ㄊㄨㄥ ㄙㄨˊ ㄒㄧㄠˇ ㄕㄨㄛ
人有旦夕禍福,1,ㄖㄣˊ ㄧㄡˇ ㄉㄢˋ ㄒㄧˋ ㄏㄨㄛˋ ㄈㄨˊ
人有臉樹有皮,1,ㄖㄣˊ ㄧㄡˇ ㄌㄧㄢˇ ㄕㄨˋ ㄧㄡˇ ㄆㄧˊ
人無橫財不富,1,ㄖㄣˊ ㄨˊ ㄏㄥˋ ㄘㄞˊ ㄅㄨˋ ㄈㄨˋ
企業整體網路,1,ㄑㄧˋ ㄧㄝˋ ㄓㄥˇ ㄊㄧˇ ㄨㄤˇ ㄌㄨˋ
企業用戶帳號,1,ㄑㄧˋ ㄧㄝˋ ㄩㄥˋ ㄏㄨˋ ㄓㄤˋ ㄏㄠˋ
企業識別系統,1,ㄑㄧˋ ㄧㄝˋ ㄕˋ ㄅㄧㄝˊ ㄒㄧˋ ㄊㄨㄥˇ
伊拉克共和國,1,ㄧ ㄌㄚ ㄎㄜˋ ㄍㄨㄥˋ ㄏㄜˊ ㄍㄨㄛˊ
伊斯蘭馬巴德,1,ㄧ ㄙ ㄌㄢˊ ㄇㄚˇ ㄅㄚ ㄉㄜˊ
伊比鳩魯主義,1,ㄧ ㄅㄧˇ ㄐㄧㄡ ㄌㄨˇ ㄓㄨˇ ㄧˋ
伊麗莎白一世,1,ㄧ ㄌㄧˋ ㄕㄚ ㄅㄛˊ ㄧ ㄕˋ
伊麗莎白時代,1,ㄧ ㄌㄧˋ ㄕㄚ ㄅㄛˊ ㄕˊ ㄉㄞˋ
伸手不見五指,1,ㄕㄣ ㄕㄡˇ ㄅㄨˋ ㄐㄧㄢˋ ㄨˇ ㄓˇ
低度發展國家,1,ㄉㄧ ㄉㄨˋ ㄈㄚ ㄓㄢˇ ㄍㄨㄛˊ ㄐㄧㄚ
低階程式語言,1,ㄉㄧ ㄐㄧㄝ ㄔㄥˊ ㄕˋ ㄩˇ ㄧㄢˊ
佛山木版年畫,1,ㄈㄛˊ ㄕㄢ ㄇㄨˋ ㄅㄢˇ ㄋㄧㄢˊ ㄏㄨㄚˋ
佛洛伊德學說,1,ㄈㄛˊ ㄌㄨㄛˋ ㄧ ㄉㄜˊ ㄒㄩㄝˊ ㄕㄨㄛ
佩文齋書畫譜,1,ㄆㄟˋ ㄨㄣˊ ㄓㄞ ㄕㄨ ㄏㄨㄚˋ ㄆㄨˇ
使功不如使過,1,ㄕˇ ㄍㄨㄥ ㄅㄨˋ ㄖㄨˊ ㄕˇ ㄍㄨㄛˋ
來無影去無蹤,1,ㄌㄞˊ ㄨˊ ㄧㄥˇ ㄑㄩˋ ㄨˊ ㄗㄨㄥ
來話方顯示器,1,ㄌㄞˊ ㄏㄨㄚˋ ㄈㄤ ㄒㄧㄢˇ ㄕˋ ㄑㄧˋ
便宜不過當家,1,ㄆㄧㄢˊ ㄧ˙ ㄅㄨˋ ㄍㄨㄛˋ ㄉㄤ ㄐㄧㄚ
便益不失當家,1,ㄆㄧㄢˊ ㄧ˙ ㄅㄨˋ ㄕ ㄉㄤ ㄐㄧㄚ
信託投資公司,1,ㄒㄧㄣˋ ㄊㄨㄛ ㄊㄡˊ ㄗ ㄍㄨㄥ ㄙ
個人英雄主義,1,ㄍㄜˋ ㄖㄣˊ ㄧㄥ ㄒㄩㄥˊ ㄓㄨˇ ㄧˋ
倒了八輩子楣,1,ㄉㄠˇ ㄌㄜ˙ ㄅㄚ ㄅㄟˋ ㄗ˙ ㄇㄟˊ
倒了核桃車子,1,ㄉㄠˇ ㄌㄜ˙ ㄏㄜˊ ㄊㄠˊ ㄔㄜ ㄗ˙
倒寶塔式寫作,1,ㄉㄠˋ ㄅㄠˇ ㄊㄚˇ ㄕˋ ㄒㄧㄝˇ ㄗㄨㄛˋ
做一行怨一行,1,ㄗㄨㄛˋ ㄧ ㄏㄤˊ ㄩㄢˋ ㄧ ㄏㄤˊ
側撞防護系統,1,ㄘㄜˋ ㄓㄨㄤˋ ㄈㄤˊ ㄏㄨˋ ㄒㄧˋ ㄊㄨㄥˇ
僵直性脊椎炎,1,ㄐㄧㄤ ㄓˊ ㄒㄧㄥˋ ㄐㄧˇ ㄓㄨㄟ ㄧㄢˊ
元史紀事本末,1,ㄩㄢˊ ㄕˇ ㄐㄧˋ ㄕˋ ㄅㄣˇ ㄇㄛˋ
先天性心臟病,1,ㄒㄧㄢ ㄊㄧㄢ ㄒㄧㄥˋ ㄒㄧㄣ ㄗㄤˋ ㄅㄧㄥˋ
光控電路開關,1,ㄍㄨㄤ ㄎㄨㄥˋ ㄉㄧㄢˋ ㄌㄨˋ ㄎㄞ ㄍㄨㄢ
光木頭上鑽眼,1,ㄍㄨㄤ ㄇㄨˋ ㄊㄡ˙ ㄕㄤ˙ ㄗㄨㄢ ㄧㄢˇ
光照監視裝置,1,ㄍㄨㄤ ㄓㄠˋ ㄐㄧㄢ ㄕˋ ㄓㄨㄤ ㄓˋ
光纖通信系統,1,ㄍㄨㄤ ㄒㄧㄢ ㄊㄨㄥ ㄒㄧㄣˋ ㄒㄧˋ ㄊㄨㄥˇ
克里米亞半島,1,ㄎㄜˋ ㄌㄧˇ ㄇㄧˇ ㄧㄚˋ ㄅㄢˋ ㄉㄠˇ
克里米亞戰爭,1,ㄎㄜˋ ㄌㄧˇ ㄇㄧˇ ㄧㄚˋ ㄓㄢˋ ㄓㄥ
兒童人權公約,1,ㄦˊ ㄊㄨㄥˊ ㄖㄣˊ ㄑㄩㄢˊ ㄍㄨㄥ ㄩㄝ
兒童福利中心,1,ㄦˊ ㄊㄨㄥˊ ㄈㄨˊ ㄌㄧˋ ㄓㄨㄥ ㄒㄧㄣ
党太尉吃匾食,1,ㄉㄤˇ ㄊㄞˋ ㄨㄟˋ ㄔ ㄅㄧㄢˇ ㄕ˙
兜肚斷了帶子,1,ㄉㄡ ㄉㄨ˙ ㄉㄨㄢˋ ㄌㄜ˙ ㄉㄞˋ ㄗ˙
兜著豆子尋鍋,1,ㄉㄡ ㄓㄜ˙ ㄉㄡˋ ㄗ˙ ㄒㄩㄣˊ ㄍㄨㄛ
內臟器官移植,1,ㄋㄟˋ ㄗㄤˋ ㄑㄧˋ ㄍㄨㄢ ㄧˊ ㄓˊ
全民健康保險,1,ㄑㄩㄢˊ ㄇㄧㄣˊ ㄐㄧㄢˋ ㄎㄤ ㄅㄠˇ ㄒㄧㄢˇ
全額交割股票,1,ㄑㄩㄢˊ ㄜˊ ㄐㄧㄠ ㄍㄜ ㄍㄨˇ ㄆㄧㄠˋ
兩西西里王國,1,ㄌㄧㄤˇ ㄒㄧ ㄒㄧ ㄌㄧˇ ㄨㄤˊ ㄍㄨㄛˊ
八十年不下雨,1,ㄅㄚ ㄕˊ ㄋㄧㄢˊ ㄅㄨˋ ㄒㄧㄚˋ ㄩˇ
八字沒見一撇,1,ㄅㄚ ㄗˋ ㄇㄟˊ ㄐㄧㄢˋ ㄧ ㄆㄧㄝˇ
八字都沒一撇,1,ㄅㄚ ㄗˋ ㄉㄡ ㄇㄟˊ ㄧ ㄆㄧㄝˇ
八家四六文鈔,1,ㄅㄚ ㄐㄧㄚ ㄙˋ ㄌㄧㄡˋ ㄨㄣˊ ㄔㄠ
八棍子撂不著,1,ㄅㄚ ㄍㄨㄣˋ ㄗ˙ ㄌㄧㄠˋ ㄅㄨˋ ㄓㄠˊ
八竿子打不著,1,ㄅㄚ ㄍㄢ ㄗ˙ ㄉㄚˇ ㄅㄨˋ ㄓㄠˊ
公共休閒環境,1,ㄍㄨㄥ ㄍㄨㄥˋ ㄒㄧㄡ ㄒㄧㄢˊ ㄏㄨㄢˊ ㄐㄧㄥˋ
公共文教環境,1,ㄍㄨㄥ ㄍㄨㄥˋ ㄨㄣˊ ㄐㄧㄠˋ ㄏㄨㄢˊ ㄐㄧㄥˋ
公共設施用地,1,ㄍㄨㄥ ㄍㄨㄥˋ ㄕㄜˋ ㄕ ㄩㄥˋ ㄉㄧˋ
公墓裡放鞭炮,1,ㄍㄨㄥ ㄇㄨˋ ㄌㄧˇ ㄈㄤˋ ㄅㄧㄢ ㄆㄠˋ
公文程式條例,1,ㄍㄨㄥ ㄨㄣˊ ㄔㄥˊ ㄕˋ ㄊㄧㄠˊ ㄌㄧˋ
公理自在人心,1,ㄍㄨㄥ ㄌㄧˇ ㄗˋ ㄗㄞˋ ㄖㄣˊ ㄒㄧㄣ
公用事業費率,1,ㄍㄨㄥ ㄩㄥˋ ㄕˋ ㄧㄝˋ ㄈㄟˋ ㄌㄩˋ
公益慈善團體,1,ㄍㄨㄥ ㄧˋ ㄘˊ ㄕㄢˋ ㄊㄨㄢˊ ㄊㄧˇ
公示催告程序,1,ㄍㄨㄥ ㄕˋ ㄘㄨㄟ ㄍㄠˋ ㄔㄥˊ ㄒㄩˋ
公車專用車道,1,ㄍㄨㄥ ㄔㄜ ㄓㄨㄢ ㄩㄥˋ ㄔㄜ ㄉㄠˋ
公門裡好修行,1,ㄍㄨㄥ ㄇㄣˊ ㄌㄧˇ ㄏㄠˇ ㄒㄧㄡ ㄒㄧㄥˊ
公開審理主義,1,ㄍㄨㄥ ㄎㄞ ㄕㄣˇ ㄌㄧˇ ㄓㄨˇ ㄧˋ
公開市場操作,1,ㄍㄨㄥ ㄎㄞ ㄕˋ ㄔㄤˊ ㄘㄠ ㄗㄨㄛˋ
公開市場政策,1,ㄍㄨㄥ ㄎㄞ ㄕˋ ㄔㄤˊ ㄓㄥˋ ㄘㄜˋ
公開市場活動,1,ㄍㄨㄥ ㄎㄞ ㄕˋ ㄔㄤˊ ㄏㄨㄛˊ ㄉㄨㄥˋ
六大營運中心,1,ㄌㄧㄡˋ ㄉㄚˋ ㄧㄥˊ ㄩㄣˋ ㄓㄨㄥ ㄒㄧㄣ
兵在精不在多,1,ㄅㄧㄥ ㄗㄞˋ ㄐㄧㄥ ㄅㄨˋ ㄗㄞˋ ㄉㄨㄛ
兵馬司倒了牆,1,ㄅㄧㄥ ㄇㄚˇ ㄙ ㄉㄠˇ ㄌㄜ˙ ㄑㄧㄤˊ
冷凍調理食品,1,ㄌㄥˇ ㄉㄨㄥˋ ㄊㄧㄠˊ ㄌㄧˇ ㄕˊ ㄆㄧㄣˇ
凱達格蘭大道,1,ㄎㄞˇ ㄉㄚˊ ㄍㄜˊ ㄌㄢˊ ㄉㄚˋ ㄉㄠˋ
凱風寒泉之思,1,ㄎㄞˇ ㄈㄥ ㄏㄢˊ ㄑㄩㄢˊ ㄓ ㄙ
出家人吃八方,1,ㄔㄨ ㄐㄧㄚ ㄖㄣˊ ㄔ ㄅㄚ ㄈㄤ
出處不如聚處,1,ㄔㄨ ㄔㄨˋ ㄅㄨˋ ㄖㄨˊ ㄐㄩˋ ㄔㄨˋ
分子光束武器,1,ㄈㄣ ㄗˇ ㄍㄨㄤ ㄕㄨˋ ㄨˇ ㄑㄧˋ
列寧威權體系,1,ㄌㄧㄝˋ ㄋㄧㄥˊ ㄨㄟ ㄑㄩㄢˊ ㄊㄧˇ ㄒㄧˋ
前言不答後語,1,ㄑㄧㄢˊ ㄧㄢˊ ㄅㄨˋ ㄉㄚˊ ㄏㄡˋ ㄩˇ
割雞焉用牛刀,1,ㄍㄜ ㄐㄧ ㄧㄢ ㄩㄥˋ ㄋㄧㄡˊ ㄉㄠ
創業投資公司,1,ㄔㄨㄤˋ ㄧㄝˋ ㄊㄡˊ ㄗ ㄍㄨㄥ ㄙ
加值型營業稅,1,ㄐㄧㄚ ㄓˊ ㄒㄧㄥˊ ㄧㄥˊ ㄧㄝˋ ㄕㄨㄟˋ
加利福尼亞州,1,ㄐㄧㄚ ㄌㄧˋ ㄈㄨˊ ㄋㄧˊ ㄧㄚˋ ㄓㄡ
加利福尼亞灣,1,ㄐㄧㄚ ㄌㄧˋ ㄈㄨˊ ㄋㄧˊ ㄧㄚˋ ㄨㄢ
加拉巴哥群島,1,ㄐㄧㄚ ㄌㄚ ㄅㄚ ㄍㄜ ㄑㄩㄣˊ ㄉㄠˇ
劣幣驅逐良幣,1,ㄌㄧㄝˋ ㄅㄧˋ ㄑㄩ ㄓㄨˊ ㄌㄧㄤˊ ㄅㄧˋ
動物性蛋白質,1,ㄉㄨㄥˋ ㄨˋ ㄒㄧㄥˋ ㄉㄢˋ ㄅㄞˊ ㄓˊ
動脈脂肪沉積,1,ㄉㄨㄥˋ ㄇㄞˋ ㄓ ㄈㄤˊ ㄔㄣˊ ㄐㄧ
包利克萊荳斯,1,ㄅㄠ ㄌㄧˋ ㄎㄜˋ ㄌㄞˊ ㄉㄡˋ ㄙ
包黑臉斷案子,1,ㄅㄠ ㄏㄟ ㄌㄧㄢˇ ㄉㄨㄢˋ ㄢˋ ㄗ˙
北卡羅萊納州,1,ㄅㄟˇ ㄎㄚˇ ㄌㄨㄛˊ ㄌㄞˊ ㄋㄚˋ ㄓㄡ
北大西洋公約,1,ㄅㄟˇ ㄉㄚˋ ㄒㄧ ㄧㄤˊ ㄍㄨㄥ ㄩㄝ
北大西洋洋流,1,ㄅㄟˇ ㄉㄚˋ ㄒㄧ ㄧㄤˊ ㄧㄤˊ ㄌㄧㄡˊ
北大西洋航線,1,ㄅㄟˇ ㄉㄚˋ ㄒㄧ ㄧㄤˊ ㄏㄤˊ ㄒㄧㄢˋ
北日耳曼聯盟,1,ㄅㄟˇ ㄖˋ ㄦˇ ㄇㄢˋ ㄌㄧㄢˊ ㄇㄥˊ
北洋水師學堂,1,ㄅㄟˇ ㄧㄤˊ ㄕㄨㄟˇ ㄕ ㄒㄩㄝˊ ㄊㄤˊ
北美草原地帶,1,ㄅㄟˇ ㄇㄟˇ ㄘㄠˇ ㄩㄢˊ ㄉㄧˋ ㄉㄞˋ
北部橫貫公路,1,ㄅㄟˇ ㄅㄨˋ ㄏㄥˊ ㄍㄨㄢˋ ㄍㄨㄥ ㄌㄨˋ
北部濱海公路,1,ㄅㄟˇ ㄅㄨˋ ㄅㄧㄣ ㄏㄞˇ ㄍㄨㄥ ㄌㄨˋ
匙大碗小之事,1,ㄔˊ ㄉㄚˋ ㄨㄢˇ ㄒㄧㄠˇ ㄓ ㄕˋ
十三號星期五,1,ㄕˊ ㄙㄢ ㄏㄠˋ ㄒㄧㄥ ㄑㄧˊ ㄨˇ
十二指腸潰瘍,1,ㄕˊ ㄦˋ ㄓˇ ㄔㄤˊ ㄎㄨㄟˋ ㄧㄤˊ
十二點望太陽,1,ㄕˊ ㄦˋ ㄉㄧㄢˇ ㄨㄤˋ ㄊㄞˋ ㄧㄤˊ
千不幸萬不幸,1,ㄑㄧㄢ ㄅㄨˋ ㄒㄧㄥˋ ㄨㄢˋ ㄅㄨˋ ㄒㄧㄥˋ
千不是萬不是,1,ㄑㄧㄢ ㄅㄨˋ ㄕˋ ㄨㄢˋ ㄅㄨˋ ㄕˋ
千不該萬不該,1,ㄑㄧㄢ ㄅㄨˋ ㄍㄞ ㄨㄢˋ ㄅㄨˋ ㄍㄞ
千叮嚀萬囑咐,1,ㄑㄧㄢ ㄉㄧㄥ ㄋㄧㄥˊ ㄨㄢˋ ㄓㄨˇ ㄈㄨˋ
千手千眼觀音,1,ㄑㄧㄢ ㄕㄡˇ ㄑㄧㄢ ㄧㄢˇ ㄍㄨㄢ ㄧㄣ
千聞不如一見,1,ㄑㄧㄢ ㄨㄣˊ ㄅㄨˋ ㄖㄨˊ ㄧ ㄐㄧㄢˋ
半夜裡叫城門,1,ㄅㄢˋ ㄧㄝˋ ㄌㄧˇ ㄐㄧㄠˋ ㄔㄥˊ ㄇㄣˊ
半導體記憶體,1,ㄅㄢˋ ㄉㄠˇ ㄊㄧˇ ㄐㄧˋ ㄧˋ ㄊㄧˇ
半空裡翻觔斗,1,ㄅㄢˋ ㄎㄨㄥ ㄌㄧˇ ㄈㄢ ㄐㄧㄣ ㄉㄡˇ
南臺科技大學,1,ㄋㄢˊ ㄊㄞˊ ㄎㄜ ㄐㄧˋ ㄉㄚˋ ㄒㄩㄝˊ
南部橫貫公路,1,ㄋㄢˊ ㄅㄨˋ ㄏㄥˊ ㄍㄨㄢˋ ㄍㄨㄥ ㄌㄨˋ
博文反應系列,1,ㄅㄛˊ ㄨㄣˊ ㄈㄢˇ ㄧㄥˋ ㄒㄧˋ ㄌㄧㄝˋ
卡倫民族聯盟,1,ㄎㄚˇ ㄌㄨㄣˊ ㄇㄧㄣˊ ㄗㄨˊ ㄌㄧㄢˊ ㄇㄥˊ
卡波西氏肉瘤,1,ㄎㄚˇ ㄅㄛ ㄒㄧ ㄕˋ ㄖㄡˋ ㄌㄧㄡˊ
印度尼西亞語,1,ㄧㄣˋ ㄉㄨˋ ㄋㄧˊ ㄒㄧ ㄧㄚˋ ㄩˇ
印度獨立運動,1,ㄧㄣˋ ㄉㄨˋ ㄉㄨˊ ㄌㄧˋ ㄩㄣˋ ㄉㄨㄥˋ
危急存亡之秋,1,ㄨㄟˊ ㄐㄧˊ ㄘㄨㄣˊ ㄨㄤˊ ㄓ ㄑㄧㄡ
即期外匯交易,1,ㄐㄧˊ ㄑㄧˊ ㄨㄞˋ ㄏㄨㄟˋ ㄐㄧㄠ ㄧˋ
厄瓜多共和國,1,ㄜˋ ㄍㄨㄚ ㄉㄨㄛ ㄍㄨㄥˋ ㄏㄜˊ ㄍㄨㄛˊ
原產地證明書,1,ㄩㄢˊ ㄔㄢˇ ㄉㄧˋ ㄓㄥˋ ㄇㄧㄥˊ ㄕㄨ
叉手不離方寸,1,ㄔㄚ ㄕㄡˇ ㄅㄨˋ ㄌㄧˊ ㄈㄤ ㄘㄨㄣˋ
反射式望遠鏡,1,ㄈㄢˇ ㄕㄜˋ ㄕˋ ㄨㄤˋ ㄩㄢˇ ㄐㄧㄥˋ
反托拉斯法案,1,ㄈㄢˇ ㄊㄨㄛ ㄌㄚ ㄙ ㄈㄚˇ ㄢˋ
反攻復國戰爭,1,ㄈㄢˇ ㄍㄨㄥ ㄈㄨˋ ㄍㄨㄛˊ ㄓㄢˋ ㄓㄥ
口惠而實不至,1,ㄎㄡˇ ㄏㄨㄟˋ ㄦˊ ㄕˊ ㄅㄨˋ ㄓˋ
古今圖書集成,1,ㄍㄨˇ ㄐㄧㄣ ㄊㄨˊ ㄕㄨ ㄐㄧˊ ㄔㄥˊ
古今有一無二,1,ㄍㄨˇ ㄐㄧㄣ ㄧㄡˇ ㄧ ㄨˊ ㄦˋ
只認錢不認人,1,ㄓˇ ㄖㄣˋ ㄑㄧㄢˊ ㄅㄨˋ ㄖㄣˋ ㄖㄣˊ
可望而不可即,1,ㄎㄜˇ ㄨㄤˋ ㄦˊ ㄅㄨˋ ㄎㄜˇ ㄐㄧˊ
可著頭做帽子,1,ㄎㄜˇ ㄓㄜ˙ ㄊㄡˊ ㄗㄨㄛˋ ㄇㄠˋ ㄗ˙
吃一頓挨一頓,1,ㄔ ㄧ ㄉㄨㄣˋ ㄞ ㄧ ㄉㄨㄣˋ
吃不完兜著走,1,ㄔ ㄅㄨ˙ ㄨㄢˊ ㄉㄡ ㄓㄜ˙ ㄗㄡˇ
吃人不吐骨頭,1,ㄔ ㄖㄣˊ ㄅㄨˋ ㄊㄨˇ ㄍㄨˊ ㄊㄡ˙
吃米不知米價,1,ㄔ ㄇㄧˇ ㄅㄨˋ ㄓ ㄇㄧˇ ㄐㄧㄚˋ
吃飽了飯撐的,1,ㄔ ㄅㄠˇ ㄌㄜ˙ ㄈㄢˋ ㄔㄥ ㄉㄜ˙
吃飽飯沒事做,1,ㄔ ㄅㄠˇ ㄈㄢˋ ㄇㄟˊ ㄕˋ ㄗㄨㄛˋ
各師父各傳授,1,ㄍㄜˋ ㄕ ㄈㄨˋ ㄍㄜˋ ㄔㄨㄢˊ ㄕㄡˋ
吉人自有天報,1,ㄐㄧˊ ㄖㄣˊ ㄗˋ ㄧㄡˇ ㄊㄧㄢ ㄅㄠˋ
吉人自有天相,1,ㄐㄧˊ ㄖㄣˊ ㄗˋ ㄧㄡˇ ㄊㄧㄢ ㄒㄧㄤˋ
吉力馬札羅山,1,ㄐㄧˊ ㄌㄧˋ ㄇㄚˇ ㄓㄚˊ ㄌㄨㄛˊ ㄕㄢ
吉布地共和國,1,ㄐㄧˊ ㄅㄨˋ ㄉㄧˋ ㄍㄨㄥˋ ㄏㄜˊ ㄍㄨㄛˊ
吊在麵糊盆內,1,ㄉㄧㄠˋ ㄗㄞˋ ㄇㄧㄢˋ ㄏㄨˊ ㄆㄣˊ ㄋㄟˋ
吊桶落在井裡,1,ㄉㄧㄠˋ ㄊㄨㄥˇ ㄌㄨㄛˋ ㄗㄞˋ ㄐㄧㄥˇ ㄌㄧˇ
君士坦丁大帝,1,ㄐㄩㄣ ㄕˋ ㄊㄢˇ ㄉㄧㄥ ㄉㄚˋ ㄉㄧˋ
君子不念舊惡,1,ㄐㄩㄣ ㄗˇ ㄅㄨˋ ㄋㄧㄢˋ ㄐㄧㄡˋ ㄜˋ
君子成人之美,1,ㄐㄩㄣ ㄗˇ ㄔㄥˊ ㄖㄣˊ ㄓ ㄇㄟˇ
吹牛不打草稿,1,ㄔㄨㄟ ㄋㄧㄡˊ ㄅㄨˋ ㄉㄚˇ ㄘㄠˇ ㄍㄠˇ
呂太后的筵席,1,ㄌㄩˇ ㄊㄞˋ ㄏㄡˋ ㄉㄜ˙ ㄧㄢˊ ㄒㄧˊ
呼吸調節中樞,1,ㄏㄨ ㄒㄧ ㄊㄧㄠˊ ㄐㄧㄝˊ ㄓㄨㄥ ㄕㄨ
和平紀念公園,1,ㄏㄜˊ ㄆㄧㄥˊ ㄐㄧˋ ㄋㄧㄢˋ ㄍㄨㄥ ㄩㄢˊ
哈薩克共和國,1,ㄏㄚ ㄙㄚˋ ㄎㄜˋ ㄍㄨㄥˋ ㄏㄜˊ ㄍㄨㄛˊ
哈農鋼琴教本,1,ㄏㄚ ㄋㄨㄥˊ ㄍㄤ ㄑㄧㄣˊ ㄐㄧㄠˋ ㄅㄣˇ
唐太宗入冥記,1,ㄊㄤˊ ㄊㄞˋ ㄗㄨㄥ ㄖㄨˋ ㄇㄧㄥˊ ㄐㄧˋ
啟發式教學法,1,ㄑㄧˇ ㄈㄚ ㄕˋ ㄐㄧㄠˋ ㄒㄩㄝˊ ㄈㄚˇ
喀爾巴阡山脈,1,ㄎㄚˋ ㄦˇ ㄅㄚ ㄑㄧㄢ ㄕㄢ ㄇㄞˋ
喀麥隆共和國,1,ㄎㄚˋ ㄇㄞˋ ㄌㄨㄥˊ ㄍㄨㄥˋ ㄏㄜˊ ㄍㄨㄛˊ
喫虱子留後腿,1,ㄔ ㄕ ㄗ˙ ㄌㄧㄡˊ ㄏㄡˋ ㄊㄨㄟˇ
單軌引導電車,1,ㄉㄢ ㄍㄨㄟˇ ㄧㄣˇ ㄉㄠˇ ㄉㄧㄢˋ ㄔㄜ
嘉義小蛇目蝶,1,ㄐㄧㄚ ㄧˋ ㄒㄧㄠˇ ㄕㄜˊ ㄇㄨˋ ㄉㄧㄝˊ
嘗試錯誤學習,1,ㄔㄤˊ ㄕˋ ㄘㄨㄛˋ ㄨˋ ㄒㄩㄝˊ ㄒㄧˊ
回教會議組織,1,ㄏㄨㄟˊ ㄐㄧㄠˋ ㄏㄨㄟˋ ㄧˋ ㄗㄨˇ ㄓ
固體二氧化碳,1,ㄍㄨˋ ㄊㄧˇ ㄦˋ ㄧㄤˇ ㄏㄨㄚˋ ㄊㄢˋ
國內生產毛額,1,ㄍㄨㄛˊ ㄋㄟˋ ㄕㄥ ㄔㄢˇ ㄇㄠˊ ㄜˊ
國土資訊系統,1,ㄍㄨㄛˊ ㄊㄨˇ ㄗ ㄒㄩㄣˋ ㄒㄧˋ ㄊㄨㄥˇ
國家恐怖主義,1,ㄍㄨㄛˊ ㄐㄧㄚ ㄎㄨㄥˇ ㄅㄨˋ ㄓㄨˇ ㄧˋ
國家總動員法,1,ㄍㄨㄛˊ ㄐㄧㄚ ㄗㄨㄥˇ ㄉㄨㄥˋ ㄩㄢˊ ㄈㄚˇ
國家行為主義,1,ㄍㄨㄛˊ ㄐㄧㄚ ㄒㄧㄥˊ ㄨㄟˊ ㄓㄨˇ ㄧˋ
國家資訊建設,1,ㄍㄨㄛˊ ㄐㄧㄚ ㄗ ㄒㄩㄣˋ ㄐㄧㄢˋ ㄕㄜˋ
國家資訊架構,1,ㄍㄨㄛˊ ㄐㄧㄚ ㄗ ㄒㄩㄣˋ ㄐㄧㄚˋ ㄍㄡˋ
國家風險評估,1,ㄍㄨㄛˊ ㄐㄧㄚ ㄈㄥ ㄒㄧㄢˇ ㄆㄧㄥˊ ㄍㄨ
國建六年計畫,1,ㄍㄨㄛˊ ㄐㄧㄢˋ ㄌㄧㄡˋ ㄋㄧㄢˊ ㄐㄧˋ ㄏㄨㄚˋ
國民儲蓄獎券,1,ㄍㄨㄛˊ ㄇㄧㄣˊ ㄔㄨˊ ㄒㄩˋ ㄐㄧㄤˇ ㄑㄩㄢˋ
國民所得毛額,1,ㄍㄨㄛˊ ㄇㄧㄣˊ ㄙㄨㄛˇ ㄉㄜˊ ㄇㄠˊ ㄜˊ
國民樂派音樂,1,ㄍㄨㄛˊ ㄇㄧㄣˊ ㄩㄝˋ ㄆㄞˋ ㄧㄣ ㄩㄝˋ
國民生活須知,1,ㄍㄨㄛˊ ㄇㄧㄣˊ ㄕㄥ ㄏㄨㄛˊ ㄒㄩ ㄓ
國民禮儀範例,1,ㄍㄨㄛˊ ㄇㄧㄣˊ ㄌㄧˇ ㄧˊ ㄈㄢˋ ㄌㄧˋ
國民義務教育,1,ㄍㄨㄛˊ ㄇㄧㄣˊ ㄧˋ ㄨˋ ㄐㄧㄠˋ ㄩˋ
國際人權公約,1,ㄍㄨㄛˊ ㄐㄧˋ ㄖㄣˊ ㄑㄩㄢˊ ㄍㄨㄥ ㄩㄝ
國際人權協定,1,ㄍㄨㄛˊ ㄐㄧˋ ㄖㄣˊ ㄑㄩㄢˊ ㄒㄧㄝˊ ㄉㄧㄥˋ
國際人權組織,1,ㄍㄨㄛˊ ㄐㄧˋ ㄖㄣˊ ㄑㄩㄢˊ ㄗㄨˇ ㄓ
國際共產主義,1,ㄍㄨㄛˊ ㄐㄧˋ ㄍㄨㄥˋ ㄔㄢˇ ㄓㄨˇ ㄧˋ
國際分工體制,1,ㄍㄨㄛˊ ㄐㄧˋ ㄈㄣ ㄍㄨㄥ ㄊㄧˇ ㄓˋ
國際勞工組織,1,ㄍㄨㄛˊ ㄐㄧˋ ㄌㄠˊ ㄍㄨㄥ ㄗㄨˇ ㄓ
國際勞工聯盟,1,ㄍㄨㄛˊ ㄐㄧˋ ㄌㄠˊ ㄍㄨㄥ ㄌㄧㄢˊ ㄇㄥˊ
國際學術網路,1,ㄍㄨㄛˊ ㄐㄧˋ ㄒㄩㄝˊ ㄕㄨˋ ㄨㄤˇ ㄌㄨˋ
國際恐怖主義,1,ㄍㄨㄛˊ ㄐㄧˋ ㄎㄨㄥˇ ㄅㄨˋ ㄓㄨˇ ㄧˋ
國際技能競賽,1,ㄍㄨㄛˊ ㄐㄧˋ ㄐㄧˋ ㄋㄥˊ ㄐㄧㄥˋ ㄙㄞˋ
國際標準書碼,1,ㄍㄨㄛˊ ㄐㄧˋ ㄅㄧㄠ ㄓㄨㄣˇ ㄕㄨ ㄇㄚˇ
國際標準組織,1,ㄍㄨㄛˊ ㄐㄧˋ ㄅㄧㄠ ㄓㄨㄣˇ ㄗㄨˇ ㄓ
國際民航組織,1,ㄍㄨㄛˊ ㄐㄧˋ ㄇㄧㄣˊ ㄏㄤˊ ㄗㄨˇ ㄓ
國際清算銀行,1,ㄍㄨㄛˊ ㄐㄧˋ ㄑㄧㄥ ㄙㄨㄢˋ ㄧㄣˊ ㄏㄤˊ
國際直通電話,1,ㄍㄨㄛˊ ㄐㄧˋ ㄓˊ ㄊㄨㄥ ㄉㄧㄢˋ ㄏㄨㄚˋ
國際移住機構,1,ㄍㄨㄛˊ ㄐㄧˋ ㄧˊ ㄓㄨˋ ㄐㄧ ㄍㄡˋ
國際託管制度,1,ㄍㄨㄛˊ ㄐㄧˋ ㄊㄨㄛ ㄍㄨㄢˇ ㄓˋ ㄉㄨˋ
國際語音學會,1,ㄍㄨㄛˊ ㄐㄧˋ ㄩˇ ㄧㄣ ㄒㄩㄝˊ ㄏㄨㄟˋ
國際貨幣基金,1,ㄍㄨㄛˊ ㄐㄧˋ ㄏㄨㄛˋ ㄅㄧˋ ㄐㄧ ㄐㄧㄣ
國際金融中心,1,ㄍㄨㄛˊ ㄐㄧˋ ㄐㄧㄣ ㄖㄨㄥˊ ㄓㄨㄥ ㄒㄧㄣ
國際電報交換,1,ㄍㄨㄛˊ ㄐㄧˋ ㄉㄧㄢˋ ㄅㄠˋ ㄐㄧㄠ ㄏㄨㄢˋ
國際電訊聯盟,1,ㄍㄨㄛˊ ㄐㄧˋ ㄉㄧㄢˋ ㄒㄩㄣˋ ㄌㄧㄢˊ ㄇㄥˊ
國際青年商會,1,ㄍㄨㄛˊ ㄐㄧˋ ㄑㄧㄥ ㄋㄧㄢˊ ㄕㄤ ㄏㄨㄟˋ
國際黃金中心,1,ㄍㄨㄛˊ ㄐㄧˋ ㄏㄨㄤˊ ㄐㄧㄣ ㄓㄨㄥ ㄒㄧㄣ
圖書館自動化,1,ㄊㄨˊ ㄕㄨ ㄍㄨㄢˇ ㄗˋ ㄉㄨㄥˋ ㄏㄨㄚˋ
土地所有權狀,1,ㄊㄨˇ ㄉㄧˋ ㄙㄨㄛˇ ㄧㄡˇ ㄑㄩㄢˊ ㄓㄨㄤˋ
土地老爺放屁,1,ㄊㄨˇ ㄉㄧˋ ㄌㄠˇ ㄧㄝˊ ㄈㄤˋ ㄆㄧˋ
土庫曼共和國,1,ㄊㄨˇ ㄎㄨˋ ㄇㄢˋ ㄍㄨㄥˋ ㄏㄜˊ ㄍㄨㄛˊ
土耳其共和國,1,ㄊㄨˇ ㄦˇ ㄑㄧˊ ㄍㄨㄥˋ ㄏㄜˊ ㄍㄨㄛˊ
土耳其進行曲,1,ㄊㄨˇ ㄦˇ ㄑㄧˊ ㄐㄧㄣˋ ㄒㄧㄥˊ ㄑㄩˇ
地中海型貧血,1,ㄉㄧˋ ㄓㄨㄥ ㄏㄞˇ ㄒㄧㄥˊ ㄆㄧㄣˊ ㄒㄧㄝˇ
地圖性視覺化,1,ㄉㄧˋ ㄊㄨˊ ㄒㄧㄥˋ ㄕˋ ㄐㄩㄝˊ ㄏㄨㄚˋ
地理資訊系統,1,ㄉㄧˋ ㄌㄧˇ ㄗ ㄒㄩㄣˋ ㄒㄧˋ ㄊㄨㄥˇ
垂直起降飛機,1,ㄔㄨㄟˊ ㄓˊ ㄑㄧˇ ㄐㄧㄤˋ ㄈㄟ ㄐㄧ
基度山恩仇記,1,ㄐㄧ ㄉㄨˋ ㄕㄢ ㄣ ㄔㄡˊ ㄐㄧˋ
基本放款利率,1,ㄐㄧ ㄅㄣˇ ㄈㄤˋ ㄎㄨㄢˇ ㄌㄧˋ ㄌㄩˋ
基督教青年會,1,ㄐㄧ ㄉㄨ ㄐㄧㄠˋ ㄑㄧㄥ ㄋㄧㄢˊ ㄏㄨㄟˋ
堂屋裡掛草薦,1,ㄊㄤˊ ㄨ ㄌㄧˇ ㄍㄨㄚˋ ㄘㄠˇ ㄐㄧㄢˋ
報酬遞減定律,1,ㄅㄠˋ ㄔㄡˊ ㄉㄧˋ ㄐㄧㄢˇ ㄉㄧㄥˋ ㄌㄩˋ
塔吉克共和國,1,ㄊㄚˇ ㄐㄧˊ ㄎㄜˋ ㄍㄨㄥˋ ㄏㄜˊ ㄍㄨㄛˊ
塞席爾共和國,1,ㄙㄜˋ ㄒㄧˊ ㄦˇ ㄍㄨㄥˋ ㄏㄜˊ ㄍㄨㄛˊ
境外航運中心,1,ㄐㄧㄥˋ ㄨㄞˋ ㄏㄤˊ ㄩㄣˋ ㄓㄨㄥ ㄒㄧㄣ
境外轉運中心,1,ㄐㄧㄥˋ ㄨㄞˋ ㄓㄨㄢˇ ㄩㄣˋ ㄓㄨㄥ ㄒㄧㄣ
墨西哥合眾國,1,ㄇㄛˋ ㄒㄧ ㄍㄜ ㄏㄜˊ ㄓㄨㄥˋ ㄍㄨㄛˊ
墾丁國家公園,1,ㄎㄣˇ ㄉㄧㄥ ㄍㄨㄛˊ ㄐㄧㄚ ㄍㄨㄥ ㄩㄢˊ
壓水式反應器,1,ㄧㄚ ㄕㄨㄟˇ ㄕˋ ㄈㄢˇ ㄧㄥˋ ㄑㄧˋ
士為知己者死,1,ㄕˋ ㄨㄟˋ ㄓ ㄐㄧˇ ㄓㄜˇ ㄙˇ
夏蟲不可語冰,1,ㄒㄧㄚˋ ㄔㄨㄥˊ ㄅㄨˋ ㄎㄜˇ ㄩˇ ㄅㄧㄥ
外匯定期存單,1,ㄨㄞˋ ㄏㄨㄟˋ ㄉㄧㄥˋ ㄑㄧˊ ㄘㄨㄣˊ ㄉㄢ
外明不知裡暗,1,ㄨㄞˋ ㄇㄧㄥˊ ㄅㄨˋ ㄓ ㄌㄧˇ ㄢˋ
多人聊天系統,1,ㄉㄨㄛ ㄖㄣˊ ㄌㄧㄠˊ ㄊㄧㄢ ㄒㄧˋ ㄊㄨㄥˇ
多媒體事務所,1,ㄉㄨㄛ ㄇㄟˊ ㄊㄧˇ ㄕˋ ㄨˋ ㄙㄨㄛˇ
多得不如少得,1,ㄉㄨㄛ ㄉㄜˊ ㄅㄨˋ ㄖㄨˊ ㄕㄠˇ ㄉㄜˊ
多福多壽多男,1,ㄉㄨㄛ ㄈㄨˊ ㄉㄨㄛ ㄕㄡˋ ㄉㄨㄛ ㄋㄢˊ
夥穿一條褲子,1,ㄏㄨㄛˇ ㄔㄨㄢ ㄧ ㄊㄧㄠˊ ㄎㄨˋ ㄗ˙
大中華經濟圈,1,ㄉㄚˋ ㄓㄨㄥ ㄏㄨㄚˊ ㄐㄧㄥ ㄐㄧˋ ㄑㄩㄢ
大出意料之外,1,ㄉㄚˋ ㄔㄨ ㄧˋ ㄌㄧㄠˋ ㄓ ㄨㄞˋ
大唐秦王詞話,1,ㄉㄚˋ ㄊㄤˊ ㄑㄧㄣˊ ㄨㄤˊ ㄘˊ ㄏㄨㄚˋ
大國沙文主義,1,ㄉㄚˋ ㄍㄨㄛˊ ㄕㄚ ㄨㄣˊ ㄓㄨˇ ㄧˋ
大型積體電路,1,ㄉㄚˋ ㄒㄧㄥˊ ㄐㄧ ㄊㄧˇ ㄉㄧㄢˋ ㄌㄨˋ
大姑娘坐花轎,1,ㄉㄚˋ ㄍㄨ ㄋㄧㄤ˙ ㄗㄨㄛˋ ㄏㄨㄚ ㄐㄧㄠˋ
大宋宣和遺事,1,ㄉㄚˋ ㄙㄨㄥˋ ㄒㄩㄢ ㄏㄜˊ ㄧˊ ㄕˋ
大專學生集訓,1,ㄉㄚˋ ㄓㄨㄢ ㄒㄩㄝˊ ㄕㄥ ㄐㄧˊ ㄒㄩㄣˋ
大年夜吃餃子,1,ㄉㄚˋ ㄋㄧㄢˊ ㄧㄝˋ ㄔ ㄐㄧㄠˇ ㄗ˙
大拇指頭撓癢,1,ㄉㄚˋ ㄇㄨˇ ㄓˇ ㄊㄡ˙ ㄋㄠˊ ㄧㄤˇ
大樓監控系統,1,ㄉㄚˋ ㄌㄡˊ ㄐㄧㄢ ㄎㄨㄥˋ ㄒㄧˋ ㄊㄨㄥˇ
大毒日頭地下,1,ㄉㄚˋ ㄉㄨˊ ㄖˋ ㄊㄡ˙ ㄉㄧˋ ㄒㄧㄚ˙
大眾傳播功能,1,ㄉㄚˋ ㄓㄨㄥˋ ㄔㄨㄢˊ ㄅㄛˋ ㄍㄨㄥ ㄋㄥˊ
大眾傳播媒體,1,ㄉㄚˋ ㄓㄨㄥˋ ㄔㄨㄢˊ ㄅㄛˋ ㄇㄟˊ ㄊㄧˇ
大眾捷運系統,1,ㄉㄚˋ ㄓㄨㄥˋ ㄐㄧㄝˊ ㄩㄣˋ ㄒㄧˋ ㄊㄨㄥˇ
大蟲不吃伏肉,1,ㄉㄚˋ ㄔㄨㄥˊ ㄅㄨˋ ㄔ ㄈㄨˊ ㄖㄡˋ
大蟲口裡倒涎,1,ㄉㄚˋ ㄔㄨㄥˊ ㄎㄡˇ ㄌㄧˇ ㄉㄠˋ ㄒㄧㄢˊ
大蟲頭上做窠,1,ㄉㄚˋ ㄔㄨㄥˊ ㄊㄡˊ ㄕㄤˋ ㄗㄨㄛˋ ㄎㄜ
大路生在嘴邊,1,ㄉㄚˋ ㄌㄨˋ ㄕㄥ ㄗㄞˋ ㄗㄨㄟˇ ㄅㄧㄢ
大通師範學堂,1,ㄉㄚˋ ㄊㄨㄥ ㄕ ㄈㄢˋ ㄒㄩㄝˊ ㄊㄤˊ
大都會歌劇院,1,ㄉㄚˋ ㄉㄨ ㄏㄨㄟˋ ㄍㄜ ㄐㄩˋ ㄩㄢˋ
大開方便之門,1,ㄉㄚˋ ㄎㄞ ㄈㄤ ㄅㄧㄢˋ ㄓ ㄇㄣˊ
大陸礁層公約,1,ㄉㄚˋ ㄌㄨˋ ㄐㄧㄠ ㄘㄥˊ ㄍㄨㄥ ㄩㄝ
天外飛來一筆,1,ㄊㄧㄢ ㄨㄞˋ ㄈㄟ ㄌㄞˊ ㄧ ㄅㄧˇ
天有不測風雲,1,ㄊㄧㄢ ㄧㄡˇ ㄅㄨˋ ㄘㄜˋ ㄈㄥ ㄩㄣˊ
天機不可洩漏,1,ㄊㄧㄢ ㄐㄧ ㄅㄨˋ ㄎㄜˇ ㄒㄧㄝˋ ㄌㄡˋ
天算不由人算,1,ㄊㄧㄢ ㄙㄨㄢˋ ㄅㄨˋ ㄧㄡˊ ㄖㄣˊ ㄙㄨㄢˋ
太原五百完人,1,ㄊㄞˋ ㄩㄢˊ ㄨˇ ㄅㄞˇ ㄨㄢˊ ㄖㄣˊ
太陽能熱水器,1,ㄊㄞˋ ㄧㄤˊ ㄋㄥˊ ㄖㄜˋ ㄕㄨㄟˇ ㄑㄧˋ
夾縫中求生存,1,ㄐㄧㄚˊ ㄈㄥˋ ㄓㄨㄥ ㄑㄧㄡˊ ㄕㄥ ㄘㄨㄣˊ
奧古斯都時期,1,ㄠˋ ㄍㄨˇ ㄙ ㄉㄨ ㄕˊ ㄑㄧˊ
奧地利共和國,1,ㄠˋ ㄉㄧˋ ㄌㄧˋ ㄍㄨㄥˋ ㄏㄜˊ ㄍㄨㄛˊ
女人心海底針,1,ㄋㄩˇ ㄖㄣˊ ㄒㄧㄣ ㄏㄞˇ ㄉㄧˇ ㄓㄣ
女子參政主義,1,ㄋㄩˇ ㄗˇ ㄘㄢ ㄓㄥˋ ㄓㄨˇ ㄧˋ
女性第二性徵,1,ㄋㄩˇ ㄒㄧㄥˋ ㄉㄧˋ ㄦˋ ㄒㄧㄥˋ ㄓㄥ
奴隸解放運動,1,ㄋㄨˊ ㄌㄧˋ ㄐㄧㄝˇ ㄈㄤˋ ㄩㄣˋ ㄉㄨㄥˋ
好一句歹一句,1,ㄏㄠˇ ㄧ ㄐㄩˋ ㄉㄞˇ ㄧ ㄐㄩˋ
好心不得好報,1,ㄏㄠˇ ㄒㄧㄣ ㄅㄨˋ ㄉㄜˊ ㄏㄠˇ ㄅㄠˋ
好死不如惡活,1,ㄏㄠˇ ㄙˇ ㄅㄨˋ ㄖㄨˊ ㄜˋ ㄏㄨㄛˊ
好聚不如好散,1,ㄏㄠˇ ㄐㄩˋ ㄅㄨˋ ㄖㄨˊ ㄏㄠˇ ㄙㄢˋ
好鞋不踏臭屎,1,ㄏㄠˇ ㄒㄧㄝˊ ㄅㄨˋ ㄊㄚˋ ㄔㄡˋ ㄕˇ
好頭不如好尾,1,ㄏㄠˇ ㄊㄡˊ ㄅㄨˋ ㄖㄨˊ ㄏㄠˇ ㄨㄟˇ
好馬不鞴雙鞍,1,ㄏㄠˇ ㄇㄚˇ ㄅㄨˋ ㄅㄟˋ ㄕㄨㄤ ㄢ
妍皮不裹痴骨,1,ㄧㄢˊ ㄆㄧˊ ㄅㄨˋ ㄍㄨㄛˇ ㄔ ㄍㄨˇ
婚前健康檢查,1,ㄏㄨㄣ ㄑㄧㄢˊ ㄐㄧㄢˋ ㄎㄤ ㄐㄧㄢˇ ㄔㄚˊ
婦女解放運動,1,ㄈㄨˋ ㄋㄩˇ ㄐㄧㄝˇ ㄈㄤˋ ㄩㄣˋ ㄉㄨㄥˋ
媒人婆拾馬糞,1,ㄇㄟˊ ㄖㄣ˙ ㄆㄛˊ ㄕˊ ㄇㄚˇ ㄈㄣˋ
媒人婆迷了路,1,ㄇㄟˊ ㄖㄣ˙ ㄆㄛˊ ㄇㄧˊ ㄌㄜ˙ ㄌㄨˋ
子宮內避孕器,1,ㄗˇ ㄍㄨㄥ ㄋㄟˋ ㄅㄧˋ ㄩㄣˋ ㄑㄧˋ
子宮抹片檢查,1,ㄗˇ ㄍㄨㄥ ㄇㄛˇ ㄆㄧㄢˋ ㄐㄧㄢˇ ㄔㄚˊ
存十一於千百,1,ㄘㄨㄣˊ ㄕˊ ㄧ ㄩˊ ㄑㄧㄢ ㄅㄞˇ
存款保險制度,1,ㄘㄨㄣˊ ㄎㄨㄢˇ ㄅㄠˇ ㄒㄧㄢˇ ㄓˋ ㄉㄨˋ
學士後醫學系,1,ㄒㄩㄝˊ ㄕˋ ㄏㄡˋ ㄧ ㄒㄩㄝˊ ㄒㄧˋ
學術文化團體,1,ㄒㄩㄝˊ ㄕㄨˋ ㄨㄣˊ ㄏㄨㄚˋ ㄊㄨㄢˊ ㄊㄧˇ
安地列斯群島,1,ㄢ ㄉㄧˋ ㄌㄧㄝˋ ㄙ ㄑㄩㄣˊ ㄉㄠˇ
安多法加斯大,1,ㄢ ㄉㄨㄛ ㄈㄚˇ ㄐㄧㄚ ㄙ ㄉㄚˋ
宓子賤彈鳴琴,1,ㄈㄨˊ ㄗˇ ㄐㄧㄢˋ ㄊㄢˊ ㄇㄧㄥˊ ㄑㄧㄣˊ
官不威牙爪威,1,ㄍㄨㄢ ㄅㄨˋ ㄨㄟ ㄧㄚˊ ㄓㄨㄚˇ ㄨㄟ
官話合聲字母,1,ㄍㄨㄢ ㄏㄨㄚˋ ㄏㄜˊ ㄕㄥ ㄗˋ ㄇㄨˇ
定期健康檢查,1,ㄉㄧㄥˋ ㄑㄧˊ ㄐㄧㄢˋ ㄎㄤ ㄐㄧㄢˇ ㄔㄚˊ
富貴一場春夢,1,ㄈㄨˋ ㄍㄨㄟˋ ㄧ ㄔㄤˊ ㄔㄨㄣ ㄇㄥˋ
寫真合成海報,1,ㄒㄧㄝˇ ㄓㄣ ㄏㄜˊ ㄔㄥˊ ㄏㄞˇ ㄅㄠˋ
封閉宇宙學說,1,ㄈㄥ ㄅㄧˋ ㄩˇ ㄓㄡˋ ㄒㄩㄝˊ ㄕㄨㄛ
將在謀不在勇,1,ㄐㄧㄤˋ ㄗㄞˋ ㄇㄡˊ ㄅㄨˋ ㄗㄞˋ ㄩㄥˇ
專線固接服務,1,ㄓㄨㄢ ㄒㄧㄢˋ ㄍㄨˋ ㄐㄧㄝ ㄈㄨˊ ㄨˋ
對外開放港口,1,ㄉㄨㄟˋ ㄨㄞˋ ㄎㄞ ㄈㄤˋ ㄍㄤˇ ㄎㄡˇ
小兒麻痺疫苗,1,ㄒㄧㄠˇ ㄦˊ ㄇㄚˊ ㄅㄧˋ ㄧˋ ㄇㄧㄠˊ
小器鬼喝涼水,1,ㄒㄧㄠˇ ㄑㄧˋ ㄍㄨㄟˇ ㄏㄜ ㄌㄧㄤˊ ㄕㄨㄟˇ
小豐滿發電廠,1,ㄒㄧㄠˇ ㄈㄥ ㄇㄢˇ ㄈㄚ ㄉㄧㄢˋ ㄔㄤˇ
尚比亞共和國,1,ㄕㄤˋ ㄅㄧˇ ㄧㄚˋ ㄍㄨㄥˋ ㄏㄜˊ ㄍㄨㄛˊ
屁股大弔了心,1,ㄆㄧˋ ㄍㄨ˙ ㄉㄚˋ ㄉㄧㄠˋ ㄌㄜ˙ ㄒㄧㄣ
屁股裡吃人參,1,ㄆㄧˋ ㄍㄨ˙ ㄌㄧˇ ㄔ ㄖㄣˊ ㄕㄣ
屏東科技大學,1,ㄆㄧㄥˊ ㄉㄨㄥ ㄎㄜ ㄐㄧˋ ㄉㄚˋ ㄒㄩㄝˊ
崔敬邕墓誌銘,1,ㄘㄨㄟ ㄐㄧㄥˋ ㄩㄥ ㄇㄨˋ ㄓˋ ㄇㄧㄥˊ
川斯凱共和國,1,ㄔㄨㄢ ㄙ ㄎㄞˇ ㄍㄨㄥˋ ㄏㄜˊ ㄍㄨㄛˊ
工業安全衛生,1,ㄍㄨㄥ ㄧㄝˋ ㄢ ㄑㄩㄢˊ ㄨㄟˋ ㄕㄥ
左手不托右手,1,ㄗㄨㄛˇ ㄕㄡˇ ㄅㄨˋ ㄊㄨㄛ ㄧㄡˋ ㄕㄡˇ
巧偽不如拙誠,1,ㄑㄧㄠˇ ㄨㄟˋ ㄅㄨˋ ㄖㄨˊ ㄓㄨㄛˊ ㄔㄥˊ
巧詐不如拙誠,1,ㄑㄧㄠˇ ㄓㄚˋ ㄅㄨˋ ㄖㄨˊ ㄓㄨㄛˊ ㄔㄥˊ
巴拉圭共和國,1,ㄅㄚ ㄌㄚ ㄍㄨㄟ ㄍㄨㄥˋ ㄏㄜˊ ㄍㄨㄛˊ
巴拉馬利波市,1,ㄅㄚ ㄌㄚ ㄇㄚˇ ㄌㄧˋ ㄅㄛ ㄕˋ
巴斯卡加法器,1,ㄅㄚ ㄙ ㄎㄚˇ ㄐㄧㄚ ㄈㄚˇ ㄑㄧˋ
巴洛馬天文臺,1,ㄅㄚ ㄌㄨㄛˋ ㄇㄚˇ ㄊㄧㄢ ㄨㄣˊ ㄊㄞˊ
巴貝基分析儀,1,ㄅㄚ ㄅㄟˋ ㄐㄧ ㄈㄣ ㄒㄧ ㄧˊ
巴里庫廷火山,1,ㄅㄚ ㄌㄧˇ ㄎㄨˋ ㄊㄧㄥˊ ㄏㄨㄛˇ ㄕㄢ
布加勒斯條約,1,ㄅㄨˋ ㄐㄧㄚ ㄌㄜˋ ㄙ ㄊㄧㄠˊ ㄩㄝ
布羅溫斯文學,1,ㄅㄨˋ ㄌㄨㄛˊ ㄨㄣ ㄙ ㄨㄣˊ ㄒㄩㄝˊ
布萊雅特蒙古,1,ㄅㄨˋ ㄌㄞˊ ㄧㄚˇ ㄊㄜˋ ㄇㄥˊ ㄍㄨˇ
布魯奈勒斯基,1,ㄅㄨˋ ㄌㄨˇ ㄋㄞˋ ㄌㄜˋ ㄙ ㄐㄧ
布魯姆費爾德,1,ㄅㄨˋ ㄌㄨˇ ㄇㄨˇ ㄈㄟˋ ㄦˇ ㄉㄜˊ
希斯汀禮拜堂,1,ㄒㄧ ㄙ ㄊㄧㄥ ㄌㄧˇ ㄅㄞˋ ㄊㄤˊ
平均國民所得,1,ㄆㄧㄥˊ ㄐㄩㄣ ㄍㄨㄛˊ ㄇㄧㄣˊ ㄙㄨㄛˇ ㄉㄜˊ
平均地權條例,1,ㄆㄧㄥˊ ㄐㄩㄣ ㄉㄧˋ ㄑㄩㄢˊ ㄊㄧㄠˊ ㄌㄧˋ
平均消費傾向,1,ㄆㄧㄥˊ ㄐㄩㄣ ㄒㄧㄠ ㄈㄟˋ ㄑㄧㄥ ㄒㄧㄤˋ
平臺式掃描器,1,ㄆㄧㄥˊ ㄊㄞˊ ㄕˋ ㄙㄠˇ ㄇㄧㄠˊ ㄑㄧˋ
幾內亞共和國,1,ㄐㄧ ㄋㄟˋ ㄧㄚˋ ㄍㄨㄥˋ ㄏㄜˊ ㄍㄨㄛˊ
廣東住血吸蟲,1,ㄍㄨㄤˇ ㄉㄨㄥ ㄓㄨˋ ㄒㄧㄝˇ ㄒㄧ ㄔㄨㄥˊ
建築容積管制,1,ㄐㄧㄢˋ ㄓㄨˊ ㄖㄨㄥˊ ㄐㄧ ㄍㄨㄢˇ ㄓˋ
張天師吃鬼迷,1,ㄓㄤ ㄊㄧㄢ ㄕ ㄔ ㄍㄨㄟˇ ㄇㄧˊ
張家長李家短,1,ㄓㄤ ㄐㄧㄚ ㄔㄤˊ ㄌㄧˇ ㄐㄧㄚ ㄉㄨㄢˇ
張黑女墓誌銘,1,ㄓㄤ ㄏㄜˋ ㄋㄩˇ ㄇㄨˋ ㄓˋ ㄇㄧㄥˊ
強不知以為知,1,ㄑㄧㄤˇ ㄅㄨˋ ㄓ ㄧˇ ㄨㄟˊ ㄓ
彈性製造系統,1,ㄊㄢˊ ㄒㄧㄥˋ ㄓˋ ㄗㄠˋ ㄒㄧˋ ㄊㄨㄥˇ
影像處理系統,1,ㄧㄥˇ ㄒㄧㄤˋ ㄔㄨˇ ㄌㄧˇ ㄒㄧˋ ㄊㄨㄥˇ
影像解壓縮卡,1,ㄧㄥˇ ㄒㄧㄤˋ ㄐㄧㄝˇ ㄧㄚ ㄙㄨㄛ ㄎㄚˇ
微波倒送系統,1,ㄨㄟˊ ㄅㄛ ㄉㄠˋ ㄙㄨㄥˋ ㄒㄧˋ ㄊㄨㄥˇ
德謨克利泰斯,1,ㄉㄜˊ ㄇㄛˊ ㄎㄜˋ ㄌㄧˋ ㄊㄞˋ ㄙ
心高遮了太陽,1,ㄒㄧㄣ ㄍㄠ ㄓㄜ ㄌㄜ˙ ㄊㄞˋ ㄧㄤˊ
快滋生反應器,1,ㄎㄨㄞˋ ㄗ ㄕㄥ ㄈㄢˇ ㄧㄥˋ ㄑㄧˋ
急水下不得槳,1,ㄐㄧˊ ㄕㄨㄟˇ ㄒㄧㄚˋ ㄅㄨˋ ㄉㄜˊ ㄐㄧㄤˇ
惹虱子頭上撓,1,ㄖㄜˇ ㄕ ㄗ˙ ㄊㄡˊ ㄕㄤˋ ㄋㄠˊ
愛滋紀念被單,1,ㄞˋ ㄗ ㄐㄧˋ ㄋㄧㄢˋ ㄅㄟˋ ㄉㄢ
愛麗絲夢遊記,1,ㄞˋ ㄌㄧˋ ㄙ ㄇㄥˋ ㄧㄡˊ ㄐㄧˋ
應用套裝軟體,1,ㄧㄥˋ ㄩㄥˋ ㄊㄠˋ ㄓㄨㄤ ㄖㄨㄢˇ ㄊㄧˇ
懸羊頭賣狗肉,1,ㄒㄩㄢˊ ㄧㄤˊ ㄊㄡˊ ㄇㄞˋ ㄍㄡˇ ㄖㄡˋ
戤米囤餓殺了,1,ㄍㄞˋ ㄇㄧˇ ㄉㄨㄣˋ ㄜˋ ㄕㄚ ㄌㄜ˙
戰士授田憑據,1,ㄓㄢˋ ㄕˋ ㄕㄡˋ ㄊㄧㄢˊ ㄆㄧㄥˊ ㄐㄩˋ
戴著斗笠親嘴,1,ㄉㄞˋ ㄓㄜ˙ ㄉㄡˇ ㄌㄧˋ ㄑㄧㄣ ㄗㄨㄟˇ
扒得高跌得重,1,ㄅㄚ ㄉㄜ˙ ㄍㄠ ㄉㄧㄝˊ ㄉㄜ˙ ㄓㄨㄥˋ
打了一個悶雷,1,ㄉㄚˇ ㄌㄜ˙ ㄧ ㄍㄜ˙ ㄇㄣˋ ㄌㄟˊ
打了牙肚裡嚥,1,ㄉㄚˇ ㄌㄜ˙ ㄧㄚˊ ㄉㄨˋ ㄌㄧˇ ㄧㄢˋ
打死人不償命,1,ㄉㄚˇ ㄙˇ ㄖㄣˊ ㄅㄨˋ ㄔㄤˊ ㄇㄧㄥˋ
打牆也是動土,1,ㄉㄚˇ ㄑㄧㄤˊ ㄧㄝˇ ㄕˋ ㄉㄨㄥˋ ㄊㄨˇ
打狗看主人面,1,ㄉㄚˇ ㄍㄡˇ ㄎㄢˋ ㄓㄨˇ ㄖㄣˊ ㄇㄧㄢˋ
批判現實主義,1,ㄆㄧ ㄆㄢˋ ㄒㄧㄢˋ ㄕˊ ㄓㄨˇ ㄧˋ
投資信託公司,1,ㄊㄡˊ ㄗ ㄒㄧㄣˋ ㄊㄨㄛ ㄍㄨㄥ ㄙ
抗戰建國綱領,1,ㄎㄤˋ ㄓㄢˋ ㄐㄧㄢˋ ㄍㄨㄛˊ ㄍㄤ ㄌㄧㄥˇ
折射式望遠鏡,1,ㄓㄜˊ ㄕㄜˋ ㄕˋ ㄨㄤˋ ㄩㄢˇ ㄐㄧㄥˋ
披著羊皮的狼,1,ㄆㄧ ㄓㄜ˙ ㄧㄤˊ ㄆㄧˊ ㄉㄜ˙ ㄌㄤˊ
披雲霧睹青天,1,ㄆㄧ ㄩㄣˊ ㄨˋ ㄉㄨˇ ㄑㄧㄥ ㄊㄧㄢ
披頭四合唱團,1,ㄆㄧ ㄊㄡˊ ㄙˋ ㄏㄜˊ ㄔㄤˋ ㄊㄨㄢˊ
拉丁美洲音樂,1,ㄌㄚ ㄉㄧㄥ ㄇㄟˇ ㄓㄡ ㄧㄣ ㄩㄝˋ
拉口子要見血,1,ㄌㄚ ㄎㄡˇ ㄗ˙ ㄧㄠˋ ㄐㄧㄢˋ ㄒㄧㄝˇ
拉大旗作虎皮,1,ㄌㄚ ㄉㄚˋ ㄑㄧˊ ㄗㄨㄛˋ ㄏㄨˇ ㄆㄧˊ
拉布拉多半島,1,ㄌㄚ ㄅㄨˋ ㄌㄚ ㄉㄨㄛ ㄅㄢˋ ㄉㄠˇ
拉梅茲生產法,1,ㄌㄚ ㄇㄟˊ ㄗ ㄕㄥ ㄔㄢˇ ㄈㄚˇ
拋頭顱灑熱血,1,ㄆㄠ ㄊㄡˊ ㄌㄨˊ ㄙㄚˇ ㄖㄜˋ ㄒㄧㄝˇ
拜倒石榴裙下,1,ㄅㄞˋ ㄉㄠˇ ㄕˊ ㄌㄧㄡˊ ㄑㄩㄣˊ ㄒㄧㄚˋ
拴在褲腰帶上,1,ㄕㄨㄢ ㄗㄞˋ ㄎㄨˋ ㄧㄠ ㄉㄞˋ ㄕㄤˋ
拿得起放得下,1,ㄋㄚˊ ㄉㄜ˙ ㄑㄧˇ ㄈㄤˋ ㄉㄜ˙ ㄒㄧㄚˋ
按著三板一眼,1,ㄢˋ ㄓㄜ˙ ㄙㄢ ㄅㄢˇ ㄧ ㄧㄢˇ
按著葫蘆摳子,1,ㄢˋ ㄓㄜ˙ ㄏㄨˊ ㄌㄨ˙ ㄎㄡ ㄗ˙
振興經濟方案,1,ㄓㄣˋ ㄒㄧㄥ ㄐㄧㄥ ㄐㄧˋ ㄈㄤ ㄢˋ
挾泰山超北海,1,ㄒㄧㄝˊ ㄊㄞˋ ㄕㄢ ㄔㄠ ㄅㄟˇ ㄏㄞˇ
捏了一把冷汗,1,ㄋㄧㄝ ㄌㄜ˙ ㄧ ㄅㄚˇ ㄌㄥˇ ㄏㄢˋ
捏過印把子的,1,ㄋㄧㄝ ㄍㄨㄛˋ ㄧㄣˋ ㄅㄚˇ ㄗ˙ ㄉㄜ˙
捧了卵子過橋,1,ㄆㄥˇ ㄌㄜ˙ ㄌㄨㄢˇ ㄗˇ ㄍㄨㄛˋ ㄑㄧㄠˊ
掌上型掃描器,1,ㄓㄤˇ ㄕㄤˋ ㄒㄧㄥˊ ㄙㄠˇ ㄇㄧㄠˊ ㄑㄧˋ
掘坑待虎之計,1,ㄐㄩㄝˊ ㄎㄥ ㄉㄞˋ ㄏㄨˇ ㄓ ㄐㄧˋ
掛羊頭煮狗肉,1,ㄍㄨㄚˋ ㄧㄤˊ ㄊㄡˊ ㄓㄨˇ ㄍㄡˇ ㄖㄡˋ
接觸性皮膚炎,1,ㄐㄧㄝ ㄔㄨˋ ㄒㄧㄥˋ ㄆㄧˊ ㄈㄨ ㄧㄢˊ
揀日不如撞日,1,ㄐㄧㄢˇ ㄖˋ ㄅㄨˋ ㄖㄨˊ ㄓㄨㄤˋ ㄖˋ
提傀儡上戲場,1,ㄊㄧˊ ㄎㄨㄟˇ ㄌㄟˇ ㄕㄤˋ ㄒㄧˋ ㄔㄤˊ
提得起放得下,1,ㄊㄧˊ ㄉㄜ˙ ㄑㄧˇ ㄈㄤˋ ㄉㄜ˙ ㄒㄧㄚˋ
換生不如守熟,1,ㄏㄨㄢˋ ㄕㄥ ㄅㄨˋ ㄖㄨˊ ㄕㄡˇ ㄕㄨˊ
搔首不知癢處,1,ㄙㄠ ㄕㄡˇ ㄅㄨˋ ㄓ ㄧㄤˇ ㄔㄨˋ
摸著石頭過河,1,ㄇㄛ ㄓㄜ˙ ㄕˊ ㄊㄡˊ ㄍㄨㄛˋ ㄏㄜˊ
撥號式電話機,1,ㄅㄛ ㄏㄠˋ ㄕˋ ㄉㄧㄢˋ ㄏㄨㄚˋ ㄐㄧ
擔水向河頭賣,1,ㄉㄢ ㄕㄨㄟˇ ㄒㄧㄤˋ ㄏㄜˊ ㄊㄡˊ ㄇㄞˋ
擲地作金石聲,1,ㄓˊ ㄉㄧˋ ㄗㄨㄛˋ ㄐㄧㄣ ㄕˊ ㄕㄥ
政治利益團體,1,ㄓㄥˋ ㄓˋ ㄌㄧˋ ㄧˋ ㄊㄨㄢˊ ㄊㄧˇ
教不厭學不倦,1,ㄐㄧㄠˋ ㄅㄨˋ ㄧㄢˋ ㄒㄩㄝˊ ㄅㄨˋ ㄐㄩㄢˋ
教育未來主義,1,ㄐㄧㄠˋ ㄩˋ ㄨㄟˋ ㄌㄞˊ ㄓㄨˇ ㄧˋ
教育機會均等,1,ㄐㄧㄠˋ ㄩˋ ㄐㄧ ㄏㄨㄟˋ ㄐㄩㄣ ㄉㄥˇ
敬鬼神而遠之,1,ㄐㄧㄥˋ ㄍㄨㄟˇ ㄕㄣˊ ㄦˊ ㄩㄢˋ ㄓ
整合行銷傳播,1,ㄓㄥˇ ㄏㄜˊ ㄒㄧㄥˊ ㄒㄧㄠ ㄔㄨㄢˊ ㄅㄛˋ
整體網站架構,1,ㄓㄥˇ ㄊㄧˇ ㄨㄤˇ ㄓㄢˋ ㄐㄧㄚˋ ㄍㄡˋ
敵友辨識密碼,1,ㄉㄧˊ ㄧㄡˇ ㄅㄧㄢˋ ㄕˋ ㄇㄧˋ ㄇㄚˇ
數位化錄音帶,1,ㄕㄨˋ ㄨㄟˋ ㄏㄨㄚˋ ㄌㄨˋ ㄧㄣ ㄉㄞˋ
文學改良芻議,1,ㄨㄣˊ ㄒㄩㄝˊ ㄍㄞˇ ㄌㄧㄤˊ ㄔㄨˊ ㄧˋ
料前不能料後,1,ㄌㄧㄠˋ ㄑㄧㄢˊ ㄅㄨˋ ㄋㄥˊ ㄌㄧㄠˋ ㄏㄡˋ
新加坡共和國,1,ㄒㄧㄣ ㄐㄧㄚ ㄆㄛ ㄍㄨㄥˋ ㄏㄜˊ ㄍㄨㄛˊ
新大西洋主義,1,ㄒㄧㄣ ㄉㄚˋ ㄒㄧ ㄧㄤˊ ㄓㄨˇ ㄧˋ
新大西洋憲章,1,ㄒㄧㄣ ㄉㄚˋ ㄒㄧ ㄧㄤˊ ㄒㄧㄢˋ ㄓㄤ
新婚不如遠別,1,ㄒㄧㄣ ㄏㄨㄣ ㄅㄨˋ ㄖㄨˊ ㄩㄢˇ ㄅㄧㄝˊ
新法螺先生譚,1,ㄒㄧㄣ ㄈㄚˇ ㄌㄨㄛˊ ㄒㄧㄢ ㄕㄥ˙ ㄊㄢˊ
新法西斯主義,1,ㄒㄧㄣ ㄈㄚˇ ㄒㄧ ㄙ ㄓㄨˇ ㄧˋ
新罕布什爾州,1,ㄒㄧㄣ ㄏㄢˇ ㄅㄨˋ ㄕˊ ㄦˇ ㄓㄡ
旗杆上綁雞毛,1,ㄑㄧˊ ㄍㄢ ㄕㄤˋ ㄅㄤˇ ㄐㄧ ㄇㄠˊ
日光節約時間,1,ㄖˋ ㄍㄨㄤ ㄐㄧㄝˊ ㄩㄝ ㄕˊ ㄐㄧㄢ
日頭打西出來,1,ㄖˋ ㄊㄡˊ ㄉㄚˇ ㄒㄧ ㄔㄨ ㄌㄞˊ
明人不做暗事,1,ㄇㄧㄥˊ ㄖㄣˊ ㄅㄨˋ ㄗㄨㄛˋ ㄢˋ ㄕˋ
明華園歌劇團,1,ㄇㄧㄥˊ ㄏㄨㄚˊ ㄩㄢˊ ㄍㄜ ㄐㄩˋ ㄊㄨㄢˊ
春風不入驢耳,1,ㄔㄨㄣ ㄈㄥ ㄅㄨˋ ㄖㄨˋ ㄌㄩˊ ㄦˇ
普林斯頓大學,1,ㄆㄨˇ ㄌㄧㄣˊ ㄙ ㄉㄨㄣˋ ㄉㄚˋ ㄒㄩㄝˊ
普羅列塔利亞,1,ㄆㄨˇ ㄌㄨㄛˊ ㄌㄧㄝˋ ㄊㄚˇ ㄌㄧˋ ㄧㄚˋ
景氣對策信號,1,ㄐㄧㄥˇ ㄑㄧˋ ㄉㄨㄟˋ ㄘㄜˋ ㄒㄧㄣˋ ㄏㄠˋ
景氣領先指標,1,ㄐㄧㄥˇ ㄑㄧˋ ㄌㄧㄥˇ ㄒㄧㄢ ㄓˇ ㄅㄧㄠ
智慧型終端機,1,ㄓˋ ㄏㄨㄟˋ ㄒㄧㄥˊ ㄓㄨㄥ ㄉㄨㄢ ㄐㄧ
智能優異兒童,1,ㄓˋ ㄋㄥˊ ㄧㄡ ㄧˋ ㄦˊ ㄊㄨㄥˊ
有一句說一句,1,ㄧㄡˇ ㄧ ㄐㄩˋ ㄕㄨㄛ ㄧ ㄐㄩˋ
有一搭沒一搭,1,ㄧㄡˇ ㄧ ㄉㄚ ㄇㄟˊ ㄧ ㄉㄚ
有尺水行尺船,1,ㄧㄡˇ ㄔˇ ㄕㄨㄟˇ ㄒㄧㄥˊ ㄔˇ ㄔㄨㄢˊ
有志不在年高,1,ㄧㄡˇ ㄓˋ ㄅㄨˋ ㄗㄞˋ ㄋㄧㄢˊ ㄍㄠ
有智不在年高,1,ㄧㄡˇ ㄓˋ ㄅㄨˋ ㄗㄞˋ ㄋㄧㄢˊ ㄍㄠ
有理不在高聲,1,ㄧㄡˇ ㄌㄧˇ ㄅㄨˋ ㄗㄞˋ ㄍㄠ ㄕㄥ
有眼不識泰山,1,ㄧㄡˇ ㄧㄢˇ ㄅㄨˋ ㄕˋ ㄊㄞˋ ㄕㄢ
有過之無不及,1,ㄧㄡˇ ㄍㄨㄛˋ ㄓ ㄨˊ ㄅㄨˋ ㄐㄧˊ
朝陽科技大學,1,ㄔㄠˊ ㄧㄤˊ ㄎㄜ ㄐㄧˋ ㄉㄚˋ ㄒㄩㄝˊ
木皮散人鼓詞,1,ㄇㄨˋ ㄆㄧˊ ㄙㄢˇ ㄖㄣˊ ㄍㄨˇ ㄘˊ
未可同日而語,1,ㄨㄟˋ ㄎㄜˇ ㄊㄨㄥˊ ㄖˋ ㄦˊ ㄩˇ
朱子治家格言,1,ㄓㄨ ㄗˇ ㄓˋ ㄐㄧㄚ ㄍㄜˊ ㄧㄢˊ
朴資茅斯條約,1,ㄆㄛˋ ㄗ ㄇㄠˊ ㄙ ㄊㄧㄠˊ ㄩㄝ
東南自保運動,1,ㄉㄨㄥ ㄋㄢˊ ㄗˋ ㄅㄠˇ ㄩㄣˋ ㄉㄨㄥˋ
東家長西家短,1,ㄉㄨㄥ ㄐㄧㄚ ㄔㄤˊ ㄒㄧ ㄐㄧㄚ ㄉㄨㄢˇ
東家食西家宿,1,ㄉㄨㄥ ㄐㄧㄚ ㄕˊ ㄒㄧ ㄐㄧㄚ ㄙㄨˋ
東西橫貫公路,1,ㄉㄨㄥ ㄒㄧ ㄏㄥˊ ㄍㄨㄢˋ ㄍㄨㄥ ㄌㄨˋ
東風壓倒西風,1,ㄉㄨㄥ ㄈㄥ ㄧㄚ ㄉㄠˇ ㄒㄧ ㄈㄥ
柏克曼溫度計,1,ㄅㄛˊ ㄎㄜˋ ㄇㄢˋ ㄨㄣ ㄉㄨˋ ㄐㄧˋ
查士丁尼一世,1,ㄓㄚ ㄕˋ ㄉㄧㄥ ㄋㄧˊ ㄧ ㄕˋ
查士丁尼法典,1,ㄓㄚ ㄕˋ ㄉㄧㄥ ㄋㄧˊ ㄈㄚˇ ㄉㄧㄢˇ
柬埔寨民主國,1,ㄐㄧㄢˇ ㄆㄨˇ ㄓㄞˋ ㄇㄧㄣˊ ㄓㄨˇ ㄍㄨㄛˊ
核子動力潛艇,1,ㄏㄜˊ ㄗˇ ㄉㄨㄥˋ ㄌㄧˋ ㄑㄧㄢˊ ㄊㄧㄥˇ
格拉哥里字母,1,ㄍㄜˊ ㄌㄚ ㄍㄜ ㄌㄧˇ ㄗˋ ㄇㄨˇ
格致誠正修齊,1,ㄍㄜˊ ㄓˋ ㄔㄥˊ ㄓㄥˋ ㄒㄧㄡ ㄑㄧˊ
桃園中壢臺地,1,ㄊㄠˊ ㄩㄢˊ ㄓㄨㄥ ㄌㄧˋ ㄊㄞˊ ㄉㄧˋ
桃園國際機場,1,ㄊㄠˊ ㄩㄢˊ ㄍㄨㄛˊ ㄐㄧˋ ㄐㄧ ㄔㄤˊ
桌上型電算機,1,ㄓㄨㄛ ㄕㄤˋ ㄒㄧㄥˊ ㄉㄧㄢˋ ㄙㄨㄢˋ ㄐㄧ
梁山伯祝英臺,1,ㄌㄧㄤˊ ㄕㄢ ㄅㄛˊ ㄓㄨˋ ㄧㄥ ㄊㄞˊ
棉花店裡歇工,1,ㄇㄧㄢˊ ㄏㄨㄚ ㄉㄧㄢˋ ㄌㄧˇ ㄒㄧㄝ ㄍㄨㄥ
楚霸王困垓下,1,ㄔㄨˇ ㄅㄚˋ ㄨㄤˊ ㄎㄨㄣˋ ㄍㄞ ㄒㄧㄚˋ
構成犯罪事實,1,ㄍㄡˋ ㄔㄥˊ ㄈㄢˋ ㄗㄨㄟˋ ㄕˋ ㄕˊ
模糊集合理論,1,ㄇㄛˊ ㄏㄨˊ ㄐㄧˊ ㄏㄜˊ ㄌㄧˇ ㄌㄨㄣˋ
機會均等主義,1,ㄐㄧ ㄏㄨㄟˋ ㄐㄩㄣ ㄉㄥˇ ㄓㄨˇ ㄧˋ
檔案傳輸協定,1,ㄉㄤˇ ㄢˋ ㄔㄨㄢˊ ㄕㄨ ㄒㄧㄝˊ ㄉㄧㄥˋ
檔案傳輸系統,1,ㄉㄤˇ ㄢˋ ㄔㄨㄢˊ ㄕㄨ ㄒㄧˋ ㄊㄨㄥˇ
檔案搜尋系統,1,ㄉㄤˇ ㄢˋ ㄙㄡ ㄒㄩㄣˊ ㄒㄧˋ ㄊㄨㄥˇ
次亞麻仁油酸,1,ㄘˋ ㄧㄚˋ ㄇㄚˊ ㄖㄣˊ ㄧㄡˊ ㄙㄨㄢ
止謗莫如自脩,1,ㄓˇ ㄅㄤˋ ㄇㄛˋ ㄖㄨˊ ㄗˋ ㄒㄧㄡ
正當防衛行為,1,ㄓㄥˋ ㄉㄤˋ ㄈㄤˊ ㄨㄟˋ ㄒㄧㄥˊ ㄨㄟˊ
武大郎吃毒藥,1,ㄨˇ ㄉㄚ˙ ㄌㄤˊ ㄔ ㄉㄨˊ ㄧㄠˋ
殷墟書契考釋,1,ㄧㄣ ㄒㄩ ㄕㄨ ㄑㄧˋ ㄎㄠˇ ㄕˋ
殺生不如放生,1,ㄕㄚ ㄕㄥ ㄅㄨˋ ㄖㄨˊ ㄈㄤˋ ㄕㄥ
比個大哥二哥,1,ㄅㄧˇ ㄍㄜ˙ ㄉㄚˋ ㄍㄜ ㄦˋ ㄍㄜ
民族復興運動,1,ㄇㄧㄣˊ ㄗㄨˊ ㄈㄨˋ ㄒㄧㄥ ㄩㄣˋ ㄉㄨㄥˋ
民族精神教育,1,ㄇㄧㄣˊ ㄗㄨˊ ㄐㄧㄥ ㄕㄣˊ ㄐㄧㄠˋ ㄩˋ
水墨動畫影片,1,ㄕㄨㄟˇ ㄇㄛˋ ㄉㄨㄥˋ ㄏㄨㄚˋ ㄧㄥˇ ㄆㄧㄢˋ
水溶性維生素,1,ㄕㄨㄟˇ ㄖㄨㄥˊ ㄒㄧㄥˋ ㄨㄟˊ ㄕㄥ ㄙㄨˋ
水至清則無魚,1,ㄕㄨㄟˇ ㄓˋ ㄑㄧㄥ ㄗㄜˊ ㄨˊ ㄩˊ
江東六十四屯,1,ㄐㄧㄤ ㄉㄨㄥ ㄌㄧㄡˋ ㄕˊ ㄙˋ ㄊㄨㄣˊ
汽電共生系統,1,ㄑㄧˋ ㄉㄧㄢˋ ㄍㄨㄥˋ ㄕㄥ ㄒㄧˋ ㄊㄨㄥˇ
沒了王的蜜蜂,1,ㄇㄟˊ ㄌㄜ˙ ㄨㄤˊ ㄉㄜ˙ ㄇㄧˋ ㄈㄥ
沒事常思有事,1,ㄇㄟˊ ㄕˋ ㄔㄤˊ ㄙ ㄧㄡˇ ㄕˋ
沒件好當眼的,1,ㄇㄟˊ ㄐㄧㄢˋ ㄏㄠˇ ㄉㄤ ㄧㄢˇ ㄉㄜ˙
沒有什麼道理,1,ㄇㄟˊ ㄧㄡˇ ㄕㄣˊ ㄇㄜ˙ ㄉㄠˋ ㄌㄧˇ
沒爺娘的祖宗,1,ㄇㄟˊ ㄧㄝˊ ㄋㄧㄤˊ ㄉㄜ˙ ㄗㄨˇ ㄗㄨㄥ
沒腦袋的蒼蠅,1,ㄇㄟˊ ㄋㄠˇ ㄉㄞˋ ㄉㄜ˙ ㄘㄤ ㄧㄥ˙
沒臉的忘八蛋,1,ㄇㄟˊ ㄌㄧㄢˇ ㄉㄜ˙ ㄨㄤˋ ㄅㄚ ㄉㄢˋ
沒良心的東西,1,ㄇㄟˊ ㄌㄧㄤˊ ㄒㄧㄣ ㄉㄜ˙ ㄉㄨㄥ ㄒㄧ˙
沒造化的種子,1,ㄇㄟˊ ㄗㄠˋ ㄏㄨㄚ˙ ㄉㄜ˙ ㄓㄨㄥˇ ㄗ˙
沙烏地阿拉伯,1,ㄕㄚ ㄨ ㄉㄧˋ ㄚˋ ㄌㄚ ㄅㄛˊ
河水不犯井水,1,ㄏㄜˊ ㄕㄨㄟˇ ㄅㄨˋ ㄈㄢˋ ㄐㄧㄥˇ ㄕㄨㄟˇ
沸水式反應器,1,ㄈㄟˋ ㄕㄨㄟˇ ㄕˋ ㄈㄢˇ ㄧㄥˋ ㄑㄧˋ
法屬印度支那,1,ㄈㄚˇ ㄕㄨˇ ㄧㄣˋ ㄉㄨˋ ㄓ ㄋㄚˋ
泛土耳其主義,1,ㄈㄢˋ ㄊㄨˇ ㄦˇ ㄑㄧˊ ㄓㄨˇ ㄧˋ
泡沫滅火設備,1,ㄆㄠˋ ㄇㄛˋ ㄇㄧㄝˋ ㄏㄨㄛˇ ㄕㄜˋ ㄅㄟˋ
波札那共和國,1,ㄅㄛ ㄓㄚˊ ㄋㄚˋ ㄍㄨㄥˋ ㄏㄜˊ ㄍㄨㄛˊ
波里尼西亞人,1,ㄅㄛ ㄌㄧˇ ㄋㄧˊ ㄒㄧ ㄧㄚˋ ㄖㄣˊ
注入式教學法,1,ㄓㄨˋ ㄖㄨˋ ㄕˋ ㄐㄧㄠˋ ㄒㄩㄝˊ ㄈㄚˇ
活體肝臟移植,1,ㄏㄨㄛˊ ㄊㄧˇ ㄍㄢ ㄗㄤˋ ㄧˊ ㄓˊ
浪漫主義畫派,1,ㄌㄤˋ ㄇㄢˋ ㄓㄨˇ ㄧˋ ㄏㄨㄚˋ ㄆㄞˋ
海上颱風警報,1,ㄏㄞˇ ㄕㄤˋ ㄊㄞˊ ㄈㄥ ㄐㄧㄥˇ ㄅㄠˋ
海洋溫差發電,1,ㄏㄞˇ ㄧㄤˊ ㄨㄣ ㄔㄚ ㄈㄚ ㄉㄧㄢˋ
海爾波普彗星,1,ㄏㄞˇ ㄦˇ ㄆㄛ ㄆㄨˇ ㄏㄨㄟˋ ㄒㄧㄥ
海牙和平會議,1,ㄏㄞˇ ㄧㄚˊ ㄏㄜˊ ㄆㄧㄥˊ ㄏㄨㄟˋ ㄧˋ
消費者保護法,1,ㄒㄧㄠ ㄈㄟˋ ㄓㄜˇ ㄅㄠˇ ㄏㄨˋ ㄈㄚˇ
混凝土攪拌機,1,ㄏㄨㄣˋ ㄋㄧㄥˊ ㄊㄨˇ ㄐㄧㄠˇ ㄅㄢˋ ㄐㄧ
湄公河三角洲,1,ㄇㄟˊ ㄍㄨㄥ ㄏㄜˊ ㄙㄢ ㄐㄧㄠˇ ㄓㄡ
準分子雷射儀,1,ㄓㄨㄣˇ ㄈㄣ ㄗˇ ㄌㄟˊ ㄕㄜˋ ㄧˊ
漢倭奴國王印,1,ㄏㄢˋ ㄨㄛ ㄋㄨˊ ㄍㄨㄛˊ ㄨㄤˊ ㄧㄣˋ
漢字簡化方案,1,ㄏㄢˋ ㄗˋ ㄐㄧㄢˇ ㄏㄨㄚˋ ㄈㄤ ㄢˋ
漢學研究中心,1,ㄏㄢˋ ㄒㄩㄝˊ ㄧㄢˊ ㄐㄧㄡˋ ㄓㄨㄥ ㄒㄧㄣ
漢摩拉比法典,1,ㄏㄢˋ ㄇㄛˊ ㄌㄚ ㄅㄧˇ ㄈㄚˇ ㄉㄧㄢˇ
漢語拼音方案,1,ㄏㄢˋ ㄩˇ ㄆㄧㄣ ㄧㄣ ㄈㄤ ㄢˋ
潘金蓮的竹竿,1,ㄆㄢ ㄐㄧㄣ ㄌㄧㄢˊ ㄉㄜ˙ ㄓㄨˊ ㄍㄢ
澳大利亞聯邦,1,ㄠˋ ㄉㄚˋ ㄌㄧˋ ㄧㄚˋ ㄌㄧㄢˊ ㄅㄤ
火災警報設備,1,ㄏㄨㄛˇ ㄗㄞ ㄐㄧㄥˇ ㄅㄠˋ ㄕㄜˋ ㄅㄟˋ
為善不欲人知,1,ㄨㄟˊ ㄕㄢˋ ㄅㄨˋ ㄩˋ ㄖㄣˊ ㄓ
為政不在多言,1,ㄨㄟˊ ㄓㄥˋ ㄅㄨˋ ㄗㄞˋ ㄉㄨㄛ ㄧㄢˊ
烈女不嫁二夫,1,ㄌㄧㄝˋ ㄋㄩˇ ㄅㄨˋ ㄐㄧㄚˋ ㄦˋ ㄈㄨ
烈女不更二夫,1,ㄌㄧㄝˋ ㄋㄩˇ ㄅㄨˋ ㄍㄥ ㄦˋ ㄈㄨ
烏干達共和國,1,ㄨ ㄍㄢ ㄉㄚˊ ㄍㄨㄥˋ ㄏㄜˊ ㄍㄨㄛˊ
烏拉圭共和國,1,ㄨ ㄌㄚ ㄍㄨㄟ ㄍㄨㄥˋ ㄏㄜˊ ㄍㄨㄛˊ
烏菲茲美術館,1,ㄨ ㄈㄟ ㄗ ㄇㄟˇ ㄕㄨˋ ㄍㄨㄢˇ
無所不用其極,1,ㄨˊ ㄙㄨㄛˇ ㄅㄨˋ ㄩㄥˋ ㄑㄧˊ ㄐㄧˊ
無熔絲斷路器,1,ㄨˊ ㄖㄨㄥˊ ㄙ ㄉㄨㄢˋ ㄌㄨˋ ㄑㄧˋ
無線電對講機,1,ㄨˊ ㄒㄧㄢˋ ㄉㄧㄢˋ ㄉㄨㄟˋ ㄐㄧㄤˇ ㄐㄧ
無線電發射機,1,ㄨˊ ㄒㄧㄢˋ ㄉㄧㄢˋ ㄈㄚ ㄕㄜˋ ㄐㄧ
無菌性腦膜炎,1,ㄨˊ ㄐㄩㄣˋ ㄒㄧㄥˋ ㄋㄠˇ ㄇㄛˊ ㄧㄢˊ
無行為能力人,1,ㄨˊ ㄒㄧㄥˊ ㄨㄟˊ ㄋㄥˊ ㄌㄧˋ ㄖㄣˊ
熱波活水水療,1,ㄖㄜˋ ㄅㄛ ㄏㄨㄛˊ ㄕㄨㄟˇ ㄕㄨㄟˇ ㄌㄧㄠˊ
熱發光劑量計,1,ㄖㄜˋ ㄈㄚ ㄍㄨㄤ ㄐㄧˋ ㄌㄧㄤˋ ㄐㄧˋ
熱鍋頭上灑水,1,ㄖㄜˋ ㄍㄨㄛ ㄊㄡˊ ㄕㄤˋ ㄙㄚˇ ㄕㄨㄟˇ
燈臺不照自己,1,ㄉㄥ ㄊㄞˊ ㄅㄨˋ ㄓㄠˋ ㄗˋ ㄐㄧˇ
燒糊了洗臉水,1,ㄕㄠ ㄏㄨˊ ㄌㄜ˙ ㄒㄧˇ ㄌㄧㄢˇ ㄕㄨㄟˇ
燕樂二十八調,1,ㄧㄢˋ ㄩㄝˋ ㄦˋ ㄕˊ ㄅㄚ ㄉㄧㄠˋ
營養強化食品,1,ㄧㄥˊ ㄧㄤˇ ㄑㄧㄤˊ ㄏㄨㄚˋ ㄕˊ ㄆㄧㄣˇ
版式預鑄工法,1,ㄅㄢˇ ㄕˋ ㄩˋ ㄓㄨˋ ㄍㄨㄥ ㄈㄚˇ
牙齒咬合不正,1,ㄧㄚˊ ㄔˇ ㄧㄠˇ ㄏㄜˊ ㄅㄨˋ ㄓㄥˋ
牛頭不對馬嘴,1,ㄋㄧㄡˊ ㄊㄡˊ ㄅㄨˋ ㄉㄨㄟˋ ㄇㄚˇ ㄗㄨㄟˇ
物價督導會報,1,ㄨˋ ㄐㄧㄚˋ ㄉㄨ ㄉㄠˇ ㄏㄨㄟˋ ㄅㄠˋ
犯天下之不韙,1,ㄈㄢˋ ㄊㄧㄢ ㄒㄧㄚˋ ㄓ ㄅㄨˋ ㄨㄟˇ
狗改不了吃屎,1,ㄍㄡˇ ㄍㄞˇ ㄅㄨˋ ㄌㄧㄠˇ ㄔ ㄕˇ
獅子山共和國,1,ㄕ ㄗˇ ㄕㄢ ㄍㄨㄥˋ ㄏㄜˊ ㄍㄨㄛˊ
獨立懸吊系統,1,ㄉㄨˊ ㄌㄧˋ ㄒㄩㄢˊ ㄉㄧㄠˋ ㄒㄧˋ ㄊㄨㄥˇ
玉山國家公園,1,ㄩˋ ㄕㄢ ㄍㄨㄛˊ ㄐㄧㄚ ㄍㄨㄥ ㄩㄢˊ
王婆子賣了磨,1,ㄨㄤˊ ㄆㄛˊ ㄗ˙ ㄇㄞˋ ㄌㄜ˙ ㄇㄛˋ
理不直氣不壯,1,ㄌㄧˇ ㄅㄨˋ ㄓˊ ㄑㄧˋ ㄅㄨˋ ㄓㄨㄤˋ
理查司特勞斯,1,ㄌㄧˇ ㄔㄚˊ ㄙ ㄊㄜˋ ㄌㄠˊ ㄙ
瑞典皇家學院,1,ㄖㄨㄟˋ ㄉㄧㄢˇ ㄏㄨㄤˊ ㄐㄧㄚ ㄒㄩㄝˊ ㄩㄢˋ
甘比亞共和國,1,ㄍㄢ ㄅㄧˇ ㄧㄚˋ ㄍㄨㄥˋ ㄏㄜˊ ㄍㄨㄛˊ
生米做成熟飯,1,ㄕㄥ ㄇㄧˇ ㄗㄨㄛˋ ㄔㄥˊ ㄕㄨˊ ㄈㄢˋ
產業加值網路,1,ㄔㄢˇ ㄧㄝˋ ㄐㄧㄚ ㄓˊ ㄨㄤˇ ㄌㄨˋ
甲種國民兵役,1,ㄐㄧㄚˇ ㄓㄨㄥˇ ㄍㄨㄛˊ ㄇㄧㄣˊ ㄅㄧㄥ ㄧˋ
男子漢大丈夫,1,ㄋㄢˊ ㄗˇ ㄏㄢˋ ㄉㄚˋ ㄓㄤˋ ㄈㄨ
男性沙文主義,1,ㄋㄢˊ ㄒㄧㄥˋ ㄕㄚ ㄨㄣˊ ㄓㄨˇ ㄧˋ
畢其功於一役,1,ㄅㄧˋ ㄑㄧˊ ㄍㄨㄥ ㄩˊ ㄧ ㄧˋ
當家人惡水缸,1,ㄉㄤ ㄐㄧㄚ ㄖㄣˊ ㄜˋ ㄕㄨㄟˇ ㄍㄤ
當然繼承主義,1,ㄉㄤ ㄖㄢˊ ㄐㄧˋ ㄔㄥˊ ㄓㄨˇ ㄧˋ
疱疹性咽狹症,1,ㄆㄠˋ ㄓㄣˇ ㄒㄧㄥˋ ㄧㄢ ㄒㄧㄚˊ ㄓㄥˋ
疾雷不及塞耳,1,ㄐㄧˊ ㄌㄟˊ ㄅㄨˋ ㄐㄧˊ ㄙㄜˋ ㄦˇ
疾雷不及掩耳,1,ㄐㄧˊ ㄌㄟˊ ㄅㄨˋ ㄐㄧˊ ㄧㄢˇ ㄦˇ
痛風性關節炎,1,ㄊㄨㄥˋ ㄈㄥ ㄒㄧㄥˋ ㄍㄨㄢ ㄐㄧㄝˊ ㄧㄢˊ
癩狗扶不上牆,1,ㄌㄞˋ ㄍㄡˇ ㄈㄨˊ ㄅㄨˋ ㄕㄤˋ ㄑㄧㄤˊ
癱子掉在井裡,1,ㄊㄢ ㄗ˙ ㄉㄧㄠˋ ㄗㄞˋ ㄐㄧㄥˇ ㄌㄧˇ
發昏章第十一,1,ㄈㄚ ㄏㄨㄣ ㄓㄤ ㄉㄧˋ ㄕˊ ㄧ
發生學分類法,1,ㄈㄚ ㄕㄥ ㄒㄩㄝˊ ㄈㄣ ㄌㄟˋ ㄈㄚˇ
白色念珠菌病,1,ㄅㄞˊ ㄙㄜˋ ㄋㄧㄢˋ ㄓㄨ ㄐㄩㄣˋ ㄅㄧㄥˋ
白血球過多症,1,ㄅㄞˊ ㄒㄧㄝˇ ㄑㄧㄡˊ ㄍㄨㄛˋ ㄉㄨㄛ ㄓㄥˋ
白領階級犯罪,1,ㄅㄞˊ ㄌㄧㄥˇ ㄐㄧㄝ ㄐㄧˊ ㄈㄢˋ ㄗㄨㄟˋ
百分之九十九,1,ㄅㄞˇ ㄈㄣ ㄓ ㄐㄧㄡˇ ㄕˊ ㄐㄧㄡˇ
百動不如一靜,1,ㄅㄞˇ ㄉㄨㄥˋ ㄅㄨˋ ㄖㄨˊ ㄧ ㄐㄧㄥˋ
百聞不如一見,1,ㄅㄞˇ ㄨㄣˊ ㄅㄨˋ ㄖㄨˊ ㄧ ㄐㄧㄢˋ
皇帝不差餓兵,1,ㄏㄨㄤˊ ㄉㄧˋ ㄅㄨˋ ㄔㄞ ㄜˋ ㄅㄧㄥ
盆罐都有耳朵,1,ㄆㄣˊ ㄍㄨㄢˋ ㄉㄡ ㄧㄡˇ ㄦˇ ㄉㄨㄛ˙
盜不過五女門,1,ㄉㄠˋ ㄅㄨˋ ㄍㄨㄛˋ ㄨˇ ㄋㄩˇ ㄇㄣˊ
監察院審計部,1,ㄐㄧㄢ ㄔㄚˊ ㄩㄢˋ ㄕㄣˇ ㄐㄧˋ ㄅㄨˋ
盧安達共和國,1,ㄌㄨˊ ㄢ ㄉㄚˊ ㄍㄨㄥˋ ㄏㄜˊ ㄍㄨㄛˊ
盧森堡大公國,1,ㄌㄨˊ ㄙㄣ ㄅㄠˇ ㄉㄚˋ ㄍㄨㄥ ㄍㄨㄛˊ
直布羅陀海峽,1,ㄓˊ ㄅㄨˋ ㄌㄨㄛˊ ㄊㄨㄛˊ ㄏㄞˇ ㄒㄧㄚˊ
直接審理主義,1,ㄓˊ ㄐㄧㄝ ㄕㄣˇ ㄌㄧˇ ㄓㄨˇ ㄧˋ
相對座標滑鼠,1,ㄒㄧㄤ ㄉㄨㄟˋ ㄗㄨㄛˋ ㄅㄧㄠ ㄏㄨㄚˊ ㄕㄨˇ
真金不怕火煉,1,ㄓㄣ ㄐㄧㄣ ㄅㄨˋ ㄆㄚˋ ㄏㄨㄛˇ ㄌㄧㄢˋ
眼不見心不煩,1,ㄧㄢˇ ㄅㄨˋ ㄐㄧㄢˋ ㄒㄧㄣ ㄅㄨˋ ㄈㄢˊ
眼裡不揉沙子,1,ㄧㄢˇ ㄌㄧˇ ㄅㄨˋ ㄖㄡˊ ㄕㄚ ㄗ˙
眾生皆有佛性,1,ㄓㄨㄥˋ ㄕㄥ ㄐㄧㄝ ㄧㄡˇ ㄈㄛˊ ㄒㄧㄥˋ
瞬得彩色電影,1,ㄕㄨㄣˋ ㄉㄜˊ ㄘㄞˇ ㄙㄜˋ ㄉㄧㄢˋ ㄧㄥˇ
瞬間停止裝置,1,ㄕㄨㄣˋ ㄐㄧㄢ ㄊㄧㄥˊ ㄓˇ ㄓㄨㄤ ㄓˋ
知其不可而為,1,ㄓ ㄑㄧˊ ㄅㄨˋ ㄎㄜˇ ㄦˊ ㄨㄟˊ
石油化學工業,1,ㄕˊ ㄧㄡˊ ㄏㄨㄚˋ ㄒㄩㄝˊ ㄍㄨㄥ ㄧㄝˋ
破蒸籠不盛氣,1,ㄆㄛˋ ㄓㄥ ㄌㄨㄥˊ ㄅㄨˋ ㄔㄥˊ ㄑㄧˋ
磁光型光碟片,1,ㄘˊ ㄍㄨㄤ ㄒㄧㄥˊ ㄍㄨㄤ ㄉㄧㄝˊ ㄆㄧㄢˋ
磁碟作業系統,1,ㄘˊ ㄉㄧㄝˊ ㄗㄨㄛˋ ㄧㄝˋ ㄒㄧˋ ㄊㄨㄥˇ
磨了半截舌頭,1,ㄇㄛˊ ㄌㄜ˙ ㄅㄢˋ ㄐㄧㄝˊ ㄕㄜˊ ㄊㄡ˙
磨磚砌的喉嚨,1,ㄇㄛˊ ㄓㄨㄢ ㄑㄧˋ ㄉㄜ˙ ㄏㄡˊ ㄌㄨㄥˊ
社會名目財富,1,ㄕㄜˋ ㄏㄨㄟˋ ㄇㄧㄥˊ ㄇㄨˋ ㄘㄞˊ ㄈㄨˋ
社會福利彩券,1,ㄕㄜˋ ㄏㄨㄟˋ ㄈㄨˊ ㄌㄧˋ ㄘㄞˇ ㄑㄩㄢˋ
祕密通訊自由,1,ㄇㄧˋ ㄇㄧˋ ㄊㄨㄥ ㄒㄩㄣˋ ㄗˋ ㄧㄡˊ
禮失而求諸野,1,ㄌㄧˇ ㄕ ㄦˊ ㄑㄧㄡˊ ㄓㄨ ㄧㄝˇ
禮義生於富足,1,ㄌㄧˇ ㄧˋ ㄕㄥ ㄩˊ ㄈㄨˋ ㄗㄨˊ
私人銀行業務,1,ㄙ ㄖㄣˊ ㄧㄣˊ ㄏㄤˊ ㄧㄝˋ ㄨˋ
科學工業園區,1,ㄎㄜ ㄒㄩㄝˊ ㄍㄨㄥ ㄧㄝˋ ㄩㄢˊ ㄑㄩ
移動性高氣壓,1,ㄧˊ ㄉㄨㄥˋ ㄒㄧㄥˋ ㄍㄠ ㄑㄧˋ ㄧㄚ
稂不稂莠不莠,1,ㄌㄤˊ ㄅㄨˋ ㄌㄤˊ ㄧㄡˇ ㄅㄨˋ ㄧㄡˇ
空中公共汽車,1,ㄎㄨㄥ ㄓㄨㄥ ㄍㄨㄥ ㄍㄨㄥˋ ㄑㄧˋ ㄔㄜ
空中加油飛機,1,ㄎㄨㄥ ㄓㄨㄥ ㄐㄧㄚ ㄧㄡˊ ㄈㄟ ㄐㄧ
立於不敗之地,1,ㄌㄧˋ ㄩˊ ㄅㄨˋ ㄅㄞˋ ㄓ ㄉㄧˋ
立陶宛共和國,1,ㄌㄧˋ ㄊㄠˊ ㄨㄢˇ ㄍㄨㄥˋ ㄏㄜˊ ㄍㄨㄛˊ
第三者責任險,1,ㄉㄧˋ ㄙㄢ ㄓㄜˇ ㄗㄜˊ ㄖㄣˋ ㄒㄧㄢˇ
等加速度運動,1,ㄉㄥˇ ㄐㄧㄚ ㄙㄨˋ ㄉㄨˋ ㄩㄣˋ ㄉㄨㄥˋ
等高線地形圖,1,ㄉㄥˇ ㄍㄠ ㄒㄧㄢˋ ㄉㄧˋ ㄒㄧㄥˊ ㄊㄨˊ
筍裡不知茆裡,1,ㄙㄨㄣˇ ㄌㄧ˙ ㄅㄨˋ ㄓ ㄇㄠˇ ㄌㄧ˙
管理資訊系統,1,ㄍㄨㄢˇ ㄌㄧˇ ㄗ ㄒㄩㄣˋ ㄒㄧˋ ㄊㄨㄥˇ
簡報導覽系統,1,ㄐㄧㄢˇ ㄅㄠˋ ㄉㄠˇ ㄌㄢˇ ㄒㄧˋ ㄊㄨㄥˇ
米格式戰鬥機,1,ㄇㄧˇ ㄍㄜˊ ㄕˋ ㄓㄢˋ ㄉㄡˋ ㄐㄧ
精密雷達飛機,1,ㄐㄧㄥ ㄇㄧˋ ㄌㄟˊ ㄉㄚˊ ㄈㄟ ㄐㄧ
糞坑裡的石頭,1,ㄈㄣˋ ㄎㄥ ㄌㄧˇ ㄉㄜ˙ ㄕˊ ㄊㄡ˙
糞缸裡擲骰子,1,ㄈㄣˋ ㄍㄤ ㄌㄧˇ ㄓˊ ㄊㄡˊ ㄗ˙
糞缸越淘越臭,1,ㄈㄣˋ ㄍㄤ ㄩㄝˋ ㄊㄠˊ ㄩㄝˋ ㄔㄡˋ
糧食平準基金,1,ㄌㄧㄤˊ ㄕˊ ㄆㄧㄥˊ ㄓㄨㄣˇ ㄐㄧ ㄐㄧㄣ
紅蘿蔔炒辣椒,1,ㄏㄨㄥˊ ㄌㄨㄛˊ ㄅㄛ˙ ㄔㄠˇ ㄌㄚˋ ㄐㄧㄠ
紅血球生成素,1,ㄏㄨㄥˊ ㄒㄧㄝˇ ㄑㄧㄡˊ ㄕㄥ ㄔㄥˊ ㄙㄨˋ
細葉金午時花,1,ㄒㄧˋ ㄧㄝˋ ㄐㄧㄣ ㄨˇ ㄕˊ ㄏㄨㄚ
經史百家雜鈔,1,ㄐㄧㄥ ㄕˇ ㄅㄞˇ ㄐㄧㄚ ㄗㄚˊ ㄔㄠ
維多利亞女王,1,ㄨㄟˊ ㄉㄨㄛ ㄌㄧˋ ㄧㄚˋ ㄋㄩˇ ㄨㄤˊ
維多利亞瀑布,1,ㄨㄟˊ ㄉㄨㄛ ㄌㄧˋ ㄧㄚˋ ㄆㄨˋ ㄅㄨˋ
網路交流聯誼,1,ㄨㄤˇ ㄌㄨˋ ㄐㄧㄠ ㄌㄧㄡˊ ㄌㄧㄢˊ ㄧˋ
網路國際電話,1,ㄨㄤˇ ㄌㄨˋ ㄍㄨㄛˊ ㄐㄧˋ ㄉㄧㄢˋ ㄏㄨㄚˋ
網路廣播頻道,1,ㄨㄤˇ ㄌㄨˋ ㄍㄨㄤˇ ㄅㄛˋ ㄆㄧㄣˊ ㄉㄠˋ
網路影像電話,1,ㄨㄤˇ ㄌㄨˋ ㄧㄥˇ ㄒㄧㄤˋ ㄉㄧㄢˋ ㄏㄨㄚˋ
網路拍賣廣場,1,ㄨㄤˇ ㄌㄨˋ ㄆㄞ ㄇㄞˋ ㄍㄨㄤˇ ㄔㄤˊ
網路新聞系統,1,ㄨㄤˇ ㄌㄨˋ ㄒㄧㄣ ㄨㄣˊ ㄒㄧˋ ㄊㄨㄥˇ
網路虛擬空間,1,ㄨㄤˇ ㄌㄨˋ ㄒㄩ ㄋㄧˇ ㄎㄨㄥ ㄐㄧㄢ
網路行銷活動,1,ㄨㄤˇ ㄌㄨˋ ㄒㄧㄥˊ ㄒㄧㄠ ㄏㄨㄛˊ ㄉㄨㄥˋ
網際網路電話,1,ㄨㄤˇ ㄐㄧˋ ㄨㄤˇ ㄌㄨˋ ㄉㄧㄢˋ ㄏㄨㄚˋ
網際資訊網路,1,ㄨㄤˇ ㄐㄧˋ ㄗ ㄒㄩㄣˋ ㄨㄤˇ ㄌㄨˋ
綿竹木版年畫,1,ㄇㄧㄢˊ ㄓㄨˊ ㄇㄨˋ ㄅㄢˇ ㄋㄧㄢˊ ㄏㄨㄚˋ
緊急避難行為,1,ㄐㄧㄣˇ ㄐㄧˊ ㄅㄧˋ ㄋㄢˋ ㄒㄧㄥˊ ㄨㄟˊ
線上出版公司,1,ㄒㄧㄢˋ ㄕㄤˋ ㄔㄨ ㄅㄢˇ ㄍㄨㄥ ㄙ
線上即時交談,1,ㄒㄧㄢˋ ㄕㄤˋ ㄐㄧˊ ㄕˊ ㄐㄧㄠ ㄊㄢˊ
線上牙醫診所,1,ㄒㄧㄢˋ ㄕㄤˋ ㄧㄚˊ ㄧ ㄓㄣˇ ㄙㄨㄛˇ
線上訂購服務,1,ㄒㄧㄢˋ ㄕㄤˋ ㄉㄧㄥˋ ㄍㄡˋ ㄈㄨˊ ㄨˋ
線上購物中心,1,ㄒㄧㄢˋ ㄕㄤˋ ㄍㄡˋ ㄨˋ ㄓㄨㄥ ㄒㄧㄣ
缸裡的醬蘿蔔,1,ㄍㄤ ㄌㄧˇ ㄉㄜ˙ ㄐㄧㄤˋ ㄌㄨㄛˊ ㄅㄛ˙
罪刑法定主義,1,ㄗㄨㄟˋ ㄒㄧㄥˊ ㄈㄚˇ ㄉㄧㄥˋ ㄓㄨˇ ㄧˋ
罪刑法定原則,1,ㄗㄨㄟˋ ㄒㄧㄥˊ ㄈㄚˇ ㄉㄧㄥˋ ㄩㄢˊ ㄗㄜˊ
羅浮宮博物館,1,ㄌㄨㄛˊ ㄈㄨˊ ㄍㄨㄥ ㄅㄛˊ ㄨˋ ㄍㄨㄢˇ
美國在臺協會,1,ㄇㄟˇ ㄍㄨㄛˊ ㄗㄞˋ ㄊㄞˊ ㄒㄧㄝˊ ㄏㄨㄟˋ
美國新聞總署,1,ㄇㄟˇ ㄍㄨㄛˊ ㄒㄧㄣ ㄨㄣˊ ㄗㄨㄥˇ ㄕㄨˇ
美國獨立宣言,1,ㄇㄟˇ ㄍㄨㄛˊ ㄉㄨˊ ㄌㄧˋ ㄒㄩㄢ ㄧㄢˊ
美洲國家組織,1,ㄇㄟˇ ㄓㄡ ㄍㄨㄛˊ ㄐㄧㄚ ㄗㄨˇ ㄓ
美索不達米亞,1,ㄇㄟˇ ㄙㄨㄛˇ ㄅㄨˋ ㄉㄚˊ ㄇㄧˇ ㄧㄚˋ
美蘇高峰會議,1,ㄇㄟˇ ㄙㄨ ㄍㄠ ㄈㄥ ㄏㄨㄟˋ ㄧˋ
羹裡來飯裡去,1,ㄍㄥ ㄌㄧˇ ㄌㄞˊ ㄈㄢˋ ㄌㄧˇ ㄑㄩˋ
老人住居安養,1,ㄌㄠˇ ㄖㄣˊ ㄓㄨˋ ㄐㄩ ㄢ ㄧㄤˇ
老和尚看嫁妝,1,ㄌㄠˇ ㄏㄜˊ ㄕㄤˋ ㄎㄢˋ ㄐㄧㄚˋ ㄓㄨㄤ˙
老實的終須在,1,ㄌㄠˇ ㄕˊ ㄉㄜ˙ ㄓㄨㄥ ㄒㄩ ㄗㄞˋ
老虎嘴上拔毛,1,ㄌㄠˇ ㄏㄨˇ ㄗㄨㄟˇ ㄕㄤˋ ㄅㄚˊ ㄇㄠˊ
老虎嘴裡拔牙,1,ㄌㄠˇ ㄏㄨˇ ㄗㄨㄟˇ ㄌㄧˇ ㄅㄚˊ ㄧㄚˊ
老虎掛念佛珠,1,ㄌㄠˇ ㄏㄨˇ ㄍㄨㄚˋ ㄋㄧㄢˋ ㄈㄛˊ ㄓㄨ
考試院考選部,1,ㄎㄠˇ ㄕˋ ㄩㄢˋ ㄎㄠˇ ㄒㄩㄢˇ ㄅㄨˋ
考試院銓敘部,1,ㄎㄠˇ ㄕˋ ㄩㄢˋ ㄑㄩㄢˊ ㄒㄩˋ ㄅㄨˋ
耗子尾上長瘡,1,ㄏㄠˋ ㄗ˙ ㄨㄟˇ ㄕㄤˋ ㄓㄤˇ ㄔㄨㄤ
耳聞不如目見,1,ㄦˇ ㄨㄣˊ ㄅㄨˋ ㄖㄨˊ ㄇㄨˋ ㄐㄧㄢˋ
耳聞不如眼見,1,ㄦˇ ㄨㄣˊ ㄅㄨˋ ㄖㄨˊ ㄧㄢˇ ㄐㄧㄢˋ
聞名不如見面,1,ㄨㄣˊ ㄇㄧㄥˊ ㄅㄨˋ ㄖㄨˊ ㄐㄧㄢˋ ㄇㄧㄢˋ
聽了風就是雨,1,ㄊㄧㄥ ㄌㄜ˙ ㄈㄥ ㄐㄧㄡˋ ㄕˋ ㄩˇ
肚腸閣落裡邊,1,ㄉㄨˋ ㄔㄤˊ ㄍㄜˊ ㄌㄨㄛˋ ㄌㄧˇ ㄅㄧㄢ
肚腸駛得牛車,1,ㄉㄨˋ ㄔㄤˊ ㄕˇ ㄉㄜ˙ ㄋㄧㄡˊ ㄔㄜ
胡蘿蔔就燒酒,1,ㄏㄨˊ ㄌㄨㄛˊ ㄅㄛ˙ ㄐㄧㄡˋ ㄕㄠ ㄐㄧㄡˇ
腳打著腦杓子,1,ㄐㄧㄠˇ ㄉㄚˇ ㄓㄜ˙ ㄋㄠˇ ㄕㄠˊ ㄗ˙
臉上掛了招牌,1,ㄌㄧㄢˇ ㄕㄤˋ ㄍㄨㄚˋ ㄌㄜ˙ ㄓㄠ ㄆㄞˊ
臉上開果子鋪,1,ㄌㄧㄢˇ ㄕㄤˋ ㄎㄞ ㄍㄨㄛˇ ㄗ˙ ㄆㄨˋ
自主神經系統,1,ㄗˋ ㄓㄨˇ ㄕㄣˊ ㄐㄧㄥ ㄒㄧˋ ㄊㄨㄥˇ
自動停止裝置,1,ㄗˋ ㄉㄨㄥˋ ㄊㄧㄥˊ ㄓˇ ㄓㄨㄤ ㄓˋ
自動控制系統,1,ㄗˋ ㄉㄨㄥˋ ㄎㄨㄥˋ ㄓˋ ㄒㄧˋ ㄊㄨㄥˇ
自然殺傷細胞,1,ㄗˋ ㄖㄢˊ ㄕㄚ ㄕㄤ ㄒㄧˋ ㄅㄠ
自然背景輻射,1,ㄗˋ ㄖㄢˊ ㄅㄟˋ ㄐㄧㄥˇ ㄈㄨˊ ㄕㄜˋ
自願就學方案,1,ㄗˋ ㄩㄢˋ ㄐㄧㄡˋ ㄒㄩㄝˊ ㄈㄤ ㄢˋ
臺灣學術網路,1,ㄊㄞˊ ㄨㄢ ㄒㄩㄝˊ ㄕㄨˋ ㄨㄤˇ ㄌㄨˋ
臺灣日日新報,1,ㄊㄞˊ ㄨㄢ ㄖˋ ㄖˋ ㄒㄧㄣ ㄅㄠˋ
臺灣科技大學,1,ㄊㄞˊ ㄨㄢ ㄎㄜ ㄐㄧˋ ㄉㄚˋ ㄒㄩㄝˊ
航線營運執照,1,ㄏㄤˊ ㄒㄧㄢˋ ㄧㄥˊ ㄩㄣˋ ㄓˊ ㄓㄠˋ
良賈深藏若虛,1,ㄌㄧㄤˊ ㄍㄨˇ ㄕㄣ ㄘㄤˊ ㄖㄨㄛˋ ㄒㄩ
花卉冷藏處理,1,ㄏㄨㄚ ㄏㄨㄟˋ ㄌㄥˇ ㄘㄤˊ ㄔㄨˇ ㄌㄧˇ
花蓮善牧中心,1,ㄏㄨㄚ ㄌㄧㄢˊ ㄕㄢˋ ㄇㄨˋ ㄓㄨㄥ ㄒㄧㄣ
英國廣播公司,1,ㄧㄥ ㄍㄨㄛˊ ㄍㄨㄤˇ ㄅㄛˋ ㄍㄨㄥ ㄙ
英國皇家協會,1,ㄧㄥ ㄍㄨㄛˊ ㄏㄨㄤˊ ㄐㄧㄚ ㄒㄧㄝˊ ㄏㄨㄟˋ
英法海底隧道,1,ㄧㄥ ㄈㄚˇ ㄏㄞˇ ㄉㄧˇ ㄙㄨㄟˋ ㄉㄠˋ
茅廁裡的石頭,1,ㄇㄠˊ ㄙ˙ ㄌㄧˇ ㄉㄜ˙ ㄕˊ ㄊㄡ˙
莫斯科大公國,1,ㄇㄛˋ ㄙ ㄎㄜ ㄉㄚˋ ㄍㄨㄥ ㄍㄨㄛˊ
莫荷不連續面,1,ㄇㄛˋ ㄏㄜˊ ㄅㄨˋ ㄌㄧㄢˊ ㄒㄩˋ ㄇㄧㄢˋ
華嚴金獅子章,1,ㄏㄨㄚˊ ㄧㄢˊ ㄐㄧㄣ ㄕ ㄗˇ ㄓㄤ
華星秋月之章,1,ㄏㄨㄚˊ ㄒㄧㄥ ㄑㄧㄡ ㄩㄝˋ ㄓ ㄓㄤ
華沙公約組織,1,ㄏㄨㄚˊ ㄕㄚ ㄍㄨㄥ ㄩㄝ ㄗㄨˇ ㄓ
菱角磨作雞頭,1,ㄌㄧㄥˊ ㄐㄧㄠ˙ ㄇㄛˊ ㄗㄨㄛˋ ㄐㄧ ㄊㄡˊ
菲律賓共和國,1,ㄈㄟ ㄌㄩˋ ㄅㄧㄣ ㄍㄨㄥˋ ㄏㄜˊ ㄍㄨㄛˊ
萬那杜共和國,1,ㄨㄢˋ ㄋㄚˋ ㄉㄨˋ ㄍㄨㄥˋ ㄏㄜˊ ㄍㄨㄛˊ
著作權委員會,1,ㄓㄨˋ ㄗㄨㄛˋ ㄑㄩㄢˊ ㄨㄟˇ ㄩㄢˊ ㄏㄨㄟˋ
葡萄牙共和國,1,ㄆㄨˊ ㄊㄠˊ ㄧㄚˊ ㄍㄨㄥˋ ㄏㄜˊ ㄍㄨㄛˊ
葡萄葉銀蓮花,1,ㄆㄨˊ ㄊㄠˊ ㄧㄝˋ ㄧㄣˊ ㄌㄧㄢˊ ㄏㄨㄚ
蒲隆地共和國,1,ㄆㄨˊ ㄌㄨㄥˊ ㄉㄧˋ ㄍㄨㄥˋ ㄏㄜˊ ㄍㄨㄛˊ
蘇利南共和國,1,ㄙㄨ ㄌㄧˋ ㄋㄢˊ ㄍㄨㄥˋ ㄏㄜˊ ㄍㄨㄛˊ
蘇愷二七戰機,1,ㄙㄨ ㄎㄞˇ ㄦˋ ㄑㄧ ㄓㄢˋ ㄐㄧ
虎豹不外其爪,1,ㄏㄨˇ ㄅㄠˋ ㄅㄨˋ ㄨㄞˋ ㄑㄧˊ ㄓㄠˇ
虎頭上捉虱子,1,ㄏㄨˇ ㄊㄡˊ ㄕㄤˋ ㄓㄨㄛ ㄕ ㄗ˙
蜂房不容鵠卵,1,ㄈㄥ ㄈㄤˊ ㄅㄨˋ ㄖㄨㄥˊ ㄏㄨˊ ㄌㄨㄢˇ
螣蛇無足而飛,1,ㄊㄥˊ ㄕㄜˊ ㄨˊ ㄗㄨˊ ㄦˊ ㄈㄟ
螻蟻尚且貪生,1,ㄌㄡˊ ㄧˇ ㄕㄤˋ ㄑㄧㄝˇ ㄊㄢ ㄕㄥ
蟪蛄不知春秋,1,ㄏㄨㄟˋ ㄍㄨ ㄅㄨˋ ㄓ ㄔㄨㄣ ㄑㄧㄡ
行不得也哥哥,1,ㄒㄧㄥˊ ㄅㄨˋ ㄉㄜˊ ㄧㄝˇ ㄍㄜ ㄍㄜ
行政院主計處,1,ㄒㄧㄥˊ ㄓㄥˋ ㄩㄢˋ ㄓㄨˇ ㄐㄧˋ ㄔㄨˋ
行政院新聞局,1,ㄒㄧㄥˊ ㄓㄥˋ ㄩㄢˋ ㄒㄧㄣ ㄨㄣˊ ㄐㄩˊ
行政院衛生署,1,ㄒㄧㄥˊ ㄓㄥˋ ㄩㄢˋ ㄨㄟˋ ㄕㄥ ㄕㄨˇ
行政院青輔會,1,ㄒㄧㄥˊ ㄓㄥˋ ㄩㄢˋ ㄑㄧㄥ ㄈㄨˇ ㄏㄨㄟˋ
衣食者民之本,1,ㄧ ㄕˊ ㄓㄜˇ ㄇㄧㄣˊ ㄓ ㄅㄣˇ
表壯不如裡壯,1,ㄅㄧㄠˇ ㄓㄨㄤˋ ㄅㄨˋ ㄖㄨˊ ㄌㄧˇ ㄓㄨㄤˋ
複合民族國家,1,ㄈㄨˋ ㄏㄜˊ ㄇㄧㄣˊ ㄗㄨˊ ㄍㄨㄛˊ ㄐㄧㄚ
西伯利亞鐵路,1,ㄒㄧ ㄅㄛˊ ㄌㄧˋ ㄧㄚˋ ㄊㄧㄝˇ ㄌㄨˋ
西拉雅文化相,1,ㄒㄧ ㄌㄚ ㄧㄚˇ ㄨㄣˊ ㄏㄨㄚˋ ㄒㄧㄤˋ
西方極樂世界,1,ㄒㄧ ㄈㄤ ㄐㄧˊ ㄌㄜˋ ㄕˋ ㄐㄧㄝˋ
西海岸爵士樂,1,ㄒㄧ ㄏㄞˇ ㄢˋ ㄐㄩㄝˊ ㄕˋ ㄩㄝˋ
西澳大利亞洲,1,ㄒㄧ ㄠˋ ㄉㄚˋ ㄌㄧˋ ㄧㄚˋ ㄓㄡ
西發里亞條約,1,ㄒㄧ ㄈㄚ ㄌㄧˇ ㄧㄚˋ ㄊㄧㄠˊ ㄩㄝ
西維吉尼亞州,1,ㄒㄧ ㄨㄟˊ ㄐㄧˊ ㄋㄧˊ ㄧㄚˋ ㄓㄡ
西門子電機廠,1,ㄒㄧ ㄇㄣˊ ㄗˇ ㄉㄧㄢˋ ㄐㄧ ㄔㄤˇ
見卵而求時夜,1,ㄐㄧㄢˋ ㄌㄨㄢˇ ㄦˊ ㄑㄧㄡˊ ㄕˊ ㄧㄝˋ
見彈而求鴞炙,1,ㄐㄧㄢˋ ㄉㄢˋ ㄦˊ ㄑㄧㄡˊ ㄒㄧㄠ ㄓˋ
規矩不能方圓,1,ㄍㄨㄟ ㄐㄩˇ ㄅㄨˋ ㄋㄥˊ ㄈㄤ ㄩㄢˊ
視訊會議系統,1,ㄕˋ ㄒㄩㄣˋ ㄏㄨㄟˋ ㄧˋ ㄒㄧˋ ㄊㄨㄥˇ
觥飯不及壺飧,1,ㄍㄨㄥ ㄈㄢˋ ㄅㄨˋ ㄐㄧˊ ㄏㄨˊ ㄙㄨㄣ
計程車共乘制,1,ㄐㄧˋ ㄔㄥˊ ㄔㄜ ㄍㄨㄥˋ ㄔㄥˊ ㄓˋ
計算機語言學,1,ㄐㄧˋ ㄙㄨㄢˋ ㄐㄧ ㄩˇ ㄧㄢˊ ㄒㄩㄝˊ
該來的總會來,1,ㄍㄞ ㄌㄞˊ ㄉㄜ˙ ㄗㄨㄥˇ ㄏㄨㄟˋ ㄌㄞˊ
語意區分量表,1,ㄩˇ ㄧˋ ㄑㄩ ㄈㄣ ㄌㄧㄤˊ ㄅㄧㄠˇ
語意差別量表,1,ㄩˇ ㄧˋ ㄔㄚ ㄅㄧㄝˊ ㄌㄧㄤˊ ㄅㄧㄠˇ
語言翻譯程式,1,ㄩˇ ㄧㄢˊ ㄈㄢ ㄧˋ ㄔㄥˊ ㄕˋ
語音輸入系統,1,ㄩˇ ㄧㄣ ㄕㄨ ㄖㄨˋ ㄒㄧˋ ㄊㄨㄥˇ
說什麼也不能,1,ㄕㄨㄛ ㄕㄣˊ ㄇㄜ˙ ㄧㄝˇ ㄅㄨˋ ㄋㄥˊ
說大話使小錢,1,ㄕㄨㄛ ㄉㄚˋ ㄏㄨㄚˋ ㄕˇ ㄒㄧㄠˇ ㄑㄧㄢˊ
說文解字詁林,1,ㄕㄨㄛ ㄨㄣˊ ㄐㄧㄝˇ ㄗˋ ㄍㄨˇ ㄌㄧㄣˊ
說文通訓定聲,1,ㄕㄨㄛ ㄨㄣˊ ㄊㄨㄥ ㄒㄩㄣˋ ㄉㄧㄥˋ ㄕㄥ
誰家灶內無煙,1,ㄕㄟˊ ㄐㄧㄚ ㄗㄠˋ ㄋㄟˋ ㄨˊ ㄧㄢ
請將不如激將,1,ㄑㄧㄥˇ ㄐㄧㄤˋ ㄅㄨˋ ㄖㄨˊ ㄐㄧ ㄐㄧㄤˋ
諫太宗十思疏,1,ㄐㄧㄢˋ ㄊㄞˋ ㄗㄨㄥ ㄕˊ ㄙ ㄕㄨˋ
諸葛亮借東風,1,ㄓㄨ ㄍㄜˊ ㄌㄧㄤˋ ㄐㄧㄝˋ ㄉㄨㄥ ㄈㄥ
諾斯洛普飛機,1,ㄋㄨㄛˋ ㄙ ㄌㄨㄛˋ ㄆㄨˇ ㄈㄟ ㄐㄧ
謠言止於智者,1,ㄧㄠˊ ㄧㄢ˙ ㄓˇ ㄩˊ ㄓˋ ㄓㄜˇ
證據裁判主義,1,ㄓㄥˋ ㄐㄩˋ ㄘㄞˊ ㄆㄢˋ ㄓㄨˇ ㄧˋ
豎子不足與謀,1,ㄕㄨˋ ㄗˇ ㄅㄨˋ ㄗㄨˊ ㄩˇ ㄇㄡˊ
豬八戒坐飛機,1,ㄓㄨ ㄅㄚ ㄐㄧㄝˋ ㄗㄨㄛˋ ㄈㄟ ㄐㄧ
豬八戒照鏡子,1,ㄓㄨ ㄅㄚ ㄐㄧㄝˋ ㄓㄠˋ ㄐㄧㄥˋ ㄗ˙
貝伽特症候群,1,ㄅㄟˋ ㄑㄧㄝˊ ㄊㄜˋ ㄓㄥˋ ㄏㄡˋ ㄑㄩㄣˊ
貧無立錐之地,1,ㄆㄧㄣˊ ㄨˊ ㄌㄧˋ ㄓㄨㄟ ㄓ ㄉㄧˋ
買馬也索糴料,1,ㄇㄞˇ ㄇㄚˇ ㄧㄝˇ ㄙㄨㄛˇ ㄉㄧˊ ㄌㄧㄠˋ
資料交換中心,1,ㄗ ㄌㄧㄠˋ ㄐㄧㄠ ㄏㄨㄢˋ ㄓㄨㄥ ㄒㄧㄣ
資訊高速公路,1,ㄗ ㄒㄩㄣˋ ㄍㄠ ㄙㄨˋ ㄍㄨㄥ ㄌㄨˋ
資賦優異學生,1,ㄗ ㄈㄨˋ ㄧㄡ ㄧˋ ㄒㄩㄝˊ ㄕㄥ
賒三不敵見二,1,ㄕㄜ ㄙㄢ ㄅㄨˋ ㄉㄧˊ ㄐㄧㄢˋ ㄦˋ
賓夕法尼亞州,1,ㄅㄧㄣ ㄒㄧˋ ㄈㄚˇ ㄋㄧˊ ㄧㄚˋ ㄓㄡ
賣瓜的說瓜甜,1,ㄇㄞˋ ㄍㄨㄚ ㄉㄜ˙ ㄕㄨㄛ ㄍㄨㄚ ㄊㄧㄢˊ
質能不滅定律,1,ㄓˊ ㄋㄥˊ ㄅㄨˋ ㄇㄧㄝˋ ㄉㄧㄥˋ ㄌㄩˋ
赤道雨林氣候,1,ㄔˋ ㄉㄠˋ ㄩˇ ㄌㄧㄣˊ ㄑㄧˋ ㄏㄡˋ
走一步算一步,1,ㄗㄡˇ ㄧ ㄅㄨˋ ㄙㄨㄢˋ ㄧ ㄅㄨˋ
走千門踏萬戶,1,ㄗㄡˇ ㄑㄧㄢ ㄇㄣˊ ㄊㄚˋ ㄨㄢˋ ㄏㄨˋ
超高溫滅菌法,1,ㄔㄠ ㄍㄠ ㄨㄣ ㄇㄧㄝˋ ㄐㄩㄣˋ ㄈㄚˇ
越雞難伏鵠卵,1,ㄩㄝˋ ㄐㄧ ㄋㄢˊ ㄈㄨˊ ㄏㄨˊ ㄌㄨㄢˇ
趕人不要趕上,1,ㄍㄢˇ ㄖㄣˊ ㄅㄨˋ ㄧㄠˋ ㄍㄢˇ ㄕㄤˋ
趕著鴨子上架,1,ㄍㄢˇ ㄓㄜ˙ ㄧㄚ ㄗ˙ ㄕㄤˋ ㄐㄧㄚˋ
跌了彈的斑鳩,1,ㄉㄧㄝˊ ㄌㄜ˙ ㄉㄢˋ ㄉㄜ˙ ㄅㄢ ㄐㄧㄡ
路易西安那州,1,ㄌㄨˋ ㄧˋ ㄒㄧ ㄢ ㄋㄚˋ ㄓㄡ
踏著尾羓頭動,1,ㄊㄚˋ ㄓㄜ˙ ㄨㄟˇ ㄅㄚ˙ ㄊㄡˊ ㄉㄨㄥˋ
車諾比耳事件,1,ㄔㄜ ㄋㄨㄛˋ ㄅㄧˇ ㄦˇ ㄕˋ ㄐㄧㄢˋ
軟體工業園區,1,ㄖㄨㄢˇ ㄊㄧˇ ㄍㄨㄥ ㄧㄝˋ ㄩㄢˊ ㄑㄩ
輕水式反應器,1,ㄑㄧㄥ ㄕㄨㄟˇ ㄕˋ ㄈㄢˇ ㄧㄥˋ ㄑㄧˋ
輻射散熱作用,1,ㄈㄨˊ ㄕㄜˋ ㄙㄢˋ ㄖㄜˋ ㄗㄨㄛˋ ㄩㄥˋ
辛巴威共和國,1,ㄒㄧㄣ ㄅㄚ ㄨㄟ ㄍㄨㄥˋ ㄏㄜˊ ㄍㄨㄛˊ
辦公室自動化,1,ㄅㄢˋ ㄍㄨㄥ ㄕˋ ㄗˋ ㄉㄨㄥˋ ㄏㄨㄚˋ
農業生產技術,1,ㄋㄨㄥˊ ㄧㄝˋ ㄕㄥ ㄔㄢˇ ㄐㄧˋ ㄕㄨˋ
迷你型計算機,1,ㄇㄧˊ ㄋㄧˇ ㄒㄧㄥˊ ㄐㄧˋ ㄙㄨㄢˋ ㄐㄧ
送佛送到西天,1,ㄙㄨㄥˋ ㄈㄛˊ ㄙㄨㄥˋ ㄉㄠˋ ㄒㄧ ㄊㄧㄢ
逃不出手掌心,1,ㄊㄠˊ ㄅㄨˋ ㄔㄨ ㄕㄡˇ ㄓㄤˇ ㄒㄧㄣ
通俗常言疏證,1,ㄊㄨㄥ ㄙㄨˊ ㄔㄤˊ ㄧㄢˊ ㄕㄨ ㄓㄥˋ
通用汽車公司,1,ㄊㄨㄥ ㄩㄥˋ ㄑㄧˋ ㄔㄜ ㄍㄨㄥ ㄙ
通用產品編碼,1,ㄊㄨㄥ ㄩㄥˋ ㄔㄢˇ ㄆㄧㄣˇ ㄅㄧㄢ ㄇㄚˇ
通用電器公司,1,ㄊㄨㄥ ㄩㄥˋ ㄉㄧㄢˋ ㄑㄧˋ ㄍㄨㄥ ㄙ
過一日是一日,1,ㄍㄨㄛˋ ㄧ ㄖˋ ㄕˋ ㄧ ㄖˋ
過屠門而大嚼,1,ㄍㄨㄛˋ ㄊㄨˊ ㄇㄣˊ ㄦˊ ㄉㄚˋ ㄐㄩㄝˊ
道瓊工業指數,1,ㄉㄠˋ ㄑㄩㄥˊ ㄍㄨㄥ ㄧㄝˋ ㄓˇ ㄕㄨˋ
達達尼爾海峽,1,ㄉㄚˊ ㄉㄚˊ ㄋㄧˊ ㄦˇ ㄏㄞˇ ㄒㄧㄚˊ
遠水不救近火,1,ㄩㄢˇ ㄕㄨㄟˇ ㄅㄨˋ ㄐㄧㄡˋ ㄐㄧㄣˋ ㄏㄨㄛˇ
遠水不解近渴,1,ㄩㄢˇ ㄕㄨㄟˇ ㄅㄨˋ ㄐㄧㄝˇ ㄐㄧㄣˋ ㄎㄜˇ
遠水難救近火,1,ㄩㄢˇ ㄕㄨㄟˇ ㄋㄢˊ ㄐㄧㄡˋ ㄐㄧㄣˋ ㄏㄨㄛˇ
遠端監控系統,1,ㄩㄢˇ ㄉㄨㄢ ㄐㄧㄢ ㄎㄨㄥˋ ㄒㄧˋ ㄊㄨㄥˇ
那根蔥那根蒜,1,ㄋㄚˇ ㄍㄣ ㄘㄨㄥ ㄋㄚˇ ㄍㄣ ㄙㄨㄢˋ
郎不郎秀不秀,1,ㄌㄤˊ ㄅㄨˋ ㄌㄤˊ ㄒㄧㄡˋ ㄅㄨˋ ㄒㄧㄡˋ
配線系統接地,1,ㄆㄟˋ ㄒㄧㄢˋ ㄒㄧˋ ㄊㄨㄥˇ ㄐㄧㄝ ㄉㄧˋ
酸黃虀爛豆腐,1,ㄙㄨㄢ ㄏㄨㄤˊ ㄐㄧ ㄌㄢˋ ㄉㄡˋ ㄈㄨ˙
醫務社會工作,1,ㄧ ㄨˋ ㄕㄜˋ ㄏㄨㄟˋ ㄍㄨㄥ ㄗㄨㄛˋ
重水式反應器,1,ㄓㄨㄥˋ ㄕㄨㄟˇ ㄕˋ ㄈㄢˇ ㄧㄥˋ ㄑㄧˋ
金紫光祿大夫,1,ㄐㄧㄣ ㄗˇ ㄍㄨㄤ ㄌㄨˋ ㄉㄚˋ ㄈㄨ
金賽性學報告,1,ㄐㄧㄣ ㄙㄞˋ ㄒㄧㄥˋ ㄒㄩㄝˊ ㄅㄠˋ ㄍㄠˋ
銀行體系資金,1,ㄧㄣˊ ㄏㄤˊ ㄊㄧˇ ㄒㄧˋ ㄗ ㄐㄧㄣ
鋸了嘴的葫蘆,1,ㄐㄩˋ ㄌㄜ˙ ㄗㄨㄟˇ ㄉㄜ˙ ㄏㄨˊ ㄌㄨˊ
錢用在刀口上,1,ㄑㄧㄢˊ ㄩㄥˋ ㄗㄞˋ ㄉㄠ ㄎㄡˇ ㄕㄤˋ
鍋是鐵鑄成的,1,ㄍㄨㄛ ㄕˋ ㄊㄧㄝˇ ㄓㄨˋ ㄔㄥˊ ㄉㄜ˙
長安居大不易,1,ㄔㄤˊ ㄢ ㄐㄩ ㄉㄚˋ ㄅㄨˋ ㄧˋ
長痛不如短痛,1,ㄔㄤˊ ㄊㄨㄥˋ ㄅㄨˋ ㄖㄨˊ ㄉㄨㄢˇ ㄊㄨㄥˋ
開元天寶遺事,1,ㄎㄞ ㄩㄢˊ ㄊㄧㄢ ㄅㄠˇ ㄧˊ ㄕˋ
開放宇宙學說,1,ㄎㄞ ㄈㄤˋ ㄩˇ ㄓㄡˋ ㄒㄩㄝˊ ㄕㄨㄛ
開放式的問話,1,ㄎㄞ ㄈㄤˋ ㄕˋ ㄉㄜ˙ ㄨㄣˋ ㄏㄨㄚˋ
開放性結核病,1,ㄎㄞ ㄈㄤˋ ㄒㄧㄥˋ ㄐㄧㄝˊ ㄏㄜˊ ㄅㄧㄥˋ
閱微草堂筆記,1,ㄩㄝˋ ㄨㄟˊ ㄘㄠˇ ㄊㄤˊ ㄅㄧˇ ㄐㄧˋ
關著門過日子,1,ㄍㄨㄢ ㄓㄜ˙ ㄇㄣˊ ㄍㄨㄛˋ ㄖˋ ㄗ˙
阿基米得原理,1,ㄚ ㄐㄧ ㄇㄧˇ ㄉㄜˊ ㄩㄢˊ ㄌㄧˇ
阿帕拉契山脈,1,ㄚ ㄆㄚˋ ㄌㄚ ㄑㄧˋ ㄕㄢ ㄇㄞˋ
阿拉伯勞倫斯,1,ㄚ ㄌㄚ ㄅㄛˊ ㄌㄠˊ ㄌㄨㄣˊ ㄙ
阿拉斯加洋流,1,ㄚ ㄌㄚ ㄙ ㄐㄧㄚ ㄧㄤˊ ㄌㄧㄡˊ
阿根廷共和國,1,ㄚ ㄍㄣ ㄊㄧㄥˊ ㄍㄨㄥˋ ㄏㄜˊ ㄍㄨㄛˊ
阿波羅太空船,1,ㄚ ㄅㄛ ㄌㄨㄛˊ ㄊㄞˋ ㄎㄨㄥ ㄔㄨㄢˊ
陰了信的炮𤍤,1,ㄧㄣ ㄌㄜ˙ ㄒㄧㄣˋ ㄉㄜ˙ ㄆㄠˋ ㄓㄤˋ
陰德必有陽報,1,ㄧㄣ ㄉㄜˊ ㄅㄧˋ ㄧㄡˇ ㄧㄤˊ ㄅㄠˋ
陰道抹片檢查,1,ㄧㄣ ㄉㄠˋ ㄇㄛˇ ㄆㄧㄢˋ ㄐㄧㄢˇ ㄔㄚˊ
陳穀子爛芝麻,1,ㄔㄣˊ ㄍㄨˇ ㄗ˙ ㄌㄢˋ ㄓ ㄇㄚ˙
陸源性沉積物,1,ㄌㄨˋ ㄩㄢˊ ㄒㄧㄥˋ ㄔㄣˊ ㄐㄧ ㄨˋ
陽光洗車中心,1,ㄧㄤˊ ㄍㄨㄤ ㄒㄧˇ ㄔㄜ ㄓㄨㄥ ㄒㄧㄣ
集中資料處理,1,ㄐㄧˊ ㄓㄨㄥ ㄗ ㄌㄧㄠˋ ㄔㄨˇ ㄌㄧˇ
雙拳不敵四手,1,ㄕㄨㄤ ㄑㄩㄢˊ ㄅㄨˋ ㄉㄧˊ ㄙˋ ㄕㄡˇ
雞蛋裡挑骨頭,1,ㄐㄧ ㄉㄢˋ ㄌㄧ˙ ㄊㄧㄠ ㄍㄨˊ ㄊㄡ˙
雪霸國家公園,1,ㄒㄩㄝˇ ㄅㄚˋ ㄍㄨㄛˊ ㄐㄧㄚ ㄍㄨㄥ ㄩㄢˊ
雲端裡看廝殺,1,ㄩㄣˊ ㄉㄨㄢ ㄌㄧ˙ ㄎㄢˋ ㄙ ㄕㄚ
電子恆溫空調,1,ㄉㄧㄢˋ ㄗˇ ㄏㄥˊ ㄨㄣ ㄎㄨㄥ ㄊㄧㄠˊ
電子郵件信箱,1,ㄉㄧㄢˋ ㄗˇ ㄧㄡˊ ㄐㄧㄢˋ ㄒㄧㄣˋ ㄒㄧㄤ
電子郵件地址,1,ㄉㄧㄢˋ ㄗˇ ㄧㄡˊ ㄐㄧㄢˋ ㄉㄧˋ ㄓˇ
電子郵件系統,1,ㄉㄧㄢˋ ㄗˇ ㄧㄡˊ ㄐㄧㄢˋ ㄒㄧˋ ㄊㄨㄥˇ
電子顯微攝影,1,ㄉㄧㄢˋ ㄗˇ ㄒㄧㄢˇ ㄨㄟˊ ㄕㄜˋ ㄧㄥˇ
電晶體收音機,1,ㄉㄧㄢˋ ㄐㄧㄥ ㄊㄧˇ ㄕㄡ ㄧㄣ ㄐㄧ
電腦互動藝術,1,ㄉㄧㄢˋ ㄋㄠˇ ㄏㄨˋ ㄉㄨㄥˋ ㄧˋ ㄕㄨˋ
電腦人工智慧,1,ㄉㄧㄢˋ ㄋㄠˇ ㄖㄣˊ ㄍㄨㄥ ㄓˋ ㄏㄨㄟˋ
電腦周邊設備,1,ㄉㄧㄢˋ ㄋㄠˇ ㄓㄡ ㄅㄧㄢ ㄕㄜˋ ㄅㄟˋ
電腦字形辨識,1,ㄉㄧㄢˋ ㄋㄠˇ ㄗˋ ㄒㄧㄥˊ ㄅㄧㄢˋ ㄕˋ
電腦導航磁碟,1,ㄉㄧㄢˋ ㄋㄠˇ ㄉㄠˇ ㄏㄤˊ ㄘˊ ㄉㄧㄝˊ
電腦操作人員,1,ㄉㄧㄢˋ ㄋㄠˇ ㄘㄠ ㄗㄨㄛˋ ㄖㄣˊ ㄩㄢˊ
電腦斷層掃描,1,ㄉㄧㄢˋ ㄋㄠˇ ㄉㄨㄢˋ ㄘㄥˊ ㄙㄠˇ ㄇㄧㄠˊ
電腦網路通訊,1,ㄉㄧㄢˋ ㄋㄠˇ ㄨㄤˇ ㄌㄨˋ ㄊㄨㄥ ㄒㄩㄣˋ
電腦繪圖技術,1,ㄉㄧㄢˋ ㄋㄠˇ ㄏㄨㄟˋ ㄊㄨˊ ㄐㄧˋ ㄕㄨˋ
電腦語音處理,1,ㄉㄧㄢˋ ㄋㄠˇ ㄩˇ ㄧㄣ ㄔㄨˇ ㄌㄧˇ
電腦語音辨識,1,ㄉㄧㄢˋ ㄋㄠˇ ㄩˇ ㄧㄣ ㄅㄧㄢˋ ㄕˋ
電腦輔助教學,1,ㄉㄧㄢˋ ㄋㄠˇ ㄈㄨˇ ㄓㄨˋ ㄐㄧㄠˋ ㄒㄩㄝˊ
電腦輔助設計,1,ㄉㄧㄢˋ ㄋㄠˇ ㄈㄨˇ ㄓㄨˋ ㄕㄜˋ ㄐㄧˋ
電腦閘道系統,1,ㄉㄧㄢˋ ㄋㄠˇ ㄓㄚˊ ㄉㄠˋ ㄒㄧˋ ㄊㄨㄥˇ
電視通訊衛星,1,ㄉㄧㄢˋ ㄕˋ ㄊㄨㄥ ㄒㄩㄣˋ ㄨㄟˋ ㄒㄧㄥ
電話交友中心,1,ㄉㄧㄢˋ ㄏㄨㄚˋ ㄐㄧㄠ ㄧㄡˇ ㄓㄨㄥ ㄒㄧㄣ
震波碎腎石器,1,ㄓㄣˋ ㄅㄛ ㄙㄨㄟˋ ㄕㄣˋ ㄕˊ ㄑㄧˋ
非洲團結組織,1,ㄈㄟ ㄓㄡ ㄊㄨㄢˊ ㄐㄧㄝˊ ㄗㄨˇ ㄓ
面子上的差使,1,ㄇㄧㄢˋ ㄗ˙ ㄕㄤˋ ㄉㄜ˙ ㄔㄞ ㄕ˙
革命實踐運動,1,ㄍㄜˊ ㄇㄧㄥˋ ㄕˊ ㄐㄧㄢˋ ㄩㄣˋ ㄉㄨㄥˋ
響林史前文化,1,ㄒㄧㄤˇ ㄌㄧㄣˊ ㄕˇ ㄑㄧㄢˊ ㄨㄣˊ ㄏㄨㄚˋ
領先反應法則,1,ㄌㄧㄥˇ ㄒㄧㄢ ㄈㄢˇ ㄧㄥˋ ㄈㄚˇ ㄗㄜˊ
頭巾弔在水裡,1,ㄊㄡˊ ㄐㄧㄣ ㄉㄧㄠˋ ㄗㄞˋ ㄕㄨㄟˇ ㄌㄧ˙
類風溼關節炎,1,ㄌㄟˋ ㄈㄥ ㄕ ㄍㄨㄢ ㄐㄧㄝˊ ㄧㄢˊ
風溼性心臟病,1,ㄈㄥ ㄕ ㄒㄧㄥˋ ㄒㄧㄣ ㄗㄤˋ ㄅㄧㄥˋ
風雨名山之業,1,ㄈㄥ ㄩˇ ㄇㄧㄥˊ ㄕㄢ ㄓ ㄧㄝˋ
風馬牛不相干,1,ㄈㄥ ㄇㄚˇ ㄋㄧㄡˊ ㄅㄨˋ ㄒㄧㄤ ㄍㄢ
飲馬長城窟行,1,ㄧㄣˋ ㄇㄚˇ ㄔㄤˊ ㄔㄥˊ ㄎㄨ ㄒㄧㄥˊ
養老鼠咬布袋,1,ㄧㄤˇ ㄌㄠˇ ㄕㄨˇ ㄧㄠˇ ㄅㄨˋ ㄉㄞˋ
馬其維利主義,1,ㄇㄚˇ ㄑㄧˊ ㄨㄟˊ ㄌㄧˋ ㄓㄨˇ ㄧˋ
馬可波羅遊記,1,ㄇㄚˇ ㄎㄜˇ ㄅㄛ ㄌㄨㄛˊ ㄧㄡˊ ㄐㄧˋ
馬尾中鬃豆腐,1,ㄇㄚˇ ㄨㄟˇ ㄓㄨㄥ ㄗㄨㄥ ㄉㄡˋ ㄈㄨ˙
馬拉威共和國,1,ㄇㄚˇ ㄌㄚ ㄨㄟ ㄍㄨㄥˋ ㄏㄜˊ ㄍㄨㄛˊ
馬斯垂克條約,1,ㄇㄚˇ ㄙ ㄔㄨㄟˊ ㄎㄜˋ ㄊㄧㄠˊ ㄩㄝ
馬爾他共和國,1,ㄇㄚˇ ㄦˇ ㄊㄚ ㄍㄨㄥˋ ㄏㄜˊ ㄍㄨㄛˊ
馬里安納海溝,1,ㄇㄚˇ ㄌㄧˇ ㄢ ㄋㄚˋ ㄏㄞˇ ㄍㄡ
騎著老虎過海,1,ㄑㄧˊ ㄓㄜ˙ ㄌㄠˇ ㄏㄨˇ ㄍㄨㄛˋ ㄏㄞˇ
騎馬不帶鞭子,1,ㄑㄧˊ ㄇㄚˇ ㄅㄨˋ ㄉㄞˋ ㄅㄧㄢ ㄗ˙
驢脣不對馬嘴,1,ㄌㄩˊ ㄔㄨㄣˊ ㄅㄨˋ ㄉㄨㄟˋ ㄇㄚˇ ㄗㄨㄟˇ
驢頭不對馬嘴,1,ㄌㄩˊ ㄊㄡˊ ㄅㄨˋ ㄉㄨㄟˋ ㄇㄚˇ ㄗㄨㄟˇ
高佛資訊系統,1,ㄍㄠ ㄈㄛˊ ㄗ ㄒㄩㄣˋ ㄒㄧˋ ㄊㄨㄥˇ
高能實驗物理,1,ㄍㄠ ㄋㄥˊ ㄕˊ ㄧㄢˋ ㄨˋ ㄌㄧˇ
高階程式語言,1,ㄍㄠ ㄐㄧㄝ ㄔㄥˊ ㄕˋ ㄩˇ ㄧㄢˊ
鬥力不如鬥智,1,ㄉㄡˋ ㄌㄧˋ ㄅㄨˋ ㄖㄨˊ ㄉㄡˋ ㄓˋ
鬼比閻王難見,1,ㄍㄨㄟˇ ㄅㄧˇ ㄧㄢˊ ㄨㄤˊ ㄋㄢˊ ㄐㄧㄢˋ
鬼迷了張天師,1,ㄍㄨㄟˇ ㄇㄧˊ ㄌㄜ˙ ㄓㄤ ㄊㄧㄢ ㄕ
魯濱孫漂流記,1,ㄌㄨˇ ㄅㄧㄣ ㄙㄨㄣ ㄆㄧㄠ ㄌㄧㄡˊ ㄐㄧˋ
鴉窩裡出鳳凰,1,ㄧㄚ ㄨㄛ ㄌㄧ˙ ㄔㄨ ㄈㄥˋ ㄏㄨㄤˊ
鵓鴿子旺邊飛,1,ㄅㄛˊ ㄍㄜ ㄗ˙ ㄨㄤˋ ㄅㄧㄢ ㄈㄟ
麻子不叫麻子,1,ㄇㄚˊ ㄗ˙ ㄅㄨˋ ㄐㄧㄠˋ ㄇㄚˊ ㄗ˙
麻省理工學院,1,ㄇㄚˊ ㄕㄥˇ ㄌㄧˇ ㄍㄨㄥ ㄒㄩㄝˊ ㄩㄢˋ
黃州寒食詩卷,1,ㄏㄨㄤˊ ㄓㄡ ㄏㄢˊ ㄕˊ ㄕ ㄐㄩㄢˋ
黃石國家公園,1,ㄏㄨㄤˊ ㄕˊ ㄍㄨㄛˊ ㄐㄧㄚ ㄍㄨㄥ ㄩㄢˊ
黃連樹下彈琴,1,ㄏㄨㄤˊ ㄌㄧㄢˊ ㄕㄨˋ ㄒㄧㄚˋ ㄊㄢˊ ㄑㄧㄣˊ
黎巴嫩共和國,1,ㄌㄧˊ ㄅㄚ ㄋㄣˋ ㄍㄨㄥˋ ㄏㄜˊ ㄍㄨㄛˊ
點滴靜脈注射,1,ㄉㄧㄢˇ ㄉㄧ ㄐㄧㄥˋ ㄇㄞˋ ㄓㄨˋ ㄕㄜˋ
鼻子上掛鯗魚,1,ㄅㄧˊ ㄗ˙ ㄕㄤˋ ㄍㄨㄚˋ ㄒㄧㄤˇ ㄩˊ
龍無雲而不行,1,ㄌㄨㄥˊ ㄨˊ ㄩㄣˊ ㄦˊ ㄅㄨˋ ㄒㄧㄥˊ
龍華科技大學,1,ㄌㄨㄥˊ ㄏㄨㄚˊ ㄎㄜ ㄐㄧˋ ㄉㄚˋ ㄒㄩㄝˊ
龜甲獸骨文字,1,ㄍㄨㄟ ㄐㄧㄚˇ ㄕㄡˋ ㄍㄨˇ ㄨㄣˊ ㄗˋ
一九九五閏八月,1,ㄧ ㄐㄧㄡˇ ㄐㄧㄡˇ ㄨˇ ㄖㄨㄣˋ ㄅㄚ ㄩㄝˋ
一人不敵眾人智,1,ㄧ ㄖㄣˊ ㄅㄨˋ ㄉㄧˊ ㄓㄨㄥˋ ㄖㄣˊ ㄓˋ
一人做事一人當,1,ㄧ ㄖㄣˊ ㄗㄨㄛˋ ㄕˋ ㄧ ㄖㄣˊ ㄉㄤ
一個鍋裡吃飯的,1,ㄧ ㄍㄜ˙ ㄍㄨㄛ ㄌㄧˇ ㄔ ㄈㄢˋ ㄉㄜ˙
一口吸盡西江水,1,ㄧ ㄎㄡˇ ㄒㄧ ㄐㄧㄣˋ ㄒㄧ ㄐㄧㄤ ㄕㄨㄟˇ
一塊石頭拋上天,1,ㄧ ㄎㄨㄞˋ ㄕˊ ㄊㄡ˙ ㄆㄠ ㄕㄤˋ ㄊㄧㄢ
一塊石頭掉井裡,1,ㄧ ㄎㄨㄞˋ ㄕˊ ㄊㄡ˙ ㄉㄧㄠˋ ㄐㄧㄥˇ ㄌㄧˇ
一塊石頭落了地,1,ㄧ ㄎㄨㄞˋ ㄕˊ ㄊㄡ˙ ㄌㄨㄛˋ ㄌㄜ˙ ㄉㄧˋ
一夜夫妻百夜恩,1,ㄧ ㄧㄝˋ ㄈㄨ ㄑㄧ ㄅㄞˇ ㄧㄝˋ ㄣ
一夜夫妻百日恩,1,ㄧ ㄧㄝˋ ㄈㄨ ㄑㄧ ㄅㄞˇ ㄖˋ ㄣ
一女不喫兩家茶,1,ㄧ ㄋㄩˇ ㄅㄨˋ ㄔ ㄌㄧㄤˇ ㄐㄧㄚ ㄔㄚˊ
一層窗戶紙捅破,1,ㄧ ㄘㄥˊ ㄔㄨㄤ ㄏㄨˋ ㄓˇ ㄊㄨㄥˇ ㄆㄛˋ
一年之計在於春,1,ㄧ ㄋㄧㄢˊ ㄓ ㄐㄧˋ ㄗㄞˋ ㄩˊ ㄔㄨㄣ
一旦無常萬事休,1,ㄧ ㄉㄢˋ ㄨˊ ㄔㄤˊ ㄨㄢˋ ㄕˋ ㄒㄧㄡ
一條跳板上走路,1,ㄧ ㄊㄧㄠˊ ㄊㄧㄠˋ ㄅㄢˇ ㄕㄤˋ ㄗㄡˇ ㄌㄨˋ
一樣米養百樣人,1,ㄧ ㄧㄤˋ ㄇㄧˇ ㄧㄤˇ ㄅㄞˇ ㄧㄤˋ ㄖㄣˊ
一碗水往平處端,1,ㄧ ㄨㄢˇ ㄕㄨㄟˇ ㄨㄤˇ ㄆㄧㄥˊ ㄔㄨˋ ㄉㄨㄢ
一緊二慢三罷休,1,ㄧ ㄐㄧㄣˇ ㄦˋ ㄇㄢˋ ㄙㄢ ㄅㄚˋ ㄒㄧㄡ
一身作事一身當,1,ㄧ ㄕㄣ ㄗㄨㄛˋ ㄕˋ ㄧ ㄕㄣ ㄉㄤ
一遍生活兩遍做,1,ㄧ ㄅㄧㄢˋ ㄕㄥ ㄏㄨㄛˊ ㄌㄧㄤˇ ㄅㄧㄢˋ ㄗㄨㄛˋ
一錢不落虛空地,1,ㄧ ㄑㄧㄢˊ ㄅㄨˋ ㄌㄨㄛˋ ㄒㄩ ㄎㄨㄥ ㄉㄧˋ
丈夫有淚不輕彈,1,ㄓㄤˋ ㄈㄨ ㄧㄡˇ ㄌㄟˋ ㄅㄨˋ ㄑㄧㄥ ㄊㄢˊ
三人行必有我師,1,ㄙㄢ ㄖㄣˊ ㄒㄧㄥˊ ㄅㄧˋ ㄧㄡˇ ㄨㄛˇ ㄕ
三天三夜說不完,1,ㄙㄢ ㄊㄧㄢ ㄙㄢ ㄧㄝˋ ㄕㄨㄛ ㄅㄨˋ ㄨㄢˊ
三更燈火五更雞,1,ㄙㄢ ㄍㄥ ㄉㄥ ㄏㄨㄛˇ ㄨˇ ㄍㄥ ㄐㄧ
三腳蝦蟆沒處尋,1,ㄙㄢ ㄐㄧㄠˇ ㄏㄚˊ ㄇㄚ˙ ㄇㄟˊ ㄔㄨˋ ㄒㄩㄣˊ
三過其門而不入,1,ㄙㄢ ㄍㄨㄛˋ ㄑㄧˊ ㄇㄣˊ ㄦˊ ㄅㄨˋ ㄖㄨˋ
上天有好生之德,1,ㄕㄤˋ ㄊㄧㄢ ㄧㄡˇ ㄏㄠˋ ㄕㄥ ㄓ ㄉㄜˊ
上梁不正下梁歪,1,ㄕㄤˋ ㄌㄧㄤˊ ㄅㄨˋ ㄓㄥˋ ㄒㄧㄚˋ ㄌㄧㄤˊ ㄨㄞ
上窮碧落下黃泉,1,ㄕㄤˋ ㄑㄩㄥˊ ㄅㄧˋ ㄌㄨㄛˋ ㄒㄧㄚˋ ㄏㄨㄤˊ ㄑㄩㄢˊ
上門的買賣好做,1,ㄕㄤˋ ㄇㄣˊ ㄉㄜ˙ ㄇㄞˇ ㄇㄞ˙ ㄏㄠˇ ㄗㄨㄛˋ
不以成敗論英雄,1,ㄅㄨˋ ㄧˇ ㄔㄥˊ ㄅㄞˋ ㄌㄨㄣˋ ㄧㄥ ㄒㄩㄥˊ
不到烏江不盡頭,1,ㄅㄨˋ ㄉㄠˋ ㄨ ㄐㄧㄤ ㄅㄨˋ ㄐㄧㄣˋ ㄊㄡˊ
不到烏江不肯休,1,ㄅㄨˋ ㄉㄠˋ ㄨ ㄐㄧㄤ ㄅㄨˋ ㄎㄣˇ ㄒㄧㄡ
不到烏江心不死,1,ㄅㄨˋ ㄉㄠˋ ㄨ ㄐㄧㄤ ㄒㄧㄣ ㄅㄨˋ ㄙˇ
不到黃河心不死,1,ㄅㄨˋ ㄉㄠˋ ㄏㄨㄤˊ ㄏㄜˊ ㄒㄧㄣ ㄅㄨˋ ㄙˇ
不如意事常八九,1,ㄅㄨˋ ㄖㄨˊ ㄧˋ ㄕˋ ㄔㄤˊ ㄅㄚ ㄐㄧㄡˇ
不帶頭巾男子漢,1,ㄅㄨˋ ㄉㄞˋ ㄊㄡˊ ㄐㄧㄣ ㄋㄢˊ ㄗˇ ㄏㄢˋ
不干己事不張口,1,ㄅㄨˋ ㄍㄢ ㄐㄧˇ ㄕˋ ㄅㄨˋ ㄓㄤ ㄎㄡˇ
不患寡而患不均,1,ㄅㄨˋ ㄏㄨㄢˋ ㄍㄨㄚˇ ㄦˊ ㄏㄨㄢˋ ㄅㄨˋ ㄐㄩㄣ
不患貧而患不安,1,ㄅㄨˋ ㄏㄨㄢˋ ㄆㄧㄣˊ ㄦˊ ㄏㄨㄢˋ ㄅㄨˋ ㄢ
不戴頭巾男子漢,1,ㄅㄨˋ ㄉㄞˋ ㄊㄡˊ ㄐㄧㄣ ㄋㄢˊ ㄗˇ ㄏㄢˋ
不把人看在眼裡,1,ㄅㄨˋ ㄅㄚˇ ㄖㄣˊ ㄎㄢˋ ㄗㄞˋ ㄧㄢˇ ㄌㄧˇ
不把將軍為神道,1,ㄅㄨˋ ㄅㄚˇ ㄐㄧㄤ ㄐㄩㄣ ㄨㄟˊ ㄕㄣˊ ㄉㄠˋ
不敢越雷池一步,1,ㄅㄨˋ ㄍㄢˇ ㄩㄝˋ ㄌㄟˊ ㄔˊ ㄧ ㄅㄨˋ
不是冤家不聚會,1,ㄅㄨˋ ㄕˋ ㄩㄢ ㄐㄧㄚ ㄅㄨˋ ㄐㄩˋ ㄏㄨㄟˋ
不是冤家不聚頭,1,ㄅㄨˋ ㄕˋ ㄩㄢ ㄐㄧㄚ ㄅㄨˋ ㄐㄩˋ ㄊㄡˊ
不為五斗米折腰,1,ㄅㄨˋ ㄨㄟˋ ㄨˇ ㄉㄡˇ ㄇㄧˇ ㄓㄜˊ ㄧㄠ
不用本錢的勾當,1,ㄅㄨˋ ㄩㄥˋ ㄅㄣˇ ㄑㄧㄢˊ ㄉㄜ˙ ㄍㄡˋ ㄉㄤ˙
不看僧面看佛面,1,ㄅㄨˋ ㄎㄢˋ ㄙㄥ ㄇㄧㄢˋ ㄎㄢˋ ㄈㄛˊ ㄇㄧㄢˋ
不看金面看佛面,1,ㄅㄨˋ ㄎㄢˋ ㄐㄧㄣ ㄇㄧㄢˋ ㄎㄢˋ ㄈㄛˊ ㄇㄧㄢˋ
不看魚情看水情,1,ㄅㄨˋ ㄎㄢˋ ㄩˊ ㄑㄧㄥˊ ㄎㄢˋ ㄕㄨㄟˇ ㄑㄧㄥˊ
不能越雷池一步,1,ㄅㄨˋ ㄋㄥˊ ㄩㄝˋ ㄌㄟˊ ㄔˊ ㄧ ㄅㄨˋ
不裹頭巾的婆婆,1,ㄅㄨˋ ㄍㄨㄛˇ ㄊㄡˊ ㄐㄧㄣ ㄉㄜ˙ ㄆㄛˊ ㄆㄛ˙
不見棺材不下淚,1,ㄅㄨˋ ㄐㄧㄢˋ ㄍㄨㄢ ㄘㄞˊ ㄅㄨˋ ㄒㄧㄚˋ ㄌㄟˋ
不見棺材不掉淚,1,ㄅㄨˋ ㄐㄧㄢˋ ㄍㄨㄢ ㄘㄞˊ ㄅㄨˋ ㄉㄧㄠˋ ㄌㄟˋ
不見棺材不流淚,1,ㄅㄨˋ ㄐㄧㄢˋ ㄍㄨㄢ ㄘㄞˊ ㄅㄨˋ ㄌㄧㄡˊ ㄌㄟˋ
不識廬山真面目,1,ㄅㄨˋ ㄕˋ ㄌㄨˊ ㄕㄢ ㄓㄣ ㄇㄧㄢˋ ㄇㄨˋ
世界和平紀念日,1,ㄕˋ ㄐㄧㄝˋ ㄏㄜˊ ㄆㄧㄥˊ ㄐㄧˋ ㄋㄧㄢˋ ㄖˋ
中國大百科全書,1,ㄓㄨㄥ ㄍㄨㄛˊ ㄉㄚˋ ㄅㄞˇ ㄎㄜ ㄑㄩㄢˊ ㄕㄨ
中央常務委員會,1,ㄓㄨㄥ ㄧㄤ ㄔㄤˊ ㄨˋ ㄨㄟˇ ㄩㄢˊ ㄏㄨㄟˋ
中央法規標準法,1,ㄓㄨㄥ ㄧㄤ ㄈㄚˇ ㄍㄨㄟ ㄅㄧㄠ ㄓㄨㄣˇ ㄈㄚˇ
中央選舉委員會,1,ㄓㄨㄥ ㄧㄤ ㄒㄩㄢˇ ㄐㄩˇ ㄨㄟˇ ㄩㄢˊ ㄏㄨㄟˋ
中文資訊交換碼,1,ㄓㄨㄥ ㄨㄣˊ ㄗ ㄒㄩㄣˋ ㄐㄧㄠ ㄏㄨㄢˋ ㄇㄚˇ
中華文化復興節,1,ㄓㄨㄥ ㄏㄨㄚˊ ㄨㄣˊ ㄏㄨㄚˋ ㄈㄨˋ ㄒㄧㄥ ㄐㄧㄝˊ
乘長風破萬里浪,1,ㄔㄥˊ ㄔㄤˊ ㄈㄥ ㄆㄛˋ ㄨㄢˋ ㄌㄧˇ ㄌㄤˋ
乾敲梆子不賣油,1,ㄍㄢ ㄑㄧㄠ ㄅㄤ ㄗ˙ ㄅㄨˋ ㄇㄞˋ ㄧㄡˊ
乾魚與貓作枕頭,1,ㄍㄢ ㄩˊ ㄩˇ ㄇㄠ ㄗㄨㄛˋ ㄓㄣˇ ㄊㄡ˙
事無不可對人言,1,ㄕˋ ㄨˊ ㄅㄨˋ ㄎㄜˇ ㄉㄨㄟˋ ㄖㄣˊ ㄧㄢˊ
二進碼化十進數,1,ㄦˋ ㄐㄧㄣˋ ㄇㄚˇ ㄏㄨㄚˋ ㄕˊ ㄐㄧㄣˋ ㄕㄨˋ
互動電視接收機,1,ㄏㄨˋ ㄉㄨㄥˋ ㄉㄧㄢˋ ㄕˋ ㄐㄧㄝ ㄕㄡ ㄐㄧ
五百姻緣天註定,1,ㄨˇ ㄅㄞˇ ㄧㄣ ㄩㄢˊ ㄊㄧㄢ ㄓㄨˋ ㄉㄧㄥˋ
五百年前是一家,1,ㄨˇ ㄅㄞˇ ㄋㄧㄢˊ ㄑㄧㄢˊ ㄕˋ ㄧ ㄐㄧㄚ
亞塞拜然共和國,1,ㄧㄚˋ ㄙㄜˋ ㄅㄞˋ ㄖㄢˊ ㄍㄨㄥˋ ㄏㄜˊ ㄍㄨㄛˊ
亞美尼亞共和國,1,ㄧㄚˋ ㄇㄟˇ ㄋㄧˊ ㄧㄚˋ ㄍㄨㄥˋ ㄏㄜˊ ㄍㄨㄛˊ
交易不成仁義在,1,ㄐㄧㄠ ㄧˋ ㄅㄨˋ ㄔㄥˊ ㄖㄣˊ ㄧˋ ㄗㄞˋ
交通事件裁決所,1,ㄐㄧㄠ ㄊㄨㄥ ㄕˋ ㄐㄧㄢˋ ㄘㄞˊ ㄐㄩㄝˊ ㄙㄨㄛˇ
交通部電信總局,1,ㄐㄧㄠ ㄊㄨㄥ ㄅㄨˋ ㄉㄧㄢˋ ㄒㄧㄣˋ ㄗㄨㄥˇ ㄐㄩˊ
人不得外財不富,1,ㄖㄣˊ ㄅㄨˋ ㄉㄜˊ ㄨㄞˋ ㄘㄞˊ ㄅㄨˋ ㄈㄨˋ
人到中年萬事休,1,ㄖㄣˊ ㄉㄠˋ ㄓㄨㄥ ㄋㄧㄢˊ ㄨㄢˋ ㄕˋ ㄒㄧㄡ
人口自然增加率,1,ㄖㄣˊ ㄎㄡˇ ㄗˋ ㄖㄢˊ ㄗㄥ ㄐㄧㄚ ㄌㄩˋ
人怕出名豬怕肥,1,ㄖㄣˊ ㄆㄚˋ ㄔㄨ ㄇㄧㄥˊ ㄓㄨ ㄆㄚˋ ㄈㄟˊ
人正不怕影子斜,1,ㄖㄣˊ ㄓㄥˋ ㄅㄨˋ ㄆㄚˋ ㄧㄥˇ ㄗ˙ ㄒㄧㄝˊ
人生七十古來稀,1,ㄖㄣˊ ㄕㄥ ㄑㄧ ㄕˊ ㄍㄨˇ ㄌㄞˊ ㄒㄧ
人生何處不相逢,1,ㄖㄣˊ ㄕㄥ ㄏㄜˊ ㄔㄨˋ ㄅㄨˋ ㄒㄧㄤ ㄈㄥˊ
人生自古誰無死,1,ㄖㄣˊ ㄕㄥ ㄗˋ ㄍㄨˇ ㄕㄟˊ ㄨˊ ㄙˇ
人生識字憂患始,1,ㄖㄣˊ ㄕㄥ ㄕˋ ㄗˋ ㄧㄡ ㄏㄨㄢˋ ㄕˇ
人生開口笑難逢,1,ㄖㄣˊ ㄕㄥ ㄎㄞ ㄎㄡˇ ㄒㄧㄠˋ ㄋㄢˊ ㄈㄥˊ
以十人而制千虎,1,ㄧˇ ㄕˊ ㄖㄣˊ ㄦˊ ㄓˋ ㄑㄧㄢ ㄏㄨˇ
伯羅奔尼撒半島,1,ㄅㄛˊ ㄌㄨㄛˊ ㄅㄣ ㄋㄧˊ ㄙㄚ ㄅㄢˋ ㄉㄠˇ
伯羅奔尼撒同盟,1,ㄅㄛˊ ㄌㄨㄛˊ ㄅㄣ ㄋㄧˊ ㄙㄚ ㄊㄨㄥˊ ㄇㄥˊ
伯羅奔尼撒戰爭,1,ㄅㄛˊ ㄌㄨㄛˊ ㄅㄣ ㄋㄧˊ ㄙㄚ ㄓㄢˋ ㄓㄥ
伸手不打笑面人,1,ㄕㄣ ㄕㄡˇ ㄅㄨˋ ㄉㄚˇ ㄒㄧㄠˋ ㄇㄧㄢˋ ㄖㄣˊ
來而不往非禮也,1,ㄌㄞˊ ㄦˊ ㄅㄨˋ ㄨㄤˇ ㄈㄟ ㄌㄧˇ ㄧㄝˇ
侶魚蝦而友麋鹿,1,ㄌㄩˇ ㄩˊ ㄒㄧㄚ ㄦˊ ㄧㄡˇ ㄇㄧˊ ㄌㄨˋ
保加利亞共和國,1,ㄅㄠˇ ㄐㄧㄚ ㄌㄧˋ ㄧㄚˋ ㄍㄨㄥˋ ㄏㄜˊ ㄍㄨㄛˊ
保護消費者運動,1,ㄅㄠˇ ㄏㄨˋ ㄒㄧㄠ ㄈㄟˋ ㄓㄜˇ ㄩㄣˋ ㄉㄨㄥˋ
借酒澆愁愁更愁,1,ㄐㄧㄝˋ ㄐㄧㄡˇ ㄐㄧㄠ ㄔㄡˊ ㄔㄡˊ ㄍㄥˋ ㄔㄡˊ
假期憂鬱症候群,1,ㄐㄧㄚˋ ㄑㄧˊ ㄧㄡ ㄩˋ ㄓㄥˋ ㄏㄡˋ ㄑㄩㄣˊ
停滯性通貨膨脹,1,ㄊㄧㄥˊ ㄓˋ ㄒㄧㄥˋ ㄊㄨㄥ ㄏㄨㄛˋ ㄆㄥˊ ㄓㄤˋ
停車計時收費器,1,ㄊㄧㄥˊ ㄔㄜ ㄐㄧˋ ㄕˊ ㄕㄡ ㄈㄟˋ ㄑㄧˋ
偷著浮生半日閒,1,ㄊㄡ ㄓㄠˊ ㄈㄨˊ ㄕㄥ ㄅㄢˋ ㄖˋ ㄒㄧㄢˊ
先天下之憂而憂,1,ㄒㄧㄢ ㄊㄧㄢ ㄒㄧㄚˋ ㄓ ㄧㄡ ㄦˊ ㄧㄡ
光學字元閱讀機,1,ㄍㄨㄤ ㄒㄩㄝˊ ㄗˋ ㄩㄢˊ ㄩㄝˋ ㄉㄨˊ ㄐㄧ
光棍不吃眼前虧,1,ㄍㄨㄤ ㄍㄨㄣ˙ ㄅㄨˋ ㄔ ㄧㄢˇ ㄑㄧㄢˊ ㄎㄨㄟ
兒童交通博物館,1,ㄦˊ ㄊㄨㄥˊ ㄐㄧㄠ ㄊㄨㄥ ㄅㄛˊ ㄨˋ ㄍㄨㄢˇ
兔兒不喫窠邊草,1,ㄊㄨˋ ㄦ ㄅㄨˋ ㄔ ㄎㄜ ㄅㄧㄢ ㄘㄠˇ
全國不分區代表,1,ㄑㄩㄢˊ ㄍㄨㄛˊ ㄅㄨˋ ㄈㄣ ㄑㄩ ㄉㄞˋ ㄅㄧㄠˇ
全彩乾式印表機,1,ㄑㄩㄢˊ ㄘㄞˇ ㄍㄢ ㄕˋ ㄧㄣˋ ㄅㄧㄠˇ ㄐㄧ
全球資訊服務網,1,ㄑㄩㄢˊ ㄑㄧㄡˊ ㄗ ㄒㄩㄣˋ ㄈㄨˊ ㄨˋ ㄨㄤˇ
兩個肩膀扛張嘴,1,ㄌㄧㄤˇ ㄍㄜ˙ ㄐㄧㄢ ㄅㄤˇ ㄎㄤˊ ㄓㄤ ㄗㄨㄟˇ
兩手拍不到一塊,1,ㄌㄧㄤˇ ㄕㄡˇ ㄆㄞ ㄅㄨˋ ㄉㄠˋ ㄧ ㄎㄨㄞˋ
兩腳踏住平川路,1,ㄌㄧㄤˇ ㄐㄧㄠˇ ㄊㄚˋ ㄓㄨˋ ㄆㄧㄥˊ ㄔㄨㄢ ㄌㄨˋ
八仙桌上擺夜壺,1,ㄅㄚ ㄒㄧㄢ ㄓㄨㄛ ㄕㄤˋ ㄅㄞˇ ㄧㄝˋ ㄏㄨˊ
八位元個人電腦,1,ㄅㄚ ㄨㄟˋ ㄩㄢˊ ㄍㄜˋ ㄖㄣˊ ㄉㄧㄢˋ ㄋㄠˇ
八十歲學吹鼓手,1,ㄅㄚ ㄕˊ ㄙㄨㄟˋ ㄒㄩㄝˊ ㄔㄨㄟ ㄍㄨˇ ㄕㄡˇ
八千里路雲和月,1,ㄅㄚ ㄑㄧㄢ ㄌㄧˇ ㄌㄨˋ ㄩㄣˊ ㄏㄜˊ ㄩㄝˋ
八棒十三的罪過,1,ㄅㄚ ㄅㄤˋ ㄕˊ ㄙㄢ ㄉㄜ˙ ㄗㄨㄟˋ ㄍㄨㄛˋ
公公向孫子磕頭,1,ㄍㄨㄥ ㄍㄨㄥ˙ ㄒㄧㄤˋ ㄙㄨㄣ ㄗ˙ ㄎㄜ ㄊㄡˊ
公共廁所扔磚頭,1,ㄍㄨㄥ ㄍㄨㄥˋ ㄘㄜˋ ㄙㄨㄛˇ ㄖㄥ ㄓㄨㄢ ㄊㄡˊ
公共設施保留地,1,ㄍㄨㄥ ㄍㄨㄥˋ ㄕㄜˋ ㄕ ㄅㄠˇ ㄌㄧㄡˊ ㄉㄧˋ
公法上職務關係,1,ㄍㄨㄥ ㄈㄚˇ ㄕㄤˋ ㄓˊ ㄨˋ ㄍㄨㄢ ㄒㄧ˙
公門之中好修行,1,ㄍㄨㄥ ㄇㄣˊ ㄓ ㄓㄨㄥ ㄏㄠˇ ㄒㄧㄡ ㄒㄧㄥˊ
六四天安門事件,1,ㄌㄧㄡˋ ㄙˋ ㄊㄧㄢ ㄢ ㄇㄣˊ ㄕˋ ㄐㄧㄢˋ
冒天下之大不韙,1,ㄇㄠˋ ㄊㄧㄢ ㄒㄧㄚˋ ㄓ ㄉㄚˋ ㄅㄨˋ ㄨㄟˇ
冠狀動脈硬化症,1,ㄍㄨㄢ ㄓㄨㄤˋ ㄉㄨㄥˋ ㄇㄞˋ ㄧㄥˋ ㄏㄨㄚˋ ㄓㄥˋ
冤家宜解不宜結,1,ㄩㄢ ㄐㄧㄚ ㄧˊ ㄐㄧㄝˇ ㄅㄨˋ ㄧˊ ㄐㄧㄝˊ
冷灰裡爆出火來,1,ㄌㄥˇ ㄏㄨㄟ ㄌㄧˇ ㄅㄠˋ ㄔㄨ ㄏㄨㄛˇ ㄌㄞˊ
列支敦斯登侯國,1,ㄌㄧㄝˋ ㄓ ㄉㄨㄣ ㄙ ㄉㄥ ㄏㄡˊ ㄍㄨㄛˊ
初生之犢不懼虎,1,ㄔㄨ ㄕㄥ ㄓ ㄉㄨˊ ㄅㄨˋ ㄐㄩˋ ㄏㄨˇ
初生之犢不畏虎,1,ㄔㄨ ㄕㄥ ㄓ ㄉㄨˊ ㄅㄨˋ ㄨㄟˋ ㄏㄨˇ
判官還講三分理,1,ㄆㄢˋ ㄍㄨㄢ ㄏㄞˊ ㄐㄧㄤˇ ㄙㄢ ㄈㄣ ㄌㄧˇ
別人的肉偎不熱,1,ㄅㄧㄝˊ ㄖㄣˊ ㄉㄜ˙ ㄖㄡˋ ㄨㄟ ㄅㄨˋ ㄖㄜˋ
剃頭的碰到禿子,1,ㄊㄧˋ ㄊㄡˊ ㄉㄜ˙ ㄆㄥˋ ㄉㄠˋ ㄊㄨ ㄗ˙
剛果人民共和國,1,ㄍㄤ ㄍㄨㄛˇ ㄖㄣˊ ㄇㄧㄣˊ ㄍㄨㄥˋ ㄏㄜˊ ㄍㄨㄛˊ
剛過門的小媳婦,1,ㄍㄤ ㄍㄨㄛˋ ㄇㄣˊ ㄉㄜ˙ ㄒㄧㄠˇ ㄒㄧˊ ㄈㄨ˙
割拉老鼠嫁女兒,1,ㄍㄜ ㄌㄚ ㄌㄠˇ ㄕㄨˇ ㄐㄧㄚˋ ㄋㄩˇ ㄦˊ
劈拉著腿坐崖頭,1,ㄆㄧˇ ㄌㄚ˙ ㄓㄜ˙ ㄊㄨㄟˇ ㄗㄨㄛˋ ㄧㄞˊ ㄊㄡˊ
劉姥姥進大觀園,1,ㄌㄧㄡˊ ㄌㄠˇ ㄌㄠ˙ ㄐㄧㄣˋ ㄉㄚˋ ㄍㄨㄢ ㄩㄢˊ
加勒比海共同體,1,ㄐㄧㄚ ㄌㄜˋ ㄅㄧˇ ㄏㄞˇ ㄍㄨㄥˋ ㄊㄨㄥˊ ㄊㄧˇ
勝負乃兵家常事,1,ㄕㄥˋ ㄈㄨˋ ㄋㄞˇ ㄅㄧㄥ ㄐㄧㄚ ㄔㄤˊ ㄕˋ
勿以善小而不為,1,ㄨˋ ㄧˇ ㄕㄢˋ ㄒㄧㄠˇ ㄦˊ ㄅㄨˋ ㄨㄟˊ
勿以惡小而為之,1,ㄨˋ ㄧˇ ㄜˋ ㄒㄧㄠˇ ㄦˊ ㄨㄟˊ ㄓ
十五個吊桶打水,1,ㄕˊ ㄨˇ ㄍㄜˋ ㄉㄧㄠˋ ㄊㄨㄥˇ ㄉㄚˇ ㄕㄨㄟˇ
十個指頭有長短,1,ㄕˊ ㄍㄜ˙ ㄓˇ ㄊㄡ˙ ㄧㄡˇ ㄔㄤˊ ㄉㄨㄢˇ
十個指頭朝裡彎,1,ㄕˊ ㄍㄜ˙ ㄓˇ ㄊㄡ˙ ㄔㄠˊ ㄌㄧˇ ㄨㄢ
十年一覺揚州夢,1,ㄕˊ ㄋㄧㄢˊ ㄧ ㄐㄩㄝˊ ㄧㄤˊ ㄓㄡ ㄇㄥˋ
十謁朱門九不開,1,ㄕˊ ㄧㄝˋ ㄓㄨ ㄇㄣˊ ㄐㄧㄡˇ ㄅㄨˋ ㄎㄞ
千年田地八百主,1,ㄑㄧㄢ ㄋㄧㄢˊ ㄊㄧㄢˊ ㄉㄧˋ ㄅㄚ ㄅㄞˇ ㄓㄨˇ
千里姻緣一線牽,1,ㄑㄧㄢ ㄌㄧˇ ㄧㄣ ㄩㄢˊ ㄧ ㄒㄧㄢˋ ㄑㄧㄢ
半夜敲門心不驚,1,ㄅㄢˋ ㄧㄝˋ ㄑㄧㄠ ㄇㄣˊ ㄒㄧㄣ ㄅㄨˋ ㄐㄧㄥ
半為憐春半惱春,1,ㄅㄢˋ ㄨㄟˊ ㄌㄧㄢˊ ㄔㄨㄣ ㄅㄢˋ ㄋㄠˇ ㄔㄨㄣ
半路殺出程咬金,1,ㄅㄢˋ ㄌㄨˋ ㄕㄚ ㄔㄨ ㄔㄥˊ ㄧㄠˇ ㄐㄧㄣ
半部論語治天下,1,ㄅㄢˋ ㄅㄨˋ ㄌㄨㄣˊ ㄩˇ ㄓˋ ㄊㄧㄢ ㄒㄧㄚˋ
南枝向火北枝寒,1,ㄋㄢˊ ㄓ ㄒㄧㄤˋ ㄏㄨㄛˇ ㄅㄟˇ ㄓ ㄏㄢˊ
占著茅坑不拉屎,1,ㄓㄢˋ ㄓㄜ˙ ㄇㄠˊ ㄎㄥ ㄅㄨˋ ㄌㄚ ㄕˇ
原子吸收光譜儀,1,ㄩㄢˊ ㄗˇ ㄒㄧ ㄕㄡ ㄍㄨㄤ ㄆㄨˇ ㄧˊ
只重衣衫不重人,1,ㄓˇ ㄓㄨㄥˋ ㄧ ㄕㄢ ㄅㄨˋ ㄓㄨㄥˋ ㄖㄣˊ
叫花子沒有猢猻,1,ㄐㄧㄠˋ ㄏㄨㄚ ㄗ˙ ㄇㄟˊ ㄧㄡˇ ㄏㄨˊ ㄙㄨㄣ
可意會不可言傳,1,ㄎㄜˇ ㄧˋ ㄏㄨㄟˋ ㄅㄨˋ ㄎㄜˇ ㄧㄢˊ ㄔㄨㄢˊ
吃蔥吃蒜不吃薑,1,ㄔ ㄘㄨㄥ ㄔ ㄙㄨㄢˋ ㄅㄨˋ ㄔ ㄐㄧㄤ
吃虧就是占便宜,1,ㄔ ㄎㄨㄟ ㄐㄧㄡˋ ㄕˋ ㄓㄢˋ ㄆㄧㄢˊ ㄧ˙
吉爾吉斯共和國,1,ㄐㄧˊ ㄦˇ ㄐㄧˊ ㄙ ㄍㄨㄥˋ ㄏㄜˊ ㄍㄨㄛˊ
吉里巴斯共和國,1,ㄐㄧˊ ㄌㄧˇ ㄅㄚ ㄙ ㄍㄨㄥˋ ㄏㄜˊ ㄍㄨㄛˊ
吊死鬼的裹腳布,1,ㄉㄧㄠˋ ㄙˇ ㄍㄨㄟˇ ㄉㄜ˙ ㄍㄨㄛˇ ㄐㄧㄠˇ ㄅㄨˋ
同步輻射加速器,1,ㄊㄨㄥˊ ㄅㄨˋ ㄈㄨˊ ㄕㄜˋ ㄐㄧㄚ ㄙㄨˋ ㄑㄧˋ
君子不奪人所好,1,ㄐㄩㄣ ㄗˇ ㄅㄨˋ ㄉㄨㄛˊ ㄖㄣˊ ㄙㄨㄛˇ ㄏㄠˋ
君子言先不言後,1,ㄐㄩㄣ ㄗˇ ㄧㄢˊ ㄒㄧㄢ ㄅㄨˋ ㄧㄢˊ ㄏㄡˋ
含著骨頭露著肉,1,ㄏㄢˊ ㄓㄜ˙ ㄍㄨˊ ㄊㄡ˙ ㄌㄡˋ ㄓㄜ˙ ㄖㄡˋ
告人死罪得死罪,1,ㄍㄠˋ ㄖㄣˊ ㄙˇ ㄗㄨㄟˋ ㄉㄜˊ ㄙˇ ㄗㄨㄟˋ
呼蛇容易遣蛇難,1,ㄏㄨ ㄕㄜˊ ㄖㄨㄥˊ ㄧˋ ㄑㄧㄢˇ ㄕㄜˊ ㄋㄢˊ
和尚無兒孝子多,1,ㄏㄜˊ ㄕㄤˋ ㄨˊ ㄦˊ ㄒㄧㄠˋ ㄗˇ ㄉㄨㄛ
和尚跟著月亮走,1,ㄏㄜˊ ㄕㄤˋ ㄍㄣ ㄓㄜ˙ ㄩㄝˋ ㄌㄧㄤˋ ㄗㄡˇ
咬折丁子的老婆,1,ㄧㄠˇ ㄓㄜˊ ㄉㄧㄥ ㄗ˙ ㄉㄜ˙ ㄌㄠˇ ㄆㄛˊ
哄了一日是兩晌,1,ㄏㄨㄥˇ ㄌㄜ˙ ㄧ ㄖˋ ㄕˋ ㄌㄧㄤˇ ㄕㄤˇ
哈伯太空望遠鏡,1,ㄏㄚ ㄅㄛˊ ㄊㄞˋ ㄎㄨㄥ ㄨㄤˋ ㄩㄢˇ ㄐㄧㄥˋ
哥倫比亞共和國,1,ㄍㄜ ㄌㄨㄣˊ ㄅㄧˇ ㄧㄚˋ ㄍㄨㄥˋ ㄏㄜˊ ㄍㄨㄛˊ
哪裡摔倒哪裡爬,1,ㄋㄚˇ ㄌㄧˇ ㄕㄨㄞ ㄉㄠˇ ㄋㄚˇ ㄌㄧˇ ㄆㄚˊ
唐宋古文八大家,1,ㄊㄤˊ ㄙㄨㄥˋ ㄍㄨˇ ㄨㄣˊ ㄅㄚ ㄉㄚˋ ㄐㄧㄚ
啞婦傾杯反受殃,1,ㄧㄚˇ ㄈㄨˋ ㄑㄧㄥ ㄅㄟ ㄈㄢˇ ㄕㄡˋ ㄧㄤ
善惡到頭終有報,1,ㄕㄢˋ ㄜˋ ㄉㄠˋ ㄊㄡˊ ㄓㄨㄥ ㄧㄡˇ ㄅㄠˋ
單晶片積體電路,1,ㄉㄢ ㄐㄧㄥ ㄆㄧㄢˋ ㄐㄧ ㄊㄧˇ ㄉㄧㄢˋ ㄌㄨˋ
嚴霜偏打枯根草,1,ㄧㄢˊ ㄕㄨㄤ ㄆㄧㄢ ㄉㄚˇ ㄎㄨ ㄍㄣ ㄘㄠˇ
四海之內皆兄弟,1,ㄙˋ ㄏㄞˇ ㄓ ㄋㄟˋ ㄐㄧㄝ ㄒㄩㄥ ㄉㄧˋ
四角號碼檢字法,1,ㄙˋ ㄐㄧㄠˇ ㄏㄠˋ ㄇㄚˇ ㄐㄧㄢˇ ㄗˋ ㄈㄚˇ
國不可一日無君,1,ㄍㄨㄛˊ ㄅㄨˋ ㄎㄜˇ ㄧ ㄖˋ ㄨˊ ㄐㄩㄣ
國家元首豁免權,1,ㄍㄨㄛˊ ㄐㄧㄚ ㄩㄢˊ ㄕㄡˇ ㄏㄨㄛˋ ㄇㄧㄢˇ ㄑㄩㄢˊ
國家未來主人翁,1,ㄍㄨㄛˊ ㄐㄧㄚ ㄨㄟˋ ㄌㄞˊ ㄓㄨˇ ㄖㄣˊ ㄨㄥ
國家統一委員會,1,ㄍㄨㄛˊ ㄐㄧㄚ ㄊㄨㄥˇ ㄧ ㄨㄟˇ ㄩㄢˊ ㄏㄨㄟˋ
國家電影資料館,1,ㄍㄨㄛˊ ㄐㄧㄚ ㄉㄧㄢˋ ㄧㄥˇ ㄗ ㄌㄧㄠˋ ㄍㄨㄢˇ
國父誕辰紀念日,1,ㄍㄨㄛˊ ㄈㄨˋ ㄉㄢˋ ㄔㄣˊ ㄐㄧˋ ㄋㄧㄢˋ ㄖˋ
國父逝世紀念日,1,ㄍㄨㄛˊ ㄈㄨˋ ㄕˋ ㄕˋ ㄐㄧˋ ㄋㄧㄢˋ ㄖˋ
國立中央圖書館,1,ㄍㄨㄛˊ ㄌㄧˋ ㄓㄨㄥ ㄧㄤ ㄊㄨˊ ㄕㄨ ㄍㄨㄢˇ
國立歷史博物館,1,ㄍㄨㄛˊ ㄌㄧˋ ㄌㄧˋ ㄕˇ ㄅㄛˊ ㄨˋ ㄍㄨㄢˇ
國立臺灣博物館,1,ㄍㄨㄛˊ ㄌㄧˋ ㄊㄞˊ ㄨㄢ ㄅㄛˊ ㄨˋ ㄍㄨㄢˇ
國立臺灣圖書館,1,ㄍㄨㄛˊ ㄌㄧˋ ㄊㄞˊ ㄨㄢ ㄊㄨˊ ㄕㄨ ㄍㄨㄢˇ
國際原子能總署,1,ㄍㄨㄛˊ ㄐㄧˋ ㄩㄢˊ ㄗˇ ㄋㄥˊ ㄗㄨㄥˇ ㄕㄨˇ
國際地球物理年,1,ㄍㄨㄛˊ ㄐㄧˋ ㄉㄧˋ ㄑㄧㄡˊ ㄨˋ ㄌㄧˇ ㄋㄧㄢˊ
國際日期變更線,1,ㄍㄨㄛˊ ㄐㄧˋ ㄖˋ ㄑㄧˊ ㄅㄧㄢˋ ㄍㄥ ㄒㄧㄢˋ
國際特殊奧運會,1,ㄍㄨㄛˊ ㄐㄧˋ ㄊㄜˋ ㄕㄨ ㄠˋ ㄩㄣˋ ㄏㄨㄟˋ
國際電話信用卡,1,ㄍㄨㄛˊ ㄐㄧˋ ㄉㄧㄢˋ ㄏㄨㄚˋ ㄒㄧㄣˋ ㄩㄥˋ ㄎㄚˇ
在不夷不惠之間,1,ㄗㄞˋ ㄅㄨˋ ㄧˊ ㄅㄨˋ ㄏㄨㄟˋ ㄓ ㄐㄧㄢ
地頭文書鐵箍桶,1,ㄉㄧˋ ㄊㄡˊ ㄨㄣˊ ㄕㄨ ㄊㄧㄝˇ ㄍㄨ ㄊㄨㄥˇ
培特曼赫魯威克,1,ㄆㄟˊ ㄊㄜˋ ㄇㄢˋ ㄏㄜˋ ㄌㄨˇ ㄨㄟ ㄎㄜˋ
基督教女青年會,1,ㄐㄧ ㄉㄨ ㄐㄧㄠˋ ㄋㄩˇ ㄑㄧㄥ ㄋㄧㄢˊ ㄏㄨㄟˋ
塞內加爾共和國,1,ㄙㄜˋ ㄋㄟˋ ㄐㄧㄚ ㄦˇ ㄍㄨㄥˋ ㄏㄜˊ ㄍㄨㄛˊ
壽險責任準備金,1,ㄕㄡˋ ㄒㄧㄢˇ ㄗㄜˊ ㄖㄣˋ ㄓㄨㄣˇ ㄅㄟˋ ㄐㄧㄣ
外屋裡的灶君爺,1,ㄨㄞˋ ㄨ ㄌㄧ˙ ㄉㄜ˙ ㄗㄠˋ ㄐㄩㄣ ㄧㄝˊ
多功能全文檢索,1,ㄉㄨㄛ ㄍㄨㄥ ㄋㄥˊ ㄑㄩㄢˊ ㄨㄣˊ ㄐㄧㄢˇ ㄙㄨㄛˇ
多媒體國語辭典,1,ㄉㄨㄛ ㄇㄟˊ ㄊㄧˇ ㄍㄨㄛˊ ㄩˇ ㄘˊ ㄉㄧㄢˇ
多媒體影像設計,1,ㄉㄨㄛ ㄇㄟˊ ㄊㄧˇ ㄧㄥˇ ㄒㄧㄤˋ ㄕㄜˋ ㄐㄧˋ
多媒體簡報系統,1,ㄉㄨㄛ ㄇㄟˊ ㄊㄧˇ ㄐㄧㄢˇ ㄅㄠˋ ㄒㄧˋ ㄊㄨㄥˇ
多年媳婦熬成婆,1,ㄉㄨㄛ ㄋㄧㄢˊ ㄒㄧˊ ㄈㄨˋ ㄠˊ ㄔㄥˊ ㄆㄛˊ
多手機無線電話,1,ㄉㄨㄛ ㄕㄡˇ ㄐㄧ ㄨˊ ㄒㄧㄢˋ ㄉㄧㄢˋ ㄏㄨㄚˋ
多明尼加共和國,1,ㄉㄨㄛ ㄇㄧㄥˊ ㄋㄧˊ ㄐㄧㄚ ㄍㄨㄥˋ ㄏㄜˊ ㄍㄨㄛˊ
多行不義必自斃,1,ㄉㄨㄛ ㄒㄧㄥˊ ㄅㄨˋ ㄧˋ ㄅㄧˋ ㄗˋ ㄅㄧˋ
大丈夫志在四方,1,ㄉㄚˋ ㄓㄤˋ ㄈㄨ ㄓˋ ㄗㄞˋ ㄙˋ ㄈㄤ
大丈夫能屈能伸,1,ㄉㄚˋ ㄓㄤˋ ㄈㄨ ㄋㄥˊ ㄑㄩ ㄋㄥˊ ㄕㄣ
大乘百法明門論,1,ㄉㄚˋ ㄕㄥˋ ㄅㄞˇ ㄈㄚˇ ㄇㄧㄥˊ ㄇㄣˊ ㄌㄨㄣˋ
大人不計小人過,1,ㄉㄚˋ ㄖㄣˊ ㄅㄨˋ ㄐㄧˋ ㄒㄧㄠˇ ㄖㄣˊ ㄍㄨㄛˋ
大人不記小人過,1,ㄉㄚˋ ㄖㄣˊ ㄅㄨˋ ㄐㄧˋ ㄒㄧㄠˇ ㄖㄣˊ ㄍㄨㄛˋ
大安地列斯群島,1,ㄉㄚˋ ㄢ ㄉㄧˋ ㄌㄧㄝˋ ㄙ ㄑㄩㄣˊ ㄉㄠˇ
大水沖倒龍王廟,1,ㄉㄚˋ ㄕㄨㄟˇ ㄔㄨㄥ ㄉㄠˇ ㄌㄨㄥˊ ㄨㄤˊ ㄇㄧㄠˋ
大水沖倒龍王殿,1,ㄉㄚˋ ㄕㄨㄟˇ ㄔㄨㄥ ㄉㄠˇ ㄌㄨㄥˊ ㄨㄤˊ ㄉㄧㄢˋ
大腦出血性中風,1,ㄉㄚˋ ㄋㄠˇ ㄔㄨ ㄒㄧㄝˇ ㄒㄧㄥˋ ㄓㄨㄥˋ ㄈㄥ
大角度俯衝轟炸,1,ㄉㄚˋ ㄐㄧㄠˇ ㄉㄨˋ ㄈㄨˇ ㄔㄨㄥ ㄏㄨㄥ ㄓㄚˋ
大象口裡拔生牙,1,ㄉㄚˋ ㄒㄧㄤˋ ㄎㄡˇ ㄌㄧˇ ㄅㄚˊ ㄕㄥ ㄧㄚˊ
大軸子裹小軸子,1,ㄉㄚˋ ㄓㄡˊ ㄗ˙ ㄍㄨㄛˇ ㄒㄧㄠˇ ㄓㄡˊ ㄗ˙
天上星多月不明,1,ㄊㄧㄢ ㄕㄤˋ ㄒㄧㄥ ㄉㄨㄛ ㄩㄝˋ ㄅㄨˋ ㄇㄧㄥˊ
天下官管天下民,1,ㄊㄧㄢ ㄒㄧㄚˋ ㄍㄨㄢ ㄍㄨㄢˇ ㄊㄧㄢ ㄒㄧㄚˋ ㄇㄧㄣˊ
天下烏鴉一般黑,1,ㄊㄧㄢ ㄒㄧㄚˋ ㄨ ㄧㄚ ㄧ ㄅㄢ ㄏㄟ
天下老鴰一般黑,1,ㄊㄧㄢ ㄒㄧㄚˋ ㄌㄠˇ ㄍㄨㄚ ㄧ ㄅㄢ ㄏㄟ
天不生無祿之人,1,ㄊㄧㄢ ㄅㄨˋ ㄕㄥ ㄨˊ ㄌㄨˋ ㄓ ㄖㄣˊ
天塌了有地接著,1,ㄊㄧㄢ ㄊㄚ ㄌㄜ˙ ㄧㄡˇ ㄉㄧˋ ㄐㄧㄝ ㄓㄜ˙
天涯何處無芳草,1,ㄊㄧㄢ ㄧㄚˊ ㄏㄜˊ ㄔㄨˋ ㄨˊ ㄈㄤ ㄘㄠˇ
天生我才必有用,1,ㄊㄧㄢ ㄕㄥ ㄨㄛˇ ㄘㄞˊ ㄅㄧˋ ㄧㄡˇ ㄩㄥˋ
天若有情天亦老,1,ㄊㄧㄢ ㄖㄨㄛˋ ㄧㄡˇ ㄑㄧㄥˊ ㄊㄧㄢ ㄧˋ ㄌㄠˇ
天落饅頭狗造化,1,ㄊㄧㄢ ㄌㄨㄛˋ ㄇㄢˊ ㄊㄡ˙ ㄍㄡˇ ㄗㄠˋ ㄏㄨㄚˋ
太魯閣國家公園,1,ㄊㄞˋ ㄌㄨˇ ㄍㄜˊ ㄍㄨㄛˊ ㄐㄧㄚ ㄍㄨㄥ ㄩㄢˊ
夫妻本是同林鳥,1,ㄈㄨ ㄑㄧ ㄅㄣˇ ㄕˋ ㄊㄨㄥˊ ㄌㄧㄣˊ ㄋㄧㄠˇ
夫妻無隔宿之仇,1,ㄈㄨ ㄑㄧ ㄨˊ ㄍㄜˊ ㄙㄨˋ ㄓ ㄔㄡˊ
失敗是成功之母,1,ㄕ ㄅㄞˋ ㄕˋ ㄔㄥˊ ㄍㄨㄥ ㄓ ㄇㄨˇ
奧林匹克委員會,1,ㄠˋ ㄌㄧㄣˊ ㄆㄧ ㄎㄜˋ ㄨㄟˇ ㄩㄢˊ ㄏㄨㄟˋ
女婿有半子之勞,1,ㄋㄩˇ ㄒㄩˋ ㄧㄡˇ ㄅㄢˋ ㄗˇ ㄓ ㄌㄠˊ
女子無才便是德,1,ㄋㄩˇ ㄗˇ ㄨˊ ㄘㄞˊ ㄅㄧㄢˋ ㄕˋ ㄉㄜˊ
奶媽懷裡的孩子,1,ㄋㄞˇ ㄇㄚ ㄏㄨㄞˊ ㄌㄧˇ ㄉㄜ˙ ㄏㄞˊ ㄗ˙
好了瘡口忘了痛,1,ㄏㄠˇ ㄌㄜ˙ ㄔㄨㄤ ㄎㄡˇ ㄨㄤˋ ㄌㄜ˙ ㄊㄨㄥˋ
好漢不怕出身低,1,ㄏㄠˇ ㄏㄢˋ ㄅㄨˋ ㄆㄚˋ ㄔㄨ ㄕㄣ ㄉㄧ
好漢不論出身低,1,ㄏㄠˇ ㄏㄢˋ ㄅㄨˋ ㄌㄨㄣˋ ㄔㄨ ㄕㄣ ㄉㄧ
好漢只怕病來磨,1,ㄏㄠˇ ㄏㄢˋ ㄓˇ ㄆㄚˋ ㄅㄧㄥˋ ㄌㄞˊ ㄇㄛˊ
好話當作耳邊風,1,ㄏㄠˇ ㄏㄨㄚˋ ㄉㄤ ㄗㄨㄛˋ ㄦˇ ㄅㄧㄢ ㄈㄥ
好馬不吃回頭草,1,ㄏㄠˇ ㄇㄚˇ ㄅㄨˋ ㄔ ㄏㄨㄟˊ ㄊㄡˊ ㄘㄠˇ
如入寶山空手回,1,ㄖㄨˊ ㄖㄨˋ ㄅㄠˇ ㄕㄢ ㄎㄨㄥ ㄕㄡˇ ㄏㄨㄟˊ
如砍瓜切菜一般,1,ㄖㄨˊ ㄎㄢˇ ㄍㄨㄚ ㄑㄧㄝ ㄘㄞˋ ㄧ ㄅㄢ
委內瑞拉共和國,1,ㄨㄟˇ ㄋㄟˋ ㄖㄨㄟˋ ㄌㄚ ㄍㄨㄥˋ ㄏㄜˊ ㄍㄨㄛˊ
娃子不哭奶不脹,1,ㄨㄚˊ ㄗ˙ ㄅㄨˋ ㄎㄨ ㄋㄞˇ ㄅㄨˋ ㄓㄤˋ
婆藪槃豆法師傳,1,ㄆㄛˊ ㄙㄡˇ ㄆㄢˊ ㄉㄡˋ ㄈㄚˇ ㄕ ㄓㄨㄢˋ
婦人之言不可聽,1,ㄈㄨˋ ㄖㄣˊ ㄓ ㄧㄢˊ ㄅㄨˋ ㄎㄜˇ ㄊㄧㄥ
嬰兒猝死症候群,1,ㄧㄥ ㄦˊ ㄘㄨˋ ㄙˇ ㄓㄥˋ ㄏㄡˋ ㄑㄩㄣˊ
子宮內膜異位症,1,ㄗˇ ㄍㄨㄥ ㄋㄟˋ ㄇㄛˋ ㄧˋ ㄨㄟˋ ㄓㄥˋ
子宮頸抹片檢查,1,ㄗˇ ㄍㄨㄥ ㄐㄧㄥˇ ㄇㄛˇ ㄆㄧㄢˋ ㄐㄧㄢˇ ㄔㄚˊ
學海無涯勤是岸,1,ㄒㄩㄝˊ ㄏㄞˇ ㄨˊ ㄧㄚˊ ㄑㄧㄣˊ ㄕˋ ㄢˋ
守著鼻子抹著腮,1,ㄕㄡˇ ㄓㄜ˙ ㄅㄧˊ ㄗ˙ ㄇㄛˇ ㄓㄜ˙ ㄙㄞ
安地卡及巴布達,1,ㄢ ㄉㄧˋ ㄎㄚˇ ㄐㄧˊ ㄅㄚ ㄅㄨˋ ㄉㄚˊ
宏都拉斯共和國,1,ㄏㄨㄥˊ ㄉㄨ ㄌㄚ ㄙ ㄍㄨㄥˋ ㄏㄜˊ ㄍㄨㄛˊ
定型化契約條款,1,ㄉㄧㄥˋ ㄒㄧㄥˊ ㄏㄨㄚˋ ㄑㄧˋ ㄩㄝ ㄊㄧㄠˊ ㄎㄨㄢˇ
宰相肚裡好撐船,1,ㄗㄞˇ ㄒㄧㄤˋ ㄉㄨˋ ㄌㄧˇ ㄏㄠˇ ㄔㄥ ㄔㄨㄢˊ
寡婦門前是非多,1,ㄍㄨㄚˇ ㄈㄨˋ ㄇㄣˊ ㄑㄧㄢˊ ㄕˋ ㄈㄟ ㄉㄨㄛ
寸金難買寸光陰,1,ㄘㄨㄣˋ ㄐㄧㄣ ㄋㄢˊ ㄇㄞˇ ㄘㄨㄣˋ ㄍㄨㄤ ㄧㄣ
對著和尚罵賊禿,1,ㄉㄨㄟˋ ㄓㄜ˙ ㄏㄜˊ ㄕㄤ˙ ㄇㄚˋ ㄗㄟˊ ㄊㄨ
小人之交甘若醴,1,ㄒㄧㄠˇ ㄖㄣˊ ㄓ ㄐㄧㄠ ㄍㄢ ㄖㄨㄛˋ ㄌㄧˇ
小安地列斯群島,1,ㄒㄧㄠˇ ㄢ ㄉㄧˋ ㄌㄧㄝˋ ㄙ ㄑㄩㄣˊ ㄉㄠˇ
小雪球越滾越大,1,ㄒㄧㄠˇ ㄒㄩㄝˇ ㄑㄧㄡˊ ㄩㄝˋ ㄍㄨㄣˇ ㄩㄝˋ ㄉㄚˋ
小馬乍行嫌路窄,1,ㄒㄧㄠˇ ㄇㄚˇ ㄓㄚˋ ㄒㄧㄥˊ ㄒㄧㄢˊ ㄌㄨˋ ㄓㄞˇ
少年維特的煩惱,1,ㄕㄠˋ ㄋㄧㄢˊ ㄨㄟˊ ㄊㄜˋ ㄉㄜ˙ ㄈㄢˊ ㄋㄠˇ
尼加拉瓜共和國,1,ㄋㄧˊ ㄐㄧㄚ ㄌㄚ ㄍㄨㄚ ㄍㄨㄥˋ ㄏㄜˊ ㄍㄨㄛˊ
屋漏更遭連夜雨,1,ㄨ ㄌㄡˋ ㄍㄥˋ ㄗㄠ ㄌㄧㄢˊ ㄧㄝˋ ㄩˇ
山地管制遊覽區,1,ㄕㄢ ㄉㄧˋ ㄍㄨㄢˇ ㄓˋ ㄧㄡˊ ㄌㄢˇ ㄑㄩ
山高遮不住太陽,1,ㄕㄢ ㄍㄠ ㄓㄜ ㄅㄨˋ ㄓㄨˋ ㄊㄞˋ ㄧㄤˊ
巧妻常伴拙夫眠,1,ㄑㄧㄠˇ ㄑㄧ ㄔㄤˊ ㄅㄢˋ ㄓㄨㄛˊ ㄈㄨ ㄇㄧㄢˊ
巴塔哥尼亞高原,1,ㄅㄚ ㄊㄚˇ ㄍㄜ ㄋㄧˊ ㄧㄚˋ ㄍㄠ ㄩㄢˊ
巴拿馬運河新約,1,ㄅㄚ ㄋㄚˊ ㄇㄚˇ ㄩㄣˋ ㄏㄜˊ ㄒㄧㄣ ㄩㄝ
巴比倫空中花園,1,ㄅㄚ ㄅㄧˇ ㄌㄨㄣˊ ㄎㄨㄥ ㄓㄨㄥ ㄏㄨㄚ ㄩㄢˊ
巴氏低溫殺菌法,1,ㄅㄚ ㄕˋ ㄉㄧ ㄨㄣ ㄕㄚ ㄐㄩㄣˋ ㄈㄚˇ
巴爾貝里尼宮殿,1,ㄅㄚ ㄦˇ ㄅㄟˋ ㄌㄧˇ ㄋㄧˊ ㄍㄨㄥ ㄉㄧㄢˋ
巴西聯邦共和國,1,ㄅㄚ ㄒㄧ ㄌㄧㄢˊ ㄅㄤ ㄍㄨㄥˋ ㄏㄜˊ ㄍㄨㄛˊ
布列茲涅夫主義,1,ㄅㄨˋ ㄌㄧㄝˋ ㄗ ㄋㄧㄝˋ ㄈㄨ ㄓㄨˇ ㄧˋ
布拉馬普得拉河,1,ㄅㄨˋ ㄌㄚ ㄇㄚˇ ㄆㄨˇ ㄉㄜˊ ㄌㄚ ㄏㄜˊ
平生不做虧心事,1,ㄆㄧㄥˊ ㄕㄥ ㄅㄨˋ ㄗㄨㄛˋ ㄎㄨㄟ ㄒㄧㄣ ㄕˋ
幸於始者怠於終,1,ㄒㄧㄥˋ ㄩˊ ㄕˇ ㄓㄜˇ ㄉㄞˋ ㄩˊ ㄓㄨㄥ
廣播電視事業處,1,ㄍㄨㄤˇ ㄅㄛˋ ㄉㄧㄢˋ ㄕˋ ㄕˋ ㄧㄝˋ ㄔㄨˋ
弄了個魚頭來拆,1,ㄋㄨㄥˋ ㄌㄜ˙ ㄍㄜ˙ ㄩˊ ㄊㄡˊ ㄌㄞˊ ㄔㄞ
張公吃酒李公醉,1,ㄓㄤ ㄍㄨㄥ ㄔ ㄐㄧㄡˇ ㄌㄧˇ ㄍㄨㄥ ㄗㄨㄟˋ
強中更有強中手,1,ㄑㄧㄤˊ ㄓㄨㄥ ㄍㄥˋ ㄧㄡˇ ㄑㄧㄤˊ ㄓㄨㄥ ㄕㄡˇ
得便宜是落便宜,1,ㄉㄜˊ ㄆㄧㄢˊ ㄧ˙ ㄕˋ ㄌㄨㄛˋ ㄆㄧㄢˊ ㄧ˙
得便宜處失便宜,1,ㄉㄜˊ ㄆㄧㄢˊ ㄧ˙ ㄔㄨˋ ㄕ ㄆㄧㄢˊ ㄧ˙
得放手時須放手,1,ㄉㄜˊ ㄈㄤˋ ㄕㄡˇ ㄕˊ ㄒㄩ ㄈㄤˋ ㄕㄡˇ
得高歌處且高歌,1,ㄉㄜˊ ㄍㄠ ㄍㄜ ㄔㄨˋ ㄑㄧㄝˇ ㄍㄠ ㄍㄜ
從雲端栽了下來,1,ㄘㄨㄥˊ ㄩㄣˊ ㄉㄨㄢ ㄗㄞ ㄌㄜ˙ ㄒㄧㄚˋ ㄌㄞˊ
德意志關稅同盟,1,ㄉㄜˊ ㄧˋ ㄓˋ ㄍㄨㄢ ㄕㄨㄟˋ ㄊㄨㄥˊ ㄇㄥˊ
心字頭上一把刀,1,ㄒㄧㄣ ㄗˋ ㄊㄡˊ ㄕㄤˋ ㄧ ㄅㄚˇ ㄉㄠ
心病還得心藥醫,1,ㄒㄧㄣ ㄅㄧㄥˋ ㄏㄞˊ ㄉㄟˇ ㄒㄧㄣ ㄧㄠˋ ㄧ
心肝不託著五臟,1,ㄒㄧㄣ ㄍㄢ ㄅㄨˋ ㄊㄨㄛ ㄓㄜ˙ ㄨˇ ㄗㄤˋ
急水也有回頭浪,1,ㄐㄧˊ ㄕㄨㄟˇ ㄧㄝˇ ㄧㄡˇ ㄏㄨㄟˊ ㄊㄡˊ ㄌㄤˋ
恩愛夫妻不到頭,1,ㄣ ㄞˋ ㄈㄨ ㄑㄧ ㄅㄨˋ ㄉㄠˋ ㄊㄡˊ
惡人自有惡人磨,1,ㄜˋ ㄖㄣˊ ㄗˋ ㄧㄡˇ ㄜˋ ㄖㄣˊ ㄇㄛˊ
愛沙尼亞共和國,1,ㄞˋ ㄕㄚ ㄋㄧˊ ㄧㄚˋ ㄍㄨㄥˋ ㄏㄜˊ ㄍㄨㄛˊ
慢櫓搖船捉醉魚,1,ㄇㄢˋ ㄌㄨˇ ㄧㄠˊ ㄔㄨㄢˊ ㄓㄨㄛ ㄗㄨㄟˋ ㄩˊ
慣騎馬的慣跌跤,1,ㄍㄨㄢˋ ㄑㄧˊ ㄇㄚˇ ㄉㄜ˙ ㄍㄨㄢˋ ㄉㄧㄝˊ ㄐㄧㄠ
應收帳款週轉率,1,ㄧㄥ ㄕㄡ ㄓㄤˋ ㄎㄨㄢˇ ㄓㄡ ㄓㄨㄢˇ ㄌㄩˋ
房地產共同基金,1,ㄈㄤˊ ㄉㄧˋ ㄔㄢˇ ㄍㄨㄥˋ ㄊㄨㄥˊ ㄐㄧ ㄐㄧㄣ
手心手背都是肉,1,ㄕㄡˇ ㄒㄧㄣ ㄕㄡˇ ㄅㄟˋ ㄉㄡ ㄕˋ ㄖㄡˋ
打了個落花流水,1,ㄉㄚˇ ㄌㄜ˙ ㄍㄜ˙ ㄌㄨㄛˋ ㄏㄨㄚ ㄌㄧㄡˊ ㄕㄨㄟˇ
打狗不看主人面,1,ㄉㄚˇ ㄍㄡˇ ㄅㄨˋ ㄎㄢˋ ㄓㄨˇ ㄖㄣˊ ㄇㄧㄢˋ
打破沙鍋璺到底,1,ㄉㄚˇ ㄆㄛˋ ㄕㄚ ㄍㄨㄛ ㄨㄣˋ ㄉㄠˋ ㄉㄧˇ
打破砂鍋問到底,1,ㄉㄚˇ ㄆㄛˋ ㄕㄚ ㄍㄨㄛ ㄨㄣˋ ㄉㄠˋ ㄉㄧˇ
打老鼠傷了玉瓶,1,ㄉㄚˇ ㄌㄠˇ ㄕㄨˇ ㄕㄤ ㄌㄜ˙ ㄩˋ ㄆㄧㄥˊ
打落牙齒和血吞,1,ㄉㄚˇ ㄌㄨㄛˋ ㄧㄚˊ ㄔˇ ㄏㄨㄛˋ ㄒㄧㄝˇ ㄊㄨㄣ
打著燈籠沒處找,1,ㄉㄚˇ ㄓㄜ˙ ㄉㄥ ㄌㄨㄥˊ ㄇㄟˊ ㄔㄨˋ ㄓㄠˇ
打虎還得親兄弟,1,ㄉㄚˇ ㄏㄨˇ ㄏㄞˊ ㄉㄟˇ ㄑㄧㄣ ㄒㄩㄥ ㄉㄧˋ
打開板壁講亮話,1,ㄉㄚˇ ㄎㄞ ㄅㄢˇ ㄅㄧˋ ㄐㄧㄤˇ ㄌㄧㄤˋ ㄏㄨㄚˋ
抗戰建國紀念日,1,ㄎㄤˋ ㄓㄢˋ ㄐㄧㄢˋ ㄍㄨㄛˊ ㄐㄧˋ ㄋㄧㄢˋ ㄖˋ
拉脫維亞共和國,1,ㄌㄚ ㄊㄨㄛ ㄨㄟˊ ㄧㄚˋ ㄍㄨㄥˋ ㄏㄜˊ ㄍㄨㄛˊ
拔了蘿蔔地皮寬,1,ㄅㄚˊ ㄌㄜ˙ ㄌㄨㄛˊ ㄅㄛ˙ ㄉㄧˋ ㄆㄧˊ ㄎㄨㄢ
拿著雞毛當令箭,1,ㄋㄚˊ ㄓㄜ˙ ㄐㄧ ㄇㄠˊ ㄉㄤˋ ㄌㄧㄥˋ ㄐㄧㄢˋ
拿軟的作鼻子頭,1,ㄋㄚˊ ㄖㄨㄢˇ ㄉㄜ˙ ㄗㄨㄛˋ ㄅㄧˊ ㄗ˙ ㄊㄡˊ
按牛頭吃不得草,1,ㄢˋ ㄋㄧㄡˊ ㄊㄡˊ ㄔ ㄅㄨˋ ㄉㄜˊ ㄘㄠˇ
挑得籃裡便是菜,1,ㄊㄧㄠ ㄉㄜ˙ ㄌㄢˊ ㄌㄧˇ ㄅㄧㄢˋ ㄕˋ ㄘㄞˋ
捉虎容易放虎難,1,ㄓㄨㄛ ㄏㄨˇ ㄖㄨㄥˊ ㄧˋ ㄈㄤˋ ㄏㄨˇ ㄋㄢˊ
推倒了油瓶不扶,1,ㄊㄨㄟ ㄉㄠˇ ㄌㄜ˙ ㄧㄡˊ ㄆㄧㄥˊ ㄅㄨˋ ㄈㄨˊ
推開窗戶說亮話,1,ㄊㄨㄟ ㄎㄞ ㄔㄨㄤ ㄏㄨˋ ㄕㄨㄛ ㄌㄧㄤˋ ㄏㄨㄚˋ
提刑肅政廉訪使,1,ㄊㄧˊ ㄒㄧㄥˊ ㄙㄨˋ ㄓㄥˋ ㄌㄧㄢˊ ㄈㄤˇ ㄕˇ
摩根史坦利指數,1,ㄇㄛˊ ㄍㄣ ㄕˇ ㄊㄢˇ ㄌㄧˋ ㄓˇ ㄕㄨˋ
摩爾多瓦共和國,1,ㄇㄛˊ ㄦˇ ㄉㄨㄛ ㄨㄚˇ ㄍㄨㄥˋ ㄏㄜˊ ㄍㄨㄛˊ
撒泡尿自己照照,1,ㄙㄚ ㄆㄠ ㄋㄧㄠˋ ㄗˋ ㄐㄧˇ ㄓㄠˋ ㄓㄠ˙
撒泡尿自己照照,1,ㄙㄚ ㄆㄠˋ ㄋㄧㄠˋ ㄗˋ ㄐㄧˇ ㄓㄠˋ ㄓㄠ˙
撥接式數據通信,1,ㄅㄛ ㄐㄧㄝ ㄕˋ ㄕㄨˋ ㄐㄩˋ ㄊㄨㄥ ㄒㄧㄣˋ
撥開雲霧見青天,1,ㄅㄛ ㄎㄞ ㄩㄣˊ ㄨˋ ㄐㄧㄢˋ ㄑㄧㄥ ㄊㄧㄢ
放一百二十個心,1,ㄈㄤˋ ㄧ ㄅㄞˇ ㄦˋ ㄕˊ ㄍㄜ˙ ㄒㄧㄣ
放下屠刀便成佛,1,ㄈㄤˋ ㄒㄧㄚˋ ㄊㄨˊ ㄉㄠ ㄅㄧㄢˋ ㄔㄥˊ ㄈㄛˊ
放之四海而皆準,1,ㄈㄤˋ ㄓ ㄙˋ ㄏㄞˇ ㄦˊ ㄐㄧㄝ ㄓㄨㄣˇ
放虎容易擒虎難,1,ㄈㄤˋ ㄏㄨˇ ㄖㄨㄥˊ ㄧˋ ㄑㄧㄣˊ ㄏㄨˇ ㄋㄢˊ
敗子回頭金不換,1,ㄅㄞˋ ㄗˇ ㄏㄨㄟˊ ㄊㄡˊ ㄐㄧㄣ ㄅㄨˋ ㄏㄨㄢˋ
教育部電算中心,1,ㄐㄧㄠˋ ㄩˋ ㄅㄨˋ ㄉㄧㄢˋ ㄙㄨㄢˋ ㄓㄨㄥ ㄒㄧㄣ
敦克爾克大撤退,1,ㄉㄨㄣ ㄎㄜˋ ㄦˇ ㄎㄜˋ ㄉㄚˋ ㄔㄜˋ ㄊㄨㄟˋ
整合式配線系統,1,ㄓㄥˇ ㄏㄜˊ ㄕˋ ㄆㄟˋ ㄒㄧㄢˋ ㄒㄧˋ ㄊㄨㄥˇ
整合管理資訊化,1,ㄓㄥˇ ㄏㄜˊ ㄍㄨㄢˇ ㄌㄧˇ ㄗ ㄒㄩㄣˋ ㄏㄨㄚˋ
整瓶不搖半瓶搖,1,ㄓㄥˇ ㄆㄧㄥˊ ㄅㄨˋ ㄧㄠˊ ㄅㄢˋ ㄆㄧㄥˊ ㄧㄠˊ
斯洛伐克共和國,1,ㄙ ㄌㄨㄛˋ ㄈㄚ ㄎㄜˋ ㄍㄨㄥˋ ㄏㄜˊ ㄍㄨㄛˊ
新來媳婦三日勤,1,ㄒㄧㄣ ㄌㄞˊ ㄒㄧˊ ㄈㄨˋ ㄙㄢ ㄖˋ ㄑㄧㄣˊ
新箍馬桶三日香,1,ㄒㄧㄣ ㄍㄨ ㄇㄚˇ ㄊㄨㄥˇ ㄙㄢ ㄖˋ ㄒㄧㄤ
明中捨去暗中來,1,ㄇㄧㄥˊ ㄓㄨㄥ ㄕㄜˇ ㄑㄩˋ ㄢˋ ㄓㄨㄥ ㄌㄞˊ
春夜宴桃李園序,1,ㄔㄨㄣ ㄧㄝˋ ㄧㄢˋ ㄊㄠˊ ㄌㄧˇ ㄩㄢˊ ㄒㄩˋ
春江水暖鴨先知,1,ㄔㄨㄣ ㄐㄧㄤ ㄕㄨㄟˇ ㄋㄨㄢˇ ㄧㄚ ㄒㄧㄢ ㄓ
昧著惺惺使糊塗,1,ㄇㄟˋ ㄓㄜ˙ ㄒㄧㄥ ㄒㄧㄥ ㄕˇ ㄏㄨˊ ㄊㄨˊ
是非只為多開口,1,ㄕˋ ㄈㄟ ㄓˇ ㄨㄟˋ ㄉㄨㄛ ㄎㄞ ㄎㄡˇ
時報廣告金像獎,1,ㄕˊ ㄅㄠˋ ㄍㄨㄤˇ ㄍㄠˋ ㄐㄧㄣ ㄒㄧㄤˋ ㄐㄧㄤˇ
書中自有千鍾粟,1,ㄕㄨ ㄓㄨㄥ ㄗˋ ㄧㄡˇ ㄑㄧㄢ ㄓㄨㄥ ㄙㄨˋ
書中自有顏如玉,1,ㄕㄨ ㄓㄨㄥ ㄗˋ ㄧㄡˇ ㄧㄢˊ ㄖㄨˊ ㄩˋ
書中自有黃金屋,1,ㄕㄨ ㄓㄨㄥ ㄗˋ ㄧㄡˇ ㄏㄨㄤˊ ㄐㄧㄣ ㄨ
書到用時方恨少,1,ㄕㄨ ㄉㄠˋ ㄩㄥˋ ㄕˊ ㄈㄤ ㄏㄣˋ ㄕㄠˇ
有晚娘就有晚爺,1,ㄧㄡˇ ㄨㄢˇ ㄋㄧㄤˊ ㄐㄧㄡˋ ㄧㄡˇ ㄨㄢˇ ㄧㄝˊ
有棗沒棗打三竿,1,ㄧㄡˇ ㄗㄠˇ ㄇㄟˊ ㄗㄠˇ ㄉㄚˇ ㄙㄢ ㄍㄢ
有眼不識荊山玉,1,ㄧㄡˇ ㄧㄢˇ ㄅㄨˋ ㄕˋ ㄐㄧㄥ ㄕㄢ ㄩˋ
有被種子植物綱,1,ㄧㄡˇ ㄅㄟˋ ㄓㄨㄥˇ ㄗˇ ㄓˊ ㄨˋ ㄍㄤ
有錢不買半年閑,1,ㄧㄡˇ ㄑㄧㄢˊ ㄅㄨˋ ㄇㄞˇ ㄅㄢˋ ㄋㄧㄢˊ ㄒㄧㄢˊ
朝中有人好做官,1,ㄔㄠˊ ㄓㄨㄥ ㄧㄡˇ ㄖㄣˊ ㄏㄠˇ ㄗㄨㄛˋ ㄍㄨㄢ
杜思妥也夫斯基,1,ㄉㄨˋ ㄙ ㄊㄨㄛˇ ㄧㄝˇ ㄈㄨ ㄙ ㄐㄧ
杯底不可飼金魚,1,ㄅㄟ ㄉㄧˇ ㄅㄨˋ ㄎㄜˇ ㄙˋ ㄐㄧㄣ ㄩˊ
東一榔頭西一棒,1,ㄉㄨㄥ ㄧ ㄌㄤˊ ㄊㄡ˙ ㄒㄧ ㄧ ㄅㄤˋ
東三省事宜條約,1,ㄉㄨㄥ ㄙㄢ ㄕㄥˇ ㄕˋ ㄧˊ ㄊㄧㄠˊ ㄩㄝ
東海岸史前文化,1,ㄉㄨㄥ ㄏㄞˇ ㄢˋ ㄕˇ ㄑㄧㄢˊ ㄨㄣˊ ㄏㄨㄚˋ
格林威治天文臺,1,ㄍㄜˊ ㄌㄧㄣˊ ㄨㄟ ㄓˋ ㄊㄧㄢ ㄨㄣˊ ㄊㄞˊ
桃花塢木版年畫,1,ㄊㄠˊ ㄏㄨㄚ ㄨˋ ㄇㄨˋ ㄅㄢˇ ㄋㄧㄢˊ ㄏㄨㄚˋ
條條大路通羅馬,1,ㄊㄧㄠˊ ㄊㄧㄠˊ ㄉㄚˋ ㄌㄨˋ ㄊㄨㄥ ㄌㄨㄛˊ ㄇㄚˇ
槍桿子裡出政權,1,ㄑㄧㄤ ㄍㄢˇ ㄗ˙ ㄌㄧˇ ㄔㄨ ㄓㄥˋ ㄑㄩㄢˊ
槽頭買馬看母子,1,ㄘㄠˊ ㄊㄡˊ ㄇㄞˇ ㄇㄚˇ ㄎㄢˋ ㄇㄨˇ ㄗˇ
模里西斯共和國,1,ㄇㄛˊ ㄌㄧˇ ㄒㄧ ㄙ ㄍㄨㄥˋ ㄏㄜˊ ㄍㄨㄛˊ
樹欲息而風不停,1,ㄕㄨˋ ㄩˋ ㄒㄧˊ ㄦˊ ㄈㄥ ㄅㄨˋ ㄊㄧㄥˊ
機事不密禍先行,1,ㄐㄧ ㄕˋ ㄅㄨˋ ㄇㄧˋ ㄏㄨㄛˋ ㄒㄧㄢ ㄒㄧㄥˊ
橫挑鼻子豎挑眼,1,ㄏㄥˊ ㄊㄧㄠ ㄅㄧˊ ㄗ˙ ㄕㄨˋ ㄊㄧㄠ ㄧㄢˇ
正月十六貼門神,1,ㄓㄥ ㄩㄝˋ ㄕˊ ㄌㄧㄡˋ ㄊㄧㄝ ㄇㄣˊ ㄕㄣˊ
歷史比較語言學,1,ㄌㄧˋ ㄕˇ ㄅㄧˇ ㄐㄧㄠˋ ㄩˇ ㄧㄢˊ ㄒㄩㄝˊ
死諸葛走生仲達,1,ㄙˇ ㄓㄨ ㄍㄜˊ ㄗㄡˇ ㄕㄥ ㄓㄨㄥˋ ㄉㄚˊ
殺人不過頭點地,1,ㄕㄚ ㄖㄣˊ ㄅㄨˋ ㄍㄨㄛˋ ㄊㄡˊ ㄉㄧㄢˇ ㄉㄧˋ
毀譽從來不可聽,1,ㄏㄨㄟˇ ㄩˋ ㄘㄨㄥˊ ㄌㄞˊ ㄅㄨˋ ㄎㄜˇ ㄊㄧㄥ
毒藥苦口利於病,1,ㄉㄨˊ ㄧㄠˋ ㄎㄨˇ ㄎㄡˇ ㄌㄧˋ ㄩˊ ㄅㄧㄥˋ
比荷盧經濟聯盟,1,ㄅㄧˇ ㄏㄜˊ ㄌㄨˊ ㄐㄧㄥ ㄐㄧˋ ㄌㄧㄢˊ ㄇㄥˊ
水晶心肝玻璃人,1,ㄕㄨㄟˇ ㄐㄧㄥ ㄒㄧㄣ ㄍㄢ ㄅㄛ ㄌㄧ˙ ㄖㄣˊ
水流內布袋戲臺,1,ㄕㄨㄟˇ ㄌㄧㄡˊ ㄋㄟˋ ㄅㄨˋ ㄉㄞˋ ㄒㄧˋ ㄊㄞˊ
江南機器製造局,1,ㄐㄧㄤ ㄋㄢˊ ㄐㄧ ㄑㄧˋ ㄓˋ ㄗㄠˋ ㄐㄩˊ
沒一頓飯的工夫,1,ㄇㄟˊ ㄧ ㄉㄨㄣˋ ㄈㄢˋ ㄉㄜ˙ ㄍㄨㄥ ㄈㄨ˙
沒人疼沒人顧的,1,ㄇㄟˊ ㄖㄣˊ ㄊㄥˊ ㄇㄟˊ ㄖㄣˊ ㄍㄨˋ ㄉㄜ˙
沒個黑家白日的,1,ㄇㄟˊ ㄍㄜ˙ ㄏㄟ ㄐㄧㄚ ㄅㄞˊ ㄖˋ ㄉㄜ˙
沒有不散的筵席,1,ㄇㄟˊ ㄧㄡˇ ㄅㄨˋ ㄙㄢˋ ㄉㄜ˙ ㄧㄢˊ ㄒㄧˊ
沒有不透風的牆,1,ㄇㄟˊ ㄧㄡˇ ㄅㄨˋ ㄊㄡˋ ㄈㄥ ㄉㄜ˙ ㄑㄧㄤˊ
沒有閑錢補笊籬,1,ㄇㄟˊ ㄧㄡˇ ㄒㄧㄢˊ ㄑㄧㄢˊ ㄅㄨˇ ㄓㄠˋ ㄌㄧˊ
波羅的海三小國,1,ㄅㄛ ㄌㄨㄛˊ ㄉㄧˋ ㄏㄞˇ ㄙㄢ ㄒㄧㄠˇ ㄍㄨㄛˊ
浪子回頭金不換,1,ㄌㄤˋ ㄗˇ ㄏㄨㄟˊ ㄊㄡˊ ㄐㄧㄣ ㄅㄨˋ ㄏㄨㄢˋ
海南特別行政區,1,ㄏㄞˇ ㄋㄢˊ ㄊㄜˋ ㄅㄧㄝˊ ㄒㄧㄥˊ ㄓㄥˋ ㄑㄩ
海灣合作理事會,1,ㄏㄞˇ ㄨㄢ ㄏㄜˊ ㄗㄨㄛˋ ㄌㄧˇ ㄕˋ ㄏㄨㄟˋ
消費者物價指數,1,ㄒㄧㄠ ㄈㄟˋ ㄓㄜˇ ㄨˋ ㄐㄧㄚˋ ㄓˇ ㄕㄨˋ
漢寶草屯線道路,1,ㄏㄢˋ ㄅㄠˇ ㄘㄠˇ ㄊㄨㄣˊ ㄒㄧㄢˋ ㄉㄠˋ ㄌㄨˋ
烏托邦社會主義,1,ㄨ ㄊㄨㄛ ㄅㄤ ㄕㄜˋ ㄏㄨㄟˋ ㄓㄨˇ ㄧˋ
烏拉圭回合談判,1,ㄨ ㄌㄚ ㄍㄨㄟ ㄏㄨㄟˊ ㄏㄜˊ ㄊㄢˊ ㄆㄢˋ
無心插柳柳成陰,1,ㄨˊ ㄒㄧㄣ ㄔㄚ ㄌㄧㄡˇ ㄌㄧㄡˇ ㄔㄥˊ ㄧㄣ
無線電叫人業務,1,ㄨˊ ㄒㄧㄢˋ ㄉㄧㄢˋ ㄐㄧㄠˋ ㄖㄣˊ ㄧㄝˋ ㄨˋ
煩惱皆因強出頭,1,ㄈㄢˊ ㄋㄠˇ ㄐㄧㄝ ㄧㄣ ㄑㄧㄤˊ ㄔㄨ ㄊㄡˊ
煮熟的鴨子飛了,1,ㄓㄨˇ ㄕㄡˊ ㄉㄜ˙ ㄧㄚ ㄗ˙ ㄈㄟ ㄌㄜ˙
燕雀豈知鴻鵠志,1,ㄧㄢˋ ㄑㄩㄝˋ ㄑㄧˇ ㄓ ㄏㄨㄥˊ ㄏㄨˊ ㄓˋ
牆裡開花牆外香,1,ㄑㄧㄤˊ ㄌㄧˇ ㄎㄞ ㄏㄨㄚ ㄑㄧㄤˊ ㄨㄞˋ ㄒㄧㄤ
牛不喝水強按頭,1,ㄋㄧㄡˊ ㄅㄨˋ ㄏㄜ ㄕㄨㄟˇ ㄑㄧㄤˊ ㄢˋ ㄊㄡˊ
狗嘴裡還有象牙,1,ㄍㄡˇ ㄗㄨㄟˇ ㄌㄧ˙ ㄏㄞˊ ㄧㄡˇ ㄒㄧㄤˋ ㄧㄚˊ
狗臉生六月之霜,1,ㄍㄡˇ ㄌㄧㄢˇ ㄕㄥ ㄌㄧㄡˋ ㄩㄝˋ ㄓ ㄕㄨㄤ
玉函山房輯佚書,1,ㄩˋ ㄏㄢˊ ㄕㄢ ㄈㄤˊ ㄐㄧˊ ㄧˋ ㄕㄨ
玉在山而草木潤,1,ㄩˋ ㄗㄞˋ ㄕㄢ ㄦˊ ㄘㄠˇ ㄇㄨˋ ㄖㄨㄣˋ
瓜地馬拉共和國,1,ㄍㄨㄚ ㄉㄧˋ ㄇㄚˇ ㄌㄚ ㄍㄨㄥˋ ㄏㄜˊ ㄍㄨㄛˊ
瓦罐不離井上破,1,ㄨㄚˇ ㄍㄨㄢˋ ㄅㄨˋ ㄌㄧˊ ㄐㄧㄥˇ ㄕㄤˋ ㄆㄛˋ
生意不成仁義在,1,ㄕㄥ ㄧ˙ ㄅㄨˋ ㄔㄥˊ ㄖㄣˊ ㄧˋ ㄗㄞˋ
甲狀腺機能亢進,1,ㄐㄧㄚˇ ㄓㄨㄤˋ ㄒㄧㄢˋ ㄐㄧ ㄋㄥˊ ㄎㄤˋ ㄐㄧㄣˋ
男兒有淚不輕彈,1,ㄋㄢˊ ㄦˊ ㄧㄡˇ ㄌㄟˋ ㄅㄨˋ ㄑㄧㄥ ㄊㄢˊ
男兒膝下有黃金,1,ㄋㄢˊ ㄦˊ ㄒㄧ ㄒㄧㄚˋ ㄧㄡˇ ㄏㄨㄤˊ ㄐㄧㄣ
畫虎不成反類狗,1,ㄏㄨㄚˋ ㄏㄨˇ ㄅㄨˋ ㄔㄥˊ ㄈㄢˇ ㄌㄟˋ ㄍㄡˇ
畫虎畫皮難畫骨,1,ㄏㄨㄚˋ ㄏㄨˇ ㄏㄨㄚˋ ㄆㄧˊ ㄋㄢˊ ㄏㄨㄚˋ ㄍㄨˇ
畫龍不成反為狗,1,ㄏㄨㄚˋ ㄌㄨㄥˊ ㄅㄨˋ ㄔㄥˊ ㄈㄢˇ ㄨㄟˊ ㄍㄡˇ
當家三年狗也嫌,1,ㄉㄤ ㄐㄧㄚ ㄙㄢ ㄋㄧㄢˊ ㄍㄡˇ ㄧㄝˇ ㄒㄧㄢˊ
當家方知柴米貴,1,ㄉㄤ ㄐㄧㄚ ㄈㄤ ㄓ ㄔㄞˊ ㄇㄧˇ ㄍㄨㄟˋ
當家纔知柴米價,1,ㄉㄤ ㄐㄧㄚ ㄘㄞˊ ㄓ ㄔㄞˊ ㄇㄧˇ ㄐㄧㄚˋ
當面銀子對面錢,1,ㄉㄤ ㄇㄧㄢˋ ㄧㄣˊ ㄗ˙ ㄉㄨㄟˋ ㄇㄧㄢˋ ㄑㄧㄢˊ
痴心女子負心漢,1,ㄔ ㄒㄧㄣ ㄋㄩˇ ㄗˇ ㄈㄨˋ ㄒㄧㄣ ㄏㄢˋ
登泰山而小天下,1,ㄉㄥ ㄊㄞˋ ㄕㄢ ㄦˊ ㄒㄧㄠˇ ㄊㄧㄢ ㄒㄧㄚˋ
白俄羅斯共和國,1,ㄅㄞˊ ㄜˊ ㄌㄨㄛˊ ㄙ ㄍㄨㄥˋ ㄏㄜˊ ㄍㄨㄛˊ
皇天不負苦心人,1,ㄏㄨㄤˊ ㄊㄧㄢ ㄅㄨˋ ㄈㄨˋ ㄎㄨˇ ㄒㄧㄣ ㄖㄣˊ
盎格魯撒克遜人,1,ㄤˋ ㄍㄜˊ ㄌㄨˇ ㄙㄚ ㄎㄜˋ ㄙㄨㄣˋ ㄖㄣˊ
盡信書不如無書,1,ㄐㄧㄣˋ ㄒㄧㄣˋ ㄕㄨ ㄅㄨˋ ㄖㄨˊ ㄨˊ ㄕㄨ
直銷式傳銷制度,1,ㄓˊ ㄒㄧㄠ ㄕˋ ㄔㄨㄢˊ ㄒㄧㄠ ㄓˋ ㄉㄨˋ
眼淚往肚子裡流,1,ㄧㄢˇ ㄌㄟˋ ㄨㄤˇ ㄉㄨˋ ㄗ˙ ㄌㄧˇ ㄌㄧㄡˊ
眼睛長在頭頂上,1,ㄧㄢˇ ㄐㄧㄥ ㄓㄤˇ ㄗㄞˋ ㄊㄡˊ ㄉㄧㄥˇ ㄕㄤˋ
眼裡揉不下沙子,1,ㄧㄢˇ ㄌㄧˇ ㄖㄡˊ ㄅㄨˋ ㄒㄧㄚˋ ㄕㄚ ㄗ˙
眾人拾柴火焰高,1,ㄓㄨㄥˋ ㄖㄣˊ ㄕˊ ㄔㄞˊ ㄏㄨㄛˇ ㄧㄢˋ ㄍㄠ
瞎貓碰到死老鼠,1,ㄒㄧㄚ ㄇㄠ ㄆㄥˋ ㄉㄠˋ ㄙˇ ㄌㄠˇ ㄕㄨˇ
瞪著麒麟說是馬,1,ㄉㄥˋ ㄓㄜ˙ ㄑㄧˊ ㄌㄧㄣˊ ㄕㄨㄛ ㄕˋ ㄇㄚˇ
矬子裡頭選將軍,1,ㄘㄨㄛˊ ㄗ˙ ㄌㄧˇ ㄊㄡ˙ ㄒㄩㄢˇ ㄐㄧㄤ ㄐㄩㄣ
破屋又遭連夜雨,1,ㄆㄛˋ ㄨ ㄧㄡˋ ㄗㄠ ㄌㄧㄢˊ ㄧㄝˋ ㄩˇ
社會秩序維護法,1,ㄕㄜˋ ㄏㄨㄟˋ ㄓˋ ㄒㄩˋ ㄨㄟˊ ㄏㄨˋ ㄈㄚˇ
社會達爾文主義,1,ㄕㄜˋ ㄏㄨㄟˋ ㄉㄚˊ ㄦˇ ㄨㄣˊ ㄓㄨˇ ㄧˋ
神龍見首不見尾,1,ㄕㄣˊ ㄌㄨㄥˊ ㄐㄧㄢˋ ㄕㄡˇ ㄅㄨˋ ㄐㄧㄢˋ ㄨㄟˇ
禿子跟著月亮走,1,ㄊㄨ ㄗ˙ ㄍㄣ ㄓㄜ˙ ㄩㄝˋ ㄌㄧㄤˋ ㄗㄡˇ
突尼西亞共和國,1,ㄊㄨˊ ㄋㄧˊ ㄒㄧ ㄧㄚˋ ㄍㄨㄥˋ ㄏㄜˊ ㄍㄨㄛˊ
窮的有腿沒褲子,1,ㄑㄩㄥˊ ㄉㄜ˙ ㄧㄡˇ ㄊㄨㄟˇ ㄇㄟˊ ㄎㄨˋ ㄗ˙
立一法即有一弊,1,ㄌㄧˋ ㄧ ㄈㄚˇ ㄐㄧˊ ㄧㄡˇ ㄧ ㄅㄧˋ
第二代無線電話,1,ㄉㄧˋ ㄦˋ ㄉㄞˋ ㄨˊ ㄒㄧㄢˋ ㄉㄧㄢˋ ㄏㄨㄚˋ
管他三七二十一,1,ㄍㄨㄢˇ ㄊㄚ ㄙㄢ ㄑㄧ ㄦˋ ㄕˊ ㄧ
糞土之牆不可杇,1,ㄈㄣˋ ㄊㄨˇ ㄓ ㄑㄧㄤˊ ㄅㄨˋ ㄎㄜˇ ㄨ
糟糠之妻不下堂,1,ㄗㄠ ㄎㄤ ㄓ ㄑㄧ ㄅㄨˋ ㄒㄧㄚˋ ㄊㄤˊ
約旦哈希米王國,1,ㄩㄝ ㄉㄢˋ ㄏㄚ ㄒㄧ ㄇㄧˇ ㄨㄤˊ ㄍㄨㄛˊ
納米比亞共和國,1,ㄋㄚˋ ㄇㄧˇ ㄅㄧˇ ㄧㄚˋ ㄍㄨㄥˋ ㄏㄜˊ ㄍㄨㄛˊ
細菌性心內膜炎,1,ㄒㄧˋ ㄐㄩㄣˋ ㄒㄧㄥˋ ㄒㄧㄣ ㄋㄟˋ ㄇㄛˊ ㄧㄢˊ
給個棒錘當針認,1,ㄍㄟˇ ㄍㄜ˙ ㄅㄤˋ ㄔㄨㄟˊ ㄉㄤˋ ㄓㄣ ㄖㄣˋ
經濟技術開發區,1,ㄐㄧㄥ ㄐㄧˋ ㄐㄧˋ ㄕㄨˋ ㄎㄞ ㄈㄚ ㄑㄩ
綠色多媒體電腦,1,ㄌㄩˋ ㄙㄜˋ ㄉㄨㄛ ㄇㄟˊ ㄊㄧˇ ㄉㄧㄢˋ ㄋㄠˇ
網路上同步開票,1,ㄨㄤˇ ㄌㄨˋ ㄕㄤˋ ㄊㄨㄥˊ ㄅㄨˋ ㄎㄞ ㄆㄧㄠˋ
網路咖啡俱樂部,1,ㄨㄤˇ ㄌㄨˋ ㄎㄚ ㄈㄟ ㄐㄩˋ ㄌㄜˋ ㄅㄨˋ
緊急傷病急救網,1,ㄐㄧㄣˇ ㄐㄧˊ ㄕㄤ ㄅㄧㄥˋ ㄐㄧˊ ㄐㄧㄡˋ ㄨㄤˇ
緊急醫療救護網,1,ㄐㄧㄣˇ ㄐㄧˊ ㄧ ㄌㄧㄠˊ ㄐㄧㄡˋ ㄏㄨˋ ㄨㄤˇ
置之死地而後快,1,ㄓˋ ㄓ ㄙˇ ㄉㄧˋ ㄦˊ ㄏㄡˋ ㄎㄨㄞˋ
羅夏克墨漬測驗,1,ㄌㄨㄛˊ ㄒㄧㄚˋ ㄎㄜˋ ㄇㄛˋ ㄗˋ ㄘㄜˋ ㄧㄢˋ
羅密歐與茱麗葉,1,ㄌㄨㄛˊ ㄇㄧˋ ㄡ ㄩˇ ㄓㄨ ㄌㄧˋ ㄧㄝˋ
羅馬尼亞共和國,1,ㄌㄨㄛˊ ㄇㄚˇ ㄋㄧˊ ㄧㄚˋ ㄍㄨㄥˋ ㄏㄜˊ ㄍㄨㄛˊ
羊毛出在羊身上,1,ㄧㄤˊ ㄇㄠˊ ㄔㄨ ㄗㄞˋ ㄧㄤˊ ㄕㄣ ㄕㄤ˙
羊肉落在狗嘴裡,1,ㄧㄤˊ ㄖㄡˋ ㄌㄨㄛˋ ㄗㄞˋ ㄍㄡˇ ㄗㄨㄟˇ ㄌㄧ˙
美國中央情報局,1,ㄇㄟˇ ㄍㄨㄛˊ ㄓㄨㄥ ㄧㄤ ㄑㄧㄥˊ ㄅㄠˋ ㄐㄩˊ
美國標準交換碼,1,ㄇㄟˇ ㄍㄨㄛˊ ㄅㄧㄠ ㄓㄨㄣˇ ㄐㄧㄠ ㄏㄨㄢˋ ㄇㄚˇ
美國總統報復權,1,ㄇㄟˇ ㄍㄨㄛˊ ㄗㄨㄥˇ ㄊㄨㄥˇ ㄅㄠˋ ㄈㄨˋ ㄑㄩㄢˊ
美國聯邦調查局,1,ㄇㄟˇ ㄍㄨㄛˊ ㄌㄧㄢˊ ㄅㄤ ㄉㄧㄠˋ ㄔㄚˊ ㄐㄩˊ
美麗的磨坊少女,1,ㄇㄟˇ ㄌㄧˋ ㄉㄜ˙ ㄇㄛˋ ㄈㄤ ㄕㄠˋ ㄋㄩˇ
羹裡不著飯裡著,1,ㄍㄥ ㄌㄧˇ ㄅㄨˋ ㄓㄠˊ ㄈㄢˋ ㄌㄧˇ ㄓㄠˊ
翻把恩人當仇人,1,ㄈㄢ ㄅㄚˇ ㄣ ㄖㄣˊ ㄉㄤˋ ㄔㄡˊ ㄖㄣˊ
老太婆的裹腳布,1,ㄌㄠˇ ㄊㄞˋ ㄆㄛˊ ㄉㄜ˙ ㄍㄨㄛˇ ㄐㄧㄠˇ ㄅㄨˋ
老而不死是為賊,1,ㄌㄠˇ ㄦˊ ㄅㄨˋ ㄙˇ ㄕˋ ㄨㄟˊ ㄗㄟˊ
老虎頭上打蒼蠅,1,ㄌㄠˇ ㄏㄨˇ ㄊㄡˊ ㄕㄤˋ ㄉㄚˇ ㄘㄤ ㄧㄥ˙
老虎頭上拍蒼蠅,1,ㄌㄠˇ ㄏㄨˇ ㄊㄡˊ ㄕㄤˋ ㄆㄞ ㄘㄤ ㄧㄥ˙
老虎頭上撲蒼蠅,1,ㄌㄠˇ ㄏㄨˇ ㄊㄡˊ ㄕㄤˋ ㄆㄨ ㄘㄤ ㄧㄥ˙
老鴰窩裡出鳳凰,1,ㄌㄠˇ ㄍㄨㄚ˙ ㄨㄛ ㄌㄧˇ ㄔㄨ ㄈㄥˋ ㄏㄨㄤˊ
老鷹不喫窠下食,1,ㄌㄠˇ ㄧㄥ ㄅㄨˋ ㄔ ㄎㄜ ㄒㄧㄚˋ ㄕˊ
耕牛為主遭鞭杖,1,ㄍㄥ ㄋㄧㄡˊ ㄨㄟˋ ㄓㄨˇ ㄗㄠ ㄅㄧㄢ ㄓㄤˋ
耳朵裡冒出腳來,1,ㄦˇ ㄉㄨㄛ˙ ㄌㄧˇ ㄇㄠˋ ㄔㄨ ㄐㄧㄠˇ ㄌㄞˊ
聖人也有三分錯,1,ㄕㄥˋ ㄖㄣˊ ㄧㄝˇ ㄧㄡˇ ㄙㄢ ㄈㄣ ㄘㄨㄛˋ
聖多美普林西比,1,ㄕㄥˋ ㄉㄨㄛ ㄇㄟˇ ㄆㄨˇ ㄌㄧㄣˊ ㄒㄧ ㄅㄧˇ
聖索菲亞大教堂,1,ㄕㄥˋ ㄙㄨㄛˇ ㄈㄟ ㄧㄚˋ ㄉㄚˋ ㄐㄧㄠˋ ㄊㄤˊ
聖馬利諾共和國,1,ㄕㄥˋ ㄇㄚˇ ㄌㄧˋ ㄋㄨㄛˋ ㄍㄨㄥˋ ㄏㄜˊ ㄍㄨㄛˊ
聯合國糧農組織,1,ㄌㄧㄢˊ ㄏㄜˊ ㄍㄨㄛˊ ㄌㄧㄤˊ ㄋㄨㄥˊ ㄗㄨˇ ㄓ
聽不到風就是雨,1,ㄊㄧㄥ ㄅㄨˋ ㄉㄠˋ ㄈㄥ ㄐㄧㄡˋ ㄕˋ ㄩˇ
聽不得一面之詞,1,ㄊㄧㄥ ㄅㄨˋ ㄉㄜ˙ ㄧ ㄇㄧㄢˋ ㄓ ㄘˊ
聽其言而觀其行,1,ㄊㄧㄥ ㄑㄧˊ ㄧㄢˊ ㄦˊ ㄍㄨㄢ ㄑㄧˊ ㄒㄧㄥˋ
股票投資獲利率,1,ㄍㄨˇ ㄆㄧㄠˋ ㄊㄡˊ ㄗ ㄏㄨㄛˋ ㄌㄧˋ ㄌㄩˋ
肥水不落外人田,1,ㄈㄟˊ ㄕㄨㄟˇ ㄅㄨˋ ㄌㄨㄛˋ ㄨㄞˋ ㄖㄣˊ ㄊㄧㄢˊ
肥水不過別人田,1,ㄈㄟˊ ㄕㄨㄟˇ ㄅㄨˋ ㄍㄨㄛˋ ㄅㄧㄝˊ ㄖㄣˊ ㄊㄧㄢˊ
自動電話交換機,1,ㄗˋ ㄉㄨㄥˋ ㄉㄧㄢˋ ㄏㄨㄚˋ ㄐㄧㄠ ㄏㄨㄢˋ ㄐㄧ
自古紅顏多薄命,1,ㄗˋ ㄍㄨˇ ㄏㄨㄥˊ ㄧㄢˊ ㄉㄨㄛ ㄅㄛˊ ㄇㄧㄥˋ
自由貿易區協定,1,ㄗˋ ㄧㄡˊ ㄇㄠˋ ㄧˋ ㄑㄩ ㄒㄧㄝˊ ㄉㄧㄥˋ
自體免疫性疾病,1,ㄗˋ ㄊㄧˇ ㄇㄧㄢˇ ㄧˋ ㄒㄧㄥˋ ㄐㄧˊ ㄅㄧㄥˋ
臺北市喜願協會,1,ㄊㄞˊ ㄅㄟˇ ㄕˋ ㄒㄧˇ ㄩㄢˋ ㄒㄧㄝˊ ㄏㄨㄟˋ
臺北捷運中和線,1,ㄊㄞˊ ㄅㄟˇ ㄐㄧㄝˊ ㄩㄣˋ ㄓㄨㄥ ㄏㄜˊ ㄒㄧㄢˋ
臺北捷運新店線,1,ㄊㄞˊ ㄅㄟˇ ㄐㄧㄝˊ ㄩㄣˋ ㄒㄧㄣ ㄉㄧㄢˋ ㄒㄧㄢˋ
臺北捷運木柵線,1,ㄊㄞˊ ㄅㄟˇ ㄐㄧㄝˊ ㄩㄣˋ ㄇㄨˋ ㄓㄚˋ ㄒㄧㄢˋ
臺北捷運淡水線,1,ㄊㄞˊ ㄅㄟˇ ㄐㄧㄝˊ ㄩㄣˋ ㄉㄢˋ ㄕㄨㄟˇ ㄒㄧㄢˋ
臺灣世界展望會,1,ㄊㄞˊ ㄨㄢ ㄕˋ ㄐㄧㄝˋ ㄓㄢˇ ㄨㄤˋ ㄏㄨㄟˋ
臺灣新美術運動,1,ㄊㄞˊ ㄨㄢ ㄒㄧㄣ ㄇㄟˇ ㄕㄨˋ ㄩㄣˋ ㄉㄨㄥˋ
舉頭三尺有神明,1,ㄐㄩˇ ㄊㄡˊ ㄙㄢ ㄔˇ ㄧㄡˇ ㄕㄣˊ ㄇㄧㄥˊ
船到江心補漏遲,1,ㄔㄨㄢˊ ㄉㄠˋ ㄐㄧㄤ ㄒㄧㄣ ㄅㄨˇ ㄌㄡˋ ㄔˊ
良藥苦口利於病,1,ㄌㄧㄤˊ ㄧㄠˋ ㄎㄨˇ ㄎㄡˇ ㄌㄧˋ ㄩˊ ㄅㄧㄥˋ
良馬見鞭影而行,1,ㄌㄧㄤˊ ㄇㄚˇ ㄐㄧㄢˋ ㄅㄧㄢ ㄧㄥˇ ㄦˊ ㄒㄧㄥˊ
色字頭上一把刀,1,ㄙㄜˋ ㄗˋ ㄊㄡˊ ㄕㄤˋ ㄧ ㄅㄚˇ ㄉㄠ
艾維斯普里斯萊,1,ㄞˋ ㄨㄟˊ ㄙ ㄆㄨˇ ㄌㄧˇ ㄙ ㄌㄞˊ
英雄只怕病來磨,1,ㄧㄥ ㄒㄩㄥˊ ㄓˇ ㄆㄚˋ ㄅㄧㄥˋ ㄌㄞˊ ㄇㄛˊ
茄子也讓三分老,1,ㄑㄧㄝˊ ㄗ˙ ㄧㄝˇ ㄖㄤˋ ㄙㄢ ㄈㄣ ㄌㄠˇ
莫待無花空折枝,1,ㄇㄛˋ ㄉㄞˋ ㄨˊ ㄏㄨㄚ ㄎㄨㄥ ㄓㄜˊ ㄓ
莫與兒孫作馬牛,1,ㄇㄛˋ ㄩˇ ㄦˊ ㄙㄨㄣ ㄗㄨㄛˋ ㄇㄚˇ ㄋㄧㄡˊ
菩提道次第廣論,1,ㄆㄨˊ ㄊㄧˊ ㄉㄠˋ ㄘˋ ㄉㄧˋ ㄍㄨㄤˇ ㄌㄨㄣˋ
菲律賓新人民軍,1,ㄈㄟ ㄌㄩˋ ㄅㄧㄣ ㄒㄧㄣ ㄖㄣˊ ㄇㄧㄣˊ ㄐㄩㄣ
萬事皆從急中錯,1,ㄨㄢˋ ㄕˋ ㄐㄧㄝ ㄘㄨㄥˊ ㄐㄧˊ ㄓㄨㄥ ㄘㄨㄛˋ
萬綠叢中紅一點,1,ㄨㄢˋ ㄌㄩˋ ㄘㄨㄥˊ ㄓㄨㄥ ㄏㄨㄥˊ ㄧ ㄉㄧㄢˇ
落得河水不洗船,1,ㄌㄨㄛˋ ㄉㄜˊ ㄏㄜˊ ㄕㄨㄟˇ ㄅㄨˋ ㄒㄧˇ ㄔㄨㄢˊ
蒺藜沙上野花開,1,ㄐㄧˊ ㄌㄧˊ ㄕㄚ ㄕㄤˋ ㄧㄝˇ ㄏㄨㄚ ㄎㄞ
蓋洛普民意測驗,1,ㄍㄞˋ ㄌㄨㄛˋ ㄆㄨˇ ㄇㄧㄣˊ ㄧˋ ㄘㄜˋ ㄧㄢˋ
薩爾瓦多共和國,1,ㄙㄚˋ ㄦˇ ㄨㄚˇ ㄉㄨㄛ ㄍㄨㄥˋ ㄏㄜˊ ㄍㄨㄛˊ
虎落平原被犬欺,1,ㄏㄨˇ ㄌㄨㄛˋ ㄆㄧㄥˊ ㄩㄢˊ ㄅㄟˋ ㄑㄩㄢˇ ㄑㄧ
行家莫說力把話,1,ㄏㄤˊ ㄐㄧㄚ˙ ㄇㄛˋ ㄕㄨㄛ ㄌㄧˋ ㄅㄚ˙ ㄏㄨㄚˋ
衛星定位測繪點,1,ㄨㄟˋ ㄒㄧㄥ ㄉㄧㄥˋ ㄨㄟˋ ㄘㄜˋ ㄏㄨㄟˋ ㄉㄧㄢˇ
衣食足而知榮辱,1,ㄧ ㄕˊ ㄗㄨˊ ㄦˊ ㄓ ㄖㄨㄥˊ ㄖㄨˋ
裴萊吉伍斯一世,1,ㄆㄟˊ ㄌㄞˊ ㄐㄧˊ ㄨˇ ㄙ ㄧ ㄕˋ
裴萊吉伍斯二世,1,ㄆㄟˊ ㄌㄞˊ ㄐㄧˊ ㄨˇ ㄙ ㄦˋ ㄕˋ
西伯利亞反氣旋,1,ㄒㄧ ㄅㄛˊ ㄌㄧˋ ㄧㄚˋ ㄈㄢˇ ㄑㄧˋ ㄒㄩㄢˊ
見了和尚罵賊禿,1,ㄐㄧㄢˋ ㄌㄜ˙ ㄏㄜˊ ㄕㄤˋ ㄇㄚˋ ㄗㄟˊ ㄊㄨ
見了新人忘舊人,1,ㄐㄧㄢˋ ㄌㄜ˙ ㄒㄧㄣ ㄖㄣˊ ㄨㄤˋ ㄐㄧㄡˋ ㄖㄣˊ
親師語音教育網,1,ㄑㄧㄣ ㄕ ㄩˇ ㄧㄣ ㄐㄧㄠˋ ㄩˋ ㄨㄤˇ
觀光遊憩性資源,1,ㄍㄨㄢ ㄍㄨㄤ ㄧㄡˊ ㄑㄧˋ ㄒㄧㄥˋ ㄗ ㄩㄢˊ
解鈴還是繫鈴人,1,ㄐㄧㄝˇ ㄌㄧㄥˊ ㄏㄞˊ ㄕˋ ㄒㄧˋ ㄌㄧㄥˊ ㄖㄣˊ
詩詞曲語辭匯釋,1,ㄕ ㄘˊ ㄑㄩˇ ㄩˇ ㄘˊ ㄏㄨㄟˋ ㄕˋ
話到舌邊留半句,1,ㄏㄨㄚˋ ㄉㄠˋ ㄕㄜˊ ㄅㄧㄢ ㄌㄧㄡˊ ㄅㄢˋ ㄐㄩˋ
說嘴郎中無好藥,1,ㄕㄨㄛ ㄗㄨㄟˇ ㄌㄤˊ ㄓㄨㄥ ㄨˊ ㄏㄠˇ ㄧㄠˋ
說的比唱的好聽,1,ㄕㄨㄛ ㄉㄜ˙ ㄅㄧˇ ㄔㄤˋ ㄉㄜ˙ ㄏㄠˇ ㄊㄧㄥ
請神容易送神難,1,ㄑㄧㄥˇ ㄕㄣˊ ㄖㄨㄥˊ ㄧˋ ㄙㄨㄥˋ ㄕㄣˊ ㄋㄢˊ
象牙海岸共和國,1,ㄒㄧㄤˋ ㄧㄚˊ ㄏㄞˇ ㄢˋ ㄍㄨㄥˋ ㄏㄜˊ ㄍㄨㄛˊ
豬八戒吃人參果,1,ㄓㄨ ㄅㄚ ㄐㄧㄝˋ ㄔ ㄖㄣˊ ㄕㄣ ㄍㄨㄛˇ
貌雖瘦而天下肥,1,ㄇㄠˋ ㄙㄨㄟ ㄕㄡˋ ㄦˊ ㄊㄧㄢ ㄒㄧㄚˋ ㄈㄟˊ
貧賤之交不可忘,1,ㄆㄧㄣˊ ㄐㄧㄢˋ ㄓ ㄐㄧㄠ ㄅㄨˋ ㄎㄜˇ ㄨㄤˋ
資料庫管理系統,1,ㄗ ㄌㄧㄠˋ ㄎㄨˋ ㄍㄨㄢˇ ㄌㄧˇ ㄒㄧˋ ㄊㄨㄥˇ
賣了兒子招女婿,1,ㄇㄞˋ ㄌㄜ˙ ㄦˊ ㄗ˙ ㄓㄠ ㄋㄩˇ ㄒㄩˋ
賣油娘子水梳頭,1,ㄇㄞˋ ㄧㄡˊ ㄋㄧㄤˊ ㄗ˙ ㄕㄨㄟˇ ㄕㄨ ㄊㄡˊ
賣瓜的不說瓜苦,1,ㄇㄞˋ ㄍㄨㄚ ㄉㄜ˙ ㄅㄨˋ ㄕㄨㄛ ㄍㄨㄚ ㄎㄨˇ
賣金須向識金家,1,ㄇㄞˋ ㄐㄧㄣ ㄒㄩ ㄒㄧㄤˋ ㄕˋ ㄐㄧㄣ ㄐㄧㄚ
賣鹽的做雕鑾匠,1,ㄇㄞˋ ㄧㄢˊ ㄉㄜ˙ ㄗㄨㄛˋ ㄉㄧㄠ ㄌㄨㄢˊ ㄐㄧㄤˋ
賴比瑞亞共和國,1,ㄌㄞˋ ㄅㄧˇ ㄖㄨㄟˋ ㄧㄚˋ ㄍㄨㄥˋ ㄏㄜˊ ㄍㄨㄛˊ
賽普勒斯共和國,1,ㄙㄞˋ ㄆㄨˇ ㄌㄜˋ ㄙ ㄍㄨㄥˋ ㄏㄜˊ ㄍㄨㄛˊ
起頭容易結梢難,1,ㄑㄧˇ ㄊㄡˊ ㄖㄨㄥˊ ㄧˋ ㄐㄧㄝˊ ㄕㄠ ㄋㄢˊ
超文本傳輸協定,1,ㄔㄠ ㄨㄣˊ ㄅㄣˇ ㄔㄨㄢˊ ㄕㄨ ㄒㄧㄝˊ ㄉㄧㄥˋ
超文本描述語言,1,ㄔㄠ ㄨㄣˊ ㄅㄣˇ ㄇㄧㄠˊ ㄕㄨˋ ㄩˇ ㄧㄢˊ
超級三○一條款,1,ㄔㄠ ㄐㄧˊ ㄙㄢ ㄌㄧㄥˊ ㄧ ㄊㄧㄠˊ ㄎㄨㄢˇ
路上行人口似碑,1,ㄌㄨˋ ㄕㄤˋ ㄒㄧㄥˊ ㄖㄣˊ ㄎㄡˇ ㄙˋ ㄅㄟ
跳在黃河洗不清,1,ㄊㄧㄠˋ ㄗㄞˋ ㄏㄨㄤˊ ㄏㄜˊ ㄒㄧˇ ㄅㄨˋ ㄑㄧㄥ
跳虎撥著關捩子,1,ㄊㄧㄠˋ ㄏㄨˇ ㄅㄛ ㄓㄜ˙ ㄍㄨㄢ ㄌㄧㄝˋ ㄗ˙
身在曹營心在漢,1,ㄕㄣ ㄗㄞˋ ㄘㄠˊ ㄧㄥˊ ㄒㄧㄣ ㄗㄞˋ ㄏㄢˋ
車如流水馬如龍,1,ㄔㄜ ㄖㄨˊ ㄌㄧㄡˊ ㄕㄨㄟˇ ㄇㄚˇ ㄖㄨˊ ㄌㄨㄥˊ
車如雞棲馬如狗,1,ㄔㄜ ㄖㄨˊ ㄐㄧ ㄑㄧ ㄇㄚˇ ㄖㄨˊ ㄍㄡˇ
輪狀病毒傳染病,1,ㄌㄨㄣˊ ㄓㄨㄤˋ ㄅㄧㄥˋ ㄉㄨˊ ㄔㄨㄢˊ ㄖㄢˇ ㄅㄧㄥˋ
農業生產專業區,1,ㄋㄨㄥˊ ㄧㄝˋ ㄕㄥ ㄔㄢˇ ㄓㄨㄢ ㄧㄝˋ ㄑㄩ
農產品平準基金,1,ㄋㄨㄥˊ ㄔㄢˇ ㄆㄧㄣˇ ㄆㄧㄥˊ ㄓㄨㄣˇ ㄐㄧ ㄐㄧㄣ
近視眼生了瞎子,1,ㄐㄧㄣˋ ㄕˋ ㄧㄢˇ ㄕㄥ ㄌㄜ˙ ㄒㄧㄚ ㄗ˙
這山望見那山高,1,ㄓㄜˋ ㄕㄢ ㄨㄤˋ ㄐㄧㄢˋ ㄋㄚˋ ㄕㄢ ㄍㄠ
逢人只說三分話,1,ㄈㄥˊ ㄖㄣˊ ㄓˇ ㄕㄨㄛ ㄙㄢ ㄈㄣ ㄏㄨㄚˋ
連鬼也不見一個,1,ㄌㄧㄢˊ ㄍㄨㄟˇ ㄧㄝˇ ㄅㄨˋ ㄐㄧㄢˋ ㄧ ㄍㄜ˙
過了青春無少年,1,ㄍㄨㄛˋ ㄌㄜ˙ ㄑㄧㄥ ㄔㄨㄣ ㄨˊ ㄕㄠˋ ㄋㄧㄢˊ
過得一天算一天,1,ㄍㄨㄛˋ ㄉㄜ˙ ㄧ ㄊㄧㄢ ㄙㄨㄢˋ ㄧ ㄊㄧㄢ
遠水救不得近渴,1,ㄩㄢˇ ㄕㄨㄟˇ ㄐㄧㄡˋ ㄅㄨ˙ ㄉㄜ˙ ㄐㄧㄣˋ ㄎㄜˇ
那個耗子不偷油,1,ㄋㄚˇ ㄍㄜ˙ ㄏㄠˋ ㄗ˙ ㄅㄨˋ ㄊㄡ ㄧㄡˊ
那壺不開提那壺,1,ㄋㄚˇ ㄏㄨˊ ㄅㄨˋ ㄎㄞ ㄊㄧˊ ㄋㄚˇ ㄏㄨˊ
邱良功母節孝坊,1,ㄑㄧㄡ ㄌㄧㄤˊ ㄍㄨㄥ ㄇㄨˇ ㄐㄧㄝˊ ㄒㄧㄠˋ ㄈㄤ
醉翁之意不在酒,1,ㄗㄨㄟˋ ㄨㄥ ㄓ ㄧˋ ㄅㄨˋ ㄗㄞˋ ㄐㄧㄡˇ
醋娘子要食楊梅,1,ㄘㄨˋ ㄋㄧㄤˊ ㄗ˙ ㄧㄠˋ ㄕˊ ㄧㄤˊ ㄇㄟˊ
銀行利害關係人,1,ㄧㄣˊ ㄏㄤˊ ㄌㄧˋ ㄏㄞˋ ㄍㄨㄢ ㄒㄧˋ ㄖㄣˊ
銅盆撞了鐵掃帚,1,ㄊㄨㄥˊ ㄆㄣˊ ㄓㄨㄤˋ ㄌㄜ˙ ㄊㄧㄝˇ ㄙㄠˋ ㄓㄡˇ
鏇的不圓砍的圓,1,ㄒㄩㄢˋ ㄉㄜ˙ ㄅㄨˋ ㄩㄢˊ ㄎㄢˇ ㄉㄜ˙ ㄩㄢˊ
鐵樹開花水倒流,1,ㄊㄧㄝˇ ㄕㄨˋ ㄎㄞ ㄏㄨㄚ ㄕㄨㄟˇ ㄉㄠˋ ㄌㄧㄡˊ
長距離無線電話,1,ㄔㄤˊ ㄐㄩˋ ㄌㄧˊ ㄨˊ ㄒㄧㄢˋ ㄉㄧㄢˋ ㄏㄨㄚˋ
門神裡邊捲灶爺,1,ㄇㄣˊ ㄕㄣˊ ㄌㄧˇ ㄅㄧㄢ ㄐㄩㄢˇ ㄗㄠˋ ㄧㄝˊ
閉著眼睛捉麻雀,1,ㄅㄧˋ ㄓㄜ˙ ㄧㄢˇ ㄐㄧㄥ ㄓㄨㄛ ㄇㄚˊ ㄑㄩㄝˋ
開放性醫療制度,1,ㄎㄞ ㄈㄤˋ ㄒㄧㄥˋ ㄧ ㄌㄧㄠˊ ㄓˋ ㄉㄨˋ
閻王也怕拚命鬼,1,ㄧㄢˊ ㄨㄤˊ ㄧㄝˇ ㄆㄚˋ ㄆㄢˋ ㄇㄧㄥˋ ㄍㄨㄟˇ
關公面前耍大刀,1,ㄍㄨㄢ ㄍㄨㄥ ㄇㄧㄢˋ ㄑㄧㄢˊ ㄕㄨㄚˇ ㄉㄚˋ ㄉㄠ
防癆慈善紀念票,1,ㄈㄤˊ ㄌㄠˊ ㄘˊ ㄕㄢˋ ㄐㄧˋ ㄋㄧㄢˋ ㄆㄧㄠˋ
防鎖死煞車系統,1,ㄈㄤˊ ㄙㄨㄛˇ ㄙˇ ㄕㄚ ㄔㄜ ㄒㄧˋ ㄊㄨㄥˇ
阿富汗伊斯蘭國,1,ㄚ ㄈㄨˋ ㄏㄢˋ ㄧ ㄙ ㄌㄢˊ ㄍㄨㄛˊ
陀思妥耶夫斯基,1,ㄊㄨㄛˊ ㄙ ㄊㄨㄛˇ ㄧㄝˊ ㄈㄨ ㄙ ㄐㄧ
陪了夫人又折兵,1,ㄆㄟˊ ㄌㄜ˙ ㄈㄨ ㄖㄣˊ ㄧㄡˋ ㄓㄜˊ ㄅㄧㄥ
陰極射線示波器,1,ㄧㄣ ㄐㄧˊ ㄕㄜˋ ㄒㄧㄢˋ ㄕˋ ㄅㄛ ㄑㄧˋ
陷之死地而後生,1,ㄒㄧㄢˋ ㄓ ㄙˇ ㄉㄧˋ ㄦˊ ㄏㄡˋ ㄕㄥ
陽明山國家公園,1,ㄧㄤˊ ㄇㄧㄥˊ ㄕㄢ ㄍㄨㄛˊ ㄐㄧㄚ ㄍㄨㄥ ㄩㄢˊ
隔層肚皮隔層山,1,ㄍㄜˊ ㄘㄥˊ ㄉㄨˋ ㄆㄧˊ ㄍㄜˊ ㄘㄥˊ ㄕㄢ
隔著窗戶吹喇叭,1,ㄍㄜˊ ㄓㄜ˙ ㄔㄨㄤ ㄏㄨ˙ ㄔㄨㄟ ㄌㄚˇ ㄅㄚ˙
隔重肚皮隔重山,1,ㄍㄜˊ ㄔㄨㄥˊ ㄉㄨˋ ㄆㄧˊ ㄍㄜˊ ㄔㄨㄥˊ ㄕㄢ
隨機存取記憶體,1,ㄙㄨㄟˊ ㄐㄧ ㄘㄨㄣˊ ㄑㄩˇ ㄐㄧˋ ㄧˋ ㄊㄧˇ
雙日不著單日著,1,ㄕㄨㄤ ㄖˋ ㄅㄨˋ ㄓㄨㄛˊ ㄉㄢ ㄖˋ ㄓㄨㄛˊ
雙語立體聲系統,1,ㄕㄨㄤ ㄩˇ ㄌㄧˋ ㄊㄧˇ ㄕㄥ ㄒㄧˋ ㄊㄨㄥˇ
雷射血管成形術,1,ㄌㄟˊ ㄕㄜˋ ㄒㄧㄝˇ ㄍㄨㄢˇ ㄔㄥˊ ㄒㄧㄥˊ ㄕㄨˋ
電腦代理零售業,1,ㄉㄧㄢˋ ㄋㄠˇ ㄉㄞˋ ㄌㄧˇ ㄌㄧㄥˊ ㄕㄡˋ ㄧㄝˋ
電腦圖書出版業,1,ㄉㄧㄢˋ ㄋㄠˇ ㄊㄨˊ ㄕㄨ ㄔㄨ ㄅㄢˇ ㄧㄝˋ
露出了狐狸尾巴,1,ㄌㄡˋ ㄔㄨ ㄌㄜ˙ ㄏㄨˊ ㄌㄧ˙ ㄨㄟˇ ㄅㄚ˙
露營休閒車旅遊,1,ㄌㄨˋ ㄧㄥˊ ㄒㄧㄡ ㄒㄧㄢˊ ㄔㄜ ㄌㄩˇ ㄧㄡˊ
非游離輻射傷害,1,ㄈㄟ ㄧㄡˊ ㄌㄧˊ ㄈㄨˊ ㄕㄜˋ ㄕㄤ ㄏㄞˋ
革命先烈紀念日,1,ㄍㄜˊ ㄇㄧㄥˋ ㄒㄧㄢ ㄌㄧㄝˋ ㄐㄧˋ ㄋㄧㄢˋ ㄖˋ
韓國第五共和國,1,ㄏㄢˊ ㄍㄨㄛˊ ㄉㄧˋ ㄨˇ ㄍㄨㄥˋ ㄏㄜˊ ㄍㄨㄛˊ
頂梁骨走了真魂,1,ㄉㄧㄥˇ ㄌㄧㄤˊ ㄍㄨˇ ㄗㄡˇ ㄌㄜ˙ ㄓㄣ ㄏㄨㄣˊ
須將有日思無日,1,ㄒㄩ ㄐㄧㄤ ㄧㄡˇ ㄖˋ ㄙ ㄨˊ ㄖˋ
頓巴敦橡園會議,1,ㄉㄨㄣˋ ㄅㄚ ㄉㄨㄣ ㄒㄧㄤˋ ㄩㄢˊ ㄏㄨㄟˋ ㄧˋ
頭醋不釅二醋薄,1,ㄊㄡˊ ㄘㄨˋ ㄅㄨˋ ㄧㄢˋ ㄦˋ ㄘㄨˋ ㄅㄛˊ
類風溼性關節炎,1,ㄌㄟˋ ㄈㄥ ㄕ ㄒㄧㄥˋ ㄍㄨㄢ ㄐㄧㄝˊ ㄧㄢˊ
風吹砂子迷了眼,1,ㄈㄥ ㄔㄨㄟ ㄕㄚ ㄗ˙ ㄇㄧˊ ㄌㄜ˙ ㄧㄢˇ
飛機派遣可靠率,1,ㄈㄟ ㄐㄧ ㄆㄞˋ ㄑㄧㄢˇ ㄎㄜˇ ㄎㄠˋ ㄌㄩˋ
飛航資料記錄器,1,ㄈㄟ ㄏㄤˊ ㄗ ㄌㄧㄠˋ ㄐㄧˋ ㄌㄨˋ ㄑㄧˋ
飽人不知餓人飢,1,ㄅㄠˇ ㄖㄣˊ ㄅㄨˋ ㄓ ㄜˋ ㄖㄣˊ ㄐㄧ
飽漢不知餓漢饑,1,ㄅㄠˇ ㄏㄢˋ ㄅㄨˋ ㄓ ㄜˋ ㄏㄢˋ ㄐㄧ
饅頭不吃惹身羶,1,ㄇㄢˊ ㄊㄡ˙ ㄅㄨˋ ㄔ ㄖㄜˇ ㄕㄣ ㄕㄢ
香港國際電影節,1,ㄒㄧㄤ ㄍㄤˇ ㄍㄨㄛˊ ㄐㄧˋ ㄉㄧㄢˋ ㄧㄥˇ ㄐㄧㄝˊ
馬屁拍在馬腳上,1,ㄇㄚˇ ㄆㄧˋ ㄆㄞ ㄗㄞˋ ㄇㄚˇ ㄐㄧㄠˇ ㄕㄤˋ
馬屁拍在馬腿上,1,ㄇㄚˇ ㄆㄧˋ ㄆㄞ ㄗㄞˋ ㄇㄚˇ ㄊㄨㄟˇ ㄕㄤˋ
馬爾地夫共和國,1,ㄇㄚˇ ㄦˇ ㄉㄧˋ ㄈㄨ ㄍㄨㄥˋ ㄏㄜˊ ㄍㄨㄛˊ
馬爾薩斯人口論,1,ㄇㄚˇ ㄦˇ ㄙㄚˋ ㄙ ㄖㄣˊ ㄎㄡˇ ㄌㄨㄣˋ
馬蹄刀瓢裡切菜,1,ㄇㄚˇ ㄊㄧˊ ㄉㄠ ㄆㄧㄠˊ ㄌㄧˇ ㄑㄧㄝ ㄘㄞˋ
馳韓盧而搏蹇兔,1,ㄔˊ ㄏㄢˊ ㄌㄨˊ ㄦˊ ㄅㄛˊ ㄐㄧㄢˇ ㄊㄨˋ
魯班門前掉大斧,1,ㄌㄨˇ ㄅㄢ ㄇㄣˊ ㄑㄧㄢˊ ㄉㄧㄠˋ ㄉㄚˋ ㄈㄨˇ
魯般手裡調大斧,1,ㄌㄨˇ ㄅㄢ ㄕㄡˇ ㄌㄧˇ ㄉㄧㄠˋ ㄉㄚˋ ㄈㄨˇ
魯般門前掉大斧,1,ㄌㄨˇ ㄅㄢ ㄇㄣˊ ㄑㄧㄢˊ ㄉㄧㄠˋ ㄉㄚˋ ㄈㄨˇ
魯酒薄而邯鄲圍,1,ㄌㄨˇ ㄐㄧㄡˇ ㄅㄛˊ ㄦˊ ㄏㄢˊ ㄉㄢ ㄨㄟˊ
鳳凰無寶處不落,1,ㄈㄥˋ ㄏㄨㄤˊ ㄨˊ ㄅㄠˇ ㄔㄨˋ ㄅㄨˋ ㄌㄨㄛˋ
鳳凰飛上梧桐樹,1,ㄈㄥˋ ㄏㄨㄤˊ ㄈㄟ ㄕㄤˋ ㄨˊ ㄊㄨㄥˊ ㄕㄨˋ
鴨蛋雖密也有縫,1,ㄧㄚ ㄉㄢˋ ㄙㄨㄟ ㄇㄧˋ ㄧㄝˇ ㄧㄡˇ ㄈㄥˋ
鵓鴿揀著旺處飛,1,ㄅㄛˊ ㄍㄜ ㄐㄧㄢˇ ㄓㄜ˙ ㄨㄤˋ ㄔㄨˋ ㄈㄟ
麥克羅尼西亞人,1,ㄇㄞˋ ㄎㄜˋ ㄌㄨㄛˊ ㄋㄧˊ ㄒㄧ ㄧㄚˋ ㄖㄣˊ
麻婆子的裹腳布,1,ㄇㄚˊ ㄆㄛˊ ㄗ˙ ㄉㄜ˙ ㄍㄨㄛˇ ㄐㄧㄠˇ ㄅㄨˋ
黃柏木作磬槌子,1,ㄏㄨㄤˊ ㄅㄛˊ ㄇㄨˋ ㄗㄨㄛˋ ㄑㄧㄥˋ ㄔㄨㄟˊ ㄗ˙
黃梅不落青梅落,1,ㄏㄨㄤˊ ㄇㄟˊ ㄅㄨˋ ㄌㄨㄛˋ ㄑㄧㄥ ㄇㄟˊ ㄌㄨㄛˋ
黃泉路上沒老少,1,ㄏㄨㄤˊ ㄑㄩㄢˊ ㄌㄨˋ ㄕㄤˋ ㄇㄟˊ ㄌㄠˇ ㄕㄠˋ
黑雲壓城城欲摧,1,ㄏㄟ ㄩㄣˊ ㄧㄚ ㄔㄥˊ ㄔㄥˊ ㄩˋ ㄘㄨㄟ
鼻涕沒有倒流的,1,ㄅㄧˊ ㄊㄧˋ ㄇㄟˊ ㄧㄡˇ ㄉㄠˋ ㄌㄧㄡˊ ㄉㄜ˙
龍游淺水遭蝦戲,1,ㄌㄨㄥˊ ㄧㄡˊ ㄑㄧㄢˇ ㄕㄨㄟˇ ㄗㄠ ㄒㄧㄚ ㄒㄧˋ
龜山史前文化相,1,ㄍㄨㄟ ㄕㄢ ㄕˇ ㄑㄧㄢˊ ㄨㄣˊ ㄏㄨㄚˋ ㄒㄧㄤˋ
一個紅臉一個白臉,1,ㄧ ㄍㄜ˙ ㄏㄨㄥˊ ㄌㄧㄢˇ ㄧ ㄍㄜ˙ ㄅㄞˊ ㄌㄧㄢˇ
一制性資源定位法,1,ㄧ ㄓˋ ㄒㄧㄥˋ ㄗ ㄩㄢˊ ㄉㄧㄥˋ ㄨㄟˋ ㄈㄚˇ
一文錢逼死英雄漢,1,ㄧ ㄨㄣˊ ㄑㄧㄢˊ ㄅㄧ ㄙˇ ㄧㄥ ㄒㄩㄥˊ ㄏㄢˋ
一竿子打翻一條船,1,ㄧ ㄍㄢ ㄗ˙ ㄉㄚˇ ㄈㄢ ㄧ ㄊㄧㄠˊ ㄔㄨㄢˊ
一胎生兩三個孩子,1,ㄧ ㄊㄞ ㄕㄥ ㄌㄧㄤˇ ㄙㄢ ㄍㄜ ㄏㄞˊ ㄗ˙
一胎生兩三個孩子,1,ㄧ ㄊㄞ ㄕㄥ ㄌㄧㄤˇ ㄙㄢ ㄍㄜ˙ ㄏㄞˊ ㄗ˙
一身做不得兩件事,1,ㄧ ㄕㄣ ㄗㄨㄛˋ ㄅㄨˋ ㄉㄜˊ ㄌㄧㄤˇ ㄐㄧㄢˋ ㄕˋ
三人抬不過個理字,1,ㄙㄢ ㄖㄣˊ ㄊㄞˊ ㄅㄨˋ ㄍㄨㄛˋ ㄍㄜ˙ ㄌㄧˇ ㄗˋ
三十年風水輪流轉,1,ㄙㄢ ㄕˊ ㄋㄧㄢˊ ㄈㄥ ㄕㄨㄟˇ ㄌㄨㄣˊ ㄌㄧㄡˊ ㄓㄨㄢˋ
上天不生無祿之人,1,ㄕㄤˋ ㄊㄧㄢ ㄅㄨˋ ㄕㄥ ㄨˊ ㄌㄨˋ ㄓ ㄖㄣˊ
不知人間有羞恥事,1,ㄅㄨˋ ㄓ ㄖㄣˊ ㄐㄧㄢ ㄧㄡˇ ㄒㄧㄡ ㄔˇ ㄕˋ
不貴尺璧而重寸陰,1,ㄅㄨˋ ㄍㄨㄟˋ ㄔˇ ㄅㄧˋ ㄦˊ ㄓㄨㄥˋ ㄘㄨㄣˋ ㄧㄣ
中華兒童百科全書,1,ㄓㄨㄥ ㄏㄨㄚˊ ㄦˊ ㄊㄨㄥˊ ㄅㄞˇ ㄎㄜ ㄑㄩㄢˊ ㄕㄨ
中華文化復興運動,1,ㄓㄨㄥ ㄏㄨㄚˊ ㄨㄣˊ ㄏㄨㄚˋ ㄈㄨˋ ㄒㄧㄥ ㄩㄣˋ ㄉㄨㄥˋ
中華民國紅十字會,1,ㄓㄨㄥ ㄏㄨㄚˊ ㄇㄧㄣˊ ㄍㄨㄛˊ ㄏㄨㄥˊ ㄕˊ ㄗˋ ㄏㄨㄟˋ
主從架構資訊網路,1,ㄓㄨˇ ㄗㄨㄥˋ ㄐㄧㄚˋ ㄍㄡˋ ㄗ ㄒㄩㄣˋ ㄨㄤˇ ㄌㄨˋ
九牛身上拔一根毛,1,ㄐㄧㄡˇ ㄋㄧㄡˊ ㄕㄣ ㄕㄤˋ ㄅㄚˊ ㄧ ㄍㄣ ㄇㄠˊ
九頭牛也拽不出去,1,ㄐㄧㄡˇ ㄊㄡˊ ㄋㄧㄡˊ ㄧㄝˇ ㄓㄨㄞˋ ㄅㄨˋ ㄔㄨ ㄑㄩˋ
五度制調值標記法,1,ㄨˇ ㄉㄨˋ ㄓˋ ㄉㄧㄠˋ ㄓˊ ㄅㄧㄠ ㄐㄧˋ ㄈㄚˇ
亞太安全合作會議,1,ㄧㄚˋ ㄊㄞˋ ㄢ ㄑㄩㄢˊ ㄏㄜˊ ㄗㄨㄛˋ ㄏㄨㄟˋ ㄧˋ
以己之心度人之心,1,ㄧˇ ㄐㄧˇ ㄓ ㄒㄧㄣ ㄉㄨㄛˋ ㄖㄣˊ ㄓ ㄒㄧㄣ
伊朗伊斯蘭共和國,1,ㄧ ㄌㄤˇ ㄧ ㄙ ㄌㄢˊ ㄍㄨㄥˋ ㄏㄜˊ ㄍㄨㄛˊ
偷來的鑼鼓打不得,1,ㄊㄡ ㄌㄞˊ ㄉㄜ˙ ㄌㄨㄛˊ ㄍㄨˇ ㄉㄚˇ ㄅㄨˋ ㄉㄜˊ
入口匝道號誌管制,1,ㄖㄨˋ ㄎㄡˇ ㄗㄚ ㄉㄠˋ ㄏㄠˋ ㄓˋ ㄍㄨㄢˇ ㄓˋ
兩岸人民關係條例,1,ㄌㄧㄤˇ ㄢˋ ㄖㄣˊ ㄇㄧㄣˊ ㄍㄨㄢ ㄒㄧˋ ㄊㄧㄠˊ ㄌㄧˋ
公雞給黃鼠狼拜年,1,ㄍㄨㄥ ㄐㄧ ㄍㄟˇ ㄏㄨㄤˊ ㄕㄨˇ ㄌㄤˊ ㄅㄞˋ ㄋㄧㄢˊ
冰生於水而寒於水,1,ㄅㄧㄥ ㄕㄥ ㄩˊ ㄕㄨㄟˇ ㄦˊ ㄏㄢˊ ㄩˊ ㄕㄨㄟˇ
冷手撾不著熱饅首,1,ㄌㄥˇ ㄕㄡˇ ㄓㄨㄚ ㄅㄨˋ ㄓㄠˊ ㄖㄜˋ ㄇㄢˊ ㄕㄡˇ
別人的孩子死不完,1,ㄅㄧㄝˊ ㄖㄣˊ ㄉㄜ˙ ㄏㄞˊ ㄗ˙ ㄙˇ ㄅㄨˋ ㄨㄢˊ
前無古人後無來者,1,ㄑㄧㄢˊ ㄨˊ ㄍㄨˇ ㄖㄣˊ ㄏㄡˋ ㄨˊ ㄌㄞˊ ㄓㄜˇ
劉海兒金錢墊香爐,1,ㄌㄧㄡˊ ㄏㄞˇ ㄦˊ ㄐㄧㄣ ㄑㄧㄢˊ ㄉㄧㄢˋ ㄒㄧㄤ ㄌㄨˊ
加勒比海共同市場,1,ㄐㄧㄚ ㄌㄜˋ ㄅㄧˇ ㄏㄞˇ ㄍㄨㄥˋ ㄊㄨㄥˊ ㄕˋ ㄔㄤˇ
加勒比海盆地方案,1,ㄐㄧㄚ ㄌㄜˋ ㄅㄧˇ ㄏㄞˇ ㄆㄣˊ ㄉㄧˋ ㄈㄤ ㄢˋ
動脈硬化性心臟病,1,ㄉㄨㄥˋ ㄇㄞˋ ㄧㄥˋ ㄏㄨㄚˋ ㄒㄧㄥˋ ㄒㄧㄣ ㄗㄤˋ ㄅㄧㄥˋ
北大西洋公約組織,1,ㄅㄟˇ ㄉㄚˋ ㄒㄧ ㄧㄤˊ ㄍㄨㄥ ㄩㄝ ㄗㄨˇ ㄓ
十個指頭咬著都痛,1,ㄕˊ ㄍㄜ˙ ㄓˇ ㄊㄡ˙ ㄧㄠˇ ㄓㄜ˙ ㄉㄡ ㄊㄨㄥˋ
十個明星當不的月,1,ㄕˊ ㄍㄜ˙ ㄇㄧㄥˊ ㄒㄧㄥ ㄉㄤ ㄅㄨˋ ㄉㄜ˙ ㄩㄝˋ
十八的姑娘一朵花,1,ㄕˊ ㄅㄚ ㄉㄜ˙ ㄍㄨ ㄋㄧㄤˊ ㄧ ㄉㄨㄛˇ ㄏㄨㄚ
十六位元個人電腦,1,ㄕˊ ㄌㄧㄡˋ ㄨㄟˋ ㄩㄢˊ ㄍㄜˋ ㄖㄣˊ ㄉㄧㄢˋ ㄋㄠˇ
印度尼西亞共和國,1,ㄧㄣˋ ㄉㄨˋ ㄋㄧˊ ㄒㄧ ㄧㄚˋ ㄍㄨㄥˋ ㄏㄜˊ ㄍㄨㄛˊ
叮叮噹噹響的婆娘,1,ㄉㄧㄥ ㄉㄧㄥ˙ ㄉㄤ ㄉㄤ ㄒㄧㄤˇ ㄉㄜ˙ ㄆㄛˊ ㄋㄧㄤ˙
吃飯別忘了種穀人,1,ㄔ ㄈㄢˋ ㄅㄧㄝˊ ㄨㄤˋ ㄌㄜ˙ ㄓㄨㄥˋ ㄍㄨˇ ㄖㄣˊ
同步輻射研究中心,1,ㄊㄨㄥˊ ㄅㄨˋ ㄈㄨˊ ㄕㄜˋ ㄧㄢˊ ㄐㄧㄡˋ ㄓㄨㄥ ㄒㄧㄣ
哥斯大黎加共和國,1,ㄍㄜ ㄙ ㄉㄚˋ ㄌㄧˊ ㄐㄧㄚ ㄍㄨㄥˋ ㄏㄜˊ ㄍㄨㄛˊ
唐胖子吊在醋缸裡,1,ㄊㄤˊ ㄆㄤˋ ㄗ˙ ㄉㄧㄠˋ ㄗㄞˋ ㄘㄨˋ ㄍㄤ ㄌㄧˇ
喬太守亂點鴛鴦譜,1,ㄑㄧㄠˊ ㄊㄞˋ ㄕㄡˇ ㄌㄨㄢˋ ㄉㄧㄢˇ ㄩㄢ ㄧㄤ ㄆㄨˇ
嘉南藥理科技大學,1,ㄐㄧㄚ ㄋㄢˊ ㄧㄠˋ ㄌㄧˇ ㄎㄜ ㄐㄧˋ ㄉㄚˋ ㄒㄩㄝˊ
四庫全書總目提要,1,ㄙˋ ㄎㄨˋ ㄑㄩㄢˊ ㄕㄨ ㄗㄨㄥˇ ㄇㄨˋ ㄊㄧˊ ㄧㄠˋ
國家永續發展論壇,1,ㄍㄨㄛˊ ㄐㄧㄚ ㄩㄥˇ ㄒㄩˋ ㄈㄚ ㄓㄢˇ ㄌㄨㄣˋ ㄊㄢˊ
國家空氣品質標準,1,ㄍㄨㄛˊ ㄐㄧㄚ ㄎㄨㄥ ㄑㄧˋ ㄆㄧㄣˇ ㄓˊ ㄅㄧㄠ ㄓㄨㄣˇ
國家資訊基礎建設,1,ㄍㄨㄛˊ ㄐㄧㄚ ㄗ ㄒㄩㄣˋ ㄐㄧ ㄔㄨˇ ㄐㄧㄢˋ ㄕㄜˋ
國家資訊高速公路,1,ㄍㄨㄛˊ ㄐㄧㄚ ㄗ ㄒㄩㄣˋ ㄍㄠ ㄙㄨˋ ㄍㄨㄥ ㄌㄨˋ
國家電影文化中心,1,ㄍㄨㄛˊ ㄐㄧㄚ ㄉㄧㄢˋ ㄧㄥˇ ㄨㄣˊ ㄏㄨㄚˋ ㄓㄨㄥ ㄒㄧㄣ
國家高速電腦中心,1,ㄍㄨㄛˊ ㄐㄧㄚ ㄍㄠ ㄙㄨˋ ㄉㄧㄢˋ ㄋㄠˇ ㄓㄨㄥ ㄒㄧㄣ
國民就業輔導中心,1,ㄍㄨㄛˊ ㄇㄧㄣˊ ㄐㄧㄡˋ ㄧㄝˋ ㄈㄨˇ ㄉㄠˇ ㄓㄨㄥ ㄒㄧㄣ
國立教育廣播電臺,1,ㄍㄨㄛˊ ㄌㄧˋ ㄐㄧㄠˋ ㄩˋ ㄍㄨㄤˇ ㄅㄛˋ ㄉㄧㄢˋ ㄊㄞˊ
國際傳播衛星公司,1,ㄍㄨㄛˊ ㄐㄧˋ ㄔㄨㄢˊ ㄅㄛˋ ㄨㄟˋ ㄒㄧㄥ ㄍㄨㄥ ㄙ
國際免費電話業務,1,ㄍㄨㄛˊ ㄐㄧˋ ㄇㄧㄢˇ ㄈㄟˋ ㄉㄧㄢˋ ㄏㄨㄚˋ ㄧㄝˋ ㄨˋ
國際刑事警察組織,1,ㄍㄨㄛˊ ㄐㄧˋ ㄒㄧㄥˊ ㄕˋ ㄐㄧㄥˇ ㄔㄚˊ ㄗㄨˇ ㄓ
國際商業機器公司,1,ㄍㄨㄛˊ ㄐㄧˋ ㄕㄤ ㄧㄝˋ ㄐㄧ ㄑㄧˋ ㄍㄨㄥ ㄙ
國際漫遊撥接服務,1,ㄍㄨㄛˊ ㄐㄧˋ ㄇㄢˋ ㄧㄡˊ ㄅㄛ ㄐㄧㄝ ㄈㄨˊ ㄨˋ
埃及阿拉伯共和國,1,ㄞ ㄐㄧˊ ㄚ ㄌㄚ ㄅㄛˊ ㄍㄨㄥˋ ㄏㄜˊ ㄍㄨㄛˊ
基督教兒童基金會,1,ㄐㄧ ㄉㄨ ㄐㄧㄠˋ ㄦˊ ㄊㄨㄥˊ ㄐㄧ ㄐㄧㄣ ㄏㄨㄟˋ
基督教科學箴言報,1,ㄐㄧ ㄉㄨ ㄐㄧㄠˋ ㄎㄜ ㄒㄩㄝˊ ㄓㄣ ㄧㄢˊ ㄅㄠˋ
多一事不如少一事,1,ㄉㄨㄛ ㄧ ㄕˋ ㄅㄨˋ ㄖㄨˊ ㄕㄠˇ ㄧ ㄕˋ
多一事不如省一事,1,ㄉㄨㄛ ㄧ ㄕˋ ㄅㄨˋ ㄖㄨˊ ㄕㄥˇ ㄧ ㄕˋ
多元不飽和脂肪酸,1,ㄉㄨㄛ ㄩㄢˊ ㄅㄨˋ ㄅㄠˇ ㄏㄜˊ ㄓ ㄈㄤˊ ㄙㄨㄢ
多媒體光碟圖書館,1,ㄉㄨㄛ ㄇㄟˊ ㄊㄧˇ ㄍㄨㄤ ㄉㄧㄝˊ ㄊㄨˊ ㄕㄨ ㄍㄨㄢˇ
大唐三藏取經詩話,1,ㄉㄚˋ ㄊㄤˊ ㄙㄢ ㄗㄤˋ ㄑㄩˇ ㄐㄧㄥ ㄕ ㄏㄨㄚˋ
天下無不散的筵席,1,ㄊㄧㄢ ㄒㄧㄚˋ ㄨˊ ㄅㄨˋ ㄙㄢˋ ㄉㄜ˙ ㄧㄢˊ ㄒㄧˊ
天下無不是的父母,1,ㄊㄧㄢ ㄒㄧㄚˋ ㄨˊ ㄅㄨˋ ㄕˋ ㄉㄜ˙ ㄈㄨˋ ㄇㄨˇ
天道無親常與善人,1,ㄊㄧㄢ ㄉㄠˋ ㄨˊ ㄑㄧㄣ ㄔㄤˊ ㄩˇ ㄕㄢˋ ㄖㄣˊ
好心倒做了驢肝肺,1,ㄏㄠˇ ㄒㄧㄣ ㄉㄠˋ ㄗㄨㄛˋ ㄌㄜ˙ ㄌㄩˊ ㄍㄢ ㄈㄟˋ
孔夫子門前賣文章,1,ㄎㄨㄥˇ ㄈㄨ ㄗˇ ㄇㄣˊ ㄑㄧㄢˊ ㄇㄞˋ ㄨㄣˊ ㄓㄤ
孟加拉人民共和國,1,ㄇㄥˋ ㄐㄧㄚ ㄌㄚ ㄖㄣˊ ㄇㄧㄣˊ ㄍㄨㄥˋ ㄏㄜˊ ㄍㄨㄛˊ
家家有本難念的經,1,ㄐㄧㄚ ㄐㄧㄚ ㄧㄡˇ ㄅㄣˇ ㄋㄢˊ ㄋㄧㄢˋ ㄉㄜ˙ ㄐㄧㄥ
家庭計畫推廣中心,1,ㄐㄧㄚ ㄊㄧㄥˊ ㄐㄧˋ ㄏㄨㄚˋ ㄊㄨㄟ ㄍㄨㄤˇ ㄓㄨㄥ ㄒㄧㄣ
寮人民民主共和國,1,ㄌㄧㄠˊ ㄖㄣˊ ㄇㄧㄣˊ ㄇㄧㄣˊ ㄓㄨˇ ㄍㄨㄥˋ ㄏㄜˊ ㄍㄨㄛˊ
川淵深而魚鱉歸之,1,ㄔㄨㄢ ㄩㄢ ㄕㄣ ㄦˊ ㄩˊ ㄅㄧㄝ ㄍㄨㄟ ㄓ
巧婦難為無米之炊,1,ㄑㄧㄠˇ ㄈㄨˋ ㄋㄢˊ ㄨㄟˊ ㄨˊ ㄇㄧˇ ㄓ ㄔㄨㄟ
巴勒斯坦解放組織,1,ㄅㄚ ㄌㄜˋ ㄙ ㄊㄢˇ ㄐㄧㄝˇ ㄈㄤˋ ㄗㄨˇ ㄓ
平地上起一個霹靂,1,ㄆㄧㄥˊ ㄉㄧˋ ㄕㄤˋ ㄑㄧˇ ㄧ ㄍㄜˋ ㄆㄧ ㄌㄧˋ
平均國民生產毛額,1,ㄆㄧㄥˊ ㄐㄩㄣ ㄍㄨㄛˊ ㄇㄧㄣˊ ㄕㄥ ㄔㄢˇ ㄇㄠˊ ㄜˊ
幻象二○○○戰機,1,ㄏㄨㄢˋ ㄒㄧㄤˋ ㄦˋ ㄌㄧㄥˊ ㄌㄧㄥˊ ㄌㄧㄥˊ ㄓㄢˋ ㄐㄧ
幾內亞比索共和國,1,ㄐㄧ ㄋㄟˋ ㄧㄚˋ ㄅㄧˇ ㄙㄨㄛˇ ㄍㄨㄥˋ ㄏㄜˊ ㄍㄨㄛˊ
德俄互不侵犯條約,1,ㄉㄜˊ ㄜˊ ㄏㄨˋ ㄅㄨˋ ㄑㄧㄣ ㄈㄢˋ ㄊㄧㄠˊ ㄩㄝ
德意志民主共和國,1,ㄉㄜˊ ㄧˋ ㄓˋ ㄇㄧㄣˊ ㄓㄨˇ ㄍㄨㄥˋ ㄏㄜˊ ㄍㄨㄛˊ
德意志聯邦共和國,1,ㄉㄜˊ ㄧˋ ㄓˋ ㄌㄧㄢˊ ㄅㄤ ㄍㄨㄥˋ ㄏㄜˊ ㄍㄨㄛˊ
心頭小鹿撞個不住,1,ㄒㄧㄣ ㄊㄡˊ ㄒㄧㄠˇ ㄌㄨˋ ㄓㄨㄤˋ ㄍㄜ˙ ㄅㄨˋ ㄓㄨˋ
急性脊髓灰白質炎,1,ㄐㄧˊ ㄒㄧㄥˋ ㄐㄧˊ ㄙㄨㄟˇ ㄏㄨㄟ ㄅㄞˊ ㄓˊ ㄧㄢˊ
急驚風撞著慢郎中,1,ㄐㄧˊ ㄐㄧㄥ ㄈㄥ ㄓㄨㄤˋ ㄓㄠˊ ㄇㄢˋ ㄌㄤˊ ㄓㄨㄥ
急驚風遇著慢郎中,1,ㄐㄧˊ ㄐㄧㄥ ㄈㄥ ㄩˋ ㄓㄠˊ ㄇㄢˋ ㄌㄤˊ ㄓㄨㄥ
扁擔壓不出個屁來,1,ㄅㄧㄢˇ ㄉㄢ˙ ㄧㄚ ㄅㄨˋ ㄔㄨ ㄍㄜ˙ ㄆㄧˋ ㄌㄞ˙
打狗也要看主人面,1,ㄉㄚˇ ㄍㄡˇ ㄧㄝˇ ㄧㄠˋ ㄎㄢˋ ㄓㄨˇ ㄖㄣˊ ㄇㄧㄢˋ
打著燈籠也沒處找,1,ㄉㄚˇ ㄓㄜ˙ ㄉㄥ ㄌㄨㄥˊ ㄧㄝˇ ㄇㄟˊ ㄔㄨˋ ㄓㄠˇ
拿雞蛋往石頭上碰,1,ㄋㄚˊ ㄐㄧ ㄉㄢˋ ㄨㄤˇ ㄕˊ ㄊㄡ˙ ㄕㄤˋ ㄆㄥˋ
提著影戲人子上場,1,ㄊㄧˊ ㄓㄜ˙ ㄧㄥˇ ㄒㄧˋ ㄖㄣˊ ㄗ˙ ㄕㄤˋ ㄔㄤˊ
搬石頭砸自己的腳,1,ㄅㄢ ㄕˊ ㄊㄡ˙ ㄗㄚˊ ㄗˋ ㄐㄧˇ ㄉㄜ˙ ㄐㄧㄠˇ
數位快速篆刻系統,1,ㄕㄨˋ ㄨㄟˋ ㄎㄨㄞˋ ㄙㄨˋ ㄓㄨㄢˋ ㄎㄜˋ ㄒㄧˋ ㄊㄨㄥˇ
斯堪的那維亞半島,1,ㄙ ㄎㄢ ㄉㄧˋ ㄋㄚˋ ㄨㄟˊ ㄧㄚˋ ㄅㄢˋ ㄉㄠˇ
新竹科學工業園區,1,ㄒㄧㄣ ㄓㄨˊ ㄎㄜ ㄒㄩㄝˊ ㄍㄨㄥ ㄧㄝˋ ㄩㄢˊ ㄑㄩ
會捉老鼠的貓不叫,1,ㄏㄨㄟˋ ㄓㄨㄛ ㄌㄠˇ ㄕㄨˇ ㄉㄜ˙ ㄇㄠ ㄅㄨˋ ㄐㄧㄠˋ
有個地洞鑽了下去,1,ㄧㄡˇ ㄍㄜ˙ ㄉㄧˋ ㄉㄨㄥˋ ㄗㄨㄢ ㄌㄜ˙ ㄒㄧㄚˋ ㄑㄩˋ
有線電視暫行條例,1,ㄧㄡˇ ㄒㄧㄢˋ ㄉㄧㄢˋ ㄕˋ ㄓㄢˋ ㄒㄧㄥˊ ㄊㄧㄠˊ ㄌㄧˋ
朝廷不可一日無君,1,ㄔㄠˊ ㄊㄧㄥˊ ㄅㄨˋ ㄎㄜˇ ㄧ ㄖˋ ㄨˊ ㄐㄩㄣ
杜威十進位分類法,1,ㄉㄨˋ ㄨㄟ ㄕˊ ㄐㄧㄣˋ ㄨㄟˋ ㄈㄣ ㄌㄟˋ ㄈㄚˇ
東作既失秋成無望,1,ㄉㄨㄥ ㄗㄨㄛˋ ㄐㄧˋ ㄕ ㄑㄧㄡ ㄔㄥˊ ㄨˊ ㄨㄤˋ
查泰萊夫人的情人,1,ㄔㄚˊ ㄊㄞˋ ㄌㄞˊ ㄈㄨ ㄖㄣˊ ㄉㄜ˙ ㄑㄧㄥˊ ㄖㄣˊ
求灶頭不如求灶尾,1,ㄑㄧㄡˊ ㄗㄠˋ ㄊㄡˊ ㄅㄨˋ ㄖㄨˊ ㄑㄧㄡˊ ㄗㄠˋ ㄨㄟˇ
汽車第三責任保險,1,ㄑㄧˋ ㄔㄜ ㄉㄧˋ ㄙㄢ ㄗㄜˊ ㄖㄣˋ ㄅㄠˇ ㄒㄧㄢˇ
沒一事不可對人言,1,ㄇㄟˊ ㄧ ㄕˋ ㄅㄨˋ ㄎㄜˇ ㄉㄨㄟˋ ㄖㄣˊ ㄧㄢˊ
沒肉也有四兩豆腐,1,ㄇㄟˊ ㄖㄡˋ ㄧㄝˇ ㄧㄡˇ ㄙˋ ㄌㄧㄤˇ ㄉㄡˋ ㄈㄨ˙
沙烏地阿拉伯王國,1,ㄕㄚ ㄨ ㄉㄧˋ ㄚˋ ㄌㄚ ㄅㄛˊ ㄨㄤˊ ㄍㄨㄛˊ
河裡淹死是會水的,1,ㄏㄜˊ ㄌㄧˇ ㄧㄢ ㄙˇ ㄕˋ ㄏㄨㄟˋ ㄕㄨㄟˇ ㄉㄜ˙
法因於敝而成於過,1,ㄈㄚˇ ㄧㄣ ㄩˊ ㄅㄧˋ ㄦˊ ㄔㄥˊ ㄩˊ ㄍㄨㄛˋ
法律不溯既往原則,1,ㄈㄚˇ ㄌㄩˋ ㄅㄨˋ ㄙㄨˋ ㄐㄧˋ ㄨㄤˇ ㄩㄢˊ ㄗㄜˊ
波士頓藝術博物館,1,ㄅㄛ ㄕˋ ㄉㄨㄣˋ ㄧˋ ㄕㄨˋ ㄅㄛˊ ㄨˋ ㄍㄨㄢˇ
潘金蓮給武松敬酒,1,ㄆㄢ ㄐㄧㄣ ㄌㄧㄢˊ ㄍㄟˇ ㄨˇ ㄙㄨㄥ ㄐㄧㄣˋ ㄐㄧㄡˇ
潘金蓮給武松敬酒,1,ㄆㄢ ㄐㄧㄣ ㄌㄧㄢˊ ㄍㄟˇ ㄨˇ ㄙㄨㄥ ㄐㄧㄥˋ ㄐㄧㄡˇ
火箭噴射推進系統,1,ㄏㄨㄛˇ ㄐㄧㄢˋ ㄆㄣ ㄕㄜˋ ㄊㄨㄟ ㄐㄧㄣˋ ㄒㄧˋ ㄊㄨㄥˇ
煙薰的佛像掛牆上,1,ㄧㄢ ㄒㄩㄣ ㄉㄜ˙ ㄈㄛˊ ㄒㄧㄤˋ ㄍㄨㄚˋ ㄑㄧㄤˊ ㄕㄤˋ
父母兩系血統主義,1,ㄈㄨˋ ㄇㄨˇ ㄌㄧㄤˇ ㄒㄧˋ ㄒㄧㄝˇ ㄊㄨㄥˇ ㄓㄨˇ ㄧˋ
狗口裡吐不出象牙,1,ㄍㄡˇ ㄎㄡˇ ㄌㄧ˙ ㄊㄨˇ ㄅㄨˋ ㄔㄨ ㄒㄧㄤˋ ㄧㄚˊ
狗嘴裡吐不出象牙,1,ㄍㄡˇ ㄗㄨㄟˇ ㄌㄧ˙ ㄊㄨˇ ㄅㄨˋ ㄔㄨ ㄒㄧㄤˋ ㄧㄚˊ
猩猩能言不離禽獸,1,ㄒㄧㄥ ㄒㄧㄥ ㄋㄥˊ ㄧㄢˊ ㄅㄨˋ ㄌㄧˊ ㄑㄧㄣˊ ㄕㄡˋ
男僧寺對著女僧寺,1,ㄋㄢˊ ㄙㄥ ㄙˋ ㄉㄨㄟˋ ㄓㄜ˙ ㄋㄩˇ ㄙㄥ ㄙˋ
瘦死的駱駝比馬大,1,ㄕㄡˋ ㄙˇ ㄉㄜ˙ ㄌㄨㄛˋ ㄊㄨㄛˊ ㄅㄧˇ ㄇㄚˇ ㄉㄚˋ
癩蝦蟆想吃天鵝肉,1,ㄌㄞˋ ㄏㄚˊ ㄇㄚ˙ ㄒㄧㄤˇ ㄔ ㄊㄧㄢ ㄜˊ ㄖㄡˋ
真人面前不說假話,1,ㄓㄣ ㄖㄣˊ ㄇㄧㄢˋ ㄑㄧㄢˊ ㄅㄨˋ ㄕㄨㄛ ㄐㄧㄚˇ ㄏㄨㄚˋ
石油輸出國家組織,1,ㄕˊ ㄧㄡˊ ㄕㄨ ㄔㄨ ㄍㄨㄛˊ ㄐㄧㄚ ㄗㄨˇ ㄓ
破巢之下安有完卵,1,ㄆㄛˋ ㄔㄠˊ ㄓ ㄒㄧㄚˋ ㄢ ㄧㄡˇ ㄨㄢˊ ㄌㄨㄢˇ
碟大碗小磕著碰著,1,ㄉㄧㄝˊ ㄉㄚˋ ㄨㄢˇ ㄒㄧㄠˇ ㄎㄜ ㄓㄠ˙ ㄆㄥˋ ㄓㄠ˙
穿鞋的不鬥赤腳的,1,ㄔㄨㄢ ㄒㄧㄝˊ ㄉㄜ˙ ㄅㄨˋ ㄉㄡˋ ㄔˋ ㄐㄧㄠˇ ㄉㄜ˙
米羅的維納斯雕像,1,ㄇㄧˇ ㄌㄨㄛˊ ㄉㄜ˙ ㄨㄟˊ ㄋㄚˋ ㄙ ㄉㄧㄠ ㄒㄧㄤˋ
累積性傷害症候群,1,ㄌㄟˇ ㄐㄧ ㄒㄧㄥˋ ㄕㄤ ㄏㄞˋ ㄓㄥˋ ㄏㄡˋ ㄑㄩㄣˊ
經濟合作開發組織,1,ㄐㄧㄥ ㄐㄧˋ ㄏㄜˊ ㄗㄨㄛˋ ㄎㄞ ㄈㄚ ㄗㄨˇ ㄓ
經濟部智慧財產局,1,ㄐㄧㄥ ㄐㄧˋ ㄅㄨˋ ㄓˋ ㄏㄨㄟˋ ㄘㄞˊ ㄔㄢˇ ㄐㄩˊ
經濟部標準檢驗局,1,ㄐㄧㄥ ㄐㄧˋ ㄅㄨˋ ㄅㄧㄠ ㄓㄨㄣˇ ㄐㄧㄢˇ ㄧㄢˋ ㄐㄩˊ
經營決策資訊系統,1,ㄐㄧㄥ ㄧㄥˊ ㄐㄩㄝˊ ㄘㄜˋ ㄗ ㄒㄩㄣˋ ㄒㄧˋ ㄊㄨㄥˇ
綠十字交通服務隊,1,ㄌㄩˋ ㄕˊ ㄗˋ ㄐㄧㄠ ㄊㄨㄥ ㄈㄨˊ ㄨˋ ㄉㄨㄟˋ
網路連線型光碟櫃,1,ㄨㄤˇ ㄌㄨˋ ㄌㄧㄢˊ ㄒㄧㄢˋ ㄒㄧㄥˊ ㄍㄨㄤ ㄉㄧㄝˊ ㄍㄨㄟˋ
線上即時交談系統,1,ㄒㄧㄢˋ ㄕㄤˋ ㄐㄧˊ ㄕˊ ㄐㄧㄠ ㄊㄢˊ ㄒㄧˋ ㄊㄨㄥˇ
線上電腦網路雜誌,1,ㄒㄧㄢˋ ㄕㄤˋ ㄉㄧㄢˋ ㄋㄠˇ ㄨㄤˇ ㄌㄨˋ ㄗㄚˊ ㄓˋ
缾之罄矣維罍之恥,1,ㄆㄧㄥˊ ㄓ ㄑㄧㄥˋ ㄧˇ ㄨㄟˊ ㄌㄟˊ ㄓ ㄔˇ
羊群裡跑出駱駝來,1,ㄧㄤˊ ㄑㄩㄣˊ ㄌㄧ˙ ㄆㄠˇ ㄔㄨ˙ ㄌㄨㄛˋ ㄊㄨㄛ˙ ㄌㄞˊ
美國國際開發總署,1,ㄇㄟˇ ㄍㄨㄛˊ ㄍㄨㄛˊ ㄐㄧˋ ㄎㄞ ㄈㄚ ㄗㄨㄥˇ ㄕㄨˇ
群體醫療執業中心,1,ㄑㄩㄣˊ ㄊㄧˇ ㄧ ㄌㄧㄠˊ ㄓˊ ㄧㄝˋ ㄓㄨㄥ ㄒㄧㄣ
老米飯捏殺不成團,1,ㄌㄠˇ ㄇㄧˇ ㄈㄢˋ ㄋㄧㄝ ㄕㄚ ㄅㄨˋ ㄔㄥˊ ㄊㄨㄢˊ
老虎生了翅膀一般,1,ㄌㄠˇ ㄏㄨˇ ㄕㄥ ㄌㄜ˙ ㄔˋ ㄅㄤˇ ㄧ ㄅㄢ
老貓鼻子上掛鹹魚,1,ㄌㄠˇ ㄇㄠ ㄅㄧˊ ㄗ˙ ㄕㄤˋ ㄍㄨㄚˋ ㄒㄧㄢˊ ㄩˊ
老鼠尾巴上害癤子,1,ㄌㄠˇ ㄕㄨˇ ㄨㄟˇ ㄅㄚ˙ ㄕㄤˋ ㄏㄞˋ ㄐㄧㄝˊ ㄗ˙
聖文森及格瑞那丁,1,ㄕㄥˋ ㄨㄣˊ ㄙㄣ ㄐㄧˊ ㄍㄜˊ ㄖㄨㄟˋ ㄋㄚˋ ㄉㄧㄥ
聯合國安全理事會,1,ㄌㄧㄢˊ ㄏㄜˊ ㄍㄨㄛˊ ㄢ ㄑㄩㄢˊ ㄌㄧˇ ㄕˋ ㄏㄨㄟˋ
聯邦存款保險公司,1,ㄌㄧㄢˊ ㄅㄤ ㄘㄨㄣˊ ㄎㄨㄢˇ ㄅㄠˇ ㄒㄧㄢˇ ㄍㄨㄥ ㄙ
肐膊只折在袖子裡,1,ㄍㄜ ㄅㄛ˙ ㄓˇ ㄓㄜˊ ㄗㄞˋ ㄒㄧㄡˋ ㄗ˙ ㄌㄧˇ
肚裡說不出來的苦,1,ㄉㄨˋ ㄌㄧˇ ㄕㄨㄛ ㄅㄨˋ ㄔㄨ ㄌㄞˊ ㄉㄜ˙ ㄎㄨˇ
臉上一陣紅一陣白,1,ㄌㄧㄢˇ ㄕㄤˋ ㄧ ㄓㄣˋ ㄏㄨㄥˊ ㄧ ㄓㄣˋ ㄅㄞˊ
自動資料處理系統,1,ㄗˋ ㄉㄨㄥˋ ㄗ ㄌㄧㄠˋ ㄔㄨˇ ㄌㄧˇ ㄒㄧˋ ㄊㄨㄥˇ
臺北地理資訊系統,1,ㄊㄞˊ ㄅㄟˇ ㄉㄧˋ ㄌㄧˇ ㄗ ㄒㄩㄣˋ ㄒㄧˋ ㄊㄨㄥˇ
臺南科學工業園區,1,ㄊㄞˊ ㄋㄢˊ ㄎㄜ ㄒㄩㄝˊ ㄍㄨㄥ ㄧㄝˋ ㄩㄢˊ ㄑㄩ
臺灣桃園國際機場,1,ㄊㄞˊ ㄨㄢ ㄊㄠˊ ㄩㄢˊ ㄍㄨㄛˊ ㄐㄧˋ ㄐㄧ ㄔㄤˊ
臺灣省政府教育廳,1,ㄊㄞˊ ㄨㄢ ㄕㄥˇ ㄓㄥˋ ㄈㄨˇ ㄐㄧㄠˋ ㄩˋ ㄊㄧㄥ
臺灣省政府消防處,1,ㄊㄞˊ ㄨㄢ ㄕㄥˇ ㄓㄥˋ ㄈㄨˇ ㄒㄧㄠ ㄈㄤˊ ㄔㄨˋ
臺灣省政府警政廳,1,ㄊㄞˊ ㄨㄢ ㄕㄥˇ ㄓㄥˋ ㄈㄨˇ ㄐㄧㄥˇ ㄓㄥˋ ㄊㄧㄥ
臺灣省政府財政廳,1,ㄊㄞˊ ㄨㄢ ㄕㄥˇ ㄓㄥˋ ㄈㄨˇ ㄘㄞˊ ㄓㄥˋ ㄊㄧㄥ
臺灣警察專科學校,1,ㄊㄞˊ ㄨㄢ ㄐㄧㄥˇ ㄔㄚˊ ㄓㄨㄢ ㄎㄜ ㄒㄩㄝˊ ㄒㄧㄠˋ
莫蹪於山而蹪於垤,1,ㄇㄛˋ ㄊㄨㄟˊ ㄩˊ ㄕㄢ ㄦˊ ㄊㄨㄟˊ ㄩˊ ㄉㄧㄝˊ
菩提正道菩薩戒論,1,ㄆㄨˊ ㄊㄧˊ ㄓㄥˋ ㄉㄠˋ ㄆㄨˊ ㄙㄚˋ ㄐㄧㄝˋ ㄌㄨㄣˋ
葫蘆裡賣的甚麼藥,1,ㄏㄨˊ ㄌㄨ˙ ㄌㄧˇ ㄇㄞˋ ㄉㄜ˙ ㄕㄣˊ ㄇㄣ˙ ㄧㄠˋ
蓋亞那合作共和國,1,ㄍㄞˋ ㄧㄚˋ ㄋㄚˋ ㄏㄜˊ ㄗㄨㄛˋ ㄍㄨㄥˋ ㄏㄜˊ ㄍㄨㄛˊ
虎豹駒有食牛之氣,1,ㄏㄨˇ ㄅㄠˋ ㄐㄩ ㄧㄡˇ ㄕˊ ㄋㄧㄡˊ ㄓ ㄑㄧˋ
蝦蟆跳在戥盤子裡,1,ㄏㄚˊ ㄇㄚ˙ ㄊㄧㄠˋ ㄗㄞˋ ㄉㄥˇ ㄆㄢˊ ㄗ˙ ㄌㄧˇ
行政院人事行政局,1,ㄒㄧㄥˊ ㄓㄥˋ ㄩㄢˋ ㄖㄣˊ ㄕˋ ㄒㄧㄥˊ ㄓㄥˋ ㄐㄩˊ
行政院僑務委員會,1,ㄒㄧㄥˊ ㄓㄥˋ ㄩㄢˋ ㄑㄧㄠˊ ㄨˋ ㄨㄟˇ ㄩㄢˊ ㄏㄨㄟˋ
行政院勞工委員會,1,ㄒㄧㄥˊ ㄓㄥˋ ㄩㄢˋ ㄌㄠˊ ㄍㄨㄥ ㄨㄟˇ ㄩㄢˊ ㄏㄨㄟˋ
行政院大陸委員會,1,ㄒㄧㄥˊ ㄓㄥˋ ㄩㄢˋ ㄉㄚˋ ㄌㄨˋ ㄨㄟˇ ㄩㄢˊ ㄏㄨㄟˋ
行政院客家委員會,1,ㄒㄧㄥˊ ㄓㄥˋ ㄩㄢˋ ㄎㄜˋ ㄐㄧㄚ ㄨㄟˇ ㄩㄢˊ ㄏㄨㄟˋ
行政院海岸巡防署,1,ㄒㄧㄥˊ ㄓㄥˋ ㄩㄢˋ ㄏㄞˇ ㄢˋ ㄒㄩㄣˊ ㄈㄤˊ ㄕㄨˇ
行政院環境保護署,1,ㄒㄧㄥˊ ㄓㄥˋ ㄩㄢˋ ㄏㄨㄢˊ ㄐㄧㄥˋ ㄅㄠˇ ㄏㄨˋ ㄕㄨˇ
行政院農業委員會,1,ㄒㄧㄥˊ ㄓㄥˋ ㄩㄢˋ ㄋㄨㄥˊ ㄧㄝˋ ㄨㄟˇ ㄩㄢˊ ㄏㄨㄟˋ
行政院體育委員會,1,ㄒㄧㄥˊ ㄓㄥˋ ㄩㄢˋ ㄊㄧˇ ㄩˋ ㄨㄟˇ ㄩㄢˊ ㄏㄨㄟˋ
行百里者半於九十,1,ㄒㄧㄥˊ ㄅㄞˇ ㄌㄧˇ ㄓㄜˇ ㄅㄢˋ ㄩˊ ㄐㄧㄡˇ ㄕˊ
西部濱海快速公路,1,ㄒㄧ ㄅㄨˋ ㄅㄧㄣ ㄏㄞˇ ㄎㄨㄞˋ ㄙㄨˋ ㄍㄨㄥ ㄌㄨˋ
語音顯示型呼叫器,1,ㄩˇ ㄧㄣ ㄒㄧㄢˇ ㄕˋ ㄒㄧㄥˊ ㄏㄨ ㄐㄧㄠˋ ㄑㄧˋ
資訊通訊整合系統,1,ㄗ ㄒㄩㄣˋ ㄊㄨㄥ ㄒㄩㄣˋ ㄓㄥˇ ㄏㄜˊ ㄒㄧˋ ㄊㄨㄥˇ
賣炭的掉在麵缸裡,1,ㄇㄞˋ ㄊㄢˋ ㄉㄜ˙ ㄉㄧㄠˋ ㄗㄞˋ ㄇㄧㄢˋ ㄍㄤ ㄌㄧˇ
賣荳腐點了河灘地,1,ㄇㄞˋ ㄉㄡˋ ㄈㄨ˙ ㄉㄧㄢˇ ㄌㄜ˙ ㄏㄜˊ ㄊㄢ ㄉㄧˋ
赤道幾內亞共和國,1,ㄔˋ ㄉㄠˋ ㄐㄧ ㄋㄟˋ ㄧㄚˋ ㄍㄨㄥˋ ㄏㄜˊ ㄍㄨㄛˊ
走了和尚走不了廟,1,ㄗㄡˇ ㄌㄜ˙ ㄏㄜˊ ㄕㄤˋ ㄗㄡˇ ㄅㄨˋ ㄌㄧㄠˇ ㄇㄧㄠˋ
走失協尋公益廣告,1,ㄗㄡˇ ㄕ ㄒㄧㄝˊ ㄒㄩㄣˊ ㄍㄨㄥ ㄧˋ ㄍㄨㄤˇ ㄍㄠˋ
趕著增福神著棍打,1,ㄍㄢˇ ㄓㄜ˙ ㄗㄥ ㄈㄨˊ ㄕㄣˊ ㄓㄠˊ ㄍㄨㄣˋ ㄉㄚˇ
跑了和尚跑不了廟,1,ㄆㄠˇ ㄌㄜ˙ ㄏㄜˊ ㄕㄤˋ ㄆㄠˇ ㄅㄨˋ ㄌㄧㄠˇ ㄇㄧㄠˋ
躲得和尚躲不得寺,1,ㄉㄨㄛˇ ㄉㄜˊ ㄏㄜˊ ㄕㄤ˙ ㄉㄨㄛˇ ㄅㄨˋ ㄉㄜˊ ㄙˋ
通用商業程式語言,1,ㄊㄨㄥ ㄩㄥˋ ㄕㄤ ㄧㄝˋ ㄔㄥˊ ㄕˋ ㄩˇ ㄧㄢˊ
遠來的和尚好看經,1,ㄩㄢˇ ㄌㄞˊ ㄉㄜ˙ ㄏㄜˊ ㄕㄤ˙ ㄏㄠˇ ㄎㄢˋ ㄐㄧㄥ
遠來的和尚會念經,1,ㄩㄢˇ ㄌㄞˊ ㄉㄜ˙ ㄏㄜˊ ㄕㄤ˙ ㄏㄨㄟˋ ㄋㄧㄢˋ ㄐㄧㄥ
遠距圖書服務系統,1,ㄩㄢˇ ㄐㄩˋ ㄊㄨˊ ㄕㄨ ㄈㄨˊ ㄨˋ ㄒㄧˋ ㄊㄨㄥˇ
郵政儲金轉存制度,1,ㄧㄡˊ ㄓㄥˋ ㄔㄨˊ ㄐㄧㄣ ㄓㄨㄢˇ ㄘㄨㄣˊ ㄓˋ ㄉㄨˋ
鄂圖曼土耳其帝國,1,ㄜˋ ㄊㄨˊ ㄇㄢˋ ㄊㄨˇ ㄦˇ ㄑㄧˊ ㄉㄧˋ ㄍㄨㄛˊ
鄉鎮市調解委員會,1,ㄒㄧㄤ ㄓㄣˋ ㄕˋ ㄊㄧㄠˊ ㄐㄧㄝˇ ㄨㄟˇ ㄩㄢˊ ㄏㄨㄟˋ
釋迦佛也惱下蓮臺,1,ㄕˋ ㄐㄧㄚ ㄈㄛˊ ㄧㄝˇ ㄋㄠˇ ㄒㄧㄚˋ ㄌㄧㄢˊ ㄊㄞˊ
關稅及貿易總協定,1,ㄍㄨㄢ ㄕㄨㄟˋ ㄐㄧˊ ㄇㄠˋ ㄧˋ ㄗㄨㄥˇ ㄒㄧㄝˊ ㄉㄧㄥˋ
阿爾巴尼亞共和國,1,ㄚ ㄦˇ ㄅㄚ ㄋㄧˊ ㄧㄚˋ ㄍㄨㄥˋ ㄏㄜˊ ㄍㄨㄛˊ
陰離子界面活性劑,1,ㄧㄣ ㄌㄧˊ ㄗˇ ㄐㄧㄝˋ ㄇㄧㄢˋ ㄏㄨㄛˊ ㄒㄧㄥˋ ㄐㄧˋ
雞兒不喫無工之食,1,ㄐㄧ ㄦˊ ㄅㄨˋ ㄔ ㄨˊ ㄍㄨㄥ ㄓ ㄕˊ
電子郵件快遞業務,1,ㄉㄧㄢˋ ㄗˇ ㄧㄡˊ ㄐㄧㄢˋ ㄎㄨㄞˋ ㄉㄧˋ ㄧㄝˋ ㄨˋ
非晶矽氫太陽電池,1,ㄈㄟ ㄐㄧㄥ ㄒㄧˋ ㄑㄧㄥ ㄊㄞˋ ㄧㄤˊ ㄉㄧㄢˋ ㄔˊ
香餌之下必有懸魚,1,ㄒㄧㄤ ㄦˇ ㄓ ㄒㄧㄚˋ ㄅㄧˋ ㄧㄡˇ ㄒㄩㄢˊ ㄩˊ
高雄第一科技大學,1,ㄍㄠ ㄒㄩㄥˊ ㄉㄧˋ ㄧ ㄎㄜ ㄐㄧˋ ㄉㄚˋ ㄒㄩㄝˊ
鱉了一肚子的悶氣,1,ㄅㄧㄝ ㄌㄜ˙ ㄧ ㄉㄨˋ ㄗ˙ ㄉㄜ˙ ㄇㄣˋ ㄑㄧˋ
黃花岡七十二烈士,1,ㄏㄨㄤˊ ㄏㄨㄚ ㄍㄤ ㄑㄧ ㄕˊ ㄦˋ ㄌㄧㄝˋ ㄕˋ
黑色素細胞刺激素,1,ㄏㄟ ㄙㄜˋ ㄙㄨˋ ㄒㄧˋ ㄅㄠ ㄘˋ ㄐㄧ ㄙㄨˋ
一個跟斗十萬八千里,1,ㄧ ㄍㄜ˙ ㄍㄣ ㄉㄡˇ ㄕˊ ㄨㄢˋ ㄅㄚ ㄑㄧㄢ ㄌㄧˇ
一個錢打二十四個結,1,ㄧ ㄍㄜ˙ ㄑㄧㄢˊ ㄉㄚˇ ㄦˋ ㄕˊ ㄙˋ ㄍㄜ˙ ㄐㄧㄝˊ
一塊羊肉落在狗口裡,1,ㄧ ㄎㄨㄞˋ ㄧㄤˊ ㄖㄡˋ ㄌㄨㄛˋ ㄗㄞˋ ㄍㄡˇ ㄎㄡˇ ㄌㄧˇ
一手難掩天下人耳目,1,ㄧ ㄕㄡˇ ㄋㄢˊ ㄧㄢˇ ㄊㄧㄢ ㄒㄧㄚˋ ㄖㄣˊ ㄦˇ ㄇㄨˋ
一朵鮮花插在牛糞上,1,ㄧ ㄉㄨㄛˇ ㄒㄧㄢ ㄏㄨㄚ ㄔㄚ ㄗㄞˋ ㄋㄧㄡˊ ㄈㄣˋ ㄕㄤˋ
三十二位元個人電腦,1,ㄙㄢ ㄕˊ ㄦˋ ㄨㄟˋ ㄩㄢˊ ㄍㄜˋ ㄖㄣˊ ㄉㄧㄢˋ ㄋㄠˇ
不知葫蘆裡賣甚麼藥,1,ㄅㄨˋ ㄓ ㄏㄨˊ ㄌㄨˊ ㄌㄧˇ ㄇㄞˋ ㄕㄣˊ ㄇㄜ˙ ㄧㄠˋ
中華民國開國紀念日,1,ㄓㄨㄥ ㄏㄨㄚˊ ㄇㄧㄣˊ ㄍㄨㄛˊ ㄎㄞ ㄍㄨㄛˊ ㄐㄧˋ ㄋㄧㄢˋ ㄖˋ
二十年目睹之怪現狀,1,ㄦˋ ㄕˊ ㄋㄧㄢˊ ㄇㄨˋ ㄉㄨˇ ㄓ ㄍㄨㄞˋ ㄒㄧㄢˋ ㄓㄨㄤˋ
信用卡線上訂購系統,1,ㄒㄧㄣˋ ㄩㄥˋ ㄎㄚˇ ㄒㄧㄢˋ ㄕㄤˋ ㄉㄧㄥˋ ㄍㄡˋ ㄒㄧˋ ㄊㄨㄥˇ
倉老鼠和老鴰去借糧,1,ㄘㄤ ㄌㄠˇ ㄕㄨˇ ㄏㄜˊ ㄌㄠˇ ㄍㄨㄚ ㄑㄩˋ ㄐㄧㄝˋ ㄌㄧㄤˊ
做一天和尚撞一天鐘,1,ㄗㄨㄛˋ ㄧ ㄊㄧㄢ ㄏㄜˊ ㄕㄤˋ ㄓㄨㄤˋ ㄧ ㄊㄧㄢ ㄓㄨㄥ
兩隻腳趕不上一張嘴,1,ㄌㄧㄤˇ ㄓ ㄐㄧㄠˇ ㄍㄢˇ ㄅㄨˋ ㄕㄤˋ ㄧ ㄓㄤ ㄗㄨㄟˇ
公職人員財產申報法,1,ㄍㄨㄥ ㄓˊ ㄖㄣˊ ㄩㄢˊ ㄘㄞˊ ㄔㄢˇ ㄕㄣ ㄅㄠˋ ㄈㄚˇ
別人肉帖不在腮頰上,1,ㄅㄧㄝˊ ㄖㄣˊ ㄖㄡˋ ㄊㄧㄝ ㄅㄨˋ ㄗㄞˋ ㄙㄞ ㄐㄧㄚˊ ㄕㄤˋ
可共患難不可共安樂,1,ㄎㄜˇ ㄍㄨㄥˋ ㄏㄨㄢˋ ㄋㄢˋ ㄅㄨˋ ㄎㄜˇ ㄍㄨㄥˋ ㄢ ㄌㄜˋ
國家中山科學研究院,1,ㄍㄨㄛˊ ㄐㄧㄚ ㄓㄨㄥ ㄕㄢ ㄎㄜ ㄒㄩㄝˊ ㄧㄢˊ ㄐㄧㄡˋ ㄩㄢˋ
國語注音符號第一式,1,ㄍㄨㄛˊ ㄩˇ ㄓㄨˋ ㄧㄣ ㄈㄨˊ ㄏㄠˋ ㄉㄧˋ ㄧ ㄕˋ
國語注音符號第二式,1,ㄍㄨㄛˊ ㄩˇ ㄓㄨˋ ㄧㄣ ㄈㄨˊ ㄏㄠˋ ㄉㄧˋ ㄦˋ ㄕˋ
國際存轉式傳真電報,1,ㄍㄨㄛˊ ㄐㄧˋ ㄘㄨㄣˊ ㄓㄨㄢˇ ㄕˋ ㄔㄨㄢˊ ㄓㄣ ㄉㄧㄢˋ ㄅㄠˋ
圖書餐飲複合式餐廳,1,ㄊㄨˊ ㄕㄨ ㄘㄢ ㄧㄣˇ ㄈㄨˋ ㄏㄜˊ ㄕˋ ㄘㄢ ㄊㄧㄥ
坦尚尼亞聯合共和國,1,ㄊㄢˇ ㄕㄤˋ ㄋㄧˊ ㄧㄚˋ ㄌㄧㄢˊ ㄏㄜˊ ㄍㄨㄥˋ ㄏㄜˊ ㄍㄨㄛˊ
大專女生軍事訓練班,1,ㄉㄚˋ ㄓㄨㄢ ㄋㄩˇ ㄕㄥ ㄐㄩㄣ ㄕˋ ㄒㄩㄣˋ ㄌㄧㄢˋ ㄅㄢ
天下沒有不散的筵席,1,ㄊㄧㄢ ㄒㄧㄚˋ ㄇㄟˊ ㄧㄡˇ ㄅㄨˋ ㄙㄢˋ ㄉㄜ˙ ㄧㄢˊ ㄒㄧˊ
奈及利亞聯邦共和國,1,ㄋㄞˋ ㄐㄧˊ ㄌㄧˋ ㄧㄚˋ ㄌㄧㄢˊ ㄅㄤ ㄍㄨㄥˋ ㄏㄜˊ ㄍㄨㄛˊ
巧婦做不得無麵餺飥,1,ㄑㄧㄠˇ ㄈㄨˋ ㄗㄨㄛˋ ㄅㄨˋ ㄉㄜˊ ㄨˊ ㄇㄧㄢˋ ㄅㄛˊ ㄊㄨㄛ
巧媳婦煮不得沒米粥,1,ㄑㄧㄠˇ ㄒㄧˊ ㄈㄨˋ ㄓㄨˇ ㄅㄨˋ ㄉㄜˊ ㄇㄟˊ ㄇㄧˇ ㄓㄡ
巴什吉爾自治共和國,1,ㄅㄚ ㄕˊ ㄐㄧˊ ㄦˇ ㄗˋ ㄓˋ ㄍㄨㄥˋ ㄏㄜˊ ㄍㄨㄛˊ
強制汽車責任保險法,1,ㄑㄧㄤˇ ㄓˋ ㄑㄧˋ ㄔㄜ ㄗㄜˊ ㄖㄣˋ ㄅㄠˇ ㄒㄧㄢˇ ㄈㄚˇ
後天免疫缺乏症候群,1,ㄏㄡˋ ㄊㄧㄢ ㄇㄧㄢˇ ㄧˋ ㄑㄩㄝ ㄈㄚˊ ㄓㄥˋ ㄏㄡˋ ㄑㄩㄣˊ
拿皮肉往外人身上貼,1,ㄋㄚˊ ㄆㄧˊ ㄖㄡˋ ㄨㄤˇ ㄨㄞˋ ㄖㄣˊ ㄕㄣ ㄕㄤˋ ㄊㄧㄝ
攜帶式衛星通信系統,1,ㄒㄧ ㄉㄞˋ ㄕˋ ㄨㄟˋ ㄒㄧㄥ ㄊㄨㄥ ㄒㄧㄣˋ ㄒㄧˋ ㄊㄨㄥˇ
敘利亞阿拉伯共和國,1,ㄒㄩˋ ㄌㄧˋ ㄧㄚˋ ㄚ ㄌㄚ ㄅㄛˊ ㄍㄨㄥˋ ㄏㄜˊ ㄍㄨㄛˊ
是罐子也有兩個耳朵,1,ㄕˋ ㄍㄨㄢˋ ㄗ˙ ㄧㄝˇ ㄧㄡˇ ㄌㄧㄤˇ ㄍㄜ˙ ㄦˇ ㄉㄨㄛ˙
棺材出了討挽歌郎錢,1,ㄍㄨㄢ ㄘㄞ˙ ㄔㄨ ㄌㄧㄠˇ ㄊㄠˇ ㄨㄢˇ ㄍㄜ ㄌㄤˊ ㄑㄧㄢˊ
民用航空器適航證書,1,ㄇㄧㄣˊ ㄩㄥˋ ㄏㄤˊ ㄎㄨㄥ ㄑㄧˋ ㄕˋ ㄏㄤˊ ㄓㄥˋ ㄕㄨ
沒家親引不出外鬼來,1,ㄇㄟˊ ㄐㄧㄚ ㄑㄧㄣ ㄧㄣˇ ㄅㄨˋ ㄔㄨ ㄨㄞˋ ㄍㄨㄟˇ ㄌㄞˊ
沒有規矩不能成方圓,1,ㄇㄟˊ ㄧㄡˇ ㄍㄨㄟ ㄐㄩˇ ㄅㄨˋ ㄋㄥˊ ㄔㄥˊ ㄈㄤ ㄩㄢˊ
液體燃料火箭發動機,1,ㄧㄝˋ ㄊㄧˇ ㄖㄢˊ ㄌㄧㄠˋ ㄏㄨㄛˇ ㄐㄧㄢˋ ㄈㄚ ㄉㄨㄥˋ ㄐㄧ
漏電保護接地極插座,1,ㄌㄡˋ ㄉㄧㄢˋ ㄅㄠˇ ㄏㄨˋ ㄐㄧㄝ ㄉㄧˋ ㄐㄧˊ ㄔㄚ ㄗㄨㄛˋ
王子犯法與庶民同罪,1,ㄨㄤˊ ㄗˇ ㄈㄢˋ ㄈㄚˇ ㄩˇ ㄕㄨˋ ㄇㄧㄣˊ ㄊㄨㄥˊ ㄗㄨㄟˋ
環保與環境監控系統,1,ㄏㄨㄢˊ ㄅㄠˇ ㄩˇ ㄏㄨㄢˊ ㄐㄧㄥˋ ㄐㄧㄢ ㄎㄨㄥˋ ㄒㄧˋ ㄊㄨㄥˇ
當一天和尚撞一天鐘,1,ㄉㄤ ㄧ ㄊㄧㄢ ㄏㄜˊ ㄕㄤ˙ ㄓㄨㄤˋ ㄧ ㄊㄧㄢ ㄓㄨㄥ
發行量加權股價指數,1,ㄈㄚ ㄒㄧㄥˊ ㄌㄧㄤˋ ㄐㄧㄚ ㄑㄩㄢˊ ㄍㄨˇ ㄐㄧㄚˋ ㄓˇ ㄕㄨˋ
總統蔣公誕辰紀念日,1,ㄗㄨㄥˇ ㄊㄨㄥˇ ㄐㄧㄤˇ ㄍㄨㄥ ㄉㄢˋ ㄔㄣˊ ㄐㄧˋ ㄋㄧㄢˋ ㄖˋ
總統蔣公逝世紀念日,1,ㄗㄨㄥˇ ㄊㄨㄥˇ ㄐㄧㄤˇ ㄍㄨㄥ ㄕˋ ㄕˋ ㄐㄧˋ ㄋㄧㄢˋ ㄖˋ
羅馬不是一天造成的,1,ㄌㄨㄛˊ ㄇㄚˇ ㄅㄨˋ ㄕˋ ㄧ ㄊㄧㄢ ㄗㄠˋ ㄔㄥˊ ㄉㄜ˙
肐膊折了往袖子裡藏,1,ㄍㄜ ㄅㄛ˙ ㄓㄜˊ ㄌㄜ˙ ㄨㄤˇ ㄒㄧㄡˋ ㄗ˙ ㄌㄧˇ ㄘㄤˊ
英國皇家科學研究所,1,ㄧㄥ ㄍㄨㄛˊ ㄏㄨㄤˊ ㄐㄧㄚ ㄎㄜ ㄒㄩㄝˊ ㄧㄢˊ ㄐㄧㄡˋ ㄙㄨㄛˇ
莫三比克人民共和國,1,ㄇㄛˋ ㄙㄢ ㄅㄧˇ ㄎㄜˋ ㄖㄣˊ ㄇㄧㄣˊ ㄍㄨㄥˋ ㄏㄜˊ ㄍㄨㄛˊ
華嚴一乘教義分齊章,1,ㄏㄨㄚˊ ㄧㄢˊ ㄧ ㄕㄥˋ ㄐㄧㄠˋ ㄧˋ ㄈㄣ ㄑㄧˊ ㄓㄤ
華盛頓哥倫比亞特區,1,ㄏㄨㄚˊ ㄕㄥˋ ㄉㄨㄣˋ ㄍㄜ ㄌㄨㄣˊ ㄅㄧˇ ㄧㄚˋ ㄊㄜˋ ㄑㄩ
蒼蠅不抱沒縫的雞蛋,1,ㄘㄤ ㄧㄥ˙ ㄅㄨˋ ㄅㄠˋ ㄇㄟˊ ㄈㄥˋ ㄉㄜ˙ ㄐㄧ ㄉㄢˋ
蜂巢式行動電話系統,1,ㄈㄥ ㄔㄠˊ ㄕˋ ㄒㄧㄥˊ ㄉㄨㄥˋ ㄉㄧㄢˋ ㄏㄨㄚˋ ㄒㄧˋ ㄊㄨㄥˇ
行政院原子能委員會,1,ㄒㄧㄥˊ ㄓㄥˋ ㄩㄢˋ ㄩㄢˊ ㄗˇ ㄋㄥˊ ㄨㄟˇ ㄩㄢˊ ㄏㄨㄟˋ
買金偏撞不著賣金的,1,ㄇㄞˇ ㄐㄧㄣ ㄆㄧㄢ ㄓㄨㄤˋ ㄅㄨˋ ㄓㄠˊ ㄇㄞˋ ㄐㄧㄣ ㄉㄜ˙
越南社會主義共和國,1,ㄩㄝˋ ㄋㄢˊ ㄕㄜˋ ㄏㄨㄟˋ ㄓㄨˇ ㄧˋ ㄍㄨㄥˋ ㄏㄜˊ ㄍㄨㄛˊ
躲過了風暴又遇了雨,1,ㄉㄨㄛˇ ㄍㄨㄛˋ ㄌㄜ˙ ㄈㄥ ㄅㄠˋ ㄧㄡˋ ㄩˋ ㄌㄜ˙ ㄩˇ
醜媳婦總得要見公婆,1,ㄔㄡˇ ㄒㄧˊ ㄈㄨˋ ㄗㄨㄥˇ ㄉㄟˇ ㄧㄠˋ ㄐㄧㄢˋ ㄍㄨㄥ ㄆㄛˊ
阿里巴巴與四十大盜,1,ㄚ ㄌㄧˇ ㄅㄚ ㄅㄚ ㄩˇ ㄙˋ ㄕˊ ㄉㄚˋ ㄉㄠˋ
頭上打一下腳底板響,1,ㄊㄡˊ ㄕㄤˋ ㄉㄚˇ ㄧ ㄒㄧㄚˋ ㄐㄧㄠˇ ㄉㄧˇ ㄅㄢˇ ㄒㄧㄤˇ
黃鷹抓住了鷂子的腳,1,ㄏㄨㄤˊ ㄧㄥ ㄓㄨㄚ ㄓㄨˋ ㄌㄜ˙ ㄧㄠˋ ㄗ˙ ㄉㄜ˙ ㄐㄧㄠˇ
一百隻麻雀炒成一盤菜,1,ㄧ ㄅㄞˇ ㄓ ㄇㄚˊ ㄑㄩㄝˋ ㄔㄠˇ ㄔㄥˊ ㄧ ㄆㄢˊ ㄘㄞˋ
中華文化復興運動總會,1,ㄓㄨㄥ ㄏㄨㄚˊ ㄨㄣˊ ㄏㄨㄚˋ ㄈㄨˋ ㄒㄧㄥ ㄩㄣˋ ㄉㄨㄥˋ ㄗㄨㄥˇ ㄏㄨㄟˋ
中華民國資訊軟體協會,1,ㄓㄨㄥ ㄏㄨㄚˊ ㄇㄧㄣˊ ㄍㄨㄛˊ ㄗ ㄒㄩㄣˋ ㄖㄨㄢˇ ㄊㄧˇ ㄒㄧㄝˊ ㄏㄨㄟˋ
人在屋簷下不得不低頭,1,ㄖㄣˊ ㄗㄞˋ ㄨ ㄧㄢˊ ㄒㄧㄚˋ ㄅㄨˋ ㄉㄜˊ ㄅㄨˋ ㄉㄧ ㄊㄡˊ
光纖通訊幹道網路系統,1,ㄍㄨㄤ ㄒㄧㄢ ㄊㄨㄥ ㄒㄩㄣˋ ㄍㄢˋ ㄉㄠˋ ㄨㄤˇ ㄌㄨˋ ㄒㄧˋ ㄊㄨㄥˇ
全球定位系統衛星測量,1,ㄑㄩㄢˊ ㄑㄧㄡˊ ㄉㄧㄥˋ ㄨㄟˋ ㄒㄧˋ ㄊㄨㄥˇ ㄨㄟˋ ㄒㄧㄥ ㄘㄜˋ ㄌㄧㄤˊ
全球環境變遷資訊系統,1,ㄑㄩㄢˊ ㄑㄧㄡˊ ㄏㄨㄢˊ ㄐㄧㄥˋ ㄅㄧㄢˋ ㄑㄧㄢ ㄗ ㄒㄩㄣˋ ㄒㄧˋ ㄊㄨㄥˇ
前人撒土迷了後人的眼,1,ㄑㄧㄢˊ ㄖㄣˊ ㄙㄚˇ ㄊㄨˇ ㄇㄧˊ ㄌㄜ˙ ㄏㄡˋ ㄖㄣˊ ㄉㄜ˙ ㄧㄢˇ
動員戡亂時期臨時條款,1,ㄉㄨㄥˋ ㄩㄢˊ ㄎㄢ ㄌㄨㄢˋ ㄕˊ ㄑㄧˊ ㄌㄧㄣˊ ㄕˊ ㄊㄧㄠˊ ㄎㄨㄢˇ
千里達及托巴哥共和國,1,ㄑㄧㄢ ㄌㄧˇ ㄉㄚˊ ㄐㄧˊ ㄊㄨㄛ ㄅㄚ ㄍㄜ ㄍㄨㄥˋ ㄏㄜˊ ㄍㄨㄛˊ
國家地震工程研究中心,1,ㄍㄨㄛˊ ㄐㄧㄚ ㄉㄧˋ ㄓㄣˋ ㄍㄨㄥ ㄔㄥˊ ㄧㄢˊ ㄐㄧㄡˋ ㄓㄨㄥ ㄒㄧㄣ
國家資訊通信基本建設,1,ㄍㄨㄛˊ ㄐㄧㄚ ㄗ ㄒㄩㄣˋ ㄊㄨㄥ ㄒㄧㄣˋ ㄐㄧ ㄅㄣˇ ㄐㄧㄢˋ ㄕㄜˋ
國民常用字標準字體表,1,ㄍㄨㄛˊ ㄇㄧㄣˊ ㄔㄤˊ ㄩㄥˋ ㄗˋ ㄅㄧㄠ ㄓㄨㄣˇ ㄗˋ ㄊㄧˇ ㄅㄧㄠˇ
國際百科資料供應業務,1,ㄍㄨㄛˊ ㄐㄧˋ ㄅㄞˇ ㄎㄜ ㄗ ㄌㄧㄠˋ ㄍㄨㄥ ㄧㄥˋ ㄧㄝˋ ㄨˋ
大目乾連冥間救母變文,1,ㄉㄚˋ ㄇㄨˋ ㄑㄧㄢˊ ㄌㄧㄢˊ ㄇㄧㄥˊ ㄐㄧㄢ ㄐㄧㄡˋ ㄇㄨˇ ㄅㄧㄢˋ ㄨㄣˊ
家有千貫不如日進分文,1,ㄐㄧㄚ ㄧㄡˇ ㄑㄧㄢ ㄍㄨㄢˋ ㄅㄨˋ ㄖㄨˊ ㄖˋ ㄐㄧㄣˋ ㄈㄣ ㄨㄣˊ
巴基斯坦伊斯蘭共和國,1,ㄅㄚ ㄐㄧ ㄙ ㄊㄢˇ ㄧ ㄙ ㄌㄢˊ ㄍㄨㄥˋ ㄏㄜˊ ㄍㄨㄛˊ
平定準噶爾回部得勝圖,1,ㄆㄧㄥˊ ㄉㄧㄥˋ ㄓㄨㄣˇ ㄍㄜˊ ㄦˇ ㄏㄨㄟˊ ㄅㄨˋ ㄉㄜˊ ㄕㄥˋ ㄊㄨˊ
急得有如熱鍋中的螞蟻,1,ㄐㄧˊ ㄉㄜ˙ ㄧㄡˇ ㄖㄨˊ ㄖㄜˋ ㄍㄨㄛ ㄓㄨㄥ ㄉㄜ˙ ㄇㄚˇ ㄧˇ
應昌期圍棋教育基金會,1,ㄧㄥˋ ㄔㄤ ㄑㄧˊ ㄨㄟˊ ㄑㄧˊ ㄐㄧㄠˋ ㄩˋ ㄐㄧ ㄐㄧㄣ ㄏㄨㄟˋ
教育部國語推行委員會,1,ㄐㄧㄠˋ ㄩˋ ㄅㄨˋ ㄍㄨㄛˊ ㄩˇ ㄊㄨㄟ ㄒㄧㄥˊ ㄨㄟˇ ㄩㄢˊ ㄏㄨㄟˋ
明潭抽蓄水力發電工程,1,ㄇㄧㄥˊ ㄊㄢˊ ㄔㄡ ㄒㄩˋ ㄕㄨㄟˇ ㄌㄧˋ ㄈㄚ ㄉㄧㄢˋ ㄍㄨㄥ ㄔㄥˊ
智慧型車輛暨公路系統,1,ㄓˋ ㄏㄨㄟˋ ㄒㄧㄥˊ ㄔㄜ ㄌㄧㄤˋ ㄐㄧˋ ㄍㄨㄥ ㄌㄨˋ ㄒㄧˋ ㄊㄨㄥˇ
死知府不如一個活老鼠,1,ㄙˇ ㄓ ㄈㄨˇ ㄅㄨˋ ㄖㄨˊ ㄧ ㄍㄜ˙ ㄏㄨㄛˊ ㄌㄠˇ ㄕㄨˇ
沒下脣就不該攬著簫吹,1,ㄇㄟˊ ㄒㄧㄚˋ ㄔㄨㄣˊ ㄐㄧㄡˋ ㄅㄨˋ ㄍㄞ ㄌㄢˇ ㄓㄜ˙ ㄒㄧㄠ ㄔㄨㄟ
沒有長羽毛就忘了根本,1,ㄇㄟˊ ㄧㄡˇ ㄓㄤˇ ㄩˇ ㄇㄠˊ ㄐㄧㄡˋ ㄨㄤˋ ㄌㄜ˙ ㄍㄣ ㄅㄣˇ
知其然而不知其所以然,1,ㄓ ㄑㄧˊ ㄖㄢˊ ㄦˊ ㄅㄨˋ ㄓ ㄑㄧˊ ㄙㄨㄛˇ ㄧˇ ㄖㄢˊ
聯合船舶設計發展中心,1,ㄌㄧㄢˊ ㄏㄜˊ ㄔㄨㄢˊ ㄅㄛˊ ㄕㄜˋ ㄐㄧˋ ㄈㄚ ㄓㄢˇ ㄓㄨㄥ ㄒㄧㄣ
臺北市政府捷運工程局,1,ㄊㄞˊ ㄅㄟˇ ㄕˋ ㄓㄥˋ ㄈㄨˇ ㄐㄧㄝˊ ㄩㄣˋ ㄍㄨㄥ ㄔㄥˊ ㄐㄩˊ
臺灣省政府林業試驗所,1,ㄊㄞˊ ㄨㄢ ㄕㄥˇ ㄓㄥˋ ㄈㄨˇ ㄌㄧㄣˊ ㄧㄝˋ ㄕˋ ㄧㄢˋ ㄙㄨㄛˇ
葛摩伊斯蘭聯邦共和國,1,ㄍㄜˊ ㄇㄛˊ ㄧ ㄙ ㄌㄢˊ ㄌㄧㄢˊ ㄅㄤ ㄍㄨㄥˋ ㄏㄜˊ ㄍㄨㄛˊ
行政院公共工程委員會,1,ㄒㄧㄥˊ ㄓㄥˋ ㄩㄢˋ ㄍㄨㄥ ㄍㄨㄥˋ ㄍㄨㄥ ㄔㄥˊ ㄨㄟˇ ㄩㄢˊ ㄏㄨㄟˋ
行政院公平交易委員會,1,ㄒㄧㄥˊ ㄓㄥˋ ㄩㄢˋ ㄍㄨㄥ ㄆㄧㄥˊ ㄐㄧㄠ ㄧˋ ㄨㄟˇ ㄩㄢˊ ㄏㄨㄟˋ
行政院文化建設委員會,1,ㄒㄧㄥˊ ㄓㄥˋ ㄩㄢˋ ㄨㄣˊ ㄏㄨㄚˋ ㄐㄧㄢˋ ㄕㄜˋ ㄨㄟˇ ㄩㄢˊ ㄏㄨㄟˋ
行政院經濟建設委員會,1,ㄒㄧㄥˊ ㄓㄥˋ ㄩㄢˋ ㄐㄧㄥ ㄐㄧˋ ㄐㄧㄢˋ ㄕㄜˋ ㄨㄟˇ ㄩㄢˊ ㄏㄨㄟˋ
道路交通安全督導會報,1,ㄉㄠˋ ㄌㄨˋ ㄐㄧㄠ ㄊㄨㄥ ㄢ ㄑㄩㄢˊ ㄉㄨ ㄉㄠˇ ㄏㄨㄟˋ ㄅㄠˋ
馬來亞玻里尼西亞語系,1,ㄇㄚˇ ㄌㄞˊ ㄧㄚˋ ㄅㄛ ㄌㄧˇ ㄋㄧˊ ㄒㄧ ㄧㄚˋ ㄩˇ ㄒㄧˋ
馬達加斯加民主共和國,1,ㄇㄚˇ ㄉㄚˊ ㄐㄧㄚ ㄙ ㄐㄧㄚ ㄇㄧㄣˊ ㄓㄨˇ ㄍㄨㄥˋ ㄏㄜˊ ㄍㄨㄛˊ
國科會同步輻射研究中心,1,ㄍㄨㄛˊ ㄎㄜ ㄏㄨㄟˋ ㄊㄨㄥˊ ㄅㄨˋ ㄈㄨˊ ㄕㄜˋ ㄧㄢˊ ㄐㄧㄡˋ ㄓㄨㄥ ㄒㄧㄣ
國科會國家高速電腦中心,1,ㄍㄨㄛˊ ㄎㄜ ㄏㄨㄟˋ ㄍㄨㄛˊ ㄐㄧㄚ ㄍㄠ ㄙㄨˋ ㄉㄧㄢˋ ㄋㄠˇ ㄓㄨㄥ ㄒㄧㄣ
國科會太空計畫室籌備處,1,ㄍㄨㄛˊ ㄎㄜ ㄏㄨㄟˋ ㄊㄞˋ ㄎㄨㄥ ㄐㄧˋ ㄏㄨㄚˋ ㄕˋ ㄔㄡˊ ㄅㄟˋ ㄔㄨˋ
國科會晶片設計製作中心,1,ㄍㄨㄛˊ ㄎㄜ ㄏㄨㄟˋ ㄐㄧㄥ ㄆㄧㄢˋ ㄕㄜˋ ㄐㄧˋ ㄓˋ ㄗㄨㄛˋ ㄓㄨㄥ ㄒㄧㄣ
國科會毫微米元件實驗室,1,ㄍㄨㄛˊ ㄎㄜ ㄏㄨㄟˋ ㄏㄠˊ ㄨㄟˊ ㄇㄧˇ ㄩㄢˊ ㄐㄧㄢˋ ㄕˊ ㄧㄢˋ ㄕˋ
國科會精密儀器發展中心,1,ㄍㄨㄛˊ ㄎㄜ ㄏㄨㄟˋ ㄐㄧㄥ ㄇㄧˋ ㄧˊ ㄑㄧˋ ㄈㄚ ㄓㄢˇ ㄓㄨㄥ ㄒㄧㄣ
國際電影製片人協會聯盟,1,ㄍㄨㄛˊ ㄐㄧˋ ㄉㄧㄢˋ ㄧㄥˇ ㄓˋ ㄆㄧㄢˋ ㄖㄣˊ ㄒㄧㄝˊ ㄏㄨㄟˋ ㄌㄧㄢˊ ㄇㄥˊ
得了些顏色就開起染房來,1,ㄉㄜˊ ㄌㄜ˙ ㄒㄧㄝ ㄧㄢˊ ㄙㄜˋ ㄐㄧㄡˋ ㄎㄞ ㄑㄧˇ ㄖㄢˇ ㄈㄤˊ ㄌㄞˊ
朝鮮民主主義人民共和國,1,ㄔㄠˊ ㄒㄧㄢ ㄇㄧㄣˊ ㄓㄨˇ ㄓㄨˇ ㄧˋ ㄖㄣˊ ㄇㄧㄣˊ ㄍㄨㄥˋ ㄏㄜˊ ㄍㄨㄛˊ
沒有下脣就不該攬著簫吹,1,ㄇㄟˊ ㄧㄡˇ ㄒㄧㄚˋ ㄔㄨㄣˊ ㄐㄧㄡˋ ㄅㄨˋ ㄍㄞ ㄌㄢˇ ㄓㄜ˙ ㄒㄧㄠ ㄔㄨㄟ
聯合國教育科學文化組織,1,ㄌㄧㄢˊ ㄏㄜˊ ㄍㄨㄛˊ ㄐㄧㄠˋ ㄩˋ ㄎㄜ ㄒㄩㄝˊ ㄨㄣˊ ㄏㄨㄚˋ ㄗㄨˇ ㄓ
茅利塔尼亞伊斯蘭共和國,1,ㄇㄠˊ ㄌㄧˋ ㄊㄚˇ ㄋㄧˊ ㄧㄚˋ ㄧ ㄙ ㄌㄢˊ ㄍㄨㄥˋ ㄏㄜˊ ㄍㄨㄛˊ
行政院消費者保護委員會,1,ㄒㄧㄥˊ ㄓㄥˋ ㄩㄢˋ ㄒㄧㄠ ㄈㄟˋ ㄓㄜˇ ㄅㄠˇ ㄏㄨˋ ㄨㄟˇ ㄩㄢˊ ㄏㄨㄟˋ
閻羅王面前須沒放回的鬼,1,ㄧㄢˊ ㄌㄨㄛˊ ㄨㄤˊ ㄇㄧㄢˋ ㄑㄧㄢˊ ㄒㄩ ㄇㄟˊ ㄈㄤˋ ㄏㄨㄟˊ ㄉㄜ˙ ㄍㄨㄟˇ
龐畢度國家藝術文化中心,1,ㄆㄤˊ ㄅㄧˋ ㄉㄨˋ ㄍㄨㄛˊ ㄐㄧㄚ ㄧˋ ㄕㄨˋ ㄨㄣˊ ㄏㄨㄚˋ ㄓㄨㄥ ㄒㄧㄣ
三度空間立體順形放射治療,1,ㄙㄢ ㄉㄨˋ ㄎㄨㄥ ㄐㄧㄢ ㄌㄧˋ ㄊㄧˇ ㄕㄨㄣˋ ㄒㄧㄥˊ ㄈㄤˋ ㄕㄜˋ ㄓˋ ㄌㄧㄠˊ
中華兒童暨家庭扶助基金會,1,ㄓㄨㄥ ㄏㄨㄚˊ ㄦˊ ㄊㄨㄥˊ ㄐㄧˋ ㄐㄧㄚ ㄊㄧㄥˊ ㄈㄨˊ ㄓㄨˋ ㄐㄧ ㄐㄧㄣ ㄏㄨㄟˋ
大白日裡借不出個乾燈盞來,1,ㄉㄚˋ ㄅㄞˊ ㄖˋ ㄌㄧˇ ㄐㄧㄝˋ ㄅㄨˋ ㄔㄨ ㄍㄜ˙ ㄍㄢ ㄉㄥ ㄓㄢˇ ㄌㄞˊ
捷克暨斯洛伐克聯邦共和國,1,ㄐㄧㄝˊ ㄎㄜˋ ㄐㄧˋ ㄙ ㄌㄨㄛˋ ㄈㄚ ㄎㄜˋ ㄌㄧㄢˊ ㄅㄤ ㄍㄨㄥˋ ㄏㄜˊ ㄍㄨㄛˊ
聖多美普林西比民主共和國,1,ㄕㄥˋ ㄉㄨㄛ ㄇㄟˇ ㄆㄨˇ ㄌㄧㄣˊ ㄒㄧ ㄅㄧˇ ㄇㄧㄣˊ ㄓㄨˇ ㄍㄨㄥˋ ㄏㄜˊ ㄍㄨㄛˊ
行政院教育改革審議委員會,1,ㄒㄧㄥˊ ㄓㄥˋ ㄩㄢˋ ㄐㄧㄠˋ ㄩˋ ㄍㄞˇ ㄍㄜˊ ㄕㄣˇ ㄧˋ ㄨㄟˇ ㄩㄢˊ ㄏㄨㄟˋ
行政院研究發展考核委員會,1,ㄒㄧㄥˊ ㄓㄥˋ ㄩㄢˋ ㄧㄢˊ ㄐㄧㄡˋ ㄈㄚ ㄓㄢˇ ㄎㄠˇ ㄏㄜˊ ㄨㄟˇ ㄩㄢˊ ㄏㄨㄟˋ
阿爾及利亞人民民主共和國,1,ㄚ ㄦˇ ㄐㄧˊ ㄌㄧˋ ㄧㄚˋ ㄖㄣˊ ㄇㄧㄣˊ ㄇㄧㄣˊ ㄓㄨˇ ㄍㄨㄥˋ ㄏㄜˊ ㄍㄨㄛˊ
骨頭裡掙出來的錢纔做得肉,1,ㄍㄨˊ ㄊㄡ˙ ㄌㄧ˙ ㄓㄥˋ ㄔㄨ ㄌㄞˊ ㄉㄜ˙ ㄑㄧㄢˊ ㄘㄞˊ ㄗㄨㄛˋ ㄉㄜ˙ ㄖㄡˋ
中華民國資訊產品反仿冒聯盟,1,ㄓㄨㄥ ㄏㄨㄚˊ ㄇㄧㄣˊ ㄍㄨㄛˊ ㄗ ㄒㄩㄣˋ ㄔㄢˇ ㄆㄧㄣˇ ㄈㄢˇ ㄈㄤˇ ㄇㄠˋ ㄌㄧㄢˊ ㄇㄥˊ
堆疊式智慧型乙太網路集線器,1,ㄉㄨㄟ ㄉㄧㄝˊ ㄕˋ ㄓˋ ㄏㄨㄟˋ ㄒㄧㄥˊ ㄧˇ ㄊㄞˋ ㄨㄤˇ ㄌㄨˋ ㄐㄧˊ ㄒㄧㄢˋ ㄑㄧˋ
大不列顛暨北愛爾蘭聯合王國,1,ㄉㄚˋ ㄅㄨˋ ㄌㄧㄝˋ ㄉㄧㄢ ㄐㄧˋ ㄅㄟˇ ㄞˋ ㄦˇ ㄌㄢˊ ㄌㄧㄢˊ ㄏㄜˊ ㄨㄤˊ ㄍㄨㄛˊ
斯里蘭卡民主社會主義共和國,1,ㄙ ㄌㄧˇ ㄌㄢˊ ㄎㄚˇ ㄇㄧㄣˊ ㄓㄨˇ ㄕㄜˋ ㄏㄨㄟˋ ㄓㄨˇ ㄧˋ ㄍㄨㄥˋ ㄏㄜˊ ㄍㄨㄛˊ
營建署陽明山國家公園管理處,1,ㄧㄥˊ ㄐㄧㄢˋ ㄕㄨˇ ㄧㄤˊ ㄇㄧㄥˊ ㄕㄢ ㄍㄨㄛˊ ㄐㄧㄚ ㄍㄨㄥ ㄩㄢˊ ㄍㄨㄢˇ ㄌㄧˇ ㄔㄨˋ
一般廢棄物回收清除處理基金會,1,ㄧ ㄅㄢ ㄈㄟˋ ㄑㄧˋ ㄨˋ ㄏㄨㄟˊ ㄕㄡ ㄑㄧㄥ ㄔㄨˊ ㄔㄨˇ ㄌㄧˇ ㄐㄧ ㄐㄧㄣ ㄏㄨㄟˋ
國家資訊通信基本建設推動小組,1,ㄍㄨㄛˊ ㄐㄧㄚ ㄗ ㄒㄩㄣˋ ㄊㄨㄥ ㄒㄧㄣˋ ㄐㄧ ㄅㄣˇ ㄐㄧㄢˋ ㄕㄜˋ ㄊㄨㄟ ㄉㄨㄥˋ ㄒㄧㄠˇ ㄗㄨˇ
國科會國家高速電腦中心圖書館,1,ㄍㄨㄛˊ ㄎㄜ ㄏㄨㄟˋ ㄍㄨㄛˊ ㄐㄧㄚ ㄍㄠ ㄙㄨˋ ㄉㄧㄢˋ ㄋㄠˇ ㄓㄨㄥ ㄒㄧㄣ ㄊㄨˊ ㄕㄨ ㄍㄨㄢˇ
生物技術與製藥工業發展推動小組,1,ㄕㄥ ㄨˋ ㄐㄧˋ ㄕㄨˋ ㄩˇ ㄓˋ ㄧㄠˋ ㄍㄨㄥ ㄧㄝˋ ㄈㄚ ㄓㄢˇ ㄊㄨㄟ ㄉㄨㄥˋ ㄒㄧㄠˇ ㄗㄨˇ
行政院國軍退除役官兵輔導委員會,1,ㄒㄧㄥˊ ㄓㄥˋ ㄩㄢˋ ㄍㄨㄛˊ ㄐㄩㄣ ㄊㄨㄟˋ ㄔㄨˊ ㄧˋ ㄍㄨㄢ ㄅㄧㄥ ㄈㄨˇ ㄉㄠˇ ㄨㄟˇ ㄩㄢˊ ㄏㄨㄟˋ
